<?xml version="1.0"?>
<opencv_storage>
<imageDescriptor type_id="opencv-matrix">
  <rows>1</rows>
  <cols>2000</cols>
  <dt>f</dt>
  <data>
    0. 0. 0. 0. 1.50558841e-003 0. 2.16029864e-003 0. 0. 0. 0. 0. 0. 0.
    0. 0. 0. 7.60499015e-003 0. 0. -1.74555299e-003 0. 0.
    7.69453705e-004 0. 0. 1.38895877e-004 0. 0. 0. 0. 0. 0. 0. 0. 0. 0.
    0. -1.03535759e-003 0. 0. 0. 0. 0. 0. 0. 7.90422084e-004 0. 0.
    -3.68282781e-004 0. 0. 0. 0. 3.29730194e-003 0. 0. 1.83621375e-003
    2.00564158e-003 0. 0. 0. 0. 0. 9.55486787e-004 0. 0. 0.
    1.32972631e-003 -1.50895880e-006 0. 5.99875289e-004 -9.12507181e-004
    0. 2.11443892e-003 2.73775542e-003 0. 2.77930102e-003 0. 0. 0.
    8.59922031e-004 0. 0. 0. 0. 6.91156078e-004 0. 4.14316484e-004 0. 0.
    0. -1.62553668e-004 0. 0. 8.28597986e-004 0. 0. 2.39290507e-003 0.
    0. 0. 1.80070201e-004 1.53169862e-003 0. 3.06626898e-003
    2.68562254e-003 0. 0. 0. 0. 1.14763330e-003 0. 1.38419133e-003
    2.99186190e-003 0. 0. 1.18878833e-003 0. 0. 0. 5.05316351e-003
    3.06796399e-004 0. 0. 0. 0. 0. 6.39005844e-003 2.56971223e-003
    1.06012437e-003 1.48679514e-003 1.44836563e-003 3.33671953e-004 0.
    -1.59983989e-004 0. 0. 0. 0. 0. 0. 0. 6.94717688e-004
    2.53249472e-003 0. 0. 0. 0. 0. 0. 0. 0. 0. 0. 7.66230281e-004
    2.65656784e-003 0. 0. 4.37151501e-003 0. 0. 0. -1.76873733e-003 0.
    0. 0. 0. 0. 0. 3.97516560e-004 0. 0. 0. 0. 0. 4.63405345e-003 0.
    4.23990609e-003 0. 0. 2.10388633e-003 -9.70755180e-004
    2.09395750e-003 0. 0. 0. 0. 0. 0. 0. 0. 0. 2.95981369e-003 0. 0.
    9.98163363e-004 0. 3.40637169e-003 0. 0. 0. 0. 0. 0. 2.54897145e-003
    0. 0. 0. 0. 3.05395643e-003 0. 0. 0. 0. 0. 1.10118149e-003 0. 0.
    -7.29277235e-005 1.08441408e-003 0. 0. 6.95117866e-004 0. 0. 0.
    7.45756493e-004 -7.86438002e-004 0. 0. 0. 0. 0. 0. 0. 0. 0. 0. 0. 0.
    -1.61750673e-003 0. 0. 0. 0. 4.82496433e-003 0. 8.40908906e-004
    2.07815654e-004 1.13333575e-003 0. 0. 0. 0. 0. 1.28817011e-003 0. 0.
    0. 0. 8.98870733e-003 -1.42472785e-003 1.44362755e-004
    1.58850651e-003 0. 0. 0. 0. 0. 0. 6.24095928e-003 0. 0. 0. 0. 0.
    2.73926137e-003 0. 0. 2.37960322e-003 0. 0. 4.19022841e-003 0. 0. 0.
    1.05956965e-003 7.30264466e-004 0. 1.42765569e-003 0. 0. 0. 0. 0. 0.
    0. 0. 6.74807758e-004 0. 0. 0. -7.03839236e-004 0. 0.
    2.21004407e-003 0. 0. 0. 0. 0. -2.07257643e-003 1.04572170e-003 0.
    0. -8.28091230e-004 0. 0. 0. 5.49400109e-004 -3.21311963e-004 0. 0.
    0. 0. 1.42284762e-003 0. 3.85869760e-003 0. 0. -1.43002544e-004 0.
    0. -1.36044389e-003 0. 0. 0. 0. 5.28803561e-003 0. 1.48820574e-003
    0. 6.00426516e-004 0. 0. 0. 1.88779610e-004 0. 0. 0. 0.
    -3.79729230e-004 0. 0. 1.91094750e-003 2.20560632e-003
    -6.46172412e-005 1.94531574e-003 0. 2.48350762e-003 0. 0.
    8.03393871e-003 7.90724414e-004 0. 0. 0. 1.29302696e-003 0. 0. 0. 0.
    3.49124311e-004 0. 0. 2.61019147e-003 0. 0. 1.47048673e-002 0. 0.
    6.74068043e-003 6.88549248e-004 0. 0. 1.80134503e-003 0.
    -2.45039875e-004 0. -1.04450155e-003 1.06789300e-003 0. 0.
    9.05252644e-004 0. 0. 0. 8.61423090e-004 2.88850162e-003 0. 0.
    7.28776911e-004 0. 0. 0. 0. 0. -3.31965362e-004 -1.12836994e-003 0.
    0. 0. 0. 2.60391505e-003 0. 7.31408072e-004 2.64460134e-004
    3.93212482e-004 0. 6.05218485e-003 4.11306927e-003 9.83998994e-004
    0. 0. 4.53674234e-004 0. -4.10513021e-004 0. 1.34869118e-003 0. 0.
    1.02094898e-003 0. 1.40414585e-003 0. 0. 8.29364522e-004
    3.29147582e-003 0. 0. 0. 0. 0. 3.32491146e-003 0. 1.04529494e-002 0.
    0. 0. 0. 1.05048427e-002 0. 2.23613693e-003 0. 0. 3.05089913e-003 0.
    0. 0. 0. 2.03726324e-003 4.31608781e-003 2.67608470e-004
    1.38044439e-003 2.99549545e-003 0. 0. 7.50727078e-004 0. 0.
    5.28984331e-003 1.01591146e-003 0. 0. -6.03722001e-004
    1.07179582e-003 0. 1.56318804e-003 6.31744799e-004 0. 0. 0.
    4.57645115e-003 0. 0. 0. 0. 3.69243510e-003 8.94019438e-004 0. 0.
    6.12871372e-004 1.89067284e-003 0. 0. 0. 1.10439572e-003 0. 0.
    5.68590360e-004 0. 0. 0. -3.22624575e-004 0. 0. 0. -2.39145200e-004
    0. 1.59267883e-003 0. 0. 0. 8.22155387e-004 0. 3.86387948e-003
    -8.81612999e-004 0. 0. 0. 2.55245483e-003 4.28003870e-004 0. 0.
    3.21283680e-003 2.35959873e-004 0. -4.83960379e-004 0.
    2.58537102e-003 0. 3.02466960e-003 4.61375806e-004 0. 0.
    8.29911616e-004 0. 0. 0. 0. 3.09208897e-003 0. -5.76007064e-004 0.
    0. 9.22754407e-004 1.71914382e-003 0. 0. 0. 0. 0. 0. 0. 0.
    3.71461711e-003 0. 0. 0. 0. 0. 0. 0. 0. -5.70771517e-004
    2.69545615e-003 0. 0. 0. 0. 0. 0. 3.56095424e-003 0. 0.
    1.22390524e-003 1.55015616e-003 0. 0. 1.48291781e-003 0. 0. 0. 0.
    3.98380635e-003 0. -3.55674507e-004 0. -1.18426244e-004
    6.94812625e-004 0. 0. 1.07227394e-003 -6.21086801e-004
    2.27334816e-003 0. 0. 0. -2.49772682e-003 0. 1.56255160e-003 0. 0.
    8.02435039e-004 0. 0. 0. 5.40003926e-003 2.36894167e-003 0.
    -4.81807583e-005 -5.58205393e-005 0. 1.13676221e-003 0.
    -1.80755532e-003 0. 1.08926045e-003 5.29052864e-004 -1.66442757e-003
    0. 1.25832114e-004 0. 1.36987900e-003 0. 3.75422882e-004 0. 0. 0. 0.
    0. 0. 0. 0. -9.29867034e-004 2.31160971e-004 0. -1.25376042e-003
    1.60585053e-003 0. 0. 0. 1.02561782e-003 0. 1.62046647e-003 0.
    2.87844124e-003 0. 0. 0. 0. 0. 0. 0. -1.18548553e-004
    -1.10905524e-003 1.66996405e-003 0. 0. 0. 9.18202219e-004 0. 0. 0.
    1.25868898e-003 0. 0. 0. -7.79540933e-005 0. 9.32312105e-004 0.
    3.47741880e-003 0. 0. 0. 0. 0. -1.20267423e-003 -5.13654413e-006
    3.75683187e-003 6.86822645e-003 -2.52328557e-003 0. 1.00884936e-003
    0. 0. 0. 0. 1.02227519e-003 0. -6.14357472e-004 1.68329640e-003 0.
    0. 0. 4.58976720e-003 0. 0. 0. 0. 2.48156808e-004 0. 0.
    5.25003532e-004 0. 0. 0. 0. 0. 0. 0. 1.05846033e-003 0. 0. 0.
    1.28169137e-003 3.04682559e-004 0. 0. 0. 0. 0. 0. 0. 0. 0. 0. 0. 0.
    1.16267393e-003 2.63951789e-003 0. 3.28279496e-003 0. 0. 0. 0.
    1.80853400e-004 0. 0. 0. 0. 0. 0. 4.57434766e-007 2.37217639e-003 0.
    -1.04325743e-004 0. 7.20535056e-004 0. 0. 0. 0. 0. 0. 0. 0. 0. 0. 0.
    1.05564471e-003 3.91061977e-003 -7.09754240e-004 0. 1.06454815e-003
    0. 7.35858222e-004 1.58032519e-004 0. 0. 0. 5.18766558e-003 0. 0. 0.
    0. 0. 4.56489079e-006 0. -2.32892460e-004 0. 3.16583028e-005
    5.65632246e-003 0. 0. 0. 0. 0. 0. 1.31168053e-004 0. 7.09591480e-003
    0. 0. 0. 0. 0. 2.05366872e-003 1.16222899e-003 0. 0. 0. 0. 0. 0.
    -1.20419043e-003 0. 5.11059538e-004 0. 0. 0. 5.05064288e-003
    5.47066145e-003 0. 0. 0. -2.81887886e-004 -3.19991377e-004 0. 0. 0.
    0. 1.56436604e-003 0. 0. 0. 0. 0. 0. 0. 0. 1.54417416e-003 0. 0. 0.
    0. 3.67423112e-004 3.19409475e-004 0. 0. 0. 0. 0. 0. 9.21766768e-005
    -4.84976044e-004 1.10336451e-003 1.10644309e-004 0. -1.15066569e-003
    1.33819785e-002 0. 0. -1.28993634e-004 0. 0. 0. 0. 8.13294377e-004
    4.94962279e-003 0. 0. 0. 7.48867355e-003 0. 1.48407754e-003 0. 0. 0.
    0. 0. 4.42929479e-004 -2.86506165e-005 0. 0. 0. 0. 3.81183415e-003
    0. 0. 0. 0. 0. 0. 0. 0. 3.71803972e-003 0. 0. 3.56027368e-003 0. 0.
    0. 0. 1.31037121e-003 0. 1.87210797e-003 0. 1.67783990e-003
    6.00063987e-003 1.61089131e-003 0. 0. -5.58314321e-004
    -1.72577624e-003 1.05130766e-003 0. 0. 0. 0. 0. 1.48803974e-003
    5.57041494e-003 0. 0. -1.21834420e-003 1.42484822e-003 0.
    2.65653548e-003 0. 0. 2.25900230e-003 0. 0. 0. 0. -7.99987465e-004
    0. 3.18959681e-003 0. 0. 0. 6.37096260e-003 0. 0. 0. 0. 0. 0. 0.
    6.52846042e-003 1.65915443e-003 0. 0. 0. 8.43042042e-004
    7.73124339e-004 0. 2.71907239e-003 1.26890524e-003 0.
    1.88339688e-003 2.71273032e-003 1.87305524e-003 4.99159331e-004
    -2.12991639e-004 6.39885897e-004 0. 0. 0. 1.79378479e-003 0. 0. 0.
    0. 2.61024665e-003 0. 0. 0. 0. 0. 0. 0. 1.48447603e-003 0. 0. 0. 0.
    0. 1.06371171e-003 0. 0. 0. 0. 0. 0. 1.41529669e-003 0. 0. 0. 0. 0.
    0. 0. 0. -3.99828976e-004 0. 0. 0. 0. 0. -1.26479499e-004
    -5.11063437e-004 0. 5.38266124e-003 0. 0. 0. 0. 0. 0. 0. 0.
