<?xml version="1.0"?>
<opencv_storage>
<imageDescriptor type_id="opencv-matrix">
  <rows>1</rows>
  <cols>2000</cols>
  <dt>f</dt>
  <data>
    0. 7.47392420e-004 0. 0. 0. 1.10144773e-003 0. 1.04616524e-003
    2.43876036e-003 0. 0. 0. 0. 0. 0. -3.54337244e-004 0.
    -1.07800728e-003 9.03753331e-004 0. 0. 0. -1.93950662e-004 0.
    2.29532225e-003 1.12811010e-003 0. 0. 1.66722375e-003
    3.15727317e-003 0. 0. 0. 4.99969174e-004 0. 0. 4.22239257e-003 0.
    1.60966173e-003 0. 1.90085254e-003 1.72581896e-003 0.
    8.93636199e-004 0. 1.34381384e-003 0. 0. 0. 0. 1.02359452e-003 0. 0.
    -1.95701257e-003 0. 0. 1.83804054e-003 0. 4.49385727e-003 0. 0. 0.
    2.07194756e-003 0. 5.96601982e-003 0. 0. 0. 0. 0. 1.04430714e-003 0.
    0. 0. 1.16599305e-003 -3.77816614e-004 -2.05344777e-003 0. 0. 0.
    2.07028235e-003 0. 0. 6.97949494e-004 0. 5.70390327e-003 0. 0.
    -7.44327321e-004 0. 0. 0. 0. 0. 3.97343771e-004 8.73732861e-005
    4.05395962e-003 0. 0. 0. 0. 0. 0. 0. 0. 2.63499515e-003 0. 0.
    1.40159018e-003 0. 0. 0. 1.16678874e-003 1.52515795e-003
    1.51611469e-003 0. 1.22755941e-004 0. 0. 9.64803112e-005 0.
    3.76366079e-004 2.50972412e-003 0. 0. 0. 0. 1.01031980e-003 0.
    -1.16893568e-003 0. 1.68652087e-003 0. 0. 0. 0. 6.22086169e-004 0.
    0. 0. 2.06110650e-003 0. 0. 1.42355997e-003 -1.95623186e-004 0. 0.
    0. 0. 2.50146305e-003 0. 0. 0. 0. 0. 0. 0. 2.64774426e-003
    1.14622933e-003 7.85551732e-004 0. 5.81242202e-004 0. 0.
    5.24600968e-004 0. 0. 4.16348048e-004 2.84483045e-004 0.
    5.63951035e-004 0. 0. 0. 1.13683357e-003 0. 1.61692384e-003 0.
    8.06274416e-004 0. 0. 0. 0. 0. 0. 0. 7.59133487e-004 8.37139029e-004
    0. 0. 0. 0. 0. 0. 0. 1.67153147e-003 -3.22180975e-004
    2.59521697e-003 7.26919854e-004 0. 3.47429281e-003 0. 0. 0. 0. 0.
    1.39289396e-003 0. 0. 1.62746478e-003 0. 0. 1.02687173e-003 0. 0.
    2.16833525e-003 1.71066495e-003 6.27490866e-004 0. 2.37314007e-003
    0. 4.76201670e-003 0. 0. 0. 0. 7.34267378e-005 1.16249255e-003
    3.02036526e-004 1.86136737e-003 0. -1.65641075e-004 0.
    8.34364502e-004 0. -1.77843773e-004 0. 0. 0. 4.65101891e-007 0.
    3.28332768e-003 0. 6.83904975e-004 0. 0. -2.37461340e-004 0.
    -5.31227270e-004 4.30962630e-003 3.07547580e-003 0. 0.
    1.32992980e-003 0. 9.54151794e-004 2.20677373e-003 0.
    6.03134977e-003 3.85814026e-004 0. 0. 0. 0. 0. 0. 0. 0.
    2.20207358e-003 0. 2.08939798e-003 1.91580941e-004 0.
    -8.80267820e-004 0. 0. -9.96524817e-004 0. 0. 0. 0. 0. 0. 0. 0. 0.
    0. 7.50393083e-004 0. 0. 0. 1.76314800e-003 0. 0. 0. 5.15511085e-004
    0. 0. 6.18667749e-004 0. 0. 0. 0. 0. 0. 1.09275163e-003
    6.15630590e-004 0. 1.50678435e-003 0. 1.44837832e-004 0.
    3.32077238e-004 0. 0. 4.14107461e-003 1.03917182e-003 0. 0. 0.
    1.47864653e-003 1.39659084e-003 -3.52773117e-004 5.30292280e-004 0.
    0. 1.49927253e-003 3.71045724e-004 3.18165490e-004 4.64473182e-004
    0. 0. 2.47091008e-003 0. 0. 6.53505966e-004 2.52878456e-003
    1.65760226e-004 2.75356416e-003 2.45869043e-003 0. -1.40661665e-004
    0. 1.41216686e-003 0. 1.10799726e-003 5.00285008e-004 0.
    1.16935465e-003 0. 0. 1.69236131e-003 3.84458806e-003
    1.13684940e-003 0. 4.12373198e-003 -1.13843021e-003 0. 0.
    -1.61012018e-003 1.82996242e-004 0. 2.04222463e-003 3.56704486e-003
    0. 0. 2.47182325e-003 0. 0. 3.74713354e-003 0. 1.70651509e-003
    1.12683256e-003 0. 5.17243706e-003 6.27995585e-004 0. 0.
    -2.81040884e-005 0. 0. -5.97948601e-005 4.01261030e-003
    1.90283859e-003 0. -6.22023072e-005 0. 0. 0. 0. 0. 7.95138185e-004
    0. 0. 1.46482128e-003 0. 8.76876700e-004 0. 0. 0. 0. 7.08284788e-004
    0. 1.39547733e-003 0. 0. 0. 0. 0. -3.67207977e-004 2.98016064e-004
    2.73482013e-003 0. 0. 0. 1.80990517e-003 4.81193099e-004 0.
    3.58145661e-003 0. 0. -2.46042589e-004 0. 0. 0. 0. 0.
    3.95209761e-003 0. 0. 3.37911700e-003 2.21510022e-003 0.
    -9.57140117e-004 -2.89490476e-004 0. 0. 0. -4.56787471e-004 0. 0.
    2.13394035e-003 0. 4.52869543e-004 2.97191017e-003 2.57884781e-003
    1.70440262e-003 0. -1.47678074e-004 1.84376119e-003 0.
    2.66630272e-003 -3.54870339e-004 4.92996350e-003 0. 4.67214454e-003
    -3.09473515e-004 4.77156602e-003 0. 4.95311944e-003 0. 0.
    6.23370230e-004 5.36949723e-004 0. 0. 0. 2.74399016e-003 0.
    1.38970790e-003 4.43482189e-004 0. 0. 0. 7.79825554e-004 0. 0.
    1.77951739e-003 1.28925859e-003 -2.76122126e-003 7.66425568e-004 0.
    1.21669681e-003 0. 1.34118961e-003 0. 0. 0. 2.54504103e-003 0. 0.
    1.19436323e-003 1.67689275e-003 0. 0. 0. 2.82041822e-003 0. 0. 0. 0.
    0. 4.86209337e-003 0. 3.30679060e-004 0. 0. 0. 0. 1.99447968e-003
    1.91835978e-004 0. 0. 0. 8.43430171e-004 1.15502137e-003 0.
    -5.29043842e-004 2.88655370e-004 0. 0. 0. -4.56108392e-004 0. 0. 0.
    0. 4.65280423e-003 1.17496680e-003 0. 0. 4.51964996e-004 0.
    6.59127545e-004 -9.38635960e-004 0. 5.91231184e-003 0. 0. 0. 0. 0.
    0. 3.96156684e-004 0. 0. 0. 7.17089628e-004 0. 0. 0. 0.
    5.82322886e-004 0. 0. 1.06663711e-003 0. 0. 0. 2.97077000e-003 0. 0.
    0. 0. 0. 0. 0. 0. 0. 0. 0. 1.00319856e-003 0. 0. 0. 0.
    2.96612649e-004 0. 1.78701978e-003 0. 0. 3.30742262e-003
    3.49326222e-003 0. 0. 0. 0. 0. 0. 0. 0. 0. 0. 0. 0. 0. 0.
    -4.43782657e-004 0. 0. 0. 0. 2.19591428e-003 0. 0. 0. 0. 0. 0.
    1.00310822e-003 0. 3.43813183e-004 2.03507021e-003 -5.30909398e-004
    0. 0. 4.14200267e-003 0. 0. 0. 0. 0. 9.38419427e-004 0. 0.
    1.57979527e-003 0. 0. 1.28841260e-003 5.36980107e-004 0.
    -6.16184378e-004 -1.75498499e-004 -3.88143642e-004 0.
    -1.63422397e-003 2.91133649e-003 1.78312138e-003 1.56823534e-003 0.
    0. 2.04233872e-003 0. 0. 0. 0. 0. 2.96113500e-003 0. 0. 0. 0.
    4.69773868e-003 1.23771804e-003 3.58111016e-003 -2.90499588e-006
    -1.15844025e-003 0. 0. 0. 0. 8.05912714e-004 0. 4.89600003e-004
    1.88780925e-003 3.30255064e-003 0. 0. -6.71927468e-004 0. 0. 0. 0.
    2.53437040e-003 0. 0. 0. -3.66432068e-004 0. 0. -5.84513473e-004 0.
    0. 1.42852066e-003 1.92661583e-003 1.63469824e-003 0.
    2.79699656e-004 0. -1.53769820e-003 3.50973243e-003 0.
    2.29192927e-004 4.06420464e-003 0. 0. 0. 0. 0. 0. 0. 0.
    2.45330646e-003 0. 0. 0. 4.65890486e-003 3.18157021e-003 0. 0. 0. 0.
    0. 0. -3.32511467e-004 0. 0. 2.03613983e-003 0. 5.58736315e-003 0.
    -1.06551917e-003 1.10289128e-003 0. 0. 0. 0. 0. 0. 3.30641842e-003
    0. 0. 0. 0. 2.02842639e-003 0. 0. 4.15717746e-004 0. 0. 0. 0. 0. 0.
    0. 0. 1.09569589e-003 0. 0. 0. 0. -7.82624469e-004 -1.15200132e-003
    0. 0. 0. 0. 0. 1.95872434e-003 0. 0. 0. 0. 0. 0. 0. 0. 0.
    2.38267798e-003 0. 0. 0. 0. 0. 0. 6.05859619e-004 0. 3.49502778e-003
    0. 0. 0. 0. 1.67484034e-003 0. 7.05898681e-004 0. 7.76912668e-004 0.
    1.36786583e-003 0. 0. 0. 6.50478643e-004 0. -4.39003110e-004 0.
    1.93837180e-003 0. 2.36078587e-004 0. 0. 2.38385447e-003 0. 0.
    6.43239124e-004 6.29958871e-004 0. 0. 0. 0. 0. 0. 8.78799357e-004 0.
    7.37728027e-004 0. 0. 0. 0. 0. 0. -9.38024488e-004 1.49245677e-003
    0. -4.48856066e-004 0. 0. 0. 4.11101105e-003 2.56433547e-003
    -1.36839214e-003 0. 8.14722735e-004 -2.01786170e-004 4.11735894e-003
    0. 0. 0. 0. 0. 0. 0. 1.43109355e-003 0. 0. 0. 0. 0. 1.50100153e-004
    2.08657165e-003 0. 0. 0. 4.64922574e-004 0. 0. 2.01183157e-005 0. 0.
    8.45631119e-004 0. 0. 0. 0. 0. 0. 6.18947844e-004 0. 0. 0. 0.
    1.22541247e-003 0. 0. 0. 8.13257240e-004 0. 0. 1.63198827e-004 0.
    4.42155218e-003 0. 0. 0. 0. 0. 9.60944744e-004 6.18565944e-004 0.
    4.15039854e-003 1.80088624e-003 0. 2.81458115e-003 0. 0.
    -4.08376538e-004 0. 0. 3.32254730e-003 0. 0. 1.16723345e-003 0. 0.
    0. 1.43687462e-003 0. 0. 0. 1.49966485e-003 0. 1.06019643e-003 0. 0.
    0. 7.03703729e-004 0. 0. 1.26332114e-003 0. 0. 0. 5.59830049e-004 0.
    0. -1.37827708e-004 0. 0. 0. 1.91833149e-003 0. 4.04284475e-003 0.
    0. 0. 0. 4.98823647e-004 6.54419826e-004 2.66011036e-003
    -1.11848334e-004 1.74814160e-003 1.17311126e-003 7.71644351e-004 0.
