<?xml version="1.0"?>
<opencv_storage>
<imageDescriptor type_id="opencv-matrix">
  <rows>1</rows>
  <cols>2000</cols>
  <dt>f</dt>
  <data>
    0. -1.72235921e-003 0. 0. 0. 0. 0. 3.67468805e-003 -3.41217150e-004
    0. 0. 0. 0. 0. 0. 0. 0. 1.03024906e-002 0. 0. 0. 0. 0. 0. 0. 0.
    1.26706332e-003 0. 0. 0. 0. 0. 0. 0. 0. 0. 0. 0. 0. 7.82663061e-004
    5.67862205e-003 0. 0. 0. 0. 1.42282259e-003 0. 0. 0. 1.08970002e-004
    1.50825223e-003 0. 7.26393991e-005 0. 0. 6.97032840e-004 0.
    1.33388618e-003 0. 1.83207485e-005 0. 1.07549992e-003 0.
    1.06286032e-004 0. 8.06180877e-004 0. 0. 1.58097036e-003 0. 0. 0. 0.
    6.83523295e-003 8.88147508e-004 1.41640753e-003 0. 0. 0. 0. 0.
    7.86443148e-003 0. 4.02503181e-003 -1.52563234e-003 0. 0. 0. 0. 0.
    0. 1.68595754e-003 4.08288045e-003 0. 0. 3.97249777e-003
    1.75431650e-003 4.50201769e-004 0. 0. 0. 4.21149097e-003 0.
    9.38210287e-004 0. 3.51493759e-003 8.96556943e-004 0. 0.
    -6.46885077e-004 0. 0. 0. 0. 0. 0. 0. 0. 0. 0. 0. 0. 2.50929547e-003
    0. 0. 1.60408928e-003 0. 0. 0. 0. 1.45141711e-003 2.68367003e-003
    6.30896166e-003 0. 2.48579337e-004 7.89115112e-003 1.12091773e-003
    0. -1.73544016e-004 0. 1.07875606e-002 0. 0. 0. 7.48482160e-003 0.
    1.16670982e-003 0. 0. 0. 0. 0. 0. 0. -5.22235932e-004 0. 0.
    3.56239453e-003 0. 0. 0. 4.21208004e-003 0. 0. 0. 0. 0. 0. 0. 0.
    4.50385548e-003 1.32154545e-003 2.13830173e-003 0. 7.87253259e-004
    -1.99587434e-003 6.52710616e-004 0. 0. 7.27772480e-003
    1.68885046e-003 0. 0. 0. 0. 0. 0. 0. 0. 0. 0. 0. 7.04316888e-004 0.
    0. 0. 0. 0. 0. 0. 1.53652008e-003 0. 0. 0. -5.25711745e-004
    9.72817244e-004 0. 0. 0. 2.04706751e-003 5.86022483e-003 0. 0. 0.
    3.96330236e-003 3.63040040e-003 -1.14031578e-003 -3.73921997e-004 0.
    0. 0. 0. 0. 4.75126115e-004 0. 0. 0. 0. 1.05159008e-003 0. 0.
    4.55334829e-003 0. 0. 0. 1.25993241e-003 0. 0. 0. 7.92899448e-003 0.
    1.33485475e-003 0. 0. 0. -5.06921380e-004 0. 1.19346182e-003
    7.15260801e-004 4.14716732e-003 0. 0. 0. 0. 0. 3.15954123e-004 0. 0.
    2.59454851e-003 -8.11026199e-004 0. 0. -8.89040879e-004
    3.83677590e-003 0. 0. 0. 0. 3.30022012e-004 -7.13743677e-004 0. 0.
    0. 6.14371034e-004 0. 0. 0. 0. 0. 0. 4.38740011e-003 0.
    3.79229267e-003 0. 0. 9.14839329e-004 3.99715872e-003 0. 0. 0.
    4.44955099e-003 -3.73373448e-004 1.92886963e-003 0. 0.
    -2.80611159e-004 0. 0. 0. 0. 0. 0. 0. 0. 0. 0. 0. 2.19655805e-004
    6.42145111e-004 0. 2.19419855e-003 0. 0. 0. 0. 0. 0.
    -6.24480832e-004 0. 0. 0. 0. 7.84377844e-005 3.38926609e-003 0.
    9.91338398e-004 0. 1.94479001e-003 0. 0. 0. 4.43167053e-003 0. 0.
    6.42184692e-004 0. 0. 0. 5.85785019e-004 0. 0. 0. 0. 0. 0. 0.
    1.32993131e-003 -1.44379598e-003 0. 1.05277693e-003 0.
    5.41364207e-005 0. 5.21789677e-003 0. 0. 3.07430723e-003 0. 0. 0. 0.
    0. 1.65487081e-002 1.89085695e-004 8.21209163e-004 0. 0. 0.
    1.63535180e-003 0. 0. 0. 0. 0. 1.00720557e-003 5.47977106e-004 0. 0.
    0. 0. 4.12163278e-003 0. 0. 5.60842920e-004 1.89008005e-003
    3.97531176e-003 2.00195867e-003 0. 0. 0. 0. 0. 0. 0. 0.
    5.41885337e-003 0. 0. 0. 0. 0. 0. 5.51507692e-004 0. 0. 0. 0.
    1.90756074e-003 0. 0. 0. 0. 0. 1.12115697e-003 0. 0. 1.67820801e-003
    2.17747339e-003 2.90344656e-003 0. 0. 0. 2.25522686e-004 0. 0. 0.
    3.69935902e-003 0. 0. 8.79290805e-004 0. 1.23160379e-003 0. 0. 0. 0.
    8.16816115e-004 0. 0. 6.01951033e-003 0. 8.45167553e-004 0. 0. 0. 0.
    0. 0. 0. 0. 0. 0. 0. 0. 0. 0. 0. 4.59736586e-003 0. 2.39613396e-003
    8.27802997e-003 1.52760255e-003 6.34060102e-003 1.81705097e-003 0.
    3.04991379e-003 0. 4.49284539e-003 0. 0. 0. -1.30734313e-003 0. 0.
    1.83902786e-003 0. 0. 0. 0. 1.31304248e-003 0. 0. 0. 0. 0. 0. 0.
    1.70531415e-003 0. 0. 3.99262295e-004 0. 0. 0. 0. 0. 0.
    1.12346327e-003 4.72363696e-004 0. 1.08351011e-003 0. 0. 0.
    1.30317477e-003 0. 0. 0. 0. 0. 0. 0. 1.62055867e-003 0. 0. 0. 0. 0.
    0. 0. 0. 0. -2.79416586e-003 0. 0. 0. 1.35857740e-003
    -1.07077001e-004 1.13377802e-003 1.65634730e-003 0. 0.
    3.29399738e-003 0. 0. 0. 0. 0. -3.70560956e-005 0. 0. 0. 0. 0. 0. 0.
    0. 8.72625169e-005 0. 0. 0. 0. 0. 0. 0. 0. 0. 0. 0. 1.02000020e-003
    0. 0. 0. 0. 0. 6.41817751e-005 0. 0. 0. 0. 1.15123636e-003
    5.52933570e-003 1.76054460e-003 0. 0. 0. 0. 0. 2.16499600e-003
    3.74483032e-004 0. 1.49839406e-003 0. 0. -5.17320841e-005 0.
    8.24525850e-005 2.21938267e-003 0. 0. 0. 1.02273049e-003
    7.68782629e-005 9.37350153e-004 -3.00127111e-004 9.22747713e-004 0.
    0. 2.90467986e-003 0. 0. 0. 0. 0. 0. 0. 0. 0. 0. 3.05896951e-003
    -4.65526769e-004 0. 0. 0. 2.28532311e-003 0. 1.94718293e-003
    2.52921473e-005 -5.13443665e-004 5.98955259e-004 0. 0.
    3.78992734e-003 1.05585903e-003 -1.43100799e-004 3.34681780e-003
    -3.88633227e-004 0. 0. 0. -1.41942222e-003 0. -3.45271634e-004
    -4.72097134e-004 0. 2.85530277e-003 1.01391296e-003 0.
    8.69385476e-005 0. 0. 0. 1.20362509e-002 0. 0. 0. 0. 6.57360768e-004
    0. 0. 0. 0. 3.17458995e-004 2.50993203e-003 4.20150696e-004 0.
    6.24445593e-003 0. 0. 0. -3.13228229e-005 0. 0. 0. 0. 0. 0. 0. 0.
    3.44014261e-003 0. 0. 0. 1.46776822e-003 1.02837326e-003 0. 0. 0. 0.
    0. -5.68621384e-004 0. -1.08680793e-003 0. 0. 0. 3.31327785e-003 0.
    0. 0. 3.54963820e-003 0. 0. 0. 0. 0. 0. 0. 0. 1.17312581e-003
    1.49772980e-003 0. 3.24074528e-003 0. 3.98588629e-004
    2.53753201e-003 0. 5.19835204e-003 0. 0. 0. 0. 0. 0. 0. 0. 0. 0. 0.
    0. 0. -1.43852376e-004 8.61889042e-004 2.01429240e-003
    1.42966944e-003 -1.27398060e-003 0. 0. -6.50550501e-005 0. 0.
    -8.58080748e-004 0. 0. 0. 0. 0. 0. 0. 0. 0. 4.33972571e-003 0. 0. 0.
    0. 0. 6.61256770e-003 0. 0. 0. 1.35109911e-003 1.70358690e-003 0. 0.
    0. 1.15789793e-004 0. 0. 0. -2.63406429e-004 0. 0. -3.61132872e-004
    0. -1.24560238e-005 0. 0. 0. 0. 0. 0. 0. 0. 9.50244081e-004 0.
    3.08295502e-003 1.88923499e-003 0. 0. -6.94736082e-005 0. 0.
    1.65693974e-003 2.76511983e-005 -6.64440740e-005 0. 0. 0. 0. 0. 0.
    0. 0. 0. 0. 0. 4.25879785e-004 6.25414541e-004 -4.60611918e-004
    -2.25029956e-003 0. 0. 0. 5.82240580e-004 0. 0. 0. 0. 0. 0. 0. 0. 0.
    -2.48743757e-003 0. 0. 0. 0. 0. 0. 4.36728960e-003 0.
    1.12696167e-003 0. 0. 0. 0. 2.48715910e-003 0. 0. 2.15884019e-003 0.
    0. 0. 0. 0. 0. 6.18115359e-004 5.51190553e-003 9.26623680e-003
    2.55495147e-003 2.33512674e-003 0. 0. 0. 0. 1.32708612e-003
    -1.35630183e-003 0. 0. 0. 4.14012140e-003 0. 0. 0. 2.23076975e-004
    -6.35245000e-004 1.94553426e-003 0. 1.60239241e-003 0.
    -4.23216516e-005 0. 0. 2.35932050e-004 0. 0. 0. 0. 0. 0. 0. 0. 0. 0.
    0. 0. 0. 0. 1.28839002e-003 0. 1.87546422e-003 0. 1.07545312e-003
    1.39235926e-003 0. 0. 6.07304391e-005 0. 0. -7.49101921e-004 0.
    1.06101297e-003 2.50663096e-003 0. 0. 0. 0. 0. 0. 0. 2.49345833e-003
    0. 0. 0. -2.01724377e-003 -3.79150879e-004 0. 0. 0. 0.
    1.00818121e-004 0. 1.13434659e-003 6.00146968e-003 0. 0.
    1.13322714e-003 0. 0. -1.38519320e-003 0. 5.01066737e-004
    -1.04340340e-003 0. 1.75426190e-003 0. 0. 0. 0. 0. 0. 0.
    -3.64382577e-004 0. 0. 3.03651136e-003 0. -7.12634297e-004 0.
    1.72988721e-003 0. 0. 0. 0. 0. 0. 0. 0. 2.16118619e-003 0. 0. 0. 0.
    3.26960650e-003 0. 0. 1.73891499e-003 0. 0. 0. 0. 0.
    -9.94254369e-004 0. 0. 7.51882617e-004 0. 0. 3.87094659e-003 0. 0.
    0. -6.18208214e-005 0. 4.41524759e-003 0. 0. 0. 0. 0. 0. 0. 0.
    1.04055413e-004 1.26310717e-003 0. 0. 8.72626086e-004 0. 0. 0. 0. 0.
    0. 0. 0. 0. 0. 0. 1.60839770e-003 -5.08202647e-004 0. 0.
    1.43660442e-003 0. 1.85054529e-003 0. 0. 0. 0. -7.91843806e-004 0.
    0. 0. 0. 0. 1.19134353e-003 0. 0. 0. 2.21022451e-003 6.38327096e-004
    9.58394725e-003 0. -4.09691456e-005 0. 2.47585936e-003
    1.27715396e-003 0. 0. 0. 5.09255892e-003 0. 7.27182196e-004
    6.43424864e-004 0. 0. 0. 0. 0. 1.69412629e-003 -2.30084916e-004
    1.02344551e-004 0. 0. 1.33061688e-003 0. 0. 0. 0. 1.19768677e-003
    -4.12290101e-004 0. 0. 0. 1.19342154e-003 0. 0. 0. 0.
