<?xml version="1.0"?>
<opencv_storage>
<imageDescriptor type_id="opencv-matrix">
  <rows>1</rows>
  <cols>2000</cols>
  <dt>f</dt>
  <data>
    0. 1.06052670e-003 0. 0. 0. 6.98756019e-004 1.80428463e-003
    2.38517090e-003 4.52123000e-004 0. 0. 0. 0. 0. -1.47615303e-003
    7.47391954e-004 0. -1.80690913e-004 0. 1.16168207e-003
    7.54374079e-004 0. 0. 0. 2.83715723e-004 0. 3.15310259e-004
    8.90041236e-004 0. 0. 0. 0. 0. 0. 1.21893478e-003 6.10490461e-005
    -1.92858439e-004 3.68566863e-004 0. 0. 0. 5.56297891e-004 0. 0. 0.
    9.78018390e-004 3.37152905e-003 0. 0. 3.38253012e-004
    -5.65434108e-004 0. 6.38524070e-004 0. -5.54852886e-005
    3.14249215e-003 0. 0. 0. 0. 1.88816653e-003 0. 0. 0. 1.95266283e-003
    2.69435789e-003 0. 0. 0. 3.66144348e-003 8.75585945e-004 0.
    6.97397906e-003 2.53443373e-003 3.13270325e-003 0. 0.
    8.04389012e-004 -4.19625358e-005 1.65138987e-003 9.39399237e-004
    -4.04387759e-003 0. 1.04562147e-003 0. 2.55593332e-003 0. 0.
    6.09508599e-004 0. 0. 0. 1.61730603e-003 0. -4.06255131e-004
    1.36722240e-003 2.33467342e-003 0. 9.65584768e-004 0.
    1.29536575e-005 7.61890144e-004 0. 9.05306602e-004 0.
    2.51540769e-004 0. -3.30356095e-004 2.22747843e-003 -1.96664696e-004
    5.14650310e-004 1.42174726e-003 3.36965825e-003 0. 2.09875870e-003
    5.98718994e-004 0. 0. 2.16679811e-003 7.85228040e-005 0. 0. 0.
    4.18784702e-003 0. 0. 0. 7.51391286e-004 0. 2.21886137e-003 0.
    1.50139991e-003 0. 0. 9.94765782e-004 2.54396349e-003 0.
    5.05784061e-004 0. 0. 0. 0. 1.35021214e-003 4.86452540e-004
    1.64005591e-003 1.36077905e-003 0. 1.48204141e-004 0. 0.
    3.92186601e-004 0. 5.57103776e-004 0. 1.78992795e-003 0. 0.
    6.00238738e-004 1.27777865e-003 1.06341904e-003 1.39136857e-003
    -1.00077491e-003 2.38116411e-003 -1.29015371e-003 1.41804165e-003 0.
    0. 0. 0. 0. 0. 2.44601950e-004 3.35290655e-003 1.06930570e-003 0.
    1.27762178e-004 0. 0. -1.21308560e-003 1.02127064e-003 0.
    1.29096827e-003 1.67615456e-003 0. 0. 0. 0. 0. 0. 1.45336890e-005 0.
    0. 6.19911181e-004 6.10929739e-004 0. 1.10473344e-003
    3.62067862e-004 1.05344981e-003 0. 0. 0. 3.25394049e-003
    4.53203684e-004 0. 0. 6.81006291e-004 6.77737233e-004 0. 0.
    1.43474864e-003 2.61658942e-003 9.71914036e-004 0. -6.24389286e-005
    -6.55631651e-004 0. 0. 3.50399408e-004 3.81916272e-003
    2.58163433e-003 0. 0. 1.43200078e-003 0. 1.06290809e-003 0.
    -7.81112351e-004 0. 0. 0. 0. -7.32916596e-005 0. 8.61643697e-004 0.
    0. 0. 0. 0. 0. 0. 4.26332559e-003 0. 1.37688301e-003 0. 0. 0. 0.
    3.66861495e-004 -4.42912104e-004 0. 0. 0. -7.29472085e-004 0. 0. 0.
    1.08946313e-003 4.12557460e-003 2.51608295e-003 1.93026639e-003 0.
    -1.35025999e-004 -2.11207895e-004 0. 0. 0. 0. 0. 0. -6.58000936e-004
    1.57730863e-003 0. 0. 0. 0. 0. 9.90919536e-004 3.15052480e-003 0. 0.
    0. 0. 0. 0. 0. 0. 0. 1.67602077e-004 0. 0. 2.97336048e-003
    1.33514395e-005 0. 0. 0. 0. 1.12511299e-003 2.78997794e-003 0. 0. 0.
    1.21055520e-003 1.75498391e-003 0. -3.74711468e-004 -1.12397398e-003
    0. 0. 0. 0. 7.03754951e-004 0. 1.37354003e-003 0. 2.54993560e-003
    4.94565116e-003 0. 0. 0. 0. 3.83244449e-004 0. 3.35876341e-003 0. 0.
    0. 0. 1.36283971e-003 0. 0. 1.03001005e-003 1.35809393e-003
    1.12266885e-003 0. 3.05390684e-003 5.35348117e-005 1.15832058e-003
    0. 4.95632703e-004 5.53613878e-004 2.25469400e-003 0. 0.
    1.18054298e-003 0. 0. -7.26095925e-004 3.30554601e-003
    6.51634007e-004 0. 0. 0. 0. 0. 0. -2.11360675e-004 6.70723151e-004
    -1.36255426e-003 0. 5.80295408e-003 1.24968227e-003 2.65269680e-003
    0. 0. 0. 0. 0. 0. 0. -3.45480890e-004 0. 1.15091202e-003 0. 0. 0. 0.
    0. 0. 0. 0. 0. 0. 3.72138224e-003 0. 1.19246216e-003 0. 0. 0. 0.
    -2.47188960e-004 6.52144838e-004 1.60176505e-003 2.50691059e-003
    1.14465394e-004 2.48840312e-003 0. 2.92794430e-003 -1.90638166e-004
    2.69278581e-003 0. 0. 4.91474872e-004 0. 0. 0. 0. 0. 7.72719795e-004
    0. 0. 0. 0. 0. 0. 0. 6.24503067e-004 0. 0. 0. 0. 0. 0.
    3.17487371e-004 0. 8.24789051e-004 8.55394267e-003 1.46646902e-003
    4.27271007e-003 0. 0. 0. 2.00311211e-003 1.78381067e-003
    5.39800152e-003 0. 0. 0. -1.65971724e-004 1.10399688e-003
    2.93206121e-003 2.72706297e-004 0. -7.48804363e-004 0. 0.
    2.39853305e-003 1.20848743e-003 0. 0. 0. 2.91343383e-003 0. 0. 0.
    2.42120656e-003 0. 0. 3.96617659e-004 0. 4.91720333e-004
    4.03950503e-003 3.45669873e-003 7.63719436e-004 0. 3.14657018e-003
    -3.40554654e-003 4.41174372e-004 0. 0. 0. 4.86013632e-005
    1.38897856e-003 4.23694932e-004 0. 6.06315501e-004 0.
    9.37379897e-004 2.61297938e-003 5.01184724e-004 0. 0. 0. 0. 0. 0. 0.
    7.97893212e-004 0. 0. 0. 0. 0. 0. 0. 0. 0. 0. 0. 7.12284178e-004
    1.05791958e-003 0. 0. 0. 0. 0. 0. 1.40741095e-003 1.03077118e-003 0.
    0. 0. 0. 2.55537714e-004 0. 0. 0. -4.25884296e-004 0. 0. 0.
    -8.26178177e-004 0. 0. 0. 4.77156136e-004 1.73214081e-004 0.
    -8.69707554e-004 0. 0. 0. 4.68882639e-003 6.37588964e-004 0. 0.
    1.10800099e-003 0. 1.01799204e-003 3.60203034e-004 1.91149849e-003
    4.90760431e-004 0. 0. 6.49639405e-004 0. 0. -6.47931665e-005 0. 0.
    2.05801195e-003 -2.40320282e-004 2.71674665e-003 1.93208701e-003 0.
    0. 2.40185251e-003 6.51774753e-004 1.11118075e-003 1.95548870e-003
    0. 0. 0. 0. 1.05034676e-003 0. 0. 0. 2.34575337e-003 0.
    1.40235818e-003 0. 2.74543790e-003 0. 4.18403093e-003 0.
    -1.25479841e-004 0. 6.83838269e-004 0. 0. 0. 8.98762257e-004
    1.62165868e-003 2.19121156e-003 0. 0. 6.07249036e-004 0.
    8.80300242e-004 0. 1.53567467e-003 -3.31336487e-004 0.
    -5.16234315e-004 2.51689716e-003 5.48341777e-004 0. 4.18360956e-004
    0. 0. 0. 8.51595949e-004 8.50885001e-004 1.13143097e-003
    1.16079533e-003 3.90372472e-003 0. 0. 0. 3.49591370e-003
    2.30789883e-003 0. 1.75611896e-003 0. 0. 0. 0. 0. 0. 0. 0. 0.
    2.25234660e-004 3.69388121e-003 0. -4.03524435e-004 0.
    -1.87371610e-004 3.38103971e-003 0. 0. 0. 7.99964822e-004 0.
    2.09675706e-003 1.00610103e-003 3.82059021e-003 0. 0.
    7.92107661e-004 1.48533160e-004 3.42765893e-003 0. 0. 0.
    6.52003568e-004 -2.78676441e-003 0. 0. 5.62719360e-004 0. 0.
    4.38303780e-003 0. 0. -1.36537536e-004 0. 0. 0. 0. 0.
    -7.36042392e-004 -5.01866452e-004 1.99058893e-004 0. 0.
    4.06682593e-005 4.63740202e-004 -2.42643611e-004 0. 0. 0. 0. 0. 0.
    0. 0. 0. 1.25346065e-003 1.89387682e-003 1.24704000e-003
    6.87303022e-004 0. 0. -4.07719170e-004 0. 0. 0. 9.85468738e-004 0.
    0. 0. 1.06461998e-003 -2.94299127e-004 0. 0. 9.19799844e-004 0.
    1.44659379e-003 0. 0. 0. -1.39846437e-004 0. 1.10358158e-002 0.
    1.17881945e-003 0. 0. 1.62759316e-004 6.30839670e-004
    2.35479372e-003 0. 9.96940304e-004 0. 0. 0. 0. 0. 0.
    -9.15085315e-004 8.37541302e-004 0. -8.93118340e-005 7.38524657e-004
    0. 5.46161376e-004 0. 0. 0. 0. 0. 0. 3.05374688e-003 0. 0. 0.
    1.43584434e-003 1.11435971e-003 0. 0. 0. 0. 8.68500618e-004 0. 0.
    1.44752662e-003 0. 0. 0. 0. 0. 0. 0. 0. 4.28627478e-004 0. 0. 0. 0.
    1.79310399e-003 0. 9.63666011e-004 0. 6.19694707e-004
    4.07761836e-004 0. 0. 0. 1.42529199e-003 0. -3.02932807e-004 0.
    5.09403821e-004 0. 1.83678756e-003 0. 1.14890561e-003 0.
    -2.30665854e-003 0. 3.99855460e-004 0. 0. 0. 2.74721271e-004 0.
    1.67416839e-003 0. 0. 0. 0. 3.02746630e-004 0. 0. 1.74097647e-003 0.
    0. 0. 3.04153422e-004 2.85293616e-004 -1.02965096e-004 0. 0.
    1.28062430e-003 1.28935164e-004 -3.47084688e-006 0. 0. 0. 0. 0. 0.
    0. 0. 0. 0. 0. 0. 0. -4.65452526e-004 1.27363054e-003 0.
    1.50890124e-003 2.85508839e-004 1.72508927e-003 0. 1.25528476e-003
    1.09231169e-003 6.74816605e-004 2.78421976e-005 0. 1.78778241e-003
    0. 0. 0. 9.75472387e-004 0. 0. 0. 3.20625934e-003 6.07394439e-004
    -6.21702406e-004 -6.57716824e-004 0. 0. 0. 0. -4.52327455e-004
    9.92659945e-004 0. 1.79406651e-003 2.54578725e-003 0.
    1.36982987e-003 1.66966906e-003 5.98993967e-004 0. 0.
