<?xml version="1.0"?>
<opencv_storage>
<imageDescriptor type_id="opencv-matrix">
  <rows>1</rows>
  <cols>2000</cols>
  <dt>f</dt>
  <data>
    0. 0. 0. 1.51964871e-003 0. 2.51064845e-003 2.73740472e-004 0.
    9.71951755e-004 0. 1.80622400e-003 0. 1.64451636e-003
    1.06282718e-003 -5.06098440e-004 0. 0. 0. 9.64057399e-004
    2.84786127e-003 0. 0. 1.12089457e-003 0. 0. 0. 0. 0. 1.95931271e-003
    0. 0. 0. -5.51690391e-005 -5.90173877e-004 0. 0. 4.78084461e-004
    -1.06669345e-003 -1.84555465e-004 4.95483633e-004 0. 0. 0. 0. 0. 0.
    1.37840712e-003 0. 0. 1.01843080e-003 2.28446210e-003
    -5.06693264e-004 0. 8.23120878e-004 0. 0. 0. 0. 5.25452080e-004 0.
    0. 0. 0. 0. 2.90439557e-003 2.22030305e-003 1.04631938e-004 0. 0. 0.
    -1.83326571e-004 5.75969054e-004 2.42617913e-003 0. 3.08341649e-003
    2.24553849e-004 0. 0. 0. -6.63793704e-004 0. 0. 0. 0. 0.
    3.46618681e-003 2.76801089e-004 1.31629140e-003 0. 0. 0. 0.
    1.98388798e-003 1.07659046e-002 2.45251926e-003 -4.94713662e-004
    5.07442281e-004 1.06029598e-004 0. 0. 7.95695174e-004 0. 0.
    1.62041397e-003 0. 0. 0. 2.83548579e-004 0. 1.25163715e-004 0.
    1.09190447e-003 8.33896082e-003 0. 0. 0. -5.72004705e-004 0.
    2.30160379e-003 7.83405616e-004 0. 0. 6.86609477e-004
    -6.50970323e-005 0. 0. 0. 0. 0. 5.91739547e-004 0. 3.94948199e-003
    0. 0. 4.29889141e-003 0. 0. -1.09446395e-004 0. 0. 0. 0. 0. 0.
    -1.60246261e-003 -1.71855805e-004 9.38034733e-004 0. 0. 0. 0. 0. 0.
    1.22080895e-003 6.19335752e-003 0. 0. 4.80448827e-003 0.
    5.03649190e-003 0. 0. 0. 5.67399431e-004 4.24699014e-004 0. 0.
    -1.11406122e-003 0. 0. 0. 0. 1.84102071e-004 0. 7.91954924e-004
    5.85256086e-004 0. 0. 1.48603140e-004 0. 0. 3.28378822e-003
    2.78876279e-004 0. 0. 0. 0. 0. 0. 3.02606006e-003 3.77764879e-003 0.
    1.40459195e-003 4.09686152e-004 -4.52099659e-004 0. 0. 0. 0. 0.
    1.08891120e-003 0. 1.46711571e-003 0. 1.41506025e-003 0. 0. 0.
    2.33826489e-004 0. 1.27119059e-003 0. 1.88414415e-003 0.
    3.37051519e-004 9.86884930e-004 -8.52966798e-004 0. 0.
    8.71355296e-004 0. 0. 2.39942386e-003 0. 0. 0. 3.07173282e-003 0. 0.
    0. 0. 0. -4.26988263e-004 -2.77389493e-003 1.86501443e-003 0. 0. 0.
    0. 0. 0. 1.69402498e-004 0. 5.77932224e-003 0. 0. 0. 0. 0. 0. 0. 0.
    0. 1.12339552e-003 0. 0. 1.18925993e-003 0. 0. 8.58955027e-004 0. 0.
    -3.36758443e-004 -8.95279867e-004 7.48314313e-004 0.
    -3.05444701e-004 0. 0. -3.86509200e-004 0. 0. 0. 8.04383587e-003
    2.46840832e-003 0. -2.13853957e-004 6.11984963e-003 1.57330272e-004
    0. 0. 1.19812484e-003 0. -5.49977878e-004 1.34591945e-003
    1.22393528e-003 -2.32248654e-004 0. 0. 0. 0. 0. 0. -1.11570298e-004
    0. 0. 0. 2.72513879e-003 0. 0. 0. 0. 0. 3.52179573e-004 0. 0.
    7.58218928e-004 0. 0. 0. 1.52047130e-003 1.85930796e-004
    5.08671801e-004 3.05388682e-003 1.11778209e-003 0. 0.
    -3.73268500e-004 3.06083984e-003 0. 1.45667058e-003 1.16336811e-003
    0. 0. 1.25459139e-003 0. 5.78270294e-003 2.23439536e-003 0. 0.
    -1.26149433e-004 2.35900050e-003 1.36557221e-003 0. 0.
    9.71881789e-004 0. 0. 1.66698825e-003 2.15398544e-003 0. 0. 0.
    3.89300054e-004 0. 0. 0. 8.09288467e-004 0. 0. 0. 1.40389602e-003
    1.52819813e-003 0. 2.00662622e-003 4.55516530e-003 0.
    -1.23492081e-003 0. -8.42198846e-004 0. 0. 0. 0. 0. 1.63468497e-003
    0. 0. 0. 8.84312030e-004 0. -4.48639359e-004 7.04177131e-004 0. 0.
    0. 1.80327438e-003 0. 0. 0. 0. 1.19062862e-003 9.02320971e-005
    3.24623752e-003 0. 0. 1.67878438e-003 0. 0. 7.56717578e-004
    6.14796765e-004 0. 1.85677013e-003 0. 2.34117801e-003 0. 0.
    2.53080128e-004 0. 0. 0. 0. 0. 1.01831996e-004 0. 0. 0.
    2.43840716e-003 0. 2.90588359e-003 0. 0. 0. 0. 0. 0. 0.
    1.68622835e-004 5.24315401e-005 0. 0. 0. 1.69984624e-003 0.
    1.34492188e-003 0. -3.93792317e-004 0. 0. 0. 0. 6.82539539e-004
    4.30240994e-004 0. 7.41638360e-004 0. 7.02823454e-004 0.
    2.22263392e-003 0. 0. 0. 9.88749089e-004 -1.76812673e-003
    -1.68584404e-004 0. 2.02818075e-003 0. 0. 0. 0. 0. 0. 0. 0. 0.
    2.63032713e-003 2.76429649e-003 0. 0. 2.43823649e-003
    1.42913579e-003 0. 1.02153537e-003 0. 0. 0. 0. 1.89509243e-003
    3.91519396e-004 0. 8.89346120e-004 1.15628785e-003 0. 0. 0. 0. 0. 0.
    0. 1.03200407e-004 0. 0. 0. 5.57776017e-004 0. 0. 1.38830347e-003
    3.21407896e-003 0. 0. 0. 0. 0. 6.28429189e-005 0. 1.75203150e-003 0.
    1.14943529e-003 0. 0. 2.33425482e-004 0. 0. 1.58192671e-003
    2.86921486e-003 0. 3.14211892e-003 0. 0. 0. 0. 8.67997471e-004
    1.96423056e-003 0. 0. 0. 0. 5.90232783e-004 7.39787822e-004 0. 0. 0.
    0. 1.97752984e-003 0. 0. 1.69058901e-003 0. 1.51585555e-003
    2.48656189e-003 6.63265877e-004 6.14217191e-004 6.99815864e-004 0.
    0. 0. -1.78662540e-005 -1.22700469e-003 -5.32387785e-005 0. 0. 0. 0.
    0. 0. 0. 0. -1.00253470e-004 0. 0. 0. 0. 0. 0. 0. 0. 0.
    8.24477000e-004 1.65617384e-003 0. 2.77626864e-003 7.07171217e-004
    0. 7.55696266e-004 0. 1.99750159e-003 0. 0. 1.28766883e-003 0.
    -1.75337982e-006 1.26162160e-003 0. 0. 0. 0. 0. 0. 0.
    3.73477675e-003 1.41711568e-003 0. 7.55258370e-004 0. 0. 0.
    2.27073650e-003 -7.72115891e-004 2.89469422e-003 4.42271528e-004 0.
    0. 0. -5.49785153e-004 0. 0. 2.25151758e-004 -4.97347617e-004 0. 0.
    0. 0. 1.55013136e-003 0. 0. 0. 0. 0. 0. 0. 0. 0. 0. 0. 0.
    1.03651849e-003 1.25705975e-003 -9.19693906e-004 0. 0. 0. 0.
    1.31397275e-003 0. 0. 0. 3.56751936e-003 -8.05594609e-004 0.
    6.62843697e-004 0. 1.06666610e-003 2.47600675e-003 0.
    -5.44185692e-004 0. 0. 1.23725506e-003 3.16962739e-003 0.
    7.29110150e-004 0. 0. 0. 1.73182285e-003 1.64290552e-003
    4.15031193e-003 2.03271327e-003 0. 0. 0. 0. -7.73405336e-005 0.
    2.72726384e-003 3.85540957e-003 0. 0. 0. 4.85231681e-003 0.
    7.63341028e-004 0. 0. -2.75113387e-004 0. 2.18354771e-003
    -9.15769429e-004 0. 0. 0. 1.88043306e-003 9.16922698e-004
    1.01049279e-003 0. 0. 3.88419692e-004 1.66335760e-003
    6.26676832e-004 5.25593205e-005 4.54506837e-004 9.00194573e-004 0.
    2.94556422e-003 2.20815069e-003 0. 0. 0. 3.22662503e-003 0. 0. 0.
    4.95441491e-004 7.88804493e-004 8.48699245e-004 1.38808857e-003
    -7.00922028e-005 7.20251410e-004 6.28710957e-004 1.91953790e-003 0.
    0. 0. 0. -1.69191801e-004 0. 3.56044667e-003 4.08789609e-003 0.
    -3.67864326e-004 0. 0. 5.62222733e-004 7.23917561e-004 0.
    6.63053419e-004 8.25604424e-004 0. 0. 0. -5.86656679e-004 0. 0. 0.
    5.10683982e-003 0. 0. 2.32416298e-003 0. 0. 1.43071602e-003 0. 0. 0.
    0. 0. 8.94142315e-004 0. 0. 0. 2.52353144e-003 1.19626115e-003 0. 0.
    0. -5.26900287e-004 0. 9.55898257e-004 0. 2.27783137e-004
    2.85640545e-003 0. 0. 0. 0. 0. 2.91673886e-003 0. 0. 0. 0. 0. 0.
    1.80206355e-003 7.77654175e-004 0. 0. 0. 0. 0. 0. 1.44295581e-003
    2.09769234e-003 0. 0. 5.52064797e-004 0. 2.42704968e-003 0. 0. 0. 0.
    0. 0. 0. 0. 0. 0. 0. 0. 1.49450230e-003 2.66182632e-003
    2.10544909e-004 -1.37931865e-003 6.87786960e-004 -3.47335226e-005 0.
    -7.62689102e-004 0. 2.51364163e-005 1.04609726e-003 1.69920607e-003
    0. 0. 1.94415462e-003 0. 1.19686323e-004 2.03969379e-004 0. 0. 0.
    1.36418140e-003 0. 0. 2.23431955e-004 1.82131887e-003 0. 0. 0. 0. 0.
    0. 0. 1.54782704e-003 3.48366145e-003 0. 2.19682101e-004
    1.09465152e-003 0. -1.82729345e-004 8.26104137e-004 9.91012566e-005
    1.50381355e-003 0. 4.11486806e-004 0. 2.00582459e-003 0. 0.
    1.00211508e-003 8.02217401e-004 0. 1.96605944e-003 0. 0. 0. 0. 0. 0.
    -9.87861888e-004 -2.45676638e-004 -4.46152735e-005 0.
    -2.93717982e-004 0. 0. 8.27359559e-004 0. 3.51123628e-004 0. 0.
    1.50423846e-003 0. 0. 0. 1.85643020e-003 5.96337486e-004 0. 0. 0. 0.
    0. 0. 1.44453940e-003 3.72797390e-003 0. 2.88622919e-003 0. 0.
    5.39808767e-004 0. 0. -1.40104035e-003 0. 0. 0. 0. 0. 0.
    1.70105457e-004 4.38697403e-004 0. 0. 4.44239099e-003 0.
    3.72312235e-004 2.10598577e-003 0. 0. 3.97329350e-005
    3.17664840e-003 0. 6.25900517e-004 5.07386983e-004 0.
