<?xml version="1.0"?>
<opencv_storage>
<imageDescriptor type_id="opencv-matrix">
  <rows>1</rows>
  <cols>2000</cols>
  <dt>f</dt>
  <data>
    0. 0. 0. 0. -1.48818921e-003 0. 1.14506274e-003 0. 0. 0. 0. 0. 0. 0.
    -3.19705636e-004 0. 0. 3.22306855e-003 0. 2.10819347e-003 0. 0. 0.
    5.44438022e-004 5.26970485e-003 0. 0. 0. 0. 0. 0. 0. 0. 0. 0.
    4.98438603e-004 0. 5.14704370e-005 2.00268580e-003 0.
    2.96979072e-003 0. 0. 4.14365291e-004 1.31030116e-004
    1.68399804e-003 -4.46188787e-004 0. 1.48994126e-003 2.09735124e-003
    0. 9.26824694e-004 2.97611440e-003 -1.82135915e-003 1.71371119e-003
    0. 0. 0. 0. 0. 1.21913711e-003 0. 0. 0. 0. 0. 0. 0. 1.19548442e-003
    -1.71678708e-004 5.14653744e-003 0. 0. 4.74073133e-003
    6.89249486e-003 4.43880726e-003 0. 0. 0. 1.91941659e-003 0.
    5.33665391e-003 0. 9.65226442e-004 1.57896802e-003 0. 0.
    -2.72889098e-004 0. 0. 0. 0. 0. 0. 0. 7.15194561e-004
    5.32643683e-003 0. 0. 0. 1.36561762e-003 0. 1.03966682e-003
    8.68068635e-003 0. 0. 0. -1.59147603e-003 0. 0. 0. 0. 0. 0. 0.
    8.49431439e-004 -8.48898489e-004 8.55649938e-004 1.03329681e-003 0.
    0. 0. 2.54877773e-003 0. 0. 1.49830780e-003 0. 0. 3.19990120e-003
    8.88662529e-004 0. 0. 5.18556312e-003 2.02192343e-003
    4.58964380e-003 0. 0. 0. 1.93027675e-003 0. 1.87994335e-002 0.
    9.95652517e-004 7.07807078e-004 2.30734018e-004 0. 0. 0. 0. 0. 0. 0.
    0. 0. 4.46523540e-003 0. 5.87721914e-003 0. 1.58994854e-003
    -1.29858396e-004 0. 0. 0. 0. 0. 0. 3.43666947e-003 0.
    1.56167743e-003 0. 0. 0. -1.41045937e-004 0. 0. 0. 0. 0.
    -1.36326230e-003 3.94587452e-003 0. 0. -5.63436712e-004 0.
    4.74963919e-004 0. 0. 0. 0. 0. 0. 0. 0. 1.94820436e-003
    -1.13180424e-004 6.64624677e-004 3.38154985e-003 1.78097177e-003
    2.69364263e-003 3.97454575e-003 0. 0. 2.02703755e-003 0. 0.
    6.26198133e-004 0. 1.36908877e-003 7.14474358e-004 1.14641630e-003
    0. 3.16154025e-003 1.90935796e-004 1.77490665e-003 -3.87744600e-004
    0. 0. 0. 0. 0. 0. 1.46907382e-003 0. 0. 0. 0. 0. 0. 1.84700384e-005
    0. 0. 0. 0. 0. 0. 2.35732397e-004 0. 9.71878064e-004 0. 0. 0.
    -1.12285733e-003 0. 0. 0. 0. 0. 1.20216748e-003 0. 0. 0.
    2.69667781e-003 -2.35964879e-004 0. 1.93150446e-003 0.
    -9.71529633e-004 0. 0. 0. 0. 0. 0. -1.14628382e-003 0. 0. 0. 0. 0.
    0. 2.36051320e-003 -2.04432895e-003 0. 0. 0. 0. 0. 1.21215219e-003
    0. 5.63048851e-003 0. 0. 0. 0. 0. 0. 0. 0. 1.72894867e-003 0.
    -8.48100812e-004 2.01415620e-003 0. 0. 0. 0. -1.28115571e-004 0. 0.
    -9.22922773e-005 0. 0. 0. 0. 8.24645453e-004 0. 2.25233193e-003 0.
    0. 6.71670726e-003 0. 2.78479885e-003 1.60102034e-003 0. 0. 0. 0.
    1.73510180e-003 0. 0. 0. 0. 0. 9.07424546e-004 0. 0. 5.05199016e-004
    0. 0. 0. 0. 5.16702421e-003 0. 0. 0. 0. 0. 0. 0. 0. 3.63981607e-003
    0. 0. 0. 0. 0. 6.55358133e-004 0. 0. 0. 0. 0. 2.91782594e-003 0. 0.
    0. 5.74559020e-003 0. 8.48752621e-004 0. 3.35844792e-003 0. 0.
    2.31897947e-003 -7.86848716e-004 4.93111508e-003 0. 0. 0.
    -1.40242162e-004 0. 0. 1.81432383e-003 0. 0. 0. 5.04424470e-003 0.
    0. 0. 2.55050464e-003 0. 1.02012593e-003 0. 0. 0. -6.01617561e-004
    0. 3.47883115e-003 0. 8.52483034e-004 0. 0. 0. 0. 0. 4.07081284e-003
    0. 1.93947472e-003 0. 0. -1.28591055e-004 0. 0. 0. 0.
    3.26213823e-003 2.13068258e-003 0. 0. 0. 0. 0. 3.52556410e-004
    3.27052642e-003 0. 2.13832303e-004 0. 0. 0. 0. 1.11794937e-003 0.
    4.79398435e-003 -3.51005350e-004 0. 1.16216149e-002 0. 0. 0. 0.
    5.88798102e-005 0. 0. 4.75231418e-003 0. 0. 0. 2.62887101e-004 0.
    2.74916133e-003 0. 0. 1.00545214e-004 0. 0. 0. 0. 3.07220966e-004 0.
    0. 1.32005764e-002 0. 0. 0. 0. 0. 7.42404896e-004 0. 0. 0. 0. 0.
    2.76296429e-004 0. -9.56582429e-004 1.33250642e-003 0. 0. 0.
    5.33621013e-003 0. 0. 1.26677670e-003 0. 0. 0. 0. 0. 0. 0. 0. 0. 0.
    5.53888036e-003 0. 0. 1.67328794e-003 5.09204157e-003 0.
    8.26396747e-004 0. 0. 0. 0. 0. 0. 0. 9.70703142e-004 0. 0.
    4.16083029e-003 3.75985936e-003 0. 7.57112261e-003 -9.54739691e-004
    0. 4.53783479e-003 -1.45512086e-003 0. 1.21034542e-003 0. 0. 0. 0.
    0. 0. 1.49273954e-003 0. 0. 0. 0. 1.34595018e-003 0. 0.
    1.07564568e-003 0. 2.86363089e-003 1.21280551e-004 0. 0.
    6.81471254e-004 0. 0. 0. 1.87796890e-003 0. 0. 0. 0. 0. 0. 0. 0. 0.
    0. -8.62117799e-004 0. 0. 0. 0. 0. 0. 0. 0. 0. 0. 0.
    -4.21141856e-004 1.33508956e-003 1.89503597e-003 0. 0. 0. 0. 0. 0.
    4.73109831e-004 0. 0. 3.75790126e-003 0. 1.18936552e-003
    7.21379241e-004 0. 0. 0. 0. 0. 0. 0. 0. 0. 0. 0. 0. 0. 0. 0. 0. 0.
    0. 0. 6.86387299e-004 0. 4.00742097e-003 0. 0. 0. 0. 0. 0. 0. 0. 0.
    3.65218846e-003 0. 0. 0. 0. 0. 0. 0. 0. 0. 0. 0. 0. 0.
    3.82837979e-003 1.09086232e-003 1.37237005e-003 2.77611054e-003
    9.27217130e-004 -3.16734164e-004 0. 0. -2.02208152e-003 0. 0. 0. 0.
    0. 9.11769574e-004 0. 0. 0. 0. 3.58737586e-003 0. 6.17543701e-004
    2.83142924e-003 9.11296636e-004 0. 0. 3.71462957e-004
    4.90939477e-004 0. 0. 0. 0. 0. 2.08314741e-003 0. 1.65550376e-003
    2.36048852e-003 0. 0. 2.43913056e-003 0. -2.13968335e-003
    1.41130574e-003 0. 9.66829612e-005 0. 0. 0. 7.95393542e-004 0. 0.
    1.57280662e-003 0. 0. -3.89237946e-004 0. 0. 0. 9.04914486e-005
    4.77139745e-003 0. -3.44488581e-005 2.23103678e-003 4.07517701e-003
    4.33992455e-003 0. 4.58139548e-004 0. -5.75148035e-004 0. 0.
    9.65605490e-004 0. 0. 0. 0. 0. 0. 3.84264765e-003 0. 0. 0. 0. 0. 0.
    0. 0. 4.09590639e-003 -1.41168028e-004 0. 0. 1.38688239e-003 0. 0.
    5.17978391e-004 0. 0. 1.13301992e-003 0. 0. 0. 0. 0. 0. 0. 0.
    1.54324959e-003 0. 0. 0. 0. 0. -1.26381102e-003 0. 0.
    2.87407334e-003 0. 1.58217619e-003 -1.09805481e-003 0.
    3.47216241e-003 0. 0. 0. 0. 0. 0. 0. 0. 0. 0. 0. 0. 3.85771418e-004
    0. -1.79005112e-003 1.95555692e-003 2.93776463e-003 0. 0. 0. 0.
    2.30154465e-003 0. 9.59154393e-004 0. 0. 0. 1.07830577e-003 0. 0. 0.
    0. 1.71931135e-003 0. -1.31111068e-004 1.39949270e-005 0. 0.
    3.48223094e-003 0. 1.69144347e-004 0. 0. 0. 9.19574290e-004 0.
    1.39475917e-003 1.64023775e-003 9.68301265e-007 4.09854692e-004 0.
    0. 0. 0. 0. 4.69393237e-003 0. 0. 1.28751097e-004 0. 0.
    1.39019371e-003 0. 2.74253706e-003 0. 0. 0. 0. 0. 0. 0. 0. 0. 0.
    2.01984122e-003 -2.83199013e-004 2.58708419e-003 0. 0. 0. 0. 0.
    1.25891250e-003 -1.35767608e-004 0. 1.46902719e-004 1.99028337e-003
    0. 0. 0. 0. 8.35005753e-003 1.16673345e-003 7.82552452e-005
    1.18050212e-003 0. 0. 0. 6.12190343e-004 0. 0. 0. 0. 3.38730752e-004
    0. 5.13893599e-003 0. -3.31417075e-004 4.08744905e-004 0. 0.
    1.45498116e-003 6.87022181e-003 0. 2.81401124e-004 0. 0. 0.
    4.86239651e-003 0. 0. 0. 0. 1.17675075e-003 0. 0. 1.21392217e-003 0.
    0. 0. 0. 0. 0. 0. 7.60372903e-004 0. 0. 1.51730224e-003 0.
    1.22682145e-003 -3.02516110e-003 0. 0. 1.60573993e-003 0. 0. 0. 0.
    0. 0. 0. 0. 0. 0. 0. 0. 0. 0. 0. 0. 0. 1.58126280e-003
    5.88220253e-004 0. 1.91872101e-003 0. 0. 9.68903396e-003 0. 0. 0. 0.
    7.69685430e-004 0. 0. 2.06056004e-003 0. 0. 1.62884512e-003 0.
    7.43449375e-004 -1.28338943e-004 0. 0. 1.52405910e-003 0. 0. 0.
    1.87217211e-003 8.51872435e-004 1.73966342e-003 0. 0. 0.
    5.25438227e-004 2.10816762e-003 0. 1.09342311e-003 0.
    9.32629919e-004 5.05193195e-004 0. 0. 0. 0. 0. 0. 3.70632479e-005
    1.51815696e-003 0. 0. 7.18510826e-004 0. 3.70472437e-003 0.
    1.53926876e-003 0. 0. 0. 0. 0. 3.62675637e-003 2.86438665e-003 0. 0.
    0. 0. 1.37233722e-003 0. 0. 0. 0. -7.23964127e-004 0.
    4.01294557e-004 0. 1.35996016e-002 0. 0. 9.52915943e-005 0. 0.
    -4.19618329e-004 0. 0. 0. 1.60638383e-003 0. 0. 0. 0. 0. 0. 0.
    9.52196401e-003 0. 0. 1.58047501e-003 3.02809523e-004 0.
    1.24917261e-003 0. 0. 0. 0. 3.86394421e-003 0. 2.93307449e-003 0. 0.
    0. 0. 0. 0. 0. 0. 0. 0. 2.34707128e-004 1.69292896e-003 0. 0. 0.
    7.93717743e-004 0. 0. 0. 0. 0. 1.78911129e-003 0. 0. 3.43857449e-003
    3.92062869e-003 0. 1.39368419e-003 0. 0. -1.00515876e-003
