<?xml version="1.0"?>
<opencv_storage>
<imageDescriptor type_id="opencv-matrix">
  <rows>1</rows>
  <cols>2000</cols>
  <dt>f</dt>
  <data>
    0. 0. 2.08298629e-003 3.48646807e-007 0. 0. 0. 5.24144503e-004
    -6.53650379e-004 -5.10292535e-004 1.62773285e-005 0. 1.37930200e-003
    0. 5.60586865e-004 0. 7.99205387e-004 0. 0. 0. 0. -1.40252581e-003
    4.30194568e-003 0. 0. 2.50962726e-003 1.32892921e-003 0.
    -9.84171173e-004 0. 0. 7.22630299e-004 0. 3.25040426e-004 0. 0.
    -1.45332201e-003 -2.15904089e-003 1.41227443e-003 0. 0. 0. 0. 0.
    1.18171563e-003 -4.14425362e-004 -5.89277712e-004 0. 1.67521788e-003
    0. -1.14197006e-004 0. 0. 0. 0. 0. 0. 0. 0. 0. 5.77642536e-003 0.
    1.11291080e-003 1.77127298e-003 0. -5.63935610e-004 0. 0. 0. 0.
    5.94798569e-003 0. 2.46826152e-004 0. 0. 0. 0. 0. 0. 0. 0.
    4.02536150e-003 0. 0. 1.83352933e-003 0. -4.28166619e-004 0. 0. 0.
    0. 9.34557815e-004 5.08471671e-003 0. 0. 0. 0. 0. 0. 0. 0. 0.
    1.08711538e-003 0. 0. 5.71050122e-003 -3.88248154e-004 0.
    9.52126633e-004 1.48784451e-003 1.33165321e-003 2.91314721e-003 0.
    0. 0. 0. 5.96479513e-003 1.77547825e-003 0. 0. 0. 0. 0.
    -1.01089929e-004 0. 1.89407461e-003 0. 0. 0. -1.06523349e-003
    5.63729147e-004 0. 0. 0. 0. 7.40491087e-004 -1.63684803e-004
    3.35975806e-003 0. 1.71723962e-003 5.25034731e-003 4.53482522e-003
    0. 0. 0. 0. 0. 0. 0. 0. 0. 1.89049426e-003 0. 0. 0. 0.
    4.76356217e-004 4.30974504e-003 1.31872697e-002 0. 0. 0.
    -5.03418385e-004 0. 4.37600771e-003 0. 3.98526201e-004
    1.36501482e-003 0. 0. 0. 0. 0. 0. 5.06446883e-003 0. 0. 0.
    5.31087257e-003 0. 8.07721692e-004 0. 4.61646169e-003
    4.26495943e-004 1.07033818e-003 0. 3.83974938e-003 0. 0. 0.
    5.68709977e-004 0. 0. -6.37087331e-004 0. 0. 0. 0. 0. 0. 0. 0. 0. 0.
    0. 0. 2.21258553e-004 0. 0. 0. 0. 0. 0. 2.27385131e-003 0.
    4.61450138e-004 -1.45225029e-004 -2.00277238e-004 0. 0. 0.
    4.36153641e-004 0. 0. 0. 0. -1.31154293e-003 0. 0. 0. 0.
    4.38672112e-004 0. 0. 0. 0. 0. 0. 0. 1.88554742e-003 1.40036002e-003
    -2.20838061e-004 -4.73239546e-004 0. 0. 1.64349645e-003 0.
    1.10314146e-003 0. 5.17952722e-003 -4.85959434e-004 3.39415506e-003
    0. 7.87412457e-004 0. 0. 0. 0. 0. 1.35936346e-002 7.48840161e-003
    8.64269619e-004 0. 0. 7.34740461e-004 1.46036778e-004
    -7.44121789e-004 0. 1.11258111e-003 0. -6.41620310e-004 0.
    8.06009863e-004 2.12491956e-003 -1.01790798e-003 0. 3.31159914e-004
    -1.21880008e-003 1.09388481e-003 0. 0. 0. -1.44257298e-004 0.
    2.24582828e-003 7.32389977e-004 0. 0. 0. 0. 5.70555311e-003
    -1.90350437e-003 -5.81097964e-004 0. 1.01166626e-003 1.60493690e-003
    0. 0. 0. 0. 0. 3.83233628e-003 0. 0. 0. 0. 0. 4.25783312e-003 0. 0.
    0. 5.77472674e-004 -2.79288623e-004 0. 0. -4.05688013e-004 0. 0.
    -1.58166839e-003 0. -7.55674482e-005 0. 0. 4.64153214e-004 0. 0. 0.
    0. 8.14302824e-004 0. 0. 3.05856951e-003 -3.27228016e-004 0.
    2.89652031e-003 0. -4.18001640e-004 0. 0. -1.23903403e-004 0. 0.
    7.82527612e-004 0. 0. 0. 1.09034940e-003 0. 0. 0. 1.40416308e-003
    3.15768528e-003 0. -3.99392011e-004 0. 0. -1.86870573e-003 0. 0.
    -6.25169414e-005 -1.64487225e-004 0. 6.79215370e-003 0.
    3.09835537e-003 0. 0. 3.99172015e-004 0. -3.66172346e-004
    -2.09482270e-004 0. 2.46451236e-004 0. 0. 4.33592638e-003 0.
    5.90098731e-004 9.39435908e-004 0. 0. 0. 0. 0. 0. 0.
    -6.42448314e-004 7.07762410e-006 0. 0. 2.67314841e-003
    -2.64695846e-005 2.26318231e-003 6.35922980e-003 0. 0. 0. 0.
    -8.10366531e-004 0. -2.01585921e-004 0. 0. 0. 0. 0. 3.90752265e-003
    0. 0. 4.59702220e-003 0. 0. 0. 0. 0. 0. 0. 0. 5.61066263e-004 0.
    6.31474482e-004 0. 0. 0. 5.76143945e-003 0. 0. -3.60622158e-004 0.
    0. 0. 0. 3.68020637e-003 -3.01752007e-004 0. -1.05334399e-003 0. 0.
    0. 0. 1.87733350e-003 0. 5.79793064e-004 1.60090195e-003 0.
    1.10240595e-003 -1.40483340e-003 0. 2.05237698e-003 -1.35896960e-004
    1.58961676e-002 0. 0. 0. 0. -4.46063554e-004 0. 0. 0. 0.
    1.93665840e-003 0. 1.08547788e-003 0. 0. 0. -2.23469385e-003 0. 0.
    0. -8.49572651e-004 1.54184905e-004 8.57174222e-004 0. 0. 0.
    -4.26551196e-005 0. 0. 0. 2.76717893e-003 0. 0. 0. 0. 0.
    4.13709180e-003 0. 0. 0. 0. 6.53446978e-003 0. 0. 0. 4.49157599e-003
    3.75479669e-003 0. 1.41407421e-003 0. 1.07658026e-003
    1.50393706e-003 0. 0. 0. 0. 0. 0. -9.82341939e-004 4.64458310e-004
    5.49784570e-004 0. 0. 0. 4.63199569e-003 2.12898361e-003 0.
    1.42217861e-004 0. 0. 0. 0. 0. 0. 0. 0. 0. -6.02082466e-004 0. 0. 0.
    0. 0. 2.10878532e-003 0. 1.84979464e-004 0. 0. 1.30280072e-003 0.
    2.21365248e-004 0. 1.00889872e-003 0. 0. 1.99615327e-003
    -5.50248893e-004 0. 0. 6.55907614e-004 7.51335116e-004
    9.31074203e-004 0. 0. 0. 0. 0. 0. 0. 0. 1.08079394e-006 0. 0.
    -3.09470342e-004 0. -2.81806220e-004 -2.93414469e-005 0. 0. 0. 0. 0.
    9.25019325e-004 4.97837027e-004 0. 0. 0. 0. 1.14357797e-003 0. 0.
    -3.00022820e-003 0. 3.13668465e-003 0. 0. 0. -6.39084683e-005 0. 0.
    0. 4.80566593e-003 0. -3.95353127e-004 -1.96744615e-004 0.
    3.66641628e-003 8.02324328e-004 0. 3.37238051e-003 0. 0. 0. 0. 0. 0.
    6.69265259e-003 0. 2.69866112e-004 -4.33350564e-004 2.39713397e-003
    1.79102749e-003 0. 0. -4.79521259e-004 3.08420713e-004 0.
    5.29090583e-004 0. 0. 0. 0. 7.27179286e-004 0. -2.46893195e-003 0.
    2.87370966e-003 0. 0. 0. 2.49187229e-004 -4.35948721e-004
    8.37775122e-004 0. 0. 0. 0. 0. 0. 0. 1.67848822e-003
    -7.01382116e-004 0. 4.07621643e-004 6.16017077e-003 0.
    6.15809637e-004 1.16467563e-004 0. 0. -1.97423898e-004
    2.76956096e-004 1.06138340e-003 5.49595524e-003 3.15107667e-004 0.
    0. 0. 0. 0. 0. 0. 0. 0. 0. 0. 0. 8.82865209e-003 0. 0.
    3.86369438e-003 -6.81141566e-004 -4.23190882e-004 0. 0. 0.
    -7.89411366e-004 0. 0. -4.19728720e-004 0. -4.53096640e-004 0. 0. 0.
    0. 1.71728455e-003 1.35158643e-006 -4.34317859e-004 2.03220127e-003
    2.86431838e-004 0. 0. 0. 0. -5.19971654e-004 5.83262462e-003 0. 0.
    0. 0. 0. 0. 0. 0. 0. 0. 0. 4.83774813e-004 0. 0. 2.53338250e-003
    -1.40237669e-003 0. 0. 0. 0. 0. 4.08274261e-003 9.36865050e-004
    4.53023147e-003 0. 0. 0. 0. 1.97842761e-004 0. 0. 0. 3.89999295e-005
    5.49232215e-003 0. 0. 9.64194711e-004 0. 1.08322405e-004 0. 0. 0. 0.
    0. 0. 0. 0. 1.13391271e-003 6.66340755e-004 0. 0. 3.40941595e-004 0.
    0. 0. -2.38282210e-003 3.82856280e-003 8.99663847e-003
    3.62150720e-004 0. 0. 0. 0. 1.30717934e-003 0. 0. 0. 0. 0. 0. 0. 0.
    -1.56945607e-003 0. 0. 0. 0. 0. 0. 0. 5.10427286e-004 0. 0. 0. 0.
    2.07957532e-003 4.51867376e-003 0. 3.07491119e-003 0. 0. 0.
    5.73438220e-003 0. 3.56477732e-003 0. 0. -2.57934537e-003 0. 0.
    1.18880940e-003 0. 0. 0. 0. 0. 0. 0. 0. 0. 6.30029128e-004
    1.56973570e-003 0. -1.64811732e-003 -2.44653522e-004 0. 0. 0. 0. 0.
    0. 0. 4.96884350e-005 0. 0. 0. 0. 0. 0. 0. 0. 0. 0. 0.
    6.94133632e-004 0. -6.07382935e-005 0. 3.74240684e-003 0. 0.
    -3.26366106e-004 0. 0. -3.14267323e-004 0. 0. 0. 0. 7.00730016e-004
    0. 0. 1.71128835e-003 0. 0. 0. 3.78924771e-003 -1.49139517e-003 0.
    1.28036761e-003 0. 0. -2.89943593e-004 0. 0. 0. 1.89065665e-003 0.
    4.53066826e-003 0. 0. 0. 7.36939022e-004 0. 0. 0. 0. 7.32319779e-004
    0. 4.20566043e-003 0. 0. 0. -1.36262167e-003 1.60793119e-004
    9.41970211e-004 -3.63900093e-004 -1.05455820e-003 0. 2.62007641e-004
    0. 1.59530796e-003 0. 0. -2.89208489e-004 0. 6.67341193e-003 0. 0.
    2.53486424e-003 2.56955362e-004 -2.21814000e-004 0. 0.
    5.24936244e-004 9.11753858e-004 0. 0. 6.48133550e-003 0. 0. 0.
    7.16848648e-004 1.92920235e-003 0. 0. 0. -8.13605904e-004 0. 0.
    5.72994305e-003 1.44904456e-003 1.86329149e-003 2.38035270e-003 0.
    0. 1.15922680e-002 0. 0. 5.52646583e-004 0. -1.22299371e-005
    2.36285850e-003 0. 0. 0. -1.31300057e-003 4.53427387e-003 0.
    -9.61740618e-004 0. 1.13409583e-003 0. 0. 0. 1.89887709e-003 0.
    1.93982245e-003 -1.12318923e-003 0. 1.13581761e-003 0. 0. 0.
