<?xml version="1.0"?>
<opencv_storage>
<imageDescriptor type_id="opencv-matrix">
  <rows>1</rows>
  <cols>2000</cols>
  <dt>f</dt>
  <data>
    1.86771562e-003 -1.81164753e-004 0. 0. 0. 0. 0. 0. 0.
    7.37722148e-004 0. 9.52936971e-005 0. 0. 0. 5.10292128e-003
    1.86660339e-003 0. 0. 0. 7.33242836e-004 -1.19762693e-003 0.
    -1.30011688e-003 0. 0. 0. 0. 0. 0. 0. 0. 0. 0. 0. 1.86153909e-003
    4.95989015e-003 5.20169409e-003 0. 0. 0. 1.82847783e-003 0.
    3.34158749e-003 0. 1.57987699e-003 -1.97474123e-003 0. 0. 0. 0. 0.
    3.69477530e-005 0. 0. 0. 0. 4.65470739e-003 0. -5.78109117e-004 0.
    0. 0. 0. 6.90981688e-004 4.25333809e-003 0. 0. 0. 6.64775434e-005
    4.58112545e-003 1.01580762e-003 9.50725924e-004 6.51237881e-003 0.
    0. 0. 0. 0. 1.60849234e-003 1.26511278e-003 2.54401215e-003 0. 0. 0.
    0. 7.59922841e-004 0. 0. 0. 0. 6.49793306e-003 0. 0. 0. 0. 0.
    5.86980814e-003 0. 0. 0. 8.91099975e-004 0. 0. 5.07766381e-003
    2.05391712e-004 2.12312280e-003 0. 0. 0. 4.91574290e-004
    -1.12882990e-003 0. 1.48524379e-003 0. 0. 2.24009226e-003 0.
    4.92227543e-003 -1.38040353e-003 4.32501826e-003 0. 0. 0. 0.
    7.71082763e-004 0. 3.88826767e-004 2.44092778e-003 0. 0. 0. 0. 0. 0.
    0. 0. 6.47988520e-004 0. 0. 0. 0. 0. 0. 0. 1.10280060e-003 0. 0. 0.
    0. 3.79417543e-005 5.95777808e-003 0. 0. 0. 0. -5.44476090e-004
    1.82363729e-003 0. 0. 0. 0. 7.64151523e-003 0. 0. 2.38317181e-003 0.
    0. 0. 0. 0. 0. 0. 1.54471025e-003 0. 0. 0. 0. 0. 0. 0. 0. 0.
    1.33856013e-003 1.69153896e-003 -2.82595691e-004 0. 0. 0.
    1.46094721e-003 0. -1.20065102e-004 2.21602822e-004 3.80498893e-003
    0. 0. 0. 0. 1.11877429e-003 1.79209630e-003 0. 0. 1.92257355e-003 0.
    0. 0. 0. 0. 2.21149385e-005 0. 0. 0. 0. 0. 0. 0. 3.94569710e-003 0.
    2.28294334e-003 6.83349906e-004 0. 2.99433479e-003 0. 0. 0.
    8.32881371e-004 1.63350650e-003 1.36188790e-003 0. 0. 0. 0.
    1.03460846e-003 0. 1.04820018e-003 0. 0. 3.99288459e-004 0. 0.
    -7.36954040e-004 2.60172365e-003 -6.42317036e-006 0. 0. 0. 0. 0. 0.
    0. 6.15784200e-004 0. 0. 6.55064150e-006 0. 0. 0. 0. 1.38592254e-003
    -1.23880024e-003 0. 0. -1.24523533e-003 0. 7.89794198e-004 0.
    5.86995971e-004 0. 0. 1.49732281e-003 4.01405618e-003
    1.32634817e-003 0. 0. 0. 0. 0. 4.57377639e-003 0. 0. 1.14800816e-003
    0. 0. 0. 8.47705349e-004 0. 0. 0. 0. 0. 6.16980297e-003 0.
    6.67894376e-004 -6.48482528e-004 0. 0. 0. 0. 0. -2.54965242e-004 0.
    1.89443538e-003 0. 0. 0. 9.72473470e-004 0. 3.91886197e-003 0. 0. 0.
    0. 8.39833228e-004 0. 4.63319739e-004 0. 3.68416007e-003 0.
    2.58795498e-003 0. 0. 0. 0. 0. 0. 1.73613674e-003 0. 4.03718266e-004
    -1.95204816e-003 0. 0. 4.82384674e-003 0. 0. 1.67139957e-003 0. 0.
    0. 0. 0. 0. -1.73099677e-003 0. 9.95564733e-006 0. 0. 0.
    2.24212010e-004 0. 0. 0. 0. 0. -1.62563066e-003 7.19587598e-003
    -1.05295097e-003 1.04637432e-003 1.53454090e-003 0. 0. 0. 0.
    1.79440137e-002 0. 5.63429482e-003 0. 2.51159142e-003 0. 0. 0. 0.
    1.29045465e-003 0. 0. 2.28572381e-003 6.77936152e-003
    2.66194204e-003 0. 0. 0. 0. 0. 3.19029111e-003 0. 2.04683002e-003 0.
    0. 0. 0. 0. 0. 1.62296265e-003 3.55738169e-003 0. 0. 6.99738739e-003
    3.78172845e-003 0. 5.25213126e-003 0. 4.49727150e-003 0.
    4.22783941e-003 0. 0. 0. 2.74176919e-003 2.12198612e-003 0. 0.
    2.81015644e-003 5.48490696e-003 0. 0. 0. 0. 0. 0. 2.05082749e-003 0.
    0. 0. 1.24660705e-003 0. 0. 0. 9.11687221e-003 0. 0. 0.
    1.87337049e-003 0. 0. 0. 0. 2.89109116e-003 0. 0. 1.30162196e-004 0.
    3.79762892e-003 0. 0. 3.42982658e-003 0. 0. 0. 0. 0. 0.
    7.13305548e-003 0. 0. 0. 0. 8.05946707e-004 2.72461073e-003 0. 0. 0.
    0. 0. 0. 0. 0. 0. 1.73400610e-003 3.90201178e-003 2.64796283e-004 0.
    5.04156854e-003 1.21688202e-003 1.12735934e-003 0. 0. 0.
    4.47673257e-003 0. 5.02455550e-005 2.21444876e-003 0. 0. 0. 0. 0. 0.
    -2.71749828e-004 0. 0. 4.67182649e-003 0. -4.30216140e-004 0. 0. 0.
    0. -1.59967970e-003 0. 0. 0. 0. 8.03548784e-004 5.16916346e-003 0.
    0. 1.06391904e-003 -8.92867683e-005 4.74916119e-003 -2.53976352e-004
    -4.91302402e-004 0. 0. 0. 0. 5.17387642e-003 0. 0. 0. 0. 0. 0.
    1.16276531e-003 2.20547721e-004 -2.06510001e-003 0. 1.32718403e-003
    4.58627613e-003 0. 0. 0. 0. 0. 2.25995597e-003 6.67993270e-004 0. 0.
    0. 0. 0. 0. 0. 4.45368886e-003 0. 1.63950550e-003 0. 0. 0. 0. 0.
    6.40457403e-003 4.17833187e-004 -1.11653586e-003 0. 0. 0.
    8.09949590e-004 3.80931073e-004 1.15612557e-003 0. 0. 0. 0. 0. 0. 0.
    0. 0. 0. 0. 0. 0. 0. 0. 2.98912777e-003 0. 0. 0. 0. 0. 0.
    1.15045719e-003 0. 0. 1.21829053e-003 0. 3.37924459e-003
    1.97766232e-003 0. 0. 0. 0. 0. 0. 0. 0. 5.49043249e-003 0. 0. 0.
    3.18831764e-003 0. 1.11015122e-002 0. 1.63464970e-003 0.
    7.30434293e-003 7.59290298e-004 6.44853164e-004 -5.78584404e-005
    -1.38055207e-003 0. 2.46452121e-003 0. 0. 0. 0. -1.64092379e-003
    -3.00734973e-004 0. 0. 1.81503384e-003 0. 0. 2.66163005e-003
    -1.04723719e-003 -7.41288008e-004 0. 0. 0. 1.11509510e-003
    2.55419814e-004 -4.55668342e-004 9.30287468e-004 0. 0. 0. 0.
    1.92304223e-003 0. 0. 0. 0. -5.82613982e-004 1.96545245e-003
    9.72983369e-004 2.55701970e-003 3.31287534e-004 5.33708429e-004
    5.16250730e-004 0. 0. 0. 0. 0. 1.15077896e-003 5.37143042e-003 0. 0.
    8.11456630e-005 0. 7.14893569e-004 0. 0. 0. 0. 0. 1.43302849e-003 0.
    0. 0. 0. 0. 5.79791004e-003 0. 0. 0. 1.51490839e-003
    -1.70083993e-004 0. 0. 0. 0. 0. 0. 0. 0. 0. 0. -6.34101219e-004 0.
    0. 0. 0. 0. 0. 0. 6.95732841e-003 0. 0. 0. 0. 2.10292474e-003 0.
    -3.06160451e-004 0. 0. 0. 0. 0. 1.59836002e-003 0. 0.
    4.61271778e-003 0. 0. 0. 0. 1.65778445e-003 0. 3.00306710e-003 0. 0.
    1.34090160e-003 0. 0. 0. 0. 0. 0. 0. 7.04447133e-003 0. 0. 0.
    1.57774775e-003 0. 4.69517056e-003 0. 1.36709958e-003 0. 0. 0.
    1.85628736e-003 0. 0. 0. 3.81455943e-003 0. 0. 0. 0. 0.
    -1.43191149e-003 0. 2.21468206e-003 0. 0. 8.01120885e-004 0.
    5.24299103e-004 5.59379696e-004 0. 0. -2.45312881e-003 0. 0. 0. 0.
    0. 0. 0. 0. 0. 0. 0. 3.06512276e-003 0. 0. 2.05969135e-003 0.
    1.92061090e-003 0. 2.02167127e-003 0. 0. 0. -2.58945438e-005 0.
    3.07118549e-004 0. 0. 0. 0. 0. 1.02778489e-003 0. 0. 6.77243108e-004
    0. 0. 2.68565957e-004 0. 0. 1.89811271e-003 0. 0. 0. 0. 0. 0.
    1.43352337e-003 0. 0. 0. 0. 0. 1.06910905e-002 0. 0. 0. 0. 0.
    2.15679710e-003 0. 2.22851429e-003 0. 1.25178637e-003 0. 0. 0. 0. 0.
    0. 9.18104954e-004 0. 2.37455894e-003 0. 0. 1.42982200e-004 0. 0.
    -8.74402933e-004 0. 7.14899332e-004 -4.76627756e-004 7.74953165e-004
    0. 0. 0. 1.85463077e-003 0. 0. 0. 0. -1.04591611e-003 0.
    1.47426594e-003 0. 0. 0. 2.08761706e-003 2.05823264e-004
    -1.49883749e-003 0. 0. 0. 0. 0. 0. 0. 2.15442618e-003
    7.11115194e-004 0. 0. 0. 0. 1.00297295e-003 0. 5.34156570e-003 0. 0.
    0. 1.33439992e-003 0. 0. 0. 0. 0. 0. 6.35938998e-003 8.23077862e-004
    0. 0. 1.19385857e-003 -8.43298971e-004 0. 0. 0. 1.22791377e-003 0.
    0. 0. 0. 1.21590018e-003 0. -2.73801525e-005 0. 0. 0.
    4.20054980e-003 0. 0. 0. 0. 1.21320749e-003 0. 0. 0. 2.86386861e-003
    0. 0. 0. 0. 0. 1.30189443e-003 0. 0. 0. 7.22809986e-004 0.
    -1.48539129e-003 0. 0. 0. 1.01910997e-003 0. 0. 0. 0. 0.
    7.65684294e-004 3.92608577e-003 0. 0. 0. -1.30085682e-004 0.
    -3.67703033e-005 0. -2.88165710e-003 0. 0. 0. 0. 2.43818806e-003
    4.49025864e-003 2.12189363e-004 0. 0. 5.63871814e-003 0. 0. 0.
    1.22809340e-003 0. 2.36043066e-004 0. 4.90813144e-003 0. 0. 0. 0.
    -1.70104986e-003 0. 0. 0. 0. 0. 0. 0. 0. 3.65252054e-004 0.
    1.68486778e-003 0. 0. 0. 0. 0. 0. 0. 2.54604442e-004
    -5.42360183e-004 0. 0. 0. 5.23510249e-003 0. 0. 0. 0. 0.
    5.62186295e-004 1.40448881e-003 1.68636639e-003 1.18804397e-003
    5.58449479e-004 0. 6.21749135e-003 1.98766263e-003 0. 0.
    5.96906757e-004 0. 1.09953806e-003 0. 3.95983428e-004
    -2.19711545e-003 -1.05482724e-003 0. 0. 0. 5.92310354e-003 0. 0. 0.
    -2.45338771e-004 0. 0. 0. 1.40839571e-003 9.77183785e-003
