<?xml version="1.0"?>
<opencv_storage>
<imageDescriptor type_id="opencv-matrix">
  <rows>1</rows>
  <cols>2000</cols>
  <dt>f</dt>
  <data>
    0. 0. 0. 0. -1.32409448e-003 9.67658998e-004 -9.92622954e-005 0.
    4.57287580e-003 2.06324132e-003 4.16814908e-003 0. 0.
    4.80227929e-004 0. 0. 0. 0. 0. 0. 4.02825099e-004 0. 0.
    -2.55731342e-004 0. 0. 4.29359823e-003 0. 6.48186076e-004 0.
    1.78266072e-003 0. -3.18850158e-004 7.60618481e-004 0. 0. 0.
    3.87625326e-003 1.09669694e-003 0. 0. 0. 0. -3.03808658e-004 0.
    5.63038280e-004 -1.55002257e-004 8.17667460e-004 0. 0. 0.
    -1.13314367e-003 6.41540217e-004 1.10506749e-004 0. 0. 0.
    1.12282380e-003 0. 1.53739634e-003 1.82024378e-004 0. 0.
    -4.05618484e-004 3.03916470e-003 0. 0. 0. 0. 0. 0. 3.92523827e-003
    0. 0. 0. 0. 6.44281134e-003 0. 0. 0. 0. -5.65147842e-004
    3.60368239e-003 0. 0. 1.89825322e-003 8.94204539e-004 0. 0. 0. 0.
    3.44183459e-003 6.40385260e-004 0. 2.27841781e-003 0. 0. 0.
    3.46071785e-004 0. 0. 0. 0. 0. 1.79076591e-003 -4.00533696e-004 0.
    0. -1.24272410e-004 3.26900772e-004 0. 3.33894952e-003 0. 0. 0. 0.
    5.59074897e-003 0. 0. 0. 0. 0. 0. 0. 9.96269868e-004 0. 0. 0. 0. 0.
    0. 0. -9.83809077e-005 0. 0. 0. 0. 0. -7.46550679e-004 0.
    5.65878907e-003 0. 0. 0. 5.23509830e-003 0. 0. 0. 2.62100692e-003 0.
    0. 0. 0. 5.32364706e-003 0. 0. 2.66830903e-003 0. 1.26187177e-003 0.
    0. 9.84363491e-004 0. 0. 0. 0. 0. 0. 0. 0. 2.00538617e-003 0. 0.
    1.80958887e-003 8.46019073e-004 3.33048846e-003 5.61884511e-003 0.
    0. 0. 0. 4.67863079e-004 0. 1.54519849e-003 0. 3.06108361e-003
    9.42088955e-004 0. 0. 4.20736382e-003 1.91794173e-003
    9.56893899e-004 1.13548979e-003 5.36627340e-005 0. 0.
    1.83846231e-003 0. -6.15901488e-004 1.81423058e-003 2.85546691e-003
    0. 2.90626450e-003 0. 0. 7.04491860e-004 2.15177960e-003 0. 0. 0. 0.
    0. 1.90511509e-003 0. 0. 1.71234785e-003 8.27431330e-004 0. 0.
    -1.42435229e-003 0. 3.92571604e-003 0. 1.88888528e-003 0.
    3.16012476e-004 0. 2.41269753e-003 0. 0. 0. 3.65866628e-003 0.
    1.49358879e-004 4.45108832e-004 0. 0. 1.40953122e-003 0.
    1.92149624e-003 0. 0. 0. 0. -5.15162479e-004 0. 0. 2.43564486e-004
    5.77119598e-003 1.80009659e-003 4.90957056e-004 1.96330016e-003 0.
    -1.39342283e-003 2.03508022e-003 3.48820467e-004 1.13829412e-003 0.
    0. 0. 0. 0. -1.97321730e-004 1.72096130e-003 2.00960133e-003
    2.11759820e-003 0. 3.90046439e-003 1.23699661e-004 6.89810200e-004
    0. 0. 0. 0. 0. 0. 0. 0. 0. 0. -2.31608487e-004 0. -1.17871219e-004
    9.11246811e-004 0. 8.01613380e-004 0. 0. 6.51081838e-003
    1.94059953e-003 1.57602772e-003 2.82117166e-004 1.53848529e-003 0.
    0. 2.44628359e-003 0. 0. -4.31161388e-005 2.29728781e-003 0. 0.
    5.14704152e-004 1.51260768e-003 0. 1.88016612e-003 0. 0.
    8.62930436e-004 0. 0. 0. 5.53482852e-004 0. 0. 0. 0. 5.53159742e-003
    0. 0. 0. 9.72225971e-004 0. 2.70747882e-003 0. 0. 0. 0.
    1.94955640e-003 -3.89179098e-004 1.16676185e-003 0. 0.
    8.52175697e-004 0. 0. 0. 4.67945851e-004 5.16762352e-003 0. 0. 0.
    1.72322703e-004 0. 0. 0. 1.56135520e-003 2.34505953e-003 0. 0.
    4.74878866e-003 1.49391253e-005 3.57093662e-003 0. 0. 0.
    5.84353646e-003 0. -4.08137363e-004 2.34767314e-004 4.88272053e-004
    0. 1.02571782e-003 0. 2.92530144e-003 0. 0. 0. 0. 0. 0. 0. 0. 0. 0.
    0. 0. 0. -5.68815449e-004 0. 0. 0. -4.29199165e-004 3.64697044e-004
    0. 1.82353822e-003 0. 0. -2.21159818e-004 0. 0. 0. 0.
    1.10939168e-003 0. 0. 0. 0. 1.55239156e-003 0. -4.54288675e-004 0.
    0. 6.14834367e-004 0. 0. 0. 0. 0. 0. 0. 0. -5.41661466e-005
    4.60319361e-003 0. 0. 0. 0. 5.10074606e-004 0. 0. 0.
    -1.03662221e-003 0. 0. 0. 4.35337378e-003 1.86048972e-003
    2.27938779e-003 -7.99129717e-004 0. 0. 0. 0. 1.02529500e-003 0.
    3.64928972e-003 0. 0. 0. 0. 0. 0. 0. 0. 0. 0. 0. 0. 0. 0. 0. 0. 0.
    0. 2.91402382e-003 0. 8.59777268e-004 0. 1.97650283e-004
    3.05621885e-003 0. 0. 0. 1.97151396e-003 -2.70365039e-004
    -1.22636079e-003 0. 0. 0. 2.21952097e-003 0. 0. 0. 1.56037032e-003
    0. 0. 0. 0. -2.84701027e-003 0. 0. 0. 0. 0. 0. 0. 0. 0. 0.
    4.49431222e-003 0. 1.49770430e-003 0. 2.79070414e-003
    1.89512910e-003 0. 0. 0. 4.02049813e-003 0. 0. 1.89725048e-004 0. 0.
    4.95511061e-003 0. 0. 0. 0. 0. 0. 0. 0. 0. 0. 6.54139847e-004
    4.16850118e-004 0. 0. 0. 0. 0. 1.85462483e-003 0. 1.15531287e-003
    5.94108505e-003 -2.46272399e-003 2.93191662e-003 0. 0. 0.
    -1.13033660e-004 3.30147357e-003 0. 1.28277345e-003 0.
    2.64839805e-003 -5.67129930e-004 0. 0. 2.82002287e-003 0. 0. 0. 0.
    0. -5.02760115e-004 0. 0. 0. 0. 0. 0. 0. 0. 0. 0. 0. 1.27177651e-003
    1.08698930e-003 1.14409858e-003 8.56979983e-004 -1.61815144e-004 0.
    -2.97221559e-004 0. 0. 2.77375686e-003 3.53759830e-003 0.
    1.33242761e-003 3.40409169e-004 3.60979058e-004 0. 0. 0.
    2.82284431e-003 0. 0. 0. 0. 0. 0. 0. 3.79383564e-004 2.53610057e-003
    2.04579346e-003 0. 1.33150397e-003 0. -1.14970445e-003 0.
    8.28796811e-003 0. 0. 0. 0. 0. 0. 0. 1.39518222e-003 0. 0. 0.
    -1.57632248e-003 0. 0. 0. -2.41290938e-004 1.25015198e-004
    -2.65568029e-004 2.20457930e-003 0. 0. 3.61598982e-003 0.
    2.31167069e-003 0. 3.94085189e-003 0. 0. 0. 0. 3.22668906e-003 0.
    3.02799069e-003 0. 0. 0. 1.82167243e-003 7.52598280e-004
    7.74296350e-004 0. 0. 0. 0. 0. 0. 0. 0. -7.01108598e-004 0. 0.
    -1.05130009e-003 0. 0. 0. 6.02097076e-004 0. 1.38627482e-003 0. 0.
    0. 2.55592354e-003 0. 0. 0. 0. 0. 8.07576871e-004 0.
    -2.69831653e-004 8.10363330e-003 0. 0. 0. 0. 1.91435055e-003
    1.09279493e-003 0. 0. 0. 3.98256909e-003 1.26836210e-004 0.
    2.80133076e-003 1.90004206e-003 0. 0. 0. 0. 0. 0. 4.22813348e-004 0.
    0. 3.60295153e-003 0. 0. 9.47107546e-005 0. 0. 0. 6.76555937e-005
    2.01549163e-004 0. 0. 0. 0. 1.98512431e-003 0. 0. 2.20332039e-003 0.
    0. 6.75642956e-003 0. 0. 0. 0. 0. 0. 6.49193302e-004 0. 0.
    2.21671117e-003 1.23148074e-003 6.58674724e-003 1.15567155e-003 0.
    0. 1.03264861e-003 0. 3.59515403e-003 -8.66313931e-004 0. 0.
    4.73040575e-003 0. 0. 0. 0. 0. 0. 0. 0. 6.03567576e-004 0. 0. 0. 0.
    0. 5.79403888e-004 0. 0. 0. 0. 3.64820869e-003 1.50566967e-003 0. 0.
    8.51874123e-004 8.51080404e-004 1.02535749e-004 3.68470699e-003
    1.54601410e-003 0. 0. -2.84516485e-004 0. 0. 0. -1.02970528e-003 0.
    5.25926612e-003 0. 0. 0. 0. 0. 0. 0. 0. 0. -5.57315769e-004 0. 0.
    -5.02672221e-004 0. 0. 0. 2.28207931e-003 1.13188103e-003
    2.05369410e-003 3.31799127e-003 0. 0. 0. 0. 0. 1.32382484e-004
    1.37870444e-003 1.29997276e-003 1.72106002e-003 1.00450660e-003
    3.47616093e-004 6.76426513e-004 0. 8.75909906e-003 0. 0. 0. 0.
    4.99237422e-003 0. 0. 1.15033169e-003 0. 0. 6.59253215e-003 0.
    5.60138794e-003 0. 0. 0. 0. 0. 0. 0. 0. 0. 0. 0. 1.55316934e-003 0.
    0. 0. 1.26361847e-003 1.66388392e-003 1.65480596e-003 0.
    1.90726214e-003 0. 0. 7.80448737e-003 9.68996319e-004 0. 0.
    1.26976462e-003 0. 0. 0. 0. 0. 0. 0. -4.09920351e-004 0. 0. 0.
    2.13164371e-003 7.00394972e-004 0. 1.23382558e-003 0. 0. 0. 0. 0. 0.
    7.11547735e-004 0. 0. 0. 2.23670434e-003 -2.94460799e-004 0. 0. 0.
    0. 2.51817517e-003 0. 2.80350563e-004 0. 0. 2.87427590e-003 0. 0. 0.
    0. 0. 0. 0. -1.00001437e-003 0. 0. 7.82068353e-003 0. 0. 0. 0. 0.
    9.93355061e-004 0. 0. 0. -1.43751397e-003 0. 3.57877859e-003
    1.08000566e-003 0. 0. 6.34992961e-004 0. 0. 0. 1.66311942e-003 0. 0.
    0. 0. 0. 0. 0. 9.06610116e-003 0. 0. 2.64005223e-003 0. 0. 0. 0. 0.
    4.44159581e-004 -8.07740667e-004 0. 0. -7.52909982e-004
    6.13598211e-004 0. 2.22444092e-003 0. 0. 0. 0. 0. 0. 0.
    -7.54263601e-004 0. 0. -8.21550260e-004 9.71228874e-004
    -8.45786853e-005 0. 0. 0. 0. 0. 6.61629578e-003 0. 0.
    7.51396129e-003 1.47497878e-004 1.37903471e-003 3.04885645e-004 0.
    7.51418353e-004 0. 0. 0. 6.91279478e-004 0. 0. 0. 0. 0. 0.
    -3.94815899e-004 0. 0. 0. 0. 0. 0. 2.66758562e-003 0. 0. 0. 0.
    2.19218573e-003 0. 0. 0. 0. 0. 0. 0. 1.60855206e-003 0. 0. 0. 0. 0.
