<?xml version="1.0"?>
<opencv_storage>
<imageDescriptor type_id="opencv-matrix">
  <rows>1</rows>
  <cols>2000</cols>
  <dt>f</dt>
  <data>
    0. -3.59407684e-004 0. 2.92114681e-003 0. 4.66909842e-004 0.
    3.63922591e-004 -5.72947552e-004 9.08110174e-004 0. 2.38844543e-003
    0. 0. -6.31629606e-004 0. 0. 1.81734026e-003 0. 0. -2.11942801e-003
    0. 1.91817991e-003 0. 0. 0. 0. 0. 1.08461987e-004 -4.36773262e-004
    1.26582361e-003 0. 0. 0. 0. 1.39772997e-003 0. 1.08346483e-003 0. 0.
    0. 1.26274501e-003 0. 0. 1.51812681e-003 1.84863270e-003
    1.21577166e-003 0. 0. 1.19938818e-003 8.48785683e-004 0.
    1.19173515e-003 0. 0. 0. 0. 1.83386204e-003 0. 8.86995753e-004 0.
    8.28461256e-004 0. 0. 0. 0. 0. 5.59037784e-004 0. 0.
    -2.89553020e-004 4.54252062e-004 -8.55073507e-004 1.83216168e-003
    3.88691342e-003 0. -5.72265708e-004 0. 6.33700402e-004
    -4.25937818e-004 1.32592232e-003 0. 0. 1.35075150e-003 0. 0.
    1.42829586e-003 0. 7.82290287e-003 3.10350588e-004 0. 0. 0. 0.
    1.03943935e-003 0. 1.12215825e-003 1.50159257e-003 -2.40616340e-004
    0. 0. 8.63632711e-004 -5.48131720e-005 3.88163346e-004
    6.22522319e-004 0. 6.76265976e-004 1.02029342e-004 0. 0. 0. 0. 0. 0.
    1.88616410e-004 1.01228664e-003 4.74424742e-004 2.68986681e-003
    5.31469297e-004 4.06571256e-004 0. 0. 0. 0. 2.62752816e-004
    4.34204889e-003 0. 0. 0. 1.79043287e-004 1.17265410e-003
    -1.33075088e-003 0. 0. 0. 0. 3.04228580e-003 5.30158868e-004
    -1.50164662e-004 0. 0. 7.12862296e-004 0. 1.24068710e-003
    -1.75751653e-003 0. 0. 0. 0. 0. 0. 0. 1.75423629e-003 0.
    2.78001209e-003 0. 0. 6.12313452e-004 0. 9.87164560e-004 0.
    1.55007467e-003 0. 5.13149171e-005 0. 0. 1.33885595e-003 0. 0. 0. 0.
    0. 0. 0. 0. 1.51037809e-003 1.03990664e-004 0. 7.50396575e-004
    1.44484488e-003 0. 6.52240415e-004 0. 0. 0. 1.91724440e-003 0. 0.
    2.63566762e-004 3.91586829e-004 1.93641358e-003 1.51839596e-003
    1.12678099e-004 9.05280991e-004 0. 2.82014138e-004 2.48469296e-003
    0. 0. -9.68833410e-005 0. 0. 0. 0. 0. 0. 6.69497822e-004 0. 0.
    1.31190813e-003 1.68371957e-003 3.04141804e-003 9.29919421e-004 0.
    1.13697385e-003 3.35058244e-003 0. 1.86808221e-003 -2.38873414e-004
    0. 1.39726955e-003 0. 0. 0. 8.53538280e-004 0. 0. 2.43880320e-003
    8.66889954e-004 0. 2.70344783e-003 0. 2.12157005e-003 0. 0.
    8.50504555e-004 -3.51246621e-004 0. 2.09482852e-003 0. 0.
    2.80935876e-003 0. 1.24858387e-004 1.06036241e-004 -8.32527512e-005
    0. 9.39038815e-004 0. 0. 0. 9.85859893e-004 9.88162588e-004 0. 0.
    2.72564101e-003 0. 0. 5.86625654e-004 4.78946255e-004 0. 0. 0. 0.
    9.92801040e-004 0. 3.61139158e-004 0. 0. 0. 1.18269143e-003
    2.51859892e-003 0. 0. 1.40653667e-003 0. 3.20512976e-004
    3.23674828e-003 0. 0. 0. 1.34242570e-003 -1.95913584e-004
    4.96730034e-004 0. 0. 0. 0. 8.19138426e-004 0. 0. 0. 0. 0. 0. 0.
    1.59409203e-004 0. 0. 0. 0. 0. 0. 0. 0. 0. -2.30854072e-004 0.
    2.36783642e-003 1.55986461e-003 7.24748848e-003 1.67872198e-003 0.
    2.63628783e-003 0. 4.71279898e-004 1.91325101e-003 0. 0.
    -1.90782230e-004 0. 0. 0. 1.70655735e-003 0. 0. 1.11354783e-003 0.
    -9.07932481e-005 -1.44874124e-004 0. 0. 0. 0. 0. 0. 9.32483526e-004
    2.41498812e-003 1.79324020e-003 0. 0. 9.18200356e-004 0.
    2.96906568e-003 0. 1.08463410e-003 0. 6.35191158e-004
    -7.16276176e-004 0. 6.28286798e-005 0. 0. 2.58150604e-003
    2.88623385e-003 4.78284899e-003 1.37141044e-003 0. 5.78189851e-004
    0. 2.86523486e-004 0. 0. 0. 0. 0. 6.42822415e-004 0. 1.11562293e-003
    0. 0. 0. 0. -5.11658203e-004 0. 0. 1.73988566e-003 0. 0.
    5.20120317e-004 2.20523193e-003 0. -7.95005108e-005 0. 0. 0. 0. 0.
    8.15901498e-004 6.52009272e-004 2.53439718e-003 1.70897553e-003
    1.59479282e-003 0. 8.95654084e-004 0. 1.93695899e-003 0. 0.
    1.24526466e-003 0. 5.47325588e-004 0. 2.22638506e-003
    1.01998937e-003 0. 0. 0. 2.30914517e-003 0. 0. 0. 0. 4.19387501e-003
    0. 0. 0. -2.69819866e-004 0. 5.38170279e-004 3.57343792e-003 0.
    1.59943092e-003 0. 0. 1.46932609e-003 2.10661150e-004
    2.28003319e-003 0. 0. 0. 0. 0. 0. -2.03507316e-005 0. 0. 0.
    6.66350126e-004 0. 1.02865498e-003 0. 0. 0. 9.09979746e-004 0.
    2.89465836e-003 0. 3.39818653e-004 0. 0. 9.98757314e-004
    1.01817423e-003 8.99677689e-004 0. 1.09835957e-004 0. 0. 0.
    4.23061894e-004 1.83532364e-003 2.04568310e-003 8.70859076e-005 0.
    0. 9.60467849e-003 5.23397874e-004 2.34779157e-003 0.
    1.26300124e-003 0. 1.84197060e-003 8.93869321e-004 -4.65432007e-004
    4.55447997e-004 0. 1.12992385e-003 0. 0. 3.54784919e-004
    7.74219341e-004 0. -2.58456566e-005 1.26900745e-003 1.45192398e-003
    0. 0. 1.87406811e-004 -4.17051197e-004 0. 0. 0. 0. 1.45783799e-003
    1.39450899e-003 0. 0. 0. 0. 0. 1.32032228e-003 0. 0. 0.
    4.14543180e-003 0. 1.52836263e-003 2.35571945e-003 0. 0. 0. 0. 0.
    2.84179766e-003 0. 0. 0. 0. 1.64858153e-004 -5.98101287e-005 0.
    -4.86486078e-006 -1.30013004e-003 0. 0. 0. 2.29059151e-004 0. 0. 0.
    0. 0. 1.02741143e-003 1.23603258e-003 1.18329993e-003 0.
    1.00201217e-003 4.38692572e-004 2.03078520e-003 0. 1.22173631e-004
    0. 0. -3.38484795e-004 1.84213161e-003 0. 0. 1.91213726e-003 0. 0.
    0. -9.62934973e-006 0. 8.22813436e-003 0. -7.12520152e-004 0. 0. 0.
    1.20528019e-003 1.03276652e-004 6.16760226e-004 0. 0.
    1.68331433e-003 0. 0. 0. 1.20333640e-003 2.72360863e-004 0. 0.
    7.10168912e-004 -1.67519484e-005 2.26188349e-004 0. 0. 0.
    1.16534217e-003 1.78179750e-003 6.59584883e-004 0. 0. 0.
    1.36820495e-003 0. 1.36496485e-004 0. 0. 0. 0. 0. -7.72876956e-004
    0. 1.64275046e-003 4.93373198e-004 0. 0. -1.35855156e-003
    1.93632685e-003 3.72982910e-003 0. 0. 1.27242599e-003 0.
    4.95444809e-004 1.39008567e-003 1.20139786e-003 0. 0. 0.
    1.29387167e-003 0. 0. 5.44139708e-004 0. 2.16582138e-003 0. 0. 0.
    -1.95133651e-003 0. 0. 3.39091686e-003 2.33254884e-003 0. 0. 0. 0.
    1.33502108e-004 0. 0. 0. 1.15682022e-003 0. 8.19812529e-004
    2.60467932e-005 2.42739986e-003 0. 0. -1.37551877e-004
    8.98909231e-004 2.26818980e-003 6.37556147e-003 4.96880130e-005
    1.07749621e-003 0. 0. 1.80852032e-004 4.17309022e-003
    2.24229268e-004 1.81835075e-003 0. 0. 0. 0. 0. 0. 0. 0.
    -9.17929283e-005 1.24184822e-003 1.33753952e-003 0. 0.
    3.13493237e-003 0. 0. 0. 0. 0. -4.78861999e-004 0. 0. 0. 0. 0. 0. 0.
    1.22335518e-003 0. 5.19158039e-003 1.56379223e-003 0.
    -6.55642245e-004 0. 0. 0. 0. 0. 3.59359692e-004 0. 1.70340145e-003
    1.17579603e-003 -4.61042364e-005 0. 0. 0. 0. 0. 3.83672630e-003 0.
    0. 0. -9.81518300e-004 0. 0. 0. -2.31309859e-005 0. 8.77930725e-004
    7.50926964e-004 0. 0. 0. 0. 0. 0. 0. 0. 4.27323859e-003
    1.32075883e-003 0. 0. 0. -1.55648995e-005 0. 0. 0. 0. 0.
    8.29281635e-004 1.86078856e-003 1.72210834e-003 0. 0.
    1.34526100e-003 8.44663591e-004 -5.86310693e-004 3.79534671e-004 0.
    0. 0. 0. 0. 2.16256813e-004 0. 3.67746397e-004 0. 6.61410531e-003 0.
    9.26356763e-004 1.10408152e-003 0. 1.24193414e-003 1.82262927e-004
    0. 0. 0. 0. 0. 0. 0. 5.69831289e-004 4.87595098e-004 4.65092110e-003
    0. 1.91501318e-003 0. 2.98416504e-004 3.21038911e-004 0. 0. 0.
    2.14786356e-004 0. -1.31763401e-004 1.05761830e-003 0.
    5.59738139e-004 0. 0. 0. 0. 0. 8.01004411e-004 0. 0. 0. 0. 0. 0.
    1.57141068e-003 2.14634556e-003 0. 0. 4.87041165e-004
    3.62471503e-004 4.02982754e-004 0. 0. 1.30727992e-003
    1.69956023e-004 0. 0. 2.97330949e-003 0. 0. 0. 0. 5.04858268e-004 0.
    0. 0. -2.13178952e-004 0. 0. 0. 0. 2.28272448e-003 2.48753978e-003
    0. 0. 0. 0. 2.98324483e-003 6.32714201e-003 0. 0. 4.30175336e-004 0.
    1.04575336e-003 0. 1.75881223e-003 0. 0. 0. 0. 1.01369305e-003
    4.55939490e-003 1.27760088e-003 0. 0. 0. 0. 0. 0. 0. 0. 0. 0. 0. 0.
    0. 1.82106916e-003 1.34033617e-003 1.58018328e-003 0. 0.
    2.75362079e-004 2.91878823e-003 0. 1.01839181e-003 2.06114282e-003
    0. 0. 0. 2.60729296e-003 7.95031898e-004 0. 0. 0. 0. 3.10863863e-004
