<?xml version="1.0"?>
<opencv_storage>
<imageDescriptor type_id="opencv-matrix">
  <rows>1</rows>
  <cols>2000</cols>
  <dt>f</dt>
  <data>
    3.32135614e-003 0. 0. 0. 0. 0. 0. 2.20089545e-003 7.11750751e-003 0.
    0. 0. 0. 0. 0. 0. 0. 9.60707944e-003 0. 5.30651538e-004 0.
    4.26901010e-004 1.46654015e-003 0. 0. 0. 1.85622869e-003 0. 0.
    6.67841348e-004 0. 5.34643419e-003 0. 0. 0. 0. 0. 3.88370268e-003
    3.30729573e-003 0. 0. 0. 0. 0. 0. 0. 0. 0. 2.14702100e-003 0.
    -9.51370312e-005 5.91782504e-004 0. 0. 0. 0. 0. 0. 0. 0. 0. 0. 0.
    5.26331540e-004 2.72130332e-004 1.29140576e-003 1.71996409e-003 0.
    0. 0. 6.69514702e-004 0. 0. 0. -4.63663833e-004 0. 0.
    8.94963567e-004 0. 0. 0. 2.16949685e-003 0. 2.37818807e-003 0. 0. 0.
    0. 0. 0. 0. -1.95658242e-004 0. 0. 4.99905832e-003 8.50197568e-004
    1.75137410e-003 0. 0. 8.16643646e-004 0. 0. 8.46260227e-003
    3.57801374e-003 1.52293453e-003 -6.20575811e-005 0. 0. 0. 0.
    3.07448005e-004 -7.98926339e-004 0. 3.05759866e-004 0. 0. 0.
    8.75971280e-004 0. 0. 0. 0. 0. 0. 4.65199165e-003 8.39141721e-004
    2.66926619e-003 0. 1.02711516e-003 0. 0. 0. 0. 0. -1.03014012e-004
    0. 0. 1.15948578e-003 0. 0. 0. 0. 0. 0. 0. 0. 0. 0. 0. 0.
    -8.00808833e-004 7.02844048e-003 0. 0. 0. 0. 0. 0. 2.17158871e-004
    0. 0. 0. 8.31120589e-004 4.50045714e-004 0. 0. 0. 3.45354667e-003 0.
    0. 0. 0. 0. 0. -6.46373199e-004 0. 0. 0. 0. 0. 0. 0. 0.
    -1.03672946e-005 2.39057001e-003 0. 0. 0. 0. 3.03787156e-003 0. 0.
    0. 1.18576305e-003 2.43615732e-003 3.95266165e-004 0. 0. 0. 0. 0. 0.
    1.13615685e-003 0. 0. 0. 0. 0. 0. 0. 0. 0. 0. -1.51772017e-003
    -4.13332251e-004 0. 0. 0. 0. 0. 0. 0. 0. 0. 0. 8.09384277e-004 0. 0.
    0. 0. 0. -4.78751870e-004 0. 2.56192288e-003 2.61281501e-003 0.
    6.87831431e-004 0. 3.56519944e-003 2.63042049e-003 0. 0.
    7.76539440e-004 0. 0. 8.07455741e-004 0. 0. 2.61278881e-004 0. 0. 0.
    8.19636916e-004 0. 0. 0. -1.33567446e-004 4.25844360e-003 0.
    1.16647116e-003 1.09893375e-003 0. 7.31154019e-003 1.31895416e-003
    0. 1.65052677e-003 1.36311096e-003 0. 0. 1.16351421e-003 0.
    1.36560247e-005 0. 0. 0. 0. 4.51793021e-004 2.77318410e-003
    3.55407572e-003 0. 2.21319054e-003 0. -7.33477820e-004 0.
    1.03675723e-002 0. 1.91080850e-003 0. 0. 0. 0. 0. 0. 0. 0.
    1.24025915e-003 0. 1.75215455e-003 0. 3.66081088e-003 0. 0. 0.
    1.88087055e-003 0. 0. 0. 0. 0. 0. 0. 2.30527832e-003 3.29153985e-003
    0. 0. 0. 0. 0. -6.87114371e-004 0. 0. 0. 0. 0. 0. 1.95200194e-003 0.
    0. 1.47247640e-003 0. 0. 8.19262699e-004 0. 1.74485880e-003
    9.45511088e-003 0. 0. 0. 0. 0. 0. 0. 3.89047829e-003 1.11837138e-003
    0. 0. 0. 0. 0. 0. 0. 0. 0. 0. 0. 9.34367301e-004 0. -2.36946135e-003
    0. 0. 0. 0. 0. 0. 0. 5.48994401e-003 1.69136003e-002 0. 0.
    1.90393301e-003 0. 0. 8.08095373e-003 0. 1.80111674e-003 0.
    2.29355041e-003 1.98359811e-003 0. 0. 0. 0. 0. 6.52949908e-004 0.
    2.72252783e-003 0. 2.10745796e-003 2.15282058e-003 0.
    3.56272445e-003 7.37554103e-004 0. 0. 9.09025548e-005 0.
    3.49321589e-003 0. 0. 0. 7.77689973e-003 -4.11936402e-004 0. 0. 0.
    0. 0. 0. 0. 0. 1.74209173e-003 0. 0. 3.04849609e-003 3.86804133e-003
    0. 0. 0. 0. 2.38214480e-003 4.82617831e-003 0. 4.37393179e-003 0.
    1.45985931e-003 0. 1.49037573e-003 1.08983542e-003 3.64145543e-003
    0. 0. 0. 3.31886439e-003 0. 2.14824639e-003 0. 0. 0. 2.22287001e-003
    0. 0. 0. 0. 2.96383444e-003 0. 0. 0. 0. 0. 0. 4.09266306e-003 0. 0.
    0. 0. 0. 0. 0. 3.88618279e-003 0. 1.51637162e-003 0. 0.
    2.20736675e-003 2.00462784e-003 7.64424796e-004 5.38083550e-004 0.
    0. -7.41839292e-004 0. 0. 0. 0. 0. 0. 3.59572191e-003 0.
    9.16984456e-004 0. 3.64186615e-003 0. 0. 2.26742239e-003 0. 0.
    1.21502217e-003 0. 0. 2.49537593e-003 0. 0. 0. 1.31426775e-003
    8.57258623e-004 0. 0. 0. 1.89293129e-003 2.51189619e-003 0.
    -1.43557927e-003 0. 0. 0. 0. 0. 0. -7.47413796e-005 4.94924374e-004
    0. 0. 0. 3.62575141e-004 0. 0. 0. 0. 0. 0. 0. 1.03337609e-003
    3.30976886e-003 0. 0. 0. 0. 0. 0. 0. 0. 0. 3.81667772e-003
    -3.77919991e-004 0. 3.92095745e-003 0. 0. 0. 3.03934299e-004 0.
    4.42424789e-003 0. 0. 0. 0. 0. 0. 8.50618468e-004 4.68079001e-003 0.
    -7.19994496e-005 0. 1.17199449e-003 -6.26258334e-005
    -1.87902222e-003 -8.32143996e-005 0. 0. 2.27326018e-004 0.
    1.92455912e-003 2.75778258e-003 0. 4.16394585e-004 0. 0. 0.
    1.05513458e-003 0. 0. 0. 5.78633219e-004 5.41603705e-003 0. 0.
    2.60874862e-003 0. 0. 0. 1.07356382e-003 -8.83718545e-004
    3.64903314e-003 0. 0. 0. 4.03820828e-004 0. 7.89716491e-004 0. 0.
    3.74611584e-003 0. 0. 0. 2.15874286e-003 0. 0. 0. 0. 0.
    7.22557120e-003 0. 0. 0. 4.58995230e-004 0. 0. 0. 1.37704876e-004 0.
    1.07417163e-003 6.93399459e-004 0. 0. 0. 0. 1.24471495e-003 0. 0.
    4.52261156e-004 0. -1.09207293e-003 0. 5.38573600e-004
    5.25684375e-003 1.20167690e-003 3.63900821e-004 0. 0. 0.
    8.33885861e-004 0. 0. 0. 0. 0. 0. 0. 0. 0. 1.54637371e-003
    3.79993377e-004 0. 0. 0. 0. -1.17625401e-003 0. 1.22363667e-003 0.
    0. 2.43980717e-003 0. -1.00178225e-003 1.95068016e-003 0. 0. 0. 0.
    4.84179545e-005 3.07382271e-003 2.80781271e-004 0. -7.78291258e-004
    0. 0. 0. 1.91235845e-003 2.60265893e-004 0. 0. 0. 0. 0.
    1.15203520e-003 -2.48179334e-004 0. 0. 0. 7.10498192e-004 0. 0. 0.
    4.01874022e-005 0. 0. 0. 0. 0. 0. 0. 9.65104729e-004 0.
    1.14860176e-003 0. 0. 0. 0. 0. 0. 0. 1.15124846e-003 0.
    2.09642737e-003 0. -1.79820752e-003 0. 0. 0. 0. 6.03171473e-004
    2.40051164e-003 0. 0. 0. 2.04065512e-003 0. 0. 0. 7.50792259e-003 0.
    0. 0. 0. 0. 0. 0. 0. 0. 3.10196076e-003 1.39907561e-003 0. 0. 0. 0.
    1.91960100e-003 0. 0. 0. 0. 0. 5.00582671e-003 2.74760043e-003 0.
    1.75287575e-003 0. 0. 0. 0. 0. 0. 0. 7.06955383e-004 0. 0.
    6.89879584e-004 0. 0. 0. 0. -2.66564405e-003 0. 1.95249741e-003 0.
    2.13193870e-003 1.33542344e-003 0. 0. 0. 0. 0. 0. 0. 0.
    1.83434936e-003 0. 7.56480906e-004 3.48344189e-003 0.
    3.83575447e-004 1.25479477e-003 3.43004055e-003 0. 0. 0. 0. 0. 0. 0.
    0. 1.89542072e-003 0. 0. 3.26013402e-003 0. 7.77497480e-004
    3.61535465e-003 0. 0. 0. 2.02525593e-003 0. 5.83305628e-005 0.
    5.50258264e-004 0. 0. 1.29347050e-003 0. 0. 0. 8.36842868e-004 0.
    -1.70366757e-003 0. 1.17300299e-003 0. 0. 3.19542037e-003 0. 0.
    7.92912906e-004 0. 0. 0. 7.70430546e-004 0. 0. 0. 0. 3.77228088e-003
    0. 0. 0. -7.52770284e-004 0. 0. -1.06453983e-004 0. 1.59182551e-003
    9.66566207e-004 0. 0. 0. 0. -2.13067586e-004 0. -5.82988700e-003 0.
    0. 0. 0. 0. 6.47478690e-003 0. 0. 0. 0. 0. 0. 3.02498671e-003 0.
    2.00395891e-003 0. 0. 1.99556327e-003 0. 0. 1.29471254e-003
    1.36394450e-003 6.10103598e-003 4.77273454e-004 0. 2.89939274e-003
    0. 1.63480395e-003 6.78142416e-004 0. 0. 3.77428252e-003 0. 0.
    4.03882610e-003 0. 3.63458996e-003 0. 0. 0. 0. 0. 0.
    -1.79442468e-005 0. 0. 0. 0. 0. 0. 0. 0. 5.14788495e-004 0.
    3.56133841e-003 0. 0. -1.29394757e-003 -8.23824783e-004 0.
    1.89143606e-003 -1.01418339e-003 0. 0. 0. 0. 1.37498160e-003 0. 0.
    0. 0. 0. 5.53565286e-003 0. 0. 0. -1.13493654e-004 0. 0. 0.
    1.34828826e-003 0. 0. 0. 0. 0. 2.17539561e-003 0. 0. 0.
    -1.23790302e-003 1.48255343e-003 0. 0. -1.65454898e-004
    9.68139968e-004 1.43480417e-003 0. 0. -6.05163805e-004 0. 0.
    1.69758208e-003 0. 0. 1.88271294e-003 0. 0. 0. 1.47328072e-003 0. 0.
    0. -7.78394693e-004 5.45686635e-004 1.65792275e-003 0. 0.
    2.91677495e-003 0. 0. 0. 0. 0. 0. 0. 0. 0. 1.51999993e-003 0.
    4.71458910e-003 0. 1.53435627e-003 0. 0. 0. 0. 0. 0. 0.
    -3.71063041e-004 0. 2.72713741e-003 1.66517182e-003 0.
    2.25232262e-003 0. 0. 0. 1.15387072e-003 0. 0. 0. 0. 0. 0. 0. 0. 0.
    0. 0. 3.30672972e-003 0. 2.37752264e-003 0. 0. 2.93390034e-003
    5.63263777e-004 0. 1.35371624e-003 0. 0. 0. 0. 2.23256205e-003 0. 0.
    0. 0. 0. 1.93756202e-003 1.42534531e-003 0. 0. 0. 0. 0. 0. 0. 0. 0.
    0. 0. 0. 7.89766014e-003 1.09318353e-003 0. 0. 0. 2.02701637e-003 0.
