<?xml version="1.0"?>
<opencv_storage>
<imageDescriptor type_id="opencv-matrix">
  <rows>1</rows>
  <cols>2000</cols>
  <dt>f</dt>
  <data>
    0. 3.39513365e-003 0. 2.56158458e-003 0. 0. 0. 2.43111234e-003 0.
    2.15340662e-003 0. 0. 0. 5.49519085e-004 1.73459190e-003 0.
    1.60713901e-003 0. -6.49375201e-004 0. 0. 0. 0. 0. 1.35848380e-003
    0. 3.25196842e-003 0. 0. -4.03854821e-004 0. -1.33841415e-003
    1.32804504e-003 1.38494780e-003 0. 0. 1.41202268e-004 0.
    1.63873669e-003 1.91944675e-003 0. 0. 4.03269136e-004
    1.25087495e-003 1.35750510e-004 1.26596121e-003 2.71580939e-004 0.
    0. 0. 1.78725249e-003 3.53885931e-003 0. 2.65274988e-003
    -1.01160328e-003 0. 0. 2.72907922e-003 0. 7.81733659e-004 0. 0.
    6.03180924e-005 2.60653696e-003 0. 3.99619294e-003 0.
    -5.33019484e-004 4.41750744e-004 0. 1.23477157e-003 0.
    1.87762629e-003 0. 0. 0. 0. 0. 0. 0. 0. 1.93891046e-003 0.
    1.97700015e-003 3.63493897e-003 7.12164852e-004 -1.12287831e-004 0.
    0. 9.93512454e-004 1.14568055e-003 2.94337817e-003 7.13623886e-005
    0. 1.64838496e-003 0. 8.98978615e-004 0. 3.68159474e-003 0. 0. 0. 0.
    0. 2.38659349e-003 1.10797654e-003 5.16341534e-004 0.
    1.38291088e-003 0. 1.82217220e-003 -7.07633793e-004 -6.23420696e-004
    0. 0. 6.23648288e-004 4.48262133e-003 0. 0. 5.58314554e-004 0. 0. 0.
    0. 0. 0. 1.11752271e-003 0. 1.13541377e-003 0. 0. 8.76000966e-004
    1.23427657e-003 0. 0. 2.64113839e-003 0. -1.21644663e-003
    -1.03447365e-003 0. 1.18831673e-003 0. 0. 1.72374086e-004
    -2.06025946e-003 0. 0. 0. 0. 0. 1.50396244e-003 0. 0.
    8.03373696e-004 3.51812411e-003 0. 0. 0. 2.24459654e-004 0. 0. 0.
    5.10640384e-004 0. 2.51481833e-004 2.39536297e-004 0.
    1.55238551e-003 0. 8.85667396e-004 0. 0. -1.02407997e-003
    1.79791125e-003 0. 0. 0. 0. 0. -1.08852808e-003 0. 0. 0.
    3.70320771e-003 0. 5.24725392e-003 3.23335058e-003 0. 0. 0. 0. 0. 0.
    0. 3.70847294e-004 2.83381832e-003 1.02862556e-004 0. 0. 0. 0. 0. 0.
    0. 0. 6.12765958e-004 1.05134363e-003 0. 0. 0. 0. 0.
    -2.87508965e-003 -1.62622880e-003 0. 0. 0. 3.40179121e-003 0.
    2.66068219e-003 0. 1.57800518e-004 0. -5.56287356e-004
    1.12989789e-003 0. 0. 0. 0. 0. 0. -3.29618994e-003 0.
    2.43025762e-003 -1.37926184e-003 3.05581698e-003 1.85484195e-003 0.
    0. 0. 8.08810873e-004 7.82948686e-004 4.71863546e-004
    -3.33530857e-004 6.15875144e-003 2.09740968e-003 0. 9.56908334e-004
    -4.26134968e-004 4.80919734e-005 0. 0. 0. 1.57468184e-003 0. 0.
    6.37553912e-003 0. 0. 4.28802770e-004 0. 0. -1.19493401e-003
    5.19542024e-004 0. 0. 0. 0. 0. 0. 5.11080492e-004 1.53482624e-003 0.
    2.41269055e-003 0. 0. 9.24327003e-004 -1.05428125e-003 0. 0.
    4.18130308e-003 0. 8.51581339e-004 3.49459052e-003 -2.43203511e-004
    1.34023407e-003 1.38730247e-004 0. 0. 0. 0. -3.78725599e-005 0. 0.
    3.89913039e-004 0. 0. 0. 9.90557368e-004 0. 0. 0. 0. 1.11270323e-003
    0. 0. 4.15003247e-004 0. 2.16179906e-004 1.98973669e-003 0.
    3.05999536e-003 -1.29569951e-003 0. 3.30202351e-003 0. 0.
    2.15640245e-003 0. 0. 0. 0. 4.80651594e-004 7.59794784e-005 0. 0. 0.
    0. 0. 0. 1.32676840e-004 2.55844183e-003 1.06580055e-003 0.
    -1.18073798e-003 0. 1.43237843e-003 2.70836218e-003 0. 0. 0. 0. 0.
    1.17777637e-003 0. 0. -8.76032747e-004 0. 0. 0. 3.36156081e-004
    5.29570389e-004 0. 0. 0. 0. 6.26135850e-003 5.96663704e-005 0.
    3.32974084e-003 0. 0. 0. 0. -1.71186286e-004 0. 0. 0. 0. 0. 0.
    1.12126896e-003 1.32226525e-003 0. 0. 0. 2.76073604e-003 0.
    2.62745470e-003 0. 0. -1.89698854e-004 7.80923408e-004
    -7.17117837e-006 0. -6.36744895e-004 1.14795985e-003 0. 0. 0. 0. 0.
    0. 0. 0. 0. 0. 0. 1.11363677e-003 0. 1.89462362e-003 1.81558274e-003
    0. 0. 0. 0. 0. 1.13746896e-003 7.78002955e-004 4.80496208e-004
    8.57164618e-003 4.65067150e-003 0. 0. 0. 0. 0. 0. 4.01190715e-003
    2.33994517e-003 1.33530854e-003 0. 7.86363613e-004 5.42384922e-004
    0. 0. 3.67891369e-003 0. 0. 9.68625071e-004 1.11228041e-003 0. 0.
    6.70895330e-004 0. -5.04329160e-004 1.05640001e-003 0. 0. 0. 0. 0.
    0. -5.78772218e-004 0. 0. 0. 0. 0. 0. 0. 0. 1.31535891e-003 0. 0. 0.
    1.69198611e-005 7.38320465e-004 0. 1.53810528e-004 0. 0. 0. 0.
    1.81909429e-003 6.91791065e-004 2.52571981e-003 0. 0.
    1.42702169e-003 0. 0. 2.69216788e-003 0. 0. 0. 6.10692427e-004 0.
    3.14641371e-003 -1.83192652e-003 7.39510928e-004 0. 0.
    4.06420091e-003 0. 0. 0. 0. 3.82537278e-003 0. 0. 1.46628416e-003
    2.71571428e-003 0. 0. 0. 3.05852736e-003 1.14304328e-003
    2.23948667e-003 0. 0. 0. 1.84109114e-004 0. 3.56918876e-003
    1.61034812e-004 0. 9.46737884e-004 0. 0. 7.32162327e-004 0.
    1.65948900e-003 0. 0. 2.26098415e-003 0. -1.76387766e-004 0.
    2.26567267e-004 3.93842440e-003 0. 0. 1.29230204e-003 0. 0. 0.
    1.69624000e-005 4.62195865e-004 1.73223985e-003 0. 3.67296836e-003
    0. 2.55859853e-003 0. 0. 0. 3.65107926e-003 0. 0. 0. 0.
    1.19756872e-003 1.49746239e-003 3.39542655e-003 0. 0. 0. 0.
    1.83716870e-003 2.84213078e-004 0. 0. 0. 0. 2.43189186e-003 0. 0. 0.
    3.68025666e-003 1.98047783e-004 0. 0. 0. 1.86024408e-003
    7.43724115e-004 0. 0. 7.67311139e-004 0. 1.10629143e-003 0. 0. 0.
    2.84021348e-003 0. 0. 5.72168967e-004 0. -4.15828690e-004
    2.90570990e-003 0. 0. 0. 0. 0. 0. 1.70150644e-003 0. 0.
    1.60341791e-003 -1.40217936e-003 0. -1.07444427e-003 0.
    -3.43445950e-004 0. 0. 0. 0. 1.22940273e-003 0. 0. 0.
    8.06250609e-004 0. 0. 0. -2.37380009e-004 -2.75463299e-005
    -6.68964756e-004 0. -4.55846457e-004 0. 0. 0. 0. 1.06646901e-003 0.
    4.36235312e-003 -6.96835050e-004 0. 0. 0. 1.02824136e-003
    5.44068578e-004 0. 0. 7.30397122e-004 3.82055616e-004
    -5.80943481e-004 1.12107059e-003 1.32044835e-004 0. 3.44097702e-004
    0. 6.62079314e-004 0. -2.37211541e-004 0. 1.04350981e-003 0. 0.
    1.05821113e-004 0. 0. 0. 0. 6.73641684e-004 0. 0. 0. 3.95268493e-004
    0. 0. 1.83515681e-003 1.90606294e-003 0. 2.45387666e-003 0.
    -1.32335559e-003 0. 0. 0. -3.44549830e-004 0. 0. 0. -1.01288268e-003
    0. 0. 0. 0. 0. 9.01842082e-004 0. 5.03738585e-004 0. 6.23619242e-004
    -7.72792555e-005 1.90695559e-004 0. 0. 0. 0. 1.32694200e-004 0.
    1.40302093e-003 0. 1.27200808e-004 0. 0. 0. 1.90600497e-003 0. 0. 0.
    0. 3.23477574e-003 1.16707548e-003 0. -7.49692495e-004
    2.70335213e-003 0. 1.68787304e-003 0. 1.74599385e-003 0. 0.
    9.97476163e-004 0. 0. 0. -7.56320311e-004 3.42487241e-003 0.
    -1.11369067e-003 0. 0. 0. 7.07927393e-003 0. 3.47542646e-003 0. 0.
    9.74311668e-004 0. 7.47845799e-004 0. 2.29392259e-004 0. 0. 0. 0. 0.
    0. 0. 2.15718086e-004 -3.45377543e-004 2.88332952e-003 0. 0. 0. 0.
    1.18991651e-003 0. 0. 0. 0. 0. 6.94703427e-004 0. 1.80189661e-003 0.
    0. 0. 3.86092905e-003 0. 0. 0. 5.66768413e-003 0. 0. 0. 0. 0.
    2.67736265e-003 6.15967298e-003 0. 0. 1.22645497e-003 0.
    1.22227822e-003 0. 3.76686541e-004 0. 0. 2.63432809e-003
    -2.59773311e-004 0. 1.43037154e-003 0. 6.12825528e-003
    1.82494847e-003 1.68926927e-004 1.70867157e-003 0. 0. 0. 0. 0. 0.
    6.19158091e-005 0. 0. -3.30867071e-004 0. 4.85453347e-004 0.
    1.16481248e-003 0. 0. 0. -1.46570937e-005 4.95595799e-004 0.
    2.21147155e-003 0. 1.46326318e-003 0. 5.40069188e-004
    2.38846010e-003 0. 0. 1.83332723e-003 0. 1.80546055e-003
    5.92802302e-004 0. 0. 0. 0. 1.09671452e-003 7.68700731e-004
    3.06283910e-004 1.18473929e-003 0. 0. 8.97741469e-004 0.
    5.04405098e-003 3.95611190e-004 0. 9.85523337e-004 0. 0. 0. 0. 0.
    -3.10590811e-004 -1.72386834e-004 0. 0. 0. 0. 0. 0. 0. 0.
    3.00839776e-003 0. 0. 1.50235451e-003 0. 0. 0. 0. 0. 0. 0. 0.
    1.59376636e-004 9.59914061e-004 0. 0. 0. 0. 0. 0. 6.42758037e-004
    1.29234249e-004 0. 0. -4.15039336e-004 2.38128565e-003 0. 0. 0. 0.
    3.57737794e-004 0. 0. 6.77503739e-003 0. 0. 2.48199934e-003 0.
    1.26376655e-003 3.04578268e-003 0. 0. 0. 0. 0. 0. 2.16206163e-003
    1.66468357e-003 -1.83672280e-004 2.60677398e-003 0. 0.
