<?xml version="1.0"?>
<opencv_storage>
<imageDescriptor type_id="opencv-matrix">
  <rows>1</rows>
  <cols>2000</cols>
  <dt>f</dt>
  <data>
    0. -1.64574740e-004 0. 0. 4.31348337e-004 0. 1.00965123e-003
    6.37619349e-004 0. 7.13957299e-004 0. 0. 1.25565322e-003 0.
    2.42522988e-003 0. 0. 1.75839325e-003 0. 0. 0. 0. 0. 0.
    1.90729985e-003 0. -2.40173875e-004 3.48632806e-003 -1.83858516e-004
    0. 0. 1.73342985e-003 0. 1.03971506e-004 0. 0. 1.85149012e-003 0. 0.
    5.19551628e-004 4.16571187e-004 -7.37314404e-004 0. 0. 0.
    -1.37274852e-003 -1.34444295e-003 0. 9.06246132e-004 4.15614777e-004
    -2.26928561e-004 0. 2.78415857e-004 -3.93780174e-005 0.
    7.70517858e-004 5.34999359e-004 0. 0. 0. 0. 0. -5.25872689e-004
    -3.02014203e-004 0. 0. 0. 0. 0. 0. 0. 1.83358777e-003 0.
    1.68556639e-003 9.13799624e-004 0. 0. 0. 0. 0. 5.13898558e-004
    -2.18990631e-003 0. 0. 1.10833708e-003 7.81759300e-005
    3.52074858e-003 0. -6.93694572e-004 0. 0. 0. 0. 0. 0. 0.
    1.33994175e-003 0. 7.57370028e-004 4.49736399e-004 0. 0.
    8.04529351e-004 0. 0. 4.08551702e-003 0. 1.68923125e-005
    6.72720047e-003 0. 0. 4.75521339e-003 0. -3.93498020e-004 0.
    3.77403107e-003 0. 0. -8.68791467e-005 1.64825600e-004 0. 0. 0. 0.
    -8.14060622e-004 0. 1.25985441e-003 0. 0. 6.63662911e-004
    -3.69015979e-005 2.32197880e-003 0. 0. 0. 8.12194718e-004
    -2.59994791e-004 0. -9.05320805e-004 0. 0. 0. 0. 0. 4.18928248e-004
    0. 0. 1.06917298e-003 0. 0. 3.73079791e-003 0. 7.10702792e-004
    5.71106910e-004 0. 0. 0. 1.17470801e-003 0. 0. 0. 4.00610548e-003 0.
    1.85524649e-003 0. 0. 0. 3.48869455e-003 0. 6.38973201e-004 0. 0.
    4.45444882e-003 5.47628268e-004 0. 6.31219300e-004 1.25736312e-003
    0. 0. 8.51296063e-004 0. 1.32984575e-003 0. -1.24343147e-003
    1.27452763e-003 0. 3.28959757e-003 0. 0. 0. 3.11664277e-004 0. 0.
    1.45950459e-003 0. 0. 2.73300405e-003 9.32984287e-004
    6.11590745e-004 3.45825945e-004 0. 0. 0. 6.87843701e-003 0.
    2.32262397e-003 1.98745122e-003 1.05035360e-004 -8.08083685e-004
    4.46418744e-006 0. 2.82582967e-003 0. 0. 0. 3.13774031e-003 0.
    2.65173917e-003 0. 4.09779139e-003 0. 7.37108232e-004
    7.53424247e-004 0. 1.77139323e-003 0. 0. 0. 3.86591279e-003 0. 0.
    1.80245377e-004 -7.92407354e-006 0. 0. 0. 0. 1.44001388e-003 0. 0.
    1.71077775e-003 4.29200381e-003 0. 0. 0. 6.80340640e-003
    1.24638551e-003 0. -9.54887772e-004 -7.87665835e-004 2.13288330e-003
    0. 0. 5.12826210e-003 0. 0. 3.34528880e-003 1.99350785e-003 0.
    -4.74205881e-005 0. 2.25171051e-003 0. 0. 0. 3.69231799e-004
    4.83451295e-004 0. 0. 0. 0. 2.83974991e-003 0. 8.30099569e-004
    1.39400049e-003 9.53262730e-004 0. 0. 2.30646622e-003 0. 0. 0.
    8.44792376e-005 1.68522494e-003 5.39613422e-003 -1.04678729e-004
    1.07250118e-003 7.24205934e-003 0. 0. 0. 8.24258314e-004
    1.44397025e-003 0. 0. 0. 0. 2.74927774e-003 3.37365433e-004
    3.38755245e-003 8.81333603e-004 0. 0. 0. 0. 0. 3.05537193e-004 0. 0.
    5.57194045e-003 0. -9.93454712e-004 1.16744144e-004 0.
    -7.12113833e-005 0. 0. 1.43309264e-003 -3.83282139e-004 0.
    -2.60801101e-003 1.00464118e-003 0. 6.06934074e-003 0.
    2.99027469e-003 1.66453572e-003 3.45015025e-004 1.66277459e-003 0.
    3.29688628e-004 0. 8.27664160e-004 4.85838973e-004 1.80964288e-003
    0. 4.22796205e-004 4.06729436e-004 0. 0. 9.54923162e-004
    -8.58926098e-004 0. 0. 1.34801352e-003 0. 0. 0. 0. 0.
    2.10492942e-003 8.65282258e-004 1.91356405e-003 5.30714355e-003 0.
    0. 6.37406702e-005 -1.41873024e-003 1.03372533e-003 -8.96627607e-005
    9.79574863e-004 0. 5.13903238e-003 -9.12445190e-004 9.18961538e-004
    0. 5.15579304e-004 4.30766959e-003 7.25119462e-005 3.50731472e-003
    9.36209981e-004 5.17353602e-003 0. 1.49736903e-003 -4.27650026e-004
    1.57492934e-003 1.77530770e-003 0. 0. 0. 3.43736261e-004
    7.14149792e-004 6.06236572e-004 0. 0. 0. 0. 0. 1.47102168e-004 0.
    -5.97001985e-004 0. 0. 4.35852772e-003 1.31134305e-003 0. 0.
    2.64272996e-004 7.70490908e-004 0. 0. 0. 2.64987582e-003 0. 0.
    1.15041086e-003 0. 0. 0. 0. 1.61407690e-003 9.25276836e-004 0. 0.
    1.71812554e-003 0. 0. 0. 2.05700030e-003 0. 0. 1.29344771e-004
    2.10158154e-003 3.32935504e-003 0. 0. 1.03552425e-002 0. 0. 0. 0. 0.
    0. -2.06018922e-005 4.13304055e-003 0. 0. 0. 4.42383438e-003 0. 0.
    0. 0. 0. 0. 1.85067323e-003 0. 0. 4.21246001e-003 -3.90794041e-004
    4.34550038e-003 0. 1.14721421e-003 0. 0. 2.24777567e-003 0.
    1.39002164e-003 0. 0. 1.97729981e-003 0. 0. 0. 0. 2.33984552e-003 0.
    2.90273875e-003 0. 0. 0. 1.12086663e-003 1.41655793e-003 0. 0. 0.
    1.58191239e-003 0. 0. 6.83578488e-004 0. 0. 0. 0. 0. 0.
    8.21375230e-004 0. 0. 2.78541818e-003 0. -1.57890900e-004
    4.45559679e-004 4.59130574e-003 0. 0. 2.13573291e-003 0.
    1.61105898e-004 -4.31475142e-004 0. 1.15304103e-003 2.05166871e-003
    0. 4.89162374e-003 2.01615808e-003 4.54317254e-004 0.
    1.17858825e-003 0. 4.76171076e-003 0. 3.68635141e-004 0.
    7.67096470e-004 7.64607498e-003 0. 0. 0. 0. 3.38291633e-004 0.
    4.39537747e-004 0. 0. 2.83667876e-004 0. 6.44412939e-004 0.
    3.14550637e-003 0. 5.62631059e-003 0. 0. 1.53625116e-003 0.
    3.50591191e-003 0. 0. 0. -4.53742177e-005 0. 0. 5.10435348e-006 0.
    0. 0. 0. 4.14799294e-003 0. -3.79287725e-004 -1.37287064e-003 0. 0.
    0. 0. 0. 1.20000262e-003 -6.13999218e-005 9.75539209e-004 0. 0. 0.
    0. 0. 0. 0. 0. 0. 0. 1.54914183e-003 1.81771081e-003 4.96663328e-004
    0. 1.59902137e-003 0. 0. 0. 0. 0. 0. -6.47133507e-004 0. 0. 0. 0. 0.
    0. -8.25780371e-005 0. 6.09773968e-004 0. 0. -6.51605427e-004 0. 0.
    0. 4.01991233e-003 0. -1.59309478e-004 0. 4.24518250e-003 0.
    1.91619701e-003 3.12400254e-004 0. 0. 0. 9.69434739e-004
    2.36732699e-003 0. 0. 0. 0. 0. 0. -2.97972088e-004 0.
    -3.61413986e-004 8.19340162e-003 0. 0. 0. 5.93535893e-004
    9.62325744e-003 3.07260547e-003 0. 0. 0. 2.05481527e-004
    -6.23296597e-004 5.25698706e-004 1.88111688e-003 0. 0. 0.
    1.47808561e-004 0. 0. 4.34535177e-005 0. 0. -2.11594277e-004 0. 0.
    1.80744290e-004 0. 0. 0. 0. 0. 0. 0. 0. 0. 5.09025995e-003 0. 0.
    1.25868083e-003 0. -1.20478543e-003 2.48341961e-003 1.55884458e-003
    0. 0. 1.52225373e-003 0. 0. 0. 0. 0. 9.01917869e-004 6.12205986e-005
    0. 0. 0. -2.41397734e-004 1.06989872e-003 0. 0. 3.18636536e-003
    3.29940952e-003 0. 0. 0. 0. 0. 1.38523450e-004 0. 0. 0.
    6.79838995e-004 0. 0. 6.04211455e-005 -6.77206917e-005 0. 0. 0. 0.
    0. 4.93289437e-003 0. 1.15656748e-003 0. 3.67345026e-004 0. 0.
    -8.17819891e-005 0. 0. 0. 0. 0. 0. 0. 7.29711610e-004 0. 0.
    3.73434834e-003 6.23014057e-005 -1.98298623e-003 7.49550934e-004
    4.85485143e-005 0. 0. 3.62996152e-003 7.81588024e-004 0. 0. 0.
    1.51149044e-003 0. 0. 2.33670487e-003 0. 0. -1.39737385e-004 0. 0.
    0. 0. 9.57411539e-004 0. 3.52482847e-003 0. 0. 0. 0. 0. 0.
    9.26750770e-004 0. 0. -2.87007773e-004 0. 2.17002607e-003
    1.93486596e-003 0. -5.21484180e-004 0. 0. 0. 0. 0. 0.
    1.86928455e-003 0. 0. 0. 3.10790725e-003 0. 3.88483633e-004 0. 0.
    1.55657425e-003 -7.57939357e-004 4.75179870e-003 -1.42487348e-003 0.
    5.02720126e-004 0. 0. 6.60769510e-005 1.29984657e-003 0.
    9.14354459e-004 2.65480927e-003 0. 0. 1.42573466e-004
    4.94754873e-004 3.68180161e-004 -5.48971759e-004 0. 0. 0.
    8.07829376e-004 0. 0. 0. 0. 5.16617263e-004 5.13959676e-004 0. 0. 0.
    0. 0. 0. 8.81636457e-004 3.90055263e-003 0. 0. 3.64947249e-004 0. 0.
    0. 0. 0. 3.86573188e-003 0. -2.13961175e-005 0. 0. -1.24660601e-005
    0. 0. 1.31927244e-003 0. 8.77528510e-004 0. 0. 1.07339642e-003
    3.06502031e-003 2.49482528e-003 0. 0. 0. 0. 0. 0. 0. 3.84550629e-004
    1.61028502e-003 0. -1.07181852e-003 0. 7.85940094e-004 0. 0.
    5.17371460e-004 1.34283677e-003 0. 0. 0. 3.78905889e-003 0. 0. 0. 0.
    0. 0. 0. 0. 0. 0. 2.96567334e-003 0. 0. 1.23879442e-003 0. 0. 0.
    4.76229965e-004 3.44260479e-003 0. 0. 0. 0. 0. 1.61413496e-004 0. 0.
