<?xml version="1.0"?>
<opencv_storage>
<imageDescriptor type_id="opencv-matrix">
  <rows>1</rows>
  <cols>2000</cols>
  <dt>f</dt>
  <data>
    1.13326055e-003 1.25478301e-003 2.06221739e-004 0. 5.27543435e-003
    0. 9.62417034e-005 0. 0. 0. 0. 0. 2.53908656e-004 0. 0. 0. 0. 0. 0.
    1.29882526e-003 0. 0. 0. 0. 3.18321772e-003 0. 0. 0.
    -5.18439265e-005 0. 0. -4.55422181e-004 -3.27667251e-004
    3.64579191e-003 0. 0. 9.11141251e-005 -2.20661191e-003
    -4.27658932e-004 0. 6.67637389e-004 0. 0. 0. 0. 5.65662864e-004 0.
    0. 0. 0. 1.67365128e-003 0. 1.19791215e-003 4.24915599e-003
    3.81674443e-004 0. 0. 0. 0. 0. 0. 0. 0. 0. 5.83879184e-004 0. 0. 0.
    0. 1.10088859e-003 0. 6.76363532e-004 0. 4.07459767e-004 0.
    9.72328300e-004 0. 0. 6.56202959e-004 0. 0. -7.63219141e-004 0.
    5.06027951e-004 9.32713912e-004 1.16747688e-003 3.30300943e-004 0.
    8.07534030e-004 1.19759003e-003 0. 8.66158167e-004 7.42539531e-004
    1.52491336e-003 0. 0. -3.81927995e-004 0. 0. 0. 0. 0.
    9.12001182e-004 0. 0. 8.70267802e-004 0. 0. 0. 0. 0. 0.
    -1.05814797e-004 0. 0. 2.91166449e-004 5.22157003e-004
    -2.51057005e-004 0. 0. 0. 0. 0. 0. 0. 1.49447692e-003 0. 0.
    2.00166111e-003 0. 0. 1.32204825e-003 0. 0. 0. 0. 8.94083176e-004 0.
    0. 0. 2.21914775e-003 0. 0. -1.49282918e-003 2.70385738e-003 0. 0.
    1.40051590e-003 1.27741427e-003 0. -1.74999455e-004 2.25670403e-003
    1.63993146e-003 2.51652813e-003 0. 7.38636474e-004 0. 0. 0. 0. 0.
    1.93870801e-003 0. 0. 0. 0. 0. 2.86218128e-003 0. 3.53603810e-003 0.
    3.33239418e-003 0. 0. 0. 0. 1.09587796e-003 0. 8.47313262e-004 0. 0.
    1.90309773e-004 1.40182106e-004 0. 0. 0. 3.95680312e-003 0. 0.
    2.97170307e-004 4.96947578e-005 0. 1.11341232e-003 3.05120158e-003
    1.19341409e-003 2.16041133e-003 -1.44613371e-003 7.40550982e-004 0.
    1.79357929e-004 0. 0. 0. 0. 0. 3.62896151e-003 0. 0. 0. 0. 0. 0.
    5.92356431e-004 0. 0. 1.37518358e-003 8.98027094e-004
    1.25933113e-003 -4.60520532e-005 0. 4.35735658e-003 0. 0. 0.
    -4.93012543e-004 0. 6.55069016e-004 9.22843581e-004 0.
    1.89295423e-003 0. 0. 0. 0. 0. 6.17599906e-003 0. -9.58880933e-004
    1.45824137e-003 0. 3.84870335e-004 -2.41015936e-004 0. 0.
    3.35171178e-004 1.14207191e-003 0. 0. 0. 9.13243799e-004 0.
    9.77994781e-003 0. -1.32281182e-003 0. 0. 0. 0. 0. 1.28778326e-003
    1.06040563e-003 0. 0. 0. 3.24730878e-004 0. 0. 7.32522749e-004
    6.53282739e-004 -3.32032832e-005 0. 0. 0. 0. -4.67541104e-004 0.
    1.88270537e-003 2.17047962e-003 2.05588038e-003 0. -2.27109515e-004
    9.36529017e-004 1.24962069e-004 0. -3.96439660e-004 2.40546404e-004
    2.98166764e-003 -6.94550923e-004 0. 0. 2.65803561e-003 0.
    7.12255482e-004 0. 0. -2.26260308e-005 0. 0. -6.15710742e-004
    -1.34167448e-003 0. 1.05589838e-003 0. 0. 0. 0. 0. 0. 0. 0. 0. 0. 0.
    0. 4.38074640e-004 0. 1.29883841e-003 0. -1.60028518e-003
    2.29579234e-003 0. 0. 0. 0. 0. 0. -8.57114574e-005 1.40576530e-003
    0. 2.40773452e-003 0. 1.18718785e-003 1.28175667e-003 0. 0. 0.
    3.19249957e-004 0. 0. 1.20711012e-003 0. 1.81661302e-003 0. 0.
    1.43030193e-003 6.66498963e-004 2.03702389e-003 6.49994996e-004 0.
    3.57786729e-003 -7.85812063e-006 8.04401934e-005 2.48041819e-003 0.
    1.11318834e-004 0. 3.18246731e-003 0. 2.85122823e-003 0.
    -5.16351254e-004 0. 3.57563753e-004 1.11206516e-003 0. 0. 0. 0. 0.
    1.24099955e-003 0. 2.52600526e-003 0. 0. 1.19080313e-003 0. 0.
    8.96810496e-004 0. 0. 0. 6.40924845e-005 3.49785853e-003 0.
    1.10389628e-004 0. 0. 5.92804397e-004 5.81892818e-005 0. 0. 0.
    1.85608631e-003 0. 0. 0. 1.48038880e-003 0. 0. 0. 0. 0. 0.
    1.03600579e-003 0. 0. 0. 0. 0. 2.20419024e-003 0. 2.93605682e-003 0.
    -5.68744377e-004 0. 0. 0. 0. 6.55591197e-004 2.20790599e-003 0. 0.
    8.92838347e-004 8.31380195e-004 0. -3.49076399e-005 -1.19572447e-003
    0. 7.41040509e-004 0. 1.38584559e-003 0. 0. 0. 0. 0. 0. 0.
    8.52038676e-004 0. 5.48100914e-004 0. 0. 0. 6.55195722e-003 0.
    6.49198715e-004 0. 1.27506058e-003 0. 0. 0. 0. 6.46485656e-004 0. 0.
    -1.53972942e-004 4.98559978e-003 2.72407604e-004 8.97311897e-004 0.
    0. 0. 1.42167977e-004 1.90632476e-004 -2.95924750e-004
    3.24081164e-004 0. 2.63996306e-004 -3.64186926e-005 0.
    3.34453944e-004 0. 0. 0. 0. -1.69048959e-003 0. 0. 0. 0. 0. 0. 0. 0.
    1.23206771e-003 2.79163313e-003 0. 1.82770903e-003 0. 0.
    4.97724488e-003 0. 0. 0. 0. 0. 1.08122447e-004 1.82129419e-003
    2.00229487e-003 1.16388500e-003 0. 4.73409629e-004 5.43760136e-003
    3.49642895e-003 0. 0. 0. 1.57244166e-003 2.54913978e-003 0. 0.
    1.59350445e-003 0. 1.20370835e-003 0. 0. 0. 0. 0. 0. 0. 0.
    9.48256464e-004 0. 5.50934521e-004 0. -1.67691871e-003 0. 0. 0.
    6.54361583e-003 3.07400682e-004 0. 7.79856404e-004 1.08230440e-003
    -5.41282701e-004 -3.07248556e-004 2.60334718e-003 0. 0. 0. 0. 0. 0.
    8.97030870e-004 0. 0. 0. 0. 1.43542816e-003 0. 4.64376964e-004 0. 0.
    0. 0. 0. 0. 6.41778706e-006 0. 0. 0. 8.30250385e-004 0. 0. 0. 0.
    5.71785553e-004 0. 1.59220642e-003 0. 1.48974371e-003 0.
    3.44585604e-003 0. 0. 3.70682171e-003 0. 1.03472330e-005 0. 0.
    1.42969168e-003 7.67785707e-004 0. 1.60264154e-003 0.
    1.09883037e-003 0. 0. 0. -8.44072783e-004 0. 0. 3.34109296e-004 0.
    1.30500393e-005 1.85351691e-003 0. 1.15983456e-003 0.
    -8.76578735e-004 0. 3.50485439e-003 0. 0. -7.48951745e-004
    4.12296009e-004 0. 1.13337869e-002 0. 3.93329217e-004 0. 0. 0. 0.
    7.55954068e-004 4.10031294e-004 3.76073201e-003 0. 0.
    1.37720897e-003 -1.20688858e-003 0. 1.35952374e-003 0. 0. 0. 0. 0.
    0. 0. 5.74305013e-004 0. 3.02052032e-003 2.11132894e-004 0.
    1.15479960e-003 2.14170461e-004 8.38462845e-004 -1.06198690e-003 0.
    0. -8.94627810e-005 0. 4.12202062e-004 1.45557802e-003 0.
    3.26085108e-004 0. 0. 0. 5.14206295e-005 0. 0. 1.33546186e-003 0. 0.
    0. 0. 6.60047820e-003 1.35854306e-003 0. 0. 0. 0. 0. 0.
    2.10752687e-003 3.59234447e-003 0. 0. 0. 4.13209153e-003 0.
    5.41143352e-004 4.48739622e-003 0. 7.44494828e-005 0. 0. 0.
    2.41421119e-004 0. 0. 0. 0. -1.87836005e-003 0. 1.33260025e-003 0.
    0. 9.56605829e-004 0. 0. 0. 0. 0. 0. 0. 0. -6.32157025e-004 0. 0.
    1.73606875e-003 1.14723609e-003 0. 0. 2.63264374e-004 0. 0.
    6.71250513e-004 0. 8.94843950e-004 1.37360767e-003 2.60314206e-003
    0. 0. 0. 2.94778205e-004 1.05032790e-003 0. 1.04463845e-003 0.
    5.66778472e-004 0. 0. 0. 0. 0. 1.37008948e-003 0. 0. 0. 0. 0.
    1.80602132e-003 -1.16544426e-003 0. 1.03355014e-004 0.
    3.33723903e-004 0. 0. 2.29762867e-003 1.50944153e-003 0. 0. 0. 0. 0.
    1.80385343e-003 0. 0. 2.35760017e-004 2.02937704e-003
    -3.18566890e-004 0. 3.98474932e-003 -1.41632743e-004 1.63905788e-003
    2.01074849e-003 2.20786175e-003 1.55449146e-003 2.84298265e-004
    1.88516814e-003 0. 2.31097772e-004 -5.43946408e-005 0. 0. 0. 0. 0.
    0. 1.77383644e-003 7.91664876e-004 0. 1.00358017e-003 0.
    2.12389184e-003 1.12706410e-004 3.39423801e-004 0. 0.
    1.02650945e-003 1.23179192e-003 0. 0. 0. 0. 0. 0. 0. 3.31901065e-005
    1.10788841e-003 2.10588425e-003 0. 9.92886722e-004 2.32992247e-002
    -3.86430154e-004 0. 0. 0. 0. 0. 0. 1.49589917e-003 0. 0.
    2.63837259e-003 3.87772894e-003 0. 9.63351631e-004 -4.11778368e-004
    0. 0. 0. 1.31167891e-003 0. 1.75175152e-003 0. 0. 0.
    -1.79114996e-003 0. 1.03171484e-003 0. 0. 0. 0. 0. 1.43786345e-003
    -8.45826115e-004 0. 0. 6.07392692e-004 2.64906324e-003
    2.30221456e-004 0. -3.27584712e-004 0. 0. 0. 0. 0. 3.52629519e-004
    0. 1.61025077e-004 -1.96621972e-004 0. 0. 0. 0. 2.19242938e-004 0.
    1.71764346e-003 1.40335457e-003 0. 4.58722096e-003 0. 0.
    7.30920990e-004 4.07526648e-004 0. 1.24456780e-003 0. 0. 0. 0. 0.
    1.25191477e-003 3.55188246e-003 0. 0. 2.41558626e-003 0. 0.
    1.84640125e-003 0. 0. 2.38786874e-004 0. 0. 0. 0. -3.14810459e-004
    0. 0. 0. 0. 3.80687695e-003 3.08256876e-003 0. -9.20556704e-005
    2.17451015e-004 5.36475144e-003 1.22950040e-003 0. 1.45800528e-003
