<?xml version="1.0"?>
<opencv_storage>
<imageDescriptor type_id="opencv-matrix">
  <rows>1</rows>
  <cols>2000</cols>
  <dt>f</dt>
  <data>
    0. 0. 0. 0. 2.79031554e-003 0. 0. 0. 0. 3.66376224e-003
    -6.79770077e-004 0. 0. 0. 8.20234069e-004 0. 0. 0. 0. 0. 0.
    1.38960045e-003 0. 0. 1.77943707e-003 0. 0. 0. 0. -4.67023965e-005
    0. 7.68197875e-004 0. 0. 0. 0. 1.05455518e-004 0. 4.42498410e-003 0.
    3.16183921e-003 6.10313285e-003 0. 0. 0. -4.02599893e-004
    1.94284704e-003 2.72945920e-003 0. 0. 0. 4.30738693e-003 0.
    9.53557203e-004 6.88064320e-004 0. 0. 0. 0. 0. 0. 0. 8.78146966e-004
    6.88519143e-003 -1.29456326e-004 0. 0. 0. -1.09422707e-003 0.
    -9.39809135e-004 0. 0. 9.39097197e-004 -1.96889928e-003 0.
    2.71678262e-004 1.35462638e-003 4.57083713e-003 0. 0.
    1.93215976e-003 0. 0. 0. 0. 6.73374918e-004 7.08977808e-004
    1.44810695e-003 5.20234555e-003 0. 8.24263378e-004 0. 0.
    9.92687186e-004 0. 0. 0. 0. 0. 0. 0. 0. 1.98445213e-003 0.
    5.91380056e-003 0. -2.44841166e-003 4.89992846e-004 9.64136154e-004
    0. 0. 0. 0. 0. 0. 2.11528619e-003 0. 0. 3.48623696e-004 0. 0. 0.
    1.71644569e-004 -1.09319901e-003 0. 0. 0. 1.46445574e-003 0. 0.
    3.10307718e-003 1.91707059e-003 4.16342309e-003 -4.18571086e-004
    2.95507815e-003 5.83118061e-004 1.79339375e-003 6.87875436e-004 0.
    1.35896425e-003 0. 0. 0. 0. 4.06903867e-003 0. 0. 0. 0. 0. 0.
    1.16953952e-003 0. 0. 0. 0. 0. 3.91560188e-003 0. 0. 0. 0. 0. 0. 0.
    0. 1.67060294e-004 0. 0. 1.25747873e-003 0. 0. 0. 2.95798032e-004 0.
    4.34877002e-004 0. 0. 0. 9.16276709e-004 0. 0. 0. 0. 0. 0. 0.
    -2.95455073e-004 0. 0. 0. 0. 2.70661153e-003 -2.42554786e-004 0.
    -9.10364208e-004 0. 0. 0. 0. 1.52570568e-003 0. 0. 1.70937949e-003
    0. 0. 0. 0. 2.13641324e-003 6.45133201e-004 1.06657133e-003 0. 0.
    -1.57616974e-003 0. 1.03253161e-003 0. 0. -1.02085609e-003 0. 0. 0.
    4.22032969e-003 5.21838805e-003 0. 0. 9.28348396e-003 0. 0. 0.
    7.92086474e-004 0. 1.83748838e-003 8.96098907e-004 0. 0. 0. 0. 0. 0.
    -2.79124547e-003 0. 0. 2.77674338e-003 1.08245783e-003 0. 0. 0.
    1.31561107e-003 0. 0. 1.22954149e-003 0. 0. 3.51475202e-003
    1.07996585e-003 0. 0. 0. 0. 0. 0. -8.81700427e-004 0.
    7.04887032e-004 1.56971440e-003 0. 0. 1.27100479e-003 0.
    3.59734194e-003 0. 0. 4.22140025e-003 0. 1.09298453e-004 0.
    -9.96713294e-004 0. 0. 0. 0. 0. 0. 0. 2.73954659e-003 0. 0. 0.
    2.28531123e-003 3.35965143e-003 0. -4.93904983e-004 0.
    3.25117493e-004 0. 0. 7.14852831e-006 1.71174225e-003 0. 0. 0. 0.
    8.92499695e-004 1.13441551e-003 0. 0. 0. 0. 3.41683335e-004 0. 0.
    -3.45208828e-004 0. 0. 1.93723745e-003 2.97631556e-003
    3.03300214e-003 1.59003958e-003 -5.54904051e-004 2.43562507e-003 0.
    -6.69002300e-004 0. 0. 0. 3.24449455e-003 0. 4.69419407e-003 0. 0.
    0. 0. 7.33846286e-003 0. 0. 0. 1.37112604e-003 0. 0. 0. 0.
    -1.17827870e-003 1.50946563e-003 0. 0. 0. 0. 2.32644903e-004 0.
    9.32052906e-004 6.33527161e-005 0. 0. 4.24267491e-003
    2.42100167e-003 0. 0. 0. 0. 0. 2.44124164e-003 6.00996567e-003
    7.19253148e-004 0. 0. 0. 0. 0. 0. 0. 0. 0. 0. 0. 0. 0. 0.
    1.16347033e-003 1.81290065e-003 0. -5.22192277e-004 1.26321556e-003
    0. 0. 0. 0. 1.08479022e-003 0. 0. 2.30902201e-003 0. 0.
    3.76219675e-003 0. -3.16020101e-004 0. 0. 0. 0. 0. 0. 0. 0. 0.
    1.80170089e-002 0. 0. 3.28559452e-003 6.93741022e-004
    4.87147039e-003 0. 0. 0. 0. 0. 0. 0. 5.97679522e-004 0. 0. 0. 0. 0.
    0. -9.68573208e-004 0. 0. 2.34385510e-003 1.45433226e-003 0. 0. 0.
    0. 0. 0. 0. 0. 0. 0. 2.52231862e-003 0. 0. -3.45714390e-004 0. 0. 0.
    0. 0. 0. 0. 0. 0. -9.46532004e-004 -8.66090704e-004 2.37044151e-004
    9.87177831e-004 1.02117623e-003 1.59728073e-003 0. 0.
    -9.41936742e-005 4.47855447e-004 0. 0. 3.20582674e-003 0. 0. 0. 0.
    -1.26492896e-003 0. 0. 0. 8.37182917e-004 0. 0. 0. 6.20596693e-004
    0. 0. 1.76695816e-003 1.54465146e-003 0. 0. 0. 2.22891709e-003 0.
    6.78108481e-004 4.84721409e-003 0. 0. 0. 0. 0. 0. 0. 0.
    1.16820319e-003 0. 0. 0. 0. 0. 4.12263107e-005 0. 0.
    -3.13801249e-003 0. 0. 0. 0. 0. 0. 0. 0. 0. 1.71316182e-003 0. 0.
    1.58166781e-003 0. 0. 0. 0. 1.42157427e-003 -2.30776239e-003
    1.48759363e-003 0. 0. 0. 0. 0. 0. 6.28317147e-003 0. 0.
    -1.97712984e-003 -3.24751390e-003 0. 0. 2.17232620e-003 0. 0. 0. 0.
    7.72649480e-004 0. 1.79635372e-003 0. -1.13380363e-003 0. 0. 0.
    6.22511655e-003 0. 3.49318096e-003 0. 5.18340850e-003 0. 0. 0. 0. 0.
    5.04859781e-004 8.00969079e-004 1.53358700e-003 0. 0. 0. 0.
    2.54236558e-003 0. 2.02106405e-003 0. 0. -5.14360669e-004
    3.60010960e-003 0. 0. 2.09509768e-003 3.62669793e-003
    1.95122208e-003 0. 0. 0. 0. 0. 0. 0. 4.32112534e-003 0.
    2.45920499e-003 0. -1.76328479e-003 1.00947975e-003 -9.23102838e-004
    0. 1.24773674e-003 0. 3.97129543e-003 0. 0. 0. 0. 2.02504196e-003 0.
    1.50543265e-003 1.60198542e-003 0. 0. 0. 2.34676502e-003
    1.44988892e-003 0. 0. 0. 0. 0. 2.97758437e-004 0. 9.08615883e-004 0.
    3.61576048e-003 0. 5.95434161e-004 1.43486273e-003 2.75262253e-004
    1.40504722e-004 0. 2.89461575e-003 0. 1.21771963e-003 0. 0. 0. 0. 0.
    0. 0. 0. 0. 0. 1.68310513e-003 2.04124325e-003 1.15831452e-003 0.
    1.04779715e-003 0. 0. 0. 0. 0. 2.60989094e-004 0. 0. 0. 0. 0. 0.
    3.79224843e-003 0. 0. 0. 0. 0. 0. 0. 0. 0. -1.30190514e-003 0. 0.
    4.30614135e-004 0. -2.00095441e-004 0. 0. 3.12490552e-003 0. 0.
    4.33342939e-004 -8.34887323e-004 1.37479824e-003 -1.50520331e-003
    3.56800179e-003 -1.74642971e-003 0. 1.07503358e-004 1.82367256e-003
    0. 1.19499676e-003 0. 4.96057444e-004 0. 0. 0. 0. 0. 0. 0. 0.
    -1.45442935e-003 1.65814918e-003 0. 5.51830744e-004 0. 0. 0.
    2.46411934e-003 8.15049454e-004 0. 0. 0. 0. 0. 1.62861927e-003 0. 0.
    0. 0. 2.43928470e-003 0. 0. 8.43737624e-004 5.87682182e-004 0. 0. 0.
    0. 0. 0. 0. 0. 0. 0. 0. 0. 0. 1.43191559e-004 6.08521141e-003
    -3.60616366e-004 0. 3.37660871e-003 0. 2.10932107e-003
    1.71033537e-003 5.90975350e-003 -6.54929026e-005 0. 2.10902863e-003
    0. 8.66259623e-004 6.49612490e-003 0. 1.08473632e-003
    1.86968886e-003 0. 5.32487826e-003 0. 0. 0. -1.86126784e-003
    3.79948900e-003 7.77353009e-004 0. 0. 0. 0. 1.02530094e-003 0. 0. 0.
    1.31217821e-003 0. -5.10608777e-004 0. 0. 0. 0. 0. 0.
    3.04337428e-003 0. -5.57216001e-004 0. 0. 0. 2.03118636e-003 0. 0.
    0. 0. 5.54026105e-004 0. 1.71087997e-003 4.06408566e-004 0. 0.
    -1.40267715e-004 0. 0. 0. 0. 0. 0. 0. 2.99559510e-003
    1.62738468e-003 3.48962727e-003 0. 0. 0. 0. 0. 0. 1.86062069e-003 0.
    0. 0. 0. 4.93166130e-003 0. 0. 0. 0. 0. 0. 0. 0. 5.34909545e-004 0.
    6.21240819e-003 0. 0. 3.73624440e-004 0. 0. 0. 0. 9.71290458e-004
    2.83244369e-003 0. 1.47059711e-003 2.36728485e-003 2.81564193e-003
    0. -7.46613310e-004 0. 0. 0. 2.94277398e-003 4.58251452e-003 0. 0.
    0. 0. 0. 0. 0. 2.24176422e-003 0. 0. 0. 0. 0. 0. 0. 0.
    2.01402116e-003 0. -7.01309240e-004 0. 1.90657869e-004
    2.44992762e-003 0. 0. 0. 3.07807757e-004 0. 0. 0. 4.37667797e-004 0.
    0. 0. 4.61351359e-003 -4.05883155e-004 0. 0. 2.47410173e-003
    3.28103220e-003 0. 0. 0. 0. 7.12585519e-004 -6.90880639e-004 0. 0.
    0. -6.79325662e-004 1.72064407e-003 0. 0. 3.97932064e-003 0. 0. 0.
    0. 1.19442341e-003 0. 0. 8.37754516e-004 9.33564547e-003 0.
    -6.28290058e-004 2.09902530e-003 0. 0. 9.36062366e-004 0. 0.
    5.74121950e-004 1.75858103e-003 0. 0. 8.12666025e-003 0.
    -3.40519764e-004 0. 0. 0. 0. 0. 0. 0. 0. -7.46035948e-004 0. 0. 0.
    5.83023284e-005 0. 0. 0. 0. -1.53105264e-003 0. 9.68400156e-004 0.
    1.26341358e-003 0. 0. 0. 5.00141119e-004 3.42180114e-003
    7.87738478e-004 0. 0. 0. 0. 0. 0. -9.80562065e-004 0.
    9.83153004e-004 0. 0. 0. 2.61544227e-003 0. 0. 0. 5.06926095e-004
    8.20546178e-004 1.29057211e-003 0. 0. 1.20528479e-004 0. 0. 0. 0. 0.
    0. 0. 0. 0. 2.52989284e-003 8.95670892e-005 1.81935343e-003
    1.21045730e-003 5.47677046e-003 0. 0. 0. 4.61101439e-003 0. 0. 0. 0.
