<?xml version="1.0"?>
<opencv_storage>
<imageDescriptor type_id="opencv-matrix">
  <rows>1</rows>
  <cols>2000</cols>
  <dt>f</dt>
  <data>
    0. 1.69804995e-003 0. -3.54689400e-004 9.37358127e-004
    1.39111560e-003 0. 6.19593123e-003 0. 3.56361183e-004 0. 0. 0.
    1.33495976e-003 0. 0. 0. 6.67030981e-004 0. 0. 0. 3.65368323e-003 0.
    0. 0. 0. -3.96549498e-004 0. 2.90073105e-003 -7.67524354e-004
    4.54082340e-003 0. 0. 0. 0. 0. 0. 3.29894130e-004 -1.53887959e-003
    0. 2.58440082e-003 0. 0. 0. 4.08102671e-004 -2.64963106e-004 0.
    9.80255776e-004 -6.54033269e-004 0. 3.40489415e-003 5.35188185e-004
    3.82033689e-003 0. 0. 0. 0. 2.12175562e-003 0. 0. 0. 0. 0. 0. 0.
    1.75501191e-004 0. 0. 2.31243111e-003 3.78210121e-003 0. 0. 0.
    7.01949978e-003 3.23149114e-004 0. -2.77217710e-003 0.
    3.49440641e-004 0. 8.41871742e-003 1.14535529e-003 0. 0.
    2.73290992e-004 0. 7.09295413e-003 1.25123456e-003 0.
    7.45233614e-004 0. 0. 0. 0. 0. 0. 0. 2.36781605e-004 0.
    5.60483383e-003 0. 0. -2.55393330e-004 1.66321092e-003 0.
    3.88944568e-003 0. -1.38331647e-003 0. -1.82498861e-005
    3.21552041e-003 0. 0. 0. 0. 0. 8.31992947e-004 8.43920652e-003
    -6.25458313e-004 7.14724243e-004 0. 0. 3.15950339e-004
    2.54064612e-003 1.27057591e-003 0. 0. 0. 9.29958071e-004 0. 0.
    2.48460328e-005 -2.10215547e-003 0. 7.46651669e-004 1.27960101e-003
    0. 1.93184172e-003 0. 0. 0. 0. -7.19483593e-004 0. 0. 0. 0. 0. 0. 0.
    0. 0. 0. 0. 0. 0. 0. 1.06631327e-004 -1.18111807e-003 0. 0. 0.
    1.88950705e-003 0. 0. 0. 9.51586233e-004 0. 0. 0. 0. 0. 0. 0. 0. 0.
    0. 0. 0. 0. 0. 2.50131474e-004 0. 0. 0. 3.30489897e-003
    1.57236747e-004 0. 0. 0. 0. 0. 3.57156992e-003 0. -1.69069075e-003
    0. 0. 0. 0. 0. 0. 0. 7.05299387e-003 0. -1.21389213e-003 0.
    3.74040916e-003 0. 0. 1.29680790e-003 0. 0. 8.42650537e-004
    1.51038333e-003 0. 5.04454598e-003 1.89667207e-003 3.83657985e-003
    2.35065445e-003 0. 0. 2.70289206e-003 0. 0. 8.28909455e-004
    1.00215792e-003 0. 0. 0. 3.82639468e-003 0. -2.97616672e-004
    2.68206466e-003 1.68597209e-003 0. 2.33900221e-003 0.
    2.09351187e-003 0. 0. 0. 0. 0. 0. 1.65425288e-003 0. 0. 0. 0.
    1.03454036e-003 0. 0. 0. -1.82405172e-003 2.19702325e-003
    -1.75858004e-004 0. 0. 5.02958137e-004 -8.20921501e-004 0. 0.
    1.83724915e-003 3.56203341e-003 0. 1.14593294e-003 6.20059494e-004
    0. 0. 6.57540571e-004 3.47725902e-004 0. 7.69503822e-004 0. 0.
    2.20624870e-003 0. 1.31851146e-002 0. 0. 6.03208877e-003 0. 0. 0. 0.
    1.13817549e-003 0. 2.60099914e-004 0. 0. 5.39158238e-003
    1.70622673e-003 3.44657805e-003 0. 1.35544955e-003 4.71136160e-003
    0. 0. 9.23300162e-004 0. 0. 3.04792426e-004 0. 1.39338512e-003 0. 0.
    5.86184580e-003 -6.05100358e-004 0. 0. 0. -2.26744640e-004
    -1.81106268e-003 1.28972880e-003 0. 0. 0. 0. 0. 0. -2.08443357e-003
    0. 0. 0. 0. 0. 0. 0. 0. 7.28402054e-003 0. 3.27655300e-003
    1.40987907e-003 0. 0. 0. 3.61459912e-004 1.15185534e-003 0. 0. 0. 0.
    0. 2.63707945e-004 0. 0. 0. 0. 0. 0. -1.39564712e-004 0. 0. 0. 0. 0.
    4.07832488e-003 6.23478647e-003 0. 0. 2.50696670e-003 0. 0. 0. 0. 0.
    0. 0. 0. 0. 0. 0. -1.22155383e-004 0. 0. 0. 0. 0. 1.28332095e-003 0.
    0. 4.57219221e-003 4.01887437e-003 0. 0. 0. 0. 0. -8.68152478e-004
    0. 0. 2.08859239e-003 0. 0. 3.52818496e-003 0. 1.24233868e-003 0. 0.
    0. 1.47009874e-003 -2.55407207e-003 0. 0. 0. 0. 0. 5.11289807e-003
    0. 0. 0. 2.41159648e-003 0. 0. 1.32276188e-003 0. 0. 0.
    8.02780909e-004 0. 0. 0. 0. 0. 0. 0. 0. 0. 0. 0. 2.85370683e-004 0.
    0. 0. 0. 0. 1.66661106e-003 0. 2.83558387e-004 0. 0. 0. 0.
    -1.35468901e-003 3.46311543e-004 0. 0. 0. 0. 0. 0. 0.
    3.72763607e-003 0. 0. 2.03180569e-003 8.91572388e-004 0. 0. 0. 0.
    -8.88263516e-004 0. 1.34912936e-003 0. 0. 2.66555697e-003 0.
    -8.53019825e-004 0. 0. -2.00997296e-004 1.84223085e-004
    1.70116153e-004 0. 1.46269638e-004 2.59042252e-003 1.07508234e-003
    0. 0. 0. 0. 0. 0. 0. 0. 4.01667930e-004 0. 0. 0. 0. 0. 0. 0. 0. 0.
    0. 0. 0. 0. 0. 0. 1.12088933e-003 0. 1.28455414e-003 3.20834806e-003
    0. 0. 0. 0. 0. 0. 0. 0. 1.91736221e-003 0. 0. 2.57374998e-003 0. 0.
    0. 0. 0. 1.08571156e-004 0. 0. 1.48477464e-003 0. 2.47793063e-003
    3.43153579e-003 0. 8.53589620e-004 -8.09598831e-004 0. 0.
    1.89540628e-003 0. 0. 0. -2.70226767e-004 0. 1.74598349e-003 0. 0.
    0. 0. 0. 0. 0. 0. 2.74108211e-003 0. 0. 2.59588403e-003
    3.48732341e-003 1.59224146e-003 0. 0. 0. 8.54679092e-004
    1.54229428e-003 0. 0. 0. 2.39739544e-003 0. 7.86296558e-004 0. 0. 0.
    0. 0. 3.55984899e-003 0. 2.71531375e-004 0. 4.25870763e-004
    9.69972534e-005 1.28961203e-003 0. 0. 0. 0. 2.13813409e-003
    8.98200087e-004 1.17675343e-003 0. 0. 7.97723769e-004 0.
    7.64657394e-004 8.18422064e-003 0. 2.87802285e-003 0. 0. 0. 0.
    4.56826179e-004 0. 0. 1.19876349e-003 -1.94583030e-004
    1.74280896e-004 0. 6.98146934e-004 0. 6.01452403e-003 0. 0.
    -8.94800876e-004 0. 5.92692013e-005 1.81884470e-003 0. 0. 0.
    7.53596798e-003 1.36940030e-003 0. 0. 9.82851489e-004
    4.14148625e-003 0. 4.22955584e-003 -1.74945948e-004 0. 0. 0.
    1.95831549e-003 -3.72892791e-005 0. 1.81836961e-003 0. 0.
    -2.71855934e-005 0. 0. 2.52673333e-003 0. 0. 1.25094922e-003 0. 0.
    0. 0. 0. 0. 8.09711521e-004 0. 0. 1.15292415e-003 2.81738769e-003 0.
    1.07968389e-003 1.76165393e-003 -2.09175609e-003 0. 0. 0. 0.
    1.15751114e-003 0. -4.06043895e-004 0. 9.38254700e-004 0.
    2.70898524e-003 0. 4.77657421e-003 0. 0. 0. -5.56992600e-004
    1.67392928e-003 0. 0. 0. 0. 0. 0. 0. 7.48071726e-003 0. 0.
    1.02422864e-003 0. 0. 0. 1.68065017e-003 0. 2.94919172e-003 0. 0.
    6.21539715e-004 0. 0. 0. -2.90798635e-004 0. 0. 0. 2.02826690e-003
    0. 0. 0. 4.75805486e-003 0. 0. 0. -2.81518151e-004 0. 0. 0. 0. 0. 0.
    0. 0. 0. 0. -2.04304466e-003 0. 0. 0. 3.80570721e-003 0. 0. 0. 0. 0.
    0. 2.87604053e-003 0. 0. 0. 5.98724058e-004 -8.75033380e-004 0. 0.
    0. 2.85420963e-003 0. 0. 1.08625309e-003 -1.61366095e-003 0.
    6.82963990e-004 0. 0. 0. 0. 0. 1.55145163e-003 3.84356827e-003 0. 0.
    0. 0. -6.34758326e-004 0. 0. 0. 1.34354155e-003 0. 0. 0.
    2.20620446e-003 0. 0. 0. 0. 6.77601784e-004 0. -8.51225486e-005
    2.19265674e-003 0. 1.13672065e-003 0. 0. 9.30415117e-004
    8.15155450e-003 0. 0. 0. 0. 0. 0. 8.51154909e-004 0. 0.
    7.24494676e-005 1.42228953e-003 0. 0. 0. 0. 1.48199673e-003 0. 0. 0.
    0. 0. 0. 0. 0. 1.27119583e-003 0. 0. 0. -8.43352056e-004
    1.19080814e-003 0. 1.07886048e-003 0. 0. 8.62548221e-003 0. 0. 0.
    1.77264772e-003 6.98478951e-004 0. 0. 0. 0. 0. 0. 0. 0.
    1.66630105e-003 0. 7.61974091e-003 0. 0. 0. 0. 0. 0. 0.
    1.08642865e-003 0. 0. 0. 0. 0. 0. 0. 0. 0. 0. 0. 7.92793871e-004 0.
    1.36021728e-004 0. 0. 0. 4.84023505e-004 3.06200446e-003 0. 0. 0. 0.
    0. 0. 0. 1.42615533e-003 0. 0. 0. 0. 1.41360762e-003 0. 0. 0.
    1.28369429e-003 0. 0. 0. 0. 0. 7.24992060e-005 3.54128933e-005 0.
    5.68073848e-003 0. 0. 0. 0. 0. 0. 3.82277230e-003 0. 0.
    1.36353294e-004 0. 0. 0. 2.13313266e-003 0. 0. 0. 0. 1.19053863e-003
    0. 2.93921796e-003 0. 0. 0. 0. 0. 0. 0. 0. 0. 0. 0. 9.14369070e-004
    0. 0. -3.39619495e-004 2.02145800e-003 1.60972966e-004
    -3.45862558e-004 0. 0. 0. 2.83376942e-003 -5.64349641e-004
    3.61749344e-003 0. 0. 0. 7.45999132e-005 0. 0. 0. 0. 0.
    7.96984183e-004 0. 0. 1.97968888e-003 0. 0. 2.11417046e-003 0. 0. 0.
    0. 0. 0. 0. -9.70571826e-004 -2.17304550e-004 0. 2.84492830e-003 0.
    0. 8.08881130e-003 1.34750607e-003 0. 2.40471982e-003
    1.74354366e-003 2.10560756e-004 0. 0. 0. 0. 6.21703640e-003 0.
    5.51360194e-003 0. 0. 7.23289850e-004 0. 0. -4.05036961e-004 0. 0.
    0. 0. 0. 0. 0. 0. 0. 0. 0. 1.05117483e-003 1.11832842e-003
    7.16846262e-004 2.16189912e-003 0. 0. 0. 0. 9.16951220e-004
    1.18535501e-003 0. 0. 0. 0. 0. 0. 3.59417894e-003 2.52012140e-003
    1.54566171e-003 0. 6.73328666e-003 0. 0. 0. 0. 0. 3.46710370e-003
    -3.07508948e-004 0. 0. 0. 0. 6.75351403e-005 0. 0. 3.45068111e-004
