<?xml version="1.0"?>
<opencv_storage>
<imageDescriptor type_id="opencv-matrix">
  <rows>1</rows>
  <cols>2000</cols>
  <dt>f</dt>
  <data>
    -1.76902569e-004 -7.38138842e-005 0. 0. -1.29495061e-003 0. 0. 0. 0.
    0. 0. 0. 0. 0. 1.04338378e-002 0. 0. 0. 0. 0. 0. 0. 0.
    1.16097264e-003 0. 0. 3.33824311e-004 0. -1.36410969e-003 0. 0. 0.
    0. 0. 0. 0. 0. -1.81695353e-003 -9.93640511e-004 0. 1.38606178e-002
    9.65583883e-003 0. 1.58218190e-003 0. 4.40317485e-003
    1.55918044e-003 0. 0. 0. 0. 0. 0. 0. 0. 5.53900981e-003 0. 0. 0. 0.
    0. 0. 0. 0. 0. 0. 3.46829626e-003 0. 0. 6.56446116e-003
    6.35773223e-003 3.23244161e-003 0. 0. -2.54861615e-003
    2.08693184e-003 7.71242799e-003 0. 0. -2.62008165e-004 0. 0. 0.
    3.96791473e-003 3.79482255e-004 0. 0. 0. 0. 0. 0. 0. 2.20249276e-004
    5.19118458e-003 0. 2.07253709e-003 5.12887631e-003 5.48256701e-003
    0. 0. 0. 0. 0. 0. 1.70846644e-003 0. 0. 0. 1.66999153e-003
    -6.70852081e-004 0. 0. 0. 0. 1.01067661e-003 0. 0. -1.56239630e-003
    0. 0. 0. 0. 1.13393355e-004 0. 0. 0. 0. 0. 0. 0. 0. 0.
    6.35650055e-003 0. 0. 0. 3.29984562e-003 0. -1.48378720e-004 0. 0.
    0. 1.41279527e-003 0. -4.29522421e-004 0. 0. 0. 0. 0.
    -3.19278450e-004 0. 1.75428519e-003 0. 0. 0. 0. -1.61815144e-003 0.
    0. 0. 0. 0. 0. 0. 0. 0. 0. 0. 0. 1.36864081e-003 9.23001487e-003
    1.60322583e-003 -6.05282432e-004 0. 0. 1.43507274e-003 0.
    2.02216022e-003 0. 1.40824122e-003 2.06938968e-003 0. 0.
    3.67988623e-003 -1.91489549e-003 0. 3.75459925e-003 0. 0.
    2.92949216e-003 0. 2.85278028e-003 0. 0. 0. 0. 0. 4.07121424e-003 0.
    0. 0. 3.14547657e-003 0. 0. 2.42749415e-003 0. 0. 6.76260423e-003
    8.90755269e-004 4.09845868e-003 0. -6.11656636e-004 0. 0. 0. 0.
    -1.57016271e-003 -7.94984633e-004 7.71151215e-004 0. 0. 0. 0. 0.
    6.71499362e-003 0. 0. 1.66243728e-006 0. 0. 0. 6.95841445e-004 0. 0.
    0. 0. 3.84705461e-004 0. 0. 3.32078571e-003 -1.75041938e-003 0. 0.
    0. 0. 0. 1.59622601e-003 0. 0. 0. 0. 0. 0. 0. 4.05615289e-003 0.
    4.50889347e-003 0. -1.02228287e-003 -1.76928414e-004 0. 0.
    1.00152346e-003 0. -2.53575090e-005 0. 0. 0. 0. 0. 2.99806707e-003
    1.09489670e-003 0. 0. 0. 0. -7.98603927e-004 0. 0. -2.18759407e-003
    4.57597757e-003 -2.17457674e-003 0. 0. 0. -3.84945393e-004 0.
    1.81925588e-003 0. 0. 5.03755058e-004 0. 0. 0. 0. 0. 0. 0. 0. 0. 0.
    0. 0. 0. 0. 0. 0. 0. 0. 0. 8.43980291e-004 0. 7.70612387e-004
    -6.56507385e-004 4.88458143e-004 0. 0. 6.76387455e-004 0.
    1.50813794e-004 0. 0. 0. 0. 0. 4.24061390e-003 0. 0. 1.66511035e-003
    0. 2.68084509e-003 3.48953903e-003 2.23126472e-003 2.26469547e-003
    0. 0. 9.71833302e-004 0. 1.76920893e-003 0. 0. 0. 0. 0. 0. 0. 0. 0.
    0. -2.07248377e-003 2.18161987e-003 4.15536517e-004 9.97877680e-004
    0. 0. 1.77487134e-004 0. 0. 0. 0. 0. 0. 4.12084535e-003 0. 0. 0.
    1.76419655e-003 0. 0. 7.85746204e-004 0. 0. 0. 0. 1.33511284e-003
    3.07572749e-003 4.10929060e-004 0. 0. 0. 3.42277321e-003 0. 0. 0. 0.
    0. 0. 1.25095400e-003 0. 1.24101224e-003 0. 0. 0. 0. 0.
    1.00588752e-003 0. 3.74182430e-003 4.49834950e-003 0. 0. 0. 0. 0. 0.
    6.11136144e-004 0. 0. 0. 0. 0. 0. 4.54767258e-004 0. 0.
    6.02848188e-004 0. 0. 0. 1.09014183e-003 0. 6.95181603e-004 0.
    4.49681329e-003 1.93482585e-004 -5.20967063e-004 2.73925881e-003 0.
    1.68043072e-003 0. 0. 0. 0. 0. 0. 0. 0. 0. 0. 0. 0. 1.63094245e-003
    1.70575129e-003 0. 0. 0. 0. 0. 0. 0. 0. 0. 3.60410952e-004 0. 0. 0.
    0. 0. 0. 0. 0. 0. 0. 0. 2.50549521e-003 6.30712043e-003 0. 0. 0. 0.
    8.51221499e-004 0. 0. 0. 0. 8.62008601e-004 0. 0. -7.86154473e-004
    3.07734334e-003 0. 0. 0. -6.67785353e-004 1.49592815e-003
    7.30148167e-004 0. 0. 3.33304098e-003 2.60274019e-003
    5.91533352e-003 0. 0. 0. 0. 2.66605726e-004 4.07807669e-003 0.
    -4.49479034e-004 0. 1.25051255e-003 0. 7.21988035e-004 0. 0. 0. 0.
    0. 1.34387024e-004 0. 0. 0. 1.43085828e-003 0. 0. 0. 9.93599882e-004
    0. 0. 0. 0. -1.95800327e-003 0. 0. 1.93020271e-003 8.79827130e-004
    0. 8.92792712e-004 -1.30668259e-003 0. 0. 0. 0. 0. 0.
    9.75571689e-004 1.77376694e-003 -8.46823445e-004 6.95536728e-004 0.
    0. 0. 0. 0. 0. 0. -1.71026459e-003 0. 9.82877173e-005
    4.98086354e-003 -1.08586310e-003 0. 0. 0. 0. 0. 0. 0. 0.
    7.33438646e-004 -1.69685378e-003 0. 0. 0. 2.62503535e-003
    2.43168673e-003 0. 0. 0. 7.41764146e-004 0. 1.23324068e-002 0.
    1.26452988e-003 0. 0. 0. 1.81017106e-003 0. 4.57091536e-003 0.
    2.85812933e-003 0. 0. 5.11187175e-003 0. 0. -9.89914290e-004
    -4.86179750e-004 0. 0. 0. 0. 0. 6.18013495e-004 3.46173369e-003 0.
    0. 0. 0. 2.04550475e-003 0. 1.70886959e-003 0. 1.00602605e-003 0. 0.
    0. 0. 9.14741482e-004 0. 0. 0. 0. 0. 1.04518316e-003 0. 0.
    1.00913807e-003 0. 0. 5.04980562e-004 0. 2.91313720e-003 0. 0.
    7.21943448e-004 0. 0. 0. -1.10288653e-004 0. 0. 0. 0. 0. 0.
    7.90764054e-004 0. 0. 0. 8.35879007e-004 0. 0. 0. 0. 0.
    1.07069057e-003 0. 0. 5.71177690e-004 -4.68431041e-004
    1.97837828e-004 5.91802411e-004 1.99329443e-004 0. 0. 0. 0.
    -3.68959852e-003 0. 0. 0. 0. -8.80190812e-004 0. -5.66823059e-004 0.
    0. 0. 0. 0. 0. 0. 0. 0. 0. 0. 3.09826923e-003 0. 0. 0. 0. 0.
    5.09554846e-003 0. 0. 0. 2.55899830e-003 0. 0. 0. 2.49672984e-003
    2.22660392e-003 0. 0. -1.17438019e-003 0. 0. 0. 1.88626884e-003
    1.53167255e-003 1.41039991e-003 0. 6.10584207e-003 0.
    8.19793553e-004 0. 0. 8.26908392e-004 0. 0. 0. 0. 0. 0. 0. 0. 0. 0.
    -4.49562212e-004 0. 0. 0. 0. 0. 2.12164735e-003 0. 0. 0. 0.
    8.09321646e-003 -9.94672882e-004 0. 0. 0. 0. 0. 0. 0. 0. 0. 0.
    1.89331465e-003 0. 0. 0. 1.10957527e-003 0. 0. 0. 3.28497001e-004 0.
    0. 0. 1.62038626e-003 0. 5.54320915e-003 0. 0. 0. 0. 1.38127070e-003
    0. 0. 0. 0. 0. 0. 0. 0. 0. 0. 0. 0. 1.60348299e-003 0. 0. 0.
    -3.20628510e-006 -3.79293313e-004 0. 4.51027602e-003 9.49215901e-004
    0. 0. 0. 0. -5.35013562e-004 0. 0. 1.38959324e-003 2.39394745e-003
    0. 6.28907059e-004 0. 0. 0. 0. 7.97676155e-004 0. 3.24539258e-003 0.
    0. 2.92850239e-003 0. 1.66365993e-003 0. 1.40172022e-003
    -9.32942203e-004 0. 2.13208748e-003 0. 0. 0. 0. 0. 9.73221730e-004
    0. 1.54247542e-003 0. 0. 4.42713825e-003 0. 0. 0. 0. 0.
    5.00550400e-003 0. 1.21148967e-003 0. 1.06600253e-003 0. 0. 0. 0. 0.
    0. 0. 0. 0. 0. 3.61283775e-004 2.07654294e-003 0. 5.82466892e-004 0.
    0. 0. 0. 6.38786098e-003 5.93814533e-003 2.10692338e-003
    1.80142140e-003 0. 1.12919533e-003 0. 0. -2.53832899e-004 0.
    2.24136841e-003 1.08670315e-003 0. 0. 0. 0. 0. 0. 0. 0. 0. 0. 0. 0.
    0. 0. 0. 0. 0. 0. 0. -6.48560235e-005 0. 0. 0. 0. 1.40071800e-003 0.
    0. 6.28307229e-003 0. 0. -1.59258445e-004 0. 0. 0. 0.
    4.09557717e-003 5.58593601e-004 0. 0. 0. 7.97474477e-003 0. 0.
    1.12051619e-002 0. 0. 0. 0. 0. 2.55910843e-003 4.53158421e-003 0. 0.
    0. -2.58893182e-004 0. 0. 8.95160192e-004 0. 0. -3.14613775e-004 0.
    0. 3.34876473e-003 0. 0. 0. 0. 0. 0. -1.27076672e-003 0. 0.
    7.05931941e-003 0. 2.43784697e-003 2.27747834e-003 3.42999282e-003
    -8.60209402e-005 0. 3.81373195e-003 0. 0. 0. -3.03875888e-003 0. 0.
    0. 0. 2.16331612e-003 1.48017879e-003 1.55940210e-003 0. 0.
    1.16076518e-003 0. 5.10596531e-003 0. 4.22531710e-004
    1.27544976e-003 0. 0. 0. 0. 0. 0. 1.50887342e-003 1.00475061e-003
    2.60295370e-003 4.97030094e-003 0. 0. 0. 3.31610953e-003 0. 0. 0. 0.
    0. 0. 0. 0. 2.13291356e-003 0. 0. 0. 9.40974685e-004 0. 0. 0. 0.
    1.49001891e-003 0. 5.33479324e-004 0. 0. 2.24355562e-003 0. 0. 0. 0.
    0. 0. 0. 1.13301724e-003 0. 8.21536581e-004 0. 0. 0. 0.
    3.49177304e-003 0. 9.10384551e-005 1.13368456e-004 0. 0. 0.
    1.11928359e-002 0. 7.51717761e-003 1.38837576e-003 0.
    1.36896630e-003 4.21218295e-003 0. 2.01242673e-003 0.
    -1.72969929e-004 0. 6.14659349e-003 5.60239016e-004 0. 0.
    1.28878374e-003 2.83231796e-003 7.08091422e-004 0. 9.95569048e-004
    0. 0. 0. 0. 0. 0. 2.31350632e-003 4.33496293e-003 1.99921359e-003 0.
