<?xml version="1.0"?>
<opencv_storage>
<imageDescriptor type_id="opencv-matrix">
  <rows>1</rows>
  <cols>2000</cols>
  <dt>f</dt>
  <data>
    4.47064033e-003 -8.72205783e-006 0. 0. 9.51507478e-004
    1.17778603e-003 1.03342405e-003 5.46987110e-004 6.35355012e-004 0.
    0. 0. 2.18269430e-004 0. 0. 0. 0. -1.53160142e-003 0. 0.
    -4.29337192e-003 3.24407243e-004 0. 6.75982854e-004 4.90101462e-004
    0. 5.67663170e-004 7.76692061e-004 1.64256664e-003 0. 0.
    4.40013269e-003 1.03197980e-003 0. 5.48432115e-004 0. 0. 0. 0.
    1.34369693e-004 9.39545105e-004 0. 0. 0. 0. 7.39588728e-003 0. 0. 0.
    0. 5.58591972e-004 4.50401421e-004 1.34211348e-003 1.73375383e-003
    4.60876990e-003 0. 0. 7.68448412e-003 1.55480299e-003
    2.86787609e-003 0. 0. 0. 0. 0. 1.26829674e-003 1.91619201e-003
    5.41530375e-004 1.59380923e-003 7.46692764e-003 0. 0.
    2.35504541e-003 0. 3.97175114e-004 -4.67070786e-005 0. 0.
    1.10070198e-003 1.82634208e-003 1.53061206e-004 0. 0.
    1.35343673e-003 0. 3.01353703e-003 3.69303307e-004 6.88578060e-004
    1.07966177e-003 1.07321376e-003 0. 1.47559261e-003 -7.08179257e-004
    0. 1.89853308e-003 0. 0. 0. 4.89069056e-003 6.23769418e-004
    4.95521759e-004 5.41871879e-004 0. 8.15790240e-003 0.
    3.60568607e-004 5.52806654e-004 0. -4.06167674e-004 0. 0. 0.
    6.17024663e-004 1.01796887e-003 1.74665672e-003 0. 9.01063962e-004
    0. 6.96120318e-004 0. 0. 0. 0. 1.59520365e-004 -2.59290944e-004 0.
    0. -6.52422568e-006 0. 9.55332303e-004 -1.63106350e-004
    -7.82270683e-004 0. 0. 4.80634044e-004 0. 0. 0. 0. 0. 0. 0.
    9.58548684e-004 0. -1.23568426e-003 0. 0. 0. 0. 0. 2.42032367e-003
    -1.08903732e-004 0. 1.46174012e-003 -4.23520338e-004 0. 0. 0.
    1.34551676e-003 0. 0. 0. 2.59009795e-003 0. 0. 0. 0. 0. 0. 0.
    1.28382375e-003 3.98450159e-003 0. 0. -3.08538118e-004 0. 0. 0.
    1.20303710e-003 -7.19187316e-004 1.25393528e-003 0. 2.45626713e-003
    1.23132230e-003 5.00118826e-004 0. 0. 0. 0. 0. 2.60115747e-004 0. 0.
    1.24805735e-003 0. 0. 1.92636729e-003 1.18165964e-003 0.
    5.33093873e-004 -1.42299483e-004 0. 0. 0. 6.43119041e-004
    1.54737255e-003 0. -4.19799704e-004 0. 1.10243540e-003 0. 0.
    4.10137058e-004 -2.54461454e-004 -9.96406598e-005 0.
    -8.01144459e-004 0. 2.40565371e-003 4.85995552e-004 9.91790090e-004
    -5.54720056e-004 0. 0. 0. 0. 0. 1.39897945e-003 8.32741498e-005 0.
    0. 0. 0. 0. 1.77005189e-003 1.61537889e-003 -2.44064577e-005 0.
    1.39705755e-003 1.44679926e-003 6.41733350e-004 3.16208671e-003 0.
    0. 0. 0. 0. 0. 1.97106553e-003 7.67015386e-004 7.53551954e-004 0.
    5.47519594e-004 0. 0. 3.12124495e-003 -3.52749310e-004
    1.58408377e-003 1.99103844e-003 0. 0. 0. 0. -7.00347358e-004
    6.76087919e-004 0. 8.83351750e-005 0. 6.28330803e-004 0.
    -4.25660837e-004 -4.48703446e-004 6.55739196e-003 0. 0. 0.
    9.15795797e-004 1.49061764e-002 4.12252848e-004 0. 0. 0. 0.
    2.85265595e-003 3.63731669e-004 -3.95979499e-004 0. 0.
    -7.78847141e-004 0. 0. 0. 2.24607837e-004 0. 0. 0. 0. 0.
    -1.09690311e-003 0. 0. 3.34562967e-004 7.08183434e-005 0. 0. 0.
    2.09382130e-003 0. 0. 0. 0. 1.81750406e-003 1.83405100e-005 0. 0. 0.
    0. 0. 3.98429314e-004 0. -1.00627818e-004 2.46718992e-003
    5.88002673e-004 1.09652826e-003 0. 0. 0. -4.02366568e-004
    2.47527380e-003 3.74891073e-003 0. 3.39835254e-003 0.
    5.12300059e-003 0. 0. 3.62878223e-003 0. 0. 0. 0. 6.77319826e-004
    -9.77661402e-005 0. 2.90710392e-004 0. 0. 1.37700199e-003 0. 0.
    -6.77469769e-004 0. 0. 4.79633734e-003 0. 2.30379961e-003 0.
    3.88110802e-003 6.92345435e-004 0. 4.89146973e-004 0.
    2.85993470e-003 1.23550708e-003 -1.06019375e-003 0. 0. 0. 0.
    6.89478300e-004 6.56124437e-004 0. 0. 0. 0. 0. -1.45257625e-004 0.
    0. 0. -6.36836747e-004 0. 1.00576621e-003 -3.82935359e-005
    7.04141241e-003 0. 3.74023104e-004 0. 0. 1.26090401e-003
    -2.79233529e-004 0. 2.94245593e-003 4.74960514e-004 2.93075573e-003
    0. 0. 1.50527852e-003 0. -1.16106262e-003 1.91544869e-003 0. 0. 0.
    2.92953453e-003 0. 0. 0. -1.08600034e-004 0. 0. 3.07128951e-003 0.
    2.11890391e-003 0. 0. 0. -3.74458352e-004 1.01166929e-003
    1.34181092e-003 0. 0. 0. 0. 0. 6.53073983e-003 3.97835647e-005 0.
    4.39584051e-004 0. 1.56890345e-003 0. 0. 0. 0. 0. 0. 0.
    8.85406858e-004 0. 0. 0. 0. -3.29971459e-004 1.10178359e-003
    9.64859792e-004 2.13468462e-004 0. 0. 0. 0. 0. 0. 0. 0. 0. 0. 0.
    -6.91141875e-004 4.15168266e-004 0. 0. 4.87250887e-004 0.
    3.79886152e-003 0. 0. 0. 0. 0. 2.87181552e-004 0. 0. 0. 0. 0. 0. 0.
    0. -9.27748450e-004 8.29709985e-004 0. 0. 0. 0. 0. 0. 0.
    3.26633570e-004 0. 0. 0. 1.98006188e-003 4.85549169e-003
    -7.63866177e-004 0. 0. 5.97095990e-004 3.09420889e-003 0. 0.
    2.01360657e-004 1.29964424e-003 0. 1.16341887e-003 3.11118551e-004
    0. 0. 0. 0. 1.47162878e-003 0. 0. 8.31833677e-005 0. 0.
    1.03457493e-003 0. 0. 0. 0. 8.39900342e-004 -1.19948868e-006
    1.64353580e-004 0. 0. 5.67803392e-004 0. 0. 2.13399250e-003 0.
    7.74805900e-004 0. 0. 0. 2.93364585e-003 0. 0. 0. 0. 2.40319921e-003
    0. 0. 1.02700396e-004 3.35683487e-003 0. 0. -2.59433175e-004 0. 0.
    0. 0. 0. 0. 0. 0. 0. 4.59324708e-003 0. 0. 1.17533095e-003 0. 0.
    8.56592320e-004 0. 0. 3.39917350e-003 0. 1.82191259e-003 0. 0.
    2.25132098e-003 7.63980381e-004 9.01611988e-003 0. 0.
    -1.56213949e-003 0. 8.88547278e-004 4.80737595e-004 0. 0.
    1.96685572e-003 6.96275267e-004 0. 0. 0. 0. 0. 0. 3.31169018e-003
    2.50468636e-003 0. 7.08116509e-004 3.22882202e-003 5.86212287e-003
    0. 3.08724027e-003 0. 0. 0. 2.69431714e-003 0. 0. 1.72346900e-003 0.
    1.55578461e-003 0. 1.61448773e-003 2.35554227e-003 0. 0. 0. 0. 0. 0.
    -1.12912072e-004 -1.01460610e-003 0. 1.60343701e-003 0.
    -1.34200949e-004 -9.22243576e-004 0. 1.49325770e-003
    -1.15931987e-004 4.59721778e-003 0. 0. 2.30365084e-003 0.
    1.25874067e-003 0. 0. 2.51893350e-003 0. 1.55951595e-003
    1.82777573e-003 2.16440624e-003 0. 4.05151164e-003 1.26087572e-003
    3.75133939e-003 0. 0. 0. 0. 5.72271063e-004 0. 0. 0. 0.
    8.18917586e-004 0. 0. 0. -3.17006547e-004 0. 0. 0. 0.
    -8.11174104e-005 -3.34891258e-004 1.71005807e-003 0. 1.45205483e-003
    0. 5.80349413e-004 -2.43709816e-004 2.22163554e-003 0. 0. 0. 0. 0.
    0. 0. 0. 0. 0. 0. 0. 0. 0. 0. 1.32265544e-004 0. 4.64513025e-004
    1.24623475e-003 6.50176371e-004 2.76471023e-003 4.32007480e-003
    1.80953590e-003 0. 0. 0. 0. 0. 0. 0. 0. 3.31230985e-004
    9.43380815e-004 0. 1.61162240e-003 0. -5.06458164e-004 0. 0.
    1.02694426e-003 0. 0. 9.25960136e-004 0. 0. 1.73983048e-003 0. 0. 0.
    0. 0. 1.29117526e-003 0. 1.63431279e-003 0. 0. 0. 0. 0. 0. 0. 0.
    1.55674573e-003 7.01083452e-004 0. 0. 0. 2.12764437e-003 0.
    -2.20018337e-004 0. 3.87791242e-003 1.51287951e-003 0. 0.
    1.34527718e-003 0. 0. 3.33377486e-003 0. 0. 2.13093910e-004
    2.73858057e-003 0. 9.63562459e-004 2.64587870e-004 1.38900446e-004
    0. 0. 0. 0. 3.59003461e-004 2.53863959e-003 6.86425657e-004 0.
    8.40735622e-004 7.01179786e-004 3.97796929e-003 0. 0. 0.
    1.68604427e-003 0. 0. -2.17257402e-004 0. 3.29020768e-005
    1.03343744e-003 0. 0. -1.91123132e-003 2.11871485e-003
    8.32030363e-003 0. 1.96232414e-003 4.77609196e-004 -4.28098836e-004
    0. 0. 0. 0. 0. -3.41427687e-004 0. 2.69444380e-003 0. 0. 0. 0. 0.
    9.80006065e-004 0. 0. 5.03655802e-003 0. 2.14711879e-003 0.
    2.34513427e-003 1.97724649e-003 5.51262987e-004 8.35950661e-004
    9.83568374e-004 4.17398784e-004 0. 4.98157751e-004 1.18617329e-003
    3.27814627e-003 0. 1.91799714e-003 2.33003404e-003 0. 0.
    -9.14396951e-005 0. 1.17245223e-003 0. 4.02531878e-005
    5.69645723e-004 0. 0. 0. 0. 0. -1.27448773e-004 0. 0. 0. 0. 0. 0. 0.
    0. 0. 0. 2.45664176e-003 0. 0. 0. 6.80793077e-004 2.88799172e-003 0.
    0. 7.49591272e-004 6.84663886e-004 6.50830276e-004 1.96844502e-003
    2.49287952e-003 3.97738113e-005 0. 4.18438314e-004 0. 0.
    4.46081511e-004 1.25400664e-003 0. 0. 0. 0. 0. 0. 0. 0. 0. 0.
