<?xml version="1.0"?>
<opencv_storage>
<imageDescriptor type_id="opencv-matrix">
  <rows>1</rows>
  <cols>2000</cols>
  <dt>f</dt>
  <data>
    0. 0. 0. 3.43361535e-005 2.06311769e-003 0. 2.57233367e-003 0. 0.
    -1.08962390e-003 0. 0. 0. 0. 1.45635230e-003 0. 0. 3.90618807e-003
    -6.18813676e-004 0. 1.85891381e-003 0. 0. 7.41899203e-005
    -5.72596560e-004 0. 0. 0. 2.30463548e-003 -1.83912649e-004 0. 0. 0.
    1.16667955e-003 2.03182199e-003 0. 0. 0. 2.07627541e-003 0. 0.
    -4.31279477e-004 5.34886494e-003 0. 6.09414768e-004 -1.33155414e-003
    -1.68019219e-003 0. 0. 1.40712410e-002 6.03761338e-003 0. 0. 0. 0.
    0. 0. 0. 0. 0. 0. 0. 0. 8.80270149e-004 0. 6.64787425e-004
    9.60356556e-003 0. -2.62546964e-004 0. 0. 1.34978094e-003 0. 0.
    -1.15074439e-003 6.16553356e-004 0. 0. 0. 0. 0. 3.67411209e-004 0.
    0. 0. 1.96980825e-003 0. 2.18539150e-003 0. 0. 0. 3.76802520e-003 0.
    0. 0. 2.14686454e-003 5.01206610e-003 1.26337435e-003 0. 0. 0.
    3.69606633e-003 2.56383838e-003 0. 0. 0. 0. 0. 9.42751067e-004 0. 0.
    0. 0. 0. 5.57744934e-004 0. 0. 0. 5.89914271e-004 -8.30015459e-004
    0. 0. 3.24424007e-003 0. 0. 0. 0. 0. 0. 0. 0. 0. 0. 0. 0.
    9.65852465e-004 0. -1.65273517e-003 2.99670012e-003 0. 0. 0.
    1.96753233e-003 0. 1.53553404e-003 0. 0. 0. 0. 0. 0. 0. 0. 0. 0. 0.
    0. 0. 0. 4.79826331e-003 0. 1.10250960e-006 0. 0. 8.96264857e-004 0.
    0. 0. 0. 1.58576050e-003 2.26448150e-003 1.46817780e-004
    8.34986044e-004 1.29474164e-003 0. -2.32598904e-004 1.42665009e-003
    0. 0. 0. 0. 0. 0. 0. 0. 2.36153021e-003 0. 0. 1.65934686e-003 0. 0.
    0. -4.83550772e-004 0. 0. -3.70392896e-004 -7.17444695e-004 0. 0. 0.
    0. 0. 0. 0. 0. 0. 0. 0. 5.50311757e-003 9.31406830e-005
    5.97039238e-003 2.03695172e-003 3.36229394e-004 0. 3.01021477e-003
    0. 0. 0. 0. 7.77699344e-004 2.97979591e-003 0. 1.81858672e-003 0. 0.
    0. 0. 0. 0. 1.98556762e-003 0. 6.04289089e-005 8.61847959e-003 0. 0.
    6.11197762e-003 0. 0. 0. 0. 0. 5.57002553e-004 0. 0. 0.
    4.90462233e-004 0. 0. 0. 0. 0. 1.45066099e-003 0. -2.35940190e-003
    1.68436347e-003 3.62672703e-003 0. 9.89144202e-004 -1.27512286e-003
    0. 0. 0. 0. 0. 0. 0. 0. 0. 0. 0. 0. 1.57325948e-003 0. 0. 0.
    -2.89145566e-004 0. -4.79365088e-004 0. 1.20303617e-003 0.
    8.97741935e-004 0. 0. 0. 0. 2.41109030e-003 0. 1.18107186e-003 0. 0.
    0. 0. 0. 3.67217720e-003 0. 0. 1.20218203e-003 0. 0. 0. 0. 0. 0. 0.
    0. 0. 0. 0. -1.25443516e-003 0. 0. 0. 0. 3.92184732e-003
    -3.76193435e-004 4.52392451e-005 1.44632312e-003 0. 0. 0. 0. 0.
    1.81381975e-003 0. 0. 0. 0. 8.96552019e-003 0. 0. 0. 1.13655033e-003
    0. 0. 0. 2.13963306e-003 2.11175228e-003 0. 5.48177457e-004
    -6.09358074e-004 0. 0. -8.97368009e-004 0. 0. 0. -7.20559678e-004 0.
    0. 0. 0. -9.60034668e-004 2.44798535e-003 0. 1.93699132e-004 0.
    1.61565421e-003 0. 0. 0. 0. 0. 0. 1.02165365e-003 4.91544721e-004 0.
    0. 2.61865393e-003 2.67405831e-003 0. 0. 0. 0. 1.52070785e-003
    1.38613430e-003 0. 0. 1.74085936e-003 0. 1.42865547e-003
    1.03897834e-003 6.95311744e-003 0. 4.00230987e-003 2.34636990e-003
    5.35411527e-004 0. 0. 0. 0. 0. 6.95057912e-004 0. 1.87137385e-003 0.
    0. 0. 0. 0. 0. -1.49502372e-003 0. 0. 0. 1.22577092e-003
    -1.57047631e-004 7.67830206e-005 0. 0. 0. 1.41281437e-003 0.
    1.33863185e-003 5.00831113e-004 0. 0. 0. 0. 0. 0. 0. 4.33859183e-003
    3.40157654e-003 0. 0. 2.88495375e-003 0. 0. 0. 0. 0. 4.23694542e-003
    0. 0. 0. 0. 0. 3.08817415e-003 0. 0. 0. 1.02115446e-003
    2.72465032e-003 0. 0. 1.10757991e-003 0. 2.29128054e-003 0. 0.
    5.82679815e-004 0. 0. 0. 0. -1.07262706e-004 2.50207912e-003 0. 0.
    0. 0. 3.23352567e-003 0. 0. 7.57168606e-003 8.03029980e-004
    4.71461983e-003 0. 0. 0. 0. 1.11636461e-003 1.47814746e-003 0. 0.
    2.11571297e-003 6.18315593e-004 0. 3.43236770e-003 0. 0.
    5.21156006e-003 4.31569666e-003 2.66708061e-003 0. 0.
    6.02672400e-004 3.31404037e-003 2.50178645e-003 0. 0. 0. 0. 0. 0.
    -1.94404729e-005 0. 0. 0. 3.00759589e-003 0. -9.21257131e-004 0.
    1.98900676e-003 0. 0. 1.56288594e-003 2.41463375e-003 0. 0. 0. 0.
    1.31669524e-003 -2.00371462e-004 0. 1.48926326e-003 1.35852897e-003
    2.94463057e-003 1.11554551e-003 2.97266152e-003 0. 5.70397824e-003
    0. 0. 1.45985407e-003 1.18066382e-003 0. 0. -4.67761056e-005
    -3.51900380e-004 0. 2.23259814e-003 0. 0. 0. 0. 0. 0.
    1.68479327e-003 0. 7.19962991e-004 0. 5.84661728e-004
    9.34958400e-004 0. 0. 6.37082849e-003 0. -1.42826268e-003
    6.26235921e-003 3.84866522e-004 0. 0. 0. 0. 0. 0. 0. 0. 0. 0. 0. 0.
    0. 2.99532432e-003 1.65928714e-003 0. 0. 0. 2.58358719e-004 0.
    -5.71703480e-004 9.50735994e-004 5.83324232e-004 0. 0. 0.
    3.59319733e-003 2.00424832e-003 0. 0. 0. 0. 0. 0. 4.19504102e-003
    1.42174400e-003 0. 2.09097052e-003 3.01343109e-003 3.10381409e-003
    0. 0. 0. 6.33361342e-004 8.31182813e-004 0. 0. 0. 0. 1.07434802e-002
    1.03807659e-003 0. 0. 0. 2.39240797e-003 4.35638381e-003 0.
    -1.76398794e-003 0. -3.43007705e-004 1.95895656e-004
    -1.58147770e-003 2.43291399e-003 0. 1.41883676e-003 0. 0.
    3.36086866e-003 -2.66629155e-004 0. 0. 3.21909925e-003
    3.45601956e-003 0. 0. 1.69588916e-003 0. 4.06893250e-003
    1.01848913e-003 0. 1.99663639e-003 0. 0. -1.83519104e-003 0.
    3.08136991e-003 -7.89238664e-004 0. 3.30191222e-003 -3.17102211e-004
    2.81210057e-002 0. 0. 0. 0. 1.55954319e-003 0. 0. 0. 1.23108504e-003
    0. 0. 0. 1.63008878e-003 0. 0. 0. 0. 0. 1.36438932e-003
    2.07700417e-003 -2.12981235e-004 0. 8.26423336e-003 0.
    2.33391812e-003 -4.35854716e-004 4.99306154e-003 0. -1.14689150e-003
    3.61627695e-004 0. 0. 0. 0. 0. 0. -1.23740325e-003 0. 0.
    2.24139728e-003 0. 0. 0. 0. 0. 0. 0. 0. 0. 0. 4.91798995e-003 0.
    -3.56463104e-004 0. 2.07748450e-003 0. 0. 0. 3.06807528e-003 0. 0.
    2.91375152e-004 0. 0. 7.74004206e-004 0. 0. 0. 0. 0.
    -9.09966475e-004 1.39570581e-002 0. 0. 0. 0. 0. 0. 2.32827268e-003
    0. 0. 0. 0. 0. 1.28121569e-003 0. 0. 0. -8.81813292e-004 0. 0. 0. 0.
    0. 0. -7.99237925e-004 0. 0. 2.37658038e-003 0. 0. 8.04260373e-004
    0. 0. 1.05452456e-003 1.87822443e-004 0. 0. 0. 0. 0. 0. 0. 0. 0.
    3.89130949e-003 1.59616419e-003 0. 0. 3.15873907e-003
    1.63017306e-003 4.38942434e-003 3.68312607e-003 0. 2.64826557e-003
    0. 0. 0. 0. 0. 1.83478359e-003 5.49712637e-003 0. 0. 0. 0.
    4.50231088e-003 0. 0. 0. 0. 0. 0. 0. 0. 0. 0. 0. 0. 0. 0.
    -9.00202140e-004 1.12780440e-003 0. 0. 0. 0. 0. 1.16490573e-003 0.
    1.04186975e-003 0. 0. 1.03730289e-003 0. 1.16837607e-003 0. 0. 0. 0.
    0. 0. 8.86111695e-004 0. 0. 0. -6.33860473e-004 0. 0.
    1.38848822e-003 0. 0. 0. 0. 0. 0. 4.08326462e-003 0. 0. 0. 0. 0. 0.
    0. 0. 8.73405603e-004 0. 9.80919460e-004 0. 0. 0. 0. 0.
    3.80975369e-004 -7.08450039e-004 9.39448248e-004 1.71840389e-003 0.
    0. -7.17749353e-004 0. 5.81407046e-004 7.62091877e-005
    5.00434963e-003 0. 0. 0. 0. 0. 0. 4.07828065e-003 0. 0. 0. 0. 0. 0.
    0. 0. 0. 0. 0. 0. 0. 0. 0. 0. 0. 0. 2.25642091e-003 0. 0.
    1.73995912e-003 4.56538110e-004 -4.57857241e-005 0. 2.36303685e-003
    1.54984358e-003 0. 5.04923286e-003 0. 0. 0. 0. 0. 0. 0. 0. 0. 0.
    1.33448117e-003 0. 0. 0. -7.43762543e-003 0. 0. 0. 0. 0. 0. 0. 0. 0.
    0. 3.33299569e-004 0. 5.55176928e-004 0. 0. 0. 0. 0. 0. 0.
    1.87343766e-003 0. 0. 0. 5.46384789e-003 0. 0. 0. 2.31232680e-003 0.
    0. 5.62992529e-004 0. 0. 0. 0. 0. 0. 5.15867490e-003 0. 0. 0.
    -6.97734184e-004 0. 0. 0. 3.24283610e-003 0. 0. 1.52872060e-003 0.
    -1.54020832e-004 0. 0. 0. 0. 0. 0. 0. 0. 0. 0. 0. 0. 0. 0. 0. 0. 0.
    1.72169122e-003 6.20053092e-004 0. 0. 6.98885822e-004 0.
    8.24357790e-004 1.70127302e-003 -6.18329796e-004 0. 0. 0. 0. 0.
    5.18991204e-004 3.39014595e-003 0. 4.24121274e-003 0. 0. 0. 0. 0.
    3.92888300e-003 0. -3.36549099e-004 0. 1.55605981e-003
    4.66969423e-003 0. 0. 0. 0. 0. 1.14208914e-003 0. 0. 0. 0. 0.
    1.58962084e-003 0. 0. 0. 0. 1.42555381e-003 0. 3.90062924e-004 0. 0.
