<?xml version="1.0"?>
<opencv_storage>
<imageDescriptor type_id="opencv-matrix">
  <rows>1</rows>
  <cols>2000</cols>
  <dt>f</dt>
  <data>
    0. 0. 0. 1.51391700e-003 7.18272640e-004 0. 0. 2.81356415e-003
    2.81848217e-004 0. 0. 0. 0. 0. 0. 0. 0. 0. 0. 2.67218309e-003
    2.93260789e-003 0. 0. 0. 0. -1.10730267e-004 0. 0. 0.
    2.37571611e-003 0. 6.15786703e-004 0. 0. 0. 0. -2.00716840e-007 0.
    0. 2.37221597e-003 0. 0. 0. 5.25063311e-004 0. 0. 0. 6.21550193e-004
    0. 9.33676376e-004 2.69767479e-003 4.39862109e-004 0. 0.
    2.73354189e-003 0. 0. 0. 0. 0. 0. 0. 4.89724241e-003
    -1.68736314e-003 0. 0. -1.31783762e-003 8.33360609e-005 0.
    2.69874465e-003 5.26659773e-004 3.78310704e-003 0. 0. 0. 0.
    9.72327180e-005 0. 0. 0. 0. -2.02168920e-003 0. 0. 0.
    2.95448629e-003 -9.92897185e-005 0. 1.45692448e-003 0.
    9.64308216e-004 0. -1.78277039e-003 0. 0. 0. 0. 0. 0. 0.
    1.19057120e-004 0. 0. 0. 0. 0. 1.37088960e-003 0. 1.88409560e-003
    1.86850911e-003 0. 0. 0. 0. 4.01786249e-003 0. 0. 1.12990593e-003
    3.82468192e-004 8.61475783e-005 0. 0. 0. 3.84030980e-003 0. 0.
    1.47690310e-003 0. 2.92901439e-003 5.35758794e-004 0.
    5.37743606e-003 6.62299455e-004 4.11592657e-003 0. 0.
    2.33585131e-003 0. 4.27934807e-004 1.45818642e-003 2.69137928e-003
    3.84419062e-003 1.63763238e-003 1.32798555e-003 1.17858849e-003 0.
    0. 0. 0. 0. 1.04108453e-003 0. 5.06537617e-004 0. 0. 0. 0.
    2.19682255e-003 0. 1.10058393e-003 0. 1.04330981e-003 0.
    3.39980284e-003 7.31411157e-004 0. 0. 0. 0. 1.39545230e-003
    2.39776284e-003 0. 0. 0. 0. 0. 0. 0. 0. 0. 1.00649963e-003 0. 0.
    2.39584525e-003 0. 0. 0. 0. 0. 0. 0. 0. 0. 0. 0. 0. 0. 0. 0. 0. 0.
    0. 0. 0. 0. 0. 0. 0. 0. 1.13295927e-003 -1.35127385e-003 0. 0. 0.
    1.22647849e-003 1.28246832e-003 2.02317745e-003 0. 1.32730405e-003
    0. 0. 0. 0. 0. 0. 0. -1.41552693e-004 0. 0. -4.58673276e-005 0.
    -1.18193380e-003 0. 1.00140031e-002 0. 1.19568931e-003 0.
    2.16793688e-003 0. 0. 0. 0. 0. -8.24499701e-004 0. -2.81781889e-003
    0. 0. 0. 2.76973378e-003 0. 0. 5.14153333e-004 0. 0. 0.
    3.14259203e-003 0. 3.23079969e-003 0. 1.73164287e-003 0. 0.
    2.73648859e-003 0. 0. 3.29443312e-004 0. 0. 4.92775766e-003 0. 0. 0.
    6.40319951e-004 0. 5.45264105e-004 0. 0. 0. 0. 0. 0. 0. 0.
    -3.45153327e-004 3.08980874e-004 0. 0. 0. 0. 1.48257101e-003 0. 0.
    0. 0. -5.53467544e-004 0. 0. 0. 2.63448991e-003 0. 2.14199084e-004
    1.44707644e-003 -6.32545969e-004 0. 0. 2.77244617e-005
    7.95846106e-004 0. 0. 0. 1.62542146e-003 0. 0. 0. 0. 1.31913798e-003
    2.08157056e-004 5.33554645e-004 -1.25473962e-004 2.00741156e-003
    1.15720832e-004 0. 0. 0. 0. 8.56118160e-004 0. 2.75488384e-003
    -9.44300700e-005 2.93706125e-003 0. 0. 0. 3.95043613e-003 0. 0. 0.
    0. 0. 0. 0. 1.52951665e-003 2.80565000e-003 0. 0. 0. 0. 0. 0. 0. 0.
    0. 0. 0. 2.58015469e-003 0. -1.18305290e-003 0. 0. 0. 0. 0. 0.
    3.84366635e-004 1.70859473e-003 0. 0. 0. 0. 0. 0. 0. 0. 0. 0. 0. 0.
    8.80221778e-004 0. -2.38848486e-004 0. 0. 0. 1.30010932e-003
    3.81766877e-005 4.15118923e-003 0. 0. 0. 4.78007318e-003 0.
    2.78459024e-003 0. 1.06358575e-003 0. 5.92608587e-004 0. 0. 0.
    8.86088645e-004 2.35702447e-003 1.09083846e-003 0. 1.10258639e-003
    0. 0. 0. 1.81877491e-004 7.79021531e-004 0. 0. 0. 0. 5.80998603e-004
    0. 0. 0. 2.67125829e-003 0. -6.33212258e-005 1.21405884e-003 0.
    4.54520434e-003 0. 1.26763887e-004 0. 0. 0. 0. 0. 1.49343949e-004 0.
    0. 6.93744048e-003 -3.63831234e-004 0. 1.90735469e-003
    6.12242520e-003 0. 0. 0. 0. -1.10206823e-003 0. 0. 9.96235479e-003
    0. 0. 8.54108657e-004 8.31894111e-004 0. 7.22238503e-004 0. 0.
    5.29585872e-004 0. 0. 0. 8.28005956e-004 0. 0. 0. 9.04125511e-004 0.
    0. 0. 0. 0. 0. 5.37536480e-003 2.54750182e-003 7.81516253e-004 0. 0.
    0. 0. 0. 0. 0. 0. 0. 0. -2.58830463e-004 0. 0. 0. 0. 2.24630651e-003
    1.40354107e-003 0. 0. -2.59282515e-005 3.92349763e-003 0. 0. 0. 0.
    0. 0. 0. 0. 1.50070555e-004 0. 0. 6.50398200e-004 0. 0. 0. 0. 0. 0.
    0. 6.06735819e-004 0. 0. 0. -4.52253182e-004 -9.62933991e-005
    3.14735249e-003 9.52082453e-004 2.95473682e-003 0. 0. 0. 0.
    -1.48568570e-003 0. -2.55107298e-004 0. 0. 0. 9.07336245e-004 0.
    1.25972219e-004 0. 0. 0. 0. 0. 0. 0. 0. 0. 2.16506748e-003 0. 0. 0.
    1.78523338e-003 0. 0. 3.63661465e-003 0. 0. 0. 0. 0. 0.
    2.94202869e-003 0. 7.68743223e-004 1.21506967e-003 0. 0.
    5.01318544e-004 0. 4.92205285e-003 0. 0. 0. 1.72015314e-003 0. 0. 0.
    0. 0. 0. -1.08555856e-003 0. 5.38459455e-004 2.57533160e-003 0. 0.
    0. 0. 0. 0. 1.25404587e-003 0. 0. 0. 0. 0. 0. 0. 0. 0.
    3.87958047e-004 1.61487481e-003 0. 0. 0. 0. 1.77962438e-003 0. 0. 0.
    1.39754231e-003 0. 0. 0. 0. 0. 0. 0. 0. 0. 1.30365300e-003
    1.28157460e-003 0. -8.21764188e-005 2.12774635e-003 0.
    4.96388320e-003 6.13515964e-003 0. 1.61564618e-003 0. 0. 0. 0.
    5.96730897e-005 0. 4.16527386e-004 0. -1.01000420e-003 0. 0. 0. 0.
    0. 1.15068001e-003 2.94492813e-003 0. 0. 2.91586795e-004 0. 0. 0.
    1.63401873e-003 0. 0. 3.61642847e-003 2.21810071e-003
    1.26805494e-003 0. 0. 0. 0. 0. -5.15463704e-004 0. 0.
    6.66490057e-004 0. 1.07726513e-003 0. 0. 0. 0. 0. 0. 0.
    3.25257308e-004 1.14593061e-003 0. 0. 0. 0. 3.40799498e-003 0. 0.
    5.43542160e-003 0. 2.25297641e-003 0. 2.26006308e-003 0. 0. 0. 0. 0.
    3.93785886e-004 0. 0. 0. 0. 0. 7.39931653e-004 0. 0. 3.11409909e-004
    2.49704323e-003 0. 0. 2.60920438e-004 0. -2.22990682e-004 0. 0. 0.
    0. 0. 0. 0. 0. 0. 0. 0. 1.27832673e-003 0. 2.16673058e-003 0. 0. 0.
    0. 1.28171290e-003 0. 0. 0. 0. 3.26982164e-003 0. 0. 3.06485314e-003
    0. 0. 8.61955690e-004 8.79105087e-003 0. 0. 0. 0. 0. 0.
    2.30695540e-003 2.57579447e-003 0. 0. 0. 0. 0. 3.09468783e-003
    1.32752862e-003 0. 0. 0. 0. 0. 0. -2.94387690e-004 -1.32929184e-003
    1.06117828e-003 0. 8.84655863e-004 0. 6.33283518e-003 0. 0.
    3.12329549e-003 0. 0. 0. 0. 3.16912215e-003 0. -2.66461662e-004
    2.35645939e-003 3.97819094e-003 0. -1.14385586e-003 1.67581742e-003
    1.76407001e-003 0. 0. 0. 0. 0. 3.94616788e-003 1.98322698e-003 0. 0.
    3.93141713e-003 0. 0. 0. 1.56411668e-003 0. 0. -9.74011491e-004 0.
    -4.94313899e-005 0. 0. 1.18820353e-004 0. 0. 0. 1.26626529e-003 0.
    9.18600999e-004 2.67292562e-005 0. 0. 0. 0. 0. 1.41189387e-003 0. 0.
    6.53709692e-004 1.51444972e-003 0. 0. 0. 3.77880572e-003
    1.83426018e-003 0. 0. 8.79321713e-004 0. 0. 0. 0. 0. 0. 0. 0. 0. 0.
    0. 0. 0. -3.02667671e-004 4.00119112e-004 1.86611793e-003
    7.13222020e-004 0. 0. 0. 0. 0. 3.03803780e-003 0. 0. 0.
    1.82615861e-003 0. 0. -4.94815235e-004 0. 0. 0. 0. 0. 0.
    7.22676399e-004 0. 1.88104622e-003 0. 0. 0. 0. 0. 0. 0. 0. 0. 0.
    1.15135603e-003 0. 0. 0. 0. 0. 0. 0. 1.74993125e-003 0.
    6.60771329e-004 7.57199363e-004 0. 2.71066837e-003 0.
    2.03783181e-003 5.57246036e-004 0. 4.22472047e-004 -1.70860894e-003
    0. 0. 5.75664686e-004 1.78741396e-003 5.57836611e-005
    1.44645455e-003 0. 1.38825388e-003 -2.56365369e-004 0. 0. 0.
    3.43805575e-003 0. 0. 2.15840503e-003 0. 0. 0. -1.00131729e-003 0.
    1.18047721e-003 9.70543642e-003 0. 0. 0. 0. 0. 4.15786693e-004 0. 0.
    0. 0. 0. 0. 0. 0. 0. 0. 0. 1.56394660e-003 0. 0. 1.07091432e-003 0.
    0. 0. 0. -3.91835842e-004 0. 0. 0. 4.58146865e-003 0. 0. 0.
    3.80202924e-004 0. 0. 0. 8.80995591e-004 4.42663673e-004 0. 0. 0.
    2.02293717e-003 0. 9.54506686e-004 0. 0. 0. 0. 1.77444308e-003
    1.17004884e-003 1.06164266e-003 0. -1.92956976e-003 0.
    5.89005067e-004 0. 0. 0. 0. 0. 0. 0. 0. 0. 5.66554302e-003
    1.04925875e-003 1.06330810e-003 0. 1.18450436e-003 0. 0.
    5.05064661e-003 0. 0. 0. 0. 0. 0. 0. 0. 6.63464132e-004
    3.12942965e-003 1.58940000e-003 0. 2.08838447e-003 0.
    9.33680160e-004 3.88988666e-003 0. 0. 0. 0. -1.88780250e-004
    3.75315314e-003 1.71289418e-003 0. 0. 0. 0. 0. 0. 0. 0.
    1.33060361e-003 0. 0. 1.03806821e-003 0. 1.14399439e-003 0.
