<?xml version="1.0"?>
<opencv_storage>
<imageDescriptor type_id="opencv-matrix">
  <rows>1</rows>
  <cols>2000</cols>
  <dt>f</dt>
  <data>
    0. 1.97640923e-003 0. 0. 3.56581085e-003 0. 0. 0. 0.
    -1.44244623e-004 0. 0. 0. 0. 0. 9.67367203e-004 0. 3.87604232e-003
    0. 0. 0. 0. 0. 1.81286025e-003 0. 2.52476404e-003 0. 0.
    2.80631753e-003 -9.76518437e-004 5.33266459e-004 4.42253100e-003 0.
    0. 0. 0. 0. 4.15459042e-004 0. -5.86344744e-004 4.53806948e-003 0.
    0. 0. 0. 2.14039217e-004 0. 0. 0. 1.79360344e-004 0.
    -1.65283363e-005 0. 0. 1.56360224e-003 3.42762657e-003 0. 0. 0. 0.
    0. 0. 4.16803453e-003 0. 0. 0. 0. 0. 4.93360544e-003
    -9.55625554e-004 0. 1.54258555e-003 5.36662294e-004 0.
    -2.71888752e-003 0. 0. 1.19762099e-003 0. 0. 1.97819551e-003
    -1.94891519e-003 0. 0. 0. 0. 0. 0. 0. 0. 2.87575880e-004 0.
    4.18267259e-003 1.86042872e-003 -1.65735220e-003 0. 0. 0. 0. 0. 0.
    0. 0. 4.63264389e-003 0. 2.20677489e-003 0. 0. 0. 0. 5.14968066e-004
    0. 0. 0. 0. 0. 0. 0. 0. 1.97884830e-004 0. 0. 0. 0. 0. 0. 0. 0.
    1.37245632e-003 0. 0. 4.10989858e-004 0. 0. 2.94092624e-003 0. 0.
    1.15129154e-003 7.83127500e-004 0. 0. 0. 0. 0. -8.70617805e-004 0.
    0. 0. 0. 0. 0. 0. 1.46302255e-003 0. 0. 0. 0. 2.17072829e-003 0. 0.
    0. 0. 0. 3.33830016e-004 0. 0. 0. 0. 0. 0. 0. 1.00112869e-003 0. 0.
    0. 0. 0. 0. 3.11733107e-003 0. 0. 0. 0. 0. 0. 0. 0. 0. 0.
    2.31590355e-003 8.84697656e-004 0. 4.11929702e-003 0. 0.
    -5.53710197e-005 0. 0. 0. 0. 0. 0. 0. 0. 9.63349012e-004
    6.68806839e-004 1.40221592e-003 0. 2.82068294e-003 7.68105034e-003
    1.88940496e-004 0. 0. 0. 0. 0. -1.22771284e-003 0. 0.
    1.05726975e-003 0. 0. 0. 0. 0. 0. 0. 0. 2.40702019e-003
    5.38786524e-004 0. 0. -1.70868693e-003 7.40800658e-003 0.
    7.13868206e-003 0. 0. 0. 0. 0. -2.71684420e-003 2.65521882e-003
    1.53747224e-003 0. 0. 0. 0. 0. 1.18897064e-003 6.74675626e-004 0. 0.
    0. 0. 0. 0. 0. 1.77021453e-003 -1.14504038e-003 0. 0.
    6.28864160e-003 0. 0. 0. 0. 0. 0. 0. 0. 7.30258320e-003 0. 0. 0. 0.
    0. 0. 1.54637219e-003 0. 0. 1.73131865e-003 1.04054413e-003 0. 0. 0.
    0. 0. 0. 0. 0. 0. 0. 0. 0. 0. 9.60485369e-004 0. 0. 0. 0.
    6.42645697e-004 0. 1.64532033e-003 0. 0. 3.31189134e-003 0. 0. 0. 0.
    0. 0. 0. 0. 7.06935185e-004 0. 0. 0. 0. 0. 0. 0. 1.40577450e-003 0.
    0. 6.02195039e-004 0. 0. 4.68307361e-003 7.27871619e-003 0. 0. 0. 0.
    0. 0. 0. 0. 0. 0. 0. 0. 0. 0. 0. 1.09290483e-003 -1.20838138e-003 0.
    1.72468321e-003 5.84744907e-004 0. 0. 1.11853676e-002 0.
    1.47170631e-005 5.39175526e-005 4.83461568e-004 0. 0.
    5.78024716e-004 0. 0. 0. 0. 0. 0. 0. 0. 0. 0. 0. 0. 0. 0. 0.
    -9.14203702e-005 0. 0. -1.43084384e-004 1.57299009e-003
    4.47311904e-003 2.85933143e-003 0. 6.12526061e-003 0.
    3.12166149e-003 0. 0. 0. 0. 7.49836816e-003 -3.62538995e-004 0.
    6.81843434e-004 0. 0. 0. 0. 0. 0. -1.04925060e-003 1.64631475e-003
    -7.23246019e-004 3.82457598e-004 0. 4.12125868e-004 0. 0.
    3.10994888e-004 0. 0. 0. 0. 0. 0. 1.78876086e-004 3.66884540e-003 0.
    -2.88184412e-004 5.66937728e-003 0. 0. 1.82949728e-003 0. 0.
    5.95163601e-003 0. 0. 0. 0. -8.42145746e-005 0. 0. 0. 0. 0. 0.
    -1.28302269e-003 0. 1.06681008e-002 9.50980699e-004 0. 0.
    2.57050712e-003 0. 0. 0. 0. 3.09902104e-003 8.88798022e-005
    5.93872741e-004 3.00308526e-003 0. 2.37278966e-003 6.07226684e-004
    1.56485930e-003 0. 4.70709783e-004 0. 3.19448602e-003 0. 0. 0. 0.
    1.51967688e-003 8.32392485e-004 0. 0. 0. 0. 0. 1.74368988e-003
    2.14667292e-003 0. 3.37841455e-003 0. 0. 0. -4.36119549e-003 0. 0.
    3.43154394e-003 1.45830400e-003 0. 0. 1.44111586e-003 0. 0. 0.
    -4.60599003e-005 0. 0. 0. 8.52575467e-004 0. 0. 0. 1.40669476e-003
    0. 0. 8.99891136e-004 -2.60972738e-004 0. 1.85472914e-003 0. 0. 0.
    8.24272283e-004 5.46082156e-004 9.83908176e-005 4.44005802e-003
    4.38325194e-004 5.66416769e-004 0. 0. 0. 2.04826402e-003
    3.93859344e-003 0. 0. 1.43209810e-003 7.07123021e-004
    5.69841545e-003 3.91273061e-003 0. 1.71648571e-003 6.32166280e-004
    1.06954784e-003 1.45172968e-003 0. 0. 0. 0. 0. -7.67016143e-004
    5.54140715e-004 0. 2.87170731e-003 -7.58601818e-004 0.
    2.82702409e-003 0. 3.04529141e-003 0. 0. 5.31101075e-004 0. 0.
    2.05963780e-003 0. -7.91592465e-004 0. 2.82043358e-004 0. 0. 0. 0.
    0. -9.08309827e-004 0. 0. 7.27381837e-003 0. 0. 0. 0.
    1.93658343e-003 0. 0. 1.19516498e-003 0. 7.93002546e-003
    1.95081276e-003 1.35505805e-003 0. 0. 0. 0. 0. 0. 1.39087148e-004
    -1.21501587e-004 0. -2.74435297e-004 -1.95408313e-004 0. 0. 0. 0.
    6.26552245e-003 0. 0. 0. 0. 8.61060864e-004 2.23748619e-003
    -4.27711202e-004 0. 0. 0. 0. 0. 0. 0. 1.98109867e-003 0. 0. 0. 0. 0.
    0. 1.08402967e-003 0. 6.95147959e-004 0. 4.22843779e-003
    3.77560477e-003 3.36853554e-003 0. 0. 0. 4.59893746e-003 0. 0.
    -1.30202388e-003 0. 0. 1.23513513e-003 4.25175624e-003 0. 0.
    -1.13274041e-003 0. 1.82708947e-003 -4.08055400e-003 0. 0. 0. 0. 0.
    8.50012293e-004 1.29784010e-002 0. 0. 1.93996879e-003 0. 0. 0. 0. 0.
    0. 0. 0. 0. 6.09382638e-004 1.67709775e-003 2.11950392e-003 0. 0.
    4.20949335e-004 -1.26441335e-003 0. 0. 0. 1.56974699e-003 0.
    -6.10239280e-004 -3.02618864e-004 0. 0. 0. 0. 2.41263071e-003 0. 0.
    0. 0. 0. 0. -2.81663891e-003 0. 5.74285677e-003 5.52420318e-003 0.
    1.48094608e-003 0. 0. 1.53497560e-003 0. 0. 0. 3.93185811e-003 0. 0.
    0. 0. 1.96186639e-003 0. 0. 0. 0. 5.68140706e-004 2.65811850e-005 0.
    0. 0. 0. 0. 0. 1.90416444e-003 1.67573453e-003 0. 0. 0. 0. 0. 0.
    3.14104371e-003 0. 3.43509368e-003 3.43102077e-003 1.04252984e-004
    0. 0. 4.35729045e-003 0. 0. 0. 0. 0. 5.33934450e-003 3.86027712e-003
    0. -1.39674885e-004 0. 0. 0. 0. 0. 0. 1.63300242e-003 0. 0. 0. 0.
    -2.98456434e-005 0. 4.14573617e-004 0. 0. 0. 0. 0. 0. 0. 0.
    -6.64104358e-004 8.01865070e-004 0. 0. 0. 0. 0. 0. 1.84844236e-003
    4.41609700e-005 8.98036815e-004 0. 0. 0. 0. 0. 0. -1.12675794e-003
    8.78997263e-004 8.29843862e-004 7.71554071e-004 3.81708203e-004 0.
    2.41524028e-003 0. 0. 0. 0. 0. 0. 0. 0. 0. 0. 3.67385219e-004
    -3.55708762e-004 0. 2.72105681e-003 0. 0. 0. -1.21813522e-004 0.
    1.23608066e-003 0. 0. 0. 0. 0. 0. 0. 1.18035206e-003 0. 0. 0. 0. 0.
    5.09746186e-003 0. -1.15469203e-003 0. 2.49736104e-003
    4.47996147e-003 0. 0. 0. 0. 4.30044206e-003 0. 0. 3.84714571e-003 0.
    1.88558665e-003 0. 0. 0. 0. 0. 0. 0. 0. 0. 0. 3.21073295e-003 0. 0.
    0. 7.07362837e-004 0. 3.98296304e-003 0. 5.38991764e-004 0.
    2.08374835e-003 1.33813196e-003 1.84202346e-003 1.75822515e-003
    -5.39152934e-005 0. 1.27130025e-003 0. 0. 1.61481687e-004 0. 0. 0.
    0. 0. 0. 2.06380174e-003 0. 1.68150919e-003 0. 0. 1.12114626e-003 0.
    0. 0. 0. 0. 0. 0. 0. 6.38245931e-003 3.84743267e-004 0.
    1.27179746e-003 0. 0. 0. 0. 0. 6.85821928e-004 3.99554893e-003 0. 0.
    0. 0. 0. 0. 1.27883547e-003 0. 0. 1.62356044e-003 6.19186740e-003
    1.19863800e-003 0. 0. 0. 0. 4.43742611e-003 0. 0. 0. 0. 0. 0. 0. 0.
    0. 3.62326810e-003 9.58764926e-004 3.26574576e-004 0.
    2.36922223e-003 0. 0. 0. -5.91007352e-004 0. 3.46397958e-003
    1.02828874e-003 -9.68810753e-004 0. 0. 9.74782102e-004 0. 0. 0. 0.
    0. 0. 1.82929926e-003 0. 0. 0. 3.65600688e-004 -3.42408603e-004
    2.19731359e-003 2.58719036e-003 0. -8.62345390e-004 0. 0.
    -3.76083277e-004 0. 0. -5.18551213e-004 6.98455551e-004 0. 0. 0.
    2.40464346e-003 0. 0. 0. 0. 0. 1.26930606e-003 0. 0. 0. 0.
    4.59728483e-003 0. 0. 0. 0. 0. 0. 2.40195147e-003 8.95979989e-004 0.
    0. 0. 0. 0. 0. 0. 0. 0. 0. 0. 0. 1.70173659e-003 4.91255336e-003 0.
    -1.44361329e-004 0. 0. 0. 0. 0. 9.49206180e-004 0. 2.64625624e-003
    0. 8.32867110e-004 0. 0. 1.77902938e-003 0. 0. 0. 0. 0. 0. 0. 0.
    3.79159837e-003 1.25834916e-003 0. 0. 0. 0. 8.78308674e-006
    2.11736443e-003 0. 0. -3.05142277e-003 0. 0. 0. 5.27862133e-003 0.
    -1.59497233e-003 0. 1.99731416e-003 1.52250426e-003 8.54610931e-004
