<?xml version="1.0"?>
<opencv_storage>
<imageDescriptor type_id="opencv-matrix">
  <rows>1</rows>
  <cols>2000</cols>
  <dt>f</dt>
  <data>
    0. 0. 0. 0. 0. 0. 0. 1.73644687e-003 0. 0. 0. 6.24879729e-004 0. 0.
    0. 0. 0. 1.86160393e-003 0. 0. 4.37210174e-003 0. 0. 0. 0.
    7.28855899e-004 0. 0. 0. 0. 0. 0. 0. 1.76261272e-003 0. 0. 0. 0.
    7.45379599e-004 -1.11607986e-003 0. 0. 0. 0. 0. -3.87188891e-004 0.
    0. 0. 0. 5.23023657e-004 0. 0. 0. 0. 0. 2.04589707e-003 0. 0. 0. 0.
    0. 0. 0. 1.15186605e-003 1.41988602e-003 0. 0. -7.61715171e-004 0.
    0. 0. 0. 2.08645221e-003 3.04960739e-003 0. 2.67238938e-003 0. 0. 0.
    0. 0. 0. 0. 1.38804666e-003 1.19278219e-003 1.66512374e-003
    3.27805086e-004 0. 1.10322807e-003 0. -1.11809721e-004 0. 0. 0.
    5.50336530e-003 2.15836149e-003 0. 0. 0. 0. 0. 0. 0. 0.
    4.72305948e-003 0. -7.28492392e-004 0. 0. 1.41758798e-002
    1.90273486e-003 0. 0. 2.00905791e-003 1.86923624e-003
    9.54727933e-004 0. 0. -2.99911590e-005 0. 2.45071697e-005
    3.58200842e-003 0. 0. 0. 0. 0. 1.51815044e-003 6.09434443e-004 0. 0.
    1.26517843e-003 0. 0. 0. 0. 0. 3.59342899e-003 0. 0. 0. 0.
    3.29376874e-003 5.35548804e-003 0. 0. 3.48741352e-003 0. 0. 0. 0.
    2.31136847e-003 4.82007345e-005 1.41924631e-003 0. 0.
    7.81704299e-003 0. 0. 0. 0. 0. -1.18197605e-003 0. 0. 0. 0. 0.
    -8.91648058e-004 0. 1.56183832e-003 0. 1.69899350e-003 0.
    1.80728547e-003 0. 0. 3.34070763e-003 0. 0. 0. 0. 4.28197626e-003 0.
    0. 0. 0. 0. 1.34113448e-004 0. 0. 0. 0. 0. 0. 0. 0. 5.38278313e-004
    2.00526207e-003 2.12430046e-003 0. 3.48142290e-004 0. 0.
    3.78272234e-005 2.24854029e-003 0. 0. 2.53093755e-003 0. 0. 0.
    3.00809811e-003 1.64721638e-003 8.88896291e-004 0. 1.67972408e-003
    0. -5.48347307e-004 1.60637789e-003 0. 0. 0. 0. 0. 0. 0. 0.
    1.57056795e-003 0. -7.45576399e-004 1.21904442e-004 1.02440389e-002
    0. 5.24632260e-003 0. 0. 0. 0. 4.10312787e-003 0. 0. 5.12818946e-003
    0. 0. -6.73980569e-004 1.06177153e-003 0. 2.68130261e-003
    3.94803379e-003 1.38442987e-003 0. -2.65297736e-003 0. 0.
    3.97482305e-004 0. 0. 0. 8.95295001e-004 0. 0. -6.19296683e-004
    -2.52478197e-003 0. 0. 0. 0. 1.52030203e-004 0. 5.72830788e-004
    6.03328750e-004 0. 0. 3.22835287e-003 0. 0. 0. 0. 0. 1.33314042e-003
    0. 6.89111010e-004 0. 0. 0. 0. 0. 0. 0. 0. 0. 0. 0. 7.30583258e-003
    0. 0. 0. 6.75563206e-005 0. 4.38218703e-003 0. 1.38346180e-002 0. 0.
    2.39677727e-003 0. 0. 0. 0. 4.70418658e-004 0. 0. 0. 0.
    3.66817717e-003 0. 0. 0. 0. 0. 0. 1.89876801e-003 0. 0.
    2.20313622e-003 0. 0. 0. 0. 4.64864075e-004 0. 0. 9.31319315e-004
    2.91790743e-003 0. 0. 1.20536715e-004 0. 0. 4.10759123e-003
    1.19425800e-004 -4.91147839e-005 9.32672527e-004 0. 0. 0. 0. 0. 0.
    0. 0. 1.83143863e-003 0. 0. 1.06665837e-002 0. 0. 9.31379560e-004 0.
    0. 0. 0. 0. 8.48327298e-004 0. 0. 0. 0. 0. 0. 0. 0. 0. 0. 0.
    -1.12444810e-004 0. 0. 0. -6.26674679e-004 1.85343216e-003
    2.93328147e-003 0. 0. 0. 0. 0. 0. 2.84322421e-003 0. 0.
    1.10199070e-003 0. 0. 0. 0. 5.95844025e-003 0. 0. 0. 5.71117562e-004
    0. 0. 0. 0. 0. 0. 0. 0. 1.27469201e-003 0. 1.96035812e-003 0. 0.
    2.93493760e-003 0. 6.27271482e-004 0. 0. 0. 0. 0. 0. 6.30722207e-004
    1.57533668e-003 0. 5.03912987e-003 3.37309134e-003 0. 0. 0. 0.
    2.79479288e-003 0. -8.49662872e-004 0. 0. 0. 0. 0. 0.
    -5.89954034e-005 0. 0. 2.14939495e-003 1.80403644e-003
    3.24511062e-003 0. 0. 5.61352633e-003 0. 0. 0. 0. -1.01930287e-003
    0. -4.27795530e-005 0. 1.45101652e-003 0. 0. 0. 0. 1.65286812e-003
    2.21204781e-003 2.01033917e-003 0. -1.71032923e-004 0.
    4.65221889e-003 0. 0. 0. -1.56513718e-003 0. 0. 0. 1.63786311e-003
    0. 0. 0. 0. 5.26939635e-004 0. 0. 3.12229712e-003 1.47832523e-003 0.
    0. 0. 0. 5.44384588e-003 -2.82005582e-004 0. -1.28747279e-005 0. 0.
    0. 2.54546967e-003 0. 7.93111161e-004 0. 2.48160854e-004 0. 0. 0. 0.
    0. 0. 0. 5.51929651e-003 1.44825445e-003 2.93406448e-003 0.
    -1.01077824e-003 0. 0. 3.75749485e-004 0. -7.93949410e-004
    -4.31817578e-004 0. 0. 0. 0. 1.99516769e-003 4.13855212e-003 0. 0.
    0. 7.80405069e-004 0. 4.43220575e-004 9.87687614e-004 0. 0. 0.
    1.93149981e-003 1.78336096e-003 1.94860055e-004 0. 0. 0. 0. 0. 0. 0.
    0. 7.32084364e-003 0. 0. 1.66625879e-003 0. 7.52779655e-004 0. 0. 0.
    0. 0. 0. 1.74551795e-003 0. 0. -1.31154130e-003 0. 3.72477830e-003
    0. 1.74795254e-003 0. 0. 5.13217587e-004 5.40576235e-004 0. 0.
    1.83941470e-003 2.34396663e-003 0. 0. 0. 0. 0. 8.21326335e-004 0.
    1.41386478e-003 0. 4.76558320e-003 0. 2.18965882e-003
    1.27851462e-003 -1.81379626e-004 0. 0. -5.80900232e-004
    4.08043241e-004 0. 0. 0. 0. 0. 0. 0. 0. 0. 0. 1.41970755e-003 0.
    4.61021293e-004 0. 8.63811816e-004 -1.57169788e-003 2.48335768e-003
    2.85725218e-005 -1.43636455e-004 0. 0. 0. 0. 0. 0. 0.
    7.42723758e-004 1.22712005e-003 1.40859140e-003 0. 0. 0. 0. 0. 0. 0.
    0. 0. 0. 5.02369076e-004 0. 3.18630785e-003 0. 0. 0. 0.
    2.19262252e-003 0. 0. 0. 0. 0. 0. 0. 0. 0. 9.07744979e-004 0.
    2.33322475e-003 0. 0. 0. 0. 0. 0. 0. -8.50313227e-004 0. 0. 0. 0. 0.
    8.84618424e-003 3.42231989e-003 0. 0. 0. 0. 0. 0. 0. 0. 0.
    6.04024506e-004 0. 0. 1.31353922e-003 0. 0. 7.84718955e-004 0. 0. 0.
    0. 0. 0. 6.35931909e-004 0. 0. 0. 0. 0. 0. 0. 0. 0. -5.13242499e-004
    8.04549956e-004 4.28517396e-003 0. 0. 0. 6.36688957e-004 0.
    2.41962890e-003 0. 0. 0. 0. 0. 0. 4.53139692e-005 4.40674741e-003 0.
    -4.71327658e-004 0. 0. 0. 0. 0. 4.93190659e-004 0. 0. 0. 0. 0. 0. 0.
    0. 0. 0. 0. 0. 0. 0. 0. 0. 0. 0. -3.78282789e-006 2.79876916e-003 0.
    9.70945403e-004 2.38438859e-003 0. -1.28503819e-003 0.
    1.88143516e-003 0. 0. 0. 0. 0. 0. 0. 0. 0. 0. 1.30064669e-003
    2.77732033e-003 7.21313176e-004 0. 0. 0. 0. 0. 0. 0.
    -5.21935290e-004 0. 5.28760394e-003 -3.21274594e-004 1.01977040e-003
    0. 9.44372441e-004 0. 0. 1.80671539e-003 0. 0. 0. 0. 0. 0. 0. 0. 0.
    0. 0. 0. 0. 0. 3.20927240e-003 0. 0. 0. 0. -2.47010705e-003 0.
    1.92799198e-004 0. 0. 0. 0. 5.91472723e-004 0. 0. 0. 0. 0. 0. 0. 0.
    1.76789041e-003 8.27936863e-004 3.45338765e-003 4.42298828e-003 0.
    0. 0. 7.22577213e-004 0. 0. 0. 0. 0. 0. 8.45392293e-004 0.
    9.55737196e-004 0. 0. 0. 2.74785678e-003 0. 0. 0. 0. 0. 0. 0.
    -1.15812712e-004 1.91664870e-003 1.31671329e-003 0. 0.
    3.18490458e-003 9.93267982e-004 3.07365065e-003 0. 0. 0. 0. 0. 0. 0.
    1.23405934e-003 0. 0. 0. 0. 0. 0. 1.40704389e-004 0. 1.71715475e-003
    4.10613975e-005 -1.13613531e-003 -4.24732512e-004 0. 0. 0. 0. 0.
    -1.13153958e-003 0. 0. 0. 0. 4.05147625e-003 0. 4.14204597e-003 0.
    0. 0. 0. 3.90418293e-003 2.68313312e-003 0. 2.33314582e-003 0. 0. 0.
    0. 3.69176664e-003 0. 8.92744400e-004 0. 1.37875916e-003 0.
    -5.21532318e-004 1.17984302e-004 0. 2.65095429e-003 5.29465324e-004
    8.18259548e-004 5.68768301e-004 0. 2.94869300e-003 -4.22304234e-004
    0. 0. -1.57991110e-003 4.13483754e-003 3.80032667e-004
    9.18738777e-004 0. 0. 0. 3.20623536e-003 0. -6.98090531e-004 0. 0.
    1.37070112e-003 3.32513097e-004 0. -2.12302439e-005 0.
    1.85934280e-003 3.69084137e-003 0. 0. 0. 2.61795288e-003 0.
    2.27977545e-003 1.42321549e-003 0. 0. 0. 0. 5.81983477e-004 0. 0. 0.
    3.45677719e-003 0. 6.38500135e-003 0. 0. 3.61418189e-003 0. 0.
    -3.20098479e-004 0. 0. 0. 0. 0. 0. 1.08950492e-003 2.83532427e-003
    1.03680312e-003 5.19418332e-004 0. 0. 1.82269199e-003 0. 0. 0. 0. 0.
    1.52788148e-003 0. 0. 0. 1.77126471e-003 2.48395459e-004 0. 0. 0. 0.
    0. 0. 0. 0. 0. 0. 8.91607627e-003 0. 0. 0. 0. 0. 1.22146436e-003
    2.42389995e-003 0. -1.18778134e-003 0. 0. 0. 0. 0. -2.09291279e-003
    0. 0. 0. 0. 0. 0. 0. -1.40904123e-003 0. 4.78840293e-003
    1.84470741e-003 0. 0. 1.92472967e-003 0. 1.69088342e-003 0. 0.
    7.30451779e-004 1.36583205e-003 0. 0. 0. 0. 0. 0. 0. 0.
    -6.21679414e-004 2.89709074e-003 0. 0. 0. 0. 0. 2.13226839e-003 0.
    0. 5.92372660e-003 0. 0. 0. 0. 1.34422898e-003 0. 0. 0. 0. 0.
