<?xml version="1.0"?>
<opencv_storage>
<imageDescriptor type_id="opencv-matrix">
  <rows>1</rows>
  <cols>2000</cols>
  <dt>f</dt>
  <data>
    1.48450560e-003 0. 0. 0. 2.24989606e-003 0. 3.55082564e-004 0. 0.
    -7.78586953e-004 0. -4.23772231e-004 0. 0. 0. 0. 0. 3.19414912e-003
    0. 0. 0. -1.20774363e-004 0. 2.73259683e-003 0. 0. 0.
    5.98936749e-004 0. 0. 0. 4.71720501e-004 0. 0. 0. 1.50639878e-003
    4.68237186e-003 0. 0. 2.45974137e-004 -4.70696868e-005 0. 0. 0. 0.
    0. 1.98452524e-003 4.06309351e-004 -1.51958404e-004 0.
    -2.07759906e-003 0. 0. 4.67156788e-004 0. 0. 0. 0. 0. 0. 0. 0.
    1.94341596e-003 3.92707111e-003 0. 0. 0. 0. 0. 5.71646495e-003 0. 0.
    0. 0. 2.03953218e-003 0. 0. 0. 0. 0. 0. 0. 0. 5.76422317e-004 0. 0.
    0. 0. 0. 0. 1.58687669e-003 3.11238156e-003 2.29883776e-003 0. 0. 0.
    -1.42606281e-004 0. 0. 0. 0. 1.35455199e-003 -2.46994925e-004
    2.79243896e-003 0. -1.96362194e-003 0. 0. 0. 4.03864309e-003 0.
    1.34337123e-003 0. 0. 3.10674170e-003 1.74373714e-003 0. 0. 0. 0. 0.
    0. 0. 6.03435514e-003 0. 0. 0. 0. -8.07620643e-004 2.62694294e-003
    0. 2.41376180e-003 0. 0. -1.87804864e-004 -8.43792106e-004 0.
    1.26430488e-004 0. 7.80199945e-004 0. 4.85816039e-004 0. 0. 0. 0. 0.
    0. 0. 0. 0. 0. 1.29969697e-003 0. 0. 0. 0. 0. 7.08621577e-004 0.
    1.64673559e-003 0. 0. -1.38124055e-003 0. 6.02053152e-003 0. 0. 0.
    0. 4.23356565e-003 0. 0. 0. -1.42370263e-004 0. 4.70275758e-003 0.
    0. 9.30769602e-004 0. 2.58044573e-003 -1.45518527e-007
    1.02427811e-003 3.65335800e-005 9.03750770e-004 0. 0. 0. 0. 0. 0.
    2.65783095e-003 0. 0. 5.72267163e-004 0. -1.14926093e-004 0.
    1.55734911e-003 0. 0. 0. 0. 0. 3.41622648e-003 0. 0. 0.
    2.67597218e-003 -7.24462079e-005 1.14935730e-003 0. 0.
    -2.20579714e-005 6.93817099e-004 0. 2.83920602e-003 0. 0. 0. 0. 0.
    -1.87595811e-004 0. 0. 4.94425185e-004 0. 6.52888045e-003 0. 0.
    3.63513478e-004 0. 0. 0. 0. 0. 0. 5.05578751e-003 0. 0. 0. 0. 0. 0.
    -1.12339435e-003 0. 0. 4.51711891e-003 0. 0. -5.27949538e-004
    3.64280352e-003 0. 0. 0. 0. 0. 0. 2.85499170e-003 -1.15319749e-003
    0. -1.04486287e-004 -3.79681308e-003 4.13648272e-003 0.
    2.00797734e-003 0. 4.79503488e-003 3.56528704e-004 3.07318848e-003
    1.54895138e-003 0. 2.38790805e-003 0. 0. 0. 7.28966156e-003
    -6.37791003e-004 0. 0. 0. 0. -6.69425412e-004 8.01557151e-004 0.
    -9.66137959e-005 0. 2.62307411e-004 0. 0. 8.72661767e-004 0. 0. 0.
    -2.51420750e-003 0. 0. 0. 0. 0. 2.90241605e-003 1.54590688e-003 0.
    -1.05058856e-003 0. 0. 1.05581290e-004 2.75853253e-003 0. 0.
    2.68155360e-003 0. 4.94684046e-003 0. 3.23588471e-003 0. 0. 0. 0. 0.
    1.30851706e-003 0. 0. 0. 0. 5.39552607e-003 6.16908260e-003
    1.70612882e-003 0. 9.74630821e-004 0. 0. 0. 0. -2.27607481e-004 0.
    7.02254882e-004 0. 0. 0. 7.67733320e-004 0. 0. 0. 0. 0. 0. 0. 0. 0.
    0. 0. 2.14202935e-003 5.59668289e-004 0. 2.93724984e-003
    4.82338434e-003 0. 4.28599160e-005 0. 0. 1.94924383e-003 0. 0.
    1.87923855e-004 1.64867716e-003 0. 0. 0. 0. 8.52163299e-004 0. 0.
    1.74424646e-003 4.52294340e-003 0. 0. 4.16705880e-004 0. 0.
    1.29663316e-003 0. -5.36335050e-004 0. 0. 3.94601491e-004
    2.00510112e-004 -2.28679273e-004 0. 0. 0. -1.53424393e-003
    5.77098178e-003 0. -2.49044388e-004 0. 0. 0. 0. 0. 0. 0. 0. 0.
    2.98287850e-005 0. 3.03773629e-003 -1.86968828e-003 1.17598067e-003
    7.64934067e-003 0. 6.01370912e-003 0. 4.41863609e-004 0. 0. 0.
    6.77181990e-004 0. 0. 0. -3.15251714e-003 0. 0. 0. -1.67170202e-003
    6.05243351e-003 0. 0. 0. 0. 1.22724148e-003 0. 0. 0. 0. 0.
    1.47991790e-003 1.02416857e-003 0. 1.73953502e-003 0.
    7.47413666e-004 0. 0. 1.64478915e-004 0. 0. 0. 0. 0. 0. 0.
    5.95615571e-003 0. 0. 0. 0. 0. 0. 0. 1.24956493e-003 0. 0.
    2.77610100e-003 0. 0. 0. 0. 6.09986018e-004 0. 4.46204329e-003
    1.90864468e-003 0. -1.94942637e-004 0. 3.88461558e-005 0.
    1.53562883e-004 2.86567118e-003 0. 0. 1.69787498e-003 0. 0. 0. 0. 0.
    1.50763127e-003 1.49459476e-004 -1.23918522e-003 0. 0. 0. 0.
    -4.57434944e-004 0. 0. 6.12064759e-005 2.98045925e-003 0.
    -4.01101657e-004 0. 0. 0. 0. 0. 0. 6.08502072e-004 3.77691374e-003
    0. 0. 8.15631647e-004 5.07395132e-004 0. 0. 0. 3.51953437e-003 0. 0.
    0. 0. 2.01536532e-004 0. 0. 7.39622116e-003 -1.28576765e-004 0. 0.
    3.86486133e-003 0. 7.58003385e-004 0. 0. 0. 8.33129045e-004 0. 0.
    -1.86555044e-004 4.22061468e-003 0. 0. 0. 0. 0. 0. 1.13623647e-003
    0. 0. 0. 6.07250549e-004 0. 0. 0. 0. 9.49241978e-004 0. 0. 0. 0.
    1.81710289e-003 0. 0. 1.81928379e-004 1.59326114e-003
    7.69247010e-004 0. 0. 0. 0. -1.60050357e-003 0. 0. 0. 0. 0.
    -9.72200418e-004 0. 0. 5.72604826e-004 -1.90179577e-004 0. 0. 0. 0.
    4.14315192e-003 0. 0. 0. 0. 3.81254870e-003 -1.97083951e-004
    -6.91844674e-004 0. 0. 0. 0. 0. 0. 0. 1.31542212e-003 0. 0. 0.
    1.25698140e-003 -1.28568077e-004 0. 0. 0. 0. 0. 0. 0. 0.
    1.30732695e-003 3.13024124e-004 0. 0. 0. -1.99385080e-003 0. 0.
    3.48205469e-003 -1.02328544e-003 0. 2.03926023e-003 -1.84606004e-004
    -1.80811784e-003 0. -2.83064990e-004 0. 5.45724761e-004
    4.55384405e-004 0. 0. -3.96088144e-004 0. 0. 1.21861312e-003 0.
    1.66633655e-003 3.60718882e-003 5.30933670e-004 0. 0. 0.
    7.66999694e-003 1.13208732e-003 0. 0. 0. 0. 4.62376280e-003 0. 0. 0.
    0. 0. 0. 1.08330662e-003 0. 1.00282463e-003 0. 0. 5.05737262e-003 0.
    0. 3.86677944e-004 1.50306150e-003 0. 0. 1.74581131e-004
    -3.63502593e-004 9.61881247e-004 0. 0. 0. 0. 0. 1.86231185e-003 0.
    0. -7.25304417e-004 0. 0. 0. 0. 0. 0. 5.84630703e-004 0. 0.
    1.61892676e-004 0. 4.04047268e-003 0. 2.14921474e-003 0. 0. 0.
    9.91401685e-005 1.03419577e-003 0. 0. 0. 0. 0. 0. 0. 2.06828350e-003
    -1.12788880e-003 0. 0. 0. 0. 0. 0. 8.79348838e-004 0.
    3.65448953e-003 -1.06195504e-004 0. 0. -2.75260216e-004 0. 0. 0. 0.
    3.89593327e-003 -3.26303008e-004 2.56602233e-003 6.42672973e-003 0.
    0. 0. 5.70894626e-004 4.76276176e-003 0. 0. 0. 0. 0. 0. 0. 0. 0. 0.
    1.40362547e-003 0. 1.96238467e-003 0. 0. 0. 1.32910139e-003
    3.29033821e-004 0. 0. 5.20837028e-004 0. 0. 0. 0. 0. 0.
    -3.52466770e-004 0. 8.58790940e-004 0. 0. 0. 0. 0. -3.21138534e-004
    0. -8.89107236e-004 0. -4.57193310e-005 0. 0. -6.01027394e-004 0. 0.
    0. 0. 2.80780997e-003 0. 0. 2.35741911e-003 1.38079689e-003 0. 0.
    4.02672194e-005 1.79409655e-003 0. 0. 0. 0. 5.76042943e-003 0. 0.
    4.54122521e-004 3.87703156e-004 0. 0. 0. 0. 1.65770727e-003 0. 0. 0.
    0. 0. 3.23657965e-004 3.88026913e-003 0. 0. 0. 0. 0. 0. 0. 0. 0.
    -5.94671619e-005 0. 0. 8.08528438e-003 0. 7.09023734e-004
    -8.57281615e-004 -6.95260533e-004 0. 0. 0. 3.40428157e-003 0. 0. 0.
    0. 0. 1.01468083e-003 1.36919541e-003 0. 0. 0. 0. 1.12849649e-003 0.
    0. 0. 3.67219723e-003 7.55709305e-004 0. 6.57829005e-005
    4.07691253e-003 0. 0. 0. 0. 0. 0. 4.75725206e-003 0. 0.
    -3.18827631e-004 0. 0. 0. 0. 7.56127265e-005 0. 0. 0. 0. 0. 0. 0.
    2.45777518e-003 0. 0. 0. 0. 0. 0. 0. 0. 0. 7.52542214e-003
    2.77661975e-003 0. 3.46085872e-003 1.22629572e-003 0.
    4.80306195e-003 0. 0. 7.31216371e-003 1.14575843e-003 0.
    3.45728447e-004 0. 0. 0. 0. 0. 0. 0. 0. 0. 1.52886217e-003
    -2.17728506e-004 0. 1.22982950e-003 0. 3.56030744e-003 0. 0.
    1.52532978e-003 0. 0. 3.75987263e-003 0. 0. 0. 7.40841788e-004
    2.02596450e-004 0. 0. 0. 0. 0. 0. 1.20900851e-003 1.52828661e-003 0.
    0. 0. 0. 0. 2.77677341e-003 0. 0. 2.25251168e-003 0. 0. 0. 0. 0.
    1.68945687e-003 0. 2.87444075e-003 0. 0. 0. 0. 4.71857516e-003 0. 0.
    0. 2.50227307e-003 0. 0. 1.73537189e-003 0. 3.42086167e-003 0. 0. 0.
    0. 0. 0. -2.62952992e-004 0. 1.53097149e-003 -6.17024431e-004 0.
    1.10658666e-003 7.01978104e-004 0. 0. 9.83361038e-004 0. 0. 0. 0. 0.
    0. 0. 2.59971898e-003 0. 8.10020254e-004 0. 0. 3.32114613e-003 0. 0.
    0. -1.63714518e-003 0. 0. 0. 0. 1.11771177e-003 7.02882418e-003
    3.60865216e-003 2.96111382e-003 6.24964072e-004 0. 0.
