<?xml version="1.0"?>
<opencv_storage>
<imageDescriptor type_id="opencv-matrix">
  <rows>1</rows>
  <cols>2000</cols>
  <dt>f</dt>
  <data>
    1.04385801e-003 0. 8.42349080e-004 0. 0. 0. 1.60153594e-003 0. 0.
    -1.33864314e-003 0. 0. 0. 0. 0. 0. 0. 7.92892370e-003 0.
    1.35084277e-003 5.01789560e-004 0. 0. 0. 0. 0. 0. 0. 0. 0.
    1.23901817e-003 0. 2.04972061e-003 0. 0. 1.14754343e-003
    9.23565961e-003 6.69764413e-004 2.24491605e-003 0. 0.
    1.47963804e-003 0. 0. 2.37728073e-003 -4.76157002e-004 0. 0.
    4.24104137e-003 1.86507008e-004 0. 1.37346878e-003 0. 0.
    3.45392665e-003 0. 0. 2.27023615e-003 0. 0. 4.19464050e-004 0. 0. 0.
    1.62553776e-003 7.87220488e-004 0. -2.86610331e-004 0.
    -3.19190352e-004 2.27943901e-003 0. 0. 0. 0. 0. 0. 0. 0. 0.
    1.18963630e-003 0. 3.18338233e-003 0. -1.07576267e-003
    -9.98226344e-004 0. 1.78869697e-003 2.31053075e-003 -1.12813221e-004
    6.80439756e-004 0. -7.21562596e-004 0. 0. 5.37905667e-004
    3.79895465e-003 -4.90568054e-004 0. 0. 5.25070995e-004 0. 0. 0. 0.
    1.16805523e-003 0. 0. 0. 1.30756758e-003 0. 1.09473197e-003 0. 0. 0.
    0. 5.17695025e-003 2.82952073e-003 7.24151905e-004 4.07187687e-003
    1.20036828e-003 0. 0. 0. 0. 0. 1.97812263e-003 0. 4.80123970e-004
    -1.56471253e-006 0. 0. 0. 0. 0. 5.01990668e-004 0. 0. 0. 0. 0.
    2.57338467e-003 0. 4.56500519e-003 0. 0. 0. 0. 7.41424272e-004 0.
    -1.36192248e-003 0. 0. 0. 0. 0. 0. 0. 3.78090073e-004
    5.99840702e-003 0. 0. 0. 0. 0. 1.59098604e-003 6.66693086e-004
    8.17563967e-004 0. 1.18828961e-003 0. 0. 0. 1.50711264e-003 0. 0.
    3.11290263e-003 0. 0. 0. 0. 0. -7.90761958e-004 1.94058269e-002 0.
    0. 0. 0. 0. 0. 0. 0. 1.82808703e-003 0. 4.26436868e-003 0. 0.
    -1.23023335e-003 0. 0. 0. 4.03171591e-003 0. 0. 7.85018565e-005 0.
    1.16135052e-003 0. 0. 0. 1.35172904e-003 0. 0. 0. 2.43621762e-003 0.
    0. 6.94400258e-003 2.24963384e-004 0. 0. 0. 0. 0. 3.46657325e-004 0.
    0. 6.60706835e-004 0. 5.88589231e-004 0. -6.68458990e-004 0.
    2.84956908e-003 0. 0. 0. 0. 0. 0. 1.67723233e-003 -2.22311052e-003
    0. 1.03538122e-003 0. 0. 0. 0. 0. 3.15794634e-004 0. 0. 0.
    7.72873289e-004 0. 0. 0. 0. 0. 2.93319416e-003 0. 0. 1.34249707e-003
    0. 2.08115322e-003 0. 0. 0. 0. 5.63016254e-003 0. 9.57154389e-003
    1.20013172e-003 0. 0. 1.41960557e-003 0. 0. 0. 0. 0.
    -6.70386362e-005 1.20666577e-003 0. 0. 8.94240849e-003
    1.44756783e-003 -1.09590660e-003 1.80844101e-003 1.35236513e-003 0.
    3.14101973e-003 0. 1.36833100e-004 0. 0. 0. 1.29547878e-003 0.
    1.68086810e-003 0. 2.89288091e-005 0. 0. 0. 0. 0. 0. 0. 0. 0. 0. 0.
    3.45100765e-003 4.65833675e-003 0. 1.21142983e-003 0. 0.
    5.20218629e-004 0. 2.51357467e-003 0. 0. 0. 0. 0. 0. 0. 0. 0. 0.
    1.23699941e-003 0. -5.43479051e-004 0. 0. 0. 0. 0. 0. 0. 0. 0. 0. 0.
    0. 0. 0. 0. 0. 2.73733225e-004 2.03963090e-003 0. 0. 0.
    4.38530277e-003 0. 0. -1.03326188e-003 0. 0. 0. 1.67192379e-003
    -3.53332260e-004 0. 4.71959310e-003 0. 0. 0. 3.77624878e-004 0.
    4.43897769e-003 0. 0. 0. 0. 9.94692324e-004 0. 0. 0. 0.
    1.60340831e-004 -4.50200139e-004 0. 3.70237627e-003 8.43330519e-004
    0. 4.39672358e-003 0. 7.54052366e-004 0. 0. 1.61363138e-003
    4.25318675e-003 0. 5.50908176e-003 0. 0. 0. 0. 1.89012883e-003 0. 0.
    0. 0. 0. 0. 0. 0. 1.40057266e-004 1.73088675e-003 4.90673119e-003
    1.14026794e-003 7.03246566e-004 0. 0. 0. 1.38239330e-003 0. 0.
    -4.74443397e-004 2.73003988e-003 0. -4.72488813e-004 0. 0. 0. 0. 0.
    0. 0. 0. 0. -4.98344947e-004 0. 0. 0. 0. 0. 0. 0. 1.03655714e-003 0.
    0. 9.98962088e-004 0. 0. 1.61854737e-003 0. 0. 0. 0. 0. 0. 0.
    7.63047894e-004 0. 0. 0. 0. 0. 2.18374698e-004 0. 0. 0. 0. 0. 0. 0.
    7.25702208e-004 0. 0. 0. 0. 4.48432378e-003 1.74294610e-003 0.
    1.26574934e-003 1.27305524e-004 0. 0. 0. 2.52938108e-003 0. 0. 0.
    -9.59273544e-004 0. 0. 0. 0. 0. 0. -1.10962440e-003 1.28884427e-003
    0. 0. 0. 0. 0. 3.96608200e-004 0. 0. 0. 0. 7.66895013e-004 0. 0.
    2.05772906e-003 -2.48766970e-004 8.95143603e-004 0. -6.03753324e-006
    0. 0. 0. 0. 0. 0. 0. 0. -8.50820797e-004 0. 3.20622977e-003 0. 0.
    3.68518900e-004 0. 0. 0. 0. 0. 0. -4.29470500e-004 0.
    6.69580186e-005 0. 9.41992097e-004 0. 8.41672439e-003
    2.92957318e-003 0. 1.55249506e-003 0. 0. 0. 3.34525939e-005
    1.48181594e-003 0. 0. 0. 0. 0. 0. 0. 0. 0. 1.78660336e-003 0. 0. 0.
    0. 9.18003614e-004 4.37518489e-003 0. 0. 0. -8.68492352e-004 0. 0.
    -1.83504692e-003 0. 0. 0. 0. 0. 0. 0. 0. 0. 0. 0. 0. 0.
    6.31915347e-004 0. 0. 0. 0. 1.16345985e-003 0. 0. 1.72821968e-003 0.
    1.64201285e-003 1.73755878e-004 0. 0. 0. 0. 0. -3.49401642e-004 0.
    0. 1.89819967e-003 2.20182724e-003 0. 0. 0. -2.10306467e-003 0.
    1.41109992e-003 0. 0. 3.29041714e-003 1.70137978e-003 0.
    -2.57946202e-003 0. -5.11370075e-004 7.75037101e-004 3.75863048e-003
    0. 0. 5.83290029e-003 -8.22877744e-004 0. 0. 0. 0. 1.06830557e-003
    0. 0. 0. 0. 2.51421821e-003 0. 0. 1.44542288e-003 0. 0. 0. 0. 0. 0.
    0. 0. 1.37760956e-003 0. 6.50921185e-003 0. -2.32078492e-006 0.
    4.97403613e-004 0. 1.95008225e-003 0. 1.01522449e-003 0. 0. 0.
    1.09387971e-002 0. 0. 2.20229919e-003 5.46935620e-003 0.
    8.21672659e-003 2.80445977e-003 0. 0. 1.66393269e-003
    2.75458070e-003 0. 0. 0. 0. 1.74047227e-003 0. 0. 0. 0. 0. 0.
    8.86241032e-004 0. 1.68307917e-003 0. 0. 9.84414248e-004 0. 0. 0. 0.
    0. 0. 0. 0. 0. 0. 0. 2.90826964e-003 -6.56136981e-005 0. 0.
    1.44099863e-003 0. 0. 0. 0. 0. 1.45450991e-003 3.23130749e-004 0. 0.
    0. 0. 9.31564777e-004 0. 9.72074282e-004 0. 0. 0. 0. 3.72995553e-003
    7.68033380e-004 0. 0. 0. 0. 0. 0. 0. 0. 0. 1.27940346e-003
    6.84003462e-004 0. 0. 0. 0. 0. 0. 0. 0. 0. 1.25609466e-003 0.
    1.07771682e-003 3.51909781e-004 9.91614768e-004 2.72168708e-003
    4.36389586e-003 5.68818359e-004 0. 0. 0. 1.97375240e-003
    8.70229385e-004 0. 1.40700676e-003 0. 1.61243789e-003 0. 0. 0. 0. 0.
    0. 1.16857467e-003 0. 0. 0. 0. 0. 0. 2.08602869e-003 3.94097209e-004
    5.16115862e-004 8.65769864e-004 4.57852380e-003 0. 0.
    1.23202289e-003 0. 0. 1.33552810e-003 1.63480127e-003 0. 0. 0. 0.
    1.64908578e-003 0. 2.51068291e-003 2.01916415e-003 -6.46113011e-004
    0. 2.29933858e-003 0. 7.17201969e-004 0. 0. 0. 8.71372060e-004 0. 0.
    0. 0. 4.31226008e-003 0. 0. 2.17405125e-003 -5.61365974e-004 0.
    -2.13966792e-004 0. 0. 0. 0. 1.48601423e-003 1.88982754e-003 0. 0.
    1.26429426e-003 0. 0. 6.72007794e-004 1.48324482e-003 0. 0. 0. 0. 0.
    0. 0. 0. 0. 0. 0. 0. -8.10307567e-004 0. 0. 0. 0. 0. 0.
    2.04850151e-003 0. 0. 0. 0. 0. 0. 0. 0. 0. 0. 0. 0. 0. 0. 0. 0. 0.
    0. 1.17521652e-003 0. 0. 0. 0. 0. 0. 0. 0. 0. 0. 0. 1.05197798e-003
    0. 2.15096888e-003 0. 3.81710306e-005 0. -1.31104011e-004 0. 0. 0.
    0. 2.71854247e-003 0. 0. 0. 1.87489111e-003 0. 5.29723766e-004 0. 0.
    0. 0. 0. 0. 0. 0. 0. 0. 0. 0. 0. 0. 2.28098477e-003 -2.86940165e-004
    4.68745740e-004 0. 0. 0. 3.85962916e-003 0. 3.96491308e-003 0. 0. 0.
    1.77083362e-004 1.57754665e-004 0. 1.53864699e-003 1.32226711e-003
    0. 0. 0. 8.24961637e-004 0. 0. 4.06190939e-003 1.31549430e-003 0. 0.
    2.85981060e-003 3.89354333e-004 0. -3.63612431e-003 -5.47907839e-004
    0. 0. 0. 0. 0. 1.27682800e-003 3.27432901e-003 0. 0. 0.
    5.49943768e-004 4.78319183e-004 0. 2.91191181e-003 5.04584890e-003
    0. 0. 4.79109585e-003 -2.22221322e-004 0. 9.54139046e-004
    4.44617262e-003 0. 0. 2.73749232e-004 0. 0. 0. -2.67771888e-004 0.
    6.93553826e-004 2.41285772e-003 0. 0. 1.75485096e-003 0. 0. 0. 0. 0.
    0. 0. 0. 0. 0. 0. 0. 1.45864056e-003 3.39254318e-003 0.
    7.02520658e-004 0. 3.28890281e-003 0. 1.46442628e-003
    -3.81642894e-004 0. 1.45208585e-004 0. 0. 1.06655562e-003 0.
    1.80319452e-003 0. 0. 3.18404660e-003 2.89942441e-003 0. 0. 0. 0. 0.
    1.49371661e-003 -8.34543142e-004 -3.37153586e-004 1.25408836e-003 0.
    1.53306872e-003 0. 0. 0. 0. -1.96138956e-003 0. 0. 0. 0. 0. 0.
    1.69457099e-003 0. 1.68645184e-003 4.01704252e-004 0. 0.
