<?xml version="1.0"?>
<opencv_storage>
<imageDescriptor type_id="opencv-matrix">
  <rows>1</rows>
  <cols>2000</cols>
  <dt>f</dt>
  <data>
    0. 1.44892361e-003 0. 0. 0. 0. 0. 0. 0. 1.94304099e-003 0. 0. 0. 0.
    0. 0. 0. -1.15203275e-003 0. 8.63841618e-004 0. 0. 0. 0.
    5.18885136e-005 0. 0. 0. 0. 0. 2.99044978e-003 0. 0. 0.
    1.02437334e-003 0. -1.86214838e-005 0. 9.80297104e-004
    -8.06324882e-004 0. 0. 0. 0. 0. 3.95279750e-003 1.08040986e-003 0.
    2.12007156e-003 1.52066536e-003 0. 0. 5.48344513e-004
    -1.11977593e-003 0. 0. 0. 0. 0. 0. 2.94855377e-003 0.
    -5.12779108e-004 0. 0. 0. 0. 1.30794116e-003 0. 0. 0.
    7.70205224e-004 0. 1.15925679e-003 0. -2.46721029e-004 0.
    4.78695409e-004 0. 2.78016552e-003 8.41695815e-003 -4.01455705e-004
    0. 0. 0. 0. 0. 0. 9.99421813e-004 2.87839002e-003 0. 0.
    3.65466054e-004 0. 5.86686016e-004 -1.86893286e-003 0.
    3.05436831e-003 0. 0. 1.37409219e-003 0. 0. 5.38737979e-003 0. 0. 0.
    1.31289978e-002 0. 0. 0. 6.93894341e-004 0. 0. 1.86677568e-003 0. 0.
    0. 0. 8.56557570e-004 0. 0. 8.94945755e-004 0. -1.37387266e-004 0.
    0. 2.22587565e-004 0. 0. 0. 2.32965525e-004 0. 3.76967364e-005 0.
    1.11057726e-003 0. 0. 0. 0. 1.32966619e-002 0. 0. 0. 0.
    -8.94064433e-004 0. 0. 0. 0. 0. 0. 0. 0. 0. 0. 0. 1.17828581e-003
    5.97547414e-003 0. 0. 0. 9.33648203e-004 4.99329530e-004
    8.98966246e-005 0. 4.16864362e-003 1.63384550e-003 1.77933939e-003
    0. 0. 0. 0. 0. -1.63141973e-004 3.17998114e-003 0. 0. 0. 0. 0. 0.
    1.19336753e-003 0. 0. 9.07300506e-004 0. -1.29292242e-003
    5.62246481e-004 0. 0. 0. 1.52977777e-003 0. 0. 0. 0. 1.85982988e-003
    -7.19397445e-004 -4.24463709e-004 3.04933032e-003 0. 4.55750991e-003
    0. 1.82312087e-003 8.76614940e-004 0. 0. 2.14955001e-003 0.
    3.11988057e-004 0. 3.19250207e-003 0. 0. 2.96793645e-003
    4.71921405e-004 1.55642012e-003 0. 6.44769287e-004 0. 0. 0.
    -5.27018099e-004 6.09607203e-003 0. 3.05869360e-003 1.04369898e-003
    2.08131340e-003 0. 0. 2.24177563e-003 0. 0. -7.02986028e-004
    4.68001934e-004 0. 0. 0. 0. 0. 4.75467229e-003 0. 3.00916960e-003
    1.48022198e-004 4.48773324e-004 0. 0. 1.02683448e-003
    1.17722759e-003 0. 0. 0. 2.75385712e-004 0. 0. 0. 3.75589775e-003 0.
    0. 0. 0. 1.23746591e-004 0. 0. 5.35774231e-003 0. 0. 0.
    9.04127490e-004 0. 0. 0. 0. 0. 0. 0. 5.31863561e-003 0. 0. 0. 0. 0.
    0. 0. 0. 0. 0. 0. 0. -3.84326471e-004 2.63255351e-004 0.
    1.28544797e-003 0. 1.78639626e-003 0. 0. 0. 1.15640601e-002 0.
    1.22857548e-003 0. 0. 0. 0. 4.15273989e-003 0. 0. 4.12254070e-004 0.
    0. 1.72534469e-003 0. 0. 0. 1.90689112e-003 1.29668752e-003 0. 0. 0.
    0. 1.10622181e-003 0. 0. 0. 0. 0. 0. 0. 0. -1.00951444e-003 0. 0. 0.
    0. 0. 0. 3.30637209e-003 0. 0. 1.38840952e-003 0. 0. 0.
    1.39950833e-003 1.82714756e-003 8.58070096e-004 0. 0. 0.
    1.10191235e-004 0. 4.50999662e-003 0. 0. 0. 0. 0. -1.48371456e-003
    1.24755467e-003 0. 1.40798616e-003 0. 5.04304236e-003 0. 0. 0. 0.
    7.73644820e-003 0. 3.63506260e-004 1.89956336e-003 0. 0. 0. 0.
    2.29211384e-003 -2.39124929e-004 0. 4.70605155e-004 0. 0.
    3.92362475e-003 0. 0. 0. 0. 5.96507685e-004 0. 1.06327527e-003 0. 0.
    0. 0. 0. 0. 1.43403932e-003 0. 0. 0. 0. 8.54206737e-003 0. 0. 0.
    -6.78983692e-004 0. 0. 0. 0. 0. 0. 1.03689451e-003 0. 0. 0.
    9.46518208e-004 6.83622481e-003 -1.53514469e-004 0. 0. 0.
    1.99127547e-003 1.34876196e-003 0. 0. 8.99461273e-004
    1.15618971e-003 0. 0. 6.33312680e-004 0. 0. 3.99967050e-003 0.
    4.01323196e-004 4.64177318e-003 0. 0. 0. 0. 0. 0. 0. 1.38904713e-003
    -2.86589173e-004 0. 0. 0. 0. 0. 0. 0. 0. 0. 0. 0. 6.95482036e-003 0.
    3.79690871e-004 0. 2.92699831e-003 -5.25176350e-004 0. 0.
    3.02568963e-003 0. 0. 0. 0. 1.46281718e-005 3.45309294e-004 0.
    2.35014901e-004 1.84088611e-004 0. 0. 3.21394205e-003
    -5.01030870e-003 0. 2.52848677e-003 0. 0. 0. 0. 2.32654111e-003
    4.71328647e-004 0. -3.46234097e-004 2.57209977e-005 0.
    1.15326943e-003 0. 0. 0. 0. 0. 0. 0. 0. 1.71105738e-003
    9.34342796e-004 6.86017040e-004 1.51597324e-003 0. 0. 0. 0. 0. 0. 0.
    0. 0. 7.29771331e-004 1.61072705e-003 0. 2.38797467e-004 0. 0. 0. 0.
    2.34682905e-003 1.19232782e-003 0. 0. 0. 0. 0. -2.33184104e-003 0.
    0. 0. 0. 1.96785107e-003 6.93513721e-004 2.28486350e-003 0. 0. 0.
    6.46060216e-004 2.73892004e-003 0. 0. 0. 0. 0. 0. 0.
    -4.92801482e-005 0. 6.41115569e-003 0. 0. 0. 0. 2.69514858e-003 0.
    0. 9.43453331e-003 0. 0. 0. 0. -1.24321471e-003 0. 4.61628893e-003
    0. 2.02473238e-004 0. 0. 4.05279547e-003 0. 1.40273361e-003
    2.87702656e-004 0. 0. 0. 2.19575618e-003 -2.98279396e-004 0. 0. 0.
    0. 0. 1.76113099e-005 0. 7.66105019e-004 5.19616855e-003 0. 0. 0. 0.
    -2.86670169e-004 0. 0. -1.14790746e-004 1.42235614e-004 0.
    2.88655143e-003 0. 1.12553127e-003 0. 0. 0. -8.65828595e-004
    1.40216912e-003 1.64175068e-003 0. 0. 1.94986037e-003
    9.63225844e-004 2.59724027e-003 0. 0. 0. 5.65465249e-004 0. 0.
    -3.98939097e-004 0. 0. 2.39761942e-003 0. 9.36888537e-005 0. 0. 0.
    0. 0. 0. 0. 0. 0. 0. 6.38410740e-004 4.21786448e-003 4.17351956e-003
    1.16723718e-003 2.45336181e-004 9.78616066e-004 2.05220119e-003
    3.18621309e-003 0. 0. 0. 2.83734221e-003 -1.48113212e-003 0. 0. 0.
    0. 0. 0. 0. 0. -1.59020929e-004 0. 5.14565581e-005 0.
    1.86430244e-003 0. 0. -1.94375913e-004 1.07721076e-003
    9.10077186e-004 0. 0. 1.16699864e-003 0. 7.56717403e-004
    1.00446050e-003 0. 0. 0. 0. 0. 0. 0. 0. 0. 0. 1.11775822e-003 0. 0.
    2.66171503e-003 1.00163114e-003 0. 0. 0. 0. 0. 0. 0. 0. 0. 0.
    2.07185396e-003 0. 0. 0. 3.14242067e-003 0. 7.43988901e-004 0. 0.
    -7.16673560e-004 0. 0. -2.24212970e-004 1.12312532e-003 0.
    9.02527536e-004 0. 0. 0. 2.00879946e-003 0. 0. 0. 0. 1.88177486e-003
    0. 0. 0. 0. 1.18882264e-004 0. 0. -3.70673923e-004 0. 0. 0. 0. 0. 0.
    6.64917286e-003 0. 0. -1.08948216e-005 0. 0. -1.70875413e-004 0. 0.
    1.00226200e-003 0. 0. 0. 5.11685619e-004 0. 0. 0. 0. 0. 0. 0. 0.
    3.65954038e-005 3.39835556e-003 0. 0. 0. 4.98718407e-004
    6.59554556e-004 0. 0. 0. 0. 0. 0. 0. 0. 0. -1.00924843e-003 0. 0. 0.
    0. 0. 0. -1.28432317e-003 4.29566950e-003 1.14070403e-003
    5.86852571e-003 0. 4.24921466e-003 0. 0. -1.11540221e-003
    -4.25909775e-006 4.77097317e-004 0. 0. 0. 0. 0. 0. 0. 0.
    4.04273672e-003 0. 0. 3.10764974e-003 0. 1.21712813e-003
    1.89179555e-003 0. 0. 1.35153194e-003 0. 0. 0. 4.18252870e-003 0. 0.
    0. 0. -5.15758293e-004 6.15477050e-003 0. 0. 0. 0. 0.
    1.75748114e-003 0. 0. 0. 0. 0. 0. 0. 0. 0. 3.47902300e-003 0. 0. 0.
    0. 0. 0. 0. 0. 4.68246115e-004 0. 0. 1.60357496e-003 0. 0. 0. 0. 0.
    0. 8.65848677e-004 0. 0. 0. 0. 2.55718129e-004 6.28864917e-004 0. 0.
    0. 0. 0. 1.15363591e-003 0. 0. 3.22071649e-003 7.24112324e-004 0. 0.
    0. 0. 0. 9.77942720e-004 0. 2.18722550e-003 0. 0. 3.52362869e-004
    9.78473807e-004 8.94616067e-004 1.85553479e-004 8.43533198e-004
    2.40981090e-003 4.45461308e-004 8.93173681e-004 2.38810643e-003
    8.43046873e-004 4.41839918e-003 0. 0. 0. 6.86126179e-004
    5.58401109e-004 7.39075418e-004 0. 1.38899393e-003 0.
    -6.65113548e-005 8.73486325e-003 0. 0. 0. 3.10444948e-003 0. 0.
    1.72950455e-003 1.70879683e-003 -1.50226569e-003 0. 0.
    2.14411691e-003 -2.48313835e-003 0. 0. 1.50642672e-003 0.
    4.87503305e-004 0. 0. 0. -4.57528367e-004 0. 0. 0. -7.88227189e-004
    6.31302712e-004 0. 3.31958756e-003 0. 6.77889329e-004 0. 0. 0.
    7.46164611e-003 0. -4.34358692e-004 5.63524617e-003 0.
    3.67896981e-003 4.24600294e-004 -5.79997723e-004 0. 0.
    6.07408438e-005 0. 0. 0. 0. 0. 0. 1.56135403e-003 0. 0.
    7.08825537e-004 5.14661602e-004 0. 0. 0. 0. 0. 0. 0. 1.57476438e-003
    1.89788372e-003 3.37257888e-003 1.56972872e-003 0. 0.
    5.45687880e-003 0. 0. 0. 7.03342026e-003 0. 0. 0. 6.77732402e-004 0.
    1.73911068e-003 0. 2.46769609e-003 9.69394634e-004 5.11951570e-004
    4.03942820e-003 0. -4.68630955e-004 -4.11412388e-004 0. 0.
