<?xml version="1.0"?>
<opencv_storage>
<imageDescriptor type_id="opencv-matrix">
  <rows>1</rows>
  <cols>2000</cols>
  <dt>f</dt>
  <data>
    3.16192722e-003 -3.57613841e-004 0. 5.10236062e-003 0. 0. 0.
    1.29470236e-005 0. 0. 9.24392734e-005 0. 0. 0. 0. 1.46239751e-003 0.
    1.07666496e-002 0. 0. -2.01537530e-003 0. 0. 0. 0. 1.63289823e-003
    5.90249198e-003 1.20960634e-004 0. 0. 3.25993542e-003
    2.35289335e-003 1.83836103e-003 0. 8.40317400e-004 4.55398299e-003
    1.44354603e-003 0. 3.64003517e-003 -1.83083804e-003 0. 0. 0. 0. 0.
    0. -8.97270860e-004 0. 0. 1.41883106e-003 0. 0. 2.57151609e-004
    7.25895341e-004 1.27832021e-003 1.80126587e-003 0. 9.68871347e-004
    0. 0. 8.89068237e-004 0. 3.03302280e-004 0. 0. 0. 0. 5.58688829e-004
    0. 0. 0. 0. -4.61168063e-004 0. 0. 0. -1.19247718e-003 0. 0. 0.
    -2.05807737e-003 0. 0. 0. 0. 0. 0. 0. 0. 2.25263461e-003 0.
    7.17870076e-004 1.63079542e-003 0. 0. 0. 0. 0. 0. 0.
    -3.79902020e-004 0. 0. 1.64575560e-003 2.08562403e-003
    -1.46016164e-003 5.66898379e-003 0. 3.10825789e-003 7.03723563e-005
    2.44486565e-003 6.20329473e-003 -1.71402535e-005 0. 0. 0. 0. 0.
    -2.15819600e-004 0. 0. 0. 0. 8.71942495e-004 0. 0. 0.
    5.68181858e-004 6.50292612e-004 0. -1.85032826e-004 0. 0. 0.
    8.89080390e-003 0. 0. 0. 0. 0. 1.40804320e-003 5.18296566e-003 0. 0.
    0. 0. 0. 6.73881092e-004 0. 0. 0. 0. 4.50678112e-004 0.
    8.37542489e-003 0. 0. 3.64758307e-003 3.84661742e-003 0. 0. 0. 0.
    4.14051581e-003 0. 0. 0. 0. 0. 0. 0. 0. 2.92204856e-003
    1.64380972e-003 0. 0. 0. 0. 1.98520767e-003 -1.78217911e-003 0. 0.
    0. 1.89251092e-003 0. 0. 9.03018459e-004 0. 3.97429569e-003 0. 0. 0.
    0. 0. 0. 0. 1.16051384e-003 0. 0. 0. 0. 0. 0. 1.96728925e-003 0. 0.
    0. 0. 2.10293569e-003 0. 0. 0. 0. 0. 0. 0. 8.44696246e-004 0.
    3.72445863e-003 0. 0. 0. 0. 0. 0. 0. -8.78841500e-004 0. 0. 0. 0.
    4.51053912e-003 0. 1.02405343e-003 3.58829013e-004 0. 0.
    -1.62021570e-005 0. 1.62110233e-003 0. -1.52292126e-003
    1.28225505e-003 6.28590351e-004 -1.38126197e-003 0. 0.
    9.63626313e-004 0. 0. 0. 0. 4.44947090e-003 -1.70469703e-003 0. 0.
    1.59371027e-003 0. 0. 0. 1.62670534e-004 1.18399120e-003
    9.26538662e-004 -1.76359760e-003 0. 0. 0. 0. 0. 0. 0. 0. 0. 0. 0. 0.
    1.08891960e-004 -6.02587534e-006 0. 0. 0. 0. -6.70949521e-004 0.
    5.74273383e-003 0. 0. 0. 0. 0. 3.20031098e-003 1.90766517e-003 0. 0.
    0. 0. 0. 0. 3.45219625e-003 0. 0. 1.33997307e-003 -7.69752878e-005
    0. 0. 0. 0. 2.08526291e-003 0. 0. 0. -2.41366588e-003 0. 0. 0.
    5.22568531e-004 0. 0. 2.53887556e-004 0. 0. 0. 0. 6.54297788e-003 0.
    -1.48251507e-004 0. 4.44972329e-003 0. 4.59509157e-003
    -1.09867845e-003 0. 0. 1.20102987e-003 0. 1.40008249e-003
    -2.39067435e-006 0. 0. 2.58995546e-003 0. -1.81365918e-004
    3.04189191e-004 0. 0. 1.49812631e-003 0. 0. 0. 0. 0. 0. 0. 0.
    5.83934365e-004 2.25733360e-003 0. 7.61992997e-003 0.
    4.84310556e-003 0. 0. 0. -1.32341956e-004 1.50677701e-003
    2.25529587e-003 0. 0. 0. 0. 0. 6.06802467e-004 9.97783645e-005 0. 0.
    0. 0. 0. 0. 0. 0. 0. 0. 1.47262739e-003 0. 0. 0. 0. 0. 0. 0. 0. 0.
    0. 9.86169689e-005 0. 2.28057941e-003 0. 0. 0. 0. 0. 1.12459192e-003
    0. 0. 1.80920260e-003 0. 2.56376551e-003 0. 1.29414967e-003 0. 0. 0.
    0. 0. 0. 0. 4.44940105e-003 4.11411794e-003 0. 0. 0. 0. 0. 0. 0. 0.
    0. -3.55305092e-004 0. 0. 0. 6.23233570e-003 0. 0. 0.
    4.96342953e-004 0. 0. 0. 0. 0. 3.83668288e-004 0. 0.
    -5.09756137e-005 0. 0. 0. 0. 1.08103792e-003 0. 0. 0. 0. 0. 0. 0.
    1.63540384e-003 1.96123030e-003 0. 0. 1.80367206e-003 0. 0. 0.
    9.96246655e-003 0. 7.51173648e-004 0. 0. 8.43721908e-004 0.
    4.54304740e-003 0. 1.07550749e-003 0. 0. 0. 2.71692348e-004 0. 0. 0.
    2.73709767e-003 0. 5.61831845e-003 0. 8.85207613e-004 0. 0. 0. 0.
    -1.37091556e-003 0. 0. 0. 0. 0. 0. 0. 0. 0. 1.17949443e-003
    3.39959734e-005 0. 0. 1.53070746e-003 0. 2.06621527e-003 0. 0. 0. 0.
    4.15381714e-004 0. 1.66292698e-003 3.10309953e-003 0.
    1.66402454e-003 3.95365991e-004 0. 0. 0. 0. 0. 5.07336995e-003 0. 0.
    0. 0. 2.32825917e-003 0. -3.46475025e-003 0. 0. 2.26556230e-003
    5.74038224e-003 0. 0. 0. 0. 3.12471180e-003 0. 2.61061039e-004 0. 0.
    0. 0. 0. 0. 2.84094340e-003 -9.36238095e-004 0. 0. -2.76647683e-004
    0. 0. 0. 0. 0. 2.34387140e-003 0. 0. 6.23524562e-003 0. 0. 0. 0.
    2.28162156e-003 0. 0. 0. 1.53961487e-003 0. 0. 0. 0. 0. 0. 0. 0.
    5.35205705e-003 0. 1.20913330e-003 0. 0. 0. 0. 0. 9.83678387e-004 0.
    1.00827811e-003 0. 0. 0. 0. 0. 0. 0. 0. 0. 1.28372281e-003 0. 0. 0.
    0. 3.05513665e-003 0. 0. 4.40280332e-004 -2.31032679e-003 0. 0. 0.
    0. 0. 0. 0. 0. 0. 0. 0. 4.84311371e-004 0. 0. 0. 0. 0.
    3.27575719e-004 0. 0. 0. 0. 2.78695649e-003 0. 0. 0. 0. 0. 0. 0.
    5.81153377e-004 0. 0. 0. 0. 0. 2.66846619e-003 0. 4.96571744e-003 0.
    6.57057739e-004 7.08722509e-003 0. 0. 3.55734909e-003
    1.10456091e-003 0. -7.29339035e-006 0. 0. 0. 0. 0. 5.28436794e-004
    0. 0. 1.28178531e-003 0. 0. 0. 0. 0. 0. 0. 0. 0. 0. 0.
    6.73696259e-003 6.16961333e-004 0. 0. 0. 1.10849156e-003
    2.78841658e-003 4.00310289e-003 0. 0. 0. 0. 0. 0. 0. 0. 0. 0. 0.
    8.37840198e-004 0. 2.14337814e-003 1.40846998e-003 4.64121345e-003
    5.61974884e-004 0. 0. 0. -8.66394199e-004 0. 0. 8.51524877e-004
    8.56181898e-004 1.68462784e-003 0. 0. 0. 2.34636315e-003 0.
    1.56582193e-003 0. 5.11415070e-004 1.81216106e-003 0.
    -1.50004445e-004 0. 0. 0. 0. 0. 1.07637781e-004 -7.73386098e-004
    2.11161841e-003 0. 0. 0. 0. 0. 0. 0. 0. 0. 0. 0. 4.48296918e-003 0.
    0. 0. 0. 0. 0. 0. 0. 1.29305306e-004 0. 0. 0. 0. 6.71786955e-003
    5.48614608e-003 0. 0. 0. 1.70530484e-003 0. 0. 0. 0. 1.45695731e-003
    0. 0. 5.12585975e-003 0. -3.20638937e-004 0. 0. 0. 0.
    -4.68396116e-004 3.06814117e-003 1.03864609e-003 0. 0.
    3.18277208e-003 0. 0. 0. 0. 7.09636370e-003 2.24353746e-003 0.
    1.43052381e-003 0. 0. 0. 2.42298353e-003 0. 0. 0. 4.06272593e-004 0.
    0. 0. 0. 1.12395966e-003 0. 0. 1.55372848e-003 0. -8.03736562e-004
    0. 0. 4.35392954e-004 0. 0. -3.96074931e-004 0. 0. 0. 0. 0. 0. 0.
    3.66561860e-003 0. 0. 6.62830798e-003 0. 0. 0. 0. 3.10433237e-003
    4.79465525e-004 0. 0. 9.80262645e-004 0. 2.11094064e-003 0.
    6.52416900e-004 0. 0. 3.64159583e-003 0. 1.49784493e-003
    -9.04147048e-004 0. 1.05053501e-003 0. -6.21040235e-004
    -6.93311886e-005 0. 0. 0. 0. 0. -2.97101331e-004 0. 0. 0.
    1.13857258e-003 0. 1.81199517e-003 0. 5.41473087e-003
    3.70964548e-003 4.37224837e-004 0. 0. -1.85996687e-005
    4.04189061e-003 0. 2.45534786e-004 3.04452353e-003 0. 0. 0.
    4.08302993e-003 0. 0. 0. 0. 0. 0. 4.82046930e-003 -1.75180368e-003
    1.87162799e-003 0. 0. 0. 0. 0. 0. 0. 0. -5.53265039e-004
    2.37291842e-003 0. 0. 0. 0. 0. 0. 0. 0. 0. 0. 1.81778870e-003 0. 0.
    0. 3.82087962e-003 -1.54897314e-003 -1.46376318e-003 0.
    2.23416905e-003 0. 0. 0. 0. 0. 0. -6.19148428e-004 2.49569537e-003
    0. 1.55712001e-003 1.60283176e-003 0. 0. 0. 0. 1.28810760e-003 0. 0.
    0. 0. 0. 0. 0. 1.28813868e-003 0. 4.13442729e-003 0. 0.
    -9.76612442e-004 0. 0. 0. 0. 0. 0. 0. 9.54339746e-004 0. 0. 0.
    -1.74884382e-003 0. 1.88719213e-003 0. 0. 0. 0. 0. 1.17896742e-003
    0. 2.71895085e-003 0. 0. 8.94092489e-004 0. 0. 9.18179867e-004
    2.78127147e-003 1.86917570e-003 0. 0. 0. 0. 0. 0. 0.
    -1.42790272e-003 0. 0. 2.19099806e-003 0. 0. 2.12909974e-004 0.
    -1.18214150e-004 1.17491477e-003 0. 1.40007271e-003 0.
    1.65951904e-003 0. 0. 0. 0. 0. 1.54275226e-003 0. 0. 0. 0. 0.
    2.05942919e-003 1.29710289e-003 3.52316978e-003 1.41219713e-003
    1.51002442e-003 0. 1.08129250e-004 1.39747118e-003 3.64408409e-003
    0. 4.40536579e-003 0. 0. 0. 0. 1.56952941e-003 4.64297278e-004 0. 0.
    0. 6.22897278e-005 0. 0. 0. 0. 2.45662546e-003 1.43344759e-003 0. 0.
    5.26720600e-004 0. 0. 0. 0. 3.45784822e-004 0. 0. 0. 0.
    1.16493588e-003 2.54682684e-003 0. 0. 0. 0. 0. 0. 0. 0. 0. 0. 0. 0.
