<?xml version="1.0"?>
<opencv_storage>
<imageDescriptor type_id="opencv-matrix">
  <rows>1</rows>
  <cols>2000</cols>
  <dt>f</dt>
  <data>
    0. 3.28616821e-003 0. 1.29136909e-003 1.72075664e-003 0. 0. 0.
    1.87327422e-003 3.35923373e-003 0. 0. 0. 0. 2.67885625e-003 0. 0.
    1.52887672e-003 0. 0. 0. 0. 0. 0. 0. 0. 2.34469725e-003 0.
    -1.47527666e-003 0. 1.58735737e-003 0. 4.26799525e-004
    9.66599444e-004 0. 0. 0. 0. 0. 1.95066634e-004 0. 0. 0.
    6.25889865e-004 0. 0. 0. 0. 0. -3.79869045e-004 0. 0. 0.
    4.25330480e-004 0. 6.95197727e-004 0. 8.56807048e-004 0.
    1.01027719e-003 0. 0. 0. 0. 0. 0. 0. 1.06424268e-003 0.
    -8.01372342e-004 5.20651985e-004 0. 0. 0. 0. 0. -6.90543442e-004 0.
    1.02843100e-003 0. -5.41926478e-004 -6.71308546e-004 0. 0. 0.
    1.04862242e-003 1.06264628e-003 0. 1.18166511e-003 0. 0.
    -1.15645424e-004 1.56548480e-003 0. 0. 3.35594825e-003
    -1.02680328e-003 0. 4.86219156e-004 0. 1.54573494e-003
    6.10349700e-004 9.13146941e-004 0. 5.70712691e-005 0.
    1.54766254e-003 1.16481667e-003 0. 0. 0. -5.92463184e-004 0. 0.
    3.82903917e-003 0. 0. 0. 1.06469226e-004 3.29359248e-003 0. 0.
    4.07642685e-003 0. 0. 0. 0. 0. 0. 5.81381901e-004 0. 0.
    7.76766986e-003 0. 6.73689996e-004 1.59145717e-003 0. 0. 0.
    2.41332897e-003 6.83742156e-003 0. 3.30016087e-003 7.51811825e-003
    7.13292416e-003 0. 0. 0. 0. 0. 0. 0. 2.77673826e-004 0. 0.
    5.28862409e-004 0. 0. 0. 0. 1.43920234e-003 4.76904504e-004
    8.56640036e-005 0. 2.18921225e-003 0. 0. 0. 0. 0. 7.90217984e-003
    1.75681210e-003 0. 0. 0. 1.03572640e-003 0. 0. 0. 2.82464880e-005
    3.85685032e-003 0. 0. -1.93087547e-003 0. 0. 0. 0. 0. 0. 0. 0.
    2.18016212e-003 0. 0. 0. 0. -1.52732478e-003 -2.02059816e-003 0. 0.
    0. 4.42939985e-004 0. 6.53342053e-004 2.92914017e-004 0. 0. 0.
    2.70117493e-003 -1.31487299e-003 5.00105205e-004 3.01025412e-003 0.
    0. 0. 0. 0. 0. 0. 0. 1.79317361e-003 4.84061427e-003 0. 0. 0.
    -2.18692818e-004 2.05776771e-003 -1.39448477e-003 0. 4.93428251e-003
    6.47504674e-003 1.57873007e-003 0. 0. 0. 0. 0. 0. 0. 0.
    -9.31512448e-004 0. 0. 0. 0. 0. 8.26041738e-004 0. 0. 0.
    2.11911369e-003 0. -3.24125904e-006 0. 7.98993511e-004
    -5.96367114e-004 0. 0. 0. 0. 0. -3.05116875e-004 5.82037587e-003
    2.39405199e-003 0. 0. 0. 0. 4.33132658e-003 2.87632504e-003 0. 0. 0.
    0. 0. 0. 0. 0. 0. 0. 0. 0. 0. 0. 0. 0. 0. 1.77146029e-003 0.
    -2.53085425e-004 1.26471350e-004 6.91718538e-004 0. 1.11372198e-003
    3.60969163e-004 0. 0. 0. 0. 2.36134115e-003 6.63057994e-003 0. 0. 0.
    4.36806622e-005 2.22620997e-003 0. 0. 1.45420036e-003
    -1.09403383e-003 0. 0. 0. 0. 0. 0. 0. 0. 0. 0. 3.82367312e-003 0.
    1.05837919e-003 4.53067059e-003 0. 9.27120913e-004 0.
    5.83171321e-004 5.44822169e-003 0. 0. 0. 0. 1.51891983e-003 0. 0.
    1.78746806e-004 9.45143460e-004 0. 8.95037141e-004 0. 0.
    7.93699350e-004 0. 0. 0. -1.56268035e-003 0. 1.23761082e-003
    -2.47663818e-004 7.87784345e-004 0. 0. 0. -3.29518021e-004
    1.95124233e-003 0. 0. -5.07730234e-004 0. 0. 1.66559976e-003
    4.25856607e-003 0. 3.13917780e-003 1.08157541e-003 0. 0. 0. 0.
    7.50447391e-004 3.69433407e-003 0. 2.10844702e-003 3.07511911e-003
    0. 0. 0. 0. 0. 0. 0. 0. 0. 0. -6.25184657e-006 0. 0. 0. 0. 0. 0. 0.
    0. 3.99043493e-005 4.30097833e-004 0. 1.21657569e-002 0.
    7.53106608e-004 0. 0. 0. 0. 6.48089033e-003 0. 0. 0. 1.86975906e-003
    0. 0. 2.09657499e-003 0. 4.65522148e-003 0. 7.81624985e-004
    1.81674410e-003 1.58885925e-003 -2.83119880e-004 0. -2.08745609e-004
    0. 1.73950684e-003 0. 9.29311558e-004 0. 0. 2.13432661e-003 0. 0.
    6.31762668e-004 0. 0. 1.31685717e-003 0. 2.24562222e-003 0. 0. 0. 0.
    0. 0. 0. 0. 0. 0. 0. 7.89861770e-006 0. 3.74537753e-003 0. 0. 0.
    4.49324911e-003 0. -1.44773768e-003 0. 0. 0. 0. 0. -1.95842818e-004
    0. 4.28899517e-003 0. 0. 1.31129287e-003 -1.80462026e-003 0. 0.
    5.39547327e-005 5.38562983e-003 0. 3.45965661e-003 3.09713185e-003
    4.55120532e-003 0. 0. 4.95757384e-004 1.84957142e-004
    2.98383809e-003 0. 0. 6.56251376e-003 2.03843694e-003 0. 0. 0.
    -3.27382149e-004 0. 0. -8.12422426e-004 0. 0. 0. 0. -9.11822892e-004
    0. 0. 0. 0. -2.32987484e-004 0. -2.20397394e-003 0. 0.
    3.51139257e-004 1.18616945e-003 9.12392105e-004 6.46969536e-003 0.
    0. 0. 0. 1.58782280e-003 0. 0. 0. 0. 2.60092551e-003 0.
    3.98170698e-004 1.34402222e-003 0. 2.39295280e-003 0. 0.
    -3.03236797e-004 1.40876381e-003 0. 2.04440113e-003 -1.29633569e-004
    0. 0. 0. 1.70704967e-003 0. 0. 0. 3.73844639e-003 1.09780196e-003 0.
    2.99962261e-003 0. 0. 0. 0. 0. 0. 0. -1.95386499e-004 0. 0. 0. 0.
    1.04522286e-003 0. 0. 0. 0. -5.72076715e-005 0. 0. 2.98876455e-003
    0. 0. 0. 3.76870297e-003 0. 8.49769544e-003 -4.61931268e-005
    4.70866580e-005 0. 0. 0. 0. -4.12137655e-004 5.46008523e-004
    -5.14021609e-004 0. 1.12962665e-003 0. 2.47840234e-003 0.
    3.69036075e-004 0. 0. 0. 0. 6.83021918e-003 0. 0. 1.94568024e-003 0.
    0. 0. 0. 7.24018691e-003 0. 0. 0. -8.40073160e-004 0. 0. 0.
    5.31695643e-003 0. 0. 0. 0. 0. 0. 0. 0. 0. 0. 3.69582558e-004 0. 0.
    1.19021651e-003 0. 0. 2.24944111e-003 1.62374717e-003 0. 0. 0.
    -2.32997583e-003 2.89985142e-003 0. 1.07550516e-003 0. 0. 0.
    -7.13414687e-004 7.82337156e-004 2.62801186e-003 0. 7.45125301e-003
    0. 0. 1.20184645e-002 0. 0. 0. 0. 2.59748893e-003 0. 0. 0. 0.
    8.05521777e-005 3.89607460e-003 0. 1.35275733e-003 0. 0.
    2.35718628e-003 0. 0. 0. 0. 2.99870316e-003 0. -2.92532233e-004 0.
    -1.20245997e-004 6.32829673e-004 0. 1.23123149e-003 0. 0.
    6.30498072e-003 0. 2.25452427e-003 0. -7.84308184e-004
    1.65539293e-003 2.87125073e-003 1.64737785e-003 0. 3.95059353e-003
    0. 0. 0. 0. 0. 0. 6.03718730e-003 0. 0. 0. 0. 0. 0. 1.97985582e-003
    0. 0. 0. 0. 4.16961469e-004 2.45488452e-004 -1.97802918e-004 0.
    2.24348463e-004 0. 3.88437370e-003 0. 0. 2.58473866e-003 0.
    4.45826352e-003 0. 0. 0. 0. 1.17186073e-003 2.31045345e-003 0. 0. 0.
    0. 0. 0. -3.19592771e-004 2.54122331e-003 1.21422019e-003
    1.26089994e-003 0. 0. 0. 4.53515211e-003 0. 7.00534275e-003 0. 0. 0.
    0. 0. 0. 0. 0. 0. 1.19784276e-003 1.12345989e-003 0. 0. 0. 0. 0. 0.
    1.33277720e-003 0. 0. 0. 0. 0. 2.20369105e-003 7.67527032e-004 0. 0.
    0. 3.06025584e-004 0. 1.30556733e-003 0. 0. 1.26059481e-003 0. 0. 0.
    0. 0. 7.29341060e-004 -7.86829798e-004 0. 0. 0. 0. 0. 0. 0. 0. 0.
    4.41708649e-003 0. 5.59719047e-004 4.47128055e-004 1.38312497e-003
    3.19538731e-003 0. 0. 0. 0. 2.35217367e-003 0. 0. 0. 8.72374629e-004
    0. 1.00434024e-003 4.24536923e-003 0. 0. 0. 1.91696070e-003 0.
    7.87392200e-004 0. 0. 0. 0. 0. 0. -1.83307464e-004 0.
    4.36867727e-003 0. 0. 0. 1.06133637e-003 0. 0. 0. 0. 0.
    -3.01838008e-004 0. 2.52828992e-004 2.63456139e-003 0.
    4.83536487e-003 0. 0. 3.80986690e-004 0. 0. 0. 0. 1.42231409e-003 0.
    0. 1.39270897e-003 0. 0. 0. 0. 2.05764780e-003 1.35498890e-003
    2.15781527e-003 0. 1.92615297e-003 0. 0. 1.73585967e-003 0. 0. 0. 0.
    3.77814681e-003 0. 0. 0. 7.08183274e-004 0. 0. 0. 0. 0. 0. 0.
    3.20515363e-004 0. 0. 0. 8.36514169e-004 3.55464465e-004
    3.20196967e-003 0. 0. 0. 8.02423863e-004 0. -1.24249095e-003 0. 0.
    0. 1.98704671e-004 3.18352795e-005 1.55819149e-003 0. 0. 0. 0. 0. 0.
    0. 7.89900951e-004 6.39713183e-003 0. 0. 0. 0. -2.77659055e-005 0.
    2.84150499e-003 0. 0. 0. 3.04744637e-004 2.18781712e-003 0.
    7.59363780e-003 0. 0. 0. 0. 3.93716106e-003 0. 2.69108041e-005
    1.66654773e-003 1.72466284e-003 0. -4.90281032e-004 0.
    7.35913822e-003 0. 0. 0. 0. 0. 0. 1.49010215e-003 1.13647443e-003 0.
    -1.24214872e-004 0. 0. 1.77271548e-003 2.12870189e-003 0.
    2.63812370e-003 0. 0. 0. 0. 1.36956561e-003 0. 0. 1.96064147e-003 0.
    0. 0. 0. 0. 0. 2.83209328e-003 0. 1.33162772e-004 0. 0. 0. 0. 0. 0.
    0. 0. 0. 1.30141200e-003 0. 0. 0. -2.81790679e-004 0. 0. 0. 0. 0. 0.
    0. 1.05454260e-003 0. 0. 0. 0. 0. 1.33037346e-003 0. 1.20032125e-003
