<?xml version="1.0"?>
<opencv_storage>
<imageDescriptor type_id="opencv-matrix">
  <rows>1</rows>
  <cols>2000</cols>
  <dt>f</dt>
  <data>
    0. -7.49364990e-005 0. 1.56860077e-003 0. 0. 0. 0. 0. 0.
    4.47175233e-003 0. 0. 3.29840276e-003 0. 0. 0. 1.67317758e-003 0. 0.
    1.35256082e-003 0. 5.15412714e-004 0. 0. 0. -1.70600295e-004
    1.81533163e-003 -7.54248817e-004 1.26643150e-004 0. 2.39515654e-003
    0. 4.87547740e-003 0. 3.55165312e-003 9.28521680e-004
    6.32441137e-004 2.41396087e-003 3.87799053e-004 0. 0. 0. 0.
    1.81644002e-003 3.10365669e-003 2.97620753e-003 0. 0. 0. 0. 0.
    2.90917140e-003 1.63680525e-003 3.33936478e-004 0. -4.06105275e-004
    0. 2.35718535e-003 1.25004546e-004 9.78713040e-004 0.
    1.23199110e-003 0. 9.46954766e-004 0. 0. 1.03556877e-003 0.
    -3.36449390e-004 1.69834914e-003 0. 0. 8.81532382e-004
    2.59207562e-003 0. 0. 6.07138965e-004 0. 0. 1.82189152e-003
    9.33148694e-005 0. 0. 0. 0. 0. 0. 1.99448108e-003 8.82821716e-003 0.
    0. 5.39933972e-004 0. 0. 0. 6.30193041e-004 -3.72476381e-004 0.
    2.61545018e-003 0. 0. 2.63031852e-003 1.22227342e-004
    1.29254616e-003 -3.71985552e-005 0. 0. 2.16705538e-003 0.
    3.67850810e-003 -1.11616950e-003 0. 0. 0. 7.71196559e-004 0. 0. 0.
    2.54416349e-003 5.55748993e-004 0. 4.43471130e-004 0.
    -6.81488746e-005 0. 0. 3.52428528e-003 0. 5.20993432e-004 0.
    2.80068978e-003 0. 2.12460407e-003 0. 0. 0. 0. 0. 4.72529384e-004 0.
    0. 0. -2.43835442e-004 0. 8.25190276e-004 0. 7.11728004e-004 0. 0.
    1.76239363e-003 0. 5.20512182e-003 0. -2.15791119e-003 0. 0.
    2.14957958e-003 0. 1.99323101e-003 0. 0. 0. 2.07982463e-004 0.
    2.86051398e-003 1.02711807e-003 1.99371064e-003 1.08838431e-003
    6.78290031e-004 3.70795868e-004 -2.84268783e-004 0. 0. 0.
    -3.24571098e-004 0. 0. 0. -1.04967202e-003 0. 0. 6.10788766e-006
    -9.00252024e-004 0. 0. 0. 0. 0. 0. 0. 4.59468039e-003 0.
    3.58131132e-003 0. 4.14274022e-004 0. 0. 0. 0. 0. 1.08004163e-003 0.
    0. 0. 0. 0. 0. 6.63234852e-004 0. 3.23026296e-004 0. 3.01177264e-004
    0. 7.06300023e-004 0. 0. 0. 0. 0. 0. 2.98396946e-004 0.
    1.20011065e-003 0. 0. -8.39324377e-004 0. 0. 0. 0. 0.
    1.06578087e-003 0. 1.64671440e-003 0. 0. 0. 5.22128772e-003 0.
    7.36171496e-004 6.02426846e-003 5.01467439e-004 0. -4.73021151e-004
    -4.73246735e-004 5.10933402e-004 0. -3.55048978e-004 1.89015060e-004
    0. 0. 0. 0. 0. 3.49786103e-004 0. 8.46149924e-004 0.
    -4.92502528e-004 0. 0. 1.84822769e-003 2.13664272e-004 0.
    3.56331677e-003 0. 8.85285786e-004 0. 0. 4.46640234e-003
    7.81589840e-003 0. 0. 0. 0. 0. 0. 3.58811929e-004 0. 0.
    1.16768247e-003 -8.54516984e-004 0. 0. 6.87845633e-004 0. 0.
    4.92809713e-003 0. 0. 1.52413244e-003 2.99098319e-004 0. 0. 0. 0. 0.
    1.02343014e-003 0. 4.22853569e-004 0. 0. 4.13666945e-003
    1.89643912e-003 -7.43445766e-004 0. 1.02614099e-003 4.96112916e-005
    0. 0. 0. 4.37714858e-004 -3.93256661e-004 0. 3.96168238e-004
    -1.19547774e-004 0. 0. 0. 4.24336875e-003 3.20938532e-003 0.
    3.03854467e-003 0. 6.12256350e-004 8.39145505e-004 0. 0. 0.
    4.33674688e-003 0. 0. 3.28832684e-004 1.16650132e-003 0. 0.
    1.38174696e-003 0. 0. 0. 7.23317149e-004 1.51486159e-003 0. 0.
    1.83745835e-003 0. -5.21637849e-004 -2.68451084e-004 0.
    3.66668217e-003 0. -4.73507622e-004 1.19103024e-004 0.
    3.19402688e-003 3.20745842e-003 0. 0. 8.49416538e-004 0. 0.
    1.20248642e-005 3.04622605e-004 0. 0. 1.12662453e-003 0. 0. 0.
    1.19821623e-003 -1.16180388e-004 0. 0. 0. 0. 0. 2.11747392e-004
    1.70309053e-004 0. 0. 0. 5.16715518e-004 9.78987300e-005 0.
    5.43408038e-004 2.44009588e-003 0. 5.45018585e-004 0. 0. 0. 0.
    4.29206375e-005 0. 0. 1.58670137e-003 2.68508936e-003 0. 0.
    8.96923666e-005 6.78994635e-004 4.55693429e-004 1.72905129e-004 0.
    0. 0. 0. 0. 0. -3.89578898e-004 0. 0. 0. 5.81389213e-005 0. 0. 0. 0.
    0. 0. 2.44815904e-003 9.28585534e-004 0. 0. 0. 1.18845899e-003 0.
    5.17422426e-003 0. 0. 0. 0. 0. 6.05248497e-004 2.04690034e-003 0. 0.
    1.66234197e-004 1.66786346e-003 0. 0. 4.87086689e-003 0. 0. 0. 0. 0.
    0. 0. 0. 0. 0. 1.63031847e-003 0. 0. 0. 3.22733121e-003
    2.71054544e-003 0. 7.30163243e-004 0. 0. 0. 6.30692404e-004
    -1.55637029e-003 1.85848039e-003 0. 0. 0. 0. 0. 0. 0. 0.
    9.42457176e-004 0. 8.14024766e-004 -1.64379206e-004 4.30425117e-003
    0. 0. 0. 0. 0. 0. 0. 0. 0. 0. 3.14988336e-003 1.86948833e-004
    -7.50794075e-004 0. 0. 1.91352121e-003 0. 0. 1.15641614e-003
    9.09138063e-004 0. 6.74371622e-005 3.17648810e-004 8.04166775e-004
    0. -5.65783594e-005 0. 0. 0. 0. 0. 0. 0. 1.46038621e-003 0. 0.
    5.43436559e-004 0. 2.15364853e-003 0. 0. 1.81593187e-003
    7.58273411e-004 -1.97927133e-004 0. 1.04163575e-003 0.
    4.44783000e-005 7.77031237e-004 0. 0. 0. 0. 2.54876516e-003 0.
    -4.41134995e-004 0. 0. -3.08353978e-004 1.83333037e-003
    9.36973258e-004 3.72874667e-004 0. 0. 0. 1.08690956e-003 0. 0. 0. 0.
    0. 0. 0. 0. 0. 0. 8.34201113e-004 0. 1.19599293e-003 3.17048281e-004
    0. 0. 0. 0. 7.26708968e-004 0. 0. 0. 0. 0. 0. 6.29590766e-004 0.
    4.46382537e-003 -5.24542062e-004 0. 0. 4.07151994e-004
    4.40479442e-003 3.67683941e-004 0. 0. 3.06074624e-003 0. 0.
    -7.07239087e-005 0. 3.81058967e-003 0. 0. 0. 0. 0. 0. 0.
    2.12592282e-003 0. 2.35699676e-003 0. -1.28636067e-003 0. 0.
    3.97798867e-004 0. 0. 0. 0. 0. 0. 0. 0. 3.82822240e-004 0. 0.
    1.07440853e-003 7.38498522e-004 0. 0. 4.68234037e-004
    2.76015210e-003 5.81378001e-004 0. 1.64119876e-003 0. 0.
    1.12127874e-003 -6.85714331e-005 3.44829983e-003 1.83901307e-003 0.
    -8.06917902e-004 0. 0. 1.44431368e-003 0. 0. 6.17396508e-005 0. 0.
    0. 3.87693010e-003 3.56462132e-003 6.05914928e-003 2.41122660e-004
    0. 3.70959169e-004 0. 0. 0. 0. 0. 0. 0. 1.08351139e-003
    2.19499762e-003 1.71658612e-005 0. 0. 0. 0. -8.63723923e-004
    2.18187599e-003 4.06003837e-003 0. 0. 0. 0. 0. 2.70779710e-003 0. 0.
    0. 0. 3.36959632e-003 0. 0. 0. -4.44625563e-004 1.07554591e-003
    2.83566071e-004 0. 4.97242622e-003 0. 0. 0. 0. 0. 0. 0. 0. 0. 0.
    2.63612135e-003 0. 0. 0. 0. -1.06255146e-004 5.31866273e-004
    3.35259922e-003 0. 0. 2.36546458e-003 -3.22998967e-004
    2.21738685e-003 0. 0. 2.85362499e-003 9.84668266e-004 0.
    8.24699237e-004 1.84327736e-003 0. 0. 0. 3.47764959e-004
    3.36486701e-004 0. 0. 0. 0. 1.62736606e-003 6.55736192e-004 0. 0. 0.
    0. 0. 0. 3.53898184e-004 0. 3.22847540e-004 0. 0. 0. 0. 0. 0. 0. 0.
    0. 0. 0. 9.52788570e-004 0. 0. 1.10114447e-003 0. 0. 4.36098175e-003
    0. 0. 7.79696694e-003 6.39127102e-004 0. 0. 0. 0. 0. 2.82841758e-003
    0. 1.54432608e-003 0. 3.46540910e-004 0. -1.61147313e-004
    -1.39627256e-004 0. 0. 6.44000902e-005 0. 0. 0. 5.30794030e-004 0.
    0. 8.96647223e-004 3.83608567e-004 5.78744337e-003 0.
    1.13660691e-003 0. 1.55646715e-003 0. 0. 6.84656203e-004
    1.24667282e-003 0. 0. -1.25675625e-003 0. 6.79720833e-004 0.
    4.26568527e-004 1.08658930e-003 5.52785466e-004 0. 0.
    1.31537300e-003 9.84422863e-004 3.25425499e-004 0. 2.89604254e-003
    9.35478834e-004 0. 0. 0. 5.89567702e-004 1.47263461e-004 0.
    -1.94313086e-003 1.63493643e-003 9.02904139e-004 0. 1.89552794e-003
    0. 0. 0. 0. 0. 8.03236835e-005 0. 0. 0. 0. 9.77593823e-004 0. 0. 0.
    0. 0. 3.06944246e-003 2.04253034e-003 2.75766244e-003
    4.14454058e-004 2.45886063e-003 1.28074840e-003 1.40375830e-003 0.
    0. 0. 0. 0. 0. 5.31591615e-003 0. 0. 0. -4.94534906e-004 0.
    8.96212470e-004 1.75446749e-003 0. 1.93624001e-003 0. 0.
    -6.99340657e-004 4.08975233e-004 0. 0. 7.95209431e-004
    2.51365989e-003 1.20829570e-003 2.70067481e-003 4.17451747e-003 0.
    0. 0. 0. 0. 0. -4.63696109e-004 0. 0. 0. 0. 0. 0. 1.23374583e-003 0.
    6.62009930e-004 0. 0. 2.46791448e-003 0. 0. 0. 0. 2.91263132e-004 0.
    0. 2.95863021e-003 0. 0. 9.39277379e-005 1.41716714e-003 0. 0.
    -5.54675993e-004 0. 2.61696521e-004 0. 0. 0. 0. 0. 5.32929366e-003
    7.27291685e-004 0. 0. 0. 0. 7.49552797e-004 2.04850547e-003 0.
