<?xml version="1.0"?>
<opencv_storage>
<imageDescriptor type_id="opencv-matrix">
  <rows>1</rows>
  <cols>2000</cols>
  <dt>f</dt>
  <data>
    0. -9.45312902e-004 0. 1.59721458e-004 1.55494828e-003
    1.36972999e-003 -1.92540596e-004 0. 0. 0. 0. 0. 0. 1.50304602e-003
    0. 0. 0. 1.88332703e-003 0. 0. 0. 1.30664464e-003 0. 3.22831119e-003
    0. 8.44576571e-004 5.62619930e-003 0. 0. 3.86783155e-004
    2.30880966e-003 0. 0. 0. 0. 1.23232300e-003 0. 0. 0.
    -7.90888327e-004 1.37903541e-003 1.44208793e-003 0. 4.63519292e-003
    0. 0. -1.31007680e-003 0. 0. 0. 0. 0. 0. 0. 0. 0. 0. 1.55124260e-004
    5.72924083e-003 0. 0. 0. 0. 0. 0. 0. 0. 0. 0. 1.35479204e-003 0.
    2.04365584e-003 1.54683506e-003 4.07850370e-003 -1.17920164e-003 0.
    0. 0. 0. 3.23667802e-004 0. 7.69952172e-003 0. 0. 0. 0.
    4.33494046e-004 0. 1.36259041e-004 0. 0. 0. 1.32752641e-003 0. 0.
    2.61243869e-004 3.50949564e-003 3.49411415e-003 0. 0. 0. 0. 0. 0. 0.
    0. 0. 0. -3.43608321e-004 0. 1.42836000e-003 -1.57706527e-004 0. 0.
    1.30861852e-004 7.75373424e-004 5.00377209e-004 0. 0. 0. 0.
    2.01249239e-003 5.84469584e-004 0. 0. 0. 0. 0. 0. 0. 0. 0.
    1.45692879e-003 0. 0. 1.67685514e-003 0. 5.19442325e-003 0.
    1.86281424e-004 0. 3.39640799e-004 0. 0. 1.90714403e-004 0. 0.
    -2.46199688e-005 0. 0. 0. 0. 1.63396879e-003 0. 9.14199650e-003 0.
    3.69522907e-003 -8.51169636e-004 -1.73221587e-003 0. 0. 0. 0. 0.
    3.45784496e-003 5.91466727e-004 0. 0. 0. 0. 0. -1.33160225e-004 0.
    0. 0. 1.80387485e-003 0. 0. 2.79154722e-003 -1.42657873e-003 0.
    3.34834622e-004 0. 3.50023527e-003 4.38365666e-003 0.
    5.04258601e-003 0. 1.82638387e-003 0. 0. 0. 0. 2.78458698e-003 0. 0.
    -2.48558121e-004 0. 1.39868993e-003 2.12034746e-003 0. 0. 0. 0.
    -2.57991564e-006 3.09918937e-003 1.27622741e-003 0. 0.
    1.08377868e-003 0. 0. 1.04004960e-003 0. 0. 0. 0. 0. 1.12592354e-002
    0. 0. 1.79926364e-003 0. 0. 0. 0. 0. 2.58829299e-004 0. 0. 0.
    3.85018555e-003 2.73226877e-003 -8.65065667e-004 0. 0. 0. 0. 0. 0.
    1.25917827e-003 1.56048074e-004 0. 0. 1.56697666e-003 0. 0.
    2.10733138e-004 0. 0. 0. 3.26459948e-003 0. 4.25793231e-004 0.
    -1.10703448e-004 0. 0. 0. 8.43633374e-004 0. 0. 0. 1.05502969e-002
    0. 0. 0. 0. 1.25464273e-003 6.28280046e-004 8.58196639e-004
    2.40275706e-003 0. 0. 0. 0. 1.77622214e-003 0. 0. 0. 0. 0. 0.
    -1.12967961e-003 -9.63921193e-005 0. 9.84816113e-004 7.15005561e-004
    -1.35124146e-005 0. 0. 2.27332837e-003 -2.74042774e-004 0. 0.
    6.05203444e-003 0. 0. 0. 0. 0. 3.28172557e-003 0. 0. 1.15230505e-003
    -6.09579874e-005 -2.46268325e-003 0. 2.63935328e-003 0. 0.
    1.93853478e-003 0. 0. 2.40516802e-003 0. 0. -5.15796943e-004 0. 0.
    -3.19319661e-004 0. 0. 0. 0. 0. 0. 4.60719410e-003 2.93731631e-004
    -8.93581964e-005 0. 0. 0. 0. 1.22684287e-003 0. 0. 1.29179482e-003
    2.47596903e-003 0. 2.45095725e-004 7.83503056e-004 9.86165483e-004
    0. 0. 2.40179259e-004 0. 4.54309804e-004 0. 0. 1.32766366e-003 0. 0.
    0. 1.66694855e-003 0. 1.73825882e-002 0. 0. 0. 0. 1.93220272e-004
    8.28605425e-003 4.09970572e-003 1.87271822e-003 0. 0. 0.
    1.52699719e-003 0. 0. 1.66748685e-003 0. 0. 0. 0. 0. 0.
    1.50434498e-003 0. -1.22723068e-005 5.28352044e-004 0.
    1.01920841e-006 0. -8.43818241e-004 1.83320860e-003 0. 0. 0. 0.
    1.12418132e-003 0. 0. 1.78541464e-003 0. 4.08114080e-004 0.
    2.60081189e-003 0. 7.50556006e-004 0. 0. 0. 0. 0. 0. 0. 0. 0. 0. 0.
    0. 0. 0. 0. 0. 0. 2.93477741e-003 0. 0. 0. 1.82072481e-003 0.
    2.02416372e-003 0. 4.56425641e-003 0. 0. 0. 0. 0. 1.92190101e-003 0.
    0. 8.75523023e-004 9.79784527e-004 0. 0. 0. 0. 1.05990283e-002
    8.43793678e-004 -4.72532964e-004 1.18279899e-003 1.03521685e-003 0.
    0. 3.74533236e-003 0. 0. 6.59524521e-004 7.21469335e-003 0. 0. 0. 0.
    0. 0. 2.06235889e-003 0. 9.55249998e-004 1.08430767e-003 0. 0. 0.
    4.74143337e-004 0. 9.95564158e-004 0. 1.68276310e-005 0. 0. 0. 0. 0.
    0. 0. 0. 0. 0. 0. 0. -2.42051698e-004 0. 1.25485286e-003 0. 0. 0.
    3.45985661e-003 0. 0. 1.03878113e-003 0. 0. 1.08566869e-003
    -1.17382256e-003 0. 2.39102589e-003 3.53596901e-004 2.59344722e-003
    0. 0. 0. 1.56382122e-003 0. 1.87047804e-003 1.16980250e-003 0. 0.
    3.09123727e-003 0. 0. -6.47682245e-005 1.68438407e-003 0.
    1.57704705e-003 2.03626565e-004 0. 0. 0. 0. 2.09560990e-003
    4.04185848e-003 0. 6.58817997e-004 3.96304415e-004 0.
    8.86020251e-004 0. 0. 2.34591775e-003 0. 0. 1.36508071e-003
    5.21697628e-004 0. 0. 0. 9.03182445e-005 1.27130281e-003 0.
    1.59824465e-003 0. 0. 0. 0. 1.56142900e-003 0. 2.27000657e-003 0. 0.
    0. 0. 0. 0. 0. 0. 0. 5.93855984e-005 1.95838208e-003 0.
    5.65143418e-004 0. -9.63093771e-004 0. 0. 0. 0. 2.31426512e-003 0.
    -2.60877830e-004 1.67302846e-003 0. 0. 0. 0. -8.09384510e-004 0.
    1.43574318e-003 0. 0. 0. 9.31239745e-004 5.08151948e-003
    3.37604870e-004 9.61590675e-004 1.52557215e-004 2.49264669e-003
    1.73468411e-003 0. 0. 0. 0. 0. 0. 8.85807327e-004 0. 0.
    5.84671181e-003 0. 0. 0. 0. 0. 3.09523614e-003 2.24546693e-006 0. 0.
    9.78104887e-004 9.05598048e-004 0. 0. 1.44549250e-003 0.
    3.73001123e-004 -1.70580824e-004 9.09997150e-004 0. 0.
    1.56434532e-003 0. 0. 0. 3.90277780e-003 0. 0. 1.51910027e-003
    1.24535826e-003 1.89098378e-003 0. 0. 3.72262183e-003 0. 0.
    9.76327719e-005 4.88442194e-004 2.17614113e-003 2.69893277e-003
    2.97168130e-003 -6.06935821e-004 1.90073007e-003 3.16619524e-003 0.
    0. 2.99732946e-003 0. 0. 0. 0. 0. 4.98886046e-004 0. 0. 0. 0.
    -7.14382273e-004 2.71826982e-003 0. 0. 1.34547695e-003 0.
    1.57574832e-003 0. 0. 0. 0. 2.91280169e-003 1.14312663e-003 0. 0. 0.
    0. 2.64782668e-003 0. 0. 0. 2.63548782e-003 0. 0. 0. 0. 0.
    1.31514316e-004 0. 0. 0. 0. 0. 0. 0. 3.80020938e-003 0.
    5.31220576e-003 0. 0. 0. 0. 0. 4.31622425e-003 0. 0. 0. 0. 0. 0.
    9.23240441e-005 1.17892057e-004 0. 0. 6.52486226e-003 0. 0. 0.
    2.18588830e-004 0. 1.43889722e-003 0. 0. 1.02516368e-003 0. 0. 0. 0.
    0. 2.39837053e-003 1.99410319e-003 0. 4.92211082e-004 0. 0. 0. 0. 0.
    0. 0. 0. -2.45159899e-004 0. 0. 0. 0. 0. 0. 0. 1.32116477e-003 0.
    -1.13094063e-003 0. 0. 0. 1.12909090e-003 0. 2.84731796e-004 0. 0.
    1.47187046e-003 0. 0. 0. 0. 0. 0. -1.71367370e-003 0.
    -3.71041126e-004 0. 0. 4.87023685e-003 -2.63876223e-004 0. 0. 0. 0.
    -8.89649324e-004 0. 3.32507095e-003 0. 1.16332558e-004 0.
    1.76625780e-003 0. 0. 0. 0. 0. 9.20261955e-004 0. 0. 0. 0. 0.
    -2.11938634e-003 1.14393374e-003 5.58960055e-005 0. 1.31772272e-003
    0. 0. 1.23435014e-003 -1.62989588e-003 0. 0. 8.94671015e-004 0. 0.
    0. 0. 0. 0. 0. 1.74477184e-003 0. 0. -9.83359176e-004 0.
    7.40837655e-004 0. 0. 0. -5.86617738e-004 0. 4.56703641e-003 0. 0.
    0. 0. 0. 0. 0. -1.43911061e-003 2.57216301e-003 2.66626035e-003
    8.72349599e-004 0. 0. 0. 0. 6.29926624e-004 0. 0. 0. 5.46552148e-003
    0. 0. 0. 0. 0. 0. 0. 0. 7.68527170e-005 0. 0. 0. 0. 1.69719278e-003
    0. 4.20586206e-003 0. 0. -3.12629389e-004 0. 0. 1.09832035e-004
    8.95879290e-004 1.72404898e-003 0. 0. 0. -2.71308614e-004 0. 0. 0.
    0. 1.97648839e-003 0. 0. 2.46181386e-003 7.29568594e-004
    2.31331284e-003 0. 0. 0. 0. 0. 4.26080136e-004 0. 0. 5.17582637e-004
    1.85622706e-003 0. 0. 0. 0. 0. 0. 1.09280215e-003 6.91706955e-004 0.
    0. 0. -2.73685364e-005 0. 0. 0. 2.92106532e-004 0. 0. 0. 0.
    -7.27529870e-004 0. -2.14581087e-004 5.56878746e-004 3.84956668e-003
    0. 0. 6.27711939e-004 1.08200277e-003 -3.50548624e-004
    -1.50333681e-005 0. 0. 1.70140585e-003 0. 2.19636597e-003 0. 0.
    -1.40695041e-003 0. 0. 0. 0. -6.89532026e-004 0. 2.18317006e-003 0.
    0. 6.34655880e-004 0. 2.13578902e-003 0. 1.23879057e-003
    2.99789524e-003 1.65012339e-003 0. 0. 0. 0. 0. 7.68897124e-004 0.
    3.31079098e-003 7.29163527e-004 3.83709418e-003 1.37775976e-004 0.
    0. 1.42604916e-003 0. 4.54154005e-003 7.96765264e-004 0. 0. 0. 0. 0.
    3.45572899e-003 1.03659579e-003 1.08237937e-003 0. 2.19097780e-003
