<?xml version="1.0"?>
<opencv_storage>
<imageDescriptor type_id="opencv-matrix">
  <rows>1</rows>
  <cols>2000</cols>
  <dt>f</dt>
  <data>
    5.11927414e-004 0. 1.14265902e-004 0. 1.85450946e-003 0.
    1.51059404e-003 0. 0. 5.93645091e-004 9.38590092e-004 0. 0. 0.
    -8.99036415e-004 0. 2.22102320e-003 -3.54643184e-004 0.
    5.75198233e-003 -2.85020884e-004 1.75969664e-003 0. 0.
    1.08722493e-003 0. 5.31151425e-003 0. 6.50589005e-004
    -1.16327894e-003 0. 0. 0. 0. 3.46279843e-003 0. 0. 3.06436233e-003
    2.54344719e-004 0. 4.16060444e-003 8.97918013e-004 0.
    1.03733316e-003 0. 3.55335209e-003 0. 0. 0. 1.78641581e-003 0. 0. 0.
    0. 8.56853876e-005 9.81092104e-004 0. 0. 4.39289771e-003 0. 0. 0. 0.
    1.28222024e-003 5.79213607e-004 -1.74302200e-004 0. 0. 0. 0. 0. 0.
    0. 0. 1.67409494e-003 1.24444044e-003 3.83935566e-003 0. 0.
    -1.04597583e-003 0. 2.42719380e-003 0. 0. 0. 0. 1.71169476e-003
    2.20812624e-003 9.86146927e-003 0. 0. 0. -1.07226521e-003 0. 0.
    1.89717684e-004 0. 0. 0. 0. 0. 0. -1.32037362e-003 3.18983849e-003
    0. 1.48962624e-003 0. 8.02928043e-005 4.52766253e-004 0. 0. 0. 0. 0.
    1.22682541e-003 2.06290511e-003 3.13010672e-003 0. 0. 0. 0. 0. 0. 0.
    2.51758052e-003 -2.03982723e-004 0. 0. 3.26516852e-003 0.
    -9.56964068e-005 0. 1.87599566e-003 0. 3.25137004e-003 0. 0. 0.
    8.21640808e-003 0. 0. 0. 3.76761978e-004 0. 9.06961388e-004 0. 0.
    3.78037221e-005 0. 0. 2.93725496e-003 0. 3.68181686e-003 0. 0.
    2.40106741e-003 8.92119715e-004 1.49067293e-003 0. 0. 0.
    2.23951694e-003 0. -6.09994051e-004 0. 0. 8.19863199e-005 0.
    2.98735267e-003 0. 0. 0. 0. 0. 0. 1.20799220e-003 0. 0.
    1.23509916e-003 0. 0. 0. 0. 0. 0. 0. 0. 0. 6.69336994e-004 0. 0. 0.
    0. 3.66120273e-003 0. 0. 1.29451288e-003 0. 2.12640082e-003 0.
    1.93697016e-003 0. 0. 0. 4.87541605e-004 0. 0. 0. 0. 2.68444093e-003
    0. 0. 3.05856047e-005 0. -2.24827393e-003 2.87490850e-003
    1.32027175e-003 0. 0. -4.43158176e-004 0. 0. 1.17648812e-003 0. 0.
    0. 1.47567061e-003 0. 3.17626400e-003 0. 0. 1.54801470e-004 0. 0. 0.
    0. 0. 0. 0. 0. 1.93268317e-003 4.37680306e-003 0. 0.
    -6.65050102e-005 3.17356316e-003 6.24435837e-004 0. 0. 0.
    1.15149678e-003 0. 0. 1.51799887e-003 0. 0. 0. 0. 0. 0.
    7.28236744e-004 0. 4.30796295e-003 7.34768528e-003 2.43645068e-003
    2.66022841e-003 -3.14954319e-004 4.26876300e-004 0. 1.64366642e-003
    0. 1.22387279e-002 0. 0. 0. 0. -1.46744162e-004 0. 0. 0.
    3.85028659e-003 0. 0. 1.62435079e-003 1.09687843e-003 0.
    1.36443309e-003 1.48318149e-003 3.97737511e-003 0. 0. 0. 0. 0. 0.
    2.21631560e-003 -2.25027004e-004 0. -9.56126954e-004 0. 0.
    1.15656678e-003 0. 0. 0. 0. 1.60160795e-004 3.58833902e-004
    7.85508659e-004 0. 0. 0. 1.28680118e-003 0. 0. 0. 0.
    -9.81534176e-005 0. 0. 0. 0. 0. 0. 0. 0. 1.34827313e-003 0.
    2.47742445e-003 0. 4.04079445e-004 0. 1.05219966e-004
    1.28749371e-005 1.05203944e-003 0. 0. 0. 0. 1.55111158e-003 0.
    -8.11150763e-004 0. 0. 0. 0. 0. 2.26928201e-003 0. 0. 0.
    2.61079683e-003 0. 0. 0. -2.80176988e-004 1.34496647e-003
    5.05475653e-003 0. 0. 0. 1.23977521e-003 0. 0. 0. 0. 0. 0. 0. 0. 0.
    1.26888894e-003 0. 0. 0. 0. 0. 0. 0. 0. 0. 1.27034320e-003
    6.00196072e-004 0. 1.42529537e-003 1.84242940e-003 6.60280639e-004
    0. 0. 0. 0. 0. 0. 6.93159318e-003 9.38279962e-004 0. 0. 0. 0. 0.
    -1.24424361e-004 5.70855394e-004 0. 1.06311985e-003 0. 0.
    1.91194168e-003 0. -1.19392399e-003 3.94320632e-005 0. 0. 0.
    2.13375478e-003 0. 0. 3.99019755e-003 0. 0. 0. 0. 0.
    -1.78396492e-003 2.55272374e-004 0. 9.07577050e-005 0. 0. 0. 0. 0.
    0. 4.73375013e-003 0. 0. 0. 0. 0. 4.96517960e-003 0. 1.79679389e-003
    0. 0. 0. 4.49438021e-003 -1.63894350e-004 0. 0. 0. 0. 0. 0. 0. 0. 0.
    0. 4.78054583e-003 -3.49909460e-005 -7.86869350e-005 0.
    2.22591218e-003 0. 0. 0. 0. 1.52977160e-003 2.27321195e-003 0.
    1.07816223e-003 0. 0. 0. 2.52260617e-003 0. 0. -6.91947760e-004
    -4.64078708e-004 0. 0. 1.53352320e-003 0. 0. 1.30218302e-003 0.
    3.09409527e-003 0. 0. 0. -2.33351858e-003 0. 0. 3.56048811e-004 0.
    0. 0. 0. 0. 0. 6.05208799e-003 0. 0. 0. 1.42585242e-003 0.
    3.01907770e-003 3.47076030e-003 0. 0. -8.81907414e-004 0. 0. 0.
    3.44200246e-003 1.28415087e-003 3.53032141e-004 0. 3.68464552e-003
    -2.19243448e-004 0. 0. 5.03319257e-004 0. 2.95596826e-003 0. 0.
    -5.78605162e-004 0. 0. 6.87154185e-004 0. 6.86967745e-004
    1.20096281e-003 1.56027894e-003 0. 3.47522029e-004 -6.90445944e-004
    0. 0. 0. 1.02193048e-003 0. 0. 0. 0. 0. 0. 3.03146802e-003
    1.00489554e-003 0. 3.17561440e-004 0. 6.52544666e-004
    -2.52171536e-004 0. 3.87402921e-004 0. 0. 0. 2.53160892e-004 0. 0.
    0. 0. 0. -3.19037877e-004 0. 0. 0. 1.31727406e-003 0. 0.
    7.44463832e-005 0. 2.76640849e-003 0. 0. 0. 3.11234966e-003 0. 0. 0.
    0. 2.26468226e-004 0. 0. 0. 4.23182081e-003 1.07296277e-003 0. 0.
    1.12533197e-003 0. 0. 4.85397140e-005 4.50777169e-003
    5.08221914e-004 1.20414817e-003 6.78565819e-004 0. 0. 0.
    3.37471953e-003 0. 0. 0. 0. 0. 0. 0. 3.25617904e-004 0. 0. 0.
    9.62508086e-004 0. 0. 6.20290288e-004 0. 0. -8.54996033e-004 0. 0.
    -7.17017901e-005 0. 0. 6.33807562e-004 0. 0. 1.45338930e-003 0.
    -8.26914969e-004 0. 2.76356516e-003 1.24408596e-003 0. 0. 0. 0. 0.
    0. 0. 2.54791172e-004 3.01998202e-003 0. 0. 1.82312774e-003
    -4.30546177e-004 -5.26333554e-003 0. 0. 0. 0. 0. 0. 1.27017114e-003
    0. -1.91409170e-004 3.21837980e-003 0. 0. 0. 0. 0. 0. 0. 0. 0.
    1.48920657e-003 1.43959967e-003 0. 2.06177332e-003 1.81000959e-003
    0. 0. 0. 0. 0. 0. 0. 0. 0. 5.46225253e-003 0. 0. 0. 0. 0.
    2.16376618e-004 1.45301165e-003 0. 4.91143903e-004 0.
    5.69021562e-004 8.55933991e-004 3.58407199e-003 0. 0. 0. 0. 0. 0.
    6.02529501e-004 7.51821091e-003 -1.27254199e-004 1.43941573e-003 0.
    4.90761595e-004 0. 0. 0. 5.65871887e-004 0. 4.21669940e-003
    1.43324723e-005 7.27982668e-004 0. -3.01139138e-004 0. 0.
    1.56599446e-004 -2.18281872e-004 0. 0. 0. 0. 1.46113045e-003 0. 0.
    0. 0. 0. 0. 0. 2.91448273e-003 0. 0. 0. 0. 0. 0. 0. 8.26555246e-004
    0. 0. 1.39968598e-003 1.48341665e-003 0. 0. 0. 0. 0. 0. 0. 0. 0. 0.
    0. 0. 0. 0. 6.99793396e-004 0. 8.55978986e-004 -1.09306909e-003 0.
    0. 0. 1.19060790e-003 0. -7.60796887e-004 1.68437045e-003 0. 0. 0.
    2.22697062e-003 4.81468718e-003 0. -1.03160890e-003 4.71648673e-005
    0. 5.14167733e-003 1.85624370e-003 3.47595953e-004 1.42912526e-004
    0. 0. 0. 0. 0. 0. 0. 1.22790085e-003 0. 0. -3.36037338e-004 0. 0.
    1.21657131e-003 9.71277361e-004 0. 0. 0. 2.91736517e-003
    8.65469570e-004 0. 6.04689587e-004 0. 0. 0. 0. 3.77428136e-004
    7.06508465e-004 8.88172581e-005 8.03734118e-004 0. 0. 0. 0. 0.
    6.86331303e-004 0. 0. 0. 6.80234400e-004 0. 1.78040459e-003 0.
    1.45033211e-003 0. 0. 5.46133029e-004 1.01476233e-003 0. 0. 0. 0.
    6.19790796e-003 0. 1.01910054e-003 0. 3.22692422e-003 0. 0.
    1.01338304e-003 2.75094877e-003 2.71623093e-003 2.24590534e-003
    1.24018372e-003 -2.04380415e-003 0. 0. 9.35988314e-003
    7.01907731e-004 0. 0. 0. 2.44572153e-003 0. 0. 0. 0. 3.39493342e-003
    1.65696416e-004 0. 0. 0. 0. 0. 1.24433381e-003 0. 0. 2.39627473e-002
    0. 0. 0. 0. 0. 0. 0. 0. 4.94388817e-003 1.69417483e-003 0.
    1.01609388e-003 0. 0. 0. 0. 1.48554426e-003 0. 0. 0. 0.
    9.14477219e-004 2.32982240e-003 1.22886035e-003 2.35114712e-004 0.
    0. 9.37178149e-004 2.79410067e-003 1.20711942e-004 0. 0. 0.
    1.86190882e-003 0. -4.56984621e-003 0. 0. 0. 1.54315191e-003
    2.60919752e-003 0. 0. 0. 0. 8.52472323e-004 0. 6.56388234e-004
    1.89003209e-003 1.67920790e-003 0. 0. 2.89274874e-004
    4.79155628e-004 0. 0. 0. 1.21984002e-003 0. 0. 0. 0. 0. 0. 0. 0.
    -2.54728075e-005 -2.03913078e-006 0. 2.36058328e-003 0.
    1.38649787e-003 6.49825262e-004 6.95175258e-004 0. 0. 0. 0.
    1.85154058e-004 2.54482729e-003 0. 0. 0. -1.62692962e-003 0. 0. 0.
    0. 6.03681011e-003 0. 0. 0. 1.09227214e-004 0. 0. 0. 1.27259437e-002
