<?xml version="1.0"?>
<opencv_storage>
<imageDescriptor type_id="opencv-matrix">
  <rows>1</rows>
  <cols>2000</cols>
  <dt>f</dt>
  <data>
    -1.50359864e-003 0. 0. 0. 0. 0. 1.71730737e-003 0. 3.31267278e-004
    0. 1.85125915e-003 0. 0. 4.75165481e-003 0. 0. 0. 0. 0. 0.
    4.67055768e-004 0. 0. 0. 0. 0. 0. 0. 8.50847457e-004 0. 0. 0. 0. 0.
    0. 9.36478749e-003 2.41463049e-003 0. 0. 0. 0. 0. 0.
    -7.50910142e-004 1.41223636e-003 7.89234240e-004 1.75555679e-003 0.
    1.75096246e-003 4.35476750e-003 0. 3.56278801e-003 0.
    2.25420925e-003 0. 0. 0. 0. 0. 0. 0. 0. 0. 0. 0. 5.46140736e-003 0.
    -3.06652859e-004 0. 2.12998688e-003 0. 0. 0. 0. 4.81585134e-003 0.
    0. 0. 0. 0. 0. 1.35163346e-003 2.39490438e-003 0. 5.17131528e-004 0.
    -1.37013703e-004 0. 1.59333658e-003 0. 0. 0. 0. 0. 0. 0.
    2.31714497e-004 1.28078705e-003 0. 0. 0. 0. 0. 0. -3.07801063e-004
    0. 2.32566567e-003 1.38542673e-003 2.77782383e-004 0. 0.
    1.78254046e-003 0. 2.08769669e-003 0. 6.47952780e-003 0. 0. 0. 0.
    1.46059308e-003 0. 0. 6.60154503e-003 0. 0. 0. 0. 4.75079323e-005 0.
    -7.54411507e-004 0. 0. 0. 0. 1.54997094e-003 0. 0. 8.46436888e-005
    0. 0. 0. 0. 0. 7.28963036e-003 1.02436019e-003 0. 0. 0. 0. 0. 0.
    3.06464819e-004 0. 0. 3.36629048e-004 0. 0. 0. 3.36955837e-003
    2.18740752e-004 4.42265911e-004 0. 0. 0. 1.16083107e-003
    8.88273062e-004 0. 0. 0. 0. 1.38228841e-003 3.32002644e-004 0. 0. 0.
    -9.34692391e-004 0. 1.16250347e-002 0. 0. 0. 2.15434891e-004 0. 0.
    2.53573712e-003 1.12778251e-003 0. 0. 1.21753337e-003 0.
    2.90156016e-003 9.59815443e-005 2.95533985e-003 4.53695701e-003 0.
    0. 1.60354492e-003 1.09187700e-003 0. 0. 0. 0. 0. 0. 0.
    5.83992898e-003 0. 1.49861723e-003 0. 7.24212659e-005 0. 0. 0.
    1.89520908e-003 4.29428066e-004 -3.25322995e-004 5.53362211e-003 0.
    0. 0. 8.35301355e-004 0. 0. -2.94901110e-004 0. 0. 0. 0. 0. 0. 0.
    3.16465553e-003 0. -4.23250662e-004 0. 0. -1.12825504e-003 0. 0. 0.
    1.51069160e-003 0. 0. 0. 0. 0. 0. 3.84321576e-003 1.82924327e-003 0.
    0. 0. 0. 0. 6.63900224e-004 0. 1.41779764e-003 0. 0. 0. 0. 0.
    -8.22820293e-004 0. 0. 0. 0. 0. 0. 0. 0. 0. 0. 0. 2.69786268e-003 0.
    2.11643171e-003 0. 0. 1.24878075e-003 0. 0. 0. 8.80401174e-004 0. 0.
    0. 0. 0. 1.03554875e-003 0. 3.42569292e-005 9.21402534e-004 0. 0.
    2.35715439e-003 0. 0. 0. 0. 0. 0. 0. 0. 0. 7.88780954e-003 0. 0. 0.
    0. 6.15638914e-003 6.20777952e-004 -8.48864787e-004 2.28126300e-003
    0. 0. 6.69849385e-003 0. 0. 0. 0. 0. 3.72472787e-005 0. 0. 0. 0. 0.
    4.28580446e-003 1.47460517e-003 2.40012608e-003 0. 0. 0. 0. 0. 0. 0.
    0. 0. -1.23150693e-003 1.74490933e-003 7.50035222e-004 0. 0.
    1.22013953e-004 -1.52370159e-003 2.85008783e-003 0. 0.
    2.76671676e-003 -7.11289904e-005 0. 0. -5.85060916e-004 0. 0. 0. 0.
    1.88286346e-003 1.09788449e-003 1.14394736e-003 0. 2.00216635e-003
    0. 0. 6.92343601e-005 0. 0. 0. 8.05470801e-004 1.36124797e-003 0. 0.
    2.52933387e-004 0. 0. 0. 0. 0. 7.73691165e-004 0. 2.79335130e-004 0.
    0. 1.92777964e-003 0. 0. 0. -2.39620917e-003 0. -1.78595807e-003 0.
    0. 0. 8.00149457e-004 0. 0. 4.89906734e-003 0. 0. 0. 1.28142163e-003
    0. 0. 0. 0. 0. 1.60179066e-003 9.93488822e-004 2.39783223e-003 0.
    8.41091678e-004 3.07694799e-003 -6.76059281e-004 1.13337487e-003 0.
    0. 0. 2.39134091e-003 0. 0. 0. 0. 0. 3.84198013e-003 0. 0. 0. 0. 0.
    0. 4.38342150e-003 0. 2.65077280e-004 0. 0. 0. 4.84992191e-003 0. 0.
    0. 4.32511512e-003 -5.64700516e-004 0. 0. 0. 2.28677946e-003
    -1.25029532e-003 0. -2.42623224e-004 0. 0. 0. 0. 1.59093621e-003 0.
    0. 3.35316377e-004 0. 0. 2.13564862e-003 0. 0. 0. 0. 0.
    4.66440758e-003 0. 6.39801845e-003 0. 0. -1.52976558e-004 0. 0. 0.
    0. 0. 2.13193940e-003 0. 0. 9.90257715e-004 0. 0. 0. 0.
    1.99772563e-004 0. -1.15230971e-004 0. 1.95764122e-003 0. 0. 0. 0.
    -5.82079592e-005 0. 1.38789590e-003 0. 1.19525869e-003 0.
    2.08832487e-003 0. 1.85521087e-003 9.27727728e-004 0. 0.
    -5.97250939e-004 3.89854098e-003 2.39713510e-004 1.42121571e-003 0.
    0. 0. 0. 5.49560646e-003 0. 0. -1.94846623e-004 0. 0. 0.
    1.20903354e-003 0. 0. 0. 0. 6.56638935e-004 9.40698083e-004 0.
    1.10582926e-003 1.29340333e-003 9.88272834e-004 0. 0.
    -2.35859115e-005 2.60923221e-003 0. -9.37073666e-004 0. 0.
    4.78023780e-004 0. 0. 6.32764481e-004 1.77209522e-003
    3.59015260e-003 0. 1.71610655e-003 0. 2.13295897e-003
    7.09875394e-003 0. -6.74626732e-004 0. 2.60047638e-003
    3.12837469e-003 1.34578580e-003 0. 6.60758466e-004 -1.88593287e-003
    0. 0. -1.08696404e-003 0. 0. 5.64088253e-003 -4.26530605e-004 0. 0.
    9.61350859e-004 -1.03909778e-003 0. 0. 0. 0. 0. 1.43354014e-003 0.
    0. 0. 9.39357793e-004 0. 0. -8.11212463e-004 0. 7.22748460e-003
    6.36066590e-003 4.14696755e-003 0. 0. 0. 0. 0. 1.18097558e-003 0. 0.
    0. 0. 1.16410071e-003 5.78025123e-004 0. 0. 0. 0. 0. 0.
    5.20467153e-003 0. 0. 5.94288518e-004 0. 0. 0. 0. -1.59300660e-004
    0. 4.94072156e-004 0. 0. 0. 0. 1.48081197e-003 -6.74085284e-004 0.
    0. 0. 0. 0. 2.99478555e-003 0. 3.15242424e-003 3.36469733e-003 0. 0.
    -7.05262413e-004 0. 0. 0. 0. 0. 6.76334312e-004 1.35068747e-003 0.
    0. 0. 0. 1.03516039e-003 0. 0. 0. 0. 1.52784213e-003 0.
    1.59965851e-003 0. 0. 0. 9.39500169e-004 1.12565824e-004 0. 0.
    5.14043320e-004 1.91922428e-003 2.27727741e-003 0. 4.28752217e-004
    -2.46263313e-004 0. 0. 1.57401524e-003 0. 0. 0. 0. 0. 0.
    -6.80209429e-004 0. 0. 0. 0. 6.06432368e-005 0. 0. 0. 0. 0. 0. 0. 0.
    0. 0. 1.65729946e-003 0. 0. 1.48991332e-003 1.42644218e-003 0. 0.
    3.43745371e-004 0. 4.50233603e-003 0. -1.25265925e-003 0. 0. 0. 0.
    0. 1.26619195e-003 0. 7.35444773e-005 0. 0. 0. 7.65531498e-004 0. 0.
    0. 0. 0. 0. 0. 0. 0. 0. 0. 0. 0. 0. 0. 0. 2.76286714e-003 0. 0.
    1.01456382e-004 0. 0. 0. 3.49614304e-004 0. 0. 0. 0. 0. 0. 0. 0.
    3.44127952e-003 0. 0. 0. 9.27915273e-004 3.24999244e-004
    9.68346023e-004 0. 0. 0. 0. 0. 1.20662153e-003 0. 0. 5.52270235e-003
    0. 0. 5.44526323e-004 0. 0. 0. 0. 0. 2.09720968e-003 0. 0.
    -1.28480315e-004 0. -5.69618423e-004 2.46921647e-003 3.52859567e-003
    2.80830008e-003 0. 0. 0. 0. 6.60214014e-003 1.84812548e-003
    -1.01622136e-003 0. 0. 8.11832317e-004 -1.03930861e-003 0. 0. 0. 0.
    0. 0. 0. 0. 1.08799920e-003 3.09716654e-003 0. 6.19638537e-004 0. 0.
    0. 0. -4.08797583e-004 0. 3.60985752e-003 0. 4.17576917e-003 0. 0.
    0. 0. 0. 2.58353353e-003 2.88572279e-003 0. 0. 0. 1.30075589e-003
    1.02522166e-003 0. 0. 1.01413962e-003 1.89076399e-003
    7.85870943e-004 0. 0. 2.62512185e-004 0. 0. 0. 1.77026447e-003 0. 0.
    0. 9.89044458e-003 0. -1.99465125e-004 0. 1.01604022e-003 0. 0. 0.
    0. 0. 1.05100870e-003 2.98180757e-003 0. 0. 5.90989657e-004 0. 0. 0.
    1.33480609e-003 0. 0. 0. 0. 0. 1.09200785e-003 1.91825745e-003 0. 0.
    2.00336246e-004 0. 0. 0. 1.04542996e-004 0. 0. 0. 0. 0.
    -1.91005983e-003 0. 0. 6.79329690e-003 0. 0. 0. 1.35600020e-003 0.
    0. 0. 0. 0. 0. 0. 3.54140694e-003 0. 1.21197861e-003 0. 0. 0. 0.
    7.70685670e-004 0. 8.13220104e-004 0. 1.05347193e-003 0. 0. 0.
    -8.70555348e-004 0. 0. 0. 0. -5.65370952e-004 0. 0. -5.16502885e-004
    0. 0. 0. 0. 0. -9.51691589e-004 0. 0. 2.16812268e-003
    -6.98383898e-004 1.14836881e-003 0. 0. 0. 0. 0. 0. 0. 0.
    2.40652030e-003 6.30878238e-003 2.20386614e-003 0. 0.
    -5.83499379e-004 -8.86916532e-004 0. 1.71348150e-003 8.77059123e-004
    0. 0. 6.72618765e-003 7.92253856e-003 0. 3.35188536e-003
    8.42721667e-004 0. 1.24228047e-003 0. 1.46555563e-003
    9.17800644e-004 1.45489594e-003 0. 1.27674150e-003 0. 0.
    5.04585150e-005 1.76367653e-003 9.62092250e-004 0. 0. 0. 0.
    7.44600431e-004 0. 0. -8.42587498e-004 1.56785164e-003 0.
    2.67050485e-003 0. 1.67765026e-003 4.36990289e-003 1.55685167e-003
    0. 0. 0. 0. 1.10875152e-003 0. 1.31433634e-002 0. 0. 0.
    1.18532544e-003 0. 0. 0. 2.92015502e-005 4.53436561e-003 0. 0. 0.
    1.61680393e-003 0. 0. 5.08360285e-003 0. 2.08540633e-003 0. 0. 0. 0.
