<?xml version="1.0"?>
<opencv_storage>
<imageDescriptor type_id="opencv-matrix">
  <rows>1</rows>
  <cols>2000</cols>
  <dt>f</dt>
  <data>
    0. -6.02168147e-005 0. 0. 0. 0. 2.66892649e-003 9.14284203e-004 0.
    -3.41619540e-004 0. 0. 0. 0. 1.63118835e-004 0. 0. 6.32960303e-003
    0. 1.51887222e-003 1.57690770e-003 0. 0. 0. 0. 0. 2.35797069e-003 0.
    1.39236066e-003 -4.38612798e-004 2.31430866e-003 0. 0.
    4.79648908e-004 0. 0. 3.20698344e-003 0. 0. 0. 0. 1.52777066e-003 0.
    0. 0. 0. 0. 2.38751341e-003 1.13379885e-003 0. 0. 0. 0. 0.
    1.40226993e-003 0. 0. 0. 0. 0. 0. 0. 5.21958224e-004
    -2.08872324e-003 -2.49015051e-003 6.14683668e-004 0. 8.03283881e-004
    3.37150134e-003 0. 0. 0. 0. 3.25186341e-003 2.52484344e-003
    3.66110657e-003 0. 0. 0. 0. 0. -2.21195025e-003 0. 1.82131189e-005
    2.47230986e-003 1.11693214e-003 0. 0. 0. 0. 0. 0. 4.57061222e-004 0.
    0. 0. -4.46898211e-003 2.20216857e-003 0. 0. 0. 1.08150311e-003 0.
    2.68688984e-003 0. 0. 0. 0. -7.22511089e-004 0. -7.52145948e-004
    7.44911202e-004 0. 0. 0. -1.20983961e-004 1.29425409e-003 0. 0. 0.
    9.45552601e-004 0. 0. 0. 3.27664940e-003 0. 0. 0. 0. 2.50457157e-003
    0. 0. 2.61745742e-003 0. -2.77415995e-004 3.22545948e-003 0.
    -6.08927694e-005 -5.15560328e-004 0. 0. 0. 1.49452256e-003 0.
    1.96655118e-003 4.37710987e-004 0. 0. 0. 0. 0. 1.35216839e-003
    3.48789687e-003 0. 0. 0. 0. 4.15460113e-003 0. 5.89433766e-004 0. 0.
    0. 0. 0. 0. 0. 0. 0. 0. 2.27213395e-003 1.42503681e-003
    1.01502379e-003 0. 0. 0. 2.94612162e-003 0. 2.71352753e-003 0. 0. 0.
    -1.17482955e-003 1.65397278e-003 0. 7.66429701e-004 0. 0.
    4.39549622e-004 2.48664385e-003 0. 0. 1.24282506e-003 0. 0. 0. 0. 0.
    0. 0. 0. 0. 0. 0. 0. 2.81855650e-003 2.66609108e-003 0.
    5.66334638e-004 2.18587765e-003 1.58353755e-003 0. 4.14465275e-003
    0. 1.72283144e-005 3.79179604e-003 1.43911014e-003 6.52523071e-004
    3.55796365e-004 0. 0. 0. 0. 0. 0. 0. 0. 0. -1.06561743e-003 0. 0. 0.
    -2.13884725e-003 0. 0. 1.63289288e-003 0. 0. 0. 1.24844525e-003
    5.70435659e-004 -4.94815118e-004 0. 7.42866425e-004 2.67552282e-003
    2.95663974e-003 3.70247918e-003 5.65207750e-003 2.31407379e-004 0.
    0. 0. 0. 2.04878696e-003 0. 0. 0. 0. 0. 0. 0. 0. 0. -1.57185027e-003
    1.04269700e-003 0. -2.89688214e-005 0. 0. -2.08124472e-003 0.
    1.57328937e-002 0. 0. 0. 0. 5.67143969e-003 0. 0. 0. 1.55176956e-003
    1.70394185e-003 0. 2.31009396e-003 0. 9.54804782e-005
    3.43063287e-003 0. 1.13795523e-003 0. 0. 0. 1.20876567e-003 0.
    1.58318097e-003 -2.41686052e-004 0. 0. 0. 5.58466068e-004 0. 0. 0.
    1.28408812e-003 0. 0. 0. 0. -9.96138901e-004 0. 0. 4.05517610e-004
    -1.63461969e-004 0. 0. 0. 0. 0. -6.50417351e-004 0. -1.18027534e-003
    0. 0. 0. 0. 0. 0. 0. 0. 0. 1.20157178e-003 0. 1.42856548e-003 0.
    2.34162784e-003 1.62352715e-003 2.65524583e-003 0. 2.63527385e-003
    5.29299676e-003 0. 1.30890473e-003 0. -1.00877590e-003 0. 0.
    2.97258288e-004 0. 2.42189708e-004 0. 0. 8.90591880e-004 0.
    3.07265925e-003 0. 0. 0. 0. 0. 0. 0. 0. 0. 0. 5.76214865e-003 0. 0.
    0. 0. 8.39620130e-004 0. 3.94525845e-003 6.25974557e-004 0. 0. 0.
    1.59850914e-003 2.75656581e-003 -2.97196850e-004 0. 2.32022721e-003
    0. 0. -7.96527136e-004 6.33465126e-004 2.29648175e-003
    1.31670455e-003 0. 5.46633126e-003 0. 0. 0. 7.41213094e-004 0. 0. 0.
    -1.72505897e-004 0. 0. 0. -2.55039369e-004 4.22587339e-003
    4.76045441e-003 3.82480654e-003 0. 0. 0. 1.02827512e-003
    1.62423647e-003 1.69705614e-004 3.49261711e-004 0. 8.17193242e-004
    1.60153233e-003 0. 0. 0. 0. 0. 0. 6.31642155e-003 0. 0.
    1.32097234e-003 0. 0. 3.18551110e-003 0. 0. 2.60070228e-004 0. 0.
    2.14407942e-003 0. 0. 0. 2.84867274e-004 0. 0. 1.63611874e-003 0. 0.
    2.88760522e-003 0. 2.96706450e-004 0. 1.07261934e-003 0.
    5.08545432e-004 2.74500437e-003 1.50514685e-003 0. 0.
    -5.41991794e-005 0. 9.04660905e-004 1.35556911e-003 0.
    -1.57020835e-003 1.98953180e-003 0. 0. 0. -4.74090164e-004 0.
    3.74319311e-003 0. 3.13265761e-003 0. 0. 8.55484104e-005
    -5.24843752e-004 0. 0. 0. -6.40681828e-004 0. 0. 0. -6.26588939e-004
    0. 0. 1.48676499e-003 0. 0. 0. -2.73083366e-004 2.10142392e-003 0.
    0. 0. 0. 0. 0. 3.18460423e-003 0. 5.76229999e-004 0. 4.60622692e-003
    0. 0. 2.34569469e-003 -6.18081540e-004 0. 3.61627550e-004 0. 0. 0.
    0. 4.69739869e-004 0. 0. 2.35516718e-003 0. 0. 0. 0. 1.31292280e-003
    6.34416181e-004 0. 1.61428447e-003 1.32881862e-003 2.03203759e-003
    1.30550354e-003 0. 4.06801514e-003 1.93775014e-003 0.
    7.48076884e-004 0. 0. 0. 2.85358983e-003 0. 0. 1.33187673e-003 0. 0.
    0. 0. 0. 7.16733688e-004 0. 0. 0. 0. 2.19873991e-003
    -3.50788847e-004 0. 0. 1.12901104e-003 0. 0. 0. 0. 0. 0. 0.
    1.43643946e-003 0. 0. 0. 0. 0. 9.55327181e-004 0. 1.62900437e-003
    2.00629164e-003 2.35252990e-003 0. 0. 2.01416481e-003
    -4.73005814e-004 0. 0. 0. 0. 4.07607731e-004 1.75429438e-003
    4.78947908e-003 2.35285734e-005 0. 0. 0. 0. 0. 0. 5.32226823e-003 0.
    0. 0. 0. 0. 2.74893898e-003 1.50137977e-003 0. 0. -8.67243725e-005
    0. -5.30256402e-005 0. 0. 0. 1.12906133e-003 0. 0. 0. 0.
    9.20196122e-004 0. 3.85736930e-004 0. -2.50384561e-004 0. 0. 0.
    6.30272843e-004 0. 0. 0. 4.76540474e-004 4.19770018e-004
    7.19508575e-003 0. 4.80267918e-004 0. 0. 0. 0. 0. 0. 0. 0. 0. 0. 0.
    0. -3.01026623e-004 -7.92504488e-006 0. 0. 0. 2.30272883e-003
    1.23561802e-003 0. 0. 1.39343238e-003 2.69439816e-003 0. 0. 0. 0. 0.
    0. 2.92348996e-004 0. 1.10950309e-003 0. 0. 0. 8.38462205e-004
    9.89651307e-004 0. 0. 0. 1.61020458e-003 0. 0. 6.83225458e-003
    2.16373056e-003 4.75351320e-004 0. 0. 1.23664923e-003 0. 0. 0. 0.
    2.77230283e-003 0. 0. 0. 0. 0. 0. -1.41880033e-003 0.
    3.36894114e-003 0. 0. 0. 0. 0. 0. 0. 0. 0. 0. 0. 0. 4.78930102e-004
    8.45249917e-004 1.01520994e-003 0. 1.50623440e-003 2.62470287e-003
    0. 0. 1.27458991e-003 0. 0. -8.87067363e-005 0. 6.26801979e-004 0.
    0. 3.04640015e-003 0. 0. 0. 0. 1.44766306e-003 0. 4.28934494e-004 0.
    0. 5.43876435e-004 0. 0. 0. 0. 1.02942588e-003 2.80305813e-003 0.
    -1.65803795e-005 0. 0. -4.71753912e-004 0. 0. 0. 8.32498365e-004
    2.34135310e-003 0. 0. 0. 0. 0. 0. 0. 0. 0. 0. 0. 0. 0.
    -2.60006811e-004 0. 0. 0. 0. 5.56309533e-004 2.32970319e-003 0.
    5.44520328e-003 -5.55948704e-004 0. 0. 0. 3.10307113e-003 0. 0. 0.
    0. 0. 1.47059374e-003 1.58130145e-003 1.72847696e-003
    1.08118600e-003 3.75327352e-003 1.36158511e-003 0. 3.45160952e-004
    0. 0. 1.24933082e-003 -1.35534245e-003 0. -3.20572231e-004
    8.20265734e-004 6.93590729e-004 0. 1.02930667e-003 0.
    -4.77956113e-004 1.92512618e-003 0. 0. 1.58403441e-003 0. 0.
    8.47128453e-004 9.90588451e-004 0. 0. 2.49533192e-003 0. 0. 0. 0.
    1.61646807e-003 0. 0. 0. 4.78436844e-003 1.76769367e-003 0. 0. 0. 0.
    0. -3.95754643e-004 4.30700881e-003 0. 0. 1.93660415e-003
    9.85258026e-004 0. 0. 4.19139955e-003 0. 4.12543258e-003 0. 0. 0. 0.
    0. 0. 0. 0. 9.91415349e-004 0. 3.30144656e-003 0. 5.31621336e-004 0.
    -2.35130879e-004 0. 1.63106655e-003 0. 0. 2.32741446e-003
    1.61365867e-002 0. 0. 0. -2.91874458e-004 0. 1.15385652e-003
    2.80056265e-004 0. 0. 7.33693945e-004 0. 0. -3.24269095e-005
    1.48748502e-003 3.18969670e-003 0. 0. 0. 0. 0. 0. 0. 0. 0. 0. 0.
    9.93526657e-004 0. 0. 0. 0. 0. 0. 0. 0. 1.44001155e-003
    2.16880324e-003 0. 1.59065751e-003 0. 0. 0. 3.77079239e-003 0. 0.
    -8.53809121e-004 2.02435558e-003 0. 1.28790329e-003 0. 0.
    1.84962223e-003 0. 1.61805446e-003 1.26389135e-003 0. 0.
    2.04285886e-003 6.39666046e-004 -2.46599142e-004 0. 3.68593377e-003
    0. 0. 1.66835589e-003 -2.40451680e-003 0. 0. 8.43085628e-003 0. 0.
    0. 0. 0. 0. 0. 0. 0. 0. 0. 0. 1.51711667e-003 0. 0. 4.05786792e-003
    0. 0. 0. 0. -6.87426771e-004 -4.33780602e-004 9.78341093e-004 0. 0.
    9.42013692e-004 0. 0. 0. 0. 0. 0. 4.29338170e-003 1.79272913e-003
    8.13238788e-004 2.90184701e-003 0. 0. -8.89337622e-004 0.
