<?xml version="1.0"?>
<opencv_storage>
<imageDescriptor type_id="opencv-matrix">
  <rows>1</rows>
  <cols>2000</cols>
  <dt>f</dt>
  <data>
    -1.33507326e-003 0. 0. 1.20871689e-003 8.16799293e-004
    3.07386438e-003 0. 0. 0. 0. 0. 0. 0. 0. 0. 1.36820087e-003 0. 0. 0.
    0. 3.74473492e-003 0. 0. 3.85006494e-003 0. 3.46131669e-003
    5.50006889e-003 0. 2.13969708e-003 8.89401068e-004 0. 0. 0. 0.
    1.28423434e-003 0. 2.28642835e-003 0. 0. 1.38963258e-003 0.
    2.70862738e-003 0. 0. 0. -1.27172925e-005 4.13291069e-004 0. 0. 0.
    0. 0. 2.22304006e-004 0. 0. 0. 0. 9.67266620e-004 3.37590184e-003
    4.81610652e-003 0. 0. 1.76333298e-003 0. 2.08354049e-005
    5.91048691e-003 0. 1.04961765e-003 0. 1.03255617e-003
    3.54263838e-003 0. 0. 0. 0. 0. 2.09738920e-003 0. 0. 0. 0.
    6.87105162e-003 0. 3.67951929e-003 1.92780874e-003 0.
    2.28081481e-003 0. 7.68346537e-004 4.95301269e-004 0. 0.
    1.72761059e-003 0. 3.24311573e-003 0. 2.24691769e-003 0.
    2.27237074e-003 0. 0. 1.63073104e-003 0. -1.74834960e-004 0. 0. 0.
    0. 7.74414046e-004 0. 1.39844907e-003 4.01523372e-004 0.
    3.45697533e-003 1.44284707e-003 0. 2.45987391e-003 0. 0. 0.
    1.62981707e-003 5.04052918e-003 0. 0. 0. 0. 0. 0. -4.40459175e-004
    1.22311205e-004 0. 2.00063572e-004 0. 3.80567345e-003 0. 0. 0.
    4.82050329e-003 0. 8.35466955e-004 0. 0. 2.08702195e-003 0. 0. 0. 0.
    0. 0. 0. -1.12758731e-004 0. 1.83536613e-003 0. 0. 0. 0.
    1.57843271e-004 0. 1.40996184e-003 6.75628777e-004 0. 0.
    5.09616337e-004 0. 0. 1.47944514e-003 0. 0. 9.06310685e-004 0. 0. 0.
    0. 5.00898677e-005 0. 0. 0. 0. 1.19314948e-003 0. 0. 0.
    3.52152833e-003 0. 0. 1.40722806e-003 3.14467051e-003 0. 0. 0. 0.
    9.10530740e-004 0. 0. 0. -3.24561406e-004 0. 2.85463268e-003 0.
    2.91590602e-003 0. 0. 4.21165535e-003 0. 0. 0. 0. 1.19211315e-003 0.
    2.00388581e-003 4.79925337e-004 6.13062060e-004 0. 0. 0.
    1.84499670e-003 0. 5.27372723e-003 0. 1.29748404e-003
    5.24065923e-003 2.74213869e-003 0. 0. 0. 0. 0. 0. 6.66051777e-003 0.
    2.87167402e-003 0. 3.63211264e-003 3.62554216e-004 1.65898167e-002
    0. -7.44558463e-004 8.96470097e-004 0. 0. 0. 0. 5.18265925e-003
    -8.92098295e-004 0. 0. 1.00874528e-003 0. 0. 0. 0. 1.06468005e-003
    1.61309763e-005 0. 0. 0. 0. 0. 0. 0. 0. 0. 7.33290240e-003
    2.70956033e-003 0. 0. 0. 0. 0. 0. 0. 0. 0. 0. 0. 0. 6.92588417e-003
    1.31257426e-003 0. 0. 0. 0. 0. 2.59361300e-003 8.43906077e-004
    3.56785691e-004 0. 0. 0. 0. 0. 1.23718055e-003 0. 0. 0.
    7.91446306e-004 0. 8.84747831e-004 0. 6.76735537e-004 0. 0.
    1.21951592e-003 0. 0. 0. -3.14395475e-005 1.72216343e-004 0. 0.
    1.45981996e-003 1.58399029e-003 0. 0. 0. 0. 0. 0. 0. 5.10941632e-003
    0. 0. 3.50018090e-005 0. 0. -1.89819621e-004 0. 0. 3.69096384e-003
    5.41090593e-003 0. 0. 0. 0. 0. 0. 1.73555058e-003 0. 0. 0.
    -8.62101151e-004 0. 0. 0. 0. 0. 0. 0. 0. 0. 0. -8.30362842e-004 0.
    0. 1.66935660e-003 7.41332478e-004 0. 0. 0. 8.33046797e-004 0. 0.
    3.56292725e-003 0. 0. 0. 0. 0. 0. 0. 0. 0. 0. 0. 0. 1.60557276e-003
    -6.54791875e-005 0. 0. 0. 6.27972360e-004 0. 0. 0. 5.68217458e-003
    0. 0. 0. 2.00335053e-003 0. 0. 2.01146677e-003 5.27587079e-004 0. 0.
    0. 1.18733523e-003 0. 0. 3.62408813e-003 2.00778223e-003
    -1.74589848e-004 0. 0. 0. 1.12698367e-003 0. 0. 0. 0. 0.
    7.12296809e-004 3.81443324e-003 0. 2.21932027e-003 0. 0. 0. 0.
    2.33959174e-003 0. 0. 0. 0. 0. 5.04197378e-005 1.37695007e-003 0. 0.
    0. 0. 0. 1.03208388e-003 2.35222839e-003 0. 0. 0. 0. 0. 0. 0.
    4.42112330e-003 0. 0. 0. 9.92310466e-004 0. 0. 4.65747528e-003
    -8.51026634e-005 0. 0. 0. 2.03360827e-003 0. 0. 0. 4.64074110e-004
    1.02406996e-003 0. 0. -6.72110531e-004 0. 0. 0. -1.72267586e-003 0.
    0. 0. 0. 1.45521574e-003 0. 0. 0. -9.72562528e-004 0.
    2.73354561e-003 0. -4.51232214e-003 0. 0. 0. 7.10208714e-003 0. 0.
    8.46946612e-004 0. -9.62392776e-004 0. 0. 0. 0. 0. 0. 0.
    6.21943618e-004 0. 1.54411932e-003 0. 7.40702599e-005 0. 0. 0.
    4.03944287e-005 0. 3.30320187e-003 4.34146728e-004 0. 0. 0. 0. 0. 0.
    4.15908964e-003 1.14781491e-003 -5.30957128e-004 0. 0. 0.
    1.25407928e-003 6.36345299e-004 2.16887289e-004 0. 0. 0. 0. 0. 0. 0.
    0. 1.19124299e-004 0. 0. 3.57012847e-003 9.72776557e-004
    1.25422934e-003 0. 0. 0. 0. 0. 0. 0. 0. 0. 2.13461672e-003
    4.00871411e-003 0. 1.10860995e-003 0. 1.49672152e-004 0. 0. 0.
    2.47669336e-003 0. 0. 0. 0. 1.33528141e-003 0. 0. 0. 1.19496079e-003
    -9.69452143e-004 0. 4.89356043e-003 0. 1.24679599e-003 0.
    1.42219593e-003 1.99512695e-003 1.70103740e-003 0. 0. 0.
    -1.32274712e-004 0. 0. 0. 5.97217644e-004 3.02155060e-003 0. 0. 0.
    0. 0. 1.15034648e-003 -6.57087148e-005 0. 0. 0. 0. 5.10399754e-004
    0. 0. 0. 0. 0. 0. 0. 0. 0. 0. 0. 0. 0. 1.35078956e-003
    1.22184691e-003 0. 0. 0. -6.35790639e-005 0. 0. 0. 4.33704117e-003
    0. 0. 1.49520242e-003 0. 0. 0. 1.25037995e-003 0. 0. 0.
    4.02680365e-003 0. 0. 1.02248194e-003 0. 0. 0. 0. 0. 0. 0. 0. 0. 0.
    0. 0. 0. 0. 0. 2.09599221e-003 2.84732413e-003 0. 0. 0. 0. 0. 0.
    8.15096137e-004 0. 0. 0. 0. 2.40820623e-003 0. 0. 0. 0.
    1.89223653e-003 0. 0. -6.62481470e-004 0. 0. 0. 0. 2.02044426e-003
    0. 0. 0. 1.91195737e-004 0. 0. 1.10923417e-003 1.67507026e-003 0.
    -1.03012938e-003 1.70221436e-003 -1.34790619e-003 2.36504106e-003 0.
    0. 2.27797520e-003 5.31874131e-004 0. 1.15834118e-003 0. 0.
    -4.89775121e-005 0. 0. 3.66188074e-003 0. 0. 0. 0. 2.12025200e-003
    0. 0. -1.75470574e-004 0. 0. 0. 0. 0. 2.86875013e-003 0. 0.
    4.20687167e-004 4.59005032e-003 2.15332839e-003 0. 0. 0.
    3.47921089e-003 0. 0. 0. 5.16601896e-004 0. 0. 0. 6.23652292e-003 0.
    0. 0. 0. 1.45521993e-003 0. 0. 0. 0. 0. 0. 0. 0. 1.77906826e-003
    4.49601607e-003 4.42452292e-004 0. 0. 1.11511268e-003
    2.01702514e-003 3.79174617e-006 0. 2.50823959e-003 5.47900796e-004
    0. 0. 0. 1.81865893e-004 0. 0. 0. 0. 0. 2.25656942e-004
    1.67479087e-003 0. 1.77602237e-003 9.15247132e-004 0. 0. 0. 0. 0. 0.
    0. 1.24679506e-003 0. 1.24967762e-003 -7.80685456e-004 0.
    2.72044749e-003 0. 0. 0. 0. 0. 3.19114514e-003 0. 0. 0. 0. 0.
    1.91169535e-003 0. 0. 1.01121026e-003 0. -9.72648035e-004 0. 0.
    1.98980933e-003 0. 0. 1.71330466e-004 0. 1.12563290e-003
    2.08951579e-003 0. 0. 0. 0. 8.24146671e-004 0. 0. 1.63672981e-003 0.
    0. 0. 0. 4.07658843e-003 0. 0. 0. 0. 1.49177678e-003 6.63860410e-004
    0. 0. 0. 0. 0. 0. 1.75317074e-003 0. 6.01300737e-003 0. 0. 0.
    6.22999913e-004 0. 4.80841566e-003 0. 0. 8.66739487e-004
    6.22894149e-005 2.84495880e-003 0. 1.56178465e-003 0. 0. 0. 0. 0. 0.
    0. 0. 0. 0. 0. 0. 0. 0. 0. 0. 1.10864290e-003 0. 1.44188118e-003 0.
    0. 0. 9.71534930e-004 3.09302122e-003 0. 5.23876188e-005 0. 0. 0. 0.
    0. 8.13692994e-003 0. 1.77236611e-003 0. 3.05719581e-003 0.
    2.46534683e-003 0. 0. 0. -2.37160921e-003 2.68023857e-003 0. 0. 0.
    0. -7.10740511e-004 0. 0. 0. 0. 1.44035742e-003 5.55290328e-003 0.
    0. 0. 1.83601677e-003 1.82527734e-003 0. 0. 0. 0. 2.83002388e-003 0.
    -8.36961117e-005 0. 0. 0. 0. 7.51033716e-004 0. 0. 6.82314578e-003
    0. 0. 1.55862223e-003 0. 0. 0. 0. 0. 0. 0. 2.74779997e-003 0. 0. 0.
    0. 0. 0. 4.42193668e-005 0. 0. 0. 4.61450638e-003 3.66036524e-003
    3.46857007e-003 0. 0. 4.02729213e-003 2.84607382e-003 0. 0. 0. 0. 0.
    3.23700689e-004 3.43390950e-003 0. 0. 0. 3.95290600e-003 0. 0.
    -5.22407354e-004 0. -9.57233482e-004 4.74100607e-003 0. 0.
    4.62452794e-004 0. 5.84218476e-004 0. 0. 0. 3.98870470e-004 0. 0.
    -5.20450521e-005 1.16548885e-003 0. 5.92317199e-003 0. 0. 0. 0.
    1.61723595e-003 0. 0. 0. 4.00227541e-003 0. 0. 0. 2.66610761e-003 0.
    -8.95419580e-005 0. 9.03628883e-004 0. 7.88092089e-004 0.
    1.78193138e-003 0. 5.25175536e-004 7.97765795e-003 0. 0. 0. 0.
    -1.50590713e-004 0. 0. 0. 0. 7.05383602e-004 0. 1.02580315e-003
    1.21532695e-003 0. 2.50742794e-003 0. 0. 0. 0. 1.05345994e-003
    3.19970469e-003 0. 0. 1.65328360e-003 0. 0. 1.21126755e-003
