<?xml version="1.0"?>
<opencv_storage>
<imageDescriptor type_id="opencv-matrix">
  <rows>1</rows>
  <cols>2000</cols>
  <dt>f</dt>
  <data>
    0. 0. 0. 0. 1.73120142e-003 8.10649653e-004 1.33584870e-003 0.
    1.92432111e-004 0. 0. 0. 0. 0. -2.02206289e-003 -2.94577185e-004 0.
    8.95694538e-004 0. 0. 0. 0. 0. -1.04354671e-003 6.10472867e-004 0.
    1.49594748e-003 0. -6.34225667e-004 0. 0. 0. 0. 0. 0. 0.
    -9.33305593e-004 1.52966275e-003 0. 7.61804869e-004 0. 0. 0.
    2.05361936e-003 0. 3.27346963e-003 1.91070058e-003 1.17821060e-003
    9.64273291e-004 0. 0. 2.79414613e-004 1.91424554e-003 0. 0. 0. 0.
    7.50406354e-004 3.23059410e-003 0. 0. 0. 1.48816884e-003
    3.34112206e-004 0. 0. 1.12714909e-003 0. 1.35472626e-004 0.
    8.63519614e-004 0. -1.64039864e-003 0. 0. 0. 0. 1.63837988e-003 0.
    0. 0. 8.29007756e-003 5.16232627e-004 0. 3.89712886e-003
    1.56073156e-003 0. -4.41963173e-004 0. 0. 0. 0. 1.33892393e-003 0.
    0. 9.00538143e-005 0. 0. 0. 0. 2.25155195e-003 0. 0.
    -9.10291099e-004 0. 0. 1.21234625e-003 0. 0. 1.01968320e-003
    1.88264693e-003 0. 0. 1.15052506e-003 0. 0. 0. 0. 0. 3.71305947e-003
    0. 7.97410496e-003 1.59086473e-003 9.79106640e-004 0.
    4.31314867e-004 0. 1.54487556e-003 0. 2.14869529e-003 0.
    1.00912453e-004 0. 0. 0. 7.70925917e-003 -6.43808395e-004 0. 0. 0.
    0. 0. 8.04092083e-003 -8.99903243e-004 4.07006039e-004 0. 0.
    -6.51594775e-004 0. 0. 5.94087993e-004 0. 0. 0. 2.34284415e-003 0.
    4.90996521e-003 2.03411968e-004 0. 0. 0. 5.01002977e-003
    3.21673020e-003 0. 2.70947954e-003 0. 0. 0. 0. 0. 0. 0. 0. 0. 0. 0.
    0. 0. 1.99871860e-003 8.72488192e-004 0. 5.97293663e-004
    -1.98025169e-004 0. 0. 2.23541283e-003 0. 0. 1.86069333e-003 0. 0.
    0. 0. 6.55052951e-004 0. 0. 0. 0. 5.04632306e-004 0. 0. 0.
    4.62741009e-004 0. 0. 0. 0. 0. 6.27078814e-004 0. 1.50252203e-003 0.
    7.66226964e-004 3.33761168e-003 0. 0. 0. 0. -1.00461848e-003 0.
    9.23948642e-003 -6.05373178e-004 0. 1.27799448e-003 0. 0. 0. 0. 0.
    5.11695212e-003 0. 4.19775583e-003 0. 2.74416571e-003 0.
    8.65588710e-003 0. 0. 3.07279901e-004 0. 0. 3.02753615e-004 0.
    1.74604263e-003 0. 0. 0. 0. 0. 0. 0. 0. 0. 0. 0. 0. 6.83495164e-005
    1.48907257e-003 0. -3.10281204e-004 0. 4.11727326e-003 0. 0. 0. 0.
    0. 0. 0. -3.61883547e-003 0. 0. 0. 0. 0. 3.57187144e-003 0.
    1.58319832e-003 0. 0. 0. 0. 0. 0. 0. 0. 0. 0. -8.59918830e-004 0. 0.
    0. -8.05439427e-004 0. 0. 0. 2.96382990e-004 0. 5.63737471e-004 0.
    0. 2.64402688e-003 0. 0. 0. 0. 1.48530048e-003 0. 0. 6.96916395e-005
    1.11412170e-004 0. -3.78232129e-004 0. 1.20239600e-003 0.
    4.09477018e-003 0. 0. 0. 0. 0. 0. 2.03825580e-003 0. 0.
    -3.98465112e-004 0. 0. 4.95934905e-003 4.13175300e-003 0. 0.
    8.76613776e-004 0. 0. 0. 0. 1.17941771e-003 -1.01886049e-003
    -2.31755403e-004 2.89748481e-004 0. 7.27089704e-004 0. 0. 0. 0.
    1.17174473e-004 1.75801967e-003 0. 3.60841892e-004 0. 0. 0. 0. 0.
    5.84699912e-003 -6.97483891e-004 0. 0. 1.34461166e-004
    2.23012641e-003 0. 0. 0. 0. 0. 0. 0. 0. 0. 0. 0. 0. 4.90005594e-004
    2.20546173e-003 7.98056542e-004 0. 0. 0. -9.79325385e-004
    1.36599923e-003 0. 5.44851506e-003 0. 0. 0. 0. 3.04999092e-004
    -3.92533315e-004 1.09392218e-003 2.94030108e-003 0. 0. 0. 0. 0. 0.
    0. 0. 1.12425105e-003 0. 0. 0. 0. 0. 0. 0. 0. 0. 0. 0. 0.
    1.43490208e-003 0. 0. 0. 0. 0. 7.35191628e-003 2.29895022e-003 0.
    1.23240810e-003 7.86754128e-004 -7.36167887e-004 0. 0. 0.
    1.14103965e-003 0. 0. 0. 1.46862712e-005 -6.00576110e-004 0. 0.
    3.54185933e-003 0. 0. 0. -2.67614614e-005 0. 0. 1.03437772e-003
    9.10144008e-004 6.03987195e-004 0. 0. 0. -2.60834495e-004
    1.49474572e-003 0. 0. 0. 0. 0. 0. 0. 0. 0. 0. 6.02150452e-004 0. 0.
    0. -5.90409210e-004 0. 0. 2.08653091e-003 0. 1.01948879e-003
    1.48292817e-003 0. 0. 1.09504536e-003 0. 0. 0. -3.74106644e-003 0.
    0. 0. 0. 0. 2.94034136e-003 0. 6.63757464e-003 9.29469941e-004 0. 0.
    0. 0. 6.04085915e-004 2.46326951e-003 0. 0. 0. 0. -7.61852367e-004
    0. 0. 0. 0. 2.15236424e-003 0. 0. 4.13734186e-003 6.47926354e-004
    2.18573888e-003 0. 0. 0. 0. 0. 0. 0. 0. 0. 0. -1.29360461e-003 0. 0.
    0. 0. 0. 1.21075264e-003 2.81751947e-003 1.49769988e-003
    4.29748936e-004 0. 2.38614064e-003 0. 0. 0. 1.96718029e-003 0. 0.
    2.85074022e-003 0. 0. 0. 0. 0. 0. 1.07304915e-003 0. 0. 0.
    6.02342829e-004 0. 0. 1.16747397e-003 0. 8.79943545e-005 0. 0. 0.
    1.34940085e-003 -3.64333100e-004 0. 1.04833883e-003 2.90548685e-003
    0. 0. 0. 2.13488773e-003 0. 2.46936316e-003 0. 6.73297443e-004 0. 0.
    0. 0. 0. 0. 5.26103890e-004 0. 0. 0. 0. 0. 0. 1.22151384e-003 0. 0.
    0. 0. 0. 0. 0. 0. 0. 7.78646674e-004 0. 0. 0. 3.54520907e-003
    -8.47189513e-004 0. 3.25065898e-003 0. 0. 0. 0. 0. 0. 0.
    -4.22119483e-004 0. 1.14046654e-003 0. 0. 0. 0. -4.08982945e-004
    5.71987650e-004 0. 0. 0. 0. -5.50426310e-004 0. 3.76182166e-003
    1.16274699e-004 0. 0. 0. 6.95953961e-004 -1.92954822e-003
    9.82042868e-004 0. 0. 0. 2.45605293e-003 0. 2.93522095e-003
    7.15443399e-004 2.87926960e-004 5.32617280e-003 0. 0. 0. 0. 0. 0. 0.
    0. 1.68159290e-003 0. 3.32725956e-003 0. 0. 0. 6.27560948e-004
    -2.12028928e-004 1.57250501e-002 0. 0. 0. 0. 0. 0. 0. 0. 0.
    1.38258480e-003 -4.96744411e-004 8.68770585e-004 0. 2.55875103e-003
    0. 2.24774401e-003 3.80688533e-003 0. 0. 2.67612375e-003 0.
    -1.60389580e-003 1.21092424e-003 0. 3.61813372e-003 0.
    3.77092697e-003 2.16008583e-003 0. 0. 0. 0. -2.38018605e-004 0. 0.
    0. 0. 0. 0. 0. 0. 1.29815086e-003 8.93715129e-004 -6.05877085e-006
    0. 3.61218670e-004 0. 4.69644787e-004 1.12432509e-003 0.
    2.19244137e-003 0. 1.83593028e-003 3.67471878e-003 0. 0. 0. 0. 0. 0.
    0. 0. 0. 2.88219610e-003 0. 0. 0. 3.06526152e-003 0. 0. 0. 0. 0. 0.
    0. 0. -8.90520678e-005 0. 0. 0. 0. 3.48753482e-003 0. 0. 0.
    3.28793726e-003 8.27141594e-006 2.17214529e-003 0. 0. 0. 0. 0.
    6.11401256e-003 3.61143285e-003 0. 0. 0. 0. 0. 0. 1.92352594e-003 0.
    3.92230140e-005 0. -3.14027217e-004 8.51573132e-004 0. 0.
    8.09004938e-004 0. 0. 0. 0. 0. 3.29917669e-003 3.27075715e-003
    8.28905962e-004 1.00581320e-002 -5.61693858e-004 7.00145029e-004 0.
    5.54629508e-003 0. 0. 0. 0. -1.85285695e-004 0. 0. 0. 0. 0. 0. 0.
    1.14046782e-003 6.76096301e-004 0. 0. 1.03966647e-003 0. 0. 0. 0.
    6.63933344e-003 0. 0. 0. 3.79482144e-003 8.00013659e-004 0. 0. 0. 0.
    0. 0. 0. 5.57961175e-003 0. 0. 0. 0. 0. 0. 0. -1.86805948e-004
    1.38011691e-003 9.44165746e-004 0. 0. 0. 0. 0. 0. 0. 1.51904020e-003
    0. 0. 0. 1.33072981e-003 1.99117418e-003 0. 1.01575791e-003 0.
    3.49422707e-003 -2.90765864e-004 0. 1.78085803e-003 0.
    -3.06830807e-005 0. 7.54503300e-004 2.27125804e-003 0. 0. 0.
    2.67019001e-004 0. 0. 0. 0. 0. 1.44279026e-003 0. 4.35786205e-004 0.
    0. 0. 0. 0. 0. 0. 0. 0. 1.81247757e-004 0. -1.07690471e-003 0. 0. 0.
    0. 0. 0. 0. 0. 0. 0. 0. 0. 0. -5.12778293e-004 0. 0. 1.15201739e-003
    0. 0. 0. 5.38165681e-003 0. 0. 0. 3.17576411e-003 0. 0. 0. 0.
    8.66960641e-003 0. -8.47784162e-004 0. 0. 0. 0. 0. 0. 0.
    1.37929781e-003 0. 0. 0. 0. 0. -7.96124339e-004 9.35717300e-003
    -2.49670760e-004 0. 0. 0. 0. 0. 0. 9.65911662e-004 4.79341717e-003
    1.74775266e-003 5.63193159e-003 8.09970603e-004 0. 0. 0. 0. 0. 0. 0.
    0. 0. 1.03073218e-003 0. 0. 5.37894841e-004 0. 3.08508216e-003 0.
    6.57179567e-004 0. 2.83386646e-004 0. 0. 1.52266840e-003 0. 0. 0.
    9.95338778e-004 2.09548906e-003 1.36618176e-003 0. 0.
    2.45067617e-003 0. 2.89100921e-003 0. 4.55399137e-003 0.
    5.14960157e-005 5.72783267e-003 0. 0. 0. -1.06833456e-003 0. 0.
    3.06626852e-003 5.32978338e-005 1.38990197e-003 0. 0. 0. 0. 0.
    1.07981067e-003 1.74329092e-003 0. 0. 0. 0. 0. 0. 0. 0. 0. 0. 0.
    7.15914299e-004 0. 0. 0. 6.56944816e-004 0. 0. 0. 2.85355002e-003 0.
    0. -1.18479575e-003 0. 0. 0. 0. 0. 0. 5.27988945e-004 0. 0. 0. 0. 0.
    0. 1.06215419e-003 -1.19259144e-004 9.05049557e-004 0.
