<?xml version="1.0"?>
<opencv_storage>
<imageDescriptor type_id="opencv-matrix">
  <rows>1</rows>
  <cols>2000</cols>
  <dt>f</dt>
  <data>
    6.61300612e-004 0. 0. 0. 0. 0. 0. 0. 0. 0. 0. 3.04848480e-004 0. 0.
    -1.02215345e-004 0. 0. 0. 0. 0. -3.85833118e-005 1.67047023e-003 0.
    1.16959645e-003 1.11204092e-004 0. 0. 0. 1.76241819e-003 0.
    1.65974686e-003 0. 0. 0. 0. 0. 1.23892538e-003 1.14643911e-003 0. 0.
    4.49718582e-003 0. 0. 1.11731002e-003 0. 0. 2.46538338e-003
    5.99133782e-005 0. 0. 0. 0. 0. 1.19921262e-003 6.13184588e-004 0. 0.
    1.55850023e-003 0. 2.81152758e-003 0. 0. 0. 0. 0. 1.74701912e-003 0.
    0. 4.57393611e-003 0. 0. 0. 5.80351742e-004 0. 3.08158225e-004
    1.46269379e-003 -1.57618686e-003 0. 0. 0. -6.58924866e-004 0. 0.
    1.27951533e-003 0. 0. 1.68461876e-003 0. 0. 0. 0. 0. 0. 0. 0.
    4.92866035e-004 1.36460096e-003 0. 0. 2.59271124e-003
    3.29375779e-003 0. 0. 0. 5.65064372e-004 4.82804229e-004 0.
    1.52389519e-003 0. 0. 0. 0. 0. 6.22070394e-004 0. 8.81615910e-004 0.
    0. 1.50038570e-003 0. 0. 6.06565154e-004 0. 0. -1.26470649e-003 0.
    1.19288405e-003 0. -6.56967226e-004 0. 1.18319807e-003 0. 0. 0.
    1.74414902e-003 9.60305450e-004 0. 0. 8.25903320e-004
    1.57830014e-003 4.34705755e-004 2.05049990e-003 2.28630798e-003
    7.13997506e-005 0. 0. 0. 0. 0. 0. -6.02195272e-004 0. 0. 0.
    3.28730443e-003 0. 0. 2.56882235e-003 0. 0. 0. 0. 4.12370171e-003
    4.87909513e-003 0. 0. 0. 0. 0. 8.43918300e-004 0. 0. 0.
    3.63496109e-003 0. 0. 0. 0. 0. 0. 0. 0. -3.11244535e-003 0.
    2.59624235e-003 0. 2.14952044e-004 0. 0. 0. 0. 0. 0. 7.27133884e-004
    0. 0. -9.03284308e-005 0. 0. -4.46519378e-004 0. 0. 0. 0. 0. 0. 0.
    0. 3.99098586e-004 0. 0. 2.78259482e-004 1.33324764e-003 0. 0. 0.
    -1.55218848e-004 0. 0. 0. -1.08879141e-003 -5.44270326e-004 0. 0. 0.
    5.87923394e-004 0. 0. 5.62535424e-004 0. 0. 0. 0. 0. 0. 0. 0. 0. 0.
    1.14349346e-003 8.38396081e-004 0. 5.46916481e-003 0. 0. 0. 0. 0. 0.
    0. 0. 0. 1.84773549e-003 3.79984616e-003 1.37352874e-003
    1.92385167e-003 0. 0. 0. 2.74122390e-003 0. 0. 2.63083144e-004
    1.58975087e-003 0. 0. 0. 0. 0. 0. -2.83099816e-005 0. 0. 0. 0. 0. 0.
    0. 3.45603121e-003 0. 0. 2.18164735e-003 0. 0. 4.32686508e-003
    4.35155164e-003 -9.02707921e-004 1.21769716e-003 0. 0.
    8.67195427e-003 0. 5.89291565e-004 0. 0. 0. 4.99273447e-005 0. 0.
    2.16407282e-003 0. 1.01357151e-003 0. 0. 7.43815734e-004 0.
    6.93914597e-004 0. 0. 3.56802018e-003 1.10900402e-003
    -3.12416378e-004 3.27090849e-003 0. 0. 0. 0. 0. 3.20954714e-003 0.
    0. 0. 0. 8.76175007e-004 0. 0. 0. 0. 0. 0. 0. 0. 0. 2.88165151e-003
    0. 0. 0. -4.58841037e-004 2.17429479e-003 0. 4.09075292e-004
    1.59785466e-003 1.08279439e-003 -9.38931771e-004 0. 0. 0.
    2.81940750e-003 0. 0. 0. 0. -7.11299363e-005 0. 1.66929315e-003
    -5.90206357e-004 0. 2.24146922e-003 0. 0. 0. 0. 0. 6.88467466e-004
    0. 0. 0. 1.40653457e-003 1.03175943e-003 0. 0. 0. 0. 8.19089531e-004
    0. 4.95655368e-005 1.83925184e-003 0. 2.77133338e-004 0. 0. 0.
    1.79512904e-003 0. 0. 2.14005657e-003 0. 0. 0. 0. 0. 1.52760302e-003
    0. 0. 0. 0. 3.20819719e-003 0. 0. 6.02185447e-003 0. 0. 0. 0. 0. 0.
    4.08512168e-003 0. 1.70348492e-003 0. 0. 0. 0. 0. 1.77006505e-003
    9.13821510e-004 0. 1.11333071e-003 0. 1.18878181e-003
    1.49064197e-003 0. 0. -5.43140864e-004 1.50404242e-003
    -7.16859649e-004 1.46955819e-004 0. 2.18327870e-004 1.13153481e-003
    0. 0. 0. 1.54331175e-003 8.03335919e-004 7.45679252e-004 0.
    8.75995727e-004 0. 0. 0. 0. 3.09081879e-005 4.71946551e-004
    3.24205868e-003 1.93313230e-003 0. 0. 6.85635023e-004 0. 0.
    -6.53215277e-004 3.30073352e-004 0. 0. 0. 0. 0. 0. 0.
    1.49975054e-003 0. 0. 0. 1.18130445e-003 4.38583270e-003 0. 0. 0. 0.
    2.61398917e-003 1.50039006e-004 2.46314751e-003 4.14479116e-004
    3.85930203e-003 -6.17340964e-004 0. 0. 0. 0. 0. 7.11505068e-004 0.
    9.10477829e-004 3.31472652e-003 0. 0. 0. -4.20840894e-004
    1.22675800e-003 0. 0. 0. 8.59351549e-003 0. 0. 0. 9.52249567e-004
    2.26882356e-003 0. 4.89659561e-003 0. 0. 1.44473661e-003
    1.76920393e-003 0. 6.90689310e-004 0. -2.97542254e-004 0. 0. 0. 0.
    0. 4.81257914e-004 0. 0. 0. 0. 0. 0. 0. 0. 0. 0. 7.01784971e-004 0.
    0. 0. 0. 0. 0. -1.05433376e-003 1.52762223e-004 8.44861439e-004 0.
    0. 0. 0. 0. 1.24169805e-003 -4.04106308e-004 0. -4.76098503e-004 0.
    0. 0. -6.04786794e-004 0. 0. 2.18703535e-005 0. 0. 0.
    8.55651568e-004 0. 0. 0. 4.95335693e-003 -7.47878803e-004 0. 0. 0.
    0. 3.80178285e-003 6.70476770e-003 0. 0. -3.05731985e-004 0.
    1.55447738e-003 9.50030633e-004 7.58606708e-004 0. 0. 0. 0.
    1.38244533e-003 9.59256024e-004 6.81325560e-004 1.17810292e-003 0.
    0. 0. 0. 0. 0. 0. 2.07833620e-003 1.58623653e-003 0. 0.
    3.94270552e-004 6.75938849e-004 2.17242492e-003 0. 0. 0. 0. 0. 0. 0.
    0. 0. 0. 0. 0. 0. 0. 0. 0. 0. 1.91297921e-004 3.88283236e-003
    2.13194173e-003 0. 0. 0. 0. 0. 3.22309788e-004 0. -1.06498599e-003
    0. 0. 0. 0. 0. 6.73525734e-004 0. -4.06033156e-004 0.
    9.75497765e-004 1.27867190e-003 0. 0. 0. 0. 3.41939647e-003 0.
    5.53113408e-004 0. 0. 0. 0. 5.80927299e-004 0. -5.58773987e-004 0.
    0. 0. 0. 5.09149907e-003 0. 2.25736620e-003 0. 0. 0. 0. 0.
    1.90677284e-003 0. 0. 1.04361121e-003 0. 5.10725367e-004 0. 0. 0.
    4.54129791e-003 0. 0. 0. 0. 0. 0. 0. 3.93435266e-003 1.15115638e-003
    0. 0. 0. 3.47864791e-003 0. 0. 5.36703737e-003 0. 0. 0. 0. 0. 0. 0.
    8.42975394e-004 0. 1.00764900e-003 0. 2.67885672e-003 0. 0.
    1.60165597e-003 0. 1.32882921e-003 0. 8.95718287e-004 0. 0. 0.
    7.28386804e-004 0. 0. 0. 0. 0. 6.06221205e-004 1.69640267e-003 0. 0.
    0. 0. 2.66137207e-003 0. 0. 0. 9.18371428e-004 7.86422403e-004 0. 0.
    0. 0. 0. 0. 0. 0. 0. 0. 3.26690148e-003 0. 0. 2.91431369e-003 0. 0.
    -1.50528140e-004 0. 2.34869868e-003 0. 0. 0. 0. 0. 0. 0. 0. 0.
    3.74106131e-003 0. 1.01950753e-003 0. 1.96666038e-003 0.
    1.48730492e-003 6.64676912e-003 0. 0. 6.10244786e-003
    -2.04361713e-004 0. 0. 0. 0. 0. 0. 9.00137878e-004 0.
    1.32254115e-003 0. 1.42832124e-003 1.44403626e-003 0. 0.
    -1.83740980e-003 3.41493636e-004 1.09221076e-003 0. 0. 0.
    2.24589463e-003 0. 0. 0. 0. 0. 0. 0. 9.77746095e-004 0. 0.
    1.14374387e-003 0. 0. 0. 6.80262921e-004 0. 0. 7.01490731e-004
    3.24862171e-003 0. 6.71410887e-003 0. 0. 1.29106303e-003 0. 0.
    4.55541449e-004 -3.93995288e-004 0. 0. 1.23479869e-003
    1.72571163e-004 1.55594002e-003 0. 3.03995772e-003 2.08888296e-003
    0. 2.16356385e-003 0. 3.08272731e-003 0. 0. 3.01176129e-004 0. 0. 0.
    0. 6.59844431e-004 0. 0. 3.30375857e-003 3.42524447e-003 0.
    -3.31197894e-004 0. 1.23388297e-003 0. 0. 0. 1.05066130e-004
    6.73188642e-003 0. -1.35249284e-004 0. 0. 2.54427758e-003 0. 0.
    -6.75804622e-004 0. 0. 0. 0. 0. 1.36429782e-003 0. 0. 0.
    5.63183276e-004 0. 0. 0. 0. 0. 6.01879263e-004 3.31870280e-003 0.
    3.95719544e-005 0. 0. 0. 0. 0. 1.54888630e-003 0. 0.
    -3.02243716e-004 0. 0. 0. 0. 0. 0. 0. 1.31847826e-003 0.
    1.40368287e-003 0. 0. 0. 0. 0. 4.65873256e-003 0. 3.19760060e-003 0.
    0. 3.88443493e-003 0. 0. -2.72935751e-004 0. 0. 0. 1.49287807e-003
    2.86761584e-004 0. 0. 0. 0. 0. 3.42176924e-003 2.58879561e-004 0.
    6.20332034e-003 0. 0. 1.35313941e-003 0. 0. 0. 9.71849600e-004 0. 0.
    0. 1.99297490e-003 0. 0. 0. 0. 0. 3.13509884e-003 1.30345393e-003 0.
    0. 1.70480125e-004 1.19560992e-003 2.64055724e-003 -1.29725761e-003
    0. -5.60904329e-004 0. 2.72168964e-003 0. 2.84048542e-003 0. 0.
    1.26917765e-003 0. 0. 8.62332177e-004 0. 3.02138249e-003 0. 0. 0. 0.
    0. 0. 0. -8.85565241e-004 4.28646716e-004 0. 0. 0. 1.49134197e-004
    0. 0. 2.95634987e-003 -5.99189429e-004 0. 1.50883757e-003 0. 0. 0.
    0. 0. 3.54774506e-003 0. 0. 2.03148942e-004 0. 0. 0.
    -2.72662292e-004 0. 9.72872731e-005 0. 0. 0. 0. 0. 5.14535373e-003
    2.63714720e-003 0. 0. 0. 0. 0. 0. 0. 0. 0. 2.32700701e-003 0. 0. 0.
