<?xml version="1.0"?>
<opencv_storage>
<imageDescriptor type_id="opencv-matrix">
  <rows>1</rows>
  <cols>2000</cols>
  <dt>f</dt>
  <data>
    0. 0. 0. 0. 2.13296758e-003 0. 0. 0. 0. 0. 0. 0. 0. 0. 0. 0.
    8.20770860e-004 1.66090466e-002 3.53226147e-004 0. -1.26099936e-003
    0. 3.96856136e-004 0. 5.10683237e-003 0. 0. 0. 0. 1.38956150e-002 0.
    0. 0. 1.79041503e-003 1.71946792e-003 0. 0. 0. 0. 0. 0. 0. 0. 0. 0.
    0. 3.63084750e-004 5.70219650e-004 0. 0. 0. 0. 1.91430061e-003 0.
    6.39430247e-004 0. 0. 0. 0. 0. 0. 0. 0. 2.96936231e-003
    4.58752329e-004 0. 0. 4.04760736e-004 0. 6.03601430e-003 0.
    2.09893123e-003 0. 0. 7.43844546e-003 0. 7.50762236e-004
    1.08978071e-003 2.92496104e-003 0. 0. 0. 0. 0. 1.55387516e-003 0.
    4.01579123e-003 0. 0. 0. 2.35949046e-004 -7.60358933e-004
    1.58556353e-003 0. 0. 2.37554894e-003 0. 0. 0. 0. 1.45731925e-003
    2.09868042e-004 0. 1.60991377e-003 0. 0. 5.31802885e-004 0. 0.
    1.35343149e-003 0. 0. 0. 0. 9.20582504e-004 0. 8.37076150e-005 0. 0.
    1.04359398e-002 0. 1.57020683e-003 1.51383190e-003 5.69062494e-003
    0. 0. 0. 3.63599020e-003 2.35975278e-003 2.08012690e-003 0.
    9.16708959e-004 0. 2.87101674e-003 2.02204450e-003 0.
    1.31126039e-003 1.49447273e-003 0. 0. 0. 1.48975779e-003
    3.68060358e-003 2.26245122e-003 0. 7.60749390e-004 0. 0. 0. 0. 0. 0.
    -1.03902293e-003 0. 3.84031166e-003 0. 0. 0. 0. 0. 0. 0. 0.
    1.57350779e-003 0. 0. 0. 0. 1.81408029e-003 0. 4.56062658e-003
    5.72824385e-003 0. 0. 0. 0. 0. 0. 1.75106456e-003 0. 3.12738726e-003
    8.83107423e-004 -1.23204634e-004 1.63855162e-004 1.53285277e-003 0.
    0. 0. 0. 0. 0. 0. 0. 0. 7.13897520e-004 0. 0. 0. 8.77958082e-005 0.
    0. 0. 0. 0. 0. 1.35614374e-003 1.96015788e-003 0. 0. 1.06880115e-003
    0. 0. -1.51484646e-003 1.97755010e-003 -3.90521280e-004 0. 0. 0. 0.
    0. 6.69490453e-003 0. 0. 0. 0. 0. 0. 0. 1.59776001e-003
    4.62227938e-004 0. 0. 0. 0. 0. 2.83829449e-003 0. 0. 0. 0.
    3.64496629e-003 -3.33697116e-003 0. 0. 3.71313188e-004 0.
    5.38097869e-004 1.47204427e-003 0. 0. 0. 0. 3.23583168e-004 0. 0.
    1.79200235e-003 3.76194483e-003 0. 9.29043454e-004 0. 0. 0.
    1.11601944e-003 -7.70086714e-004 9.54859424e-004 0. 0. 0. 0.
    1.55861781e-003 0. 5.56680141e-003 2.55734031e-003 0. 0.
    1.25848118e-003 0. 1.08613214e-003 0. 0. 0. 0. 0. 0. 0. 0. 0. 0.
    4.07480926e-004 9.88015090e-004 0. 0. 0. 0. 0. 0. 0. 0. 0. 0. 0.
    2.41720537e-003 0. 9.72898033e-006 1.74780202e-003 0.
    8.76042247e-003 1.92526623e-003 0. 0. 0. 9.08040034e-004 0. 0. 0.
    1.43637139e-004 0. 0. -2.87319394e-003 0. 1.04019258e-004 0. 0. 0.
    0. 0. 0. 0. 0. 0. 0. 0. -2.49869354e-005 0. 0. 0. 0. 0.
    2.29349057e-003 2.14311574e-003 0. 0. 0. -4.50666121e-004
    4.18283232e-003 7.86019140e-004 0. 0. 0. 1.72203709e-003 0. 0. 0.
    3.67169688e-003 9.96758346e-004 0. 0. 1.47554989e-003 0. 0.
    6.90544723e-004 0. 0. 0. 4.31555603e-003 0. 0. 0. 0.
    -1.74629196e-004 0. 2.31334008e-003 5.31945843e-004 0.
    8.00793350e-004 0. 1.48549117e-003 0. 0. 1.39125343e-003
    1.01774849e-003 0. 0. 0. 0. 0. 2.67140823e-003 0. -1.44402334e-003
    0. -3.76226235e-005 0. 0. 0. -3.35458353e-005 0. 0. 0. 0.
    8.25577823e-004 0. 3.69351939e-004 3.86329624e-003 0. 0.
    3.88179964e-004 0. 9.38666708e-005 0. 0. 1.54945289e-003
    6.75665564e-004 0. 0. 7.19648495e-004 0. 0. 0. 0. 2.07571359e-003 0.
    0. 0. 0. 0. -1.98268797e-004 -8.59311665e-004 0. 3.24726989e-003 0.
    1.49000459e-003 0. 8.39200616e-003 0. 1.04638385e-002 0. 0. 0.
    8.56961342e-005 0. 0. 0. 4.24455968e-004 0. -2.57950705e-005
    8.39981192e-004 1.19327614e-003 0. 0. 7.48417294e-003 0.
    3.79184901e-004 0. 0. 2.80029117e-003 5.79850515e-003 0. 0. 0. 0. 0.
    0. 0. -9.47462802e-004 0. 1.91897491e-003 0. 2.55614228e-004 0.
    1.33342482e-003 0. 4.37474716e-003 6.22641947e-003 0.
    8.77688406e-004 0. 0. 0. 0. -9.01521926e-005 3.13619315e-003 0.
    1.71004736e-003 1.99047456e-004 -7.97701068e-004 1.37295411e-003 0.
    5.95991849e-004 2.76109157e-003 5.49754885e-004 0. 0. 0.
    2.52368813e-003 0. 0. -1.40218076e-003 0. 0. 0. 0. 0. 0.
    1.63620629e-003 -1.04828905e-004 0. 0. 0. 0. 0. 0. 0. 0.
    1.90388353e-003 0. 0. 0. 2.69404193e-003 0. 7.80630100e-004 0.
    1.56609190e-003 1.24240236e-003 -3.75173913e-005 0. 0.
    1.62385649e-003 0. 1.18574571e-004 0. 0. 0. 0. 0. 0. 0. 0. 0. 0. 0.
    0. 0. 0. -8.54803890e-004 0. 0. 0. -4.03892191e-004 0. 0. 0. 0. 0.
    0. 0. 3.23561457e-004 0. 0. 6.54689968e-004 0. 0. 0. 3.06147477e-003
    0. 0. 0. 0. 0. 2.60987272e-003 0. 0. 0. 0. 0. 0. 0. -2.73789687e-004
    0. 0. -1.18308941e-004 0. 0. 0. 6.41860301e-004 0. 0. 0.
    3.43779265e-003 0. 0. 0. 0. 0. 0. 7.90680991e-004 1.58869108e-004
    5.10954589e-004 0. 0. 0. 0. 1.66932447e-003 0. 3.02167679e-003 0.
    2.37756292e-003 0. 0. 0. 1.51305296e-003 0. 0. 0. 0. 2.17127078e-003
    3.97674693e-003 7.13338435e-004 0. 2.99331441e-004 0. 0. 0. 0. 0. 0.
    0. 0. 0. -1.37876871e-003 0. 0. 0. 0. 0. 0. -9.90500630e-005 0. 0.
    3.28220613e-003 0. 8.43701127e-005 0. 9.56964213e-003 0. 0.
    5.60933200e-004 0. -1.39177172e-003 0. 0. 0. 6.78633479e-003 0.
    -2.82265592e-005 -5.55507831e-005 -4.60028168e-005 1.31058518e-003
    2.11302633e-003 0. 0. 5.85486239e-004 0. -2.27616518e-004 0.
    8.47775256e-004 -5.33231010e-004 0. 0. 8.00401787e-004
    7.90575112e-004 0. 0. 1.98830443e-004 0. 0. 2.33009830e-003 0.
    -5.28087665e-004 0. 0. 3.52055510e-003 0. 5.55515010e-003 0.
    1.08121290e-004 0. 0. 0. 0. 0. 2.32667965e-003 0. 0. 0.
    2.69067381e-003 0. 0. 0. 0. 0. 0. 0. 9.16230318e-004 0. 0.
    7.12771527e-003 0. 0. 2.86619994e-003 0. 1.69053022e-003
    2.48400983e-003 0. 0. 0. 0. 0. 1.02372316e-003 0. 0. 0.
    1.88397488e-003 0. 0. 0. 0. 0. 0. 0. 0. 0. 4.05900646e-003 0. 0. 0.
    0. 0. 3.84723186e-004 0. 2.21087853e-003 0. 0. 0. 0. 0. 0.
    -1.15316143e-005 0. 0. 0. 0. 1.12700544e-003 1.04521413e-003
    5.61152177e-004 0. 0. 0. 0. 1.65412098e-003 0. 0. 2.87209917e-003 0.
    0. 6.89854089e-004 0. 0. 0. 0. 0. 1.89032895e-003 0. 0. 0.
    8.40898312e-004 0. -1.93888019e-003 3.07779899e-003 0. 0. 0. 0. 0.
    0. 0. 0. 0. 0. 0. 0. 0. 0. 0. 0. 0. 0. 0. 8.04016250e-004
    3.57131474e-003 0. 0. 2.69596203e-004 6.25016494e-003
    2.01647589e-003 0. 0. 0. 0. -1.34274305e-004 0. 0. 1.08175795e-003
    0. 1.37138285e-003 -5.53228951e-004 0. 0. 0. 0. 3.26131261e-003
    -1.67734164e-004 2.25607050e-003 0. 0. 0. 0. -1.18169491e-003 0. 0.
    1.62315217e-003 0. 4.93678451e-003 0. 0. 0. 0. 0. 0. 0. 0.
    3.37045151e-003 4.86194302e-004 0. 0. 6.80414087e-004
    1.79651019e-003 0. 0. 0. 0. 4.51155473e-003 0. 9.76015173e-004 0. 0.
    2.49482552e-003 -9.18898208e-004 0. 0. 0. 0. 0. 1.55385514e-003
    3.61234858e-003 0. 0. 0. 0. 0. 0. 0. 0. 1.19384122e-003
    8.80923937e-004 1.09410670e-003 0. 0. 0. 2.62571219e-003 0.
    -3.38275777e-003 0. 0. 1.70984026e-003 0. 0. 0. 3.60586378e-003 0.
    1.33068801e-003 8.04180861e-004 5.26474230e-003 0. 0. 0.
    4.55374538e-004 0. 0. 2.18471093e-003 2.85467086e-003 0. 0.
    1.91139220e-003 0. 0. 0. 0. 0. 6.54539373e-003 4.01140569e-004 0.
    -2.00555590e-003 2.15831539e-003 1.04245720e-002 -1.17537718e-004 0.
    7.58889318e-003 0. 1.81090494e-003 1.61220040e-003 0.
    2.48049473e-004 5.54287690e-004 0. 0. 0. 0. 0. 0. 1.70548388e-003 0.
    2.21094745e-003 0. 0. 0. 0. -4.79067676e-004 0. 0. 2.23093317e-003
    0. 0. 0. 0. 0. 0. 0. 0. 0. 0. 0. 0. 1.76250248e-003 2.86504423e-004
    1.44794630e-003 0. 0. 0. 0. 0. 1.58149749e-003 0. 0. 0. 0. 0. 0. 0.
    2.05912231e-003 0. 0. 1.16883148e-003 1.89505215e-003 0.
    2.09355471e-003 -2.35988968e-003 0. 0. 0. -5.65193011e-004 0. 0. 0.
    0. 1.67596823e-004 0. 0. 1.67162414e-003 0. 8.46613024e-004 0. 0. 0.
    0. 0. 0. 0. 0. 0. 0. 0. 7.10105582e-004 5.46580926e-003
    3.81025928e-003 4.61681886e-003 9.18595411e-004 0. 3.48603423e-003
    1.99845107e-003 0. 0. 6.10502379e-004 4.45982965e-004 0.
    -5.02074181e-005 0. 0. 0. 0. 0. 1.50669657e-003 0. 0. 0.
