<?xml version="1.0"?>
<opencv_storage>
<imageDescriptor type_id="opencv-matrix">
  <rows>1</rows>
  <cols>2000</cols>
  <dt>f</dt>
  <data>
    0. 0. 1.04124018e-003 0. 0. 0. 0. 0. 0. 0. 0. 0. 0. 2.04905728e-003
    0. 0. 0. 0. 8.12769227e-004 0. 0. 0. 0. 0. 2.48492666e-004
    2.10145512e-003 0. 0. -1.24217838e-003 -2.52336636e-003 0. 0. 0. 0.
    1.11337041e-003 0. 1.00638215e-004 3.25328857e-003 0. 0. 0. 0.
    4.83543641e-004 1.49791630e-003 0. -1.22205599e-003 7.37823488e-004
    2.05575326e-003 0. 0. 0. 0. 2.93978839e-003 0. 2.75773811e-003 0. 0.
    0. 0. 2.98630632e-003 0. 0. 9.09700431e-003 0. 0. 0. 1.03426108e-003
    -7.92581064e-004 -3.39724575e-005 0. 3.01845511e-003 2.80220946e-003
    0. 2.95171794e-003 0. 0. 3.13517964e-003 0. 2.73906998e-003
    -1.79142866e-003 0. 1.96873397e-003 0. 0. 0. 0. 0. 0. 0. 0. 0. 0. 0.
    0. 0. 1.33583939e-003 4.38445335e-004 0. 0. 0. 0. 1.63521827e-003 0.
    4.52368660e-003 0. 1.76375805e-004 1.13195414e-003 0. 0.
    1.52494211e-003 2.91799940e-003 -1.01090700e-004 0. 2.52083852e-003
    0. 0. 4.63989656e-003 -6.84691709e-004 0. 9.86932893e-004
    9.68902837e-004 0. 0. 1.10536837e-003 0. 0. 0. 0. 0. 3.41422892e-005
    0. 1.60833611e-003 4.10647504e-003 1.48554309e-003 -7.72873464e-004
    0. 0. 0. 0. 0. 0. 0. 0. 0. 0. 0. 0. 0. 0. 9.22370411e-004
    2.88336701e-003 0. 0. 4.02679318e-004 5.43351343e-004 0. 0.
    1.00067549e-003 -8.67161609e-004 1.29599578e-003 0. 0. 0.
    3.21597036e-004 0. 0. 0. 0. 1.93316792e-003 2.14752881e-003 0. 0.
    4.17577947e-004 0. 0. 0. 0. 0. 0. 2.20871717e-003 0. 4.56602732e-003
    0. 3.72988102e-003 0. 0. 0. 0. 0. 0. 7.39333220e-004 0.
    1.46635517e-003 7.27813749e-004 0. 0. -2.76240963e-003 0.
    2.52997782e-003 0. 0. 0. 0. 0. 0. 0. 0. 0. 3.56863346e-003
    1.82980578e-003 1.23124477e-003 0. 4.64839017e-004 2.55058287e-003
    1.15232891e-003 0. -2.00886599e-004 5.86000213e-004 0. 0. 0.
    1.39980705e-003 0. 0. 0. 0. 0. 0. 0. 0. 0. 5.59009891e-003
    4.21898765e-003 1.92415307e-003 0. 7.34495092e-003 0. 0. 0.
    2.58749613e-004 0. 0. 2.81172368e-004 2.14475696e-003
    1.38673279e-002 0. 8.43594666e-004 0. 0. 4.62655677e-003 0.
    5.11014194e-004 1.01861556e-003 0. 4.52803867e-003 -6.74261362e-004
    0. 0. -7.53431930e-004 -3.70562251e-004 1.36054575e-003
    8.91246658e-004 3.20122926e-003 0. -3.83710758e-005 2.96723796e-003
    5.60490123e-004 0. 0. 0. 0. 0. 2.23926094e-004 0. 0. 0. 0. 0. 0. 0.
    0. 0. 0. 0. 0. -1.38649964e-004 0. 0. 0. 0. 0. -2.70564284e-004
    1.90702488e-003 0. 1.25878267e-002 3.08000832e-003 0.
    2.46304390e-003 2.14718329e-003 1.13240140e-003 0. 1.90198864e-003
    8.40095745e-005 0. 0. 0. 0. 0. 0. 0. 2.95492983e-003 0.
    3.13581782e-004 0. 9.99206095e-004 0. 3.20739578e-004 0. 0. 0. 0.
    1.43048307e-003 0. -1.36638351e-003 0. 0. 0. 0. 1.83851947e-003 0.
    5.33830700e-003 0. 0. 1.91283261e-003 1.68180710e-003 0. 0. 0. 0.
    2.40273634e-003 -2.50160578e-004 0. 0. 0. 7.16546274e-005
    3.36712343e-003 0. 0. 0. 7.85170309e-003 4.74652683e-004 0.
    7.77766865e-004 1.59623865e-002 0. 0. 3.17049795e-003 0. 0. 0. 0. 0.
    0. 1.03432557e-003 1.97845767e-003 0. 0. 0. 0. 1.49931572e-003 0. 0.
    8.42438429e-004 0. 0. 3.11701850e-004 0. 1.44238130e-003
    -1.15242403e-003 0. 0. 0. 0. 6.30789343e-003 0. -1.01314399e-004 0.
    0. 0. 0. 5.60338900e-004 0. 0. 3.78654338e-003 0. 0. 0. 0.
    2.01512314e-003 0. 0. 4.75190068e-003 0. 0. 0. 0. 0. 0. 0.
    -9.04908811e-004 0. 2.71965959e-003 0. 1.73981453e-003 0.
    2.78238498e-004 0. 7.61456613e-004 0. 2.78535183e-003 0. 0.
    4.83177230e-003 2.60871858e-003 0. 0. 0. 0. 0. 0. 0. 0. 0. 0.
    2.68171635e-003 0. 0. 9.46437416e-004 3.63788567e-004 0. 0. 0.
    2.01266631e-003 0. 1.23299635e-003 9.33645584e-004 0. 0. 0.
    1.46864378e-003 0. 0. 4.58889687e-003 0. 0. 0. 0. 0. 0.
    6.01371657e-003 1.20615354e-003 0. 0. 1.88644417e-003 0. 0.
    5.38113061e-004 0. 0. 0. 0. 0. 0. 0. 0. -1.44950856e-004 0. 0.
    9.51994734e-004 1.46245235e-003 0. 5.19217632e-004 0.
    1.18747847e-002 0. 0. 0. 0. 0. 1.44289096e-003 5.70103573e-003 0. 0.
    0. 0. 0. 0. -3.85230989e-004 1.47481309e-003 0. 0. 0. 0. 0. 0. 0. 0.
    0. 0. 5.74665098e-003 -7.60136754e-005 0. 0. 6.16884837e-003 0. 0.
    0. 4.96249530e-004 0. 0. 9.50867485e-004 4.21818625e-003
    -8.78882536e-004 0. 0. 0. 0. 0. 1.21373319e-004 0. 0.
    3.83605645e-003 -1.33038120e-004 9.91146197e-004 0. 1.96749601e-003
    0. 0. 0. 1.04386418e-003 0. 0. 0. 0. 0. 0. 1.20383943e-003 0. 0. 0.
    0. 2.58397846e-003 0. 0. 0. 1.38837832e-003 1.08825543e-003 0. 0. 0.
    0. -2.67181099e-006 0. 0. 4.54632659e-003 0. 0. 0. 0. 0. 0. 0. 0.
    2.43445579e-003 0. 0. 0. -2.88929761e-004 5.85180824e-004 0. 0.
    3.78866773e-003 0. 1.16744079e-003 1.32922595e-003 -3.00712255e-003
    -4.08163818e-004 0. 1.20233209e-003 0. 2.41812062e-003 0. 0.
    3.58072505e-003 0. 0. -1.09072476e-004 0. 1.92294596e-003 0. 0. 0.
    0. 0. 0. 0. 0. 0. 0. 0. 1.85690657e-003 -4.44533362e-004 0. 0. 0. 0.
    0. -1.54276309e-003 -1.22290128e-003 0. 7.24156038e-004 0. 0. 0. 0.
    2.66798004e-003 9.20370076e-005 -3.87112406e-004 0. 0. 0.
    1.53779678e-004 0. 0. 0. 6.97138067e-003 0. 0. 0. 0.
    -1.27058069e-004 2.13701068e-003 3.33176134e-003 0. 0. 0. 0. 0. 0.
    0. 0. 0. 0. 0. 0. 4.07637097e-003 7.42747390e-004 0. 0. 0. 0. 0.
    2.45757890e-003 0. 7.53099215e-004 -8.23787879e-004 0. 0.
    1.04637146e-002 0. 0. 0. 0. 7.12303852e-004 0. 0. 0.
    -6.45435357e-004 0. 5.60011948e-004 0. 0. 2.28006532e-003 0. 0. 0.
    0. 0. 0. 5.80196443e-004 0. 9.01561289e-004 0. 0. 4.45284741e-003 0.
    0. 2.00354564e-003 4.37378790e-003 0. 0. 0. 9.64738056e-003
    3.44310212e-003 0. 3.02730448e-004 5.19456621e-003 -2.50194407e-005
    -4.26696788e-004 0. 0. 4.52490477e-003 0. 2.37087114e-003 0.
    1.58385746e-003 0. 4.41036158e-004 0. 0. 0. 0. 8.49934469e-004 0. 0.
    0. 0. 0. 5.08071564e-004 0. 5.92861092e-004 0. 0. 0.
    -3.46052257e-004 0. 1.53743627e-003 3.29063809e-003 -2.19736874e-004
    0. 0. 0. 0. 0. 2.06328300e-003 1.22607895e-003 0. 0. 3.94475763e-004
    0. 0. 0. 6.82610506e-003 -7.64653669e-004 0. 0. 0. 0.
    9.70702502e-004 0. 4.22860356e-003 8.28143675e-005 0.
    -3.01870867e-004 0. 0. 1.80852122e-003 0. 1.44685374e-003 0.
    2.63525872e-003 0. 0. 0. 1.38512245e-004 0. -5.60795961e-005
    1.44042715e-003 0. 0. 1.10156508e-003 0. 1.71561702e-003
    9.77043062e-004 2.13257340e-003 4.48946550e-004 3.61875427e-004 0.
    0. 0. 0. 2.88032368e-003 -5.73993078e-004 0. 0. 1.48098159e-003 0.
    4.81755007e-003 0. 2.11378420e-003 0. 0. 0. 0. 0. 0. 0. 0.
    -4.52422944e-004 0. 0. -5.72781079e-004 0. 0. 0. -3.96419855e-005 0.
    0. 1.51089567e-003 0. 0. 1.29265559e-003 0. 1.43346936e-003
    1.27558282e-003 0. 0. 0. 1.34343200e-003 0. 0. 4.27713711e-003 0. 0.
    0. 0. 0. 9.16258490e-004 0. 0. 0. 7.90654623e-004 0.
    -5.14196523e-004 3.83319944e-004 7.85225909e-003 -2.20027607e-004 0.
    0. 2.15650280e-003 0. 0. 0. -3.67444183e-004 0. 0. 0. 0. 0. 0. 0.
    4.84476855e-004 -1.61867458e-004 0. 0. 0. 1.63243618e-003 0. 0. 0.
    0. 1.23652664e-003 -5.21011789e-005 4.56410606e-004 0.
    5.42243384e-003 3.64501867e-003 0. 0. -6.68346358e-004
    1.28052128e-003 0. 1.83991482e-003 0. -7.59693794e-004 0.
    4.08811058e-004 0. 0. 3.88470566e-004 0. 0. 0. 0. 7.99805485e-003 0.
    0. 0. 0. 0. 0. 3.70344217e-003 0. 0. 0. 0. 3.41722113e-003
    4.18668240e-003 1.05231320e-002 6.64876599e-004 0. 0. 0. 0. 0. 0. 0.
    0. 0. 0. 2.11408269e-003 0. 0. 0. 0. 1.38603908e-003 0. 0. 0. 0.
    9.38868397e-005 0. 0. 0. 0. 0. 0. 0. 0. 0. 0. 4.49878117e-003
    -2.60616071e-004 -2.57584587e-004 0. 6.43316749e-003 1.30695989e-003
    0. 0. -3.90877598e-004 0. 1.26926387e-002 0. 0. 0. 1.94261651e-004
    0. 2.47872132e-003 0. 0. 4.88218572e-003 0. 0. 0. 0. 0. 0. 0. 0. 0.
    0. 0. 0. 0. 0. 0. 2.39961385e-003 0. -2.59996916e-004 0. 0.
    1.21345194e-002 3.32268246e-004 0. 0. 0. -3.33737960e-004 0. 0. 0.
    0. 0. 0. 0. 0. 0. 0. 0. 8.32352380e-004 0. 0. 0. -2.27128412e-003 0.
