<?xml version="1.0"?>
<opencv_storage>
<imageDescriptor type_id="opencv-matrix">
  <rows>1</rows>
  <cols>2000</cols>
  <dt>f</dt>
  <data>
    0. 3.16164806e-003 0. 0. 0. 0. 0. 9.71310306e-004 4.48303251e-003
    2.71801255e-003 0. 0. 2.02885037e-003 0. 2.16132845e-003 0. 0.
    1.51416184e-002 3.46352207e-003 0. 0. 0. 2.99613737e-003
    1.57439499e-003 0. 1.10141956e-003 2.45938054e-003 0. 0. 0.
    1.66333735e-003 0. 0. 0. 0. 5.85088797e-004 0. 0. 8.83803004e-004 0.
    1.85977711e-004 1.50557060e-003 0. 0. 0. 1.85943069e-003 0. 0. 0.
    2.12504156e-003 1.21945771e-003 0. 0. 0. 0. 0. 5.38299442e-004 0.
    1.03577331e-003 1.56342436e-003 0. 0. 0. 0. 0. 0. 2.51615443e-003 0.
    0. 0. 0. 2.01963354e-003 0. 7.34060246e-004 5.09563042e-003 0. 0.
    2.88039981e-003 0. 0. 3.19701224e-003 1.66750033e-004 0. 0. 0.
    4.33987996e-004 -9.70303139e-004 0. -1.93576961e-005 0. 0. 0.
    1.18993490e-003 0. 5.37344778e-004 0. 1.67337188e-003
    2.23871646e-003 0. 0. 0. 0. 0. 0. 0. 0. 2.31550820e-003 0. 0.
    4.01382241e-003 1.97497709e-003 -1.31911829e-005 0. 0. 0. 0.
    1.06389751e-003 0. 2.40354711e-004 6.68298046e-004 0. 0. 0. 0. 0. 0.
    0. 0. 0. 6.10318384e-004 -3.08637245e-004 2.47294338e-005 0. 0.
    2.27688812e-003 0. 0. 6.04243367e-004 -3.73173127e-004
    9.99840791e-004 0. 0. 0. 1.44490637e-004 1.97683708e-004 0. 0.
    1.33821974e-003 0. 0. 0. 0. 1.61494780e-003 0. -7.48388193e-005 0.
    0. 0. 0. 1.60972774e-003 0. 0. 0. -2.24617170e-003 2.29019416e-003
    6.36250130e-004 0. 0. 0. 0. 0. 2.43471074e-003 1.55806611e-003
    1.78760872e-003 0. 0. 0. 0. -2.28395290e-003 1.24406081e-003 0. 0.
    2.50988349e-004 1.45107438e-003 1.28437241e-003 0. 0. 0. 0. 0. 0. 0.
    2.24463292e-003 7.73370150e-004 0. 0. -4.35098453e-004 0. 0.
    -3.38458951e-004 0. 0. 0. 0. 2.08103354e-003 0. 2.35647149e-003
    1.84304256e-004 3.67888162e-004 0. 1.38023123e-003 0. 0. 0.
    1.12995307e-003 1.39658211e-003 0. 2.48160330e-003 0.
    8.76828155e-004 0. 0. 0. 0. 2.88934656e-003 0. 0. 0. 0. 0. 0.
    -3.21236579e-003 0. 2.69554160e-003 0. 0. 0. 0. 0. 0.
    1.30384893e-003 -1.45295251e-003 1.68431236e-003 0. 0.
    -2.28976176e-004 0. 2.24117190e-004 3.12074227e-003 -1.46141014e-004
    6.34364551e-004 0. 0. 1.54089439e-003 0. 0. 0. 0. 8.08116965e-005
    -1.22967339e-003 2.78515066e-003 0. 0. 0. 2.21473374e-003 0.
    2.01540743e-003 0. 0. 1.39561563e-003 0. 1.08592417e-002 0.
    1.59684848e-003 0. 0. 0. 8.46714422e-004 1.35027527e-004 0. 0. 0.
    5.02151321e-004 0. 9.39229096e-004 0. 0. 0. -1.08096423e-003 0.
    1.45919330e-004 0. 1.40440103e-003 0. 0. 2.86904396e-004 0. 0.
    3.50855262e-004 7.95338929e-005 9.16222227e-004 0. 2.70398217e-003
    0. 0. 5.19283209e-003 1.41721836e-003 0. 0. 1.11196958e-003 0.
    7.39167072e-003 1.05738547e-003 9.72117239e-004 2.35731457e-003 0.
    1.78465282e-003 0. 7.02732417e-004 8.18571600e-004 0.
    5.41145506e-004 0. 0. 0. 0. 0. 0. 0. 0. 2.67321616e-003
    1.23652004e-004 0. 0. 0. 0. 0. 5.41433808e-004 0. 4.66464693e-003 0.
    1.90435129e-003 0. 0. 0. 0. 0. 3.48307134e-004 1.45770167e-003 0. 0.
    0. -8.10999845e-005 0. 3.03051202e-003 -7.22998579e-004 0.
    -3.81133905e-005 2.45225243e-003 0. 1.46259100e-003 0. 0. 0. 0.
    3.42415343e-003 0. 0. 0. 4.16001584e-003 -3.21047119e-005
    1.76011259e-003 0. 0. 1.69332325e-003 0. 0. 0. 0. 0. 0.
    1.06221193e-003 0. 3.40467389e-003 0. 0. -4.96826506e-005 0.
    -5.69895965e-005 0. 0. 1.58699288e-003 1.48409582e-003
    1.66082708e-003 0. 0. 1.21855922e-003 0. 0. 0. 0. 0. 1.22607837e-003
    0. 0. 0. 0. 3.34087177e-004 2.17563225e-004 0. 0. 0. 0. 0.
    6.12553151e-004 0. 4.06277506e-003 1.24819973e-003 0. 0. 0. 0.
    1.47210457e-003 2.49403506e-003 0. 1.87864248e-003 0.
    1.27715408e-003 0. 0. 0. 0. 0. 3.36383446e-003 1.34564796e-003
    1.08845683e-003 0. 0. 0. 0. 0. 2.84286006e-003 0. -6.07320573e-004
    1.74349197e-003 0. 7.18022091e-003 1.45911041e-003 0. 0.
    1.84885773e-003 2.77701137e-003 1.94062991e-003 0. 0. 0.
    5.30380895e-003 0. 1.95442699e-003 0. 0. 0. 4.96948080e-004 0. 0. 0.
    0. 0. 1.30244181e-003 0. 0. 0. 0. 4.29442199e-003 0.
    -1.61666059e-004 0. 0. 4.24213707e-003 -4.56179783e-004 0.
    5.85195841e-003 0. 0. 0. 0. 0. 1.18078163e-003 9.55828291e-004 0. 0.
    0. 0. 0. 0. 0. 4.10544965e-003 0. 1.77765614e-003 0. 3.88025859e-004
    0. -1.20528089e-003 0. -5.69162949e-004 0. 0. 1.31799874e-003 0.
    4.05991031e-003 0. 0. 0. 6.74360024e-004 1.50676677e-003 0. 0.
    6.33514661e-004 0. 0. 5.54241764e-004 -4.75400710e-004
    -7.36632559e-004 0. 0. 0. 2.27157748e-003 5.76649152e-004 0. 0. 0.
    1.03441987e-003 1.13449164e-003 -1.19174183e-004 2.81255506e-003
    -2.01817194e-004 0. 8.12734419e-004 -1.16187776e-003 0. 0. 0. 0. 0.
    8.68646428e-004 0. 7.20624404e-004 2.26791832e-003 -1.51481727e-004
    0. 7.72129744e-004 0. 0. 9.17652564e-004 1.26108038e-003 0.
    2.44639860e-003 0. 2.34699794e-004 1.38854608e-003 0. 0. 0. 0.
    1.18379935e-003 0. -6.29059155e-004 0. 0. 0. 8.64873733e-003
    1.31257426e-003 2.52107158e-003 0. 0. 0. 0. 0. 0. 0. 0.
    1.71126088e-003 5.73929725e-003 0. 0. -6.28237467e-005
    9.28781694e-004 0. 0. 3.19074839e-004 0. 0. 0. 0. 0. 1.71705079e-003
    1.22621213e-003 0. 0. 1.74255972e-003 0. 0. 1.44464709e-003 0. 0. 0.
    1.08946231e-004 0. 0. 2.00577453e-003 9.42166604e-004
    5.02211391e-004 -3.30231960e-005 -6.56242890e-004 1.65756559e-003 0.
    0. 2.92755687e-003 0. 0. 0. 0. 9.84127866e-004 1.20528997e-003 0. 0.
    0. 7.09230895e-004 0. 0. 0. 0. 1.55701663e-003 0. 0.
    -2.16326647e-004 8.26336793e-004 0. 0. 0. 0. 0. 1.98222185e-003 0.
    0. -1.27412219e-004 8.40079214e-004 0. 9.86188417e-004 0. 0.
    1.50963734e-003 0. 0. 3.60979373e-003 1.33288078e-004
    2.69311573e-003 0. 0. 0. 4.85966339e-005 0. 2.37479084e-003 0. 0. 0.
    0. 1.55520951e-003 0. 0. 0. 0. 0. 0. 0. 0. 0. 0. 0. 0.
    2.66368059e-003 0. 0. 6.88093132e-004 0. 8.14838451e-004 0. 0. 0. 0.
    0. 2.11469975e-004 -3.15531361e-004 0. 0. 0. 1.26840803e-003
    1.10256230e-003 3.01334122e-003 0. 0. 0. 0. 0. 0. 8.32173566e-004
    -8.04032316e-004 0. 0. 0. 4.69357753e-003 -7.32765300e-004
    -2.00178096e-004 1.46334036e-003 0. 0. 0. 2.39821733e-003
    1.26499590e-003 2.60158721e-003 0. 2.52185157e-004 0. 0. 0. 0. 0. 0.
    3.82520957e-004 -5.59589062e-005 0. 0. 1.49454852e-003 0. 0. 0. 0.
    1.26459973e-003 1.20740326e-003 0. 0. 2.47423850e-005 0.
    1.24672265e-003 0. 1.06583745e-003 -2.74381920e-004 0. 0. 0. 0. 0.
    6.97889645e-003 0. 0. 4.07865853e-004 7.61712436e-004 0.
    5.70642878e-004 0. 0. 3.56425880e-003 0. 1.61155197e-003
    -9.84507715e-005 -7.43210694e-005 0. 0. -2.79589749e-005 0.
    -2.88513984e-004 0. 1.06443290e-003 0. 2.46675289e-003 0.
    4.61981472e-005 7.45666446e-004 0. 0. 0. 0. 2.72684760e-004 0. 0. 0.
    0. 2.97917053e-003 0. 0. 0. 0. 0. 1.84136454e-003 0. 0. 0.
    2.72808690e-003 1.14223536e-003 0. 1.90729415e-003 0. 0.
    1.10456767e-003 1.30641588e-003 1.32837240e-003 0. 0. 0. 0. 0. 0.
    9.25511704e-004 0. -1.73092238e-004 0. 0. 0. 0. 5.34787681e-003 0.
    3.29583650e-004 -4.16026387e-006 0. 0. -2.76641571e-004 0.
    1.61532045e-003 7.96905661e-004 1.87651080e-003 0. 6.35285163e-003
    0. 0. 0. 0. 0. 0. 0. 0. 1.42018893e-003 0. 3.34482378e-004
    2.18140567e-003 -1.97085363e-004 0. 0. 0. 0. 8.42975627e-004 0. 0.
    0. 1.03668706e-003 0. 0. 0. 0. 7.66904734e-004 0. 0. 0. 0. 0. 0. 0.
    0. 0. 0. 1.04026136e-003 0. 0. -7.28437735e-004 0. 0.
    3.59807629e-003 0. 0. 0. 0. -1.94790878e-003 0. 0. 0. 0. 0. 0.
    7.83765514e-004 0. 0. 0. 0. 0. 0. 4.76147630e-004 6.26566820e-004 0.
    0. -4.65378165e-004 0. 0. 4.20124532e-004 4.43796627e-003 0.
    9.53889545e-003 2.17739004e-003 -6.24073029e-004 0. 0. 0.
    1.08300277e-003 2.58474232e-004 2.08417187e-004 0. 1.60881586e-003
    0. 0. 7.68574129e-004 0. 0. 0. 0. 0. 0. 0. 0. 0. 0. -1.92603577e-004
    2.73141381e-003 0. 0. 0. 0. 0. 0. 0. 0. 1.41411624e-003
    -7.76802364e-004 2.31145648e-003 0. -1.73558481e-003 0. 0. 0.
