<?xml version="1.0"?>
<opencv_storage>
<imageDescriptor type_id="opencv-matrix">
  <rows>1</rows>
  <cols>2000</cols>
  <dt>f</dt>
  <data>
    9.54799587e-004 0. 0. 0. 0. 0. 0. -9.97000461e-005 1.23841583e-003
    -1.24526105e-003 0. 0. 0. -6.38561032e-004 -1.61653457e-004 0. 0.
    8.05335771e-003 1.13952137e-003 0. -8.09405930e-004 0. 0. 0. 0.
    -7.47876649e-004 4.12925053e-003 0. 3.90944816e-003 -3.04101675e-004
    0. 0. 0. 1.76939287e-003 6.36059092e-004 0. 2.30279379e-003 0.
    2.19607740e-004 1.70545405e-004 0. -4.37742128e-004 0.
    -1.08496381e-004 1.83914497e-003 8.85375601e-004 -1.49163112e-004 0.
    3.78235523e-003 0. 0. 5.80090156e-004 0. 0. 0. 0. 0. 1.23664911e-003
    0. 1.29192870e-003 0. 0. 4.19209828e-004 5.82981738e-004 0. 0.
    9.63956525e-004 0. 2.82428577e-003 -1.17103373e-004 0.
    5.67195646e-004 2.68776948e-005 0. 0. 0. 0. 0. 0. 0. 6.22429047e-003
    1.34752430e-002 0. 0. 0. -1.19663158e-003 2.17819563e-003 0. 0. 0.
    0. 2.40411260e-003 1.01590017e-003 0. -1.02459446e-004
    3.12645221e-003 0. 0. 0. 0. 0. 0. 2.17698471e-004 2.41413503e-003 0.
    0. 0. -5.65157156e-004 1.15070469e-003 3.01110209e-004 0.
    7.68281461e-004 2.97815748e-003 0. 0. 0. 0. 3.73372366e-003
    -7.09530577e-005 0. 0. 0. 4.33809182e-004 3.89420398e-004
    4.86279605e-004 0. 0. 0. 0. 1.15797145e-003 0. 9.64968291e-004
    -1.22094818e-003 0. 5.93353622e-003 0. -2.39791625e-004
    -2.95538921e-004 0. 1.31997967e-003 0. 0. 0. -9.79662174e-004
    -9.27873421e-004 1.41386571e-003 0. 0. 0. 0. -2.05068704e-004 0. 0.
    0. 1.88024642e-004 0. 8.68174538e-004 0. 0. 0. 0. 0. 1.61719427e-003
    0. 5.23122260e-004 0. 0. -1.29129170e-004 0. 0. 0. 0. 0. 0. 0.
    -3.61187762e-004 -5.25636278e-005 0. 0. 0. 0. 0. 1.01304404e-003 0.
    0. 7.11079128e-003 -3.05678521e-004 4.57017304e-004 0.
    5.96166472e-004 2.98527279e-003 0. 0. 0. 0. 0. -1.77946431e-003
    -8.45092931e-004 2.59418855e-003 -1.05486441e-004 0. 0.
    1.46094826e-003 0. 0. 1.39233621e-003 2.25335127e-003 0.
    1.42562483e-003 0. 0. 0. -1.28165737e-003 2.64292303e-003
    -4.30111919e-004 0. 0. 9.00860503e-003 0. 8.65316833e-004 0.
    4.25617502e-004 0. 0. 0. 0. 1.81117619e-003 0. 0. 0. 0. 0. 0.
    2.84772413e-003 0. 4.69864253e-003 0. 0. 0. 0. 0. -9.64058796e-004
    0. 3.16127995e-003 -5.52569190e-006 0. 0. 0. 0. 0. 0. 0. 0. 0. 0. 0.
    0. 0. 0. 0. 0. -1.43384119e-003 2.35749967e-003 -1.66373746e-003 0.
    0. 2.84086855e-004 0. 0. 6.61469949e-003 0. 5.81325544e-003
    1.80305075e-003 2.56104046e-004 0. 0. 0. -7.06066421e-005 0. 0. 0.
    0. 3.46116582e-003 2.91156536e-003 4.96691000e-003 0.
    3.57519079e-004 5.23765106e-004 0. 5.28071832e-004 0. 0. 0. 0. 0.
    3.72641836e-004 0. 0. 1.20300998e-003 -3.38972422e-005 0.
    5.72811579e-003 0. 0. 0. 0. 3.11116106e-003 0. 0. 0. 0.
    -3.58212012e-004 3.87474173e-003 0. 0. 0. 9.43887222e-004
    3.57719557e-003 0. 0. 0. 0. 0. 2.71132012e-004 0. 0. 0. 0. 0. 0.
    4.65789548e-004 0. 8.75090424e-004 0. 0. 0. 0. 0. 0. 0.
    5.42217982e-004 0. 0. 0. 0. 0. 0. 0. 0. 0. 0. 2.40738690e-003 0. 0.
    0. 0. 0. 3.14075430e-003 0. 0. 0. 2.05151155e-003 6.21806190e-004
    1.25727744e-003 3.72166117e-003 0. 0. 4.26698389e-004
    2.10793898e-003 0. 0. 2.99290899e-004 1.04126078e-003 0. 0. 0. 0. 0.
    3.48262931e-003 0. -6.66088017e-005 1.05536785e-002 6.47588540e-003
    8.51808640e-004 0. 0. 8.63554596e-004 0. 5.79608185e-003 0.
    -9.55895870e-004 0. 0. 2.45250273e-003 2.93563120e-003 0.
    2.45735818e-003 0. 1.44236212e-004 1.55418506e-003 0.
    -4.92825697e-004 0. 0. 0. 0. 0. 0. 0. 0. 1.09626434e-003
    2.37328597e-004 0. 3.28896800e-003 0. 2.77340389e-003 0. 0. 0. 0.
    1.45936687e-003 0. -2.18423735e-003 0. 0. 0. 0. 0. 0. 0. 0. 0. 0. 0.
    -2.24754811e-004 4.35485563e-004 0. 4.29933704e-003 2.31439271e-003
    0. 0. 0. 0. 0. 9.13131982e-003 0. 1.00106769e-003 0. 0. 0. 0.
    5.28255804e-003 -4.32314817e-004 2.84370268e-003 0. 0. 0. 0. 0.
    1.09856972e-003 3.83730256e-003 0. 8.78335733e-004 -8.02177237e-004
    0. 0. 0. 0. 0. -4.89105078e-005 1.05491676e-003 0. 2.90411711e-003
    0. 0. 0. 0. 2.17579305e-003 8.81908985e-004 0. 0. 0. 0.
    5.31609217e-003 0. 0. 0. 2.97113904e-004 3.04417429e-003 0. 0. 0.
    2.47151637e-003 0. 0. 0. 3.68995103e-003 4.67754714e-003 0. 0. 0.
    2.74020433e-003 0. 0. 5.92583325e-004 7.49904430e-003
    7.78103480e-004 2.67049321e-003 0. 0. 0. 0. 0. 1.63177599e-003 0. 0.
    2.98745977e-003 0. 0. 0. 1.00867040e-002 3.93639272e-003 0.
    -4.99131856e-004 0. 0. 0. 4.02341859e-004 0. 0. 0. 4.74015111e-003
    0. 3.52739799e-003 0. 3.25927092e-003 0. 8.27434356e-004
    -2.60904286e-004 0. 0. 0. 0. 4.21954261e-004 0. 0. -4.62773023e-004
    0. 0. 0. 0. 0. 0. 0. 0. 0. 2.10246420e-003 1.16197998e-003 0. 0. 0.
    0. 0. 0. 2.65475293e-003 -2.46323209e-004 0. 0. 6.15098688e-005 0.
    0. 8.78722232e-004 1.23062194e-003 3.80499929e-004 2.15836189e-004
    0. 0. 3.38005484e-003 0. 0. 0. 0. 0. 0. 0. 0. 2.63135135e-003 0. 0.
    0. 0. 0. 0. 0. -7.12618348e-004 5.77800442e-004 0. 0.
    3.84045555e-003 0. 0. 2.76158610e-003 0. 0. 1.75683585e-003 0. 0. 0.
    0. 3.52814770e-003 -1.97377661e-003 0. 0. 0. 5.47454802e-005 0.
    1.18498702e-003 7.51205836e-004 0. 0. 3.70302965e-004 0. 0. 0.
    1.44736579e-004 1.13208685e-003 0. 0. 0. 0. 0. 0. 0. 2.39726534e-004
    0. 0. -9.69987712e-004 0. 0. 0. 0. 0. 0. 0. 0. 2.45834165e-003
    -2.37398235e-005 0. 0. 0. 0. 0. 0. 0. 0. 1.22126797e-003 0. 0. 0. 0.
    1.60113163e-003 8.98201659e-004 0. 0. 3.91231704e-004
    1.05186924e-003 4.52877721e-003 0. 1.50941615e-003 0.
    7.89600599e-004 0. 0. 0. 0. 1.41340354e-003 0. 6.40243711e-003 0.
    2.10643702e-004 -7.96316017e-005 0. 0. 2.00762367e-003
    5.35465777e-003 9.95285693e-004 0. 0. 1.35600532e-003 0. 0. 0. 0. 0.
    0. 1.13418186e-003 0. 9.14331991e-004 8.51763971e-003 0. 0.
    7.96988606e-004 4.33649839e-004 0. 1.27957342e-003 0.
    3.19071463e-004 9.30545677e-004 0. 0. 0. 0. 7.13388494e-004
    -1.58483291e-003 0. 0. 1.11368438e-003 0. 0. 0. 0. 5.28587319e-004
    2.24008778e-004 0. 0. 1.88800637e-004 0. 0. 0. 1.37586694e-003 0. 0.
    0. 0. 0. 0. 0. 3.84616945e-003 0. 0. 0. 0. 0. 0. 0. 1.69981923e-003
    1.75694458e-003 0. 0. 0. 0. 0. 1.74631597e-003 -1.32493762e-004 0.
    0. 0. 0. 0. 0. 0. 7.02455582e-004 7.85458484e-004 -2.58047739e-003
    0. 0. -2.73550540e-004 0. 0. 6.06315734e-004 0. 0. 0. 0.
    -2.61513342e-004 2.93573015e-003 0. 8.89056420e-004 0. 0.
    2.02639960e-003 2.72956095e-004 0. 0. 0. 0. 0. 0. 2.42463942e-003 0.
    0. 0. 5.94582991e-004 0. 0. 0. 9.13064869e-004 0. 6.68879831e-003
    1.46409206e-003 1.64755702e-003 0. 0. 0. 2.50297366e-003
    3.80728208e-003 0. 2.10618391e-003 2.88016658e-004 0.
    4.26982820e-004 3.49294787e-005 0. 0. -4.78295668e-004 0.
    5.98402694e-004 0. 0. 0. 0. 2.35911855e-003 0. 0. 0. 0. 0. 0. 0.
    1.84644957e-003 0. 0. 0. -5.46230120e-004 0. 0. 0. 2.20517442e-003
    0. 0. 0. 0. 0. 1.77952737e-004 -8.85725080e-004 0. 0. 0. 0. 0. 0. 0.
    0. 0. 1.26551720e-003 0. -5.21499314e-004 0. 0. 0. 0. 0. 0.
    -7.96694003e-005 0. 0. 0. 3.21094587e-004 0. 0. 5.66554209e-003 0.
    0. 2.08456116e-003 -6.44321044e-005 0. 0. 0. 0. 3.55957978e-004 0.
    1.08375575e-003 0. 9.06502828e-004 0. 1.14308065e-003 0. 0. 0. 0.
    1.11380999e-003 1.58080377e-003 1.91456673e-003 0. 2.18490511e-003
    -5.56499988e-004 0. 0. 0. 0. 3.51508404e-003 0. 0. 0.
    1.96745154e-003 4.12304042e-004 -1.45820505e-003 0. 0. 0. 0. 0. 0.
    0. 0. 3.82675068e-003 0. 0. 5.18515881e-004 7.20441283e-004 0.
    -1.65729737e-003 2.79425149e-004 0. 7.53331755e-004 0.
    2.93296156e-003 0. 0. 0. 0. 0. 1.94350490e-004 9.76800337e-004 0. 0.
    0. 0. 0. 4.55663865e-003 1.09070423e-003 1.76607526e-003
    1.34568705e-004 0. 0. 0. 0. 0. 1.08840025e-003 0. -2.77409708e-004
    1.34980762e-002 1.21048896e-003 0. 5.38907479e-003 4.86508152e-003
    0. 0. 0. 0. 0. 0. 0. 0. 0. 0. 0. 1.39498734e-003 0. 0.
    5.18527268e-005 0. 0. 0. 0. 3.11548385e-004 0. 0. 2.60919915e-003
