<?xml version="1.0"?>
<opencv_storage>
<imageDescriptor type_id="opencv-matrix">
  <rows>1</rows>
  <cols>2000</cols>
  <dt>f</dt>
  <data>
    0. 0. 0. 2.79622013e-003 0. 3.93056020e-004 0. 0. 0. 0. 0. 0.
    2.13367195e-004 1.43858790e-003 0. 0. 0. 2.10314887e-004
    4.57691215e-003 0. 8.09193007e-004 0. 0. 0. 0. 0. 2.57310341e-004 0.
    0. -1.99858658e-003 0. 0. 0. 0. -4.64930141e-004 1.09539565e-003 0.
    0. 0. 0. 1.36731239e-003 -6.34459022e-004 0. 0. 0. 0.
    3.43812886e-003 -5.94882469e-004 3.48138437e-003 0. 6.82764919e-004
    0. 0. 0. 1.84036815e-003 0. 0. 1.97207904e-003 3.52315069e-003 0. 0.
    0. 1.33639982e-003 0. 0. 0. 0. 2.57683033e-003 1.06146617e-003 0.
    3.23963119e-004 0. 0. 2.12283875e-003 -5.34545470e-005 0. 0.
    3.90147266e-004 9.05812794e-006 0. 0. 6.53540716e-003 0. 0.
    2.79819104e-003 4.55744972e-004 5.63627167e-004 0. 0. 0.
    1.02616847e-003 0. 0. 0. 2.16568750e-003 0. -1.65054749e-004 0. 0.
    0. 2.49898271e-003 0. 0. 1.38633698e-003 2.49254692e-004 0.
    6.48138463e-004 0. 1.90602185e-003 1.44050585e-003 1.87315338e-003
    -9.14607663e-004 0. 0. 0. 0. 0. 1.80236832e-003 -5.79749816e-004
    1.51444867e-003 0. 0. 1.90345466e-003 2.83868052e-003
    1.47231331e-003 0. 0. 0. 0. 2.80218595e-003 0. 1.38721580e-003 0. 0.
    0. 0. 6.87467633e-003 -3.30303592e-004 0. 0. 0. 0. 0.
    -2.87445931e-004 3.41937901e-003 0. 0. 1.34308171e-003 0. 0. 0. 0.
    0. 0. 9.35215154e-004 0. 1.95400463e-003 0. 0. 3.65475495e-003 0. 0.
    9.39781719e-004 0. 0. 7.31592183e-004 0. 0. 9.56140691e-004 0.
    2.36762967e-003 2.87263864e-003 0. 6.84669008e-004 0.
    -1.04512018e-003 6.32512150e-004 0. 0. 3.05009703e-003
    3.02677485e-003 0. 0. 3.47189535e-003 0. 0. -2.67491414e-004 0.
    8.91040079e-004 1.97385531e-003 0. 5.90369629e-004 0.
    1.87361205e-003 0. 1.59512740e-003 0. -1.12059992e-003
    1.38526515e-003 -3.98359669e-004 0. 0. 4.33746772e-003 0.
    -5.69740623e-005 0. 0. 0. -8.52148049e-004 1.73578179e-003
    6.42735558e-003 0. 3.06067435e-004 -2.80985172e-004 -1.14327122e-003
    0. 0. 0. 0. 0. 0. -2.24822405e-004 0. 0. 1.99301424e-003 0. 0. 0. 0.
    0. 0. 1.59398653e-003 -1.16626662e-003 0. 0. 1.50301345e-002
    1.27425883e-003 3.34920711e-003 0. 0. -9.45255219e-004 0. 0.
    1.62005483e-003 0. 2.06175772e-003 0. 3.25468765e-003 0. 0. 0. 0. 0.
    1.76078163e-003 0. 3.59390676e-003 0. 0. 0. 0. 5.49147255e-004 0.
    -2.69334094e-004 8.17845669e-003 0. 0. 0. 0. 0. 0. 0. 0.
    -4.09118598e-004 1.13343401e-003 0. 0. 0. 0. 5.38350875e-003 0.
    2.70876382e-003 0. -3.49518145e-004 6.96480565e-004 9.56476724e-004
    4.33391007e-003 0. 1.00825878e-003 0. 0. 4.05328441e-003 0. 0. 0. 0.
    0. 0. 1.25808863e-003 0. 7.70113315e-004 0. 0. 0. 7.75331748e-004 0.
    0. 0. 0. 0. 0. 1.56468479e-003 1.19755755e-003 0. 0. 0. 0. 0. 0.
    6.66255015e-004 0. 1.26561744e-003 0. 7.94085034e-004
    8.72420892e-003 0. 0. -9.97112293e-005 0. -1.05327344e-003 0. 0. 0.
    0. 5.32888982e-004 0. 0. 1.69308565e-003 0. 6.39358128e-004 0.
    -1.15060562e-003 0. 6.81618636e-004 1.72304059e-003 0. 0. 0.
    1.93104614e-003 2.33492162e-003 1.41671597e-004 0. 0.
    2.66426941e-003 0. 2.54738471e-003 0. 0. 0. 0. 2.23354227e-003 0. 0.
    0. 1.06104044e-003 4.74072713e-003 0. 1.73718799e-005 0.
    -9.49942987e-005 0. -2.40415480e-004 7.34269153e-004 0. 0. 0.
    2.41673598e-003 1.14919746e-003 -3.41385603e-004 0. 0.
    1.63534633e-003 0. 0. 0. 4.87195910e-004 0. 4.00924357e-003 0.
    2.31157499e-003 0. -5.55687468e-004 0. 1.25424797e-003 0. 0. 0.
    1.75325004e-005 0. -1.32220145e-003 -7.27099949e-004 7.98551249e-004
    -1.34329696e-003 0. 0. 0. 0. -7.03893835e-004 0. 0. 8.96621554e-004
    0. 0. 0. 1.63225655e-003 0. 0. 0. 1.01693608e-004 0.
    -5.57100866e-004 0. 0. 0. 1.00822472e-004 1.91816689e-005 0. 0. 0.
    0. 0. 3.25846556e-003 1.25733984e-003 0. 0. 6.70503825e-003 0. 0. 0.
    0. 0. 0. -1.12945854e-003 0. 0. 0. 1.49840873e-003 1.07131083e-003
    0. 0. -1.26481324e-003 0. 0. 0. 0. 1.11548672e-003 6.26534980e-004
    0. 0. 0. 0. 0. 0. 1.26160844e-003 0. 0. 0. -1.22017297e-003 0.
    1.89358625e-003 0. 0. 0. 0. 3.83384037e-003 0. 6.98398449e-004
    1.17278239e-003 0. 1.61348307e-003 0. 0. 0. 0. -1.92156329e-003 0.
    1.22926070e-003 -1.84547552e-003 5.48306992e-003 5.71668497e-004
    1.59214615e-004 0. 0. 0. 0. 0. -6.17170357e-004 0. 0. 0. 0. 0. 0. 0.
    0. -1.60851981e-003 0. 0. 3.29843746e-003 0. 0. 0. 0. 0. 0. 0. 0. 0.
    -5.94832294e-004 0. 0. 0. -3.86109314e-004 0. 0. 0. -1.27833441e-003
    0. 0. -1.80538336e-003 1.65225472e-004 4.37944167e-004 0. 0. 0. 0.
    0. 6.49835332e-004 0. 0. 0. 0. 2.64531211e-003 0. 6.70900242e-003 0.
    0. 1.50593778e-003 -1.08017128e-004 0. -3.64042819e-004 0. 0.
    4.53967776e-004 0. 0. 0. 0. 1.84362242e-003 0. 5.90656186e-004 0. 0.
    2.76611932e-003 0. 1.07678864e-003 0. 0. 3.36480699e-003 0. 0. 0.
    1.30237790e-003 5.57643471e-005 0. 0. 0. 0. 0. 1.06980524e-003
    4.03681857e-004 0. 2.61993753e-003 0. 0. 8.25568335e-004 0. 0.
    3.92085058e-004 0. -7.74169923e-004 0. 0. 0. 0. 7.04174279e-004 0.
    0. 0. 2.05841637e-003 0. 0. 0. 0. 0. 0. 0. 0. 7.77973095e-004 0.
    4.44541307e-004 0. 1.09677401e-003 0. 8.69995740e-004 0.
    1.03512977e-003 0. 0. 0. 0. 6.53401669e-003 0. 0. 0. 0. 0. 0. 0.
    3.73963303e-005 5.35533822e-004 0. 1.27570669e-003 0. 0. 0.
    4.45546000e-004 9.77821765e-004 0. -8.50921730e-004 0.
    -1.18682728e-004 0. 0. 0. 0. 0. 0. 0. 0. 0. 0. 2.92577944e-003 0. 0.
    0. 5.29816560e-003 2.30660010e-003 2.58153281e-003 8.45551316e-004
    0. -1.24633708e-003 0. 0. 0. 0. 0. 0. 0. -5.25036652e-004 0.
    4.31631852e-005 0. 0. 0. 0. 0. 0. 0. 0. -1.79013005e-003
    2.70288484e-003 1.23628721e-004 3.37664783e-003 0. 1.45928340e-003
    5.41017274e-004 4.15027462e-004 1.68760039e-003 0. 0.
    -6.73495932e-004 0. 0. 5.09528210e-003 0. 0. 2.85676029e-003 0.
    3.74813913e-003 0. 0. 0. 1.89402408e-003 8.36485531e-004 0. 0. 0.
    3.19725671e-003 0. 0. 0. 1.77717535e-003 5.61711239e-003
    9.56996577e-004 0. 0. 0. 0. 0. 1.75796018e-003 0. 0. 0. 0. 0. 0. 0.
    3.99775803e-003 1.02262862e-003 0. 0. 0. 5.46460447e-004 0. 0. 0.
    2.24828417e-003 0. 0. 1.05863356e-003 0. 0. 0. 0. 0. 4.19491809e-003
    -8.09381891e-005 -2.09164820e-004 0. 1.82276504e-004 0.
    5.17457956e-004 2.38280813e-003 2.79300148e-004 1.13960390e-003 0.
    0. 0. 0. 5.39216958e-003 0. 2.51382519e-003 1.27841881e-003
    -2.06607656e-004 0. 1.93707075e-003 0. 0. 1.66429195e-003 0.
    4.42026707e-004 0. 0. 0. 4.23703430e-004 0. -7.16417271e-004
    7.18128076e-003 3.67391622e-003 1.37275248e-003 3.06090165e-004 0.
    0. -1.23747776e-003 0. 0. 0. 0. 0. 0. 0. 0. 4.10638982e-004 0. 0.
    -2.14054322e-004 3.55859869e-003 -2.20097558e-004 1.67925528e-003 0.
    0. -3.19315996e-006 3.64722172e-003 0. 0. 0. 0. 0. 0. 0. 0.
    2.31310748e-003 0. 0. 1.65432633e-003 0. 0. 0. 0. 0. 0. 0. 0. 0. 0.
    0. 0. 0. 0. 0. 0. 0. 0. 4.16998548e-004 0. 0. 0. 0. 4.29259002e-004
    7.76730361e-004 0. 0. 0. 5.96128375e-005 0. 4.26327577e-003 0.
    2.83422857e-003 0. 2.51723058e-003 0. 0. -2.88393535e-003 0.
    5.32988226e-004 0. 9.81806006e-005 0. 0. 1.38363073e-004 0. 0.
    5.30389079e-004 9.73850896e-004 0. 0. 0. 0. 1.30439259e-003 0. 0. 0.
    3.88899609e-003 -7.13715446e-004 7.48231017e-004 0. -9.54086485e-004
    0. 0. 2.04645097e-003 0. 0. 0. 0. 3.63043207e-003 0. 7.52786582e-004
    0. 0. 3.09977378e-003 8.87939124e-004 0. 0. 0. 0. 0. 0. 0. 0. 0. 0.
    1.07629795e-003 3.03152553e-003 0. 0. -2.39266432e-004
    9.60319361e-004 0. 0. 0. 5.28124219e-004 7.47032056e-004 0. 0. 0. 0.
    0. 0. 0. 0. 0. 8.34435457e-004 9.12624935e-004 0. 2.84701702e-003 0.
    0. 0. 0. 0. 5.76059334e-004 0. 0. 2.33695307e-003 0. 0. 0. 0. 0.
    1.62704184e-003 0. 0. 2.22722432e-004 2.89721601e-003 0.
    -1.08182430e-003 0. 1.95834786e-004 2.82595656e-003 3.86074171e-005
    0. 1.33744464e-003 0. 0. 3.42882751e-003 3.26112262e-003
    9.80994781e-004 6.35641743e-004 4.29691980e-003 2.64275284e-003
