<?xml version="1.0"?>
<opencv_storage>
<imageDescriptor type_id="opencv-matrix">
  <rows>1</rows>
  <cols>2000</cols>
  <dt>f</dt>
  <data>
    0. -2.32630773e-004 0. 0. 3.50156479e-004 0. 0. 0. 0.
    -1.38090644e-003 0. 0. 0. 0. 0. 0. 0. 7.84676615e-003 0. 0.
    -2.68565794e-003 -1.75638343e-004 0. 0. 0. 0. 5.95284684e-004 0.
    1.36241887e-003 0. 1.53556827e-003 1.33635697e-003 0. 0.
    3.58773279e-003 0. 0. 0. 3.05124908e-004 0. 0. 3.35823366e-004 0.
    2.37115379e-003 0. 7.98450725e-004 0. 0. 0. 0. 2.04159413e-003 0. 0.
    0. 4.77881962e-003 0. 0. 0. 0. 0. 2.29274528e-003 1.89030054e-003 0.
    -1.45488745e-003 8.99996085e-004 2.63106753e-003 0. 2.79260776e-003
    0. 1.21698296e-003 0. 0. 0. 1.84511853e-004 0. 0. 0. 0. 0. 0. 0. 0.
    0. 3.47637525e-003 0. 0. 1.26620886e-004 0. 0. 3.68864555e-003 0. 0.
    1.53912220e-003 0. 0. 0. 0. 0. 0. 0. 0. 1.08532992e-003 0. 0. 0. 0.
    -1.29533396e-003 0. 0. 0. 1.10852823e-003 0. 4.89764265e-004 0. 0.
    0. 1.77874742e-003 0. 0. 0. 3.49013042e-003 0. 0. 1.40827324e-003 0.
    0. 0. 0. 0. 3.59760976e-004 2.96541490e-003 0. -2.74234306e-004 0.
    -8.06767843e-004 0. 7.85788638e-004 3.76112596e-003 0. 0. 0. 0. 0.
    0. 1.72269111e-003 0. 0. 0. 0. 0. 0. 0. -1.07972359e-003 0. 0. 0. 0.
    0. 0. 0. 0. 0. 0. 3.65683017e-003 -2.24985197e-005 0. 0. 0. 0. 0.
    5.59704844e-004 0. -6.87960128e-004 0. 1.65616011e-003 0.
    8.06315744e-004 0. 0. 0. 8.32684978e-004 -9.79181495e-004
    8.91086995e-004 0. 8.54067272e-004 0. 0. 0. 0. 0. 0. 0. 0.
    -3.55570926e-004 0. 1.17854099e-003 6.22849504e-004 2.64694681e-003
    1.11781381e-004 0. 5.66691067e-003 0. 3.23840627e-003 0. 0.
    3.65293003e-004 0. 7.50445994e-004 0. 1.33660145e-003 0. 0.
    4.41128650e-004 0. 5.02635818e-003 0. -7.80472299e-004 0.
    6.68691791e-005 2.25638199e-004 0. 0. 0. 0. 0. 0. -1.31368020e-003
    9.04130808e-004 5.76333655e-003 4.05551196e-004 3.02298507e-003
    8.05352349e-004 -6.28096110e-004 -5.98531151e-005 5.13339066e-004 0.
    0. 5.85971121e-003 0. -4.40287375e-004 6.64661231e-004
    -1.71832636e-003 0. 1.38627918e-004 0. 2.00940030e-005
    1.93482044e-003 0. 0. 4.08966793e-003 0. 0. 0. 1.47989835e-003
    2.31012213e-003 1.93583756e-003 0. 0. 0. 0. 0. 0. 1.05514412e-003
    -7.00666045e-004 -3.27780508e-005 0. 0. 0. 0. 0. 0. 0. 0. 0. 0. 0.
    0. 3.39535275e-003 0. 0. 0. 3.76003026e-003 1.80854870e-003
    3.20907915e-004 7.76875604e-005 0. 1.85643765e-003 0. 0. 0.
    1.43021240e-003 0. 0. 1.40772143e-003 0. 0. 0. 0. 0.
    -4.32438042e-004 0. 0. 8.06018186e-004 0. 0. 0. 0. 3.05185374e-003
    0. 0. 0. 2.15318380e-003 0. 6.20670500e-004 7.72032514e-003 0. 0. 0.
    2.01508147e-003 0. 1.94269232e-004 0. 0. 0. 0. 0. -7.29290536e-004
    0. 5.32385148e-003 8.12993292e-003 0. 4.18705121e-003 0. 0.
    9.73794085e-004 0. 0. 0. 2.28529354e-003 0. 1.07598712e-003 0. 0. 0.
    4.38072777e-004 5.25192008e-004 0. 4.48913401e-004 0. 0. 0. 0. 0. 0.
    0. 0. 0. 3.10944370e-003 0. -2.84605976e-005 0. 0. 0.
    2.45591602e-003 2.23827222e-003 1.12859660e-003 0. 0.
    7.86845922e-004 0. 0. 0. 0. 1.81610754e-004 0. 0. 0. 0.
    1.80125574e-003 5.64397825e-003 3.18988669e-003 0. 0. 0.
    -7.99356319e-004 9.07947760e-005 0. 1.18088338e-003 0.
    -4.33120353e-004 2.88970140e-003 0. 2.11033691e-003 0. 0. 0.
    2.92942347e-003 0. -5.21224341e-004 0. 9.25715256e-004 0.
    -1.17513887e-003 0. 0. 0. 5.96399361e-004 0. 1.58615306e-003 0. 0.
    0. 0. 2.13653967e-003 1.19514810e-003 0. 7.46119244e-004
    -1.45383028e-005 0. 0. 7.09237112e-003 0. 0. 0. 0. 0.
    -5.40562498e-004 0. 1.40734424e-003 1.96189643e-003 0. 0. 0. 0.
    -1.41688419e-004 0. 0. 0. 0. -6.56004180e-004 0. 0. 0.
    -8.43584188e-004 -8.56098486e-004 6.40644867e-004 2.31284089e-003 0.
    0. 0. 0. 0. 0. 0. 0. 0. 4.35842993e-003 0. 0. 1.05946988e-003 0. 0.
    1.64427329e-003 0. 0. -3.27372923e-004 0. 4.06899536e-003 0.
    -8.87107744e-004 0. 5.42205002e-004 2.09782389e-004 0. 0. 0. 0. 0.
    0. 1.92712073e-003 0. 0. 0. 0. 0. 0. 2.53445725e-003 1.09275349e-003
    0. -1.12660295e-004 0. 0. 0. 0. 0. 0. 8.85896370e-005
    3.14489240e-004 0. 3.16789607e-004 0. 0. -1.25904346e-003 0.
    -6.14637858e-004 0. 0. 0. 4.91365790e-005 2.92528246e-004 0. 0. 0.
    0. 0. 1.46014290e-003 9.23253770e-004 0. 0. 0. 0. 0. 1.51315285e-003
    0. 0. 9.39472753e-004 0. 7.83550087e-004 5.11581032e-003 0. 0.
    1.49193394e-003 4.31201886e-003 0. 0. 0. 1.38189574e-003 0. 0.
    -2.08657351e-004 0. 0. 0. 0. 2.42369855e-003 0. 0. 0. 0. 0. 0.
    5.97273698e-003 0. 0. 0. 3.29658575e-003 1.30939239e-003
    9.52468254e-004 1.20399252e-003 0. 0. 0. 1.98903540e-003 0. 0.
    3.37108551e-003 0. 0. 0. 0. 0. 3.26302787e-003 0. 1.40054966e-003
    2.11611227e-003 0. 1.57120894e-003 0. 0. 0. 0. 0. 2.25007953e-003
    -3.18208098e-004 0. 4.28700307e-003 0. 0. 0. 2.77125370e-003 0.
    8.42601992e-004 0. 0. 3.30288289e-003 -5.27714437e-004 0.
    4.11183835e-004 7.77729554e-004 5.62123954e-004 0. 5.52322576e-003
    0. 1.61947752e-003 6.44001178e-004 0. 5.41210873e-004
    2.04803911e-003 0. -1.00783654e-003 0. 3.85854713e-004 0. 0. 0. 0.
    0. 0. 0. 1.77090534e-003 0. 0. 3.49128223e-003 0. 0. 0. 0. 0.
    6.55891083e-004 0. -1.07622589e-003 0. 0. 2.80741573e-004 0. 0. 0.
    6.64648542e-004 0. 0. 1.50648260e-003 0. 0. 0. 0. 1.66524260e-003 0.
    0. 0. 0. 0. 3.35978623e-003 0. 5.29450411e-003 2.54966668e-003 0. 0.
    0. 0. 0. 0. -6.72129856e-004 0. 0. 0. 1.31747837e-003 0.
    8.53342703e-004 0. 4.80285520e-003 0. 9.12315387e-004
    1.92741980e-003 0. 2.35036411e-003 0. 0. 0. 0. 0. 0. 0. 0.
    4.38105082e-003 0. 1.52040634e-003 0. 0. 0. 1.52142707e-003
    2.70593702e-003 0. 0. 1.65975350e-003 0. 0. 0. 2.66787666e-003
    3.33875010e-004 0. 0. 0. 0. -1.08763808e-004 2.76333303e-003 0.
    1.30928832e-003 0. 0. 0. 0. -6.03537017e-004 0. 9.68255277e-004
    3.56427720e-003 0. -3.74982454e-004 3.39811342e-003 0. 0. 0. 0. 0.
    0. 0. 0. 0. 0. 0. 0. 0. -6.19353028e-004 0. 0. 2.01604562e-003 0. 0.
    0. 2.47984985e-003 0. 2.31738246e-004 0. 0. 0. 1.59398629e-003 0. 0.
    0. 0. 2.68599950e-003 0. 1.79430167e-003 0. 0. 0. 5.60765679e-004 0.
    1.18870092e-004 0. 1.02099075e-004 0. 9.70035419e-003 0. 0. 0.
    2.08700483e-004 0. 2.99832085e-003 0. 0. 0. 0. -4.05450628e-005 0.
    0. 0. -8.43826507e-004 0. 0. 0. 0. 0. 1.86916580e-003
    1.20116607e-003 4.44086967e-003 0. 0. 0. 0. 0. 0. 0. 3.10166855e-003
    0. -1.62362400e-003 0. 1.57068565e-003 0. 3.54496506e-003 0. 0. 0.
    0. 0. 0. 0. 2.13851803e-003 6.63390709e-003 0. 0. 2.98369071e-003 0.
    0. 0. 1.53970264e-003 0. 0. 0. 1.54574111e-003 1.89007842e-003 0. 0.
    0. 0. 0. 0. 0. 0. 3.44818051e-004 4.11860598e-003 0. 0. 0. 0. 0. 0.
    0. 0. 2.05630693e-003 0. 0. 0. 0. 1.18803015e-004 1.92384725e-003
    7.08632916e-003 0. 1.26436597e-003 3.18131666e-003 2.40056356e-003
    0. 0. 1.06863992e-003 1.67786740e-004 0. 0. 0. 4.14482132e-003 0.
    5.90866664e-003 0. 6.91303227e-004 2.35771248e-003 4.28806525e-003
    4.19354765e-003 2.84897233e-003 1.17818895e-003 0. 0.
    8.49019212e-004 8.44342052e-004 0. 3.28420708e-003 0. 0. 0. 0. 0. 0.
    0. 0. 0. 0. 0. 9.87468171e-004 -5.14625572e-004 0. 0. 0.
    -4.88293648e-004 0. 0. 0. 3.60571733e-003 1.01622625e-003 0.
    3.11288284e-003 5.10936312e-004 0. 0. 2.36509857e-003
    2.29941285e-003 0. 0. 0. 0. 0. 1.71139825e-003 0. 2.56034266e-003 0.
    3.63847264e-003 2.53092288e-003 0. 2.44148285e-003 0.
    4.82679054e-004 0. 0. 7.32819724e-004 0. 0. 0. 0. 0. 7.97521265e-004
    0. 0. 0. 0. 1.35931745e-003 6.07300142e-004 -1.24506757e-003 0. 0.
    3.80424387e-003 0. 0. 1.41933211e-003 -2.04878292e-004
    -1.17893482e-003 0. 2.44801352e-003 0. 0. 0. 0. 0. 0.
    3.73962917e-003 0. 1.82789075e-003 2.88675306e-003 0.
    3.65297822e-003 0. 0. 0. 0. 0. 1.62818038e-003 0. 1.80703442e-004 0.
    0. 0. 0. 7.67395133e-003 0. 0. 0. 1.16237823e-003 2.01443047e-003 0.
    0. -1.27229374e-003 -1.39596857e-004 0. 0. 0. 2.44810455e-003 0. 0.
