<?xml version="1.0"?>
<opencv_storage>
<imageDescriptor type_id="opencv-matrix">
  <rows>1</rows>
  <cols>2000</cols>
  <dt>f</dt>
  <data>
    0. 6.87385982e-005 0. 0. 0. 2.50142301e-003 2.00628233e-003
    5.07103628e-004 0. 1.16953428e-003 2.08228157e-005 1.36795861e-003
    0. 0. 1.22941262e-003 0. 0. 0. 0. 0. 0. 3.03467712e-003 0. 0. 0. 0.
    2.74752942e-003 4.78787493e-004 -3.86576197e-004 -7.72354426e-004
    5.50191989e-003 0. 0. 1.28805975e-003 0. 0. 1.06785982e-003 0.
    1.02344481e-003 -5.07142744e-004 1.13308255e-003 0. 0. 0. 0.
    1.64786493e-003 0. 0. 0. 0. 1.06877496e-003 1.72070705e-003 0. 0.
    -7.83863070e-004 0. 0. 4.76151472e-003 0. 1.19541585e-003
    2.56800628e-003 0. 1.26972981e-003 -1.30784884e-003 1.58649450e-003
    8.14220519e-004 9.87992506e-004 0. 0. 5.45715075e-003 0. 0. 0.
    3.24286055e-003 1.41100958e-003 0. 2.58719339e-003 0. 0. 0.
    5.29869460e-004 -4.00407822e-004 0. 5.21961658e-004 0.
    1.07072305e-003 -4.26420971e-004 0. 0. 1.36991346e-003 0.
    5.02450624e-004 3.42090905e-004 0. 0. 0. 2.18403805e-003
    3.64980497e-003 0. 0. 0. 0. 0. 1.32055720e-003 0. 6.46203873e-004 0.
    0. 0. 0. 0. 3.49898147e-003 0. 0. 1.33351097e-003 0. 0. 0. 0. 0. 0.
    0. 0. 0. 0. 0. 6.97758864e-004 0. 0. 0. 0. 1.15741126e-003
    3.97850526e-003 0. 0. 0. 1.41368120e-003 0. 1.81915436e-003 0. 0.
    5.25181741e-003 0. 0. 1.79963943e-003 0. 0. 0. 0. 0.
    -5.63216890e-005 0. -1.33947097e-003 3.21383378e-003 0.
    9.44298634e-004 0. 0. 0. 0. 0. 1.99794420e-003 1.38923433e-003 0. 0.
    0. 0. 0. 1.76804373e-003 5.30870981e-004 0. 0. 1.59188162e-003 0.
    6.12928474e-004 2.24007134e-004 0. 0. 0. 1.17419602e-003
    2.23353226e-003 0. 1.01033933e-002 0. 8.77280952e-004 0.
    1.71164447e-003 0. 0. 3.72770615e-003 0. 0. 0. 3.69653734e-003 0.
    1.14809396e-003 0. 0. 6.52926276e-004 6.44666003e-003 0. 0. 0. 0. 0.
    0. 0. 2.83445534e-003 0. 0. 9.98154981e-004 0. 0. 2.26419512e-003 0.
    3.66694585e-004 0. 2.48232088e-003 0. 1.92653926e-004
    1.28882029e-003 0. 0. 0. 0. 0. 0. 0. 2.14245892e-003 0. 0.
    8.31605960e-003 0. -9.79512930e-004 0. 0. 0. 3.73832445e-004
    1.29536621e-003 0. 1.10129733e-003 0. 0. 0. 0. -5.78751729e-004 0.
    0. 0. -1.53554851e-004 0. 0. 1.49397319e-003 9.64415900e-004 0.
    1.35752402e-004 0. 0. 0. 1.02064281e-003 3.06376256e-003 0.
    1.59129396e-003 2.41776532e-003 0. 0. -1.24020188e-003 0. 0.
    1.81100878e-003 0. 0. 0. 0. 0. 0. 0. -6.44507585e-004 0. 0. 0. 0. 0.
    0. 0. 3.44326654e-005 0. -1.15750827e-005 0. 0. 0. 0. 0. 0. 0.
    1.69237144e-003 0. 5.01356961e-004 0. 0. 0. 0. 0. 6.98135060e-004 0.
    0. 1.72874914e-003 0. 0. 1.24855724e-003 0. 9.78785451e-004
    4.81753610e-003 0. 0. 5.28564677e-003 7.66837213e-004
    1.61623268e-003 0. 1.27712396e-004 0. 2.78324541e-003 0. 0. 0. 0.
    2.43964535e-003 0. -1.39200187e-004 0. 0. 1.35092530e-002 0. 0. 0.
    0. 0. 0. 0. 2.56981857e-005 0. 0. 0. -2.21621813e-004 0. 0. 0.
    9.74688213e-004 -2.72608537e-004 1.04498712e-003 -8.91056610e-004
    1.06047175e-003 0. 0. 0. 0. 1.44700240e-003 1.78864843e-003 0. 0.
    1.68562657e-003 0. 5.22113498e-003 0. 0. 0. 1.47932617e-003
    2.48500402e-003 0. -6.16308127e-004 0. -1.23679580e-004 0. 0. 0. 0.
    0. 2.25647818e-003 0. 0. 4.77595022e-004 0. -3.40336061e-004
    -1.40784803e-004 0. 1.47945166e-003 0. 0. 0. 0. 0. 0. 0.
    5.61567431e-004 0. 0. 1.46268320e-003 0. 0. 4.66051698e-003 0. 0.
    2.19447515e-003 6.02537533e-004 1.78851169e-002 1.35446445e-003 0.
    0. 2.30108999e-004 8.77133105e-004 0. -6.43211126e-004
    9.16182937e-004 1.23923959e-003 0. 1.35952514e-003 3.80439474e-003
    8.70950520e-003 -1.76915957e-004 1.94898190e-003 0. 0. 0. 0. 0.
    -1.37216272e-003 -1.66298146e-003 0. 0. 6.23896718e-004
    9.49489011e-004 2.91838078e-004 1.71806419e-003 8.73455487e-004 0.
    8.92105920e-004 -5.62489964e-004 0. 5.17639623e-004 0. 0. 0. 0. 0.
    0. 0. 1.46171392e-003 0. 4.43795510e-003 0. 0. 0. 0. 0. 0.
    -3.32099327e-004 0. 0. 0. 3.40431277e-003 4.27604857e-004 0.
    2.87616695e-003 0. 0. 3.86491371e-003 4.31328872e-003 0. 0. 0. 0. 0.
    7.62382057e-004 -2.23375799e-004 4.53019369e-004 2.43542390e-003 0.
    0. 0. 0. 0. 1.18588423e-003 1.87553733e-003 0. 0. 0. 0. 0. 0.
    4.65723593e-003 0. 0. 0. 0. 0. 0. 0. 0. 0. 0. 0. 0. 0.
    4.47875122e-003 1.07877410e-003 5.60718449e-003 0. 0. 0.
    1.38687377e-003 0. 0. 0. 0. 0. 1.61258469e-003 0. 1.39607547e-003 0.
    0. 5.18899132e-003 -2.04565190e-003 0. 0. 0. 0. 3.05688218e-003 0.
    -1.83460434e-004 0. -3.05845868e-004 0. 0. 0. -2.46916024e-004
    1.49016827e-003 1.36226241e-003 1.46442198e-003 -1.98249501e-004 0.
    9.51068127e-004 0. 0. 5.64210874e-004 0. 0. 0. 0. 0. 0. 0. 0.
    8.88290291e-004 0. 0. 2.78347777e-003 1.32659439e-003 0.
    3.45074479e-003 1.99568155e-003 0. 0. 0. 1.77782192e-003
    3.80810932e-004 0. 0. 0. 2.43681861e-004 0. 0. 1.36919040e-003
    2.42072871e-004 2.73283711e-003 0. 0. 0. 2.47507985e-003 0. 0. 0. 0.
    0. 0. 0. 7.01305270e-003 0. 1.06241647e-003 0. 0. 0. 0. 0. 0.
    7.59083079e-004 0. 0. -1.57195376e-003 0. 9.72257287e-004 0.
    3.14662466e-005 3.32032214e-003 0. 2.86374963e-003 0. 0. 0. 0.
    1.28119762e-004 1.20130205e-003 -2.61021662e-003 0. -2.63852649e-004
    0. 3.39218555e-003 1.04074599e-003 7.65533070e-004 0. 0.
    6.07696478e-004 0. -1.92987896e-003 0. 2.05462705e-003 0.
    2.78219668e-004 0. 2.45909463e-003 0. 0. 4.78911586e-003 0.
    6.46060565e-003 1.80659711e-003 0. 0. 7.13794958e-004 0. 0. 0.
    -8.28845019e-004 0. 0. 0. 1.34369853e-004 0. -1.39045017e-003 0.
    8.31119367e-004 0. -5.73627127e-004 0. 0. 0. 0. 0. 0. 0. 0.
    2.18013232e-003 1.45686185e-003 0. 0. 0. 0. 0. 0. 0. 0.
    5.59092360e-003 0. 0. 0. 0. 0. 0. 0. 0. 0. 0. 0. 0. 1.01714476e-003
    1.45299826e-003 0. 0. 7.86086451e-003 0. 0. 0. 1.17245084e-003 0.
    4.37151233e-004 0. 0. 0. 0. 0. 0. 0. 2.28422330e-004 0. 0.
    4.57101705e-005 3.34031950e-003 -4.33854933e-004 0. 3.00672534e-003
    0. 1.22314144e-003 0. -4.07063089e-005 0. 0. 0. 1.35330192e-003
    3.41829658e-003 0. 0. 1.69781526e-003 0. 0. 0. 0. 0. 0. 0.
    2.71306909e-003 1.25635043e-003 0. 0. 1.46387180e-003 0.
    2.87385262e-003 0. 0. 0. 0. 0. 1.51451165e-003 1.62161991e-003 0. 0.
    0. 9.63071769e-004 0. 0. 0. 0. 0. 0. 0. 9.07904119e-004
    -8.79515952e-004 0. 2.18556984e-003 0. 0. 0. 0. 6.54145784e-004 0.
    -3.00784456e-003 1.24420493e-003 6.90429646e-004 4.28186968e-006 0.
    0. 0. 1.64835178e-003 0. 0. 0. 3.13458592e-003 2.32167426e-004 0. 0.
    -1.09157653e-003 1.16116519e-003 1.08311838e-002 7.40211399e-004 0.
    0. -1.15039747e-003 0. 0. 1.16472063e-003 4.78600152e-004 0. 0. 0.
    0. 2.68748403e-003 0. 0. 0. 3.05241300e-003 0. 4.38196061e-004 0.
    2.07858253e-003 0. 0. 0. 0. 0. -1.05219753e-003 -6.07932343e-005 0.
    -2.29811086e-003 0. 3.80490907e-003 0. 0. 0. -1.03168609e-003 0. 0.
    -7.01256329e-004 0. 0. -3.05461610e-004 0. 0. 0. 2.90370663e-003 0.
    -1.80260962e-004 0. 4.33849543e-003 1.57824496e-003 0. 0.
    1.63229904e-003 0. 0. 0. 0. 0. 7.63079588e-005 0. 4.53155924e-004 0.
    1.66908803e-003 0. 0. 0. 0. 0. 1.22172583e-003 0. 5.94895659e-003
    6.90343184e-003 1.03312137e-003 0. 0. 9.45384323e-004
    1.10038987e-003 0. 0. 0. 0. 0. 0. 0. 2.45126919e-003 0. 0.
    2.78441259e-003 0. 0. 7.31935666e-004 0. 0. 0. 0. 0. 0. 0.
    -9.49363282e-004 1.77963098e-004 1.11140090e-003 0. 0. 0.
    -3.40533588e-004 0. 0. -8.02632887e-004 3.16416449e-003 0. 0.
    4.61567834e-004 0. 0. 0. 2.73461337e-003 0. 0. 0. 0. 2.79208506e-003
    1.09971315e-003 0. 2.88423407e-003 3.51457275e-004 1.81137433e-003
    0. -1.25880470e-004 0. -1.24506338e-003 0. 0. 0. 0. 0. 0.
    -1.86330208e-003 0. 0. 6.74402528e-003 3.45174083e-003 0. 0. 0. 0.
    0. 0. 0. 4.16341907e-004 4.60068586e-005 0. 7.94367152e-005
    2.39911256e-003 1.42728281e-003 -6.94957038e-004 0. -1.67246000e-003
    9.21342871e-004 0. 0. 0. 1.83986058e-003 0. 1.88655499e-003 0. 0. 0.
    0. 2.43084636e-004 0. 0. 5.96696336e-004 1.99005310e-003
