<?xml version="1.0"?>
<opencv_storage>
<imageDescriptor type_id="opencv-matrix">
  <rows>1</rows>
  <cols>2000</cols>
  <dt>f</dt>
  <data>
    0. 0. 0. 6.77162199e-004 0. 0. 0. 0. 0. 0. 1.35409273e-002 0. 0. 0.
    0. 7.47791666e-004 0. 0. 0. 0. 0. 1.27981545e-003 0. 0. 0.
    2.54033861e-004 1.05852503e-002 2.78102845e-004 0. 0.
    6.59430807e-004 0. 0. 3.56334815e-004 -2.25943331e-005 0.
    -4.48328472e-004 1.57079031e-003 -4.24275221e-003 -1.26348913e-003
    0. 0. 0. 7.70849350e-004 2.14116997e-003 -2.69760258e-005
    -1.64386246e-003 -1.08996127e-003 -6.60773891e-004 -8.15606036e-004
    0. 0. 0. -3.67986708e-004 0. 0. 0. 6.53890707e-003 2.70677893e-003
    6.10982301e-003 0. 0. 0. 2.06128825e-004 0. 0. 0. 0. 0. 0. 0.
    5.28886495e-003 3.59190126e-005 9.50613176e-004 0. 0. 0. 0. 0. 0. 0.
    0. 0. 0. 0. 0. 0. 0. 0. 0. 0. 1.80314761e-003 -9.83076636e-004 0. 0.
    0. 2.48881115e-004 0. 0. -1.09559776e-004 0. 1.02286530e-003 0. 0.
    0. -1.14856905e-003 0. 7.78322294e-003 -2.01447494e-003 0. 0. 0. 0.
    0. 0. 0. 0. 5.91225736e-003 0. 0. 5.11137629e-003 0. 0.
    6.14454178e-003 -1.71013653e-005 3.76134063e-004 1.27034006e-003
    3.57491663e-003 0. 0. 5.04519744e-003 2.04626261e-003
    3.37788137e-003 0. 4.54668282e-003 7.19893258e-003 0. 0. 0. 0.
    3.74377659e-003 0. 0. 0. 0. 0. 4.65616118e-003 -3.32580385e-004 0.
    0. 3.83414095e-003 9.05377558e-004 6.13604672e-003 0. 0. 0. 0. 0. 0.
    0. 0. 0. 2.18879059e-003 0. 0. 0. 4.60038381e-003 -6.30689668e-004
    0. 0. 0. 0. 1.49585726e-003 2.86183716e-003 -3.53608397e-004 0. 0.
    0. 3.53786233e-003 0. 1.12621277e-003 1.89253828e-004 0.
    2.12296098e-003 0. 1.41633776e-004 4.39893734e-003 0.
    -1.06124071e-005 0. 3.00170592e-004 -1.40085351e-003 0. 0.
    3.51812894e-004 9.53066628e-005 0. 3.93727003e-003 2.28840834e-003
    0. 0. 0. 1.96769158e-003 0. 8.23260460e-004 0. 1.76662020e-003 0. 0.
    0. 0. 0. 4.21944354e-003 0. 1.16775488e-003 0. 9.17281068e-005
    -2.82615802e-004 0. 0. 0. 5.46244381e-004 -3.83608771e-004 0. 0.
    5.50067285e-004 0. 3.67455679e-004 0. 0. 0. 0. 0. 0. 0.
    3.28128575e-003 0. 1.42323540e-003 0. 1.63958746e-003 0. 0. 0. 0.
    3.65247880e-003 0. -1.02840003e-003 0. 0. 0. 2.97348714e-004 0. 0.
    0. 0. 0. 0. 0. 0. 5.85793285e-004 0. 2.93017918e-004 0.
    1.65955149e-004 0. 0. 1.93269830e-003 0. 0. 0. 1.05644169e-003 0.
    -8.28700780e-004 -1.06502592e-003 6.91927737e-003 7.08461832e-003
    -7.79368740e-004 -5.75913175e-004 1.04321856e-002 0. 4.24521975e-003
    -1.83547521e-003 4.83294902e-003 0. 2.19614827e-003 0. 0. 0. 0.
    6.84117340e-003 0. 2.50635785e-003 0. -2.64735310e-004 0.
    -1.59091572e-003 0. 0. 0. 3.38908075e-003 0. 3.13623482e-003
    1.15436688e-003 -6.03398366e-004 0. 0. 0. 0. 6.33926189e-004 0. 0.
    0. 0. 0. 0. 0. 0. 0. 0. 0. 0. 3.74591164e-003 0. 6.93047000e-003 0.
    0. 0. 6.17171545e-003 0. 4.82523348e-003 0. 0. 0. 0. 0. 0. 0. 0. 0.
    1.54704275e-003 0. 8.33818740e-006 0. 1.86539162e-003 0. 0. 0.
    -4.94125881e-004 0. 0. 0. 3.48783869e-005 1.07444730e-002 0. 0. 0.
    0. 3.68552003e-003 0. 5.28811142e-006 0. 7.10602291e-003 0.
    1.08100846e-003 0. 0. 5.75940683e-003 3.87138687e-004 0.
    7.94373918e-003 0. 0. 0. 0. 0. 0. 0. 0. -3.06532194e-004 0. 0. 0. 0.
    3.06205242e-003 0. 0. -7.48740451e-004 0. 3.53241106e-003 0. 0.
    1.30342005e-003 0. -5.95321879e-004 0. 0. 0. 0. 1.70355430e-003 0.
    0. 0. 0. 0. 0. 0. 1.72017826e-004 1.23446726e-003 1.18876540e-003 0.
    0. 0. 0. 7.04172649e-004 4.20930155e-004 0. 0. 0. 4.20576846e-003
    -3.98367818e-004 0. 0. -4.32647386e-004 0. 0. 3.35533754e-003 0. 0.
    0. 1.43392722e-003 0. 1.63562305e-003 0. 0. 0. -1.35280890e-003
    -4.55686168e-005 0. -5.98522776e-004 0. -2.86355964e-004 0.
    2.73568626e-003 0. 5.89442061e-005 1.77170514e-004 0. 0. 0. 0.
    4.78590326e-003 -1.07688305e-003 -8.66376213e-004 0. 0. 0.
    5.94037352e-003 0. 0. 0. 0. 0. 0. 0. 9.92514179e-005 0.
    1.27756980e-003 1.07780734e-005 0. 1.37666252e-003 0. 0. 0. 0.
    6.75996440e-003 0. 0. 0. 0. 3.89590277e-004 0. 0. 0.
    -2.98493804e-004 0. 0. 5.99677349e-003 0. 0. 0. -7.49785540e-005
    -3.57451587e-004 5.30516554e-004 0. 0. 4.45284834e-003
    4.82097361e-003 3.55565851e-003 0. 2.74440972e-003 0.
    2.38683005e-003 0. 0. 0. 0. 0. 1.80297461e-003 4.83927259e-004
    6.52726926e-003 3.71266226e-003 0. 0. 0. 0. 0. 0. 0. 6.89183944e-004
    0. 0. 0. 0. 5.92906319e-004 0. 0. 1.89247972e-003 0. 2.15845648e-003
    0. 0. 0. -5.66207855e-005 0. 0. 0. 0. 0. 4.48259665e-003
    3.05935740e-004 1.55885774e-003 2.74910335e-003 0. 0. 0. 0. 0.
    -9.89273889e-004 0. 0. 0. -1.39858876e-003 0. 0. 0. -2.75853759e-004
    5.88523631e-004 0. 0. 0. 0. 0. 0. 0. 0. 1.96220330e-003 0. 0. 0. 0.
    0. 0. -8.50311015e-004 1.32587284e-003 5.08180866e-003
    6.61754701e-003 0. -4.20033117e-004 0. 0. 0. 0. 2.54276884e-003
    1.88641378e-003 9.25911067e-004 -5.28738275e-003 3.81318294e-003 0.
    0. 0. 0. 0. 0. 5.93697885e-003 0. 0. 0. 2.39725836e-004 0.
    1.17221847e-003 0. 2.01422651e-003 8.72557925e-004 0.
    9.92285903e-004 3.31617612e-003 -1.13115704e-004 5.59070799e-003 0.
    -4.09153756e-004 -2.07551406e-003 0. 0. 0. 0. 3.84421111e-003 0.
    3.43543594e-003 7.25964201e-005 2.82764900e-003 0. 0. 0. 0.
    -2.44148716e-004 1.36454846e-003 3.43882665e-003 0. 0. 0. 0. 0. 0.
    0. 0. 0. 1.53533777e-003 0. 0. 8.09461635e-005 0. 0. 0. 0.
    -7.69163016e-004 -6.33104763e-004 -4.30050510e-004 5.80259482e-004
    0. 0. 0. 0. 0. 0. 3.45323817e-003 0. 3.79370380e-004 0. 0. 0.
    -5.92454511e-004 0. 0. 0. 0. 0. 8.55994702e-004 0. 0.
    -4.14355163e-004 0. -7.89380923e-004 0. 0. 0. 1.16412807e-003
    -1.06057350e-003 6.99734373e-004 1.07865105e-003 0. 0.
    1.83689082e-003 0. 0. 0. 0. 9.02001397e-004 0. 0. 0. 8.63934911e-005
    0. 0. 0. 0. 0. 1.98912760e-003 0. 0. 5.61318768e-004 0. 0. 0. 0. 0.
    0. -5.59075677e-004 0. 0. 0. 4.95944812e-004 0. 7.64150987e-004
    5.55193459e-004 -2.33099690e-005 0. 2.88444990e-003 0. 0.
    1.22746481e-002 0. 9.85246385e-004 0. 0. 0. 0. 0. 0. 0. 0. 0. 0. 0.
    1.73290714e-003 0. 0. 0. 0. 0. 0. 0. 0. 0. 0. 0. 0. 5.97060483e-004
    2.42469553e-003 0. 0. 0. 0. 0. 0. 0. 0. 1.77228102e-003 0. 0.
    1.62844255e-003 0. 0. 0. 0. 4.30486049e-004 0. 3.28851718e-004 0. 0.
    0. 0. 0. 0. 0. -4.17272124e-004 0. 0. 5.15385624e-003 0.
    5.33787475e-004 0. 1.00379199e-004 4.12715599e-003 6.11606007e-003
    1.55409949e-003 -5.02961571e-004 0. 0. 0. 4.96824924e-003 0.
    -8.37384025e-004 0. 0. 1.76333240e-003 1.14054931e-003 0. 0. 0.
    6.59486186e-003 1.32980314e-003 1.67435360e-006 0. 0. 0. 0. 0. 0. 0.
    0. 0. 5.58271771e-004 4.57480690e-003 0. 0. 0. 7.37518130e-004 0.
    1.88286198e-004 0. 0. 1.01909530e-003 0. 0. 0. 0. 0.
    -8.15721723e-005 0. 0. 0. 0. 0. 0. 0. 0. 0. 0. 0. 1.51890898e-004 0.
    0. 0. 0. 0. 0. 0. -6.50437607e-004 4.03763074e-003 0. 0. 0.
    -1.19525066e-003 5.32503612e-003 9.55357798e-004 0. 0. 0. 0.
    -1.11745612e-003 0. 1.44760229e-003 0. 1.01202249e-003 0. 0. 0. 0.
    0. 0. 0. 4.70100390e-003 0. 0. 0. 0. 0. 0. 2.07434129e-003 0.
    1.35462498e-003 0. 7.40559306e-003 0. 0. 0. 0. 0. -6.40868908e-004
    0. 0. 0. 0. 0. 0. 1.57118367e-004 4.32781596e-003 0. 0. 0. 0.
    -4.54327383e-004 0. 0. 0. 7.17236241e-003 1.30447769e-003 0. 0.
    5.47462958e-004 0. -1.02854799e-003 0. 0. 0. 5.64354518e-003 0.
    1.53762591e-003 0. 0. 0. 0. 0. 0. 2.22405232e-003 -4.57650889e-003
    -2.61603534e-004 0. -5.54402999e-004 0. 0. 0. 6.79029152e-004 0. 0.
    0. -7.42244811e-005 0. 0. 0. 0. -2.32898537e-003 0. 3.42495448e-004
    0. -1.43770443e-003 0. 0. 0. 0. 0. 0. 0. 0. -6.85066392e-004 0. 0.
    -1.53787411e-003 3.47244495e-004 0. 0. 0. 0. 0. 0. 0. 0. 0. 0. 0. 0.
    -9.13446784e-005 -4.78628383e-004 0. 0. -1.19818367e-004
    2.64909002e-004 0. 0. 0. 0. 0. 0. 0. 0. 0. 5.48977878e-005 0. 0. 0.
    4.18807816e-004 0. 0. 5.55495173e-003 1.06029666e-003 0. 0.
    5.27918106e-003 0. 0. 7.84183445e-004 0. 0. 0. 0. 0. 0. 0.
