<?xml version="1.0"?>
<opencv_storage>
<imageDescriptor type_id="opencv-matrix">
  <rows>1</rows>
  <cols>2000</cols>
  <dt>f</dt>
  <data>
    0. 0. 0. 4.07564774e-004 1.38378271e-003 0. 0. 0. 0. 0.
    1.29391800e-003 4.12545074e-003 0. 0. 0. 1.67626917e-004 0. 0. 0.
    -4.74765693e-004 1.28493132e-003 0. 0. 3.15984478e-003 0. 0. 0. 0.
    0. 5.08119119e-003 4.58541745e-003 1.28244236e-003 3.30165349e-004
    9.74534662e-004 0. 0. 0. 2.23332085e-003 0. 3.23579204e-003 0.
    7.23151490e-004 0. 5.86527050e-004 0. -1.49825204e-003 0.
    1.63618848e-003 0. 0. 0. -1.11641646e-004 0. 0. 0. 0. 0.
    9.71379864e-004 0. 0. -9.44773783e-004 2.97139958e-003 0. 0. 0. 0.
    2.90132273e-004 6.39640028e-004 0. 8.81979533e-004 4.63317381e-004
    0. 6.03120425e-004 -1.32383633e-004 -6.24788576e-004 0. 0. 0.
    3.97368458e-005 0. 0. -3.08109564e-004 0. 0. 0. 1.21176930e-003
    3.65527871e-004 0. 0. 1.86820619e-003 0. 0. 7.98166904e-004 0. 0. 0.
    0. 0. 0. 0. 0. 1.33386499e-003 0. 0. 7.36324873e-005 0.
    3.13675817e-004 9.46829095e-004 0. 9.37848177e-004 0.
    2.30833236e-003 0. 0. 0. 7.10681779e-004 0. 0. -1.74897752e-004 0.
    0. 0. -5.40903187e-004 6.81781734e-004 0. 0. 0. 8.11108213e-004
    4.76765726e-003 1.26854563e-003 2.50903703e-003 0. 0.
    8.26304080e-004 0. 0. 0. 1.35547877e-003 3.34712793e-003 0. 0. 0. 0.
    0. -4.54666297e-004 0. 0. 0. 0. 0. 0. 0. 0. 0. 0. 0. 2.77447817e-003
    2.70817126e-003 1.23621148e-005 0. 0. -9.23007959e-004 0.
    -4.76321176e-004 0. 0. 0. 0. 0. 0. 0. 0. 0. 1.26883807e-003
    2.00722762e-003 -8.88609793e-004 2.27498167e-004 0. 3.32397711e-003
    5.61623194e-004 0. 1.70694187e-003 -2.80312903e-004 0. 0. 0. 0.
    -1.49983709e-004 0. 0. 0. 6.82765676e-004 0. 0. -4.17342060e-004
    1.51920749e-003 0. 4.91553277e-004 0. 0. 0. 0. 0. 0. 1.61760172e-003
    0. 1.15267001e-003 4.19150805e-003 0. 1.38525246e-002
    1.59133779e-004 0. 0. 4.40498022e-003 3.31364502e-003
    1.88175286e-003 1.37159150e-004 0. 8.97890073e-004 1.12963899e-003
    0. 0. 0. 0. 0. 0. -3.43246240e-004 0. 8.81915737e-004 0. 0. 0. 0. 0.
    3.19315912e-003 0. 3.70746129e-004 0. 0. 0. 2.22204602e-004
    -4.07753920e-004 0. 0. 4.05782514e-004 6.74968632e-003
    6.24009641e-004 0. 0. 0. 0. 0. 0. 0. 1.87678926e-003 0.
    2.83219822e-004 2.05020583e-003 0. 0. 0. -9.29587186e-005 0.
    -8.56088125e-004 0. 0. 0. 0. 0. 0. 0. 2.39941641e-003 0.
    1.30828260e-003 0. 8.32207035e-004 0. -4.79124690e-004 0. 0. 0. 0.
    4.24245326e-003 1.77069474e-003 1.31631125e-004 4.85092751e-004 0.
    0. 2.67487252e-004 0. 0. 0. 1.72127341e-003 -1.56036651e-004 0. 0.
    5.99982486e-005 1.03932677e-003 0. 0. 0. 0. 6.59683370e-004 0. 0.
    1.44532591e-003 6.07436290e-003 0. 5.51055418e-004 0. 0.
    9.83394682e-004 -9.15810931e-004 0. 0. 1.24772417e-003 0. 0. 0. 0.
    -8.52557656e-004 0. 3.43605061e-003 0. 0. 0. -3.01268155e-004 0.
    7.86885968e-004 2.64234259e-003 0. 1.72496971e-003 1.43524504e-003
    0. 3.50700466e-005 0. 0. 0. 0. 9.57924814e-004 0. 1.37969153e-003
    5.01386879e-004 0. 0. 0. 5.82923356e-004 -3.12115124e-004
    1.63294462e-004 5.60131622e-004 6.64219202e-004 0. 0.
    1.17034325e-003 3.81847797e-003 0. 5.88344992e-004 2.42504617e-003
    -4.33500554e-006 4.49981634e-003 -5.44289105e-005 0. 1.98189588e-003
    -1.74665905e-003 0. 1.13371632e-003 5.38151432e-003 0.
    1.13650330e-003 0. 4.88679972e-004 5.42702852e-004 1.35863537e-003
    0. 0. 0. 0. 0. 1.57785404e-003 1.19607225e-002 2.41862610e-004 0. 0.
    -4.23899532e-004 0. 0. 0. 0. 0. 1.98195782e-003 1.53230736e-003 0.
    0. 0. 0. 0. 2.39658891e-003 0. 0. 0. 0. 4.70247061e-004
    5.12463320e-003 0. 0. 0. 2.21127062e-003 0. 0. 0. 2.42937735e-004 0.
    0. 7.76620873e-004 0. -1.82609438e-005 0. 0. -1.62850029e-003
    8.18964036e-004 0. 1.57333293e-003 1.09788869e-003 -2.19705034e-004
    2.14796804e-004 0. 0. 1.70865329e-003 5.19194594e-003 0. 0.
    9.94443661e-004 2.20056041e-003 0. 0. 0. 4.88416944e-003 0.
    4.40893840e-004 0. 0. 0. 0. 1.86288380e-004 0. 0. 0. 0.
    7.88415782e-004 0. 0. 2.07516365e-003 1.13323005e-003 0.
    -9.82913421e-004 3.41887120e-003 0. 4.70342144e-004 1.25678460e-004
    -1.38143761e-004 3.29763931e-003 0. 0. 0. 0. 8.21242761e-003 0.
    4.42594197e-003 0. -9.65344370e-004 0. 0. 0. 0. 1.19286927e-003 0.
    1.29560809e-004 0. 0. -9.94972303e-004 0. 0. 0. 0. 0.
    -2.50263081e-004 0. 6.47621520e-004 9.02776723e-004 0. 0.
    6.89852692e-004 0. 0. 0. 0. 9.97468946e-004 -2.79112661e-004
    4.18618089e-003 0. 0. 0. -5.38618129e-004 0. 2.94411927e-003 0.
    1.15592976e-003 8.90293973e-004 9.81371501e-004 4.50476829e-004
    3.74523981e-004 0. 0. 4.08440887e-004 7.75738794e-004 0.
    9.81797231e-004 0. 5.86820999e-004 9.48691100e-004 0. 0.
    9.27750487e-004 0. 0. 0. 0. 1.96405663e-003 0. 2.72852543e-004 0. 0.
    3.68542643e-003 0. 6.93573675e-004 0. 0. 0. 9.18499194e-004
    6.94782427e-003 2.13245489e-003 0. 4.33103833e-003 0. 0. 0. 0.
    4.55400121e-004 0. 0. 0. -3.03303148e-003 7.99455098e-004 0.
    -3.30143703e-005 -1.12560776e-003 0. 1.22731028e-003 0.
    2.50172568e-003 0. 0. 0. 2.70392769e-003 0. 0. 1.10304111e-003 0.
    6.74433482e-004 8.26145231e-004 2.29151710e-003 0. -2.93090670e-006
    0. 0. 0. 5.38465567e-004 2.43927658e-004 -1.87460508e-004 0. 0. 0.
    4.80706221e-004 2.26101326e-003 0. 0. 0. 5.67510840e-004 0.
    2.50549614e-003 0. 0. 0. 1.28920516e-003 2.63208710e-003
    9.71238595e-004 1.51274703e-003 0. 0. 0. 0. 2.78096227e-003 0. 0. 0.
    0. 4.03579179e-004 0. 0. -1.21885142e-003 0. 8.85968562e-004
    2.63325474e-003 3.54892318e-003 1.50156420e-005 1.98798231e-003 0.
    0. 0. 8.74904974e-004 -1.64923782e-003 0. 9.38804878e-004 0.
    2.11541983e-003 0. 5.86765003e-004 0. 4.38396400e-003
    2.59748986e-003 5.62747628e-005 0. 1.79798831e-003 0. 0. 0. 0. 0.
    3.44567787e-004 1.17986696e-003 0. 0. -1.44625152e-003
    5.85980830e-004 9.06464484e-005 1.40405406e-004 3.92717600e-004
    9.94984657e-005 0. 0. 0. 0. 0. 0. 0. 0. 0. 0. 3.71518289e-003 0. 0.
    0. -1.29265230e-004 1.53064600e-003 2.69705243e-003 0. 0.
    1.21128315e-003 0. 0. 0. 0. 0. 4.56251146e-004 0. 9.21786879e-004 0.
    0. 0. -6.80457684e-004 0. 5.59000415e-004 0. -3.54938768e-003
    3.47949215e-004 0. 0. 0. 2.85250181e-003 0. 8.05213640e-004
    1.97304902e-003 2.70356098e-003 -1.82294069e-004 1.06104859e-003 0.
    0. 1.81217107e-003 4.05096635e-003 0. 0. 0. 0. 0. 1.65031015e-004
    4.08819848e-004 3.91103182e-004 1.20102311e-003 4.26901784e-003 0.
    6.44990010e-004 5.99590247e-004 0. 1.24264183e-003 6.54353993e-004
    0. 0. 0. 2.37320527e-003 0. 0. 4.24198457e-004 1.99490390e-003
    1.27831439e-003 0. 0. -4.63374126e-005 -3.58616489e-005 0. 0. 0. 0.
    1.02017890e-003 2.62414641e-003 8.60548462e-004 0. 2.06938409e-003
    1.44334522e-003 0. 2.57563638e-003 0. -2.36925625e-004 0. 0.
    2.61519663e-003 0. -4.19948250e-004 8.52059806e-004 5.09875035e-003
    0. 0. 0. 0. 1.63142628e-003 1.00169447e-003 6.94414950e-004 0.
    -1.19407043e-004 3.71784694e-003 5.66010771e-004 1.48180139e-003 0.
    6.93978567e-004 0. 0. 4.50879429e-003 0. 0. 8.59245716e-004
    2.70615192e-003 0. 0. 4.14335489e-004 0. 2.84152426e-004
    2.08056677e-004 0. -2.71995468e-005 -8.91408883e-004 0.
    2.97168200e-003 8.48064956e-004 2.87809200e-003 0. 0. 0.
    7.75473309e-005 0. 0. 0. 0. 0. 1.97463552e-003 0. -9.02830099e-004
    4.65592183e-003 5.03159966e-003 0. 0. 0. 0. 5.76643320e-003
    4.46843187e-004 0. 1.86847511e-003 0. 0. 0. 0. 8.19959445e-004
    7.33693736e-003 8.83804460e-005 0. 0. 4.08068020e-003 0. 0. 0. 0. 0.
    0. 0. 1.01951929e-003 2.03407928e-003 0. 0. 2.20397633e-004 0. 0. 0.
    0. 0. 0. 0. 0. 0. 0. 0. 2.79716100e-003 0. 2.12713101e-004
    1.03854877e-003 0. 9.08889924e-004 0. 9.36507655e-004
    3.15994280e-003 0. 2.77588540e-003 0. 0. 0. -1.33868234e-005 0. 0.
    0. 1.23319391e-003 1.77526998e-003 0. 0. 0. 0. 1.42951426e-003
    1.75082404e-003 0. 3.61272483e-003 0. 2.66000442e-003 0.
