<?xml version="1.0"?>
<opencv_storage>
<imageDescriptor type_id="opencv-matrix">
  <rows>1</rows>
  <cols>2000</cols>
  <dt>f</dt>
  <data>
    0. 0. 0. 6.19137543e-004 3.13107041e-003 0. 0. 6.72874856e-004
    3.72595212e-004 0. 0. 0. -4.50720050e-004 0. 0. 0. 0. 0. 0.
    3.83812381e-004 0. 0. 0. -1.36976060e-003 0. 0. 8.15854874e-004 0.
    -1.92971551e-004 0. 0. 0. 7.78903195e-004 0. 0. 0. 0.
    2.45219306e-003 0. 0. 0. 1.04340445e-003 0. 0. 4.82754142e-004 0.
    7.47561164e-004 0. 0. 1.45848200e-003 0. 0. 0. 1.32791686e-003 0. 0.
    0. 7.59549497e-004 9.63242352e-003 0. 0. 0. 0. 0. 8.88195995e-004 0.
    0. 0. 0. 0. 0. 0. 0. -1.75124456e-004 -1.35441456e-004 0. 0. 0.
    4.90465900e-004 -2.21747003e-004 -1.43131241e-004 0. 0. 0. 0.
    1.67873909e-003 0. 0. 7.82393850e-004 4.97349130e-004 0. 0.
    1.33767270e-003 0. 2.49924749e-004 0. 3.51711380e-004 0.
    1.65927841e-003 0. 0. 6.91966794e-004 5.86007081e-004 0. 0. 0.
    1.09984807e-003 1.59555013e-004 6.43390580e-004 -6.75818737e-005 0.
    -2.58685293e-004 0. 0. 2.47939490e-004 0. -3.46837005e-005
    2.68947706e-003 0. 0. 0. 1.17061252e-003 3.31700576e-004 0.
    -1.45884056e-004 3.89139517e-004 0. 3.18054284e-004 0.
    4.31737542e-004 9.64144070e-004 0. 0. 2.92911939e-003
    2.16946192e-003 0. 0. 0. 0. 0. 0. 7.32492597e-004 0. 5.81613916e-004
    2.04907585e-004 1.15878589e-003 0. 0. 3.41587886e-002 0. 0. 0.
    7.34288187e-004 0. 0. 0. 8.90681800e-003 -9.51648166e-004 0. 0.
    2.21057585e-003 4.37999656e-003 1.07251486e-004 0. 1.71412743e-004
    3.79734120e-004 4.43225319e-004 0. 1.47336069e-003 1.70884340e-003
    0. 0. 0. 0. 1.63968187e-003 -1.91854138e-004 7.74019281e-004
    2.13517211e-002 0. -2.03071060e-004 0. 0. 0. 0. 0. -3.34426331e-005
    0. 0. 0. 2.03997508e-004 1.82305637e-003 7.25572929e-004 0.
    3.30405356e-003 1.50526955e-003 0. -3.73345392e-004 1.29597320e-004
    0. 3.35143442e-004 0. 8.76979437e-004 2.64233444e-004 0. 0. 0. 0.
    6.94633403e-004 -5.61423076e-004 7.30165862e-004 0. 2.33769440e-003
    0. 5.70281118e-004 -2.85202055e-004 0. 1.52547774e-003
    1.08219357e-003 1.04776933e-003 0. 0. 2.13876352e-004 0.
    4.14334179e-004 7.85044977e-004 0. 0. 6.14431861e-004
    1.12657115e-004 7.86444638e-004 5.65546798e-004 0. 0. 0.
    5.08280529e-004 0. 0. 4.25116421e-004 0. 0. 1.16758095e-003 0. 0. 0.
    0. 6.01143402e-004 0. 4.94435430e-004 0. -4.09768036e-005
    5.24826231e-004 0. 0. 4.35090449e-004 0. 0. 0. 0. 2.33873288e-004
    -5.56239567e-004 -2.31262718e-004 0. 0. 3.36202967e-004 0.
    9.02078405e-004 5.11734979e-004 0. 0. -4.87164012e-004 0.
    -2.58374610e-004 0. 0. 0. 0. 0. 9.07666981e-004 7.92257895e-004 0.
    0. 7.51448271e-004 -1.86929436e-004 0. 1.65050582e-003
    3.32213327e-004 0. 0. 0. 0. 0. 0. 6.46073779e-004 4.27044259e-004 0.
    4.15287388e-004 -1.22846068e-005 0. 0. 1.24441157e-003 0. 0. 0. 0.
    0. 0. 1.36229198e-003 0. 0. 5.80203741e-005 0. 0. -2.19618971e-003
    0. 7.64816476e-004 1.84166609e-004 8.86935915e-004 0. 0.
    5.08697354e-004 4.22968704e-004 0. 1.32907822e-003 3.70600552e-004
    0. 2.67709711e-005 0. 0. 0. -5.28170785e-004 0. 0. 0.
    3.13733559e-004 1.67511764e-003 5.54755097e-004 0. 1.14367879e-003
    0. -1.10689187e-004 0. 0. 7.53304572e-004 0. 0. 0. 1.14435609e-003
    -7.38702307e-004 0. 0. 0. 1.31267868e-003 1.79158605e-003 0.
    1.55058492e-003 3.90852685e-004 0. 0. 0. 0. 0. 0. 0. 1.76251086e-003
    0. 0. 0. 8.78183928e-004 1.06953038e-003 0. 0. 0. 1.32858055e-003 0.
    3.80355283e-004 0. 0. 6.65179978e-004 4.43648838e-004 0. 0. 0.
    6.98635180e-004 0. 0. 0. 0. 0. 1.10775325e-003 -5.26667282e-004 0.
    8.72778037e-005 1.48816704e-004 0. 8.13507417e-004 0.
    -3.68130539e-004 8.49254138e-006 5.86988335e-006 -1.56777256e-004
    6.03394117e-004 0. -1.45750120e-004 0. 0. 0. 0. 0. 2.86267884e-003
    3.98458960e-003 4.47219564e-003 0. 0. 3.21884727e-004 0.
    8.48602876e-003 0. 1.42581412e-003 3.89865047e-004 1.26705505e-004
    1.62847713e-003 0. 0. 1.74960960e-003 6.81538018e-004
    1.27106113e-003 2.66486488e-004 0. 0. -2.72552934e-005 0. 0.
    1.34534691e-003 0. 3.45378998e-004 -2.34927084e-005 1.43580523e-003
    0. 0. 0. 0. 1.00197748e-003 1.10204576e-003 -1.30811776e-003
    -5.65899863e-005 7.78892601e-004 0. 0. 0. 0. -3.60085018e-004 0. 0.
    2.04848664e-004 0. -6.13236392e-004 0. 0. 4.40762269e-005 0. 0. 0.
    3.05579556e-003 0. 0. 0. -6.91527792e-004 0. 0. -1.45933736e-004 0.
    0. 0. 5.14041982e-004 1.08330545e-003 8.91311152e-004
    1.13840902e-003 6.22653170e-004 4.16082912e-004 0. 0.
    5.66521543e-004 1.13165996e-003 0. 6.18012040e-004 8.01395741e-004
    0. 0. -1.22248995e-004 0. 1.46897312e-003 0. 1.01200386e-003 0.
    3.34551069e-003 8.93009594e-004 9.14174889e-004 0. 0. 0. 0.
    4.55483852e-004 1.04368934e-004 0. 0. 0. 0. 0. 0. 1.69565575e-003 0.
    0. 0. 4.13959147e-004 2.68572243e-004 6.84200961e-004
    2.25060363e-003 1.12892583e-003 1.50562788e-003 0. 0. 0. 0.
    1.14118890e-003 6.01506755e-002 0. 2.18952727e-003 2.13417993e-003
    0. 0. 1.35029654e-003 0. 7.18318566e-004 9.19680693e-004
    2.79747270e-004 1.06269564e-003 9.01306979e-004 0. 0.
    2.58651213e-003 4.28168249e-004 6.01534150e-004 2.01504165e-003 0.
    0. 2.58863438e-002 0. 0. 1.60481292e-003 0. 3.52346082e-003 0.
    1.74977712e-003 0. 1.10611005e-003 -2.14997723e-004 0.
    1.65559992e-003 3.03829904e-004 0. 1.42194913e-003 0. 0. 0.
    1.59223541e-003 0. 0. 0. 0. 0. 0. 0. 2.17253994e-003 0. 0. 0. 0.
    8.30610457e-004 -4.04780556e-004 0. 0. 8.00846319e-004
    8.67435825e-004 0. 8.53499398e-004 0. 0. 1.08443561e-003 0.
    5.19873342e-004 1.08933041e-003 0. 7.50561478e-004 1.07207266e-003
    9.92300920e-004 0. 6.63623563e-004 1.03373197e-004 2.29046287e-004
    -2.59962399e-004 0. 0. 0. 0. 0. 4.68149781e-004 0. 0. 0.
    1.71328569e-003 -4.93384257e-004 5.63050678e-004 0. 0. 0.
    2.98644649e-003 0. 1.96365453e-003 0. 1.38724304e-003 0.
    9.35449323e-004 0. 0. 0. -1.24433858e-003 3.59867816e-004
    6.01693243e-003 6.55758704e-005 2.31762207e-003 1.34116400e-003 0.
    3.11728450e-004 1.63075150e-004 0. 0. 0. 1.19778444e-003 0. 0. 0.
    1.06729229e-003 0. 0. 0. 2.15349137e-003 1.14237680e-003
    1.15757901e-003 2.92525161e-004 0. 0. 0. 6.78979442e-004
    3.52139655e-003 0. 2.62231613e-003 -2.46873824e-003 0. 0. 0. 0.
    1.88377535e-003 0. 3.44885630e-004 0. 5.00079535e-004 0.
    2.36583408e-003 2.13949056e-003 0. 0. 0. 0. 1.56656711e-003
    -2.97479855e-005 0. 0. 1.65500108e-003 0. 2.25600641e-004 0.
    3.32249608e-003 0. 2.60150409e-004 0. 0. 0. 0. 0. 0. 0. 0. 0. 0. 0.
    2.00504716e-003 0. 0. 0. 8.89902993e-004 8.11458472e-003 0.
    2.13292451e-003 0. 0. 4.75976674e-004 0. 0. 6.92072354e-005 0. 0. 0.
    -9.41760081e-005 0. 1.00316996e-004 0. 0. 0. 0. 4.14134644e-004 0.
    0. 0. 4.17434640e-004 0. 3.44740367e-003 0. 0. 0. 0. 1.19343388e-003
    1.53130968e-003 5.08484663e-004 0. -7.26830447e-004 0.
    1.77122466e-003 4.46908263e-004 0. 0. 0. 1.33346231e-003 0.
    6.27945585e-004 7.21616379e-004 1.11701316e-003 0. 1.66998664e-003
    0. -2.93956138e-004 0. 0. 2.21652255e-004 0. 0. 0. 0. 0. 0. 0. 0.
    3.84035317e-004 8.83838438e-005 0. 0. -2.64083705e-004 0.
    9.62784630e-004 0. 3.74966883e-003 0. 0. 5.52115671e-004 0. 0. 0.
    3.68451147e-004 1.16633414e-003 0. 0. 2.21581524e-003 0.
    4.46212129e-004 9.53968614e-004 0. 0. -2.09752281e-004
    4.18002863e-004 0. 0. 0. 0. -1.01003482e-003 1.84556597e-003
    -4.90253500e-004 0. 6.56798191e-004 0. 0. 0. 0. 1.03116606e-003 0.
    0. 0. 0. 0. 0. -1.15530442e-004 0. 5.57544059e-004 0.
    -9.33397496e-006 1.57786091e-003 0. 0. 0. 0. 0. 0. 1.25723856e-003
    0. 0. 0. 9.11745301e-004 0. 5.05351811e-004 6.37168938e-004 0. 0.
    2.10353493e-004 2.21158215e-003 1.73121342e-004 3.63068335e-004 0.
    1.21443486e-003 5.04871095e-005 0. 0. 0. 0. -5.55716746e-004 0. 0.
    4.07493935e-004 0. 2.61825416e-003 0. -1.57448419e-004 0. 0.
    4.01978567e-003 -1.95296074e-003 0. 0. 0. 0. 0. 0. 0.
