<?xml version="1.0"?>
<opencv_storage>
<imageDescriptor type_id="opencv-matrix">
  <rows>1</rows>
  <cols>2000</cols>
  <dt>f</dt>
  <data>
    0. 0. 0. 0. 0. 0. 0. 0. 0. 0. 0. 0. 0. 3.22672859e-004 0. 0. 0.
    1.81870861e-003 0. 1.87742535e-003 0. 0. 0. 4.81469277e-003 0. 0.
    1.48469908e-003 0. 1.43376738e-003 7.94561580e-003 2.37730099e-003
    0. 0. 8.88714800e-004 -5.02566172e-006 0. 3.29902116e-003 0. 0.
    -2.28641881e-003 1.17931655e-003 3.94582935e-003 0. 0. 0. 0.
    2.27027107e-003 0. 0. 0. 1.21610530e-003 2.70616077e-003 0.
    1.30963244e-003 -2.10445971e-004 0. 0. 2.54246581e-004 0. 0.
    1.73452322e-003 0. 1.23186503e-003 0. 0. 0. 1.15458958e-003 0.
    3.78419366e-003 9.62288585e-004 1.14453386e-003 0. 0. 0.
    -1.10528083e-003 0. -1.05115736e-003 0. 0. 4.01944574e-003
    8.14686762e-004 3.38847819e-003 0. 2.81744613e-003 0.
    5.31779311e-004 0. 0. 0. 0. 0. 0. 0. 3.48832947e-003 0.
    3.66834295e-003 7.61024770e-004 1.74749177e-003 0. 0. 0. 0.
    2.35797153e-004 2.14879564e-003 0. 0. 0. 0. 1.37552945e-003
    1.32256583e-003 1.62885978e-003 4.31813824e-004 0. 0. 0. 0.
    5.36772364e-004 3.98171926e-003 0. 0. 0. 0. 2.87879887e-003
    9.20863007e-004 -4.01404017e-004 0. 0. 0. 1.21042156e-003
    3.49051523e-004 5.54218190e-003 9.11202005e-006 1.58540870e-003 0.
    -9.89663065e-004 0. 5.49905351e-004 -2.79275817e-004 0. 0. 0. 0. 0.
    0. -1.23676623e-003 0. 0. 0. 0. 0. -6.78567158e-005 0.
    1.86502177e-003 0. 7.92849285e-004 0. 1.89249869e-003 0. 0.
    5.95688121e-004 0. 0. 0. 4.69043036e-004 0. 0. 1.40207505e-003
    7.23100093e-004 0. 0. 0. 0. 1.16780179e-003 0. 0. 0. 1.13717141e-003
    0. 3.78539087e-003 0. 1.62888129e-004 0. 0. 0. 0. 0.
    -5.08760626e-004 0. 0. 0. 3.20577505e-003 2.92489934e-003
    7.50055769e-004 -1.02498481e-004 0. 0. 0. 0. 7.43969576e-004 0. 0.
    0. 0. 0. 0. 0. 0. 0. 0. 0. 0. 0. 5.40415698e-004 0. 7.24168262e-004
    6.55223615e-004 0. 1.59002142e-003 0. 0. -1.39454132e-004 0. 0. 0.
    0. 0. 4.78708069e-004 0. 0. 1.90216539e-004 0. 0. -4.35797876e-004
    0. 2.51691759e-004 0. 4.63921751e-004 0. 0. 8.77069833e-004 0.
    -1.43990052e-004 0. 1.34138204e-003 0. 0. 0. 2.51357513e-003 0.
    9.71675399e-005 6.96577132e-004 0. 0. 0. 0. 2.33409111e-003 0. 0.
    6.46426401e-004 0. 1.47932151e-003 0. 0. 5.56847313e-004
    -1.53426008e-004 0. 0. 0. 0. -3.06848757e-004 0. 0. 0. 0.
    6.34471886e-003 0. 0. 0. 0. 0. 0. 1.61240669e-003 5.16263163e-003 0.
    3.78098479e-003 0. 0. 0. 4.81715426e-003 0. 2.83232098e-003 0. 0. 0.
    0. 1.37034967e-003 0. 0. 1.63751276e-004 1.59776048e-003
    -5.27748547e-004 0. 7.75692577e-004 0. 0. 0. 0. 2.76817475e-003
    5.19494805e-003 0. 0. -1.35703513e-003 0. 0. 6.51804439e-004
    6.35323673e-003 0. 6.70295325e-004 2.13426864e-003 0.
    -2.74713966e-004 0. 0. 0. 0. 0. 0. 0. 0. 3.41127743e-004
    7.66898098e-004 0. 2.09946511e-003 0. 2.83769774e-003 0.
    2.64273817e-003 6.36319674e-005 0. 4.26997850e-003 0.
    -2.27482611e-004 4.39817930e-004 2.65879487e-003 0. 0. 0. 0.
    2.95665534e-003 0. 3.03265871e-004 0. 3.32418364e-004 0.
    4.06696228e-004 -2.04702774e-005 4.88516036e-003 -3.90714529e-004
    9.38065874e-004 0. 5.97893680e-003 0. 0. 5.41004119e-004 0.
    2.16886331e-003 0. 0. 1.97911682e-003 4.21747705e-003
    6.13232667e-004 -5.49554650e-004 0. 0. 0. 0. 0. 0. 8.90542404e-004
    0. 1.13714254e-003 4.40239767e-003 2.25289463e-004 0.
    -1.84118573e-004 -1.13480003e-003 0. 0. 0. 0. -7.53947650e-004 0.
    2.66450644e-003 -1.69301464e-004 0. 0. 0. 0. 3.53897311e-004
    1.44580903e-003 0. -1.80259987e-003 0. 0. 0. 2.52097052e-005 0. 0.
    0. 0. 0. 2.66443181e-004 0. 0. 2.63370131e-003 0. 0. 0. 0. 0. 0. 0.
    -3.52590068e-005 0. 0. 8.34675506e-003 2.79019168e-003
    1.82031887e-003 0. 0. 0. 0. 0. 0. 5.81265951e-004 0. 0.
    1.38597889e-003 1.30135380e-003 0. 0. 0. 0. 4.53837711e-004 0.
    2.85999523e-003 0. 0. -2.47501557e-005 0. 0. -1.95464934e-003 0. 0.
    0. 0. 0. 0. 0. 0. 0. 0. 0. 2.62508262e-003 0. 5.98473800e-003
    6.05670793e-004 0. 0. 0. 0. 5.26690762e-003 0. 0. 0. 0. 0. 0.
    8.45105853e-004 0. 0. 0. 0. 3.44460248e-003 0. 0. 0. 0. 0. 0.
    4.81777766e-004 1.73734652e-003 1.71565416e-003 1.78765238e-003 0.
    0. 0. 1.61057652e-003 -4.42875928e-004 0. 0. 2.23040185e-003
    -2.65726150e-004 0. 0. 3.91280605e-003 1.57570303e-003
    3.05420649e-003 0. 0. 3.07787932e-003 0. 0. 2.72564800e-003 0. 0. 0.
    0. 0. 1.65498792e-003 0. 5.00970986e-004 -6.52980176e-004 0. 0. 0.
    0. -4.06915380e-004 0. 7.26798724e-004 0. 0. 0. 2.12674960e-003
    1.25976850e-003 0. 0. 0. 0. 0. 1.95772285e-004 9.34977259e-004 0.
    -3.90974921e-004 0. 0. 0. -7.06981868e-004 0. 0. 0. 1.07461074e-003
    7.23091711e-004 0. 0. -6.33061049e-004 1.21824513e-003 0. 0.
    4.77991998e-003 0. 0. 0. 0. 3.67416389e-004 0. 3.62803112e-004 0.
    5.49969613e-004 0. 0. 0. 1.33063807e-003 0. 0. 0. 0. 0. 0. 0. 0.
    1.26953085e-003 0. 0. 0. 0. 1.59152597e-003 7.72174681e-004 0. 0. 0.
    0. 0. 0. 0. 0. 0. 0. 0. 0. 0. 1.80632283e-003 0. 0. 0. 0.
    2.16501881e-003 0. 0. 6.60855963e-004 1.59890775e-003 0.
    1.88219338e-003 0. 0. 0. 0. 0. 3.64062842e-003 2.20907532e-004 0. 0.
    0. 0. 1.07841881e-003 0. 0. 9.96096758e-004 0. 2.28569633e-003
    4.30160342e-003 2.86829611e-003 0. 4.46907943e-004 0.
    -1.79197421e-004 3.55184474e-003 2.90727173e-003 1.61735050e-004 0.
    0. 1.28157248e-004 2.31536361e-003 0. 1.30244880e-003 0. 0.
    -2.65736075e-004 -1.83111159e-004 0. 0. 3.65523825e-004
    5.22179063e-004 0. 0. -1.27829274e-003 6.06541429e-003
    9.19101702e-004 0. 0. -5.40155917e-004 1.56378688e-003 0.
    1.90424407e-003 6.51744020e-004 0. 0. 0. 4.67390433e-004 0.
    5.68816788e-004 0. -2.68408941e-004 2.08799448e-003 4.40413132e-003
    0. 6.78535493e-004 0. 0. -4.46759746e-004 9.75616393e-004
    4.28150455e-003 -7.75406079e-005 0. 0. 2.78834463e-003
    3.39695136e-003 0. 0. 0. 0. 9.35665390e-004 1.17237330e-003 0.
    -2.33826722e-004 6.25589164e-004 0. 1.79471530e-003 9.09803028e-004
    0. 0. 0. 0. 4.88219870e-004 3.39421094e-003 3.76556371e-003 0. 0. 0.
    0. 0. -9.36769531e-004 9.60893522e-004 0. 0. 0. 0. -2.88310432e-004
    0. 0. 4.66375175e-004 3.28383106e-003 0. 0. 0. 0. -2.64925824e-004
    0. 0. 5.96654601e-004 0. -1.88465661e-003 0. -2.68203177e-004 0. 0.
    3.41691705e-003 7.33441266e-004 0. 1.26698578e-003 0. 0. 0. 0.
    1.50437688e-003 1.25619606e-003 0. 9.68132925e-004 0. 0.
    2.96610990e-003 0. 0. 1.41953886e-003 0. 0. 0. 0. 0. 0.
    7.93747837e-004 0. 0. 0. 1.28196122e-003 1.55689765e-003 0.
    9.76099924e-004 1.64251681e-003 0. 0. 0. 0. 0. -4.42455057e-004 0.
    1.10731344e-003 7.88616017e-004 4.35025198e-004 5.17291762e-003 0.
    0. -4.33944078e-004 2.34453400e-004 0. 0. 0. 4.71562962e-004 0. 0.
    0. 0. 2.34535197e-003 1.08954133e-004 0. 0. 0. 0. 0. 0. 0. 0. 0. 0.
    0. 0. 0. 0. 1.39973836e-003 2.76575983e-003 0. -9.17056575e-004 0.
    1.87378481e-003 0. 0. 0. 0. 0. -6.41264895e-004 0. 0. 0.
    3.03231226e-003 0. 0. 7.83725118e-004 0. 0. 7.31325534e-004
    9.92984278e-004 2.90861120e-003 0. 2.25133635e-003 0. 0. 0. 0. 0. 0.
    0. 0. 3.23975342e-003 0. 0. 3.52120865e-003 -7.26690749e-004 0. 0.
    3.85580747e-003 8.06551194e-004 0. 6.18188526e-004 0.
    2.69114011e-004 0. 0. 0. 1.32100447e-003 0. 0. 0. 1.39673101e-003 0.
    0. 0. 0. 5.60936099e-003 5.80974214e-004 0. -9.13853059e-004 0.
    4.91043145e-004 0. 9.01357969e-004 0. 0. 0. 0. 0. 2.56298669e-003 0.
    0. 0. 0. 0. 0. 1.23316981e-003 5.92614349e-004 0. 0. 6.04846224e-004
    0. 3.46761593e-003 0. -1.74050860e-003 1.71320222e-003 0.
    1.31901586e-003 0. 0. -8.82525565e-005 0. 0. 1.31656602e-003 0.
    2.23869589e-004 -3.54527822e-003 0. 0. 0. 0. 0. 1.60961668e-003 0.
    0. 0. 0. 0. 0. 6.89999433e-004 3.40415776e-004 0. 0. 0. 0. 0.
    4.07401589e-004 -2.78747757e-004 0. 0. 0. 0. 0. 0. 0.
    1.72569719e-003 0. 0. 0. 9.72942915e-004 3.16558196e-003 0.
    2.87649850e-003 0. 0. 0. 0. 6.46955508e-004 0. 9.33197851e-004 0. 0.
