<?xml version="1.0"?>
<opencv_storage>
<imageDescriptor type_id="opencv-matrix">
  <rows>1</rows>
  <cols>2000</cols>
  <dt>f</dt>
  <data>
    3.32557876e-003 2.35025451e-004 9.57254670e-004 0. 0. 0.
    4.58591757e-003 0. 0. 2.90413550e-003 0. 0. 0. 0. 0. 8.80280742e-004
    1.28277834e-003 3.15132388e-003 0. 0. 9.67924498e-005 0. 0.
    1.03655468e-004 0. 2.50109297e-004 0. 0. 0. -2.29609641e-003 0. 0.
    0. 0. 0. 0. 0. 0. 3.77308490e-004 0. 4.20787046e-003 2.14642903e-004
    0. 0. 0. 0. 0. 8.68619361e-004 0. 0. 2.77586537e-003 2.89618899e-003
    4.61185700e-004 0. 2.62109766e-004 5.58565545e-004 3.45891604e-004
    3.05069424e-003 0. 0. 0. 0. 0. 2.01218505e-003 -2.21827044e-003 0.
    -5.02311683e-004 0. 0. 5.58096690e-005 1.96213112e-003 0. 0. 0. 0.
    2.31693243e-003 0. 0. 0. 0. 1.38638448e-003 9.13248397e-003 0. 0.
    2.11249525e-003 -2.87148025e-004 0. 0. 0. 0. 0. 0. 2.40312237e-003
    1.99120305e-003 0. 0. 1.95407192e-005 2.82520126e-003 0. 0.
    -1.09418383e-004 3.53809772e-003 0. 0. 0. 1.19767187e-003 0.
    8.86793598e-004 3.21501662e-004 -1.22207683e-004 1.49048131e-003 0.
    0. 0. -1.08219543e-003 0. 0. 0. 1.82520493e-003 2.83910870e-003
    -2.89354677e-004 1.99186266e-003 0. 3.04769492e-003 5.05868345e-003
    0. 0. 0. 0. 0. 0. 7.18316296e-004 2.24493397e-003 0. 0. 0.
    2.16200110e-003 4.79572598e-004 0. 0. 0. 0. 0. 2.73293932e-004
    1.04369014e-003 0. 2.46884581e-003 0. 0. 0. -5.04011172e-004 0. 0.
    0. 1.26246654e-003 0. 0. -2.49444717e-003 0. 0. 0. 0.
    5.07225422e-003 5.44503378e-003 1.59488188e-003 9.49301233e-004 0.
    0. 0. 0. 0. 0. 0. 0. 0. 2.33729789e-003 0. 0. 0. 0. 0. 0. 0. 0.
    1.81498344e-003 1.32632791e-003 0. 0. 0. 0. 0. 0. 0. 0. 0.
    4.47681901e-004 0. 0. 1.53006159e-003 0. 0. 2.02794163e-003 0. 0. 0.
    0. 0. 0. 0. 0. 1.91337976e-003 0. 0. 0. 0. 0. 0. 0. 0.
    2.50995043e-003 0. 0. 0. 0. 0. 0. 0. 0. 2.10627401e-003 0. 0.
    1.66929909e-003 1.77970133e-003 0. 0. 1.98166817e-003 0. 0. 0.
    -7.66974917e-005 -7.99748756e-004 -1.73528772e-003 0. 0. 0.
    1.64076465e-003 0. 0. 0. -7.40183896e-005 3.52764153e-003 0. 0.
    6.31104503e-003 0. 2.40023161e-004 0. 2.02060575e-004
    2.34497106e-003 0. 0. 0. 3.61328898e-003 3.09775642e-004 0.
    7.60430703e-004 2.11634114e-003 0. 0. 0. 0. 0. 0. 0. 0.
    1.62898423e-003 0. 3.19367414e-003 0. 0. 0. 3.08330957e-004 0. 0.
    -3.19022278e-004 0. 0. -3.09072522e-004 0. 0. 0. 0. 2.47143675e-003
    0. 0. 0. -3.54948250e-004 -6.81162986e-004 0. 0. 0. 1.85303204e-003
    1.97771378e-003 2.25418550e-003 1.08430558e-003 0. 0. 0. 0.
    7.99972404e-005 0. 0. 0. 1.32632337e-003 4.46435204e-003 0. 0. 0. 0.
    0. 0. 0. 0. 1.09908113e-003 0. 0. 1.10503775e-003 0. 2.90829455e-003
    3.33190896e-003 0. 6.85554929e-004 0. 3.19584785e-003 0. 0. 0. 0. 0.
    0. 0. 0. 0. 6.22678432e-004 0. 0. 0. 0. 4.19640820e-003 0. 0. 0. 0.
    0. 0. 0. 0. 0. 1.55172322e-003 1.15536607e-003 4.38451953e-003 0.
    1.14356307e-003 0. 0. 0. 0. 7.11577828e-004 0. 0. 9.13049269e-004 0.
    0. 0. 2.14861287e-003 0. 0. 0. -5.65414375e-004 0. 0. 0.
    2.45403196e-003 0. 0. 0. 1.23280915e-003 0. 1.67178921e-003 0.
    3.40879895e-003 0. 2.61684950e-003 1.80280744e-003 1.14239799e-003
    0. 0. 0. -2.35924585e-004 0. 0. 6.46714913e-003 -3.74619092e-004 0.
    0. 5.98216197e-003 0. 0. 0. 5.94500219e-004 0. 0. 0. 0. 0. 0. 0. 0.
    0. 0. 0. 0. 1.19176565e-003 -1.32840336e-003 0. 0. 5.13748219e-003
    1.30239013e-003 0. 2.90556881e-003 0. 1.70920196e-003 0. 0.
    2.01061150e-004 0. 3.34359799e-003 0. 1.75298046e-004 0. 0. 0. 0.
    -1.87030106e-004 0. 0. 0. 0. 8.66199553e-004 0. 0. 0. 0. 0. 0. 0. 0.
    0. 0. 0. 0. 0. 0. 0. 0. 1.00041414e-003 9.14602913e-003 0. 0. 0. 0.
    1.04499841e-003 6.86892236e-005 0. 0. 3.82793648e-003 0. 0. 0. 0. 0.
    9.68901557e-004 3.53811379e-003 0. 0. 0. 2.11403123e-003 0. 0.
    -9.59763187e-004 0. 0. 0. 0. 0. 0. 4.93699510e-004 8.17943248e-004
    6.09787181e-004 0. 0. 0. 0. 0. 1.02512783e-003 0. 0. 3.07326997e-003
    1.50980696e-003 1.36673800e-003 0. 0. 0. -2.30361577e-004
    4.93194256e-003 8.30076227e-004 0. -1.20854755e-004 -8.33681086e-004
    0. 0. -2.74978782e-004 0. 0. 0. 3.59262759e-003 1.99347106e-003
    1.24721951e-003 0. 1.90889649e-003 1.44163577e-003 0. 0.
    6.66972669e-003 7.30999571e-004 0. 6.42331783e-004 0. 0.
    1.63324457e-003 0. 2.73600570e-003 0. -7.02701072e-006 0. 0.
    1.36165565e-003 1.07488281e-003 0. 0. 2.48786691e-003 0. 0. 0. 0. 0.
    0. 0. 0. 3.50533193e-003 0. -2.81603803e-004 0. -8.49744611e-005
    5.69834001e-003 0. 3.38384090e-003 0. 0. 0. 0. 1.16773578e-003 0. 0.
    0. 0. 0. 0. 0. 4.06664767e-005 2.44034818e-004 0. 0. 0. 0. 0.
    -1.93447195e-004 0. 0. 0. 4.92992857e-003 1.66684494e-003 0. 0. 0.
    6.77887816e-004 0. 3.32385651e-003 0. 1.38388632e-003
    5.07053081e-003 7.21811608e-004 8.49869975e-004 3.78347409e-004 0.
    0. 4.88639052e-004 9.41506121e-004 0. 7.32790912e-004 0. 0. 0. 0. 0.
    0. 2.82703084e-003 1.29061332e-003 -2.22230025e-004 0. 0. 0.
    1.37539848e-003 0. 1.97065133e-003 0. 0. 0. 0. 1.10326731e-003 0. 0.
    0. 0. 0. 0. 0. -1.00353477e-003 0. -4.47073617e-005 0.
    1.23315630e-003 0. 0. 0. 0. 0. 4.16662963e-003 2.68862001e-004 0. 0.
    1.24937261e-003 1.05254154e-003 0. 0. 0. 0. 0. 0. 0. 2.03522781e-004
    0. 0. 9.39970952e-004 5.12298429e-004 9.28133610e-004
    3.02771106e-003 0. 1.61504082e-003 0. -1.77021531e-004 0. 0.
    3.38326697e-003 0. 0. 0. 5.09445381e-004 1.71195564e-003 0. 0. 0. 0.
    0. 0. 1.36080815e-003 4.22819145e-003 -6.51235518e-004 0. 0.
    2.04067514e-003 3.00649810e-003 0. 0. 0. 0. 0. 2.75938946e-004 0. 0.
    0. 4.02044068e-004 1.45995023e-003 1.77111628e-003 0. 0.
    3.33104585e-003 1.07925734e-003 0. 0. 8.60347645e-004
    -8.50374112e-004 0. 0. 0. 1.07304135e-003 0. 1.12582394e-003 0. 0.
    0. 0. 0. 9.38282523e-004 0. 4.55267262e-003 1.51053921e-003 0. 0. 0.
    0. 4.28054685e-004 2.49788351e-003 0. 0. 0. 0. 0. 0. 1.07720238e-003
    0. 1.56079524e-003 0. 3.60443979e-003 0. 1.25419130e-004
    1.59777247e-003 0. 0. 1.16777315e-003 1.40524830e-003 0. 0. 0. 0.
    2.23021256e-003 0. 0. 0. 4.12464171e-004 4.49852413e-003
    5.33858547e-004 2.07469077e-003 1.37275585e-003 1.37429021e-003 0.
    0. 0. 0. 2.03158660e-003 0. 0. 0. 3.72974458e-003 0. 0. 0. 0. 0. 0.
    3.23645538e-003 1.80291058e-003 1.64249283e-003 0. 2.98624649e-003
    0. 0. 0. 0. 0. 0. 0. -3.90791593e-006 0. 3.70000169e-004 0. 0. 0. 0.
    0. 0. -1.81160547e-004 0. 1.06066174e-003 0. 0. 0. 0. 0. 0. 0. 0. 0.
    0. 1.85030384e-003 0. 0. 0. 0. 0. 0. -5.45004325e-004
    1.00463047e-004 2.44926754e-003 -3.87671433e-004 1.87316921e-003 0.
    0. 0. 0. 2.55524926e-003 0. 0. 0. 2.03567720e-003 0. 0. 0. 0. 0. 0.
    0. 0. 0. -1.44274544e-003 4.90876194e-003 0. 5.96969097e-004
    -6.54292293e-004 0. 0. 0. 4.60222014e-004 0. 0. 0. 0.
    1.11792737e-003 0. 6.63755520e-004 0. 0. 0. 0. 0. 0. 0.
    1.37881422e-003 0. 0. 0. 0. 0. 0. 0. 3.96460062e-003 0.
    1.77564286e-003 0. 1.39459677e-003 6.11403375e-004 0. 0. 0. 0. 0.
    -9.34380689e-004 0. 0. 3.74293956e-003 0. 0. 1.46379694e-004
    1.10903895e-003 0. -1.07511325e-004 -1.09707343e-003 1.47772406e-003
    0. 0. 0. -1.18020119e-003 0. 2.83023296e-003 1.82169816e-003 0. 0.
    0. 0. 1.40942622e-003 -5.93196542e-004 9.90039087e-004 0. 0.
    1.29311886e-002 0. 0. 0. 0. 0. 8.42005364e-004 1.82035699e-004 0. 0.
    8.41239234e-004 0. 0. 0. 0. 0. 0. 3.22472281e-003 1.14094684e-004
    2.79275095e-003 0. 0. 9.61355108e-004 2.04438926e-003 0. 0. 0.
    5.47433086e-003 0. 0. 1.26584934e-003 0. 0. 0. 0. 1.29662000e-003
    -1.39464042e-004 0. 0. 1.50186170e-004 3.94938700e-003
    3.19103547e-003 1.00648322e-003 0. 0. 0. 0. 0. 0. 0. 0. 0. 0. 0. 0.
    0. 0. 0. 1.24469108e-003 0. 0. 0. 0. 0. 0. 0. 0. 0. 0. 0.
    1.84206874e-004 2.58903438e-003 0. 0. 0. 0. 8.85303481e-004 0.
    5.51238190e-004 0. 0. 1.73953176e-003 1.42630842e-003 0. 0. 0. 0. 0.
    0. 8.02854076e-003 0. 4.00811480e-003 0. 0. 0. 9.63999541e-004 0.
