<?xml version="1.0"?>
<opencv_storage>
<imageDescriptor type_id="opencv-matrix">
  <rows>1</rows>
  <cols>1000</cols>
  <dt>f</dt>
  <data>
    0. 0. -4.73703753e-004 7.36385467e-004 0. 0. -1.00098422e-003 0. 0.
    -1.56828994e-003 -3.04013817e-003 0. 1.47412121e-002 1.72396214e-003
    -1.10913161e-003 2.10012018e-004 0. 0. 0. 0. 6.88681961e-004 0. 0.
    0. 0. 0. 0. 6.58806926e-003 -4.09537368e-003 2.97827809e-003 0. 0.
    1.51073711e-003 2.01364444e-003 4.33712918e-003 0. 0. 0.
    2.77971872e-003 1.60261150e-003 -4.23112931e-003 0. 0. 0. 0. 0. 0.
    1.76615766e-004 0. 0. 1.54339243e-004 0. 0. 1.36590551e-003 0.
    -4.12360860e-005 0. 9.54105926e-004 0. 0. 0. -1.96621032e-003
    8.49053729e-003 0. 3.11030587e-003 0. 3.90611298e-004 0. 0. 0.
    1.42905368e-002 -4.59790434e-004 2.14038487e-003 0. 0. 0.
    -1.90149818e-004 0. -3.48474452e-004 0. 2.76642782e-003 0.
    6.87721139e-003 1.17329857e-003 0. -9.06965637e-004 0. 0. 0. 0.
    2.29700445e-003 0. -6.28042966e-004 0. 0. 0. 6.76776320e-002 0. 0.
    0. 0. 4.03413968e-003 -7.66301295e-004 1.09698214e-002 0.
    2.36446899e-003 0. 0. 1.41246954e-003 0. 3.27824219e-003 0.
    8.45104735e-003 1.31503092e-002 0. 0. 0. 1.55927718e-003
    6.88418467e-003 0. 0. -1.93356560e-003 0. 0. 0. 4.11605649e-003 0.
    0. 0. -1.36080477e-003 0. 0. 0. 5.77855809e-003 7.91014452e-003 0.
    6.69483095e-004 0. -5.99711435e-003 0. 6.73727179e-003 0.
    2.99594758e-005 -5.11251390e-004 6.83808932e-003 0. 0.
    3.17775412e-004 0. -1.15958054e-003 5.98687772e-003 -2.00504423e-004
    0. 0. 0. 0. 5.02718287e-003 6.94822171e-004 0. 8.19386169e-003 0. 0.
    0. 0. 0. 0. 0. 1.68233680e-006 -3.28657479e-004 0. 0.
    6.75094256e-004 0. 0. 5.44396602e-003 0. 0. 0. 0. 0. 9.73254349e-003
    0. 0. 0. 0. 0. 9.26477369e-003 0. 7.12912390e-003 0. 0. 0. 0. 0. 0.
    0. 7.36288959e-003 0. 0. 0. -3.69341695e-003 0. 0. 1.59174131e-004
    3.60790960e-004 -1.96256791e-003 0. 0. 0. 0. 0. 0. -2.43269373e-004
    0. 8.02315888e-004 0. 0. -8.14155501e-004 6.94453542e-004
    4.00353485e-004 1.58636214e-003 0. 0. -1.12724141e-003
    1.93138921e-003 0. 0. 2.49252742e-004 0. 0. -1.33627339e-003
    1.09387884e-005 0. 0. 0. 1.38456948e-004 0. 0. 7.02459877e-003
    8.12962372e-003 0. 5.64768678e-003 -6.89676614e-004 0. 0. 0. 0. 0.
    0. 0. 0. 0. 0. 0. 0. 4.11922665e-004 0. 0. 0. 0. 0. 0. 0. 0. 0. 0.
    0. 6.53136242e-003 0. 3.42353573e-003 7.28369504e-003 0. 0.
    8.61901976e-003 0. 0. 0. 0. 1.87134094e-004 3.35468282e-003 0. 0. 0.
    9.73365444e-004 0. 6.58946298e-003 7.76594691e-003 7.30447425e-003
    0. 8.33360758e-003 -8.81926855e-004 3.63319152e-004 -5.28368459e-004
    7.95014948e-003 0. 1.93362939e-003 0. 0. 0. -2.10262064e-004
    8.07179604e-004 0. 1.97283365e-003 4.64189303e-004 1.04129947e-004
    0. 6.42426079e-003 4.30382875e-004 -2.00830516e-003 3.77435586e-004
    3.73104354e-003 0. 0. 0. 0. 0. -2.12781737e-003 -3.31386866e-004
    7.32822763e-003 1.36876653e-003 5.45500452e-003 0. 0. 0. 0. 0.
    5.47591830e-004 0. 0. 0. 0. 0. 0. -2.00736918e-003 0. 0. 0. 0. 0. 0.
    0. 0. 0. 7.31084903e-004 0. 7.97582045e-003 0. 0. 4.60730895e-004 0.
    0. -6.13239687e-003 8.93239491e-003 0. 1.27915619e-003
    3.59902770e-004 -1.50919845e-003 -1.46298946e-004 0. 0. 0. 0. 0. 0.
    0. 0. -2.07733526e-003 8.31991248e-003 0. 0. 0. 0. 1.76588412e-006
    0. 2.25022878e-003 0. 0. 1.15931407e-003 0. -5.62545436e-004 0.
    2.29554321e-003 -1.54243695e-004 -1.10391201e-002 1.64023926e-003 0.
    0. 2.78826826e-003 -7.31286069e-004 0. 0. 0. 0. 0. 0. 0. 0. 0. 0.
    7.44506344e-003 0. 1.98939745e-003 0. 0. 0. 7.37718947e-004
    5.75047825e-003 0. 0. 0. 0. 8.11042823e-003 0. 0. 0. 0.
    5.25277457e-004 0. 0. 0. 0. 0. 0. 0. 0. -5.48723526e-003
    1.17963937e-003 8.09812045e-004 0. 0. 4.72347834e-004 0. 0.
    4.28839866e-003 -6.59939193e-004 1.63426297e-003 0. 0.
    7.37022050e-003 0. 0. 0. 9.53624913e-005 0. 2.41721398e-003
    1.62629411e-004 -1.24786887e-003 0. 0. 0. 3.67721431e-002 0.
    6.36717724e-003 0. 0. 1.28549023e-003 -8.44191876e-004
    5.56854494e-002 0. 0. 5.65079786e-003 -8.59871725e-005 0.
    1.38368120e-003 0. 0. 0. 0. 0. 0. 0. 0. 0. 0. 0. 0. 0.
    -4.99277783e-004 0. 0. 0. 0. 0. 0. 0. -1.08835590e-003 0.
    1.02542881e-002 0. 1.29277410e-003 0. -4.50597232e-004
    -2.31429702e-003 0. -9.70478359e-005 7.91846600e-004 1.48431957e-003
    2.78595625e-003 1.53746281e-004 -7.43506360e-004 5.64739807e-003 0.
    1.15915936e-004 0. 7.16141239e-003 0. 6.48561923e-004
    -1.26933027e-003 0. 0. 3.82481888e-002 0. 1.19698100e-007 0.
    2.06481223e-003 9.16201714e-003 4.17427800e-004 0. 4.95792483e-004
    0. 2.76994513e-004 0. 0. 0. 0. 0. 2.16856395e-004 4.50275419e-003 0.
    0. 1.37290289e-003 4.83918964e-004 0. 5.37618296e-003
    1.09449495e-002 4.21995239e-004 0. -1.59368629e-003 3.53203597e-003
    0. 0. 0. -7.51268642e-004 3.45013395e-004 0. 0. 0. 0.
    -5.45761504e-005 1.88114843e-003 2.34130453e-002 7.42792757e-003
    7.31809204e-003 0. -1.59451680e-003 0. 0. 0. 1.07785622e-002 0. 0.
    0. 1.44158956e-003 0. -1.20288903e-004 4.35371738e-004 0.
    1.37133338e-003 0. 1.11371381e-004 0. 1.28778419e-003 0. 0.
    7.77505222e-004 5.71040902e-003 0. 0. 0. 2.79906895e-002
    1.52811408e-002 -1.11029646e-003 0. 0. -1.28632455e-004 0. 0. 0. 0.
    5.29740762e-004 0. 0. 0. -1.02297263e-003 0. 0. 0. 0.
    2.77438696e-004 0. 0. 0. 6.87350472e-003 1.50897691e-003
    1.70517061e-003 5.06791472e-003 0. 1.22974394e-003 0.
    1.41666541e-002 0. 6.75681699e-003 1.86490477e-003 0. 0. 0.
    1.69454399e-003 0. 0. 0. 8.41524638e-003 0. 0. 5.83552378e-007
    -3.06200120e-004 0. -1.48909655e-003 0. 0. 6.64901873e-003 0. 0. 0.
    0. 0. -6.74775583e-005 0. 0. 0. -1.40129507e-003 0. 0.
    8.50812439e-003 0. -5.21205482e-004 -6.03647204e-004
    -2.54623272e-004 0. 0. 0. 0. 9.50589590e-003 0. 1.47270383e-002
    4.51397430e-003 5.23560960e-003 7.35801063e-004 0. 0.
    -2.95591686e-004 0. 0. 0. 4.57159104e-003 0. 0. 0. 0. 0. 0.
    4.58049821e-004 1.57085015e-003 0. 0. 8.88764334e-004 0. 0.
    2.98475177e-004 1.23600853e-006 0. 0. 0. 1.08785380e-003 0. 0. 0. 0.
    -3.63612827e-003 0. 0. 0. 1.07050641e-003 5.28195500e-003 0. 0.
    -1.73383765e-003 0. 0. -1.38234464e-003 8.05019494e-003 0.
    5.09890262e-003 0. -4.74218599e-004 0. 0. 0. 4.97043657e-004 0. 0.
    7.08262855e-003 -9.39811405e-004 0. 0. -1.11391686e-003 0.
    -3.61144426e-004 0. 0. 0. 0. 0. 3.51980212e-004 0. 0. 0. 0. 0. 0. 0.
    0. 0. 0. 0. 0. 0. 0. 0. 1.74747268e-003 0. 0. 0. 7.20752520e-004
    -2.50404701e-004 0. 0. 0. 4.15364373e-003 0. 3.40162497e-003 0.
    -3.04644414e-006 0. 1.15672289e-003 0. 5.55222342e-003 0. 0.
    9.37254459e-004 0. 0. 0. 5.77776809e-004 0. 0. 0. 0. 0. 0. 0. 0. 0.
    1.13681145e-003 0. 0. 0. -4.11861995e-003 0. 0. 0. 0. 0. 0.
    -4.42960794e-004 1.08878743e-002 -1.16262038e-003 0. 0. 0. 0. 0. 0.
    0. 1.28826313e-003 0. 0. 0. 0. 0. -1.36132864e-003 0. 0. 0. 0. 0.
    -7.49734114e-004 9.73115675e-007 0. 0. 0. 0. 0. 0. 0. 0. 0. 0. 0.
    -8.40713445e-004 0. 0. 0. 7.88195338e-003 0. 0. 0. 0. 0. 0. 0. 0. 0.
    0. 0. 0. 0. 0. 0. 0. 0. 4.91876737e-004 0. 0. 0. 6.65361900e-003 0.
    -8.36392108e-004 0. -8.52648445e-005 0. 0. 3.23970395e-004 0. 0. 0.
    0. 1.40501608e-004 2.13005021e-003 0. 6.89203432e-003 0. 0.
    -9.25580272e-004 0. 0. 0. 4.62093652e-004 0. -9.76667739e-004
    5.31001540e-004 0. -1.69237913e-003 0. 0. 6.60852063e-003
    6.89267227e-003 -2.52923137e-003 -8.71905242e-004 8.13520164e-004 0.
    0. 2.03783461e-003 0. 0. 0. 1.24668796e-003 0. -3.65238084e-004
    6.89240033e-003 0. 3.90990044e-006 0. 0. 0. 5.37692616e-003
    4.06487117e-004 0. 2.90724519e-003 0. 0. 0. -1.64261670e-003 0. 0.
    0. 0. 0. 0. 0. 8.57616961e-003 0. 0. 0. 0. 0. 0. 0. -2.15459047e-004
    0. 0. 1.20352693e-002 0. 5.41060639e-004 9.95529932e-004
    7.46092480e-003 0. 0. 0. 0. 0. 7.07102648e-004 0. 0. 6.35943469e-003
    0. -1.30535918e-003 0. 0. 0. 0. 0. 0. 0. 0. -3.59280268e-004 0. 0.
