<?xml version="1.0"?>
<opencv_storage>
<imageDescriptor type_id="opencv-matrix">
  <rows>1</rows>
  <cols>1000</cols>
  <dt>f</dt>
  <data>
    0. 0. 0. 2.08736137e-002 4.07329469e-004 0. 7.01260869e-004 0. 0.
    1.42355869e-003 -7.44893099e-004 2.43476432e-004 1.04825990e-002 0.
    6.50447560e-004 0. 0. 0. 0. 0. -1.11773610e-003 -6.84877916e-004 0.
    0. 5.75718191e-003 7.52419059e-004 0. 5.07177145e-004
    7.36562128e-004 -2.13267026e-003 0. 0. 4.15407121e-004 0.
    9.94860777e-004 0. 4.69228532e-003 0. 0. -1.06992386e-003
    2.55647185e-003 6.76070666e-003 0. 0. 0. 0. 0. 2.74055824e-003 0.
    1.12795259e-003 -1.75931491e-004 0. 0. 7.07452185e-003 0.
    1.02314530e-002 3.72035638e-003 0. 0. 0. 0. -8.95175908e-004
    1.51963346e-003 0. 0. -6.40906583e-005 1.78189809e-003 0. 0. 0. 0.
    -1.49307773e-003 0. 1.60109659e-003 0. 6.99196989e-003
    3.49017326e-003 1.03827486e-004 5.93874138e-003 0. 0. 0. 0. 0. 0.
    5.48727624e-003 0. 0. 1.91976770e-003 0. 0. 0. -1.06147386e-003
    1.97447557e-003 0. 2.06806837e-003 -2.42000762e-002 1.83843693e-003
    9.22830601e-004 0. 2.38677952e-003 1.11779897e-003 0.
    6.78711897e-003 1.38581425e-004 2.64261244e-003 1.33105973e-003 0.
    0. 0. -1.20820652e-003 0. -1.89451181e-004 -2.74295249e-004
    8.86697730e-004 0. 0. 0. 0. 0. 0. -2.67457543e-003 0. 0. 0.
    -2.67381165e-005 0. 1.64691510e-003 0. 1.33246416e-003
    1.18428655e-002 2.20107683e-003 0. -3.37215094e-003 0. 0. 0. 0.
    2.14478048e-003 0. 0. 0. 8.33119825e-003 0. 3.31712514e-003 0. 0.
    2.21784133e-003 0. 0. -3.34421848e-003 0. 0. 1.29739253e-003 0. 0.
    -1.21820311e-003 7.89023284e-003 0. 0. 1.54784022e-004 0. 0. 0. 0.
    1.71735755e-003 0. 0. 8.83936184e-004 0. 0. -6.60830934e-004 0. 0.
    1.93001702e-004 1.94413296e-003 0. 0. 0. 3.50807444e-003 0. 0. 0. 0.
    0. 1.24699790e-002 1.07034901e-002 0. 8.35362007e-004 0. 0. 0. 0.
    1.14747905e-003 4.76053916e-004 -1.32598891e-003 0. 0. 0.
    4.05984087e-004 0. 0. 5.30729769e-003 7.69612670e-004
    9.95907467e-004 -2.98799394e-004 0. 0. 0. 0. 0. 0. 1.60321209e-003
    3.87207465e-003 -3.82798666e-004 0. 0. 0. 7.88837846e-004 0. 0. 0.
    0. 0. 0. 0. 0. 0. 0. 0. -5.06103446e-004 -9.49392052e-005 0.
    -1.03671053e-004 0. -4.12325142e-004 0. 4.21854062e-003
    4.21105977e-003 0. 0. 4.94797388e-003 0. 0. -7.32388798e-005
    2.56655592e-004 0. 0. 0. 3.08839418e-003 1.61383755e-003 0. 0. 0. 0.
    0. 1.27625815e-003 0. 0. 0. 1.60329847e-003 0. -4.43306344e-004 0.
    0. 0. 0. 0. 1.38202775e-003 0. 1.87168317e-003 0. -6.51354727e-004
    3.05022253e-003 0. 0. 2.07243930e-003 -1.12635538e-003 0.
    3.90498643e-003 0. 0. 7.64065236e-003 0. 0. 0. 0. 0. 0.
    3.66329029e-003 0. 0. 0. 1.15268736e-003 0. 2.16911710e-003 0. 0.
    1.47015939e-003 1.30587188e-003 0. 0. 1.39547023e-003
    1.77152164e-003 2.90990411e-003 0. 0. -2.45587784e-003
    5.35395753e-004 2.52535148e-003 1.00065628e-003 0. 0.
    3.27145564e-003 0. 0. 0. 0. 1.32617296e-003 0. 1.18468411e-003 0.
    1.75752363e-003 1.76507549e-003 0. 4.19101631e-003 0. 0. 0.
    8.10388825e-004 0. 0. 0. 8.85051023e-003 0. 0. 0. 0.
    -2.76721991e-003 0. 0. 0. 0. 2.46135984e-003 0. 0. 0. 0.
    -7.51666885e-005 0. 0. 1.49575686e-002 0. 1.29357446e-002 0. 0. 0.
    0. 0. 0. 0. 4.21525736e-004 0. 5.72864385e-003 0. 0. 3.74064688e-003
    1.05470167e-002 0. 0. 0. 0. 0. 0. 1.26932270e-003 0. 0.
    3.38687585e-003 0. 0. 1.45322783e-003 0. 0. -1.75306515e-003
    1.14512374e-003 0. 0. 0. -7.39907555e-004 0. 9.09416412e-004 0.
    -1.32966682e-003 3.92959779e-003 0. 3.95566877e-003 0. 0. 0.
    5.85794821e-003 0. 7.58377789e-003 0. 0. 2.89938692e-003
    6.06631720e-003 0. 0. 1.13269652e-003 0. 6.30037766e-003 0. 0.
    2.53945263e-003 0. 0. 0. 0. 0. 4.78458777e-003 0. 3.51564639e-004 0.
    0. 0. 0. 1.20790442e-003 4.78761131e-003 0. 0. 1.58892630e-003 0. 0.
    0. 0. 0. 0. 1.51128857e-003 6.82949787e-004 0. 0. -1.10706128e-003
    3.02473293e-003 0. 0. 0. 4.30224510e-003 0. 0. 0. -1.84748806e-005
    -2.52183760e-004 2.79067876e-003 1.57613913e-003 6.87569706e-003 0.
    6.03016233e-003 2.72518280e-003 3.18798376e-003 1.72929012e-003
    9.38922167e-003 2.53178668e-003 2.83948658e-003 4.72853379e-003
    -7.14749331e-004 0. 0. 1.32111611e-003 3.25898849e-003 0. 0. 0. 0.
    0. 0. 0. 2.04662385e-004 0. 0. 0. 0. 0. 0. 0. 0. 0. 0.
    4.92335949e-003 0. 5.21850307e-004 2.64919940e-002 5.16800070e-003
    -6.31045914e-005 0. 5.34178782e-003 -3.58055485e-003 1.14025385e-003
    0. 0. 0. 3.88022233e-003 0. 0. 0. 3.59154004e-003 0. 1.88454962e-003
    0. -6.45730121e-004 8.19614995e-003 3.37428437e-003 0. 0. 0. 0. 0.
    1.91212900e-003 1.06239098e-003 7.48725724e-004 0. 0. 0.
    4.02408914e-004 0. 0. 0. 0. 0. 2.23529758e-003 0. 0. 0. 0.
    6.24455512e-003 1.90385515e-004 0. 6.11351512e-004 1.34702364e-003
    0. 0. 4.14049719e-004 -6.74142095e-004 0. -3.54119134e-003 0.
    -1.00953846e-004 0. 0. 1.34625183e-002 4.47208202e-003
    1.92688495e-001 8.68389197e-003 6.28247764e-003 0. 1.54276774e-003
    5.96225960e-004 6.48941554e-004 0. -4.21777554e-003 0. 0. 0.
    9.70862899e-003 0. 0. 0. 1.21886062e-003 0. 0. 0. 0. 0.
    5.10644924e-004 1.62881170e-003 9.20308474e-003 1.01548678e-003 0.
    0. 0. 0. 0. 0. 0. 0. 1.37024582e-003 0. -1.81136260e-004
    1.65332819e-003 0. 0. 0. 0. 0. 0. 0. 0. 0. 0. 6.65385218e-004
    9.14302003e-003 0. 0. -7.67025223e-004 1.38845283e-003
    8.84274952e-004 4.75822482e-004 0. 1.99438259e-003 0. 0. 0. 0. 0.
    7.75847991e-004 0. 0. 2.71074148e-003 0. 0. 1.05508836e-003 0. 0. 0.
    0. 0. 0. 0. 0. 0. 2.18314279e-004 0. 0. 0. 0. 9.84242652e-004 0. 0.
    -6.54446892e-004 0. 0. 0. 0. 4.34194691e-003 0. 3.72130098e-003 0.
    0. 0. 7.55873160e-004 0. 0. 0. 0. -6.54760795e-003 0. 0. 0. 0. 0. 0.
    0. 0. 0. 5.45302965e-003 0. 0. 0. 0. 4.83105564e-003 0. 0.
    5.42323280e-004 0. 9.54464078e-004 0. 1.64520589e-003
    -3.99848039e-004 0. 3.69865244e-004 0. 1.86548254e-003 0. 0.
    1.17651571e-003 0. 0. 1.18570346e-002 0. 0. 0. 0. 0. 1.15976259e-002
    0. 0. 4.26762330e-004 0. 0. 0. 0. 0. 0. 0. 4.04689508e-003 0. 0. 0.
    0. 0. 0. 6.77062478e-003 1.48199650e-003 0. 0. 0. 0.
    -6.40911516e-004 0. 0. 0. -1.92920081e-004 0. 7.10286433e-004 0.
    -1.32269284e-003 1.60018727e-003 0. 0. 4.30976367e-003
    2.32173805e-003 0. 0. 0. 0. 0. 0. 0. 0. 2.73292442e-003
    8.33931481e-005 0. 0. -1.38249388e-002 1.19894859e-003 0. 0. 0.
    1.42733357e-003 0. -1.41827308e-003 1.29912682e-002 0. 0. 0. 0.
    6.27193647e-003 2.79804831e-003 0. 0. 0. 0. 0. 0. 0. 0. 0. 0. 0.
    -6.07047114e-005 0. 0. 1.70333486e-003 0. 0. 0. 0. 4.19566361e-003
    0. 0. 8.50656361e-004 0. 0. -9.41871142e-004 0. 6.24673720e-003
    5.30731352e-003 0. 0. 0. 3.80459009e-003 0. 0. 2.07962040e-002 0. 0.
    0. 0. 0. 0. 1.13089364e-002 0. 0. 0. 0. 0. 3.76159814e-003 0. 0. 0.
    0. 3.58790462e-003 -3.29129514e-003 0. 0. 0. -1.43152196e-004 0. 0.
    0. 0. 0. 0. 4.62373067e-003 0. 0. 0. 0. 0. 0. 0. 0. 0. 0. 0. 0. 0.
    1.64973922e-003 0. 0. 0. 0. 0. 4.26614797e-003 3.16394423e-003 0. 0.
    0. 0. 0. 0. 0. 0. 0. 0. 1.26588577e-003 0. 0. 0. 3.13747046e-003 0.
    0. -3.66842095e-003 0. -5.84208407e-004 0. 0. 7.78991962e-005 0. 0.
    0. 0. -1.42751203e-004 5.92481531e-003 1.96167920e-003 0. 0. 0.
    3.09318653e-004 0. 0. 0. 0. 0. 0. 5.33503538e-004 3.34541081e-003 0.
    -1.37620882e-004 0. 0. 3.11279553e-004 2.55585695e-003
    -2.35988689e-003 8.18508584e-003 1.97474728e-003 0. 0. 0. 0. 0.
    -1.10154145e-003 4.05369996e-004 9.49938782e-004 0. 6.92087691e-003
    0. 0. 0. 0. 1.92871652e-004 1.35737215e-003 2.48765154e-003
    8.18227883e-003 0. 0. 0. 0. 0. 0. 1.26235059e-003 1.14235947e-004 0.
    0. 0. 0. 0. 0. 0. 0. 0. 0. 1.57812703e-003 0. 0. 0. 4.46339790e-003
    5.61679201e-003 0. 0. 0. 0. 0. 0. 0. 0. 0. 0. 0. 0. 0. 0. 0. 0. 0.
    1.63153117e-003 3.09544802e-003 0. 0. 0. 0. 0. 3.61413253e-003 0. 0.
    6.16882136e-003 0. 0. 1.62603287e-003 0. 0. 0. 7.52589898e-004 0.
    5.62227750e-003 0. 6.57034898e-003 2.46831076e-003 0.
