<?xml version="1.0"?>
<opencv_storage>
<imageDescriptor type_id="opencv-matrix">
  <rows>1</rows>
  <cols>1000</cols>
  <dt>f</dt>
  <data>
    0. 0. 0. 0. 0. 0. 7.64348952e-004 1.98615179e-003 0. 1.36680454e-002
    1.60086981e-003 1.42333831e-003 4.66326578e-003 0. 4.55278991e-004
    0. 0. 0. 0. 0. 0. -3.26204638e-004 0. 0. 0. 0. 0. 0. 4.34971694e-003
    2.46099173e-003 0. 0. 1.65222725e-003 0. 1.09830673e-003 0.
    -3.49228329e-004 2.96907034e-003 0. 2.13783421e-003 9.68007313e-004
    5.25251729e-003 0. 0. 0. 0. 0. 0. 0. 2.71593546e-003 6.83349383e-004
    0. -5.79603482e-004 1.36360526e-002 0. 7.41314748e-003 0.
    -2.36212436e-004 0. 0. 3.48198297e-003 -1.06887775e-004
    -3.85963765e-004 0. 7.89471250e-003 0. 9.42241633e-004 0. 0.
    1.78287842e-003 0. 1.79599714e-003 0. 0. 6.00050334e-005 0. 0. 0.
    7.64276413e-003 0. 0. 4.59503429e-003 1.26095244e-003
    -8.41139699e-004 4.58318071e-004 2.23414600e-002 -2.84170819e-004 0.
    0. 2.19867681e-003 0. 0. -3.08587798e-003 0. 0. 0. 5.94409276e-003
    0. 0. 0. 7.74440472e-004 1.15280342e-003 6.24309946e-003 0.
    9.76539159e-004 4.96368809e-003 0. 0. 0. 0. 3.53343133e-003 0.
    8.97622295e-003 -1.48821133e-003 0. 0. 0. -1.41306326e-003 0. 0. 0.
    0. 0. 0. 0. 0. 0. 0. 0. 1.76380947e-003 1.38725154e-002 0. 0.
    3.28020164e-004 0. 1.84397140e-004 0. -1.03482779e-003 0. 0.
    5.16901445e-003 0. -4.50869207e-004 0. 3.35514988e-003 0. 0.
    3.45699955e-003 0. 0. 1.08493573e-003 0. 0. 4.44969302e-003 0. 0.
    1.13944476e-002 3.60271102e-003 0. 0. 8.34754843e-004 0.
    2.60716391e-004 0. 1.25155505e-003 7.01363757e-003 0. 0.
    7.35047227e-003 0. 0. 5.75472414e-003 0. 0. -1.64326106e-003 0. 0.
    0. 0. 0. 0. -2.62957125e-004 0. 0. 0. 8.77773017e-003
    3.29034179e-002 5.83895657e-004 4.43043886e-003 0. 0. 0. 0. 0. 0. 0.
    5.49865095e-003 0. 0. 5.00342483e-003 0. 0. 0. 1.38409215e-003
    5.34830091e-004 0. 0. 0. 0. 6.00505434e-003 0. 0. 0. 0.
    7.22950441e-004 0. 1.44538784e-003 -1.70357060e-003 4.52114036e-003
    1.67722348e-003 5.82698779e-003 0. 0. 9.76741966e-003 0. 0. 0. 0. 0.
    1.32514292e-003 0. 0. 0. 9.33001284e-004 -7.10710417e-004
    8.32675665e-004 0. 4.04000888e-003 1.05915535e-002 0. 0.
    1.06978938e-002 -2.17937079e-004 0. 0. 7.67069752e-004 0. 0. 0. 0.
    0. 0. 0. 0. 0. 0. 1.55173207e-003 0. 0. 0. 0. -4.78068512e-004
    1.73941604e-003 5.67902485e-003 0. 0. 2.15257495e-003
    2.57927063e-003 0. 9.71309724e-004 2.05551332e-005 0. 0.
    1.11938908e-003 8.93096090e-004 0. 8.61512322e-004 8.59268592e-004
    0. 1.56137324e-003 0. 0. 1.44563019e-002 0. 9.56759043e-003
    6.07580831e-003 0. 6.97271246e-003 0. 1.29347360e-002 0. 0. 0.
    1.25262756e-002 3.13694414e-004 5.08773839e-003 0. 0. 0. 0. 0. 0.
    9.23178997e-003 0. 0. 0. 1.33187848e-003 7.02776189e-004 0.
    2.46463297e-003 0. 0. 0. 0. 3.86569882e-003 -5.53381105e-004 0.
    -2.55238818e-004 1.32978821e-004 0. 9.52448579e-004 0.
    -2.63071200e-003 0. 0. 1.97329698e-003 0. 0. 0. 0. 4.57381224e-003
    0. 1.04892184e-003 2.52473354e-003 0. 0. 0. 0. 2.71342229e-004
    4.49700863e-004 0. 0. 0. 1.29797345e-003 0. 0. 0. 0. 1.53083832e-003
    0. 0. 1.71171743e-002 -2.60818488e-004 8.21012538e-003 0. 0. 0. 0.
    0. 0. -5.11912629e-004 0. 0. -5.50750628e-005 0. 0. 1.19121512e-003
    4.18038946e-003 0. 0. 1.92716660e-003 0. 0. 0. 5.14563173e-003
    8.14253814e-004 0. 1.90987263e-003 0. 0. 0. 0. 0. -3.32590961e-003
    0. 0. 0. 9.71117616e-003 9.86500236e-005 0. -7.36842339e-004
    2.80684180e-004 3.70702219e-005 4.69453429e-004 1.63885055e-003 0.
    0. 0. 0. 1.45973347e-003 0. 1.45964499e-003 0. 0. 0. 9.13489237e-003
    -9.41171951e-004 0. 0. -5.84488094e-004 7.07380241e-003
    7.15886429e-003 0. 0. 0. 0. 0. 0. 0. 5.42339694e-004 0. 0. 0. 0. 0.
    0. 0. 3.39194690e-003 0. 7.98516208e-004 0. 0. 0. 0. 0.
    2.78709363e-003 0. 0. 0. 0. 0. 0. 0. 0. 0. 0. 1.26035633e-002 0. 0.
    0. 7.26163993e-003 1.12615922e-003 0. 3.65678250e-004 0. 0.
    4.29836073e-004 0. 2.92203366e-003 1.42885651e-003 2.39411329e-005
    0. 8.91803822e-004 4.13909275e-003 -1.21194741e-003 0.
    5.19012450e-004 0. 0. 2.48483382e-004 0. 0. 8.13846709e-004 0.
    6.62676245e-003 0. 0. 0. 0. 0. 0. 0. 0. 0. 0. 0. 0. 0. 0. 0.
    6.81326818e-003 4.04490245e-004 1.09774945e-002 0. 8.80783948e-004
    0. 1.56880450e-003 0. 0. 0. 4.98386100e-004 0. 3.28854355e-003
    4.59815579e-004 4.92842402e-003 4.21241225e-007 0. 1.02340942e-003
    2.83613917e-004 3.54603369e-004 1.25017343e-002 0. 4.89981286e-003
    9.38845216e-004 0. -5.15399268e-004 0. -4.57927817e-003
    -1.80847978e-003 0. 0. 0. -4.90830804e-004 0. 0. 0. 0.
    5.37393789e-004 0. 0. 0. 0. 0. 1.28897862e-003 6.57120813e-003 0. 0.
    6.41438470e-004 0. 0. 5.40639798e-004 6.32829266e-003
    2.38171034e-003 -2.12455587e-003 0. 0. 0. 0. 1.57145746e-002
    2.96731736e-003 -1.32556446e-003 4.79434803e-003 6.54689502e-004 0.
    0. 1.35943340e-003 0. 4.77381889e-003 9.10686422e-003 0.
    4.68479563e-003 0. 2.33179890e-003 0. 0. -7.34099420e-004 0. 0. 0.
    0. 0. -1.07887422e-003 1.97809143e-003 -1.86400619e-004
    7.53050577e-003 3.87863931e-003 4.67341655e-004 0. 0.
    -2.41203303e-003 0. 0. 0. 0. 1.90383347e-003 0. 0. 0. 0.
    7.48148840e-003 0. 0. 0. 4.86689154e-004 0. -3.20486346e-004 0.
    4.46060702e-004 -1.30792288e-003 0. 0. 0. 5.54678170e-003 0. 0.
    1.50812196e-003 0. 0. 6.45979773e-003 0. 5.76910097e-004 0. 0. 0. 0.
    2.22131494e-003 0. 5.40207746e-003 0. 0. -8.66237562e-004 0.
    1.20868534e-003 -9.71193193e-004 0. 0. 0. 0. 0. 0. 0. 0. 0. 0. 0. 0.
    3.96978983e-004 0. 1.25918537e-003 3.33217671e-004 0.
    -8.38254055e-004 0. 0. -4.41549142e-004 0. 1.32171868e-003 0.
    7.41446111e-003 0. 0. 3.75299365e-003 -8.85701738e-004
    2.91984901e-003 0. 1.13079501e-002 6.90411590e-003 0. 0.
    -1.11799891e-004 0. 2.23916722e-004 7.13908160e-003 -1.07099899e-004
    0. 3.62879736e-003 0. 0. 0. 0. 0. -1.64591055e-003 0. 0. 0.
    -4.78698312e-005 0. 0. 0. 1.45957444e-003 -2.18676869e-003 0. 0.
    1.12288387e-003 0. 3.55907163e-004 0. 0. 0. 0. 0. 4.07926796e-004
    1.59557059e-003 0. 1.18359989e-002 1.21277769e-003 0. 0.
    -5.18191431e-004 1.40268141e-002 0. 0. 0. 2.53228797e-003
    1.31137308e-003 0. 0. 1.17146985e-004 0. 0. 0. 0. 0. 0.
    5.75541577e-004 0. -1.77448019e-004 0. 1.24217407e-003 0. 0. 0. 0.
    3.10256984e-003 0. 0. 0. 1.82939263e-003 6.18120562e-003 0. 0.
    1.97981615e-004 0. 0. 0. 0. 0. 0. -6.56258839e-004 0. 0. 0.
    -7.28635071e-003 0. 0. 0. 0. 0. 0. 0. 7.82619882e-003
    -2.19796575e-003 7.15698674e-003 0. 2.38793204e-004 0. 0. 0.
    2.31430517e-003 0. 0. 0. 0. 0. 0. 0. 0. 1.34160137e-003 0. 0. 0. 0.
    0. 0. 0. 0. 8.12123995e-003 0. 0. 0. 0. 0. -2.67251249e-004 0.
    1.40129412e-002 4.31481094e-005 0. 0. 0. 0. 0. 0. 3.73242539e-003
    2.90656229e-003 0. 0. 0. 0. 1.86184549e-003 -2.84009613e-004 0. 0.
    0. 0. 0. 7.43815536e-003 0. 4.52713948e-003 6.56038942e-003 0. 0. 0.
    0. 0. 0. 0. 0. 0. 1.95197649e-002 0. 0. 0. 3.33073502e-003 0. 0. 0.
    0. 0. 0. 0. 0. 0. 0. 0. 0. 0. 4.63476230e-004 0. 0. 0. 0.
    -1.47978880e-003 0. -4.53146582e-004 -1.66564400e-003 0.
    -2.69754062e-004 0. 6.29114965e-003 0. 4.00779117e-003 0. 0.
    8.29586014e-003 0. 1.21148606e-003 0. 3.11714946e-004
    1.24632067e-003 0. 0. 1.17276062e-003 -2.39270879e-003 0. 0. 0.
    4.98694542e-004 0. 0. 0. 0. 1.18280400e-003 0. 0. 0. 0. 0.
    -8.29432334e-004 0. 0. 0. 0. 0. 0. 0. 4.88477293e-004 0.
    1.26599928e-003 0. 0. 1.59908913e-003 0. -1.06776750e-003
    4.12646262e-003 9.37455893e-003 0. 0. 1.70984014e-003 0. 0. 0.
    -1.18199294e-003 0. 0. 0. 1.15697393e-002 0. 0. 0. 0. 0.
    7.43095705e-004 9.47381556e-003 0. 0. 9.85080143e-004 0.
    -5.89999894e-004 0. -2.39256769e-003 4.15744772e-003 0. 0.
    -1.87394660e-004 1.50154193e-003 0. 0. 0. 0. 3.80673562e-004
    -1.72426080e-004 0. 0. 3.87710519e-003 0. 9.28348675e-003 0. 0. 0.
    0. 0. 0. 0. 0. -1.71151158e-004 0. 0. 0. 0. 0. 0. 0. 0. 0. 0.
