<?xml version="1.0"?>
<opencv_storage>
<imageDescriptor type_id="opencv-matrix">
  <rows>1</rows>
  <cols>1000</cols>
  <dt>f</dt>
  <data>
    0. 0. 1.16188256e-002 6.60806568e-003 0. 0. 2.66330456e-003
    3.35619412e-003 0. 0. -6.48286150e-005 0. 7.28392005e-002 0.
    3.76684847e-003 0. 0. 0. 2.89183971e-003 0. 0. -3.92524817e-004 0.
    0. 0. 0. 0. 0. 2.45635188e-003 1.09489320e-003 0. 8.88753566e-004 0.
    0. 6.91772765e-003 0. 1.04808272e-003 0. 0. 3.36117919e-005 0.
    7.16452301e-003 1.58042251e-003 0. 0. 0. 0. -5.74749720e-004 0. 0.
    0. 7.60373485e-004 0. 8.48259963e-003 0. 0. 0. 7.55245681e-004 0. 0.
    0. -2.79402849e-003 -2.62281252e-003 -6.22800668e-004 0.
    8.01938178e-004 0. 0. 0. 0. 0. 0. 0. 0. 0. -6.73717121e-004 0. 0. 0.
    0. 7.29773310e-004 4.07142611e-003 0. 0. 0. 2.48921313e-003 0. 0.
    -1.56611914e-003 0. 0. 0. 1.45308968e-005 0. 0. 6.83597755e-003
    5.55261560e-002 0. 0. 0. 0. 0. 3.00397296e-002 6.09531859e-003 0. 0.
    0. 0. 0. 0. 3.86757753e-003 0. 0. 1.68137811e-002 0. 1.52763946e-003
    0. 0. 0. 0. 4.95658163e-003 0. 0. 0. 0. 3.97129124e-003 0.
    1.95425493e-003 0. 0. 2.68819071e-002 0. 0. 0. 0. 2.82220170e-003 0.
    0. 0. 0. 1.91735220e-003 0. -7.08288630e-004 1.06879743e-003
    3.70665174e-003 0. 1.38655584e-003 1.88570225e-003 0. 0.
    -9.20912717e-004 5.95767517e-003 0. 0. 0. 2.75356998e-003 0. 0. 0.
    0. 3.64197837e-003 1.54923764e-003 0. 0. 0. -2.83268141e-003 0. 0.
    1.77608873e-003 5.88030845e-004 0. 0. 0. 0. 0. 0. 0. 0.
    8.04943591e-003 0. 0. 3.16517457e-004 0. 0. 0. 0. -1.26579183e-003
    0. 0. 0. 0. 0. 0. 0. 7.21309986e-003 5.35675744e-003 0. 0. 0. 0. 0.
    0. 0. 0. -7.25945516e-004 0. 0. 0. 9.79043427e-004 0. 0.
    2.15964974e-003 0. 0. 0. 0. 0. 0. 0. 0. 0. -5.39551314e-004 0.
    2.33052741e-003 0. 1.45675067e-003 0. 0. 0. 0. -1.03571592e-005 0.
    0. 0. 6.49499288e-003 9.55861062e-003 0. 3.00050620e-003
    1.52402092e-002 0. 0. 1.76020544e-002 0. 0. 0. 5.41353133e-003 0. 0.
    0. 2.24642013e-003 0. 0. 0. 0. 0. 0. 4.47553379e-004 0. 0. 0. 0. 0.
    -2.55969772e-003 0. 0. -1.80816627e-003 1.88248220e-003 0. 0. 0.
    -7.74472603e-004 0. 4.99164965e-003 2.01714574e-003 0. 0. 0.
    8.47517862e-004 0. 5.81239059e-004 0. 0. 1.05164675e-002 0. 0. 0. 0.
    0. 0. 0. 0. 0. 0. 5.80664817e-003 1.22228253e-003 0. 0. 0. 0. 0. 0.
    0. -4.65819845e-003 -1.51027658e-003 0. 1.13365916e-003
    -3.94821167e-003 -1.92665681e-003 0. 0. 2.45222764e-004 0. 0. 0. 0.
    0. 0. 0. 0. 1.39671715e-003 1.78725040e-003 0. 0. 0. 0. 0. 0. 0. 0.
    0. 1.42945664e-003 -3.87902510e-005 2.07065209e-003 -2.71632220e-003
    0. 0. 0. 0. 1.46101601e-002 7.34866131e-004 1.36130746e-003 0. 0.
    1.39999879e-003 0. 0. 0. 0. 0. 0. 0. 1.82754565e-002 7.19683521e-006
    0. 1.60452072e-002 6.47741416e-003 0. 0. 0. 0. 2.95133609e-003 0. 0.
    0. 0. 0. -5.80233173e-004 -6.70148293e-003 0. 0. 0. 0.
    -7.23092060e-004 0. -1.48680969e-003 0. -1.01662986e-003 0.
    1.72067864e-003 0. -1.61724151e-004 0. 0. -3.69571969e-002 0. 0. 0.
    1.12563116e-003 0. 3.32729775e-003 0. 0. 0. 2.69761402e-003 0.
    1.11934282e-002 0. 0. 0. 2.91812606e-003 0. 0. 0. 0.
    -1.27915433e-003 5.75316977e-003 1.05983634e-002 3.84921208e-003 0.
    2.91428133e-003 1.54593762e-003 0. 0. 0. 0. 1.06621344e-004 0. 0. 0.
    1.92291278e-004 0. 0. 9.41757299e-003 0. 0. 0. 0. 0. 0. 0.
    1.76965108e-003 1.59449631e-003 0. 4.99792921e-004 0. 0. 0.
    4.58833441e-004 2.47965893e-003 0. 0. 1.95140578e-003 0. 0. 0. 0.
    -2.15787135e-004 0. 0. 0. 7.48156523e-003 0. 0. 1.88420771e-003 0.
    3.33265355e-003 3.10750492e-003 6.62050163e-003 0. 1.30247453e-003
    0. 0. 0. 1.00107966e-002 0. 0. -8.51194927e-005 0. 0.
    1.21238013e-003 0. 0. 0. 0. 0. 0. 0. 8.56858387e-004 0. 0.
    3.59015772e-004 4.72715124e-004 0. 0. 1.84224115e-003 0. 0. 0. 0. 0.
    5.81680564e-003 0. -4.87744156e-003 0. 4.02951194e-003
    5.80725260e-003 2.18619546e-003 5.95156150e-003 1.56348804e-003
    1.63965207e-003 2.53844331e-003 -3.04480112e-004 0. 6.54322514e-003
    0. 0. 0. 0. 4.11770714e-004 0. 1.26817524e-002 -5.39771354e-005 0.
    0. 0. -2.74769752e-003 -8.21462716e-004 3.10857827e-003 0. 0. 0. 0.
    0. 0. 0. 0. 0. 1.50471809e-003 0. 0. 0. 0. 0. 0. 0. 0. 0. 0. 0.
    1.49859081e-003 0. 8.09377059e-003 3.59329116e-003 9.39612655e-005
    0. 0. 0. -1.28689467e-003 2.98789097e-003 7.48586096e-003
    4.24691476e-003 5.86247130e-004 0. 1.13079534e-003 1.75298075e-003
    0. 7.81740341e-003 0. 1.84925385e-002 0. 6.10120455e-003 0.
    9.78092756e-003 0. 3.08965170e-003 0. 0. 0. 0. 0. 0.
    -1.53689494e-003 4.76738391e-003 0. 6.64224615e-003 4.20892006e-003
    0. 0. 0. 0. 0. 4.32380755e-003 0. 0. 1.25144736e-003 3.36968689e-003
    0. 0. 0. 0. -1.17427169e-003 0. 0. 0. 0. 0. 1.20439741e-003 0.
    -7.13820453e-004 4.77349898e-003 0. 1.89513504e-003 0. 0. 0. 0. 0.
    0. 2.79465108e-003 0. 0. 0. 0. 0. 1.73802080e-003 0. 0. 0. 0. 0. 0.
    7.80226057e-003 -1.07898195e-004 1.18552404e-003 0. 3.92324466e-004
    0. 0. 0. 0. 0. 1.89290883e-003 0. 0. 0. 0. -1.83907268e-003 0. 0. 0.
    0. 1.55179051e-003 1.02524541e-003 9.04779125e-004 0. 0. 0.
    2.89857574e-003 0. 0. 0. 0. 0. 0. 0. 1.22117493e-002 2.70724925e-003
    2.61364528e-003 0. 2.53077666e-003 0. 0. 4.14006040e-003
    3.05373850e-003 0. 0. 0. -5.41757618e-006 0. 1.00775715e-003 0. 0.
    1.17407488e-002 0. 1.77183514e-003 0. 2.47819000e-003 0.
    2.56045791e-003 8.55739403e-004 0. 0. 0. 0. 0. -6.44870568e-004 0.
    0. 2.75038858e-003 0. 0. 2.42602755e-003 0. 0. 0. 5.73043292e-003 0.
    0. 0. -3.95596318e-004 0. 0. 0. 8.57162289e-003 0. 0. 0. 0. 0. 0. 0.
    0. 0. 0. 2.17861985e-003 0. 0. 0. 0. 0. 0. 0. 0. 6.76099386e-004 0.
    0. 0. 4.51294100e-003 0. 0. 0. 0. 0. 0. 0. -1.13856688e-003 0.
    2.83550425e-003 0. 0. 0. 0. -4.00189916e-003 1.15743792e-003 0.
    1.30636827e-003 0. 0. 0. -2.27334604e-004 0. 7.98956433e-004 0. 0.
    9.19745304e-004 0. 0. 0. 6.92718104e-003 2.09835521e-003 0. 0. 0. 0.
    0. 0. 0. 0. 0. 1.01826596e-003 0. 0. 0. 0. 0. 0. 1.06809952e-003 0.
    0. 0. 0. 0. 3.32305732e-004 1.28119793e-002 1.19066928e-002
    1.08891968e-002 0. 0. 0. 1.84529927e-003 0. 0. 0. 0. 0. 0. 0. 0.
    3.75309354e-003 0. 0. 0. -1.79538285e-004 0. 0. 0. 0. 0. 0. 0.
    -1.79659436e-003 1.68872532e-002 0. 4.39853687e-003 0.
    1.14290242e-003 0. 0. 5.04867919e-003 0. 0. 0. 0. 0. 0.
    5.88478148e-003 0. 5.11372089e-003 0. 0. 0. 0. 0. 1.83207609e-004 0.
    0. 3.37063964e-003 0. 0. 0. 0. 0. 0. 2.29958748e-003 1.19059840e-002
    1.54391222e-003 0. 0. 0. 0. 0. 0. 0. 9.99362580e-003 0.
    9.23883822e-003 0. 2.50000600e-003 0. 0. 0. 0. 0. 0. 0. 0.
    -1.96759310e-003 9.15693454e-005 0. 0. 0. 6.69205154e-004
    2.92865932e-003 0. 0. 0. 0. 0. 0. 6.93946192e-003 0. 8.62952136e-003
    0. 0. 0. 0. 0. 0. 0. 0. 0. -1.00842735e-004 0. 0. 0. 0. 0.
    -7.43201468e-004 0. 0. 7.42903678e-003 0. 0. 0. 2.05799914e-003 0.
    1.80766778e-003 0. 0. 0. -4.81423107e-004 0. 0. 0. 0.
    7.24369613e-003 0. 9.50776448e-004 0. 0. 0. 0. 0. 5.80059551e-003
    -3.60199390e-003 0. 4.77830600e-003 1.57964963e-003 0. 0. 0.
    1.93266128e-003 1.02739064e-002 0. 0. 3.60537507e-003
    7.77733570e-004 0. 0. 0. 0. -1.40682305e-003 0. 0. 0. 0. 0. 0.
    -9.46735090e-004 0. 0. 0. 0. 0. 0. 0. 0. 8.89286678e-003 0. 0. 0.
    -3.69476707e-004 0. 0. 0. 0. 0. 0. 1.45821914e-003 0. 0. 0.
    -1.32131123e-003 3.50808888e-003 2.47735903e-003 0. 0. 0.
    5.33539383e-003 0. 0. 0. 3.51593178e-003 0. 0. 0. 0. 0.
    3.70646385e-003 0. 0. 0. 0. 0. 0. 2.21748441e-003 0. 0. 0.
    1.98108400e-003</data></imageDescriptor>
</opencv_storage>
