<?xml version="1.0"?>
<opencv_storage>
<imageDescriptor type_id="opencv-matrix">
  <rows>1</rows>
  <cols>1000</cols>
  <dt>f</dt>
  <data>
    5.51061239e-003 0. 0. 6.85805781e-003 0. 0. 7.15465634e-004 0.
    1.14481070e-003 3.61854676e-003 1.90018595e-003 0. -1.06929464e-003
    0. 1.95671641e-003 -4.04899358e-004 0. 0. 9.44510661e-003 0. 0.
    -1.05250708e-003 0. 0. 0. 0. 0. -6.58273115e-004 4.22644475e-003
    1.24131286e-004 0. 0. 2.40939553e-003 2.68737529e-003
    4.33654850e-003 0. 0. 0. 7.32682121e-004 -9.46203072e-004
    -2.42554088e-004 0. 0. 0. 0. 0. 0. 1.31561176e-003 0. 0.
    7.69899169e-004 0. 0. 3.57939885e-003 -1.65015412e-003
    1.86491560e-003 0. -5.49378106e-004 0. 0. 7.25897728e-004
    3.98079603e-004 -4.17346775e-004 0. 8.61636642e-003 0.
    3.97561875e-004 0. 0. 0. 0. 9.22723499e-004 1.16935815e-003 0.
    5.77139203e-004 0. 0. 0. -9.07182184e-005 4.93537402e-003 0.
    1.64644723e-003 0. 0. 0. 3.11255362e-003 0. 0. 0. 0. 1.88041804e-003
    0. 2.14750908e-004 0. 0. 0. 2.10589662e-001 0. 0. 3.21101194e-004 0.
    0. 2.86503904e-003 0. 3.96414485e-004 2.64062051e-004 0. 0. 0. 0.
    -1.09196781e-005 0. 6.01767981e-003 5.39417798e-003 0. 0. 0.
    2.36146571e-003 2.62526359e-004 0. 0. 3.59058683e-003
    1.70355639e-003 0. 0. 1.54193421e-003 0. 0. 0. -5.20106754e-004
    6.70299924e-004 0. 0. 3.44240735e-003 0. 8.63741036e-004 0. 0.
    9.15776764e-004 0. 7.36147491e-003 0. 0. 0. 4.18463111e-004 0. 0. 0.
    4.87577775e-003 0. -1.32273335e-003 0. 0. 0. 0. 0. 2.75247311e-003
    3.83450952e-003 0. 9.80275872e-005 1.03661302e-003 0. 0. 0. 0.
    5.27142547e-003 0. 0. 2.47442885e-003 0. 0. 4.75455541e-003 0. 0.
    3.77234048e-003 0. 0. 0. 0. 0. 8.92428274e-004 0. 0. 0. 0.
    4.95386450e-003 1.99324056e-003 0. 1.40675309e-003 0.
    2.15896478e-004 0. 0. 0. 1.14537321e-003 0. 6.68899564e-004 0. 0.
    -2.81248451e-003 3.33210034e-003 0. 0. 0. 0. 0. 0. 0. 0. 0.
    3.16158083e-004 0. 0. 0. 0. 0. 0. 0. 1.19944999e-003 0. 0.
    1.39944066e-004 0. 3.77206807e-003 0. 0. 0. 5.56750572e-004
    7.90885126e-004 0. 0. 2.18267436e-003 0. 0. 0. 0. 0. 0.
    1.15905460e-002 0. 0. 0. 2.56136293e-003 0. 0. 0. 0. 0.
    7.68696773e-004 3.12352437e-004 0. 0. 0. 0. 0. 6.75763469e-003
    3.13933799e-003 0. 0. -9.26392328e-004 0. 1.27564825e-003
    6.58669916e-004 0. 0. -1.29158318e-003 2.66165216e-003
    4.15551523e-003 1.74006424e-003 3.69508960e-003 8.10854544e-004 0.
    0. 0. 5.80738066e-004 0. 0. 0. -2.99058593e-004 2.23779396e-004 0.
    0. 0. 0. 9.21411673e-004 0. 0. 0. 0. 3.13737290e-003 1.02974975e-003
    0. 0. 4.36481461e-003 1.62241876e-003 2.94053718e-003 0. 0. 0. 0. 0.
    0. 4.97288257e-003 5.89974457e-003 0. 0. 0. 3.83364502e-003
    1.13249209e-003 0. 2.99613606e-002 0. 0. 3.42245772e-003
    4.86239267e-004 0. 0. 0. 7.37700379e-003 0. 1.30888156e-003 0.
    7.29216321e-004 0. 0. 0. 0. 0. 0. 0. 1.30128860e-003 2.37394401e-004
    1.08934427e-003 -7.40141724e-004 0. 0. 0. 0. 1.35017792e-003
    2.62832697e-002 0. 0. -3.80844256e-004 2.42756773e-003 0. 0. 0. 0.
    3.74085014e-003 1.62483158e-003 7.30764633e-003 1.53120840e-002
    -9.97208874e-004 2.90189520e-004 0. 0. 0. 0. 0. 0. 1.62666594e-003
    0. 0. 0. 0. 8.04007985e-003 2.93490500e-003 7.51854246e-003 0. 0. 0.
    0. 0. 0. -3.50398652e-004 0. 0. 3.86688698e-005 0. 5.00721915e-004
    0. 0. 0. -1.14115439e-002 0. 0. 0. 6.87507540e-003 2.82501074e-004
    0. -7.84975302e-004 0. -8.64307629e-004 0. 1.23219693e-003 0. 0. 0.
    0. 3.35881778e-004 1.64380542e-003 1.37845578e-003 0. 0. 0.
    8.27151909e-003 0. 0. 3.87738715e-003 3.99288395e-003
    -2.66189012e-003 0. 2.07632664e-003 6.36528339e-003 0. 0. 0.
    6.56745469e-005 0. 9.47365595e-004 5.82542224e-003 0.
    1.84525864e-003 0. 0. 0. 0. 2.79640290e-003 0. 0. 0. 0. 0.
    1.75211136e-003 0. 2.18101224e-004 0. 0. 4.19700332e-003 0. 0. 0.
    1.18078908e-003 0. 0. -7.81678391e-005 2.05858354e-003 0. 0. 0.
    2.47298018e-003 0. 0. 0. 0. -1.00634608e-003 9.09429509e-003 0. 0.
    0. 5.75399352e-003 2.26451480e-003 -1.27487432e-003 -5.27044758e-004
    -4.51720116e-004 0. 0. 1.29427132e-003 0. 0. 0. 0. 0.
    2.81875068e-003 0. 0. 0. 0. 0. 0. 0. 0. 0. 0. 0. 0. 0.
    3.14887706e-003 0. 0. 1.36284046e-002 0. 6.39569527e-003 0.
    1.05951563e-003 0. -1.29270123e-003 0. 0. 0. 0. 0. 0.
    5.99037623e-004 -1.82098453e-003 0. 0. 4.77363402e-003 0.
    -6.36333658e-004 -6.57262746e-004 1.30768702e-003 5.57534921e-004 0.
    0. 1.09629135e-003 2.24160511e-004 5.78032515e-004 7.50384817e-004
    0. 0. 0. 0. 0. 0. 1.92792981e-003 0. -5.22637682e-004 0. 0. 0. 0. 0.
    2.43695080e-003 9.33193974e-003 0. 1.80938703e-004 1.24909380e-003
    0. 0. 0. -1.42426470e-005 5.99725463e-004 0. 8.57840991e-004
    -9.90794855e-004 0. 1.83544611e-003 6.69452967e-003 2.28581810e-003
    -7.09435577e-003 2.00283015e-003 1.10008409e-002 0. -3.71295668e-004
    6.75527658e-003 0. 0. 1.21854097e-002 0. 0. 2.46156182e-004
    9.17114131e-003 0. 1.84862723e-003 1.80055402e-004 0.
    5.43446979e-003 0. 0. 0. 0. 0. 1.07076233e-002 0. -1.74469213e-004
    4.50318446e-003 0. 0. -2.93676916e-004 2.57946225e-003 0. 0. 0. 0.
    0. 0. -5.14927960e-004 0. 0. 0. 0. 0. 3.35879129e-004 0. 0. 0. 0.
    7.46090896e-003 0. 9.51707887e-004 0. 4.27866093e-004 0.
    7.60273542e-004 0. 1.91944791e-003 0. 2.44253385e-003 0. 0. 0. 0. 0.
    0. 0. 4.92225541e-003 0. 0. 0. -3.73142015e-004 7.72520085e-004 0.
    0. -1.41109504e-005 0. 1.35350056e-004 0. 0. 1.53891812e-003 0. 0.
    0. 2.49893637e-003 0. 0. 4.87898156e-004 0. 0. 7.32203480e-005 0.
    6.31045492e-004 6.15760684e-003 0. -2.71364418e-003 5.03940915e-004
    0. 0. 8.39576591e-003 0. 0. 1.81619442e-004 2.18187590e-004
    5.35445230e-004 5.87540562e-004 0. 1.21315767e-003 0. 0. 0. 0. 0.
    1.06084661e-003 -2.03967109e-004 0. 0. 0. 0. -5.48099051e-004 0. 0.
    0. 0. 0. 0. -6.90265733e-005 0. 1.25159102e-004 0. 5.81631495e-004
    0. 0. 0. 1.93785056e-002 0. 2.13994135e-004 0. 0. 3.82786180e-004 0.
    0. 6.16936479e-004 1.22536570e-002 0. 6.41532149e-003
    3.16152535e-003 0. 0. 0. 9.98958480e-004 0. 2.71319947e-003 0.
    1.24588958e-003 0. 0. 6.13810495e-003 0. 0. 0. 0. -2.96982494e-003
    0. 0. 0. 0. 8.92724004e-003 0. 0. 2.33006012e-003 0. 0.
    1.09834755e-002 5.99786127e-003 0. 8.45232338e-004 0.
    -4.72382853e-005 7.98668340e-003 0. 0. 0. 0. 0. 0. 0. 0. 0.
    -2.05774489e-003 0. 2.68513593e-003 0. 8.81165639e-003
    1.34294538e-003 0. 0. 1.39294600e-003 1.48658827e-003 0. 0.
    1.49246653e-005 0. 0. -1.91875064e-004 2.74741719e-003
    -2.56818865e-004 2.17912463e-003 0. 7.37169350e-004 0. 0. 0. 0. 0.
    0. 0. 0. 0. 0. 0. 0. 0. 0. 0. 0. 0. -2.30076397e-003 4.75362362e-003
    0. 0. 0. 0. 1.82575095e-004 0. 1.19240535e-002 9.78856115e-004 0. 0.
    0. 3.53654101e-003 0. 0. 5.43816853e-003 4.01364639e-003 0. 0. 0. 0.
    8.83805624e-004 1.08265737e-003 0. 0. 0. 0. 0. -2.04376149e-004 0.
    0. 0. 0. 1.97656034e-003 2.10101227e-003 0. 8.23626353e-004 0. 0. 0.
    0. 6.75547309e-003 0. 0. 0. 0. 0. 0. 0. 0. 0. 0. 0. 0.
    1.66972415e-004 0. -2.26867749e-004 5.71064709e-004 0.
    4.66248579e-003 0. 0. 0. 0. 0. 1.90730416e-003 0. 4.95792774e-004 0.
    -3.55431082e-004 0. 5.30240079e-003 0. 0. 1.28461586e-004 0.
    3.45036533e-004 0. 9.64472885e-004 0. -3.10035466e-005 0. 0. 0. 0.
    -8.74810794e-004 1.05924672e-003 0. 0. 0. 0. 0. 0. 0. 0.
    4.14866954e-003 1.04535057e-003 0. 0. 3.29568866e-004
    5.36333956e-003 0. 0. 0. 0. 9.15936020e-004 0. 8.26324394e-004
    -8.43184069e-004 0. 6.74271490e-003 0. 0. 0. 1.89070276e-003 0. 0.
    0. 0. 0. 0. 0. 0. 4.49240673e-003 0. 0. 0. 3.50950239e-003
    5.99727686e-003 0. 0. 0. -1.87239656e-003 0. 0. 8.04699678e-003 0.
    5.73101745e-004 0. 1.36043818e-003 -8.99011502e-004 0. 0. 0. 0.
    1.73954538e-003 0. 1.23057631e-003 0. 0. 0. 0. 0. 0. 0. 0.
    -4.99603339e-004 0. 5.73865557e-003 0. 0. 0. 0. 7.40815303e-004
    3.88375454e-004 0. 0. 0. 0. 0. 0. 0. 0. 0. 0. 0. 0. 0.
    1.10635464e-003 0. 4.96049458e-003 0. 0. 9.24633874e-004
