<?xml version="1.0"?>
<opencv_storage>
<imageDescriptor type_id="opencv-matrix">
  <rows>1</rows>
  <cols>1000</cols>
  <dt>f</dt>
  <data>
    0. 0. 0. -7.26846105e-004 0. 0. 1.97461876e-003 0. 0.
    1.87177770e-003 -5.21861421e-006 -1.41021184e-004 1.68988202e-002 0.
    1.41413428e-003 2.33798521e-004 0. -1.99328177e-003 -3.18730512e-004
    0. 0. 2.88737053e-003 1.57050753e-003 0. -1.16587779e-003 0.
    1.78500937e-004 2.17007403e-003 -5.98901371e-003 7.43786013e-003 0.
    0. 1.22655428e-003 -1.23823388e-003 3.37370043e-003 0. 0.
    -7.50211242e-004 -5.68514573e-004 7.79551629e-004 2.61386205e-003 0.
    0. 0. 0. 0. 1.23217248e-003 0. 0. 0. -2.57928477e-004
    -1.18389973e-004 1.37503096e-003 2.60975066e-004 0. 7.42158561e-004
    0. 1.65939069e-004 0. 0. 5.07168192e-003 0. -7.86698074e-004
    1.88236975e-003 0. 2.26206752e-003 0. 0. 0. 0. 0. 6.18518156e-004
    7.24512013e-003 0. 0. -1.34699483e-004 0. 0. -4.42708581e-004 0. 0.
    0. 4.91952617e-003 0. 0. 0. 6.66449137e-004 0. 1.99396024e-003 0. 0.
    0. 0. 0. 0. 0. 3.34746502e-002 0. 0. 0. 2.07313942e-003 0.
    -2.28349381e-004 1.36734324e-003 -2.17743873e-004 -1.11857855e-006
    0. 0. 0. 0. 6.60151569e-003 0. 2.79664202e-003 1.05557367e-004 0. 0.
    0. 0. 9.49500012e-004 0. 6.33125601e-004 0. 1.81831175e-003 0.
    -4.74761910e-004 3.93656641e-003 0. 0. 0. 0. 1.29608931e-002 0. 0.
    -2.70638528e-004 0. 0. 6.19314786e-004 0. -2.92453915e-005 0. 0. 0.
    6.99673197e-004 3.05874599e-003 -7.39036885e-004 0. 2.38355598e-003
    5.61246008e-004 0. 0. -1.78048911e-004 0. -3.17060086e-003
    -1.20447937e-003 1.19893957e-004 0. 5.12817036e-003 4.40393900e-003
    0. 2.28884257e-003 0. 0. 0. 0. 0. -2.03428746e-004 0. 0.
    -8.18544824e-004 0. 0. 2.01549567e-003 0. 0. 0. 0. 0. 0. 0. 0.
    2.46358197e-003 1.22473706e-004 0. 0. 0. 4.33110108e-004
    1.85575970e-002 2.87229021e-004 8.54424294e-003 0. 0. 0. 0. 0. 0. 0.
    2.80766934e-003 0. 0. 0. 0. 0. 0. 0. 0. 0. 0. 0. 0. 7.82735122e-004
    0. 2.91126152e-003 0. 5.53212361e-003 0. 0. 6.73863920e-004 0. 0. 0.
    0. 0. 0. 0. 0. 0. 0. 7.05410400e-003 0. 0. 3.62927769e-003
    3.58124007e-003 0. 7.90683203e-004 0. 1.37141929e-003 0. 0.
    1.89591257e-003 0. 3.76788457e-003 -1.62615470e-004 8.17859604e-004
    0. 0. 3.11214780e-003 0. 0. 0. 1.08259462e-003 0. 8.78887076e-004 0.
    0. 0. 3.41439096e-004 2.72070826e-003 -2.83059053e-004 0. 0.
    1.25501794e-003 1.24177160e-002 0. 0. 0. 1.37043267e-003 0. 0. 0. 0.
    1.22502195e-002 0. 0. 8.12926446e-004 1.95411709e-003 0.
    1.08708860e-003 0. 3.27477604e-003 0. 0. 0. 2.02892087e-002 0.
    4.04058304e-003 3.86090460e-003 0. 0. 1.29483715e-002
    7.39541138e-003 0. 0. 0. 3.32754361e-003 1.52668857e-003
    4.23225481e-003 0. 0. 2.03912961e-003 5.24044037e-004 0.
    3.14698664e-005 1.64476677e-003 0. 2.91694002e-003 0. 0.
    8.07812496e-004 0. 0. 8.13306123e-003 0. 0. 3.84742348e-003 0. 0. 0.
    0. 3.33068543e-003 0. 0. 0. 0. 0. 0. 0. 0. 0. 0. 0. 0. 0.
    1.38670474e-003 -5.10137936e-004 0. 0. 0. 0. 0. 4.42447327e-003 0.
    -2.45263451e-004 0. 0. 0. 0. 0. 0. -8.44228489e-005 0. 0.
    4.86045377e-003 0. -1.35160040e-003 -2.58423970e-004 0. 0. 0. 0. 0.
    8.49798042e-003 1.99193065e-003 0. 0. 0. 0. 0. 5.93520794e-003 0. 0.
    0. 0. 0. 0. 2.00404022e-002 0. 0. 3.66437976e-004 0. 0. 0.
    1.29435759e-003 0. 1.23548657e-002 0. 0. 0. 4.71333927e-003 0. 0.
    2.91605620e-003 0. 1.76425406e-003 0. 0. 6.57277461e-003 0. 0. 0.
    3.52356513e-003 0. 1.07386404e-005 0. 0. 2.07219436e-003
    1.57356970e-002 0. 0. 0. 1.22466206e-003 9.40813567e-004
    1.56189138e-002 0. 7.02299504e-003 0. 0. 1.92223326e-003 0. 0.
    -8.51353398e-004 5.21748373e-003 0. 0. 0. 0. 0. 0. 0. 0. 0. 0. 0. 0.
    0. -3.94175178e-004 8.67232331e-004 0. 1.97747652e-003
    -9.54224106e-006 1.15888222e-004 0. 0. 3.08893342e-003 0.
    5.61060291e-003 0. 0. 0. 0. 0. 1.27399489e-002 0. 0. 0. 0. 0.
    9.77080036e-003 0. 8.58404150e-004 9.74930299e-004 0. 0. 0.
    2.23670417e-004 0. 0. 0. 0. 0. 0. 4.33301413e-003 0. 1.47501647e-003
    0. 0. 0. 0. 0. 0. 0. 0. 0. 0. 0. 0. 0. 3.13128834e-003
    1.36340242e-002 0. 0. 0. 0. 7.10758753e-003 6.57617522e-004 0.
    4.49023210e-003 -1.07460527e-003 0. 0. 0. 3.66842421e-003
    1.75801062e-004 0. 2.45324057e-003 3.83547787e-003 0.
    9.94934468e-004 0. -1.14184269e-003 5.87714370e-003 6.20908150e-003
    0. 0. 0. 2.39662849e-003 5.96257579e-003 4.42997291e-004
    7.10693945e-004 0. 0. 0. 0. -3.16681084e-003 0. 0. 5.26108453e-003
    0. 6.73573813e-005 0. 0. 1.29755179e-003 0. 5.70396776e-004 0.
    8.44742637e-003 1.68533836e-004 0. -1.05165981e-003 3.12009797e-004
    0. 3.42905452e-003 6.35991478e-003 0. 4.23273630e-003 0. 0.
    7.15400063e-007 0. 2.71430984e-003 -2.18133046e-003 2.64241267e-002
    9.87099134e-004 1.05375173e-002 0. 2.20998714e-004 0.
    -1.14030507e-003 2.51092552e-003 6.36860635e-003 0. 8.46494746e-004
    2.80672801e-003 8.14441068e-004 0. 6.09158422e-004 3.30022216e-004
    0. -1.05330267e-003 0. 5.07309916e-004 0. 2.98292306e-003
    -2.82708468e-004 0. 9.28601157e-003 0. 4.04986180e-003 0. 0.
    6.27297629e-003 0. 2.24402943e-003 -3.04262008e-004 2.58220360e-003
    0. 5.81815466e-003 5.28484257e-003 0. 0. 1.77624507e-003 0. 0.
    1.92086605e-004 6.53806655e-003 3.99044389e-003 0. 0. 0.
    1.89250044e-003 0. 0. 0. 4.89699608e-003 0. 4.59446665e-003
    7.46718026e-004 0. 0. 0. 0. 2.22220854e-003 6.66005071e-004 0. 0. 0.
    0. 0. 0. 0. 2.00301036e-003 1.13447919e-003 2.00056893e-004
    1.10197132e-002 6.39612181e-003 5.10462280e-003 0. -2.83527970e-005
    0. 0. 5.24238311e-003 0. 0. 0. 4.33724199e-005 0. 0. 0. 0. 0.
    -1.51806744e-003 0. 0. 3.00872559e-003 0. 1.16344506e-003 0. 0. 0.
    1.20640069e-003 0. -5.07485063e-004 8.39686114e-003 0.
    1.48292410e-003 0. 0. 0. 0. 0. 0. 0. 0. 7.47508975e-003
    5.43579645e-003 0. 0. 0. 0. 0. 0. 0. 2.52651772e-003 0. 0.
    7.05153507e-004 0. 0. -3.17944068e-004 2.53261678e-004 0.
    -6.38206082e-004 -9.06666333e-004 9.66290012e-004 0. 4.98321094e-003
    0. 0. 0. 0. 0. 0. 0. 2.04884056e-002 0. 0. 6.07539725e-004 0. 0.
    2.00382899e-003 4.72210208e-003 0. 3.60172871e-003 1.43722259e-003
    -6.89618057e-004 7.14526628e-004 0. 7.11405370e-003 9.01364023e-004
    0. 0. 3.74134933e-003 1.64489902e-003 0. 0. 4.53481509e-004 0.
    1.30963149e-002 0. 0. 4.97666467e-003 0. 0. 5.60189132e-004 0. 0.
    1.85931742e-003 6.91312132e-004 2.18460825e-003 0. 0. 0. 0. 0. 0. 0.
    0. 0. 0. 0. 0. 3.32352379e-003 0. 2.64495914e-003 0. 0. 0. 0.
    1.05516531e-003 0. -1.50633836e-003 -8.68921808e-004
    -4.14723363e-005 0. 0. -1.50191758e-004 3.73527734e-003
    5.79308486e-003 0. 0. 0. 0. 0. 0. 1.75061880e-003 0. 3.12745862e-004
    7.84899690e-004 2.52148439e-003 2.22399458e-003 4.49077785e-003 0.
    0. 0. 0. 0. 0. 1.12611325e-002 1.05060218e-003 0. 0. 9.93089867e-004
    0. 0. 0. -1.43937199e-004 -8.34448147e-004 -7.48748207e-005 0. 0.
    3.26517015e-003 -1.05846988e-003 0. 1.71848675e-004 6.20644598e-004
    0. 0. 2.81042758e-005 0. 0. -7.66975514e-004 0. 0. 2.95623089e-004
    0. 0. -5.13237144e-004 0. 0. 0. 0. 6.75098458e-003 0. 0.
    4.62762872e-003 0. 0. 0. 3.28594563e-003 0. 0. 0. 2.33424318e-004 0.
    0. 0. 4.77573648e-003 0. 0. 0. 0. 0. 0. 0. 0. 1.23576692e-003 0.
    -1.08385488e-004 0. 0. 0. 0. 0. 0. 0. 8.44694208e-004 0. 0. 0. 0.
    1.83768943e-003 2.25171563e-003 0. 1.09916716e-003 0. 0.
    1.56710812e-004 4.29756148e-003 3.62515124e-003 0. 1.99344358e-003
    0. 0. 0. 0. 0. 0. -2.61739502e-003 0. 0. 1.76099667e-004 0.
    -1.20889081e-003 0. 3.00657062e-004 0. 0. 0. 5.71192149e-003 0. 0.
    0. 7.08065694e-003 0. 0. 0. 1.30108767e-003 2.39707809e-003
    4.12210776e-003 0. 0. 0. 7.24881887e-004 8.92626762e-004
    6.42418303e-003 4.97964816e-003 0. 0. 8.04270501e-004 0. 0. 0. 0.
    2.50957091e-003 0. 0. 1.11449836e-003 1.78643235e-003 0. 0.
    1.21801847e-003 -6.50437200e-004 1.26333325e-003 4.69206221e-004 0.
    0. 0. 4.58457554e-003 -5.98938350e-005 0. 0. 0. 0. 1.47488702e-003
