<?xml version="1.0"?>
<opencv_storage>
<imageDescriptor type_id="opencv-matrix">
  <rows>1</rows>
  <cols>1000</cols>
  <dt>f</dt>
  <data>
    0. 0. 1.30840193e-003 6.54013362e-004 0. 0. -9.89824548e-005
    4.83330310e-004 0. 0. 7.25227036e-003 0. 2.84548453e-003 0.
    3.33274691e-003 0. 0. 7.12508685e-004 1.72969408e-003 0.
    1.64416095e-003 -6.82340236e-004 -7.95478758e-004 0. 0. 0. 0. 0.
    3.13003454e-003 6.57207333e-003 0. 0. 0. 0. 7.36601092e-003 0. 0.
    7.91702827e-004 1.42107520e-003 5.62810630e-004 -3.51335213e-004 0.
    0. -8.21598296e-005 0. 0. 0. 0. 2.12554750e-003 0. 0. 0.
    1.48499571e-003 -4.12622700e-004 0. -1.62093248e-003 0.
    1.60178155e-004 0. 0. 0. 6.78337552e-003 -1.73441891e-003 0. 0.
    2.23178952e-003 -3.43735046e-005 0. 0. 0. 0. 0. 0. 8.67272320e-004
    0. 4.72861080e-004 0. 0. -2.57777632e-004 0. 4.52465290e-004 0.
    -2.59946712e-004 -1.09333696e-003 0. 8.19691457e-004 0. 0. 0. 0.
    4.27313033e-004 4.34252433e-003 0. 5.22068003e-003 0.
    -6.12701813e-004 1.98610902e-001 7.25243473e-004 4.14113711e-005
    -1.19988504e-003 0. 0. 0. 0. 7.82109052e-003 1.04047284e-002 0. 0.
    0. 0. 0. 0. 5.89461578e-003 7.45942723e-003 0. 3.30890231e-002 0. 0.
    7.13083940e-003 0. 0. 5.49328607e-003 0. 0. 0. 0. 1.73018326e-003 0.
    0. 0. 1.26926127e-004 0. 0. 6.45336835e-003 0. 3.60102786e-005 0.
    4.40910039e-003 4.72521526e-004 6.26974646e-003 0. 0.
    6.53894240e-005 0. 0. 0. 0. 4.48216917e-003 0. 1.47528283e-003 0. 0.
    0. 0. 0. 0. -9.74179828e-004 1.68524461e-003 -1.62693264e-003
    3.80465155e-003 0. 0. 0. 0. 0. 1.96587280e-004 1.85222656e-003
    -2.72506557e-004 2.93597253e-003 0. 0. 0. -8.00471928e-004 0.
    3.22194328e-003 2.20163213e-003 0. 2.72901170e-003 0.
    2.19040690e-003 5.03193005e-004 0. 0. 0. 1.89240975e-003
    -5.67680632e-004 0. 0. 1.06271647e-003 0. 0. 0. 0. 0.
    8.43150599e-004 0. 0. 0. 3.40080704e-004 0. 3.45577905e-003 0.
    1.45283516e-003 2.32902821e-003 0. -9.01691499e-004 0. 0. 0. 0. 0.
    0. 7.39397528e-003 1.47915236e-003 0. 0. -2.05813456e-004 0.
    2.57809646e-004 0. 1.32937660e-003 0. 0. 0. 1.47188467e-003 0. 0. 0.
    0. 0. 0. 1.84847263e-003 0. -1.93984096e-003 0. -8.00139678e-004 0.
    1.63303339e-003 1.82155613e-003 0. 0. 3.50676448e-004 0. 0. 0. 0. 0.
    0. -1.49744900e-003 0. 0. 5.31324360e-004 0. 0. 0. 0. 0. 0. 0. 0. 0.
    0. 0. 0. 0. 0. 3.13843158e-003 0. 7.96514098e-003 3.82886059e-003
    -5.92221390e-004 0. -1.31387752e-003 -7.94610824e-004
    8.61501379e-004 0. 1.81612244e-003 0. 7.14960881e-003 0. 0. 0.
    -1.49281602e-003 0. 3.54812667e-003 0. 2.07027956e-003
    1.06654479e-003 0. -1.75765029e-003 0. 0. 0. 0. 1.30666734e-003
    9.43184271e-003 -7.09715416e-004 0. 0. 0. 0. 0. 4.46707429e-003
    1.31819700e-003 4.32946952e-003 0. 0. 6.22482839e-005 0. 0.
    2.45600473e-003 0. 0. 0. -3.43735388e-004 0. 2.38769408e-003 0.
    6.43633399e-003 1.30914489e-003 2.32408801e-003 0. 1.22286880e-003
    0. 0. 5.38188592e-003 0. 0. 1.05264108e-003 0. 0. 7.48494756e-004
    1.97611470e-003 2.22342229e-003 5.01869188e-004 0. 0. 0. 0. 0.
    4.10828856e-004 0. 0. 0. 3.93166719e-003 1.65408617e-003 0. 0.
    2.63984461e-004 0. 1.68603042e-003 1.67754479e-002 0.
    7.65682256e-004 4.26815310e-003 -1.15037743e-004 0. 6.06115966e-004
    0. 2.61710957e-004 7.05426908e-004 3.62053164e-003 0. 0. 0. 0.
    1.80908805e-003 1.30948564e-002 9.68663953e-004 0. 6.03526016e-004
    0. 2.31047766e-003 0. 0. 0. 0. 5.67685463e-004 0. 0.
    -5.79560292e-004 0. 0. -4.98478897e-002 1.38512184e-003 0. 0.
    9.44431988e-004 -1.00428984e-003 0. 0. 4.68676491e-003 0. 0.
    3.63080460e-003 0. 0. 0. 0. -9.50037647e-005 0. 3.74913914e-003 0.
    0. 1.45498570e-003 2.24461267e-003 0. 0. 0. 3.99214448e-004 0.
    3.32669471e-003 5.46152657e-003 3.28009645e-003 0. 0. 0. 0.
    1.03794690e-003 -1.59119058e-003 0. 0. 0. 2.34401226e-003 0.
    4.41743061e-003 2.82321614e-003 0. 9.72857047e-003 0.
    -1.02737732e-003 0. 0. 8.44985188e-005 0. -3.45271343e-004 0. 0. 0.
    0. 0. 0. 0. 0. 0. 0. 0. 0. 0. 0. 0. 0. 0. 0. 1.82964455e-003
    1.10730727e-003 7.05056824e-003 1.77642982e-002 -1.39558595e-003 0.
    2.19135568e-003 2.85123056e-003 2.75378698e-003 1.50361657e-003
    7.62695563e-004 0. 0. 1.49529548e-002 -1.55617818e-004 0. 0. 0.
    -1.03392429e-003 0. 0. 0. 0. 0. 1.27391983e-003 0. 1.03415048e-003
    0. 0. 0. 2.04875576e-003 0. 2.31099012e-003 0. 0. 0. 0.
    3.40219610e-003 2.20614043e-003 0. 2.00696290e-003 0. 0. 0. 0.
    1.87589263e-003 4.33997391e-003 -1.39354437e-003 0. 0. 0. 0.
    1.73117709e-003 0. 1.89955044e-005 5.69066405e-003 0. 0.
    6.24894490e-003 0. -1.15633185e-003 0. 0. 4.40704590e-003 0. 0. 0.
    4.91967844e-003 0. 0. 0. 0. 0. -2.62762798e-004 0. 0. 0. 0. 0.
    2.77697295e-003 -2.98590632e-004 0. 3.17506865e-003 1.99344084e-002
    0. 0. 0. 0. 0. 1.11439629e-002 0. 0. 0. 0. 0. -7.12721143e-004
    -2.24818625e-002 3.16813425e-003 1.16088996e-002 0. 0. 0.
    1.17561854e-002 8.77773017e-003 0. 0. 0. 0. 0. 0. 5.79405576e-004
    1.08660441e-002 1.79139653e-003 0. 0. 1.19839574e-003 0. 0. 0. 0.
    7.21601956e-003 0. 0. 0. 0. 4.61158529e-003 3.86676565e-003
    4.15187888e-003 0. 0. 0. 1.31560001e-003 1.90551230e-003 0.
    6.06831396e-003 1.29309739e-003 0. 9.68486303e-004 0. 0. 0. 0. 0. 0.
    1.17122231e-003 0. 0. 0. 1.23083021e-003 0. 5.97722456e-003 0.
    1.85947260e-003 0. 8.77829362e-003 0. 0. 3.09048081e-003 0.
    1.42491877e-003 0. 0. 1.59489777e-004 7.03059183e-003 0.
    8.28255434e-005 0. 0. -1.03022798e-003 1.06317643e-003 0. 0. 0. 0.
    0. 0. 0. 0. 0. 1.94620294e-003 0. 0. 0. 7.01970281e-003
    -3.05882946e-004 0. 0. 2.16750661e-003 1.98195362e-003 0.
    3.35024158e-003 3.28019931e-004 0. 0. 4.39468725e-003 0. 0.
    1.23770128e-003 0. 2.87483772e-003 0. 0. 0. 0. 1.06855808e-003 0. 0.
    -5.54205675e-004 2.13012495e-003 0. 0. 0. 7.25286826e-003 0. 0. 0.
    0. -1.66756951e-003 0. 0. 0. 1.05900632e-003 -1.24273542e-003
    -5.30324724e-005 5.37277758e-003 2.63571413e-003 2.31330981e-003 0.
    0. 0. 0. 2.89307092e-003 8.89381045e-004 0. 0. 6.62144681e-004
    1.07980841e-005 2.59973854e-003 1.04142725e-002 0. 4.32709837e-003
    5.88102033e-003 0. 5.48252324e-003 0. -4.77730966e-004 0. 0. 0.
    2.26226379e-003 0. 0. 0. 4.62213065e-004 0. 0. 2.82395445e-003 0. 0.
    0. 1.82387687e-003 0. 6.55982178e-004 0. 0. 1.16343971e-003 0. 0. 0.
    0. -1.89800723e-003 0. 0. 3.14951059e-003 2.02774978e-003 0. 0. 0.
    0. 0. 0. 1.13032851e-003 -1.44096310e-004 1.01074278e-002 0.
    1.53016706e-003 0. 0. 1.71409117e-003 0. 0. 0. 0. 0. 0. 0. 0. 0. 0.
    0. 0. 1.55254020e-005 7.29407696e-003 0. 0. 1.26093416e-003 0. 0. 0.
    0. 0. 0. 3.09612486e-004 5.34338236e-004 1.55848102e-003
    2.36252416e-003 0. 6.02638628e-003 -2.02682248e-004 0. 0. 0. 0.
    1.01225858e-003 7.80836708e-005 0. 0. 1.38974620e-003 0. 0. 0.
    1.71020394e-003 5.32214064e-004 0. -2.92178273e-004 0. 0. 0. 0. 0.
    0. 0. 0. 0. 3.82399093e-003 1.88682578e-003 2.00703251e-003 0.
    4.57750983e-004 0. 0. 8.70330818e-003 -1.24772510e-003 0. 0.
    8.03618401e-004 0. 4.34132665e-003 1.27192514e-004 3.71804484e-003
    0. 0. 0. 0. -5.61031222e-004 0. 0. 0. 3.99093376e-003 0.
    1.81992922e-003 0. 0. 2.95732357e-003 0. 0. 0. 0. 0. 1.54221291e-003
    0. 0. 1.24723476e-003 1.53188792e-003 0. 0. 0. 0. 0. 0.
    4.90510883e-003 0. 0. 0. 0. 0. 0. 0. 2.73720687e-003
    -8.18744360e-004 0. 0. 0. 0. 0. 0. 0. 0. -7.72325147e-004
    3.29097616e-004 0. 0. -3.46597633e-003 0. 0. -1.23867812e-003
    2.12360569e-003 0. 0. 2.85727461e-003 0. 0. -4.45027516e-004
    4.54029441e-003 0. 0. 0. 0. 0. 0. 0. 1.40719919e-003 0. 0. 0. 0. 0.
    -1.05951738e-003 0. 0. 0. 0. 0. 0. 0. 0. 2.27485457e-003 0.
    4.67512943e-003 0. 0. 2.02307501e-003 6.29098946e-003 0. 0.
    1.15687679e-003 -1.13060942e-003 0. 3.67853115e-003 0.
    4.97206300e-003 0. 0. 3.77139007e-003 3.31004593e-003
    -3.85399508e-005 0. -2.23774448e-004 0. -1.42706587e-004 0. 0.
