<?xml version="1.0"?>
<opencv_storage>
<imageDescriptor type_id="opencv-matrix">
  <rows>1</rows>
  <cols>1000</cols>
  <dt>f</dt>
  <data>
    7.71379797e-003 0. 0. 5.90192899e-003 0. 0. 4.14893497e-004
    1.81359763e-003 -1.37170835e-004 0. 1.00686669e-003 1.82345614e-003
    1.99798890e-003 7.03714555e-004 1.30012876e-003 8.58716900e-004 0.
    0. 3.56553588e-003 0. 1.42317242e-003 8.57323932e-004 0. 0.
    1.68363587e-003 2.32092082e-003 0. 0. 3.92760662e-003
    -2.06654822e-003 0. 0. 1.20050495e-003 0. 0. 0. -5.34371473e-004 0.
    2.59573059e-003 1.79324881e-003 5.54139959e-004 0. 0. 0. 0. 0.
    8.44794034e-004 -2.27617938e-003 0. 0. 4.84034652e-003 0. 0.
    4.67012811e-004 6.94720598e-004 -6.71326008e-004 0. 6.36890181e-004
    0. 0. 1.30789843e-003 7.53381639e-004 1.47920765e-003 0. 0.
    -1.04065856e-003 4.93632350e-003 0. 0. 1.02787872e-003 0. 0.
    -7.35831680e-004 0. 0. 2.85405689e-003 0. 1.21218311e-002
    1.17120193e-003 0. 0. 0. 1.23200123e-003 7.07080762e-004 0.
    -1.35247887e-003 0. 0. 0. 0. 0. 3.43288668e-003 -1.78676579e-004 0.
    2.35581421e-003 7.46607955e-004 -2.30438709e-002 0. -6.54260512e-004
    0. 9.90552828e-004 0. 1.03307078e-002 0. 2.80357269e-003
    9.25597455e-003 0. 0. 0. -3.07177193e-004 1.89481396e-003 0.
    7.87573121e-003 3.88429617e-003 0. 0. 0. -3.37346370e-004
    8.06628668e-004 0. 0. -1.44790090e-003 0. 0. 1.06919254e-003
    5.65711642e-003 1.57148053e-003 3.18702050e-002 0. -7.65227189e-004
    5.60908346e-003 0. 6.69441710e-004 2.39575002e-003 0.
    3.82545288e-003 1.16162875e-003 0. 0. 0. 0. 0. 0. 0. 4.23393620e-004
    0. 0. 3.16045061e-003 0. 0. -1.85281108e-003 -2.73663551e-004 0. 0.
    0. -2.78958061e-004 2.44270801e-003 2.20968667e-003 0.
    -7.11426837e-005 0. 0. -9.58576275e-004 0. 0. 1.82429620e-003 0. 0.
    0. 0. 0. 1.12569216e-003 0. 0. 8.08431185e-004 1.61659569e-002 0. 0.
    0. 0. 2.45476048e-003 2.75063212e-003 3.57542466e-003 0.
    5.15241351e-004 1.55478735e-002 1.07215587e-002 1.43719499e-003 0.
    0. 0. 0. 9.71182424e-004 3.42160673e-003 1.07735710e-003
    8.05693679e-004 8.30443285e-004 -1.18295883e-003 4.69572935e-003
    3.41709959e-003 7.43072713e-003 0. 8.81121843e-004 0. 0.
    5.90366020e-004 0. 0. 0. 0. 0. 0. 1.92235893e-004 7.45311205e-004
    9.40402970e-004 0. 0. 2.23154947e-003 8.93292250e-004 0.
    -7.52618653e-004 0. 0. 1.45959808e-003 0. 0. 0. 0. 0. 0. 0.
    3.38631129e-004 0. 2.03525880e-003 2.62235990e-003 1.52263339e-004
    0. 1.18571136e-003 1.05624665e-002 1.06101949e-003 0. 0.
    5.48082869e-003 0. 0. 0. -5.18350978e-004 -1.46130763e-003
    -3.62089399e-004 0. 0. 0. 0. 0. 0. 0. 6.37444435e-003 0. 0. 0. 0.
    1.47548900e-003 -2.38364126e-004 6.79576362e-004 0. 5.54483896e-003
    0. 0. 2.76000332e-003 1.20219134e-003 5.09644306e-005 0.
    -1.21815805e-003 8.36791063e-004 0. 0. 0. 0. 6.83195610e-003
    6.73145056e-003 0. 0. 8.60147586e-004 0. 8.37867521e-003
    7.78333459e-004 0. 0. 1.99563918e-003 1.53762447e-002
    3.12729389e-004 0. -1.36171744e-004 7.12682726e-003 0.
    7.09317042e-004 0. 0. 8.84054170e-004 -5.12994360e-004 0. 0.
    5.58291038e-004 0. 0. 0. 0. 0. 3.70027428e-003 0. 1.14514688e-002 0.
    0. 0. 1.71961624e-003 1.55674829e-003 0. 8.34585517e-004
    9.96972807e-003 1.77154329e-003 7.31230527e-003 0. 4.69986303e-003
    0. 0. 5.37125906e-003 0. 1.70098699e-003 0. 0. 0. 0. 0.
    8.07735976e-003 -9.51147347e-004 0. 1.01224356e-003 2.14013015e-003
    3.99630284e-003 0. 0. 0. 2.00419594e-003 7.83526222e-004
    1.96457864e-003 1.21891522e-003 1.18891755e-003 0. 1.09171253e-002
    0. 0. 3.22417193e-003 0. 7.47917686e-003 0. 0. 0. 0. 0.
    2.16334895e-003 2.75079464e-003 -9.52674163e-005 0. 0.
    2.20503542e-003 1.82145007e-003 2.68704053e-002 4.34967875e-003 0.
    0. 0. 0. 2.69015459e-003 0. 2.76104757e-003 7.39591196e-004 0.
    1.63998408e-003 0. 0. 0. 0. 1.01627759e-003 1.71616338e-002
    -5.28565841e-004 0. 0. 3.71132256e-003 3.14951083e-003 0.
    1.00613991e-003 0. -2.87375762e-003 0. 0. 1.92902342e-003 0. 0. 0.
    5.20848902e-003 0. 1.31593656e-003 0. 0. 0. 3.43066422e-005 0. 0. 0.
    0. 0. -1.79492155e-004 0. 0. 0. 0. 0. 0. 0. 1.75365666e-003 0. 0. 0.
    0. 0. 0. 0. 1.45928469e-003 0. 0. 0. 0. 0. 0. 4.04155534e-003 0.
    2.06585578e-003 0. 4.65918565e-003 5.12526894e-004 -6.12064032e-004
    2.34856328e-004 0. 0. 2.29207356e-003 1.43885158e-003
    3.91744031e-003 0. 0. 1.50015287e-003 7.62797601e-004 0. 0.
    7.85103650e-004 0. 0. 0. 0. 0. -3.42771062e-004 0. 2.89170607e-003
    1.66025583e-003 -4.40862263e-004 -3.88220767e-004 0. 1.74259755e-003
    0. 0. 0. 5.02667797e-004 0. 0. 5.50311059e-003 6.36718143e-003 0. 0.
    0. 0. 0. 0. 0. 0. 0. 4.87305690e-003 3.32542288e-004 1.75876520e-003
    7.96337263e-004 0. 0. 1.21616265e-002 3.74295376e-003
    6.19277311e-003 1.36200630e-003 -6.12428586e-004 0. 1.39213540e-003
    3.74355295e-004 1.55084021e-003 1.01605756e-003 1.34124560e-003
    -9.24880558e-004 3.36825359e-003 0. 5.78255020e-003 0.
    5.54606086e-003 0. 3.00926995e-003 0. 8.61221110e-004 0. 0.
    1.24190818e-003 0. 2.25446559e-003 0. 5.46752336e-003 0. 0. 0.
    1.61440205e-003 0. 0. 7.62497832e-004 0. 0. 9.14161908e-004
    3.07360361e-003 0. 3.19784600e-003 0. 0. 2.05499632e-003
    1.21790927e-003 0. 0. 1.76926318e-003 7.01067387e-004 0.
    -2.95282458e-004 9.96231334e-004 3.37328459e-003 2.15891108e-004 0.
    0. 0. 0. 5.50553948e-003 3.24645988e-003 1.30595844e-002 0.
    3.19891027e-003 0. 1.30341051e-003 0. 2.52145296e-003
    8.31790268e-004 -1.75779429e-003 1.82948040e-003 0. 0.
    1.66347204e-003 0. 3.66733759e-004 3.15375801e-004 0. 0. 0.
    7.59254117e-003 0. 0. 0. 1.44379050e-003 5.37719252e-003
    5.54393604e-003 0. 0. 0. 3.33832344e-003 0. 0. 0. 0. 6.38211053e-003
    5.28840290e-004 0. 0. 0. 8.12336686e-004 8.24350573e-004 0. 0.
    -8.37220694e-004 1.23125268e-003 0. 0. 0. 1.00020401e-003 0. 0.
    7.97287154e-004 2.45591882e-003 3.51969822e-004 0. 0.
    6.07086485e-003 0. -5.13897285e-005 0. 0. -1.71307533e-004 0. 0. 0.
    0. -1.98446905e-005 0. 0. 0. -7.58356764e-005 9.81012126e-004
    1.15796609e-003 1.88991937e-004 0. 0. 0. 0. 0. 8.39848886e-004 0. 0.
    0. -1.81439304e-004 8.16021580e-004 0. 0. 4.50997497e-004 0.
    1.03701616e-003 0. 4.61975345e-004 1.73246406e-003 0.
    -6.95410426e-006 0. 0. 0. 2.47723120e-003 0. 0. 1.58919627e-003
    1.29889860e-003 2.51084659e-003 1.99325127e-003 2.22743372e-003
    7.68248923e-004 0. 0. 0. 0. 0. 2.01809453e-003 5.50299371e-003 0. 0.
    0. 1.26295956e-003 2.99780047e-003 0. 0. 6.54958840e-003 0. 0. 0. 0.
    -2.59941816e-003 1.04115496e-003 3.41431960e-003 1.57115617e-004 0.
    0. 0. 0. 0. -1.10908609e-003 0. 0. 4.69087437e-003 0. 0.
    3.29437037e-003 2.54469305e-005 1.94940099e-003 2.98503367e-003
    3.44296859e-004 0. 0. 4.87583457e-003 2.61342991e-003 0.
    2.96415319e-003 2.80094240e-003 4.28191246e-003 0. 0. 0. 0.
    2.21076561e-003 0. 0. 0. 0. 0. 2.74636410e-003 1.03653793e-003
    5.09434519e-003 1.22881588e-003 4.12272383e-003 0. 0. 0.
    2.12839758e-003 5.56044234e-003 -1.49483152e-003 0. 0.
    8.43961374e-004 0. 0. 5.73724508e-004 6.36820332e-004 0. 0. 0. 0. 0.
    0. 0. 0. 1.80597755e-003 0. -5.14385465e-004 1.12630764e-003 0.
    3.60170845e-003 6.18266757e-004 0. 0. 1.84622908e-003
    5.64707443e-003 3.06748494e-004 0. 0. 8.37171858e-004 0.
    1.39599910e-003 0. 0. 0. 0. 0. 0. 0. 0. 0. 0. 1.30297779e-003
    1.22566083e-002 7.49744591e-004 1.10832683e-003 0. 2.34304718e-003
    1.44692603e-003 0. 6.22942753e-004 1.56201934e-003 -2.34315521e-003
    0. 0. 0. 0. -1.03710021e-003 -9.10284172e-004 -2.00547464e-003
    3.75399296e-003 1.64325163e-003 0. 0. 0. 4.14738338e-003 0.
    3.87803325e-003 1.14996196e-003 0. 0. 0. 0. 8.09501333e-004
    -1.16421061e-003 0. 0. -2.09601060e-003 0. 0. -1.31319277e-003
    -5.95096382e-004 2.03525252e-003 5.89334778e-003 0. 0.
    1.39412019e-004 0. 0. -1.44523859e-003 0. 0. 0. 0. 0. 0. 0.
    1.31217926e-003 0. 0. 0. 8.05446820e-004 0. 0. 0. 0. 0.
