<?xml version="1.0"?>
<opencv_storage>
<imageDescriptor type_id="opencv-matrix">
  <rows>1</rows>
  <cols>1000</cols>
  <dt>f</dt>
  <data>
    0. 0. 7.78629794e-004 2.47646030e-003 0. 3.72149795e-003
    1.34803518e-003 0. 0. 4.26815962e-003 -7.22585595e-004 0.
    1.14550125e-002 2.54598702e-003 2.57999660e-003 5.53198066e-003 0.
    1.05100835e-003 -2.35992542e-004 0. 2.34143678e-004 -1.46203465e-003
    4.92006366e-004 0. 4.98210313e-003 2.52472586e-004 0. 0.
    1.25771121e-003 3.40810674e-003 0. 0. 0. 0. 0. 0. -7.27769220e-004
    9.42377723e-004 0. -4.48753271e-004 7.72620609e-004 0. 0. 0. 0. 0.
    0. 3.83541058e-003 0. 0. 1.13159642e-002 2.52830097e-004 0.
    1.13508792e-003 0. 3.81169305e-003 0. 0. 0. 0. 1.26534014e-003
    6.65125612e-004 -8.56998086e-004 0. 0. 0. 1.10050011e-003 0. 0. 0.
    0. 0. 0. 0. 4.21875250e-003 0. 0. 0. -2.70367879e-003 0. 0. 0.
    5.41527336e-003 0. 0. 2.44814474e-002 0. 0. 1.11034501e-003 0. 0. 0.
    -1.66095817e-003 0. 0. 0. 1.27879724e-001 0. 3.38553754e-003 0. 0.
    0. 0. 1.11448066e-003 3.53222364e-003 4.20224480e-003 0. 0. 0. 0.
    4.61075433e-005 0. 1.34094898e-002 -5.02755353e-003 4.29521780e-004
    5.20052901e-003 0. 0. 1.66693865e-003 0. -7.22140481e-004 0. 0. 0.
    -8.62859422e-004 3.49128211e-004 -1.22483040e-003 0. 0.
    2.79316632e-003 3.48726148e-003 0. -5.79354702e-004 2.40758923e-003
    0. 0. 0. 0. 0. 0. 0. 0. 3.39845894e-004 0. 0. 0. 4.35538962e-003
    -1.20706134e-003 0. 0. 5.04633703e-004 0. 0. 1.88085879e-003 0. 0.
    2.48870510e-003 2.55045667e-003 0. -2.43838003e-004 0. 0. 0. 0.
    1.28301897e-003 0. 0. -1.18204152e-004 0. 0. 0. 3.62793868e-003
    9.74154042e-004 0. -3.13542405e-005 3.09494766e-003 0. 0. 0. 0.
    6.19620178e-003 0. 0. 0. 0. 1.03957048e-002 1.94062237e-002 0.
    2.21177019e-004 0. 0. 0. 0. 0. 0. 0. 0. 2.29789061e-004 0.
    4.23311768e-003 -5.54674712e-004 0. 0. 0. 0. 0. 0. 0. 0. 0. 0.
    4.66543250e-003 0. 0. 0. 0. 1.31002394e-003 3.83549533e-003 0. 0. 0.
    0. 2.47444814e-006 0. 0. 0. 0. 0. 0. 1.93423335e-003 0. 0.
    1.75316480e-003 0. 3.11885867e-003 4.12089168e-004 0. 0.
    4.89172805e-003 0. 0. 1.75241858e-003 0. 0. 0. 5.46522578e-003 0. 0.
    0. 0. -1.00158656e-003 0. 0. 0. 0. 3.57285608e-003 3.67629481e-003
    0. 5.14358224e-004 0. 1.06259983e-003 4.75230813e-003 0.
    3.20582185e-003 0. 0. 0. 1.38509390e-003 3.39903141e-004 0.
    -1.77323571e-004 2.25639134e-003 4.92594438e-003 -1.70185324e-003
    4.46690992e-003 0. 0. 2.87119532e-003 0. 1.78380660e-003 0. 0.
    7.36153591e-003 2.41507590e-003 5.25179261e-004 0. 1.76682789e-003
    0. 0. 3.76097346e-003 0. 3.11366603e-004 0. 3.64279520e-004 0.
    1.95942121e-003 0. -5.16512722e-004 1.40361095e-004 0. 0. 0.
    1.48079861e-002 0. 8.26957403e-004 0. 0. 8.53465637e-004 0. 0. 0. 0.
    0. 0. 0. 0. 0. 2.54165498e-003 2.95627397e-003 0. 0. 0.
    9.88974120e-004 0. 0. 0. 0. 0. 0. 0. -2.23868192e-004 0. 0.
    7.10447272e-003 0. 0. 0. 0. 0. 3.14698997e-003 0. 0. 1.09441578e-003
    5.83072135e-004 0. 1.71599770e-003 0. 0. 0. 0. 0. 1.96584295e-002 0.
    6.31362945e-003 0. 0. 3.69142997e-003 0. 0. 0. 2.56015745e-004 0. 0.
    0. 0. 0. 3.25259496e-003 9.29487031e-003 0. 0. 6.93502184e-003 0.
    1.66106923e-003 2.00763275e-003 1.36051401e-002 1.62396231e-003 0.
    4.90394048e-003 0. 0. 0. 0. 0. 1.86427936e-001 1.51813892e-003 0. 0.
    0. -5.24377276e-004 0. 1.87441838e-004 0. 0. 8.06838833e-003 0. 0.
    0. 0. 0. -4.05378698e-004 0. 3.22031497e-004 0. 0. 8.68933101e-004
    -3.14897439e-003 0. 0. 0. 0. 0. 0. 0. 0. 0. 0. 0. 0. 0.
    -1.20959274e-004 5.59771201e-003 0. 0. 1.54991564e-003 0. 0. 0. 0.
    7.15683564e-004 0. 0. 0. 0. 0. 0. 9.43357532e-004 0. 1.29235140e-003
    0. 0. 0. 0. 0. 0. 0. 0. 8.62376823e-004 0. 0. 0. -4.83360374e-004 0.
    0. 4.99764457e-004 3.18746752e-004 0. 3.70174210e-004
    6.09794864e-003 2.63912836e-003 0. 4.99612605e-003 0. 0. 0.
    -5.33108832e-004 0. 0. 0. 0. 0. -1.00723235e-003 0. -4.89425263e-004
    0. 0. 0. 0. 0. 0. 0. 0. 0. 0. 0. 0. 0. 0. 2.66944733e-003 0. 0. 0.
    0. 1.44440569e-002 0. 4.90423432e-003 8.28362128e-004
    -3.30371840e-004 0. 1.11905986e-003 0. 7.33954774e-004
    1.02202386e-004 0. 0. 9.05277731e-004 4.78646543e-004 0. 0. 0. 0.
    3.55524477e-003 0. 4.28109057e-003 0. 0. 0. 5.97879116e-004
    1.65891973e-003 0. 6.65137661e-004 0. 0. 0. 0. 0. 0. 6.67629589e-004
    0. 0. 0. 0. 2.22344432e-004 0. -4.76444635e-004 2.14156159e-003 0.
    7.64413795e-004 0. 0. 0. 0. 0. 0. -2.73737125e-004 0. 0. 0. 0.
    9.48517118e-003 1.23021975e-002 -6.78789616e-002 1.64244638e-003
    8.76069162e-003 0. -8.34430044e-004 0. 2.55476334e-003
    7.86487013e-003 5.58334170e-003 0. 6.49759313e-003 0.
    1.97815076e-002 0. 0. 2.38407776e-003 0. 3.11380107e-004 0. 0. 0. 0.
    0. 2.73665576e-003 7.53229903e-003 1.05050532e-003 -5.77574756e-005
    0. 0. 6.94871135e-003 4.35308233e-004 0. 0. 0. 1.31549721e-003 0.
    1.66322710e-003 1.10318382e-004 0. 0. 0. 0. 0. 0. 0. 0. 0. 0. 0. 0.
    0. 0. 2.58100498e-003 0. 5.15141408e-004 0. 8.99031176e-004
    6.02680142e-004 2.83392670e-004 0. 0. 0. 0. 0. 0. 0. 2.89031770e-003
    0. 0. 0. 0. 5.42528694e-003 0. 1.04059128e-003 6.96995645e-004 0.
    1.50305219e-003 1.19817711e-003 0. 0. 0. 0. 0. 0. 0. 0. 0. 0. 0. 0.
    0. 0. 1.02999352e-003 0. -1.14977197e-003 0. 0. 0. 0. 0. 0. 0. 0.
    5.91429556e-003 0. 0. 0. 0. 0. 0. 0. 1.04460210e-004 4.38082358e-003
    0. 0. 0. 0. 0. 1.55204686e-003 7.68567319e-004 0. -2.46871030e-003
    0. 0. -1.91698826e-004 -1.85198573e-004 0. 0. 0. 0. 0. 0. 0. 0. 0.
    4.92997817e-004 0. 0. 0. 0. 0. 0. 1.14512315e-003 0. 0.
    8.19265936e-003 0. 0. 4.70947288e-003 0. 0. 3.24298773e-004 0.
    -1.39845035e-003 0. 0. 0. 0. 0. 0. 3.77716590e-003 0. 0. 0.
    3.65429092e-004 0. 0. 0. 0. 9.16382705e-004 0. 0. 0. 0.
    4.06462030e-004 0. 0. 6.91152381e-005 1.16240815e-003 0. 0. 0. 0. 0.
    0. 0. 0. -2.22324231e-003 0. 0. 5.90932847e-004 0. 2.86709238e-003
    0. 0. 0. 0. 3.19506554e-003 0. 0. 0. 1.72185781e-003 0. 0.
    3.92537517e-003 2.47661164e-003 0. 6.79535326e-004 0.
    4.29029483e-003 0. 0. 9.17350408e-005 0. 0. 0. 0. 0. 0.
    1.67264394e-003 0. 2.74466490e-003 0. 0. 0. 0. -1.96585711e-003
    7.11459946e-003 0. 0. 0. 0. 0. 0. 4.91505023e-003 0. 0. 0. 0. 0.
    3.48278671e-004 0. 5.93978539e-003 4.19648393e-004 0. 0. 0. 0. 0.
    2.70875613e-003 0. 2.39752582e-004 0. 0. 0. 7.10164616e-003 0. 0. 0.
    2.94790906e-003 -1.02120393e-003 1.02572283e-003 0. 2.33978173e-003
    1.92355551e-003 0. 0. 0. 8.67790170e-003 0. 0. 0. 4.52722423e-003 0.
    0. 0. 0. 0. 0. 0. 0. 2.03198846e-003 5.96051523e-003 0. 0. 0.
    3.48934671e-003 0. 0. 0. 0. 0. 1.68724963e-003 0. -5.00498165e-004
    0. 0. 0. 0. 0. 0. 0. 0. 4.13646223e-003 0. 0. 2.09194329e-003
    -3.26112058e-004 0. 0. 0. 6.86913216e-003 0. 0. 0. 0.
    -4.07954492e-003 0. 0. -1.60285376e-003 0. 0. 0. 0. 0. 0.
    5.31761791e-004 -3.00173357e-004 0. 0. 0. 0. 0. 0. 0. 0. 0. 0. 0. 0.
    0. 0. -5.34325722e-004 3.91265471e-003 0. 0. 0. 1.05304550e-003 0.
    0. -1.65792182e-004 0. 0. 1.49162579e-003 0. 0. 0. 0. 0. 0. 0. 0.
    1.59505114e-003 0. 0. 0. 0. 0. 3.75580229e-003 -1.31610630e-003 0.
    0. 0. 5.37792360e-003 4.44531580e-003 0. 0. 0. 0. 0. 0.
    5.38845605e-004 0. 7.19031901e-004 0. 1.05322655e-002 0. 0. 0. 0. 0.
    0. 0. 0. 0. 0. 0. 0. 0. 0. 0. 0. 0. 0. 3.94382048e-003
    -1.82419986e-004 0. 0. 0. 0. 0. 2.92215869e-003 0. 8.51109740e-004
    5.63026685e-003 0. 0. 0. 3.77424364e-003 0. 0. 0. 0. 9.87314153e-004
    0. 5.14393579e-003 0. 0. 0. 0. 0. 0. 7.21906265e-003 1.47360575e-003
    0. 0. 0. 4.16954426e-004 0. 1.64018502e-003 1.28667441e-003 0.
    1.03684049e-003 0. 0. 0. 0. 0. 1.45731587e-003 0.</data></imageDescriptor>
</opencv_storage>
