<?xml version="1.0"?>
<opencv_storage>
<imageDescriptor type_id="opencv-matrix">
  <rows>1</rows>
  <cols>1000</cols>
  <dt>f</dt>
  <data>
    0. 0. 0. 7.57774280e-004 0. 0. 0. 0. 0. 0. 1.99877378e-003 0.
    2.19714716e-002 4.68447991e-003 -3.60727892e-004 4.11431585e-003 0.
    0. 0. 0. 6.23846194e-004 -2.79356842e-003 0. 0. 8.90164694e-004 0.
    0. 0. -2.76802666e-003 5.46052493e-003 0. 0. 1.20126279e-002 0.
    2.98215915e-003 0. -1.85600400e-003 0. -1.06930430e-003
    -6.05458277e-004 0. 0. 0. 0. 0. 0. 0. 1.24348642e-003 0.
    3.24069709e-003 1.92770048e-003 0. 0. 3.78515595e-003 0.
    1.18577909e-002 0. 1.62504369e-003 0. 0. 0. -3.69982852e-004 0. 0.
    2.70186202e-003 5.23611234e-005 6.69078436e-004 0. 0. 0. 0. 0.
    7.02413730e-004 0. 1.89781038e-003 -9.36361728e-004 0. 0. 0. 0.
    -1.03386084e-003 0. -8.24139453e-004 0. 0. -5.02745202e-003 0. 0. 0.
    0. 0. 0. -2.43740040e-004 5.58439759e-004 0. 0. 3.38073857e-002 0.
    0. 0. 0. 0. 0. 0. -5.97484061e-004 2.27504200e-003 0. 0. 0. 0.
    6.31537288e-003 0. 1.96933420e-003 1.03351604e-002 0. 0. 0.
    -1.02272304e-003 0. 0. 0. -2.96259277e-005 0. 0. 0. 6.91670319e-003
    0. 0. 0. -7.32261688e-004 0. 0. 2.67048657e-004 2.89613241e-003 0.
    1.73056650e-003 0. 0. 0. 0. 2.15571513e-003 0. 4.58584027e-003 0.
    1.17341429e-003 0. 0. 4.09018341e-003 0. 5.01224014e-004
    5.67885232e-004 0. 0. 1.16932695e-003 0. 0. 2.47225951e-004
    2.58795777e-003 0. 0. 1.47928833e-003 0. 0. 0. 0. 6.95174839e-003 0.
    0. 0. 0. 0. 5.20143774e-004 0. 0. 2.57825968e-003 0. 3.85108753e-003
    0. 0. 0. -1.00234849e-003 0. 0. 0. 0. 1.76553465e-002
    1.14816725e-002 1.22602528e-003 0. 0. 9.65640182e-004 0. 0. 0. 0. 0.
    1.61573116e-003 0. 1.97479152e-003 0. 1.20764613e-004 0. 0.
    1.86917686e-003 0. 0. 0. 0. 0. 0. 0. 2.04402953e-003
    -4.73857392e-004 0. 0. 0. 0. 2.69247871e-003 1.40487775e-003 0. 0.
    0. 0. 1.90535304e-003 3.03735677e-003 0. 0. 0. 0. 0. 0.
    3.54421558e-003 0. -4.43566532e-004 0. -7.07191939e-004 0. 0.
    1.52677344e-002 0. 0. 1.06117455e-003 0. 0. 0. 2.03946882e-004 0. 0.
    0. 9.06093745e-004 0. 0. 0. 0. 0. 7.40710087e-003 -3.51707044e-004
    0. 0. 0. 0. 0. -7.09290849e-004 5.15366206e-004 0. 1.49490952e-003
    2.40484532e-003 0. 0. 0. 4.75216657e-003 0. 0. 0. 0. 0. 0. 0. 0.
    1.29715947e-003 0. 0. 9.38259356e-004 0. 5.43085567e-004
    1.03976279e-002 3.37614841e-003 0. 0. 7.85324909e-003 0. 0. 0.
    1.36064980e-002 0. 0. 0. 0. 0. 0. 0. 0. 5.08838007e-003
    5.83675574e-004 -6.69930188e-004 0. 6.63831271e-003 2.36559310e-003
    0. 5.07307530e-004 4.20212420e-003 0. 0. 0. 3.64869804e-004 0. 0.
    1.83643133e-003 1.30458008e-002 0. 6.15114870e-004 0.
    9.97244264e-004 0. 0. 1.04218489e-003 -1.62293308e-003 0.
    1.27535139e-003 0. 0. 0. 5.58951264e-003 1.17164757e-003 0. 0. 0. 0.
    0. 1.67910021e-003 9.81438643e-005 0. 0. 6.97656767e-003 0. 0. 0. 0.
    2.43674745e-004 0. 0. 3.46589051e-002 3.00285732e-003
    3.36874131e-004 0. 0. 0. 0. 0. 6.79449120e-004 0. 0. 0.
    3.25200759e-004 0. -7.19752919e-004 7.38121988e-003 -7.56010006e-004
    0. 0. 4.90687380e-004 0. 0. 0. 5.72161190e-003 1.02034025e-003 0. 0.
    0. 0. 0. 0. 4.09958139e-003 1.14936009e-001 0. 0. 0. 2.35263677e-003
    0. 0. 0. 4.60029143e-004 0. -6.08170812e-005 0. 8.38649925e-003 0.
    0. 0. 0. 0. 3.04204784e-003 0. 0. 0. 1.00451661e-002 9.38281533e-004
    0. 0. 4.43472480e-003 0. 6.01231353e-003 0. 8.52099061e-003 0. 0. 0.
    0. 0. 0. 0. 0. 0. 5.97318402e-004 0. 0. 0. 6.40181080e-003
    1.63819466e-003 0. 0. 0. 0. 1.58629578e-003 6.84744387e-004 0. 0.
    1.74115063e-004 -4.55379544e-004 0. 0. 0. 0. 0. 0. -6.68435998e-004
    4.57469421e-003 0. 0. 0. 1.04043270e-002 0. 0. 0. -3.06939146e-005
    0. 4.71136795e-004 0. 0. 0. 8.17826018e-003 -6.51115901e-004
    -5.41017100e-004 0. 0. 0. 0. 0. 2.99091893e-003 -5.06595570e-005
    -2.32577164e-004 0. 0. 0. 6.76373194e-004 0. 0. 0. 0. 0. 0. 0. 0. 0.
    0. 0. 5.00457594e-004 0. 0. 0. 0. 0. 8.40956718e-003 0.
    5.49403392e-003 1.83251465e-003 0. 2.24012518e-004 0. 0. 0. 0. 0.
    -9.46717861e-004 2.53913831e-003 0. 0. 1.08763063e-003
    5.90642076e-003 0. 8.35570693e-003 0. 0. 0. 0. 0. 0. 0. 0. 0. 0.
    2.47437099e-004 0. 0. 0. 0. 0. 0. 7.69353413e-004 0. 2.78805522e-003
    0. 0. 4.75405296e-003 -2.19206396e-003 0. 0. 6.19627815e-003 0. 0.
    4.06265521e-004 0. 0. 8.39349721e-003 0. 0. 0. 0. 2.09143478e-002
    2.00824346e-003 -1.39681157e-003 -1.80557754e-003 3.67580866e-003 0.
    2.73573026e-003 0. -7.80354196e-004 2.14153551e-004 1.10959783e-002
    0. 4.02379362e-003 0. 0. 0. 0. 1.01444311e-002 0. 0. 0.
    1.41032168e-003 0. 0. 0. 0. 0. 4.90648765e-003 1.09294951e-002 0. 0.
    0. 8.21924396e-003 1.93147850e-003 0. 0. 2.49308441e-003 0.
    -2.66434043e-004 5.72147546e-004 0. 0. 0. 0. 0. 0. 0. 0. 0. 0.
    -3.36857483e-005 0. 0. 0. 1.87720091e-003 1.82927540e-003 0.
    2.88055488e-003 0. 1.26797403e-003 0. 0. 0. 6.45682681e-004 0.
    3.52472474e-004 0. 0. 8.81188922e-003 5.63705200e-003 0. 0. 0. 0.
    8.79239757e-004 8.64799949e-004 0. 0. 0. 0. 0. 0. 0. 0. 0. 0.
    2.21162176e-004 0. 0. 3.61724733e-003 0. 0. 0. 0. 2.37611262e-003
    5.05965436e-004 0. 0. 0. 0. 2.06576977e-002 0. 0. 9.40719503e-004
    1.00445375e-002 1.53189283e-002 0. 6.22371351e-003 0. 0.
    1.06036253e-002 0. 0. 1.21065427e-003 1.21970093e-004
    -1.36683299e-003 1.03035313e-003 0. 0. 0. -1.21986074e-003 0. 0.
    -1.45753822e-003 0. 0. 0. 0. 0. -4.18202108e-004 0. 0. 0. 0. 0. 0.
    0. 0. 4.65021702e-003 0. 0. 0. 1.76736701e-003 0. 0. 0. 0. 0. 0. 0.
    -1.15263544e-003 0. 2.09693899e-004 0. 0. 1.13129094e-002
    7.86618621e-004 0. 0. 0. 0. 0. 1.19059172e-003 -8.67589551e-004 0.
    0. 0. 0. 0. 0. 0. 0. 0. 0. 1.26159908e-002 0. 0. 0. 0. 0. 0. 0. 0.
    0. 0. 0. 0. -3.21516098e-004 0. 0. -7.87981116e-006 0. 0. 0.
    1.83870562e-003 0. 0. 0. 0. 8.61671939e-003 0. 0. 0. 0. 0. 0. 0. 0.
    5.68806520e-003 0. 7.24786310e-004 0. 0. 0. 0. 0. 0. 0. 0. 0.
    -5.13608626e-004 5.22493524e-003 0. 0. 0. 0. 1.20807695e-003 0.
    4.04936215e-003 0. 0. 0. 0. 0. 0. 0. 6.03150623e-003 0.
    1.58960349e-003 0. 0. 0. 0. -5.78936597e-004 1.62831100e-003 0. 0.
    0. 0. 0. 8.73187790e-004 -6.45911274e-003 0. 0. -1.03072065e-003 0.
    0. 7.90263712e-003 3.61219933e-003 0. 0. 0. 3.87253263e-003 0. 0.
    7.77845737e-003 0. 1.50188629e-003 0. 0. 0. 0. 0. -2.95136357e-003
    5.62390219e-003 0. 0. 8.89918674e-003 0. 0. 0. 0. 0. 0. 0.
    1.49537285e-003 0. 0. 5.86605072e-003 0. 0. 0. 0. 0. 0. 0.
    7.92111550e-003 0. 0. 0. 1.13418861e-003 1.44877727e-003 0. 0. 0. 0.
    3.45757185e-003 0. 0. 0. 0. 0. 0. 4.19400196e-004 0. 0. 0.
    1.28201826e-003 3.04421410e-004 0. 0. -2.21246877e-003 0. 0. 0. 0.
    2.72927992e-003 0. 0. 1.26095384e-003 0. 0. 0. 6.16955012e-003 0. 0.
    0. -8.75413185e-004 6.98038377e-003 0. 0. 0. 1.27134263e-003 0.
    -1.82165054e-003 3.32615711e-003 6.17725728e-003 0. 0. 0. 0. 0.
    6.65041339e-003 -1.41020387e-003 0. 0. 0. 0. 0. 0. 0.
    2.38940516e-003 0. 0. 7.15896674e-003 0. 0. 0. 1.84343022e-003 0. 0.
    -2.51768157e-003 0. 0. 0. 0. 0. 0. 5.83574991e-004 0. 0. 0. 0. 0. 0.
    7.74197921e-004 0. -1.54548034e-003 0. 0. 0. 0. 0. 0.
    1.17886718e-003 0. 0. 0. 0. 0. 0. 7.28058920e-004 0. 0. 0. 0. 0. 0.
    7.39713490e-004 0. 0. 0. 7.10323278e-004 5.55924838e-003 0. 0. 0. 0.
    0. 0. 0. 0. 0. 0. 0. 8.76048580e-005 0. 5.83717367e-003
    -1.93133659e-003 7.46480189e-003 -1.25934707e-003 0. 0.
    3.11654480e-003 0. 0. 0. 1.15100516e-003 0. 0. 0. 0. 0. 0. 0. 0. 0.
    0. 0. 0. 2.48746038e-003 1.92146201e-003</data></imageDescriptor>
</opencv_storage>
