<?xml version="1.0"?>
<opencv_storage>
<imageDescriptor type_id="opencv-matrix">
  <rows>1</rows>
  <cols>1000</cols>
  <dt>f</dt>
  <data>
    0. 0. 9.12962132e-004 3.43183312e-003 0. 0. 8.71872436e-003
    3.99428420e-004 0. 1.29091088e-002 6.38370961e-003 0.
    6.43510977e-003 0. -1.07573159e-003 0. 0. 6.34312688e-004
    1.60849432e-003 -1.09686771e-004 0. 5.33000519e-003 1.59838609e-003
    0. 0. 6.28853356e-003 0. 1.30488840e-003 4.82915342e-003
    3.91414808e-003 0. 0. 2.58198800e-003 4.32701223e-003
    1.69374037e-003 0. 0. -3.74896190e-004 9.51390190e-004
    2.71876168e-004 0. 0. 0. 1.23762322e-004 0. 0. 0. 0. 0. 0.
    8.87060538e-004 0. 7.22075289e-004 1.87462068e-003 0.
    5.88711072e-003 0. 2.93380441e-003 1.14102091e-003 0.
    8.40729117e-005 7.23691119e-005 -1.03745691e-003 0. 6.53807772e-004
    -5.02258954e-005 0. 0. 0. 3.05004389e-004 0. 0. 6.56414602e-004
    1.05816114e-003 0. 6.22261025e-004 -4.08210879e-004 8.41789413e-004
    4.22522053e-003 0. 8.44762195e-004 2.06955965e-003 0.
    -2.46119197e-003 0. 5.93565032e-003 0. 0. 1.28842227e-003 0. 0. 0.
    0. -5.04169147e-004 2.89781648e-003 1.46350206e-003 1.90877018e-003
    0. 0. 0. 0. 0. 1.00073079e-003 2.03826185e-003 0. 1.61612500e-003 0.
    0. 0. 0. 0. 0. 2.83508492e-003 1.84329972e-003 -9.45078209e-004
    1.12978311e-003 0. -1.15499599e-003 1.72108319e-003 0.
    4.12131398e-004 8.04083538e-004 0. 0. 0. 0. 0. 8.10364913e-003 0.
    1.51742448e-003 1.07118133e-002 -2.58710043e-005 0. 4.40950040e-004
    0. 4.21751337e-003 2.16319598e-003 1.59213191e-003 0.
    6.89156528e-004 1.32988440e-004 1.90428388e-003 3.34626855e-003
    1.24980847e-003 1.78857544e-003 0. 1.66127773e-003 6.81035221e-003
    0. 7.80888426e-004 0. 0. 0. 0. 0. 0. 3.63224815e-003
    -1.24426006e-004 6.29330752e-004 0. 0. 0. 0. -1.19748304e-003
    2.37828633e-003 6.25691656e-003 0. 1.01454183e-003 -7.29846288e-005
    0. 0. 1.12668527e-002 0. 0. 6.74767187e-004 1.09903910e-003
    5.97818696e-004 0. 0. 0. 1.62422995e-003 2.22180691e-003 0.
    -9.80576151e-004 0. -5.79728629e-004 0. 0. 0. 0. 2.10233475e-003 0.
    2.07797601e-003 -1.13527966e-003 0. 0. 3.42559139e-003
    1.20042602e-003 1.50966865e-003 0. 0. 0. 8.15021980e-004
    6.63331535e-004 0. 0. 0. 0. 0. 0. 0. 0. 2.62688543e-003
    1.17077818e-003 0. 1.98240764e-003 9.42822197e-004 0.
    4.05966071e-003 0. 7.30799453e-004 0. 0. 6.13570027e-003 0.
    3.51243943e-004 0. 1.19879032e-002 0. 3.33608477e-003
    -1.29017979e-004 6.05861517e-003 0. 0. 0. 0. 0. 3.82244936e-003
    1.16649130e-003 0. 1.41536584e-003 0. -1.07895430e-004 0. 0. 0. 0.
    0. 0. 0. 4.92713298e-004 9.75350558e-004 0. 0. 0. 0. 4.80157277e-003
    0. 1.75389892e-003 0. 0. 1.68690912e-003 0. 0. 0. -1.73891982e-004
    1.36180106e-003 1.32909778e-003 6.79002563e-003 5.50077250e-003
    4.52754786e-003 0. 9.31161165e-004 0. 0. 0. 1.43519649e-003 0.
    1.24508294e-003 0. 1.27392283e-004 0. 0. 0. 1.19919982e-002
    1.50646991e-003 1.21726736e-003 -5.12922823e-004 0. -4.01543191e-004
    -1.46535021e-004 0. 7.33682828e-004 1.73819868e-003 1.56913593e-003
    1.53186801e-003 3.38802370e-003 1.39369818e-004 2.76558171e-003
    1.40882772e-003 0. 0. 8.35625455e-004 0. 0. 0. 0. 0. 2.81522307e-003
    0. -1.44367514e-003 0. 0. 0. 5.81089221e-003 0. 0. 9.32349067e-004
    6.47620205e-003 0. 0. 0. 3.32345441e-003 1.21473812e-003 0.
    -6.72660652e-004 3.23094847e-003 5.57382009e-004 7.02841848e-004 0.
    1.97933172e-004 0. 5.99221652e-003 3.50986724e-003 0. 0. 0.
    1.24816597e-003 2.85678916e-003 1.39866944e-003 1.36981159e-003 0.
    0. 0. 0. 0. 2.81663379e-003 0. 2.92683789e-003 0. -3.18241509e-004
    2.87710107e-003 7.78796896e-003 0. 0. 0. -9.12666073e-005
    1.52069353e-003 0. 6.34000776e-003 6.75859675e-003 -1.66397396e-004
    0. 0. 0. 4.50025639e-003 6.29918592e-004 5.33011975e-003 0. 0. 0. 0.
    0. 0. -6.68350622e-005 3.14489729e-003 1.72041194e-003
    -8.47331365e-004 5.22745133e-004 1.09036581e-003 1.24632439e-004 0.
    2.19141552e-003 -5.74545935e-004 0. 0. 0. 1.36130780e-003
    2.89288512e-003 0. 4.14029462e-003 1.52338052e-003 -9.57253433e-005
    0. 5.51125442e-004 4.54055611e-003 0. 0. 0. 0. 6.01341156e-003
    1.48189543e-002 4.90155863e-003 0. -4.12237644e-003 3.43220681e-003
    0. 0. 0. 0. 0. 5.69129735e-003 8.59222549e-004 1.71189182e-004 0. 0.
    0. -2.20112837e-004 0. 6.14731980e-004 1.65089907e-003 0. 0. 0.
    -3.63621395e-004 0. 0. 2.70674424e-003 0. 1.39105401e-003 0. 0. 0.
    0. 2.55012675e-003 1.13743439e-003 0. 0. 4.05601240e-005 0. 0. 0.
    5.64490212e-003 0. 7.36207061e-004 7.30827334e-004 5.86903887e-004
    0. 0. 0. 0. 8.91283737e-004 0. 0. 0. 0. 4.82387654e-003 0.
    2.70573469e-003 3.84863437e-004 5.58586000e-003 9.92575428e-004 0.
    1.76135194e-003 9.19941987e-004 0. -6.57049182e-004 0. 0.
    1.03895774e-003 0. 0. 0. 0. 5.87907201e-003 0. 0. 0. 0. 0. 0. 0. 0.
    0. 0. 0. 6.61674829e-004 8.82319640e-003 5.93409815e-004
    -2.68227595e-005 1.61614199e-003 2.53892527e-003 1.49267195e-002 0.
    4.55747504e-004 2.59350264e-003 1.58370216e-003 0. 0. 0.
    1.12939775e-002 0. 3.18938168e-003 -5.97563689e-004 -3.85712105e-004
    2.95099616e-003 5.82267006e-004 -1.47092665e-004 -1.06734829e-003 0.
    4.80228476e-003 0. 0. 0. 8.03702918e-004 4.80670389e-003
    1.16124247e-004 0. 7.16285198e-004 0. 0. -1.05443294e-004
    5.91918768e-004 2.29634601e-003 0. 0. 0. 0. -5.13250416e-004
    2.79546482e-003 1.85768295e-003 0. 0. -2.25068000e-003
    -4.64334997e-004 3.18921614e-003 2.05821148e-003 2.68361322e-003
    1.37979025e-003 0. 9.49314621e-004 1.22209918e-003 2.30427296e-003
    3.14009166e-003 0. 0. -2.23399213e-004 5.11118537e-003
    1.31760049e-003 3.84460879e-003 2.71402835e-003 1.12542799e-002
    3.41803837e-003 0. 0. 4.40970296e-003 0. 0. 0. 0. 1.28907093e-003 0.
    1.62585231e-003 4.41439654e-004 0. 0. 0. 0. 0. 1.41281018e-003 0.
    2.75185029e-003 2.33012973e-003 0. 1.23294233e-003 1.64759287e-003
    3.51747940e-003 0. 0. 1.27910695e-003 8.21627851e-004
    1.86627300e-003 -1.15791838e-004 -9.00177751e-004 7.59896403e-003 0.
    0. 2.02121679e-003 0. -4.09835018e-004 0. 0. 0. 2.77660857e-003 0.
    0. 0. 0. 1.00011248e-002 0. 1.11140100e-004 0. 3.41921160e-003 0.
    1.37766567e-003 3.03676398e-003 2.77810358e-003 4.59891744e-003
    1.34352595e-003 0. 0. 4.55597386e-004 0. 2.02773706e-004 0. 0.
    3.77902878e-003 1.60129019e-003 -1.05763945e-006 1.02134859e-002
    2.67617567e-003 0. 0. 0. 0. 0. 0. 0. 1.70658343e-003 1.24971010e-003
    0. 0. 0. 3.67199886e-003 4.64796973e-003 0. 2.00903905e-003
    2.68257852e-003 0. 7.40850810e-004 0. 2.96568382e-003 0. 0.
    -1.88544102e-003 5.93671668e-003 0. 0. 2.10442813e-003 0. 0. 0.
    -1.30017649e-003 -3.26200388e-005 6.52214047e-004 0. 1.22346147e-003
    0. 0. 0. 0. 0. 3.09353601e-003 -2.94075091e-003 5.24114631e-003
    9.54244402e-004 0. 0. 0. -2.33466155e-003 5.44794078e-004
    9.06404853e-003 0. 0. 7.58774986e-004 0. 3.24365072e-004
    2.70021940e-003 9.15598299e-004 0. 0. 0. 4.57432633e-003
    1.11591665e-003 0. 1.11755717e-003 5.76117728e-003 1.55631406e-003
    1.12920988e-003 0. 0. 2.13721395e-003 2.98755500e-003 0.
    3.15105286e-003 3.31835891e-003 0. 0. 0. 2.32704426e-003 0.
    3.94813949e-003 0. 5.51475165e-003 8.64087604e-004 0. 0. 0. 0. 0.
    3.62049276e-003 0. 0. 0. 0. 1.20144046e-003 6.50427258e-003
    4.64309193e-003 0. 1.08336413e-003 0. 0. 1.40040542e-003 0.
    6.32826181e-004 0. 0. -8.84704292e-004 0. 0. 0. 0. 0. 0. 0.
    3.22668930e-003 0. 0. 3.39796592e-004 9.21439379e-003 0. 0.
    -6.28108112e-003 1.74592587e-003 0. 0. 0. 1.12683726e-002 0.
    1.23285770e-003 2.29208148e-003 0. 4.75131354e-004 8.08440440e-004
    3.34319589e-003 1.10828283e-003 4.33106394e-003 0. 6.29051495e-003
    9.49298148e-004 0. 0. 0. 0. 0. 0. 0. 0. 2.82463338e-003
    9.48764558e-004 5.96273865e-004 0. 0. -2.11942504e-004 0. 0.
    2.15546438e-003 0. 4.26313578e-004 0. 0. 0. 0. 2.98489409e-004 0.
    3.50772566e-003 9.93121299e-004 0. 0. 0. 6.52008830e-003
