<?xml version="1.0"?>
<opencv_storage>
<imageDescriptor type_id="opencv-matrix">
  <rows>1</rows>
  <cols>1000</cols>
  <dt>f</dt>
  <data>
    0. 2.85849464e-003 0. 0. 0. 0. -3.94343835e-004 0. 0.
    1.53607631e-003 -1.52721629e-003 0. 3.47943343e-002 0.
    5.11045009e-003 -7.55040150e-004 0. 0. 1.61783025e-003 0. 0.
    5.19333640e-004 0. 0. 0. 0. 0. 1.12399505e-003 2.61886674e-003 0. 0.
    0. 9.00087587e-004 0. -2.20476207e-003 0. 0. -1.55944121e-003 0. 0.
    0. 0. 0. 0. -3.86786305e-005 0. 0. 0. 0. 0. 0. 6.06719078e-003 0.
    2.27775630e-002 0. 4.86867130e-003 0. -7.73047679e-004
    6.20889070e-004 0. 0. 0. 3.80324735e-003 0. 8.67465220e-004
    1.45790318e-003 5.43155824e-004 0. 0. 0. 0. 1.94408593e-003
    -6.60825113e-004 0. 0. -5.80459484e-004 0. 9.07109492e-003
    2.37405654e-002 0. 0. 0. 1.03386836e-002 -2.08519818e-003 0.
    1.00748371e-002 0. 0. -1.46536587e-003 0. 0. 0. 0. 0. 0. 0.
    5.05850390e-002 0. 0. 0. 0. 2.83009303e-003 0. 0. 1.19022317e-002
    8.46406631e-003 0. 0. 0. 0. 4.89544496e-003 0. 9.98752750e-003
    3.08574620e-003 0. 3.55175254e-003 0. 0. 8.55679065e-003 0.
    1.99461705e-003 7.34082365e-004 0. 0. 0. 0. 2.59798742e-003
    -2.22229725e-003 0. 4.12702357e-004 0. 0. 0. 2.65457947e-003 0.
    9.35686845e-003 0. 0. 9.67814063e-004 0. 6.08074572e-003
    2.76996614e-003 0. 0. 0. 0. 3.51876626e-003 0. 0. 2.74250837e-004
    4.47205908e-004 0. 0. 1.99626689e-003 0. 0. 3.78132355e-003
    -1.21373800e-003 0. 0. 0. 0. 0. 0. 0. 9.64382547e-004 0. 0.
    4.66916896e-003 0. 0. 1.06757390e-003 0. 0. 0. 2.34700041e-003 0. 0.
    0. 0. 0. -3.60601203e-004 5.70290163e-003 0. 0. 3.41570564e-003
    3.82445636e-004 0. 1.47105455e-002 0. 0. 0. 0. 0. 9.99555457e-004 0.
    0. 0. 0. 3.99486627e-003 2.58546346e-003 0. 5.84594579e-003 0. 0. 0.
    0. 0. 0. 0. 3.13773844e-003 0. 0. 0. 0. 2.86119827e-003
    2.41829827e-003 0. 1.15745794e-003 0. 0. 0. 0. 2.17883382e-003 0.
    9.57019744e-004 0. 0. 0. 0. 0. 1.56372134e-003 0. 5.58603881e-003 0.
    -2.13303929e-003 0. 0. 7.22792558e-003 9.99816786e-003 0. 0. 0. 0.
    0. 0. 0. 0. 0. 0. 0. 0. 1.98037876e-003 0. 0. 3.66666284e-003
    -2.33857048e-004 0. 0. 0. 0. 0. 3.07616312e-003 0. 0. 0. 0.
    9.83848609e-003 0. 3.50164599e-003 1.68946590e-002 0. 0.
    2.23567360e-003 6.51364331e-004 0. 0. 0. 0. 1.65666093e-003 0. 0.
    2.37003923e-003 0. 4.03187750e-003 0. 2.32974952e-003 0.
    1.05236517e-002 4.18959418e-003 0. 0. 0. 1.22603411e-002 0.
    2.89111375e-003 8.75571786e-005 0. -1.04391552e-003 -6.80519093e-004
    4.49261162e-003 0. 2.55214376e-003 1.05774461e-003 0. 0.
    2.64967466e-003 -2.12837849e-003 0. 4.79939772e-004 1.92955378e-002
    0. 0. 0. 0. 0. 3.66741861e-003 0. 1.55536528e-003 0. 0. 0.
    5.29775338e-004 0. 0. 7.15585239e-003 0. 1.60112930e-003 0.
    -3.09111155e-003 0. 1.15224358e-003 0. 1.13725231e-003 0. 0.
    3.62795079e-003 0. 0. 0. -9.18036494e-006 0. 0. 1.23604657e-002 0.
    0. 0. 0. 2.65917485e-003 0. 0. -1.29650449e-002 -7.85756216e-004
    5.46030526e-004 0. -7.15414644e-004 0. 0. 2.90883519e-003 0.
    -2.73844867e-004 0. 0. 0. 0. 5.90221211e-003 0. 6.18521962e-003 0.
    -8.12702638e-004 0. 7.13412883e-003 0. 0. 1.25193980e-003 0. 0.
    4.52667987e-003 0. -5.94713201e-004 0. 0. 0. -1.07833706e-002 0. 0.
    0. 1.30264657e-002 1.34101859e-003 0. 0. 0. -3.88849468e-004 0. 0.
    0. 0. 0. 0. 6.00159448e-003 7.19832862e-003 -1.87859999e-003 0. 0.
    3.95457697e-004 6.35574805e-003 -1.36148534e-003 5.31458389e-003 0.
    -4.55891626e-004 -1.81097290e-004 3.15344520e-002 0.
    -5.33860642e-004 0. 0. 0. 0. 0. 2.24265922e-003 0. 0. 0. 0. 0. 0.
    1.63548649e-003 9.46751272e-004 0. 0. 0. 0. 0. 5.61101944e-004
    -2.02140212e-003 0. 5.80673979e-004 0. 0. 0. 0. 1.89553876e-003 0.
    0. 0. 2.01571756e-003 6.46447251e-003 0. 0. 0. 1.05818827e-002
    1.87953748e-003 0. 0. 0. 2.75336602e-003 0. 0. 8.55477527e-003
    2.19442486e-003 1.05540240e-002 0. 1.99306477e-003 2.67389417e-003
    -1.27240177e-003 0. 0. 0. 0. 0. 0. 0. 0. 0. 0. 0. 0. 0. 0. 0. 0.
    2.62307655e-003 0. 0. 0. 0. 0. 0. 0. 1.81956624e-003 0.
    -2.73593701e-004 6.83157798e-003 0. 1.47999765e-003 0.
    5.49246976e-003 0. -3.05251358e-003 0. 1.64821174e-003 0. 0.
    6.30938166e-006 3.79860238e-003 0. 0. 0. 2.72854278e-003 0. 0. 0. 0.
    0. 0. 0. 0. 2.11949460e-003 0. 0. 0. 0. 0. 0. 0. 1.02481758e-003 0.
    3.25387297e-003 1.22725742e-003 0. 0. 0. 0. -1.64386362e-003
    1.11923774e-003 1.60598254e-003 0. 2.53997906e-003 0. 0. 0. 0. 0.
    -2.12628729e-004 0. -3.67827690e-003 0. 0. 0. 5.16441790e-003
    2.71799937e-002 0. 1.12924464e-002 0. 4.95965069e-004 0. 0.
    1.65607850e-003 0. 0. 8.01670132e-004 0. -8.19036551e-003 0.
    -8.07084085e-004 4.36408026e-003 0. 0. 0. -2.71920318e-004 0.
    4.16586827e-003 0. 1.05450414e-002 4.99917660e-003 7.67953787e-003
    3.61143216e-003 0. 0. 0. 0. 6.82694372e-004 0. 0. 0. 7.60761928e-003
    0. 0. 0. -2.13673105e-004 0. 0. 0. 0. 7.58847164e-004 0. 0.
    4.11031448e-004 -1.27101748e-003 0. 0. 0. 1.51107844e-003
    -5.30107878e-004 2.77539925e-003 1.60939782e-003 1.25941169e-003 0.
    0. 0. 0. 0. 1.34985149e-003 0. 0. 0. 1.55331811e-003 0. 0. 0. 0. 0.
    0. 0. 0. 0. 0. 0. 0. 8.79425183e-003 0. 0. 2.95433536e-004 0. 0. 0.
    0. 0. 0. 3.02344561e-004 0. 0. 6.01477874e-003 0. 3.92441725e-004 0.
    0. 0. 7.31021026e-003 0. 0. 1.01773571e-002 6.49596471e-003
    -4.12746472e-003 0. 1.14298174e-002 0. 2.09138739e-006 0. 0. 0.
    1.98311708e-003 9.80382599e-003 6.42257789e-003 0. 0. 0. 0.
    5.30999270e-004 6.51039532e-004 0. 3.83620872e-003 2.50199996e-003
    0. 0. 0. 0. 1.63880456e-003 0. 0. 0. 0. 0. 0. 0. 0. 0. 0. 0. 0. 0.
    0. 5.77219250e-003 0. 6.35358319e-003 4.01285896e-003 0. 0.
    8.67685012e-004 0. 0. 0. 0. 1.90083636e-003 0. 0. 9.11402144e-003 0.
    0. 0. 0. -9.51571739e-004 0. 0. 0. 0. 5.48729300e-003 0. 0. 0. 0. 0.
    1.04852617e-002 7.40684744e-004 0. 0. 0. 0. 7.93040916e-003 0. 0. 0.
    0. 0. 0. 0. 0. 8.52173427e-004 -8.98817729e-004 0. 3.78577271e-003
    0. 8.51393864e-003 0. -1.36369746e-003 0. 0. 4.00739349e-003 0. 0.
    0. 0. 0. 0. 0. 2.38776002e-002 -1.18295146e-004 0. 0.
    5.80658147e-004 0. 0. 0. 0. 0. 0. 0. 3.09838890e-003 0. 0. 0. 0. 0.
    0. 0. 0. 5.99673716e-003 -1.05486670e-005 0. 0. 0. 0.
    -4.94557957e-004 -1.39770082e-005 -2.04981165e-003 -2.23212014e-003
    0. 0. 0. 0. 0. 0. 9.84275248e-003 0. 0. 0. 0. 0. 0. 0. 0. 0. 0.
    1.55869860e-003 0. -3.46267666e-003 0. 0. 0. 0. 0. -2.53788754e-003
    0. 2.54388596e-003 0. 0. 4.43989964e-004 0. 0. 0. 0. 0. 0. 0. 0. 0.
    0. 0. 0. 0. 0. 0. 0. 7.47210172e-004 0. 0. 2.71065743e-003
    1.29727682e-003 0. 0. 0. 0. 0. 0. 0. 0. -2.16690532e-004 0.
    -3.84555431e-004 0. 0. 0. 0. 0. 0. 0. 0. -3.72964132e-004
    6.53846539e-004 0. 1.17915473e-003 1.90588878e-003 1.31433737e-003
    1.41669379e-003 0. 0. 0. 0. 0. 0. 0. 0. 0. 5.09527326e-003 0. 0.
    -1.34220615e-003 -4.14414564e-003 0. 0. 0. 0. 0. 0. 5.63646201e-003
    1.50667992e-003 0. 0. 0. 0. 0. 0. 0. 0. 4.01796913e-003 0. 0.
    4.46767313e-003 0. 0. 1.39655790e-003 7.38692994e-004 0. 0.
    1.24771206e-003 0. 0. 0. 0. 0. 0. 0. 7.12149218e-003 0. 0.
    -2.24559684e-004 0. 1.03515295e-005 0. 0. 0. 0. 0. -4.59718052e-004
    0. 0. 0. -2.66654679e-004 0. 0. -6.81499543e-004 0. 0.
    3.56111629e-003 0. 1.73636398e-003 0. 0. 0. 0. 0. 1.29413314e-003 0.
    0. 1.11890119e-003 1.28171861e-003 0. 0. 0. 0. 0. 0. 0. 0. 0.
    4.31876350e-003 0. 6.71549060e-004 0. 2.21596635e-003 0.
    4.37053293e-003 0. -1.39589989e-004 0. 0. 0. 0. 4.02793894e-003 0.
    0. 4.60247247e-004 0. 4.98565286e-003 0. 0. 1.91517139e-003 0.
    -4.82367445e-003 0. 0. 8.56386498e-003 0. 0. 0. 0. 0. 0. 0. 0. 0.
    3.33198905e-003 5.56721678e-003 0. 0. 0. 0. -3.71498847e-003
    -1.25364895e-005 8.56463891e-003</data></imageDescriptor>
</opencv_storage>
