<?xml version="1.0"?>
<opencv_storage>
<imageDescriptor type_id="opencv-matrix">
  <rows>1</rows>
  <cols>1000</cols>
  <dt>f</dt>
  <data>
    1.36463216e-003 0. -8.90448049e-004 7.36920163e-003 0. 0.
    -4.79102979e-004 -8.58508341e-004 2.50524236e-003 5.21111870e-005 0.
    0. 0. 0. 0. 0. -3.28053953e-004 0. 1.22703193e-003 0. 0.
    3.07224551e-003 -6.21418352e-004 0. 0. 0. 0. 0. 0. 0.
    7.00245332e-003 1.29348300e-002 2.62824679e-003 1.95707707e-003
    5.66612976e-003 5.97158563e-004 0. 0. 2.23223609e-003
    1.68642611e-003 0. 9.29017086e-004 -5.24982694e-004 0. 0.
    2.13911338e-003 0. 0. 0. 0. 6.25352934e-003 -1.13603449e-003
    5.58575895e-003 4.31587826e-003 0. 0. 0. 0. -4.66465979e-004
    1.02946104e-003 0. 1.73972920e-003 -1.22034784e-004 7.02551100e-003
    0. 0. 5.48306527e-003 0. 0. 0. 3.95103404e-003 1.01487938e-004 0. 0.
    1.93974015e-003 0. 0. 9.23828396e-004 0. 1.63512363e-003 0.
    7.24043557e-003 0. 0. 5.33712003e-003 0. 0. 0. -9.59261670e-005 0.
    0. 0. 0. 0. 0. 7.77032110e-004 0. 0. -8.23152543e-004 0. 0. 0.
    -1.96126581e-004 0. 0. 1.01088756e-003 0. 8.12109443e-004
    2.31345813e-003 0. 3.57012637e-003 0. 0. 0. 6.45998691e-004 0. 0. 0.
    0. 9.61470942e-004 0. -8.90973839e-004 2.08596908e-003
    2.15278217e-003 1.78279332e-003 0. 0. 1.93942129e-003 0.
    4.21333499e-003 -1.31044455e-003 1.23316832e-002 0. 1.20795902e-003
    0. 0. -3.98928998e-003 0. -1.08171359e-003 0. 3.41185625e-003
    3.54670151e-003 3.02977336e-004 0. 1.57802191e-004 0. 0.
    -2.00919341e-003 6.69928454e-003 0. 2.65970896e-003 3.95946717e-003
    3.82686761e-004 2.91845808e-003 0. 1.55391044e-003 0. 0. 0. 0.
    7.69743370e-003 0. 6.16897130e-003 0. 0. 0. 0. 0. 0. 1.20526785e-003
    7.40958611e-003 0. 0. 0. 1.75463501e-003 0. -2.50293477e-003 0.
    5.29461214e-003 7.16104871e-004 1.89529615e-003 1.13758584e-003 0.
    2.27124686e-003 0. 4.03314159e-004 6.99585769e-003 1.44864887e-003
    1.71206438e-003 0. 2.43950076e-003 0. 2.13568495e-003
    1.95606565e-003 0. 0. 1.08772982e-003 2.16128747e-003 0. 0.
    2.13287631e-003 0. 0. 0. 0. 0. 5.21037588e-003 0. 3.98466270e-003 0.
    4.16278932e-003 7.89212005e-004 2.07507890e-003 0. 3.46188713e-003
    2.23846687e-003 0. 0. 4.70114814e-004 0. 5.43947378e-003 0.
    3.30581004e-003 1.19713449e-003 0. 0. 5.95546269e-004 0.
    1.66080450e-003 2.26436416e-003 4.18002671e-003 0. 3.36111151e-003
    4.62041423e-003 0. 1.55788532e-003 0. 0. 1.78178656e-003 0. 0. 0.
    3.49808927e-003 0. 0. 6.64850639e-004 1.72110903e-003
    -3.76304903e-004 0. 0. 1.15412998e-003 0. -1.11734529e-003 0. 0. 0.
    0. 0. 0. 0. 0. 0. -6.11859432e-004 8.53944197e-003 -6.82727608e-004
    5.07004140e-003 0. 1.29157410e-003 0. 0. 6.28963951e-003
    2.34234426e-003 0. 3.94797977e-003 -1.18154407e-004 0.
    1.17285654e-003 0. 2.48436374e-003 0. 2.72807572e-003 0.
    8.87246616e-003 4.28448617e-003 1.86514296e-003 0. 0. 0.
    1.70391030e-003 0. 7.67864811e-004 0. 0. 0. 0. 0. 0. 2.01266678e-003
    0. 0. -6.13837910e-005 0. 1.88250490e-003 0. 5.10081591e-004 0. 0.
    0. 0. 0. 0. 0. 0. 1.67736784e-002 0. 2.87858886e-003 0.
    6.18200004e-003 0. 0. 0. 0. 5.93216682e-004 0. 0. 0. 0. 0.
    3.70346382e-003 0. 9.24861932e-004 2.65806844e-003 2.46475986e-003
    3.18335835e-003 6.81431545e-003 0. 1.05083827e-003 2.25546444e-003
    1.43431721e-003 5.61519852e-003 5.72266057e-003 0. 0.
    3.53957969e-003 0. 0. 0. 0. 0. 0. 0. -5.71962912e-004
    -1.59733754e-003 0. 0. 0. 0. 0. 0. 0. 0. 0. 0. -1.28665834e-003
    2.29608943e-003 0. 0. 0. 0. 0. 4.93201939e-003 0. 6.06556702e-003 0.
    4.37096274e-003 1.00340054e-003 1.73330901e-003 0. 0. 0.
    4.32343083e-003 0. 0. 0. 9.68312524e-005 0. 0. 3.91808950e-004 0. 0.
    0. 0. 0. 3.63592734e-003 0. 0. 0. 0. 3.29802185e-003 0. 0. 0. 0. 0.
    2.69679283e-003 3.94233875e-003 1.39287394e-003 0. 0. 0. 0. 0. 0. 0.
    1.46214140e-003 0. 4.44134371e-003 0. 6.75593456e-003 0. 0. 0. 0.
    2.09588232e-003 0. 9.60971229e-004 0. 0. 0. 0. 0. 2.60631344e-003 0.
    0. 0. 0. 0. 0. 3.58359679e-003 -1.89710117e-003 0. -1.43902696e-004
    6.45208580e-004 6.03286410e-003 4.23590129e-004 0. 0.
    1.39246497e-003 0. -1.09816727e-004 0. 0. 0. 5.45448507e-004 0. 0.
    0. 5.70763077e-004 0. 0. 0. 1.97752845e-003 0. 0. 6.08323887e-003
    4.12050681e-003 0. 0. 5.48471091e-003 0. 0. 0. 0. 1.07454648e-003
    8.06490798e-003 0. 0. 0. -2.16393592e-003 0. -8.79712228e-004 0.
    -1.14597345e-003 1.46624492e-003 0. 0. 0. 2.98976689e-003
    2.05991487e-003 3.71363224e-003 7.56465539e-004 0. 0. 0. 0. 0. 0. 0.
    -4.41510958e-004 0. 2.12811888e-003 0. 0. -1.47646177e-003 0. 0. 0.
    0. 4.54417057e-003 0. 0. 2.55952287e-003 0. 0. 2.73204455e-003 0. 0.
    7.04660022e-004 0. 4.88601346e-003 2.12662574e-003 0.
    -3.14964028e-003 2.85187922e-003 -9.90596891e-005 1.56325742e-003 0.
    1.36100780e-003 0. 0. 0. 0. 0. 0. 0. 9.02317872e-004 3.08383605e-003
    5.73692238e-003 0. 3.30451789e-004 0. 0. 0. 0. 0. 0. 2.65120529e-003
    0. 1.59029628e-003 2.52351677e-003 0. 1.63963670e-003 0. 0.
    2.65674456e-003 2.10315874e-003 0. 0. 2.73420382e-003 0. 0. 0. 0.
    -1.71144272e-003 1.13915075e-002 0. 0. 0. 0. 5.27178228e-004 0. 0.
    6.88315195e-004 -1.53747865e-003 0. 0. 4.30511916e-003
    2.86337943e-003 -5.08106896e-004 0. 0. 2.56701978e-003 0. 0. 0.
    2.74515827e-004 0. 2.94942968e-003 0. 0. 0. 0. 0. -4.77608526e-004
    0. 0. 0. 2.94401892e-003 2.10895389e-003 0. 3.55834491e-003 0.
    5.29348757e-003 8.98855913e-004 0. 0. 0. 0. -4.86920035e-004 0.
    1.19866850e-003 -7.11872359e-004 0. 0. -5.57791558e-004 0. 0.
    3.80998407e-003 8.65632202e-003 0. 3.51610710e-003 0. 0.
    3.03905155e-003 5.47854602e-003 0. 0. 7.69120129e-003 0.
    1.75429648e-003 1.83473958e-003 3.63995554e-003 0. 0.
    3.49108619e-003 -7.73092092e-004 0. -1.15690462e-003 0. 0.
    6.52591698e-003 0. 2.19658180e-003 0. 6.64642826e-003 0.
    5.36661688e-003 3.48732970e-003 0. -6.26180042e-003 0.
    2.37569632e-003 2.07417505e-003 0. 0. 1.75156666e-003
    2.65255338e-003 0. 1.49017537e-003 3.82658211e-004 0. 0. 0.
    8.73061770e-004 0. 1.53062947e-003 8.94019846e-004 0. 0. 0. 0. 0.
    5.70655160e-004 0. 2.58454191e-003 0. 5.76105807e-003 0.
    -3.22595879e-004 1.06446026e-003 0. 0. 0. 0. 1.62103481e-003
    1.69766881e-002 4.64433013e-003 2.60783266e-003 0. 3.24689713e-003
    -8.67637631e-004 1.34793087e-003 0. -2.06836895e-003 0. 0.
    1.98188485e-004 0. 0. 5.62169938e-004 2.24437891e-003
    1.83946577e-005 0. 2.40680738e-003 0. 3.37854610e-004 0. 0.
    1.81918230e-003 0. 3.41484114e-003 1.22891518e-003 0.
    1.78341067e-003 0. 0. 0. 0. 0. 0. 0. 2.72207544e-003 0. 0.
    4.35369508e-003 0. 0. 0. 0. 0. 0. 1.17065420e-003 -1.62828030e-004
    1.95655623e-003 1.01838063e-003 4.29671170e-004 1.88083807e-003 0.
    0. 0. 0. 0. 0. 5.22492919e-003 0. 0. 0. 5.20082191e-003
    -3.31996824e-004 -4.15003346e-003 0. 0. 0. 5.46957646e-003 0. 0.
    5.43198374e-004 0. 1.83155970e-003 1.46588718e-003 6.75171055e-003
    0. 0. 0. 0. 0. 2.28688330e-003 0. 0. 0. 0. 5.59454551e-003 0.
    1.43361965e-003 0. 0. 0. 0. 1.46407785e-003 0. 0. 0. 0. 0.
    3.71250091e-003 0. 0. 0. -4.40762844e-004 0. 4.45357617e-003
    2.21288460e-003 0. 0. 0. 0. 2.78184889e-003 2.61095259e-003 0.
    1.12701026e-004 0. 0. 7.68127153e-004 0. 2.69967387e-003
    5.93616301e-003 0. 0. 3.21810343e-003 1.86300941e-003 0.
    4.25638538e-003 9.07907670e-004 5.53370453e-003 8.94715358e-003
    -8.03304196e-004 -2.61296896e-004 0. 2.43408745e-003 0. 0. 0.
    1.75063789e-003 1.64086360e-003 0. 9.73722618e-003 0.
    2.40237173e-003 4.36994247e-003 0. 0. 0. 0. 4.23305156e-003 0. 0. 0.
    6.02400023e-003 0. 0. 1.91714743e-003 2.84185191e-003 0.
    -4.10467479e-003 7.94986356e-003 0. 0. 0. 4.17821482e-003 0.
    2.84217112e-003 0. 1.39456354e-002 6.88999146e-003 0. 0. 0.
    -1.13870126e-004 7.52087915e-004 7.56665308e-004 0. 0. 0. 0. 0.
    -1.05357752e-003 0. 0. 5.71888313e-003 0. 0. 4.39526513e-003 0. 0.
