<?xml version="1.0"?>
<opencv_storage>
<imageDescriptor type_id="opencv-matrix">
  <rows>1</rows>
  <cols>1000</cols>
  <dt>f</dt>
  <data>
    4.12592461e-004 0. 0. 0. 1.58242276e-003 8.70851068e-007
    6.50461414e-004 0. 2.14252947e-003 1.77261431e-003 0.
    -1.48681132e-003 0. 5.20718982e-003 0. 1.11135072e-003 0.
    2.67207110e-003 0. 0. -1.74531742e-004 0. 0. 0. 0. 2.72847665e-003
    3.46576422e-003 0. 0. 0. 1.58171344e-003 0. 0. 0. 7.88127480e-004 0.
    1.31569593e-003 2.60149478e-003 0. 2.09523109e-003 0. 0.
    2.07791873e-003 0. 2.20702100e-003 1.81946938e-003 0. 0.
    -1.43675425e-004 0. 0. 0. 0. 0. 0. 1.73710240e-003 0. 0.
    1.97052280e-003 5.98000269e-003 2.54732557e-003 1.84235338e-003
    3.94544657e-003 1.89771163e-004 3.16104764e-004 0. 0.
    -7.61518197e-004 4.39949334e-003 1.29558984e-002 0. -4.86346893e-004
    0. 0. 0. 1.61914068e-004 0. 0. 2.06063082e-003 5.33459592e-004 0.
    5.43219130e-003 6.36504311e-003 0. 1.92803133e-003 0.
    1.45835907e-003 3.47089907e-003 0. 0. 0. 0. 9.31454636e-003 0. 0. 0.
    0. 0. -5.44098904e-004 0. 1.85676932e-003 0. 1.98471406e-003
    -6.34415366e-004 0. 0. 0. 0. 4.45486599e-004 0. 0. 0.
    2.54959916e-003 0. 1.75310925e-004 0. 1.28038309e-003 0.
    3.67591274e-003 9.63080768e-003 -9.69182234e-004 4.06349107e-004 0.
    -8.94651224e-004 6.65875908e-004 0. 1.55852735e-003 0.
    3.75574641e-003 0. 0. 0. 5.27255703e-003 1.99546223e-003
    1.50120049e-003 0. 1.08015840e-003 0. 0. 0. 2.68569472e-003 0.
    5.14492812e-003 0. 0. 0. 2.69840960e-003 2.57206475e-003
    1.55480520e-003 0. 4.28813539e-004 0. 0. 0. 0. 5.29056764e-004
    1.29531627e-003 -9.35188611e-004 4.82460513e-004 0. -1.13260365e-004
    0. 0. 0. 2.23521586e-003 0. 0. 3.58181912e-003 7.37903290e-004 0.
    2.14907224e-003 0. -3.30595113e-003 0. 3.14518390e-003 0. 0. 0.
    2.23873230e-003 0. 0. 0. 0. -1.28910865e-003 0. 4.39998228e-003 0.
    -1.44343081e-004 1.33788632e-003 4.97430284e-003 3.20008898e-004
    -7.20101467e-004 -5.43340622e-003 1.13136321e-003 0. 1.56347570e-003
    0. 1.85884512e-003 0. 0. 7.23675941e-004 0. 0. 0. 0.
    -2.15948443e-003 0. 0. -1.66297879e-003 0. 3.08600301e-003 0.
    3.75837408e-004 0. 2.63825129e-003 1.59091037e-003 0.
    7.76570014e-005 0. 0. 0. 0. 1.20585901e-003 2.48291553e-003 0.
    2.44759046e-003 2.76682083e-004 3.39077390e-003 0. 1.84359506e-003
    3.75365769e-003 2.24474818e-003 0. 0. 1.63195306e-003 0. 0.
    1.40072056e-003 0. 4.61793272e-004 0. 0. 7.48919148e-004
    1.77420327e-003 1.02932740e-003 0. -1.29233755e-003 0.
    -1.09202694e-003 0. 0. 0. 0. 1.80235074e-003 2.36788692e-004 0. 0.
    4.69092949e-004 -1.08689920e-003 7.23442296e-003 2.09753048e-002
    2.30664737e-003 3.86309996e-003 2.58143817e-004 0. 9.36809694e-004
    8.95325851e-004 0. 0. 0. 0. 2.62006768e-004 2.30843574e-003
    2.13448214e-003 1.11813901e-003 1.02411758e-003 0. 0. 0.
    3.10400268e-003 0. 0. 0. 0. 0. 1.28924800e-003 2.45446526e-003
    4.45045356e-004 0. 0. 0. 0. 1.69943972e-003 0. 2.28750025e-004
    -7.51258282e-004 8.79257277e-004 1.87240250e-003 -1.20229041e-003 0.
    2.60694581e-003 3.71760223e-004 0. 9.19699669e-003 0. 0. 0. 0. 0. 0.
    -3.49748210e-004 0. 5.19856717e-003 0. 0. 0. 3.95565620e-003
    9.42598679e-004 0. 4.25971393e-003 4.13668109e-003 0. 0.
    2.69605010e-003 0. -2.83451006e-003 0. 6.96625386e-004 0. 0.
    3.71903973e-003 0. -5.63603942e-004 0. 0. 8.59022979e-003 0.
    3.38603673e-003 5.77189028e-003 0. 0. 3.74373980e-003 0. 0. 0. 0.
    4.69808187e-003 2.23933486e-003 0. 0. 0. 0. 0. 0. 1.80814113e-003
    1.13730226e-003 0. 0. 4.57900809e-003 3.71423643e-003 0. 0.
    7.80254602e-004 0. 0. 1.97754335e-003 3.19491490e-003
    4.18283045e-003 0. -1.48025202e-003 0. 0. 0. 0. 0. 0. 0. 0.
    1.07693514e-002 1.36529678e-004 1.09860115e-003 0. 3.38444079e-004
    -1.04231597e-003 0. -3.90820263e-004 0. 0. 0. 0. 0. 0. 0. 0.
    3.83821991e-003 0. -1.03000435e-003 0. 0. 0. 0. 0. 0. 0.
    1.56169420e-003 7.89107196e-003 0. 0. 0. 0. 0. 0. 1.37576761e-004
    1.70843245e-003 0. 0. 6.58791745e-004 0. 0. -5.85715352e-005 0. 0.
    0. 7.87895930e-004 6.77839795e-004 9.82160680e-003 0. 0.
    4.53737285e-003 2.54512811e-003 0. 1.38387503e-003 0.
    3.50510608e-003 4.39249598e-005 0. 2.58679362e-003 0.
    1.12969649e-003 0. 0. 0. 0. 0. 0. 0. 0. 0. 0. 9.86711937e-004
    6.84426352e-003 0. 0. 1.49043393e-003 0. 0. 0. 0. 2.96498416e-003
    5.11041284e-003 0. 0. 0. -1.53252645e-003 0. 2.32681050e-003 0. 0.
    0. 0. 0. 0. 0. 4.35964344e-003 0. 2.44836346e-003 3.12476093e-003 0.
    4.54275822e-003 0. 0. 0. 4.79053333e-003 4.33396548e-003 0. 0. 0. 0.
    0. 0. 0. -1.63422455e-003 1.44373090e-003 0. 5.11226850e-003
    2.35907896e-003 6.60275909e-005 0. 4.76110727e-003 0.
    1.60845276e-002 -1.12718251e-003 8.87974573e-004 0. 0. 0. 0.
    1.60425552e-003 0. 0. 0. 2.42621900e-004 -2.53330712e-004 0. 0. 0.
    0. 2.31682998e-003 4.04161215e-003 0. 0. 0. 0. 0. 0.
    -8.26067335e-005 2.20069359e-003 5.59096271e-003 0. 8.26065603e-004
    1.73777167e-004 0. 0. 1.13774266e-003 7.48629449e-003 0. 0. 0.
    3.52370599e-003 0. 2.39760312e-003 1.18869636e-003 4.94861649e-003
    1.42348313e-003 0. 1.04650878e-003 0. 6.29473943e-004
    5.93994278e-004 1.23390816e-002 0. 3.24417534e-003 0.
    6.12439471e-005 -1.99370738e-003 0. 2.09725718e-003 3.20111471e-003
    1.85955840e-003 3.19434097e-004 -3.66151187e-004 -7.90781283e-004 0.
    0. 0. 0. 5.15603344e-004 0. 4.31263493e-003 0. 1.94993499e-003
    3.78937274e-003 0. 0. 0. 0. 5.02673036e-004 0. 3.05145793e-003 0. 0.
    0. -1.22795071e-004 0. 0. 2.79865810e-003 7.30951142e-004 0.
    1.61247549e-003 0. 0. 0. 0. 0. 6.29307353e-004 0. 0. 1.47092633e-003
    0. -9.63867817e-004 0. 0. 0. 0. 0. 0. 3.34789720e-003 0. 0. 0. 0. 0.
    0. 0. 0. -6.23614760e-004 2.09723623e-003 1.15477736e-003 0. 0.
    1.38054939e-003 0. 0. 0. 0. 0. 0. 0. 1.37872137e-002 4.41407831e-003
    0. 0. -2.37563188e-004 0. 0. 5.53244399e-003 -5.74505189e-004
    3.59755754e-003 1.60880922e-003 4.03030496e-003 0. -1.10556022e-003
    -6.28365669e-004 0. 0. 0. -2.44310271e-004 1.17329496e-003
    2.64717499e-003 6.00699242e-003 0. 0. 0. 2.49852911e-002 0. 0.
    4.58568707e-003 0. 5.69991535e-004 0. 0. 1.49279775e-003 0.
    1.98738393e-003 0. 0. 5.84287243e-003 7.88909197e-003 0.
    3.45833041e-003 0. 0. 0. 0. 0. 0. 0. -5.89133706e-004 0. 0.
    1.96223333e-003 0. 0. 0. 0. 0. 0. 0. 2.01941468e-003 0. 0.
    2.33804050e-004 0. 0. 1.90255092e-003 0. 0. 7.45006546e-004 0. 0. 0.
    5.22433175e-003 0. 0. 0. 1.19720893e-002 -1.31257621e-004
    4.35497193e-003 0. 0. 0. 0. 1.04532309e-003 7.08958018e-004
    1.90768065e-003 0. 0. 1.18099526e-003 0. 0. 0. 0. 0. 0. 0. 0. 0. 0.
    0. 0. 0. 0. 2.24363105e-003 -1.11573562e-003 2.73213000e-003 0. 0.
    0. 0. 1.08324026e-003 0. 0. 0. 0. 0. 1.62505475e-003 0.
    9.27141681e-003 6.41662255e-003 0. 0. 0. 0. 0. 0. 0. 0. 0.
    2.49569514e-003 5.05430484e-003 1.05514552e-003 0. 8.65475275e-004
    5.36989653e-003 4.42948798e-003 1.93622021e-003 0. 0.
    3.64775374e-003 2.57714558e-003 2.15245900e-003 5.28063765e-003 0.
    0. 2.80017103e-003 3.73005448e-003 0. 8.88263283e-004
    8.32639169e-003 0. 7.74890475e-004 1.56034308e-003 8.38319305e-003
    0. 2.87492527e-003 3.45509080e-003 0. 0. 4.51666955e-003 0. 0.
    2.28902884e-003 0. 5.88951865e-003 0. 0. 1.48040918e-003
    -3.35202552e-004 8.90272204e-004 3.42908013e-003 1.87021680e-003 0.
    -1.71372225e-003 0. 7.30728125e-003 1.59301143e-003 0. 0.
    -1.86746242e-003 0. 1.81641604e-003 2.07679137e-003 0.
    3.65680037e-003 0. 0. 3.91953829e-004 0. 0. 0. 0. 9.58572887e-003
    8.95796064e-003 0. 0. 1.86427194e-003 0. 0. 0. 2.94661196e-003
    7.89481867e-003 1.29605399e-003 0. 0. 0. 0. 7.45290483e-004 0. 0. 0.
    0. 5.63159992e-004 0. 0. 0. -8.77317972e-004 0. 0. 0.
    4.76107281e-003 0. 0. 2.76196259e-003 0. 1.50910588e-002 0.
    4.16695792e-003 -2.45568255e-004 0. 1.13691343e-002 0.
    -4.04361897e-004 0. 0. 0. 0. 0. 0. 0. 4.41327132e-003
