<?xml version="1.0"?>
<opencv_storage>
<imageDescriptor type_id="opencv-matrix">
  <rows>1</rows>
  <cols>1000</cols>
  <dt>f</dt>
  <data>
    0. 0. 0. 7.88488053e-003 8.46907590e-003 0. 5.68860676e-003 0. 0.
    1.94051501e-003 0. 7.54392520e-003 7.07455864e-003 9.61627997e-003
    0. 1.43755786e-003 3.45409964e-003 0. 0. 0. 0. 0. 3.47743253e-003 0.
    0. 1.14681944e-002 0. 0. 0. 0. 0. -3.87682012e-005 1.53137464e-003
    0. 8.37054220e-004 0. 0. 0. 2.55230290e-004 1.08734588e-003 0.
    4.88051912e-003 0. 0. 1.29130704e-003 0. 1.35396724e-003 0.
    1.88453414e-003 8.06091726e-003 0. 1.08227367e-002 4.49888845e-004
    1.15598626e-002 0. 0. 0. 8.26273300e-003 0. 0. 2.30174256e-003 0. 0.
    2.09621736e-003 0. 0. -1.55880419e-003 0. 2.51603662e-003
    4.53430606e-004 0. 2.10938253e-003 3.61739448e-003 1.18127733e-003
    0. 0. 0. 0. 0. 7.23357173e-003 -8.15463776e-004 7.81073608e-003 0.
    0. 0. 2.28159726e-002 -1.34508766e-003 0. 2.49904604e-003 0.
    5.65666065e-004 7.88677891e-004 0. 0. 0. 0. 0. 0. 0. 0.
    2.08289679e-002 0. 0. 8.71564727e-004 3.29556339e-003
    -1.57755893e-003 0. 0. -3.73593823e-004 -5.37830405e-004
    1.36600574e-003 0. 2.14972580e-003 0. 4.19352949e-003
    -7.08054053e-004 0. 0. -1.12652262e-004 0. 3.10590654e-003 0. 0. 0.
    0. 0. 0. 0. 5.45272324e-003 2.09177122e-003 9.83948819e-003
    3.55810596e-004 0. 0. -2.29825894e-003 0. 0. 3.84563161e-003
    4.22742497e-003 -5.68684842e-003 0. 0. 0. 3.47863929e-003 0. 0. 0.
    0. 1.31347990e-002 0. 0. 0. 0. 0. 0. 2.27117050e-003
    -3.22239450e-003 6.87105162e-003 0. 0. 0. 0. 0. 0. 0.
    -2.35614856e-003 0. 0. 1.49865483e-003 1.22504527e-004 0.
    2.31969869e-003 0. 0. 0. 0. 2.99887802e-003 0. 0. 8.60614178e-004 0.
    4.63895733e-003 0. 0. 9.75911098e-004 4.65306547e-003
    9.31257848e-004 0. 0. 4.69483377e-004 2.37459573e-003
    4.74824308e-004 0. 0. 0. 1.09777050e-002 0. 0. 9.72236414e-003 0. 0.
    0. 0. -1.60012452e-003 0. 0. 0. 0. 0. 0. 2.23551737e-003 0. 0. 0. 0.
    0. 0. 0. 0. 2.28501810e-003 -1.96249853e-003 0. 0. -2.14486173e-003
    0. 7.29245367e-004 0. 0. 0. -2.11016485e-003 1.02885235e-002
    1.15944550e-003 -4.72829817e-003 3.48129985e-003 0. 1.72253251e-002
    0. -2.13604537e-003 0. 0. 0. -4.21753712e-003 0. 0. 6.43502316e-003
    3.72031261e-003 0. 3.64773022e-003 0. 0. 0. 0. 0. 0. 0. 0. 0.
    3.36227589e-003 0. 2.88638636e-004 0. 0. 0. 0. 0. 0. 0. 0. 0. 0. 0.
    5.72795165e-004 0. 0. 0. 0. 4.71680542e-004 6.58483524e-003 0.
    2.64643203e-003 0. -1.12970755e-003 0. 0. 0. -3.11876670e-003 0.
    -2.24538802e-004 5.45394234e-003 0. 2.66621937e-003 0.
    3.62418406e-003 0. 0. 0. 7.74835190e-003 0. 0. 5.90836583e-003 0.
    1.09890394e-003 0. 0. 1.22343551e-003 1.11560104e-003 0. 0. 0. 0.
    2.34071398e-003 0. 0. 5.47977863e-004 2.19438341e-003 0. 0.
    6.66234363e-003 0. 0. 0. -2.46630213e-003 0. 8.14726017e-003 0. 0.
    1.54036805e-002 0. 0. 1.31916371e-003 5.12667513e-003 0. 0.
    4.24088771e-003 5.60353510e-003 1.81561476e-003 0. 0. 0. 0.
    3.63841746e-003 0. 5.37122891e-004 0. 0. 8.03754944e-003
    3.42065305e-003 0. 5.59881388e-004 3.94009054e-003 0. 0. 0.
    3.18281632e-003 0. 3.09778377e-003 0. 0. 0. 0. 2.42379750e-003 0.
    1.32753281e-004 0. 1.58201177e-002 0. 0. 0. 1.41448434e-003 0. 0.
    5.33362851e-003 -8.72361197e-005 3.71917640e-003 0. 0. 0. 0. 0. 0.
    0. 0. -2.86119641e-003 0. 0. 0. 0. -3.13583703e-004 -7.14922207e-004
    0. 0. 0. 5.13564376e-003 -1.97273694e-004 0. 0. 0. 6.41823700e-003
    0. 0. 1.80783580e-004 3.93736380e-004 0. 0. 0. 6.93352846e-003 0. 0.
    0. 0. 0. -1.31291134e-004 1.03020357e-004 0. 4.71210899e-003
    1.90470601e-003 0. 1.47440098e-003 0. 0. 0. 5.82658919e-003
    -1.16278767e-003 0. 0. 8.02143943e-004 0. 0. 0. 0. 8.63169378e-004
    -3.03865550e-003 0. 0. 1.11473666e-003 1.83757779e-003 0. 0. 0.
    2.56032508e-004 1.05695671e-003 5.12281060e-003 0. -4.75963927e-004
    2.22729216e-003 0. 0. 0. 0. 0. 0. 0. 6.99466967e-004 0.
    1.79424055e-003 -3.83212813e-004 0. 0. 0. 1.33956096e-003
    5.56500629e-003 -4.44056699e-004 0. -1.89969811e-004 0. 0.
    2.76894728e-003 0. 0. 8.42484832e-003 0. 0. 7.14481249e-003 0.
    4.82664164e-003 -2.68099422e-004 2.54678424e-003 0. 1.30936746e-002
    0. 0. 0. 3.89768789e-003 2.21105921e-003 0. 1.11057272e-003 0. 0. 0.
    0. 1.18535163e-003 0. 0. 7.66913290e-004 0. 0. -7.60080275e-006 0.
    1.34612946e-003 0. 1.62489549e-003 6.53994575e-005 0. 0. 0. 0. 0. 0.
    0. 9.86057217e-004 0. 0. 0. 8.61365232e-004 1.73615676e-003 0. 0. 0.
    2.04898720e-003 0. 3.19561292e-003 -4.08819411e-003 2.33573071e-003
    0. 0. 0. 0. 0. 0. 0. 0. 0. 7.75433192e-003 2.01371145e-002
    5.14569972e-003 0. 2.08974769e-003 0. -1.50234858e-003
    1.30316336e-003 0. 0. 3.86709115e-003 7.63916411e-003 0. 0. 0. 0.
    3.46113869e-004 0. 0. 0. 1.69594132e-003 0. 0. 6.05566194e-003 0. 0.
    1.75307400e-003 3.22787534e-003 0. 1.50338616e-002 0. 0.
    2.09870492e-003 0. 0. 0. -6.70371446e-005 0. 1.62538560e-003
    3.50831985e-003 0. 2.77753407e-003 0. 0. 0. 0. -6.61858881e-004 0.
    0. 0. 1.83850143e-003 0. 1.70208362e-003 0. -9.71817644e-004 0.
    4.93824389e-003 5.31796971e-003 0. 0. 0. 1.07985269e-003
    7.72827188e-004 0. 5.75217931e-003 0. 0. 1.30452903e-003
    -1.98358041e-003 0. 0. 0. 4.34193760e-003 -5.63812850e-004
    -7.79720722e-003 0. 0. 1.98867097e-002 3.63045512e-003
    2.16797367e-003 0. 0. 0. 0. 1.78861467e-003 4.55818576e-004
    9.38185723e-004 0. 0. 0. 0. 2.92649306e-003 0. 0. 8.41437653e-003 0.
    1.96858938e-003 0. 0. 0. 0. 0. 0. -1.73845107e-003 0. 0. 0.
    2.18011625e-003 0. 0. 2.41784938e-003 1.43769619e-004
    4.81362361e-003 0. 0. 1.48328743e-003 0. 0. 0. 0. 0. 0. 0. 0.
    3.60166567e-004 0. 2.39319215e-003 0. 3.07419384e-003 0. 0. 0. 0.
    2.68960604e-003 0. 0. 8.45186296e-005 0. 0. 4.31241607e-003 0.
    6.37631258e-003 2.68224860e-003 2.26862007e-003 0. 6.21657446e-003
    0. 2.02803127e-003 0. 0. 5.51147212e-004 1.63530861e-003 0. 0. 0. 0.
    -7.35426875e-005 0. 0. 1.15640054e-003 1.41470111e-003
    1.81175885e-004 0. 0. 0. 2.79844552e-003 3.47872544e-003 0.
    -8.85669840e-004 0. 0. 0. 6.16237521e-003 0. 0. 0. 1.36240816e-003
    0. 0. 0. 0. 0. 0. 2.11613951e-003 3.22666601e-003 0. 0. 0. 0. 0. 0.
    0. 1.25187763e-003 2.14888854e-003 0. 1.62263063e-003
    4.98848176e-003 0. 3.28223017e-004 0. 0. 0. -2.13594918e-004
    5.24602924e-003 0. 0. 0. -1.54736103e-004 5.16080111e-003 0. 0. 0.
    1.23003814e-002 -1.10236841e-004 1.22000063e-002 0. 5.53654833e-003
    0. -2.61732913e-003 0. 0. 0. 0. 0. 9.59578960e-004 2.23630457e-003
    0. 0. 0. 0. 0. 0. 0. 0. 0. 0. 0. 0. 0. 4.51326231e-003 0. 0. 0. 0.
    0. 0. 0. 0. 0. 0. 0. 6.05499139e-003 7.65088014e-003 1.22753123e-003
    0. 0. 0. 6.63603051e-003 0. 0. 0. 1.46329764e-003 3.85580072e-003 0.
    4.42970108e-004 9.80190933e-003 0. 0. 0. 1.32018921e-003 0.
    3.33493721e-004 0. 0. 0. 0. 7.51814293e-003 0. -2.72145844e-004 0.
    -1.49707403e-003 0. 2.76905275e-003 0. 0. 0. 0. 0. 0.
    7.98084121e-003 0. 0. 0. 0. 0. 0. 0. 2.70559569e-003 2.68770964e-003
    0. 0. 0. 0. 0. 7.17330186e-005 2.72363104e-004 0. 0. 0.
    5.90668467e-004 0. 3.48077016e-003 0. 0. 0. 1.86817150e-003 0. 0.
    3.56350536e-003 0. 0. 0. 0. 2.56920327e-003 0. 0. 0. 0. 0.
    1.67128874e-003 -1.38868543e-003 0. 0. -1.97573053e-003
    9.71391491e-005 1.84462813e-003 0. 1.04958490e-002 0. 0. 0. 0. 0.
    5.31837903e-003 0. 5.18160141e-006 5.00983372e-003 0.
    -1.07630866e-003 0. 0. 2.42076418e-003 0. 0. 3.01413657e-003
    2.66061194e-004 0. -6.00335130e-004 0. 1.15028501e-003 0. 0. 0. 0.
    7.41606404e-004 0. 2.95075495e-003 0. 0. 6.02213619e-003
    -5.93356905e-004 0. 0. 0. 0. -1.08559057e-003 -9.54033691e-004
    -3.71459406e-004 0. 0. 0. 0. 0. 0. 0. 0. 0. 0. -1.04957051e-003 0.
    0. 0. 7.02321483e-003 0. 0. 0. 0. 8.48592818e-003 2.45896797e-003 0.
    0. 0. 0. 1.02975033e-003 0. 0. 0. 0. 0. 0. 0. 5.21461107e-003 0. 0.
    0. 0. 0. 0. 0. 8.72042845e-004 0. 0. 0. 0. 0. 0. 1.78921991e-003 0.
