<?xml version="1.0"?>
<opencv_storage>
<imageDescriptor type_id="opencv-matrix">
  <rows>1</rows>
  <cols>1000</cols>
  <dt>f</dt>
  <data>
    0. 3.46692652e-003 0. 0. 1.82612290e-004 -5.45883377e-004 0.
    -1.67311271e-004 1.32659788e-003 0. 0. 0. 2.03177449e-003 0. 0. 0.
    9.28812660e-003 0. 0. 0. 0. 0. 0. 9.09438543e-003 0. 0.
    -3.08788964e-004 0. 1.64644059e-003 0. 2.96096923e-003
    9.55650769e-003 1.48348697e-003 0. 2.56979512e-003 -1.50902790e-003
    0. 1.23827124e-003 0. 0. 0. 0. 3.36173037e-003 0. 3.02247796e-003
    7.82682467e-003 0. 0. 0. -3.75172502e-004 0. -2.65599601e-003 0.
    6.61860220e-003 0. 3.41990218e-003 -9.03882610e-005 0. 0.
    2.44935160e-003 0. 0. 0. 5.82447683e-004 -6.95283932e-004 0. 0. 0.
    1.75575877e-003 0. 8.22050031e-003 0. 6.62285660e-004
    6.51774928e-004 0. 0. 4.91566909e-003 -5.24000789e-004
    1.25707733e-003 0. 0. 0. 0. 0. -6.95510244e-004 5.86375501e-003 0.
    0. 0. 7.61925476e-003 0. 2.18076026e-003 0. 0. 0. 3.01436870e-003 0.
    -1.06490846e-003 0. 8.01238045e-003 0. 2.16860278e-003 0.
    2.37773405e-003 1.66994950e-003 0. 0. 0. 2.50361045e-003 0. 0. 0.
    1.85116157e-002 0. 0. 2.99822161e-004 -1.31790200e-003
    1.11974366e-002 2.21640663e-003 0. 2.73928698e-003 7.57571217e-003
    0. -1.16181932e-003 4.36266622e-004 0. 0. 3.99311632e-003 0. 0.
    5.80455223e-003 0. 0. 0. 0. 0. 0. 0. 2.16534431e-003 0.
    7.17438897e-003 0. -3.99775989e-003 2.24472187e-003 0. 0.
    -2.17337743e-003 8.54687096e-005 0. 0. 0. 0. 0. 0. 0. 0. 0. 0.
    9.02737584e-003 0. 5.36475214e-004 6.28867652e-004 9.18309306e-005
    3.32866237e-003 -1.12519495e-003 0. -2.11881986e-003 0.
    5.20345755e-003 0. 0. 1.87238926e-004 0. 0. 0. 1.21799193e-003 0.
    4.38090909e-004 0. 9.15286690e-003 0. 0. 0. 1.48731610e-003 0. 0.
    8.37633573e-003 0. 4.85312752e-003 0. 0. 0. 0. 0. 0. 0. 0.
    3.17591941e-003 0. 1.72510790e-003 0. 0. 0. 0. -1.79811276e-003 0.
    1.96226174e-003 0. 0. 0. 0. 0. 0. 0. 0. 0. -4.24228419e-005
    2.61276262e-003 2.47719465e-003 4.46756821e-005 1.01750530e-002 0.
    1.02266320e-003 0. 2.92816316e-003 0. 0. 0. 0. 2.03961600e-003 0. 0.
    1.01080192e-002 -1.43279822e-003 3.19057424e-003 -7.28891813e-004
    2.32399837e-003 0. 2.85346899e-003 0. 0. 1.22630049e-003
    -2.77441856e-003 -1.80950132e-003 1.08192032e-002 8.00115522e-003 0.
    2.37365763e-004 1.45163783e-003 0. 0. -1.03980245e-003
    3.39999865e-003 0. 0. 0. 8.97646695e-003 3.17589329e-005
    7.14177266e-003 0. 0. 9.97291412e-003 0. 1.39568781e-003 0. 0. 0. 0.
    0. 0. 1.24503102e-004 -5.72852616e-004 0. 0. 2.19361088e-003
    -3.21552972e-004 -3.99888755e-004 0. 2.37144553e-003 4.18509915e-003
    0. 0. 0. 1.51056587e-003 4.37008304e-004 5.60367829e-004 0. 0. 0.
    5.05601335e-003 -3.01180361e-003 0. 3.34745157e-003 0. 0. 0.
    8.03012052e-004 0. 8.28512202e-005 2.58284807e-002 3.55301239e-003
    0. 7.77537003e-004 1.35217246e-003 0. -5.71930083e-004 0. 0. 0.
    1.58737972e-003 1.41619716e-003 2.95784511e-003 0. 3.26072960e-003
    -5.84160407e-005 1.46240834e-002 0. 0. 0. 0. 1.45137345e-003 0.
    1.52772045e-004 0. 0. 0. 0. 0. 0. 0. 0. 0. 0. 0. 0. -1.69970313e-004
    0. 4.98193316e-003 0. 0. 1.33486741e-004 2.33806530e-003
    -1.13837584e-003 1.30988308e-003 0. 0. 0. 0. 0. 0. 2.54818425e-003
    0. 0. 0. 0. 0. 0. 1.31257949e-003 0. 5.32139419e-003 0.
    -6.92799920e-003 1.40525179e-003 1.72672118e-003 0. 6.81281090e-005
    0. 0. 0. -1.27900403e-003 1.08768209e-003 2.63581634e-003
    -2.93307332e-003 0. 7.23036006e-003 2.31816573e-003 0. 0. 0.
    1.29333632e-002 5.89056453e-003 0. 0. 0. 2.62496620e-003
    -1.98341950e-004 6.19706057e-004 6.40762737e-004 0. 3.83816310e-003
    -3.51687166e-004 7.45213870e-003 0. 0. 5.82775893e-003
    -1.02050405e-003 1.44422729e-003 -3.66962864e-003 -4.47479892e-004
    1.21019792e-003 0. 0. 6.43673120e-003 0. 6.83368533e-004
    8.93350749e-004 4.64471802e-003 0. 0. 0. -8.32907172e-005 0. 0.
    -9.51411785e-004 0. 0. 1.47237047e-003 0. 0. -4.58781215e-005
    1.95237948e-003 0. 0. 0. 3.14126164e-003 1.74119859e-003 0. 0.
    1.05775741e-003 0. 0. -3.32906027e-003 1.78095209e-003 0. 0. 0. 0.
    3.30788607e-004 0. 0. 0. 4.03165817e-003 0. 3.44032422e-003
    -2.96519431e-007 0. 0. 0. 0. 8.79998878e-003 3.64038744e-003
    2.37321877e-003 0. 9.24680033e-004 0. 0. 9.84613318e-004
    4.98414878e-003 1.48179359e-003 0. 0. 1.90568063e-003 0. 0. 0. 0.
    3.36503657e-003 0. 5.21365367e-003 0. 0. 1.56110339e-003
    -6.36184867e-003 0. 3.42330290e-003 5.05577809e-005 0. 0.
    1.60556415e-003 0. 0. 0. 1.51869457e-003 0. 1.94250606e-004 0. 0. 0.
    0. -1.66660978e-003 0. -1.19188917e-003 0. 1.64272950e-003 0. 0. 0.
    0. 0. 0. 0. 0. 0. 3.99092940e-004 -1.03584537e-003 0.
    2.56856845e-004 0. 3.37528903e-003 0. 3.53977620e-003
    4.30803542e-004 0. 1.65729158e-004 0. 1.15996774e-003 0. 0. 0.
    5.10836206e-003 2.02355441e-003 8.64056114e-004 0. 0.
    1.47405546e-003 0. 2.99864030e-003 -2.20466778e-003 1.90245756e-003
    1.26426434e-003 0. 0. 0. 7.29220407e-003 0. 0. 1.10304204e-003 0. 0.
    0. 0. 0. 0. 0. 2.33265990e-003 0. 0. 0. 0. 2.07981537e-003 0. 0. 0.
    2.66297604e-003 3.17674852e-003 6.10571660e-005 1.54108577e-003
    3.03861941e-003 1.31035270e-003 0. 0. 0. 0. 0. -6.23175176e-004
    1.29962724e-003 1.75284222e-003 0. 1.16185041e-003 0. 0. 0. 0.
    -1.76331366e-003 0. 3.73014412e-003 3.77722504e-003 0.
    -2.80934456e-003 3.38758109e-003 1.10815996e-002 0. 4.10698261e-003
    3.92375886e-003 2.69741029e-003 0. 0. 2.34600026e-004 0.
    1.20403301e-002 2.28713150e-003 1.38082530e-003 0. 0.
    1.04929437e-003 0. 0. 0. 0. 0. 0. 0. -1.11107249e-003 0. 0.
    -1.65345916e-003 9.35868957e-005 0. 0. 0. 0. 0. 0. 0. 0.
    5.00038220e-003 1.42493774e-003 0. 0. 0. 0. 0. 0. 0. 5.48110669e-003
    0. 0. 0. 1.85797922e-003 -2.96700094e-003 0. 1.30981940e-003 0.
    2.04909872e-003 0. 0. 0. 0. 2.49115005e-003 0. 0. 0. 0. 0.
    1.63585215e-003 0. 0. 0. 0. 4.05591354e-003 1.24358097e-002 0. 0. 0.
    8.36897118e-004 0. 0. -3.28933849e-004 0. 0. 0. 3.46743525e-003 0.
    0. 1.79500203e-003 0. 0. 0. 0. 0. 1.07287990e-004 8.07724334e-003 0.
    0. 3.06652067e-003 0. 0. 0. 0. 7.08409911e-003 -4.73869004e-004 0.
    0. 0. 0. 2.12919107e-003 0. 0. 1.60909735e-003 0. 6.02906710e-003 0.
    0. 0. 0. 2.54556478e-004 0. 0. 0. 1.63210629e-004 0. 6.43762818e-004
    1.40728401e-002 0. 8.89403373e-003 0. 0. 0. -9.70056921e-004
    5.07491827e-003 0. -5.09372738e-004 0. 0. 0. 0. 0. 5.61411958e-003
    5.00261551e-003 0. 0. 0. 0. 0. 0. 6.84976205e-003 0. 0. 0. 0. 0. 0.
    -2.32002954e-003 0. 0. 0. 0. 0. 9.86598153e-003 6.40237238e-003
    5.31387422e-003 8.09152517e-003 3.58863547e-003 0. -5.49033342e-004
    5.79554995e-004 9.30577517e-003 0. 0. 0. 0. 0. 0. 6.88763830e-005
    5.88262035e-003 1.15304580e-003 0. 0. 0. 6.27771998e-003
    7.76775042e-003 -3.83856881e-004 0. 1.09371897e-002 0. 0. 0. 0.
    8.97707511e-003 0. 3.60985956e-004 0. 0. 5.19846508e-004
    1.84305431e-003 0. 0. 1.43835880e-003 1.89014394e-002 0. 0.
    2.95253680e-003 0. 0. 0. 0. 0. 0. -1.30110944e-003 2.01402139e-003
    -3.89945158e-003 0. 6.48986024e-004 2.64650839e-003 2.12703715e-003
    0. 0. 5.96858049e-003 3.00070085e-003 0. 0. 0. 0. 0. 6.87019574e-003
    -4.54258843e-004 0. 4.93737729e-003 0. 0. 1.10594677e-002 0. 0.
    -2.48822034e-005 0. 0. 0. 0. 0. 0. 0. 0. 0. 0. 0. 0. 6.51655486e-003
    0. 0. 0. -6.18585909e-004 0. 0. 0. 0. 0. 2.90657394e-003
    2.29517161e-003 0. 0. 4.33207693e-004 1.11248344e-002 0.
    -1.51193514e-003 0. 0. 0. 0. 2.25082599e-002 4.04738309e-003 0. 0.
    0. 0. 0. 1.92058680e-003 2.67455005e-003 0. 3.52157542e-004
    2.35714158e-003 0. 5.97603721e-005 0. 0. 0. 2.65221880e-003
    2.51719519e-003 0. 0. 3.23617551e-003 -2.27800990e-003
    1.04214367e-003 0. 1.54914265e-003 0. 1.36273913e-003 0. 0.
    -9.23831190e-004 0. 0. 0. 1.27766805e-003 6.06091809e-004 0.
    1.19591374e-002 0. 0. 0. 0. 0. 0. 0. 0. -3.56795441e-004 0. 0. 0. 0.
