<?xml version="1.0"?>
<opencv_storage>
<imageDescriptor type_id="opencv-matrix">
  <rows>1</rows>
  <cols>1000</cols>
  <dt>f</dt>
  <data>
    0. 1.63028471e-003 0. 1.75967754e-003 1.01388409e-003
    2.97747739e-003 0. 1.08039356e-003 3.22106504e-003 -1.59221236e-003
    0. 0. 9.38514888e-004 8.86674155e-004 0. 7.57985108e-004
    9.94246453e-004 0. 0. 0. 8.19194969e-003 1.51351094e-003
    9.04766086e-004 0. 0. -2.10232614e-003 6.07884675e-003
    1.28150277e-004 -3.16892954e-004 0. 4.07413580e-003 1.48331968e-003
    8.69742245e-004 1.99083262e-003 0. -2.07632454e-003 0.
    1.33369211e-003 0. 0. 1.60956418e-003 0. 1.29757472e-003
    2.18673702e-003 1.46214807e-004 9.90287750e-004 0. 0.
    3.88340151e-004 0. 1.94911472e-003 0. 2.98252853e-004 0. 0. 0. 0.
    5.14332345e-003 4.89958422e-003 0. 0. -7.29322433e-004 0.
    1.68408442e-003 2.35264073e-003 0. 0. 0. 3.43299913e-003
    1.13540916e-002 6.81595528e-004 -1.90028906e-004 1.99149316e-003 0.
    0. 0. 0. 7.63030373e-004 6.15296885e-004 0. 1.87865808e-003 0.
    -7.23919307e-004 0. 1.81336523e-004 8.51817778e-004 2.08299537e-003
    4.11697989e-003 0. 0. 5.82335633e-004 0. 0. 9.08639573e-004 0.
    4.44234209e-003 0. 9.24865541e-004 -1.26050887e-004 0. 0. 0.
    2.02693557e-003 0. 1.02103269e-003 3.17688263e-003 0. 0.
    9.26316599e-004 0. 3.11400322e-003 2.92131002e-003 4.79267957e-003
    5.12727478e-004 0. 3.64329992e-003 2.09715823e-003 5.13667101e-003
    0. 0. 9.30453360e-004 7.18352327e-004 -8.27665936e-005
    6.37084304e-004 1.62633171e-003 -1.11540651e-003 1.02356214e-004
    2.40066365e-004 0. 2.42708856e-003 0. -2.58831453e-004
    -1.12651389e-004 0. 0. 3.66222463e-004 1.91115972e-003
    7.79692922e-003 0. 0. 0. 0. 0. 0. 0. 6.43421849e-003 6.71964884e-003
    1.64059491e-003 0. 1.69619254e-003 1.07002037e-003 0.
    7.68503698e-004 0. 1.05693412e-003 0. 0. 4.41215653e-003
    2.10802397e-003 6.99177734e-004 1.10126997e-003 9.21863364e-004
    -1.74084344e-004 0. 3.18688806e-003 8.53915059e-004 1.64701452e-003
    0. 0. 3.85734020e-003 6.73566828e-004 6.47900510e-004 0.
    3.54129728e-003 1.04627199e-002 3.10057588e-003 5.33914100e-003 0.
    6.08697475e-004 -3.16576945e-004 0. -5.57489802e-005
    -1.25018111e-003 8.14896135e-004 0. 6.59328979e-003 0.
    -6.42674160e-004 5.68173034e-003 1.85935851e-003 0. 0.
    -6.28586567e-004 0. 1.63038366e-003 0. 0. -1.26806655e-004 0.
    -3.30828596e-004 4.12260182e-003 1.10643287e-003 -1.46358844e-003
    3.68190417e-003 4.68612358e-004 3.06653092e-003 6.83793158e-004 0.
    -9.22159292e-004 0. 0. 0. 3.06939473e-003 2.07098224e-003 0. 0.
    6.01947773e-003 0. 4.15779976e-003 3.09049198e-003 0. 0.
    -6.93656446e-004 1.56831671e-003 0. -2.51163350e-004 1.48788048e-003
    0. 0. 0. 0. -6.87100051e-004 0. 0. 2.82886700e-004 0.
    3.22821131e-003 0. 0. 1.63899828e-003 -5.91690827e-004 0. 0. 0.
    2.52818549e-003 0. 1.31868015e-004 0. 6.07243215e-004
    7.23314052e-003 0. 2.48153531e-003 0. 3.45410593e-003
    2.30001775e-003 7.68193102e-004 4.80979541e-003 4.26096609e-004
    1.74059634e-004 0. 4.55932366e-003 0. 6.50649250e-004
    7.66593264e-004 1.24576001e-003 3.03083682e-003 0. 0.
    4.69616521e-003 0. 0. 0. 0. 0. 0. 0. 0. 3.04020592e-004 0.
    6.05066831e-004 0. 2.57965620e-003 1.72822026e-003 3.91600700e-003
    0. 2.19496712e-003 0. 0. 1.30217662e-003 0. 0. 7.16687355e-004
    5.37193660e-003 0. 7.17235217e-003 4.99216432e-004 2.01954809e-003
    0. -6.33347372e-004 0. 1.22355320e-003 0. 0. 0. -3.32240423e-004 0.
    0. 0. 0. 3.51437228e-003 4.64022305e-004 1.24785467e-003 0.
    1.03490509e-003 0. 2.95483833e-003 1.58572511e-003 -2.76352541e-004
    3.15679959e-003 0. 7.94818508e-004 0. 1.28250127e-003
    -2.19605863e-005 1.98441863e-004 1.51015143e-003 0. 4.63124714e-004
    5.21730399e-003 4.31799609e-003 0. 1.00837136e-003 0.
    4.78087366e-003 9.45561565e-004 1.09964097e-003 0. 0.
    7.42507982e-004 1.26080948e-003 0. -1.32348074e-003 5.04539022e-003
    1.37922412e-003 -2.62575282e-004 1.52577553e-003 6.39751554e-004 0.
    0. 1.14500266e-003 -6.34984230e-004 5.20836620e-004 3.34469299e-003
    0. -2.86424707e-004 5.88552654e-003 3.15745967e-003 0. 0. 0.
    5.09106508e-003 0. 8.52070458e-004 0. 2.30570184e-003
    1.24108826e-003 0. 6.17808755e-003 0. 3.95859592e-003
    1.30066893e-003 0. 0. 7.34228001e-004 0. 0. 7.49380048e-003
    3.97745194e-003 2.41445750e-003 4.01207060e-003 5.05462522e-004
    1.30304170e-003 0. 1.31001143e-004 3.30147264e-003 2.97739357e-003
    0. 1.99672510e-003 0. 0. 0. 0. 5.20739937e-004 0. 8.08410905e-003
    1.61991909e-003 0. 0. 0. 0. 0. 0. 1.39129057e-003 0. 0.
    2.01767404e-003 4.72232059e-005 3.05546168e-003 0. 6.40403247e-003
    0. 1.75376583e-004 -8.96157173e-004 2.95159000e-004 3.19971703e-004
    0. 5.21050580e-003 0. 0. 0. 6.22003863e-005 1.16277835e-003 0. 0. 0.
    4.90528485e-003 0. 0. 0. 1.15692115e-003 2.31005644e-004
    -1.66456553e-003 2.46252562e-003 3.40024490e-005 0. 1.44471333e-003
    1.74290908e-003 8.24066927e-004 8.04220513e-003 0. 0. 0.
    -1.40223664e-003 -4.92513529e-004 0. 0. 0. 0. 0. 5.50038931e-005 0.
    0. -7.86836783e-004 8.78789055e-004 0. 0. 0. 2.63463357e-003 0. 0.
    2.12050998e-003 0. -5.80663027e-006 0. 0. 0. 0. 2.46340106e-003 0.
    2.23308569e-003 0. -6.98003569e-005 5.77492779e-003 0. 0.
    4.18435258e-004 0. 6.34491676e-004 0. 2.52695428e-003 0. 0.
    7.57292146e-004 1.34263607e-003 8.52057652e-004 0. 3.98792443e-004
    5.64777467e-004 5.03197778e-004 0. 3.43349716e-003 1.56776956e-003
    6.39852951e-004 0. 0. 3.07781709e-004 0. 6.84784865e-003
    -1.29130785e-003 0. 2.58241268e-003 8.07274319e-003 2.66470038e-003
    2.54068943e-003 0. 2.11683917e-004 0. 1.31101604e-003 0.
    1.32235722e-003 0. 0. 0. 0. 1.01073878e-003 1.01624441e-003 0.
    4.98659851e-004 3.76264870e-005 2.83055182e-004 0. 0. 0. 0. 0. 0. 0.
    4.67267400e-003 0. 0. 2.27268995e-003 9.86177358e-004 0.
    3.87127139e-003 6.14797114e-004 3.63260733e-005 5.65793552e-003
    2.29637395e-003 1.15693512e-003 3.40805412e-003 0. -1.18462027e-004
    0. 2.10092822e-003 7.76741374e-003 5.43753442e-004 0.
    3.48255527e-003 6.50097791e-004 0. 0. 0. 2.11814838e-003
    5.67714706e-005 4.26763698e-004 3.56434449e-003 0. 0. 0.
    1.51611294e-003 0. 3.51258623e-003 1.32502627e-003 0. 0.
    3.55573115e-003 2.35801237e-003 0. 0. 0. 2.28537436e-004
    4.04986506e-003 3.15446919e-003 1.16473064e-003 0. 3.74632329e-003
    0. 0. 0. 0. 0. 0. 3.70993279e-003 0. 0. 3.80889280e-003
    8.47582705e-004 1.69885170e-003 6.07985863e-003 1.15628389e-003 0.
    1.24772005e-005 0. 0. 0. 0. 0. 3.59194097e-003 0. 3.37686203e-003
    -2.44936266e-004 2.54610786e-003 0. 9.31098883e-004 7.76078145e-004
    0. 6.81127142e-003 -2.97738647e-004 0. 1.83363201e-003
    1.76962093e-003 0. 5.00941416e-004 -1.74974397e-004 7.98096415e-004
    0. -1.49686192e-003 2.60050944e-003 1.09735155e-003 0.
    2.53610569e-003 0. 0. 1.91478412e-005 4.07038693e-004
    3.84781905e-003 1.14211325e-004 4.72400308e-004 3.19970568e-004
    1.36015553e-003 0. 0. 0. 0. 5.10012324e-004 0. 0. 1.88619317e-003 0.
    -9.69309709e-004 0. 8.72289529e-004 9.79977194e-004 0.
    1.76429190e-003 0. 0. -8.60425993e-004 4.01338656e-003
    -2.17316439e-004 0. 2.60968390e-003 1.82223250e-003 -1.37533003e-003
    1.19867374e-003 0. -2.86100520e-004 0. -3.06866195e-006 0.
    -1.03494909e-003 4.01709089e-003 0. 0. 0. 0. 1.74395519e-003
    5.17346663e-004 6.18579937e-003 2.41007865e-003 5.35225787e-004 0.
    2.04030960e-003 0. 0. 0. -3.07001319e-004 2.56662723e-003 0. 0.
    1.15411740e-003 9.22387524e-004 2.07242649e-003 0. 0.
    3.20658670e-003 4.18272149e-003 2.05997727e-003 5.47090825e-003 0.
    0. 3.07029579e-003 0. 9.00203246e-004 6.31391420e-004
    7.79984344e-004 1.72568299e-003 1.35106943e-003 0. 2.50469730e-003
    0. 3.94565810e-004 2.42783711e-003 0. 0. 3.02316900e-003 0.
    7.28602055e-004 0. 0. 0. 0. 1.03505061e-003 4.50432859e-003
    2.71611148e-003 1.79764617e-003 0. 1.63115677e-003 0. 0. 0.
