<?xml version="1.0"?>
<opencv_storage>
<imageDescriptor type_id="opencv-matrix">
  <rows>1</rows>
  <cols>1000</cols>
  <dt>f</dt>
  <data>
    0. 0. 0. 0. 0. 0. 1.60328671e-002 0. 0. 0. 0. 3.05823190e-003
    1.16126509e-002 0. 0. 0. 0. 3.49879521e-003 0. 2.90507404e-003 0. 0.
    5.36343083e-004 0. 1.22228898e-002 0. 0. 2.06083688e-003 0. 0. 0. 0.
    2.86601367e-003 0. 0. 0. 7.86090456e-003 2.11728085e-003 0. 0. 0. 0.
    0. -1.44517713e-003 1.04165683e-003 1.86495215e-003 0. 0.
    -4.05267393e-003 0. 0. 0. 0. 4.08973894e-004 0. 0. 0.
    -8.06032564e-004 0. 0. 0. 0. 0. 0. 7.59782316e-003 0.
    1.55409975e-002 0. 0. -5.85414935e-004 2.11391365e-003
    3.36247450e-003 2.69996189e-003 2.26622969e-002 0. 0.
    2.38121618e-004 0. -3.21880478e-004 6.03856239e-003 0. 0.
    1.11641819e-002 1.10707490e-003 0. 7.21892342e-004 -2.15525739e-003
    -1.16923987e-003 8.13150499e-003 0. 0. 0. -3.81740363e-004 0. 0. 0.
    0. -1.53885328e-003 0. 0. 0. 2.64005153e-003 0. 0. 2.52068066e-003
    0. 0. 2.43902951e-003 9.02720354e-003 2.49561970e-003
    -8.78533538e-005 1.52795995e-003 0. 2.23249476e-003 5.59789967e-003
    0. 1.57462584e-003 9.26041044e-003 0. 0. 0. 2.59394571e-003 0.
    1.21980498e-003 0. 0. -1.86534060e-004 0. 0. 1.59780588e-003
    6.79588690e-003 -1.51576567e-003 0. 0. 0. 0. 0. 0. 1.50105171e-002
    0. 0. 0. 0. 0. 0. 1.84710580e-003 0. 0. 0. 0. 0. 0. 0. 0.
    6.60127203e-004 0. 0. 8.53427593e-003 1.09772915e-002
    -4.10457811e-004 0. 0. 0. 0. 1.10103311e-002 0. 0. 0. 0.
    6.91995118e-003 0. 2.70423992e-003 1.81080180e-003 0.
    1.34446076e-003 0. 0. -2.25099924e-004 1.24183355e-003
    8.09240970e-004 0. 0. 0. 0. 0. 1.81480648e-003 0. 0. 1.65938481e-003
    0. 0. 0. 0. 7.55659351e-003 0. 3.89305176e-003 2.35821679e-003 0.
    1.36336628e-002 0. 0. 1.69814774e-003 0. 0. 0. 0. 0. 8.60013533e-003
    0. 9.06262081e-003 0. 5.89871034e-003 0. 0. 0. 0. 3.82417534e-003
    1.10568721e-002 0. 0. 0. 0. 0. 0. 0. 0. 0. 7.39430485e-004 0. 0. 0.
    0. 0. 2.22678529e-003 0. 0. 0. 1.36912744e-002 0. 3.09272407e-004
    1.33908016e-003 2.56955391e-003 0. 0. 0. 2.74489238e-003
    -1.53589586e-003 0. 0. 0. 9.10753501e-004 0. 0. 0. 0.
    1.78188039e-003 0. 0. 0. 0. 2.33370648e-003 0. 0. 0. 0. 0. 0. 0. 0.
    1.20449793e-002 1.24712707e-002 0. 0. 2.38408353e-002
    -8.55877181e-004 0. -1.67805585e-004 7.88787194e-003
    -1.64247362e-003 0. 0. -2.32261809e-004 0. 0. -1.77406851e-004
    -6.64701045e-004 0. 0. 0. 0. 7.73861259e-003 0. 2.29625992e-004 0.
    0. 5.17020095e-003 1.02728613e-004 0. 7.72757863e-004 0. 0.
    1.17437704e-003 0. 0. 6.25913672e-005 0. 0. 0. 0. 0. 0.
    1.48284831e-003 0. 0. 6.96434872e-004 5.59720304e-003 0. 0. 0. 0. 0.
    3.87915457e-003 0. -7.58320821e-005 1.60214759e-003 0. 0.
    3.42506147e-003 1.61904097e-003 0. 0. 0. 0. 0. -3.13897058e-003
    1.91276614e-002 0. 0. 0. 0. 0. 0. 0. 0. 0. 0. 0. 0. 0. 0. 0.
    -1.60883926e-003 0. 2.95640575e-003 0. 0. 7.82988127e-003 0. 0.
    2.72913324e-003 0. 0. 0. -1.69658579e-003 0. 0. 0. 0. 0. 0. 0.
    3.74139729e-003 0. 0. 8.45018309e-003 0. 8.26202892e-003 0.
    -4.89187310e-004 0. 0. 0. 2.36958056e-003 0. 0. 3.31331487e-003 0.
    9.09181777e-003 0. 0. 0. 0. 0. 0. 0. 0. 9.65422485e-003
    1.75789394e-003 0. 0. 0. 2.69664032e-003 0. 0. 0. 0. 0. 0. 0. 0. 0.
    0. 0. 0. 0. 0. 7.32283050e-004 0. 0. 0. 0. 0. 4.44147643e-003 0. 0.
    -8.78371975e-006 0. 0. 0. 1.20906951e-003 1.93349901e-003 0.
    4.31643240e-003 -4.88403748e-005 0. 0. 0. 1.03385129e-003
    3.43888038e-004 0. 0. 0. 0. 0. 9.12918404e-006 0. 0. 0.
    -1.14319402e-004 0. 0. 0. 9.67687927e-003 0. 0. 0. 1.73083914e-003
    0. 0. 0. 0. 0. 0. 0. 0. 0. 0. 0. 5.96494181e-003 0. 1.28141721e-003
    0. 0. 0. 0. 6.64950931e-004 3.47211717e-005 2.20067077e-003
    1.90556014e-003 0. 0. 0. 0. 0. 0. -1.10291922e-003 1.49968220e-003
    5.19056525e-003 0. 3.07837920e-003 0. 7.41574541e-003 0. 0. 0.
    -2.53567356e-003 -1.25993145e-004 0. 0. 0. 0. 0. 1.25668058e-002
    -2.16376138e-004 -5.45864168e-005 2.52877566e-004 0. 8.48394446e-003
    4.14991006e-003 0. 0. 0. 0. 0. 0. -9.11579773e-005 0. 0.
    2.74143135e-003 0. 4.79238457e-004 4.18107025e-003 0. 0.
    1.42736139e-003 0. 5.19224815e-003 0. 0. 1.28303526e-003
    4.78694303e-004 -9.93363676e-004 0. 0. 7.92201317e-004
    8.60492606e-003 0. 0. 0. 1.93747762e-003 0. 0. 9.28793568e-004 0. 0.
    2.54346593e-003 0. 0. 0. 0. 0. 3.64311412e-003 0. 0. 0. 0. 0.
    -7.06953648e-003 6.46097295e-004 0. -2.16652625e-004 0. 0. 0.
    2.21174723e-003 0. 0. 0. 3.54801305e-003 4.83977795e-003
    2.13520019e-003 0. 0. 1.09400635e-003 4.07956541e-003 0. 0. 0.
    1.91665557e-003 6.51092792e-004 0. 0. 9.64932784e-004 0. 0.
    7.80098955e-004 1.83207565e-003 0. 0. 0. 0. 0. 0. 2.56708916e-003 0.
    3.29738046e-004 0. 0. 0. 1.56776351e-003 0. 0. 0. 1.50969077e-003 0.
    5.35483891e-003 1.10702560e-004 0. 1.68305519e-003 0.
    4.45377838e-004 0. 0. 0. 0. 0. 0. 0. 0. 0. 0. 0. -5.74415317e-004 0.
    -1.68866420e-003 -1.55173300e-003 -2.09000055e-003 0. 0.
    -2.61365273e-003 0. 0. 0. 0. 1.05389832e-002 0. 0. 0. 0. 0.
    1.82408490e-003 0. 0. 0. 0. 0. 0. 0. 0. 8.77324585e-003 0. 0. 0. 0.
    0. 5.99488558e-004 0. 0. 0. 0. 0. 0. 0. 4.42640297e-003
    1.38776777e-002 0. 0. 0. 0. 0. 0. 0. 0. 0. 0. 0. -2.84303260e-005 0.
    0. 0. 0. 2.56711472e-004 3.52803897e-003 0. 0. 8.30229279e-003
    4.24555363e-003 0. 0. 0. 0. 0. 0. -1.74129405e-003 6.20263349e-003
    -7.77718669e-004 0. 0. 0. 0. 0. 0. 0. 0. -1.23461138e-003 0. 0. 0.
    0. 0. 0. 0. 4.64581791e-003 1.39035592e-002 0. 2.50029797e-003
    -1.94045343e-003 0. 0. 0. -8.56995233e-004 7.33377412e-003 0. 0. 0.
    -3.69075657e-004 0. 0. 2.57389224e-003 2.85428613e-002 0. 0.
    1.71255588e-003 0. 0. 0. 0. 0. 0. 0. 9.22737760e-004 0. 0. 0.
    3.91586358e-003 0. 0. 0. 0. 0. 0. 9.40205005e-004 0. 0. 0. 0. 0. 0.
    0. 0. -1.88788318e-003 -2.46488978e-003 0. 1.73025974e-003
    -1.06963504e-003 -3.73778492e-003 2.11165007e-003 8.24543741e-003
    6.17051264e-003 1.19360501e-003 3.37531255e-003 0. 0.
    4.39869147e-003 0. 0. 0. 0. -1.99296592e-005 0. 0. 0. 0.
    -2.22484209e-003 -5.68719069e-003 0. 0. 0. 6.63325982e-003 0.
    9.63895582e-003 2.15476733e-002 0. 0. 0. 1.05002951e-002
    3.60837835e-003 0. -9.91889974e-004 0. 0. 2.71246885e-003 0.
    8.57253326e-004 0. 1.21768266e-002 0. 4.96697705e-003
    -2.26400397e-003 1.53208399e-004 0. 5.94841666e-004 7.06063304e-003
    0. 0. 0. 0. 0. 0. 0. 0. 0. 0. 0. -2.85510998e-003 4.04505152e-003
    1.25081383e-003 0. 0. 1.54669455e-003 0. 0. 0. 0. 2.98311887e-003 0.
    -1.59087533e-003 0. 0. -8.01447255e-004 0. 6.77712262e-003 0. 0.
    -7.30496598e-004 0. 0. 0. 9.02797934e-003 3.79004562e-003 0. 0. 0.
    1.68192852e-003 0. 0. 0. 0. 0. 0. 0. -2.14993162e-003 0. 0. 0. 0.
    -1.66469801e-003 0. 1.46975892e-003 0. 0. 1.82357020e-004 0. 0. 0.
    0. 7.16613932e-003 0. 0. 0. 0. 0. 2.08495860e-003 0. 1.90730940e-003
    6.93771988e-003 0. 0. 0. 0. 0. 2.99795512e-002 1.26755815e-002 0. 0.
    0. 0. 0. 0. 0. -7.50329462e-004 0. 0. 0. 0. 0. 0. 0. 0. 0.
    -1.91539794e-003 0. 8.28007609e-003 0. 0. 0. 1.87658786e-003 0. 0.
    0. 0. 0. 1.35303149e-002 1.48418162e-003 0. 0. 0. 0.
    -2.16440181e-003 0. 0. 0. 0. 0. 6.72408147e-004 0. 0. 0. 0. 0. 0. 0.
    0. 0. -2.46719643e-003 2.30418658e-003 0. 0. 0. -2.03540246e-003 0.
    0. 0. 1.50819961e-002 0. 0. 0. -1.23017619e-003 0. 2.39256909e-003
    0. 0. 0. 0. 0. 0. 1.63368112e-003 2.80344393e-003 -1.61233504e-004
    0. 4.18790034e-004 0. 0. 2.33416236e-003 0. 9.07509238e-004 0.
    6.28708303e-003 0. 0. 1.68842811e-003 0. 0. 0. 0. 0. 0.
    2.28410913e-003 0. 0. 1.29679055e-003 0. -1.94131484e-004 0.
    1.12444106e-002 0. 0. 0. 0. 1.04327593e-003</data></imageDescriptor>
</opencv_storage>
