<?xml version="1.0"?>
<opencv_storage>
<imageDescriptor type_id="opencv-matrix">
  <rows>1</rows>
  <cols>1000</cols>
  <dt>f</dt>
  <data>
    0. -1.44820381e-003 0. 2.74968590e-003 1.40413793e-003
    2.66364380e-003 4.92901914e-003 5.52382146e-004 2.28293822e-003
    5.67636336e-004 0. 0. 0. 2.73486320e-003 0. -2.02644779e-003
    -4.14780108e-003 0. 4.78256348e-004 0. 5.43329632e-003
    1.04863476e-003 7.70867686e-004 1.73877896e-004 0. 7.81372713e-004
    2.21139030e-003 8.55151739e-004 -3.27749702e-004 3.44252703e-003 0.
    0. 4.94657829e-003 0. -1.26432790e-003 -8.53740567e-005 0.
    3.65097309e-004 0. 0. 4.13323101e-003 0. 0. 1.66455936e-003
    1.91866537e-003 0. 0. 0. 7.94999115e-003 0. 0. 2.64047459e-003
    1.68374181e-003 -3.61499086e-004 2.49006669e-004 0. 0.
    2.60101515e-003 5.17453125e-004 8.86141963e-004 2.24539638e-003
    1.57392421e-003 2.16761604e-003 1.61499460e-003 4.02520271e-003 0.
    -9.98376287e-004 0. 3.98402056e-003 7.11185217e-004 0.
    -1.15685468e-003 4.06652875e-003 3.06182122e-003 0. 7.26964744e-003
    0. 0. 4.04756702e-003 7.89486861e-004 0. 2.16505444e-003 0. 0.
    1.34364434e-003 -1.42632250e-003 1.08266214e-003 2.66269053e-004
    8.58432555e-004 8.80287203e-004 0. -6.86296262e-004 0. 0.
    1.66644648e-004 1.47560460e-003 1.93032390e-003 0. 5.11899032e-003
    1.67645910e-003 3.57781351e-003 0. 0. 0. 0. 0. 0. 3.32359970e-003
    3.19072767e-003 4.99368692e-003 0. 3.84101924e-003 4.31054225e-003
    0. 0. 0. 7.85305165e-004 0. 0. 0. 0. 1.93992164e-003
    -1.17375122e-004 1.50697283e-003 2.97794258e-003 0. 0. 0. 0.
    1.13261417e-002 5.20884385e-003 0. 2.83315522e-003 0. 0.
    1.94229523e-003 0. 0. 0. 4.89362702e-003 2.57058162e-003
    2.04179509e-004 0. 0. 5.93140814e-003 -3.14865814e-004
    8.03004578e-003 1.14244560e-003 4.93816158e-004 9.57598735e-004 0.
    0. 0. 0. 0. 0. 4.73738695e-003 8.55806502e-005 1.57435090e-004
    3.27429065e-004 0. 4.65702382e-004 1.72057399e-003 3.17548285e-003
    8.46488401e-004 4.69392771e-003 0. 0. 1.35084300e-003 0. 0. 0. 0. 0.
    0. 5.69442287e-003 0. 0. 8.85310676e-003 0. 0. 0. 0. 0.
    1.55211228e-003 0. 3.38196335e-003 0. 0. -8.87652277e-004
    7.09832384e-005 3.90870636e-003 0. 1.66143978e-003 0. 0. 0. 0.
    -5.46892290e-004 0. 0. 3.21871298e-003 0. 5.96556300e-003
    7.35860667e-004 0. 0. 0. 9.60964360e-004 1.82962778e-003 0. 0. 0. 0.
    0. 4.27854917e-004 0. 6.66356273e-003 0. 8.00065137e-003
    3.86787840e-004 0. 0. 0. 6.11286098e-003 0. -1.34685170e-003
    5.44083631e-003 0. 8.65757838e-003 4.98402107e-004 -9.87720778e-005
    7.30058691e-003 1.10940356e-002 0. 9.56813921e-004 0. 0. 0.
    6.47847541e-004 4.68906714e-003 3.21878633e-003 3.87048861e-003 0.
    0. 5.40147116e-003 0. -3.00545339e-003 0. -3.38975922e-004
    1.43162068e-003 1.24552276e-003 9.13323602e-004 0. -5.46765688e-004
    1.53063436e-003 0. 3.67430411e-003 0. 0. -2.60502566e-004 0. 0.
    6.77240407e-003 0. 0. 0. 0. -2.99648644e-004 0. 0. 0. 0.
    2.68623186e-003 2.83452973e-004 1.56363996e-003 1.44529529e-003 0.
    0. 0. 0. -9.36327328e-004 0. 0. 0. 0. -2.92061362e-004
    2.09988281e-003 4.12396854e-003 0. 1.81012333e-003 -3.90793648e-005
    0. -6.57483994e-004 0. 0. 0. 0. 0. 4.85731318e-004 -8.42737092e-004
    6.40643947e-003 1.66657416e-003 -7.13530695e-004 8.16946849e-004
    -1.06262351e-005 4.90462827e-003 -6.69804576e-004 0. 3.27698467e-003
    1.87510077e-003 7.30609195e-003 3.27954045e-003 0. 0.
    1.52571918e-003 0. 7.50595878e-004 8.54649395e-003 0.
    5.27442526e-003 0. 8.86543014e-004 5.38765335e-006 0. 0.
    1.01334788e-003 0. 5.58914850e-003 2.93333229e-004 1.06190704e-003
    1.22136588e-003 0. 3.37610766e-003 0. 4.20891400e-003 0. 0. 0. 0.
    3.31893540e-003 1.26892049e-003 1.47416140e-003 0. 6.81670441e-004
    0. -1.23060454e-004 0. 2.40279990e-003 0. 0. 0. 0. 0. 0. 0. 0. 0.
    6.58942190e-006 1.11070694e-003 2.09404761e-003 0. 0. 0. 0. 0. 0.
    5.17463544e-003 1.00323407e-003 7.32212793e-003 0. 2.59303692e-004
    1.72273919e-003 2.85937887e-004 0. 0. 0. 0. 6.43475167e-003 0.
    8.42826499e-004 3.95721244e-003 9.35508346e-004 0. 0.
    1.40252581e-003 6.10746443e-003 3.28023429e-003 0. 0. 0. 0.
    -3.67439461e-005 0. 0. 0. 2.66328896e-003 0. 0. 0. 0.
    3.02541582e-003 0. 0. -2.31918501e-004 0. 0. 0. 0. 5.43147617e-004
    6.36288198e-003 3.47328582e-003 0. 1.89587020e-003 -8.29510507e-004
    2.48402706e-003 4.71081492e-003 1.39762822e-003 0. 0. 0. 0. 0. 0.
    1.22122443e-003 0. 6.41147420e-003 0. 0. 0. 0. 0. 0.
    -2.96084938e-004 1.66653632e-003 0. 2.51272833e-003 3.75804980e-003
    0. 7.45599903e-003 -8.63554087e-005 3.94494535e-004 0. 0. 0. 0. 0.
    4.04161820e-003 3.66548868e-003 0. -2.22974282e-004 1.11635984e-003
    0. 2.71530036e-004 0. 6.53954782e-003 0. 0. 0. -1.40871317e-003 0.
    -1.60496478e-004 0. 3.08808335e-003 0. 0. 0. 2.14811484e-003 0.
    1.76341692e-003 9.35285279e-005 0. 1.77165156e-003 0. 0.
    2.54600495e-003 4.83696535e-003 -1.76588458e-003 1.91929359e-002 0.
    0. 0. 0. 1.10057718e-003 0. 0. 4.45517618e-003 0. 1.56944455e-003 0.
    1.15667633e-003 0. 0. 0. 6.54982869e-004 -4.96238004e-004 0. 0. 0.
    0. 5.75781101e-003 1.98954507e-003 0. 1.83588534e-003
    3.85425612e-003 0. 0. 0. 1.62076566e-003 1.13034237e-003 0. 0.
    -1.80116604e-005 0. 4.14260227e-004 0. 0. 0. -6.08077098e-004 0. 0.
    -4.03000362e-004 0. 0. 0. 0. 0. 5.49607025e-003 -2.51046498e-004
    3.98186874e-003 4.22747899e-003 1.47249401e-002 0. 0.
    -1.96684059e-003 0. 1.58073474e-003 3.07907816e-003 0.
    4.13324963e-003 0. 1.93273334e-003 0. 1.15114516e-002
    8.08549812e-004 7.35904323e-004 2.34441808e-003 0. -2.61332141e-003
    2.41590384e-003 2.68095685e-003 0. 1.71830761e-003 0. 0. 0.
    1.36710785e-003 0. 0. 0. 0. 5.72665874e-003 -3.10560805e-004 0. 0.
    0. 0. 2.71099678e-004 2.62841070e-003 0. -7.46559585e-004
    2.59114918e-003 0. 0. 4.19735064e-004 8.00055626e-004 0. 0.
    1.88010873e-003 0. 7.49355604e-005 0. -1.03158134e-004
    2.98473355e-003 -6.35186152e-004 0. 5.06530702e-003 0.
    4.83236829e-004 9.14477452e-004 8.03273986e-004 0. 3.26115708e-003
    9.03898617e-004 0. 0. 1.12918555e-003 6.43859443e-004
    9.35111486e-004 0. 0. 4.35999501e-003 3.08814598e-003 0.
    2.50559708e-004 0. 7.94267096e-003 0. 0. 0. -1.36838015e-003
    4.43465868e-003 0. 1.73884560e-003 0. 0. 1.83151092e-003
    -4.34146437e-004 9.63494414e-004 0. 7.97824003e-004 0.
    2.62095151e-003 0. 2.27484293e-003 -5.18846384e-004 8.09607009e-005
    0. 0. 0. 0. 0. 0. 0. 6.02451270e-004 1.25514925e-003 0. 0. 0.
    1.75006595e-003 0. 0. 7.32576568e-003 2.54549697e-004 0.
    1.20318949e-003 2.36806285e-004 1.34304632e-003 6.23163674e-003 0.
    1.46348582e-004 3.01116583e-004 0. 4.78939386e-003 0.
    3.46280215e-003 0. 3.41317733e-003 0. 0. 0. 0. 5.84891671e-003 0. 0.
    0. 6.77151699e-003 0. -6.30787981e-004 0. 1.50676852e-003
    1.33766735e-003 1.47759286e-003 7.50178751e-003 -2.93000322e-003
    1.47876415e-006 2.57840846e-004 5.28050703e-004 1.02201302e-003 0.
    -2.57460313e-004 0. 1.87069818e-003 0. 0. 0. 1.33170339e-003 0.
    -2.56030983e-003 0. 1.10318232e-003 0. 0. 1.17905729e-003 0. 0.
    3.37936915e-004 0. 0. 0. 2.99319765e-003 0. 2.17058137e-003 0. 0. 0.
    0. 0. -2.93866789e-004 3.33613600e-003 -9.95162991e-005
    -4.00028285e-003 -8.52494442e-004 0. -1.43217889e-003
    3.87375406e-003 0. -4.93303523e-004 0. -1.21843442e-003 0.
    -1.90578736e-004 0. 2.92126625e-003 1.86421385e-004 6.37632329e-003
    0. 0. 4.10154834e-003 5.54121623e-004 0. 1.88985013e-003
    2.21097702e-003 2.81416951e-003 5.19289682e-003 1.50119758e-003
    2.21996126e-003 0. -8.33686572e-005 0. -2.42026450e-004 0.
    1.10649075e-002 0. 1.69917732e-003 2.36973166e-003 3.19954270e-005
    0. 6.69285364e-004 0. -1.32618693e-003 0. 0. 0. 4.88071790e-004 0.
    7.09360931e-003 3.22754285e-003 -4.32198402e-004 0. -2.12085596e-003
    0. -7.52442866e-004 0. 0. 1.36405649e-003 2.75820756e-004 0. 0.
