<?xml version="1.0"?>
<opencv_storage>
<imageDescriptor type_id="opencv-matrix">
  <rows>1</rows>
  <cols>1000</cols>
  <dt>f</dt>
  <data>
    6.99164905e-003 0. -1.45346206e-003 3.05677560e-004 -1.02064840e-003
    3.88073782e-003 5.48828766e-003 0. 0. 1.68354041e-003
    8.22042173e-004 -4.07025730e-003 -2.91828648e-004 0. 1.27200771e-003
    1.43920141e-003 0. 4.43106564e-003 3.54827382e-003 0.
    5.23000141e-004 3.57544026e-003 0. 6.56080758e-003 1.57436659e-003
    1.09221437e-003 -1.39112503e-003 1.16357626e-003 0. -6.39984442e-004
    0. 0. 1.54456263e-003 -1.91064854e-003 0. 4.70969535e-004
    -1.01290760e-003 0. 0. -8.68350267e-004 0. 0. 0. 2.53134454e-003
    1.28732214e-003 5.24568197e-004 1.58931303e-003 0. 0. 0. 0. 0. 0.
    5.95223974e-004 9.78970202e-004 1.01602648e-003 0. 3.18540563e-003
    1.09849474e-003 6.96016825e-004 -1.12362113e-003 0. 0. 0.
    4.15195990e-003 0. 2.66975578e-004 0. 0. 0. 2.42524594e-003 0. 0.
    4.09255596e-003 5.20582870e-003 0. 1.12811592e-003 0.
    1.10567990e-003 0. 0. 0. 8.18179268e-003 0. 2.54717004e-003
    4.21622652e-004 4.47002269e-004 0. 0. 0. 6.46152813e-003 0.
    8.34859908e-004 0. 2.24625436e-003 -1.16792473e-003 -1.35536829e-003
    0. 0. 0. 5.73491270e-004 9.76043171e-004 0. -6.21295476e-004 0. 0.
    0. 0. 3.47460824e-004 1.11617823e-003 5.22971561e-004
    4.35609464e-003 0. -1.78258843e-003 0. 0. -3.65989096e-003
    5.84573904e-003 0. 2.45353044e-003 5.18772518e-004 0. 0.
    2.05763918e-003 0. 0. 0. 0. 0. 4.62652557e-003 0. 9.30544047e-004
    2.51673535e-003 1.55820395e-003 1.14176387e-003 8.44105612e-003
    1.57629943e-003 3.00005917e-003 1.69599638e-003 0. 6.29872258e-004
    0. -3.86813714e-004 2.72410410e-003 0. 4.68045147e-003 0. 0. 0.
    6.18780090e-004 1.01498468e-003 3.27255041e-003 1.18187936e-002
    2.66358547e-004 4.02814336e-003 0. 4.84869303e-003 7.61911215e-004
    0. 0. 0. -8.87085742e-004 0. -5.98372717e-004 6.70045801e-003
    7.94396794e-004 -4.83623095e-004 0. 3.99713125e-003 8.30098055e-003
    3.08442395e-003 0. 2.70006305e-004 1.57494582e-002 1.54133432e-003
    0. 0. 0. -2.98612984e-004 0. 3.17799812e-003 0. 0. 0.
    7.97190052e-003 0. 2.86069961e-004 -4.50304768e-004 7.62747222e-005
    9.83986887e-004 0. 0. 0. 0. 0. 4.49954392e-003 0. 1.58131326e-004 0.
    1.04787620e-003 0. -3.11085081e-004 0. 0. 9.53777926e-004 0. 0. 0.
    0. 5.61371120e-003 4.43826336e-003 0. 2.08315859e-003
    5.11680031e-003 1.84051017e-003 0. 3.72126861e-003 -1.19232456e-003
    1.52463373e-003 1.95951946e-003 0. 8.02470930e-003 7.77043216e-003
    0. 1.40927313e-003 0. 5.59980609e-003 0. 0. 1.67855271e-003 0. 0. 0.
    9.05888528e-003 7.16855575e-004 0. 0. 0. 0. 1.02416205e-003
    3.92943039e-004 1.74388150e-003 2.36768043e-003 2.88471638e-004 0.
    2.33668881e-003 8.42127297e-003 -8.71746452e-004 2.49716756e-003 0.
    5.26431762e-003 1.19051838e-003 0. 5.23953757e-004 6.58576284e-003
    -1.96507503e-003 2.12578452e-003 0. 2.27917242e-003 0.
    2.15759594e-003 0. 1.21515128e-003 6.08945033e-004 0. 0. 0.
    8.10968981e-004 0. 5.99666673e-004 -5.71989047e-004 0.
    1.26495212e-003 0. 0. 0. 0. 6.06350834e-004 0. -3.55860509e-004
    3.63318308e-004 7.40278396e-004 1.46676903e-003 0. 0.
    -4.63014614e-004 0. 0. 0. 0. 0. 0. 6.06133696e-003 7.60811847e-003
    1.04800169e-003 -2.28215079e-003 1.02905254e-003 5.01915405e-004
    -3.28744907e-004 6.75888732e-003 8.22162692e-005 7.16316630e-004
    3.32895154e-003 -1.32958882e-003 0. 1.17928861e-003 7.38767441e-004
    2.27034953e-003 0. 0. 9.45737876e-004 4.12812410e-003 0. 0.
    2.47919653e-003 4.68947226e-003 7.92761892e-003 0. 0.
    -2.31978297e-003 1.05392188e-003 0. 9.82544292e-003 0. 0.
    -1.21299492e-003 0. 0. -6.67783082e-004 0. 1.38260273e-003
    5.70310862e-004 5.21415472e-003 4.95419977e-003 0. -2.23730367e-005
    2.29287500e-004 0. 2.35102212e-004 0. 0. -9.71590780e-005 0. 0.
    3.78178556e-005 0. 4.41024872e-003 1.73100259e-003 0. 0. 0.
    2.57556024e-003 6.71348127e-004 0. 0. 2.25789758e-004 0. 0.
    7.17887282e-003 -3.41632811e-004 0. 0. 4.10527922e-004
    1.21607636e-005 1.05794391e-003 1.83341920e-003 0. 6.38653804e-003
    -7.97435583e-004 0. 0. 0. 0. 0. 8.19847395e-004 0. -1.22812565e-003
    0. 0. 0. 4.25205380e-003 0. 2.60694884e-003 0. -5.63818263e-004
    1.90526748e-003 -6.76817552e-004 7.35004293e-003 2.07327236e-003
    5.41972509e-003 0. 0. 0. 0. 0. 0. 0. 0. 0. 0. 0. -6.83817838e-004
    -5.14722778e-004 0. 0. 0. 1.11885718e-003 0. 1.18297699e-003 0.
    9.31844406e-005 0. 0. 0. 0. -1.51337369e-003 1.14732352e-003 0.
    -3.31723539e-004 4.40236041e-003 3.00293905e-004 -3.18805745e-004
    5.89997001e-007 0. 0. 0. 0. 9.67938628e-004 0. 0. 4.88931034e-003 0.
    0. 0. 1.30623789e-003 0. -3.50353483e-004 0. 3.39003885e-003 0. 0.
    2.78245169e-003 9.03959619e-004 3.78951151e-003 0. 0.
    5.66194532e-003 0. -6.66084932e-004 0. 9.98799573e-004
    1.65686617e-003 6.15888450e-004 -1.46640101e-004 0. 0. 0.
    4.92893020e-003 0. 0. 0. 0. 3.12575605e-003 0. 0. 0. 0. 0.
    4.58422257e-003 0. 1.76946807e-003 0. 0. 0. 0. 4.07200633e-003 0. 0.
    -1.71285996e-003 5.22790151e-003 2.26255623e-003 6.11100812e-003 0.
    0. 1.99755235e-003 -2.83689122e-004 7.84915464e-004 0. 0.
    2.70060007e-003 8.36474542e-003 1.78374292e-003 0. 1.17126328e-003
    0. 5.95060689e-003 1.23386562e-003 0. 0. 0. 3.45409010e-003 0. 0.
    3.07736429e-003 1.64789462e-003 0. 5.76118566e-003 0.
    1.37974363e-004 0. 0. 0. 0. -1.73269829e-003 0. 0. 0. 0. 0.
    -6.77731703e-004 3.04486050e-004 -8.37489264e-004 0. 0.
    3.80456331e-003 0. 5.34684490e-003 5.58564020e-003 0. 0. 0.
    5.98229177e-004 4.09364147e-004 -3.34133324e-003 4.12117969e-003
    1.19477359e-003 0. 3.28891515e-003 0. -1.01935293e-003 0. 0. 0. 0.
    8.38827618e-005 0. 0. 5.35833460e-005 2.26475677e-004 0.
    2.17078323e-003 0. 0. 0. 0. 5.25149889e-003 1.60242169e-004 0.
    9.88760148e-004 0. 0. 0. 7.10868230e-003 0. 6.65626163e-003
    2.27150344e-003 0. 4.68318583e-004 0. -1.42546732e-003 0.
    5.10527170e-005 -7.14106369e-004 0. 2.80585780e-004 3.67582892e-003
    4.06201929e-003 0. 0. 0. 0. 2.55149347e-003 7.71511928e-004 0.
    8.84036126e-004 -6.65946165e-004 1.52102741e-003 0. 3.11050331e-003
    0. 0. 0. 1.00294757e-003 6.34033117e-004 0. 0. 0. 6.77162432e-004 0.
    0. 0. 7.67962483e-004 6.76907878e-003 0. 1.35787111e-002
    1.28094328e-003 1.06233160e-003 8.37417971e-003 -5.18378256e-005
    8.19650944e-003 4.33909474e-003 0. 1.87157281e-003 0. 0.
    6.79090433e-003 0. 2.04392313e-003 0. 0. 4.34118463e-003
    1.05125038e-003 4.04495222e-004 3.89749208e-003 -8.17134744e-004 0.
    0. 6.07812218e-003 0. 0. 2.79127574e-003 5.20039722e-003 0.
    2.90210871e-003 0. 0. 0. 0. 2.94220727e-003 0. 8.53178615e-004
    2.24027550e-003 0. 4.33766702e-003 1.12111869e-004 0. 0.
    1.49498461e-003 0. -4.87679499e-004 0. 2.61053490e-003 0. 0. 0. 0.
    2.07076687e-003 2.04716413e-003 0. 6.92650676e-003 6.25815475e-003
    4.25471313e-004 0. 2.38729105e-003 -3.53700569e-004 7.82167306e-004
    -9.37093399e-004 9.65372543e-004 0. 0. 0. 1.09837030e-003 0. 0.
    -3.42238083e-004 0. 2.06711981e-003 0. 0. 0. 2.52717291e-003
    7.08047126e-004 -4.15377930e-004 1.09143101e-003 1.00254687e-003 0.
    0. 0. 0. 0. 0. 0. 0. 0. 0. 1.19961263e-003 0. 0. 9.10806586e-004
    1.64055917e-003 4.57534334e-003 0. 0. 6.46005943e-003 0. 0. 0. 0. 0.
    0. 5.72850928e-004 0. 0. 0. 0. 0. 4.06986946e-004 -1.15358434e-003
    0. -1.59190618e-004 5.46687923e-004 0. 0. 5.63503243e-003
    4.05948702e-003 3.61108943e-003 0. 0. 0. 1.40860549e-003 0. 0. 0.
    1.73741300e-003 0. 0. 6.92434004e-003 0. 0. 3.49146023e-004
    2.57291528e-003 0. 0. 0. 9.89604392e-004 4.44000075e-003 0. 0.
    1.78519069e-004 0. 0. 0. 0. 8.55075137e-004 0. 1.56745466e-003 0. 0.
    2.66498094e-003 0. -2.05441509e-004 0. 1.14558060e-002 0. 0.
    3.87780997e-003 3.32415540e-004 0. 3.87586374e-003 1.37025141e-003
    6.10993430e-003 4.88629623e-004 0. 0. 0. 0. -8.37130356e-004
