<?xml version="1.0"?>
<opencv_storage>
<imageDescriptor type_id="opencv-matrix">
  <rows>1</rows>
  <cols>1000</cols>
  <dt>f</dt>
  <data>
    1.00165163e-003 0. 7.11147301e-003 -1.82485301e-003 1.77984782e-006
    6.12252858e-003 0. 0. 0. 0. 0. 0. 0. -2.16922331e-006
    1.88580202e-003 0. 0. 0. 0. 0. 0. 0. 4.55837930e-003 5.00024529e-004
    7.40202086e-004 5.35360584e-003 0. 0. 0. 0. 0. 1.45453250e-003
    5.25578372e-008 0. 0. 0. 1.05134642e-003 0. 0. 0. 1.34199997e-003
    2.15000845e-003 0. 3.23843071e-003 2.38322956e-003 1.90171239e-003
    0. 3.74206720e-004 0. 0. 2.18038578e-002 0. 0. 8.27544369e-003 0. 0.
    0. 0. -2.90113094e-004 2.52176938e-003 0. 2.42305780e-003 0.
    -1.90080245e-004 3.67054017e-003 0. 1.70313381e-003 1.64731487e-003
    0. 2.71388376e-003 1.63825098e-006 0. 7.00642879e-004 0.
    6.79108966e-003 0. 0. 1.75588822e-003 0. 0. 1.32637098e-004 0. 0. 0.
    1.03267487e-002 1.02252606e-003 0. 4.21540858e-003 -2.26646522e-003
    9.29613598e-004 3.37171485e-003 0. -2.01738017e-004 0. 0. 0. 0.
    2.21142033e-003 0. -2.18704366e-003 -5.34118852e-003 0.
    4.02497267e-003 0. 8.99031758e-004 3.35826585e-003 0. 0.
    1.57926381e-002 0. -3.41751892e-003 0. -1.75253348e-003 0.
    1.61823037e-003 0. 0. 0. 2.31121667e-003 0. 0. -3.64550366e-003 0.
    0. 4.02384484e-003 1.50404827e-004 1.86216214e-003 0.
    7.88789941e-004 0. 4.65920108e-004 0. 0. 4.02683066e-003 0.
    2.42414582e-003 0. 1.67727657e-003 -8.49060423e-004 0.
    -7.08914667e-005 0. 3.81380017e-003 0. 0. 4.55240515e-004 0. 0.
    -3.55406897e-004 1.35671801e-003 1.62878959e-003 0. 6.46097906e-005
    7.00101955e-003 -4.62636584e-004 7.03590747e-004 1.08304340e-003 0.
    6.15889556e-004 1.50178792e-004 -7.79435039e-004 0. 1.40379719e-003
    0. -1.80052151e-003 1.83999457e-003 0. 0. 0. 2.40612053e-003 0.
    1.29957509e-003 2.77345087e-002 0. 1.74115528e-003 0.
    8.04612227e-003 0. 0. 0. 0. 1.12630031e-003 0. 6.03597146e-003
    1.42617529e-004 0. 2.97750370e-003 0. 0. 2.15078238e-003 0. 0. 0. 0.
    0. 0. 0. 0. 0. 0. 0. 3.49901244e-003 0. 7.89015321e-004 0.
    7.38082966e-003 6.44223415e-004 7.65835820e-003 0. 0. 0. 0.
    2.49856105e-003 0. 1.40094548e-003 0. 0. -2.10528524e-004 0.
    2.45291833e-003 -1.25576986e-003 0. 5.34618413e-003 0.
    -7.21706892e-005 0. 0. 0. 0. 0. 0. 0. 0. 0. 0. 0. 5.98452752e-003
    1.47927774e-003 0. 0. 0. 8.49799253e-003 2.19115894e-003 0. 0. 0.
    5.55998413e-003 5.65127516e-003 -8.57132673e-003 8.08795914e-003 0.
    0. 2.07888836e-004 0. 0. 0. 0. 0. 0. 0. 0. 1.19175774e-003
    4.78195120e-003 1.45944662e-003 3.06028803e-003 7.57773174e-004
    2.27339286e-003 0. 0. -2.53530707e-005 2.60980404e-003 0. 0. 0. 0.
    0. 0. 0. 0. 0. 0. 0. 0. 0. 1.85542437e-003 0. 1.09833833e-002 0. 0.
    0. -6.74174371e-005 2.16486375e-003 9.97360330e-003 -4.76004672e-004
    4.68781218e-003 3.94519244e-004 -3.15839978e-004 0. 0. 0. 0. 0. 0.
    0. 3.40129132e-004 -5.71876590e-004 1.47297774e-002 0.
    4.41969791e-003 1.51171174e-003 0. 1.05938467e-003 1.85369025e-003
    0. 0. 0. 0. 0. 1.58391595e-002 0. 0. 0. 0. -9.00086132e-004
    6.26590860e-004 1.22737291e-003 1.82861276e-003 0. -1.01746921e-003
    0. 1.47316221e-003 0. 0. 0. 0. 0. 0. 0. 6.80210884e-004
    1.89039872e-006 0. 0. -3.92488262e-004 -7.76544970e-004
    3.83491465e-003 2.23235856e-003 5.12176473e-003 0. 2.68028467e-003
    1.68847048e-003 0. 0. 0. 0. 1.52607739e-003 0. 0. 0. 0. 0. 0. 0.
    5.38653927e-003 0. -2.93509918e-003 0. 1.20467704e-003 0. 0.
    1.77970668e-003 0. 0. 8.31726589e-004 5.76758699e-004 0.
    1.25845300e-003 0. 0. 2.01148889e-003 1.55190879e-003 0. 0. 0. 0. 0.
    0. 0. -1.36776338e-003 0. 3.53659340e-003 1.57225761e-003 0.
    5.80832455e-003 0. 6.47828262e-003 0. 0. 0. 0. 1.14870444e-002 0. 0.
    0. 0. 1.03614563e-002 0. 0. 2.05590785e-003 0. 0. 0. 0. 0. 0. 0. 0.
    -4.80917282e-003 0. 0. 5.57857798e-004 0. 0. 0. 1.05494950e-002
    2.08134020e-006 0. 0. 0. 0. 0. 0. 0. 8.80918000e-004 0.
    7.31732044e-003 0. 0. 0. 0. -1.16796902e-004 4.22007497e-003 0.
    3.99669283e-004 0. 0. 1.14052428e-003 2.88836882e-002 0.
    5.38379932e-003 2.11072009e-004 0. 0. 9.28694266e-004 0. 0.
    3.27874528e-004 0. 9.45330132e-004 -3.83329025e-005 2.34663649e-003
    -7.04826380e-004 0. 0. 0. -3.36224068e-004 0. 0. 1.44158362e-003
    2.51337944e-004 0. 6.04386325e-004 0. 1.05752773e-003
    -1.27968332e-003 3.22589418e-003 5.53819910e-003 2.15259939e-003 0.
    8.24503880e-003 0. 0. -1.35787122e-004 2.20719972e-004
    4.47089458e-003 0. 1.12300110e-003 0. 0. 0. 1.19060557e-003 0.
    9.62055579e-004 1.49885165e-002 7.28990370e-003 5.41593926e-003 0.
    0. 0. 0. 0. 0. 0. 0. 6.80303248e-003 4.01553810e-002 0.
    2.31717457e-003 0. 6.05823589e-004 7.53956940e-003 0. 0. 0. 0. 0. 0.
    0. 0. 3.37053934e-004 0. 1.38709287e-003 0. 0. 0. 0. 0.
    1.27650751e-002 0. -5.00970194e-003 0. 1.66074105e-003
    8.05468112e-003 7.87946582e-003 1.21599995e-003 0. 0.
    -1.81041949e-003 0. 0. 0. 0. 0. 5.80432825e-004 0. 2.04297408e-004
    0. 0. 0. 0. 0. 0. 0. 0. 0. -7.22627738e-004 0. 0. 4.57493449e-003 0.
    0. 0. 0. 7.25738239e-003 0. 1.64653349e-003 0. 7.30181288e-004 0. 0.
    0. 0. 0. 0. 0. 0. 0. 2.90305144e-003 0. 0. 0. 0. 1.17084598e-002 0.
    -1.92002743e-004 0. 0. 1.01382087e-003 0. 0. 0. 0. 0. 0. 0.
    -4.80406405e-003 0. 7.21859806e-007 -3.83140263e-003 0. 0.
    1.96263008e-003 2.61018053e-003 7.36578880e-003 0. 1.36698922e-003
    0. 0. 1.57541494e-004 0. 0. 0. 3.92446294e-003 0. -3.36333731e-004
    0. 0. 0. 0. 0. 1.60441617e-003 0. 0. 0. 0. 0. 1.10767176e-002 0.
    3.84836271e-002 0. 0. 0. 0. 1.03416969e-003 0. 0. 0. 0. 0.
    -6.78019016e-004 8.70447326e-003 1.28194958e-003 0. 0. 0. 0. 0. 0.
    0. 0. 2.45254865e-004 0. 0. 0. 0. 1.79771706e-003 4.05238848e-003 0.
    0. 0. 0. 0. 0. 0. 0. 0. 8.25867988e-003 6.45957422e-003 0.
    1.88012622e-004 0. 0. 1.68257719e-003 0. 0. 0. 0. 0. 0. 0. 0. 0. 0.
    0. 8.80294130e-004 1.47758226e-003 0. 0. 0. 7.07346620e-003 0. 0. 0.
    6.95776485e-004 0. 5.38069944e-005 0. 0. 9.01167467e-003 0. 0. 0. 0.
    0. 0. 0. 0. 3.59510025e-003 3.45067424e-003 -4.38366493e-004
    7.75419688e-003 1.28792226e-003 1.10574551e-002 0. 0. 0. 0.
    1.97021151e-003 0. 0. 0. 9.77750123e-003 0. 0. 0. 0. 0.
    4.82901186e-003 6.08154514e-004 -1.49675668e-003 0. 0.
    7.41478987e-003 0. 0. 0. 0. 3.32581876e-005 0. 0. 0. 1.89478777e-003
    0. 8.73240642e-004 1.94232829e-003 9.37467441e-004 0. 0. 0.
    1.74917500e-006 0. 0. 3.41333821e-003 6.20700326e-003 0. 0. 0. 0. 0.
    -1.11402653e-003 1.78937389e-005 0. 6.80352561e-003 1.15784280e-006
    0. 0. 6.20754017e-003 0. 0. 0. 0. 6.20431034e-003 2.23086705e-003 0.
    0. 0. 0. 8.25958978e-003 -9.07370937e-004 0. 0. 0. 0. 0.
    1.83100416e-003 0. 0. 0. 0. 2.00883928e-003 7.77536712e-004 0. 0.
    1.37325405e-004 0. 1.79954615e-004 0. 0. 5.78354858e-003
    5.43978131e-005 0. -4.22337092e-004 0. 0. 0. 0. 4.71777283e-003 0.
    2.20170523e-006 0. 0. 4.64752736e-003 0. 0. 0. 0. 0. 1.01068979e-002
    0. 1.65786078e-005 5.08395431e-004 0. 0. 0. 0. -1.98886177e-004
    -7.84360862e-004 2.27048132e-003 0. 0. 0. 0. 0. 0. 0. 0. 0. 0.
    6.94138755e-004 0. 0. 1.16548303e-003 0. 5.37644653e-003 0.
    1.60428649e-003 0. 0. 2.24546855e-003 0. 5.23644174e-003 0.
    4.30954387e-003 0. 0. 0. 0. 0. 3.63549171e-003 0. 1.50503851e-002 0.
    0. 0. 0. 0. 0. 0. 0. 8.25924054e-003 0. 0. 0. 0. 0. 0.
    1.73185254e-003 0. 0. 0. 8.68924952e-004 0. 8.84563022e-004 0. 0. 0.
    0. 0. 0. 0. 0. 0. 1.46898278e-003 0. 0. 0. 0. 0. 0. 0. 0. 0. 0. 0.
    0. 0. 1.59956689e-003 0. 0. 1.18243322e-003 6.23423513e-003 0. 0. 0.
    0. 0. 2.33486947e-003 -6.74709911e-004 0. 3.39815789e-003 0. 0. 0.
    0. 3.69116687e-003 0. 0. 0. 3.93718295e-003 7.45231798e-003 0. 0.
    1.69413374e-003 0. 0. 0. 0. 0. -2.90087210e-005 0. 0. 0. 0. 0. 0. 0.
    0. 7.88274512e-004 5.12337359e-003 5.06396813e-004 3.57230613e-003
    1.26994075e-003 0. 0. 0. 0. 9.14017728e-004 0. 0. 0. 0.
