<?xml version="1.0"?>
<opencv_storage>
<imageDescriptor type_id="opencv-matrix">
  <rows>1</rows>
  <cols>1000</cols>
  <dt>f</dt>
  <data>
    6.35310309e-004 0. 0. 0. 0. 0. 0. -8.42982437e-004 0.
    2.45078234e-003 0. 3.44324013e-004 0. 0. 4.49442258e-003
    1.78372837e-003 0. 0. 0. 0. 0. 0. 2.86776834e-004 0. 0. 0. 0.
    7.01606332e-004 0. 3.25110601e-003 0. 2.03240197e-003
    -1.49806240e-003 5.76625764e-003 0. 0. 2.76864297e-003
    1.22626894e-004 0. 0. 1.79398258e-003 0. 5.52692683e-003
    1.35296362e-003 2.30690301e-003 0. 1.67898869e-003 1.88101793e-003
    0. 0. 0. -6.68339024e-004 3.86532466e-003 5.04656788e-003 0. 0. 0.
    0. 7.44043908e-004 0. 1.09397853e-003 0. 0. 0. 0. -7.18271112e-005
    0. 1.12354057e-003 0. 6.82103401e-003 7.32618850e-004 0.
    1.86866126e-003 0. 0. 0. 0. 5.59251104e-003 7.98043422e-003
    2.16493709e-003 0. 0. 0. 2.46757898e-003 0. 3.65325296e-003 0. 0.
    -3.12829652e-004 0. 7.73457286e-004 4.81371675e-003 0.
    5.22700022e-004 1.57455006e-003 0. 0. 0. 0. 0. 0. 5.11370483e-004
    2.07239948e-003 -1.61404314e-004 1.94254576e-003 0. 0. 0. 0. 0.
    3.87675897e-003 0. 0. 0. 8.32310063e-004 0. -1.87579310e-003 0.
    -3.52074363e-004 2.73796660e-003 0. 1.10583461e-003 0. 0. 0. 0.
    -1.31785302e-004 0. 1.18106441e-003 0. 2.82226386e-003 0.
    3.00397049e-003 2.20453498e-004 5.94969746e-003 3.82929691e-003 0.
    7.25787599e-004 0. 0. 0. 0. 0. 7.85179622e-003 1.42995210e-003 0.
    1.76432787e-003 3.16446438e-003 0. 0. 0. 2.03393959e-003 0.
    3.01107328e-004 0. 0. 0. -3.68207082e-004 3.84234008e-003
    3.93945957e-003 0. 0. 1.39278769e-002 0. 0. 0. 1.67461566e-003
    1.10988598e-003 0. 0. 4.10331693e-003 0. 0. 0. 9.95197333e-004
    1.17487146e-003 2.13430249e-005 -2.30063815e-004 0. 0. 0.
    1.75839255e-003 -3.67109245e-003 6.83801365e-004 2.22397083e-003 0.
    1.93685887e-003 8.22509546e-003 0. 0. 1.28341874e-003 0.
    7.49528233e-004 4.47658077e-003 -6.01485299e-005 0. 0. 0. 0.
    5.79969841e-004 0. 1.08233572e-003 2.37402949e-003 0. 0.
    1.87591312e-003 0. -1.18003832e-003 0. 4.67997452e-004
    2.73123290e-003 2.26500444e-003 0. 1.37766206e-003 0.
    -6.15262601e-004 1.24649063e-003 1.26208167e-003 0. 1.58405444e-003
    8.99478234e-003 0. 0. 0. 0. 0. 0. 0. 5.13028307e-003 6.95461500e-003
    7.22253928e-004 0. 0. 2.09723992e-004 0. 0. 0. 3.77855264e-003 0. 0.
    1.93252359e-002 0. 0. 2.98051955e-003 0. 0. 0. 0. 0. 1.25701423e-004
    0. 1.83125585e-003 0. 0. 0. 0. 0. 3.27897398e-003 8.43118131e-003
    3.08589166e-004 5.81343146e-003 0. 0. 3.05668334e-003 0. 0. 0. 0. 0.
    2.69240583e-003 -1.31002173e-003 -9.74551949e-004 0. 0. 0.
    2.77257059e-003 8.36536696e-004 -4.80291783e-004 0. 0.
    1.69246877e-003 0. 1.98936905e-003 0. 0. 0. 9.64886416e-003
    1.76371657e-003 0. -1.25376950e-003 0. 0. 0. 0. 0. 0. 0. 0.
    1.53616862e-003 0. -2.28279707e-004 0. 0. 0. 5.20706992e-004
    2.18205317e-003 0. 0. 0. 0. 1.19202817e-002 0. 3.22799105e-003
    7.12356821e-004 5.81797445e-003 0. 0. 4.23000485e-004
    7.72628514e-003 -1.42593274e-003 0. 3.26003355e-004 0. 0.
    6.48678688e-004 1.81993295e-003 9.89750959e-004 0. 0. 0. 0. 0. 0. 0.
    0. 0. 1.78148248e-003 0. 1.87865138e-004 1.86672714e-002 0. 0.
    2.93936057e-004 2.41729850e-003 1.35568879e-003 1.51117076e-003 0.
    0. 0. 0. 4.72548744e-003 1.19298580e-003 1.34450465e-003 0.
    -3.24463268e-004 3.06954328e-003 0. 1.22860714e-003 0. 0.
    5.25567355e-003 -2.23261444e-003 3.49472975e-003 1.21829775e-003
    2.16218992e-003 3.33146984e-003 0. 2.75005447e-003 3.54878209e-003
    0. 6.50477887e-004 7.45681114e-004 0. 0. 5.51409833e-003
    3.22703971e-003 0. 9.17864207e-004 0. 2.40742019e-003 0. 0. 0.
    1.68032339e-003 1.32813980e-003 0. 4.81027673e-004 6.28402224e-004
    0. 0. 5.75455884e-003 -8.48063282e-005 2.79954984e-004
    9.35318042e-003 1.01526588e-004 0. 4.64721676e-003 8.47795280e-004
    4.85555065e-004 0. 0. 0. 0. 4.08421009e-004 3.14482138e-003
    3.42775928e-003 0. 0. 0. 3.92323127e-003 2.49154004e-003
    1.57068321e-003 1.05004143e-002 0. 2.85234326e-003 0.
    -5.23549598e-003 7.88439706e-004 0. 5.67623647e-003 0.
    4.93337633e-004 -2.37455987e-003 0. 9.31308823e-005 -2.07634433e-003
    0. -2.34150648e-005 2.98608793e-003 8.69107607e-004 8.23938008e-003
    0. 3.50997131e-003 0. 0. 0. 3.07290768e-003 -7.87117751e-005 0.
    3.42395226e-003 0. -1.10275322e-003 0. 0. -5.52508805e-004 0. 0.
    1.96027718e-002 0. 0. 0. 0. 9.59358062e-004 0. 0. 0. 0. 0. 0.
    1.78053149e-003 0. -2.32012849e-003 0. 0. 0. 1.97010595e-004
    4.15277435e-003 -3.62970342e-004 -8.81557586e-004 0. 2.35585123e-003
    1.23877381e-003 3.02803353e-003 1.88386970e-004 0. 0.
    1.32194418e-003 0. 1.73814537e-003 8.46886449e-003 4.83882800e-003
    0. 0. 0. 4.15645260e-003 5.75300772e-003 0. 0. 0. 0. 3.82373086e-003
    0. 3.38462327e-004 1.30886389e-002 5.95550810e-004 6.38036290e-004
    0. 0. -9.61902042e-005 0. -3.96373885e-004 1.09734375e-003 0. 0. 0.
    2.83007650e-003 8.04631331e-004 0. 2.66038580e-003 2.29569408e-003
    -4.19199467e-004 0. 0. 0. 0. 0. 0. 0. 3.21548781e-003
    1.31803588e-003 -1.65866164e-003 4.20636119e-004 2.70153512e-004 0.
    0. 7.51035754e-004 -9.45215928e-004 1.03840709e-003 0. 0.
    -6.44288593e-005 2.11709039e-003 0. 0. 8.78518273e-004
    -5.98712650e-004 2.03501387e-003 1.02452291e-002 0. 1.20893179e-003
    0. 0. 5.50116040e-003 0. 1.17720047e-003 0. 0. 0. 0. 0.
    4.23012814e-003 0. 2.21515577e-002 0. -9.95077775e-004 0. 0.
    -3.28961178e-003 1.47305452e-003 1.70089270e-003 0. 0. 0.
    4.01621772e-004 0. 0. 0. 0. -3.51129675e-005 0. 0. 0. 0.
    3.78194568e-003 0. 0. 1.56343347e-004 0. 1.58219063e-003
    9.59640776e-004 0. 0. 4.45742114e-003 0. 0. 4.05065808e-003 0.
    9.31436778e-004 0. 2.29120997e-004 0. -7.98729365e-004 0.
    7.61537172e-004 0. 1.81869755e-003 0. 0. 0. 0. 4.53118817e-004
    4.06120345e-003 2.41792804e-004 0. 4.54214547e-004 0. 0. 0.
    1.23390288e-003 1.34939933e-003 0. 7.66596990e-003 7.34888890e-004
    0. 0. -2.06334371e-004 0. 0. 0. 0. 0. 0. 3.31762363e-003 0. 0. 0. 0.
    0. 1.54386042e-003 2.42903456e-003 0. 0. 0. 2.05637910e-003 0. 0. 0.
    7.68090086e-003 4.06897021e-003 0. 3.55041889e-003 0.
    1.04104411e-002 5.20664908e-004 0. 1.57650257e-003 5.88524272e-004
    0. 0. 2.58902926e-003 1.77755544e-003 0. 0. 9.73026908e-004
    1.42025494e-003 3.50824627e-003 3.15612275e-003 0. 0. 0. 0. 0. 0.
    2.53657717e-003 0. 0. 0. -8.38017877e-005 0. 1.56953849e-003 0. 0.
    0. 0. 1.92811259e-003 0. 0. 0. 2.08705943e-003 6.48495799e-004 0.
    3.96191317e-005 0. 3.37309088e-003 2.50444631e-003 0.
    -1.40067679e-003 0. 0. 1.30060106e-003 0. 8.15185020e-004 0.
    3.63438157e-003 0. 3.35828448e-003 0. 2.12673750e-003 0. 0.
    1.14922912e-003 0. 0. 0. 5.31864306e-003 3.34898577e-005 0.
    2.36027013e-003 1.79991534e-003 0. 0. 0. 0. 1.41936971e-003 0. 0.
    1.27865537e-003 0. 3.15685500e-003 0. 1.58704794e-003 0.
    3.76196252e-003 0. 0. 2.62911222e-003 0. 0. 0. 2.69265799e-003
    6.38917205e-004 0. -3.79141798e-004 1.82996475e-004 0.
    1.85297942e-003 1.24563661e-003 2.21801602e-005 0. 0. 0.
    3.99483019e-004 0. 1.28333354e-002 0. 2.65713083e-003 0. 0. 0. 0. 0.
    0. 0. -9.74994968e-004 0. 0. 0. 2.41707684e-003 1.13065867e-003 0.
    1.66042056e-003 0. 0. 4.31920547e-004 9.79427248e-004
    2.56764493e-003 1.16625561e-005 1.42544613e-003 0. 0.
    3.29639181e-003 0. 0. 1.56523322e-003 0. 0. 0. 0. 0.
    -2.01719697e-004 3.50736477e-003 2.69241794e-003 0. 3.88380256e-003
    5.38116205e-004 0. 1.31726470e-002 2.15512773e-004 -6.86638465e-004
    2.77652475e-003 0. 0. 1.62832683e-003 3.32840311e-004 0. 0.
    5.47414552e-003 1.72981108e-003 0. 4.62140189e-003 0. 0.
    1.58920081e-003 0. 0. 0. 1.28796173e-003 2.30351347e-003 0. 0.
    4.92174830e-003 1.06410042e-003 -6.06462308e-005 -1.95110764e-003
    2.32347799e-003 1.09791559e-004 4.73062927e-003 0. 3.00798495e-003
    0. 0. 0. 0. 1.54969201e-003 0. 9.24239226e-004 0. 3.37864651e-004
