<?xml version="1.0"?>
<opencv_storage>
<imageDescriptor type_id="opencv-matrix">
  <rows>1</rows>
  <cols>1000</cols>
  <dt>f</dt>
  <data>
    0. 0. 0. -1.94414009e-004 0. 1.46128016e-003 0. 0. -2.79389234e-004
    0. 0. 0. 0. 0. 0. 0. 0. 0. 0. 0. 0. 9.37985678e-005 -8.94644414e-004
    0. 0. 0. 0. 0. 3.13794869e-003 0. 1.21435942e-003 0. 0. 0. 0. 0.
    9.78203956e-004 0. -4.91475104e-004 2.13587447e-003 -1.61753385e-003
    0. 0. 5.77625213e-003 0. 3.85330408e-004 -4.32466011e-004
    2.66022026e-003 0. 0. 0. 1.84623350e-004 0. 5.04793739e-003 0. 0.
    1.39503088e-003 3.43946228e-003 0. 0. 0. 0. 1.85263588e-003
    4.97825164e-003 0. 0. 0. 0. 0. 7.88745994e-004 5.95806632e-004 0. 0.
    3.48559092e-003 0. 1.12711790e-003 0. 0. -1.39841647e-003 0. 0. 0.
    6.01368840e-004 0. 1.59794763e-002 5.88329160e-004 0.
    -2.15243810e-004 0. 4.29997128e-003 7.78805371e-003 1.03086350e-003
    1.11442683e-002 5.71212312e-003 0. 4.72015608e-003 3.03635169e-002
    4.29778313e-003 0. 3.07022687e-003 0. -1.67541672e-004 0. 0.
    3.30127939e-003 5.73320873e-003 0. -6.34536264e-004 0. 0.
    1.36457620e-005 0. 0. 0. 3.24677816e-003 0. 0. 4.22021560e-003 0.
    7.04107108e-003 0. 0. 6.18195627e-003 0. 0. 6.91015134e-003 0.
    5.96459839e-004 4.97665582e-003 1.79789914e-003 1.90321705e-003
    1.08571574e-002 0. 1.31353261e-002 0. 0. 0. 1.29058817e-003
    -2.47279904e-003 0. 3.99558863e-004 0. 0. 0. 1.37877499e-003
    9.98942181e-004 0. 0. 9.64315201e-004 2.67934753e-003
    8.11063219e-004 -3.12590884e-004 0. 3.82065284e-003 4.39352402e-003
    3.41194868e-003 0. 0. 0. 2.88734795e-003 6.29538903e-004 0. 0. 0.
    1.05599896e-003 0. -1.34868707e-004 0. 0. 0. 0. 5.67324506e-003 0.
    6.30289037e-003 4.11352701e-003 0. 0. 0. 0. 0. -6.12241798e-004 0.
    0. 3.46594723e-003 0. 0. 0. 1.26668008e-003 2.41256575e-003 0. 0. 0.
    -1.11852179e-003 1.30604359e-003 -5.54077735e-004 0. 0.
    8.33121652e-004 0. 6.34880969e-003 -1.13993429e-003 0. 0.
    -7.50510808e-005 2.97216902e-004 1.99279794e-003 1.20488834e-003 0.
    2.55643250e-003 0. 0. 5.16220229e-003 0. 0. 0. 0. 9.36660450e-004
    4.92011139e-004 2.53057480e-003 2.59395479e-003 -3.15889658e-004 0.
    -1.91208581e-003 0. -1.27748249e-003 0. 1.09998742e-003
    1.45887933e-003 0. 0. 1.27547851e-003 0. 5.55819552e-003 0.
    8.34744889e-003 0. 0. 0. 0. 0. 0. 0. 0. 4.44080727e-003 0.
    3.44567513e-003 0. 5.78805013e-003 0. 0. 0. 0. -2.24741083e-003
    1.20494573e-003 3.38976068e-004 0. 0. 0. 2.23555206e-003
    7.50905368e-004 0. 0. 9.23949468e-004 4.03781654e-003 0. 0. 0.
    2.13984662e-004 0. 0. 0. 4.02254402e-004 0. 5.31078363e-003 0. 0. 0.
    0. 3.19883088e-003 0. 7.51990767e-004 -1.05477637e-003
    2.29264447e-003 3.10520781e-003 6.75238727e-004 0. -9.03961598e-004
    0. 0. 1.10278546e-003 0. 1.54496096e-002 -3.10314208e-004 0. 0.
    5.60298096e-003 -6.18028920e-004 0. -6.75893622e-004 0. 0.
    4.61324264e-004 1.33689644e-003 1.33554731e-003 0. 1.84812013e-003
    0. 0. 9.10463510e-004 1.47156790e-003 0. 3.58511577e-003 0. 0. 0.
    1.07848772e-003 -9.58899836e-005 0. 0. 1.02600548e-002
    1.65379851e-003 4.14869748e-003 0. 2.46839155e-003 0.
    1.41928520e-003 7.23861565e-004 1.10359676e-003 1.87569705e-004 0.
    2.05957447e-003 0. 0. 9.01215171e-005 2.81223562e-003 0.
    -4.00748424e-004 -3.71206173e-004 0. 0. 0. 9.70555586e-004 0. 0.
    3.26694828e-003 0. 0. 2.63533765e-003 0. 0. 2.36869068e-003
    2.83998065e-002 2.57885410e-003 0. 0. 2.48135603e-003
    4.02409676e-003 0. -2.75613304e-004 2.68928567e-003 3.44497524e-003
    -8.19409091e-004 4.53737937e-003 2.60482915e-003 0. 0. 0.
    4.96437133e-004 0. -3.55507433e-003 0. 4.61192476e-003
    -3.38776226e-005 5.64795872e-003 2.00404203e-003 0. 2.96962867e-003
    2.21995823e-003 0. 7.42146466e-003 -6.21109095e-004 1.53616734e-003
    0. -7.77036790e-003 0. 0. 2.56738951e-003 0. 0. 0. 0.
    8.51130055e-004 0. 0. 2.73717777e-003 0. 1.54609839e-003 0.
    1.36861359e-004 0. 0. 1.53438176e-003 0. 0. 1.17665855e-003 0. 0. 0.
    0. 1.20761117e-003 0. 0. 0. 5.79196215e-003 0. 0. 6.71287300e-003 0.
    8.67931987e-004 0. 0. 2.74179131e-003 0. 2.84230663e-003 0.
    8.56105145e-003 -7.03961530e-004 3.87610868e-004 1.13369199e-003 0.
    3.95197095e-003 0. 4.28274972e-003 -1.63667020e-003 0.
    9.74278990e-003 1.48844114e-003 1.35570590e-003 0. 0. 0. 0.
    8.71667266e-003 0. 0. 0. 0. 1.98031383e-004 0. 0. 0. 1.33488299e-002
    0. 2.67680013e-003 7.76391069e-004 1.69234630e-003 0.
    1.28626620e-004 0. 0. 0. 3.45455972e-003 0. 2.05621426e-003 0.
    1.84998021e-003 3.25468229e-003 0. 0. 1.31674588e-003 0.
    3.03260982e-003 0. 0. 0. 0. 7.56104186e-004 0. 2.89071677e-003
    5.46765234e-003 1.12764444e-002 1.50501786e-003 3.25011299e-003 0.
    -8.48694108e-005 2.69288616e-003 0. 1.54441060e-003 2.46159639e-003
    -1.38775003e-003 0. 1.19963719e-003 0. 7.98571389e-003
    -2.19986920e-004 0. -4.86640231e-004 0. 0. 9.82909929e-004
    5.43701928e-004 0. 1.62456953e-003 0. 0. 0. 0. 0. 9.98594565e-004 0.
    1.14758906e-003 0. 0. 0. 6.29452197e-003 0. 0. -5.45359333e-004 0.
    5.20454254e-003 1.72010070e-004 0. 0. 2.11720727e-003 0. 0. 0. 0. 0.
    9.59795900e-003 4.23736637e-003 1.29500724e-004 0. 2.16584490e-003
    0. 4.10110410e-003 1.30422332e-003 -1.41033772e-004 0. 0. 0.
    5.16543724e-003 1.38363999e-003 0. 1.48202735e-003 0.
    6.73704897e-004 0. 0. 1.58746401e-003 -1.96411423e-002
    4.22431622e-003 -2.35983147e-003 7.07827276e-004 0. 1.67250598e-003
    8.53698701e-004 7.53482978e-004 1.82348036e-003 0. -7.80809612e-004
    0. 8.89293198e-003 1.06837577e-003 0. 0. 5.82764903e-003 0. 0. 0. 0.
    1.40692794e-003 0. 0. 0. 0. 0. 0. 0. 7.74464617e-003 0. 0.
    2.15641386e-003 -1.49514212e-003 0. 0. 0. 0. 7.48893945e-003 0. 0.
    2.47946731e-003 0. 0. 1.75464505e-004 1.84889394e-003
    3.16491816e-004 7.62052659e-004 0. 0. 1.66398400e-004
    4.33085195e-004 0. 4.67968290e-004 0. 3.94644495e-003 0. 0. 0. 0. 0.
    0. 0. 0. 0. 0. 0. 0. 0. 0. 2.00708909e-003 2.18815217e-003 0.
    6.46075059e-004 1.76883198e-003 0. 0. 9.71764035e-004 0.
    1.33917245e-004 0. 0. 0. 2.44254898e-003 0. 0. 2.00397358e-003
    -8.47032643e-004 3.68448178e-004 8.30703939e-004 0. 2.96220859e-003
    0. 3.52685247e-003 0. -1.13797014e-005 1.28638633e-002
    5.05297678e-004 0. 8.47264193e-003 3.04856803e-003 1.76436652e-003
    0. 8.71933225e-005 4.49521607e-003 0. 0. 4.77070082e-003
    -4.08960710e-004 0. 0. 6.02865312e-003 0. 0. 0. -1.42409132e-004
    -3.94077506e-003 2.55754357e-003 0. 1.61918136e-003 0. 0.
    2.07687239e-003 0. -7.29752501e-005 7.18105992e-004 0. 0. 0.
    7.39884702e-003 5.71129331e-003 0. 0. 0. 0. 0. 0. -6.41740626e-005
    0. 1.66926256e-004 1.14317704e-003 0. 0. 0. 0. 3.80386971e-003
    5.82767185e-003 0. 6.56653196e-004 3.49177601e-004 0. 0.
    -3.48075584e-004 0. 0. 0. 0. 0. 0. 0. 5.12864266e-004
    9.69973116e-005 0. 0. 5.09486441e-003 1.67594710e-003 0. 0. 0.
    1.29299203e-003 9.91649693e-004 0. 0. 4.05705883e-004
    -6.82254729e-004 0. 2.66561448e-003 5.41641191e-003 0. 0. 0. 0.
    9.20074759e-004 0. 0. 3.09266243e-003 5.66186476e-003 0. 0. 0. 0. 0.
    4.88988217e-003 0. 2.17469782e-003 4.11642669e-003 2.14404194e-003
    0. 0. 0. 0. 3.11473315e-003 0. -4.56627412e-003 0. 0. 0. 0. 0. 0. 0.
    0. 1.87242706e-003 0. 4.50343359e-003 7.14278640e-003
    1.27183059e-002 0. 0. 1.44423754e-003 0. 0. 2.01667845e-003
    -2.21119713e-004 6.61575294e-004 2.34385859e-003 0. 0.
    3.38891824e-003 0. 0. 2.67762435e-003 1.97940739e-003
    8.41376197e-004 0. 0. 1.88340689e-003 2.96434155e-003
    -4.08859109e-004 3.48224246e-004 6.52192859e-003 3.97005491e-003
    -4.04294161e-003 2.68352567e-003 0. 1.24037941e-003 0. 0. 0.
    2.53603468e-003 0. 1.80172466e-003 0. 0. 3.41403624e-003 0. 0.
    2.65046442e-003 0. 0. 2.51353136e-003 0. 0. 0. 1.67458982e-003 0.
    2.94621976e-004 0. 1.95551501e-003 -5.13101520e-004 0.
    6.05923822e-003 0. 0. 0. 0. 1.17918500e-003 1.17378531e-003 0.
