<?xml version="1.0"?>
<opencv_storage>
<imageDescriptor type_id="opencv-matrix">
  <rows>1</rows>
  <cols>1000</cols>
  <dt>f</dt>
  <data>
    0. 0. 1.53038546e-003 0. 0. 0. -2.94622499e-004 0. 0. 0. 0.
    4.33719950e-003 0. 0. 0. 0. 0. 0. 0. 0. 2.08582077e-003
    1.32482115e-003 0. 0. 6.09419774e-003 1.63584322e-004
    2.12275237e-003 0. 0. 0. 7.48781534e-003 0. 0. 5.54582709e-003 0. 0.
    0. 0. 0. 9.11320094e-003 -1.92073500e-003 0. 0. 5.77185582e-003 0.
    1.78892468e-003 5.47228032e-004 -4.43484809e-004 0. 0. 0. 0.
    1.24109886e-003 0. 0. 0. 0. 0. 0. 5.29307406e-004 0. 1.64514908e-003
    0. 0. 0. 7.06251012e-003 7.13442452e-004 0. -7.41772819e-005 0.
    1.20724835e-004 6.26918743e-004 0. 2.44248449e-003 3.39864893e-003
    -2.41780467e-003 4.03223280e-003 2.89019942e-003 3.91439116e-003
    1.62693195e-003 7.42544944e-004 0. 7.36338971e-003 0. 0. 0.
    7.52669526e-004 0. 0. 0. 2.49301130e-003 8.31063651e-003
    6.19843369e-003 3.55125580e-004 4.51381871e-004 1.05019659e-003 0.
    0. 0. 0. 0. 0. 0. 2.78759119e-003 -4.54991387e-004 0. 0. 0. 0. 0. 0.
    0. 0. 1.06898695e-003 6.18849508e-003 0. 0. 1.10889897e-002 0.
    9.31136403e-003 0. 1.98732875e-003 6.09071879e-003 0.
    3.72784026e-003 0. 7.44094374e-003 1.64381554e-003 0.
    1.11098988e-002 2.10787170e-003 0. 0. 2.06128042e-003 0. 0.
    3.21862171e-003 0. 0. 0. 0. 0. 0. 0. 0. 0. 0. 4.13069595e-003 0.
    6.69076433e-003 -1.69261440e-003 0. 0. 0. 1.18866120e-003 0.
    1.04910519e-003 5.22404269e-004 9.02584055e-004 0. 0. 0.
    2.43319105e-003 1.24053583e-002 0. 0. 0. 0. 0. 2.01393245e-003 0.
    -4.90031380e-004 0. 0. 1.22969842e-003 0. 0. 0. 0. 0.
    5.69518609e-003 -3.03321285e-004 0. 5.78121049e-003 0. 0.
    1.23835565e-003 6.05725858e-004 0. 0. 7.62701733e-004 0. 0.
    5.25167678e-003 0. 0. 0. -1.09813001e-003 1.76079606e-003 0. 0. 0.
    -3.09694186e-003 -1.80802366e-003 8.27688840e-004 4.84720711e-003 0.
    0. 0. 0. 6.49807649e-003 0. 3.08249611e-004 0. -1.77575435e-004 0.
    0. 5.90748107e-003 -8.46713141e-004 0. 0. 7.65040657e-003
    2.17853332e-004 0. 2.08358862e-003 0. 7.06124294e-004 0.
    2.71964062e-004 0. 1.89492304e-004 0. 0. 5.75061468e-003
    4.80041653e-003 5.47776544e-005 0. -2.75723305e-005 0. 0.
    1.62273529e-003 0. 5.53201698e-003 0. 0. 0. 0. 0. 6.25360105e-003
    5.79015003e-004 0. 0. 1.87475307e-004 8.04937968e-004
    2.49773869e-003 0. 0. 0. 0. 1.05521060e-003 8.43588728e-003 0.
    9.47327539e-003 2.58894172e-003 0. 0. 0. 0. 0. 0. 0. 1.12402195e-003
    0. 0. -1.20472326e-003 1.90105429e-003 0. 0. 0. 0. 0.
    1.22439815e-003 0. 0. 7.48859311e-004 0. -5.06510632e-003 0. 0. 0.
    6.51447554e-005 0. 5.99290337e-003 0. 0. 2.42866855e-003
    2.85223802e-003 1.09326988e-002 0. 0. 0. 0. 0. -8.49572185e-004
    1.36877361e-005 0. 0. 0. 0. -3.83686565e-004 6.23539090e-005 0. 0.
    0. 0. 2.49406509e-003 0. 0. 0. 7.84821715e-003 0. 0. 2.12705368e-003
    0. 2.57095904e-003 -1.24413718e-003 5.09859202e-003 0.
    3.55782500e-003 0. 0. 0. 0. 0. 0. 0. 1.50070118e-003
    -5.80671825e-004 0. 0. -6.79021643e-004 0. 2.17575347e-003 0. 0. 0.
    0. 2.79817556e-004 0. 2.13029422e-003 1.23836065e-003
    3.97621933e-003 1.17680430e-003 0. 0. 0. 4.70604282e-005
    6.60918839e-003 0. -1.46016479e-003 0. 0. 0. 9.93950665e-003 0.
    8.90401471e-003 -7.94855994e-004 0. 5.43784769e-003 0. 0. 0. 0.
    9.38897429e-004 1.32275664e-003 0. -1.35234487e-003 4.65970625e-005
    3.03688250e-003 3.68975825e-003 0. 1.22027136e-002 5.74536854e-003
    0. 6.41698309e-004 0. 0. 0. 0. 9.50838160e-003 1.94488757e-003 0.
    -5.44305658e-004 0. 6.87827589e-003 1.46002672e-003 0. 0.
    -4.17005853e-004 0. 0. 0. 7.24044675e-003 0. 0. 0. 0. 0. 0. 0.
    5.00664255e-003 0. 9.58571327e-004 0. 3.04358779e-004 0.
    4.28150222e-003 1.64071750e-002 5.31110866e-003 0. 0. 0.
    1.42557835e-002 -9.67668777e-004 0. 2.54226825e-003 1.05477287e-003
    1.12751070e-002 2.43987190e-003 0. 0. 0. 0. 1.93213660e-003
    1.03826765e-002 0. 0. 0. 0. 0. 1.24495255e-003 -1.31104153e-003 0.
    0. 5.45172952e-003 4.95371316e-003 2.02906295e-003 0. 0. 0. 0. 0.
    4.68938053e-003 -6.41732049e-006 0. 0. 0. 0. 0. 0. 0. 0.
    2.72821146e-003 0. 0. 4.25629970e-003 0. 1.58686156e-003 0.
    1.01178675e-003 0. 0. -8.36517313e-004 3.41592287e-003
    3.20570450e-003 1.74088292e-002 0. 3.60759615e-004 0. 0. 0.
    1.92376808e-003 0. 0. 0. 1.83561293e-003 0. 5.74001577e-004 0. 0. 0.
    3.92825389e-003 -3.56024131e-004 0. 0. 1.17064808e-002
    6.59021956e-004 0. 0. 2.93014161e-002 0. 0. 0. 3.42345447e-003 0.
    3.96094797e-003 0. 0. 5.80154080e-003 0. 9.72264970e-004
    -2.66409857e-004 0. 0. 8.30113143e-003 0. 0. 1.12666551e-003
    -8.59244246e-005 0. 1.52022822e-003 0. -6.25308312e-004 0. 0. 0.
    -1.11671328e-003 2.64320453e-003 0. 2.25375104e-003 6.19039079e-003
    9.21042869e-004 0. -3.13062366e-004 2.77246395e-003 0.
    3.53326526e-004 3.04816221e-003 2.97619286e-003 3.13010835e-003 0.
    3.47317633e-004 -2.60002707e-004 0. 0. 1.29434327e-003 0. 0.
    -2.83515058e-003 2.27633631e-003 1.50883140e-003 2.62533408e-003
    2.22123018e-003 3.82088544e-003 5.75145101e-003 0. 0. 0.
    9.17456637e-004 2.23168475e-003 0. 0. -3.99244810e-003
    3.08626727e-003 7.74079468e-003 0. 2.85695656e-003 6.29437203e-003
    0. 0. 0. 0. 0. 0. 0. 0. 0. 0. 0. 9.38475039e-003 2.37426977e-003
    5.68215176e-003 -2.92061223e-003 0. 0. 0. 0. 0. 0. 0. 0.
    -1.17101113e-003 0. 1.91997946e-003 -2.33742828e-003 0. 0. 0. 0. 0.
    2.05409573e-003 0. 0. -4.86177532e-003 0. 4.99835052e-003 0. 0. 0.
    0. 0. 4.56429692e-003 0. 0. 0. 0. 0. 2.11113552e-003 0. 0. 0. 0. 0.
    0. 2.45654839e-003 0. 3.97834607e-004 0. 0. 0. 0. 0. 0.
    2.71625980e-003 1.08741107e-003 9.04093497e-004 -2.66686361e-003
    1.18132669e-003 0. 0. 0. 0. 0. 0. 0. 5.70326019e-003 0.
    1.94625231e-003 0. 0. 5.90899959e-004 0. 1.51156774e-003 0. 0. 0. 0.
    4.64710727e-004 0. 0. 1.80571794e-003 0. 0. 2.96702329e-003
    8.51355959e-003 0. -7.65582954e-004 0. 0. -1.00293127e-003 0. 0. 0.
    -1.51519605e-003 0. 0. 1.62809214e-003 0. 0. 3.27919354e-003 0. 0.
    0. 0. 0. 0. 0. -2.09527934e-005 1.13533428e-002 -1.47051498e-004 0.
    0. 1.18509529e-003 0. 0. 1.44890556e-003 0. 0. 0. 0. 0.
    2.87752948e-003 0. 0. 2.75886641e-003 0. 0. 0. 0. 0. 0.
    1.99349294e-003 0. 0. 8.92218202e-003 0. 1.55283220e-003
    3.00515513e-003 0. 2.56644737e-004 0. 1.15791417e-003 0. 0. 0. 0.
    5.67844976e-003 0. 0. 0. 3.14825936e-003 1.81802840e-003 0. 0. 0.
    5.89741452e-004 0. 0. 0. 3.40920547e-003 0. -1.14950200e-003
    -1.22749992e-003 6.70897821e-003 2.54100468e-003 2.17379071e-003 0.
    -2.02873183e-004 0. 1.60465110e-002 0. 0. 0. 0. 0. 0. 0. 0.
    -1.66130462e-003 7.00752810e-003 0. 0. 0. 0. 0. 0. 1.95094108e-004
    0. 2.23545637e-003 2.92106008e-004 5.32988133e-003 0. 0. 0. 0. 0.
    6.91734208e-003 0. 0. 0. 0. 9.05412948e-004 0. 0. 0. 0. 0.
    8.80936813e-003 0. 0. 0. 0. 0. 0. 0. 2.78264680e-003 0. 0. 0. 0.
    4.62641381e-003 2.83065345e-003 5.03180549e-004 0. 0. 0. 0. 0. 0.
    9.96737741e-004 0. 0. 0. 0. 0. 9.48664732e-004 0. 0. 0. 0. 0. 0. 0.
    2.61903880e-003 0. 0. 1.46630965e-003 -1.24950649e-003
    3.27892881e-003 0. 0. 0. -8.95081466e-005 0. 0. 0. 0. 0. 0. 0. 0. 0.
    4.55297437e-003 0. 0. 2.61611259e-003 0. 1.23274839e-003 0. 0.
    -9.16165125e-004 4.87618148e-003 2.77667097e-003 0. -2.20630504e-003
    0. 5.03369549e-004 1.19040813e-003 -8.50021388e-005 0.
    7.09357380e-004 0. 2.59933458e-003 1.56827050e-003 0. 0. 0. 0.
    4.55329102e-003 0. 0. 0. 0. 0. 1.51897303e-003 0. 0. 0. 0. 0. 0. 0.
    1.28271279e-003 0. 1.70598906e-002 0. 0. 0. 0. 3.83477169e-003 0. 0.
    0. 0. -1.36243424e-003 0. 0. 0. 0. 0. 0. 0. 0. 0. 0. 1.31288590e-003
    0. 5.31538099e-004 0. 5.02610859e-003 0. 1.55799463e-003 0. 0. 0. 0.
    0. 9.89099266e-004 0. 0. 7.18528900e-005 0. 0. 0. 0. 0. 0. 0. 0. 0.
    0. 0. 0. 2.64902203e-003 6.92497706e-003 0. 0. 0. 0. 0.
    2.25392083e-004 5.50488126e-004 2.49728165e-003 0. 2.55944976e-003
