<?xml version="1.0"?>
<opencv_storage>
<imageDescriptor type_id="opencv-matrix">
  <rows>1</rows>
  <cols>1000</cols>
  <dt>f</dt>
  <data>
    0. 5.43512078e-003 4.95578686e-004 0. 0. 2.90832296e-003 0. 0. 0. 0.
    0. 4.41760197e-003 0. 7.76851038e-003 -1.07556698e-003 0.
    6.92840759e-003 0. 0. 0. 1.78557262e-003 4.18239040e-003 0. 0.
    -6.32833515e-004 1.03153568e-002 1.16271258e-003 0. 1.16984011e-003
    -1.15476968e-003 0. 0. 0. 0. 0. 8.34272359e-005 0. 0. 0.
    2.63292459e-003 7.72399269e-003 0. 0. 1.34066986e-002
    5.44001057e-004 2.26564868e-003 1.41326978e-003 0. 3.05436715e-003
    4.75315191e-003 0. -5.18142420e-004 0. 9.81927617e-004
    1.99627061e-003 1.21190411e-003 0. 0. 0. 0. 0. 2.80615757e-003 0.
    1.86319463e-003 1.88109523e-003 0. -8.99212318e-004 0.
    1.49191846e-003 0. 0. 0. 1.04926503e-003 0. 5.31086838e-003 0.
    2.16726633e-003 0. 0. -7.51412706e-004 0. 9.12140240e-004 0.
    4.85763419e-003 1.34817266e-003 0. 0. 1.55818369e-003
    3.89077497e-004 0. 6.01719075e-004 5.89335663e-003 4.99411300e-003
    1.52450672e-003 5.08879637e-003 -7.70053593e-004 -5.01715951e-003
    3.51626426e-003 0. -1.40714180e-003 0. 5.94488857e-003 0.
    2.09659198e-003 0. 5.62975532e-004 0. 0. 0. 6.29603048e-004 0. 0. 0.
    0. 1.78280508e-003 0. 0. 8.10412224e-003 0. 0. 4.44450043e-003 0.
    3.22829792e-003 0. 1.87609880e-003 0. 4.27898858e-003 0. 0.
    -3.31799645e-004 0. 0. 0. 3.00041307e-003 0. -9.59197292e-004
    3.51611315e-003 5.04739396e-003 8.79030116e-003 0. 0.
    1.67463382e-003 0. 0. 0. -6.72355469e-004 0. 1.05214287e-002 0. 0.
    -6.00576575e-004 0. 0. 2.75179627e-004 0. 0. 0. 6.01732208e-005
    3.79078602e-003 0. 0. 9.47624270e-004 4.97130398e-003
    4.56558820e-003 0. 0. 0. 0. 0. 3.56450654e-003 1.72221020e-003 0. 0.
    0. 3.28841474e-004 2.89516617e-003 0. 1.69765961e-003 0. 0.
    4.94494103e-003 0. 0. 5.84366126e-003 0. 0. 0. 0. 0. 0. 0. 0.
    3.02796229e-003 3.74038634e-003 0. 0. 0. 0. 0. 0. 0. 0.
    2.02295603e-003 0. -1.07049884e-003 -4.04430600e-003 0. 0.
    1.84148701e-003 0. 9.40225204e-004 3.39825172e-003 0.
    1.80228404e-003 0. 0. 0. 1.28791146e-002 -1.66804111e-003
    1.88023923e-003 6.62425254e-003 0. 0. 0. 0. 0. 0. 3.47408978e-003
    1.16192771e-003 0. 7.09108729e-003 0. 0. 0. 5.86651266e-003
    1.70612987e-003 0. 1.55785459e-003 0. 0. 5.52719785e-003 0. 0.
    6.40929816e-003 0. 0. 0. -7.12336332e-004 -2.33998569e-003 0.
    3.30000487e-003 5.14847413e-003 8.64157546e-003 0. 4.54563275e-003
    0. 0. 3.18375602e-003 1.16891470e-002 0. 0. 8.13281047e-004
    -1.13693974e-003 0. 0. 0. 0. 1.55037385e-003 0. 0. 0. 0.
    -6.71638176e-004 1.36532646e-004 1.36136613e-003 4.37615294e-004 0.
    0. 0. 0. 1.97087182e-003 6.00833911e-003 0. 2.61504611e-004
    9.39973537e-003 0. 3.20500432e-004 2.19872873e-003 0.
    6.97811274e-003 0. 0. 0. 0. 6.17731176e-003 6.43574120e-003 0.
    6.87141716e-003 1.22134792e-004 0. 0. 0. 5.27298264e-003
    2.73852074e-003 2.92393309e-003 0. 2.22289818e-003 0. 0. 0.
    -4.61721886e-003 5.50624682e-003 0. 1.08152768e-003 5.19422989e-004
    0. 0. 4.46910039e-004 0. 9.11244471e-003 2.17474368e-003 0. 0.
    -1.82965235e-003 0. 0. 0. 0. 6.19049184e-003 0. 0. 2.10073590e-003
    0. 0. -9.05869165e-005 0. -3.32068215e-004 0. 0. 0. -9.11813520e-004
    4.47143801e-003 0. 0. 3.39661422e-003 0. 0. 0. 0. 0. 0.
    5.13156457e-003 8.52353289e-004 -6.03888941e-004 0. 0.
    4.33909195e-003 7.34118093e-003 7.93541502e-003 0. 0. 0. 0. 0. 0. 0.
    0. 6.04430307e-003 0. 0. 0. 0. 0. 2.74088117e-004 2.50358041e-003 0.
    0. 0. 0. 2.03494611e-003 0. 1.84368459e-003 0. 0. 0. 0. 0. 0. 0. 0.
    1.39457053e-002 0. 1.48143796e-002 4.47378401e-003 0.
    1.05807539e-002 1.32602511e-003 0. 0. 0. 0. 1.21956924e-003
    7.99487520e-004 4.70772525e-003 0. -9.72662179e-004 0.
    1.23749743e-003 1.68564217e-003 0. 0. 1.73857983e-003
    2.70751002e-003 0. 0. 0. 0. 5.41462610e-003 5.55410236e-003 0. 0. 0.
    1.74191082e-003 0. 0. -5.05733533e-006 2.31553894e-003
    1.39160326e-003 -1.79591228e-003 0. 0. 1.75564585e-003
    6.96833339e-003 -3.22804233e-004 0. 2.03158683e-003 0. 0. 0.
    1.21445803e-003 4.18413570e-003 1.69002276e-003 0. 7.11517641e-003
    0. 4.49836254e-003 0. 0. 1.80802098e-003 0. 0. 0. 0.
    -1.75927882e-004 0. -3.40764556e-004 0. 3.89319332e-003
    -3.11115982e-005 0. 0. 0. 0. 0. -1.14699686e-003 3.76402447e-003 0.
    0. 0. 0. 0. 1.61503407e-003 0. 0. 0. 0. 0. 0. 0. 0. 0.
    3.80530208e-003 1.21637608e-003 0. -2.37969682e-003 0. 0. 0. 0. 0.
    0. 5.46416908e-004 0. 1.54302164e-003 1.50483428e-003
    5.19089459e-004 5.02479635e-003 0. 4.99159738e-004 0. 0.
    2.65211239e-003 0. 0. 0. 0. 0. 0. 1.89498428e-003 0. 0.
    -3.21436964e-004 0. 0. 8.87834583e-004 0. 0. 1.85304624e-003
    5.88617427e-003 0. 0. 1.25442690e-003 2.84718862e-003 0. 0. 0. 0.
    -9.42892730e-005 7.27591338e-004 1.97721180e-003 4.02576057e-003
    1.94620825e-002 1.74279325e-003 0. 5.37186395e-004 1.34393771e-003
    -1.74688362e-003 0. 1.71268370e-003 2.78235669e-003 0. 0. 0.
    5.55488234e-003 9.16100325e-005 0. 3.75802768e-003 7.01114023e-003
    5.37484484e-005 0. 6.26686437e-004 -1.14915299e-003 0.
    1.91683020e-003 0. 0. 0. 0. 1.62875175e-003 0. 8.46796669e-003
    5.10808267e-003 0. 2.87692482e-003 5.81488712e-004 0. 0. 0. 0.
    8.11679929e-004 0. 0. 3.68300593e-003 0. 0. 0. 0. 0. 0.
    3.20049236e-003 0. 0. 2.03582516e-004 6.00252824e-004 0.
    7.18112977e-004 -7.94393782e-005 0. 2.75391061e-003 6.35472592e-003
    1.50746098e-004 8.69006559e-004 0. 4.39962279e-003 0. 0. 0. 0. 0. 0.
    4.12544515e-003 0. 0. -2.17242190e-003 0. 0. 0. 1.19267209e-002 0.
    0. 0. 0. 0. 0. 0. 0. 0. 0. 0. 0. 0. 0. 0. -5.82710374e-004
    5.89904701e-003 0. 0. 0. 0. 4.60764952e-003 0. 0. 0. 7.63213215e-003
    0. 6.61948510e-003 2.19353847e-003 0. 0. 9.02927946e-003 0. 0. 0. 0.
    2.58907932e-003 0. 5.42148156e-003 3.79067322e-004 0. 0. 0. 0. 0.
    -3.13229626e-004 2.19242205e-003 0. 1.24552730e-003 1.05570359e-002
    0. 0. 0. 0. 0. 0. 0. 2.45852489e-003 -3.03895981e-003 0.
    3.80904274e-003 0. 0. 1.53133587e-003 0. -1.13557733e-003
    9.62018385e-004 0. 3.42366897e-004 1.60383852e-003 0.
    -3.50991031e-004 8.84534791e-003 5.71113545e-004 1.93208002e-003 0.
    1.29621592e-003 0. 0. 7.31631531e-004 0. 0. 0. 0. 0. 0. 0.
    6.75654519e-005 0. 1.93496828e-003 0. 0. 0. 0. 0. 0. 1.92487380e-003
    0. 0. 4.50026535e-004 0. 0. 0. 2.01829430e-003 0. 0.
    -2.60669342e-003 0. -1.28757826e-003 1.98769616e-003 0. 0.
    2.58956524e-003 0. 0. 0. 7.37019954e-003 0. 0. 0. 0. 0.
    1.91405401e-004 0. 0. 0. 0. 0. 1.23710465e-003 0. 1.91850157e-003 0.
    0. 2.53830361e-003 5.85104898e-003 1.26280962e-003 0.
    2.04033055e-003 2.02105381e-003 0. 0. -1.71014733e-004 0.
    6.62002014e-004 0. -1.60762705e-004 0. 8.56107101e-004 0. 0. 0.
    4.65344172e-003 5.99024526e-004 0. 9.65458574e-004 0. 0.
    6.92579942e-003 4.72413376e-003 0. -2.40223855e-003 0. 0. 0. 0. 0.
    0. 0. 2.47902446e-003 0. 0. 0. 0. 0. 0. 0. 0. 0. 2.72828038e-003 0.
    1.33469386e-003 -4.42565157e-004 0. 4.16778168e-003 0. 0. 0.
    -7.06293504e-004 0. 0. 1.57041440e-003 9.54404939e-003 0. 0.
    2.07169913e-004 0. 8.35566607e-005 1.23758684e-004 0.
    2.76536378e-003 0. 7.18793715e-004 0. 0. 0. 0. 0. 0.
    -1.19195065e-004 1.27076241e-003 0. 0. 1.62103074e-003
    3.43816332e-003 1.21261540e-003 2.07509869e-003 0. 1.86805264e-003
    0. 1.17671548e-003 3.03402380e-003 0. 0. 4.96554049e-003 0. 0. 0. 0.
    1.81736134e-003 1.52306142e-003 0. 0. 0. 2.25603161e-003 0. 0.
    3.31110961e-004 2.39959219e-003 5.07719954e-003 5.39141987e-003 0.
    0. 1.73957378e-003 7.17582705e-004 8.30487069e-003 0.
    8.66349554e-004 0. 2.04668241e-003 2.04612617e-003 0. 0.
    6.01441693e-003 0. 0. 3.21433740e-003 0. -7.60412833e-004
    4.12145909e-003 1.22330035e-003 1.64439483e-003 0. 1.11150090e-003
    6.55601034e-003 0. 0. 0. 0. 1.75691058e-003 0. 0. 0. 0.
    7.54335662e-004 0. 0. 0. 0. 0. 0. 0. 0. 0. 0. 0. 0. 0.
