<?xml version="1.0"?>
<opencv_storage>
<imageDescriptor type_id="opencv-matrix">
  <rows>1</rows>
  <cols>1000</cols>
  <dt>f</dt>
  <data>
    1.53538000e-004 0. 0. 0. 3.98100447e-003 3.97938071e-003
    2.64234282e-003 3.82592407e-004 1.04842649e-003 0. 0.
    4.16715257e-003 0. 0. 0. 0. 0. 0. 2.86697503e-003 7.53760338e-004
    4.80169524e-003 0. -1.82863776e-004 3.90272820e-003 0. 0. 0. 0. 0.
    0. 0. 1.51123328e-003 1.62253366e-003 9.85166553e-005 0.
    4.16699890e-003 7.04886951e-003 0. 0. 0. 0. 2.24540313e-003
    2.31183507e-003 5.75956888e-004 0. 0. 0. 0. 1.20747997e-003 0.
    2.98525882e-003 1.48882705e-003 9.41178820e-004 0. -3.79122910e-004
    8.89558651e-005 2.71525001e-003 0. -1.16160714e-004 0.
    4.01984528e-003 -1.04520866e-003 1.34569663e-003 -2.07135244e-003
    1.32362964e-003 -2.03891323e-004 -1.65356440e-004 0. 0. 0.
    -1.43756380e-003 2.21943832e-003 3.95245763e-004 0. 4.52655833e-003
    8.80559091e-004 0. -8.19536508e-004 0. 2.03915100e-004
    3.51825240e-003 0. 1.15510507e-003 0. -2.06347043e-003 0.
    -6.98316202e-004 -1.39627417e-004 0. -3.37067922e-006
    3.79779172e-004 7.79531244e-003 0. 0. -1.70573607e-004
    -6.16960169e-004 1.18572696e-003 8.23963527e-003 4.89918573e-004
    3.70925083e-003 4.27996833e-003 2.06938782e-003 1.59390667e-003
    1.56081602e-004 -5.55381470e-004 0. 0. 2.50273314e-003 0.
    -7.10206223e-004 0. 0. 0. 2.21235468e-003 0. 1.72405271e-003
    8.33363039e-004 0. 1.84834469e-003 0. 7.72402491e-005
    3.57156130e-003 0. 0. 8.35515209e-004 5.94450207e-003 0. 0.
    4.65415046e-003 0. 0. 0. 0. 0. -3.51911847e-004 2.88706855e-003 0.
    4.85676486e-004 5.07225003e-003 0. 3.03304847e-003 1.35977508e-003
    3.91664129e-004 0. 1.99297257e-003 2.29229406e-003 0.
    3.70108383e-003 9.67951119e-003 0. 0. 0. 0. 0. 1.16542471e-003 0.
    -5.17256209e-004 6.27741311e-003 4.51908680e-004 1.76829763e-003
    4.50413534e-003 7.66078767e-004 1.77125575e-003 1.28019834e-003 0.
    5.59560815e-003 0. 0. 0. 7.65067525e-003 9.78242257e-004
    -2.52905680e-004 0. 2.10249517e-003 0. 5.89885283e-003 0.
    -1.10518734e-003 0. -1.45246711e-004 3.10958619e-003 5.38328709e-003
    -7.90799735e-004 0. 0. 4.05303901e-003 -3.39401508e-004 0.
    5.82635868e-003 0. 0. 0. 0. 0. 2.11924268e-003 0. 1.97621295e-003
    2.10735644e-003 -6.59951533e-004 -1.50930675e-004 4.35999781e-003
    4.62491676e-004 5.67015400e-003 6.30381843e-003 0. 1.41865946e-003
    1.97287323e-003 4.65707667e-003 0. 1.53019233e-003 0. 0. 0.
    1.52906345e-003 0. 0. -9.33454256e-004 0. 1.12039887e-003
    -1.08590280e-003 0. 0. 6.72628032e-003 2.82056886e-003
    -5.14161249e-004 1.30147353e-004 1.55088340e-003 -4.42291021e-005 0.
    0. 0. 0. 0. 1.58036523e-003 0. 0. 0. 0. 5.88425295e-003
    8.28863005e-004 0. 8.76305741e-004 0. 0. -1.60045194e-004
    -8.33591737e-004 2.02426873e-003 0. 1.84349231e-002 4.10061469e-003
    1.30378903e-004 -4.08869266e-004 1.57830957e-003 -4.43438854e-004 0.
    1.62943685e-003 0. 0. 0. 2.56677886e-004 4.76417510e-004
    1.96799170e-003 1.44093332e-003 0. 0. 1.49374723e-003
    1.31803041e-003 6.99943630e-003 0. 5.54926810e-004 0. 0. 0.
    7.32168672e-004 0. 0. 2.45267153e-003 0. 0. 6.66325577e-005 0.
    9.21494560e-004 0. 0. 0. 0. 1.15571299e-003 0. 2.28930172e-003
    -2.74384348e-003 -8.83957662e-004 4.80726734e-003 8.55721626e-003 0.
    5.58779393e-005 0. 8.10587662e-004 0. 2.23584636e-003 0.
    -1.65051024e-004 -1.17484124e-004 2.84912251e-003 -2.78453983e-004
    0. 0. 0. 0. 6.09680731e-003 0. 0. 0. 9.30794701e-003 0.
    6.34881388e-003 0. 0. -1.89250254e-003 0. 0. 2.14032386e-003 0.
    8.97103397e-004 0. 1.18196988e-003 -1.21432741e-003 0.
    1.68368069e-003 0. 1.04025390e-003 1.05179835e-003 1.29572372e-003
    8.04390467e-004 2.29881858e-004 -2.00398354e-005 1.80797550e-004
    2.36360182e-004 4.20874567e-004 1.00792842e-002 8.29550438e-003
    8.81659333e-004 0. 0. 0. 2.52507953e-003 0. 8.09973513e-004 0. 0.
    5.45240892e-003 0. 5.03825815e-003 0. -8.91828968e-004
    -1.84662582e-004 0. 2.40019197e-003 6.10174239e-003 1.93497760e-003
    1.41202530e-003 0. 3.40223312e-003 2.19177757e-003 0. 0. 0. 0.
    -1.19589921e-003 0. 3.98142636e-003 0. 0. 2.10223696e-003
    7.67567661e-003 -8.38769425e-004 0. 5.62309381e-003 1.54596556e-003
    2.27423804e-003 3.56013596e-004 2.21638358e-003 0. 1.22004875e-003
    3.07691447e-003 0. 6.66432315e-004 1.43025618e-003 0. 0. 0.
    5.56331035e-003 6.26162975e-004 0. 0. 3.71840026e-004 0.
    3.37389833e-003 0. 1.52309216e-003 6.08016038e-003 2.13646772e-003
    -2.49216473e-003 9.47199762e-004 6.81239599e-003 0. 4.59263753e-003
    0. 5.80193102e-003 1.52172276e-003 4.58307826e-004 -4.82355972e-004
    0. 0. 9.84076294e-004 3.78033641e-004 0. 0. 0. 0. 0. 1.06674313e-004
    1.59689307e-003 0. 6.94719469e-003 0. -3.61175713e-004
    -5.13574996e-005 0. 1.08385552e-003 -4.23150370e-004 0. 0. 0.
    6.60220627e-003 1.22443810e-002 0. -5.94331999e-004 3.68225551e-003
    3.28377169e-003 0. 0. 0. -7.96613807e-004 4.17430303e-004 0. 0. 0.
    0. 0. 0. -8.29938508e-005 2.24554166e-003 -2.24140240e-003 0. 0. 0.
    0. 1.64547015e-003 0. 0. 0. 3.10548698e-004 9.87374340e-004 0.
    -1.26327883e-004 4.51111846e-004 3.92435025e-003 -1.87456771e-003 0.
    0. 0. 5.04491897e-003 -2.57612381e-004 0. 0. 0. -4.56453860e-003 0.
    1.66909676e-003 0. 0. 1.15689333e-003 0. 0. 0. 1.04118010e-003
    3.01548480e-005 5.26564615e-003 0. 4.64582071e-003 1.22995384e-003
    0. 1.02348661e-003 0. 0. 0. 0. 0. 1.17820303e-003 1.54309929e-003 0.
    0. -1.02403376e-003 0. 0. 7.29203783e-003 0. 1.76199450e-004
    -3.63011350e-004 0. 2.07232405e-003 2.36793654e-003 -1.79727760e-003
    0. 5.94572769e-003 -1.89410371e-003 6.30735885e-004 0. 0.
    1.28699944e-003 0. -8.11647566e-004 0. 0. 4.50660591e-004
    3.72805237e-003 0. 0. 2.17598092e-004 0. 0. 0. 4.43151267e-003 0.
    2.22581136e-003 2.85187925e-005 0. 5.87898947e-004 4.90522524e-003
    0. 0. 0. 0. 0. 1.57377438e-003 -5.34963969e-004 3.67596187e-003 0.
    1.17628917e-003 1.99810416e-003 -3.83607185e-005 0. 0. 0. 0. 0.
    1.44189387e-003 0. -1.38432777e-003 0. 1.38759951e-003 0. 0.
    1.05850247e-003 3.31767369e-003 1.72580767e-003 0. 0. 0. 0. 0.
    8.04845593e-004 1.63004249e-002 0. 3.41998057e-005 6.41666027e-003
    -2.32778443e-003 4.55708615e-003 0. 0. 1.72329729e-003 0.
    5.21428930e-003 1.84523372e-003 -1.51069590e-003 1.08354362e-002 0.
    0. 0. 1.73704175e-004 -1.13699229e-004 0. 0. 0. 2.80117820e-004 0.
    0. 0. 2.14573229e-003 4.80314577e-003 5.42721665e-003
    2.19890871e-003 8.15238047e-004 0. 5.30985463e-003 0.
    9.71902264e-005 4.06001927e-003 1.17468378e-002 0. 0.
    2.57506072e-005 0. 1.12540356e-003 0. 6.92727510e-004
    2.18381244e-003 0. 6.44867774e-003 0. 0. 3.67718027e-003
    6.37618732e-003 0. 7.71154184e-003 6.81596575e-004 0.
    1.09754829e-003 -9.90333268e-004 -7.65980862e-004 2.09525879e-003
    7.71772582e-003 0. 0. 3.44380178e-003 9.67892644e-004
    3.35244182e-003 8.35039467e-003 0. 1.83741434e-003 6.66246191e-003
    0. 8.28008691e-004 0. 8.69661570e-003 0. 0. 0. 0. 0. 0. 0. 0.
    -2.08874000e-004 0. 7.67496601e-003 0. 2.36458285e-003
    -5.33444458e-004 0. 0. 6.10297662e-004 3.36067053e-003 0.
    -1.60613068e-004 2.03480339e-003 0. 0. 0. 3.51024471e-004 0.
    8.47423798e-004 1.11127633e-003 1.60551944e-003 0. 0. 0. 0. 0. 0.
    1.54700398e-003 0. 0. 0. 0. 6.14192628e-004 -1.23448437e-003 0. 0.
    0. 0. 0. 0. 0. 0. 0. 9.09059774e-004 7.07832223e-004 0.
    -2.70264340e-004 1.05078012e-004 1.63060951e-003 0. 0.
    -7.96824679e-005 0. 0. 1.23605446e-003 8.77414772e-004 0. 0.
    1.34915358e-003 3.70490947e-003 0. 0. 0. 0. 0. 0. 0. 0. 0. 0.
    2.10872837e-004 1.07539492e-003 0. 2.61055236e-003 0. 0.
    1.57085387e-003 0. 0. 0. 1.05683343e-003 0. 0. 0. 6.62524835e-004
    2.33151438e-003 0. 0. 0. 0. 0. 0. 0. 3.30334366e-003 0.
    2.90427008e-003 2.41764542e-003 6.30085729e-003 0. -1.20054604e-003
    2.46467977e-003 0. 0. 3.92634980e-003 1.87895377e-003
