<?xml version="1.0"?>
<opencv_storage>
<imageDescriptor type_id="opencv-matrix">
  <rows>1</rows>
  <cols>1000</cols>
  <dt>f</dt>
  <data>
    6.98837964e-003 0. 1.59193925e-003 0. 4.51412750e-003 0. 0. 0.
    -1.49579067e-003 0. 5.67324227e-004 3.86477867e-003 0. 0. 0. 0.
    1.47001108e-003 6.10514078e-003 0. 0. 1.33304624e-003
    3.37330438e-003 0. 0. -5.74696242e-005 0. 0. 2.15441338e-003 0. 0.
    0. 0. 8.08462268e-004 1.00982431e-002 4.70464758e-004
    5.86638809e-004 7.33879115e-003 0. 0. 1.07386964e-003 0.
    1.90372590e-003 4.06052126e-003 -1.68471003e-003 2.07488355e-003
    4.10001120e-003 2.75626150e-003 -9.12390533e-005 0. 0.
    1.43948698e-003 0. 0. 3.60429782e-004 0. 9.08931019e-004 0.
    3.50556523e-003 0. 0. 4.39761253e-003 0. 3.59873120e-005 0. 0. 0.
    -1.30823901e-004 0. 0. 9.12542106e-004 3.81741265e-004
    1.66088541e-003 1.42065226e-003 5.53010032e-003 5.32098929e-004
    3.74697917e-003 0. 0. 0. 0. 0. 0. 4.05314844e-003 3.41633335e-004 0.
    0. 2.14182260e-003 3.71095235e-003 0. 9.55538452e-003
    7.15950096e-004 4.34017013e-004 8.33526254e-003 0. -4.66511614e-004
    0. 0. 6.74547919e-004 0. 2.60690600e-003 0. 2.67078052e-003 0. 0.
    7.50518963e-003 0. 0. 6.77365204e-003 0. 5.56270406e-003
    4.18821024e-003 0. -5.18701621e-004 1.05743541e-003 0. 0.
    -6.50578586e-004 0. -2.25263779e-004 5.93666267e-003 0.
    1.51941564e-003 0. -4.83959506e-004 0. 0. 0. 0. 0. 1.93559821e-003
    0. 0. 1.55513023e-003 7.59036688e-004 0. 5.11953188e-003 0.
    5.95778460e-004 4.28607082e-003 1.76600367e-003 8.70226137e-003
    1.21734214e-004 3.92673863e-003 -4.93581640e-004 0. 0.
    1.22575136e-002 0. 0. 0. 0. 0. 0. 0. 1.74574007e-003 0.
    1.19636080e-003 0. 0. 7.14589492e-004 0. -3.08382820e-004 0. 0. 0.
    0. 5.39973029e-004 0. 0. 1.89018529e-003 1.89640000e-003 0.
    7.50911015e-004 0. 1.14718056e-003 2.66342144e-003 1.23004499e-003
    1.94812042e-003 1.81503186e-003 6.74398476e-003 2.01664559e-004 0.
    0. 0. 1.77882519e-003 0. 1.26340904e-003 -1.31471921e-003 0.
    3.48642282e-003 1.03544234e-003 6.32355004e-005 0. -3.68749097e-005
    9.04275395e-004 0. 1.41286396e-003 0. 2.45654635e-004 0.
    7.35062989e-004 0. 0. 0. 6.29858440e-003 0. 1.90561987e-003
    1.01035123e-003 1.51882158e-003 4.68624244e-003 0. -2.47681135e-004
    -1.90771592e-003 0. 3.23014054e-003 0. 1.70066115e-003
    -3.47373658e-004 3.24612507e-003 0. 0. 0. 1.22020708e-003
    1.68793020e-003 4.54676338e-003 6.73569884e-005 -2.53172126e-004 0.
    0. 0. 2.83699227e-003 0. 6.61728205e-004 7.34174903e-003
    4.00871679e-004 0. -3.38314640e-005 0. 0. 0. -7.09502259e-004 0.
    -1.27974758e-003 0. 0. 0. 9.52670444e-003 0. 9.35496937e-005 0.
    1.29735062e-003 4.99601290e-003 0. -8.38769949e-004 0.
    2.60023080e-004 -2.39872592e-004 0. 1.64222554e-003 0.
    2.09464855e-003 0. 1.62095693e-003 1.93803525e-003 0. 0. 0.
    -2.45424919e-004 0. 0. 5.49685257e-003 0. 0. -6.37633959e-004
    8.80360079e-004 0. 0. 5.51113579e-003 3.80830071e-003
    -2.15878780e-003 4.52608010e-003 1.82550529e-003 0. 0. 0.
    2.31650448e-003 1.93808184e-004 1.05873705e-003 0. 2.20415430e-004
    2.92776432e-003 5.26387943e-004 5.72484510e-004 1.52863748e-003 0.
    7.84002524e-003 2.86380458e-003 4.33696713e-003 0. 7.44264165e-004
    0. 0. 3.77379777e-003 9.23830550e-003 0. 5.09798992e-003 0. 0. 0. 0.
    0. 9.27522662e-004 0. 0. 1.08594669e-003 1.85190153e-003 0. 0.
    6.85115531e-003 7.52260908e-004 0. 4.00827872e-003 0. 0.
    1.01944046e-004 7.79299531e-003 4.27753571e-003 0. 1.85878749e-003
    0. 2.57069099e-004 0. 0. 4.24554991e-003 0. 6.41119294e-003
    3.40123917e-003 1.65061618e-003 3.29655799e-004 0. 0.
    1.61549030e-003 0. 0. 2.92335823e-003 0. 3.72699648e-003 0. 0. 0. 0.
    0. 1.21070060e-003 2.38872925e-003 9.10446048e-004 2.29491340e-003
    0. 8.92985705e-003 -1.23745715e-003 0. -6.60993749e-007
    2.77142343e-003 0. 0. 0. 0. 0. 8.22014583e-004 3.74701712e-003 0. 0.
    -1.76810299e-003 0. 0. 1.13142387e-003 0. 2.31774105e-003 0.
    -4.62011900e-004 6.66079868e-004 0. 0. 0. 0. -5.02207375e-004
    4.93150263e-004 1.03691844e-002 7.74314255e-003 0. 0. 0. 0. 0. 0.
    5.06158627e-004 1.44138379e-004 0. 0. 0. 0. 0. 3.23456270e-003
    1.06960593e-003 0. 0. 0. 4.73182136e-003 1.20942132e-003
    1.85173794e-005 0. 3.35393287e-003 0. 0. 0. 8.68446194e-004
    4.87880112e-004 0. 0. 1.47099141e-003 6.70767447e-004
    1.07340363e-003 6.12304034e-003 0. 5.89659379e-004 0. 0. 0.
    6.30722847e-003 8.59113596e-003 8.74444842e-004 2.39920430e-003 0.
    0. 4.34686663e-003 0. 1.76837435e-004 5.02482615e-003 0. 0.
    1.39830483e-003 0. 4.27102437e-004 0. 0. 7.29503226e-004 0. 0.
    4.64950316e-003 2.40206439e-003 0. 0. 0. 0. 1.88917611e-002 0. 0.
    2.78851762e-003 0. 0. 0. 0. 0. 0. 0. 0. -1.72541346e-004 0.
    6.06484013e-003 3.10257892e-003 0. 1.86626578e-003 0. 0. 0.
    8.88047181e-003 0. 2.90457101e-004 0. 0. 0. 0. -1.35246711e-003 0.
    0. 0. 5.47982939e-003 0. 7.37477094e-003 -4.95710003e-004 0.
    3.28777521e-003 2.00243434e-003 0. 0. 1.73362832e-006 0. 0. 0. 0. 0.
    0. 0. 0. 9.67695378e-003 8.91740667e-004 1.01838913e-003
    2.82275490e-003 0. 0. 0. 0. 0. 0. -8.38869819e-005 7.13230518e-004
    0. 0. 0. 0. -8.10964149e-004 -7.12033128e-004 -1.81728462e-003
    6.70695165e-003 0. 0. 0. 5.61399013e-003 2.33640498e-003
    4.93120914e-003 6.61679497e-003 0. 0. 0. 0. -8.34056758e-004 0.
    3.23296944e-003 0. 1.32054021e-003 0. -2.37497338e-003 0.
    -1.13722822e-003 0. 0. 4.29466629e-004 0. 4.32471652e-003
    -1.17614167e-003 0. -8.50666896e-004 0. 0. 0. 0. 1.40217482e-003
    4.30746470e-004 6.92718709e-003 3.89867084e-004 0. 7.64622958e-003
    6.76668651e-006 0. 0. 4.70636133e-003 0. 0. 1.31244375e-003 0.
    -2.99119600e-003 3.51939925e-005 0. 0. 0. 0. 0. -3.95276817e-004 0.
    3.11067735e-004 1.69964042e-003 0. 6.33150898e-003 -3.25182336e-004
    0. 0. 0. 6.04092900e-004 0. 4.44943830e-003 1.86063081e-003
    5.22323558e-003 0. 1.94852985e-003 1.09685643e-003 0.
    5.74062672e-003 0. -8.75550148e-004 0. 1.39676814e-003 0. 0.
    5.13960898e-004 0. 0. 3.44891130e-004 0. 0. 0. 0. 0. 0. 0.
    6.61469589e-004 0. 3.77603981e-004 0. 1.92199470e-004
    2.21849000e-003 0. -1.17759220e-003 -1.00229133e-003 0. 0. 0.
    -7.69189734e-004 8.83028749e-003 5.83774736e-003 0. 7.58105982e-003
    0. 0. 4.96070716e-004 0. 0. 0. 5.15572428e-005 0. 1.64274569e-003 0.
    0. 5.31997066e-004 0. 0. 0. 0. 0. 1.03407144e-003 0. 1.03274398e-002
    5.16990549e-005 0. 0. 0. 0. 5.83350833e-004 0. 0. 3.07146320e-003
    9.67957824e-003 -1.19834754e-003 0. 0. 5.66685526e-003
    4.70202463e-003 1.65994291e-003 4.15532803e-003 6.62959239e-004 0.
    0. 0. 4.17157728e-003 5.77352803e-005 1.01771683e-003 0.
    8.47877748e-003 -8.34597566e-004 0. 0. 7.43128778e-003
    -2.23171170e-004 -2.06433469e-003 1.74757454e-003 -1.57408460e-004
    -5.13313047e-004 4.75870387e-004 0. 0. 0. 0. 0. 0. 0.
    4.31617815e-003 0. -1.20373945e-004 0. 0. 0. 6.12069853e-005 0. 0.
    0. 0. 4.73941473e-004 3.36814160e-003 0. 0. 0. 0. 1.31537486e-003 0.
    0. 0. 0. 2.15079612e-003 -1.54953718e-003 1.53278082e-003
    1.65068207e-003 0. -2.92888167e-003 0. 0. 7.25479797e-003
    6.22331572e-004 3.32972780e-003 0. 1.80748687e-003 0.
    2.28662815e-004 0. 0. 0. 0. 4.28910507e-003 8.00150912e-004 0.
    6.42142259e-004 0. 0. 2.95096263e-003 0. 0. -2.38818615e-007
    1.08492980e-003 0. 0. 0. 0. 0. 0. 0. 0. 1.74265952e-004 0.
    4.23333375e-003 0. 0. 2.29956913e-005 2.37014680e-003 0.
    8.38556516e-005 0. 1.08967093e-003 0. 5.14146825e-003 0.
    -1.51146291e-004 1.40336913e-003 3.10975802e-003 -2.35995773e-004
    4.26453771e-003 1.00431708e-003 0. 0. 0. 0. 4.83268732e-003 0.
    2.29692971e-003 0. 0. 2.71676737e-003 0. 5.63708909e-006 0. 0. 0. 0.
    1.13807467e-003 1.68063620e-003 -2.95993073e-006 0. 1.68033259e-003
    0. -3.81086546e-004 1.87447364e-003 -1.82922510e-003 0.
    5.47737489e-003 0. 0. 0. 0. 0. 0. 0. 5.99073665e-003 0.
