<?xml version="1.0"?>
<opencv_storage>
<imageDescriptor type_id="opencv-matrix">
  <rows>1</rows>
  <cols>1000</cols>
  <dt>f</dt>
  <data>
    -2.62010749e-003 1.45864557e-003 2.15121359e-003 6.83424063e-004
    -1.01416162e-003 -2.33226310e-004 1.06369902e-003 0. 0.
    6.21101935e-004 1.51674089e-003 3.06623313e-003 0. 4.87899641e-003
    0. 0. 4.33299784e-003 0. 0. 8.61015171e-003 1.73865655e-003 0.
    3.06675304e-003 0. 0. 0. 0. 0. 0. 0. 2.94642127e-003 7.79285096e-003
    0. 0. 0. 3.75886192e-003 1.77966242e-004 0. -1.61364023e-003 0.
    1.31776719e-003 -6.53172261e-004 0. -5.24284842e-004 1.40274176e-003
    0. 0. 1.36979856e-004 0. 4.67841892e-004 5.39176865e-004
    7.19377305e-003 0. 0. 0. 5.36824344e-004 0. 0. -8.08030367e-004
    4.86318604e-004 0. 0. 0. 0. 3.04856367e-004 0. 0. 0. 3.53050581e-003
    2.97586725e-004 0. 1.08206284e-003 -9.24120774e-004 0.
    7.72026554e-003 6.58199238e-003 0. 0. 0. 6.37152058e-004
    9.58685484e-003 0. 3.12579679e-003 5.97285293e-003 1.22119794e-002
    2.06073280e-002 9.61854530e-004 -5.99900261e-004 0. 0.
    2.77880393e-003 0. 2.88845476e-004 0. 5.20096952e-003
    3.19346989e-004 2.27993308e-003 7.61338137e-003 0. -1.92098273e-003
    -6.88888831e-005 4.84838558e-004 0. 0. 0. 4.20631608e-003
    -4.96341498e-004 5.63481078e-003 -4.02661361e-004 0. 8.66670255e-003
    4.69494751e-003 1.32013648e-003 5.14887215e-004 0. 0.
    5.78475278e-003 0. 7.74833001e-003 0. 0. 8.19100905e-003
    1.29210195e-002 2.59090425e-003 0. 0. 3.21173132e-003
    1.08511257e-003 0. 0. 0. 0. -1.86816195e-003 0. 0. -1.42709073e-003
    0. 0. 0. 0. 0. 1.46232720e-003 1.09432833e-002 3.67343600e-005 0.
    6.09664676e-005 0. 0. 0. 0. -7.94580963e-004 8.81575397e-004 0. 0.
    2.12587183e-003 1.21221496e-002 6.08633272e-004 5.18020359e-004 0.
    0. 2.15915497e-003 7.95661530e-004 0. -7.12249312e-004
    1.65996701e-003 -1.48372306e-003 0. 4.76717297e-003 7.52013526e-004
    9.29999442e-005 2.96935614e-004 0. 0. 1.21981883e-002
    1.55496644e-003 -9.70897847e-004 5.68940537e-004 0. 0.
    5.27407334e-004 0. 0. 0. 2.64716707e-003 0. -9.03986627e-004
    3.78828589e-003 0. 0. 0. 9.94375092e-004 0. 0. 0. 0. 0. 0.
    4.30239411e-003 1.93510044e-004 0. 0. 4.36001737e-003
    5.62690292e-003 6.21605432e-004 4.81770281e-003 6.29549287e-003 0.
    0. 0. 2.96310929e-004 0. 0. 7.21755379e-004 0. 7.46237161e-003 0.
    3.36351851e-003 0. 1.16782151e-002 6.15000026e-005 9.39822663e-003
    0. 8.12703278e-004 0. 3.66309611e-003 2.53902096e-003 0.
    1.86144223e-003 -3.61802668e-005 0. 0. 0. 0. 0. -9.34098905e-004
    5.16679417e-003 0. 0. 9.21677565e-004 4.79385344e-004 0. 0.
    3.04259895e-003 2.55935732e-003 6.78089214e-004 0. 8.68794695e-003
    5.10106620e-005 -5.16046258e-003 1.38795527e-003 1.16105108e-002 0.
    0. 0. 0. 0. 1.26602279e-003 0. 0. 0. 1.69734267e-006 0.
    3.78701650e-003 0. 8.49523768e-003 9.43990948e-004 2.45210505e-003
    0. 0. 1.10533182e-003 4.52222722e-003 -1.76196467e-004 0. 0.
    5.19822445e-003 0. 0. 4.94723736e-007 0. 0. 1.05211707e-002 0. 0.
    -1.99887296e-003 0. 3.79286299e-004 -6.22465217e-004 0.
    1.36935059e-003 0. 0. 0. 3.16930935e-003 0. 0. 4.36823349e-003
    -3.60367994e-004 0. 0. 0. 0. 0. 8.93117336e-004 0. 1.49688713e-004
    -7.00485718e-004 0. 7.92479701e-003 -6.47538342e-004 0.
    1.33343413e-003 0. 1.49224326e-003 4.81684133e-003 0.
    6.44797040e-003 0. 1.40522572e-003 2.32782541e-003 0.
    8.11790349e-004 0. -6.49385503e-004 0. 0. 1.67900293e-006 0. 0. 0.
    4.40946984e-004 1.52456306e-003 6.65510470e-007 0. 0.
    3.36385332e-004 0. 0. 0. 2.20665033e-003 5.27891039e-004 0. 0.
    -1.36868760e-003 5.44766802e-003 0. 0. 3.99831589e-003
    4.76283114e-003 2.06520106e-003 -2.84393813e-004 0. 0. 0. 0.
    -9.05080058e-004 3.54083168e-004 7.45240459e-003 0. 2.95175589e-003
    0. 0. -6.73052156e-004 0. 0. 1.10522076e-003 0. 3.88692220e-004 0.
    0. 2.11229990e-003 0. 0. 2.61429651e-003 8.10527615e-003 0. 0.
    7.97568168e-003 0. -4.95035511e-006 1.96652953e-003 0. 0. 0. 0.
    3.16273986e-006 0. 0. 1.67021074e-003 1.54111872e-003 0. 0. 0. 0. 0.
    -8.26102565e-004 0. 0. 0. 0. -1.76071364e-003 0. 0. 1.40850851e-003
    0. 1.28328637e-003 0. 0. 0. 0. 0. 0. 3.88308638e-003 0.
    1.57637207e-003 0. 0. 0. 0. 6.23837300e-003 0. 3.70393437e-003 0.
    1.35210936e-003 0. 0. 7.86816329e-003 0. 0. 0. 0. 0. 6.88951695e-003
    -4.71499312e-004 4.69216262e-004 2.71546160e-004 1.08282664e-003 0.
    0. -2.79393367e-004 8.43525224e-004 1.01180458e-002 0.
    9.87891573e-004 0. 0. 0. 0. 0. -3.60958511e-004 0. 5.74841630e-003
    0. 0. 5.91689628e-003 0. 3.25668883e-003 6.18506048e-004 0.
    6.06394489e-004 -9.98954638e-005 1.61209109e-003 0. 0. 0. 0. 0.
    -6.55002950e-004 0. 4.58876370e-003 1.84557994e-003 0. 0. 0.
    1.93999370e-003 0. 6.97029405e-004 0. 0. 4.99665923e-003 0.
    4.30337293e-003 0. 0. 4.17247508e-003 -2.33026687e-004 0. 0.
    1.14879769e-003 0. 2.20169919e-003 1.09257633e-002 -1.33071421e-003
    0. 0. -6.39766396e-004 0. 0. 0. 0. 2.34182039e-003 0. 0. 0. 0.
    5.79435285e-003 0. 1.29235245e-003 0. 0. -8.93487362e-004
    3.20090883e-004 0. 0. 0. 0. 0. 1.41668948e-003 0. 0. 0. 0. 0. 0. 0.
    0. 3.88094946e-003 0. 0. 3.81553359e-003 0. 3.67481355e-003
    1.90876471e-003 0. 5.14738308e-003 1.94376765e-003 6.01913634e-005
    6.28495030e-003 0. 0. 0. -2.09452395e-004 0. 0. 3.86964413e-003
    -3.72805574e-004 1.73909415e-003 0. 0. 7.75441295e-004 0. 0.
    1.02028884e-002 0. 0. 3.71456204e-004 0. 0. -2.00266158e-003 0. 0.
    1.13087741e-003 0. 6.77271187e-003 0. 0. 0. -9.99817275e-005 0.
    2.11884733e-003 6.42090198e-003 0. 0. 0. 0. 6.74585905e-003
    2.32019718e-003 1.49183452e-005 1.32695062e-003 6.04744162e-003 0.
    0. 3.90461239e-004 1.78688893e-003 1.09575776e-005 1.44734309e-004
    0. 1.70925446e-003 0. 0. 0. 0. -1.84707078e-005 1.01835467e-003 0.
    -6.27676272e-005 5.29114762e-003 0. 0. 7.17422983e-004 0. 0.
    8.84263427e-004 0. 0. 5.02163544e-003 7.64693766e-007 0.
    1.78450020e-003 5.54750860e-003 0. 0. 2.94393068e-003 0.
    3.86149273e-004 0. 0. 0. 0. 8.73696408e-004 9.95732262e-004
    1.56653393e-003 3.86336498e-004 -9.75396033e-005 0. 0. 0. 0. 0. 0.
    0. 1.99372036e-004 6.44738879e-003 6.63574412e-003 0. 0. 0. 0. 0. 0.
    -6.94104761e-004 0. 4.75083105e-003 9.37972043e-004 6.93372218e-004
    0. 0. 0. 0. 0. -7.06562889e-004 0. 0. 0. 0. 6.15680264e-003
    -5.06096636e-004 1.51809270e-003 0. 8.99373495e-004 5.45617240e-003
    1.80941564e-003 3.55662603e-004 0. 0. 0. 0. 2.27015209e-003 0.
    -1.10578898e-003 0. 0. 1.57887500e-003 2.26461026e-003 0. 0. 0. 0.
    5.39757079e-003 7.47083570e-004 0. 1.34630071e-003 0.
    1.42103492e-003 0. 0. 6.48647873e-003 1.01805879e-002
    -7.83088675e-004 6.25803182e-003 3.29513266e-003 0. 3.51646240e-003
    0. 0. 0. 0. -5.81029279e-004 -5.24687814e-003 3.41099757e-003 0. 0.
    -6.32917101e-004 0. 0. 0. 0. 1.39847957e-003 1.27229048e-003
    9.42190294e-004 0. 0. 0. 0. 0. 0. 0. 0. 7.98737514e-004 0. 0. 0. 0.
    0. 2.01810244e-003 0. 0. -6.35013450e-004 0. 1.25300670e-002 0. 0.
    0. 0. 0. 0. -6.09702372e-004 4.79455618e-003 0. -1.89782050e-003 0.
    -8.74974867e-005 0. 2.46350013e-004 0. 0. 0. 0. 0. 4.43262717e-004
    1.11230314e-004 4.84732864e-003 0. 0. 0. 0. 0. 0. 0. 1.42822089e-003
    0. 0. -3.75386502e-004 2.18996755e-003 0. 0. 0. 0. 6.17639394e-003
    0. 0. 1.76984642e-004 0. 2.28690333e-003 0. 0. 0. 0. 5.46405849e-004
    2.25731148e-003 0. 0. 6.24991721e-003 0. 0. 3.88903311e-003 0.
    7.00667035e-004 0. 6.26643933e-003 1.67700765e-003 0. 0.
    5.02932817e-003 4.47645551e-003 1.80393911e-003 0. 0. 0. 0. 0.
    1.28865673e-003 1.22317101e-003 0. 0. 0. 5.71484445e-004 0. 0. 0. 0.
    2.39768205e-003 0. 0. 0. 0. 0. 5.06066019e-003 1.26555434e-003
    -1.35036046e-003 3.89053510e-003 4.51604882e-003 7.55948480e-003 0.
    0. 3.64800217e-004 0. 0. 1.46024826e-003 0. -1.14925839e-004
    -8.21274996e-004 0. 9.25437256e-004 0. 1.07927213e-003
