<?xml version="1.0"?>
<opencv_storage>
<imageDescriptor type_id="opencv-matrix">
  <rows>1</rows>
  <cols>1000</cols>
  <dt>f</dt>
  <data>
    0. 0. -7.70648301e-004 5.33988001e-004 0. 0. 0. 0. 3.84093873e-004
    -1.46737299e-003 6.96909847e-003 -6.03744818e-004 0. 2.26894277e-004
    0. 0. 0. -4.97442416e-005 0. 0. -1.82954210e-003 7.10844807e-003
    1.43449241e-003 -3.26347246e-004 0. 0. -2.14558138e-004 0.
    4.48169047e-003 2.01376248e-003 0. 0. 0. 6.01957692e-003
    1.31537905e-004 6.56067673e-003 8.68534960e-004 6.72237482e-004 0.
    1.66155971e-007 5.61424065e-003 -8.24322458e-004 0. 5.17124718e-005
    7.63378106e-004 -5.74395781e-005 0. 0. 2.94846506e-003
    7.30038853e-004 -2.54970742e-004 0. 0. -8.05657473e-005
    -2.39031200e-004 -1.69812163e-004 0. 7.05363869e-004 0. 0.
    1.29947162e-004 0. 0. 0. -7.30329368e-004 0. 5.33760385e-006
    6.90240238e-004 0. 0. -3.43998923e-004 5.91436285e-004
    3.07030254e-003 4.20493213e-003 -8.34149396e-005 2.75308895e-003 0.
    0. 0. -5.04238531e-004 0. 0. 1.24227507e-002 5.88951353e-003 0. 0.
    0. 3.35323974e-003 0. 0. 0. 0. -1.55004859e-003 8.22622422e-003
    -3.90746827e-005 -1.12754665e-003 0. 2.12264573e-003 0. 0.
    -1.07271786e-004 3.05550965e-003 6.53930614e-003 -7.03847501e-004
    1.37413188e-003 5.85461501e-004 0. 0. 0. -1.86270976e-003
    7.95744597e-007 8.92614844e-005 -2.68869393e-004 -2.20946618e-003 0.
    0. 0. 5.57815051e-003 6.52953936e-003 -8.78209394e-005 0.
    8.39118846e-003 5.90408780e-003 0. 0. 9.98236705e-004 0. 0. 0. 0.
    5.09462273e-003 1.58454466e-003 -3.02914493e-008 0. 1.30978893e-004
    1.41618671e-002 -1.19089455e-004 7.29071908e-004 8.03193252e-004
    5.55727631e-003 6.92727603e-003 2.71683151e-004 -8.92052485e-004
    1.53591088e-003 0. 0. 0. 0. 0. 6.17865054e-003 1.20459369e-003 0.
    3.85978456e-005 6.40174514e-003 0. 0. 4.31483670e-004 0.
    1.52586756e-006 0. 7.09754459e-005 -2.89285323e-003 0.
    1.08291011e-003 0. 0. 0. 0. 1.14417635e-003 -1.78984518e-003
    6.08480861e-003 0. 1.86284538e-004 1.38636427e-002 -3.95438285e-004
    -3.76259442e-004 2.11029407e-003 -1.05699582e-003 -2.10714410e-003
    9.95602109e-004 5.22523513e-003 0. 2.04256314e-004 0. 0.
    -4.36121336e-004 0. 5.35776746e-003 0. -4.13058529e-004
    -9.92047717e-004 0. 1.91320025e-004 -2.73101614e-003 0.
    7.25867134e-003 3.22448352e-004 5.95784280e-004 1.43941806e-003 0.
    -1.67054590e-003 0. 0. -3.86889558e-004 0. 0. 0. 0. -4.73829423e-005
    3.90981976e-003 0. 0. 0. 5.71701501e-004 1.63539883e-003 0.
    5.88925462e-003 -1.19381561e-003 2.84857466e-003 6.31241454e-003 0.
    0. 9.78227604e-007 -4.20677941e-004 5.53884893e-004 -1.28730573e-003
    -8.34260252e-004 -1.64600241e-003 0. 0. -2.00980183e-004
    1.03024894e-003 0. 3.87947517e-003 8.94999783e-003 -4.18928073e-004
    -5.42627531e-004 0. 0. 6.07192144e-003 -1.20222173e-003
    -2.75792787e-003 6.10390154e-004 0. 5.64469723e-003 1.06662803e-003
    0. -4.19461634e-004 0. 6.52742980e-004 7.06919283e-003 0.
    8.50780561e-005 -6.66336913e-004 0. -7.27683131e-004 0. 0.
    -1.31463399e-003 0. -2.73418822e-003 0. 0. 1.16676523e-003
    5.80527797e-007 0. 0. -1.22405836e-004 0. -9.48571076e-004
    1.44156732e-003 0. 0. -1.78524162e-004 0. 0. 5.33982995e-004 0.
    -2.82225345e-004 3.55147786e-004 0. 1.17119458e-002 5.66153135e-003
    5.70041547e-003 0. 4.03775717e-004 4.29121824e-003 -5.76675870e-004
    -2.31466562e-004 4.29100869e-003 0. 3.04384623e-003 0.
    -4.45273035e-004 3.29786935e-003 0. 0. -1.02963590e-003 0.
    -2.61487527e-004 4.39413358e-004 -6.95767358e-006 7.01266481e-003
    6.29727030e-004 0. 6.92201647e-005 0. 4.53510974e-003 0. 0. 0. 0. 0.
    0. 0. 6.41885330e-004 -1.31426103e-004 2.92808021e-004 0.
    -1.16764300e-003 0. 9.74193215e-003 0. 1.54804566e-003 0.
    2.46447220e-004 6.35556970e-003 0. 7.87665229e-003 0.
    -6.87375315e-004 -2.96522721e-005 0. 6.66349195e-003 0. 0. 0. 0. 0.
    0. 0. 0. -1.46135560e-003 5.61491912e-003 9.53192227e-007 0. 0. 0.
    0. 0. 0. 0. 0. 2.32186445e-004 0. 7.15557253e-003 2.83981115e-003
    1.54529314e-003 -7.72256113e-004 3.74053684e-007 7.28602405e-004 0.
    3.64922045e-004 -6.21547573e-004 5.48919756e-003 1.09893375e-003
    5.02712792e-003 5.75657934e-003 0. 5.86350542e-003 0. 0. 0.
    5.61460387e-003 0. 6.56088302e-003 0. 0. -1.64901814e-003
    4.50175721e-004 5.81931614e-004 0. -1.69940758e-003 0. 0.
    7.48418446e-004 5.41938050e-003 2.05927761e-003 1.42865258e-006 0.
    1.18922174e-003 0. 2.05455435e-004 0. 0. 1.23910955e-003 0.
    7.42591743e-004 0. 0. 5.61447581e-003 4.44995880e-004
    4.35409136e-004 5.13035525e-003 0. 0. 0. 0. 2.09300226e-004 0. 0.
    5.21643739e-003 -7.46908074e-004 6.09143358e-003 1.10023667e-003 0.
    -3.08614282e-004 0. 0. 0. 5.98581973e-003 1.15337933e-003
    4.45236545e-003 0. 0. -8.50098266e-004 0. 0. 3.67153459e-003 0.
    7.83472415e-003 1.87804821e-004 0. -6.88119735e-006 9.97846713e-004
    1.66733877e-003 -2.21979921e-003 -1.33377570e-003 9.93448659e-004
    7.62125239e-007 0. 0. 0. -1.96763314e-003 0. 0. 1.78706159e-005 0.
    0. 0. 7.36820046e-003 2.97927152e-004 3.71514994e-004 0. 0. 0.
    1.10171254e-006 0. 6.13475870e-003 0. 0. 0. 0. 0. 0. 0. 0.
    3.77007225e-003 7.28165917e-003 0. 0. 0. 0. 6.07447233e-003 0. 0. 0.
    0. 0. 6.98350416e-003 0. 0. 0. 0. 0. 0. 0. 3.94592946e-003
    -9.00377985e-004 0. 6.68057706e-003 6.80023863e-004 0.
    7.53311610e-007 3.20346066e-004 0. 0. 0. 5.61508304e-003
    5.61419548e-003 -2.34207750e-004 0. 0. 0. 2.03502388e-003 0. 0.
    4.44863428e-004 0. 1.55898603e-002 0. -6.48791727e-004 0.
    -1.22714660e-003 0. 3.53985321e-004 0. 0. 0. 0. 5.41916117e-004
    -4.58215876e-003 0. 0. 7.76387891e-003 5.61454426e-003
    9.40992541e-005 6.77152723e-003 9.44635365e-004 5.12782717e-004 0.
    0. 0. -3.12406360e-003 0. 0. 5.81642566e-003 5.25447959e-003 0.
    -1.23954844e-003 -5.30845136e-004 0. 5.35065948e-004 4.95870365e-003
    0. -1.84989045e-003 5.98451355e-003 0. 0. 0. 1.59302168e-002
    6.90942816e-003 0. 0. 0. 4.63714571e-007 0. 9.52468195e-004 0. 0. 0.
    -9.67332569e-004 0. 0. 4.42810077e-003 -2.83386093e-004 0. 0. 0.
    3.40424199e-003 0. 0. 0. 6.09926414e-003 0. 5.89834992e-003
    1.21764215e-002 0. 4.90018341e-004 0. 0. 1.50548442e-006 0. 0. 0. 0.
    0. 0. 3.49714281e-003 0. 0. 0. 0. 0. 0. 0. 1.27286262e-006
    7.22755212e-003 -6.64577878e-004 0. 0. 7.64843946e-007
    9.11412109e-003 8.84210124e-007 5.84544009e-003 0. 0.
    5.56917337e-004 0. 0. 0. 0. 0. 0. 6.64025219e-003 0. 7.83113576e-003
    6.62429666e-004 0. 0. -1.22655620e-004 2.18366185e-004 0. 0. 0.
    4.65889287e-004 2.18057103e-004 0. 0. 1.21267033e-006 0. 0.
    5.91915520e-003 0. -3.91299167e-004 0. -2.05222037e-004
    5.61466999e-003 0. 4.72447486e-004 -2.03458965e-003 7.32834102e-004
    7.52533992e-007 0. 5.88362745e-004 0. 0. 0. 6.96950033e-003 0. 0. 0.
    8.16280372e-004 0. 0. -2.14921567e-003 3.80657706e-003
    3.47461272e-003 8.29048641e-003 0. 5.65872295e-004 0.
    5.61459735e-003 9.47177236e-004 5.49088046e-003 8.27358919e-004 0.
    0. 9.88034299e-004 2.71814206e-004 0. -1.39948784e-003 0.
    -1.44624675e-003 5.46217849e-003 0. 1.11760350e-003 0. 0.
    -4.14063805e-004 -4.86337012e-005 9.32015886e-004 5.56399347e-003 0.
    1.49537418e-002 -1.03667460e-003 6.34449208e-003 0. 0. 0. 0. 0.
    2.16443534e-003 1.05710706e-006 9.32019532e-007 3.58842022e-004
    -1.54137716e-003 6.51595695e-003 0. 4.59567382e-004 0. 0. 0.
    5.81725733e-003 0. 0. 8.05375632e-003 5.24767255e-003 0. 0. 0. 0.
    -8.09011399e-004 -6.47117151e-004 0. 0. 4.91033541e-003 0.
    9.01874737e-004 -1.23375142e-003 3.14692431e-003 0. 1.29909664e-002
    0. 0. 2.84703774e-003 0. 0. 8.59006774e-004 2.45554559e-003
    6.63981494e-003 0. 0. 4.53293696e-003 6.82360434e-004
    4.48742090e-003 1.17273082e-003 0. 0. 2.01827497e-003 0. 0. 0.
    -8.79918283e-004 4.50197235e-003 3.89362128e-007 0. 5.61437802e-003
    1.46685296e-003 0. 0. 5.61414566e-003 0. -4.53348155e-004 0.
