<?xml version="1.0"?>
<opencv_storage>
<imageDescriptor type_id="opencv-matrix">
  <rows>1</rows>
  <cols>1000</cols>
  <dt>f</dt>
  <data>
    0. 9.68498120e-004 0. 0. -1.63502220e-004 0. -1.98038924e-003 0. 0.
    0. -5.38062130e-004 6.19147439e-004 -8.22968024e-004 3.18717514e-003
    0. 0. 0. 0. 0. 0. 6.26476901e-003 -1.60142663e-003 0. 0.
    8.31848942e-003 0. 0. 0. 0. 0. 1.39860511e-002 0. 0. 0. 0.
    1.49100961e-003 0. 2.86066625e-003 0. 1.57586415e-003 0. 0.
    1.78285129e-003 7.78985722e-003 0. 0. 0. 1.80205901e-003
    5.45429823e-004 4.20861831e-003 0. 0. 1.41309318e-003
    6.33616233e-003 -4.10927496e-005 3.76465404e-003 0. 0. 0. 0. 0.
    1.10617476e-002 -2.47870013e-003 1.65701646e-003 0. 6.46337681e-003
    -1.09095789e-004 0. 0. 0. 0. 0. 0. 0. 3.10558756e-003
    -8.99120118e-004 0. 0. -3.38933594e-003 8.52100272e-003 0.
    2.66014389e-003 0. -6.25050743e-004 0. 0. 0. 0. 0. 4.25825012e-004
    0. 9.58659570e-004 5.39702224e-003 1.48489547e-003 0. 0.
    -3.88011773e-004 -2.41608266e-003 6.08606031e-003 2.85560056e-003 0.
    -7.04822538e-004 2.44030240e-003 6.08631119e-004 0. 6.61257654e-004
    1.83342141e-003 0. 0. 1.37999060e-003 0. 0. 0. -2.11691717e-003
    1.62710715e-003 1.15971323e-002 0. 4.85632895e-003 0.
    1.08590361e-003 0. 1.29794015e-003 -5.12793136e-004 0.
    3.07597918e-003 5.21262467e-004 0. 0. 5.75606828e-004
    1.40736531e-002 0. 0. 0. 0. 0. -3.03946814e-004 0. 0.
    1.76125427e-003 0. 0. 1.19635731e-003 0. 0. 1.96729763e-003 0. 0. 0.
    1.70315942e-003 0. -1.04539574e-003 0. 8.21318652e-004
    2.61195889e-003 1.54760538e-003 2.91599846e-003 4.48577572e-003
    -3.00766854e-003 0. 0. 0. 0. 0. -1.96769321e-003 -2.33812770e-003 0.
    2.92018172e-003 0. -6.43316773e-004 0. 4.02584253e-003
    -3.74888972e-004 8.93135462e-003 -8.87371309e-004 1.07542342e-004 0.
    0. 0. 0. 0. 2.19270005e-003 0. 0. 5.15526440e-003 0. 0. 0.
    4.43805708e-003 0. 6.59483194e-004 0. 1.04201806e-003
    2.06770288e-004 -1.87750353e-004 0. 0. 0. 1.84988021e-003
    -8.01360235e-004 3.22385202e-003 1.05459532e-002 0. 0.
    7.81737361e-003 4.46909136e-004 -8.34983657e-004 0. 0. 0. 0.
    4.78078704e-003 0. 0. 2.46581531e-005 9.44788393e-004
    1.93435303e-003 4.18336736e-003 0. 0. 2.00546370e-003 0.
    4.36238042e-004 0. 0. 0. -1.05465518e-003 3.39741143e-003
    7.04182661e-004 0. 0. 2.01407867e-003 1.08835602e-003 0. 0.
    -7.11428234e-004 -1.23047235e-003 0. 0. 0. 1.49404351e-003
    1.72412617e-003 3.52866575e-003 0. 0. 0. 7.34880683e-004 0.
    -1.25141325e-003 2.15807045e-003 8.25963542e-003 6.12641731e-003
    -5.70659351e-004 0. 1.38404558e-003 0. 0. 0. 0. 1.66092196e-003
    7.93151651e-003 0. 1.55371451e-003 0. 1.08535802e-002 0. 0. 0. 0. 0.
    0. 3.95490369e-003 1.18789414e-003 4.71870135e-006 4.13820939e-003
    0. 0. 0. 0. 0. 1.46963156e-003 1.12173264e-003 7.20109185e-003 0.
    2.85739359e-003 2.38466705e-003 0. 3.08991456e-003 -2.18712084e-004
    4.20665275e-003 0. 0. 0. 8.44687282e-004 0. 0. 3.64371017e-003
    1.80316833e-003 0. 2.15158868e-003 0. 2.70856282e-004 0. 0. 0.
    1.67404255e-003 4.45768004e-003 0. 5.26655465e-003 2.13771174e-003
    0. -3.42883612e-003 0. 0. 0. 5.11397794e-003 0. 0. 0. 0. 0. 0. 0.
    -9.67726752e-004 0. 1.03357795e-003 0. 0. 1.65217742e-003
    4.30104183e-003 0. 0. 0. 1.97009207e-003 0. 0. 0. 0. 6.79688179e-004
    0. 0. 0. 0. 0. 0. 7.95971975e-003 4.66622005e-004 0. 0. 0.
    1.97753240e-003 0. 8.33087880e-003 0. 3.40889022e-003 0.
    2.60404753e-003 5.98200038e-003 5.69349097e-004 1.78638287e-003
    1.26029539e-003 0. 0. 0. 0. 2.23669596e-003 3.66110587e-003
    4.31493769e-004 6.68658293e-004 0. 1.10140862e-003 0. 0. 0.
    2.06480594e-003 0. 0. 0. 0. 0. 0. 0. 1.25727023e-003 0. 0.
    2.92796554e-004 0. 2.02669296e-003 0. 0. 0. -3.23951506e-004
    2.08197883e-003 1.98377325e-004 0. 3.34363966e-003 0. 0. 0. 0.
    1.43887755e-003 0. 9.24987602e-004 1.42345589e-003 3.02414852e-003
    0. 0. 0. 0. 0. 1.26300985e-002 2.76224106e-003 0. 0. 8.05277814e-005
    0. 1.21124601e-003 0. 7.76479486e-003 3.71566508e-003
    -2.16920729e-004 0. 6.29028678e-003 0. 2.94652628e-003 0.
    -3.76006028e-005 7.90733611e-004 1.21882707e-002 0. 6.88194938e-004
    4.91196522e-003 0. 8.10904801e-003 -1.03915925e-003 0.
    2.45594420e-003 2.74527911e-003 0. 0. 1.60435797e-003 0.
    -3.47266672e-003 0. -1.98594527e-003 1.67505071e-003 0.
    5.73788350e-003 0. 0. 0. 0. 0. 1.11218554e-003 1.44330272e-003 0. 0.
    0. 2.58433865e-003 0. 0. 0. 0. 4.73619392e-003 0. 0. 0. 0. 0. 0. 0.
    0. -1.81637867e-003 0. 0. 0. 0. 0. 0. 2.21598966e-004 0.
    -2.20778375e-003 0. -3.73355870e-004 0. 1.61159108e-003
    4.36617294e-003 0. 2.37852870e-003 0. 5.79809444e-003 0.
    1.23727520e-003 8.79065599e-003 8.63217341e-004 0. 1.34097133e-003
    0. 0. 0. 0. 5.56198414e-003 2.64788978e-003 0. 0. 0. 2.11590319e-003
    0. 3.41053726e-003 3.05673282e-004 0. 0. 0. 0. 1.12429168e-003 0. 0.
    2.06161942e-003 0. 4.24605532e-004 -4.35950328e-003 3.30181979e-003
    0. 0. 2.69349781e-003 0. 0. 0. 0. 0. 0. 0. -1.54624658e-003 0. 0.
    2.17638240e-004 0. 6.77665276e-003 2.45566922e-003 2.70797429e-003
    7.36642769e-003 0. 4.99632768e-003 2.22476106e-003 -7.94085150e-004
    0. 9.97855328e-003 -1.15059549e-003 1.44341181e-003 5.26863709e-003
    2.01404328e-003 6.45158486e-003 0. 0. 1.99571252e-004
    3.49548325e-004 0. 0. 0. -2.56795902e-003 5.92916319e-003
    1.40075863e-003 0. 1.43454615e-002 1.20104384e-003 3.80349229e-003
    0. 0. 0. 0. 0. 0. 0. 7.50558684e-005 4.86457458e-004 0. 0.
    3.81988735e-004 0. 0. 0. 0. 0. 2.24789209e-003 1.00205885e-003 0.
    1.45035516e-003 0. 0. 0. 3.78736318e-003 1.10616721e-003 0.
    -3.59708560e-004 2.41055983e-004 2.05171853e-003 0. 6.72133116e-004
    0. 0. 0. 2.00458034e-003 0. 0. -2.04864191e-003 0. 1.62827957e-003
    -2.60619819e-003 7.61223631e-003 0. 0. 0. 0. 0. 8.54235888e-003 0.
    0. 1.64597965e-004 0. 0. 2.63052341e-003 0. 3.05408874e-004 0. 0.
    2.70640175e-003 6.28072117e-003 0. 0. 2.45266361e-003
    1.19670830e-003 0. 0. 0. 4.83462616e-004 0. 4.36369795e-003
    1.17912283e-002 -6.41305724e-006 -7.00329474e-005 5.24543412e-003 0.
    0. 0. 0. 3.15678027e-003 1.42895675e-003 3.05061555e-003 0. 0. 0. 0.
    0. 1.48132897e-003 2.03667139e-003 0. 3.48498463e-004 0.
    -3.38010024e-004 0. 1.87073508e-003 0. 0. 0. 1.75934820e-003 0. 0.
    2.69199908e-003 1.25696752e-002 6.72355155e-003 1.30390911e-003 0.
    1.72875414e-004 0. 0. 6.69867906e-004 0. -9.95644135e-004
    5.15002897e-003 0. -8.77354585e-004 -2.99445994e-004
    -1.78179250e-003 0. 0. 0. 6.37081265e-003 0. 0. 0. 0.
    5.38044609e-003 1.41619740e-003 0. 0. 0. 1.26869953e-003 0. 0. 0. 0.
    0. 0. 0. 4.18186560e-003 0. -9.53762326e-004 0. 0. 0. 0.
    2.56163185e-003 2.58584740e-003 0. 0. 3.09799518e-003
    -2.80953711e-004 1.86282070e-003 0. 0. 2.36924880e-005
    9.21004161e-004 1.07340526e-003 0. 0. 8.56553111e-003 0.
    -2.09300590e-004 0. 0. 1.32960372e-003 1.48680957e-003 0. 0. 0.
    6.38784550e-004 6.70720870e-003 0. 4.79129516e-003 0.
    6.90000714e-004 -9.13939264e-004 2.37525813e-003 -4.20094468e-003 0.
    1.68818480e-003 2.20045610e-003 0. 8.41000234e-004 0.
    -2.06209021e-003 0. 1.55591988e-003 0. 0. -4.94622684e-004 0. 0. 0.
    0. 3.74174095e-003 0. 0. 4.53087414e-005 0. 5.90277743e-003 0.
    1.41408388e-003 0. 0. 1.54519291e-003 0. 0. 2.75480124e-004 0.
    3.46315466e-003 0. 0. 0. 0. 1.38269970e-003 0. 9.88554559e-004
    6.04165671e-003 0. 0. 2.51345988e-003 0. 7.57703651e-003
    -2.82122754e-004 0. 0. 0. 3.65177053e-004 0. 0. 2.76830723e-003 0.
    0. 0. 4.07855352e-003 0. 0. 7.43690506e-003 2.15138821e-003 0. 0.
    9.73437622e-004 0. 0. 0. 0. 0. 2.64267693e-003 0. 5.49706398e-003 0.
    0. 3.55814979e-003 0. 2.57976865e-003 1.96336629e-003
    9.61088808e-004 0. 0. 4.97452542e-003 2.45928043e-003
    6.39586477e-003 8.34497332e-004 9.03337321e-004 0. 0. 0. 0. 0. 0.
    6.03484863e-004 1.11453388e-004 1.69916148e-003 0. 2.61905394e-003
