<?xml version="1.0"?>
<opencv_storage>
<imageDescriptor type_id="opencv-matrix">
  <rows>1</rows>
  <cols>1000</cols>
  <dt>f</dt>
  <data>
    0. 4.12821770e-003 8.17244698e-004 0. 0. 0. 0. 0. 1.21653301e-003 0.
    1.05235283e-003 1.24755874e-003 6.81534933e-004 0. 0. 0.
    2.74142460e-003 2.48221355e-003 0. 0. 5.52528258e-003 0.
    6.54241722e-003 0. 0. 0. 0. 0. -1.10096880e-003 3.11791920e-003
    4.17640258e-004 8.83287843e-003 -7.22076686e-004 0. 0. 0. 0. 0. 0.
    5.64204808e-003 5.44619467e-003 0. 0. 2.59191403e-003
    2.42904620e-003 0. 8.75825936e-004 0. 4.79319505e-003 0.
    7.23922509e-004 1.36298151e-003 4.26681916e-004 0. 0. 0.
    1.10858947e-003 0. 0. 0. 1.44703954e-003 0. 0. 2.61763390e-003
    1.56225680e-004 1.20110395e-004 0. 7.67897523e-004 -7.13785994e-004
    0. 1.44510076e-003 0. 0. 0. 1.96865480e-003 -1.64081622e-003
    -5.28076547e-004 0. 6.30303472e-003 6.14968780e-003 1.00834260e-003
    8.49909673e-004 0. 0. 3.97326052e-003 0. 2.47252593e-003 0.
    3.77532630e-003 0. 0. 1.84389460e-003 0. 3.01790657e-003
    3.01243411e-003 0. 4.53102053e-004 1.15093205e-003 8.99570715e-003
    2.79107713e-004 0. 4.05420375e-004 0. 3.31325602e-004 0. 0. 0.
    3.45507567e-003 0. 4.40197159e-003 0. 1.61542674e-003
    8.01152491e-004 0. 5.91845892e-004 1.60877558e-003 0.
    4.03873064e-003 0. 0. 0. 2.38337481e-004 4.69287438e-003
    3.65590584e-003 2.02876469e-003 0. 7.77079083e-004 0.
    2.10919720e-003 8.69963842e-004 4.47852490e-003 0. 0. 0. 0. 0.
    7.22848624e-003 0. -2.55610677e-003 8.84085544e-004 0. 0. 0.
    3.36389802e-003 0. 0. 0. 9.41384491e-003 0. 2.77716480e-003 0.
    9.45247069e-004 5.36729640e-004 4.23315261e-003 0. 0.
    7.70109706e-003 0. 1.82995072e-003 0. 0. 4.28469200e-003
    1.12314941e-002 0. 0. 0. -2.44247967e-005 9.53914970e-003
    5.25936391e-003 3.75811396e-005 -5.10286656e-004 0. 3.94401932e-003
    0. 2.48067360e-003 0. 0. 0. 0. -3.45429144e-004 3.71887977e-003
    4.03807918e-003 0. 1.52559159e-003 6.91229419e-004 0. 0. 0. 0.
    1.32315978e-003 0. 0. 0. 0. 0. 2.30249390e-003 1.20806962e-003
    -1.08565413e-003 3.80444992e-003 0. 5.89993875e-003 0.
    2.47312477e-003 -4.65348101e-004 0. 0. 0. 0. 1.78398553e-003 0.
    5.55590552e-004 0. 1.31882122e-003 0. 1.95058540e-003 0.
    8.89695308e-004 -1.58623094e-003 1.61571766e-003 0. -1.08366588e-003
    8.04703915e-004 0. 0. 2.77130469e-003 0. 3.76810087e-003 0. 0. 0.
    9.72796988e-004 0. 6.63807523e-003 3.42993438e-003 3.58131016e-003
    0. 0. -5.13850013e-004 9.17090278e-004 3.60532082e-004 0. 0.
    -5.62323816e-003 0. 3.25826404e-004 1.72051112e-003 0.
    1.44046836e-003 0. 0. 7.18351593e-003 0. 1.75868999e-003 0. 0. 0. 0.
    0. 0. 0. 0. 0. 2.37080106e-003 3.95651627e-003 4.16461937e-003
    4.00377205e-003 0. 1.12445047e-003 0. 1.07321329e-003 0.
    2.86792591e-003 0. -1.34469604e-003 0. 0. 0. 2.94041215e-003 0.
    1.86906522e-003 1.69668451e-003 0. 1.35235453e-003 0. 0. 0. 0. 0. 0.
    4.55307279e-004 2.89010257e-003 0. 2.11242773e-003 0. 0. 0. 0.
    2.20739492e-003 2.59343698e-003 3.00300680e-003 1.79011503e-003 0.
    0. -1.33176611e-004 3.80627462e-003 1.44346399e-004 0. 0.
    1.09537959e-003 2.06315913e-003 2.04312126e-003 0. 0.
    6.03963796e-004 0. 2.42481520e-003 0. 0. 0. 0. 3.28215817e-003 0. 0.
    0. 4.16843127e-003 3.22337099e-003 0. 0. 0. -2.13947525e-004 0. 0.
    0. 0. 0. 5.12251456e-004 0. 6.62987004e-004 0. 7.06810039e-003
    4.03913716e-003 8.42595240e-004 0. 0. 8.63377005e-003 0. 0.
    2.97019695e-004 3.07699945e-003 0. 3.80340498e-004 4.00952646e-004
    0. 0. 0. 0. 0. 0. 0. 1.43240858e-003 8.22086178e-004 1.12254440e-003
    1.88554288e-003 9.02303203e-004 5.41414076e-004 -5.41471411e-004 0.
    3.94572597e-003 3.92355258e-003 -1.07598573e-003 0. 0. 0.
    1.16454018e-003 0. 0. 1.87315070e-003 0. 4.85630892e-003
    3.28691001e-003 0. 2.32152618e-003 1.07437302e-003 5.12121804e-003
    -9.76572555e-005 0. 0. 4.27653594e-003 0. 9.14716907e-003 0. 0.
    1.12700474e-003 1.19437883e-003 0. -3.25647020e-003 1.09152892e-003
    -1.36220033e-005 0. 0. 0. 5.16610639e-003 0. 0. -8.60554166e-004 0.
    0. 4.18450829e-004 0. 0. 0. 0. 0. -1.07511575e-003 3.23067931e-003
    2.24239007e-003 9.53820720e-003 2.49326415e-003 2.51426944e-003
    5.45422838e-004 0. 1.12705503e-003 0. 0. 4.51239431e-003
    -2.08630692e-003 0. 0. 0. 1.24108139e-003 0. 5.59630280e-005
    9.27031448e-004 0. 0. 0. 0. 0. 0. 0. 0. 3.45299207e-003 0.
    -2.49577896e-003 0. 0. 0. 0. 9.84350991e-005 9.60515579e-004 0.
    5.35033783e-003 4.73163323e-003 1.04608759e-003 0. 0.
    3.18644382e-003 2.60319165e-003 0. -1.44109712e-004 0. 0. 0. 0.
    -4.54768480e-004 1.07014796e-003 0. -3.63439874e-004
    -3.31885472e-004 5.87046146e-003 0. 0. 0. 0. 1.14497170e-002 0.
    9.07398120e-004 0. 4.94142121e-004 -6.19031314e-004 1.08269677e-002
    1.26586552e-003 0. 0. 2.78177508e-003 2.11587502e-003
    -8.09635967e-004 0. 1.45113864e-003 0. 8.75591394e-003
    6.68134380e-005 0. 0. 4.68867039e-003 0. 0. 0. 0. -7.05876562e-004
    1.05858932e-003 0. 0. 0. 0. 0. 3.65346321e-003 7.99016154e-004
    2.05341238e-003 9.21218947e-004 0. 0. 0. 0. 1.95177054e-004 0. 0. 0.
    3.58912337e-004 0. 0. 0. 0. 3.72422603e-003 0. 0. 0. 0. 0. 0. 0.
    1.99046824e-003 2.30563618e-003 0. 1.38350960e-003 4.37564543e-003
    9.52318660e-004 2.10380019e-003 4.67093568e-003 0. 0. 0. 0.
    3.20359971e-003 5.25760138e-003 0. 0. 1.95781677e-003
    -1.04139963e-005 0. 2.87821051e-004 0. 0. 0. 1.05066493e-003
    3.53467721e-003 1.09501404e-003 4.07297304e-003 0. 0. 0.
    3.31783376e-004 -5.03220872e-005 3.63616506e-004 8.89043615e-004
    1.63028343e-003 2.37190584e-003 1.37807583e-004 2.09130766e-003
    6.76049944e-003 0. 4.45223041e-003 0. 0. 0. 1.66832574e-003
    7.37688364e-003 -1.71990614e-004 1.42290432e-003 0. 2.06667325e-003
    0. 0. 0. 0. 0. -8.79013038e-004 2.94154231e-003 2.94376514e-003 0.
    2.18280366e-005 0. 0. 8.45371280e-004 0. 0. 0. 0. 0. 2.22587641e-005
    3.52755771e-003 0. 0. 8.97896942e-004 0. 0. 1.19710376e-003 0. 0. 0.
    1.97959994e-003 -4.18119998e-005 3.43607645e-003 1.07119698e-003
    -1.85468758e-004 0. 0. 1.72724179e-003 -1.08776882e-003 0. 0.
    4.26923616e-005 9.85670020e-004 0. 1.24800636e-003 0. 0.
    1.86263048e-003 1.36455172e-003 1.00660464e-002 -1.17989199e-003 0.
    0. 5.67981799e-004 0. 0. 7.27010565e-003 -2.36523990e-003
    6.26620371e-004 0. 2.12737941e-003 -1.17299933e-004 1.57821330e-003
    -7.09650281e-004 0. 4.66967514e-003 1.58386584e-003 4.23813297e-004
    0. 8.40663211e-004 1.13090873e-003 0. 0. 8.84016510e-004
    -3.09585221e-003 0. 0. -7.16576295e-004 8.18132050e-003 0. 0.
    2.07881886e-003 0. 0. 0. 5.73477428e-003 0. -5.03040093e-004 0. 0.
    1.21678726e-003 0. 5.21708047e-004 0. 0. 0. 0. 2.76239309e-003 0.
    3.66588647e-005 8.19405424e-004 5.18256100e-004 3.30319686e-004 0.
    4.71931975e-003 -2.67730537e-003 0. 0. 5.90269374e-005 0.
    4.79855714e-003 -1.59339397e-004 3.85778002e-003 0. 8.37754749e-004
    0. 0. 9.97879193e-004 0. 0. 0. 0. 3.03090608e-004 0. 0.
    1.25938212e-003 8.69501731e-004 1.95361883e-003 0. 0.
    1.33719563e-003 0. 0. -9.99403303e-004 2.22967262e-003 0. 0.
    2.91143707e-003 0. 2.58466322e-003 3.81405558e-003 0. 0. 0. 0. 0. 0.
    1.41865085e-003 0. 0. 0. 2.68233614e-003 6.08948432e-003 0.
    -8.81972490e-004 3.88518069e-003 1.44148944e-003 0. 1.54513842e-003
    0. -7.15717382e-004 -1.71446067e-003 1.57360465e-003 1.81514176e-003
    0. 0. 8.29414744e-003 0. 0. 2.31806445e-003 0. 0. 1.22800411e-003
    9.98673774e-003 5.41924441e-004 0. 0. 5.83717925e-003 0.
    5.04569500e-004 4.46601259e-003 1.33153037e-004 0. 1.02440058e-003
    0. 2.12825928e-003 2.23560794e-003 0. 3.02357762e-003
    3.19183222e-004 0. 0. 0. 0. 0. 1.16275437e-003 4.04551020e-003 0.
    3.55378306e-003 0. 0. 1.43845577e-003 0. 0. 1.76381357e-002 0. 0. 0.
    2.55312858e-004 0. 0. 9.79135046e-004 0. 0. 0. 6.78176945e-003 0. 0.
    0. -2.05441471e-003 0. 1.48308405e-003 2.05849484e-003 0.
