<?xml version="1.0"?>
<opencv_storage>
<imageDescriptor type_id="opencv-matrix">
  <rows>1</rows>
  <cols>1000</cols>
  <dt>f</dt>
  <data>
    0. 0. 0. 0. 2.85083381e-003 0. 0. 0. 0. 0. 2.59860023e-003 0.
    3.00867716e-004 0. 0. -4.61642776e-004 2.69030035e-003 0. 0. 0. 0.
    -2.83958809e-003 0. 0. -2.13216146e-004 0. 4.85077035e-004 0.
    2.99045409e-004 -2.18426506e-003 0. -1.05290877e-004 2.71025416e-003
    4.71529597e-003 1.06955227e-002 1.54595333e-003 0. 1.82011398e-003
    0. 3.02017224e-003 0. 0. -1.75782363e-004 0. 4.84404340e-003
    7.95346126e-003 0. 1.06039587e-002 0. 0. -1.75727066e-003 0. 0. 0.
    0. 0. 0. 0. 7.79715925e-003 0. 3.06609948e-003 2.58849259e-003
    2.13801465e-003 6.24259561e-003 1.94681424e-003 0. 4.83939890e-003
    0. 8.28572549e-003 7.80481659e-003 1.83257624e-004 8.31018260e-004
    3.87137756e-003 0. 0. 0. 0. 0. 7.56667810e-004 -3.18074366e-004 0.
    0. 2.59147119e-003 0. 3.20323464e-003 0. 0. 3.94589780e-003
    3.98489134e-003 0. 0. 0. 5.48457215e-003 1.00677146e-003 0. 0. 0.
    1.01649482e-003 0. 5.09190746e-003 0. 0. 0. 7.46591715e-003 0. 0. 0.
    5.82280988e-003 1.57773751e-003 0. 0. 0. 0. 1.39961077e-003 0. 0. 0.
    0. 0. 1.91011664e-003 2.00828747e-003 7.41861935e-004
    -7.78205460e-004 0. 0. 0. 0. 0. 0. 2.58372142e-003 0. 0.
    5.09712845e-004 0. 0. 8.69919531e-005 0. 0. 3.45149450e-003 0. 0.
    2.56794086e-003 0. 0. 0. 0. 3.63652536e-004 0. 0. 0. 0. 0.
    -1.73415535e-003 0. 0. 2.47010123e-003 0. 0. 0. 0. 1.73535547e-003
    0. 0. 0. 1.20005468e-002 0. 0. -8.36150488e-004 2.37737759e-003 0.
    0. 0. 4.98217857e-003 0. 0. 5.17971022e-003 0. 0. 0. 0.
    4.24368912e-003 0. 9.50989488e-004 -3.91953858e-003 0. 0. 0. 0.
    3.46821238e-004 0. 0. 0. 0. 0. 0. 0. 0. 0. 2.85947020e-003
    6.16463367e-003 3.69515480e-003 -4.50342079e-004 0. 0.
    2.96417903e-003 0. 0. 0. -1.16803357e-003 0. 3.03739635e-003
    1.17713344e-005 0. 3.07740900e-003 0. 9.17960075e-004 0.
    6.00883784e-003 1.49629530e-004 0. 0. 0. 0. 1.21014018e-003 0. 0. 0.
    0. 7.39679812e-003 0. 0. 2.79104058e-003 0. 0. 0. 0. 0. 0.
    6.84863701e-003 2.63720471e-003 1.06502790e-003 0. 0. 0.
    1.71034236e-003 0. 0. 0. 0. 7.12179998e-003 -8.98302882e-004
    3.18003655e-003 0. 0. 0. 2.32516031e-004 0. -5.29949575e-005
    -3.97384982e-004 0. 0. 0. 0. 1.33758748e-003 9.93362442e-003 0. 0.
    0. 3.14293290e-003 0. 0. 0. -1.47986124e-004 0. 5.62497089e-003 0.
    0. 0. 0. 5.33599360e-003 0. 0. 0. 0. 5.30682830e-003 0.
    5.66487259e-004 0. 0. 0. 0. 0. 0. 0. 0. 2.81245657e-003
    6.14138693e-003 4.03262442e-003 4.97347582e-003 0. 0. 0.
    1.40993902e-003 1.28055282e-003 1.41077896e-003 2.96026166e-003
    6.91555114e-003 -1.77911331e-003 0. 0. 2.77618179e-003
    8.68596486e-004 0. 0. 1.40062142e-002 0. 0. 4.38875565e-003 0. 0.
    -5.68317715e-004 1.29665749e-003 6.07169513e-003 0. 0. 0. 0.
    9.72571969e-003 0. 0. 0. 2.15275306e-002 -6.16900797e-004 0.
    1.24960917e-003 0. 0. 0. 0. 0. 6.13846816e-003 0. 1.35986204e-003 0.
    0. 3.37210996e-003 0. 0. 0. 4.26770654e-003 9.88255953e-004
    1.61512580e-003 0. 0. 0. 0. 0. 0. 2.18036515e-003 0. 1.52031111e-003
    0. 0. 0. 0. 0. 0. 0. 0. -3.66495515e-004 0. 0. 0. 0. 2.31065927e-003
    8.67418293e-003 0. 0. 2.15240289e-002 1.34537334e-003 0. 0. 0.
    3.49447317e-003 0. 0. 4.51221305e-004 0. 0. -5.26637479e-004
    1.82497490e-003 0. 9.80906552e-005 4.71521489e-004 -3.49830929e-003
    4.24726022e-004 0. 0. 0. 0. 0. 1.23122253e-003 0. 0. 1.94214727e-003
    0. 0. 1.00862898e-003 2.02756887e-003 0. -1.43967380e-004 0. 0.
    3.93760856e-003 1.65908644e-003 9.78777418e-004 1.34845749e-002 0.
    0. 0. 0. 4.03718185e-003 0. 2.67298310e-003 9.35345073e-004
    8.81110504e-003 0. 0. 0. 0. 0. 6.03081193e-003 1.56044355e-003 0.
    5.24015259e-003 7.64536904e-004 1.13800575e-004 -1.73019362e-003 0.
    0. 0. 0. 0. 0. 6.96820254e-003 0. 0. 0. 3.05723934e-003 0.
    -9.62701859e-004 2.59547494e-003 0. -1.28884835e-003 0. 0. 0.
    -5.19484165e-004 0. -6.38628480e-005 0. 0. 0. 1.04252249e-003 0. 0.
    0. 0. 2.34281900e-003 0. 0. 0. 0. 0. 1.46736891e-003 0. 0. 0. 0. 0.
    0. 0. 0. 0. 0. 2.42905598e-003 2.40818132e-003 -2.13328190e-003 0.
    0. 0. 0. 0. 0. 0. 0. 1.08522235e-003 0. 2.05359911e-003 0.
    -3.53773794e-004 0. 0. 0. 0. 0. 0. 1.32792722e-003 0.
    5.22920070e-003 0. -1.05729164e-003 4.56702197e-003 1.23104621e-002
    -3.41521285e-004 0. 3.04691307e-003 1.13406556e-003 0.
    -3.79014714e-003 0. 0. 0. 0. 0. 0. 0. 0. 7.46533694e-003 0.
    2.96444283e-003 0. 0. 0. -7.14215741e-004 -9.85640218e-004 0. 0.
    9.33531858e-003 0. 0. 0. 0. 1.41767701e-002 0. 0. 0. 0. 0. 0. 0. 0.
    0. 0. 0. -3.94273884e-005 1.82494894e-003 0. 4.39310586e-003 0. 0.
    -1.78267085e-003 0. 1.37141545e-003 5.96459536e-003 0.
    -1.99654326e-003 0. 0. 0. 0. -4.12073248e-004 0. 1.25157996e-003 0.
    0. 0. 2.47735111e-003 0. 0. 0. 1.83023838e-003 0. 1.91060023e-003
    6.27626898e-003 1.26927076e-002 0. 9.44315176e-003 2.74312042e-004
    0. 0. 0. 1.35226408e-003 0. 0. 0. 3.51046957e-003 0.
    -1.12346010e-004 0. 0. 0. 2.82464246e-003 0. 8.11426900e-003 0. 0.
    -2.41455645e-003 0. 0. 0. 7.28538434e-004 0. 0. 1.42267870e-003
    5.13593433e-004 -2.76645483e-003 0. 0. 0. 1.02766920e-002 0.
    2.48526759e-003 -2.25136313e-003 0. 0. 0. 4.94983420e-003
    3.17514263e-004 0. 3.92899988e-003 3.01657943e-003 2.27867789e-003
    0. -4.44610021e-004 0. 0. 1.63648289e-003 0. 5.31769544e-003
    8.09415616e-003 -3.22426320e-004 0. 3.59462015e-003 0.
    2.01949244e-003 3.28635937e-003 0. 0. 5.44580212e-003 0. 0. 0. 0. 0.
    6.59729075e-003 4.60899714e-003 0. 0. -1.70710031e-004
    3.89120862e-004 1.60111068e-003 0. 0. 7.38712959e-003 0. 0. 0.
    1.17794401e-003 4.04239818e-003 0. 1.72459881e-003 0. 0. 0.
    3.27737164e-003 0. 5.80945238e-003 0. 7.03288766e-004
    1.77990983e-003 9.05505498e-004 5.39175607e-003 -7.30327622e-004 0.
    5.74252848e-003 5.75571507e-003 4.19164589e-003 0. 0. 0.
    4.00318386e-004 1.03969802e-003 0. 1.50244182e-003 -9.22655279e-004
    3.14674020e-004 4.10766294e-003 0. 1.07008382e-003 1.29560742e-003
    1.02364095e-002 0. 0. 0. 0. 0. 0. 2.35055829e-003 0. 0.
    5.68297179e-003 0. 0. 2.51655094e-003 3.95638542e-003
    2.81683193e-003 0. 0. 2.13506934e-003 2.99424795e-003 0. 0. 0. 0. 0.
    0. -9.75832867e-004 0. 0. 0. 0. 0. 0. -1.44212507e-004 0. 0.
    9.31012735e-004 0. 0. 0. 0. 0. 0. 0. 0. 1.01204375e-002 0.
    4.51367162e-003 0. 0. 0. 0. 0. 2.67888163e-003 0. -2.07354300e-004
    0. 0. 2.92194914e-003 2.34838249e-003 -5.88358147e-004
    5.07112453e-003 0. 0. 0. 0. 0. 1.89338112e-003 0. 0. 1.60582038e-003
    -3.38579703e-004 0. 1.52726483e-004 5.00528933e-003 0.
    6.08836394e-003 0. 0. 0. 1.44926715e-003 0. 0. 0. 0. 0. 0.
    1.72083037e-005 0. 0. 4.16401867e-003 3.90771870e-003 0.
    4.56932699e-003 0. 0. -7.52829190e-004 0. 0. 3.72633105e-003
    4.06737532e-003 -5.01081347e-004 8.14894011e-005 4.60042065e-004 0.
    0. 1.99661823e-003 0. -5.15075335e-005 0. 0. 0. -7.42217017e-005 0.
    0. 1.33274391e-003 0. 0. 3.89076676e-003 3.28064850e-003 0.
    1.27049873e-003 1.87639205e-003 0. 0. 0. 0. 0. 2.26521585e-003 0. 0.
    0. 0. 0. 0. 1.13306637e-003 0. 0. 0. 4.33881860e-003 0.
    5.45511208e-003 8.97243340e-003 1.49332953e-003 0. 0.
    2.49542692e-003 9.45075357e-004 1.18401821e-003 0. 0.
    1.32859102e-003 0. 5.88814681e-003 0. 0. -3.87394160e-004
    1.55829114e-003 1.02493016e-003 0. 0. 0. 0. 2.73708394e-003 0. 0. 0.
    0. -6.30905386e-004 0. 2.66468944e-003 0. 0. 3.55115253e-003 0. 0.
    0. 1.98886916e-003 0. -2.52325018e-003 7.13569997e-003 0.
    1.42975978e-003 0. 0. 0. -1.16594590e-003 0. 0. 0. 0. 0.
    2.86860694e-003 0. 0. 0. 6.22933439e-004 0. 0. 0. 0. 2.65052775e-003
    6.29013928e-004 0. 1.44206756e-003 2.60686991e-003 0. 0.
    1.12100504e-003 1.14891422e-003 3.13508068e-003 1.97540023e-004 0.
    0. 2.27540359e-003 4.59248852e-003 0. 2.31403182e-003 0.
    4.86346055e-003 1.51460862e-003 0. 2.01258692e-003 0.
