<?xml version="1.0"?>
<opencv_storage>
<imageDescriptor type_id="opencv-matrix">
  <rows>1</rows>
  <cols>1000</cols>
  <dt>f</dt>
  <data>
    0. 0. 0. 0. 1.56845979e-003 1.29523757e-003 0. 0. -8.88692390e-004
    0. 0. 0. 0. 0. 2.46032444e-003 0. 0. 1.25013664e-003 0. 0. 0. 0.
    8.47821496e-003 0. 3.22815357e-003 0. -7.72539061e-005 0. 0. 0.
    2.32656905e-003 0. 0. 0. 2.58141616e-003 0. 1.85726176e-003 0.
    -1.84368226e-003 0. 1.32565357e-004 0. 0. 2.55673751e-002 0. 0. 0.
    0. 0. 1.34758395e-003 0. 0. 1.56620808e-003 2.74444069e-003
    2.63950485e-003 0. 4.79020673e-004 0. 2.89095740e-004 0. 0. 0.
    -1.14489021e-003 1.18279294e-003 0. 0. -1.45916513e-003 0.
    -6.05464389e-004 0. 0. 2.06223666e-003 0. 0. 1.40943769e-002
    2.11422541e-003 2.56529800e-003 1.22440129e-003 -2.97044264e-003
    6.78041764e-003 0. 0. 0. 0. 9.17917292e-004 0. 0. 0. 1.95997581e-003
    0. 2.40067719e-003 2.39637238e-003 -1.06277736e-003 1.00908277e-003
    0. -4.05615028e-005 1.28918968e-003 9.76258330e-003 -8.12356942e-004
    4.21349471e-003 0. 0. 0. 0. 0. 2.42622290e-003 0. 0. 0.
    1.29551627e-003 0. 0. 0. 0. 0. 3.42493760e-003 0. -2.54080573e-004
    0. 8.36177915e-003 5.98669704e-003 0. 0. 0. 8.00956273e-004 0.
    1.77502423e-003 -2.88815383e-004 2.27019330e-003 5.22815902e-003
    5.58774639e-003 2.06583110e-003 0. 0. 0. 0. 6.74073410e-004 0.
    3.07270163e-003 0. 0. 0. 8.94565368e-004 0. 0. 0. 0. 0. 0. 0.
    -4.00478812e-003 0. 0. 2.05279421e-002 0. 2.81303236e-003 0.
    -3.00370855e-004 0. 4.88028768e-003 0. 0. 0. 2.86544557e-003 0.
    1.24369084e-003 0. 0. 0. 8.80541652e-003 0. 6.17129914e-003
    9.62423044e-004 7.50954589e-003 -1.90026965e-003 0. 0. 0. 0.
    6.43597159e-004 4.70136013e-003 0. 0. 0. 0. 0. 3.95126967e-003 0. 0.
    0. 0. 2.14544055e-003 8.19046472e-005 5.14320284e-003 0. 0. 0. 0. 0.
    1.22590559e-002 5.85841108e-003 0. 0. 0. 0. 0. 0. 0. 3.19839362e-003
    0. 0. 0. 0. 0. 2.19912408e-003 0. 0. 0. 3.34643270e-003 0. 0. 0. 0.
    0. 0. 0. 0. 0. 6.86940795e-004 0. 0. 0. 0. 9.60359629e-003
    1.37241615e-003 0. 6.97244977e-005 0. 0. 0. 0. 2.47542700e-003
    1.10667367e-002 0. 0. -9.13473370e-004 0. 3.74933961e-003
    -3.31833540e-003 2.48453021e-003 0. 0. 5.78426407e-004
    2.14117067e-003 8.26272735e-005 -1.12392753e-003 3.06755188e-004
    2.60685780e-003 0. 1.18532386e-002 1.98288297e-004 0. 0.
    2.45430204e-003 0. 0. 7.64978118e-003 0. 0. 1.41955144e-003 0.
    3.73324519e-003 0. 1.98782305e-003 0. 0. 0. 0. 0. 0.
    -4.52996232e-004 8.42852576e-004 0. 1.43677350e-002 1.47430296e-003
    0. 0. 0. 0. 0. -1.43479556e-004 0. 2.64587277e-003 0.
    6.73966017e-003 0. 2.24902038e-003 2.71309330e-003 0.
    2.23842144e-004 0. 5.65826194e-003 0. -1.84085744e-003
    2.40672566e-003 0. 6.42798748e-003 0. 0. 0. 0. 0. 0. 0. 0. 0. 0.
    -3.03299190e-003 0. 0. 0. 1.94683543e-003 0. 0. 5.60907368e-003 0.
    6.69984939e-003 0. 2.14150664e-003 0. 0. 4.72671585e-004 0.
    6.07413647e-004 0. 0. 1.10614137e-003 0. 0. 0. 0. 0. 3.92309506e-004
    0. 1.60539185e-003 0. 6.30200608e-003 4.55830526e-003 0.
    3.36115249e-003 0. -2.40648678e-003 3.82204354e-003 5.63519401e-003
    0. 0. 4.11829120e-003 0. 0. 0. 9.99063603e-004 0. 0. 2.10654293e-003
    0. 1.07209606e-003 1.96416909e-003 8.78182799e-003 9.90923028e-004
    7.31736468e-003 3.32342391e-003 6.75528951e-004 0. 1.17962132e-003
    -1.37655681e-003 -2.06715008e-003 3.68417264e-003 0. 0.
    2.06464692e-003 3.17011436e-004 2.93342571e-004 0. 0.
    1.08730663e-002 0. 0. 0. 9.07852314e-004 0. 5.78452818e-005 0. 0.
    1.34311023e-003 5.13465330e-003 0. -1.71461143e-003 0. 0.
    1.29627506e-003 0. 2.38054735e-003 8.79466068e-004 0. 0. 0.
    -3.06023890e-003 0. 0. 0. 0. -1.41514803e-003 1.98570942e-003 0. 0.
    0. 1.33519815e-002 7.65833014e-004 2.85796891e-003 6.55102893e-004
    0. 0. 0. 0. 0. -5.96181955e-003 4.21961682e-004 0. 0. 0. 0. 0. 0. 0.
    0. 0. 0. 0. -1.86599209e-003 0. 0. 1.24752359e-003 0.
    1.20582676e-003 0. 1.12381345e-003 3.55083449e-003 0. 0. 0. 0. 0.
    4.30048938e-004 1.68985699e-003 0. 0. 1.19774207e-003
    1.05092470e-002 2.30361521e-003 0. 0. 0. -1.60919619e-003 0.
    3.09939822e-003 9.56305361e-004 4.12668521e-003 0. 0. 0.
    5.70409466e-004 -1.21313462e-003 0. 3.89147084e-003 0. 0. 0. 0.
    -6.73960953e-004 0. 0. 0. 0. -2.69027601e-004 0. 0. 3.69976135e-003
    0. 0. 0. 0. 0. 0. 3.93686612e-004 6.40764119e-005 -1.87583873e-003
    0. 6.23199483e-003 0. 0. 0. 0. 0. 0. 0. 0. 0. 0. 0. 0. 0. 0. 0.
    1.12654278e-002 3.37143918e-003 8.12863000e-003 0. 0.
    6.45640027e-003 0. -1.68041632e-004 7.46015721e-005 0.
    1.26650883e-003 0. 1.92430016e-004 0. 1.93148607e-003
    -3.94855379e-005 0. 0. 1.33035355e-003 0. 0. 0. 0. 9.92230978e-003
    1.71065307e-003 3.23930802e-003 0. 5.27932635e-003 0.
    1.23652210e-003 -4.40617185e-003 0. 0. 0. 0. 0. 5.51243080e-003
    -1.81653551e-004 1.70597900e-003 0. 2.10356340e-003 0. 0. 0. 0.
    7.84290547e-004 -1.40435668e-005 0. 0. 1.18454387e-002
    8.18181597e-003 1.14873713e-002 0. 4.34519164e-003 0. 0. 0.
    8.49571545e-004 0. 0. 0. 1.33233203e-003 0. 0. 0. 0. 6.48648338e-003
    0. 0. -5.57729159e-004 2.49721808e-003 0. 0. 1.43301731e-003 0. 0.
    0. 3.19168204e-003 0. 0. -7.77794106e-004 0. 1.12948287e-003
    -5.64818503e-004 0. 0. 0. 2.41015758e-003 0. 0. 0. 0. 0. 0. 0. 0. 0.
    0. 0. 0. 6.08904380e-003 0. 0. 0. 0. 0. 0. 0. 2.37888671e-004 0. 0.
    0. 0. -9.99696422e-005 0. 1.13830809e-002 0. 5.53797814e-004 0. 0.
    0. 0. 6.64439099e-003 5.98389702e-003 0. 0. 0. 0. 0. 6.92432187e-003
    0. -2.46539200e-003 0. 4.65986086e-003 4.45359061e-003
    3.16852797e-003 0. 0. 0. 0. 0. 0. -1.14463328e-003 0. 0.
    5.95074706e-003 5.83466608e-003 0. 0. 0. 0. 0. 0. 4.96189483e-003 0.
    0. 1.23525073e-003 0. 0. 0. -8.88107170e-004 0. 0. 5.42282360e-003
    0. 0. 0. 0. 4.66202525e-003 0. 0. 0. 0. 1.70833315e-003
    -5.31294965e-004 9.44697589e-004 1.25918756e-004 0. 0. 0. 0. 0. 0.
    0. 0. 0. 0. -1.33004948e-003 5.11205348e-004 0. 0. 0. 0. 0. 0. 0. 0.
    1.85386755e-003 0. 0. 0. 1.62056871e-002 0. 0. 2.65959697e-003 0.
    7.18972064e-004 2.59271800e-003 3.85815831e-004 0. 5.19253255e-004
    -1.40420988e-003 0. 0. 4.62553930e-003 0. 9.40614473e-003 0. 0. 0.
    0. 0. 1.04384008e-003 0. 1.50634046e-003 0. 2.43829592e-004
    -2.53788568e-003 -3.85493186e-004 9.21823271e-003 0. 3.77300219e-003
    1.16909575e-002 0. -2.11612694e-003 0. 0. 0. 0. 0. 0.
    -4.24606900e-004 2.49111373e-003 0. 0. 0. 0. 7.63918972e-003 0.
    -5.59472828e-004 0. 0. 0. 0. 0. 0. 0. 0. 0. 0. 0. 0. 0.
    5.25413733e-003 0. 0. 5.63368388e-003 0. 5.92178386e-003
    1.02705869e-003 0. 4.89252061e-003 5.00845723e-004 0.
    1.33951881e-003 0. 0. 0. 8.18716828e-003 -3.16193490e-003 0. 0.
    5.60073461e-003 2.02833302e-003 0. 4.12245106e-004 1.16381841e-003
    3.44526884e-003 -1.11561618e-003 0. 0. 0. 0. 8.57541524e-003 0. 0.
    -1.55912188e-004 0. 1.01166319e-004 0. 0. 3.77576146e-003
    7.23858422e-004 0. 5.13479579e-003 0. 5.39791444e-003
    5.32211689e-003 1.00900943e-003 0. 0. 0. 0. 0. 0. 0. 0. 0. 0. 0. 0.
    6.25535892e-003 1.87819172e-003 0. 0. 0. 0. 1.10319437e-004
    2.72622355e-003 0. 0. 0. 2.03350885e-003 0. 0. 0. 3.23073124e-003 0.
    0. 1.75233721e-003 7.06039544e-004 8.29330366e-003 0. 0. 0.
    1.19645835e-003 0. -3.06200120e-004 1.48922787e-003 6.75458135e-003
    0. 1.77151710e-002 0. 0. 0. -9.01623207e-005 0. -1.40708114e-003
    2.22096452e-003 0. 1.08279404e-003 0. 0. 0. 1.36585743e-003 0. 0.
    9.86544974e-003 6.49578264e-003 0. 0. 0. 0. 0. 0. 0. 0. 0. 0. 0. 0.
    0. 0. 0. -6.09600276e-004 0. 0. 0. 0. 0. 0. 8.48111580e-004 0.
    1.49017188e-003 0. 1.51259778e-003 0. -3.91709013e-003 0.
    1.60410313e-003 0. 0. 0. 0. 0. 0. 0. 0. 0. 0. 3.76127614e-003 0. 0.
    0. 2.05308311e-002 -4.29963169e-004 0. 0. 3.02864448e-003 0. 0. 0.
    0. 2.95555941e-003 0. 0. 2.50439439e-003 0. 1.28285284e-003 0. 0. 0.
    0. 2.19154730e-003 5.82114514e-003 0. 0. 0. 1.83354330e-003
