<?xml version="1.0"?>
<opencv_storage>
<imageDescriptor type_id="opencv-matrix">
  <rows>1</rows>
  <cols>1000</cols>
  <dt>f</dt>
  <data>
    1.03286188e-003 0. 0. 5.30984858e-003 0. 0. 8.14285246e-004
    1.48915714e-002 5.31346537e-003 0. 0. 4.58903704e-003
    -6.87170599e-004 8.35973653e-004 0. 0. -4.94912441e-004 0. 0. 0.
    -2.51815189e-003 -2.13360786e-003 0. 0. 6.40135317e-004
    5.99961914e-003 -7.97918066e-004 1.28205912e-003 0. 0.
    2.80237081e-003 6.01086253e-003 0. 0. 2.12800689e-003
    2.43744673e-003 1.84849335e-003 5.23704477e-003 2.13535526e-003
    1.09790824e-002 0. -4.60647978e-004 0. 0. 4.47191205e-003
    -3.44849774e-004 3.46125499e-003 6.66089356e-003 0. 0.
    5.03659830e-004 6.24808390e-003 0. 0. 0. 1.45174272e-003 0. 0.
    5.39856870e-003 0. 1.68689445e-003 0. 0. 0. 0. 0. 0. 0.
    4.96120611e-003 0. 0. 5.33271069e-003 0. 0. -1.01486927e-004 0. 0.
    1.45407394e-003 0. 2.05482286e-003 0. 0. 5.03463298e-003
    2.05488037e-003 1.11969723e-003 1.34414504e-003 0. 0.
    7.49886211e-004 1.11518230e-003 0. 0. 0. -1.64488243e-004 0.
    2.22434755e-003 0. 0. 1.31898711e-003 0. 0. 0. 0. -1.01379119e-004
    1.51501084e-003 0. 0. 9.87742189e-003 0. 1.65677990e-003 0. 0. 0. 0.
    0. 0. 0. 3.09754768e-003 0. 2.06185458e-003 1.52547634e-003 0.
    6.13072934e-003 6.07509632e-003 0. 0. 4.20025783e-003
    9.77596617e-004 -1.61342160e-003 2.69661704e-003 2.66506500e-003 0.
    -4.50344582e-004 -1.42774731e-003 1.60766067e-003 0. 6.46393979e-004
    -7.74124579e-004 3.09841870e-003 3.47939809e-003 0. 0. 0.
    -5.93118311e-004 -2.65822303e-003 0. 0. 1.46693771e-003
    1.05494484e-002 0. 0. 0. 2.01984541e-004 0. 7.98370631e-004 0.
    8.95816833e-003 0. -1.30368175e-003 0. 0. 0. 0. -9.27443307e-006
    7.14972732e-004 0. 1.66466006e-003 2.18338636e-003 0. 0. 0. 0. 0. 0.
    1.38863747e-003 0. 0. 0. 1.29570777e-003 2.57634906e-006 0. 0. 0. 0.
    0. 0. 0. 1.16412644e-003 0. 0. 0. 0. 0. 6.44374755e-004
    5.48538752e-003 -2.65738374e-004 0. -7.43162236e-004 4.68502427e-003
    1.42429187e-003 0. 3.60656437e-003 3.01663624e-003 -2.14973418e-003
    -1.39232911e-003 0. 0. 1.08518032e-002 0. 2.03510979e-003
    1.75401953e-003 -1.21897506e-003 0. 0. 0. 0. 0. 4.08370513e-003 0.
    0. 1.59729458e-003 3.77875549e-005 0. 0. -4.07770742e-004 0. 0. 0.
    0. 6.83312956e-003 1.46189949e-003 4.88042040e-003 1.36297871e-003
    0. 2.81266076e-003 0. 0. 0. 0. 3.11256200e-003 9.26568825e-003 0.
    4.10167908e-004 9.67945496e-004 0. 0. 1.04742302e-002 0.
    7.43332971e-003 1.96395861e-003 0. -1.90476107e-003 0. 0.
    2.59356061e-003 0. 0. 0. 0. 1.62579454e-004 0. 0. 6.07212912e-003
    5.10783808e-004 0. 0. 0. 2.66197463e-003 1.80429860e-003 0. 0. 0. 0.
    2.41075270e-003 5.83054731e-003 0. 0. 0. 0. 7.70828873e-003 0.
    4.68143728e-003 0. 0. 1.94204990e-002 0. 1.18370773e-003 0. 0.
    6.52293023e-003 2.03196472e-003 0. 0. 0. 7.54909241e-004
    1.94878262e-002 0. 0. 0. 0. -5.47895033e-005 0. 4.10910370e-003 0.
    0. 8.16170534e-004 0. 1.76018826e-003 0. 1.23386411e-002
    3.13104410e-003 0. 0. 0. 4.27833246e-003 0. 0. 0. 0. 1.06250285e-003
    0. 0. -1.22710451e-004 0. 8.38793116e-004 0. 0. 1.15497585e-003
    2.93312292e-003 -4.15558490e-004 0. 0. 0. 2.92248698e-003
    2.28366372e-003 0. 7.85509823e-004 1.38006860e-003 6.10465044e-003
    0. 8.88018636e-004 -1.67509681e-003 0. 0. 2.83691054e-003 0. 0.
    7.26092723e-004 0. -1.43650232e-003 1.39601703e-003 0. 0.
    1.32146839e-003 0. 0. 0. 2.03689211e-003 0. 7.77554745e-003
    3.77327180e-003 1.15033565e-003 1.00407861e-002 2.68633780e-003 0.
    0. 0. 2.51594116e-003 0. 0. 5.65452501e-003 0. 1.00598438e-004
    2.20151013e-003 3.13045061e-003 0. 0. 5.09909913e-003
    -5.23922150e-004 3.81668634e-003 0. 0. 8.21867306e-003 0.
    1.65369106e-003 0. 0. 0. 0. 0. 0. 0. 3.16227507e-003 3.16977501e-004
    0. 1.47591869e-003 2.68638018e-003 3.13489872e-004 4.93904948e-003
    0. 0. 4.64012753e-003 1.68352656e-003 1.17855423e-004 0. 0. 0. 0. 0.
    2.03057029e-003 3.40860715e-004 2.98532075e-003 0. 2.92661111e-003
    1.59978255e-004 2.17088126e-003 0. 0. 0. 1.67386985e-004 0.
    4.48486907e-003 0. 0. 0. 0. 0. 8.49086139e-003 0. 0.
    -6.22289721e-004 0. 0. -7.66571495e-004 0. 0. 4.66000661e-003
    -8.45111557e-004 0. 9.23569431e-004 -7.56429858e-004 7.91455153e-004
    1.39141595e-003 2.50865379e-003 0. 0. 0. -3.49012087e-004
    1.06346365e-002 0. 0. 3.56141361e-003 0. 0. 0. 0. 0. 2.59100983e-004
    0. 0. 0. 7.43954070e-003 0. 2.22359857e-004 -1.80355564e-003
    1.30750181e-003 0. -9.42992396e-004 4.42415068e-004 0.
    2.19302354e-004 2.85721174e-003 0. 0. 0. 0. 0. 2.09242268e-003
    -1.73716719e-004 8.34742840e-003 0. 0. 0. 2.55000126e-003
    1.00760965e-003 2.28785281e-003 0. 1.78629206e-003 0.
    7.90086633e-004 1.10898996e-002 0. 0. 0. 0. -1.05862098e-003 0. 0.
    -1.09500426e-003 0. 0. 1.96560123e-003 0. 0. 0. 0. 2.89639784e-003
    0. 0. 3.97455224e-005 8.08595587e-003 1.88115926e-004
    2.05663964e-003 0. 2.96416786e-003 5.26814302e-003 0.
    4.39186068e-003 0. 0. -7.57740403e-004 2.38682114e-004
    4.77042748e-004 0. 4.99069400e-004 0. 0. 1.09602883e-002 0. 0. 0.
    -4.83959506e-004 2.13536806e-003 5.63822081e-003 4.86981869e-003 0.
    4.72687325e-003 5.86670416e-004 0. 0. -6.72200113e-004
    4.98743309e-003 0. 0. 7.76969828e-003 0. 0. 0. 0. 0. 3.04460758e-003
    5.64554287e-003 0. 0. 0. 1.50426710e-003 1.28376903e-003
    2.28272984e-003 -4.13057441e-003 0. 0. 0. 3.91621434e-004 0. 0.
    1.02576651e-002 6.21986634e-004 0. 0. 3.81629099e-003 0. 0. 0. 0. 0.
    0. -9.39034217e-004 0. 3.15627200e-004 0. 4.14302247e-003 0.
    1.44693330e-002 0. 0. 8.54729791e-004 0. 2.92970520e-003
    1.24612811e-003 0. 7.30879558e-003 0. 0. 0. 0. 2.10147747e-003 0. 0.
    0. 1.62354822e-003 0. 0. 0. 0. 8.88170768e-003 0. 0. 1.06258960e-002
    1.69121858e-003 3.07464786e-003 0. 0. 0. 0. 0. 0. 0. 1.23467750e-003
    2.89680832e-003 0. 0. -1.14161440e-003 -4.43350233e-004 0.
    5.39799733e-003 0. 0. 0. 0. 0. 0. -1.12752325e-003 3.64631019e-003
    -2.72704812e-004 0. 0. 0. -6.45470049e-004 0. 5.35975723e-003
    5.60733350e-003 -6.01417967e-004 3.57724819e-003 -2.18302055e-004 0.
    0. 9.60381411e-004 0. 0. 0. 0. 0. 1.20751990e-003 0.
    -6.98435702e-004 0. -9.85198421e-004 1.14163884e-003 1.79946935e-003
    2.33807194e-004 0. 0. 0. 0. 0. -2.77217885e-004 0. 0. 0.
    4.04040649e-004 0. 0. 0. 5.98122878e-003 0. 0. 0. 0. 0.
    4.20425646e-003 0. -6.89897395e-004 0. 0. -1.15614082e-003 0. 0. 0.
    4.65799676e-004 0. 0. 0. 0. 0. 1.98382209e-003 3.62652540e-003 0.
    -7.13082962e-004 0. 0. 0. 2.92296009e-003 2.73420801e-003
    1.82967563e-003 0. 0. 2.58627255e-003 2.85075541e-004 0. 0. 0. 0. 0.
    9.10646108e-004 2.64199945e-004 0. -2.78176798e-004 1.19798770e-003
    0. 0. 6.51883055e-003 0. 1.50064554e-003 0. -2.87517998e-003 0. 0.
    0. 1.20080740e-003 0. 1.30965002e-003 0. 0. 1.25192839e-003 0. 0.
    1.60206822e-004 0. 0. 0. 5.34865120e-003 0. 0. 0. 0.
    -9.15457378e-004 0. 0. 6.03342429e-003 1.32784003e-003 0. 0.
    5.74256468e-004 0. 7.26339221e-003 0. 1.54272799e-004 0. 0. 0. 0. 0.
    0. 2.04577786e-003 0. 0. 0. 0. 0. 0. 0. 6.04508352e-003
    -1.27903966e-003 0. 7.72392750e-003 0. 3.67852859e-004 0.
    2.22599553e-003 0. 0. 7.19391974e-003 0. 0. 0. 0. -1.86252105e-003
    1.26102695e-003 8.07093456e-004 0. 3.81580321e-004 7.54157966e-003
    0. 0. 0. 6.88464846e-004 0. 0. 0. 0. 0. 0. 8.90059210e-003
    2.89611844e-003 0. 0. 4.05947398e-003 0. 0. 5.09350048e-003
    4.54075541e-003 1.25058624e-003 0. -2.53601954e-003 -1.44994445e-003
    0. 1.84958125e-003 2.11134413e-003 8.07783660e-003 6.60848396e-004
    0. 0. 8.37067422e-003 -5.17408946e-004 0. 1.76880811e-003 0. 0.
    1.57757441e-003 3.06533882e-003 0. 0. 0. 0. 5.66130795e-004
    1.83067145e-003 2.70004570e-003 1.16758689e-003 0. 0. 0.
    1.10827433e-003 0. 0. 3.87818157e-003 0. 0. 0. 0. 0. 5.81371365e-003
    0. 4.10849741e-003 2.45655188e-003 1.23286608e-003 0.
