<?xml version="1.0"?>
<opencv_storage>
<imageDescriptor type_id="opencv-matrix">
  <rows>1</rows>
  <cols>1000</cols>
  <dt>f</dt>
  <data>
    0. 0. 0. 0. -6.35233591e-005 0. 2.48196814e-003 0. 4.49915417e-003
    0. 0. 0. 3.37572442e-003 0. 0. 0. 0. 0. 0. 7.71537772e-004
    -1.00324454e-003 0. 0. -5.35510364e-004 0. 0. 3.20792105e-003
    -1.00355141e-003 2.35298555e-003 0. 3.31995165e-004 3.10524949e-004
    0. 0. 0. 3.13724694e-003 0. 0. 0. -5.77659637e-004 0. 0. 0. 0. 0. 0.
    5.33217099e-004 1.37295690e-003 1.18068441e-004 0. -3.62070452e-004
    -7.59465795e-004 0. 3.78331821e-003 0. 0. -1.87198957e-003
    -1.10395509e-003 0. 0. 0. 0. 0. 1.07111398e-003 0. 0.
    1.07331877e-003 0. 1.57276794e-004 3.70606850e-003 0.
    -2.00350792e-003 -1.27610532e-004 0. 0. 0. 1.26600498e-002
    2.89587234e-003 1.51222374e-003 0. -6.36856828e-004 0.
    -6.77624077e-004 -1.18046952e-003 9.82166850e-004 1.15245394e-002 0.
    3.11399181e-003 0. 2.12639128e-003 4.07371903e-003 0.
    -1.23826123e-003 2.96634692e-003 0. 0. 3.59827094e-003 0.
    1.76924234e-003 0. 0. 1.30738243e-002 0. 0. 0. 0. 0. 0. 0.
    -1.24670879e-003 0. 0. 0. 0. 2.30672435e-004 0. 1.28571242e-002 0.
    1.26874819e-002 2.33433419e-003 0. 0. 0. 2.93417159e-003 0.
    5.01992786e-003 0. 0. 0. 0. 0. 0. 1.93589993e-004 0.
    -1.04851286e-004 -1.37008878e-003 1.09737013e-002 0. 3.62393004e-003
    0. -2.65473034e-004 -7.61030882e-004 -5.85131231e-004 0.
    4.31063199e-005 0. 0. -9.64987383e-004 2.36078119e-003
    -7.44899735e-004 0. 1.13821588e-003 0. 0. -1.52729556e-003
    1.37046380e-002 2.20657350e-003 0. -1.18398666e-003 -1.80531433e-003
    0. 0. 0. -1.73440180e-003 0. -4.71846608e-004 0. 0. 0. 0.
    -9.89885768e-004 -2.51542567e-003 0. 0. 1.71984523e-003 0.
    1.65972998e-003 8.94826837e-004 0. 0. 0. 0. 0. 0. 0.
    -1.93184079e-003 0. 0. 0. 4.45497397e-004 0. 0. -9.59993049e-004 0.
    0. 0. 0. 0. 0. -3.48116062e-003 7.18606915e-003 3.20761045e-003
    2.55975616e-003 0. 0. 0. 0. 0. 0. 0. 0. 0. 0. 1.13651743e-002 0. 0.
    8.76982324e-003 0. 0. 1.42745173e-003 0. 0. 0. 0. 1.89119447e-002
    -7.28804211e-004 0. 0. 0. 0. 0. 0. -3.02445632e-003 0. 0. 0.
    -1.93913153e-003 2.30360683e-003 0. 2.22265534e-003 1.58619303e-002
    0. 0. 0. -1.48086436e-003 0. 0. 7.15779141e-003 0. 0.
    3.66704725e-003 0. 0. 0. 0. 0. 0. 0. -1.47629366e-003 0. 0.
    9.44032625e-004 0. 0. 4.41946043e-003 0. 0. 3.33382539e-003 0. 0. 0.
    0. 3.26542160e-003 0. 0. 0. 0. 2.71087768e-003 0. 1.50428584e-003
    1.25688044e-002 0. 0. 0. 0. 1.34641128e-002 0. 0. 0.
    -9.91308945e-004 0. -1.29888314e-004 0. 0. 1.44980745e-002
    -1.42450945e-003 0. 0. 0. 0. 9.44194384e-004 0. 1.14960724e-003 0.
    0. 0. -5.08315675e-003 -1.54458452e-003 5.08474011e-004 0. 0.
    1.43345231e-002 0. 0. 0. 7.79057201e-003 0. 8.60890187e-003
    3.38605460e-004 0. 3.38318083e-003 1.78500428e-003 1.22900624e-002
    0. 0. 6.26947358e-003 0. 0. 0. 0. 9.95117612e-003 0. 0. 0.
    -3.95211653e-004 0. -2.08098465e-003 0. 9.61314130e-004 0.
    1.63499471e-002 0. 1.57377589e-003 0. 0. 0. 0. 1.45961773e-002 0. 0.
    3.72459041e-003 0. 0. 0. 0. 0. 0. 0. 8.30291945e-004 0. 0. 0. 0. 0.
    -2.78017105e-004 0. 2.61003431e-003 0. 0. 0. 0. 0. 0. 0. 0.
    -9.89009859e-004 -1.81827345e-003 -7.57736620e-004 0. 0. 0.
    6.91269117e-004 0. 8.35157372e-003 1.22956326e-002 0. 0. 0.
    -3.01799329e-004 0. 0. 0. 0. 3.50182061e-004 0. -1.39924989e-003
    2.14923581e-004 1.09596848e-002 0. 0. 0. -1.70531531e-003 0.
    1.52401812e-003 0. 0. 0. 1.40615869e-002 0. 0. 0. 1.27567025e-002 0.
    7.83356465e-003 0. 0. -8.32024729e-004 0. 0. 0. 1.01881679e-002 0.
    0. 0. -1.22604147e-003 0. 1.35249225e-003 0. 0. -6.14116259e-004 0.
    0. 0. 0. -1.98198017e-003 0. 8.78504664e-003 7.84210861e-004
    2.47866218e-003 0. 5.78900427e-003 0. 0. 0. 0. 0. 0. 7.71380309e-003
    0. 0. -1.76815502e-003 4.59581288e-003 1.57341510e-002 0. 0. 0. 0.
    0. 4.98351824e-007 0. 0. 0. 0. -5.21958631e-004 -8.29289260e-004 0.
    0. 0. 0. 3.28022009e-003 1.23386495e-002 0. 1.28252376e-002
    2.75296415e-003 3.63319251e-003 -1.26203930e-003 8.06950405e-003 0.
    8.57411604e-003 0. 0. 1.38830394e-003 0. 0. 0. 0. 0. 0. 0. 0.
    4.02071327e-003 -1.15258805e-003 1.01609936e-003 0. 1.13009466e-002
    0. 0. 0. 0. 0. 0. 0. 1.24498809e-004 0. 5.20717492e-003 0. 0.
    8.77702318e-004 -9.84352548e-004 0. 0. 1.00445943e-002 0. 0. 0. 0.
    -7.76408240e-004 0. 0. 0. 0. 2.57533393e-004 0. 8.51484574e-003
    9.43680946e-003 4.47536400e-003 0. 0. 0. 0. 0. 0. 0. 0.
    -1.10470434e-003 0. 0. 7.33003952e-004 0. 2.44464958e-003 0. 0.
    4.52385936e-003 1.66152231e-003 0. 0. 0. 0. -1.86740735e-003
    1.98316923e-003 0. 0. 0. 0. 0. 0. 0. 0. 0. 0. 1.98986428e-003
    1.41318771e-004 0. 0. -6.03058543e-005 4.90305247e-004 0. 0. 0. 0.
    0. 0. 0. -1.54406053e-003 0. 0. 0. 0. 0. 2.31270352e-003
    1.44490029e-003 -7.04884180e-004 -3.14411853e-004 1.21861044e-003 0.
    0. 0. 0. -3.28014314e-004 3.91513022e-004 0. 8.83049611e-003 0. 0.
    2.62740534e-004 0. 9.93819255e-003 -1.79538305e-003 0. 0. 0.
    1.71136856e-003 0. 0. 0. 0. 0. 0. 8.03008210e-004 0. 0. 0. 0.
    5.63745154e-003 0. 0. 0. 0. 1.07102015e-003 0. 0. 0. 0.
    -1.13345368e-003 0. 0. 0. 0. 0. 1.04174204e-003 4.76325396e-003 0.
    1.23126134e-002 -1.93896168e-003 0. 0. 0. 0. 0. 0. 0. 0. 0. 0. 0. 0.
    0. 0. 1.02709723e-003 -1.15646259e-003 0. 0. -3.33937060e-004
    1.10627001e-003 0. 1.37434341e-003 1.88977213e-003 0. 0. 0. 0. 0. 0.
    0. 0. 0. 0. 0. 0. 0. 0. -2.54769257e-004 0. -1.48468278e-003
    3.99018056e-004 9.44146700e-003 0. 1.39996391e-002 0. 0.
    1.20457904e-002 0. 0. 0. 0. -9.05446243e-004 0. 0. 0.
    -4.38444578e-004 0. 0. 0. 0. 0. 0. 0. -2.97456863e-003
    1.23168435e-002 0. 0. 0. -3.97426484e-005 0. 1.07739375e-004
    3.22737935e-004 6.84180486e-005 0. 0. 0. 0. 1.04484276e-003 0. 0.
    -4.25918307e-003 1.03945965e-002 0. 1.14540092e-003 0.
    9.41788405e-003 2.09045317e-002 0. 0. 1.07377050e-002
    3.98499612e-003 0. -1.48134888e-003 9.70884133e-003 -4.94383101e-004
    0. 0. 1.61375513e-003 0. 0. 0. 0. 0. 0. -1.84279995e-003 0. 0. 0.
    7.84433912e-004 5.89036942e-003 0. 2.50568008e-003 2.14955187e-003
    0. -1.72366342e-003 0. 0. 0. 0. 1.82767829e-003 1.08823478e-002 0.
    0. 3.81184975e-004 -3.41858412e-003 0. 0. 0. 6.48029288e-003
    -1.19608769e-003 0. 0. 0. 2.86764436e-004 0. 0. 0. 0. 0. 0. 0. 0. 0.
    0. 0. 0. 0. 0. 1.18548889e-003 0. 0. 2.06234888e-003
    -2.55054591e-004 0. 2.62471521e-003 -2.78760772e-003 0. 0.
    -5.83899615e-004 1.21755397e-003 0. 0. 0. 0. 1.99422170e-003 0. 0.
    0. 0. 0. 0. 0. 0. 0. 0. 0. 0. 0. 0. 0. 0. 0. -3.42659623e-004 0.
    1.83579884e-003 0. -4.09158092e-004 0. 0. 8.59591272e-003 0. 0.
    -6.67132495e-004 1.29282353e-002 0. 5.97102614e-003 0.
    5.15590981e-003 0. 0. -2.16466724e-004 1.45822717e-003 0. 0. 0. 0.
    0. -5.29227720e-004 0. 0. 0. -1.88553190e-006 0. 2.12315330e-003
    -2.22398830e-003 0. 0. 0. 0. 1.09629715e-002 0. 0. 0.
    1.01307901e-002 1.41366925e-002 3.16364318e-003 0. 1.14499005e-002
    0. -2.29583238e-003 0. 0. 0. 1.55492648e-002 2.88992864e-003 0.
    -6.55885960e-004 -1.04568072e-003 0. 0. 0. 0. 0. 1.79180608e-003 0.
    0. -1.59177522e-003 0. 0. 0. -2.48333113e-003 0. 0. 0. 0.
    -1.01292878e-003 0. 0. 0. 1.05338274e-002 0. -2.88320775e-003 0. 0.
    0. 2.65300565e-004 0. 0. 0. 8.11036490e-003 0. 0. 1.47900935e-002 0.
    8.67883861e-003 0. 1.23478429e-004 0. 0. 0. 0. 0. 0. 0. 0. 0. 0. 0.
    0. 0. 0. 0. 1.36954179e-002 1.24929948e-002 0. 0. 1.15093077e-002 0.
    0. 6.06272195e-004 0. -9.21752246e-004 0. 0. 0. 0. 0. 0. 0.
    -1.98435527e-003 0. 0. 0. 0. 0. 0. 0. 0. 0. 0. 0. 0. 0. 0. 0. 0. 0.
    1.57235116e-002 0. -4.22163808e-004 0. 0. 0. 0. 1.13562196e-002 0.
    0. 2.97210808e-003 -6.86616113e-005 0. 2.10893061e-002
    1.03688356e-003 -2.04617577e-003 0. 2.90935533e-003 1.15769440e-002
    0. 0. -9.06260568e-004 0. 0. 0. 0. 0. -1.63050531e-003 0. 0. 0.
