<?xml version="1.0"?>
<opencv_storage>
<imageDescriptor type_id="opencv-matrix">
  <rows>1</rows>
  <cols>1000</cols>
  <dt>f</dt>
  <data>
    2.90917512e-003 0. 0. 7.73578533e-004 -6.91146823e-004 0.
    1.22670680e-002 0. 1.84712640e-003 1.41297153e-003 0. 0. 0. 0. 0. 0.
    -1.55528460e-003 0. 0. 0. 5.42698661e-004 8.40430893e-003 0. 0. 0.
    0. 0. 0. 0. 0. 0. 1.92057085e-003 3.57509038e-004 0. 0.
    2.63339281e-003 0. 0. 2.74448190e-003 0. -1.08483946e-003 0.
    4.03911527e-003 7.54948065e-004 0. 0. 3.49348993e-003 0. 0.
    1.24244171e-003 0. 0. 0. 0. 0. 0. 0. 0. 5.54197060e-004
    9.94727598e-004 1.72016781e-003 0. 1.42609887e-003 2.85489368e-003
    0. 0. 5.15693054e-003 -3.77192366e-004 0. 0. -2.65805307e-003
    4.48328955e-003 0. 0. 0. 5.59042301e-003 3.26926645e-004
    5.18867048e-003 0. -3.92895890e-004 6.19101396e-004 0.
    7.38852052e-003 0. 0. 0. 0. 0. 0. 0. 3.87864769e-004 0.
    1.55032007e-003 -1.72711167e-004 0. 0. 2.40267767e-003 0.
    2.66580959e-003 0. 0. 0. 0. 0. 1.00487052e-003 1.94401969e-003 0.
    2.71332380e-003 0. -2.20482631e-004 4.96922527e-003 0. 0.
    5.78936376e-003 2.57687736e-003 0. 2.73919944e-003 0. 0.
    5.87863440e-004 0. 2.04650732e-003 1.26073649e-002 6.14362594e-004
    0. 0. 0. 0. 4.76253079e-003 2.45015952e-003 8.90939031e-004
    -9.47917637e-004 0. 0. 0. 3.38335033e-003 0. 1.45781715e-003 0.
    -1.97308976e-003 0. 2.98342248e-003 0. 0. 0. 6.98360708e-003 0. 0.
    6.58914493e-003 1.38115603e-004 2.86564301e-003 0. 0.
    9.19544324e-003 0. 0. -7.26890052e-004 1.59467221e-003
    2.44666566e-003 4.08700714e-003 1.50514487e-003 0. 0.
    6.09352835e-004 0. 1.88531203e-003 0. 0. 0. 0. 0. 0. 0. 0.
    5.32571785e-003 0. 0. 1.94760202e-003 0. 0. 0. 0. 4.54212632e-003 0.
    1.45791098e-003 2.17925059e-003 7.39482511e-003 1.81391730e-003 0.
    0. 0. 0. 8.50395113e-003 1.81839045e-003 0. 2.46806187e-003 0.
    1.60897197e-003 0. 1.44797517e-003 2.55685602e-003 0. 0. 0. 0. 0.
    1.18240004e-003 0. 0. 0. 0. 2.19436898e-003 0. 1.78636948e-003 0.
    -9.78926546e-004 0. 0. 0. 0. 0. 0. 1.11895788e-003 0.
    1.58921955e-003 0. 0. 8.55058804e-003 0. -2.58903205e-003 0. 0.
    1.01352646e-003 8.47918680e-004 0. 2.00788010e-004 0.
    3.52383615e-003 2.11340329e-003 7.65700266e-003 0. 0. 0. 0. 0. 0.
    5.57418447e-003 5.69124473e-004 8.40170123e-003 0. 1.01586501e-003
    8.86378286e-004 0. 0. 0. 0. 0. 0. 5.55809215e-003 1.09146151e-003
    5.45135327e-003 2.15966813e-003 0. 0. 7.99095200e-004 0. 0.
    5.75609738e-004 0. 1.86427124e-003 0. 0. 0. 2.55894172e-003 0. 0.
    8.87259783e-004 0. 0. -8.31294572e-004 0. 0. 0. 0. -1.50469234e-004
    6.86702726e-004 0. 0. 1.62308733e-003 0. 1.05864583e-002
    -1.95310661e-003 2.25261264e-002 0. 0. 0. -2.68740230e-004
    4.18865494e-003 0. 1.13344693e-003 8.17637518e-003 0.
    5.46747062e-004 1.89151533e-003 0. 0. 3.15739424e-003 0.
    1.88735779e-002 2.17217067e-003 1.17303012e-003 1.49002444e-004
    2.84573506e-003 0. -2.47586379e-003 0. 0. -3.42157879e-003
    7.77710788e-003 4.11285786e-004 2.43461365e-003 0. 0.
    1.45129114e-003 5.53183071e-003 5.60870906e-003 0. 1.61627168e-003
    0. 0. 0. 5.42396726e-003 0. 0. 8.47838761e-004 -2.56184884e-003 0.
    1.20589463e-003 0. 0. 0. 2.40104462e-004 0. 0. 0. 0. 2.47064186e-003
    0. 0. 0. 0. 0. 0. 0. 5.33283642e-003 0. 0. 0. 2.46422249e-003
    4.51503030e-004 0. -4.80478659e-004 -8.19939087e-005 0.
    1.18098839e-003 -5.40821929e-004 -3.73878313e-004 -1.87701720e-004
    0. 0. 0. -1.52770674e-003 0. 0. 0. 0. 1.78470844e-004 0. 0. 0.
    1.14814704e-003 0. 0. 1.11072278e-003 0. 5.65301115e-003 0. 0. 0.
    -2.96969869e-004 0. 0. 0. 0. 8.58778041e-003 0. -2.62993597e-003 0.
    0. 2.32431525e-003 1.49326341e-003 1.21862460e-002 2.02019815e-003
    2.38893740e-003 0. 1.55451207e-003 0. 0. 0. 5.67670958e-003
    1.22157473e-003 0. -4.01215453e-004 5.20207779e-003 0.
    6.90616714e-003 2.13928358e-003 1.89819653e-002 0. 0. 0.
    2.45550927e-003 0. 4.90113198e-005 1.37960780e-002 0.
    2.31889499e-004 0. 0. 0. 2.51555513e-003 0. 0. 0. -3.27534857e-004
    0. 1.82046657e-004 4.95738769e-003 2.40872987e-003 0. 0.
    1.59367861e-003 0. 1.89586682e-003 0. 0. 0. 0. 0. 0. 1.19076530e-003
    6.16111234e-003 1.32783945e-003 0. 0. 0. 1.64503686e-003
    9.89288092e-005 2.93072051e-004 0. 0. 0. 0. 2.58355541e-003
    1.03063956e-002 1.17424340e-003 0. -1.65517547e-003 0. 0.
    1.70583837e-003 6.21474255e-003 0. 0. 2.63679144e-003
    1.64686819e-003 1.54687231e-003 0. 2.57844105e-003 0. 0. 0. 0. 0. 0.
    -2.04456341e-003 -1.45368266e-003 0. 0. 0. 0. 0. 5.61393704e-003 0.
    0. 6.27569621e-003 1.93076045e-003 0. 0. 7.56513327e-003 0. 0. 0.
    2.53966777e-003 0. 0. 0. 0. 0. 3.11468425e-003 2.74536898e-003
    1.45263327e-002 1.52754493e-003 0. 0. 2.24120729e-003
    4.38874215e-003 0. 7.77099049e-004 0. 0. -2.73912167e-003
    2.07513035e-003 1.75468356e-003 0. 0. 0. 0. 0. 0. 1.30755594e-003
    4.94741695e-003 0. 0. 0. 0. 0. 0. 0. 0. 0. 1.67497655e-003 0.
    6.16777979e-004 7.04852573e-004 0. 0. 0. -1.06267631e-003
    6.98268088e-003 -8.14938830e-005 0. 0. 2.05650507e-003 0.
    9.23584856e-004 0. 0. 6.00670697e-004 0. 0. 2.95528839e-003
    -4.68053436e-003 8.32046941e-003 5.19922562e-003 0. 0.
    7.10663502e-004 0. 0. 2.01562280e-003 0. 0. 0. 2.05519190e-003 0.
    1.47340179e-003 1.20497239e-003 0. 0. 5.13166282e-003 0.
    2.00190014e-004 0. 1.07551028e-003 0. 0. 2.21907301e-003 0.
    1.35981617e-003 5.77657204e-003 9.09866579e-003 0. 0. 0. 0.
    8.55115883e-004 0. 2.84141948e-004 0. 0. 0. 6.44884538e-004
    1.84477062e-003 2.23491504e-003 0. 1.47397546e-002 0.
    3.76511924e-003 0. 3.66858952e-003 -5.34413150e-004 0. 0. 0.
    7.98163295e-004 1.09994086e-003 0. 0. 0. 0. 3.78838624e-003 0. 0.
    1.24652474e-003 4.10895934e-003 3.51372105e-003 2.11553113e-003 0.
    0. 2.32061232e-003 0. 0. 0. 0. 0. 0. 0. 0. 7.75775930e-004 0.
    3.81707447e-003 1.57092083e-002 0. 5.82750654e-003 0. 0. 0. 0. 0.
    -7.09931628e-005 1.35166408e-003 6.97721820e-003 1.85379013e-003 0.
    -5.80070191e-004 0. 6.69259403e-004 1.58496143e-003 0. 0.
    3.48655740e-003 1.93590298e-003 0. 0. 0. 0. 1.29509671e-003
    1.66274770e-003 1.14327995e-003 0. 0. -1.05298648e-003 0. 0. 0. 0.
    0. 0. 0. 0. 0. 6.57068146e-003 0. 1.07679749e-003 3.53217474e-003 0.
    7.82029238e-004 0. 0. 2.23565521e-003 0. 8.33294878e-004
    2.39999825e-003 6.85598352e-004 0. 2.09414819e-003 3.30794486e-004
    2.64791190e-003 0. 0. 0. 0. 0. -1.47426952e-004 0. 3.03567084e-003
    3.14930081e-003 5.45967277e-003 0. 0. 7.47754239e-003 0. 0. 0. 0. 0.
    3.69733339e-003 0. 0. 1.47389423e-003 0. 0. 0. 0. 3.02020158e-003 0.
    0. 0. 1.35096144e-002 8.22033733e-004 0. 0. -2.50469893e-004 0. 0.
    0. 1.01293782e-002 0. 0. 0. 0. 0. 0. 0. 0. 8.71043128e-004 0.
    3.09844589e-004 0. 0. 0. 1.20299880e-003 0. 0. 0. 0. 0. 0. 0. 0. 0.
    0. 0. 0. 0. 0. 0. 1.85920042e-003 0. 7.13600020e-005 9.41396749e-004
    0. 0. 0. 0. 0. 0. 0. 2.46007158e-003 4.42309817e-003 0. 0.
    -6.98469812e-004 1.57924136e-003 0. 0. 0. 6.65803999e-003
    4.40560421e-003 0. 0. 0. 0. 1.29795703e-003 0. 3.13573121e-003
    -3.96496500e-004 0. 0. 0. 3.78717948e-003 7.01858150e-003
    4.18727323e-005 0. 6.30848994e-003 0. 0. 0. 5.04755741e-003 0. 0. 0.
    0. 1.52463064e-004 0. 1.37196109e-003 0. 2.02693674e-003 0. 0. 0. 0.
    0. 0. 0. 0. 0. 0. 5.93799399e-003 0. 4.00439079e-004 4.89363493e-003
    0. -1.33296431e-004 6.32063393e-003 0. 3.55823012e-003
    4.35651699e-003 4.74045286e-003 0. 0. 0. 0. 0. 0. 0. 1.46845914e-003
    9.55875963e-004 5.48172137e-003 0. 4.47695050e-003 0. 0. 0. 0. 0. 0.
    0. 4.41812351e-003 7.46825896e-003 0. 7.68878017e-005
    5.98234171e-003 0. 9.96346120e-004 0. 0. 3.09109833e-004 0. 0. 0. 0.
    0. 1.54324679e-003 0. 0. 0. 0. 7.35198730e-004 1.41164556e-003 0. 0.
    0. 2.38884543e-003 0. 0. 0. -6.64705120e-004 0. 0. 1.34159916e-003
    -2.95725738e-004 0. 1.77796418e-003 1.67743955e-003 0. 0. 0.
