<?xml version="1.0"?>
<opencv_storage>
<imageDescriptor type_id="opencv-matrix">
  <rows>1</rows>
  <cols>1000</cols>
  <dt>f</dt>
  <data>
    6.69349742e-004 -3.03286564e-004 0. 5.47564169e-003 6.58041099e-003
    -6.33268064e-005 2.07734341e-003 0. 9.59050376e-003 4.41224687e-003
    0. 8.78101215e-004 0. 0. 0. 1.29263429e-003 0. 0. 4.19553602e-004 0.
    1.71877258e-003 0. 4.93656611e-003 3.75060108e-003 0.
    1.59267895e-003 0. 0. 0. 4.44513134e-004 0. 0. 7.74880778e-003 0. 0.
    9.48318839e-003 -2.31930680e-004 0. 1.20599207e-003 -7.98737092e-005
    8.83632898e-003 0. 0. 1.17748379e-004 -4.83676908e-004 0.
    1.78174383e-003 0. 6.54603413e-004 0. 0. 0. 0. 2.73763412e-003 0. 0.
    0. 0. 0. 0. 2.37753801e-003 5.76800993e-003 1.52116045e-004
    3.19303130e-003 2.75705406e-003 1.22704904e-003 0. 0.
    -7.14996422e-005 -9.41901526e-004 8.26177839e-003 0. 0.
    7.91388564e-003 0. 4.55686357e-003 1.41770078e-003 0.
    5.13824307e-005 1.63091253e-003 0. 2.68720207e-003 1.90005591e-003
    4.43441700e-003 0. -7.28766201e-004 -2.52246507e-003 1.05535416e-002
    -8.23283044e-004 0. 2.02943746e-004 0. 0. 0. -6.53778203e-004 0.
    8.11645179e-004 0. 5.33727463e-004 0. 0. 0. 0. 8.16551317e-003 0.
    5.67235844e-003 -5.32353821e-004 7.07112020e-004 0. 0. 0.
    -1.78795808e-003 0. 0. 0. 1.12904434e-003 1.38484256e-003
    2.08338141e-003 1.61622674e-003 2.45235802e-004 3.61126149e-003
    9.55345749e-004 6.24224485e-004 8.32881127e-003 4.30205744e-003 0.
    0. 0. 2.54522730e-003 2.42635165e-003 0. 0. 0. 0. 2.51500891e-003 0.
    0. 1.51863776e-003 0. 0. 0. 0. 1.51666102e-003 8.41921102e-003
    1.08374283e-003 0. 6.08425261e-003 0. 0. 0. 0. 0. 2.19118223e-003
    -6.96046802e-004 0. 4.60373657e-003 5.15293982e-003 1.26612931e-003
    6.61403610e-005 0. 0. 2.16942839e-003 0. 1.21321925e-003 0.
    2.58843240e-004 0. 7.90077145e-004 0. 1.21579296e-003
    1.45726069e-003 1.40272221e-003 2.21015862e-003 0. 0.
    3.55290924e-003 1.27532310e-003 0. 1.58653059e-003 0.
    1.95103860e-003 0. 0. 0. 0. 0. 2.21369532e-003 -1.71986263e-004
    -8.87099130e-004 0. -1.41310168e-003 3.41443601e-003 0. 0.
    1.50429655e-003 0. 0. 0. 5.68269379e-003 0. 0. 0. 0.
    -9.77556570e-004 2.98741576e-003 1.05593307e-003 1.44022796e-003 0.
    1.44127326e-003 6.66758046e-004 0. 0. 0. 1.43232057e-003 0.
    1.75161951e-003 0. -1.75116188e-003 0. 5.63016534e-003
    -1.85648690e-003 -1.85627991e-003 0. 8.32799124e-004 1.54460198e-004
    0. 0. 0. 4.30071400e-003 -3.87773471e-005 -3.52476432e-004
    1.03958917e-003 1.60481911e-002 0. 0. 4.11657942e-003 0.
    4.71572392e-003 1.55403325e-003 3.72673408e-003 0. 4.08606743e-003
    0. 0. 6.03222114e-004 -2.58246670e-003 1.40059215e-003
    4.33505233e-003 0. 4.66754707e-003 8.22688628e-004 0.
    5.98186068e-003 0. 6.05869609e-005 0. 1.04753242e-003
    -4.87091020e-004 0. -8.13250605e-004 1.06195814e-003 1.33810006e-003
    0. 0. 0. 0. -1.19326520e-003 4.18551406e-003 0. 0. 0. 0.
    -2.33623432e-004 1.18885399e-003 0. 0. 1.03876961e-003 0. 0. 0.
    6.28249196e-004 0. -1.16345018e-005 4.03867615e-003 0.
    1.84580963e-003 0. -2.68806325e-004 0. -5.88184688e-004
    1.61495394e-004 0. 0. 0. 0. 0. 2.17493274e-003 0. 0. 1.15633272e-002
    0. 1.00376457e-003 0. 3.10077332e-004 6.87214080e-004
    3.04523739e-003 2.97718274e-004 0. 0. 0. 0. 1.20653154e-003
    4.90609836e-003 0. -8.44079070e-004 0. 0. 0. 0. 0. -4.73126711e-004
    2.43975082e-003 0. 0. 0. 0. 0. 0. 1.78846138e-004 5.04036434e-003
    4.31660097e-003 3.96789564e-003 6.39646221e-003 5.77387691e-004 0.
    7.33819604e-003 0. 4.36818053e-004 1.46111613e-003 9.50867892e-004
    2.41165352e-003 0. 3.54792131e-003 0. 0. 2.20530943e-004 0. 0. 0.
    2.27009226e-003 0. 0. 0. 5.01860445e-003 -1.01560133e-003 0.
    1.63340615e-003 9.92920599e-004 4.46352130e-003 0. 0.
    1.63785380e-003 1.75566517e-003 0. 0. 0. 0. 0. 0. 4.10512183e-003 0.
    -5.14913874e-004 -2.30497506e-004 2.50416750e-004 0.
    -1.05274189e-003 0. 0. 0. 0. -9.40816593e-004 0. 4.00045281e-003 0.
    0. 0. -5.81429224e-004 1.22892042e-003 0. 0. 1.44341867e-003 0.
    1.53012690e-003 4.39887634e-004 0. 0. 0. -7.86191740e-005 0. 0.
    -1.28414802e-004 2.10110447e-003 0. 3.74024757e-003 2.85010319e-004
    0. 0. 0. 0. 0. 0. 5.13127481e-004 0. 0. 6.34282245e-004 0.
    1.61080985e-004 -2.57132906e-005 0. 0. 0. 0. 4.50706435e-003 0.
    1.65377173e-003 1.98228960e-003 0. 0. 0. 0. 0. 0. 0. 0. 0.
    3.12408735e-003 4.70461370e-003 0. 0. 1.44509063e-003 0.
    7.92377454e-004 0. -5.94469253e-004 0. 0. 0. 1.24465078e-004
    7.84850307e-003 0. 1.57857351e-002 2.33281916e-003 0.
    5.68432407e-003 0. 0. 0. 0. 3.62340274e-004 -1.67058563e-004 0.
    2.17101187e-003 0. 1.64714491e-003 0. 0. 4.96733375e-003
    -7.79133465e-004 0. 8.46329611e-003 0. 7.39497133e-004
    4.86660469e-003 0. 0. 8.22979899e-004 7.95868505e-003
    -3.76443350e-004 0. 0. 0. 0. 2.28679343e-003 0. 0. 5.99047868e-004
    0. 0. 0. 0. 4.87416610e-003 0. 0. 3.24382982e-003 9.17600119e-005
    1.69831837e-004 0. 2.62372056e-003 0. 0. 3.51099926e-003
    1.54322747e-003 0. 0. 0. 0. 0. 1.16455285e-002 0. 0.
    -9.61649464e-004 0. 0. 0. 1.24001829e-003 0. 0. 0. 7.01120880e-004
    0. 1.12784738e-002 0. 2.08224216e-003 0. -3.56702134e-004 0. 0.
    7.68601010e-003 0. 5.70263574e-003 1.77114643e-003 0.
    5.93090151e-003 0. 6.88776653e-003 5.01152419e-004 0.
    -1.54903115e-004 3.81586025e-003 -1.93335465e-003 9.02259722e-004 0.
    7.23052816e-003 0. 4.47646063e-003 1.97725324e-003 -9.05191642e-004
    0. 1.15645293e-003 0. 0. 0. 7.40105100e-003 8.06217024e-004 0.
    -4.61614458e-003 1.38222482e-002 0. 0. 1.00011006e-003
    2.54761055e-003 -6.32493244e-003 7.44219497e-003 1.43809023e-003 0.
    7.62178446e-004 0. 0. 5.70266135e-003 0. 8.91393423e-003 0. 0.
    7.61336554e-003 0. 0. 0. 4.75826534e-003 0. 0. 0. 0. 0. 0.
    1.20239030e-003 0. 4.34856047e-004 5.31370239e-003 3.05496564e-004
    -1.42284858e-004 0. 0. 8.10628815e-004 0. -3.30064562e-004 0. 0.
    1.23368914e-003 -2.02195277e-003 4.22205456e-004 1.32795109e-003 0.
    5.23026625e-004 0. 0. 0. 1.26891909e-003 0. 9.08159185e-004 0. 0.
    6.22782204e-003 0. 0. 0. 0. 1.93919777e-003 1.13195169e-003 0. 0. 0.
    0. 0. 0. 0. 2.54335185e-003 -1.30505578e-004 8.03392555e-004 0.
    4.81626688e-004 0. 0. 0. 3.03364964e-003 0. 9.88630229e-004 0.
    4.78131603e-003 0. 0. 0. 1.55909685e-003 1.73939019e-003
    5.44964476e-003 0. 0. 2.00129044e-003 0. 8.01844115e-004 0.
    1.20965112e-003 0. 0. -1.08734157e-003 1.48092129e-003 0.
    1.27796608e-004 0. 0. 0. 1.65404359e-004 0. 0. 0. 1.22706627e-003
    1.47871103e-003 0. 0. 0. 4.28142375e-004 0. 0. -9.79612116e-004 0.
    2.63384520e-003 0. 1.44034484e-002 0. 0. 0. 0. 0. 4.20097914e-003 0.
    1.67504812e-004 5.67940949e-003 0. 0. 6.58828299e-004 0. 0. 0. 0. 0.
    3.58929305e-004 3.61531065e-003 1.03731884e-003 3.79217905e-003
    -9.32961935e-004 1.00101274e-003 0. 0. -1.46735401e-003
    -3.58314556e-003 8.07857781e-004 0. 0. 2.10707937e-003 0. 0.
    6.34926138e-003 -3.18300468e-003 -3.23592918e-004 0. 3.02379276e-003
    0. 2.05758071e-004 3.49198875e-004 2.18426503e-004 3.12561315e-005
    0. 0. 0. 5.32044424e-003 -6.30575669e-005 7.05244299e-003 0.
    9.81427147e-004 0. 2.02032342e-003 -1.26134965e-003 1.48163631e-003
    -1.44819671e-003 1.89826358e-004 0. -1.81905355e-003
    -1.69743245e-004 3.29928868e-003 0. 0. 1.28465416e-002 0.
    5.13378531e-004 0. 9.60815873e-004 -2.37786924e-004 4.25867795e-004
    0. -9.26825305e-005 0. 0. 0. 5.14996657e-003 0. 3.41724628e-003
    7.22381927e-004 1.44082448e-003 5.77781757e-004 0. 1.57063932e-003
    -1.33923651e-003 4.54838184e-004 0. 0. 1.62847212e-003
    1.33931241e-003 -5.69823489e-004 0. 0. 8.59719294e-004 0. 0. 0. 0.
    0. 0. 0. 6.58665609e-004 5.33421058e-003 0. 4.93427389e-004 0. 0.
    1.74000990e-002 8.85673624e-004 0. -7.89039914e-005 0. 0.
    -2.95651291e-004 0. 6.18544815e-004 0. 5.75942965e-003
