<?xml version="1.0"?>
<opencv_storage>
<imageDescriptor type_id="opencv-matrix">
  <rows>1</rows>
  <cols>1000</cols>
  <dt>f</dt>
  <data>
    0. 0. 8.75661208e-005 9.51357000e-003 1.25426650e-002 0.
    7.84706383e-004 2.89963023e-003 -9.35602933e-004 0. 0. 0.
    -2.17465917e-003 0. 0. 0. -9.10055707e-004 0. 0. 0. 3.19191860e-003
    4.68815118e-003 0. 0. 1.29540765e-003 1.04463135e-003
    5.51288249e-003 0. -9.97345778e-004 0. 4.52126749e-003
    1.49606746e-002 0. 0. 0. 0. 0. 0. 0. -5.39844448e-004 0. 0. 0. 0.
    3.14096804e-003 4.51180758e-003 0. 0. 0. 0. 0. -4.48404020e-003
    3.05037294e-003 0. 0. 0. 0. 0. 6.40665938e-004 -1.28342293e-003
    1.00126970e-004 0. 0. 0. 0. 7.85276853e-003 0. 0. 7.26493355e-003 0.
    1.95364631e-003 0. 0. 6.61486480e-003 0. 1.66524493e-003 0.
    -6.77865115e-004 4.49387496e-003 0. 0. 0. 1.64063415e-003 0. 0. 0.
    1.99904991e-003 0. 1.91729201e-003 0. 1.12596096e-003 0. 0. 0.
    8.19614530e-003 0. 0. 0. 0. -2.09368416e-003 0. 0. 0. 0. 0.
    4.31188475e-003 1.37675263e-003 0. 0. 0. 0. 0. 0. 0. 0. 0. 0. 0. 0.
    -1.10601750e-003 0. -5.74122707e-004 1.87672407e-003 1.60395936e-003
    3.67183937e-003 0. 0. 0. 2.55228369e-004 3.86394048e-003
    7.77219015e-004 0. 0. 0. 0. 0. 5.42252604e-003 0. 0. 0. 0. 0.
    -1.49683881e-004 2.44846777e-003 0. 5.87344868e-004 0. 0. 0. 0. 0.
    0. 0. 0. 0. 0. 2.79428973e-003 0. 0. 0. 4.65544348e-004
    2.85735726e-003 0. 0. 1.57905772e-004 0. 1.25453528e-003 0. 0. 0.
    1.36732101e-003 0. 0. 0. 0. 0. 0. 0. 0. 0. 3.55558051e-003 0. 0. 0.
    0. 3.34066711e-003 0. 1.34982299e-002 4.21768101e-003
    -1.22808339e-003 0. 0. 0. -3.91385314e-004 2.49115564e-003 0.
    3.32964887e-003 0. 3.14708333e-003 0. 0. 7.78245740e-005 0.
    -7.63702090e-004 5.44323644e-004 1.29939837e-003 0. 0. 0.
    1.97105692e-003 0. 0. 1.89853029e-003 0. 0. 0. 0. 0. 9.50351357e-004
    0. 4.49669035e-003 0. 0. 6.78593898e-003 0. 0. 0. 0. 0.
    1.01417327e-005 0. -1.93365868e-005 0. 4.01342753e-003 0. 0. 0.
    3.83694167e-003 0. 0. 0. 0. 4.22769459e-003 0. 0. 0. 0.
    2.20382260e-003 0. 0. 0. 0. 2.59816041e-003 0. 1.97156658e-003
    2.80417386e-003 0. 0. 0. 0. 0. 3.59602692e-003 -3.28615634e-003 0.
    0. 0. 0. 0. 1.30385466e-004 5.47586288e-003 3.18630366e-003
    3.81631008e-003 0. 1.54808786e-005 -5.12984348e-004 0.
    1.10200094e-002 0. 0. 0. 0. 1.75947172e-003 3.75459972e-003 0.
    9.15135816e-003 -6.96987438e-004 5.97909151e-004 0. 0. 0.
    2.09135353e-003 0. 0. 0. 0. 2.44025607e-003 6.41193055e-003 0.
    2.17386871e-003 1.73966531e-002 0. 0. 0. 1.73549470e-003 0. 0.
    1.73979253e-003 0. 4.05053550e-004 2.88607273e-003 0. 0.
    1.85040885e-003 0. 0. 2.90067191e-003 0. 5.25295082e-003
    1.73445116e-003 0. 0. 0. 1.67110912e-003 0. 0. 5.99107239e-003
    4.52347193e-003 7.37503287e-004 0. 0. 0. 0. 5.49793663e-003
    1.83562271e-003 0. 0. 0. 0. 0. 0. 0. -2.71525700e-003
    4.21948469e-004 0. 8.02668463e-003 0. 0. 0. 0. 0. 0. 0. 0. 0. 0. 0.
    0. 2.19394482e-004 0. 0. 0. 5.20951944e-005 0. 0. 4.47306456e-003 0.
    0. 0. 0. 0. 0. 0. 3.38648842e-003 0. 0. 0. 0. 0. 8.93013924e-003
    5.53176645e-003 0. 0. 0. 0. 0. 0. 0. 0. 5.39752701e-003 0. 0. 0. 0.
    0. 0. 0. 0. 0. 2.49096309e-003 0. 0. 5.07806952e-004 7.29164993e-003
    0. 0. 2.47064652e-003 0. 0. 0. 0. 0. 2.23544240e-003 0.
    6.64863689e-003 0. 0. 0. 0. 7.92112947e-003 4.21481906e-003
    2.52542598e-003 0. 0. 0. 1.24031724e-003 -7.42961012e-004 0. 0. 0.
    2.13365676e-003 4.49631223e-003 0. 2.30020052e-003 0. 0. 0. 0.
    9.74355033e-004 0. 0. 5.53997979e-003 -1.51067763e-003
    1.93277432e-004 3.44228558e-003 3.08613898e-003 0. 0. 0.
    3.84608808e-004 0. 0. 7.13720080e-003 0. 1.04272726e-003
    4.67643654e-003 3.14967497e-003 0. 0. 0. 0. 0. 0. 0. 0. 0. 0.
    2.29742378e-003 0. 4.70736675e-004 1.55994447e-003 0.
    7.12025072e-003 9.54256020e-003 1.30505608e-002 0. 3.51654040e-003
    5.49134286e-003 0. 0. 6.32188423e-003 0. 1.11487450e-003
    3.47619201e-003 3.94965056e-003 0. 0. 1.70267769e-003
    4.60333424e-003 0. 0. 8.44803930e-004 0. 0. 3.90399480e-003 0.
    8.54394399e-004 0. 0. 0. -1.18910230e-003 0. 0. 0. 0. 0.
    2.07756297e-003 0. 0. 0. 0. 0. 0. 0. 0. 0. 1.04694709e-003 0. 0.
    1.92967907e-003 1.14835310e-003 0. 0. 5.92287863e-003 0. 0. 0. 0. 0.
    0. 2.62521673e-003 0. 0. 0. 0. 0. 0. 1.01922955e-002 3.16522294e-003
    0. 1.04350492e-003 0. 0. 0. 0. 0. 0. 0. 5.60937729e-003 0.
    5.16739395e-003 0. 8.44893418e-003 2.20303680e-003 -4.02011117e-003
    0. 0. 1.02009706e-003 2.19596131e-003 1.30721030e-003
    1.90103403e-003 0. -8.66436691e-004 0. 0. 5.38814720e-003 0. 0.
    6.59428397e-003 0. 0. 0. 3.98247596e-003 3.57961981e-003
    3.03449272e-003 0. 0. 1.12545106e-003 0. 2.57122749e-003 0.
    6.92354469e-003 0. 1.44569750e-003 0. 0. 0. 0. 0. 0. 2.87372665e-003
    0. 0. 0. 0. 0. 1.25327799e-002 0. 0. 0. 3.39339045e-003
    5.22607239e-004 0. 0. 3.45230638e-003 0. -1.05332269e-003
    4.88832127e-004 9.41046281e-004 0. 0. -1.79195881e-003
    1.22863147e-003 0. 0. 0. 0. 0. 0. 0. 0. 1.07588554e-002
    3.03335814e-003 0. 0. 0. 0. 0. 0. 5.65231731e-003 -4.34818817e-003
    0. 0. 2.51341239e-003 0. 1.25244644e-003 0. 5.60058933e-003 0.
    2.04651523e-003 3.14452616e-003 1.98564469e-003 -9.59921803e-004
    5.63371880e-003 0. 0. 0. 9.13212914e-003 4.22995305e-003 0.
    2.12908769e-003 3.25315562e-003 0. 0. 0. -2.63214996e-003 0.
    2.51195813e-003 5.28873689e-003 0. 0. 2.31479597e-003 0. 0. 0.
    2.02599424e-003 3.53277149e-003 2.04547811e-002 0. 0. 0.
    5.40392520e-003 0. 3.70772294e-004 4.53665503e-004 0. 0.
    1.13604190e-002 0. 5.75256883e-004 0. 0. 5.02889371e-003 0. 0. 0.
    6.92047470e-004 0. 0. 0. 0. 0. 2.24573258e-003 0. 0. 0.
    6.88363193e-003 4.44935495e-003 -1.49398483e-003 0. 1.49561523e-003
    0. 0. 0. 5.74206561e-003 1.13953110e-002 0. 0. 0. 0. 0. 0.
    2.03061453e-003 -1.30116532e-003 4.87775775e-003 -8.09001940e-005 0.
    3.09494068e-003 3.23162973e-003 -1.91814455e-004 0. 0. 0. 0.
    1.91894406e-003 0. 0. 0. 0. 0. 0. 0. 5.25170611e-003 0. 0. 0. 0. 0.
    0. 0. 1.90194405e-003 0. 0. 0. 0. 0. 0. 0. 0. 0. -2.40388326e-003 0.
    0. 5.06480783e-003 1.76866946e-004 0. 1.12826014e-002 0. 0. 0. 0. 0.
    0. 0. 7.25326221e-003 0. 2.75812019e-003 9.09891896e-005 0. 0. 0. 0.
    4.41109249e-003 0. 0. 1.61562394e-003 8.95975530e-003 0. 0.
    1.52975775e-003 0. 0. 0. 0. 0. 0. 0. 4.50168876e-003 0. 0.
    1.15168402e-002 0. 4.50158404e-004 0. 2.22707749e-003 0.
    7.65091740e-003 0. 0. 0. 4.93667182e-003 0. 0. 4.80508339e-003 0. 0.
    3.29708192e-003 0. 1.60799723e-003 3.57904844e-003 7.12453574e-003
    1.82629877e-003 0. 0. 4.35675262e-004 -4.16190876e-003
    4.91092959e-003 4.26605693e-005 0. 0. 0. 0. 2.82429531e-003 0.
    7.56397890e-003 0. 0. 0. 1.31585682e-003 0. 0. 0. 0. 0. 0.
    4.38915705e-003 -2.95906357e-004 0. 2.11813441e-003 0. 0.
    -5.47895033e-004 1.83986197e-003 0. 0. 0. 0. 0. 8.75874422e-003
    1.01765282e-002 1.63666264e-003 0. 0. 0. 0. 0. 3.75124183e-003 0. 0.
    0. -1.48520968e-003 3.02719796e-004 0. 0. 5.87144059e-005
    6.10399817e-004 0. 0. 0. 1.43453144e-002 0. 0. 0. 1.01611088e-003 0.
    0. -1.82068907e-003 2.40327138e-003 0. 3.78867669e-004
    6.01409469e-003 0. -7.87560537e-004 0. 0. 0. 0. 0. 0. 0.
    2.92468723e-003 0. 0. 2.73836241e-003 0. 1.22373516e-003 0. 0.
    -2.60592671e-003 4.82379645e-003 1.78040599e-003 0. 0. 0.
    7.79006723e-003 0. 0. 0. 0. 0. 0. 0. -2.43123417e-004
    -2.10439623e-003 7.68185826e-004 0. -1.71240023e-003 0. 0.
    2.11447175e-003 3.10358545e-003 0. 0. 0. 0. 0. 0. 6.73652673e-003 0.
    0. 0. 0. 1.22454087e-003 0. 0. 0. 0. 2.12818012e-003 2.91841850e-003
    0. 0. 0. 0. 0. 0. 0. 0. 0. 2.23394949e-003 5.34342718e-004 0. 0. 0.
    0. 0. 0. 0. 1.77445402e-003 6.12148549e-003 8.40437249e-004 0.
    -1.79220212e-003 0. 0. 2.11812067e-003 0. 0. 1.00184446e-002
    1.84994400e-003 0. 0. 0. 0. 0. 0. 0. 0. 1.27108479e-002 0. 0.
    -2.63201026e-003 0. 0. 0. -2.24498613e-003 1.61017128e-003 0. 0. 0.
