<?xml version="1.0"?>
<opencv_storage>
<imageDescriptor type_id="opencv-matrix">
  <rows>1</rows>
  <cols>1000</cols>
  <dt>f</dt>
  <data>
    0. 0. 0. 1.33047090e-003 4.48086997e-004 -1.46611000e-003
    2.02364754e-003 7.85873155e-004 0. 1.56800146e-003 -1.54385547e-004
    0. 0. 1.04642089e-003 0. 1.13228697e-003 0. 0. 0. 6.06221659e-003
    -1.37514260e-003 1.96234416e-003 2.52845767e-003 6.69358065e-003 0.
    0. 0. 0. 2.59198202e-003 0. 0. 0. 0. 1.87657762e-003 0.
    -2.80319684e-004 6.68638200e-003 0. 3.34849511e-003 0.
    3.85084609e-003 1.58312358e-003 2.79290598e-005 1.52191310e-003 0.
    2.27480102e-003 2.02752161e-003 0. 0. -5.78810112e-004 0. 0.
    1.45456090e-003 0. 0. 9.24002146e-004 -7.96612730e-005 0.
    -1.26771524e-003 -3.70989292e-004 0. 2.38406844e-003 1.23426626e-002
    0. 1.53383182e-003 -5.56275388e-003 0. 0. 2.24426761e-003
    2.27349298e-003 2.12377548e-004 0. 1.68700272e-003 0.
    4.73836903e-003 3.94251570e-003 -1.07254519e-003 -4.93201951e-004 0.
    0. 7.03911390e-003 0. 0. 0. -3.03737936e-003 0. 0. 0. 0.
    4.37030802e-003 0. 0. 7.58905010e-003 8.74545600e-004 0.
    2.88419309e-004 8.33597966e-004 0. 2.83163536e-004 0. 0.
    7.43110431e-004 0. 0. 5.49631799e-003 0. 0. 0. -7.56038877e-004
    3.44120455e-003 0. 0. 0. 6.82204915e-003 3.43622663e-003
    6.95354945e-004 0. 0. 1.52263965e-003 0. 2.54717743e-004
    2.82558217e-003 6.78168656e-003 6.45714870e-004 0. 1.72173069e-003
    1.03098876e-003 0. 0. 0. 0. 0. 2.25350563e-003 1.15304545e-003
    -1.61173509e-003 0. -1.14730152e-003 0. 1.78332638e-003
    -1.59561168e-004 -8.90398660e-005 9.54984862e-004 0. 0.
    3.85970925e-004 2.95986352e-003 1.36552576e-003 2.44723074e-003 0.
    0. 1.02236122e-002 0. 0. 5.04274154e-004 0. 3.92443920e-003 0.
    2.30009644e-003 1.40780844e-002 -4.29991022e-004 2.24843225e-003 0.
    5.71064698e-003 0. 0. 0. 2.67186482e-003 1.66955544e-003 0. 0. 0. 0.
    0. 0. 0. 5.34235314e-003 0. 7.18374224e-003 4.68389038e-003
    4.16285184e-004 0. 0. 0. 0. 0. 5.03094681e-003 0. 0. 0. 0.
    1.40494190e-003 0. 0. 4.99517238e-003 0. 1.40390344e-004
    4.45236592e-003 2.83463160e-003 3.00924270e-003 -9.55507450e-004
    -1.85090955e-003 1.91540981e-003 0. 0. 0. 1.85874975e-004
    4.58202383e-004 0. 0. 0. 0. 8.55126360e-004 0. 0. 8.02740571e-004
    3.30655882e-003 0. 0. 0. -9.65437677e-004 4.46634600e-004 0. 0. 0.
    0. 0. -2.65531405e-003 9.28095076e-003 0. 0. 2.80155626e-004
    2.49090954e-003 3.98833072e-003 -3.75695847e-004 0. 0.
    3.38363135e-003 0. 1.07652582e-002 2.40208395e-003 2.90367374e-004
    2.12058495e-003 0. 0. 9.64841398e-004 6.95745985e-004 0.
    2.75263982e-003 1.38685701e-003 4.36950428e-003 4.43480071e-003
    1.28891482e-003 1.58847938e-003 0. 0. 3.85198579e-003 0.
    2.69645941e-003 5.13815088e-003 3.55464243e-003 0. 0.
    1.48379628e-003 3.01459833e-004 9.60840285e-003 2.95084843e-004
    3.84184998e-003 0. -7.22399447e-004 0. 5.58366906e-003 0. 0. 0.
    1.07387418e-003 0. 0. 2.64806394e-003 0. 0. 0. 0. 0. 0. 0.
    -2.33403596e-004 1.27490785e-003 0. 1.41548424e-003 9.39847901e-003
    3.21089313e-003 3.80097167e-003 2.21927725e-002 5.80378016e-003
    -3.54590040e-004 0. 0. 0. 1.34220091e-003 3.66885506e-004
    -3.53770447e-004 1.66212185e-003 0. 0. -4.66596772e-004 0.
    6.11606194e-003 0. 4.85315127e-003 6.53109979e-004 0. 0. 0.
    1.76320958e-003 4.66557173e-003 4.99950349e-003 7.30546378e-003
    2.78487382e-003 0. 5.44479489e-003 -7.43391050e-004 -2.04821292e-004
    0. 2.78598769e-003 2.71414901e-004 0. 3.34367855e-004 0. 0. 0. 0.
    4.28467849e-003 0. 0. 0. 0. -4.61193442e-004 0. 6.47276640e-004
    4.56645247e-003 0. 8.26360716e-004 0. 0. 5.28426084e-004 0.
    6.19868888e-003 0. 0. 0. 6.87865680e-003 0. 0. -1.28985645e-004 0.
    0. 0. 3.57983634e-003 0. 0. 0. 0. 2.81477417e-003 2.98836408e-003
    1.58993911e-003 -7.25263148e-004 0. 0. 0. 0. 0. 0. 0.
    1.48083418e-004 0. 0. 0. 7.06504378e-003 0. 0. 1.87933829e-003 0.
    2.08951673e-003 7.44063058e-004 0. 4.78347298e-003 7.50223408e-003
    9.72760376e-004 2.06501991e-003 0. 0. 0. 0. 0. 0. -7.44167017e-004
    0. 0. 1.65187812e-004 0. 0. 3.31330253e-003 2.76619103e-004
    1.84889429e-003 0. 4.51967120e-003 4.31482389e-004 4.83145734e-004
    5.12226671e-003 -5.25795447e-004 4.09982447e-003 0. 0.
    6.19744105e-006 1.60787080e-003 5.23300376e-003 0. 0.
    3.20639904e-003 0. 3.47562949e-003 0. 0. 1.26861443e-003 0.
    4.27380996e-003 1.28401443e-003 0. 0. -9.35570162e-004 0. 0. 0.
    9.44577996e-003 2.95930868e-003 3.07743438e-004 2.33375328e-003
    3.95528879e-003 2.39871652e-003 0. 0. 3.31911072e-003
    5.31357899e-003 1.50309736e-003 1.08481105e-003 0. 0.
    2.08602659e-003 0. 3.60644935e-003 0. -1.82440373e-004
    2.32045003e-003 0. 2.68164976e-003 0. 0. 0. 4.27347812e-004
    -5.65157970e-005 0. 0. 3.41058895e-003 0. 6.63752062e-003
    3.16781108e-003 0. 2.98774987e-003 0. 0. 0. 0. 8.42157751e-003
    6.59272494e-003 7.90360849e-003 6.77968434e-004 -1.94544671e-003 0.
    0. 1.13835465e-003 1.22652436e-003 0. 2.82550405e-004 0. 0.
    8.76088568e-004 0. 0. 0. 0. 0. 0. 7.19802279e-004 0. 0. 0. 0.
    1.26301637e-003 2.32699374e-003 0. -3.29023984e-004 1.33106019e-003
    4.77924803e-003 0. 0. 0. 3.04344203e-003 1.08806742e-003 0.
    4.00055107e-003 -6.38254103e-004 1.22606033e-003 0. 0.
    5.36050694e-003 2.07321323e-003 1.06611534e-003 0. 0.
    3.89821641e-003 0. 1.60994602e-003 1.43477053e-003 0. 0. 0.
    1.31978642e-003 0. 0. 0. 0. 0. 0. 0. 0. 2.26962089e-004
    3.39071476e-003 0. 0. 5.15154679e-004 0. 6.91554451e-004 0.
    7.93820538e-004 0. 1.26993866e-003 0. 0. 0. 4.49035875e-003
    -7.56509951e-004 0. 2.65222206e-003 3.83001054e-003 4.38003131e-004
    6.38087653e-003 0. 0. 5.60689112e-003 0. -9.64978244e-004
    -1.07854418e-003 2.42335419e-003 0. 3.57651850e-003 6.83051301e-003
    0. 1.02267414e-003 -2.88752548e-004 1.02058251e-003 -7.91736456e-005
    3.46933695e-004 0. -1.67128420e-003 0. -9.09115421e-004
    1.45840342e-003 0. 0. 0. 0. 0. 0. 0. -4.63945878e-004
    6.47034904e-004 0. 0. 0. 0. 1.97800482e-003 0. 0. 0. 9.81580466e-004
    0. 1.81837019e-003 3.03331995e-003 0. 0. 0. -1.49353617e-003
    -3.72845941e-004 2.29741051e-003 3.33087216e-003 6.48674415e-003 0.
    0. 0. 1.49392628e-003 9.08600108e-004 0. 2.15399964e-003 0. 0.
    2.04903554e-004 0. 0. 0. 0. 1.24801102e-003 0. 0. 0.
    -2.58344109e-004 2.63160025e-003 0. 7.53770024e-003 0.
    1.54445309e-003 3.14556295e-003 6.74063666e-003 0. 0.
    4.13719146e-003 0. 1.38320662e-002 0. 0. 0. 0. -5.19667752e-004
    2.76065757e-003 0. 0. 0. 0. 1.11512188e-003 8.26634408e-004
    4.30261763e-003 7.35062873e-004 1.46170240e-003 0. 0.
    -1.02741644e-003 0. 1.67838472e-003 0. 4.66333237e-003 0.
    2.16489352e-004 7.80661125e-004 0. 0. 0. 0. 0. 0. 3.90827050e-003
    2.05342891e-003 7.48416642e-004 0. 0. -7.15372793e-004
    1.77765335e-003 2.25593732e-003 0. 8.44593451e-004 0.
    3.55896982e-003 0. 0. 0. 0. 0. 0. -9.61734215e-004 2.69148522e-003
    0. 0. 1.12716958e-003 0. 0. 0. 1.03279122e-003 0. -1.25199300e-003
    6.61539962e-004 0. 1.01539074e-003 0. 1.55189110e-003 0. 0.
    2.01026187e-003 6.89060835e-005 0. 0. 0. 0. 0. 0. 1.38509076e-003 0.
    -2.56507483e-004 2.58481508e-004 0. -8.14215091e-005 0. 0.
    8.41002256e-005 0. 0. 0. 3.11561802e-004 0. 0. 0. 2.29384867e-003
    -3.93289054e-004 1.67989917e-002 0. 0. 0. 0. 1.58094172e-003 0.
    2.88995891e-003 4.65592183e-003 5.24936710e-003 0. 0.
    2.80196965e-003 4.47782129e-003 0. 0. 1.10870390e-003 0.
    7.11305998e-004 4.35315957e-003 0. 0. 0. 0. 0. 0. 0.
    -1.60237265e-004 4.37935488e-003 0. 0. 0. 0. 0. 0. 9.68407199e-004
    4.81726514e-004 -1.48769424e-004 0. 0. 1.94341119e-003 0. 0. 0. 0.
    6.07655570e-003 3.53098102e-003 0. 7.89386802e-004 3.11288424e-003
    0. 0. 1.83215505e-003 1.95107958e-003 0. 0. 0. 0. 0.
    -9.24538122e-004 5.13228076e-003 1.31923205e-003 0. 2.00057126e-004
    0. 0. 1.30763825e-003 0. 0. 0. 3.70056997e-003 3.55546316e-003
