<?xml version="1.0"?>
<opencv_storage>
<imageDescriptor type_id="opencv-matrix">
  <rows>1</rows>
  <cols>1000</cols>
  <dt>f</dt>
  <data>
    1.85945118e-003 1.48076750e-003 0. 2.30893865e-003 2.36295932e-003
    0. 4.93181543e-003 -2.35533604e-004 8.24721530e-003 6.74547348e-003
    2.03632331e-003 3.38853942e-003 1.49468146e-003 0. 0. 0.
    2.44799536e-003 0. 3.64323059e-004 2.86996993e-003 1.00848754e-003
    6.66297786e-003 0. 0. -1.25195700e-004 0. 0. 0. 0. 1.31222175e-003
    0. 0. 0. 0. 5.59667940e-004 -2.52147648e-003 3.68427648e-003 0.
    2.12733671e-002 2.69687176e-003 0. 0. 0. -1.03092840e-004
    -1.00848067e-003 0. -4.43418685e-004 4.56615724e-003 9.75123700e-003
    5.51799661e-004 0. 0. 4.46626917e-004 0. 0. 0. -4.55481757e-004 0.
    0. 1.04108592e-003 6.15070341e-003 0. 0. -4.26636951e-004 0.
    1.22716767e-003 -1.11126777e-004 0. 0. -3.25092929e-004
    5.24617219e-003 0. 3.99647979e-003 0. 0. 0. 0. 0. 0. 0. 0.
    1.68680050e-003 0. 3.89777101e-003 3.46759381e-003 -2.47006508e-004
    -1.40306047e-005 0. 1.89696345e-003 0. 1.02963962e-003 0. 0. 0.
    1.33233685e-002 0. 2.23508989e-003 5.30358171e-004 0.
    -4.39374038e-004 5.37899416e-003 1.47857342e-003 5.11121890e-003
    6.33354415e-004 -1.16081013e-004 8.27829633e-003 0. 2.64353724e-003
    0. 0. 0. 3.40170669e-003 3.28868534e-003 0. 2.48364063e-006
    -3.81150108e-004 0. 3.37836170e-003 6.61607971e-003 -4.06041101e-004
    1.80406042e-003 -1.13929946e-005 5.01417462e-003 1.17608989e-002 0.
    0. 0. 1.07321807e-003 5.41458372e-003 0. -2.88741523e-003 0. 0. 0.
    4.49964165e-004 0. 4.83503006e-003 0. 0. 1.13718759e-003
    7.13135256e-003 0. -2.81508954e-004 7.34274648e-003 0. 0.
    3.13201500e-003 0. 6.74568722e-003 1.01453695e-003 4.05618222e-003
    0. 0. 3.38523812e-003 0. 0. -6.42052572e-003 2.10698647e-003
    2.01873132e-003 0. 0. 0. 0. 0. 0. 5.88350091e-003 0. 0. 0.
    3.08079668e-003 0. 2.67249215e-002 4.11955314e-003 4.56603215e-004
    0. 0. -1.05503903e-004 0. -1.82363838e-005 0. 0. 0. 0.
    2.83060549e-003 0. 0. 1.92099810e-003 2.27316306e-003 0.
    -3.78665281e-004 0. 0. 0. -1.60452246e-003 0. 0. 0. 0.
    -1.29884097e-003 0. -5.52760554e-004 0. 0. 0. 0. -1.19433738e-003
    -6.57760771e-004 0. 0. 0. 0. 0. 0. -1.20871453e-004 0. 0. 0. 0. 0.
    0. -3.73375573e-004 0. 6.55879267e-003 0. 0. 0. 9.36413091e-003
    1.47964656e-002 1.64924946e-003 -1.93858531e-003 -1.04879157e-003 0.
    2.93616881e-003 0. 0. 0. 0. 2.33307568e-004 8.21518432e-003
    -2.41973306e-004 2.44184909e-003 3.77361989e-003 0. 0. 0. 0. 0. 0.
    0. 0. 0. 0. 0. 5.54410974e-003 0. 0. 0. -1.09683571e-003 0.
    1.21609762e-003 1.56284415e-003 0. 0. 4.73726308e-003
    1.28109967e-002 8.24429095e-004 3.83274141e-003 8.59695196e-004
    7.23588048e-004 0. 0. 0. 0. 0. 1.74696732e-003 2.65838316e-004
    2.40368117e-003 0. 0. 0. 5.57993713e-004 0. 0. 1.12449436e-003 0.
    6.44370622e-004 1.08793931e-004 0. 0. 5.47625299e-004 0. 0. 0. 0. 0.
    0. 0. 0. 0. 0. 0. 0. 0. 0. 0. 0. 0. 2.60914164e-003 0.
    1.42878806e-003 7.64967641e-004 -1.01806596e-003 7.54631031e-003
    2.48293718e-003 0. 0. 0. 2.95991136e-004 0. 0. 1.06133812e-003
    1.23181585e-002 0. 0. 0. 0. 0. 0. 1.35347934e-003 0. 0. 0.
    4.60960809e-003 0. 3.12961708e-003 -3.50159855e-004 0.
    2.73946207e-003 5.36496402e-004 9.09452047e-003 5.83533384e-003 0.
    4.33998043e-003 0. 0. 1.08844358e-002 0. 0. 0. 0. 0. 0. 0. 0. 0.
    4.45455452e-003 8.29749089e-003 0. 2.37879995e-003 0.
    -1.46689732e-003 8.49772041e-005 1.99945038e-003 0. -4.63144010e-004
    0. 0. 0. 1.11636268e-002 5.36701363e-003 6.18107908e-004
    5.93981822e-004 6.84742481e-005 1.73951441e-003 0. -2.85391197e-005
    0. 0. 0. 0. 0. 0. 0. 0. 0. 2.60206172e-003 0. 9.21349786e-003 0. 0.
    6.78104721e-003 0. 0. 0. 0. 0. 0. -2.89099477e-003 0. 0. 0.
    8.17273837e-003 0. 1.31251570e-003 1.54771958e-003 0. 0. 0. 0. 0. 0.
    1.82022376e-003 8.88297614e-003 0. -2.14458629e-003 0. 0. 0. 0. 0.
    0. 8.41898657e-003 4.67691105e-003 0. 0. -3.37877515e-004 0. 0. 0.
    0. 0. 0. 1.33245136e-003 1.37901306e-003 0. 0. -2.96539278e-004 0.
    0. 0. -2.09166188e-004 4.95294807e-003 0. 0. 0. 0. 9.79894120e-003
    5.64978400e-004 0. 0. 0. 0. 7.52492517e-004 0. 0. 0. 2.91922316e-003
    1.15572440e-003 1.01410961e-002 3.08089633e-003 4.31565102e-003 0.
    0. 4.08732594e-004 0. 0. 4.55586240e-003 0. 0. 0. 1.82034762e-003 0.
    4.66904417e-003 0. 3.99691315e-004 0. 4.78158705e-004
    -8.03288072e-004 1.34751806e-003 0. 0. 0. 0. 0. 1.56274851e-004 0.
    0. 0. 0. 0. 2.90724012e-004 2.34535197e-003 0. -6.46232220e-004 0.
    4.28259111e-004 0. 0. 0. 2.28358572e-003 0. 0. 0. 3.90148198e-004
    6.77812321e-004 2.06951890e-003 0. 0. 0. 0. -1.69834017e-003
    -1.03727798e-003 2.61047878e-003 1.59893266e-003 -2.52733094e-004 0.
    0. 1.86213839e-003 0. 0. 8.17017909e-003 6.39696466e-003
    2.77662952e-003 0. -8.95172998e-004 0. 0. 1.30288757e-003
    1.49737368e-003 0. 1.52971561e-003 0. 0. 0. 0. 9.25329514e-005
    3.92199168e-003 0. 1.76575279e-003 2.77400273e-003 0.
    8.32622754e-004 0. 0. 0. 0. 3.23089160e-004 0. 6.68423902e-003
    1.24825463e-002 0. 0. 0. 0. 0. 0. 3.78964818e-003 0. 0. 0. 0.
    4.12329426e-003 0. 1.33340328e-003 2.22868752e-003 0. 0.
    8.18461552e-003 -4.34302085e-004 4.98123001e-004 6.31139101e-003
    9.45500098e-003 0. 0. 0. 1.52948603e-003 0. 1.67121610e-003 0. 0.
    1.54074701e-003 0. 3.29613313e-003 0. 0. 0. 2.14563380e-003 0.
    4.05228129e-005 5.08422032e-003 4.21984633e-003 0. 4.31953027e-004
    2.04164372e-003 -9.89171822e-005 0. 1.09846245e-004 9.04787146e-003
    0. 1.37225946e-003 0. -2.05018048e-004 0. 0. -1.06897403e-003 0.
    2.94859987e-003 0. 0. 0. 4.96666180e-003 0. 0. 0. 0. 0. 0.
    1.05530885e-003 0. 0. 0. 0. 0. 0. 0. 0. 0. 0. 7.89885037e-003 0. 0.
    0. 0. 5.61078370e-004 0. 5.75299549e-004 0. 0. 0. 2.23589988e-004 0.
    0. 0. 1.93336525e-003 7.07262079e-004 0. 0. 0. 0. 0. 3.35664814e-003
    0. 0. 6.51997689e-004 0. 0. 1.81361183e-003 7.50791281e-003
    1.00158527e-003 0. 1.29126851e-003 0. 2.45627528e-003 0. 0.
    1.62585396e-002 0. 0. 2.18853398e-004 0. 4.24717087e-003
    1.43470448e-002 0. 2.67628883e-003 6.94423215e-004 0.
    9.14000411e-005 0. 0. 3.37826996e-003 0. 0. -1.83905382e-003 0. 0.
    6.72219729e-004 0. 0. 0. 1.25092384e-003 0. 0. 0. 1.30508794e-003
    2.28405930e-003 2.94943689e-004 0. -2.61198613e-004 0. 0. 0. 0.
    3.68811865e-003 4.83884756e-003 4.82474547e-003 0. 0.
    -1.18749344e-003 2.72968574e-003 0. 0. -8.92022275e-004 0. 0. 0. 0.
    0. 0. 1.02888495e-002 2.88865529e-004 0. 0. 0. 8.52340925e-003
    6.68974011e-004 0. 0. 7.08900625e-005 0. -1.78594550e-003 0. 0.
    5.92874410e-003 0. 3.54841832e-005 2.11819448e-003 1.27994956e-003
    0. 0. -9.48185741e-004 8.01408570e-003 0. 0. 0. 0. 0. 0. 0. 0. 0. 0.
    0. 0. 0. -6.69512199e-004 0. -1.70505291e-003 -1.25634240e-003 0. 0.
    5.39252011e-004 0. 0. 0. 0. 0. -1.52171217e-003 0. 0. 0. 0.
    2.25399248e-003 0. -9.85652558e-004 0. 0. 0. 0. 0. 0.
    3.31615261e-003 3.98672232e-003 0. 0. 0. 3.51344992e-004 0.
    9.56962525e-004 0. 0. 0. 6.33667875e-003 0. 5.86069515e-003
    4.03444428e-004 3.56211164e-003 2.08497583e-003 8.22313072e-004 0.
    0. 0. 5.19210333e-003 0. 1.00922538e-003 6.24475244e-004 0. 0.
    7.52341060e-004 1.05913891e-003 0. 0. 0. -1.95798650e-003 0. 0.
    1.29091542e-003 5.46432892e-003 0. 0. 0. 1.48004608e-003 0. 0.
    1.19523099e-003 0. 7.46881196e-005 0. 0. 0. 0. 0. -1.08813250e-003
    0. 6.14542863e-004 4.39394265e-003 4.04193299e-003 0.
    3.42916721e-003 0. 0. 0. 0. 0. -2.18821946e-003 0. 0. 0. 0. 0. 0. 0.
    7.71333184e-003 3.54361674e-003 0. 0. 0. 0. 1.40195685e-002 0. 0.
    1.41617539e-003 0. 1.34689431e-003 0. 1.10034482e-003 0. 0.
    7.94905052e-003 1.87719939e-003 1.58021855e-003 0. 1.61993783e-003
    7.17823787e-005 0. 4.08191513e-003 0. 0. 0. 0. 3.61935212e-003
    4.18296130e-003 0. 0. 0. 0. 2.34581833e-003 1.38437822e-002
