<?xml version="1.0"?>
<opencv_storage>
<imageDescriptor type_id="opencv-matrix">
  <rows>1</rows>
  <cols>1000</cols>
  <dt>f</dt>
  <data>
    0. 6.02740794e-003 0. 0. 9.79407877e-003 6.79550087e-003 0. 0. 0.
    -3.66484700e-003 0. 1.29723735e-002 8.17009341e-003 0. 0. 0. 0.
    2.45686853e-004 0. 0. 0. 0. 1.98889314e-003 9.12260904e-004 0. 0.
    -1.12815038e-003 0. 0. 0. 6.47809030e-003 0. 0. 2.05210014e-003 0.
    0. 7.94387524e-005 -5.01486174e-005 1.33276056e-003 0. 0. 0. 0. 0.
    -8.30657547e-004 1.62450597e-003 0. 0. 0. 0. 1.40053907e-003
    -1.10294968e-004 4.86746011e-003 0. 0. 0. 0. -2.36394885e-003 0.
    1.01642101e-004 6.21455908e-003 2.85076187e-003 0. -1.40779954e-003
    0. 0. 0. 2.75302515e-003 5.18123899e-003 0. 0. -6.19938830e-004 0.
    0. 0. 7.00585451e-003 0. 0. -7.05610786e-004 2.21130764e-003
    -6.64990919e-004 0. 2.10871891e-004 5.53406356e-003 9.62519494e-004
    0. 0. 2.23219651e-003 0. 0. 2.29870458e-003 -9.19787795e-004 0. 0.
    2.29790504e-003 4.71058581e-003 -9.70026187e-004 0. 0.
    7.51221378e-004 0. 0. 9.10235685e-004 1.43364607e-003 0. 0. 0.
    5.41480316e-004 0. 0. 0. 0. 8.91994406e-003 0. 0. 0. 5.11462428e-003
    1.20156370e-002 0. -2.18951399e-003 1.29203813e-003 7.52128195e-004
    5.25352778e-003 3.19056120e-003 0. 0. 0. 0. 2.42046709e-003 0. 0. 0.
    0. 1.88839866e-003 0. 9.71682195e-004 0. 0. 0. 1.50912628e-003 0. 0.
    0. 4.27176803e-003 8.82084761e-003 0. 3.49532301e-003
    -1.13338101e-005 9.34670214e-003 5.54509321e-003 0. 0.
    1.58858579e-002 0. 2.09187879e-003 -4.22669749e-004 0. 0.
    2.28077942e-003 0. 1.69878663e-003 1.92194700e-003 0. 0.
    -1.41236337e-003 3.49274534e-003 0. 0. -4.80798772e-004 0.
    1.76346075e-004 3.41308452e-002 2.05113683e-004 0. 0. 0. 0.
    5.26483171e-003 6.67502917e-003 6.97773136e-003 4.49614646e-003 0.
    0. 2.26420513e-003 0. 0. 2.31310562e-003 0. 0. 0. 0. 3.28324968e-003
    0. 0. 0. 0. 0. 0. 0. -6.33301039e-004 8.38003121e-003 0.
    2.22838135e-003 0. 1.34282373e-003 0. 0. 0. -5.24306390e-003 0. 0.
    0. 2.62574642e-003 0. 0. 6.05708221e-003 0. 0. 1.65947843e-002
    5.29162446e-003 1.91760459e-003 0. 1.70341379e-003 0. 0. 0.
    1.05548359e-003 0. 0. 0. 0. 0. 0. 2.19472614e-003 0. 0. 0. 0.
    2.27184733e-003 0. 0. 0. -1.62496278e-003 0. 0. 0. 0. 0. 0.
    1.04145249e-002 0. 0. 0. 1.61107199e-003 0. 0. 0. 1.68368442e-003 0.
    4.48641600e-003 0. 0. 0. 5.76765815e-005 0. 0. 0. 0. 0. 0.
    -1.36415780e-004 1.99062703e-003 6.46082452e-003 0. 1.86979200e-003
    0. 0. 0. 6.04449678e-003 3.43524269e-003 0. 4.66130368e-005 0. 0. 0.
    0. 0. 2.40735803e-003 0. 0. 0. 0. 0. 0. 0. -8.54834099e-004
    4.12601745e-003 0. -2.17178400e-004 0. -2.01976858e-004
    7.40694464e-004 0. 0. 0. 0. 0. 0. 0. 0. 2.45704578e-004 0. 0. 0. 0.
    0. -3.11804493e-003 0. 0. 2.33283057e-003 0. 4.45097859e-004
    1.04902440e-003 0. 0. -6.05764217e-004 2.44601890e-002 0. 0. 0. 0.
    1.70110294e-003 1.03981385e-003 -4.15255869e-004 -2.58017448e-004
    8.99786130e-003 0. 0. 4.28126939e-003 1.27531048e-002 0. 0. 0. 0. 0.
    0. 0. 0. 8.43433198e-003 0. 0. 8.16464948e-004 0. 1.26429799e-003 0.
    -1.41162029e-003 9.65860579e-003 0. 4.11322480e-003 0. 0. 0. 0. 0.
    0. 0. 0. 0. 7.86831079e-004 0. 0. -3.34059674e-004 9.53467912e-004
    0. 0. 0. -9.09113139e-003 0. -3.45206354e-003 -4.68638114e-004 0. 0.
    1.38567656e-003 1.21600758e-002 1.74975616e-003 0. -2.88310996e-003
    0. 9.82690416e-003 0. 0. 1.15159294e-002 0. 0. 1.24097371e-003 0. 0.
    0. 0. 0. 0. 6.00847229e-003 0. 4.61960025e-003 0. 0. 0. 0. 0. 0.
    2.11961148e-003 0. -2.62060529e-003 0. 0. 0. 0. 0. 0.
    -4.36957181e-003 0. 0. 0. 2.03918293e-003 4.83908836e-004 0.
    2.94312253e-003 0. 0. 0. 0. 1.49045466e-003 -1.83204049e-003 0. 0.
    0. -6.13743206e-004 0. 0. 0. 0. 0. 0. 0. 0. 0. 0. 0. 0. 0.
    -4.23036952e-004 0. 0. 8.51750374e-003 0. 0. 0. 0. 0. 0.
    5.38234657e-004 0. 3.12228943e-003 0. 0. 4.10318375e-003 0.
    2.42083566e-003 0. 0. 0. 0. 0. 2.35992414e-003 0. 0. 2.51893303e-003
    0. 3.24879936e-003 2.67523155e-003 3.54784727e-003 0.
    9.47537774e-004 0. -1.44120702e-003 0. 0. 0. 0. 0. 0. 0. 0.
    2.32116668e-003 0. 0. 0. 1.24075334e-003 0. 0. 0. 7.83229130e-004
    2.28506047e-003 3.29124276e-003 0. 0. 0. 0. 8.99311341e-003
    1.89434155e-003 0. 3.70425580e-004 -4.47995233e-004 0. 0. 0.
    2.39337375e-003 0. 1.04809282e-002 4.80743649e-004 1.57610588e-002
    0. 0. 1.67556375e-003 0. 2.82423967e-003 0. 5.27560804e-003 0.
    1.21883384e-003 0. 0. 7.68626016e-003 0. 0. 2.44907998e-002 0. 0.
    8.53699073e-003 0. 1.74783275e-003 4.79483097e-005 0.
    8.69905110e-003 0. -1.74212898e-003 8.67414419e-005 0.
    7.78966787e-005 0. 0. 3.14559264e-004 1.62028114e-003
    4.42505395e-003 1.93050480e-004 0. -7.73635402e-004 0.
    2.83159618e-003 0. 9.77360737e-003 0. 0. 0. 0. 0. 3.87976528e-003 0.
    0. 1.26391440e-003 0. 0. 0. 1.72866904e-003 0. 0. 0. 0. 0. 0. 0. 0.
    0. 2.86930264e-003 0. 1.68295670e-002 7.02917762e-003 0. 0.
    3.01160710e-003 0. 0. 0. 0. 0. 0. 0. 0. 0. 0. 0. 9.14298277e-003 0.
    -3.33046919e-004 0. 0. 0. 2.13342998e-003 0. 0. 5.06056705e-003 0.
    0. -1.46610721e-004 9.92994406e-004 0. 1.03041530e-004 0. 0.
    3.68179753e-005 0. 0. 0. -1.01391773e-003 0. 0. 0. 8.98380671e-003
    0. 0. 1.08129596e-002 0. 0. 0. 0. 0. 0. -1.64815993e-003
    3.14621208e-003 0. 6.56308234e-003 0. 0. 0. -3.62438266e-004
    1.51897455e-003 3.29615409e-003 0. 4.29371092e-003 6.95498800e-003
    1.40852423e-003 0. 0. 0. 0. 1.97842508e-003 -1.03853073e-003 0.
    2.09186808e-003 2.00973102e-003 0. 4.63222479e-003 0.
    1.01257372e-003 0. 0. 0. 3.72473104e-003 0. 0. 0. 0. 0. 0. 0. 0.
    6.80095167e-004 0. 0. -9.91282170e-004 1.58309215e-003 0.
    1.45819888e-003 0. 1.79609016e-003 2.12609651e-003 0. 0. 0.
    1.18377840e-003 0. 0. 0. 0. 0. 0. 0. 0. 0. 0. 0. 0. 0. 0. 0. 0. 0.
    0. 0. 1.21513661e-003 0. 0. 0. 0. 0. 0. 0. 2.25038198e-003 0. 0. 0.
    0. 1.00709433e-002 0. 0. 0. 4.50069038e-003 0. 0. 0. 0. 0. 0. 0. 0.
    -5.78509120e-004 0. 0. 2.30376516e-003 0. 0. 0. -1.79063540e-003 0.
    0. 0. 0. 0. 0. 0. 0. 0. 0. 0. 0. 1.60200160e-003 7.36824994e-004 0.
    0. 0. 0. 0. -9.31714429e-004 0. 0. 1.64748065e-003 7.02499412e-003
    1.72414631e-003 1.38291554e-003 0. 0. 0. 0. 0. -1.16950199e-004 0.
    0. 0. 0. 2.93648127e-003 0. 0. 0. 0. 0. 0. 0. 0. 2.79212691e-005 0.
    2.71634921e-003 6.70140469e-003 2.22157640e-003 -6.74055330e-003
    4.98613389e-003 0. 0. 0. 1.94445858e-003 0. 0. 0. -1.94818259e-003
    3.85652529e-003 0. 0. 2.05424454e-004 1.25756050e-002 0.
    8.29227152e-004 0. 0. 0. 0. 0. 0. 0. 2.81189522e-003 0. 0. 0.
    -2.31241272e-003 -5.74006001e-004 0. 2.55096960e-003 4.11845045e-003
    0. 0. 0. 1.46896653e-002 1.24235186e-004 0. 2.60470808e-003 0. 0.
    3.34098446e-003 0. 0. 0. 0. 0. 0. 0. 0. 0. 0. 0. 0. 0. 0. 0. 0.
    6.19108416e-003 0. 0. 0. 0. 0. 6.72527216e-003 0. 2.05053599e-003
    1.05306320e-003 9.08471644e-003 -2.80157576e-004 5.47349919e-003 0.
    0. 0. 1.01338327e-003 9.08820133e-004 0. 0. 0. 0. -2.53335777e-004
    8.65630526e-003 0. 0. 4.16653277e-003 0. 0. -1.88767875e-003 0.
    4.87134821e-004 0. 0. 0. 0. 0. 0. 0. 0. 0. 0. 0. 0. 0.
    2.39107758e-003 0. 4.29454539e-003 2.17218115e-003 0. 0.
    8.33596196e-003 3.29210004e-003 2.14331113e-002 6.85082190e-003 0.
    1.84685527e-003 0. 0. 0. 0. 1.14144967e-003 0. 0. 0. 0. 0. 0. 0. 0.
    6.20513642e-003 0. 0. 0. 2.27639289e-003 0. 0. 0. 0. 1.33120653e-003
    0. 0. 0. 0. 0. 0. -4.63764736e-004 0. 0. 0. 0. 0. 0. 0. 0. 0. 0.
    3.46513744e-003 6.45459630e-004 -1.20084282e-004 0. 0. 0.
    2.80067767e-003 1.84294803e-003 0. 0. -1.51630622e-004
    2.00240146e-002 0. 0. 3.84140434e-003 1.22508383e-003
    2.02599377e-003 1.06703653e-003 0. 0. 2.47000717e-003 0. 0.
    2.22220807e-003 0. 0. 0. 0. 0. 0. 0. 0. 0. 0. 1.74472551e-003 0. 0.
    3.45435622e-003 -5.44863695e-004 0. 0. 0. 0. 0. 0. 0. 0. 0.
    1.94594096e-002 0. 0.</data></imageDescriptor>
</opencv_storage>
