<?xml version="1.0"?>
<opencv_storage>
<imageDescriptor type_id="opencv-matrix">
  <rows>1</rows>
  <cols>1000</cols>
  <dt>f</dt>
  <data>
    0. -5.58782136e-004 0. 1.38723955e-003 -7.22408877e-004
    -8.14272062e-005 0. -3.07562435e-003 4.80760168e-003 8.11234862e-003
    0. 5.40818833e-003 7.89999496e-003 4.46246192e-003 1.27227162e-003
    2.60896492e-003 1.70122192e-003 0. 6.04734487e-005 1.11497997e-003
    1.62459456e-003 1.43113630e-002 0. 0. 1.95176963e-005
    1.26606959e-003 1.18479738e-003 0. -1.80879678e-003 0. 0.
    5.26185613e-004 1.24433646e-002 0. 4.04219329e-003 4.15665389e-004
    7.83485547e-003 0. 8.32195146e-005 0. 3.84105509e-003
    2.33495072e-003 0. 0. 0. 1.05857886e-004 1.73358549e-003 0. 0. 0. 0.
    0. 2.46560259e-004 4.82183229e-003 1.95632013e-003 1.26072078e-003
    2.11020117e-003 0. 9.09767288e-004 0. 0. 0. 4.03153757e-003
    5.63118840e-003 -2.26034503e-003 0. 4.49318992e-004 1.00479240e-003
    3.13514378e-003 0. 0. 5.82711352e-003 -1.18712647e-004
    7.77563127e-003 2.00938340e-003 0. 0. 0. 2.78273692e-005
    6.74904464e-003 0. -1.32423150e-003 0. 2.91554816e-003 0. 0.
    5.07209729e-003 0. -1.53663149e-003 1.32395187e-003 0. 0.
    -1.64809893e-003 5.65680442e-004 0. 1.23909395e-003 3.63285723e-003
    0. 0. 0. 0. 3.30194412e-003 0. 1.77150697e-003 0. 5.97112114e-003
    3.32258944e-003 9.15417564e-004 3.21929838e-004 0. 0.
    7.48516293e-003 5.20270457e-003 0. 0. 4.09418158e-003
    2.08024541e-003 4.00981214e-003 0. -1.15209252e-004 7.61120673e-003
    0. 0. 1.00347784e-003 0. 1.59484881e-003 0. 1.99122378e-003 0.
    7.84889780e-005 7.44011998e-003 1.87060243e-004 0. 0. 0. 0.
    6.93419063e-003 1.57612574e-003 0. 0. 0. 1.38626609e-003
    -1.29021224e-004 1.08200929e-003 3.72898125e-004 3.92624550e-003
    -2.19961582e-003 0. 1.67070969e-003 0. 0. 0. 8.27792159e-004
    1.24405767e-003 0. 0. 1.15216663e-002 9.27900616e-003
    6.44007837e-003 0. 2.90044793e-003 0. 0. 0. 0. 0. 1.43543736e-003 0.
    8.24299350e-004 4.42517409e-003 1.18971779e-003 -2.63237634e-005
    3.15888296e-003 0. 0. 0. 0. 0. 7.11596990e-003 1.67228631e-003 0. 0.
    0. 3.95721290e-004 1.05253537e-003 0. 0. 0. 0. 8.11473001e-003 0.
    2.09562480e-003 2.36082263e-003 1.50442042e-003 7.93746859e-003 0.
    1.24869845e-003 0. 0. 0. 0. -2.77517975e-004 0. 2.21679523e-003 0.
    0. 3.23870941e-003 1.31422502e-003 -7.47793936e-004 0. 0. 0. 0.
    4.15065186e-003 0. 0. 1.09175860e-003 -1.64411508e-003 0. 0.
    4.31202207e-004 0. 0. 1.76007030e-004 2.12515215e-003 0.
    -1.59193340e-004 0. 9.00267798e-004 2.38145891e-004 1.45218964e-003
    0. 1.26517715e-003 0. 1.49914366e-003 0. 4.08870447e-003 0.
    -8.28420089e-005 0. 0. 0. 0. -9.86860250e-004 0. 0. 0. 0.
    1.33842381e-003 0. -4.39411146e-004 0. 0. -7.50059728e-004 0.
    1.86301797e-004 1.20719348e-003 -3.09578190e-003 0. 6.21483778e-004
    0. 0. 0. 0. 0. 0. 1.37752760e-003 4.29223944e-003 0. 1.79770624e-003
    0. 9.82610392e-004 0. -5.06494194e-004 0. 0. 1.03797601e-003 0. 0.
    0. 1.51765137e-003 1.21062412e-003 1.74146041e-003 0. 0. 0.
    3.99348908e-004 4.37315000e-004 1.44461321e-003 3.81748338e-004
    1.85116474e-003 0. 4.50811822e-005 0. 1.22059858e-003 0.
    -2.56687286e-004 0. -5.97629878e-005 1.52087567e-004 0.
    2.24372518e-004 0. -1.65565696e-004 0. 0. 2.92604999e-003
    2.45041214e-003 0. -1.29466265e-004 2.17114203e-003 -2.54077575e-004
    1.62880379e-003 4.22516698e-003 0. 0. 0. 1.73559610e-003 0.
    4.16107150e-003 2.28639971e-003 5.15452493e-003 0. 0. 0. 0. 0. 0.
    1.18698308e-003 3.06521868e-003 9.64249775e-004 0. 3.63070954e-004
    7.81956315e-003 9.24311345e-004 1.56789424e-003 0. 5.92481636e-004
    7.08652288e-003 0. 2.78222258e-004 0. 0. 0. 7.18389452e-003 0.
    4.55398113e-003 0. 0. 2.15084595e-003 0. 7.91305574e-005 0. 0.
    8.16933345e-004 0. 1.21782057e-003 1.79855479e-003 0. 0. 0. 0. 0. 0.
    4.25775209e-003 0. -3.97381024e-004 7.55375437e-003 3.04883462e-004
    1.43470161e-003 0. 0. 4.60674008e-003 1.79795700e-003 0.
    -3.62709491e-003 -1.31035586e-005 0. 2.97858682e-003 0.
    2.18570791e-003 0. 2.24264408e-003 2.61852471e-003 0.
    -5.18622517e-004 0. 0. 0. 0. 0. 0. 0. 0. 0. 0. 0. 0. 0.
    5.90604963e-003 0. 1.62517466e-003 0. 7.01429555e-004
    -1.27980066e-003 0. 3.48480744e-003 2.41681281e-003 0. 0. 0. 0. 0.
    0. 2.01004581e-003 -3.23145185e-004 0. -1.67938811e-003 0. 0.
    5.31172473e-003 5.36087318e-004 1.33290957e-003 0. 1.24534548e-004
    0. 0. 0. 0. 0. 5.88656403e-003 0. 0. 3.80639220e-004 6.54894568e-004
    1.20650372e-003 3.20425979e-003 1.71453180e-003 8.36570573e-004
    1.99348971e-004 0. 3.50862159e-003 0. 3.21624830e-004 0. 0. 0.
    1.59760821e-003 -8.62842910e-007 0. 1.53008488e-003 1.44020352e-003
    0. 0. 0. 4.47600833e-005 1.78404606e-003 4.54435358e-003
    5.05094090e-003 1.48393661e-002 0. 0. 1.77527370e-003
    5.39135979e-003 0. 0. 1.49222859e-003 3.60240391e-003 0.
    -4.81279916e-004 0. 0. 0. 4.06422094e-003 0. 0. 0. 0.
    1.34035421e-004 0. 0. 4.01842315e-003 1.13662996e-003 0.
    4.75268636e-004 2.37712124e-003 0. 0. 1.07882898e-002 0.
    1.54941168e-003 0. 1.01899924e-002 1.36237592e-002 0. 0. 0. 0.
    2.15191534e-003 1.59099267e-003 0. 4.64919442e-003 -3.20537627e-004
    2.09767465e-003 2.80759879e-003 0. 0. 0. 0. 0. 2.39802431e-003
    1.52057200e-003 4.93384851e-003 0. -5.76120918e-004 0. 0. 0.
    -1.48792681e-003 1.43446901e-004 1.11130968e-004 -1.13701227e-003
    -1.74390001e-003 0. 6.03254710e-004 0. 3.52283590e-003 0.
    8.69162031e-004 0. 0. 0. 2.10227165e-003 0. 9.83097497e-003 0.
    7.77832291e-004 0. 3.92703386e-003 3.59359733e-003 0.
    6.98858290e-004 2.02997890e-003 -6.26683701e-004 0. 0. 0. 0.
    5.66098955e-004 2.51677539e-003 0. 0. -2.17059744e-003 0. 0.
    -1.11116376e-003 -4.92268300e-004 0. 0. 3.84072977e-004 0.
    -1.21146918e-003 0. 0. 2.86400900e-003 0. 0. 4.59139701e-004
    3.88227915e-003 0. 7.08079385e-003 0. 0. 7.25565129e-004 0. 0.
    1.01941952e-003 9.07753827e-004 2.99891050e-004 0. -8.65570677e-004
    0. 0. 0. 2.21700710e-003 1.36571040e-003 3.25881364e-003 0.
    4.29509295e-004 0. 6.33491622e-003 2.37952243e-003 0.
    5.26864082e-004 0. 0. 8.89836461e-004 1.03148469e-003
    -7.32491142e-004 0. 0. 2.25522649e-003 8.02683237e-004 0. 0.
    3.95788840e-004 9.98962577e-003 0. 0. 0. 0. 0. 0. 2.10469915e-003
    1.10044552e-003 0. 0. -2.29843496e-003 0. 4.51740372e-004 0. 0. 0.
    0. 0. 0. 0. 0. 3.89442546e-004 3.43610765e-003 0. 1.20008737e-003 0.
    0. 1.55493524e-003 2.32324982e-003 0. 0. 0. 0. 0. 0. 2.60530505e-003
    7.85463490e-003 0. 0. 0. 0. 5.75059734e-004 0. 0. 2.69303739e-004 0.
    3.16938316e-003 0. -2.82429217e-004 0. 0. 2.56094243e-003 0. 0. 0.
    2.89335474e-003 0. 5.84954454e-004 4.71633626e-003 0. 0.
    5.42578613e-003 0. 0. 3.90017463e-004 0. 0. 2.79540522e-003 0.
    2.84884544e-003 1.37805566e-003 0. 0. 1.08795194e-002 0.
    2.47708219e-003 0. -4.84698266e-003 1.23580759e-002 0. 0. 0.
    9.23290325e-004 0. 2.27039218e-005 0. 0. 8.54068145e-004 0. 0. 0.
    1.58600707e-003 0. 0. 0. 4.18135570e-003 4.07129945e-003
    1.94413424e-003 0. 0. -1.02444633e-003 0. 2.77592777e-003
    9.73617006e-003 3.87294858e-004 5.88080038e-005 1.41692953e-003
    3.19946255e-003 0. 0. 4.39069839e-003 3.44669679e-004
    6.30350027e-004 1.51246204e-003 1.16583670e-003 0. -7.00752018e-004
    0. 0. 0. 0. 0. 1.01730519e-003 3.45818838e-003 0. 0. 1.59372145e-003
    6.66194176e-003 4.24589962e-003 6.56997960e-004 4.06411709e-003 0.
    6.54024165e-003 0. 0. 3.11645167e-003 0. 1.12385408e-003
    1.95044995e-004 5.76940132e-003 0. -9.42019760e-005 0. 0. 0. 0. 0.
    -7.42884469e-004 7.12638674e-003 -7.78745743e-004 7.31764652e-004 0.
    0. -3.97432130e-003 0. 0. 0. 3.81332426e-003 -1.48735693e-004
    -1.00145793e-004 0. 0. 2.45150499e-004 2.37962726e-004
    3.65131162e-003 0. 2.32248032e-003 0. 0. 0. 0. 8.71766824e-004
    2.44547060e-004 0. 0. 0. 1.21785223e-003 5.28871454e-003 0. 0. 0. 0.
