<?xml version="1.0"?>
<opencv_storage>
<imageDescriptor type_id="opencv-matrix">
  <rows>1</rows>
  <cols>1000</cols>
  <dt>f</dt>
  <data>
    -1.12726539e-003 5.47301536e-003 5.04410081e-003 0. 0.
    6.42514613e-004 0. 0. 1.53107030e-005 1.10112550e-003
    6.06121030e-003 8.10674950e-003 1.48346182e-003 -2.84153066e-004 0.
    0. 1.45802379e-003 0. 5.79577265e-003 -1.47227538e-005
    -2.71749032e-005 0. 0. 2.92063504e-003 0. 0. 5.10635460e-003 0. 0.
    0. 0. 0. 1.58057446e-004 0. 0. -1.18618227e-004 0. 0.
    6.95234048e-004 1.05641564e-004 0. 5.23225265e-003 0. 0.
    2.39965017e-003 -5.76743798e-004 0. 3.56541917e-004 0. 0.
    4.78241919e-003 5.43778867e-007 0. 1.87450601e-003 -8.40874971e-004
    2.79836386e-004 4.65586921e-003 0. 1.62497815e-003 2.55258731e-003
    4.92340710e-004 0. 0. 0. -2.42657188e-005 0. 0. 0. 1.92654482e-003
    7.01476028e-003 1.15992581e-004 4.79050819e-003 0. 0.
    -6.28037320e-004 1.42123422e-003 1.33854365e-002 0. 0. 0.
    8.59983079e-003 2.83279759e-003 -4.11060435e-004 3.50935548e-003
    3.28093721e-003 8.53313506e-003 0. -7.77173846e-004 7.75725523e-004
    0. -8.15306383e-004 1.06367690e-003 2.93661049e-003 0.
    3.22403461e-002 0. 0. 2.17758599e-004 3.18814837e-003
    3.41629307e-003 -5.82207402e-004 7.23679201e-004 -2.76294956e-003 0.
    0. 3.39623331e-003 2.35351711e-003 0. 0. 0. 1.47999410e-004
    8.97043719e-005 4.30884917e-004 0. 2.14567452e-004 0.
    -1.32817507e-003 5.29975805e-004 6.58290926e-004 0. 0.
    4.45319252e-004 4.12577036e-004 6.71669375e-003 8.10748839e-004
    -3.82845057e-004 1.84132974e-003 2.29472481e-003 0. 2.13577156e-003
    6.33399421e-003 0. 0. 0. 0. 0. 2.74387281e-003 2.70115212e-003 0.
    1.77777733e-003 0. 0. 1.28999562e-003 0. 5.06443996e-003 0. 0. 0.
    1.32204411e-006 0. -2.54893763e-004 0. 1.17778322e-002
    -4.05388593e-004 3.17802216e-004 -7.06031919e-004 1.06158927e-002 0.
    -1.28639932e-003 6.34502992e-003 7.69898470e-004 -7.35150604e-003 0.
    0. 1.89332594e-003 5.53002814e-004 0. -3.69437854e-004
    -5.61043620e-004 0. 1.76376430e-003 1.73628144e-002 0.
    -7.52517604e-004 0. 8.50775745e-004 3.88672878e-003 1.53227721e-003
    0. 7.75745895e-004 3.20711079e-005 2.01426889e-003 8.29255208e-003
    0. 0. 3.33791971e-003 7.60744733e-004 0. 0. 0. 0. 0. 7.25878985e-004
    -2.97737657e-004 0. 2.27411278e-004 0. 1.12392800e-002 0. 0. 0. 0.
    6.39144657e-003 0. 0. 0. 0. 0. 8.90830648e-004 5.04259998e-003 0.
    4.18494281e-004 0. 0. -4.54803259e-004 1.54646288e-003
    1.26297669e-002 0. 0. 0. 5.09909820e-003 0. 1.98333547e-003 0.
    3.87821667e-004 -1.36331975e-004 0. 1.11949462e-002 0. 0. 0. 0. 0.
    0. 0. 0. 8.58140271e-003 0. 0. 1.21871440e-003 0. 0. 7.72435078e-003
    1.84742000e-003 0. 4.93593235e-003 0. 0. 2.27659382e-003 0. 0. 0. 0.
    6.21343171e-003 0. 0. 7.27601070e-003 0. 0. 7.82367133e-004
    -8.43682268e-004 0. 1.03690929e-003 7.04493513e-003 3.51834460e-003
    0. 0. 0. 0. 2.81266955e-004 3.22530308e-004 3.08517227e-003
    5.35141537e-003 0. 8.26284057e-004 1.69468636e-004 0.
    2.86533876e-004 4.11435124e-003 0. 0. 0. 0. -2.62889708e-003 0. 0.
    -1.51421654e-003 2.17909180e-003 0. 0. -9.31840797e-004 0.
    8.92722700e-003 0. 0. 0. 3.70504567e-003 2.59230821e-003
    4.88282833e-003 0. -3.51755152e-004 0. 5.55206696e-003 0.
    -2.39797781e-004 0. 1.17479742e-003 0. 1.59190025e-003 0.
    1.60404469e-003 -7.93918560e-004 0. 0. 0. 0. -3.64037842e-004
    3.48397414e-003 0. 0. 7.28363730e-003 9.57066251e-004
    1.12459958e-002 1.56834582e-003 0. 0. 0. 0. 0. -1.21582998e-003
    4.16931842e-004 2.46923114e-003 4.51384950e-003 0. 1.14440008e-004
    0. 0. 0. 1.69441546e-003 0. -1.03595632e-003 0. 0. 8.17034021e-003
    0. 0. -1.61397515e-003 0. 8.94530502e-004 -1.08466356e-003 0. 0.
    8.67290236e-003 0. 3.67054762e-003 6.79149409e-004 -9.64802690e-004
    0. 3.57327051e-004 0. 0. 9.18722991e-003 6.26160298e-004 0.
    -1.05585880e-003 0. 9.71587561e-003 -3.62653518e-004 0. 0. 0. 0.
    4.75618476e-003 2.95736245e-003 0. 0. 0. 0. 7.47952051e-003 0. 0.
    2.20688852e-003 0. 0. -3.99455621e-006 0. 0. 0. 5.20330446e-004
    6.40863832e-003 0. 0. 0. 0. 4.31917887e-003 0. 3.54640069e-004
    3.06442287e-003 -4.46119957e-004 4.40007960e-003 0. 3.61097720e-003
    0. 0. 1.66341558e-003 0. 0. 0. 4.61502234e-003 0. 0. 1.05505600e-003
    0. 0. 3.34355253e-004 0. 0. 0. 4.37164819e-003 0. 0. 0.
    9.21123719e-004 1.34238577e-003 0. 6.12076558e-003 0. 0. 0. 0. 0. 0.
    0. 0. 0. 0. 0. 0. 2.09599780e-003 1.16182526e-003 0. 0.
    6.80985322e-005 0. -8.85057147e-004 0. 0. 8.35354207e-004
    1.52044406e-004 1.53873127e-003 0. 0. 0. 5.94078610e-003 0.
    1.59513892e-003 4.88871150e-003 0. 0. 0. 3.66952014e-003 0.
    -4.02719161e-004 0. 0. 0. 5.20591671e-003 0. -4.28658124e-004 0.
    2.83955014e-003 0. 0. 5.04497439e-004 6.19403843e-004
    7.41461816e-004 0. 1.28452302e-006 9.21481755e-004 0.
    1.78629428e-003 7.70211860e-004 -3.14166443e-003 9.59894527e-003 0.
    0. 2.14301515e-003 -3.77075223e-004 0. 8.62991344e-003
    2.52760644e-003 2.44411454e-003 0. 0. -8.87180795e-004
    1.41810672e-003 1.30145822e-003 0. 4.68168221e-003 0.
    6.99352531e-004 5.74548682e-003 0. 0. 1.93606899e-003 0.
    -1.17596111e-003 0. -1.84717833e-003 3.05811362e-003 0.
    2.62229537e-006 9.82549136e-006 1.65495928e-003 6.90588774e-003 0.
    0. 0. -7.94038177e-004 5.44529117e-004 0. -2.40496083e-004 0. 0.
    1.30046647e-006 0. 0. 0. 0. 0. 2.43999762e-003 0. 0. 4.34528897e-003
    0. 0. 8.94259196e-003 0. 0. 0. 0. -2.78361287e-004 0. 0.
    -2.24575540e-003 8.08668882e-003 0. 0. 0. 0. 0. -1.64335954e-003 0.
    3.55280266e-004 0. 0. 0. 7.16390088e-004 0. 0. 0. 8.81951223e-007
    4.16626252e-004 0. 0. 6.89167529e-003 0. 6.07415475e-003
    8.82094493e-004 6.45276951e-003 2.37267953e-003 6.73734932e-004 0.
    1.07916049e-003 0. 6.85944548e-003 4.93703317e-003 0. 0.
    -7.85058510e-005 0. 1.54521479e-003 0. -8.76594509e-004 0. 0.
    6.28081523e-003 6.89213211e-003 1.94824568e-003 0. 0. 0. 0. 0. 0. 0.
    2.49158475e-003 0. 0. 0. 1.31611922e-003 0. 0. 0. 1.26229553e-003 0.
    0. 7.26661005e-004 -1.42951764e-003 7.19192345e-003 0. 0. 0.
    5.60152903e-003 6.24395953e-003 0. 0. 0. 0. 6.55109156e-003 0.
    1.01060630e-003 0. 9.88595770e-004 2.03083130e-003 2.28091492e-003
    0. 1.66983088e-003 0. 2.91041494e-003 0. 0. 1.19186181e-003 0. 0.
    6.90265151e-004 0. 0. 0. -2.75137089e-003 0. 0. 9.97143798e-004 0.
    3.39168729e-003 0. 0. 0. 0. 0. 0. 0. 0. 0. 0. 0. -1.17582176e-003 0.
    -8.99621227e-005 0. -1.10734103e-003 0. 0. 6.88984431e-003 0. 0. 0.
    1.57583551e-003 6.00416353e-003 0. 0. 0. 0. 0. 0. 0. 0.
    -1.15224440e-003 0. 5.93032641e-003 0. 9.81574878e-004
    7.84161501e-004 0. -6.55176234e-004 1.09307162e-004 1.41961686e-003
    0. 5.43700589e-004 8.07033945e-003 0. 0. 0. 0. 0. 0. 0.
    1.14671921e-003 0. 3.92981479e-003 0. 0. 0. 0. 6.49952376e-003
    5.74780721e-003 0. 0. 7.23782636e-004 0. 0. 0. 0. 0. 0. 0. 0. 0. 0.
    0. 1.33395591e-003 0. 0. 6.17548916e-003 0. 0. 3.67265567e-003 0. 0.
    0. 0. 0. 0. 0. 1.13462820e-003 2.21865182e-003 8.71173688e-004
    1.92393560e-003 3.49476701e-003 0. 3.45865078e-003 0. 0. 0. 0.
    -3.79380072e-005 0. 0. 7.45581987e-004 0. -9.53504423e-006
    -9.80173936e-004 -3.42154410e-004 0. 0. 0. 0. 0. 4.58304211e-003
    1.13629119e-003 0. 1.97477103e-003 0. 0. 0. 0. 0. 9.92562855e-004 0.
    0. 0. 0. 0. 0. 3.79660150e-007 0. 0. 7.69190257e-004 0. 0. 0.
    8.46185605e-004 0. 0. 5.13500581e-003 0. 0. 0. 1.77966396e-003
    1.22450618e-003 0. 8.18410143e-003 0. 3.53911310e-004 0. 0. 0.
    -2.11207414e-004 1.08437589e-005 0. 0. 3.48290167e-004
    6.86939480e-003 6.89263921e-003 0. 0. 0. 0. 0. 0. 0. 0. 0. 0. 0. 0.
    8.55231890e-004 5.87718608e-003 1.00768823e-003 -2.94237770e-003
    4.30962187e-004 1.26942550e-003 0. 0. -2.38322234e-003
    3.97257134e-003 0. 1.02559733e-003 0. 0. 1.94206939e-003 0. 0. 0. 0.
    0. 7.78418209e-004 -8.30740610e-004 0. 0. 0. 0. 2.77920102e-004 0.
