<?xml version="1.0"?>
<opencv_storage>
<imageDescriptor type_id="opencv-matrix">
  <rows>1</rows>
  <cols>1000</cols>
  <dt>f</dt>
  <data>
    0. 0. 0. 0. 0. 1.97860715e-003 1.13158231e-003 1.14155631e-003 0.
    5.57767088e-003 1.12661964e-003 9.87686799e-004 3.39309743e-004
    2.82461243e-003 0. 1.67057477e-003 0. 1.13606628e-003
    2.27601864e-004 -3.28517126e-005 1.97912077e-003 1.20563153e-003
    1.33700212e-002 0. -1.07039942e-003 0. 0. 3.42853810e-003 0. 0.
    1.52722874e-003 4.01441241e-003 -1.75638648e-003 1.20517379e-003 0.
    0. 2.79941782e-003 3.50995688e-003 8.04879877e-004 0.
    2.42587412e-003 0. 1.06624048e-002 0. 0. 2.40259245e-003
    1.88250281e-003 2.92420317e-003 -1.22246536e-004 9.10165720e-004 0.
    -5.81964094e-004 -1.11731824e-004 3.57186142e-003 0. 2.08674697e-003
    2.98165553e-003 2.29086215e-003 0. 1.80552748e-003 9.61341779e-004
    0. 0. 1.15781440e-003 5.54586295e-003 0. 4.34466125e-003 0. 0.
    8.59708409e-004 8.68610223e-004 3.28797294e-004 -7.47042068e-005 0.
    -2.62412522e-003 0. 0. 4.31280961e-004 1.80411339e-003
    2.93183047e-003 0. 0. 0. 0. 0. 1.62721181e-003 3.44528060e-004 0.
    4.13077464e-003 5.85372502e-004 0. 4.30497155e-003 0.
    -2.03178079e-005 2.93124758e-004 5.20279212e-003 0. 3.15352110e-003
    2.47100857e-003 1.18889453e-004 0. -9.28034133e-004 7.08663254e-004
    -6.43892214e-004 1.07564556e-003 0. 0. 2.12298776e-003 0.
    7.86625198e-004 -3.42711201e-003 7.01493933e-004 0. 0.
    3.62421013e-003 7.16428331e-004 0. 0. 3.06530646e-003
    3.04995192e-004 0. 0. 9.68385604e-004 0. -7.01188867e-004
    1.38834747e-003 9.22334904e-004 3.73930275e-003 0. 9.79735889e-003
    8.61449051e-004 0. 2.76893470e-003 0. 1.38290692e-003 0.
    4.40742297e-004 2.50898581e-003 1.98660907e-003 1.58754142e-003 0.
    7.62778334e-004 0. 4.19416901e-004 1.74372061e-003 0. 0.
    5.05886134e-003 0. 0. 3.72508541e-003 4.38784668e-003 0.
    3.06324405e-003 1.36130478e-003 -8.00338748e-004 1.05748171e-004
    2.49093445e-003 8.97500198e-003 0. 4.21379087e-003 0.
    2.18602348e-004 2.88541138e-004 3.35129909e-004 2.87489849e-004
    1.10823591e-003 8.13730294e-004 0. -5.42841444e-004 5.75426966e-004
    0. 6.83966151e-004 0. 4.03003022e-003 1.40839338e-003
    4.60612914e-003 0. 3.58197186e-003 0. -2.52926111e-004
    3.34793003e-003 -7.66451587e-004 0. 0. 1.13898877e-003 0.
    7.41305901e-003 0. 0. 5.36793843e-003 8.47960822e-004 0.
    1.63925893e-003 0. 0. 0. 5.40879788e-004 6.96389761e-004
    4.28900868e-003 3.64777935e-003 1.44051830e-003 4.24716476e-004 0.
    2.87686684e-003 2.35717813e-003 -4.32119297e-004 0. 1.27191213e-003
    4.75187873e-004 4.54543578e-003 0. 0. 3.01995897e-004 0. 0. 0. 0.
    8.39096785e-004 5.08146500e-003 5.41896326e-004 0. 0.
    1.19577069e-003 0. 0. -1.29227026e-003 0. 3.32145835e-004 0.
    4.44778765e-004 -2.29006400e-004 0. -1.46824901e-003 0.
    3.22485634e-004 1.77787000e-003 0. 1.71633111e-003 5.49945701e-003
    0. 4.24638297e-003 0. 3.15716810e-004 0. 0. 0. 0. 0. 0.
    3.04843625e-003 -4.20511264e-004 4.83052852e-003 3.52390879e-003 0.
    0. 0. 0. 0. 4.06292878e-004 0. 0. 7.33161520e-004 0. 2.01166375e-003
    0. 2.97244545e-003 1.53937831e-003 0. 0. 4.00460511e-003
    -5.81700646e-004 1.13952823e-003 1.42473809e-003 0. 9.48696572e-004
    4.23740689e-003 0. 2.52106134e-003 2.12560268e-003 -5.16346598e-004
    -1.46346792e-004 0. 5.23712602e-004 0. 0. 1.19883835e-003
    2.98592006e-003 -7.86802848e-005 2.51945271e-003 1.46352773e-004
    3.29687959e-003 1.72335678e-003 1.22772977e-002 0. 1.08669372e-003
    1.75677077e-003 1.28915359e-004 -3.20764957e-004 0. 0.
    1.66791829e-003 0. 2.73267447e-004 0. -7.90926628e-004 0.
    -4.84529126e-004 2.13810266e-003 0. 0. 0. 2.83115893e-003
    2.80985772e-003 0. 2.50264839e-003 1.71426043e-004 0. 0. 0. 0. 0. 0.
    2.25203345e-003 9.27937799e-004 0. 6.05804496e-004 0.
    4.67717508e-003 9.74454335e-004 2.04112357e-003 -1.13227253e-003
    1.74785603e-003 2.03497912e-004 1.11995102e-003 2.61931703e-003 0.
    2.19019037e-003 4.41384921e-003 -7.77159818e-004 0. 7.49999163e-005
    -1.13249617e-003 -6.39880484e-004 5.18237799e-003 9.07866051e-004 0.
    -7.99272893e-005 0. 0. 0. 1.87578227e-003 0. 0. 3.74520849e-003
    6.25994562e-006 0. -2.25620519e-004 0. 0. 0. 0. 0. 4.18677879e-003
    4.72574774e-003 3.87169025e-003 2.89903604e-003 0. -7.48696504e-004
    2.12749816e-003 1.19109603e-003 0. 7.09271990e-004 0.
    1.39209675e-003 1.35259109e-003 7.63706106e-004 3.86574329e-003
    2.56101019e-003 2.93161720e-004 8.33114842e-004 0. 0.
    1.46473187e-003 0. 0. 0. 1.84144545e-003 0. 1.81855913e-003 0. 0. 0.
    0. 0. 1.96014546e-004 0. -6.46601547e-005 1.75932806e-003
    5.55825839e-003 0. 1.00448972e-003 1.07460946e-003 6.86211861e-004
    2.01679440e-003 2.74308515e-003 6.35041390e-003 2.58345332e-004 0.
    0. 3.14008095e-003 -4.02990991e-004 0. 0. 2.32480714e-004
    8.81512277e-003 4.08656243e-003 6.15145825e-003 0. 1.65957244e-004
    1.72966777e-003 1.94923847e-003 5.64641610e-004 0. 2.57112348e-004
    1.95955136e-003 0. 0. 2.96937395e-003 4.63605113e-003
    2.35783216e-003 4.33596596e-003 4.99405898e-003 8.63291090e-004
    1.78380962e-003 1.62590435e-003 0. 0. 2.01389426e-003 0. 0.
    -2.65613984e-004 0. 1.44076592e-004 2.46005505e-003 3.09673673e-003
    5.39826986e-004 2.70490511e-003 0. 3.67995980e-003 -5.60387678e-004
    0. 0. 0. 0. 0. 0. 0. 9.73524526e-004 3.46943014e-003 1.22631365e-003
    1.56221306e-003 1.43152429e-004 -1.24166789e-003 0. -1.25892111e-003
    0. 0. 2.71393382e-003 4.91956249e-004 3.12308082e-003 0. 0. 0. 0. 0.
    0. 0. 0. 3.93195733e-005 -6.42725965e-004 1.22313784e-003 0. 0.
    7.40671903e-003 1.71135168e-003 1.33113191e-003 0. 1.85851695e-003
    1.42432953e-004 0. -5.45528819e-005 1.30736589e-004 0.
    1.50246080e-004 -1.04843501e-004 0. 0. 2.45458679e-003
    8.81990534e-004 0. 0. 9.16308083e-004 0. 0. 0. -6.89126318e-004
    1.78152183e-003 1.19227028e-004 0. 0. 9.32789349e-004 0. 0.
    8.01214541e-004 0. 0. 2.97789625e-003 6.04333123e-004
    3.00533813e-003 2.96969130e-003 0. 0. 0. 0. 6.41639531e-003 0.
    5.41975605e-004 6.53510273e-004 4.07529675e-004 9.56147723e-003 0.
    0. 2.71846843e-003 -4.41621087e-004 3.11365444e-003 0.
    -1.38859230e-003 0. 3.41948849e-004 0. 0. 0. 1.31768186e-003 0.
    8.62848072e-004 5.06376754e-003 6.09492650e-003 0. 0.
    2.62674503e-003 0. 0. 3.67350108e-003 0. -1.35552301e-003
    -5.97360522e-005 0. 0. 3.31950258e-003 0. 0. 0. 2.59618624e-003
    -8.50737910e-004 0. 4.52292524e-003 4.67505452e-004 1.57927774e-004
    6.48299523e-004 2.12263595e-003 0. 2.66760285e-003 6.35389704e-004
    0. -7.94545107e-004 6.45545020e-004 3.88495479e-004 3.63613392e-004
    0. 0. 0. 2.07148725e-003 0. 6.62954291e-004 0. 1.65216636e-003 0.
    6.36432436e-004 0. 8.35345418e-004 1.58733851e-003 2.18968256e-003
    2.28830776e-003 0. 0. 0. 0. 0. 0. -4.89932681e-005 1.35852967e-003
    1.31703843e-003 0. 2.50467844e-003 1.31663168e-004 0. 0.
    1.81754923e-003 0. 0. 2.15649931e-003 1.35775481e-003 0.
    2.11963034e-003 0. 2.25332961e-003 4.29459818e-004 0. 0.
    1.31503609e-003 3.66960396e-003 3.90330050e-003 0. 1.19397102e-003
    0. 2.20460794e-003 1.70690916e-003 5.97339706e-004 3.38894402e-004
    0. -5.97883307e-004 0. 1.86123187e-004 -2.17389577e-004
    1.04878126e-002 0. 1.97670492e-003 4.30340227e-003 0.
    1.13115192e-003 5.68297226e-004 8.58925574e-004 0. 0. 0. 0.
    1.78887963e-003 1.07907190e-003 1.00345537e-003 0. 0.
    1.50055008e-003 3.69164930e-003 0. 0. 6.75426214e-004 0.
    1.19204307e-003 -6.94252551e-004 0. 2.88681150e-003 0.
    1.76861894e-003 0. 8.00736481e-004 0. 0. 4.06903494e-003
    5.00060152e-003 4.29916056e-003 2.31582765e-003 2.96662166e-003 0.
    6.95157330e-004 0. 0. 1.01038825e-003 2.29610270e-003
    2.18087831e-003 2.83966470e-003 -5.01120212e-006 3.10963532e-003 0.
    0. 5.65286027e-004 2.04661279e-003 0. 0. 0. 0. 0. 7.96112756e-004
