<?xml version="1.0"?>
<opencv_storage>
<imageDescriptor type_id="opencv-matrix">
  <rows>1</rows>
  <cols>1000</cols>
  <dt>f</dt>
  <data>
    0. 5.73958829e-003 0. 5.37848473e-003 4.55731899e-003
    6.40961854e-003 2.11143261e-003 0. 0. 0. 0. 7.86312483e-003 0. 0. 0.
    -6.16015110e-004 0. 2.80754385e-003 0. 3.09428852e-003 0. 0. 0. 0.
    0. 0. 6.18459424e-003 0. -1.09645200e-003 1.06410845e-003
    1.43833729e-002 4.65514371e-003 0. 1.38314499e-003 -2.02848369e-005
    2.49860738e-003 2.44617695e-003 3.05460091e-003 1.00003253e-003 0.
    5.87510085e-003 0. 0. 0. 3.62130627e-003 0. 0. 0. 0. 3.17729660e-003
    6.85352483e-004 2.69244122e-003 1.30841858e-003 0. 0.
    4.92515089e-003 0. 5.02040086e-004 1.17820187e-003 0. 0. 0.
    -9.48274974e-004 7.13919941e-003 9.09410231e-003 0. 0.
    1.05842645e-003 0. 1.47835659e-002 -1.01887144e-003 2.07746844e-003
    0. 0. 0. 0. -3.20933410e-004 2.16930220e-003 0. 0. 1.20967324e-003
    2.11014086e-003 0. 0. 0. 0. 5.45202428e-003 0. 1.32361264e-003 0. 0.
    0. 8.23516864e-004 7.38840259e-004 -7.43370911e-004 0. 0.
    9.27724876e-004 1.45015982e-003 2.52475124e-003 0. 0.
    -2.75631552e-004 -6.93462440e-004 0. 4.35657101e-003 7.30000436e-003
    0. 0. 0. 5.53160720e-003 3.48946638e-003 8.44485243e-004 0. 0.
    8.51304363e-003 1.33092550e-003 0. 5.25363442e-003 -5.29297249e-005
    0. 8.40114197e-004 0. 0. 0. -8.12405779e-004 0. 0. 2.93001271e-004
    0. 0. 0. 2.46016891e-003 0. 0. 2.24334653e-003 0. 4.96189063e-003
    6.94954162e-003 0. 0. 0. 3.18786275e-004 0. 0. 0. 6.87342312e-004 0.
    0. 0. 0. 0. 0. 7.13382848e-004 0. 2.53152219e-004 0. 6.43550360e-004
    3.57248238e-003 8.43093731e-003 0. 4.33045579e-003 0. 0.
    6.20612968e-003 8.42882786e-004 0. 9.58409975e-004 0.
    3.90731124e-003 0. 5.32590924e-003 -5.95406455e-004 4.81594494e-003
    5.67984674e-003 4.87439986e-003 0. 3.06911115e-003 7.72073492e-003
    0. 3.95652745e-003 0. 4.30813147e-004 1.49023579e-003 0.
    1.61296991e-003 1.58547971e-003 0. 4.78023896e-003 0.
    2.71549332e-003 -3.50947055e-004 2.14487314e-003 -5.63153182e-004
    8.43649497e-004 2.39942153e-003 0. 0. 0. 1.31534378e-003
    -2.01504561e-003 0. 2.80525826e-004 -7.94001506e-004 0.
    1.38318550e-003 3.75317107e-003 0. 2.45470845e-004 9.12590825e-004
    0. -4.21217730e-004 1.18835911e-003 -7.04521255e-004 0. 0. 0. 0.
    2.20841402e-003 0. 0. 0. 0. 0. 0. 1.52825844e-003 3.94862232e-004
    5.84394438e-003 1.02407532e-003 0. 7.39169400e-003 -1.49720965e-003
    0. 0. 0. 0. -5.60914224e-004 0. 0. 0. 1.72525330e-003 0.
    4.38885385e-004 0. -1.83169357e-003 1.76904059e-003 0. 0. 0. 0. 0.
    0. -2.36036896e-004 0. 2.49068090e-003 6.13155682e-003 0.
    2.24077329e-003 0. 0. 0. 0. -1.06545177e-003 0. 0. 3.94090172e-003
    0. 3.35225544e-004 0. 0. 1.46744307e-004 0. 0. 0. 0. 0. 0. 0. 0.
    4.80778329e-003 0. 0. 2.97899358e-003 -8.79399362e-004 0. 0.
    1.01094985e-004 2.93615367e-003 0. 0. 0. 0. 0. 0. 2.12062965e-003
    4.82449029e-003 0. 7.88665726e-004 1.67353626e-003 0. 0.
    4.27650148e-003 0. 0. 2.22747540e-003 0. 0. 0. 0. 0. 5.28610405e-003
    0. 3.16404179e-003 0. 3.36111349e-004 0. -1.10969995e-003
    -3.60538019e-003 7.01667229e-003 0. 0. 0. 0. 2.20197509e-003 0.
    8.96012934e-004 0. 0. 1.98504888e-003 0. 0. 0. 1.46654365e-003
    6.58114615e-004 0. 4.04114835e-003 0. 0. 6.70991512e-003
    6.82726922e-003 0. 0. 0. 0. 1.95781840e-003 5.95734862e-004 0. 0. 0.
    6.27571353e-005 1.89397985e-003 3.29762162e-003 0. 0.
    4.62225114e-004 -2.67430348e-003 9.21759754e-004 1.99050992e-003
    4.43632388e-003 0. 1.38202624e-003 0. 2.30369251e-003 0.
    -2.39275512e-003 0. 0. 9.29324608e-003 0. -6.87979918e-004
    2.43089767e-003 1.68424426e-003 0. 0. 0. 2.20815316e-004
    1.34928077e-002 -1.28742645e-003 0. 0. 0. 3.88955418e-003 0. 0.
    5.65158017e-003 0. 2.32808734e-003 0. 0. 0. 0. 0. 0. 0. 0.
    2.84938025e-003 0. 0. 0. 0. 0. 1.41541008e-003 0. 0. 0. 0.
    5.51309786e-004 0. 3.74569767e-003 0. 0. 0. -5.87268616e-004
    9.27884423e-004 -9.84213548e-004 0. 2.21156888e-002 0. 0. 0. 0. 0.
    1.99361122e-003 0. 1.12308480e-003 0. 0. 0. 0. 0. 0. 0.
    7.00980984e-003 6.25929795e-004 1.30508293e-003 0. 5.63630695e-003
    2.19558002e-004 0. 0. 0. 2.61462457e-003 7.77392182e-003 0. 0. 0. 0.
    0. 0. 1.57866615e-003 0. 0. 2.12942308e-004 7.01897137e-004 0.
    2.32980645e-004 0. 1.37418136e-003 0. 1.11234456e-003 0. 0.
    4.87461599e-004 0. 0. 0. 0. 0. 0. 0. 0. 2.35144026e-003
    1.04563273e-002 0. 1.28108379e-003 0. 7.98416615e-004 0.
    2.11946899e-003 -2.52411148e-004 0. 0. 0. -1.24951592e-003
    1.71290420e-003 2.50008167e-003 0. 2.09492538e-003 0. 0. 0. 0.
    1.05396681e-003 0. 0. 2.16658576e-003 1.72745134e-003
    4.16986784e-003 0. 0. 5.06665139e-003 0. -1.85653495e-004 0. 0.
    1.02046540e-003 0. 0. 0. 1.54904556e-003 2.04852759e-003 0. 0. 0. 0.
    0. 1.38537283e-003 0. 1.48634310e-003 1.85371988e-004 0. 0. 0.
    4.90177423e-003 0. 7.91145489e-003 0. 7.60466093e-004 0.
    2.21428904e-003 2.83921161e-003 0. 0. 0. 0. 2.78497534e-003 0. 0. 0.
    0. 0. 0. 0. 1.75007561e-003 0. 4.39000968e-003 2.06712727e-003
    1.05222939e-002 0. 0. -3.85262625e-004 -8.69751748e-005 0. 0.
    5.77307306e-003 0. -2.51994759e-004 0. 0. 0. 0. 0. 1.84987113e-003
    -1.86445459e-003 0. 0. 0. 0. 0. 0. 2.05767610e-005 0. 0. 0.
    2.83916621e-003 0. 4.00169473e-003 0. 0. 1.37372699e-003 0. 0.
    1.24768890e-003 0. 0. 2.48689274e-003 2.93147081e-004 0. 0. 0. 0. 0.
    0. 0. 3.88025586e-003 3.03029199e-003 0. 0. 2.01240857e-003
    1.00869616e-003 0. -3.34696146e-003 1.40931603e-004 0. 0. 0.
    -4.88391262e-004 0. 2.72429112e-004 0. 0. 0. 0. 2.00883974e-003 0.
    -5.46553696e-004 1.75252231e-003 1.81372417e-003 0. 0.
    1.17049576e-003 0. 0. 3.12482985e-003 -1.55300228e-003 0. 0.
    3.15255160e-003 6.50794106e-003 0. 0. 0. 2.28677178e-003
    1.10164552e-003 0. 0. 0. 0. 0. 0. 0. 0. 1.43164606e-003 0. 0. 0.
    3.72183230e-003 5.80322114e-004 1.77166495e-003 0. 0. 0.
    2.89155729e-003 3.37190670e-003 9.68150503e-004 5.02363825e-003 0.
    0. 1.25438441e-002 0. 0. 1.88359502e-003 -6.38110156e-004 0.
    1.22843962e-003 0. 0. 3.99888086e-004 0. 2.59752898e-003
    3.12344893e-003 0. 0. 0. 1.89628743e-004 9.10774106e-004 0.
    -3.12888762e-004 0. 0. 0. 0. 0. -7.59221672e-004 0. 2.68454431e-003
    2.80560390e-003 1.23624271e-003 0. 0. 1.39171549e-003 0. 0. 0. 0. 0.
    0. 0. 0. 0. 0. 0. 0. 0. 0. 0. 0. 0. 0. 0. 0. 0. 0. 1.73891347e-003
    1.34715263e-003 0. 0. 2.98024010e-004 0. 0. 0. 0. 0. 0.
    1.72120158e-003 0. 0. 0. 0. 0. 0. 0. 0. 5.32164751e-003 0.
    4.94901882e-003 8.66986462e-004 4.63206135e-003 0. 0.
    1.89740141e-003 0. 1.37966010e-003 0. 0. -4.76404093e-004 0.
    7.95687642e-003 0. 0. 0. 0. 0. 0. 1.19996991e-003 0. 0. 0. 0. 0.
    2.95819860e-004 0. 0. 0. 1.91232597e-003 0. 0. 1.04492647e-003 0. 0.
    1.30928680e-003 6.05548173e-003 5.48277609e-003 0. 1.49770814e-003
    1.64786924e-003 1.00949230e-002 0. 3.76578444e-003 5.33704506e-003
    0. 3.01805534e-003 -5.01512608e-004 2.43607420e-003 0. 0. 0.
    -2.00232235e-003 0. 0. 2.49158940e-003 1.58638030e-003
    1.27693231e-003 4.53397678e-003 8.25715438e-003 -2.37344974e-003 0.
    9.90031380e-003 1.04153623e-004 2.05614418e-003 0. 0.
    1.16361317e-003 0. 0. 0. 5.31868602e-004 -5.06569492e-003
    2.46134074e-003 0. 1.34509895e-003 7.04787846e-004 0. 0.
    2.13455246e-003 0. 2.72261677e-004 2.52761017e-003 0.
    -1.34505064e-003 0. 1.57278578e-003 0. 1.62816304e-003 0. 0. 0.
    2.54888111e-003 1.31788035e-003 3.85900214e-003 0. 0.
    2.13759276e-003 0. -6.07313472e-004 0. 0. 0. 0. 0. 1.83504215e-003
    0. 7.13149458e-003 0. 0. 0. 0. 3.58108385e-003 0. 0. 0. 0. 0. 0. 0.
    0. 0. 1.74951972e-003 7.44025921e-004 2.03915476e-003
    -7.84366421e-005 0. 0. 0. -2.06112233e-003 2.07880512e-003
    3.67799052e-003 3.96404415e-003 0. 0. 0. 1.58275496e-002 0. 0. 0.
    2.24340055e-003 0. 0. 0. 5.12164366e-003 0. 1.93337118e-003 0. 0.
