<?xml version="1.0"?>
<opencv_storage>
<imageDescriptor type_id="opencv-matrix">
  <rows>1</rows>
  <cols>1000</cols>
  <dt>f</dt>
  <data>
    0. 0. 0. 0. 0. 7.68652838e-003 0. 1.69196248e-003 0. 0. 0. 0.
    1.60421361e-003 0. 0. 1.96126336e-003 0. 0. 1.49067701e-003 0.
    5.54962037e-003 -1.83593750e-003 0. -1.41711789e-003 0. 0. 0.
    5.90639235e-003 0. 5.04868454e-004 0. -1.07200374e-003 0.
    7.54163926e-003 0. 0. 1.24029908e-002 1.99132203e-003
    -4.73253858e-005 7.60581868e-004 0. 0. 0. 4.12853580e-004
    -4.69172053e-004 0. 6.84318307e-004 0. 1.75061531e-003
    4.68195928e-003 0. -1.77838665e-004 -2.71957571e-004 0. 0.
    8.12554918e-003 0. 0. 0. 7.42752047e-004 2.87144049e-003
    4.32724413e-003 -1.00623562e-004 0. 7.87158671e-004 0. 0. 0. 0.
    5.67096425e-003 -1.12631475e-003 9.08662274e-004 3.74617870e-004 0.
    0. 3.30574811e-004 0. 2.76409066e-003 -2.16508779e-004
    1.63232302e-003 -1.26071871e-004 0. 2.83065508e-003 -3.44477303e-004
    0. 0. 1.50157648e-004 3.06923920e-003 6.85666269e-003 0. 0. 0.
    4.69791610e-003 0. 0. 1.79909985e-003 0. 1.72297400e-003
    4.94908914e-003 0. 0. 0. 1.41318084e-003 0. 0. 3.50970961e-003 0. 0.
    2.41379649e-003 0. 4.74287337e-003 3.36362375e-003 4.14427230e-003
    1.57947637e-004 7.92793406e-004 0. 3.30479280e-003 0. 0.
    1.04988487e-002 1.37623947e-003 0. 0. 0. 1.00627542e-003
    -2.06118668e-004 -1.66108052e-003 0. 0. 1.49660671e-004
    2.43408978e-003 0. 0. 0. -4.20893339e-004 8.72988312e-004 0.
    1.61791116e-003 5.22753922e-004 0. 0. 0. 0. 4.68752580e-003
    4.42983070e-003 2.90538208e-003 2.03886229e-004 -8.65646347e-004 0.
    2.05150782e-003 2.95941136e-003 0. 0. 0. 0. 0. 0. 3.07213492e-003 0.
    0. 3.44864069e-003 0. -6.46423490e-004 3.85506707e-003
    2.56152404e-003 0. 0. 5.52171096e-003 9.43594205e-004
    2.95280316e-003 4.73729800e-003 -6.33217627e-004 -1.71883457e-005
    1.03640126e-003 0. 3.47393518e-003 1.75311614e-003 6.11403142e-004
    9.16223275e-004 7.81710783e-004 -1.22582314e-005 0. 6.91379944e-004
    -3.89154279e-003 6.28120499e-003 1.05882203e-002 0. -5.96276717e-004
    0. 3.10488138e-003 4.02584998e-003 0. 1.01571181e-003
    -5.93431585e-004 6.65975409e-003 8.81081913e-004 0. 8.36476393e-004
    5.05568460e-004 -4.29109845e-004 0. 0. -6.33444288e-004 0.
    2.28420133e-003 4.39860253e-003 2.05584127e-003 0. 0.
    2.52858759e-003 8.45191535e-003 -1.22946489e-003 0. 3.52225197e-003
    0. -3.22317443e-004 1.95690291e-003 0. 0. -2.23138733e-004 0. 0.
    4.36714108e-005 -2.70660326e-004 1.01588387e-003 0. -2.28793616e-003
    0. 0. 8.94644111e-003 0. 1.56646548e-003 0. -4.39566124e-004
    1.12359738e-003 0. 0. 2.01202766e-003 1.76883501e-003 0.
    6.30708691e-003 0. 0. 2.88639567e-003 0. 0. 0. 0. 0.
    -1.93745233e-004 0. 3.21059092e-003 6.76247117e-004 6.09096722e-004
    4.11827277e-005 3.03355651e-003 0. 6.55184733e-004 5.67973941e-004
    0. -3.80087935e-004 1.34517951e-003 0. 2.46061129e-003 0. 0. 0. 0.
    0. 0. 0. 5.89049945e-004 0. 0. 0. 0. 0. 0. 0. 0. 0. 1.23325110e-004
    0. 3.84676641e-005 0. 0. 4.17755218e-003 0. 0. 0. 6.59239653e-004 0.
    1.45542680e-003 0. 3.16033815e-003 1.09033508e-003 5.83113870e-005
    9.33572301e-004 8.09059187e-004 0. 0. 1.14885240e-003 0.
    1.16427382e-003 5.52088721e-003 1.25896081e-003 1.89361954e-003
    2.30581989e-003 3.86579242e-003 5.63081075e-003 0. 0.
    2.35750689e-003 -5.39397472e-004 1.46323163e-003 0. 3.84095870e-003
    5.47178928e-003 0. 2.42168480e-003 -8.22532224e-004 0.
    -6.15625293e-004 6.36594137e-004 0. 2.59879953e-003 0.
    1.59892358e-003 -5.85996750e-005 0. 0. 0. 0. 4.18856321e-003 0. 0.
    3.31011857e-003 0. 0. 3.18545535e-005 0. 2.12582876e-003
    4.28712182e-003 1.73012225e-003 0. 1.77353818e-003 4.66200232e-004
    0. 8.67938623e-004 3.04791098e-003 6.59238128e-003 0.
    6.23484235e-003 9.57671436e-004 0. -3.16002290e-004 5.82116656e-004
    1.66760962e-002 0. 0. 5.80801070e-003 1.15332240e-003
    -4.16910567e-004 6.23484049e-003 7.46853231e-003 7.58800597e-004
    5.49581973e-003 7.00699340e-004 0. 7.83242937e-003 4.88245068e-003
    0. -1.14784725e-005 0. -9.65669169e-004 0. 5.44280047e-004
    9.29449627e-004 0. -1.98564783e-004 0. 0. 0. 0. 0. 6.01651706e-003
    6.68736408e-003 1.27234636e-003 0. 0. -1.13398163e-003
    4.24831960e-004 0. 0. -6.19978004e-004 1.27026998e-003 0. 0. 0. 0.
    0. 1.82145496e-003 1.17515505e-003 0. 2.47616111e-003 0. 0.
    -2.11832375e-004 0. 0. 0. 0. -8.97492573e-005 6.59294846e-003 0. 0.
    7.55215110e-003 0. 0. 4.15076874e-003 0. 1.65300316e-003 0. 0.
    1.34362304e-003 1.76925503e-003 5.90850087e-003 0. 9.52394155e-004
    0. 0. 1.68351992e-003 -5.51587087e-004 2.78217322e-003
    2.43589771e-003 0. -2.60369299e-004 9.19541460e-004 1.71180733e-003
    -7.90752121e-004 0. 0. 2.34878878e-003 0. -1.89302125e-004
    3.97820724e-003 0. 0. 1.51061127e-003 0. 7.52807246e-005 0. 0.
    -1.07736059e-003 0. -2.13448453e-004 0. 6.40812190e-003 0.
    1.05136894e-002 -5.75218932e-004 0. 0. 0. 0. 0. -1.44108286e-004
    6.97369338e-004 4.37031407e-003 1.36050687e-003 -1.69558346e-003
    1.45241525e-003 -8.92148120e-004 0. 3.35799856e-003 0.
    -3.63161002e-004 1.17841887e-003 0. 2.18601385e-003 0. 0.
    1.74168454e-004 1.26903818e-003 0. 0. 0. 3.81258409e-003
    9.81186517e-004 0. 1.70108478e-003 0. 0. 6.47951430e-003 0.
    3.83743225e-003 4.02991381e-003 4.37660376e-003 0. 0. 0.
    1.28615100e-003 1.40805170e-003 5.51052904e-003 0. 0.
    5.57172811e-003 5.95027860e-003 0. 2.64168065e-003 0. 0. 0.
    1.32698484e-003 1.13403157e-003 0. 0. 0. 0. 0. 0. 0.
    -2.11644729e-004 0. 0. 5.05773444e-003 0. 0. 0. 0. 0. 0. 0.
    1.70026824e-003 0. 0. 0. 2.02503777e-003 5.12983999e-004 0. 0.
    7.34815467e-003 0. 1.41348445e-003 0. 7.87856872e-004
    7.68348749e-004 1.15541148e-003 9.16177087e-005 5.69873897e-004
    3.19090881e-003 5.07582072e-003 0. 0. -2.10267561e-003
    2.78757565e-004 0. -1.13060104e-003 6.90076454e-003 6.56146463e-003
    8.32504476e-004 1.82865886e-003 0. 0. 0. 0. 0. 0. 0. 1.81821908e-003
    3.74240655e-004 3.41573055e-003 0. 1.01696409e-003 0.
    -6.03273729e-005 2.62424001e-004 0. 0. 0. 1.87746843e-003 0.
    4.96732770e-003 0. 6.55975193e-003 1.06306258e-003 0. 0. 0.
    5.71958907e-003 2.86051817e-003 0. 0. 0. 0. 2.10934682e-004
    3.96168849e-004 0. 1.83266960e-003 2.37806933e-003 9.27690009e-004
    0. 1.03156874e-002 0. 0. -9.95010603e-004 1.14487810e-003
    2.15424853e-003 4.19436581e-003 0. 0. 3.55079042e-004 0. 0. 0.
    3.51010775e-003 5.55968727e-004 1.31779700e-003 4.17139730e-004
    9.82290512e-005 2.49044364e-003 2.09638732e-003 0. -2.68638250e-003
    1.62242772e-003 0. 4.98433248e-004 9.36820637e-004 2.33709929e-003
    0. -3.20675375e-004 0. 1.57070276e-003 0. 9.62116814e-004 0. 0.
    2.61565414e-003 0. 0. 0. 4.74484870e-003 -2.60344706e-003 0.
    1.32827368e-003 7.27517647e-004 0. 0. 0. 3.14822723e-003 0. 0.
    2.63248361e-003 2.79295840e-003 0. 0. 0. 0. 1.53593137e-003 0. 0.
    4.68119700e-003 8.60321219e-004 0. 0. 0. 4.49845335e-003 0.
    1.86178053e-003 0. 0. 0. 0. 0. 5.26594231e-004 4.12222871e-004
    1.82098395e-003 1.95513014e-003 0. 7.30311871e-003 0.
    1.35706869e-004 0. 5.92443999e-003 0. 0. 2.87670130e-003
    2.21975613e-003 0. 0. 6.35445467e-004 1.25650712e-003
    -4.61635849e-004 4.85993410e-003 0. 0. 0. 0. 5.39747626e-003 0.
    1.34837907e-003 0. 0. -7.92784616e-004 5.31865936e-003 0.
    4.02240054e-004 0. 7.69835711e-003 0. 0. 4.96591581e-003 0.
    2.98553635e-003 -1.10455777e-003 0. 0. 3.69661138e-004 0. 0. 0. 0.
    0. 1.52231026e-002 2.30354583e-003 3.77837598e-004 0.
    3.75968753e-003 1.69944309e-003 3.58052738e-003 7.85569195e-003 0.
    0. 2.86798854e-003 0. 1.53572019e-003 0. -6.13587734e-004
    -1.80014560e-003 0. 2.66473112e-003 0. 2.79668729e-005
    2.23512179e-004 1.29553932e-003 2.41230568e-003 3.83267878e-003 0.
    -1.10791378e-004 0. 0. 0. 0. 2.91581172e-003 1.07787596e-003 0. 0.
