<?xml version="1.0"?>
<opencv_storage>
<imageDescriptor type_id="opencv-matrix">
  <rows>1</rows>
  <cols>1000</cols>
  <dt>f</dt>
  <data>
    2.48097256e-003 0. 7.70554692e-003 1.20908841e-002 0.
    -2.34122411e-003 0. 0. 0. 9.66563821e-003 2.54185358e-003
    1.07823336e-003 0. 0. 4.82070073e-003 1.72391301e-003 0.
    9.26481001e-003 1.09000299e-002 1.99501752e-004 8.58747028e-003 0.
    4.27103974e-003 0. 0. 0. 0. 0. 0. 2.22649463e-002 0. 2.13929336e-003
    6.85594743e-004 0. 0. 0. 0. 0. 0. 0. -2.87671690e-003
    1.62515370e-003 1.68089103e-003 -1.92956044e-003 -1.19273027e-003 0.
    0. 0. 0. 1.87606551e-002 0. 5.40382182e-003 0. 0. 0. 0. 0. 0.
    3.07635753e-004 0. 0. 0. 0. 5.45377494e-004 0. 0. 0. 1.35148282e-003
    -2.45148595e-003 1.00550875e-002 0. 0. 1.67314673e-003 0.
    3.92714981e-004 0. 0. 0. 0. 1.11668592e-003 2.17892081e-002
    9.96425166e-004 -1.29513082e-003 8.82816687e-003 0. 0.
    2.80954596e-003 0. 1.39113027e-003 0. 5.64216287e-004 0. 0. 0.
    2.34714989e-002 1.24383178e-002 2.08938750e-003 4.27285489e-003 0.
    2.39137001e-002 0. 0. 0. 0. 0. 4.09041438e-003 0. 2.97054346e-003 0.
    0. 1.52984890e-003 0. 3.35748796e-003 0. 0. 0. 6.97510186e-005 0. 0.
    0. 0. 0. 0. 0. 2.99201161e-003 0. 0. -6.57817814e-004
    1.15009805e-003 -3.24443099e-005 1.64907076e-003 0. 0.
    -2.06120708e-003 0. 0. 1.12051098e-003 0. 0. -1.16047508e-003 0. 0.
    0. 1.68787735e-003 0. 0. 0. 0. 0. 0. 0. 8.63480009e-003
    -1.50331078e-004 0. -1.18815550e-003 5.54087060e-003 1.41922068e-002
    0. 0. 0. 0. -7.68597424e-003 0. 0. -1.14482665e-003 0. 0. 0.
    -5.42063099e-005 0. 0. -1.99025776e-003 0. 0. 9.35375132e-003 0.
    1.03833748e-003 0. 0. 1.84036174e-003 0. 0. 1.69531628e-003 0. 0.
    2.10552360e-003 1.43900467e-003 0. 0. 0. 0. 0. 0. 0. 0. 0. 0.
    6.57743169e-003 2.42681056e-003 -1.07495196e-003 0. 1.65046469e-004
    0. 0. 0. 0. 0. 0. 3.91089264e-003 0. 0. 6.45292085e-003
    1.66692783e-003 1.71237718e-003 0. 2.24567029e-005 7.48043414e-003
    0. 1.90062437e-003 -1.09208748e-003 -2.52566271e-004 0.
    4.06799512e-003 0. 0. 5.14008570e-004 0. 9.55429394e-004 0. 0. 0. 0.
    0. 0. 5.36139007e-004 0. 0. 0. 0. 8.84553324e-003 1.68517709e-003 0.
    5.41495299e-003 7.19864108e-003 0. 0. 8.00290797e-003
    1.91601506e-003 7.50355003e-003 0. 6.91266591e-003 0. 0.
    -1.41288561e-003 0. 0. -2.70145520e-005 0. 0. 0. 2.83402554e-003 0.
    0. 0. -5.45497518e-003 1.22898007e-002 0. 0. -3.09407801e-006
    1.03564095e-002 0. 0. 3.07742646e-003 0. 3.21336905e-003 0. 0.
    -7.20404612e-004 1.56001223e-003 0. 2.54501915e-003 0. 0. 0.
    1.92501175e-003 0. 9.29098576e-003 0. 0. 0. 0. 0. 0. 0.
    9.63398907e-003 5.25170891e-003 0. 0. -1.96061985e-004 0. 0. 0.
    1.38903107e-003 0. 9.55921132e-004 0. 0. 0. 0. 1.12498598e-003 0.
    -1.04900147e-003 3.75774992e-003 1.13540934e-003 0. 0.
    9.86716805e-006 8.34439229e-003 0. 0. 0. 0. 9.63718817e-003
    1.72907684e-003 0. 0. -3.48989124e-004 0. 0. 5.63958101e-003
    -1.48941251e-003 0. 0. 0. 1.52929884e-003 0. 0. 0. 0.
    2.97476607e-003 0. 0. 0. 1.64130714e-003 -3.66249355e-004 0. 0. 0.
    0. -1.12810044e-003 0. 0. 0. 1.41234646e-004 0. -1.10016053e-003 0.
    1.83837947e-005 0. 0. 0. 9.72406287e-003 4.48744139e-003 0.
    -9.10203380e-004 8.14667810e-003 0. 0. 0. 6.83623785e-003 0. 0. 0.
    0. 0. 0. 0. 0. 7.30053149e-003 1.28235156e-003 0. 0. 6.58022566e-003
    0. 0. 0. 0. -3.01865698e-003 0. 0. -1.50298339e-003 0. 0. 0.
    8.98719020e-003 0. 0. 2.88998033e-003 3.12449317e-003 0. 0. 0. 0. 0.
    0. -4.77385402e-005 0. 0. 7.66453194e-003 -1.03410811e-003 0.
    -3.16935638e-003 0. 0. 0. 0. 0. 1.05189392e-002 1.10938326e-002 0.
    0. 0. 0. 0. 0. 6.54326286e-003 0. 0. 0. 0. 0. 0. 0. 0. 0. 0. 0. 0.
    0. 0. 0. 0. -2.28428980e-003 0. 9.13878251e-003 0. 0.
    7.12169101e-004 4.80173482e-003 0. 0. 0. 0. 9.29629523e-003 0. 0.
    7.02085346e-003 0. 0. 0. 0. 0. -3.09244636e-003 0. 0. 0. 0. 0. 0.
    -4.01078927e-004 0. 2.00574286e-003 0. -6.91388268e-004 0.
    1.77244365e-003 2.68541486e-003 0. 0. 0. -3.17160884e-004 0.
    -1.78919383e-003 2.35062931e-003 1.30781822e-003 0. -1.63271406e-003
    1.97259197e-003 0. 0. -4.45121201e-004 1.43190043e-003 0. 0. 0.
    9.61756241e-003 0. 0. 0. 0. 0. 9.30544455e-003 0. 0. 3.54877184e-003
    6.90247957e-003 0. 0. 0. 0. 0. 0. 0. 3.10495915e-003 0. 0. 0.
    8.77077517e-004 0. 0. 0. 0. 0. 0. 0. 0. -6.52742863e-004 0.
    1.43981655e-003 -9.73768940e-004 0. 1.27663708e-003 0.
    -4.84457565e-003 5.09215379e-003 0. 4.30416130e-003 0. 0. 0. 0. 0.
    0. 0. 0. 2.27162638e-003 0. 0. 0. 0. 0. 1.69381604e-003
    1.65522180e-003 0. -2.30515841e-003 0. 0. 0. 0. 0. 6.29140018e-003
    0. -4.21728473e-004 0. 0. 0. 0. 0. 0. 0. 0. 0. 0. 1.23881921e-003 0.
    0. 0. 1.05189243e-002 0. 0. 1.71807932e-003 7.21204001e-003 0.
    9.37382225e-004 7.47810001e-004 0. 0. 0. 0. 0. 6.52663934e-004
    3.50781181e-003 8.34388100e-003 0. 2.26382772e-003 0. 0. 0.
    2.21904647e-003 1.44804013e-003 0. 0. 0. 5.86642011e-004 0.
    2.23553879e-003 0. 0. -6.84668368e-004 0. 0. 7.13972317e-004
    6.94733998e-003 0. 0. 0. 0. 0. 0. 0. 0. 1.02348544e-003 0. 0. 0. 0.
    0. 0. 1.37335481e-003 -1.57457194e-003 0. 0. 3.64199979e-003 0. 0.
    0. 0. 0. 4.09096945e-003 -5.91282453e-003 4.54869866e-003 0.
    5.16587461e-004 0. 0. 0. 0. 0. 0. 6.66036969e-003 0. 0. 0. 0.
    3.03272391e-004 0. -9.46248940e-004 0. 0. -2.08703175e-004
    1.40353683e-002 0. 0. 0. 0. 0. 0. 0. 0. 0. 0. 3.41337849e-003
    8.92952643e-003 0. 0. -8.98501239e-005 2.14225310e-003 0. 0. 0. 0.
    8.34505633e-003 -1.52987707e-003 0. 9.03271895e-004 0.
    -7.50685809e-004 2.39242194e-003 1.66521594e-003 0. 0. 0. 0. 0. 0.
    0. 0. 6.40488055e-004 0. 6.44100504e-003 0. 8.91075353e-004
    -9.15486307e-004 9.84190777e-003 0. 0. 0. 0. 6.42552564e-004 0. 0.
    0. 0. 0. 0. 0. 0. 0. 0. 0. 0. 0. 0. 0. 0. 2.26396322e-003 0. 0.
    3.16234975e-004 0. 8.28074175e-004 0. 0. 0. 8.57228041e-003 0. 0. 0.
    5.63187478e-003 0. 7.59812072e-003 0. 9.20068007e-004 0. 0.
    1.12804594e-002 0. 0. 9.19248268e-004 0. 0. 5.86481998e-003 0. 0. 0.
    0. 0. 0. 0. 0. 0. 6.68174634e-003 0. -5.77304163e-004 0. 0. 0.
    1.48701051e-003 0. 0. 8.84390844e-004 0. 0. 0. 0. 0. 0.
    2.73281964e-003 5.36478707e-004 0. 0. 7.08107231e-003 0. 0. 0.
    9.62071237e-004 0. 0. 2.38547451e-003 0. 0. 0. 0. 1.27640450e-002 0.
    0. 0. 0. 0. 1.18488519e-004 9.42692161e-003 0. 0. 0. 0. 0. 0. 0.
    1.35185337e-003 0. 1.58044894e-003 0. 0. 0. 0. 0. 5.87130571e-003 0.
    -2.72900972e-004 0. 0. 0. 0. 0. 1.47370296e-003 0. 1.78948580e-003
    0. 0. 0. 0. 0. 0. 0. 0. 0. 0. 0. 0. 0. 0. 5.25427284e-003
    1.81724865e-003 -1.10329769e-004 0. 7.84911274e-004 0.
    -3.91096342e-003 0. 0. 8.62839911e-003 0. 8.45712796e-003
    1.21088419e-002 0. 0. 0. 0. 8.87956191e-003 0. 0. 6.98683364e-003 0.
    1.77839294e-003 2.73251743e-003 0. 0. 0. 0. 0. 0. 0. 0.
    8.54609883e-004 0. -7.73587613e-004 0. 0. 0. 1.74447906e-003 0. 0.
    -1.26729102e-003 0. 0. 0. 0. 0. 6.08988293e-003 0. 0. 0. 0. 0. 0. 0.
    0. 2.09531063e-004 0. 0. 0. 0. 1.49799057e-003 0. 0. 1.22537706e-002
    1.44771142e-002 0. 0. -3.69297387e-003 0. 0. 0. 0. 0. 0.
    8.20099260e-004 3.38109746e-003 -8.26662057e-004 8.87215545e-004 0.
    0. 0. 1.09310087e-003 0. 0. 0. 0. 0. 0. 0. 0. 0. 0. 0. 0. 0. 0. 0.
    3.41252144e-003 0. 0. 2.36967435e-006 0. 0. 0. 0. 0. 3.86222592e-003
    0. 2.24858476e-003 0. 0. 0. 2.26652413e-003 0. 0. -7.19138188e-005
    1.66346342e-003 3.53329279e-003 0. 3.86073114e-003 5.59955719e-004
    0. 1.89740937e-002 0. 0. 4.66272613e-004 3.82144400e-003 0. 0. 0. 0.
    0. 0. 5.06546116e-004 0. 0. 0. 0. 0. 0. 0. 0. 0. 0. 2.31269817e-003
    0. 0. 0. 0. 0. 0. 0. 0. 0. 1.70080625e-002 0. 0. 0.</data></imageDescriptor>
</opencv_storage>
