<?xml version="1.0"?>
<opencv_storage>
<imageDescriptor type_id="opencv-matrix">
  <rows>1</rows>
  <cols>1000</cols>
  <dt>f</dt>
  <data>
    7.03474181e-003 2.57849297e-003 0. 0. -1.43999656e-004
    3.81126022e-003 1.78485028e-002 0. 0. 0. 0. -3.81387857e-004 0.
    3.00862384e-003 -9.49786918e-004 0. 0. 0. -3.11029796e-003
    8.82729702e-003 0. 0. 0. 8.10030848e-003 0. -1.64609053e-003 0.
    1.94795663e-003 0. 0. 1.67028084e-002 0. 1.55725935e-003
    2.91195302e-003 0. 0. 0. 0. 7.06085889e-003 0. 5.69195161e-003 0. 0.
    0. 8.35826993e-003 0. 8.52848589e-003 0. 0. 0. 8.31477810e-004
    5.26223518e-003 0. 0. 0. 0. 0. 0. 8.07600375e-003 0. 0.
    -8.18918343e-004 0. 8.78517609e-003 4.40979982e-003 0. 0.
    -7.24338952e-006 0. 2.21321452e-003 0. 0. 0. 0. 0. 0. 0.
    5.25502535e-003 0. 0. -1.05823227e-003 0. 5.71595680e-004 0.
    -2.15345426e-004 4.40259883e-003 6.36376534e-003 0. 3.98513814e-003
    6.24781288e-003 0. 0. 8.62845778e-003 5.77041763e-004 0.
    -2.31932104e-003 2.82159518e-003 0. 0. 3.16968915e-004 0. 0.
    7.31944013e-003 0. 4.96612396e-003 0. 0. 0. 0. 8.47668573e-003
    1.10232772e-003 0. 0. 0. 0. 2.35225982e-003 -6.07857473e-005 0. 0.
    0. 3.90114193e-003 0. 0. 0. 7.47414830e-004 0. 2.28371122e-003
    3.10683972e-003 0. 0. 0. 2.73192045e-003 0. 0. 0. 0. 0. 0.
    6.32951595e-003 0. -1.10072026e-003 0. 0. 1.37453829e-003
    4.56435652e-003 2.39198399e-003 0. 2.18841038e-003 0. 0.
    -2.56383605e-003 1.79150933e-003 1.58752286e-004 9.13775468e-004 0.
    0. 0. 6.69366959e-003 -9.93263442e-004 -1.48721738e-003 0. 0. 0.
    2.00904929e-003 0. 6.78151046e-005 0. 0. 0. 1.06470136e-003 0. 0. 0.
    2.73123354e-004 0. 4.39911848e-003 0. 0. 0. 6.26377622e-003
    -9.40600876e-004 2.80517410e-003 2.58892099e-003 0. 2.56963563e-003
    1.69330128e-002 1.42054213e-003 0. 0. 0. 0. 0. 0. 0. 5.70385531e-003
    0. 0. 9.59038455e-003 -6.77948701e-004 8.54804926e-003 0. 0.
    5.07803401e-003 2.93998769e-003 0. 2.77274475e-003 3.62944300e-003
    1.44399237e-003 0. 1.39663797e-002 0. 0. 0. 0. 0. 0. 2.11766432e-003
    0. 0. 0. 0. 0. 0. 0. 1.19847304e-004 0. -3.52842943e-003 0. 0. 0. 0.
    2.47643737e-004 0. 7.78105692e-004 0. 0. -2.18224115e-004 0.
    5.03137941e-003 3.70846828e-003 0. 0. 0. 0. 0. 6.81895763e-004 0. 0.
    1.07228486e-002 -1.40173943e-003 0. 0. 0. 0. 0. 4.20575216e-003 0.
    0. 0. 6.68856315e-003 0. 0. 0. 1.32706296e-003 0. 0. 0. 0. 0. 0. 0.
    2.20454670e-003 3.89402523e-003 0. 0. 5.41562261e-003 0. 0. 0.
    5.10451430e-003 0. 1.80024863e-003 1.64535344e-002 -8.56796396e-005
    0. -6.75514806e-004 4.65510786e-003 0. 7.32330559e-003
    1.57262925e-002 1.11381095e-002 6.04853791e-004 1.17263885e-003 0.
    0. 4.18486213e-003 0. 0. 2.71264394e-003 0. 5.23322541e-003 0. 0. 0.
    0. 0. 0. 6.41865190e-004 4.38408693e-003 0. 0. -1.72571116e-003 0.
    -7.16009934e-004 2.45676306e-003 0. 2.18052045e-003 0. 0. 0. 0. 0.
    8.69505806e-004 0. 2.10215338e-003 2.46831286e-003 -7.61951203e-004
    -4.90008853e-004 0. 0. 0. 7.64016341e-003 0. 0. 0. 0.
    -6.91610214e-004 0. 0. 1.58434687e-003 0. 2.76665017e-003 0. 0. 0.
    0. 0. 0. 0. 0. 0. 0. 0. 0. 0. 0. 2.72148894e-003 -2.49410106e-004 0.
    0. 0. 0. 0. 3.28199560e-004 0. -8.81324813e-004 0. 0. 0. 0. 0. 0.
    2.36284430e-003 8.37066385e-004 -5.69291762e-004 -2.72449339e-003 0.
    0. 0. 0. 1.65070570e-003 0. 3.31653375e-003 5.74503932e-003 0. 0.
    3.37031553e-004 1.48811156e-003 1.57238031e-003 0. 0. 0. 0.
    9.15411278e-004 0. 1.57025654e-003 -4.89615544e-004 0. 0. 0. 0.
    1.12507259e-002 4.25728550e-003 2.15428369e-003 0. 3.92807089e-003
    0. 0. 0. 0. 0. 6.42045867e-004 0. 2.11046450e-003 6.92408113e-003 0.
    0. 1.69989874e-003 0. 0. 0. 0. 0. -1.30309444e-003 0. 0.
    -2.56576273e-003 0. 0. -1.07155291e-004 0. 4.30202205e-003
    1.69449276e-003 8.39806453e-004 -4.37475363e-004 0. 8.02999944e-004
    1.73730426e-003 -1.84297177e-003 0. 1.23612173e-002 0.
    2.79807718e-004 3.15742381e-003 0. 0. 0. 2.89439363e-003 0.
    1.00233778e-003 -1.69704703e-003 1.70980545e-003 0. 3.45035200e-003
    7.22048059e-003 0. 0. 0. 0. 0. 0. 5.72933990e-004 0. 0. 0.
    3.13668419e-003 0. 5.68268308e-003 0. 0. 0. 8.77469219e-003
    5.66373393e-003 0. 1.98329100e-003 0. 0. 0. 1.99746201e-003
    2.81086890e-003 0. 2.63601588e-003 1.26855972e-003 0. 0.
    4.78465436e-003 7.06244027e-004 0. 1.53283810e-003 0. 0. 0.
    7.08751567e-003 0. 0. 2.12123105e-003 0. 0. 3.93296243e-004 0.
    1.21805340e-003 6.67019689e-004 -8.26973061e-004 0. 0.
    3.80296167e-003 0. 0. 0. 2.66125635e-003 -9.95196984e-004 0. 0. 0.
    0. 6.22922846e-004 0. 0. 0. 8.53162783e-004 0. -1.15000280e-002 0.
    0. 0. -1.03848361e-004 0. 0. 1.27682835e-003 1.46575004e-003
    2.35380116e-003 3.53544438e-003 9.75615520e-004 0. 1.65196043e-003
    8.96270678e-004 0. 4.82847856e-004 0. 0. 2.16705468e-003 0.
    6.18077931e-004 0. 1.65294169e-003 0. 0. 0. 0. 0. 1.33172283e-003
    3.54730152e-003 0. 0. 0. 0. 1.09468494e-002 0. -1.41441659e-003 0.
    4.02866630e-003 1.13494163e-002 1.16841591e-004 -1.97720621e-003 0.
    0. 0. 0. 0. 0. 0. 0. 0. 0. 0. 0. -1.91307964e-003 0. 0.
    1.84491358e-003 1.39141479e-003 0. 0. 1.62938740e-002
    -6.69672678e-004 1.53193949e-003 0. 0. 0. 6.66050287e-003 0.
    -1.38800329e-004 0. 2.48639029e-003 -1.79613508e-007 0. 0.
    4.11938364e-003 6.23784121e-003 3.52337654e-003 0. 0.
    1.65531749e-003 5.93427196e-003 0. 0. 0. 1.86353072e-003
    4.12873924e-005 -1.67981873e-003 -5.61526031e-006 8.14764993e-004 0.
    2.01181322e-003 0. 0. -7.55989284e-004 0. 6.26063719e-003 0.
    1.59361702e-003 4.24644072e-003 0. 0. 0. 2.41921586e-003 0. 0.
    7.23065168e-004 0. 2.40918249e-003 0. 0. 0. 0. 0. 4.05524252e-003 0.
    0. 0. 0. 0. 3.76097718e-003 0. 0. 5.64175192e-004 0. 0. 0.
    2.25386280e-003 0. 1.79954537e-003 1.49710034e-003 0.
    3.01768212e-003 0. -3.78594501e-004 0. 0. 0. 0. 0. 0. 0. 0. 0. 0. 0.
    0. 0. 0. 0. 0. 0. 0. 0. 6.92361442e-004 0. 0. -6.07849972e-004
    3.35511868e-004 0. 0. 0. 0. -1.36005937e-003 2.16548145e-003 0. 0.
    0. 0. 0. 0. 0. 6.18745573e-004 0. 1.82203972e-003 0. 0. 0.
    -1.13001151e-003 0. 0. 0. -1.40910130e-003 0. 0. 0. 0. 0. 0. 0. 0.
    0. -1.87897036e-004 0. 0. 2.22249031e-002 0. 0. -2.76609324e-004 0.
    0. 0. -2.17668433e-003 0. 0. 5.75091084e-003 0. 3.68396612e-003 0.
    3.33250151e-003 6.31373667e-004 1.08614843e-003 0. 0.
    8.59554671e-003 0. 0. 0. 0. 0. 1.24473590e-004 0. 2.18955614e-003 0.
    1.29354466e-003 2.23072464e-004 5.14379516e-003 9.32851399e-004 0.
    0. 0. 0. -8.87109141e-004 3.95602873e-003 0. 9.46748164e-003
    2.23726360e-003 0. 0. 0. 0. 0. 0. 0. 1.75901558e-002 4.20504203e-003
    2.13148142e-003 0. 0. 0. 6.18454767e-003 0. 0. 7.12937268e-004
    1.23538999e-002 0. -1.10869939e-006 4.21810691e-004 0. 0. 0. 0. 0.
    0. 0. 1.75627240e-004 7.57589750e-003 0. 6.93965843e-003 0. 0. 0. 0.
    0. 0. 5.50797791e-004 0. 0. 0. 4.49864706e-003 0. -1.48529967e-003
    0. 0. 0. 1.71331398e-004 0. 3.01793590e-003 -1.26952678e-003 0. 0.
    0. 0. 1.50897040e-003 0. 0. 0. -2.24218849e-004 0. 0. 0. 0.
    2.09147925e-004 1.57267489e-002 0. -1.03817554e-003 0. 0. 0.
    3.72204860e-003 0. 0. 0. 0. 1.39614311e-003 0. 0. 0. 0. 0. 0.
    6.91782776e-003 0. 2.21355236e-003 0. 0. 1.49949256e-003
    6.15270855e-003 1.34124979e-003 1.15369947e-003 0. 0.
    -6.98624717e-005 2.29534484e-003 0. 0. 0. 1.05487905e-003 0. 0. 0.
    -2.10456841e-004 0. 0. 0. 0. 0. 0. 0. 0. 0. 0. 0. 0. 0. 0. 0.
    4.11448913e-004 9.35464632e-004 0. 0. 0. 1.58560186e-004
    1.51863357e-003 0. 0. 0. 0. 0. 0. -1.54707208e-003 3.19053442e-003
    0. 2.25349306e-003 0. 0. -1.76115381e-003 2.17286753e-003
    6.73346315e-003 0. 0. 1.32573885e-003 0. 0. 0. 0. 0. 0.
    3.61934374e-003 0. 7.58514972e-004 0. 0. 0. 0. 0. 0. 0. 0. 0.
    7.68287620e-003 0. 1.58729765e-003 0. 0. 1.18084543e-003 0.
    1.00259669e-002 0. 0. 0. 0. 0. 0. 4.87803190e-004 0. 0. 0. 0. 0. 0.
    1.09983878e-002 0. 0. 3.07637034e-003 0. 0. 0. 0. 1.45217264e-003
