<?xml version="1.0"?>
<opencv_storage>
<imageDescriptor type_id="opencv-matrix">
  <rows>1</rows>
  <cols>1000</cols>
  <dt>f</dt>
  <data>
    1.09921943e-003 0. 3.22904350e-004 1.80351920e-003 -5.43747563e-004
    0. 0. 5.61958994e-004 0. 6.98529358e-004 0. 7.58424576e-004 0. 0. 0.
    4.97223390e-003 1.60093768e-003 1.13414880e-003 0. 5.37409820e-003
    6.33163657e-003 3.88210407e-003 2.37640808e-003 0. 3.13378824e-003
    0. 6.54638000e-003 4.19741264e-003 0. 3.57929897e-003 0.
    2.88453884e-004 0. 0. 0. 2.78519769e-003 0. 5.97809325e-004 0.
    2.90045887e-003 0. 8.13110557e-004 0. 3.14901327e-003
    6.97455253e-004 1.84926065e-003 4.52262629e-003 0. 0.
    4.31655766e-003 0. 5.47905033e-003 0. 8.84611567e-004 0. 0. 0. 0.
    7.38798466e-004 -1.92597523e-004 1.10226986e-003 0. 8.97533086e-004
    2.38515117e-004 0. 0. 0. 9.36679018e-004 0. 1.28375308e-003
    -6.81805323e-005 0. 2.36763735e-004 9.19790007e-003 1.32038456e-003
    3.37462989e-003 0. -3.75379086e-003 0. 4.71704314e-003 0. 0.
    2.01773830e-003 0. 1.00311940e-003 0. -1.22479443e-003 0. 0.
    4.53390734e-004 0. 2.06636861e-002 0. 1.42397382e-003
    4.59694274e-004 0. 6.34947931e-003 0. 9.04403161e-004
    3.07252584e-003 3.36037856e-003 4.12764435e-004 0. -1.09792687e-003
    0. -1.35286269e-003 0. 0. -1.38580427e-003 0. 0. 3.71354457e-004
    2.98197684e-003 1.34794027e-004 4.47589933e-004 0. 3.09465942e-003
    0. 3.74970259e-003 3.36043281e-003 4.75473789e-005 3.60050937e-003
    0. 7.14256894e-004 1.77998678e-003 7.59221264e-004 4.00768174e-003
    0. 0. 2.93142512e-003 0. 0. -3.71912814e-004 0. 0. 6.88630575e-003
    1.66900933e-003 1.30100949e-002 0. 2.29436974e-003 9.11241805e-004
    0. -9.81833087e-004 3.59586370e-003 1.50020117e-006 0.
    -9.67426877e-006 0. 0. 0. 8.59536385e-007 5.21477917e-003
    2.71690846e-003 5.73706580e-003 -1.67157894e-004 1.18343043e-003 0.
    2.04288936e-003 0. 0. 9.73343849e-003 5.29780751e-003
    2.27422500e-003 4.73951548e-003 -4.97319910e-004 -2.13181693e-003 0.
    0. 3.03499168e-003 0. 4.07402607e-004 4.41991870e-004 0.
    7.01201148e-003 1.18170795e-003 2.76398589e-003 0. 9.80030978e-004
    0. 0. 0. 4.97983710e-004 -1.00425351e-003 1.25442166e-003
    -7.15093993e-005 0. 0. 4.65385430e-003 -6.10913776e-005 0.
    3.65104672e-004 8.97271326e-004 4.88782185e-004 2.06227717e-003
    1.13039347e-003 0. 5.65367867e-004 3.30382795e-003 2.23325100e-003
    1.76458736e-003 0. 2.89046380e-004 0. 0. -1.55652256e-003
    -4.90820908e-004 0. 0. 3.96749296e-004 -2.97780032e-004 0.
    2.75926525e-003 2.09249556e-003 0. -1.83850620e-003 0. 0.
    4.03682643e-004 3.45747732e-003 0. 0. 0. 0. 0. 2.37563695e-003
    4.75856895e-003 0. 7.29168998e-004 4.11938457e-003 9.69856454e-004
    0. 3.07183340e-003 0. 2.99809990e-003 3.28941061e-003 0.
    2.94107199e-003 0. 5.59143722e-004 1.44072343e-003 3.28200264e-003
    8.91516730e-003 -7.74089538e-004 0. 0. 8.07443401e-004
    6.31870935e-003 4.16094437e-003 0. 0. 3.59982252e-004
    2.05073389e-003 6.51686278e-004 2.46935291e-004 6.54725649e-004
    4.84861573e-003 -8.45183877e-006 0. 2.97123566e-003 0.
    6.75487332e-003 0. 0. 3.82262026e-003 0. 0. 0. 5.87201864e-003 0. 0.
    1.15746092e-002 -5.67570794e-004 1.44175009e-003 0. 0. 0. 0.
    2.28341320e-003 3.34992097e-003 8.58334068e-004 0. 2.47685792e-004
    3.27734184e-003 0. 0. 0. 1.42132177e-003 -2.28853378e-006
    2.76964460e-003 2.01446004e-003 0. 4.98426671e-004 1.33165251e-003
    0. 0. 1.32316502e-003 0. 7.20507349e-004 0. -1.39062363e-003
    1.19211280e-003 3.98745388e-003 1.10925676e-003 1.54911331e-003 0.
    5.54052694e-003 0. 0. 0. 0. 5.71002834e-004 1.64761476e-003
    1.45067123e-003 0. 0. 0. 0. 5.09647094e-003 0. -1.01572159e-003 0.
    -1.42334623e-003 1.91567908e-003 0. 0. 1.29241438e-003 0. 0.
    6.77081803e-003 0. 2.89152889e-003 4.20981785e-003 7.77509485e-005
    2.94306898e-003 3.48871294e-003 -6.29409042e-005 0. 1.10533845e-003
    0. 0. 4.53276240e-004 0. -3.13690893e-004 0. 2.51165102e-003
    5.04666334e-003 4.76984167e-003 1.18030794e-003 5.42248087e-003
    5.28773433e-003 -9.54306961e-005 0. 1.18360687e-002 2.82711146e-004
    0. 0. 2.88781151e-003 1.74124085e-003 0. 2.64755473e-003
    9.18671285e-005 0. 0. 1.78940280e-003 0. 0. 0. 6.18179853e-004 0. 0.
    0. 3.12533556e-003 0. 0. 0. 2.18724576e-003 -4.26270417e-004 0.
    3.92919210e-005 1.56968785e-003 -1.22097298e-003 5.89721370e-004
    2.11162097e-003 0. 0. 0. 0. 0. 0. 0. 0. 0. 6.13468757e-004
    4.23396006e-003 0. 0. 0. 1.07026042e-003 0. 0. 0. 0. 1.29901606e-003
    3.33070755e-004 0. -4.37643379e-004 9.75636591e-004 0.
    -2.88106676e-004 0. 0. 0. 0. 1.60624285e-003 4.52284422e-003
    1.80315494e-003 -1.38325311e-004 5.04753646e-003 7.38278846e-004 0.
    0. 1.69431663e-003 2.46162736e-003 0. 2.41273362e-003
    8.48724972e-004 0. 0. 6.31653704e-004 0. 3.39837396e-003
    3.48828291e-003 3.63397237e-004 4.19220282e-003 -5.04354015e-004
    2.52442341e-003 3.80318216e-003 -2.30003905e-004 0. 8.95278528e-004
    0. 6.97451271e-003 6.36724336e-003 2.40748835e-004 3.61085730e-003
    0. 0. 1.11598254e-003 0. 0. 3.18441517e-003 0. 4.82794549e-003 0. 0.
    0. 0. 1.72445594e-004 1.41855923e-003 5.00322878e-003 0. 0. 0. 0. 0.
    3.82021681e-004 0. 0. 3.17120622e-003 0. 5.81186730e-003 0. 0.
    3.41464952e-003 5.27017692e-004 1.80271105e-004 0. 1.90728914e-003
    3.23727308e-003 0. 4.86923818e-004 -6.13916782e-004 0. 0. 0.
    -2.67156836e-004 0. 3.30441445e-003 6.94822171e-004 0. 0. 0. 0. 0.
    0. -3.82902712e-004 -1.59596978e-003 0. 0. 0. 2.17241013e-005 0.
    1.18393771e-004 2.90046504e-004 0. 2.11075530e-003 6.20668405e-004
    0. 4.13639145e-003 1.66260125e-003 0. 4.04189544e-004
    4.12688265e-003 7.18753878e-003 5.34708984e-003 -2.32508522e-004 0.
    0. 0. 6.58969686e-004 4.28410480e-003 -3.17557040e-003
    4.65897872e-004 0. 0. 0. -6.34033931e-004 1.29839568e-003
    4.97544941e-004 0. 0. 1.81938929e-003 -3.84793180e-004
    5.09663532e-003 2.92839366e-004 0. -4.50999432e-005 1.70457072e-003
    0. 5.91375446e-003 2.43236404e-003 0. 0. 0. -1.00264617e-003
    -3.21118750e-005 0. 8.67767166e-003 -3.20008752e-004
    -3.91420006e-004 -6.81034522e-004 0. 1.54876288e-005 5.32288151e-003
    0. 0. 7.14771170e-003 1.56033004e-003 1.41271739e-003 0.
    1.42569025e-003 4.14374401e-004 0. -1.32906751e-003 -1.51169545e-004
    0. 0. 2.24088831e-003 0. -8.28369113e-004 0. 0. -6.57993005e-005
    9.58247692e-004 1.38085871e-003 2.97631160e-003 1.07010652e-003
    2.05589388e-003 1.84458762e-003 0. 0. 3.56703909e-004
    1.54125900e-003 0. 1.66193888e-004 0. 0. 0. 1.07249897e-003
    1.26713107e-003 0. -1.88629623e-004 -1.42028509e-003 2.99803633e-003
    0. -1.35861384e-003 0. 4.71877662e-004 0. 0. -4.89101280e-004
    7.74881977e-004 0. 0. 0. 3.78367188e-003 0. 3.94172221e-003 0.
    2.76336377e-003 1.98719819e-004 3.65955988e-003 1.29732338e-003 0.
    6.36774757e-006 0. 0. 0. 0. 0. 3.54523305e-003 0. 0. 9.11277661e-004
    -5.19019901e-004 2.95188394e-003 3.02763679e-003 0. 7.50007574e-004
    6.56484102e-004 0. 8.15391482e-004 2.33390299e-003 8.00386013e-004
    3.54604912e-003 0. -7.17753428e-004 0. 2.59038666e-003
    1.50772429e-003 2.51459394e-004 1.18017045e-003 0. 1.36758736e-003
    -2.29898433e-004 0. 0. 0. 1.35722279e-003 1.35030574e-003
    1.87818089e-003 2.55710073e-003 0. 0. 0. 0. 1.09612802e-003
    1.47014670e-003 4.50105639e-003 0. 2.73973332e-003 0. 0.
    4.94257431e-004 3.61590856e-003 5.05146757e-003 0. 1.88974850e-003
    -1.05732703e-004 0. 0. -1.58750176e-004 3.31521529e-004
    2.88427691e-003 0. 0. -7.63705830e-005 0. 0. 4.50093939e-004 0.
    1.78674720e-002 0. -3.92111833e-004 0. 6.34995848e-003 0. 0. 0. 0.
    0. 0. 0. 2.24051924e-004 0. 2.85792956e-003 -5.81654662e-004
    4.40363394e-004 7.13303743e-004 3.34899477e-003 6.27434393e-003 0.
    0. 0. -1.60428914e-004 9.10185219e-004 3.74194747e-003 0.
    4.70043439e-003 0. -3.04084824e-004 0. 1.07912964e-003 0. 0.
