<?xml version="1.0"?>
<opencv_storage>
<imageDescriptor type_id="opencv-matrix">
  <rows>1</rows>
  <cols>1000</cols>
  <dt>f</dt>
  <data>
    0. 0. 0. 4.58005955e-003 0. 8.16409360e-004 3.98069713e-003
    -4.22886747e-004 0. 0. 2.09748861e-003 -2.96929793e-004 0. 0. 0. 0.
    5.62373258e-004 0. 3.20839463e-003 4.39016987e-003 6.30040828e-004
    2.43797246e-003 0. 0. 9.73298913e-004 2.16291891e-003
    -1.21060421e-003 0. 7.99529662e-004 0. 1.30681172e-002 0.
    5.19908080e-003 0. 4.02099686e-003 0. 0. 0. 0. 1.57873333e-003
    8.31286609e-003 0. 0. 6.29233103e-003 6.71566091e-003 0.
    -1.54538534e-003 2.13219575e-003 1.86198755e-004 0. 0.
    -3.07445438e-003 0. 0. 0. 0. 1.77972799e-003 0. 2.36018072e-003 0.
    0. 0. 0. 3.15277232e-003 0. 1.49499625e-003 0. 0. 1.00910058e-003
    2.27235607e-003 0. 0. 0. 0. 0. -9.97834490e-004 5.32655092e-003 0.
    9.66248394e-004 6.92655239e-003 1.98270878e-004 0. 0.
    9.12175747e-004 0. 7.27871107e-003 1.83028181e-003 2.23125727e-003
    -3.49414564e-004 8.65514274e-004 0. 0. 0. -2.21088319e-003 0. 0. 0.
    0. 3.54567863e-004 0. 0. -1.62858528e-003 9.58559278e-004
    1.91645545e-003 0. 0. 0. -4.88381602e-006 1.62300887e-003 0.
    3.40000317e-002 0. 6.88307313e-003 0. 0. 2.05605710e-003 0. 0. 0.
    2.55166320e-003 0. 8.16183817e-003 -1.76312006e-003 5.02173672e-004
    0. 0. 0. 1.67669059e-004 0. 0. 2.26933626e-004 0. 5.26282983e-003
    5.15492074e-003 4.66838665e-003 -8.89337331e-004 2.54092179e-003 0.
    0. 6.72397960e-004 0. 0. -2.88094569e-004 -2.14109547e-004
    1.40830642e-003 0. 0. 4.89634834e-003 3.41032108e-004 0. 0.
    6.53511597e-005 0. -8.69341195e-004 6.39993511e-003 -3.40282917e-004
    2.93598580e-003 0. 1.37029076e-003 3.83791095e-003 2.86839146e-004
    0. -6.74945302e-003 5.93755767e-003 0. 0. 0. 1.06708826e-002 0.
    -1.80393283e-003 2.70065013e-003 0. 0. 0. 1.13131455e-003 0. 0. 0.
    0. -1.17059879e-003 -2.38679830e-004 0. 0. 2.03515962e-003 0.
    -1.04703824e-003 0. 5.05806319e-003 0. 0. -1.83696975e-004 0. 0.
    4.82316827e-003 0. 0. 0. 0. 0. 0. 0. 0. 0. 0. 2.80923955e-003
    4.76589333e-003 3.35838005e-004 4.09063231e-003 0. 1.75666739e-003
    2.34097359e-003 -5.66722883e-004 -1.98331941e-003 0. 1.30613416e-003
    1.91237917e-003 0. 0. 0. 0. 9.79539193e-003 0. 5.72365010e-003
    2.56203162e-003 0. 0. 5.08524152e-003 0. 1.98250939e-003
    1.51047553e-003 0. 0. 1.11418939e-003 0. 1.09634583e-003
    4.52036766e-004 0. 0. 0. 5.36175212e-003 3.00043263e-003
    -2.16797460e-004 5.46787214e-003 0. 0. 0. 0. -8.93835735e-004 0. 0.
    0. 6.69885613e-003 0. 0. 0. 0. -6.85370906e-005 3.17427941e-004 0.
    0. 2.97583709e-003 0. -2.32983567e-003 0. 0. -1.38383755e-003 0.
    2.55262759e-003 2.69106682e-003 0. 1.01268617e-003 -2.40187743e-003
    0. 6.57815108e-005 2.63401354e-003 0. 0. 0. 0. 0. 2.33573210e-003 0.
    4.88856388e-003 3.04178311e-003 1.06724421e-003 0. 2.81391875e-003
    4.42428660e-004 0. 5.22707170e-003 -1.58469938e-003 2.35564378e-003
    0. -2.64048832e-003 0. 0. 0. 2.51046871e-003 -8.21480760e-004 0.
    1.92948442e-004 -1.26244780e-003 0. 0. 0. 0. 0. 0. 0.
    8.03265604e-004 0. 6.09675888e-003 0. 0. 0. -7.16182229e-004 0. 0.
    0. 1.93196771e-004 0. -9.20823950e-004 -9.69299232e-004 0. 0.
    2.27113231e-003 0. 7.55983731e-003 0. 2.00157473e-003 0. 0. 0. 0. 0.
    0. 0. 3.92754190e-003 0. -5.43796574e-004 0. 1.36839680e-003 0.
    3.00116651e-003 1.14524681e-002 0. 0. 2.43590504e-004 0.
    3.82121041e-004 0. -5.55318024e-004 0. 1.64540356e-003
    1.79936038e-003 0. 4.06461349e-003 0. 0. -4.03250073e-004 0.
    -5.54742571e-003 0. -1.51679420e-003 6.42862963e-003 0. 0.
    2.37065717e-003 3.89478379e-003 5.83581161e-003 9.52202477e-004
    1.12314271e-002 4.33491683e-003 0. 0. 0. 4.09124652e-003 0. 0.
    5.52616036e-003 0. 0. 0. 0. -1.89810607e-003 0. 0. 6.88187545e-003
    0. 0. 0. 3.44065228e-003 1.16807118e-003 0. 0. -4.36644012e-004 0.
    0. 0. 0. 0. 0. 0. -5.49184682e-004 0. 2.36600009e-003 0. 0. 0.
    3.24044522e-004 0. -4.05919825e-004 0. 0. 0. 0. 1.83311477e-002 0.
    0. -2.18157982e-003 -4.19337332e-004 7.38067552e-004 2.63694616e-004
    0. 2.35960376e-003 0. 0. 1.20019377e-003 0. 0. 0. -8.12437152e-004
    3.50896735e-003 0. 0. 8.84508435e-003 0. 0. 0. 0. 0. 0.
    -4.22856276e-004 0. 1.78635784e-003 3.54515342e-003 0. 0.
    -6.53548123e-005 0. -3.48338159e-003 0. 8.00091028e-003 0. 0. 0.
    3.52612144e-004 5.84742753e-003 4.52379929e-003 4.33595211e-004 0.
    9.90606379e-004 0. 0. 0. 5.00624394e-003 6.38788973e-004 0.
    1.86285947e-003 0. 0. 0. 0. 3.65426065e-004 3.41145904e-003 0. 0.
    2.00792192e-003 1.25658896e-003 0. 0. 0. 0. 0. 0. 0. 7.87435658e-003
    0. 0. 3.34515702e-003 5.64597023e-004 0. 0. 0. 0. 6.50540320e-003 0.
    0. 4.81212651e-003 7.24838721e-003 0. 0. 0. 0. 0. 0. 0.
    6.74781762e-003 0. 0. 0. 0. 5.49180619e-003 1.59587129e-003 0. 0. 0.
    -1.28145178e-003 4.90593817e-003 0. 1.67172006e-003 0. 0.
    1.42759352e-003 1.86609081e-003 0. 7.03970063e-003 1.93414337e-003
    -6.09403301e-004 0. 2.16411380e-003 0. 0. 1.90924504e-003 0.
    4.50340053e-003 2.63381260e-003 0. 0. 0. 1.99430156e-003 0. 0.
    5.68499649e-003 0. 0. 0. 0. 5.02360403e-004 0. 1.28362107e-003 0. 0.
    -3.76911230e-005 0. 6.06791815e-003 0. 5.83879628e-005
    -9.82464640e-004 4.75278683e-003 4.91981814e-003 0. 0. 0.
    -1.26024766e-003 0. 1.07290200e-003 0. 3.58030957e-004
    -1.29564360e-004 4.85229958e-003 0. 0. 0. 0. 0. 1.56648085e-003 0.
    7.39911280e-004 -9.60009580e-004 -1.64140982e-003 0. 1.00085344e-002
    6.91308407e-003 0. 1.60077389e-003 0. 7.65899057e-003
    2.44482257e-003 0. 1.87551184e-003 0. 6.68180129e-003 0. 0. 0. 0. 0.
    0. 0. 0. 0. 0. 0. 1.22972892e-003 4.19329247e-003 1.22433086e-003 0.
    0. 0. 0. 0. 5.90565605e-007 0. 1.28346086e-002 0. 0. 9.59671102e-004
    0. 0. 0. 0. 0. 0. 0. 0. 0. 1.75006222e-003 0. 1.32564334e-002
    4.08417662e-004 0. 0. 0. 1.37047039e-003 5.02469903e-003
    4.72509721e-003 -1.53203250e-003 0. 0. 0. 0. 0. 0. 3.30465706e-003
    -5.78000501e-004 0. 6.41372846e-003 -1.79508037e-003 1.13529409e-003
    4.05318290e-003 0. 0. 0. -1.19204808e-003 0. -6.17134850e-004
    -3.67207133e-004 0. 0. 0. 0. 0. 0. 0. 1.47497852e-003
    1.13093026e-003 0. 0. 3.17151495e-003 -1.87020516e-003 0.
    -8.76752674e-005 0. 1.14748464e-003 0. 0. 0. 0. 1.41760439e-003 0.
    0. 1.93030946e-003 0. 3.18613299e-003 4.86887340e-003
    3.16684222e-004 0. 2.29200092e-003 0. 0. 4.62739030e-003 0.
    7.99229718e-004 0. 2.28768378e-003 0. 2.41404912e-003 0.
    -1.48231792e-003 0. 0. 0. 0. 0. 0. 0. 0. 0. 0. 0. 0. 0. 0. 0. 0.
    1.24110328e-003 0. 0. 7.61838444e-003 5.28439460e-003 0.
    4.86337725e-004 0. 0. 1.85393938e-003 0. 0. 0. 9.87945357e-004
    1.34337833e-003 0. -8.52633209e-004 6.79512916e-004 0.
    8.31173081e-003 0. 0. 0. 0. -2.31302227e-003 0. 3.32554831e-004 0.
    0. 5.73102664e-003 0. -1.04974117e-003 2.13162228e-003
    2.38332315e-003 0. 1.98961585e-003 0. 4.24595783e-003 0.
    7.36536807e-004 0. 0. 0. 0. 0. 1.96989626e-003 1.15921826e-003 0.
    1.77827093e-003 5.96416881e-003 0. 0. 0. 0. 0. 0. 0. 0.
    8.54339858e-004 1.30765401e-002 7.96058774e-003 0. 0. 0. 0.
    1.88729435e-003 0. 0. 4.73494502e-003 0. 0. 9.02275264e-004
    2.02928833e-003 0. -7.35378009e-004 3.69249657e-003 0.
    4.10040701e-003 0. 0. 3.79081606e-003 0. 0. -3.53544694e-003
    4.96947533e-003 1.32910255e-003 3.21480120e-003 3.37107340e-003
    3.08803096e-003 3.49831644e-005 0. 0. 0. 0. 7.70997838e-004 0.
    1.56634115e-003 5.14518542e-005 -8.56824394e-004 0. 0. 0. 0. 0. 0.
    0. 0. 0. 0. 3.97004798e-004 -2.56860419e-003 -4.28386353e-004 0. 0.
    1.36350747e-003 0. 0. -1.80028484e-003 2.70159449e-003
    1.25577510e-003 0. 0. -8.05329066e-004 4.31986339e-003 0.
    1.20333033e-002 0. 3.89579264e-003 0. 0. 0. 0. -2.34630099e-003 0.
    0. 0. 0. 1.76122561e-002 1.31644146e-003 -4.13288333e-004
    9.73321312e-006 2.48255674e-003 0. 0. 0. 0. 0. 8.66422371e-004 0.
