<?xml version="1.0"?>
<opencv_storage>
<imageDescriptor type_id="opencv-matrix">
  <rows>1</rows>
  <cols>1000</cols>
  <dt>f</dt>
  <data>
    0. 0. 0. 0. 0. 0. 1.36055832e-003 1.69691257e-003 2.53782026e-004
    1.16051605e-003 0. 7.65443547e-003 0. 0. 4.54698922e-003
    1.24777458e-003 1.71718479e-003 0. 0. 0. 0. 0. 6.33698935e-003 0. 0.
    0. 1.07861357e-003 0. 0. 2.03273562e-003 2.24548136e-003
    2.88593001e-003 0. 2.70491373e-003 6.32146606e-004 1.77368568e-003
    8.61255161e-004 -1.10013003e-003 0. 0. 0. 0. 0. 0. 4.85937670e-003
    0. 0. 0. -6.38696947e-004 0. 7.05501158e-003 0. 0. 0. 0.
    2.08709333e-002 0. 1.30503466e-002 -3.55439377e-004 6.95610279e-003
    0. 5.19560883e-003 0. 0. 0. 0. 0. 0. 0. 1.48498025e-002 0.
    -1.67269539e-003 1.09347049e-003 8.03789240e-004 0. 0. 0.
    9.80901648e-004 0. 1.15733559e-003 3.53230909e-003 0.
    -1.72484670e-005 0. 1.91069616e-004 1.19770085e-003 0.
    1.28176017e-003 0. 0. 9.80198476e-003 0. 1.64192133e-002 0. 0.
    9.89858992e-004 0. 0. 3.10511258e-003 0. 0. 0. 5.27126808e-003
    1.33282365e-003 0. 4.06121416e-003 0. 2.51030526e-003
    -2.71324930e-003 0. 0. -8.65118229e-004 0. 1.85408792e-003
    1.03971036e-003 1.48932089e-003 5.20687841e-004 0. 0.
    -5.45682211e-004 5.53183630e-003 1.42255966e-002 0. 0. 0.
    -2.31265486e-003 2.49189232e-003 2.94995075e-003 0. 0. 0. 0.
    4.81986935e-004 0. 8.81858752e-004 0. 0. 0. 0. 0. 0. 0. 0. 0. 0. 0.
    -2.26619956e-003 0. 0. 1.64835318e-003 2.04856251e-003 0.
    8.31083235e-005 4.50215477e-004 0. 0. 1.68811518e-003
    2.14805128e-003 9.75216366e-003 8.66415445e-003 -8.36452644e-004
    1.07979740e-003 0. -1.41597597e-003 -2.92530819e-003 0. 0.
    1.16228266e-002 1.35347538e-003 -2.47096410e-003 0. 8.19630513e-004
    0. 0. 5.78528794e-004 0. 0. 0. 0. 0. 1.87112062e-004 0. 0.
    1.87767914e-003 0. 0. 0. 0. 2.64358823e-003 0. 5.08186640e-003 0.
    -5.34460042e-003 0. 1.05476780e-002 1.84139069e-002 1.28503016e-003
    1.82314427e-003 2.27968092e-003 0. 4.46443772e-003 0.
    1.84321101e-003 -4.06692619e-004 0. 0. 0. 0. -2.63524533e-004 0.
    1.53334648e-003 0. 0. 8.10035225e-003 0. 0. 0. 0. 1.08049717e-003
    1.19133620e-003 0. 0. 3.61393928e-003 0. 0. -1.14509207e-003
    1.46295514e-003 -5.51896985e-004 2.18698080e-003 0. 2.44303327e-003
    0. 0. 0. 0. 0. 8.26446107e-004 1.58705551e-003 0. 0. 2.04224983e-004
    0. 3.29501818e-005 1.52794027e-003 1.81234995e-004 0. 0.
    1.38012692e-003 0. 9.78786848e-004 0. 0. 6.41868496e-003
    -9.79213626e-004 0. 0. 0. 0. 2.02649063e-003 0. 1.31469092e-003 0.
    0. 1.54986000e-003 0. 0. 4.92527324e-004 1.05745753e-003 0.
    2.24149413e-003 0. 4.76810383e-004 7.69944629e-004 0. 0. 0. 0. 0. 0.
    -3.24478955e-003 0. 0. 0. 0. 0. 1.73316698e-003 1.45534310e-003
    1.49229227e-003 0. 0. 3.18385079e-003 1.43967581e-003 0. 0.
    3.88994580e-003 0. 1.43477588e-003 1.18058280e-003 0. 0.
    5.47561031e-005 2.93760793e-003 0. 1.49909044e-002 0. 0. 0.
    9.93672479e-003 1.96948252e-003 0. 0. 1.05447485e-003 0. 0.
    3.60841886e-003 0. 0. -2.27487762e-003 0. 0. 5.61767071e-003
    1.88425160e-003 0. 4.99028293e-003 -1.46641664e-003 7.86545745e-004
    -9.99387237e-004 0. 0. 0. 0. -2.04553478e-003 0. 8.34892131e-003 0.
    0. 2.19362462e-003 1.67689973e-003 0. 1.37274386e-003
    -2.97840859e-004 0. 0. 0. 6.23787055e-004 0. 0. 0. 0. 0. 0. 0. 0.
    1.31130533e-003 1.42848212e-003 8.14682455e-004 0. 0. 0. 0.
    1.98009168e-003 0. 0. 2.36055837e-003 -6.12119737e-004
    3.98309994e-003 0. 0. 0. -4.92039660e-004 -3.75367119e-004
    1.90423080e-003 0. 3.82044329e-003 0. 8.42273643e-004
    1.75896883e-002 2.34044087e-003 2.00327160e-003 0. 1.27518637e-004
    0. 0. 0. 0. 0. 0. 2.76130182e-003 0. 0. 0. 9.55126481e-004
    1.91246695e-003 0. 0. 1.56936538e-003 0. 0. 0. 0. 0. 2.74926168e-003
    6.64030667e-003 2.98833521e-003 0. 0. 0. 0. 4.14552912e-003
    -2.52770085e-004 0. 0. 1.33295311e-003 0. 0. 0. 5.98091725e-003 0.
    7.64242932e-003 1.56751263e-003 0. 0. 7.00983033e-003
    4.30046130e-005 1.20993191e-003 1.89984485e-003 0. 0.
    5.30570000e-003 1.52952923e-003 0. 0. 2.15362664e-003 0.
    8.63402616e-004 9.74342343e-004 3.99056589e-004 6.30947156e-003
    -1.74324273e-003 0. 0. 0. 0. 0. -1.27300760e-003 2.99518206e-003 0.
    0. 0. 8.96930043e-003 1.80031953e-003 0. 4.77761496e-003
    4.81669465e-003 0. 0. 0. -1.43909676e-003 0. 1.32611336e-003 0.
    1.63839280e-003 0. 0. 0. 0. 0. 7.72879971e-003 0. 0.
    -6.66340231e-004 0. 0. 2.04991736e-003 0. 0. 2.16257642e-004
    1.45924534e-003 0. 0. 0. 0. 1.44612684e-003 1.38486666e-003
    6.37701806e-003 0. 4.19356208e-003 1.04772905e-003 0. 0. 0. 0. 0.
    1.87863118e-003 0. 6.29285537e-003 0. 8.36600270e-003 0. 0.
    1.46547202e-002 2.97593093e-003 7.42749486e-004 0. 0. 0. 0.
    8.17488122e-004 0. 0. 0. 1.24759332e-003 0. 4.19976143e-003
    6.40571117e-004 0. 0. 0. 8.84095614e-004 7.89453916e-004 0. 0.
    7.40844582e-004 0. 0. 0. 0. 5.97437247e-006 0. 0. 0. 0. 0. 0.
    1.65296299e-003 0. 2.03029229e-003 7.79374177e-003 1.22054701e-003
    0. 0. 2.35055282e-004 0. -1.08364527e-003 0. 4.62974096e-003
    3.55036999e-003 2.29250500e-003 0. 0. 0. 1.75447087e-003 0. 0.
    -5.27334050e-004 5.75621903e-004 0. 0. 0. 0. 1.06075732e-003
    1.75370823e-003 0. 1.33077512e-004 0. 0. -9.95995826e-004 0. 0. 0.
    0. 1.20378779e-002 0. 4.47116420e-003 0. 0. 0. 0. 0. 6.93282695e-004
    8.25137191e-004 0. -3.08240508e-003 0. 0. 2.49400758e-003 0. 0.
    2.67133885e-003 0. 0. 0. 0. 0. 0. 0. 0. 0. 0. 1.42768875e-003 0.
    -6.01983556e-005 0. 0. 0. 0. 1.95992598e-003 0. 4.40462679e-003 0.
    0. 0. 4.06814506e-003 -5.31128282e-003 0. 8.40782304e-004 0. 0. 0.
    4.44029411e-003 0. 0. 0. 1.64318248e-003 1.30343100e-003
    1.80581503e-003 0. 5.07497403e-004 3.56504042e-003 6.13284996e-003
    0. 0. 3.70015041e-003 0. 8.12393427e-003 0. 0. 0. 0.
    -5.86783746e-004 0. 2.05338909e-003 0. 0. -1.31427043e-003 0. 0. 0.
    9.32909735e-003 -1.21096370e-003 0. 0. 0. 6.09742431e-003
    3.67776770e-003 0. 1.59093016e-003 0. -1.23214431e-003 0. 0.
    1.18201342e-003 0. 7.83104799e-004 -4.35177790e-004 0. 0.
    3.82647762e-004 0. 5.07022021e-003 0. 0. 1.44899229e-003 0.
    4.85296734e-003 0. 0. 2.14088755e-003 0. 3.24115565e-004
    1.00623048e-003 2.13752105e-003 0. 1.76682824e-003 5.55846374e-003
    7.67755788e-004 1.48521049e-003 2.18680501e-003 0. 0. 0. 0.
    8.82106891e-004 0. 7.64275342e-003 0. 0. 0. 0. 0. 1.11896740e-002 0.
    0. 0. -1.49044953e-003 2.84912181e-003 5.27536124e-003 0. 0. 0. 0.
    0. 0. 0. 4.05684719e-003 5.65667823e-003 0. 0. 0. 1.79935910e-003
    6.08127005e-003 0. 0. 0. 0. 0. -1.07640750e-003 -2.48668402e-005 0.
    0. 0. 0. -2.06225261e-004 2.44097435e-003 1.78871641e-003
    1.09750433e-002 0. 6.58311276e-003 0. 0. 1.85487291e-003 0. 0. 0.
    4.52004839e-003 0. 0. 9.99038946e-003 6.13033026e-003
    3.61342006e-003 0. 0. 1.31690537e-003 5.28185745e-004
    1.92649651e-003 0. 0. 0. 8.00003647e-004 0. 2.01183007e-004 0.
    2.86251563e-003 0. 0. 0. 0. -1.03856309e-003 2.16458947e-003
    1.95660372e-003 0. 5.40421670e-003 1.54885289e-004 0. 0.
    -8.49186443e-004 0. 0. 6.25567324e-003 6.52028306e-004 0. 0. 0.
    1.95813645e-003 2.65024183e-003 0. 0. 0. 6.63669140e-004 0. 0.
    3.21491249e-003 2.53958482e-004 0. 9.92218871e-003 0. 0.
    6.08721329e-003 0. 2.36864691e-003 0. 0. 5.88867988e-004 0. 0.
    1.37624331e-003 6.44407794e-003 1.71348456e-005 1.84045837e-003 0.
    0. 0. 4.26255446e-003 0. 1.61069911e-003 0. 0. 0. 0. 0. 0. 0.
    1.77740806e-003 0. -1.61336549e-003 0. 0. -3.16605496e-004 0. 0. 0.
    0. 3.03522265e-003 0. 0. 0. 0. 0. 0. 0. 5.44528710e-003 0. 0.
    1.04785932e-003 2.42480147e-003 0. 0. 3.61868669e-003 0. 0. 0. 0.
    4.28373134e-003 8.82748608e-003 0. 9.75554343e-004 0. 0.
    1.58525247e-003 2.68288096e-003 0. -3.10524047e-004 7.99020287e-003
    1.50918833e-003 8.51276447e-004 4.55220602e-003 -1.03332987e-003 0.
    0. 0. 0. 1.25787396e-003 0. 0. 1.76899659e-003 -1.14852865e-003 0.
