<?xml version="1.0"?>
<opencv_storage>
<imageDescriptor type_id="opencv-matrix">
  <rows>1</rows>
  <cols>1000</cols>
  <dt>f</dt>
  <data>
    0. 3.49795353e-003 0. -2.09910635e-004 2.85462267e-003 0.
    3.56073724e-004 1.19767264e-002 -9.31706920e-004 0. 7.87615962e-003
    0. 0. 0. 0. 3.04122968e-003 0. 0. 0. 0. 0. 0. 1.76259986e-004 0. 0.
    1.09571137e-003 1.46137900e-003 0. -1.43934070e-004 2.05639238e-003
    0. 2.72399280e-003 0. 5.07389288e-003 1.85144786e-003 0.
    2.20238301e-003 7.14951660e-003 0. 0. 0. 0. 0. 3.73630202e-004
    2.94590183e-003 0. 0. 2.77019502e-003 4.55302466e-003
    4.61290154e-004 0. -1.08966511e-003 1.50147045e-003 0. 0. 0.
    2.25578574e-003 0. -6.92380243e-004 0. 2.60320259e-003
    2.84222327e-003 -5.97848441e-004 0. 0. 0. 0. 0. 3.22580151e-003
    -1.73915578e-006 0. 1.97529653e-003 0. 0. 4.18663956e-004 0.
    1.44318095e-003 3.39200557e-003 0. 0. 0. 0. 1.96309382e-004
    -1.02975976e-003 0. 0. 1.80915580e-003 -3.05235526e-003
    1.27721846e-003 0. 0. 0. 0. 8.81341926e-004 1.20893179e-003 0.
    8.17242835e-004 3.39225726e-003 1.26980646e-002 0. 0. 0.
    2.30988767e-003 5.93467290e-003 0. 1.47517119e-003 2.49043736e-003
    9.58431605e-003 0. 0. 0. 0. 1.59343786e-003 0. 0. 4.32035513e-003 0.
    0. 0. 0. 0. 0. 3.78246931e-003 1.07909006e-003 0. 0. 8.14213883e-004
    3.33187799e-003 -1.07647153e-003 0. 0. 2.76552304e-003
    2.17556488e-003 8.11600417e-004 0. 1.88621134e-003 0. 0.
    -1.69158471e-003 1.23346737e-003 1.34516857e-003 3.60705797e-003
    3.00920312e-003 -2.42783630e-004 0. 0. 0. 7.30188657e-003 0. 0.
    5.40179992e-003 3.44478013e-003 0. 0. 1.68951543e-003 0.
    2.98300432e-003 1.35611172e-003 9.43042058e-003 0. 0.
    4.41920524e-003 3.71975964e-003 -1.42036690e-004 0. 0.
    1.65192131e-003 1.43224476e-002 -1.79911370e-003 0. -9.19136859e-004
    0. 0. 0. 0. 2.05019809e-004 6.62743440e-003 0. 0. 0. 5.47393633e-004
    3.73479701e-003 3.04535115e-005 5.62408695e-006 0. 0.
    1.15287770e-003 0. 0. 0. 1.59365672e-003 0. 1.41888903e-003 0. 0.
    1.11504190e-003 0. -1.29185012e-003 0. 0. 0. 1.12713163e-003
    1.28468638e-003 1.00823655e-003 0. 2.16534222e-003 1.24461437e-003
    0. 1.39097217e-003 0. 2.78462493e-003 0. 0. 2.93689547e-003 0. 0.
    1.58636365e-003 1.08140428e-003 0. 0. 4.45607584e-003 0. 0. 0. 0. 0.
    0. 1.30602147e-003 0. 1.59102469e-003 4.70765866e-003
    -9.29573784e-004 0. 1.26816577e-003 0. 0. 0. -5.09835954e-004 0.
    1.59307383e-003 0. 0. 0. 7.39119761e-003 0. 0. 0. 0. 2.79143616e-003
    2.22826871e-004 0. -2.80637207e-004 0. 7.07159052e-004 0. 0. 0.
    4.18486213e-003 1.81782094e-003 3.11067852e-005 0. 0.
    -3.95845505e-004 1.28757686e-003 1.92841631e-003 0. 0.
    -7.66627432e-004 6.11562887e-003 0. 0. 6.97734766e-004
    2.31539612e-004 1.71939580e-004 5.82471024e-004 2.66764616e-003
    3.65348952e-003 4.32676490e-004 0. 0. 0. 0. -1.47609622e-004
    2.17978307e-003 0. 8.89697112e-004 5.62989037e-004 4.12371475e-004
    8.94391967e-004 0. 0. 3.31890862e-003 0. 0. 1.52185117e-003 0. 0. 0.
    0. 0. 5.12797153e-003 0. 9.52058472e-004 2.30921200e-003 0.
    1.26221799e-004 4.73848952e-004 3.37865204e-003 1.48813752e-003
    -2.68257048e-004 4.33885911e-003 0. 0. 0. 0. 0. 0. 0. 0. 0. 0.
    2.34436640e-003 3.54681943e-005 0. 0. -8.30534729e-004 0. 0. 0. 0.
    0. 0. 6.27776259e-004 0. 2.75222259e-003 0. 0. 4.43458417e-003
    2.57476640e-004 8.21757037e-003 0. 0. 0. 3.28670209e-003 0. 0.
    4.77619149e-004 2.08055950e-003 0. -2.17226218e-003 1.51321536e-003
    0. 0. 0. 0. 3.33504938e-003 3.57919699e-003 0. -1.20127479e-004 0.
    0. 0. 7.36794260e-004 5.85828908e-003 3.30067449e-003
    8.55649938e-004 9.19708691e-004 -1.35772210e-003 0. -2.30937824e-003
    0. -9.68124310e-004 3.03963036e-003 0. 3.25212767e-003 0. 0.
    5.03977062e-003 0. -2.78705149e-004 0. 0. 0. 3.32708866e-003 0.
    1.96011877e-003 0. -1.06970815e-003 1.31360134e-002 0. 0.
    3.85443610e-003 0. 3.86021426e-003 0. 0. 1.54276844e-003
    -8.87231727e-004 7.72399013e-004 1.44080026e-003 0. 0.
    5.88616077e-003 1.76608958e-003 0. 3.63020436e-003 4.45361329e-005
    2.86400411e-003 0. 0. 0. -1.36795978e-003 0. -1.54879806e-003 0.
    4.41905670e-003 -2.01905519e-003 0. -7.26672488e-006 1.17632491e-003
    8.45713017e-004 4.19059885e-004 0. 0. 5.59047803e-005
    7.20468117e-003 0. 9.98777570e-004 0. 4.57160873e-003 0. 0.
    1.34622557e-002 -3.61865619e-004 1.49552245e-003 0. 0. 0. 0. 0. 0.
    -1.07773917e-003 0. 5.16053941e-003 1.30696734e-003 0. 0. 0.
    2.54539796e-003 7.34103378e-004 5.12800645e-003 0. 0.
    1.42753392e-003 0. 0. 0. 1.75832142e-003 2.36489541e-005
    2.75488221e-003 0. 0. 0. 0. 6.02057856e-003 0. 0. 0. 2.00011418e-003
    0. 0. 1.42023747e-003 4.82779986e-004 1.27354544e-003 0. 0. 0. 0. 0.
    0. 6.02658279e-003 0. 0. 2.67632469e-003 1.90077582e-003 0.
    1.89567171e-003 0. 1.52389484e-003 3.26612010e-003 8.77149403e-004
    1.39800005e-003 0. 6.45967200e-004 4.23639733e-003 0. 0.
    7.37868948e-004 9.78992204e-004 4.95575834e-004 0. 0.
    3.53722740e-003 0. 0. 0. 9.14038625e-004 0. 3.99589911e-003
    3.19372281e-003 6.72215188e-004 1.83653645e-003 0. 0. 0.
    5.00971172e-003 1.57021196e-003 0. -1.78929255e-003 4.43393132e-003
    1.47700438e-003 3.01558233e-004 -2.05562916e-004 0. 0.
    1.28454855e-003 1.04949402e-003 1.51235354e-003 0. 0. 0. 0. 0.
    2.05631065e-003 1.01088476e-003 0. 1.74452213e-003 1.55102322e-003
    0. 0. 1.75224699e-003 4.18531429e-003 0. 0. 5.22910990e-003 0. 0.
    1.51775486e-003 -1.00448949e-003 0. 4.26868862e-003 0. 0. 0. 0.
    5.36448089e-003 -1.35392082e-004 7.37144146e-004 8.00963549e-004
    1.95542467e-004 4.96645365e-003 0. 2.10443512e-003 0. 0. 0.
    1.19834789e-003 4.20792960e-003 0. 1.24583987e-003 4.60288778e-004
    0. 0. 0. 0. 1.64584164e-003 0. 0. 0. 0. 0. 0. 1.35456538e-003 0.
    4.53582266e-003 0. 3.55626736e-003 0. 3.75261111e-003
    1.72644434e-003 0. 0. 0. 0. 0. 0. 0. 1.91029138e-003 1.72277610e-003
    1.92950189e-003 5.24582015e-003 0. 0. 0. 0. 0. 1.27325847e-003
    3.71657917e-003 1.97132351e-003 0. 2.90207937e-003 0. 0. 0. 0. 0.
    5.78714209e-003 0. 0. 2.59234617e-003 0. -1.57767627e-003 0. 0. 0.
    0. 0. 0. 0. 0. 1.69734331e-003 0. 0. 3.37829959e-004 0.
    2.72912811e-003 4.10840753e-003 2.77809380e-003 0. 0. 0. 0. 0. 0.
    8.44264682e-003 6.94745313e-003 9.48424276e-004 1.84438541e-003 0.
    7.08959112e-003 0. 0. 1.40088506e-003 1.90015801e-003
    5.86309296e-004 0. 4.75238450e-003 0. 1.23179110e-003 0.
    1.44965400e-003 0. 0. 4.20926930e-003 1.45428278e-003
    7.08909146e-003 0. 0. 0. 6.32022088e-003 2.22603019e-004 0.
    5.66189236e-004 0. 0. 0. 0. 0. 1.16064423e-003 3.26260255e-004 0.
    -1.10786362e-003 5.78092528e-004 0. 0. 0. 3.36862431e-004 0. 0. 0.
    -2.85657909e-004 0. 0. 3.53183504e-003 2.64303922e-003
    9.83817619e-004 7.75245717e-004 3.65857221e-003 1.41655630e-003 0.
    3.09885852e-003 0. 9.78941098e-003 0. 1.67504617e-003
    1.34648848e-003 3.60195339e-003 0. 4.75206092e-004 0.
    6.66349311e-004 0. 3.17493477e-003 0. 6.42357452e-004
    -3.49306036e-004 0. 1.17427362e-002 0. 0. 0. 1.62755733e-003
    7.43555697e-003 2.53838231e-003 0. 0. 1.12280669e-003 0. 0. 0.
    1.52569823e-003 3.87217547e-003 0. 0. 0. 0. 0. 0. 0. 0.
    9.56165604e-004 2.23019207e-003 -2.90874654e-004 0. 0.
    -6.70616224e-004 -2.36586566e-004 1.33770949e-003 0. 0. 0. 0.
    2.93305755e-004 6.51527429e-004 0. 0. 0. 0. 1.36878190e-003
    1.34403456e-003 2.04041880e-003 5.89877414e-003 0. 0. 0.
    2.49803578e-003 3.88913881e-003 2.47170008e-003 0. 0.
    2.13221851e-004 -5.49176126e-004 4.04963549e-003 3.35384137e-003
    4.98672295e-003 4.25601145e-003 0. 0. 0. 4.00892831e-003 0.
    2.33639288e-003 1.58027257e-003 0. 0. 0. -8.68800038e-004 0. 0.
    1.92268449e-003 3.12347780e-003 1.30832638e-003 -1.19408616e-003 0.
    0. 0. 0. 0. 0. 1.90577516e-003 1.29145419e-003 0. 8.51924822e-004
    1.08569511e-003 0. 0. 0. 0. 0. 2.01190030e-003 0. 0. 9.21967963e-004
