<?xml version="1.0"?>
<opencv_storage>
<imageDescriptor type_id="opencv-matrix">
  <rows>1</rows>
  <cols>1000</cols>
  <dt>f</dt>
  <data>
    0. 0. 0. 0. -2.29301676e-003 -1.67761417e-003 0. 9.03573167e-003 0.
    0. 0. -2.44159630e-004 0. 0. 1.23797571e-002 0. 0. 0. 0. 0. 0. 0.
    -1.19031865e-005 0. 0. 0. -1.26196677e-003 0. 0. 0. 0. 0. 0. 0. 0.
    0. -1.34419405e-003 0. 0. 5.50640374e-003 -5.89702092e-003 0. 0. 0.
    0. 6.79699471e-003 1.95031650e-002 0. 2.09155376e-003
    1.38270119e-002 0. 0. 1.72192100e-002 -1.57488324e-003
    1.35574322e-002 0. 0. -1.23473059e-004 0. 0. 0. 0. 2.32455763e-003
    0. -3.24544148e-003 6.39346987e-003 3.56951635e-003 0.
    -3.00453184e-003 0. 0. -4.19709773e-004 -2.77800066e-003
    1.22005707e-002 0. 3.11015127e-003 0. 0. 0. 0. 0. 2.53767124e-004 0.
    1.11272233e-002 0. 0. 0. 0. 0. 0. 7.02013681e-003 -1.10169640e-003
    0. 0. 0. 0. 3.10359639e-004 0. 0. 0. 0. 0. 0. 0. 0. 0. 0.
    8.15389492e-003 -1.46039092e-004 5.63353569e-005 2.86695384e-003 0.
    1.18214544e-002 0. 3.11630894e-003 0. 1.67657975e-002 0.
    5.82454028e-003 0. -2.59596179e-003 -8.85883812e-004 0.
    3.36364773e-003 1.75804831e-003 0. 3.32052514e-005 0. 0.
    9.76876589e-004 0. 4.08801064e-003 -2.01014197e-003 0. 0. 0.
    1.34418323e-003 0. 1.22022175e-003 0. 1.21050444e-003 0.
    3.72362300e-003 0. 0. 3.26064439e-003 0. -2.08307966e-003 0. 0. 0.
    2.57195177e-004 -4.35304013e-004 0. 0. 0. 2.38703145e-003
    -1.24031721e-004 0. 0. 0. 0. 0. 4.32662247e-003 6.58921944e-003
    1.24360723e-002 0. 1.16358548e-002 0. 0. 5.97900013e-004 0. 0. 0.
    -2.67050462e-004 0. 0. 1.76709495e-003 0. 0. 0. 0. 2.42825449e-002
    0. 0. 0. 1.01260107e-003 0. -3.09322542e-003 0. 0. 3.47434846e-003
    0. 0. 0. 0. 0. 0. -1.26038690e-003 0. -2.59654596e-003 0.
    1.15890158e-002 0. 0. -6.41180668e-004 2.10951388e-004 0. 0.
    2.54952861e-003 0. 0. 0. 3.32818017e-003 1.35660460e-002 0. 0. 0. 0.
    0. -2.73704319e-003 0. 0. 0. 0. 1.93482824e-003 0. 0.
    1.35111446e-002 1.02548942e-003 0. 0. 0. 0. 3.69215640e-003 0. 0.
    -1.67582228e-004 -1.63402420e-003 -1.67691626e-003 5.76794206e-004
    -1.27357279e-003 0. 0. 1.13762366e-002 -9.54206567e-004 0.
    5.20546164e-004 3.01339384e-003 0. 9.86971613e-003 0. 0.
    1.36833666e-002 0. 1.57701306e-003 -5.25850104e-004 0.
    9.55720246e-003 0. 0. 0. 0. -2.19400646e-003 1.60476211e-002 0. 0.
    0. 0. 7.82474934e-004 0. 0. 0. 0. 1.31261637e-002 0.
    -3.32799216e-004 0. 0. 0. 0. -1.71123786e-004 0. 0. 0.
    -8.53455975e-004 0. 1.86172908e-003 -3.59038729e-003 0.
    -8.95649719e-004 0. 0. 0. 0. 0. 2.19239458e-003 0. 0. 0. 0. 0. 0. 0.
    0. 1.37236668e-002 0. 0. 0. 0. 0. -3.76132410e-003 1.32480593e-004
    0. 0. 0. 2.90474854e-004 0. 0. 0. 1.59292680e-003 0. 0.
    1.51814462e-003 0. 0. 2.30356678e-003 0. -4.74353263e-004 0.
    -2.58064223e-003 8.51848722e-003 0. 0. 0. 4.65884851e-003 0. 0. 0.
    5.62083733e-004 0. 0. 0. 0. 0. 0. 8.77484493e-003 0. 0. 0. 0. 0.
    -4.93048865e-004 0. 4.05097660e-003 0. 0. 0. 8.45918665e-004
    1.26651523e-003 0. 0. -1.04872772e-004 0. 0. 1.04197031e-002 0.
    1.15209557e-002 0. 0. 0. 8.32104415e-005 0. 3.25577537e-004 0. 0. 0.
    0. 0. 2.49369914e-004 0. 0. 0. 0. 0. 9.41001985e-004 0.
    6.29676855e-004 0. 0. 0. 0. 0. 2.30550999e-003 0. 0. 0. 0. 0. 0. 0.
    8.65648035e-004 0. 1.06136659e-002 0. 0. 0. 0. 0. 0. 0. 0. 0. 0.
    -2.46844662e-004 0. 0. 0. 0. 0. 0. 0. 0. 0. 0. 0. 0. 0. 0. 0. 0. 0.
    2.10636784e-003 0. 0. 0. -1.30897824e-004 1.97118009e-003 0.
    9.66523867e-003 0. 0. 0. 0. 0. 1.27934227e-002 3.13787465e-003 0.
    -8.04403389e-004 0. 0. 0. -3.32764024e-003 0. 0. -1.04221026e-003 0.
    0. 0. 3.34841083e-003 0. 0. 0. -5.36298496e-004 8.73055542e-005 0.
    0. 0. 1.28202261e-002 1.11525375e-002 1.10677807e-002 0. 0. 0.
    -1.44094834e-003 0. 0. 8.21650261e-004 6.12588599e-003
    -2.63555977e-003 1.97896478e-003 1.08406972e-002 0. 0. 0.
    5.38030593e-003 0. 0. -3.40040447e-003 0. 0. 0. -6.29218179e-004
    4.28765640e-003 1.32751614e-002 0. 0. 1.69648835e-003
    3.02834646e-003 0. 1.01433815e-002 0. 0. -1.09162251e-003 0. 0. 0.
    0. 6.49135327e-005 -1.65828236e-003 0. 0. 0. 0. 5.48329903e-003
    -1.05106842e-003 0. 0. 9.90317931e-005 0. 2.64181895e-003
    9.80070909e-004 -8.74875579e-004 0. 0. 0. 0. 3.68509245e-005
    -3.66052683e-003 0. 0. 0. 0. 0. 0. 1.14781293e-003 -1.86358043e-003
    0. 7.37045472e-003 0. 0. 0. 0. 7.87114259e-004 4.13169991e-003 0. 0.
    0. -7.39455502e-003 0. 0. 0. 0. 0. 1.20708663e-002 0.
    1.89864542e-003 0. 0. 2.39210523e-004 0. 1.34266040e-004 0.
    3.62549233e-003 0. 6.94910157e-003 0. 8.84748646e-004
    3.06449663e-002 3.40883667e-003 0. 0. 2.82320706e-003 0. 0.
    5.86977508e-003 0. 2.05439702e-003 1.32983299e-002 0. 0. 0.
    5.30369289e-004 0. -1.51813286e-003 0. 0. 0. 0. -3.21329408e-003 0.
    -8.18961562e-005 0. 0. 6.40779315e-003 0. 0. 0. 0. 6.82091294e-003
    4.79293434e-004 0. 1.24607664e-002 0. 0. 0. 0. 0. 1.18524628e-002
    -1.97224417e-005 0. 0. 0. 2.28064135e-003 0. 0. 0. 0. 0. 0. 0. 0. 0.
    0. 0. 1.51369377e-005 0. 0. 0. 0. 0. 0. 0. 4.07607236e-004 0.
    -3.16114607e-003 0. 0. 0. 3.03769721e-005 0. 3.09756259e-003 0. 0.
    0. 0. 0. 0. 0. 0. 0. 6.68443390e-004 0. 0. 2.56853760e-003 0. 0. 0.
    0. 0. 0. 0. 1.55185669e-004 0. 1.25641539e-003 0. 0.
    -3.92326445e-004 0. 0. 0. 0. 0. 0. 1.32608239e-003 3.99614265e-003
    0. 1.40805561e-002 0. 0. 0. 0. -1.52952119e-003 1.65055433e-004
    -1.43184001e-003 0. 0. 0. 0. 0. 0. 0. 2.33144686e-003
    -1.41642580e-004 8.22653342e-003 4.86391975e-004 1.73040701e-003 0.
    0. 0. 3.26793437e-004 2.36284293e-004 -3.51002993e-004
    -1.60815706e-003 1.57582778e-002 1.33926896e-002 0. -1.74176833e-003
    0. -2.75560445e-003 1.54510140e-003 7.11121364e-004 0. 0. 0. 0.
    1.63794833e-003 3.39015183e-004 -1.27989589e-003 -3.45194305e-004
    1.26749873e-002 0. 0. -3.61967337e-004 0. 0. 1.07889203e-002
    2.16382043e-003 0. 1.66292768e-003 -1.54417867e-004 0. 0.
    1.38630602e-003 0. 2.67518358e-003 0. 0. 3.60696518e-004
    -2.30192416e-003 0. 1.96514581e-003 0. 0. 2.79906136e-003 0. 0. 0.
    8.86724703e-003 -2.20466332e-004 0. 0. -8.28881166e-004 0.
    -3.72185673e-006 0. 1.48108145e-002 0. 0. 0. 1.10134331e-003 0. 0.
    0. 0. 1.90256012e-003 0. 0. 0. 1.02358358e-002 0. 2.54407362e-003 0.
    1.86969317e-003 1.16144763e-002 0. 0. -9.12402349e-004 0.
    1.28322309e-002 1.03443360e-003 0. 0. 0. 0. 0. 1.08030476e-002
    1.47105078e-003 0. 0. 0. -1.57959911e-003 0. 0. 0. 0.
    5.51599823e-003 0. 0. 0. 0. 1.34632811e-002 0. 2.07009492e-003 0.
    1.48795787e-002 -6.45265973e-004 1.81666913e-003 2.82940106e-003 0.
    -2.08208011e-003 0. 0. 0. 0. 5.25846903e-004 7.04627775e-004 0. 0.
    0. 0. 0. 0. 1.57444520e-004 0. 0. 0. 0. 0. 0. -1.88782823e-003 0.
    9.27406363e-003 0. 1.57244399e-003 0. 0. 0. 0. 1.06633559e-003
    1.44342249e-002 0. 0. 1.57546997e-003 0. 0. 0. 2.23407662e-003 0. 0.
    0. 0. 0. 0. 0. 0. 6.35430217e-004 0. 0. 0. 0. 0. 7.49361096e-003 0.
    0. 0. 0. 4.66182217e-004 0. 0. -1.02871470e-003 1.82176486e-003
    3.24828376e-004 0. 0. -1.36256381e-003 0. 0. 3.09855313e-005 0. 0.
    0. 0. 0. 0. -4.34461021e-004 0. 0. -1.47444976e-003 0. 0. 0. 0. 0.
    0. 0. 1.65933301e-003 0. 0. 0. 0. 1.33233014e-002 0. 0. 0. 0. 0. 0.
    0. 0. 0. 0. 1.17886951e-002 0. 0. -2.75164726e-003 7.33025046e-003
    0. 0. 0. 0. 0. 0. 0. 0. 0. 0. -4.25757229e-004 0. 0. 0. 0. 0. 0.
    2.75076204e-003 -8.95721256e-004 0. 0. 0. 0. 1.94912730e-003 0. 0.
    1.24471379e-003 0. 0. 0. -6.34679018e-005 0. 0. 0. 0. 0. 0. 0. 0. 0.
    0. 0. 0. 1.88321271e-003 0. 0. 0. 0. 0. 1.31789865e-002
    1.00403568e-002 0. 0. 0. 4.77244006e-003 0. 8.74889456e-003 0.
    2.27423524e-003 0. 0. -3.97064583e-003 0. 0. -1.57042596e-004 0. 0.
    0. 1.86782726e-003 2.06462946e-003 0. 2.87408038e-004
    -4.14955011e-003 0. 0. 0. 9.03692096e-004 0. 0. 0. 5.84827876e-003
    1.59456496e-004 0.</data></imageDescriptor>
</opencv_storage>
