<?xml version="1.0"?>
<opencv_storage>
<imageDescriptor type_id="opencv-matrix">
  <rows>1</rows>
  <cols>1000</cols>
  <dt>f</dt>
  <data>
    0. 0. 0. 1.42024306e-003 1.95395644e-003 0. 1.76992384e-003
    2.08673628e-005 0. 0. 8.84385128e-003 0. 0. 0. 2.49101873e-003
    2.29206868e-003 0. 8.63098446e-003 0. 0. 0. 0. 0. 0. 0.
    5.61783556e-004 0. 0. 3.54837812e-003 0. 0. 0. 1.28646288e-002 0. 0.
    -4.12979105e-004 -7.34461355e-004 -6.26057910e-004 2.12129718e-003
    -1.97727606e-003 0. 0. 0. 0. 6.57459535e-003 2.00880785e-003 0. 0.
    0. 6.14959840e-003 0. 5.93900215e-004 0. 0. 0. 0. 0. 0. 0. 0.
    7.12261489e-003 -3.26563767e-003 0. 0. 1.43337706e-002 0. 0. 0.
    1.05961633e-003 0. 1.62148830e-002 0. 0. 3.45619465e-003 0.
    1.39301131e-003 0. 0. 0. 0. 1.11233257e-003 0. 6.35143230e-003
    1.16627933e-002 9.19449702e-003 0. 0. 0. 0. 0. 2.06777267e-003 0.
    3.37919133e-004 0. 1.67085545e-003 0. 0. 0. 0. 0. 0. 0.
    1.14731875e-003 4.33993852e-003 0. 0. 0. 0. 0. 0. 0. 1.72857626e-003
    0. 4.70685307e-003 7.56501453e-003 2.40464974e-003 0.
    1.46129401e-003 0. 0. 2.53462233e-003 0. 0. 0. 0. 0. 0.
    6.30382565e-004 0. 0. 0. 1.67510414e-003 1.80130568e-003
    6.68141153e-003 6.21734373e-003 0. 0. 2.51088454e-003 0. 0. 0.
    -2.15174354e-004 1.66305713e-002 1.22405030e-003 0. 7.07356667e-004
    0. -2.26858701e-005 0. 0. 0. 0. 0. 0. 0. 1.00283269e-002 0. 0.
    8.04790994e-004 2.70647625e-003 0. 0. 6.43842446e-004 0.
    -7.01779907e-004 6.63936464e-003 0. 0. 0. -2.52668443e-003 0. 0. 0.
    0. 0. 0. 0. 0. 0. 0. 1.72751583e-003 1.00123009e-003 0.
    6.28129207e-003 0. 0. 2.36727973e-003 0. 2.22755034e-006 0.
    7.60875177e-003 0. 1.33742264e-003 5.02698682e-003 0. 0.
    1.40320323e-003 0. 0. 0. 1.74370303e-003 7.33541464e-003 0.
    1.33382878e-003 1.13163004e-002 1.45993344e-002 0. 0.
    3.69672198e-003 0. 0. 0. 0. 0. 0. 1.42826082e-003 0. 3.11313430e-003
    0. 0. 0. 0. 0. -3.85751552e-003 0. 0. 1.96671230e-003
    4.07937029e-003 0. 0. 0. 1.04789925e-003 0. 0. 2.44554016e-003 0.
    2.54082587e-003 0. 8.07951018e-003 -3.37698543e-003 0. 0. 0.
    6.19599654e-004 1.35627540e-003 0. 1.27923000e-003 0. 0. 0.
    7.16401904e-004 0. 0. 0. 0. 0. -2.05375906e-003 0. -7.21735356e-004
    0. 0. 0. 4.28589003e-004 0. 5.45460731e-003 0. 0. 0. 0. 0. 0. 0. 0.
    3.12401191e-003 0. 1.60942005e-003 0. 2.45731953e-003 0. 0. 0.
    1.80109835e-003 0. 0. 0. 1.00159291e-002 5.51058329e-004 0. 0.
    2.49629095e-003 0. -1.26771070e-003 0. 0. 3.20623675e-003
    4.89376392e-003 3.00800684e-003 0. 1.63035723e-003 0.
    1.50595501e-003 7.65846903e-003 0. 0. 0. 0. 0. 1.88481889e-003 0. 0.
    9.73608624e-003 1.00275818e-002 0. 0. 8.32905527e-004 0. 0.
    2.23417906e-003 0. 0. 0. 0. 9.24002961e-004 3.68095149e-004 0.
    -1.91319408e-003 0. 0. 1.27064083e-002 0. 4.57834103e-004 0. 0. 0.
    6.82826561e-004 0. 4.27039573e-003 0. 0. 0. 1.14050116e-002
    -4.08944179e-004 1.95021566e-003 0. 0. 6.13498269e-003
    9.64734238e-003 0. 0. 0. 0. 0. 0. 0. 6.58791838e-003 0. 0. 0. 0. 0.
    0. 0. 1.94908504e-003 0. 0. 7.36457529e-003 2.79299519e-003 0. 0. 0.
    0. 0. 0. 4.70572733e-004 0. 3.29169015e-005 0. 4.06737812e-003
    5.52757992e-004 -2.06862530e-003 0. 0. 0. 1.15230791e-002 0. 0.
    2.61834706e-003 0. 0. 0. 0. 0. 0. 0. 3.83769674e-003 0.
    8.78144521e-003 0. 2.54151644e-003 0. 0. 0. 0. 0. 0. 3.43540683e-003
    0. 1.44137593e-003 0. 0. 0. 0. 0. 2.72176024e-002 8.32922198e-003 0.
    -1.43583433e-003 0. -5.84212248e-005 0. 0. 0. 0. 0. 0.
    7.10907718e-003 0. 8.69156979e-003 0. 0. -2.49507866e-004
    4.39265836e-003 0. 5.50818769e-003 0. 0. 0. 0. 0. 4.88664908e-003 0.
    0. 0. 0. 4.60686488e-003 0. 0. 0. 0. 6.30716514e-003 1.16163632e-003
    0. 1.91184308e-003 5.14780870e-004 0. 0. 0. 0. 0. 0.
    -2.30311020e-003 0. 0. 3.26500461e-003 0. 0. 0. 0. 2.21472466e-003
    0. 2.65097292e-003 0. 1.78266247e-003 0. 0. 0. -2.81632994e-004 0.
    0. 0. 0. 0. 2.54820101e-003 -1.88273698e-004 0. 0. 1.48631353e-003
    -8.44782277e-004 0. 0. 0. 0. 0. 0. 0. 0. 8.00799171e-004 0. 0. 0.
    5.24878036e-004 1.70276663e-003 0. 0. 0. 0. 0. 0. 0. 1.15050981e-003
    0. -1.53778272e-003 0. 0. 8.72729253e-003 0. 3.78313963e-003 0. 0.
    0. 5.04357927e-003 0. -2.01422791e-003 0. 0. 0. 0. 1.47604174e-003
    0. 0. 1.48948297e-004 0. 0. 7.39055127e-003 3.55992343e-005 0. 0. 0.
    0. 0. 0. 0. 0. 0. 0. 0. -5.29650133e-004 6.14747265e-003 0. 0.
    1.37126874e-002 1.57951284e-003 2.00976804e-003 0. 0.
    -1.04349584e-003 0. 0. 0. 8.63813981e-003 0. 3.31484480e-003
    7.99276109e-004 0. 0. 0. 0. 0. 2.99607101e-003 6.62108650e-004 0. 0.
    0. 0. 0. 0. 0. 0. 0. 6.05968758e-003 -1.27278792e-003 0.
    -6.79350982e-004 0. 0. 0. 0. 0. 3.88878235e-003 3.18369566e-004 0.
    4.47145430e-003 1.22484397e-002 3.52869998e-003 0. 0.
    1.15610682e-003 0. 0. 0. 0. 0. 4.00772737e-003 0. 0. 8.85289907e-003
    -8.71538708e-004 -1.22133282e-003 0. 0. 3.24689294e-003
    1.67638098e-003 0. 0. 0. 1.57612248e-003 0. 0. 0. 0. 1.77990680e-003
    0. 0. 0. 0. -4.07323445e-004 1.52005081e-003 0. 0. 0. 0. 0. 0. 0.
    6.21402962e-003 0. 3.99488537e-003 0. 0. 4.18064045e-003
    6.85296161e-003 0. 3.36513016e-003 0. 0. 3.73152341e-003
    -2.25802138e-003 0. 0. 3.81492916e-003 0. 0. 2.65004719e-003
    1.07485140e-002 0. 0. 0. 0. 0. 0. 9.64976475e-003 0. 0.
    1.10909827e-002 0. 0. 0. 0. 8.01430363e-003 0. 0. 0. 2.01583747e-003
    3.42575856e-003 0. -4.03400627e-004 0. 3.74644483e-003 0.
    8.81289307e-004 0. 0. 9.84448474e-003 2.10253475e-003 0. 0. 0. 0.
    1.72796450e-003 0. 0. 0. 0. 0. 1.63253292e-003 0. 1.81283883e-003 0.
    0. 0. 0. 0. 0. 0. 0. 0. -3.07555380e-003 0. 0. 0. 0. 0. 0. 0. 0.
    5.22967777e-004 0. 0. 0. 0. 0. 0. 0. -1.46218820e-003 0. 0.
    -9.77788703e-004 0. 0. 0. 0. 1.18092522e-002 7.24928593e-003 0. 0.
    0. 0. 0. 1.11084455e-003 0. 0. 0. 0. 0. 0. -2.54820986e-003 0. 0.
    -2.56029470e-003 1.60137413e-003 0. 0. 0. -8.17036373e-004 0. 0. 0.
    0. 0. 6.74947677e-003 1.82052497e-002 0. 0. 0. 0. 8.36463459e-003 0.
    0. 0. 0. 0. -2.68045673e-003 1.25983190e-002 0. 0. 0. 0. 0.
    2.39859964e-003 0. 0. 3.27173737e-004 1.85876316e-003 0. 0.
    2.86887330e-003 0. 0. 9.45946143e-004 0. 0. 1.17089245e-002 0.
    -1.06982980e-003 4.77431063e-003 0. 0. 3.21582047e-004
    2.51117744e-003 1.60067540e-003 0. 1.49211744e-002 0. 0. 0. 0. 0. 0.
    0. 0. 3.44399060e-003 0. 0. 0. -5.64391026e-004 0. 1.17941163e-002
    0. 0. 0. 0. -3.46326473e-004 0. 0. 1.95184292e-003 0. 0. 0. 0. 0. 0.
    1.21699634e-003 0. 0. 0. -9.92496032e-004 0. 6.79901242e-003 0. 0.
    2.37265741e-003 0. 5.43714559e-004 0. 0. 0. 0. 0. 0. 2.00369488e-003
    0. -4.37393261e-004 4.30285465e-003 0. 3.32106603e-003
    -3.56099918e-003 4.51253401e-003 0. 0. 0. 2.33472767e-003 0. 0.
    1.42188859e-003 2.80713406e-003 0. 0. 0. 0. -4.75956418e-004
    9.25457687e-004 4.50338749e-003 0. 1.37845858e-003 0. 0. 0. 0.
    4.07357188e-003 0. 0. 4.16965596e-003 0. 0. 0. 0. -9.76431591e-004
    0. 0. 0. 0. 0. -5.38253982e-004 1.19900843e-003 4.82178075e-005 0.
    -1.44570298e-003 0. 0. 0. 0. 0. 2.28490564e-003 0. 0. 0. 0.
    6.76515687e-004 0. 0. 0. 0. 0. -1.90946471e-003 0. 0. 0. 0. 0.
    8.74014106e-004 -2.58699083e-003 5.45504410e-003 0. 0. 0.
    6.89662236e-004 0. 0. 0. 0. 1.15288962e-002 4.06628424e-005 0.
    9.45282227e-005 2.25261203e-003 0. 0. 0. 5.37988544e-003 0.
    -3.02706752e-003 0. 0. 0. 1.16902133e-002 0. 0. 2.06006970e-003 0.
    0. 0. 2.98137165e-004 0. 0. 8.22178740e-003 0. 0. 0. 0. 0. 0. 0. 0.
    3.79050779e-003 4.52901237e-003 4.12476622e-003 0. 0. 0. 0. 0.
    4.91863443e-003 3.26474174e-003 0. 0. 0. 0. 0. 0. 0. 8.37455224e-003
    0. 0. 0. 0. 0. 0. -3.84588912e-003 0. 0. 1.30270631e-003 0. 0. 0. 0.
    0. 0. 0. 0. 0.</data></imageDescriptor>
</opencv_storage>
