<?xml version="1.0"?>
<opencv_storage>
<imageDescriptor type_id="opencv-matrix">
  <rows>1</rows>
  <cols>1000</cols>
  <dt>f</dt>
  <data>
    0. 0. 0. 8.42940062e-003 0. -4.38849747e-005 0. 0. 1.77381281e-003
    0. 0. 0. 5.53366030e-004 0. 9.90520697e-004 0. 4.80862567e-003 0.
    2.59836856e-003 1.82781799e-003 0. 5.66559087e-004 0. 0. 0. 0.
    8.92625772e-004 0. 0. 0. 0. 9.28352121e-003 2.38982946e-004
    6.77732460e-004 0. -5.63329668e-004 0. 0. 1.24920695e-003
    1.07626626e-002 1.34053675e-003 1.69623317e-003 9.22512263e-003
    6.20436505e-004 8.69143696e-004 -9.23232292e-004 0. 0. 0.
    -9.83799691e-004 3.92159494e-003 2.20157183e-003 6.39063597e-004 0.
    0. 6.78158249e-004 3.46004427e-003 0. 4.46796708e-004
    -1.61485441e-004 5.12407720e-003 0. 3.54685471e-003 0.
    3.90812755e-003 4.65138955e-003 0. 3.87023203e-004 0. 0.
    5.10526448e-003 0. 1.74294939e-004 0. 0. 2.58345250e-003 0. 0. 0. 0.
    0. 0. -7.54001230e-005 3.78516107e-003 -2.94513244e-004 0. 0.
    2.64929864e-003 0. 2.45056674e-003 0. 0. 0. 6.62983919e-004
    5.91806136e-004 0. 6.33965014e-003 0. 3.58594116e-003 0. 0.
    1.93528505e-003 0. 2.44560861e-003 1.84472161e-003 1.16669959e-004
    -2.62995018e-004 0. 0. 3.96924384e-004 0. 9.39001446e-004 0. 0.
    1.33967574e-003 0. 0. 0. 9.58638790e-004 7.14222027e-004
    8.57686042e-004 3.98460124e-003 -2.20324146e-004 5.25457377e-004 0.
    0. 0. 0. -1.37060334e-003 0. 5.35376370e-003 0. 0. 2.05781474e-003
    0. 2.31702277e-003 -6.29695714e-004 0. 4.21149540e-004
    -9.62778940e-005 0. 0. 0. 2.99887935e-004 0. 0. 0. 0. 0. 0. 0.
    1.70339376e-003 2.24130228e-003 0. 1.19679060e-003 -1.00470928e-003
    8.45438626e-004 9.50303453e-004 3.04911635e-003 5.50089451e-003
    1.11667637e-003 0. -2.86144146e-004 0. 0. 0. 0. -4.30859916e-004
    1.02046516e-003 2.46820785e-003 4.51602216e-004 0. 0. 0.
    -1.03671882e-004 0. 0. 1.43220881e-003 2.29370082e-003
    4.95122746e-004 1.72682630e-003 0. 6.36755314e-004 4.17516939e-003
    0. 0. 2.84670084e-003 8.57721490e-004 0. 0. 0. 0. 0. 2.01487076e-003
    0. 0. 3.99488304e-003 1.86719780e-003 9.40554950e-004
    2.38333968e-003 0. 5.24469884e-003 0. 1.04649062e-003
    2.31418782e-003 0. 0. 0. 0. -1.12877300e-004 -8.97578720e-004 0.
    4.73807100e-003 0. 2.06993939e-003 0. 0. 0. 0. -2.33437051e-003 0.
    0. 0. 0. 0. -5.86109702e-004 0. 0. 0. 6.33721426e-003
    7.49603985e-003 0. 5.22056303e-004 2.47643166e-003 0. 0.
    2.69565848e-003 0. 0. 0. 1.17095234e-003 0. -5.83976391e-004
    2.04429589e-003 2.66488787e-005 1.31408116e-004 2.23562983e-003 0.
    1.43122266e-003 2.26560282e-003 0. 0. 0. 0. 0. 0. -1.39300595e-003
    0. 3.91350826e-003 -1.54665345e-003 0. 0. -2.80010770e-003 0.
    -3.60563921e-004 2.74471589e-003 -1.97637099e-004 -7.11288711e-004
    0. 0. 1.43533875e-003 -1.12856833e-005 0. 1.83373608e-003
    1.22245064e-003 3.05250869e-003 0. 1.05614320e-003 0. 0.
    4.01989697e-003 0. -2.74485792e-004 1.77551887e-003 1.20374863e-003
    0. 1.34610210e-003 1.67075009e-003 3.28604085e-003 -1.14605483e-003
    2.00736895e-003 1.44860544e-003 -1.22175354e-003 0. 0.
    8.87311157e-003 1.10744347e-003 -2.29952944e-004 9.22605977e-004
    1.60731666e-003 5.66107547e-003 0. 0. 0. 6.73325732e-003
    2.43731829e-005 2.38954832e-004 1.20747916e-003 0. 3.68188415e-003
    1.54790264e-002 0. 3.77616961e-003 0. 3.50794476e-003
    5.24509698e-003 0. 0. 0. -3.04540945e-003 0. 0. 1.78362418e-003 0.
    2.38512293e-003 1.23733201e-003 0. 0. 4.72290628e-003 0.
    1.12842652e-003 0. 5.70814067e-004 0. 1.14080135e-003
    1.55437307e-003 0. 2.87787407e-003 0. 2.85888719e-003
    7.33816123e-004 -6.85145380e-004 0. 0. 2.40417803e-003
    1.50033098e-004 7.30518717e-004 3.24806245e-003 0. 6.12740812e-004
    1.83803705e-003 0. 7.43880868e-004 2.64160894e-003 1.90571402e-004
    1.76600390e-003 0. 2.72140256e-003 0. 0. 2.67306343e-003
    -3.48149659e-003 1.36129512e-003 0. 1.14752585e-003 -5.64558140e-004
    0. 0. 2.68865330e-003 0. -5.10681537e-004 0. 2.07618321e-003 0.
    1.11083372e-003 1.03817752e-003 0. 0. 5.58300037e-003
    1.10449747e-003 0. 0. 0. 2.47902959e-003 -2.40566005e-004 0.
    4.19888413e-003 0. 1.27185276e-003 1.14583550e-003 0. 0.
    5.07068075e-003 5.45753282e-004 0. 2.36066198e-003 2.57985829e-003
    0. -4.60488227e-004 0. 0. 0. 2.27158866e-003 0. 0. 3.41713033e-003
    0. 0. 3.23389261e-003 0. 0. 0. 0. 2.27026432e-003 1.77070685e-003 0.
    1.00748306e-002 0. 0. 0. 2.31573172e-003 0. 0. 9.10444651e-003 0.
    3.22124385e-003 0. 5.60070667e-003 0. 0. 9.48291179e-003 0. 0. 0. 0.
    0. 0. 0. 7.05877785e-004 5.57821768e-004 5.55183180e-003
    8.61609541e-003 0. 1.28491502e-003 0. 0. -9.55631695e-005 0. 0. 0.
    0. 0. 0. 2.39890721e-003 0. 0. 1.67272834e-003 0. 6.46590430e-004 0.
    0. 0. 0. 4.76873200e-003 4.27883293e-004 4.17467265e-004
    2.47041648e-003 -1.82366883e-003 -5.62273897e-004 0.
    -9.09566588e-004 0. 0. 0. 6.18934445e-003 2.46406696e-003
    1.92637730e-003 0. 5.41776419e-004 0. 6.56258129e-003
    1.05676905e-003 0. 2.26493529e-003 1.51735800e-003 1.12257106e-003
    0. 0. 0. 2.04265496e-004 3.44864582e-003 1.80780573e-003
    2.53821141e-004 0. 1.71120418e-003 1.23021950e-003 0.
    1.42056146e-003 1.49221189e-004 0. 0. 0. 0. 7.42360789e-005 0. 0.
    2.21308693e-003 1.14712515e-003 0. -3.76637618e-004 0.
    3.56993987e-003 0. 0. 0. 0. 0. 2.43599946e-003 0. 2.63251597e-003 0.
    2.41689151e-003 0. 0. 0. 7.88458041e-004 0. 0. 0. 0.
    -2.63414055e-004 0. 0. 1.51698908e-003 5.51169273e-003 0. 0.
    4.62186581e-004 3.42347147e-003 1.74167019e-003 0. 1.55099470e-003
    0. -1.12842035e-003 2.93453340e-003 2.83259223e-003 0.
    1.20896718e-003 5.81955817e-003 0. 1.92714142e-004 0.
    3.05869011e-003 0. 5.18127251e-003 -2.43851318e-004 0.
    2.53264885e-003 4.38589603e-003 2.58727674e-003 0. 0. 0. 0.
    8.47563730e-004 0. 0. 0. 0. 0. 0. -2.41433489e-004 0.
    2.58997781e-003 0. 2.67098984e-003 0. 0. -2.36190832e-003 0.
    2.32404401e-003 0. 1.55667507e-003 0. 3.32320575e-003 0.
    1.90773350e-003 1.80936491e-004 0. 2.07030098e-003 0. 0. 0. 0. 0.
    -6.34228869e-004 0. 0. 0. 0. -6.75527326e-006 0. 0. 0. 0.
    -4.07252781e-004 0. 1.16705592e-003 1.42212666e-003 2.78725033e-003
    1.06158189e-003 0. 0. 0. 4.43130302e-005 1.01723988e-003 0.
    9.44417901e-004 8.13632738e-004 0. 0. 1.36560109e-003
    1.21714617e-003 0. 0. 0. 0. 3.65576427e-003 -2.29513185e-004
    2.10525957e-003 0. 0. 1.86534482e-003 0. -4.06464154e-004 0.
    5.82560373e-004 0. 4.98739071e-003 5.58958855e-003 0. 0.
    1.75256899e-003 2.04774132e-003 0. 6.80701667e-003 5.45750326e-003
    1.55900675e-003 8.21680005e-004 -2.96813389e-003 4.35033394e-003 0.
    0. 4.94857784e-003 1.23866461e-003 0. 0. 1.35393674e-003 0.
    1.62302330e-003 0. 2.99852854e-003 6.65749796e-003 0.
    -1.96972527e-004 3.62106832e-004 1.05978898e-003 0. 0. 0.
    -9.63599654e-004 0. 3.65695055e-003 2.50217877e-003 1.26931979e-003
    0. 0. 1.39906944e-003 0. 0. 0. 2.69620982e-003 5.29343681e-003
    1.26836949e-003 0. 2.52432213e-003 1.07434590e-003 3.22951679e-003
    0. 0. 7.86828529e-003 -7.88101752e-005 0. 0. 3.19937803e-003
    8.99358474e-006 0. 1.37773983e-003 0. 2.94872373e-003 0. 0.
    1.86938699e-003 1.20855996e-003 0. 0. 3.78971011e-003
    1.00465689e-003 0. 0. 0. 0. 3.39966826e-003 -2.18595634e-003
    -9.63474740e-004 0. 0. 3.06526851e-003 0. -9.71166359e-004
    1.10753393e-003 1.87458505e-003 -9.09638125e-004 0. 2.74609588e-003
    4.17587999e-003 0. 2.71216035e-003 1.27579283e-003 2.20722947e-002
    7.61785719e-004 9.86422063e-004 0. 0. 0. 1.92812149e-004
    7.96555821e-003 0. 0. 0. 3.05342209e-003 2.64079822e-003
    -1.00853831e-004 4.14300384e-003 0. 0. 0. -3.36845296e-005
    4.56314709e-004 0. 0. 0. 0. 1.11041628e-002 0. 0. 0. 0.
    3.52996471e-003 -1.74670527e-003 0. 0. 2.96170544e-003 0.
    1.53518119e-003 1.16389617e-003 5.10788523e-004 2.90845358e-003
    3.52782896e-003 1.45431433e-003 0. 8.59248801e-004 1.61364209e-003
