<?xml version="1.0"?>
<opencv_storage>
<imageDescriptor type_id="opencv-matrix">
  <rows>1</rows>
  <cols>1000</cols>
  <dt>f</dt>
  <data>
    0. 0. 9.42391157e-003 2.04372918e-003 -8.60597575e-005
    1.23969512e-003 1.27501879e-003 1.48288417e-003 0. 0.
    9.34636802e-004 2.50689941e-003 0. 0. 0. 0. -1.05292734e-003 0. 0.
    0. 3.42067191e-003 0. 1.18760834e-003 0. 6.58611581e-003 0. 0.
    5.05223963e-003 -2.10662372e-004 0. 0. 0. -9.95009555e-004
    7.37936515e-003 0. 1.81262250e-004 1.58459954e-002 0. 0.
    -7.79879338e-004 0. 0. -1.93332453e-004 -6.86680432e-005 0.
    5.25268959e-003 1.79063482e-003 0. 0. 0. 0. 0. 0. 0. 0. 0. 0.
    4.52388660e-004 0. 0. 0. 0. 1.41416015e-002 0. 0. 0. 1.02504762e-003
    2.25341137e-004 4.29029111e-003 0. 0. 0. 0. 3.54999211e-003 0.
    7.31417458e-005 0. -8.34581675e-004 3.48198088e-003 5.33039356e-003
    0. 0. 0. 1.14964624e-003 1.59923395e-003 -1.19412260e-003 0.
    2.45818659e-003 0. -2.32403702e-003 0. 7.68038619e-004 0.
    6.47990266e-004 0. 0. -6.94302563e-003 0. 0. -2.97733254e-006
    1.30851369e-003 4.03025508e-004 0. 0. 0. 0. 0. 0. 0. 0. 0. 0.
    4.84887930e-003 0. 0. 0. 2.19980534e-002 0. 0. 1.75284874e-002 0.
    5.59165189e-003 0. 7.22102448e-003 0. -1.69810886e-003 0. 0. 0. 0.
    0. 2.20841984e-003 2.99165287e-004 7.14935304e-004 6.90134009e-003
    3.34975240e-003 0. 3.09905992e-003 3.24223511e-004 -9.08378497e-005
    -1.84387248e-003 1.48918293e-002 6.88016275e-003 1.42521138e-004 0.
    0. 0. 0. 0. -8.67177907e-004 3.68032837e-003 0. 0. 0.
    1.87094300e-003 0. 0. -6.02443004e-004 0. 0. 5.60212322e-003
    2.22830381e-003 0. 0. 0. -1.94197893e-003 0. 0. 0. 5.26457978e-003
    5.08311251e-003 0. 0. 8.79258197e-003 5.79697895e-004 0. 0. 0. 0.
    8.97543505e-003 9.50644782e-004 0. 7.57794303e-004 0. 0. 0.
    1.96226686e-003 2.86372658e-003 9.22248350e-004 0. 2.34642974e-003
    -5.61772031e-004 0. 8.42983834e-003 2.44155317e-003 0.
    2.81106541e-003 -1.16603286e-003 6.26737892e-004 2.60646432e-003
    6.46818080e-004 0. 1.12329668e-004 0. 2.38186563e-003 0. 0.
    2.29200604e-003 -2.20684669e-004 0. 0. -2.33804365e-003 0.
    6.62001723e-004 1.32157016e-004 0. 0. 0. -2.82796915e-003 0.
    9.34495765e-004 0. 4.10048384e-003 0. 0. 0. 1.96243427e-003 0. 0. 0.
    1.44982419e-003 8.19322886e-005 0. 0. 4.77247220e-003 0. 0. 0.
    8.63495376e-003 0. 0. 0. 3.50776408e-003 0. 0. 1.15267339e-003
    1.55897404e-003 0. 0. 0. 3.22845113e-003 0. 0. 0. 2.69959075e-003
    4.19114309e-004 0. 0. 0. 0. 0. 0. 0. 5.33856777e-003 0. 0.
    3.59327369e-003 1.69953573e-002 0. 0. 9.66645498e-003 0. 0.
    1.23340322e-003 6.23514061e-004 0. 0. 0. -1.33474974e-003 0. 0. 0.
    0. 1.94074586e-003 0. 0. 0. 0. 2.21338216e-003 -9.60104109e-004
    1.69488117e-002 1.40332896e-003 0. 0. 2.64081266e-003 0.
    -1.93625237e-004 0. 0. 4.74484777e-003 0. 2.20341468e-003 0.
    4.73164394e-003 0. 0. 2.73300614e-003 0. 0. 7.46994931e-003
    1.06111669e-003 7.85060041e-003 0. 0. 1.99918333e-003 0. 0. 0.
    1.48292992e-003 0. 1.89491408e-003 1.37453771e-003 0. 0.
    3.06242891e-003 0. -3.54257427e-005 0. 9.39366349e-004
    3.96803254e-004 8.10328219e-003 -1.73614698e-003 4.90119262e-003
    3.37107427e-004 0. 1.30175776e-003 0. 3.11558973e-003 0. 0. 0.
    1.94425008e-003 3.91438697e-003 0. 0. 0. 2.42681196e-003 0.
    5.14998159e-004 0. 0. 0. 0. -1.77109105e-004 1.40264863e-003 0. 0.
    4.86321049e-003 -1.17221649e-003 0. 0. 0. 0. 0. 0. 0. 0. 0.
    -1.11286342e-003 0. 0. 5.99491689e-003 0. 0. 0. 0. 3.15228966e-003
    0. 1.74554472e-004 5.45004616e-003 4.47738654e-004 0. 0. 0.
    2.41609965e-003 1.88358244e-004 2.35460838e-003 3.83498636e-003
    5.52703580e-003 -6.78621218e-005 0. 0. 1.68377254e-003 0.
    7.38738757e-003 0. 1.61850511e-003 5.90739399e-003 0.
    6.77068578e-003 0. 0. 0. 0. 0. 0. 0. 1.23674190e-003 2.50249897e-004
    0. 6.86837174e-003 2.34323693e-003 0. 0. 0. 8.44172726e-004
    5.84834674e-003 0. 0. 0. 0. 0. 0. 0. 0. 0. 0. 0. 1.25245191e-003 0.
    0. 0. 0. 0. 0. 0. -8.63552676e-004 0. 1.72591466e-003 0. 0.
    5.45123499e-003 0. 1.32552134e-002 1.84936961e-003 0. 0. 0. 0. 0.
    3.40507831e-003 0. 0. 0. 0. 0. 0. 6.72043813e-003 -8.47433228e-004
    0. 0. 2.02741055e-003 0. 0. 1.94230094e-003 2.83747190e-003 0. 0.
    -4.23020392e-005 0. 1.69505889e-003 0. 0. 0. 8.27040349e-004
    4.08395834e-004 3.66473920e-003 0. -9.13265627e-004 0. 0. 0. 0. 0.
    0. 0. 0. 0. 0. 0. 0. 1.08188367e-003 0. 0. 0. -5.88695286e-004 0. 0.
    0. 0. 0. 0. 0. 0. 1.73890020e-003 0. 0. 0. 0. -1.75495946e-003 0.
    -3.75143500e-005 0. 6.77809212e-003 1.60723329e-002 3.57181975e-003
    0. 0. 3.94970499e-004 0. 1.73270004e-003 0. 0. -7.22270459e-004
    2.95820972e-003 0. 0. 0. 2.24093115e-003 0. 0. 5.67387370e-003
    -2.32447591e-003 2.94530671e-003 1.03931094e-003 0. 0. 0. 0. 0.
    -8.97628372e-004 0. 2.48294929e-003 0. 0. -3.58620484e-004 0.
    1.48068764e-003 -1.57850169e-004 0. 1.67089864e-003 0. 0. 0. 0.
    8.46142508e-003 1.21914293e-003 7.31275231e-003 3.53529525e-004 0.
    1.12069771e-002 0. 0. 3.30302841e-003 9.02507221e-004 0. 0. 0. 0.
    -1.25085516e-003 -1.68888946e-005 0. 0. 0. 0. -6.34341632e-005
    -1.71587383e-003 1.26828125e-003 -1.07040873e-003 8.57886858e-003
    5.63296117e-003 0. 0. 0. 0. 4.90480382e-003 0. 0. 1.45328382e-003
    1.03953974e-002 0. 2.40942638e-004 5.79878280e-004 1.09681080e-003
    0. 3.65204869e-005 0. 0. 2.97496474e-004 0. 0. -1.75493769e-004 0.
    0. 5.45890396e-003 0. 6.61463384e-003 -1.98668265e-003
    -2.12161496e-004 0. 0. 0. 3.69054615e-003 0. 0. 0. 0. 0. 0. 0.
    9.76675772e-004 0. 0. 1.96377141e-003 9.60550457e-003
    2.80355965e-003 2.50137728e-002 0. 0. 0. 0. 0. 4.38048644e-003
    3.41828476e-004 0. 0. 4.75199660e-003 0. 5.04243001e-003 0.
    -1.11099018e-003 0. 0. 5.13455831e-003 4.59542591e-003 0. 0.
    1.18118280e-003 0. 4.56030527e-003 0. -2.42920616e-003 0. 0. 0.
    1.79949752e-003 0. -7.41522992e-004 0. 1.09368062e-003
    -6.00205385e-004 0. 0. -6.79158766e-005 0. 0. 0. 0. 7.03253085e-003
    0. 0. 0. 7.53878776e-005 -4.81229799e-004 0. 8.66504479e-003
    1.61818723e-004 0. 0. 2.29898040e-004 0. 1.52086827e-003 0. 0. 0.
    1.15350764e-002 0. 0. 0. 0. 0. 0. 0. 0. 4.36640636e-004 0.
    1.85207371e-003 3.68168554e-003 0. 0. 0. 0. 0. 0. 1.18305045e-003 0.
    0. 0. 0. 0. 0. 0. 0. 0. 0. 0. 0. 6.51204085e-004 0. 0.
    -4.83123207e-004 0. 0. 4.59981151e-003 5.01851027e-004
    4.28770948e-003 0. 0. 0. 6.77737501e-003 0. 0. 4.11722437e-003
    3.79416306e-004 0. 0. 0. 4.81788535e-003 6.83538476e-003
    4.32351138e-004 0. 0. 0. 0. 0. 0. 2.07166979e-003 0. 3.56483832e-003
    0. 0. 0. -1.77553433e-004 0. 0. 0. 7.48964027e-004 0. 0. 0. 0. 0. 0.
    0. -7.86822289e-004 0. 1.58024684e-003 0. 5.85952133e-004
    3.51801026e-003 0. 4.08887770e-003 0. 0. 6.73900452e-003 0.
    -3.31026153e-004 0. 3.56526626e-003 0. 0. 0. -1.05397636e-003
    1.05375899e-002 1.03226950e-004 0. 0. 2.51750881e-003 0. 0.
    4.45826584e-003 7.51517946e-004 0. 9.45631322e-003 1.92095595e-003
    1.89032580e-003 5.41610457e-003 -2.25150929e-004 0. 0. 0. 0.
    1.34156495e-002 0. 0. 0. 3.52983770e-004 8.10210407e-003 0. 0. 0. 0.
    1.27126731e-003 0. 0. -6.63678220e-004 2.23058113e-003 0. 0.
    -9.89196124e-004 0. 0. 0. 0. -8.78438470e-004 0. 5.57041029e-003
    1.74957025e-003 0. 0. 0. 0. 0. 3.48890014e-003 0. 0. 1.04611470e-004
    1.87218131e-003 0. 0. 6.28277019e-004 0. 8.01523868e-003
    -6.11777432e-005 0. 0. 0. 5.38837165e-004 0. 0. 0. 0. 0. 0. 0. 0. 0.
    0. 0. 0. 0. 3.08288541e-003 6.54793531e-003 0. 0. 0. 1.84354989e-003
    1.03459787e-003 2.65526073e-003 0. 0. 0. 0. 0. 0. 0. 2.50747264e-003
    0. 0. 0. 0. 0. 3.56607401e-004 0. 0. 0. 0. 0. 0. 0. 0.
    1.90508389e-003 0. 1.25986373e-003 0. 0. 0. 1.05924124e-003 0. 0. 0.
    0. 2.91750114e-003 0. 1.44075300e-003 0. 1.92555587e-003 0.
    2.86698021e-004 3.04057659e-003 0. 0. 0. 0. 0. 0. -3.49217304e-003
    -1.02993764e-003 7.52159068e-003 0. 7.38357287e-003 0.
