<?xml version="1.0"?>
<opencv_storage>
<imageDescriptor type_id="opencv-matrix">
  <rows>1</rows>
  <cols>1000</cols>
  <dt>f</dt>
  <data>
    0. 0. 3.44926986e-004 4.56726004e-004 0. 0. 1.57199916e-003
    2.40862879e-004 0. 2.83320248e-003 0. 2.51960824e-003 0. 0.
    2.79975589e-004 0. 2.86521204e-003 0. 0. 0. 4.60765092e-003 0.
    1.29177433e-003 0. 0. 0. 0. 0. 0. 0. 0. 1.77444518e-003 0.
    1.42508332e-004 0. 0. 8.09143391e-003 5.64372679e-003
    2.57332635e-004 0. 0. 3.12977843e-003 0. 1.71775057e-003
    2.56484724e-004 1.13521982e-002 0. 3.30958283e-003 0.
    3.74925742e-003 3.51134758e-003 0. 0. 1.73838984e-003
    3.36086669e-004 1.44172588e-003 0. -1.60441594e-003 0. 0. 0. 0. 0.
    7.47511222e-004 1.78157806e-003 0. 0. 5.73481339e-005 0. 0.
    1.71135890e-003 1.98343676e-003 0. 1.30595118e-002 0. 0. 0.
    5.83310798e-003 0. 0. 5.28360205e-003 0. 0. -7.46741600e-004 0.
    2.84240441e-003 2.18560733e-003 9.05814639e-004 0. 0.
    7.75141036e-003 -7.25919614e-004 0. 0. 5.00948774e-003 0.
    7.39888230e-004 0. 0. 0. 0. -2.68028671e-004 -3.63551313e-004 0. 0.
    0. 1.13084111e-002 0. 0. 0. 0. 0. 1.57199346e-003 0. 4.67624253e-004
    0. 0. 0. -9.81409219e-004 7.20711285e-003 1.22446602e-003
    -1.41410710e-004 8.26373603e-003 7.09623471e-003 0. 0. 0.
    2.38866871e-003 0. 0. 0. 6.10835524e-003 9.80307814e-004
    2.32916977e-003 4.84026183e-004 6.81772782e-003 2.69324263e-003
    -3.32216499e-003 -1.55366061e-003 2.28397478e-003 -4.55404021e-004
    3.15602892e-003 0. 0. 0. 0. 5.42300346e-004 0. 0. 0. 1.73402077e-003
    4.59550973e-003 0. 2.74394150e-003 0. 0. 4.89323912e-003
    -5.75390877e-004 2.06617740e-004 5.66207455e-004 0. 0.
    5.14589064e-003 1.10243424e-003 -1.52157608e-003 0. 0.
    9.32077062e-004 0. -1.42645178e-004 2.94750906e-003 3.62314750e-003
    0. 0. 4.78355028e-003 0. 0. 0. 3.22765391e-003 0. 2.09452701e-003
    9.57658864e-004 0. 1.29625783e-003 0. 6.50725036e-004
    3.01228184e-003 0. 1.15553371e-003 0. -3.86267435e-004 0. 0.
    4.14635381e-003 0. 0. 1.54034677e-003 0. 0. 0. 2.37172912e-003 0. 0.
    0. 1.48862123e-003 2.96145910e-003 2.82176561e-003 1.34752307e-003
    0. 2.05700053e-003 -4.35679976e-004 0. 0. -5.85000089e-004 0. 0. 0.
    0. 0. 0. 6.43909490e-003 0. 0. 1.01317337e-003 0. 6.78747986e-003 0.
    0. 0. 6.96278119e-004 0. 0. 0. 9.19496175e-003 0. 0. 0. 0.
    1.34061731e-003 0. 0. 0. 0. 5.68931107e-004 0. 0. 4.28949576e-003
    2.50279764e-003 0. 3.74653121e-003 0. 0. 0. 1.86835846e-003 0. 0. 0.
    1.61435071e-003 5.56729827e-003 0. 0. 0. 0. 0. 1.94730994e-003 0.
    4.22697840e-003 4.48253151e-004 4.92019439e-003 0. 6.76514069e-003
    3.10038915e-003 0. 0. 5.24896546e-004 5.22022694e-003 0. 0. 0.
    1.73853431e-003 4.90472943e-004 0. 0. 0. 0. 0. 1.51466415e-003 0.
    4.40769596e-003 0. -3.87992302e-004 0. 0. 0. 0. 1.77404471e-003
    4.70778020e-003 0. 0. 1.94024830e-003 0. 0. 0. 5.00668678e-003
    2.76901503e-003 0. 0. 0. 0. 0. 1.91275252e-003 4.13763849e-003 0.
    1.17333943e-003 1.02332013e-003 7.09984032e-003 2.59489549e-004 0.
    2.00952217e-003 3.72190145e-003 3.69764119e-003 0. 0. 0. 0.
    -2.40261247e-003 0. 5.34601370e-003 0. 0. 0. -1.82694360e-003
    -1.50466885e-003 7.06083467e-003 -5.82662004e-004 1.45800726e-003 0.
    0. 8.13117810e-003 3.47693786e-002 -8.52947182e-004 1.13654509e-003
    0. 0. 8.59350804e-003 -9.94234928e-004 0. 0. 0. -3.50861670e-003 0.
    0. 0. 0. 0. 0. 4.58327075e-003 0. 0. 0. 0. 8.23036861e-003 0.
    1.71631435e-003 0. 2.32854811e-003 0. 2.15147971e-003 0.
    1.65298476e-003 0. 0. 1.45472924e-003 0. 6.34070439e-003 0. 0. 0. 0.
    0. 0. 0. 0. 2.68434477e-003 0. 0. 0. 0. 1.01696438e-004 0. 0.
    2.03044410e-003 5.46702696e-003 6.57729665e-003 -1.60053605e-003 0.
    0. 2.33397732e-004 0. 0. 0. 3.69358948e-003 3.44958971e-003
    5.77490218e-003 0. 2.10004789e-003 0. 0. 0. 0. 0. 0. 0. 0.
    6.75468286e-003 0. -1.37358801e-002 0. 0. 2.19767471e-003
    2.80979509e-003 0. 0. -6.78368378e-004 8.65092874e-003 0. 0. 0.
    1.24943990e-003 0. 3.61025310e-003 0. -2.33316692e-004
    9.17519385e-004 0. 0. 0. 0. 0. 1.95166201e-003 -8.58468527e-004 0.
    0. 0. 0. 0. 0. 0. -2.82177539e-003 0. 1.73384033e-004
    2.84422305e-003 0. 5.15333493e-004 1.84963376e-003 0.
    1.13445218e-003 1.69060368e-003 0. 0. 0. 7.77814712e-004 0. 0. 0.
    7.25541555e-004 2.43784906e-003 1.41768588e-003 2.09742016e-003 0.
    0. 3.54480860e-003 0. 4.45831055e-003 5.37212892e-003
    3.10430396e-003 1.34432805e-003 0. 0. 1.62759668e-003 0. 0.
    -4.33167559e-004 0. 4.40144399e-003 3.49231577e-003 0. 0. 0. 0. 0.
    0. 0. 0. 0. 0. 0. 3.83633480e-004 -4.66343889e-004 3.58936936e-003
    3.37671256e-003 0. 0. 1.95033650e-003 5.99904824e-003 0.
    -3.86371539e-004 0. -1.42533029e-003 -2.30032578e-003 0.
    5.11805760e-003 0. 0. 0. 0. 2.45653396e-003 4.22620156e-004
    4.95373621e-004 0. 7.33348588e-003 0. 1.94116682e-003 0.
    -7.02871010e-004 0. 4.32170182e-003 1.44657178e-003 0.
    8.98968661e-004 0. 0. 0. 8.46000202e-003 0. 2.44847778e-003
    1.65855815e-003 1.05812994e-003 0. 2.82007945e-003 3.03953595e-004
    0. 0. 0. 0. 0. 0. 0. 0. 0. 5.55330096e-003 4.84222459e-004 0. 0. 0.
    0. 0. 2.13878986e-004 0. 3.31405387e-003 0. 3.12179886e-003 0.
    4.95796977e-003 1.04165659e-003 0. 0. 9.67874483e-004 0.
    1.52961630e-003 0. 0. 0. 5.78179909e-003 0. 2.08414765e-003 0.
    -2.88799778e-003 1.60129915e-003 0. 1.09152612e-003 0.
    2.41425331e-003 0. -1.66183236e-004 9.92140966e-004 2.77847191e-003
    2.06612959e-003 0. 3.42034618e-003 0. 0. 0. 6.31140918e-003
    -2.24751027e-004 0. 0. 1.77975907e-003 0. 0. 1.49808184e-003 0.
    1.26139326e-002 -8.47323507e-004 1.84375467e-003 0. 0.
    3.65984486e-003 0. 0. 0. 0. 1.22832158e-003 0. 5.08988369e-003
    8.44602415e-004 1.19612017e-003 2.83768773e-003 0. 0. 0. 0.
    3.88478488e-003 3.03221331e-003 3.06446524e-003 0. 0. 0.
    1.14757847e-003 0. 0. 0. 0. 3.85057461e-003 4.40593204e-003
    -3.04998481e-004 2.88193626e-003 1.21358735e-003 -1.33993838e-003
    -1.71464591e-004 1.08728441e-003 8.89633200e-004 0. 2.62454175e-003
    2.82588601e-003 0. 2.77496688e-003 3.37751349e-003 -5.86841907e-003
    4.84645693e-003 -8.33500409e-004 0. 0. 0. -7.38673189e-005 0.
    8.73649493e-004 1.40056771e-003 0. 0. 0. 4.37818514e-003
    6.60011917e-003 0. 1.77536753e-003 0. 1.32398028e-003 0. 0. 0. 0. 0.
    2.79399124e-003 5.61021874e-003 0. 0. 0. 0. 2.96732574e-003
    6.60006888e-004 0. 0. 0. 0. 0. 1.08539425e-002 0. 1.20219914e-003 0.
    0. 0. 0. 0. -1.31878897e-003 0. 1.00434781e-003 3.16630979e-003
    1.66247843e-003 8.00950045e-004 0. 0. 0. 2.60022888e-003
    3.65874218e-003 -5.06326673e-004 0. 1.98647915e-003 2.90552108e-003
    0. 0. 0. 0. 5.14378352e-003 3.15140147e-004 2.01532454e-003 0.
    1.58692687e-003 0. 0. 0. 2.06246669e-003 0. 0. 0. 0. 3.54366074e-003
    -7.36258808e-004 0. 0. 0. 0. 0. 0. 0. 1.41713070e-003
    1.22798258e-003 0. 0. 0. 9.94516013e-005 0. -4.61191885e-005
    2.84816464e-003 0. 1.21901896e-004 -1.00548309e-003 -6.73437125e-006
    0. 3.39911506e-003 0. 0. 4.05817712e-003 1.01857768e-004
    5.40238689e-004 -2.08500889e-003 3.31143173e-003 0. 3.69256269e-003
    0. -1.45294494e-003 1.49034453e-003 0. 0. 0. 0. 0. 0.
    6.26523572e-004 0. 0. 0. -5.43229631e-004 2.35087262e-003
    -2.70918739e-004 6.19615149e-003 7.55151222e-003 0. 0.
    4.76448564e-003 0. 1.05898257e-003 2.27030390e-003 0.
    6.40550279e-004 -2.54711602e-003 0. 0. 0. 2.20544450e-003 0. 0. 0.
    2.31255777e-003 0. 0. 8.15409003e-004 0. 0. 9.17415076e-004
    6.05141604e-003 0. 0. 0. 0. 0. 7.34291330e-004 4.72159038e-004
    -1.81924331e-003 0. 2.22537783e-003 5.23405289e-003 2.25432188e-004
    0. 3.63125303e-003 0. 0. 0. 0. 0. 4.91089711e-004 0. 0. 0.
    2.44100392e-003 7.48589076e-003 0. 0. 7.04401173e-003 0. 0. 0. 0.
    5.14202239e-003 -8.38574604e-004 3.60449636e-003 1.68948353e-003
    4.72933403e-004 5.72642544e-003 0. 0. -3.07751121e-004
    2.16932432e-003 0. 0. -1.38236745e-003 0. 0. 0. 0. 2.55717523e-003
