<?xml version="1.0"?>
<opencv_storage>
<imageDescriptor type_id="opencv-matrix">
  <rows>1</rows>
  <cols>1000</cols>
  <dt>f</dt>
  <data>
    4.12717985e-004 0. 0. 0. 2.59290915e-004 1.76748342e-003
    9.69290908e-004 0. 2.74160737e-003 0. 0. 0. 5.87534858e-004
    1.51612592e-004 0. 0. -8.58272426e-004 2.36780220e-003
    -1.81403477e-004 0. 2.57898937e-004 1.07281981e-003 0.
    1.01539434e-003 -9.68349981e-004 0. 2.80523766e-003 0. 0.
    2.36918312e-003 0. 3.76100210e-003 -1.24283019e-004 5.11912722e-003
    3.64413310e-004 0. 7.72500003e-004 0. 1.52645714e-003
    9.80596407e-004 0. 1.68196869e-003 0. 5.79505460e-003
    1.84671278e-003 0. 2.30233558e-003 2.96892039e-003 4.13898705e-003
    0. 4.28267336e-003 2.57417065e-004 9.27403918e-004 3.76184890e-003
    -1.49004755e-003 0. -1.25523366e-004 0. 1.60641549e-003
    1.34147706e-006 1.38574652e-003 2.32526829e-004 1.30568177e-003
    1.01749878e-003 2.86505492e-005 0. 0. 6.37409510e-004 0.
    3.57148214e-003 0. 3.54678341e-004 2.16281129e-004 2.66684219e-003
    7.99909700e-004 -2.83604226e-004 0. 5.72133996e-003 0.
    5.04342548e-004 0. 2.96985527e-004 0. 1.52814609e-003
    -3.96862015e-005 2.46389676e-003 2.97357969e-004 0. 0. 0.
    1.06929008e-004 9.61152313e-004 0. 0. 1.19294634e-003 0.
    3.47787631e-003 -1.40734803e-004 0. 4.41739382e-003 0.
    -1.35229656e-003 3.36692086e-004 3.31028743e-004 6.14856894e-004
    1.34972436e-003 -1.27892592e-004 0. 0. 2.85158982e-003 0. 0. 0. 0.
    0. 2.48090597e-003 0. 3.54507286e-003 1.13743439e-003
    4.54099663e-003 1.19919074e-003 9.99282580e-004 2.03542132e-003
    2.25570705e-003 3.89350258e-004 2.94191443e-004 1.55234814e-003 0.
    2.79781828e-003 4.89517255e-003 1.82815688e-003 2.85742618e-003
    -1.25804960e-004 2.41654529e-003 0. 3.15570418e-004 0.
    -8.10220139e-004 2.96015129e-003 3.45954904e-003 0. 3.39508080e-003
    -1.02055387e-003 5.30895311e-003 1.53046055e-003 1.50803931e-003 0.
    0. 3.83804261e-004 0. 0. 3.10550357e-004 2.50580924e-004
    2.15893355e-003 8.19460198e-004 4.49618296e-004 1.22269709e-003
    1.75331987e-003 -3.33363132e-004 3.04914825e-003 1.22669604e-004 0.
    5.30711142e-003 1.37024594e-003 1.97585626e-003 0. 2.73538101e-003
    1.03582628e-003 2.54156557e-003 0. 1.70700054e-003 0. 0. 0.
    9.24682070e-004 1.25409884e-003 1.11870700e-003 2.18733307e-003
    1.68941682e-003 2.40144203e-003 0. 2.82612350e-003 0. 0. 0.
    -1.61492644e-004 -2.43273011e-004 1.12013810e-003 2.07313523e-003
    1.50299410e-003 8.92749464e-004 0. 2.99014454e-003 -8.88183131e-004
    -5.48994984e-004 0. 0. 0. 4.03524493e-004 4.63868072e-003 0. 0.
    1.10766769e-003 1.88117789e-004 0. 0. 6.60741411e-004
    1.47608982e-003 1.59977470e-003 0. 0. 1.76797051e-003
    1.13181036e-003 2.75304029e-003 0. 2.26977793e-003 1.06820615e-003
    0. 4.29988280e-003 0. 2.65247794e-003 0. 5.02593291e-004
    -1.94571665e-004 2.62962934e-003 7.57335220e-004 4.89329046e-004 0.
    0. 6.01004831e-005 1.25960039e-003 -1.04919629e-004 1.14189903e-003
    -2.46806652e-003 2.03423179e-003 -1.70875486e-004 0. 4.51992359e-003
    1.48137915e-003 7.02676363e-004 0. 0. -2.38112625e-004 0. 0.
    2.90974905e-003 0. 4.05319035e-003 4.16126242e-003 -1.90207356e-004
    0. 1.23679230e-003 -4.16310708e-004 0. 0. 3.36852926e-003
    6.92387170e-004 9.39007732e-004 2.75094667e-003 0. 0. 0.
    1.23135664e-003 0. 4.55743895e-004 0. 0. 0. 1.11618720e-003
    5.88433759e-004 2.17767688e-003 -2.53979000e-004 0. 1.49461057e-003
    7.53254164e-004 0. 2.13780184e-003 1.57265365e-003 4.53543471e-004
    1.89284864e-003 -3.84272164e-004 0. 1.38162903e-003 5.43532835e-004
    1.58668251e-003 0. 4.79543256e-003 -2.91191798e-004 0. 0.
    2.94934656e-003 0. 2.62708727e-005 4.57598502e-003 7.33027817e-004
    2.74524465e-003 1.26601983e-004 1.06859708e-003 1.03225908e-003
    5.74441021e-003 -7.05618004e-004 -1.21122524e-004 3.28890840e-003
    1.41000876e-003 7.65773701e-004 0. 1.23988616e-003 9.10070958e-004
    0. 7.16335839e-004 1.56061185e-004 0. -2.83667236e-004 0.
    2.97275605e-004 2.34257220e-003 0. 9.35590651e-004 7.61141346e-005
    0. 0. 1.74565171e-003 1.34131592e-003 1.25129300e-003 0.
    2.46500061e-003 8.78233346e-004 0. 0. -4.81417410e-005
    6.56036544e-004 0. 1.02680856e-002 0. 1.15089945e-003 0.
    7.40540214e-004 0. 2.08681653e-004 1.88672487e-002 2.27627181e-003
    4.87119978e-004 1.17444282e-003 2.91487784e-003 2.66682380e-003 0.
    2.22050864e-003 7.73014617e-004 0. 1.57829211e-003 0.
    1.57726218e-003 1.30056846e-003 1.24843197e-003 1.76059792e-003 0.
    1.19367521e-003 0. 3.22215864e-003 2.99340842e-004 0.
    -3.30915937e-004 0. 0. 4.51747939e-004 7.91475584e-004 0.
    6.33110339e-003 3.60612787e-004 0. 0. 1.13212201e-003
    1.50005927e-003 1.02034106e-003 0. 0. 0. 0. 0. 1.48209292e-004
    1.13544776e-003 0. -2.07552948e-004 0. 0. 0. 4.06721700e-003
    2.25774222e-003 0. 3.94198066e-003 8.50627839e-004 2.38738442e-003
    0. 2.19408376e-003 8.17539345e-004 0. 1.48135505e-003
    6.05536508e-004 1.24258758e-003 0. 0. 2.54031317e-003
    4.66045225e-003 0. 0. 2.27232711e-004 0. 1.76086056e-003 0.
    6.39913313e-004 0. 3.69785749e-003 7.75455090e-004 4.88615083e-003
    0. 0. -3.29480949e-003 0. 0. 1.57973182e-003 0. 0. -1.81943004e-004
    0. 1.99076734e-004 -3.35984863e-004 0. 1.21062156e-003
    2.60328321e-004 -2.48309079e-004 1.70360412e-003 1.79932371e-003 0.
    0. 0. 0. 5.45526796e-004 5.62736671e-003 0. -4.04763065e-004
    -2.05705699e-004 4.25426802e-003 5.70649339e-004 -6.98734075e-004
    1.74674427e-003 0. 0. 0. -3.19882703e-004 2.38634413e-003
    -9.31585237e-005 1.28229661e-003 1.47096824e-003 7.42792210e-004
    7.24445423e-003 1.07991975e-003 -1.57434682e-004 1.20979897e-003
    1.28888350e-003 2.95521633e-004 0. 7.17663032e-004 3.14475270e-003
    0. 8.53444508e-004 1.90208375e-003 0. -8.97654245e-005
    1.19348173e-003 1.88729272e-003 0. 7.17288523e-004 -1.52135582e-003
    8.66423434e-005 3.50920879e-003 0. 5.39428496e-004 0.
    1.98276876e-003 1.48549781e-003 0. 1.43586061e-004 7.37069699e-004
    0. 3.00335319e-004 1.45106169e-004 4.27285349e-003 1.86701491e-003
    3.52665992e-003 0. 0. 5.24352596e-004 -1.13063419e-004 0.
    1.37724995e-003 1.53563847e-003 0. 1.67090143e-003 2.62097688e-003
    0. 1.40985055e-003 1.92090054e-003 2.20348360e-003 6.09591370e-003
    0. 0. 0. 0. 0. 0. 1.32202450e-003 1.47885841e-003 0. 8.32606456e-004
    6.82811835e-004 7.71727471e-004 0. 1.11849920e-003 1.07260398e-003
    0. 5.75928902e-003 -4.35861002e-004 2.66041444e-003 0.
    6.94321061e-004 0. 0. 5.29603800e-004 -4.80427669e-004
    -1.66740865e-005 2.55589461e-004 0. 0. 2.14516814e-003
    3.75001295e-003 1.02030765e-003 0. 2.59886566e-003 3.12885473e-004
    1.05287190e-005 2.45597883e-004 5.81687840e-004 2.26827920e-003 0.
    1.76790042e-003 4.74404485e-004 4.65164834e-004 7.18681654e-003
    3.36570083e-005 5.69697178e-004 -1.03920705e-004 8.39923625e-004
    1.25427207e-003 4.29963839e-004 0. 0. 0. 2.44705891e-003
    -7.13084533e-004 3.02131637e-003 2.28355592e-003 3.23971198e-003
    8.39490735e-004 0. 1.23615062e-003 1.55576738e-003 0.
    9.89891589e-004 1.33503391e-003 0. -1.94922002e-004 0. 0.
    9.80341458e-004 0. 0. 7.14433088e-004 3.14788427e-003
    -4.12188994e-004 0. 4.29459382e-004 1.53595721e-003 1.06732897e-003
    2.23376509e-003 2.27280357e-003 3.60985450e-003 0. 6.62257487e-004
    0. 0. 3.34195164e-003 0. 0. 0. 7.37983442e-004 4.04907274e-004
    1.02621771e-003 3.17705981e-003 0. 9.12442454e-004 9.96817951e-004
    -6.25706743e-004 0. 1.00381416e-003 0. 1.52023713e-004
    3.99024738e-003 0. 5.39552327e-003 0. 0. 1.26359018e-003
    9.20859238e-005 7.21234363e-004 1.04054075e-003 0. 0.
    4.35197540e-003 1.01789518e-003 0. 4.50891530e-004 0.
    9.82181518e-004 0. 0. 0. 0. 1.48346578e-003 5.27893535e-005
    2.94892379e-004 3.00294952e-004 0. 0. 0. 1.50774454e-003
    1.32476736e-003 0. 4.93663875e-003 1.63866417e-003 4.68069979e-004
