<?xml version="1.0"?>
<opencv_storage>
<imageDescriptor type_id="opencv-matrix">
  <rows>1</rows>
  <cols>1000</cols>
  <dt>f</dt>
  <data>
    0. 0. 1.32973224e-003 7.95259606e-004 2.14108895e-003 0. 0. 0. 0.
    1.31274210e-004 6.86480245e-003 -1.79059920e-003 0. 0. 0.
    3.46872630e-003 0. 0. 0. 3.32855649e-004 4.29141102e-004 0. 0. 0. 0.
    0. 1.99914398e-003 0. 0. 0. 0. 0. 0. 0. 0. 0. 2.84885243e-003 0.
    -1.61664700e-003 3.22898338e-003 0. 0. 0. 6.04333240e-004
    1.55853073e-003 0. -9.18426726e-004 0. 6.43474888e-003 0.
    4.64744819e-003 1.05973559e-004 0. 0. 0. 0. 0. 1.51341804e-003 0. 0.
    2.60422472e-003 0. 0. 0. 0. 0. 0. 0. 0. 7.49750203e-003
    8.50728434e-003 0. 0. 3.51830549e-003 0. 1.14796748e-002
    1.26702164e-003 -8.69671348e-004 4.05035354e-003 6.66083535e-003 0.
    0. 1.34160568e-003 5.04667452e-003 1.58202613e-003 0. 0.
    1.99466734e-003 0. 0. 0. 0. 0. 0. 0. 0. 0. 0. 1.54989504e-003
    1.56994420e-003 0. 4.82114451e-003 0. 0. 1.53483986e-003 0. 0. 0.
    1.44046103e-003 5.01730666e-003 0. 6.11952599e-003 3.21769714e-003
    0. 0. 0. 7.44239660e-003 0. 0. 5.49803197e-004 0. 1.75034779e-003 0.
    1.21743616e-003 0. 1.66863645e-003 0. 0. 0. 0. 0. 0.
    -6.25037064e-004 8.72372824e-004 0. 0. 0. 2.28050188e-003
    2.04921775e-002 4.47328854e-003 -7.17581206e-005 0. 3.51856533e-003
    -1.69183197e-003 0. 0. 0. 0. 0. 9.45900101e-004 0. 3.42006632e-003
    0. 2.09849142e-003 5.67684183e-004 0. 0. 0. 0. 0. 5.37602464e-003
    6.75366435e-004 6.05792413e-003 0. 0. 0. 1.92910549e-003 0. 0. 0.
    4.45611746e-004 0. 0. 3.03448574e-003 5.02127642e-003 0.
    2.80474720e-004 0. 1.38005964e-003 0. 0. 7.62096373e-004 0. 0.
    7.02224570e-005 0. 9.61556192e-003 1.82932033e-003 0. 0. 0. 0. 0. 0.
    3.08025721e-003 0. 2.08549039e-003 5.43268397e-004 8.74385517e-003
    0. 0. 0. 0. 0. -3.41560203e-003 0. 6.02930924e-003 0.
    6.17996266e-004 4.99548670e-003 0. 0. 0. 0. 1.48242898e-002 0.
    -9.55192536e-006 0. 2.14873673e-003 -5.07116143e-004 3.71883460e-003
    0. 1.60847174e-003 0. 0. 1.89334142e-003 0. 0. 0. 0. 0. 0.
    5.12317661e-003 2.96031218e-003 0. 0. 8.57606705e-004 0.
    2.61553447e-003 0. 0. 0. 0. 0. 0. 2.31151003e-004 2.49623787e-002 0.
    0. 0. 0. 8.12488142e-003 0. 0. 0. 3.04848258e-003 5.33900503e-003 0.
    0. 0. 1.40715041e-003 0. 5.59422304e-004 0. 0. 0. 8.91985721e-004
    1.69349939e-003 0. 0. 6.93912990e-003 7.23540643e-003 0.
    2.56753410e-003 -1.21638062e-003 2.01748824e-003 0. 0.
    -3.35628842e-003 0. 0. 0. 0. 0. 0. 4.66997881e-005 6.38308143e-003
    2.06592260e-003 3.94454284e-004 1.62466813e-003 0. 6.90349669e-004
    0. 0. 0. 0. 0. 1.03235198e-002 0. 2.70857546e-003 4.37228271e-004 0.
    0. 0. 0. 1.55131344e-003 1.40638987e-003 0. 0. 0. 0. 0. 0. 0. 0.
    6.69440953e-003 0. 2.51017697e-003 0. 4.48406412e-004 0. 0. 0.
    4.37142467e-003 6.74364914e-004 0. 0. 1.51512716e-002
    -5.14456711e-004 0. 2.97506014e-003 1.71513110e-003 -3.94751318e-003
    7.36350333e-003 0. 1.19870564e-003 4.49473551e-003 0. 0.
    2.38638208e-003 0. 0. 0. 0. 2.09702970e-003 0. -5.67883300e-003 0.
    0. 8.22902657e-003 -1.09965832e-003 5.14062529e-004 0.
    2.73827172e-004 0. 1.97156379e-003 0. 4.73429449e-003 0.
    4.24157974e-004 4.75241570e-003 0. 0. 0. 0. 0. 1.51739351e-003 0.
    -1.12406001e-003 1.93494791e-003 0. -7.68517726e-004 0. 0. 0. 0.
    1.82714046e-003 0. 6.57415716e-003 1.83609792e-003 -1.82983058e-004
    4.37024422e-003 0. 0. 0. 2.09923889e-002 2.59378739e-003 0.
    1.09231123e-003 2.33463710e-003 0. 0. 0. 0. 3.13105760e-003
    5.54895087e-004 0. 0. 0. 0. 0. 2.43678293e-003 2.79267807e-003 0. 0.
    0. 0. 0. 0. 0. 2.29689782e-003 0. 0. 0. 0. -7.54842360e-004
    -8.57540435e-005 0. 4.11138358e-003 0. 1.12549716e-003
    1.77590072e-003 0. 0. 0. 8.91217031e-003 0. 8.66557844e-003
    -2.12099345e-004 1.90722768e-003 0. 0. 0. 1.55043812e-003 0. 0.
    7.49299536e-004 0. 2.73200078e-003 0. 0. 8.78170307e-004 0. 0. 0. 0.
    0. 9.43170686e-004 0. 0. 0. -1.36294356e-003 0. 0. 0. 0. 0. 0. 0. 0.
    0. 0. 0. 0. 0. 4.03919928e-002 0. 7.31893722e-003 0. 0.
    1.24437246e-003 0. 0. 0. 4.16688854e-003 1.76927052e-003 0. 0.
    -2.57464033e-003 0. 0. -2.66718798e-005 0. 0. 0. 4.21425514e-003
    4.89611132e-003 6.35818113e-003 0. 4.47011320e-004 0. 0. 0. 0.
    2.93000787e-003 0. 7.39452336e-003 0. 0. 0. -1.14168180e-003 0. 0.
    -3.92248621e-004 2.93512276e-004 0. 0. 0. 0. 2.40108860e-003 0.
    2.94603349e-004 0. 2.82833772e-003 0. 1.71922939e-003 0. 0. 0.
    2.45845108e-003 0. 6.12983247e-004 0. 0. 0. 0. 3.38276644e-004 0.
    -1.68152491e-003 0. 0. 0. 5.51897101e-003 2.53930851e-003
    1.12764048e-003 0. 1.12004047e-002 8.76803789e-003 0. 0.
    1.87722256e-003 0. 0. 0. 0. 0. 0. 9.14361095e-004 0. 0. 0. 0.
    3.85365984e-003 3.17257713e-003 0. 6.78646006e-003 0.
    1.74452341e-003 0. 0. 7.23723462e-003 1.68727362e-003 0. 0.
    -1.04561518e-003 2.25924468e-003 0. 6.14726078e-003 0.
    8.70570075e-003 0. 0. 0. 0. 6.17026072e-003 5.79635904e-004 0. 0. 0.
    6.60986581e-004 0. 0. 0. 0. 9.96007584e-003 0. 1.25508681e-002 0. 0.
    0. 0. 1.37178425e-003 0. 1.64808717e-003 0. 7.85003975e-003 0.
    1.02890162e-002 0. 0. 7.09425285e-003 -1.28337531e-003
    5.65628614e-003 0. 0. 0. 6.54539187e-003 1.06904330e-002
    2.47637928e-003 0. 0. 0. 0. 1.18292251e-003 0. 0. 2.13614176e-003
    -1.17591536e-003 0. 0. 0. -1.17985171e-003 0. 0. 1.82992735e-004
    2.57559288e-002 0. 0. 0. 0. 0. 0. 9.81423771e-004 -2.12955256e-005
    8.37896892e-004 0. 2.34552938e-003 0. 2.44374573e-003 0. 0. 0.
    2.00949144e-003 0. 0. 0. 0. 0. 0. 0. 1.64819765e-003 3.53867118e-003
    0. 0. 0. 0. 0. 3.72558064e-003 0. 0. 1.26443822e-002 0. 0.
    -1.77245284e-003 0. -5.95279038e-004 2.53192848e-003 3.37044941e-003
    1.53257884e-003 1.58070319e-003 0. 0. 0. 4.91104322e-003
    1.44332414e-003 0. -3.38036072e-004 0. 0. 1.36864756e-003
    7.88549986e-003 4.74647479e-003 1.05427869e-003 0. 0.
    -2.20405543e-003 0. 0. 0. 0. -6.21304091e-004 0. 0. 0. 0.
    -1.52816108e-004 0. 4.84568562e-004 0. 0. 0. 0. 0. 0. 0. 0. 0. 0. 0.
    0. 0. 0. 0. -1.78341544e-003 0. 0. 0. 0. 0. 1.17038330e-003
    3.03052552e-003 0. 0. 1.61058997e-004 -1.53999182e-003 0. 0. 0. 0.
    -1.63660164e-003 0. 0. 0. 2.21228707e-004 0. 5.15497616e-003
    9.07093869e-004 9.95610491e-004 0. 0. 0. 0. 0. 0. 0. 0. 0. 0. 0. 0.
    0. 0. 0. 3.01611493e-004 2.30450206e-003 0. 0. 0. 0. 1.31787767e-003
    -1.87935610e-003 0. 0. 1.57448789e-003 0. 0. 1.87924947e-003
    5.63318888e-003 6.10439014e-003 -1.55078029e-004 -1.53807935e-003
    3.23129748e-003 0. 0. 0. 0. 1.57514040e-003 1.00970140e-003
    1.42624520e-003 0. 0. 0. -1.36271981e-003 -2.35788990e-003
    2.95559363e-003 7.94913271e-004 0. 0. 0. 2.38125492e-003
    3.18356953e-003 0. 0. 1.26620028e-002 0. 0. -1.43127644e-003
    1.24902662e-003 0. -4.86939825e-004 0. 0. 0. 0. 8.24782718e-003 0.
    -5.18413552e-004 7.58201536e-003 0. 0. 0. 0. -4.51958949e-005 0. 0.
    0. 0. 0. 0. 0. 0. 0. 1.76862301e-003 0. 6.01331471e-003 0.
    2.25068685e-002 2.00518174e-003 0. 0. 0. 0. 0. 2.89312127e-004 0. 0.
    0. 0. 0. 1.08104786e-002 4.22187819e-004 0. 0. 0. 3.53157171e-004 0.
    3.44964559e-003 0. 7.34515896e-004 1.01476870e-002 0. 0. 0. 0. 0. 0.
    0. 2.02791765e-003 0. 0. 0. 2.62508751e-003 -2.27759639e-003 0.
    1.04090967e-003 0. 0. 2.95771891e-003 0. 0. -7.05365092e-004 0. 0.
    -4.43880912e-004 0. 0. 0. 0. 0. 0. 0. 7.55087589e-004 0. 0. 0. 0. 0.
    0. 6.43060077e-003 -2.66925581e-005 0. 0. 0. 0. 0. 0.
    8.00009468e-004 6.41945330e-003 0. 0. 0. 0. 0. 0. 0. 0.
    8.12277838e-004 0. 0. -6.55957498e-004 0. 0. 0. 0. 1.47117814e-003
    0. -3.69817979e-004 4.17595217e-003 3.52641661e-003 0. 0.
    -7.19349831e-004 0. -4.89613926e-003 0. 0. 0. 6.86766161e-003 0. 0.
    0. 0. 0. 0. 1.62968866e-003 0. 0. 0. 0. 0. 9.36974399e-003 0. 0. 0.
    0. 0. 0. 1.10163703e-003 1.45482234e-004 0. 2.90980237e-003 0.
    6.93547307e-004 0. 0. 0. 4.64030914e-003 0. 0. 4.18560952e-003 0. 0.
