<?xml version="1.0"?>
<opencv_storage>
<imageDescriptor type_id="opencv-matrix">
  <rows>1</rows>
  <cols>1000</cols>
  <dt>f</dt>
  <data>
    2.17523407e-002 0. 9.81127471e-003 0. 0. 0. 1.45450071e-003 0. 0. 0.
    -2.44411919e-003 4.73416923e-003 1.82826363e-003 0. 0. 0.
    2.55962997e-003 0. 0. 0. 5.12242503e-003 6.20383490e-003 0. 0.
    1.11921038e-003 0. 0. 0. 7.62013718e-003 0. 0. 0. 0. 8.39900412e-003
    0. -6.67915156e-004 0. 0. 0. -8.72955134e-004 0. -1.50979191e-004
    1.00661255e-003 -7.14927912e-004 -5.02745621e-004 3.26489843e-003
    -4.45792364e-004 0. 0. 0. 0. 0. 0. 1.27132377e-003 0. 0. 0.
    1.72230636e-003 0. 1.29562663e-003 -3.81725171e-004 0. 0. 0.
    3.93969647e-004 0. 7.27859209e-004 0. 3.35891568e-003
    -3.65484459e-003 0. 0. 0. 0. 0. 0. 0. 1.77788211e-003 0. 0. 0. 0. 0.
    0. -7.90750841e-004 4.98465355e-003 0. 2.84414249e-003 0. 0. 0. 0.
    -6.43793726e-004 1.59491075e-003 0. -1.69778755e-003 0. 0.
    1.46035105e-003 2.07717088e-003 0. -2.90789205e-004 0. 0. 0. 0. 0.
    0. 0. 2.51017604e-003 4.81436582e-004 0. 0. 0. -6.41899358e-004 0.
    3.19313095e-003 0. 0. 0. 0. 0. 0. 0. 0. 5.12070628e-003
    4.30135895e-003 0. 9.00633074e-003 0. 1.03263678e-002
    9.46370943e-004 3.64815863e-003 0. 0. 0. 0. 5.68636134e-003
    8.40857252e-003 0. 0. 0. 2.18960876e-003 0. 0. 0. 0. 0. 0.
    -3.12570366e-003 0. 0. 0. 0. 1.77727675e-003 0. 2.00592307e-003
    8.74942169e-003 0. 1.61534047e-003 0. 3.91481631e-003
    1.72601140e-003 0. -1.54307357e-003 1.66215301e-002 0.
    6.81180181e-003 8.51739850e-003 1.67889835e-003 4.60796640e-004 0.
    0. -1.09242729e-003 0. 6.51871366e-003 0. 0. 6.82919193e-003 0. 0.
    0. 9.26831308e-006 0. 2.04446982e-003 0. 0. 0. -1.00791093e-003 0.
    0. 4.31039371e-003 3.57157923e-003 0. 1.45366136e-003
    9.35415365e-003 0. 2.01858324e-003 0. 0. 0. 0. 1.64174312e-003 0. 0.
    8.97025224e-004 0. 0. 0. 0. 0. 0. 3.31094679e-006 0. 2.23725243e-003
    0. 0. -2.24800501e-003 -4.77275904e-003 0. 0. 0. 0. 0. 0.
    5.03353868e-003 2.44888803e-003 1.84402382e-003 4.59513452e-004 0.
    0. 4.49913973e-003 0. 7.28866144e-004 0. 2.08382355e-003 0. 0.
    3.29416548e-003 0. 1.32772920e-003 0. 0. 0. 7.97437970e-003
    2.04392895e-003 2.06481516e-002 0. 0. 1.74586428e-003
    3.22064315e-003 1.47136021e-002 0. 0. 4.72959271e-003 0. 0. 0. 0. 0.
    0. 0. 0. -1.21826524e-004 0. 0. 0. 4.83155390e-003 0. 0.
    1.40164169e-002 0. 2.79635331e-003 2.50674342e-003 0. 0. 0.
    3.15431762e-003 9.42988973e-003 0. -1.55651802e-003 -2.59446424e-005
    0. 0. 0. 0. 3.89915425e-004 -2.31332239e-003 0. 4.14133584e-003 0.
    0. 0. 0. 0. 1.33689132e-003 0. 0. 0. 0. 0. 0. 0. 0. 0. 0. 0. 0. 0.
    0. 0. 0. 3.03065195e-003 0. 5.10312166e-005 0. 1.29757321e-003 0. 0.
    0. 0. 0. 0. 0. 0. 0. 0. 4.28745802e-003 0. 3.70452437e-003 0. 0. 0.
    1.42044516e-003 0. 8.66597611e-003 -4.45898972e-004 0. 0. 0.
    -2.52322736e-003 2.37568514e-003 0. 0. 1.81449763e-003 0. 0.
    5.17628249e-003 0. 2.55890307e-003 -8.12855666e-004 1.20731862e-003
    0. 0. 9.60158091e-003 0. 0. 1.79034192e-002 2.20625458e-004 0.
    7.02529773e-003 0. 0. 0. 1.63963437e-003 2.06860737e-003 0. 0. 0. 0.
    0. 0. 0. 0. 0. 0. 2.83988169e-003 0. 7.73209103e-005 0. 0. 0.
    -3.44068697e-003 0. 0. 0. 2.71497178e-004 0. 0. -3.78487166e-004 0.
    0. 0. 0. 0. 0. 6.48776721e-003 2.65814277e-004 0. 0. 0.
    5.76549629e-003 0. 0. 0. 0. 0. 1.81444024e-003 0. 0. 4.10123402e-003
    0. 1.05123245e-003 0. 0. 2.52105738e-003 0. 0. 3.72144580e-003 0. 0.
    7.33006746e-003 -1.23154128e-003 0. 0. 2.73992959e-003 0.
    -1.43039331e-004 0. 0. 0. 1.11821305e-003 0. 0. 0. 0. 0.
    -1.93129716e-004 0. 1.93103682e-002 0. 5.02036768e-004 0. 0.
    5.83658973e-003 0. 0. 0. 7.67949456e-003 0. 0. 0. 6.02169952e-004
    1.45224610e-003 0. 0. 2.19422206e-003 7.64351524e-003 0. 0. 0. 0. 0.
    0. 0. 0. 2.95674545e-003 0. 0. 0. 6.58282358e-003 0. 0. 0. 0. 0.
    -1.89206598e-003 0. 0. 1.11642368e-002 0. 0. 0. 0. 0.
    1.48153445e-003 0. 6.86745206e-003 0. 1.89320114e-003
    1.27482107e-002 0. 0. 0. 0. 0. 0. 0. 0. 0. -3.82357015e-004 0.
    1.28820809e-002 0. 0. 0. 2.36368878e-003 3.29935877e-003
    5.87613508e-003 2.01812992e-003 0. 0. 0. 0. -1.08215236e-003 0. 0.
    0. 0. 0. 1.39091862e-003 0. 0. 0. 0. 0. 0. 0. 0. 7.26253539e-003
    2.31835409e-003 0. -1.47558632e-003 0. 0. 0. 0. 0. 0. 0. 0. 0. 0. 0.
    7.26284925e-003 2.94118957e-003 0. 1.88092999e-002 -7.68297678e-003
    0. 0. 0. 0. 1.21554779e-002 0. 1.37946929e-003 0. 0. 0.
    1.67911667e-002 4.93012043e-003 1.39776187e-003 0. 0.
    7.83693278e-004 0. 0. 0. 0. -3.53334844e-003 -1.18993456e-003 0. 0.
    0. 1.80770410e-003 0. 2.06602109e-003 0. 1.09154591e-003
    2.36412324e-003 0. -9.86640109e-004 0. 0. 2.36638167e-004
    6.58646924e-004 0. 0. 0. 0. 4.75732755e-004 0. 0. 1.61045641e-002 0.
    6.60139276e-003 0. 1.28319860e-003 0. -1.88222907e-006 0. 0.
    7.93532096e-003 0. 0. 7.27229635e-004 0. 3.93289374e-003 0. 0. 0. 0.
    0. 0. 0. 0. 9.99744143e-003 0. 0. 0. 7.70627812e-004 0. 0. 0.
    4.85023484e-004 1.64854445e-003 0. 0. 0. 1.80381443e-002 0. 0. 0.
    1.42199313e-002 0. 0. 0. 0. 0. 0. 4.50546766e-004 0. 1.02659629e-003
    0. 0. 0. 0. 0. 0. -3.41149955e-003 1.27252971e-003 -5.41156805e-005
    0. 0. 0. 3.84541578e-004 -3.15460871e-004 1.28900097e-003 0.
    7.92720076e-003 0. 0. 0. 0. 0. 0. 3.54867103e-003 2.25970708e-003
    -1.76033409e-005 0. 0. 6.36724662e-003 0. 0. 7.10946880e-003 0. 0.
    0. 0. 0. -1.61380076e-003 7.42523756e-004 0. 0. 0. 2.47920491e-003
    0. 0. -2.85936520e-004 0. 0. 0. 0. 0. 0. 0. 0. 0. 0. 0.
    2.10848008e-003 0. 0. 7.98373017e-004 -2.33104825e-003 0.
    4.56069858e-004 0. 0. 0. -1.32731406e-003 0. 0. 0. 0. 0.
    -1.38852315e-003 0. 0. -9.08571004e-004 -1.62742427e-003 0. 0. 0.
    1.39329326e-003 3.21603613e-003 8.03681649e-003 2.64067040e-003
    9.82999150e-003 -2.17009126e-003 0. 0. 8.96206219e-003 0. 0.
    -5.27477416e-004 0. 5.76547906e-003 0. 0. 0. 0. 0. -5.10175573e-003
    0. 0. 0. 0. 2.23044772e-003 0. 0. 0. 0. 0. 0. 0. 0. 0. 0.
    9.46959248e-004 0. 0. 1.90708868e-003 0. -2.28205463e-003
    6.27755711e-004 0. 0. 0. 9.84202512e-003 0. 0. 0. 0. 0. 0.
    3.23082041e-003 1.79308199e-003 0. 0. 0. 0. -5.31603117e-004 0.
    -6.65204308e-004 0. 1.88085996e-003 0. 0. 0. 9.15661734e-003
    4.90754889e-003 0. 0. 0. 0. 1.61060446e-003 -5.41222689e-004 0.
    8.43445677e-003 0. 0. 0. 0. 0. 9.06833448e-004 3.72901279e-003 0.
    -1.69026200e-003 0. 2.15841952e-004 8.13367777e-003 3.07968265e-004
    0. 0. -4.53794113e-004 0. 0. 0. 5.82967233e-003 8.41826200e-003 0.
    0. 0. 1.43732410e-003 0. 1.15081742e-002 0. 0. 0. 4.37608361e-003 0.
    0. 1.18450774e-003 1.31453620e-002 5.16519696e-003 0. 0. 0.
    1.87702186e-003 0. 0. 0. 0. -6.68432913e-004 0. -5.35586558e-004 0.
    0. 0. 0. 0. 0. 7.44543597e-003 0. 0. 0. 0. 0. 0. 0. 4.49815707e-004
    0. 0. 1.48581609e-003 0. 0. 0. 0. 0. 0. 0. 6.51031360e-003
    6.62522716e-003 0. 0. 0. 3.43019725e-003 0. 0. 0. 0. 5.88867767e-003
    0. 0. 7.12609524e-003 0. -2.98782205e-003 0. 0. 0. 2.86198861e-004
    0. 0. 0. 0. 8.85257497e-003 0. 0. 1.43840385e-003 0. 4.55471082e-003
    7.05971441e-004 0. 0. 0. 4.41810256e-003 0. 0. 0. 2.75563449e-003 0.
    8.21771286e-003 0. 1.04640122e-003 0. 0. 0. 0. 0. 8.73873068e-004 0.
    0. 3.51668452e-003 0. 0. 0. 0. 1.46849053e-002 0. 0. 4.01735352e-003
    0. 0. 0. 0. 0. 0. 0. 0. 0. 0. 1.09752081e-002 0. 0. 0. 0. 0. 0. 0.
    0. 0. 0. 0. 0. 0. 0. 0. 0. 5.35906479e-003 0. 0. 2.49371119e-003 0.
    0. -1.53890156e-004 0. 0. 0. 0. 0. 6.12504175e-003 -2.40616594e-003
    0. 0. 1.98522210e-003 -2.13960539e-005 0. 0. -6.53063355e-004
    1.43411774e-002 0. 0. 0. 0. 0. -4.27633262e-004 0. 0. 0. 0. 0. 0. 0.
    1.97731098e-003 0. 0. 0. 0. 0.</data></imageDescriptor>
</opencv_storage>
