<?xml version="1.0"?>
<opencv_storage>
<imageDescriptor type_id="opencv-matrix">
  <rows>1</rows>
  <cols>1000</cols>
  <dt>f</dt>
  <data>
    0. 0. 0. 1.46975452e-002 0. 2.07728148e-003 4.35383199e-003 0.
    3.46416095e-003 0. 0. 0. 4.40335693e-003 0. 0. 8.10047728e-004 0.
    2.02440168e-003 0. 0. -6.77123666e-004 0. 2.13520927e-003 0.
    -8.21824593e-004 1.73460168e-003 1.11278705e-003 1.51415903e-003
    5.33895055e-003 0. 4.62039234e-003 -9.36700555e-004 5.35203726e-004
    3.57659243e-004 -5.07289951e-004 0. 1.86233483e-002 0. 0. 0. 0.
    -1.75617496e-003 0. 0. 0. 6.18739845e-003 0. 1.47404929e-003
    8.45914939e-004 0. 0. 0. 0. 6.83383318e-003 4.13845479e-003
    1.75096805e-003 0. 2.70028744e-004 0. 0. 0. 7.51867017e-004 0. 0. 0.
    8.20645771e-004 0. 1.07955199e-003 -1.88657292e-003 0.
    2.10719951e-003 2.87340651e-003 0. 3.21331754e-005 0. 0. 0. 0. 0.
    1.75738917e-003 2.14083050e-003 0. -1.90954178e-003 0.
    1.13540143e-003 5.61113702e-003 2.68510223e-004 0. 0. 0.
    8.10350117e-004 1.71413459e-003 3.55465687e-003 0. 4.74274624e-003
    0. 1.57651899e-003 0. 0. 0. 0. 5.10845520e-003 2.93260207e-003 0.
    1.47557468e-003 0. 0. 9.18214791e-004 1.51228136e-003
    1.86338101e-003 0. 3.63048702e-003 0. 0. 2.15473570e-004
    2.73893471e-003 0. -1.29032775e-003 0. -1.15087617e-003 0.
    -2.12625906e-004 6.28897687e-003 -5.24601259e-004 4.36830887e-004 0.
    0. 2.99886637e-003 2.78927851e-003 1.84547040e-003 0. 0. 0.
    1.41570822e-003 3.67642450e-003 9.91738960e-003 0. 2.40792346e-004
    0. 0. 2.46890611e-003 3.05777392e-003 0. 0. 4.97392099e-003 0.
    1.61803525e-003 0. 7.36075803e-004 0. 3.82921170e-003
    2.03478988e-003 0. 0. 0. 0. 3.97262350e-003 0. 1.51902717e-003 0. 0.
    0. 4.83486196e-003 6.49344502e-003 0. 2.94630852e-004
    2.20349501e-003 9.46070475e-004 -9.21189087e-004 0. 1.11129810e-003
    0. 0. 2.40816720e-004 -1.33721181e-003 0. 0. 0. 0. 0. 0. 0. 0.
    3.32602271e-004 0. 1.31061277e-003 0. 2.15323758e-003 0.
    -1.86694914e-003 0. 0. 1.05874101e-003 1.45139964e-003 0. 0. 0.
    -4.00817662e-004 -4.84701450e-004 0. 0. 0. 0. 0. 0. 9.29827394e-004
    2.25042575e-003 1.58622256e-003 0. 1.61863584e-003 0.
    1.91149930e-003 1.16556825e-003 -7.22415512e-004 0. 0.
    4.10558563e-003 0. 0. 0. 1.60491036e-003 0. 9.17666871e-003 0. 0.
    4.48298262e-004 9.96310380e-004 0. 0. 2.83448119e-003
    3.48277390e-003 0. 1.84557366e-003 2.45746970e-003 0.
    1.00799545e-003 0. 0. 2.19211797e-003 8.45563016e-004
    1.58154720e-003 4.50073322e-003 -2.74823606e-003 0. 0. 0. 0.
    1.02891505e-003 0. 3.24946176e-003 1.51923602e-003 -1.36588758e-003
    5.80238923e-003 0. 0. 4.22390789e-004 -6.06958289e-004 0. 0. 0. 0.
    0. -2.79396190e-003 4.29240521e-003 0. 0. 1.14107295e-003 0.
    2.79654982e-003 0. 3.94619163e-003 0. 0. 0. -6.01023901e-004 0. 0.
    -1.56354893e-003 1.55406969e-003 0. 4.84965695e-003 0.
    1.75271998e-004 0. 0. 0. 0. 0. 0. -1.93615386e-004 0. 0. 0.
    2.50868592e-003 1.20521383e-003 0. 4.88580437e-003 0. 0.
    1.54915778e-003 2.05168524e-003 1.74334471e-003 1.71674823e-003 0.
    -2.53845053e-003 -2.61645531e-004 1.07775116e-003 0. 0. 0. 0.
    3.42298136e-003 0. 4.83284052e-003 6.27504615e-003 1.81019970e-003
    0. 0. 2.50942213e-003 0. 7.08007999e-003 0. 0. 0. 0. 2.49939132e-003
    0. 9.78577230e-003 9.29237343e-004 0. 7.07371975e-004
    3.39769584e-004 0. 0. 0. 0. 0. 1.21858120e-002 0. -2.27771641e-004
    2.81642750e-003 0. 3.11657757e-004 0. 0. 0. 0. 1.99876213e-003 0.
    4.54937137e-004 0. 0. 0. 0. 0. 0. 0. 8.01506825e-003 1.17363338e-003
    0. 0. 0. 1.09651498e-003 0. 0. 0. 5.77980943e-004 7.14353193e-003
    -1.70566153e-003 1.29487203e-003 8.62270594e-004 4.64858068e-003 0.
    0. 0. 1.04639842e-003 2.14384971e-004 0. 0. 3.36476718e-003 0. 0. 0.
    0. 0. 0. -7.61790609e-004 0. 0. 0. 0. -7.53921573e-004 0.
    6.64030248e-003 4.10222355e-003 0. 0. 0. 1.70469156e-003 0. 0. 0. 0.
    6.17579510e-003 0. 0. 0. 0. 0. 0. 0. 0. 0. 0. 0. 0. 1.05109988e-002
    0. 1.58619182e-003 7.11292075e-003 0. 0. -2.38248031e-003
    -2.17302528e-004 7.03688897e-003 4.24649660e-003 0. 1.00840069e-003
    1.54120720e-003 8.00498016e-003 -9.58702411e-004 3.00740683e-003 0.
    2.03693402e-003 1.18928659e-003 0. 0. 0. 3.59966396e-003 0. 0.
    -2.47575954e-004 0. 8.97570921e-004 1.20289973e-003 0.
    -1.17760363e-004 0. 0. 1.57634623e-003 0. 0. 8.39740620e-004
    3.84117709e-004 0. 8.46226409e-004 0. -7.91518425e-004 0. 0. 0.
    -2.83483416e-004 4.49068437e-004 0. 0. 1.77624635e-002 0.
    2.05175392e-003 0. 1.53327349e-003 0. 6.73525129e-003
    1.29526143e-003 0. 8.92083626e-003 0. 0. 3.41075240e-004 0. 0. 0. 0.
    1.81936496e-003 0. 0. 0. 1.22510968e-003 0. 9.84887825e-004
    7.50444247e-004 7.19590287e-004 0. 0. 2.54128361e-003 0. 0.
    2.08736560e-003 4.34715999e-003 9.59957601e-004 -5.53330989e-004
    1.13111027e-002 3.31403385e-003 0. 0. 3.04036355e-003 0.
    -1.83549753e-004 0. 2.52351654e-003 2.04145000e-003 0. 0. 0.
    3.61812883e-003 0. 0. 0. 0. 0. 0. 2.63633228e-005 6.84658939e-004 0.
    0. 7.85900000e-003 0. 0. -7.53031345e-004 0. 0. 0. 0. 0. 0. 0. 0. 0.
    0. 1.62779726e-003 2.95970100e-003 0. 0. 0. 2.52208393e-003 0.
    1.15344499e-003 1.75918033e-003 0. 8.22333526e-003 -4.19448246e-004
    2.87461793e-003 -1.19754390e-004 0. 0. 1.05806277e-003 0. 0. 0. 0.
    3.50574334e-003 0. 1.06895156e-002 3.58156720e-003 1.58482871e-003
    0. 3.98292672e-003 0. 5.54443523e-003 5.48124826e-003 0. 0. 0. 0. 0.
    0. 5.59717091e-003 7.51893409e-003 0. 5.30166086e-003
    -2.09338334e-003 0. 0. -1.24021477e-004 0. 2.52974778e-003 0.
    -9.94066795e-005 0. 0. 0. 1.18404930e-003 0. 0. 0. 5.13350416e-004
    4.12672292e-003 0. 1.93947973e-003 2.88622919e-003 6.47580903e-003
    -6.46419765e-004 0. 0. 0. 0. 0. 0. 0. 5.38750039e-003 0. 0.
    2.97855539e-003 0. 0. 2.29425542e-003 3.13155726e-003
    5.30168181e-003 4.95790318e-003 -4.04757867e-003 0. 0. 0. 0.
    4.17223806e-003 0. 0. 1.46016805e-003 0. 2.41999762e-004 0. 0. 0.
    -7.76180648e-004 0. 0. 5.42778103e-003 0. -2.15883669e-003
    -1.96627760e-003 0. 2.47775670e-003 4.15861374e-003 6.14652270e-003
    1.12119771e-003 -1.96106979e-004 0. 0. 0. 7.17651332e-003
    1.74925465e-003 3.23146000e-003 3.57720815e-003 0. 4.37965663e-003
    0. 0. 7.68895668e-004 0. 0. 0. 1.46307854e-003 4.25354997e-003
    1.32497889e-003 0. 0. 0. 1.32152287e-003 0. 0. 5.20878378e-003
    3.05927615e-003 4.40296112e-003 0. 0. 0. 0. 0. 0. 2.14675465e-003 0.
    -9.48617118e-004 2.08909647e-003 2.83953710e-003 2.28441879e-003 0.
    4.63414239e-003 0. 0. 0. 0. 0. 2.69108312e-003 0. 0. 0.
    8.33726139e-004 0. 6.34125294e-003 0. 5.48093230e-004 0.
    1.70610507e-003 0. 0. -1.45415904e-003 0. 0. 0. 9.98760108e-004 0.
    0. 0. -6.29804417e-005 1.19390723e-003 0. 9.29209113e-004 0. 0. 0.
    0. 0. 0. 1.41258491e-003 1.08073521e-002 0. 0. 0. 1.75145443e-003
    4.46686335e-003 0. 0. 0. 0. 2.52794474e-003 6.98081451e-004 0. 0. 0.
    3.09424824e-003 0. 0. 0. 0. 0. 0. -2.19318477e-004 6.49016537e-003
    0. 9.41085047e-004 0. 0. 1.18143728e-003 2.12708279e-003
    1.05912657e-003 0. 0. 0. -6.40468206e-004 0. 7.82171916e-003
    2.56162742e-003 0. 0. 0. 0. 0. 0. 0. 0. 3.48118338e-005
    8.22754111e-003 1.80022453e-003 0. 0. 0. 0. 0. 0. 7.64710014e-004
    2.29968037e-003 2.72513134e-003 2.89406963e-002 0. 0.
    3.77525901e-003 0. 0. 3.62943765e-003 4.50327061e-003 0. 0. 0.
    1.77848269e-003 0. 4.70925495e-003 0. -1.85591271e-004 0. 0.
    1.54517149e-003 0. 0. -2.15191292e-004 -4.17046977e-004
    2.10252753e-003 -7.63640855e-004 0. 2.14497675e-003 0.
    1.76216860e-003 0. 2.74509494e-003 2.04704585e-003 5.15836524e-003
    0. 0. 0. 0. 0. 0. 0. 0. 0. 0. -4.22972698e-005 0. 0. 0.
    3.31075164e-003 0. 4.23231453e-004 0. 0. 0. 0. -1.00414036e-003
    4.13634023e-003 0. -1.34423331e-004 0. 4.27381648e-003
    -9.56291216e-004 9.23815125e-004 -2.74493289e-003 0. 1.74512086e-003
    1.95380911e-004 1.79153495e-003 0. 0. 3.51274689e-003 0. 0. 0.
