<?xml version="1.0"?>
<opencv_storage>
<imageDescriptor type_id="opencv-matrix">
  <rows>1</rows>
  <cols>1000</cols>
  <dt>f</dt>
  <data>
    0. 0. 1.93860743e-003 1.36853603e-003 0. 0. 0. 2.92562391e-003 0. 0.
    -1.68512983e-003 0. 1.46036060e-003 0. 0. 0. 0. 2.93318386e-004 0.
    0. 0. 0. 0. 0. 1.48841040e-003 0. 2.89120222e-003 0.
    -4.68691782e-004 0. 1.67288096e-003 0. 0. 0. 0. 0. 0.
    2.34120162e-004 0. 0. -1.40339450e-003 0. 0. 9.12034884e-003 0. 0.
    2.23390060e-003 0. 0. 0. 6.55387004e-004 0. 1.80709921e-003
    5.09428699e-003 -2.13732291e-003 -1.94597058e-004 1.34793082e-002 0.
    4.11060086e-004 1.39093303e-004 0. 0. 9.92194004e-003
    6.97402342e-004 0. 0. 6.66544249e-004 6.23636087e-003 0. 0. 0.
    -2.98793602e-004 -1.39784685e-003 0. 3.62129882e-003
    -2.22394266e-003 0. 0. -2.77625490e-003 -1.38627642e-004 0. 0. 0.
    9.50525457e-004 1.76607305e-003 0. 2.69325450e-003 0.
    -4.04051796e-004 0. 2.33726227e-003 0. -9.78145283e-004
    4.55344489e-005 1.86339975e-003 0. 0. 6.59914315e-003 0.
    1.08902401e-003 1.52443321e-002 2.26019863e-002 0. 0. 0. 0.
    -1.56126451e-003 1.46705215e-003 0. 0. 0. 0. 0. 2.30598077e-003
    3.36591131e-003 0. 0. 0. 0. 0. 0. 0. -6.79265708e-004 0. 0.
    -7.90782040e-004 1.48073630e-003 0. 0. 0. 9.36978962e-003
    -2.30776914e-003 0. 0. 0. -1.61797577e-003 0. 8.60184009e-005 0. 0.
    0. 0. 1.22561678e-003 0. 7.88762700e-003 0. 0. 0. 8.38249922e-003
    1.67666166e-003 0. 0. 2.01844276e-004 3.05888359e-003
    4.18292312e-003 0. 0. 4.15506260e-003 4.37906012e-003
    1.65402377e-003 0. 0. 2.03421805e-003 0. -2.65294965e-003
    6.66831969e-004 0. 0. 0. 1.77690259e-003 0. 0. 1.16380174e-002
    2.80013867e-003 0. 0. 0. 0. 0. 7.22654257e-003 0. 0. 0.
    3.39815975e-003 0. 0. 0. 0. 0. 0. 0. 0. 0. 6.66041509e-004 0. 0. 0.
    1.73276861e-003 1.92579126e-003 9.45811253e-003 0. 0.
    3.02557775e-004 0. 0. 0. 0. 0. 0. 0. -7.42242846e-005 0.
    -4.21209115e-005 0. 7.30125699e-003 0. 0. 0. 0. 1.57999131e-003 0.
    1.62953138e-003 0. 0. 0. 0. 0. 0. 6.22223923e-003 0. 0. 0.
    2.29420559e-003 0. 0. 0. 2.25426722e-003 7.29162898e-003
    -4.98396810e-004 0. 1.64497388e-003 0. 1.74649095e-003
    6.03114313e-004 0. -1.78465806e-003 0. 6.71007391e-003
    8.16366263e-003 0. 1.53122772e-003 2.55930610e-003 0.
    1.04040895e-002 1.05344504e-003 0. 0. 0. 2.35870038e-003
    5.78717934e-003 0. 2.36109830e-003 5.86783048e-003 5.09962905e-003
    0. 0. 0. 2.32419325e-003 0. 0. 4.16865293e-003 0. 7.30833679e-004 0.
    0. 0. 3.16180289e-003 2.01978511e-003 3.95607110e-003 0.
    8.16449244e-003 -3.36918310e-004 6.34611072e-003 3.67213506e-003 0.
    3.98442848e-003 -9.91086708e-004 0. 0. 0. 0. 0. 1.87956158e-003 0.
    0. 4.03011264e-003 1.59326941e-003 0. -5.45995536e-005
    1.17672828e-003 6.36432495e-004 0. 0. 0. 0. 0. 0. 0. 4.49164771e-003
    0. 0. 2.27308716e-003 3.78625118e-003 0. 0. 0. 5.37963072e-003 0. 0.
    2.74320366e-003 5.46634663e-003 0. 0. 5.96202817e-003 0. 0.
    4.14923206e-003 0. 1.98046025e-003 -3.46334447e-004 0.
    2.73975707e-003 0. 0. 0. 0. 0. 2.33983665e-004 0. 0. 0. 0. 0. 0.
    1.94913766e-003 0. 7.53354048e-003 0. 0. -4.46286140e-004
    4.82212286e-003 0. -1.80340401e-004 0. 0. 0. 0. 0. 2.42727716e-003
    0. 0. 0. 0. 0. 0. 0. 0. 1.22869178e-003 3.66200763e-003
    8.79271142e-003 0. 3.57133453e-003 3.30901542e-003 2.63235555e-003
    -1.45180151e-003 0. 0. 0. 5.78621682e-003 -3.21137893e-004 0.
    4.43455204e-003 0. 0. 0. 0. 2.01056642e-003 0. 0. 0. 2.68358993e-003
    0. -2.40950566e-003 0. 1.48563029e-003 0. 0. 0. 0. 0. 0. 0.
    8.95352568e-003 9.59749392e-004 0. 0. 0. 4.17855941e-003
    5.62447961e-003 0. 0. 0. 4.03225329e-003 0. 2.82248994e-003 0.
    4.22159210e-003 2.09207088e-003 7.00813206e-003 0. 0.
    1.82218961e-002 0. 0. 1.45070755e-003 8.34663026e-003 0. 0.
    1.35895191e-003 0. 3.65620392e-004 0. 1.04258554e-002
    1.63395994e-003 0. 4.87786485e-003 0. 0. 0. 1.47768119e-002
    2.38661910e-003 0. 2.10277247e-003 2.76594306e-003 7.85533572e-004
    0. 0. 0. 0. 0. 0. 0. 0. 8.74624355e-004 -6.21850602e-004
    3.73861333e-003 -1.85762136e-003 2.48400797e-003 6.59982325e-004
    2.10692175e-003 0. 0. 1.97934220e-003 0. 0. 0. 4.00886638e-003
    -8.20770452e-004 0. 1.57086470e-004 1.24626746e-003 -2.36694631e-003
    0. 0. 0. 0. 7.41427578e-003 0. 4.26374329e-003 0. 0. 1.02120265e-002
    1.90723699e-003 0. -3.56851669e-004 0. 0. 3.35940067e-003 0. 0. 0.
    0. 0. 0. -3.12014017e-004 0. 0. 0. 0. 0. 0. 0. 0. 0. 0. 0. 0. 0. 0.
    0. 0. 0. 0. 2.76391092e-003 0. 0. 0. 0. 2.43895222e-003
    -5.10089099e-003 4.63508116e-003 0. 2.90515018e-003 0. 0. 0.
    -3.02679697e-003 0. 1.38295349e-003 0. 2.17771530e-003
    1.44396978e-003 0. 0. 0. 0. 2.66860425e-003 0. 0. 8.83274333e-005
    2.60706595e-003 4.12777998e-003 4.42788098e-003 0. 1.98664935e-003
    0. 9.48675070e-003 7.38080649e-004 -6.46382046e-004 1.16377240e-002
    0. 0. 0. 0. -2.36829947e-004 0. 0. 0. 0. 0. 6.18522754e-005 0.
    8.65836907e-003 0. 0. 1.43516925e-004 2.53987927e-002
    -5.47592994e-004 0. 0. 0. 0. 0. 0. 0. 0. 0. 0. 0. 1.63336692e-003 0.
    0. 0. 1.00991810e-002 0. 0. 0. 0. 0. 8.91719421e-004 0. 0.
    -9.68499153e-005 1.63975719e-003 1.98061040e-004 0. 0. 0. 0. 0. 0.
    3.48459394e-003 0. 0. 0. 0. 0. 0. 0. 0. 0. 2.75154738e-003
    9.98428557e-004 2.62150978e-004 0. 0. 0. 0. 0. 0. 6.04027184e-003
    1.88945327e-003 0. 0. 2.20547826e-003 7.48640439e-003
    5.37063461e-004 0. 1.06389390e-003 0. 0. 0. 0. 0. 0. 1.77736848e-003
    7.38983229e-003 2.30249818e-004 2.50353757e-003 -1.29494502e-003 0.
    0. 0. -6.09373325e-004 -1.90713000e-003 0. 1.65315904e-002 0. 0.
    9.60913603e-004 -1.06962456e-004 2.28992593e-003 0. 0.
    2.85186851e-003 0. 0. 4.73281881e-003 0. 0. 0. 3.67746456e-003 0. 0.
    0. 0. 5.06283855e-003 7.70750362e-003 8.09609890e-004
    3.88030102e-003 4.65050485e-004 0. 1.36384030e-003 9.63873230e-004
    0. -1.04161096e-003 0. 0. 0. 2.10518553e-003 3.91040184e-003 0. 0.
    0. 0. 0. 0. 1.11715996e-003 0. 1.14649581e-003 3.10800131e-003
    4.85993456e-003 0. 0. 0. 1.72959326e-003 0. 0. 0. 2.47584831e-004 0.
    1.44302484e-003 0. 0. 0. 0. 0. 0. 0. 0. 1.24406256e-003 0. 0. 0.
    9.11528885e-004 0. 0. 0. 0. 8.75754561e-003 0. 0. 0. 0.
    3.09602031e-003 0. 5.92315011e-003 0. 0. 1.21863354e-002
    1.99631485e-003 0. 5.16606437e-004 0. 2.04383419e-003
    -5.67936222e-004 -1.95691944e-003 8.22723284e-003 0. 0. 0. 0. 0. 0.
    0. 7.33016152e-003 -3.70001653e-003 0. 0. 1.18955411e-003 0.
    -2.98455590e-004 0. 3.82516230e-003 0. 3.22758919e-003 0. 0. 0.
    1.01097196e-003 0. 0. -1.41699566e-003 9.25383531e-003 0. 0. 0. 0.
    0. 0. 0. 0. 4.40425181e-004 0. 0. 2.22435826e-003 0. 0.
    2.73429370e-003 4.56089061e-003 0. 1.29018095e-003 0.
    4.27914457e-003 0. 0. 0. 0. 1.73718785e-003 1.57547381e-003 0. 0.
    -3.98718752e-003 0. 0. 0. 6.56179618e-003 0. 8.25091091e-004 0. 0.
    1.04531751e-003 -3.43220588e-003 0. 0. 0. 0. 0. 0. 0. 0. 0. 0. 0. 0.
    9.22216626e-004 5.25225827e-004 0. 0. 2.84417137e-003 0. 0. 0.
    -4.18090378e-004 0. 0. 0. 2.53867335e-003 0. 0. 0. 7.94588681e-003
    7.38460221e-004 0. 0. 0. -2.00444963e-004 8.54627136e-003 0. 0. 0.
    0. 1.01840766e-002 0. 0. 0. 1.28260627e-003 0. 0. 0. 0. 0.
    4.51334706e-003 0. 0. 1.72674796e-003 0. 3.96087859e-003 0. 0. 0.
    3.79214948e-003 1.27513777e-003 1.09798857e-003 0. 1.11243792e-003
    3.34395678e-003 0. 3.04091536e-003 0. 3.85572040e-003 0. 0. 0. 0. 0.
    0. 0. 0. 0. 0. 0. -1.32702466e-003 -8.72592384e-004 1.08230510e-003
    2.47986848e-003 0. 0. 0. 5.16700838e-003 0. 0. 2.54595443e-003 0. 0.
    0. 0. -7.08681939e-004 0. 0. 3.38986842e-003 0. 0. 7.58306356e-003
    0. 0. 0. 7.04629521e-004 0. 0. -4.86920867e-003 -1.16377755e-003 0.
    0. 4.13970975e-003 0. 0. 0. 4.41438379e-003 0. 0. 0. 1.39856711e-004
    -2.91416538e-004 0. 0. 0. 0. 1.99354161e-003 0. 0. 0. 0. 0.
    9.56648611e-004 0. 2.37809075e-003 0. 0. 8.64197128e-003
