<?xml version="1.0"?>
<opencv_storage>
<imageDescriptor type_id="opencv-matrix">
  <rows>1</rows>
  <cols>1000</cols>
  <dt>f</dt>
  <data>
    8.96698143e-003 0. 0. 0. 0. 2.76640872e-004 2.68824119e-003 0.
    2.69997469e-003 0. 0. 0. 0. 0. 1.50726206e-004 0. 0.
    -4.87856305e-004 0. 7.93453492e-003 1.16661447e-003 2.23870203e-003
    0. 1.00126518e-002 0. -6.42236962e-004 0. 1.40304735e-003 0. 0.
    6.00990606e-004 0. 0. 0. 0. 0. 2.33347848e-004 8.85920948e-004
    6.11440698e-003 1.68222899e-003 3.65116401e-004 2.23793904e-003 0.
    0. 0. 5.69151191e-004 4.14444180e-003 3.40551767e-003 0.
    1.06563850e-003 1.38088269e-003 7.05365790e-003 0. 0.
    -1.66249138e-005 -4.98795591e-004 0. 0. 0. 0. 1.58074370e-003
    9.71938076e-004 1.81460683e-003 3.11453827e-003 0. -1.65622670e-003
    2.18328834e-003 -3.65421642e-003 0. 0. 1.65939750e-003 0.
    4.35743295e-003 0. 0. 0. 1.85576605e-003 7.07208039e-003 0.
    2.93287286e-003 5.23723383e-003 2.11855303e-003 0. 0. 0. 0.
    -1.76801591e-003 1.54444584e-004 0. 0. -3.23585613e-004 0.
    3.53118498e-003 7.67358067e-003 0. 8.32726900e-003 4.45711799e-003
    9.01267398e-003 0. 0. 0. 0. -1.59679749e-003 8.62499001e-004
    4.08093305e-003 0. 0. 1.05176377e-003 3.85850086e-004 0.
    1.27746630e-003 0. 8.46319075e-004 1.15875318e-003 0. 0. 0.
    1.88730028e-003 0. 2.52541667e-003 1.08242817e-002 0.
    5.56189707e-003 1.92821142e-003 2.64069787e-003 0. 0. 0.
    3.54713667e-003 7.39876507e-003 0. -1.12236605e-003 0. 0. 0. 0. 0.
    0. 1.23792570e-002 9.51542810e-004 0. 2.47290218e-003 0. 0.
    3.54705751e-003 0. 0. 0. 0. 0. 9.06096131e-004 0. 0. 2.10880325e-003
    0. 0. 0. 3.24928644e-003 1.63740560e-003 0. 0. 0. 0.
    -8.74311314e-004 0. 5.52613148e-003 0. 1.83428731e-003 0. 0. 0. 0.
    0. 0. 0. 0. 0. 3.53622367e-003 -2.20805919e-003 9.42246057e-004
    5.20674884e-003 0. 2.97006918e-003 0. -3.19508719e-004 0. 0. 0. 0.
    0. 0. 0. 0. 2.32049730e-004 3.99464229e-003 7.06164399e-003
    7.79417169e-004 3.89607484e-003 -1.25102338e-003 0. 6.19618734e-003
    0. -4.50912776e-004 0. 0. 2.20263447e-003 1.27024576e-003
    -8.78987776e-004 0. 0. 0. 1.49432279e-003 6.29363814e-003
    1.90884690e-003 1.20225467e-003 0. 0. 0. 0. -3.71273607e-004 0. 0.
    0. 0. 2.61231279e-003 0. 4.96404711e-004 0. 0. 0. 0. 2.71151098e-003
    2.54784850e-003 0. 0. 0. 0. 1.37353584e-003 0. 5.37418295e-003
    2.63412111e-003 0. 0. 0. 0. 0. 3.04772239e-003 6.30987016e-003
    9.34966898e-004 1.35958951e-003 0. 0. 1.56716118e-003
    -1.42818422e-003 0. 1.00105610e-002 0. 2.36766296e-003
    1.13077713e-002 2.95223482e-003 0. 0. 0. 0. -1.35721755e-003 0. 0.
    4.15169494e-003 3.83734796e-003 5.88710979e-003 4.16458864e-003 0.
    0. 0. 0. 8.74936767e-003 0. -5.45220799e-004 0. 1.09766040e-003 0.
    0. 0. 0. 0. 5.94822457e-004 0. 0. 0. 0. 7.79930037e-004
    3.47234542e-003 6.75653864e-004 0. 0. -9.17032768e-004
    5.80322649e-003 0. 3.68870166e-003 0. 1.00107193e-002 0.
    2.39079120e-003 6.40518905e-004 0. 0. 0. 0. 0. -5.54885366e-004 0.
    0. 0. 3.84153123e-003 -7.42464385e-004 2.30329970e-005
    1.92427891e-003 0. 0. 0. 0. 0. 0. 9.54761810e-004 2.79575586e-003 0.
    0. 1.22867536e-003 0. 2.02962267e-003 0. 0. 0. 2.32845987e-003
    4.65748366e-003 5.41466230e-004 2.83055502e-004 0. 0. 0.
    -3.95158480e-004 0. 0. 0. 0. 0. 2.56627100e-003 0. 0. 0. 0. 0. 0.
    4.01124079e-003 0. 0. 2.13555712e-003 4.02323552e-004 0.
    5.49524045e-003 0. -8.91733158e-004 0. 0. 0. 0. 0. -4.04674746e-003
    0. 0. 0. 0. 0. 3.02830688e-003 0. 0. 2.53401231e-002 5.13826311e-003
    0. 0. -9.94290924e-004 0. 0. 6.22913754e-003 3.31409532e-003 0.
    -4.87859128e-004 6.90448610e-003 0. 0. 0. 0. 2.14078347e-003 0.
    1.74804381e-003 0. 1.74245288e-004 0. 0. 0. 0. 5.05096465e-003
    1.53251505e-003 4.73305862e-003 0. 8.16265028e-003 0. 0.
    1.06449134e-003 0. 0. 0. -4.71966807e-004 3.54049349e-004 0. 0.
    1.09419518e-003 3.97628453e-003 1.67352543e-003 7.51813361e-003 0.
    1.92949525e-003 0. 0. 5.10820770e-004 3.87693732e-003 0. 0.
    1.61314569e-003 0. 1.37040783e-002 0. 4.18667821e-003 0.
    4.99169994e-003 0. 7.17300922e-003 0. 4.54655290e-003 0. 0.
    -1.07338105e-003 1.61913107e-003 0. -1.30858782e-004 0. 0.
    9.59446712e-004 3.87642789e-003 0. 2.74386513e-003 1.01862410e-002
    2.16006162e-003 0. 1.69668067e-002 0. 0. 1.77343594e-004 0. 0. 0. 0.
    0. 0. 4.72768582e-003 0. 3.37607204e-003 -1.19287020e-003 0. 0.
    8.49449425e-004 0. -4.60930925e-004 0. 1.93216337e-003 0. 0. 0.
    2.17993953e-003 0. 0. -9.42023937e-004 0. 7.20987446e-004 0.
    1.52651640e-002 3.62767093e-003 0. 1.18719705e-003 0. 0.
    6.05339091e-003 1.52585621e-003 0. 0. 6.68324623e-003
    7.23874709e-003 0. -2.37885606e-003 4.51458013e-003 0. 0.
    4.02992684e-003 0. 6.56125788e-003 5.72667814e-005 1.13133271e-003
    2.46355939e-003 0. 1.27007673e-003 -2.02937145e-003 0. 0. 0. 0.
    -1.57759769e-003 0. 0. 0. 7.31923676e-004 1.89404958e-003
    9.38317366e-003 0. -1.90711161e-003 1.02160042e-002 0. 0. 0. 0.
    9.32316412e-004 2.89353891e-004 1.06200844e-003 2.62455171e-004 0.
    0. 0. 0. 1.27342343e-003 0. 1.77307986e-003 6.04742556e-004
    -3.04153597e-004 0. 0. 0. 3.91675509e-004 0. 0. 0. 5.40033821e-003
    0. 8.24794988e-004 0. 0. 0. 5.82612725e-003 8.96378129e-004 0.
    9.88251064e-004 4.06659860e-003 1.58798811e-003 5.44445077e-003
    6.47552824e-003 4.44852700e-003 0. 0. 0. 0. 0. 0. 0. 0.
    2.83184880e-003 -1.76838564e-003 0. 3.14231176e-004 5.95359923e-003
    3.30630573e-004 0. 3.77870514e-003 0. 0. 0. 0. 2.71166745e-003 0.
    1.05896844e-002 0. 0. -1.69275864e-003 8.50983802e-003 0. 0.
    1.55601313e-003 6.86088111e-003 0. 0. 0. 0. 0. 0. 3.76056018e-003
    1.46823889e-003 0. 0. 0. 6.24417979e-003 0. 9.38398670e-003 0. 0. 0.
    0. 0. 0. 0. 0. 0. 0. 0. 0. 0. 0. 2.40426656e-004 0. 0. 0.
    1.59849401e-003 0. 0. 1.72620954e-003 -1.98715297e-003
    2.15679198e-003 0. 0. 6.45416602e-003 0. 0. 0. -1.74564379e-003 0.
    0. 2.35382048e-003 0. 0. 0. 0. 0. 8.42121057e-003 0. 0. 0. 0.
    2.34550610e-003 0. 0. 2.13098340e-003 2.15215958e-003 0. 0. 0.
    2.66648305e-004 0. 6.29470125e-003 0. 0. 0. 0. 6.85985899e-003
    2.13521838e-004 0. 0. 0. 0. 5.89754432e-004 2.68534897e-003
    6.45071361e-003 1.93843863e-003 0. 0. 0. 0. 0. 2.14623357e-003 0. 0.
    1.61820720e-003 0. 3.43192369e-004 0. 0. 0. 0. 0. 0. 0.
    -3.18462640e-004 8.55673745e-004 0. 0. -2.57545663e-003
    6.35977695e-003 -6.08920818e-004 0. -7.39774958e-004 8.49937741e-003
    0. 0. 0. 0. 0. 4.23269207e-003 0. 0. 8.20992514e-003
    -7.60921277e-004 0. 1.52514782e-003 0. 0. 2.62805866e-003 0. 0.
    1.50413066e-003 1.45643309e-003 0. 0. 0. 1.38523901e-005
    1.59975479e-003 1.44121877e-003 0. 2.50535272e-003 5.63324383e-003
    0. 0. 0. -2.93262041e-004 1.59245508e-003 0. 0. 0. 1.18972850e-003
    0. 9.61023674e-004 0. 0. 0. 6.70950580e-003 0. 0. 0. 0.
    6.74218219e-003 1.01757562e-003 -1.04979612e-003 3.36699793e-003
    -1.89004478e-003 0. 0. 0. 0. 0. 0. 0. 1.99876982e-003 0.
    1.17646717e-002 0. 0. 0. 1.26027793e-003 0. 0. 0. 1.31780526e-003
    -4.30534035e-003 0. 1.17376726e-003 6.08687103e-003 -7.51098443e-004
    0. 0. -6.24497712e-004 0. 0. 3.81533313e-003 0. 0. 5.14613697e-004
    0. 0. 0. 1.92678592e-003 0. 9.37053701e-004 0. 6.74555544e-003 0. 0.
    0. 9.85689810e-004 0. 1.05212023e-003 0. 0. 0. 2.66465452e-003 0.
    1.01541437e-003 0. 0. 0. -3.08480056e-004 -1.43155362e-003 0. 0. 0.
    0. 0. 0. 0. 0. 0. 0. 0. 0. 0. 0. -1.30031421e-003 0. 0. 0. 0. 0.
    2.32994650e-003 0. 3.38108535e-003 2.41141487e-003 0. 0. 0. 0.
    6.09662966e-004 1.63321947e-005 1.55723095e-002 7.49311596e-003 0.
    7.07086781e-003 3.23545537e-003 1.72425376e-003 -2.24764156e-003 0.
    0. 0. 0. 0. 0. 4.15259186e-004 -8.69240088e-004 0. 0.
    3.25470464e-003 -5.38664777e-003 0. 0. 0. 0. 0. 0. 0. 0. 0. 0. 0. 0.
    0. 0. 7.02342624e-003 0. 7.34375557e-004 0. 0. 0. 0. 1.94080116e-003
    0. 3.76435951e-003 0. 2.06691585e-003 -5.89037023e-004 0.
