<?xml version="1.0"?>
<opencv_storage>
<imageDescriptor type_id="opencv-matrix">
  <rows>1</rows>
  <cols>1000</cols>
  <dt>f</dt>
  <data>
    0. 0. 0. 1.27509970e-003 2.15749047e-003 3.56233143e-003
    2.13378435e-003 -3.55147582e-004 0. 0. 0. -5.40353009e-004
    -4.73099109e-003 5.38490887e-004 0. 0. 0. 2.90436641e-004 0.
    1.61243370e-003 5.03221177e-004 1.21902418e-003 0. 0.
    1.79674214e-004 3.98600055e-003 -8.03943956e-004 0. 3.77800694e-004
    0. 2.86258059e-004 5.67975745e-004 -1.57431711e-003 3.57446726e-003
    0. 2.91806879e-003 9.70545108e-004 0. 0. 0. 6.30744174e-003 0.
    1.30092690e-003 2.68200226e-003 3.04534985e-003 1.01358886e-003
    -6.21424871e-004 0. 0. 9.58678080e-004 0. -8.11624865e-004 0. 0.
    1.94983164e-004 0. 0. 0. 0. 0. 0. -3.90572910e-004 -1.10184099e-003
    2.76409625e-003 2.92131258e-003 0. 0. 1.09277060e-003 0.
    3.14909313e-003 2.91959499e-003 1.05907326e-003 9.75355622e-004 0.
    -3.66333523e-004 -5.88212512e-004 8.24563787e-004 4.87053348e-003 0.
    3.57900211e-003 2.34712628e-004 0. 2.79373233e-003 1.20693538e-003
    0. 6.48909435e-003 1.35225826e-004 1.14951376e-003 0.
    1.96419167e-003 1.20508194e-003 0. 0. -4.20955569e-003
    5.76995546e-004 6.41531823e-003 6.43170846e-004 -3.28169874e-004
    1.01154344e-003 0. 0. -1.37882784e-003 4.78646980e-004 0. 0. 0.
    -1.72159300e-004 2.00895709e-003 3.79697420e-003 0. 1.49738099e-002
    0. 4.53049876e-003 0. 2.83378107e-003 3.64274858e-003 0. 0.
    1.92116236e-003 4.07569081e-004 0. 4.93987231e-003 5.31250937e-003
    0. 0. 0. 2.20141793e-003 2.99887004e-004 0. 0. 0. 0. 3.14266887e-003
    0. 3.45239579e-003 5.81305416e-004 7.58700538e-003 0.
    3.57623352e-003 0. 2.45317863e-003 1.04023749e-003 1.02576741e-003
    9.79083241e-004 1.71415287e-003 0. 0. 2.30399403e-003 0.
    1.15450926e-003 0. -3.45840497e-004 9.01560881e-004 6.85327163e-004
    3.43430904e-003 3.58867110e-004 1.76919776e-003 3.25301127e-003
    9.20468825e-004 0. 9.47089924e-004 0. -9.74744733e-004
    9.55922622e-003 4.46469011e-003 3.79586454e-005 0. 1.23514957e-003
    0. 3.43008013e-003 5.41323330e-003 0. 0. 1.23701291e-003
    -2.17848472e-004 0. 2.36842944e-003 -9.24583801e-005 3.70123447e-003
    -1.58526585e-003 -1.79847892e-004 5.30241639e-004 3.60962027e-003 0.
    0. 9.63350234e-004 0. 5.91257913e-003 0. 0. 0. 0. 2.07245685e-004
    2.67721456e-003 2.07711229e-004 0. 0. 0. 2.69503007e-003
    1.21743290e-003 0. 0. 7.78196147e-004 1.11297879e-003
    2.10593455e-003 1.36841857e-003 0. 0. 0. 8.63074441e-004
    1.72439264e-003 0. -5.61018183e-004 9.38741068e-005 6.03831513e-003
    0. 1.38613931e-003 1.01657468e-003 0. 0. 8.20746296e-004 0.
    6.94944803e-003 2.26261816e-003 0. 2.26594182e-003 1.69325946e-003
    0. 4.10712976e-003 0. 4.08215728e-003 9.85858380e-004
    9.56693257e-004 1.11184199e-003 1.31936232e-003 9.36914512e-005 0.
    -1.18151144e-003 0. 2.52981484e-003 0. 0. 9.66983265e-004 0. 0.
    4.95541917e-006 0. 2.79855885e-004 0. 1.18634477e-003 0.
    6.01568818e-003 1.85104529e-003 0. 0. 0. 2.77676532e-004 0.
    7.66926969e-004 0. 0. 1.46748047e-004 5.27018216e-004
    1.33034855e-003 -1.01553672e-003 -7.96365959e-004 -3.57228797e-004
    0. 1.67400180e-003 4.56637586e-004 3.16188647e-003 7.50437239e-003
    -5.54785831e-004 2.15159659e-003 -6.08928094e-004 0.
    -4.82997682e-004 0. 0. 0. -3.97637719e-004 0. 2.52793427e-003 0. 0.
    -1.52380628e-004 -6.34206110e-004 1.64635037e-003 1.23006140e-003
    7.77800428e-003 0. 1.73629913e-003 0. 2.43743285e-004 0. 0.
    5.73418394e-004 0. 6.09387760e-004 0. 1.31765415e-003
    -3.97296913e-004 0. 8.03921139e-004 0. 0. 1.62042468e-003 0. 0.
    1.39556220e-003 7.45842757e-004 5.51465759e-003 0. 3.20618576e-003
    0. 4.81848198e-004 4.56362090e-004 0. 0. 1.82375580e-003
    -6.59091980e-004 0. 2.89836712e-003 0. 0. 2.11390853e-003
    7.77974445e-003 4.60921600e-003 1.29098620e-003 1.08492642e-003 0.
    9.44920757e-004 0. 3.24341445e-003 0. 0. 0. 1.24408421e-003
    1.24554976e-003 1.07480655e-003 4.82271978e-004 3.62932100e-003
    -6.16593228e-004 9.33306233e-004 6.88314380e-004 8.91345786e-004
    -1.87026635e-005 -2.30635233e-005 0. 3.10814660e-003 0. 0. 0. 0.
    1.77777593e-003 0. 1.29797799e-003 -1.86000182e-003 0.
    -5.84071444e-004 0. -5.53891936e-004 7.97921268e-004 1.70712348e-003
    3.07365251e-003 0. 0. 1.09508855e-003 2.17556511e-003
    3.49131087e-003 -1.32689660e-003 5.08944830e-003 2.52528605e-003
    2.46601040e-003 0. 1.57608546e-003 3.75508913e-003 0. 0.
    7.04226608e-004 0. 0. 0. 5.79280895e-004 1.45158454e-004 0. 0.
    5.32975420e-003 4.94089350e-003 0. 0. 1.64871383e-003
    9.62495978e-004 1.56270328e-003 4.66198486e-004 0. 0. 0.
    8.02682480e-004 2.59800581e-003 4.18122206e-003 0. 7.68990547e-004
    0. -9.69129360e-006 2.08416139e-003 1.31065593e-004 -1.18309539e-003
    0. 0. 0. 8.47555813e-004 0. 8.56624392e-004 0. 1.04329700e-003
    8.37286841e-003 0. 0. 0. 3.18770646e-003 3.63483373e-003
    9.74325405e-004 0. 6.44583430e-004 0. 0. 9.77061572e-004
    3.39725753e-004 4.22442192e-003 2.38930527e-003 3.65746644e-004
    8.93830264e-004 0. 5.48453210e-003 4.24213614e-003 1.59499398e-003
    0. 0. 0. 0. 4.43266152e-004 9.63608036e-004 0. 1.90110493e-003
    1.79431314e-004 0. -1.37652934e-003 -1.00262964e-003 1.41800893e-003
    -1.70205266e-003 3.21822963e-003 3.30723426e-003 0. 0. 0. 0.
    6.34428021e-003 0. 1.13703718e-003 0. 1.03137246e-003 0.
    4.36697243e-004 2.55927374e-003 1.23997184e-003 1.64442114e-003
    1.59696839e-003 -5.91513002e-004 0. 4.37358161e-004 8.83325585e-004
    0. -3.68721550e-004 1.88414240e-003 0. 1.32074766e-003 0.
    1.14197750e-003 0. 1.82415370e-003 2.30466889e-004 0. 0. 0.
    1.00829010e-003 3.58757190e-003 0. 0. 2.31487886e-003
    1.71073724e-003 -1.54341315e-003 1.13907608e-003 0. 0.
    3.69971106e-003 0. 5.36240730e-003 3.65448155e-004 3.94882495e-003
    0. 0. 0. 2.57629459e-003 6.78887998e-004 0. 0. 6.18726341e-003
    1.95478191e-004 0. 8.61552486e-004 0. 1.96742383e-003 0.
    1.05675441e-004 0. 0. 0. 3.30112479e-003 0. 4.90350276e-003 0. 0. 0.
    -1.20224133e-004 1.11054990e-003 3.70532367e-003 3.83188296e-003
    1.86595146e-003 3.56463133e-004 0. 4.60874173e-004 -8.34606879e-004
    8.28374061e-004 0. 0. 5.02902037e-003 0. 4.53170185e-004
    6.88450877e-004 0. 0. 0. 2.88655469e-003 7.98451365e-004
    1.44692801e-003 4.42618458e-003 0. 0. 0. 6.74218987e-004 0. 0.
    6.86450003e-005 -2.16517583e-004 3.00972629e-003 0. 2.58847722e-004
    3.12920980e-004 6.42612902e-003 0. 0. 0. 3.00312112e-003 0.
    1.22128462e-003 1.84245571e-003 2.91367923e-003 -1.53742250e-004
    1.32294881e-004 2.51425034e-003 0. 0. 4.79037117e-004 0. 0. 0. 0.
    1.20920211e-003 -9.56529577e-004 2.02602590e-003 0. 3.64054018e-003
    3.98365501e-003 2.16024416e-003 1.41878077e-003 5.65909955e-004
    4.27641952e-003 1.40606461e-003 2.37843837e-003 9.34838376e-004 0.
    3.60285421e-003 -1.23058469e-003 0. 0. 0. 7.19850184e-004
    1.44649413e-003 6.51746581e-004 0. 1.24096964e-003 0. 0.
    6.34756580e-004 3.31916614e-003 6.58166711e-004 0. 2.58227275e-003
    0. 1.20747776e-003 -6.04559027e-004 -4.83200682e-004 1.61123241e-003
    6.85811834e-003 -2.63126771e-004 0. -2.94089463e-004 0. 0. 0.
    1.03278516e-003 0. 0. 0. 0. 0. 2.84664030e-003 0. 9.75906660e-005
    1.45231222e-003 2.73072883e-003 0. 4.47074743e-003 0.
    5.60535397e-003 9.70303139e-004 2.00770469e-003 3.74447857e-003 0.
    0. -1.16174990e-004 4.19673597e-004 0. 9.33966250e-004
    -9.33791525e-005 0. 5.87815046e-003 6.47260982e-004 6.07017311e-004
    3.54721630e-003 0. 0. 9.38951853e-004 -5.55714651e-004 0.
    2.39001540e-003 -5.22470727e-005 0. 0. 0. 0. 0. 0. 0. 0.
    9.98635427e-004 4.82841511e-004 0. 1.56438584e-003 -4.72647342e-004
    0. -4.96789347e-004 7.61536765e-004 4.99643898e-003 0. 0. 0. 0.
    7.22754630e-004 0. 0. 0. 0. 1.93166663e-003 4.85379947e-003
    1.06981129e-003 0. 1.83386216e-003 9.76371986e-004 8.21971917e-004
