<?xml version="1.0"?>
<opencv_storage>
<imageDescriptor type_id="opencv-matrix">
  <rows>1</rows>
  <cols>1000</cols>
  <dt>f</dt>
  <data>
    1.26035151e-003 0. 0. 0. 0. 4.90905717e-004 2.93608592e-003
    1.31977617e-003 0. 0. 6.12778356e-003 2.75086961e-003
    9.22216394e-004 3.95844341e-004 0. 1.63510465e-003 0. 0. 0.
    1.78048329e-003 8.50675814e-003 7.86193938e-004 1.30404762e-004 0.
    1.80310177e-004 0. 7.00493867e-004 0. -1.87938171e-003 0.
    2.29338999e-003 -4.08251159e-004 6.87210355e-003 4.97172959e-003
    1.53067603e-003 2.93228868e-003 0. 2.18456099e-003 1.64703454e-003
    7.69006554e-003 -1.20772549e-003 0. 2.23210407e-003 0.
    2.60696223e-004 0. 3.85210337e-003 0. 6.64517866e-004
    -2.63263471e-004 6.72139111e-004 0. 0. 1.00158481e-003 0.
    9.10382194e-004 0. 6.86411606e-003 1.60202943e-003 1.61180052e-003
    0. 0. 5.87839168e-003 0. 8.71414552e-004 0. 0. 2.68965587e-003 0.
    2.54881941e-003 0. -9.57732671e-004 0. 1.25768373e-003
    3.40123498e-003 4.08335263e-003 1.33242004e-003 0. 1.98194431e-003
    0. 0. 0. -5.40448891e-005 0. 3.53602576e-003 -5.17263077e-004 0. 0.
    1.52019656e-003 5.91484318e-003 0. 3.34999338e-003 9.49340116e-004
    7.69683253e-003 0. -5.72724734e-004 0. -9.83475009e-004 0.
    2.60038115e-003 0. 0. 5.75717539e-004 1.18512986e-003 0.
    3.69913271e-003 0. 0. 1.35571102e-003 6.94499956e-003
    2.18928419e-003 1.74295553e-003 0. 0. 2.82805623e-003 0.
    1.17954423e-005 0. 5.11441752e-003 3.16456542e-003 0.
    1.80872669e-003 1.83274073e-003 0. 0. -1.75788664e-005 0.
    5.04277705e-004 1.25695823e-003 0. -7.28977204e-004 1.54074910e-003
    2.31349748e-003 0. 2.51770951e-003 0. 0. 0. 0. -1.03822991e-003 0.
    0. -2.23526056e-003 9.28106601e-004 0. 0. 0. 0. 0. 0. 0.
    6.31014045e-005 8.05394433e-004 9.00630432e-004 0. 2.69543310e-003
    0. 3.05632129e-003 5.93356136e-003 0. 0. 0. -7.26318685e-004 0.
    2.46226648e-003 0. 1.75428682e-003 7.30505621e-004 3.42442188e-003
    5.94361336e-005 -9.69698944e-004 5.18888119e-004 0. -1.30402826e-004
    0. 0. 7.44971400e-003 0. 7.65573714e-005 3.07347602e-003 0. 0. 0. 0.
    -1.36205996e-003 3.75935575e-003 0. 6.53558318e-003 0. 0.
    -3.03043332e-003 -2.81163491e-004 1.25033851e-003 -1.48321770e-003
    1.30824803e-003 0. 0. 0. 3.50479590e-004 4.76330472e-003
    2.76283990e-003 0. 9.89430933e-004 5.16581861e-003 -2.80438282e-004
    0. 0. 0. 0. 1.83528534e-003 3.15015181e-003 0. 0. 0. 0. 0.
    1.11227867e-003 0. 0. 1.41473976e-003 -4.90783714e-004 0.
    3.86357540e-003 0. 1.59119791e-003 0. 5.52150328e-003
    1.23823675e-005 0. 2.73655402e-003 5.80303662e-004 0.
    9.99156735e-004 7.26937735e-003 0. 1.22588594e-003 4.67258180e-003
    0. 1.56808051e-003 0. 0. 0. 0. 0. 7.28943897e-003 0. 0.
    5.69464522e-004 3.28895426e-003 5.93688805e-004 0. 5.19052614e-004
    0. 0. 2.26800097e-003 0. 0. 0. 3.20567982e-003 3.45897651e-003
    1.05771492e-003 0. 0. 3.92409693e-003 0. 1.90546690e-003
    -3.57618526e-004 1.28739036e-003 0. 0. 0. 2.71728425e-003 0.
    2.24938011e-003 0. 4.69120406e-003 0. 1.12257153e-003
    5.05292835e-003 5.28255291e-003 2.18758220e-003 0. 1.26332266e-003
    2.86696828e-003 4.69423510e-004 2.19026930e-003 1.99217792e-003 0.
    2.02982977e-004 -2.29937676e-003 3.34326015e-003 0. 0. 0. 0.
    6.22585230e-003 0. 0. 0. 0. -4.29154927e-004 2.69097673e-005 0. 0.
    0. 1.07031292e-003 7.13866297e-003 0. 2.68713152e-003 0. 0. 0. 0. 0.
    4.60866606e-004 0. 1.06910081e-003 0. 0. 1.45264680e-003
    1.02701932e-002 0. 2.71118502e-003 2.15710397e-003 8.37116968e-004
    0. 0. 0. 0. 1.62952626e-003 0. 0. 0. 4.52564796e-003 0.
    8.51964171e-004 0. 2.47318973e-003 0. 4.64634784e-003 0.
    4.71503474e-004 -8.81342683e-004 1.85985188e-003 -5.33762039e-004
    2.58845231e-003 0. 2.76243925e-004 0. 1.67101366e-003 0.
    4.16747574e-003 2.25369097e-003 1.09605293e-003 1.18222821e-003
    1.78008794e-003 9.82556492e-004 0. 0. 0. 2.18894100e-003
    -5.44822324e-005 0. 0. 0. 7.70526647e-004 0. 0. -1.68001174e-003 0.
    3.06085160e-004 3.53521854e-003 0. 0. 5.62807685e-003 0. 0.
    4.53145988e-003 3.45857977e-003 0. 0. 0. 2.08784989e-003 0.
    2.81747035e-003 0. 5.10899303e-003 6.59197336e-003 0. 0.
    1.57425122e-003 0. 0. 6.56020921e-003 0. 4.53855284e-003 0. 0.
    2.25111190e-003 0. 1.97940948e-003 0. 8.32470600e-004 0.
    1.92094606e-003 1.99023099e-003 0. 1.81607273e-003 0. 0.
    9.23181768e-004 0. 0. 1.01143538e-004 0. 1.79715839e-003
    -2.54015275e-003 0. -2.65973358e-004 0. 0. 0. 0. 0. 1.23408798e-003
    0. 2.34640320e-003 2.40903255e-003 0. 0. 0. 0. 1.93096197e-003
    -2.97017395e-005 1.59844314e-003 0. 0. 1.43935336e-004 0. 0. 0.
    4.16733325e-003 0. -7.97366738e-005 7.95072690e-003 1.49549567e-003
    3.52382747e-004 0. 2.63141235e-003 0. 1.54485309e-003
    3.76955164e-003 3.49648617e-004 -4.18969692e-004 0. 3.19508929e-003
    2.36906926e-003 0. 0. 8.37392348e-004 0. 0. 0. 0. 0. 0.
    2.35016621e-003 0. 0. 2.63653533e-003 5.26146078e-003 0.
    1.48199426e-004 0. 0. 4.47119150e-004 0. 6.19011931e-004
    8.87743838e-004 0. 5.93430654e-004 -5.81463159e-004 0. 0.
    1.32082542e-003 6.45707222e-003 3.86047689e-003 3.87375406e-003 0.
    -5.57064952e-004 8.65358626e-004 3.17974511e-004 1.17284479e-003 0.
    1.77430792e-003 0. 0. 0. 0. 0. -2.06450713e-004 0. 2.62873690e-003
    8.05915624e-004 0. 0. 0. 2.00888072e-003 -6.71271293e-004 0. 0.
    -2.25594311e-004 -7.84677322e-005 3.56929959e-004 1.25170371e-003 0.
    0. 0. 0. 3.55976168e-003 8.34167178e-004 0. 0. 4.91165603e-003
    9.63229779e-003 6.57983636e-003 3.65200132e-004 3.63698462e-004
    1.04645663e-003 0. 0. 1.98516482e-003 0. 0. 2.13945890e-003
    9.49136273e-004 1.22357626e-003 -2.35471351e-004 0. 0.
    5.50329045e-004 1.92035150e-004 0. 0. 0. 1.33442227e-003
    -8.21467474e-005 0. 0. 1.77315390e-003 0. 0. -4.29228348e-005 0.
    3.91990552e-003 0. 3.79787432e-003 0. 8.66818649e-004
    1.21813372e-003 0. 3.94589733e-003 0. -8.00587819e-004
    7.58601492e-003 3.23146628e-003 0. 4.08492563e-003 0. 0.
    2.81448185e-004 -1.05704565e-003 0. 6.87852036e-003 0.
    4.37730411e-003 3.74407682e-004 0. 2.00796966e-003 -8.60146829e-004
    1.29272230e-004 0. 0. 5.22381160e-003 -6.57356286e-004 0. 0.
    5.51166362e-004 2.47859000e-003 7.66482321e-004 1.00130786e-003 0.
    0. -2.23806384e-003 0. 0. 0. 1.87273219e-003 0. 0. 0. 0. 0.
    -2.09850637e-004 0. 4.26831469e-003 0. 0. -4.66151141e-005 0.
    1.82125508e-003 -1.53233661e-004 0. 0. 0. 0. 5.99922799e-003 0.
    4.64333018e-004 0. 1.40873704e-003 0. -1.69540654e-004 0.
    -3.34841723e-004 3.86311644e-004 0. 4.07075509e-003 1.09964074e-003
    3.67893185e-003 7.12135865e-004 0. 1.05704216e-003 0.
    1.99059118e-003 2.83293310e-003 0. -4.81802825e-004 -1.82863427e-004
    9.17520258e-004 2.46319600e-004 2.09393236e-003 0. 8.51709774e-005
    0. 1.93318143e-003 2.72867433e-003 0. 1.32197049e-003
    6.96687773e-003 5.53564588e-003 0. 0. 9.94471135e-004
    1.89835683e-003 0. 0. 0. 0. 1.14095176e-003 0. 0. 0. 8.59581691e-004
    1.24717969e-003 1.10382134e-005 0. 2.62876227e-003 -9.02607499e-005
    0. -5.67466719e-004 0. 1.46337447e-003 1.22604321e-003
    7.60678528e-003 0. 0. 1.98422419e-003 -2.34306883e-003 0. 0.
    1.20031578e-003 5.87020477e-004 0. -3.37043253e-004 4.14200738e-004
    0. 0. 0. 1.93513837e-003 4.60523833e-003 0. 0. 2.05257116e-003
    1.40057597e-003 0. 7.86422868e-004 0. 0. -7.41266529e-004 0.
    7.03805638e-003 0. 0. 0. 2.58088671e-003 0. 0. 1.11692771e-003
    3.02310521e-003 0. 2.29065516e-003 0. 0. 9.19616141e-004 0.
    7.08720414e-003 7.21150078e-004 0. 0. 4.27855551e-003 0. 0.
    4.64169029e-003 0. 0. 0. 0. 0. 5.76489419e-003 0. 0. 3.46757169e-003
    0. 8.84602705e-005 0. -5.85881935e-005 0. 0. 0. 0. 6.09788345e-003
    0. 0. 0. 2.04255618e-003 0. 4.05275682e-003 1.86338578e-003 0. 0. 0.
    2.58971960e-003 2.28980163e-004 -3.26873781e-003 0. 1.02208927e-003
    2.32968386e-003 6.90099914e-005 1.35100167e-002 2.95598689e-003
