<?xml version="1.0"?>
<opencv_storage>
<imageDescriptor type_id="opencv-matrix">
  <rows>1</rows>
  <cols>1000</cols>
  <dt>f</dt>
  <data>
    0. 0. -3.25220986e-003 0. 0. 1.08132733e-003 0. 9.80527233e-003 0.
    0. 0. 0. -8.69606796e-004 0. 0. 2.59819743e-003 0. 0. 0. 0. 0. 0.
    6.69874158e-003 0. 3.07093095e-003 5.41173176e-005 0. 0. 0. 0. 0.
    1.17999073e-002 0. 1.56793336e-003 -7.47530663e-004 0.
    1.11203585e-002 0. 0. 1.78411006e-004 8.89544375e-004
    -4.12127527e-004 0. 1.76511036e-004 -1.45568536e-003 7.08394451e-004
    0. 0. 0. 0. 5.01707837e-004 -3.03159282e-003 5.08978032e-003 0.
    1.28521759e-003 -2.92900042e-003 0. 0. 7.97929801e-003
    2.97669787e-003 0. 6.18880265e-004 0. 0. 0. 0. 0. 1.36801379e-003 0.
    0. 0. 5.78456093e-003 0. 0. 4.31104796e-003 0. 3.79597535e-003 0. 0.
    0. 0. 0. 0. 0. 0. 6.30801683e-003 0. 0. 0. 6.28534472e-003 0.
    2.13483640e-004 0. 1.48179533e-004 0. 3.69166862e-003 0.
    8.68680247e-004 0. 2.95637245e-003 0. 0. 2.10275524e-003 0. 0. 0. 0.
    7.36914051e-004 2.25719418e-002 0. 1.58461800e-003 0. 0. 0.
    3.05263238e-004 0. 0. 0. 0. 3.45549663e-003 0. 3.45360581e-003
    6.58889709e-004 8.13474879e-003 0. 0. 4.99628391e-003
    3.42865125e-003 0. 1.04562659e-003 2.81390082e-003 0. 0. 0.
    -1.86902191e-003 0. 3.52855865e-003 0. 0. 0. 9.54361819e-003 0.
    -2.28184974e-003 0. 4.64644138e-004 0. 1.37981726e-003
    3.80435549e-002 0. 0. 0. 9.83401574e-003 0. 0. -9.21960862e-004
    -2.70883203e-004 0. 3.75267933e-004 0. 0. 0. 0. -2.11867341e-003
    1.13895424e-002 0. 0. 0. 0. 1.30059361e-003 0. 0. 0. 0. 0.
    8.16346612e-003 0. 2.48356932e-003 0. 0. 0. 0. 2.56116339e-003
    -1.44209492e-003 0. 0. 0. 0. 0. 0. 0. 3.91127588e-003 0. 0. 0. 0. 0.
    0. 2.36694375e-003 0. 0. 0. 0. 0. 0. 0. 0. 1.05108670e-003 0. 0.
    2.03782669e-003 4.99459403e-003 0. 0. 0. 3.22254747e-003
    4.37916111e-004 0. 0. 0. 3.16542736e-003 1.34207087e-003 0. 0. 0. 0.
    0. 0. 0. 0. 0. 4.38438350e-004 0. 0. 1.35279801e-002 0. 0. 0. 0. 0.
    0. 1.15282470e-002 0. 0. 0. 0. 0. 0. 0. 0. 0. 8.12549889e-003
    9.87710780e-004 2.37614359e-003 2.12737173e-003 0. 0.
    6.61356375e-004 1.76637538e-003 0. 0. 2.13356526e-003 0.
    2.91792350e-003 0. 0. 0. 0. 0. 0. 0. 0. 2.57905503e-003
    1.85430283e-003 2.37279339e-003 0. 1.83293724e-003 3.67497141e-003
    0. 2.28455453e-003 0. 0. -2.06408883e-003 7.64153199e-004 0. 0.
    -1.54927187e-003 0. 5.05813397e-003 8.20787065e-003 0. 0.
    3.22541175e-003 0. 1.39562618e-002 0. 0. 0. 1.84035965e-003
    4.09434346e-004 0. 0. 1.62786047e-003 0. 0. 0. 0. 0. 0. 0. 0.
    5.60352462e-004 0. 0. 2.02138931e-003 0. 0. 0. 0. 0. 0.
    -3.40452039e-004 0. 2.77171843e-003 0. 0. 0. 0. 0. 1.89430814e-003
    0. 7.03220116e-003 0. 0. -1.65860530e-003 0. 0. 0. -8.57525913e-004
    0. -2.42588241e-004 1.14847079e-003 0. 1.47303531e-003
    1.86546211e-004 0. 0. 1.06947054e-003 0. 0. -3.56409093e-003 0.
    3.33016831e-003 0. 0. 3.28532443e-003 0. 0. 0. 0. 0. 0. 0. 0. 0. 0.
    0. 0. 2.06016060e-002 -1.27939833e-003 1.47581479e-004 0.
    1.90708681e-003 0. 0. 3.84191982e-003 0. 0. 0. 0. -1.20038795e-003
    2.71302502e-004 0. 0. 0. 2.19681463e-003 0. 0. -1.75245421e-003 0.
    0. 9.44662374e-004 0. 0. 0. 1.45069195e-003 5.68027562e-003 0. 0. 0.
    0. 3.27354041e-003 0. 0. 0. 0. 9.67108365e-003 1.13752084e-002 0. 0.
    0. 2.49525928e-003 0. 0. 5.10626473e-003 1.13253882e-004
    2.83523705e-002 8.38895794e-003 6.90824166e-003 0. 0. 0.
    -7.34705070e-004 0. 0. 2.86365370e-003 0. 0. 2.22450495e-003 0.
    3.23880371e-003 0. 0. 0. 0. 1.16255041e-002 0. 0. 1.72132393e-003
    9.41181614e-004 0. 0. 5.05562406e-003 2.23294529e-003
    -7.37615555e-005 0. 0. 4.97165276e-003 9.51621123e-003
    -1.62797005e-004 7.84024131e-003 0. 0. 0. 0. 0. -8.98324070e-004
    4.78720153e-003 0. 0. 0. 0. 0. 4.96111019e-003 0. 0. 6.87585399e-003
    0. 0. 0. 2.39790790e-003 4.81431512e-003 7.35942507e-004 0. 0. 0. 0.
    0. 0. 2.23866873e-003 0. 0. 2.62300367e-003 -1.72578660e-003
    1.01798761e-003 0. 0. 0. 0. 0. -3.67897912e-004 0. 0. 0. 0. 0. 0. 0.
    0. 0. 0. 0. 0. 0. 0. 3.99496686e-003 0. 0. 1.50942913e-004
    1.07780239e-003 0. 0. -1.63964869e-004 -2.44289287e-004 0. 0.
    7.97110843e-004 0. 0. 0. 0. 0. 6.00539788e-004 0. 0. 7.63371529e-004
    0. 0. 0. 0. 0. 2.44626380e-003 0. 2.47149705e-003 9.12636705e-003 0.
    0. 5.36567881e-004 1.41775433e-003 0. 0. 0. 0. 0. 0. 0. 0.
    2.33636657e-003 0. 2.34035915e-003 0. 0. 0. 8.74629896e-003 0. 0.
    -7.36166665e-004 2.34083761e-003 -3.68324784e-003 0. 0. 0. 0. 0.
    -3.08248471e-003 0. 5.97772829e-004 0. 0. -1.69029704e-003
    2.02826104e-005 0. -7.78452842e-004 2.02161563e-003 0. 0. 0. 0. 0.
    0. 0. 0. 3.07467463e-003 0. 2.65605422e-003 0. 0. 0. 2.67738244e-004
    -9.82134254e-004 0. 0. 0. 0. -1.03576258e-002 2.66191107e-003
    1.60458894e-003 0. 0. 5.92673384e-003 0. 3.24954488e-003
    4.38699266e-004 1.02381287e-002 0. 0. 0. -2.04342185e-004 0.
    1.01351889e-003 6.17393525e-003 0. 4.40803403e-003 0. 0.
    -5.22768265e-003 0. 1.69886425e-002 4.82398132e-003 2.27408740e-003
    0. 0. 0. -3.13152705e-004 0. 0. 0. 0. 5.75355859e-003 0.
    2.60676467e-003 0. 1.62546546e-003 -8.49346397e-004 9.77272820e-003
    0. -2.92304950e-003 0. 0. 0. 0. 0. 0. 0. 0. 0. 0. 0. 1.92980317e-003
    2.65790522e-003 7.22565874e-003 2.07541161e-003 0. 0. 0.
    6.39145379e-004 2.52251374e-003 1.23722455e-003 1.14735600e-003
    2.32427637e-003 2.81616277e-003 2.54806597e-003 0. 0.
    3.09817283e-003 0. -1.75142637e-003 0. 0. 0. 1.68400386e-003 0.
    2.17116647e-003 0. 0. 0. 0. 0. 0. 0. -1.44069141e-003
    9.93847474e-003 0. 6.40956033e-003 0. 0. 1.74747803e-003
    1.77868102e-002 0. 0. -8.83644330e-004 1.69448182e-002 0.
    5.66564035e-003 -5.29906793e-005 0. 0. 0. 0. 0. 8.10459815e-003 0.
    6.32195408e-003 0. 2.56396504e-003 -1.11924252e-003 -1.42688770e-003
    0. 0. -9.04034299e-004 0. 0. 0. 0. 2.24530743e-003 0.
    2.12603831e-003 0. 0. 0. 0. 0. 0. 6.01464277e-003 0. 0.
    2.02257512e-003 0. 0. 7.19799777e-004 0. -6.79975376e-004 0. 0. 0.
    0. 0. 0. 0. 0. 0. 0. 2.65644421e-003 0. 2.71894503e-003
    6.00401498e-003 0. -3.13389261e-004 0. 0. 0. 0. 0. 0.
    1.88741181e-003 2.65739486e-003 0. 0. 0. 0. 5.48203476e-003 0. 0. 0.
    0. 0. 5.18778618e-003 0. -1.07814546e-003 0. 0. 0. 0. 0. 0. 0. 0. 0.
    0. 0. 4.85476945e-003 0. 1.15600880e-003 0. 0. 0. 0. 0.
    5.08107757e-003 0. 0. 8.54610349e-004 0. 2.16731615e-003 0. 0. 0. 0.
    0. 0. 1.11734924e-004 0. 0. 0. 0. 0. 0. -3.41137784e-004 0.
    5.13779698e-003 -2.60724174e-003 6.98861107e-003 0. 0.
    6.14085933e-003 0. 0. 0. 0. 0. 0. 1.60310895e-003 0. 0. 0. 0. 0. 0.
    0. 2.22786306e-003 0. 0. 0. -7.79446389e-004 2.19176128e-003 0.
    1.42316648e-003 0. 0. 0. 7.40656105e-004 0. 0. 0. 1.19156786e-003
    -1.42106044e-004 0. 0. 2.95177219e-003 9.09428671e-003 0. 0.
    4.56290116e-004 0. 0. 0. 0. 0. -2.51329155e-003 2.55358592e-002
    5.72290970e-003 0. 2.60080793e-003 0. 1.70394196e-003 0.
    5.16843866e-004 1.01961372e-002 0. 0. 5.99628501e-003
    2.30198540e-003 0. 0. 0. 0. 3.11313989e-003 0. 0. 2.70288409e-004 0.
    0. 0. 2.73082708e-003 0. 0. 2.26771203e-003 0. 0. 0. 0. 0. 0. 0. 0.
    0. 1.01792905e-003 1.02235265e-002 0. 0. 1.07211387e-003 0. 0. 0.
    -2.79416167e-003 0. 0. 0. 0. 0. 0. 1.76448945e-003 0. 0.
    -1.82718248e-003 0. 0. 0. 1.53877982e-003 0. 0. 0. 0. 0.
    2.41706823e-003 0. 5.99278603e-003 0. -1.09759753e-003
    2.45947833e-003 0. 0. 3.42575996e-003 0. 4.04719729e-003 0. 0.
    1.77060219e-003 0. 0. 0. 4.83416533e-003 0. 0. 0. 0. 0. 0. 0. 0.
    3.09244171e-003 3.25172883e-003 9.96653107e-004 0. 0.
    5.70737431e-003 0. 0. 0. 0. 0. 2.04787664e-002 2.03515682e-003 0. 0.
    1.16489583e-003 0. 0. 0. 1.21510775e-005 0. 0. 0. -3.96015414e-004
    9.89153166e-004 0. 2.76540103e-003 -1.60818483e-004 3.91065422e-003
    2.21583946e-003 0. 1.06254651e-003 0. 0. 1.64195220e-003
    -1.34066865e-003 6.28123118e-004 7.04705948e-003 4.64682234e-003 0.
