<?xml version="1.0"?>
<opencv_storage>
<imageDescriptor type_id="opencv-matrix">
  <rows>1</rows>
  <cols>1000</cols>
  <dt>f</dt>
  <data>
    0. 0. 0. -2.06053467e-003 0. 7.95141049e-003 0. 0. 2.47746380e-003
    -4.23115504e-004 0. 4.66211961e-004 0. 1.26120111e-003 0. 0. 0.
    2.18944740e-003 0. 0. 7.27224909e-003 3.66233499e-003 0. 0.
    -3.82967317e-003 2.55852006e-003 1.06839333e-002 0. -2.45566620e-003
    0. 6.01503113e-003 0. 0. 0. 0. 0. 0. 0. 1.01631519e-003
    1.67140446e-003 -6.79093864e-005 0. 0. 7.16533232e-003 0. 0.
    -1.87873014e-003 2.30674958e-003 0. 0. 0. 5.84041525e-004 0. 0. 0.
    0. 0. 0. 0. 6.21314067e-003 0. 5.74893970e-003 0. 0. 0. 0. 0.
    1.16701964e-002 0. 0. 3.42426728e-003 0. 4.49087558e-004
    -2.47116317e-003 0. 1.68785185e-003 0. 0. 0. 4.50052880e-003
    1.00804376e-003 9.70562734e-003 0. 8.98054615e-003 2.51870905e-003
    0. 0. 0. 0. 0. 1.30606597e-004 2.03329208e-003 -1.17068028e-003
    1.97634846e-003 0. -1.92910037e-003 -2.35495754e-002 3.33675533e-003
    0. 0. 0. 0. 0. 0. 0. 6.73120143e-003 0. 1.68073666e-003
    6.37997268e-003 0. 0. 3.95391980e-004 0. -1.69013371e-003
    1.10760694e-002 0. 0. 0. 0. 0. 0. 2.11083516e-003 0. 0. 0.
    7.62145850e-004 0. 2.90753762e-003 0. -2.38233083e-003 0. 0. 0.
    7.69061502e-003 6.83166692e-003 0. 1.96110667e-003 0.
    9.67876345e-004 0. 4.77686292e-003 0. 0. 0. 0. 0. 0. 6.63368870e-003
    2.33035814e-003 0. 1.07966596e-003 0. 3.71435285e-003 0.
    -3.34975868e-003 0. -4.66178125e-003 0. 0. 0. 0. 0. 0.
    4.00231034e-003 9.92140733e-003 0. 0. 1.51579746e-003 0.
    9.66738036e-004 2.99191009e-003 0. 3.70127847e-003 1.23766595e-002
    1.27494882e-003 2.77173775e-003 0. -4.93591884e-004 0. 0.
    2.20489176e-003 0. 0. 0. 1.35698204e-003 0. 0. 0. 0. 0. 0.
    6.92226691e-003 5.47995046e-003 8.30501143e-004 0. 0. 0. 0.
    5.41627407e-003 0. 0. 0. -7.73551641e-004 1.27638672e-002 0.
    -2.91593629e-003 3.53826210e-004 0. 0. 0. 0. 0. 0. 0.
    -6.52627277e-005 1.58586551e-003 0. 0. -9.79935983e-004 0. 0. 0.
    1.05871186e-002 1.83632877e-003 0. 0. 0. 8.55175499e-003
    1.86561234e-002 0. 0. 0. 8.58317537e-004 0. -2.06833170e-003 0.
    1.18789880e-003 0. 0. 0. -1.78022182e-003 0. 0. 1.58746145e-003 0.
    2.56003300e-003 0. 0. 8.78106453e-004 0. 1.41789531e-003
    1.33714522e-003 0. 0. -2.57005246e-004 0. 0. 0. 6.64584513e-004 0.
    0. 0. 3.47720878e-003 0. 0. 0. 0. 2.70163902e-004 0. 0. 0.
    5.35941310e-003 0. 5.80627285e-003 0. 0. 6.75228541e-004 0.
    9.81179718e-003 6.26629358e-003 1.13638467e-003 1.18893152e-003 0.
    0. 5.23318362e-004 0. 0. 2.29570083e-003 0. -1.75258738e-005 0.
    3.97783192e-003 5.09099243e-003 0. 5.94123779e-003 8.06085393e-003
    0. 1.67730059e-002 1.17010635e-003 0. 0. 1.32818706e-003 0.
    2.02916423e-003 0. 0. 0. 0. 1.29564237e-002 0. 3.93451424e-004
    3.90764698e-003 0. 0. -5.74825564e-004 0. 0. 0. 3.14054592e-003 0.
    0. 0. -6.24705048e-004 0. 0. 0. 0. 5.17967204e-003 0. 0. 0.
    2.16594408e-003 0. 0. 0. 0. 0. 0. 0. 0. 0. 0. 0. 0. 0. 0.
    5.40102320e-003 0. 0. 2.94364151e-003 1.44621404e-003
    9.47978697e-004 0. 0. 0. 3.36044282e-003 0. 0. 9.26149427e-004 0. 0.
    0. 0. 1.41457736e-003 2.04546354e-003 2.03388417e-003
    -1.29285862e-003 0. 4.69265413e-003 1.38781592e-003 0.
    2.30912329e-003 0. 0. 0. 0. 1.82244228e-004 2.46553328e-002 0.
    -1.39230257e-003 0. 0. 1.61179563e-003 9.87561699e-003
    1.00909744e-003 0. 1.46343128e-003 0. 2.47422350e-003 0.
    8.94528069e-003 6.40176376e-003 2.99616135e-003 3.38246231e-003
    3.27086687e-004 1.42167567e-003 1.75198901e-003 0. 1.52438390e-003
    0. 0. 0. 0. 1.30715524e-003 1.07527047e-003 0. 0. 1.04558642e-003 0.
    0. 0. 0. 2.12049112e-003 0. 0. 0. 8.29727389e-004 0. 0. 0. 0.
    4.06092638e-003 0. 0. 0. 2.01241323e-003 -6.06893504e-004
    1.15211913e-003 3.50949564e-003 0. 8.98613781e-003 0.
    1.46507204e-003 2.79871048e-003 0. 0. 0. 0. 0. 1.07527049e-002 0. 0.
    2.29885289e-003 0. 0. 0. 0. 0. 0. 0. 0. 0. 0. 1.26811024e-003
    7.45411264e-003 0. 0. 5.67427184e-003 5.02047222e-003 0. 0. 0.
    -1.20931526e-003 0. 6.11309707e-003 1.14025082e-002 5.25900163e-004
    0. 0. 0. 0. 0. 0. 0. 0. 0. 0. 1.90014183e-003 0. 0. 1.48749421e-003
    0. 0. -1.77066409e-004 0. 1.02517765e-003 0. 0. 0. 2.75217881e-003
    0. 0. 0. 0. 0. 0. 0. 0. 0. 4.48251236e-003 -2.71340163e-004
    1.77519815e-003 0. 0. 0. 0. 0. 0. 5.04180614e-004 0. 0. 0. 0. 0.
    7.78900459e-003 0. 0. 0. 2.73006619e-003 1.95510243e-003
    1.88341876e-003 0. 1.75214477e-003 0. 0. 0. 0. 0. 5.85599802e-004 0.
    -9.79259028e-004 1.59450695e-002 0. -6.09315000e-004 1.44795263e-002
    0. 4.24016127e-003 3.26792174e-003 0. 0. 0. 0. 1.38260529e-003 0.
    4.91278432e-003 2.11284310e-003 0. 0. 0. 0. 1.83574371e-002 0.
    -1.01800806e-005 0. -3.75702162e-004 0. 0. 2.92808050e-003 0. 0. 0.
    0. 0. 0. 0. 0. 0. 0. 1.51138124e-003 1.50250050e-003 0. 0.
    -1.09422766e-003 0. 0. 0. 0. 0. 0. 6.32882072e-003 -2.51399912e-003
    0. 1.49375934e-003 0. 0. 0. 2.10359087e-003 0. 7.71299179e-004
    2.90626753e-003 0. 1.03127519e-002 1.52169978e-002 0.
    1.00603176e-003 0. 5.71701163e-003 0. 0. 0. 8.48544238e-004
    -1.89308799e-003 0. 3.01793241e-003 0. 1.26745726e-003 0.
    5.22529532e-004 0. 0. 0. 3.34221218e-003 0. 0. 0. 0. 0. 0. 0. 0. 0.
    0. 0. 0. -9.93936439e-004 1.84462999e-003 0. 0. 0. 0. 0. 0. 0.
    2.44895136e-003 2.06195889e-003 1.12197055e-002 -5.19319088e-004
    3.65724467e-004 0. 1.73670780e-002 0. 0. -1.73872942e-003
    -1.96836051e-003 0. -3.49869137e-004 0. 0. 0. 0. 2.04831245e-003 0.
    0. 0. 6.89751934e-004 0. 0. -1.89110148e-003 0. 1.17367075e-003 0.
    0. 0. 0. 0. 0. 1.23053882e-002 8.52665748e-004 2.83319596e-003 0. 0.
    -1.17366668e-003 1.70595618e-003 5.01345098e-003 0. -4.28012601e-004
    0. 1.02366379e-003 0. 0. 0. -1.74463878e-003 0. 0. 0.
    1.29549555e-003 0. 6.64071506e-003 0. 0. 8.92872049e-004 0.
    3.23084556e-003 0. 0. 0. 0. 0. 0. 0. 0. 0. 0. 0. 7.13715213e-004 0.
    0. -2.93443981e-003 0. 0. 2.32353667e-003 0. 0. 0. 3.22687021e-003
    6.34820957e-004 0. 0. 0. 0. 2.28540646e-003 0. 0. 0. 5.87929320e-003
    3.05132545e-003 7.58628594e-005 0. 0. 0. 0. 0. 1.67472789e-003 0. 0.
    -2.28949473e-003 4.68457257e-003 0. 0. 7.54744140e-003 0.
    8.79317056e-003 2.70453375e-003 2.43850937e-003 -4.18803567e-004 0.
    0. 3.88128799e-003 0. 6.75232010e-003 0. 0. 0. 1.00905665e-004 0.
    -4.08008369e-003 0. 0. 0. 0. 0. 0. 0. 0. 0. 2.13344069e-003 0. 0. 0.
    0. 0. 0. 3.95537168e-003 0. 1.21852290e-003 0. 0. 0. 0.
    -3.71435453e-004 7.50677660e-004 2.69085029e-003 0. 0. 0. 0. 0. 0.
    -2.28896062e-003 0. 0. 0. 0. 0. 0. 1.96138606e-003 0. 0.
    -4.95033863e-004 -2.43165021e-004 0. 1.80746778e-003 0. 0.
    2.69689481e-003 0. 0. 0. 8.19481618e-004 0. 0. 0. 0. 0. 0. 0. 0.
    5.27729753e-005 0. 3.59953614e-003 0. 0. 0. 5.16298693e-004 0. 0. 0.
    6.07566303e-003 0. 0. 0. 9.25921462e-003 0. 0. 2.05115741e-003 0.
    9.74886818e-004 2.09415355e-003 0. 0. 0. 0. 3.56682064e-003 0. 0. 0.
    0. 8.64882953e-003 0. 1.29974040e-004 -8.32815247e-004
    -8.89924646e-004 6.25994289e-003 0. 2.80530355e-003 0.
    1.23173185e-002 0. 3.26906564e-003 0. 0. 0. 2.89125298e-003 0. 0. 0.
    3.86337005e-003 0. 6.49010902e-003 -8.66960472e-005 -4.24139109e-003
    5.22985775e-003 1.29537063e-003 0. 3.78247560e-003 0. 0. 0. 0. 0.
    4.83312702e-004 3.96882533e-004 0. 0. 1.23368297e-002 0. 0. 0. 0.
    3.01610620e-004 -1.28892751e-003 0. 0. 0. 9.79026430e-004
    5.64252120e-003 0. 0. 0. 0. 0. 0. 0. 0. 0. 0. 0. 0. 0.
    -3.50551656e-003 0. 0. 0. 0. 0. 0. 2.64529279e-003 0. 0. 0. 0. 0. 0.
    0. 1.15881930e-003 0. 0. 0. 0. 0. 0. 1.89553038e-003 0.
    -1.29252658e-006 0. 0. 4.32050176e-004 0. 0. 6.29464118e-003 0.
    7.72245810e-004 2.52127810e-003 1.03884109e-003 0. -9.17447542e-005
    0. 1.26407910e-002 0. 0. 1.22109624e-002 0. 0. 0. 1.49937300e-003 0.
    0. 0. 0. 0. 0. 0. 0. 0. 0. 0. 1.55150949e-004 0. 0. 7.76683399e-003
