<?xml version="1.0"?>
<opencv_storage>
<imageDescriptor type_id="opencv-matrix">
  <rows>1</rows>
  <cols>1000</cols>
  <dt>f</dt>
  <data>
    0. -8.40272172e-004 0. 2.88881222e-003 0. 9.45924025e-004 0.
    2.04375815e-002 2.93688755e-003 0. 0. -3.23034381e-003 0. 0. 0. 0.
    0. 0. 3.01294611e-003 3.65036703e-003 0. 0. 0. 0. 8.15713312e-003 0.
    0. 0. 0. 4.56348853e-003 3.10930843e-003 6.51038578e-003 0. 0. 0. 0.
    0. 1.30664650e-003 0. 0. 0. 0. 0. 8.28333758e-003 2.05198885e-003
    4.26055584e-003 5.05827833e-003 0. 0. 0. 0. 0. 0. 6.61936169e-003 0.
    0. 0. 0. 0. 2.00897129e-003 0. 0. 0. 0. 0. -1.86011405e-003
    4.19384893e-003 0. 2.05184286e-003 9.07416921e-004 0. 0. 0.
    5.73325343e-003 1.35786278e-004 0. 0. 0. 9.63242073e-003 0.
    1.28992461e-003 0. 0. 0. 0. 0. 1.10691646e-002 0. 7.68187363e-003 0.
    0. 0. 0. 1.14862865e-003 0. 0. 0. 1.10439025e-002 0. 0.
    4.31957329e-003 0. 0. 1.41148013e-003 0. 0. 0. 0. 0. 0.
    6.47659972e-003 0. 0. 0. -1.29380811e-003 0. 0. 0. 0.
    4.66934964e-003 0. 0. 2.82670313e-004 0. 0. 0. 0. 0. 0. 0. 0.
    2.28911452e-003 6.24781335e-003 5.39958337e-003 -4.80598351e-003
    8.70564114e-003 2.19135359e-003 -3.27656860e-004 1.83222145e-002 0.
    0. 2.99334549e-003 2.40277222e-005 -5.42697217e-003 0. 0. 0. 0. 0.
    0. 0. 0. 0. 7.26477156e-005 0. 0. 0. -2.66157393e-003 0.
    1.54602958e-003 -6.98833785e-004 4.05250443e-003 -5.55032631e-003
    6.37700874e-003 3.70191829e-003 5.26034180e-003 0. 3.24657816e-003
    -2.00377172e-003 0. -1.16454752e-003 0. 0. 7.54658552e-003
    5.24304388e-003 0. 0. 0. 0. 7.63851393e-004 0. 0. 2.28272262e-003 0.
    1.85282575e-003 0. 3.83515353e-003 1.52390427e-003 0. 0. 0. 0. 0. 0.
    0. 0. 0. 0. 0. 0. 1.55003532e-003 5.42027317e-003 3.55833792e-003 0.
    0. 0. 0. 0. 0. 1.21773616e-003 1.80005864e-003 1.39581936e-003 0.
    -1.44680787e-004 0. -2.51218444e-004 0. 5.73362224e-003 0. 0. 0. 0.
    -2.73111486e-003 0. 2.12178007e-003 0. -1.81296794e-003 0. 0. 0.
    2.57825502e-003 0. 1.03829731e-003 1.10201472e-002 0.
    2.58866022e-003 1.07058519e-002 0. 0. 0. 9.23513086e-004 0.
    2.37719738e-003 1.42192328e-002 0. 0. 2.66957004e-003 0. 0. 0. 0. 0.
    4.80907690e-003 0. 0. 0. 2.07241828e-004 0. 0. 0. 0. 0.
    4.02961485e-003 0. 0. 0. 1.57424260e-003 0. 0. 0. 0.
    -5.38127124e-003 5.28792501e-004 0. 0. 0. 7.12839700e-003 0.
    3.76095949e-003 0. 3.76675068e-003 0. 0. 9.55633260e-003 0.
    1.24543707e-003 0. 0. 4.06331907e-004 8.10722180e-004
    1.21833221e-003 0. 8.86289123e-003 1.39085874e-002 0. 0. 0. 0. 0. 0.
    0. 4.75491257e-003 0. 2.68630008e-003 3.69154662e-003
    1.84084568e-003 -3.63304047e-003 6.35214522e-003 0. -5.69094066e-003
    4.46758885e-003 0. 0. 0. 0. 6.16477046e-004 0. 0. 0.
    -1.28506648e-003 0. 0. 3.15775815e-003 0. 5.23321517e-003 0. 0. 0.
    -1.87287678e-005 0. 0. 0. 1.33123863e-002 8.80795880e-004 0. 0. 0.
    0. 0. 0. 0. -1.46538345e-003 2.94835656e-003 0. 0. 0. 0. 0. 0.
    -7.51899352e-005 0. 2.58686283e-004 0. 0. 4.21431009e-003 0. 0. 0.
    0. -1.72276841e-003 2.97125056e-003 9.01801861e-004 1.76663525e-004
    0. 0. 0. 0. 0. 0. 0. 0. 0. 5.84849855e-003 0. -1.48610829e-003
    3.74474609e-003 0. -2.22633927e-004 7.26489723e-003 0. 0. 0.
    6.85399817e-003 0. 0. 0. 4.96328983e-004 0. 0. 0. 0. 0.
    2.22481700e-004 0. 0. 0. 0. 0. 0. 0. 0. 0. 0. 0. 0. 0. 0.
    -5.85738562e-005 0. 0. 0. 1.08279439e-003 0. 0. 0. 2.71695579e-004
    7.13543221e-003 2.28985655e-003 0. 0. 0. 0. 0. 0. 0. 0. 0.
    -2.26714183e-004 0. 0. 0. -1.76525244e-003 4.76878323e-003 0. 0. 0.
    0. 5.20684849e-003 0. 0. 0. 4.31390619e-003 0. 0. 1.23460656e-002 0.
    0. -7.77675887e-004 -1.06065476e-003 0. 0. 0. -9.46690503e-004
    8.65178742e-003 0. 0. 0. -2.95258331e-004 6.95799757e-003 0. 0. 0.
    0. 2.64191348e-003 0. 1.62373837e-002 7.26207276e-004 0. 0. 0. 0. 0.
    0. 0. 1.05510501e-003 0. 0. 0. 3.35999113e-003 -7.59721384e-004
    2.21249158e-003 0. -1.30923523e-003 0. 4.03752364e-003 0. 0. 0. 0.
    0. 0. -3.31460778e-003 0. 0. 5.45917870e-003 4.05279407e-003 0.
    9.06354340e-004 0. 0. 3.77449254e-003 0. 0. 0. 0. 0. 0. 0.
    1.72064349e-003 0. 0. 0. 0. 0. 0. 1.89294433e-003 2.90599233e-003
    6.49805600e-003 3.98629764e-003 0. -1.48403633e-003 -1.27496838e-003
    0. -3.60140199e-004 0. 2.45734875e-004 6.50585257e-003
    1.36684871e-003 0. 0. 0. 1.66523848e-002 0. -7.19658798e-004 0. 0.
    0. 0. 0. 0. 0. 0. 0. 0. 9.09066480e-003 0. 0. 1.12849567e-003 0. 0.
    5.66015299e-003 3.02670104e-003 5.03490958e-003 0. 4.58794320e-003
    0. 0. 1.71723764e-003 3.16893529e-005 0. 0. 0. 0. 0. 4.55000438e-003
    0. 0. 0. 0. 0. 3.96995666e-003 0. 0. 0. 0. 0. 0. 0. 0. 0. 0. 0. 0.
    2.11097649e-003 0. 0. 0. 8.34258040e-004 0. 2.34675873e-003 0. 0. 0.
    0. 0. 0. 0. 0. 0. 0. 0. 0. -2.20498117e-003 0. 6.14544703e-003
    -2.38827779e-003 0. 0. 0. 5.78015903e-003 5.33567334e-004 0. 0.
    5.12834778e-003 0. 0. 0. 0. 1.72183639e-003 0. 0. 1.53330897e-004 0.
    0. 0. 0. 0. 1.79682931e-004 0. 0. 0. 0. 0. 0. 0. -2.97542405e-003 0.
    0. -1.08791317e-003 0. 0. 0. 0. 0. 0. 6.38717646e-003
    -1.51904009e-003 0. 3.11885891e-003 0. 4.85464418e-003 0. 0.
    1.27172647e-002 -6.35712128e-003 0. 0. 1.86809606e-003
    -7.80271017e-004 -2.06202664e-003 0. 0. 0. 0. 0. 0. 0. 0. 0. 0. 0.
    0. 0. 0. 0. 0. 2.55695893e-003 6.02166867e-003 0. 0. 0. 0. 0. 0. 0.
    7.18058646e-003 0. 0. 4.42272797e-003 -4.43873974e-003
    1.00001767e-002 1.43222800e-002 0. 0. 1.11495499e-002 0. 0.
    3.46411322e-003 0. 1.25665832e-002 0. 0. 9.98492469e-004 0.
    1.80892274e-003 0. -6.31365459e-004 0. 0. 0. 0. 0. 0.
    1.14673004e-002 7.82358088e-003 0. 3.53298592e-003 9.37201455e-003
    0. 0. -3.31952120e-004 0. 0. 8.76158010e-003 0. 1.75575202e-003 0.
    6.38409983e-003 0. 0. 7.53767788e-003 0. 6.26990618e-003
    4.42725467e-003 1.55456539e-003 0. 0. 0. 0. 0. 4.05945722e-003 0.
    5.72399949e-005 -8.66984337e-005 0. 0. 0. 6.92012429e-004
    7.27287086e-004 0. 0. 4.72352700e-003 0. 0. 7.56100472e-003 0.
    3.57790221e-003 0. 0. 0. 0. 0. 0. 2.09851889e-003 0. 5.25999302e-003
    0. 5.51618123e-003 0. 0. 0. 0. 1.82682986e-003 0. 1.51544635e-003
    1.49426796e-003 0. 2.89300503e-003 0. 0. 0. 7.04701804e-003 0. 0.
    -4.07034589e-004 0. 0. 0. -2.75485078e-003 0. 2.23216601e-003
    2.56846868e-003 0. 0. 0. 1.08759096e-002 0. 0. 5.25046373e-003 0. 0.
    0. 4.94033238e-003 0. 0. 0. 1.18284253e-002 0. 0. 0. 0. 0. 0.
    1.04069142e-002 -5.47475414e-004 0. 0. 0. 0. -1.32567133e-004
    5.00539842e-004 0. 0. 6.46720524e-004 0. 0. 0. 0. -3.60605511e-004
    0. 0. 0. 0. 0. 0. 0. 2.93150195e-003 0. 0. 5.96761564e-003 0. 0.
    3.97058437e-003 -6.73979195e-003 0. 3.06735700e-003 0. 0. 0. 0.
    7.53396249e-004 0. 0. 0. 1.54883601e-003 0. 0. 0. 0. 1.04154123e-003
    2.27972632e-003 0. 0. 0. 1.23608892e-003 0. 0. 0. 0. 0.
    1.32428645e-003 0. 9.61230602e-003 0. 0. 1.13438442e-003 0. 0.
    1.53579423e-003 0. 0. 0. 1.69424452e-002 0. 0. 2.68370076e-003 0. 0.
    0. 0. 0. 0. 0. 0. 0. 0. 0. 3.64834769e-003 0. 0. 0. 0. 0.
    5.07416250e-003 1.24093110e-003 0. 0. 0. 0. 0. 0. -4.76586487e-004
    -6.14229823e-003 2.81204679e-003 3.84567748e-003 0. 0. 0. 0. 0.
    2.38705426e-003 0. 0. 5.46657993e-003 0. 0. 1.25339837e-003
    -1.57794310e-003 1.32487053e-002 7.88937975e-003 0. 0.
    6.94696850e-004 0. 0. 2.16888054e-003 -9.75834919e-005 0.
    3.53827461e-004 0. 8.28160159e-003 -1.98165211e-003 0. 0. 0.
    2.27827509e-003 0. 0. 8.82606395e-003 0. 0. 0. 0. 0. 0. 0. 0. 0.
    2.95856688e-003 0. 4.21062345e-003 0. 0. 0. 4.42600297e-003 0. 0.
    2.56299227e-003 0. 0. 0. 0. 0. 0. 0. 0. 0. 4.11159499e-003 0. 0.
    6.05100347e-003 0. 0. 0. 0. 3.90361366e-003 0. 0. 0. 0. 0. 0. 0. 0.
    0. 5.72431460e-003 1.54828718e-002 -9.34261552e-005 8.07425880e-004
    0.</data></imageDescriptor>
</opencv_storage>
