<?xml version="1.0"?>
<opencv_storage>
<imageDescriptor type_id="opencv-matrix">
  <rows>1</rows>
  <cols>1000</cols>
  <dt>f</dt>
  <data>
    0. -5.03570307e-003 -1.48795964e-003 0. 0. 0. 0. 1.84301275e-003
    1.89480325e-003 0. 0. 0. 5.09657373e-004 0. 0. 0. 0. 0.
    2.35159625e-003 0. -4.26476682e-003 0. 0. 0. 7.12735718e-003 0.
    2.69835000e-003 4.31754021e-003 0. 0. 0. 1.48899201e-002 0.
    1.27775173e-004 1.13420549e-003 0. 0. 1.36200292e-003 0.
    3.26081994e-003 0. 0. 9.22416802e-003 0. 0. 0. 0. 0. 0. 0. 0.
    2.56573944e-003 0. 9.26429499e-003 0. 2.60168384e-003 0. 0. 0.
    7.16594746e-003 0. 3.67937610e-004 0. 2.79911538e-003
    1.36799961e-002 0. 0. 0. -3.68449837e-003 0. 0. 0. -3.41982086e-004
    4.26096842e-003 5.47852251e-004 0. 8.77035374e-004 2.12356402e-003
    1.30716362e-003 0. 0. 1.25322351e-003 0. 0. 1.71075168e-003
    2.81448895e-003 -1.74897141e-003 6.49664260e-004 1.57992227e-003 0.
    0. 3.86238564e-003 0. 1.82036182e-003 -1.48374680e-003
    9.74774593e-004 0. 3.89030669e-003 -1.36296009e-003 0. 0.
    -1.12998066e-003 0. 2.15041987e-003 0. 0. 1.67804028e-004 0.
    7.56315887e-003 0. -3.21170723e-004 0. 0. 0. 2.00441270e-003 0.
    -6.43308100e-004 1.13180187e-002 -9.98102361e-004 0. 0.
    3.55315674e-003 0. 0. 0. 0. 0. 2.39954935e-003 9.06151778e-004 0. 0.
    0. 0. 0. 0. 0. 4.43753833e-003 0. 1.08536298e-003 0. 0. 0. 0. 0.
    8.17197468e-003 0. 0. 3.26123182e-003 -3.34503246e-004 0.
    1.52674387e-003 1.56505778e-003 0. 0. 0. 0. 6.64066290e-003
    4.78579430e-004 9.73540079e-003 0. 0. 4.17894218e-003
    2.94486107e-003 2.88188155e-003 0. 0. 0. 6.06145151e-003
    3.28511605e-003 2.13227002e-003 0. 1.86088285e-003 0. 0. 0. 0.
    4.71703848e-003 0. 6.38021855e-004 -6.18072663e-005 0. 0. 0.
    4.23854263e-003 0. 0. 0. 0. 0. 0. 0. 5.73248416e-003 9.63395461e-004
    0. 0. 0. 0. 0. 0. 0. 0. 1.54159861e-004 0. 0. 0. 1.87804818e-003 0.
    5.32329734e-003 0. 0. 0. 0. 0. 0. 9.35856835e-004 0.
    -2.30200210e-004 7.64561468e-004 2.30564363e-003 -3.90851346e-004
    -5.66930976e-004 0. 0. 0. 0. 0. -1.82566780e-003 0. 6.01724838e-004
    2.94064346e-004 0. 0. 6.59218989e-004 6.21525710e-003 0. 0. 0. 0. 0.
    0. 0. 0. 0. -9.83377337e-004 0. 0. -1.54339490e-004 0.
    5.34760125e-004 -1.20789593e-003 0. 1.71191171e-002 8.71699490e-003
    0. 2.06130533e-003 1.41106325e-003 0. 1.22126313e-002
    5.27173234e-003 1.61510962e-003 0. 0. 3.81777459e-003
    2.98023876e-003 0. 3.56463389e-003 0. 0. 0. 0. 0. 1.49376970e-003
    4.99037700e-003 1.64823650e-004 0. -1.35694130e-003 6.58830861e-003
    0. 1.10748212e-003 0. 0. 0. 0. 4.01872629e-003 0. 0. 1.12657144e-003
    0. 2.42778938e-003 -2.23646406e-003 1.00060110e-003 4.79092792e-004
    9.45533393e-005 1.80383818e-003 0. 3.90384370e-003 5.33431070e-004
    0. 0. 1.50760235e-002 2.26976175e-004 0. 1.91610330e-003 0. 0.
    -8.53636069e-004 0. -7.88841280e-004 0. 0. 0. 0. 0. 1.92048086e-003
    9.13217291e-003 1.88043492e-003 6.08291896e-003 0. 7.80731847e-004
    0. 0. 0. 0. 0. 1.88235135e-004 0. 1.60215411e-003 0. 0. 0. 0. 0. 0.
    -2.05450156e-003 1.69941387e-003 0. 0. 5.93934394e-003 0.
    -2.23788273e-004 -3.54215517e-005 0. 0. 1.12693326e-003
    5.68594271e-003 0. 3.00269248e-003 -1.66213524e-003 0.
    9.71003959e-004 0. 1.87806878e-003 0. 4.22158133e-004
    1.22507312e-003 0. 0. -5.67909621e-004 0. 0. 2.47417716e-003
    5.32495370e-003 4.54437500e-003 2.56459718e-003 1.61481649e-003 0.
    0. 1.15775620e-004 0. 6.52592257e-003 0. 6.27557223e-004 0. 0.
    1.27415406e-002 0. 0. 1.52108306e-003 0. 1.02347406e-002 0. 0. 0.
    4.05561092e-004 0. 0. 0. 0. 3.66469449e-003 1.36053597e-003 0. 0. 0.
    0. 0. -2.09586485e-003 0. 3.16173630e-003 0. 0. 7.37858517e-003 0.
    7.29110208e-004 9.64808336e-004 0. 1.71257602e-003 1.51930004e-003
    1.53376535e-003 0. 0. 6.62575068e-004 1.85888459e-003 0. 0. 0.
    4.79292823e-003 6.62930543e-003 0. 2.50863668e-004 0. 0. 0. 0. 0.
    -7.82755844e-004 6.69490173e-003 0. 1.22528500e-003 5.78380236e-003
    5.43887680e-003 2.96174036e-003 -3.52681312e-003 -5.59129869e-004 0.
    0. 4.65176941e-004 0. 5.15298732e-003 0. 0. 0. 6.47054240e-003 0.
    3.68000800e-003 -3.37167876e-004 0. -9.77300922e-004 0.
    -3.55765130e-003 5.11882780e-003 0. 0. 0. 1.73362368e-003 0. 0. 0.
    3.63024021e-003 0. 0. 0. 8.39798013e-004 0. 0. -1.90020446e-003 0.
    0. 1.52024103e-003 0. 0. 0. 6.58682897e-004 3.97874089e-003 0. 0. 0.
    0. 0. 8.04275449e-004 0. 0. -1.43784028e-003 3.59870988e-004
    7.94142310e-004 0. 3.07966839e-003 0. 0. 0. 4.18328820e-003
    6.08411792e-004 4.68336220e-004 3.70265474e-003 2.96245888e-003 0.
    0. 0. 0. 2.72663456e-004 0. 1.41429226e-003 8.63873400e-004 0.
    -3.30472045e-004 0. 4.62312344e-003 0. 0. 7.33811001e-004 0. 0.
    5.25586586e-003 4.27050865e-004 0. 0. 1.33626850e-003 0. 0. 0. 0. 0.
    0. 0. 2.15884647e-003 4.54032840e-003 1.71352737e-003 0.
    3.15857749e-003 0. 0. 0. 0. 0. -2.55451631e-003 0. 2.03943811e-003
    1.64367538e-002 0. 1.09871558e-003 0. 0. 6.63799513e-003 0. 0. 0. 0.
    1.82104239e-003 0. 0. 0. 0. 0. 0. 0. 1.52481045e-003 0.
    -5.47052477e-004 0. 2.26015295e-003 0. 0. 0. 0. 0. 8.33609956e-004
    0. 0. 0. 6.04429748e-004 5.08733327e-004 0. -7.34750938e-004 0. 0.
    0. 2.73033162e-003 1.54758878e-002 2.86135502e-004 0. 0.
    3.98570439e-003 0. 0. 0. -3.46644054e-004 0. 2.42560846e-003 0.
    3.18569859e-004 0. 4.99769463e-004 0. 0. 0. 5.05491300e-003
    2.53980351e-003 0. 0. 0. 0. 2.03561690e-003 0. 0. 0. 6.21759752e-003
    3.24018393e-003 1.35467725e-003 3.61978193e-003 4.44853416e-004 0.
    0. 2.01273081e-003 0. 0. 1.13224983e-003 0. 5.02065755e-003 0. 0. 0.
    2.32440629e-003 4.86175343e-003 0. 0. 0. 0. 2.98697944e-003 0.
    5.09335706e-003 0. 0. 3.59432842e-003 0. 0. 0. 7.94999825e-004
    2.15491583e-003 0. 0. 0. 3.15447291e-003 0. 0. 0. 0. 0.
    5.67058474e-003 1.71741117e-002 0. 2.09503248e-003 0.
    6.84768893e-004 0. 0. 0. 0. 3.33912810e-003 -9.92417336e-004 0. 0.
    0. 0. 4.42841556e-003 1.42088102e-003 -6.39142701e-004
    7.98574358e-004 0. 4.43690084e-003 0. 6.11275388e-003
    -7.11418281e-004 8.55869206e-004 0. 0. 0. 0. 2.56296806e-003 0. 0.
    1.88404031e-003 7.09635252e-003 0. 0. 0. 5.76403644e-003
    1.83805218e-003 1.12113673e-002 0. 1.38507679e-003 0. 0.
    2.38929270e-003 7.79355061e-004 1.53810903e-003 0. 0. 0.
    9.30699243e-005 0. 4.44390532e-003 0. 0. 2.75450689e-003
    3.02763889e-004 1.57659373e-003 6.23185188e-004 -5.52473823e-004
    2.69242958e-003 2.61496264e-003 0. 2.30446504e-003 0. 0.
    2.16035102e-003 0. 0. 0. 1.92428119e-002 0. 1.23356492e-003 0. 0.
    4.22019185e-003 3.92080547e-005 0. 0. 0. 0. 0. 0. 0. 0. 0. 0. 0.
    3.48298025e-004 0. 0. 8.93385324e-004 0. 0. 2.23547500e-003 0.
    1.16801378e-003 0. 0. 0. 0. 0. 1.18785957e-002 0. 0. 3.76673241e-004
    0. -6.17306796e-004 0. 0. 4.73307096e-004 1.35869663e-002
    6.68666908e-004 3.82585521e-003 7.35244714e-003 0. 0. 0. 0. 0. 0.
    1.09954941e-004 0. 0. 0. 0. 3.07519571e-003 0. 1.29307329e-003
    5.80626866e-003 3.18333111e-003 0. 2.67837575e-004 0.
    4.91131376e-003 0. -6.84061670e-004 1.86193024e-003 0.
    3.39537696e-003 1.14494027e-003 6.83643576e-003 0. -2.10621557e-003
    0. 1.63729244e-003 0. 0. 0. 0. -7.24077632e-004 0. 7.41455529e-004
    0. 0. 0. 2.11386778e-003 0. 0. 0. 0. 4.49838256e-003 6.91061141e-004
    -6.52116665e-004 9.60118975e-003 0. 9.57094971e-003 -4.20529163e-003
    0. -1.27125270e-004 0. 0. -1.80379127e-003 0. 0. 0. 2.22758809e-003
    0. 0. 3.04344227e-003 1.80983951e-003 0. 3.77835240e-003 0. 0.
    4.94302425e-004 0. 1.85403996e-003 0. 1.27270189e-003 0.
    -7.34043214e-003 -9.29662376e-004 8.41629691e-004 7.06303166e-003
    4.05459991e-003 0. 0. 0. 2.87965429e-003 4.17268835e-003 0.
    6.35648088e-004 2.42022448e-003 0. 1.02587638e-003 0.
    4.00332548e-003 1.93732919e-003 9.61104408e-004 3.13345663e-004
    5.32912696e-003 1.91999450e-002 0. 0. 0. 0. 0. 0. 9.05066903e-004
