<?xml version="1.0"?>
<opencv_storage>
<imageDescriptor type_id="opencv-matrix">
  <rows>1</rows>
  <cols>1000</cols>
  <dt>f</dt>
  <data>
    0. 0. 0. 0. 2.65665655e-003 8.10942962e-004 7.82074407e-004
    1.80927932e-003 2.80851265e-003 1.22435112e-003 1.42720353e-003
    4.99803806e-003 -2.62288813e-004 2.69355689e-004 0. 0.
    1.85109419e-003 0. 3.30072874e-003 7.63915014e-003 9.47932771e-004
    0. 0. 0. 0. 0. 0. 5.49414137e-004 3.40532931e-003 1.23726705e-003
    2.88195745e-003 0. 8.79916479e-004 5.61640831e-003 1.28994940e-003
    0. 0. 0. 0. 2.06693891e-003 1.62025681e-003 -2.06819503e-004 0. 0.
    0. 4.27914551e-003 3.47820483e-003 8.08984856e-004 4.56633454e-004
    4.88170842e-003 0. 3.29675153e-003 1.31462864e-003 0. 0. 0.
    -2.19574620e-004 0. 0. 1.73957704e-003 0. 0. 1.12576981e-003
    9.10662115e-004 4.40806430e-003 0. 0. 4.30554431e-003 0.
    2.10470427e-003 6.59420504e-004 7.77029665e-004 0. 1.74869469e-003
    7.52229302e-004 0. 5.27447497e-004 0. 3.76028405e-003 0. 0.
    2.30413469e-004 0. 0. 5.85280173e-003 0. 0. 0. 5.17274765e-003 0.
    1.38298919e-005 0. 9.61967278e-004 0. 0. 6.94379094e-004 0.
    9.17246798e-004 0. 0. 0. -8.29572149e-004 0. 0. 7.28207058e-004 0.
    0. 1.98940374e-003 0. 1.11963984e-003 4.21843957e-003 0. 0. 0.
    1.04787096e-003 -7.78257032e-004 0. 0. 8.13075821e-005 0.
    2.82232091e-003 0. 1.40695844e-003 1.43327948e-003 -1.16958411e-003
    6.33734744e-004 0. 1.23894692e-003 0. 8.74160149e-004
    1.29027385e-003 0. 0. 0. 2.35760934e-003 0. 0. -1.68359384e-003
    5.15654043e-004 5.17123262e-004 0. 1.20801281e-003 0.
    -2.12015671e-004 -2.51333695e-005 6.52573677e-003 0. 9.06922109e-003
    0. 0. 0. 2.54538842e-003 1.86350010e-003 0. 0. 1.06772617e-003 0. 0.
    3.68742342e-003 1.27061910e-003 0. 0. 2.77087651e-003
    3.16407252e-003 3.18327011e-003 9.49371373e-004 0. 0. 0.
    -1.43061916e-004 -6.42221130e-004 6.46164699e-004 0. 6.85161073e-003
    0. 0. 7.16503127e-004 4.72650258e-003 0. 0. 4.60442249e-003 0.
    9.76173114e-003 0. 4.62666721e-005 1.17452454e-003 1.35875633e-003
    0. 0. 0. -2.61594867e-003 0. 3.23392195e-003 1.56078575e-004 0. 0.
    0. -2.45159354e-005 0. 0. 1.84555340e-003 3.35160317e-003
    3.08230147e-003 -8.43331392e-004 0. 0. 9.81649850e-004 0. 0.
    4.56072204e-003 0. 9.83359874e-004 0. 0. 0. 1.86798838e-003 0. 0.
    -1.22880097e-004 -3.44978034e-004 1.01977447e-003 8.08393059e-004
    -3.88985587e-004 4.74009849e-003 -8.64435977e-004 8.10325705e-003
    1.76048605e-004 0. 5.47024596e-004 0. 0. 3.31300590e-003
    -1.04597922e-004 2.92844651e-003 0. 0. 1.86671840e-003 0. 0.
    2.50179460e-003 -3.66696586e-005 0. 1.72678172e-003 2.98647233e-003
    0. 1.51634449e-003 8.86597263e-004 2.23327588e-004 1.16913358e-003
    3.15061980e-003 0. 0. 0. 9.74549213e-004 0. 0. -1.46747509e-004 0.
    4.47637198e-004 -1.20417862e-004 0. 0. 1.32334710e-003 0.
    3.37311835e-003 3.80815659e-003 5.59011474e-003 7.48249993e-004
    3.03190458e-003 0. 0. 0. 1.18748903e-004 2.43856548e-003
    3.36573547e-004 1.84535584e-003 0. 1.24024251e-003 0. 0. 0.
    5.80450008e-003 0. 0. 1.36503382e-004 5.68892283e-005 0.
    1.75099249e-003 3.49801523e-003 4.61897766e-003 -2.46528420e-004
    5.29490644e-003 1.52528251e-003 0. 1.21291552e-003 0.
    1.49948371e-003 4.39946819e-003 -4.71142965e-004 0. 7.89370108e-003
    0. 0. 0. 2.86737550e-003 2.33136327e-003 0. 0. 0. -2.17521423e-003
    5.05998824e-003 0. 0. 2.00428837e-003 2.29369546e-003 0.
    2.39712582e-003 0. 0. 0. 0. 0. 8.43262766e-003 9.36810568e-004 0. 0.
    0. 0. -5.53135818e-004 0. 0. 0. 0. 5.38354460e-003 5.02529903e-004
    1.46764657e-003 4.95402724e-004 -2.28894758e-003 0. 1.66953541e-003
    0. 2.11548596e-003 3.17504397e-003 0. 0. 0. 0. 0. 0. 0.
    -7.31824664e-004 8.96945421e-004 0. 1.04807655e-003 0. 0. 0.
    -1.12335570e-003 0. 0. 3.86048108e-004 0. 1.31212594e-003 0. 0.
    2.56966427e-003 0. 1.68390875e-003 2.86439457e-003 4.56974423e-003
    5.16071403e-003 5.79136366e-004 0. 0. 0. 2.91093090e-003 0.
    4.79649054e-003 8.14944319e-003 7.03055365e-003 0. 1.36153819e-003
    0. 0. -1.33952103e-003 3.43456003e-003 1.63499324e-003 0. 0.
    5.29734278e-003 0. 2.91961082e-003 1.34873227e-003 1.72983529e-003
    0. -3.65222688e-003 2.43782089e-003 7.77630426e-004 0. 0. 0.
    9.02387220e-003 0. 1.84033799e-003 1.53322367e-003 1.91850367e-003
    1.73523917e-003 4.62777913e-003 0. 0. 1.26613630e-003
    3.24686844e-004 0. 0. 5.54587832e-003 -1.35004718e-003
    1.89969351e-003 3.56592913e-003 0. 4.76163626e-003 -1.46031962e-003
    5.37710614e-004 -1.31525099e-003 4.71159443e-003 1.33862696e-003 0.
    0. 4.55800630e-003 0. 1.25998759e-003 0. -4.21308621e-004
    8.28430988e-004 0. 1.81355583e-003 3.37425875e-003 0. 0. 0. 0. 0.
    -1.70760928e-003 0. 1.10253831e-003 0. 3.42454296e-004 0.
    -1.71869097e-003 2.86958972e-003 9.21063242e-004 4.66447731e-004
    1.47129293e-003 8.42621643e-003 0. 0. 5.91830211e-003
    4.68974328e-003 0. 0. 8.15877807e-004 1.47337129e-003
    1.19297905e-003 8.69876705e-004 1.74003665e-003 1.99395814e-003
    1.09573116e-003 0. 1.11242838e-003 2.26468008e-004 0. 0. 0. 0. 0. 0.
    5.33478148e-003 1.73038361e-003 1.71829332e-002 -3.11730895e-004
    1.18909031e-003 4.23164619e-003 -1.74940028e-003 0. 2.47964449e-003
    2.73128040e-003 1.77934056e-003 1.83381350e-003 4.89529362e-003 0.
    0. 1.76767423e-003 0. 8.23197945e-004 0. 1.04270771e-003 0. 0. 0.
    4.12070798e-003 0. 0. 0. 3.49412230e-003 0. 4.36088507e-004
    5.83080994e-003 1.76117592e-003 0. 2.01595970e-003 3.73759802e-004
    0. 0. 0. 4.44566086e-003 -6.28753274e-004 9.71436559e-004 0. 0.
    2.97189830e-003 -4.96803405e-005 0. 2.10703025e-003 0. 0. 0.
    5.23216848e-004 1.48896175e-003 0. 0. 2.56663072e-004 0.
    -1.50431961e-005 0. 0. 8.91646996e-005 0. 0. 0. 0. 0. 0. 0.
    6.50395290e-004 5.66243567e-003 8.12512357e-003 0. 2.34669959e-003
    0. 0. 7.86244683e-003 2.18165410e-003 0. 0. 0. 2.66289595e-003 0.
    3.41909798e-003 3.89671582e-003 0. 4.13793139e-003 1.28628116e-003
    0. 0. 4.05113073e-003 0. 0. 0. -6.21609273e-004 0. 0.
    -1.99728092e-005 0. 5.86155511e-004 0. 0. 5.18524274e-003
    -1.71465543e-003 0. 0. 1.29794830e-003 3.38661997e-003 0. 0. 0.
    9.82851838e-004 0. 1.10392866e-003 0. 0. 0. 0. 2.19628550e-004 0.
    3.06737202e-004 4.00703261e-003 -2.44761613e-004 0. 0. 0. 0.
    5.22724818e-004 0. 5.02269063e-003 -4.21236182e-004 -8.76290607e-004
    0. 0. 9.42669751e-004 0. 0. 4.66871914e-003 2.80440482e-003
    1.23302499e-003 8.81554151e-005 0. 0. 5.23568084e-003 0. 0. 0. 0.
    6.59154321e-004 7.29207532e-004 0. 0. 9.53737937e-004 0. 0. 0.
    6.94429211e-004 3.84278549e-003 1.07408338e-003 4.58969706e-004 0.
    0. -9.62649588e-004 2.44174316e-003 0. 0. 7.76209030e-003 0.
    1.28231317e-004 0. 0. 0. 3.70765198e-003 -4.27047169e-004 0.
    -4.19960706e-004 0. 0. 7.98075052e-004 0. 0. -1.52385735e-003 0. 0.
    0. 0. 3.51550151e-003 0. 1.65792450e-003 0. 0. 0. 0.
    -2.30232490e-005 5.74917719e-003 3.82739981e-003 0. 2.37377739e-004
    2.30663945e-003 1.53216752e-004 1.48444343e-003 -4.17962547e-005 0.
    0. 1.59965700e-003 -4.67975362e-004 4.21900488e-003 2.72621051e-003
    0. -3.01990751e-003 8.16139567e-004 0. 0. 5.03873278e-004 0. 0.
    -3.89684399e-004 0. 5.86728274e-004 0. 4.64656856e-003 0.
    2.94270879e-003 0. 0. 0. 0. 0. 9.50901303e-004 0. 2.14137812e-003
    -2.68862670e-004 0. 4.13947622e-004 1.18838309e-003 0. 0.
    3.91187426e-003 -5.33379789e-004 1.15318387e-003 0. 0.
    1.13986433e-003 4.36493196e-003 -4.64493613e-004 0. -5.77968487e-004
    0. 0. -1.21812930e-003 0. 0. -1.07552100e-003 6.57239463e-004
    5.17728226e-003 0. 5.82541944e-003 0. 2.09191884e-003
    8.77826416e-004 0. -2.86556548e-004 2.60582380e-003 0.
    3.77985090e-003 0. 0. 2.45477981e-003 6.50346465e-003 0.
    3.50226229e-003 1.19597907e-003 8.75403930e-004 0. 0.
    4.96312138e-003 1.69164443e-004 7.84656731e-004 -3.90039466e-004
    3.28033901e-004 0. 1.35854806e-003 2.11979193e-003 0.
