<?xml version="1.0"?>
<opencv_storage>
<imageDescriptor type_id="opencv-matrix">
  <rows>1</rows>
  <cols>1000</cols>
  <dt>f</dt>
  <data>
    0. 0. 0. 1.95583605e-004 0. 3.65875266e-003 0. 0. 2.42757378e-003
    -2.01371475e-003 0. 0. 0. 0. 0. 0. 0. -6.04799250e-004
    2.36562709e-003 0. 0. 1.23653177e-003 0. 0. -1.65431975e-005
    5.42237470e-003 0. 0. 0. 0. 0. 0. 0. 0. 0. 0. 0. 0. 0. 0.
    5.22678904e-003 0. 1.33356079e-003 1.89339113e-003 6.05843356e-003
    0. 0. 1.59104401e-003 0. 0. 0. 4.82423976e-003 9.81920632e-004 0.
    -3.40399519e-003 3.28187528e-003 3.08822468e-003 0. 0.
    1.05677228e-002 0. 0. 0. 9.32402071e-003 -6.19366125e-004 0.
    -5.50417113e-004 0. -2.09108446e-004 5.04599186e-003 0. 0. 0. 0.
    1.29044207e-003 1.26290240e-003 0. 0. 0. -2.87584029e-004 0. 0. 0.
    8.35968833e-003 7.26023503e-003 0. 0. 0. 0. 0. 9.79140028e-003
    1.91410247e-003 0. -2.31354288e-003 0. 3.05533269e-003 0.
    4.62466013e-003 0. 0. 0. -2.01298902e-003 0. 0. 0. 2.20241491e-002
    0. 0. 0. 0. 0. 8.75562429e-004 0. 0. 9.70688928e-003 0. 0.
    4.13535861e-003 0. 0. 2.88618170e-003 0. 1.38505595e-003 0. 0. 0.
    1.48148858e-003 6.48395531e-003 6.06292626e-004 7.89023412e-004 0.
    0. 0. 1.52923195e-002 0. 8.79382496e-005 1.65587160e-004
    7.39918509e-003 -1.52088946e-003 0. 0. 7.80864153e-004 0. 0.
    2.68997428e-005 0. 0. 0. 0. 0. 0. 0. 0. 0. 4.27843444e-003 0. 0.
    1.66847662e-003 7.24699302e-003 -2.17277813e-003 4.59990185e-003 0.
    6.30633440e-003 4.71753255e-003 3.67965456e-003 0. 1.72728975e-003
    0. 0. 0. 0. -2.44050729e-003 6.35502208e-003 5.33220870e-003
    7.64943019e-004 0. 1.73381774e-003 2.24394200e-004 0.
    9.27613350e-004 0. -8.29551020e-004 0. 6.82217767e-004 0. 0. 0.
    1.58054084e-002 0. 0. 0. 1.36851671e-003 0. 0. 0. 0. 0. 0. 0.
    5.21997176e-003 3.98392603e-003 0. 0. -5.53104212e-004 0.
    3.10123345e-004 0. 0. 0. 0. 0. 0. 0. 0. 0. 0. 1.61143276e-003 0. 0.
    3.11678788e-003 0. 0. 2.16037297e-005 7.27823097e-003 0.
    -1.28982231e-006 0. 0. 0. 0. 0. 0. 6.11819653e-003 0.
    2.25947658e-003 3.89402296e-004 1.16511434e-003 -3.83723149e-004
    3.64625663e-003 0. 0. 0. 0. 0. 0. 0. 1.44394496e-002 8.58802348e-003
    0. -7.67972844e-004 0. 0. 0. 0. -4.59933234e-003 0. 0. 0.
    -2.08770460e-003 8.43911991e-003 5.76732261e-003 7.59282289e-003
    -1.60335068e-004 0. 0. 0. 0. 0. 0. 3.91154597e-003 0. 0.
    1.83624928e-004 -2.35758275e-002 0. 0. 0. 0. 1.59971993e-002 0.
    6.66397333e-004 -1.29525154e-003 0. 2.40505021e-003 1.92732771e-003
    4.27721767e-003 0. 0. 0. -6.05135399e-004 0. 0. 2.19937344e-003 0.
    0. 0. -1.04317523e-003 -1.46568671e-003 0. 0. 3.98544408e-003
    -3.57310084e-004 0. -1.16059487e-003 0. 0. 0. 0. 0. 2.70423898e-003
    0. 0. 0. 0. -9.81238438e-004 0. -1.50894572e-003 5.62135177e-003 0.
    2.57393233e-002 0. 0. 2.92471447e-003 7.06823356e-003
    4.47299943e-004 0. 0. 0. 2.82101799e-003 3.12097464e-003
    3.22702015e-003 0. 0. 5.68807358e-004 3.38105106e-004 0.
    1.35031641e-002 0. 0. 0. 4.37807897e-003 0. 0. 0. -3.82179132e-004
    0. 2.46039149e-003 0. 0. 0. 0. 0. 0. 0. 6.19702681e-004
    1.55378180e-003 -6.13025797e-004 0. 0. 2.46815919e-003 0. 0. 0. 0.
    0. 0. 4.92999703e-003 0. 7.02131260e-003 3.96476593e-003
    3.05563235e-003 0. 0. 0. 0. 0. -2.26780617e-006 0. 2.07729894e-003
    7.01903878e-003 -2.00610200e-004 0. 0. 0. 0. 0. 0. 0. 0. 0. 0.
    -2.70650606e-004 -1.73586921e-003 2.15332911e-004 0. 3.99596384e-003
    8.32241774e-003 0. 0. 0. 0. 0. 0. 0. 0. 0. 0. 5.14028966e-003
    1.32181058e-002 0. 0. 3.06712207e-003 0. 0. 2.82676867e-003
    4.63999837e-004 0. 0. 0. 0. 0. 0. 0. 0. 0. -1.23474398e-003
    3.23191984e-003 0. 0. 0. 0. 0. 0. 0. 0. 8.89991818e-004 0. 0. 0.
    -6.12750824e-004 0. 2.26741633e-003 0. 0. 0. 0. 0. 0. 0. 0. 0. 0. 0.
    0. 1.10657886e-002 1.24833500e-003 0. 2.22854260e-002 0. 0. 0. 0.
    2.54904316e-003 0. 0. 0. 0. 0. 0. 0. 0. 1.60972693e-003
    2.01391196e-003 0. 0. 0. 0. 0. 0. 2.09787698e-003 0. 0. 0. 0.
    4.46502119e-003 0. 0. 0. 2.27725599e-002 0. 0. 2.86141085e-003 0. 0.
    0. 0. 2.09746812e-003 0. 2.64931307e-003 4.39606933e-003
    3.40693700e-003 0. 1.48267020e-003 0. 0. 1.60106632e-003 0. 0. 0. 0.
    0. 0. 0. 0. 0. 0. 1.19750546e-002 0. 1.40413595e-003 0.
    1.87551626e-003 -3.20742896e-004 0. 0. 0. 0. 1.11113652e-003
    5.85618289e-003 9.83379316e-003 0. 0. 0. 0. -6.76377967e-005
    -2.25209835e-004 0. 0. 0. 5.37977940e-005 3.29447235e-003 0. 0. 0.
    0. 1.71538759e-002 0. 0. 1.79045671e-003 2.48321122e-003 0. 0. 0.
    -7.06486288e-004 0. 0. 0. 0. 0. 0. 0. 0. 0. 0. 5.39842946e-003 0. 0.
    0. 0. 0. 0. 3.65956360e-003 0. 0. 0. 0. 0. 4.50491020e-003 0. 0.
    1.35168191e-002 0. -5.87168522e-003 1.94921849e-005 4.03113168e-004
    0. 0. 0. 0. -6.38484955e-004 0. 0. 1.72331510e-003 0. 0. 0. 0. 0.
    -1.57088309e-003 0. 0. 6.32085279e-003 1.04598154e-003 0. 0. 0. 0.
    0. 9.62229387e-004 0. 0. 0. 0. 6.22774533e-004 0. 0. 0. 0. 0. 0. 0.
    0. 0. 0. 8.72465724e-004 1.16078416e-003 0. 2.10827147e-003 0.
    2.06015818e-003 5.22688776e-003 0. 0. 0. 0. 0. 4.39932011e-003
    -2.74359481e-003 -6.26838708e-004 0. 7.90231489e-003 0. 0. 0.
    1.14692771e-003 0. 0. 6.77997852e-003 0. 0. 0. 1.19080150e-003 0. 0.
    0. 1.97181874e-003 0. 2.78332084e-003 -1.63170637e-003 0. 0. 0. 0.
    0. 0. 0. 4.12181811e-003 -8.75189900e-004 0. 4.10523545e-003
    1.19357217e-004 0. 0. 0. -1.51000090e-003 0. 9.80956363e-004
    -2.61793565e-003 2.34160968e-003 0. 0. 0. 0. 0. 0. 0. 0. 0. 0. 0. 0.
    0. 0. 0. 0. 0. 0. 0. 0. 0. 0. 0. 0. 0. 0. 0. -1.51284097e-003 0. 0.
    0. 0. 0. 0. 0. 0. 0. 0. 0. 2.78666872e-003 0. 0. -1.89385179e-003
    7.33752502e-004 0. 2.33316771e-003 7.07885716e-003 0. 0. 0. 0. 0. 0.
    0. 1.67748798e-003 0. 0. 7.67169148e-003 2.93997815e-003 0.
    2.24843534e-004 0. 2.20258371e-003 6.15008059e-004 0. 0.
    7.58571317e-004 0. 0. -1.13383110e-003 0. 0. 0. 4.15837672e-003 0.
    4.09852015e-004 0. 3.69832804e-003 0. 0. 0. 0. 7.79122207e-003
    3.60284094e-003 8.17485806e-003 0. 0. 0. 5.20220259e-003 0.
    2.15819431e-003 0. 0. 0. -1.66470534e-004 0. 0. 0. 0. 0. 0.
    3.92434071e-004 0. 2.87772994e-003 0. 0. 0. 0. 0. 1.60465040e-003
    2.26908387e-003 0. 1.09035685e-003 0. 0. 0. 0. 0. 0. 0. 0.
    1.43685960e-003 -1.37573981e-003 0. 4.25720913e-003 0.
    9.02079605e-003 0. 0. 0. 0. 0. 0. 0. 0. 0. 0. 0. -3.96470627e-004
    1.40301115e-003 0. 0. -8.42099311e-004 0. 0. 8.86344723e-003 0.
    2.70392839e-003 0. 0. 0. 0. 0. 0. 0. 0. 0. 0. 0. 0. 0.
    2.35227961e-003 0. 0. 0. 0. 0. 0. 0. 0. 0. 0. 0. 0. 0. 0. 0. 0.
    1.76262402e-003 0. 0. 0. 0. 0. 2.36594630e-003 2.79825926e-003 0. 0.
    0. 0. -2.89061310e-004 0. 3.02162440e-003 1.96014289e-002 0. 0.
    6.10261050e-004 0. 1.14091933e-002 0. 0. 0. 7.64571223e-003 0.
    5.80143323e-003 6.78915950e-003 0. 0. 0. 0. 0. 0. 2.80792825e-004 0.
    0. 0. 0. 1.59034017e-003 1.14262123e-002 -5.43023925e-004 0.
    1.46096956e-003 1.25888095e-003 0. 0. 0. 0. 3.23849847e-003 0. 0. 0.
    0. 0. 0. 0. 0. -9.32835974e-004 0. 0. 0. 0. 0. 0. 0. 1.37534784e-003
    0. 1.21505186e-003 0. 4.85260645e-003 2.44172930e-004
    7.75117148e-003 0. 1.64300611e-003 1.29514013e-003 0. 0. 0. 0. 0.
    2.25988613e-003 0. 0. 8.39705754e-005 -5.42123336e-004 0. 0. 0. 0.
    0. 0. 0. -8.41161236e-004 2.34005856e-003 0. -1.16292678e-003
    7.69935036e-003 -2.51260470e-004 0. 4.47629578e-003 1.48781098e-003
    0. 4.25700145e-003 0. 0. 1.10781556e-002 1.14851994e-002 0.
    7.39631848e-003 4.18920536e-003 3.20220017e-003 0. 7.34193204e-003
    4.40044235e-003 0. 8.61874898e-004 2.87117902e-003 -2.73230812e-003
    7.92691112e-003 8.75510625e-004 0. -8.17791210e-004 0.
    5.05533302e-003 0. 0. 2.48948615e-002 6.56441320e-003 0.
    2.20419350e-003 1.34264375e-003 0. 5.85645484e-003 0. 0. 0.
    8.97760782e-003 0. 8.37016944e-003 3.21217068e-003 -4.88450751e-004
    0. 0.</data></imageDescriptor>
</opencv_storage>
