<?xml version="1.0"?>
<opencv_storage>
<imageDescriptor type_id="opencv-matrix">
  <rows>1</rows>
  <cols>1000</cols>
  <dt>f</dt>
  <data>
    4.07141597e-005 1.27066800e-003 6.57159882e-003 2.34915619e-003 0.
    0. 7.30823120e-003 5.49117336e-003 0. 5.04348835e-004 0.
    3.17394943e-003 3.67708411e-003 1.29323849e-003 1.37762295e-003 0.
    0. -3.68119130e-004 -1.82249269e-003 0. 2.50157784e-003 0.
    -8.23858252e-004 0. 0. 0. -1.65285845e-003 2.57670856e-003 0. 0. 0.
    1.02770831e-002 -9.95536102e-004 0. 1.79768214e-003 1.12044241e-003
    0. 4.53249784e-003 7.29362480e-003 6.95271976e-003 0. 0. 0.
    2.71581928e-004 9.62607621e-004 0. 0. 0. 0. 0. 0. 0. 2.94433930e-003
    5.36618987e-003 0. 0. 2.21276539e-003 0. 1.93170551e-003 0. 0. 0.
    1.26049609e-003 0. 0. 0. 0. 0. 4.22663055e-004 -3.87271837e-004 0.
    1.93795317e-003 0. 0. 8.83511081e-003 5.35969110e-003
    -6.10871430e-005 0. 0. 4.33330145e-003 1.79645547e-003
    4.70028754e-004 0. 0. 0. 0. 0. 0. -1.08764262e-003 0. 0.
    -3.13149358e-004 1.54725288e-003 8.07837117e-003 2.65700556e-003 0.
    1.04084355e-003 0. 0. 0. 0. -2.98257777e-003 0. 0. 0. 0. 0.
    -1.91755360e-004 0. 0. 0. 0. 0. 0. 0. 0. 1.75661873e-004
    5.21156844e-003 0. 1.50948914e-003 0. 0. 6.31444505e-004
    -8.27953318e-006 3.13483970e-003 -5.15450520e-005 0. 8.37190170e-003
    2.14661774e-003 0. 0. 0. 0. 0. 4.62690415e-003 4.15336760e-003 0. 0.
    1.13496289e-003 0. 0. -6.86235435e-004 1.36900619e-002 0.
    3.80536600e-004 0. 0. 0. 6.31434703e-003 5.26100770e-003
    1.32807586e-002 -1.25724147e-003 0. 1.33676140e-003 0.
    -2.06250395e-003 0. 1.29421998e-004 3.36199347e-003 0. 0.
    4.27469425e-003 2.15737475e-003 2.35870969e-003 0. 0.
    -9.31401679e-004 2.46408425e-004 0. 2.08402009e-004 3.96139279e-004
    0. 0. 0. 9.29347612e-003 0. 0. 0. 0. 2.89145298e-003 9.95231327e-003
    2.99801352e-004 0. 3.17619473e-004 0. 0. 9.91692417e-004
    3.08950269e-003 0. 0. 0. 9.93341746e-005 8.69345851e-003
    -1.45492412e-003 0. 0. 0. 0. 1.27361185e-004 4.58785472e-003
    -1.22864987e-003 0. 5.44690480e-003 1.36722741e-003 0. 0. 0.
    5.94396191e-003 6.01337384e-003 3.95932700e-003 0. 3.19489045e-003
    1.62925962e-002 0. 3.20361950e-003 3.15757724e-003 0. 0.
    -3.46363318e-004 0. 0. 0. 2.65727518e-004 0. 1.27558841e-003 0.
    3.51126306e-003 1.43821398e-003 0. 2.99070287e-003 5.41479886e-003
    -3.80444078e-004 -4.38109972e-004 -1.83561910e-003 2.82778661e-003
    0. 2.15700152e-003 0. 2.36259238e-003 0. 7.63514824e-003 0.
    -3.86338891e-003 1.51960296e-003 0. -4.29757674e-005 0. 0. 0. 0.
    9.44249146e-003 0. 2.52853008e-003 0. 2.05198256e-003 0.
    -1.22530828e-003 0. 0. -2.67862953e-004 0. 1.12163345e-003
    1.11660280e-003 0. 0. 0. 1.85978564e-003 0. 0. 0. 0. 0.
    2.87312386e-003 5.89323416e-003 -1.22843223e-004 0. 7.98771041e-004
    1.96942315e-003 0. 0. 1.08050858e-003 2.79340730e-003
    1.33012645e-002 0. 0. 0. 0. 0. 7.60510913e-004 -4.53953724e-003
    3.12919263e-003 0. 0. 0. 3.00983107e-003 6.67617016e-004
    2.44459533e-003 0. 0. 7.02270307e-004 4.74166474e-004 0. 0.
    2.10401556e-003 1.77469716e-004 0. -6.42248953e-004 4.73986706e-003
    0. 0. 0. 2.10623303e-003 0. 1.36914039e-002 0. 0. 0. 0. 0.
    8.34073126e-003 0. 1.05819454e-004 0. 2.60128221e-003 0. 0. 0.
    8.47017567e-004 0. -7.34667643e-004 0. -9.15621149e-006
    8.36458348e-004 1.16685277e-003 3.21004132e-004 0. 0.
    1.06723199e-003 0. 6.63209110e-002 0. 9.71898623e-003 0.
    2.82311090e-003 -1.86733773e-003 0. 3.87538318e-003 5.80817880e-003
    0. -9.19074111e-004 2.24065129e-003 1.28465658e-003 0.
    6.82753394e-004 0. 0. 2.20770389e-003 0. 0. 0. 1.06444489e-003 0. 0.
    -1.31170778e-003 0. 0. 0. 0. 1.30852300e-003 3.97459790e-003
    2.61024595e-003 0. 8.01933464e-004 1.54576544e-003 0.
    -2.52372527e-004 2.91296630e-003 0. 3.13450606e-003 2.26091919e-003
    0. 0. 0. 0. 0. 0. 0. 0. 3.03320517e-003 -1.49868756e-005
    -6.00050029e-004 0. 7.14820996e-003 -6.27751724e-005 0. 0. 0.
    2.13285745e-003 1.25661225e-003 1.28661096e-002 0. -3.54840857e-004
    0. 0. 0. 1.92732725e-003 0. 0. 2.78948131e-003 1.31721084e-003
    6.24738808e-004 0. 0. 0. 7.49941636e-003 0. -1.77151896e-002 0. 0.
    0. 1.10326422e-004 6.05903224e-005 0. 0. 4.95811412e-003 0. 0.
    3.84637807e-003 1.03931990e-003 4.35920386e-003 0. 0. 0.
    2.97932723e-003 0. 1.02263852e-003 0. 0. 0. 9.38849244e-003
    1.10280199e-003 0. 0. -1.04772719e-003 0. 0. 1.61631347e-003 0.
    3.49968276e-003 -3.15531710e-004 0. 0. 0. 2.50149821e-003 0. 0. 0.
    0. 1.33130897e-003 0. 0. 6.82623265e-003 9.75184492e-004 0.
    1.23163350e-002 5.31971408e-003 0. 0. -4.48283710e-004 0.
    -2.45830556e-003 -2.04437296e-003 0. 0. 1.26384730e-002 0. 0. 0.
    4.70773812e-004 0. 0. -1.70713756e-003 3.25614412e-004 0.
    2.10335059e-003 1.18597632e-003 3.07330419e-003 0. 0.
    9.45525768e-004 1.07600179e-003 6.72569789e-004 0. 0.
    3.88278789e-003 0. 0. 0. 0. -7.34181143e-003 0. 0. 3.59857199e-003
    -8.37228086e-004 0. 0. 8.61099362e-003 0. 0. 0. 0. 0. 0.
    2.79569277e-003 0. 0. 0. 2.61197169e-003 0. 3.81099503e-003 0. 0. 0.
    -1.19166238e-004 -1.15054927e-003 2.87148543e-003 0.
    -3.87330510e-004 5.48146898e-004 2.71326629e-003 2.13276013e-003 0.
    0. 1.52422450e-004 0. 0. 0. -2.97544815e-004 0. 5.58302645e-003 0.
    5.96866419e-004 0. -5.41608082e-004 6.31465437e-003 0.
    3.20544373e-003 6.44969381e-003 0. 0. 0. 1.05801004e-003
    3.74628068e-003 1.68832927e-003 0. 7.57093134e-004 1.68177381e-003
    -4.56182146e-003 0. 2.43929168e-003 6.71335030e-003 0. 0.
    2.58928910e-003 0. 0. 0. 0. 0. 0. 0. 0. 6.34739583e-004 0. 0.
    5.69142925e-004 1.40442676e-003 0. 0. -1.29112421e-004 0. 0. 0.
    -1.31269498e-003 3.92547779e-004 0. 3.98958597e-004 -1.84943283e-003
    1.07262458e-003 0. 0. 0. 0. 0. 0. 0. 0. 0. 3.52950156e-004
    -5.60288725e-004 0. 0. 2.86796410e-003 2.88402708e-003 0.
    7.09884055e-003 1.28984358e-003 0. -7.24923739e-004 0.
    8.88759329e-004 0. 6.67419052e-004 0. 7.76993285e-004 0. 0. 0.
    -1.01535372e-003 0. 0. 0. 1.34569849e-003 -7.00353121e-004 0. 0. 0.
    1.13313249e-003 0. 4.32662293e-003 2.61104811e-004 0. 0. 0. 0.
    -5.73016529e-004 8.89438496e-004 8.43197759e-003 4.06937470e-004 0.
    0. 0. 0. 0. 0. 0. 0. 4.41899756e-003 0. -2.52030673e-004
    4.00124816e-003 0. 0. 0. 5.39174397e-003 0. 9.31064249e-004
    8.74476973e-003 2.09023291e-003 0. 4.36512288e-003 2.03704531e-003
    0. 8.16887361e-004 0. 1.71880249e-003 0. 0. 5.33558475e-003 0.
    5.38857561e-003 1.56731799e-003 7.72427861e-003 7.32580957e-004
    3.08989384e-003 0. 0. 0. 1.43389780e-005 0. 0. 6.71620364e-004
    7.62167154e-003 0. 0. 0. 4.80062049e-003 0. -2.08811392e-003 0. 0.
    1.77990168e-003 0. 0. 0. 0. 0. -2.84401886e-003 2.48785084e-003 0.
    0. 3.94869316e-003 1.00099947e-003 6.62430713e-004 -7.54988869e-004
    2.56444002e-003 0. 0. 0. 0. 0. 2.29458185e-003 5.04579337e-004 0. 0.
    0. 0. 2.33960120e-004 1.76495500e-003 1.10331993e-003 0.
    9.49037168e-003 4.48026723e-004 0. 1.64096721e-003 0.
    -3.92362330e-004 1.68154796e-003 1.61846436e-003 0. 3.62132001e-003
    0. 0. 0. 0. 0. 0. 0. 0. 0. -4.09551896e-003 0. 0. 0.
    -1.31284818e-003 1.22600037e-003 0. 7.94188236e-004 -5.86897717e-004
    0. 0. 0. -5.84704278e-004 7.67446909e-005 0. 4.12940077e-004
    5.01883402e-003 3.93431447e-003 0. 0. 3.55260388e-004 0. 0. 0. 0.
    1.67706213e-003 0. 3.82838742e-004 0. 0. 0. 1.21866964e-004 0. 0. 0.
    0. 0. 0. 0. 0. 0. 0. 0. 0. 0. 0. 0. 0. 0. 5.56928432e-003
    5.48371905e-003 4.47592838e-003 0. 8.34049005e-003 0. 0.
    -8.83210392e-004 0. 0. 0. 0. 0. 0. 0. 4.03767079e-003 0. 0. 0. 0. 0.
    0. -2.32643704e-003 0. 0. 0. 4.82776435e-003 0. 0. 0.
    1.69735420e-002 1.50526594e-003 0. 0. 6.18071062e-004 0.
    6.27080537e-003 0. 0. 2.97092320e-003 0. 0. 4.73944616e-004 0.
    8.68118310e-004 0. 6.05504785e-004 1.96493696e-003 0.
    7.39813875e-003 0. 0. 0. -5.23811439e-004 0. 0. 1.31296169e-003 0.
