<?xml version="1.0"?>
<opencv_storage>
<imageDescriptor type_id="opencv-matrix">
  <rows>1</rows>
  <cols>1000</cols>
  <dt>f</dt>
  <data>
    0. 0. 0. 0. 0. 6.15490321e-003 -2.89709802e-004 0. -1.05034320e-004
    -3.22211999e-003 0. -2.02868041e-003 1.05325384e-002 0. 0.
    3.76527756e-003 0. 0. 1.49385305e-003 0. 4.59732302e-003
    3.52604571e-003 9.93496855e-004 2.35342863e-003 0. 0.
    7.69305101e-004 0. 0. 5.62868128e-003 3.91523540e-003
    1.97086381e-004 0. 3.86391813e-003 0. 0. 0. 1.77309348e-003 0. 0. 0.
    0. 0. 0. 0. 5.74291172e-003 7.32901134e-003 0. -1.12869078e-003
    2.65915133e-003 3.78236291e-004 -1.96601660e-003 3.27613507e-003
    1.69629185e-003 0. 3.31410463e-003 0. 3.38662881e-004
    5.28497796e-004 0. 4.26129205e-003 1.53606397e-003 -1.81167759e-003
    -1.27254857e-003 1.14013383e-003 0. 0. 0. 0. 3.22832144e-003
    3.99365136e-003 0. 3.08833760e-003 7.82507239e-004 0. 0. 0. 0.
    1.18125556e-003 0. 0. 0. 6.27272855e-003 1.01415464e-003
    1.03758113e-003 0. 0. 6.09555887e-003 1.38536713e-003
    2.55652214e-003 0. -8.56678875e-004 1.07271655e-003 1.21297082e-003
    0. -9.47816006e-004 0. -1.11763342e-003 0. 7.84927700e-003 0. 0. 0.
    3.01904208e-003 0. 0. 0. 2.19563302e-003 -2.56349426e-003 0. 0. 0.
    0. 5.56171639e-003 0. 2.19635805e-003 8.69817508e-004 0.
    2.14492115e-006 2.10840357e-004 1.08826824e-003 4.12878999e-003 0.
    0. 0. 1.50316849e-003 1.14312506e-005 0. 0. 0. 1.77798211e-003 0.
    4.49571200e-003 0. 8.62113899e-004 5.11619542e-003 7.86229910e-004
    3.78430384e-004 -9.58085991e-004 0. -2.60693720e-004
    -7.89993792e-004 0. 0. 1.35546224e-003 0. 2.16876273e-003 0. 0.
    2.17980472e-003 2.42867856e-003 -3.42469517e-004 1.00838160e-003
    2.14012526e-003 0. 0. 0. 8.16299301e-003 0. 0. 9.00434039e-004
    3.03373532e-003 3.44611588e-003 8.64680577e-003 -4.04765271e-003 0.
    -1.22355763e-004 0. -1.55267410e-003 4.27136663e-003 1.70128630e-003
    7.72611145e-003 2.48248596e-003 2.17636791e-003 0. 8.96678306e-004
    4.63467513e-005 4.27286373e-003 0. 0. 4.34974907e-003 0.
    2.95046577e-003 1.05129520e-003 0. 0. 0. 1.21438410e-003 0. 0.
    3.44545580e-004 0. 0. 2.70391046e-003 0. 4.48672893e-003 0. 0. 0.
    7.06224050e-003 4.69059357e-003 0. 1.35090854e-002 0.
    3.20101017e-003 -7.25860882e-004 4.44720732e-003 -1.34657530e-005
    5.53818839e-003 0. 2.43433192e-003 0. 7.63885863e-003
    -2.24565694e-004 -9.54374496e-004 2.69149384e-003 2.56988313e-003
    2.60324054e-003 0. 1.16267418e-002 1.91788538e-003 0. 0.
    3.66106560e-003 0. 0. 0. 0. 1.62332074e-003 0. 5.43520739e-003 0. 0.
    1.60863623e-003 0. 0. 0. 2.31716200e-003 8.68544739e-004 0.
    -1.84259005e-003 0. 1.76000292e-003 3.35198198e-003 0. 0.
    6.43141661e-003 0. 0. -2.47960514e-003 0. 0. 5.27406344e-004 0. 0.
    1.71615381e-003 0. -1.45844882e-004 3.83880571e-004 7.46761856e-004
    4.36470937e-003 0. 0. 0. 0. 0. 0. 0. 0. 0. 0. 0. 0. 0. 0. 0.
    2.52743508e-003 -9.44596133e-004 0. -1.06186140e-003 0. 0.
    3.66436609e-004 -1.57815841e-004 0. 0. 2.93722423e-003 0. 0.
    2.05269107e-003 0. 0. 0. 0. 0. 5.64248010e-004 3.12262471e-003 0.
    2.94066244e-003 2.45130475e-004 0. 6.40030531e-003 0.
    2.78368290e-003 0. 0. 0. 0. 0. 0. -2.92240130e-003 2.11217701e-002
    0. -4.07279324e-004 0. 0. 0. 1.87450671e-003 0. 5.63415047e-003
    1.77718524e-003 5.47142280e-003 0. 0. 2.74445582e-003
    1.38238596e-003 0. 0. -5.31824189e-005 0. 3.84420413e-003 0. 0. 0.
    0. 0. 9.57766082e-003 0. 0. 1.90312057e-004 0. 0. 0. 0. 0.
    -3.01605021e-003 5.15736314e-003 0. -9.39508100e-005 0. 0. 0.
    7.51285488e-003 0. 0. 2.37435009e-003 0. 0. 0. 0. 0. 0. 0. 0.
    4.53109387e-003 3.55571439e-003 0. 3.12257733e-004 0.
    2.79987836e-003 0. 0. 0. 3.51829268e-003 0. 0. -1.31209951e-003 0.
    3.94231873e-003 3.51412193e-004 4.76710731e-003 0. 0. 0. 0. 0.
    4.52862261e-003 0. 7.30242673e-003 0. 0. 0. 0. 3.11569544e-003 0.
    2.59027048e-003 1.92220625e-003 0. 0. 0. -1.17587578e-003
    2.34270538e-003 -9.82443686e-004 1.63391198e-003 0. 0. 0.
    2.88551766e-003 1.38153927e-002 0. 0. 0. 6.17636275e-003 0. 0. 0.
    4.41308040e-003 0. 5.48900338e-003 0. 2.38514366e-003
    2.07558949e-003 0. 0. 1.16791553e-003 1.06967324e-002 0.
    2.73228041e-003 0. 3.10429692e-004 -2.92901299e-004 0. 0.
    1.24337478e-003 0. 0. -2.25356911e-004 0. 0. 0. 0. 0.
    1.29447831e-003 0. 0. 5.14324522e-003 0. 5.30893623e-004 0. 0.
    3.49828717e-003 0. 1.92164145e-002 0. 0. 0. 3.64775362e-004 0. 0.
    1.49367366e-003 2.08154134e-003 3.92987905e-003 5.95369027e-004 0.
    0. 0. 0. 0. 0. -1.35896014e-004 0. 5.19694714e-003 0. 0. 0.
    8.90329771e-004 0. 7.99236470e-004 0. 0. 0. 0. -1.85232100e-004 0.
    5.75561635e-003 2.49147718e-003 -1.43461424e-004 3.84122320e-003 0.
    1.31044921e-003 2.73148785e-003 0. 0. 1.66764003e-004 0. 0. 0.
    6.38252078e-003 0. 0. 0. 0. 0. 3.13632772e-003 1.54561305e-003 0. 0.
    2.48936261e-003 0. 0. 0. 1.11236970e-003 0. 1.83362467e-003 0. 0. 0.
    1.58487633e-003 -3.14026314e-004 0. 0. 0. 0. 0. 0. 0. 0. 0.
    -7.85105338e-004 0. 0. 0. 0. 0. 3.70825035e-003 2.25065136e-003 0.
    0. 0. 0. 0. 0. 1.20857998e-003 0. 0. 0. 0. 0. 0. 0. 0.
    1.41512672e-003 0. 1.35453267e-003 0. 1.63595863e-002 0. 0. 0. 0.
    -6.87096501e-004 1.48996676e-003 3.01554496e-003 8.95798951e-003 0.
    7.50363525e-003 -7.00415054e-004 0. 1.13249768e-003 0.
    3.11474921e-003 0. 0. 1.42779772e-003 0. 0. 0. 0. 9.19212762e-004 0.
    1.52467482e-003 0. 0. 0. 0. 5.06957155e-003 1.72605203e-003
    1.31022348e-003 0. -7.98991940e-004 0. 0. 0. 0. 1.81796250e-003 0.
    0. 0. 0. -1.60478184e-003 0. 7.11238058e-003 3.19083803e-003 0.
    2.50848057e-003 -2.93174060e-004 0. 0. 0. 0. 0. 0. 0.
    -7.02152727e-004 0. 1.28793041e-003 8.13193619e-003 0. 0.
    -7.53380707e-004 3.30184307e-003 0. 2.29099928e-003 -1.15061051e-003
    1.50386803e-003 0. 0. 1.41004461e-003 8.09942081e-004
    1.40935183e-004 1.52897567e-003 0. 1.05193350e-003 0. 0. 0.
    3.57545028e-003 0. 0. 4.16275579e-004 1.26959488e-003
    7.04276841e-003 2.98294378e-003 0. 3.84115917e-003 5.78704430e-003
    0. 0. 0. 0. 0. 0. -1.15302030e-003 8.88252340e-004 0. 0. 0.
    7.80422008e-004 8.25573504e-003 0. 0. 3.32109688e-004 0. 0. 0. 0. 0.
    0. 0. 2.01637758e-005 1.21681998e-003 0. 0. 0. 0. 5.63918613e-004 0.
    0. 0. 0. 5.67909330e-003 2.03126165e-005 0. 8.33019905e-004
    9.91546316e-004 5.85285528e-003 0. -1.34974625e-003 0. 0. 0.
    2.14539724e-003 4.15344071e-003 0. 0. 0. 3.77829885e-003 0. 0. 0.
    1.95510173e-003 0. 0. 1.49999256e-003 0. 0. 7.77272580e-005 0.
    7.04130717e-003 1.34400791e-004 0. 6.00287877e-003 0. 0.
    6.66854810e-003 0. 0. 5.16070100e-003 0. 0. 0. 0. 0. 0.
    1.87845645e-003 2.87673553e-003 4.18080250e-003 0. 0.
    2.04913272e-003 0. 0. 0. -7.11021887e-004 0. 1.31335913e-003 0. 0.
    2.38643377e-003 0. 0. -2.11574443e-004 4.10903385e-003
    -1.11879816e-003 2.47287564e-003 -2.77400366e-004 0. 0. 0. 0. 0. 0.
    0. 4.75857547e-003 0. 0. 0. 0. 5.23454684e-004 1.53941044e-003 0.
    1.11990492e-003 -1.01082202e-003 0. 0. 3.39923456e-004
    1.46119902e-003 0. 2.23195367e-003 0. 0. 0. 0. 0. 1.49114500e-003
    1.40264016e-002 0. 0. 3.35340330e-004 0. 0. 0. 2.09422060e-003
    9.60587873e-004 0. 0. 0. 5.47787268e-003 0. 0. 3.32608516e-003 0.
    1.11601129e-003 6.81663165e-003 0. 0. 0. 0. 0. 2.50543444e-003
    3.00317560e-003 0. 1.88622170e-003 5.05657773e-003 0.
    4.51372750e-003 -6.41575665e-004 0. 0. 1.68456463e-003 0.
    2.26066099e-003 6.47260156e-003 0. 2.88185617e-003 0. 0.
    3.45008308e-003 3.65992612e-003 6.16073783e-004 0. 2.57442542e-003
    0. 0. 0. 0. 0. 1.35645294e-003 1.72523863e-003 8.78466573e-003
    3.47106229e-003 0. 7.51470332e-004 0. 0. 0. 0. 0. 0. 0.
    2.61046900e-003 0. 2.71153753e-003 1.21853931e-003 0. 0. 0. 0. 0.
    -1.31937407e-003 0. 0. 0. 0. 4.99098189e-003 0. 0. 3.40254372e-003
    0. 0. 0. -1.81799463e-003 7.98754487e-003 0. 0. 0. -1.13315787e-003
