<?xml version="1.0"?>
<opencv_storage>
<imageDescriptor type_id="opencv-matrix">
  <rows>1</rows>
  <cols>1000</cols>
  <dt>f</dt>
  <data>
    7.88873993e-004 0. -3.38261155e-003 2.83657201e-003 5.22505865e-003
    1.01803208e-003 0. 0. 0. 2.51390995e-003 2.30992329e-003 0.
    5.83589030e-003 0. 8.46881827e-004 0. 1.17361348e-003
    4.08867432e-004 5.62991807e-003 2.44353758e-003 2.50982033e-004
    2.31334474e-003 5.72222704e-003 -1.26631826e-003 7.16036139e-003
    6.52517378e-003 0. 0. 0. 2.05766154e-003 0. 0. 0. 0. 0.
    4.17309115e-003 5.92177222e-003 1.12285721e-003 3.42265266e-004
    1.17786648e-003 0. 1.56734558e-003 0. 0. 1.50524115e-003
    8.32163356e-003 8.47001445e-007 2.24241914e-004 0. -4.93226165e-004
    1.37504539e-003 -9.07602196e-004 0. 0. 0. 0. 0. 0. 1.46997790e-003
    0. 0. 1.11495750e-003 0. 0. 0. 0. 0. 0. 0. 1.29353849e-003 0.
    6.07559399e-004 0. 0. 4.93991887e-004 0. 0. 0. 8.02629103e-004
    -3.65599379e-004 3.94739996e-004 0. -2.02205405e-003
    -1.03818216e-004 5.97625156e-004 1.66381616e-002 0. 6.44611008e-003
    0. 1.43698533e-003 1.06747856e-003 0. 0. 5.31198748e-004
    1.80603284e-002 9.91750159e-004 0. -5.96822007e-004 2.94355582e-003
    5.87435532e-003 0. 0. 2.07799277e-003 0. 0. 1.49237306e-003 0. 0.
    -1.94694998e-003 0. 5.32637443e-003 0. 3.99678061e-003 0. 0.
    -2.98216706e-004 0. 0. 1.80372514e-003 5.05786389e-003 0.
    7.27476692e-003 0. 0. 0. 0. 4.65003832e-004 0. -3.03340959e-004
    9.79158795e-004 1.46406759e-002 0. 9.64434410e-004 0. 0.
    -1.27444020e-003 1.46077410e-003 2.17184378e-003 7.96488777e-004 0.
    0. 0. 0. 5.82230103e-004 -2.65622803e-004 5.53246075e-003 0. 0.
    5.59085282e-004 6.40027085e-003 0. 0. 1.72285931e-004
    -4.41967917e-004 0. 3.68873565e-003 7.05244625e-003 -1.61464370e-004
    9.06034280e-003 0. 7.06879247e-004 -2.89555220e-003 0. 0.
    8.71120393e-003 1.75066164e-003 0. 1.18958368e-003 -2.19707377e-003
    -8.93288699e-004 0. -6.08498463e-004 2.09243014e-003 0. 0. 0.
    5.36085526e-003 0. 0. 0. 0. 0. -5.48731769e-004 4.03414527e-003 0.
    0. 8.24790914e-003 0. 0. 2.61993660e-003 0. 0. 0. 0. 0. 0. 0. 0. 0.
    2.13542036e-004 2.32386985e-003 0. 2.64153071e-003 0. 0. 0.
    -1.40928256e-004 0. 0. 3.01291031e-004 0. 0. 0. 0. 2.81205168e-004
    0. 1.58324407e-003 0. 0. 6.81347592e-005 0. 0. -2.07132124e-003 0.
    4.34050569e-003 5.26675303e-003 0. 0. 0. 0. 0. 0. 0. 0.
    6.32653432e-003 7.87517894e-003 -5.70955453e-004 9.69722983e-004 0.
    0. 0. 0. 5.74128889e-003 0. 0. 9.11296665e-005 7.32077984e-003
    -1.37858465e-003 6.67022076e-003 0. 0. 0. 1.33600761e-003
    8.41710623e-003 0. 0. 1.65814394e-003 0. 6.94022188e-003
    1.39114412e-003 8.48525531e-007 0. 0. -8.94869969e-004
    -4.45309887e-003 1.34434288e-006 6.13136042e-004 0. 0.
    8.95021076e-004 0. 0. 2.93701608e-003 0. 1.69814622e-004
    3.24400316e-004 0. 0. 0. 0. 0. 0. 0. -1.51167868e-003 0. 0.
    -1.23668998e-003 0. 1.76353042e-005 0. 3.12097906e-003
    5.52010431e-004 0. 0. 4.86773672e-003 -1.49696798e-003
    1.81974130e-004 6.70076115e-004 0. 0. 0. 0. 0. 0. -7.60975876e-004
    0. 0. 1.74029148e-003 2.28931958e-006 0. 0. 6.30830368e-003
    3.98288510e-004 4.03957674e-003 0. 0. 0. 7.20310397e-003
    1.05450943e-006 0. 0. 0. 4.75393282e-003 -1.34382572e-004
    1.55140110e-003 0. 1.16909912e-003 0. 0. -4.27155610e-004
    2.70545296e-002 -1.26409635e-003 0. 0. 2.25797971e-003 0.
    3.50856339e-003 1.13555666e-006 1.12231411e-002 1.49399065e-003
    7.17793591e-003 0. 1.09019026e-003 4.71024401e-003 0.
    2.69032258e-004 0. 0. 0. 3.13963130e-004 0. 1.08924101e-003 0. 0.
    -1.87610439e-003 -9.31037794e-005 1.98747893e-003 0. 0. 0. 0.
    5.11113042e-003 3.70118767e-003 0. 0. 0. 0. 6.28273992e-004 0.
    1.39751134e-003 0. 0. 1.51851047e-002 1.75318867e-003 0. 0. 0. 0.
    5.90121513e-003 1.03813631e-003 0. -5.20382855e-005 0. 0.
    4.43660916e-004 0. 0. 1.37733319e-003 -1.50181132e-003
    3.86404077e-004 0. 1.26954052e-003 0. 0. -1.03941024e-003 0.
    2.77553103e-004 5.77402487e-003 1.80856162e-003 9.81368867e-005 0.
    1.38007216e-002 0. 0. 2.50961329e-003 0. 0. 7.90310744e-003 0. 0. 0.
    0. 4.55076434e-003 0. 0. 4.04320963e-005 7.80566945e-004 0.
    2.59675947e-003 6.30458933e-004 0. 0. -6.55069773e-004 0. 0. 0. 0.
    0. 0. 0. 0. 1.57430815e-003 1.47206942e-003 0. 0. 7.44327554e-004
    1.37862400e-003 7.37548526e-003 0. 6.28580758e-003 0. 0.
    -9.57320968e-004 0. 0. 1.28560432e-003 1.92902214e-003 0.
    -2.25742682e-004 0. 4.78845232e-006 5.80795400e-004 0.
    1.22746630e-002 0. -6.18030375e-004 1.33739307e-003 4.98465402e-003
    0. 0. 5.06043015e-003 6.37938594e-003 4.01936326e-004 0.
    -4.23301477e-004 0. 0. 0. 0. 1.19179988e-003 1.66890939e-004 0.
    5.61432156e-004 4.83284798e-003 0. 1.74410321e-004 1.18505734e-003
    0. 6.01811707e-003 0. 3.67194251e-003 0. 1.15493988e-003
    3.12696502e-004 0. 0. 3.49551602e-003 3.29362927e-004 0.
    -9.19954153e-004 4.06716438e-003 1.67421854e-006 0. 0.
    3.05381673e-003 0. 6.78583863e-004 5.05939941e-004 0.
    1.03042810e-003 0. 0. 0. 0. -4.08947119e-004 0. 5.15180873e-004 0.
    1.89206749e-003 5.71389937e-005 2.36326596e-004 0. 0.
    1.13998726e-003 7.16192124e-004 0. 2.36261473e-003 0. 0. 0.
    -1.42448896e-003 0. 0. 0. 0. 1.74066587e-003 5.50161581e-003 0. 0.
    2.85701384e-003 2.66358466e-003 0. 0. 1.27429620e-003 0. 0.
    1.01113198e-002 2.40817643e-003 0. 0. 0. 0. 3.31615040e-004
    3.27086251e-004 0. 6.69595273e-003 0. 0. 0. 0. 6.94051478e-003
    -1.65712816e-004 0. 0. 0. 0. 0. -8.55349528e-004 0. 7.56169378e-004
    1.64427138e-006 9.20941937e-004 4.35681455e-003 5.86905796e-003
    5.14590694e-003 0. 0. 1.09202266e-002 0. 0. 0. 4.73444629e-003
    6.77012792e-003 6.39551831e-003 1.29841482e-002 0. 3.87043715e-003
    0. 0. 8.67064809e-004 0. 0. 0. 1.60307842e-004 6.51750062e-003
    6.51235343e-004 -3.13242461e-004 0. 0. 0. 0. 1.10601622e-003
    1.50404207e-006 0. 4.26353281e-003 7.79057213e-004 0.
    7.31832301e-003 0. 1.17818993e-002 0. 0. 1.97230652e-003
    1.37941208e-006 0. 0. 0. 4.12902184e-004 0. 0. 0. 0. 1.87958200e-002
    6.54714997e-004 0. 0. 0. 0. 0. 1.35244615e-003 0. 0. 0. 0.
    3.14961304e-004 4.89544310e-003 0. 2.30470393e-003 0. 0. 0. 0.
    2.12848317e-004 0. 0. -9.62347607e-004 0. 0. 2.04670895e-003
    2.33067735e-003 0. 5.09469373e-007 3.95750953e-003 0.
    5.49417222e-003 0. 0. 0. 6.94042537e-003 5.68407541e-003 0.
    2.42249621e-003 0. 0. 4.01933998e-004 0. 0. 6.94083283e-003 0. 0.
    3.53127019e-003 0. 0. 0. 0. 0. 0. -2.24229370e-004 0. 0. 0.
    1.12797106e-002 6.04693172e-003 0. 0. 2.34620227e-003
    8.52321245e-005 0. 0. 0. 0. 1.59420585e-003 0. 0. 0. 4.27167630e-003
    0. 0. 0. 0. 0. 0. 0. 0. 0. 0. 0. -1.70310237e-003 3.22346995e-003 0.
    0. 0. 3.60963051e-004 4.73011099e-003 0. 0. 0. 1.46148365e-003
    1.37486740e-003 0. 0. 7.06728734e-003 0. 0. 0. 0. 0. 0. 0. 0.
    -7.77616006e-005 0. 0. -5.85994974e-004 0. 0. 0. 0. -1.00632315e-003
    0. 0. 0. 0. 0. 0. 0. 0. 0. 5.61450259e-004 4.21030745e-005
    -4.00358753e-004 0. 5.61886514e-003 0. 4.91204066e-003
    1.07785710e-003 4.03929595e-003 0. 4.43493342e-003 0.
    9.39839927e-004 -1.44965656e-003 0. 0. 0. 0. 0. 0. 1.65811821e-003
    1.67866761e-003 0. -1.36442570e-004 0. 1.58072787e-003 0.
    1.39614148e-003 0. 1.16587407e-003 0. 0. 7.60123134e-004 0. 0. 0.
    1.06658810e-003 0. 0. 2.54786806e-003 0. 0. 0. 0. 1.25861110e-003
    4.27140534e-004 -2.93413003e-004 0. 0. 0. 1.03864046e-002 0. 0. 0.
    -1.00735342e-003 -4.25721431e-004 0. 0. 0. 2.40693771e-004 0. 0.
    5.70849166e-004 2.13052364e-004 0. 0. 0. 1.09575794e-003 0. 0. 0. 0.
    8.94352524e-007 6.11135387e-004 0. 0. 6.58103637e-003 0. 0.
    -2.28656194e-004 1.09058886e-003 2.08019069e-003 0. 0.
    4.99488942e-006 0. 0. -8.46090552e-004 0. 0. 0. 6.55805867e-004 0.
    -9.00761108e-004 4.85523697e-003 0. 2.16884934e-003 0. 0. 0. 0. 0.
    0. 8.93279619e-004 0. 0. 6.98122196e-004 -1.46794321e-007
