<?xml version="1.0"?>
<opencv_storage>
<imageDescriptor type_id="opencv-matrix">
  <rows>1</rows>
  <cols>1000</cols>
  <dt>f</dt>
  <data>
    0. 0. 1.51751307e-003 0. 2.65629636e-003 0. -9.55974065e-006
    1.15484616e-003 0. 0. 0. 2.36110482e-003 0. 5.21531096e-004 0.
    1.29419274e-003 0. 0. 2.60759285e-003 0. 0. -2.07257486e-004
    4.56743379e-004 0. 0. -4.58908646e-004 0. 0. 9.24730484e-005
    5.58216358e-003 0. 9.68773849e-004 0. -7.34720961e-004 0.
    2.45508319e-003 -4.41261707e-003 0. 0. 5.52231446e-004
    2.24172720e-003 0. 0. 2.02840436e-002 0. 0. 0. 0. 4.94031748e-003 0.
    1.48186204e-003 -1.39504042e-003 0. 0. 1.55981083e-003
    -1.34002569e-003 6.86226645e-003 3.40973679e-006 -3.82635859e-003 0.
    3.63681465e-003 0. 2.82911933e-003 1.95504562e-003 -3.53402662e-004
    1.21359737e-003 3.73498746e-003 0. 0. 0. 0. 1.01529330e-003 0. 0.
    5.12357103e-003 3.98879609e-004 2.32467661e-003 0. 0.
    -1.61247735e-003 0. 4.71141684e-004 0. 1.72145106e-003
    2.91047920e-003 -4.25268710e-003 0. 0. 0. 1.67721920e-002 0.
    4.26952378e-004 0. 0. 0. 0. 0. -1.04795885e-003 0. -1.26168632e-003
    0. 0. 0. 2.21611885e-003 -3.22730455e-004 0. 0. 8.80704378e-004 0.
    7.11941320e-005 5.62580023e-003 1.91747409e-003 0. 1.27070388e-002
    7.84577394e-004 0. 0. 1.29227759e-003 0. 4.04007325e-004
    4.59803152e-004 5.21366950e-004 0. 0. 2.40528327e-003
    4.70932294e-003 0. 1.16914872e-003 0. 1.99077488e-003 0. 0. 0.
    -2.20813602e-003 0. 0. 0. 1.55009690e-003 -1.86209753e-003 0. 0.
    1.23234116e-003 3.04375222e-004 0. -4.93097177e-004 3.60700622e-004
    0. 1.50203123e-003 7.39432452e-003 0. -6.22276741e-004
    -3.45887156e-006 4.03226865e-003 0. 0. -1.03848998e-003 0.
    7.41614588e-003 8.26548971e-003 3.09774745e-003 3.45634791e-004 0.
    0. 0. 1.89718755e-003 0. 3.55241820e-003 -3.85154184e-004 0.
    5.16800769e-003 0. 6.72955473e-004 0. 0. 2.20314087e-003 0.
    -1.24727213e-003 0. 0. 1.89650012e-003 -3.61161132e-004 0. 0. 0.
    7.73504376e-003 2.02984712e-003 0. -8.11409263e-004 0. 0. 0. 0. 0.
    -1.25287555e-003 0. 7.36230868e-004 -1.49492861e-003 0. 0. 0.
    9.76517517e-003 0. 0. 0. 8.44273716e-004 -3.49668832e-003 0. 0. 0.
    2.30333465e-003 9.10143892e-004 1.03577797e-003 9.62061458e-005
    3.12798051e-003 3.23768146e-003 0. 3.84004175e-004 0. 0. 0.
    1.24734687e-003 4.80855256e-003 5.63650567e-004 0. 0.
    5.35019964e-004 0. 2.00299360e-003 0. 0. 2.02312134e-003 0. 0. 0. 0.
    -4.12731693e-004 0. 2.89008045e-003 0. 4.12428752e-004 0. 0.
    -9.51986469e-004 0. 1.32733323e-002 -2.29165322e-004 0.
    4.94994363e-003 2.61262618e-003 -3.35501245e-004 2.51921313e-003 0.
    0. -2.29099579e-003 0. 0. -2.71743257e-003 5.09097893e-003
    -8.62531306e-005 3.94954719e-003 8.11476784e-004 0. 1.55229692e-003
    0. 0. 0. 0. 0. 0. 0. 0. 2.63328874e-003 2.43478548e-003
    8.10923812e-004 0. 7.27518648e-003 2.90558347e-003 0. 0. 0.
    1.02225011e-002 4.12699534e-003 1.60021835e-003 1.68252271e-003
    1.96187105e-003 0. 0. 3.33652017e-003 0. 0. 0. 1.42848014e-003
    3.11092031e-003 0. 0. 8.90225405e-004 4.50574886e-003 0.
    1.90907042e-003 0. 8.35871603e-003 4.22892300e-003 -4.96224675e-004
    0. 0. 1.19889992e-004 0. 0. 0. 0. 0. 0. 6.16327452e-004 0. 0. 0. 0.
    0. 0. 1.25214485e-002 9.27086640e-003 0. 0. 0. 1.35051506e-003 0.
    9.74323193e-004 6.22090593e-004 1.30368583e-003 0. 0. 0. 0. 0. 0.
    3.20394756e-005 4.21507936e-003 0. 1.19937095e-003 0.
    -1.09805231e-004 0. 0. 0. 1.95522252e-002 0. 1.27817981e-003 0. 0.
    1.88427034e-003 0. 0. 0. 0. 0. -1.36853091e-003 4.98399045e-003 0.
    0. 0. 0. 5.64210466e-004 0. 8.58620391e-004 0. 0. 6.33177673e-003 0.
    0. 3.55495326e-003 6.73877774e-003 8.90755735e-004 0. 0.
    1.80267345e-003 6.90405956e-003 0. 0. 4.15696733e-004 0. 0.
    1.88560074e-003 0. 0. 2.88573233e-003 1.24466056e-002 0. 0.
    6.25908608e-003 0. 0. 4.14037379e-003 1.06949601e-002
    2.35015084e-003 7.72863487e-003 0. 7.80224614e-003 0.
    4.12912434e-003 0. 0. 0. -4.35971480e-004 4.53568250e-003
    1.65049080e-003 -1.43169297e-003 0. 2.16956274e-003 1.15252240e-002
    0. 3.37644899e-003 0. 0. 0. 0. -3.37809499e-004 0. 3.43485415e-004
    8.22486007e-004 0. 1.41963153e-003 8.03487003e-003 0. 0. 0.
    8.76263622e-003 0. 8.01916793e-003 6.55783061e-003 6.71333540e-003
    1.10549881e-004 5.36980369e-005 3.16557568e-003 2.58790608e-003 0.
    0. 6.27897040e-004 4.22652485e-003 0. 0. 0. -2.51103495e-003
    1.94790424e-003 0. 7.21504679e-003 -7.19478558e-005 0. 0. 0. 0. 0.
    3.12748994e-003 6.21249387e-003 3.42069846e-003 0. 7.19941827e-003
    4.17705043e-004 6.46469835e-003 2.93973164e-004 0. 0.
    1.34237390e-003 0. 0. 0. 1.72535214e-003 0. 0. 6.37377799e-003
    5.06111654e-004 1.57922809e-003 6.25706185e-003 -6.65744126e-004 0.
    0. 0. 0. 0. 0. 0. 0. 0. 7.20143784e-004 0. -1.25034200e-003 0.
    5.17194066e-003 0. 0. 3.01410118e-003 0. 0. -3.45706451e-003
    6.66536763e-003 0. 1.05917640e-003 0. 0. 0. 0. 0. 6.53960183e-003 0.
    2.22181925e-003 8.27405485e-004 0. 0. 0. 1.18383290e-002 0. 0. 0.
    5.73404739e-003 1.54334481e-003 0. 0. 0. 0. -1.16589293e-003
    1.52332149e-003 0. 0. 0. 6.56032981e-003 0. 0. 4.24648309e-003 0.
    1.87681860e-003 0. 1.53770379e-003 0. 0. 0. 0. 0. 0. 0. 0.
    1.14352501e-003 0. 3.67420772e-003 3.39384843e-003 0. 0. 0.
    6.42110710e-004 0. 6.60383143e-004 2.49819411e-003 0.
    1.74359547e-003 4.35146643e-003 0. 0. 0. 0. 0. 0. 0. 0. 0. 0.
    1.00498600e-002 0. 4.01313836e-003 1.18032489e-002 0. 0.
    8.33644881e-004 0. 0. 0. 0. 0. 0. 0. 0. 0. 0. 0. 8.37611879e-005 0.
    0. 0. 0. 0. 0. -1.96666201e-003 0. 9.56009433e-004 0. 0. 0. 0. 0. 0.
    4.08651400e-003 0. 0. 0. 0. 0. 4.67534596e-003 0. 0. 0.
    1.14250940e-003 0. 0. 0. -2.02124333e-003 7.30952062e-003
    2.85031507e-003 0. 0. 0. 0. 0. 0. 0. 0. 6.15805527e-003 0.
    -9.33778763e-004 -1.94063832e-004 3.30324838e-004 0. 0. 0.
    1.52675936e-003 0. 0. 0. 2.66461587e-003 3.55321774e-003
    -6.38177851e-004 0. -6.39975187e-004 2.50307587e-003 0. 0. 0.
    -2.43601738e-004 9.80775338e-004 0. -2.64767041e-005 0. 0.
    3.48140183e-003 0. 0. 0. 0. 0. 0. 0. 1.25462085e-003 3.26553429e-003
    0. 0. 0. 0. 0. 0. 9.16822162e-003 3.72081832e-003 0. 0.
    2.01538089e-004 0. 0. 0. 0. 0. 0. 1.92735039e-004 7.73675682e-004
    1.27711601e-003 0. 6.20828941e-004 6.09508716e-003 0. 0.
    -2.12289835e-003 1.69374142e-003 0. 0. 0. 0. 0. 0. 0. 0. 0. 0. 0.
    4.56065312e-003 1.14290870e-003 0. 8.78878590e-003 4.69327439e-003
    0. 0. 0. 0. 0. 0. 2.19172370e-002 0. 0. 0. 0. 0. -1.56353496e-003
    6.18822733e-003 0. -1.18442927e-004 0. 0. 0. 8.50956712e-004 0. 0.
    1.15438225e-003 0. 1.47251133e-003 9.53938346e-004 0. 0.
    5.07755729e-004 0. 1.55823235e-003 0. 0. 0. 3.67841823e-003 0.
    9.82504920e-004 0. 0. 7.58782960e-004 0. 0. 0. 8.85292888e-003 0.
    4.39995230e-004 0. 0. 0. 0. 0. 3.48545611e-004 4.70380364e-005
    1.32673709e-002 0. 2.09908490e-003 0. -1.96494831e-004
    1.98071240e-003 0. 0. 0. 0. 0. 8.84810288e-004 0. 9.29776579e-004 0.
    0. 0. 0. 0. 6.36953861e-003 0. 0. 1.65901403e-003 0. 0. 0. 0.
    1.02890888e-002 0. 0. 0. 0. 0. 0. -2.96383630e-004 0.
    1.41324440e-003 -2.41777883e-003 0. 0. 1.32269668e-003 0. 0.
    -1.22658748e-004 2.76596053e-003 0. 0. 0. 0. 1.78227003e-003 0.
    2.13912502e-003 0. 0. 0. 0. 7.95541238e-003 0. 0. 0. 0. 0.
    2.64635752e-003 -2.30780570e-003 2.02821102e-003 0. 3.66657856e-003
    0. 5.50947479e-005 0. 0. 0. -2.31786235e-003 0. 0. 0.
    9.22118407e-003 0. 0. 3.72061186e-004 1.48584077e-003 0.
    5.64540643e-003 0. 3.51491221e-003 -6.25509303e-004 1.38666749e-003
    2.05161772e-003 0. 1.04959831e-002 0. 0. 0. 0. 1.40375004e-003
    2.68565048e-003 1.14960596e-003 0. 2.33017909e-003 0.
    2.95703852e-004 0. 1.72798813e-003 0. 0. 5.86616923e-004
    -2.79409229e-004 3.61051247e-003 0. 0. 9.56866890e-004
    -3.73291725e-004 0. -8.09279736e-005 -4.95039218e-004
    5.82460838e-004 1.19899791e-002 0. 0. 2.23923661e-003 0.
