<?xml version="1.0"?>
<opencv_storage>
<imageDescriptor type_id="opencv-matrix">
  <rows>1</rows>
  <cols>1000</cols>
  <dt>f</dt>
  <data>
    0. 7.56722933e-004 7.40706362e-003 1.93516549e-003 -2.15336378e-003
    0. 0. 0. 0. 5.57274651e-003 0. 0. 1.04138744e-003 4.88987798e-003 0.
    0. 0. 2.99253757e-003 0. 5.45707950e-003 8.85272340e-004 0.
    4.89264168e-003 0. 7.49812461e-004 2.44301395e-003 4.58622846e-004
    0. 0. 4.79287468e-003 0. 1.15533794e-005 3.08407354e-004 0. 0.
    2.70318543e-003 0. 0. 0. 0. 0. 5.82448859e-003 0. 7.23488862e-004
    -6.83364691e-004 2.67703529e-003 1.40478369e-003 -6.20614388e-004 0.
    0. 1.92591816e-003 0. 0. 3.50262184e-004 7.87393283e-003
    1.15336617e-003 0. 0. 4.64001996e-003 -6.21295068e-004 0. 0. 0.
    -4.49605024e-004 -5.46777621e-004 0. 0. 0. 1.16851293e-002 0. 0. 0.
    0. 0. -1.02746242e-003 1.35944714e-003 0. 2.47293478e-003
    6.36909576e-003 0. 2.06371583e-003 0. 4.77244845e-003
    3.18066101e-003 0. 4.27984074e-002 0. 0. 1.93954602e-005
    5.05792093e-004 -4.43623809e-004 0. 4.53961518e-004 0.
    9.62100923e-003 7.50126736e-003 0. 1.85880018e-003 6.43359032e-003
    1.72440591e-003 0. 0. 5.18509187e-003 0. 0. -1.13897945e-003 0.
    -9.20110033e-004 -4.15708724e-004 1.70781929e-003 6.65455533e-004 0.
    -3.36835417e-003 4.28130385e-003 0. 4.94596362e-003 3.20981652e-003
    0. 1.45418579e-002 2.12108041e-003 0. 5.30167948e-003 0. 0. 0. 0.
    1.79239118e-003 -1.98749872e-003 1.15204940e-003 0. 0. 0.
    1.01078767e-003 0. 0. -2.27027270e-003 0. 3.77334858e-004 0.
    2.17832974e-003 0. 0. 0. 9.09260940e-004 0. 5.84472669e-003 0. 0.
    6.11457945e-005 0. 0. 1.33408711e-003 0. 0. 1.47495500e-003
    8.79273226e-004 1.37663661e-002 3.68232577e-004 1.00417994e-002
    4.21419879e-003 0. -6.19429583e-003 0. 5.00471517e-003 0. 0. 0. 0.
    1.61612837e-003 0. 0. 3.61901894e-003 0. 0. 2.21988955e-003
    1.36970542e-003 3.80988524e-004 4.02298197e-003 2.86042778e-004
    1.22199664e-002 0. 0. 0. 0. 0. -1.12805120e-003 1.72667159e-003 0.
    0. 0. 0. 0. 0. 0. 0. 0. 0. 0. 0. 0. 0. 8.39027809e-004 0.
    1.91729330e-003 8.97665683e-004 0. 0. 0. 0. -1.22154190e-004 0.
    -1.13498594e-003 0. 0. 1.20117953e-002 0. 0. 0. 0. 0.
    -7.91962491e-004 0. 1.59965847e-002 0. 8.76657385e-003
    3.93848284e-004 0. 0. 5.88981248e-003 0. 0. 0. 0. 0. 0. 0. 0. 0. 0.
    8.31263140e-003 0. 0. -3.23044427e-004 3.40267620e-003 0. 0. 0.
    -5.01809234e-004 -5.94337797e-003 7.98138604e-003 0. 0. 0. 0. 0. 0.
    -3.45292338e-003 0. 0. 0. 1.14761246e-003 0. -7.00422097e-004 0.
    -1.91696489e-003 -3.17199528e-003 0. 6.89218985e-003 0.
    3.77565529e-003 5.21706570e-005 0. 0. 0. 1.76003552e-003 0. 0.
    7.80701666e-005 4.49378276e-004 0. 0. 0. 0. 0. 0. 0.
    -9.04010201e-004 -6.59646874e-004 0. 0. 8.47534928e-003 0. 0.
    2.05101882e-004 3.58539331e-003 8.51464737e-003 1.88975246e-004
    -5.15202526e-004 0. 0. 7.18881655e-003 0. 6.16648374e-003 0. 0.
    -6.53471041e-004 0. 1.72376111e-002 0. 0. 0. 1.06864674e-002 0. 0.
    0. 0. 0. 2.17154017e-003 6.63451152e-004 0. 9.63445171e-004 0.
    2.67977570e-003 5.89791313e-003 -3.79864854e-004 0. 1.50707422e-003
    6.89121708e-003 0. 3.36713390e-003 0. 2.51996936e-003 0.
    7.48102088e-004 -1.02450873e-003 0. 2.94814841e-003 0.
    -1.80513761e-003 0. 2.40794310e-004 0. 3.15994769e-003
    7.04811513e-003 0. 0. 7.82333035e-003 1.03534618e-003 0.
    3.66657763e-003 0. 0. 0. -1.10235182e-003 0. -3.44527652e-004
    5.60935168e-003 0. 0. 0. 2.52387952e-003 -2.32727383e-004
    -1.87181321e-003 0. 4.02238627e-004 0. 6.61259692e-005 0. 0.
    5.38579747e-003 5.68768126e-004 0. 2.18027947e-003 3.39914276e-003
    0. 0. 0. 0. 0. 0. 0. 2.19624144e-006 0. 0. 0. 8.11150181e-004 0.
    4.44800919e-003 0. 0. 0. 5.75025985e-003 0. 0. 4.75119464e-002
    7.34099653e-004 -1.48276519e-003 2.39810231e-003 0. -1.57222559e-004
    0. 2.24322733e-003 0. 0. 0. 6.64739311e-003 0. 0. 0. 0.
    1.34822244e-006 2.47363299e-002 0. 0. 0. 0. 2.09211791e-003 0.
    6.00186503e-003 3.19095026e-003 0. 0. 2.28277314e-003 0. 0. 0. 0.
    3.00123531e-004 0. 0. 0. 5.49591437e-004 0. 2.24954472e-003 0.
    -2.42132184e-004 0. 0. -9.56007170e-006 8.13441933e-004 0. 0.
    5.67962616e-007 0. 1.15227804e-003 7.71554012e-004 7.98660505e-004
    4.92827827e-003 -1.08819711e-003 0. 0. 0. 0. 3.11521726e-004 0. 0.
    0. -1.21767854e-003 0. -1.07059267e-003 0. 0. 0. 5.91613527e-004
    3.22493934e-003 0. 0. 0. 2.85956048e-004 0. 1.24077499e-003 0. 0.
    6.83045760e-003 1.96274812e-003 1.22204167e-003 0. 0. 0. 0. 0. 0.
    9.08185903e-004 8.79589643e-005 6.86764857e-003 0. 0.
    -1.17011739e-004 0. 0. 7.31692417e-003 0. 0. 0. 6.49303710e-003 0.
    2.89360003e-004 0. -1.76592846e-004 7.83011958e-004 6.87489426e-003
    0. 0. 8.18805827e-004 -1.90365687e-003 0. 0. 0. 0. -1.85760239e-003
    0. 0. 5.93287637e-003 -6.95174444e-004 0. 0. 1.86622445e-003 0. 0.
    0. 6.78354772e-005 1.20727019e-003 0. 2.06367462e-003 0.
    2.14516209e-003 3.45568289e-003 0. 3.52445641e-003 0. 0.
    3.45281820e-004 0. 3.78006953e-004 0. 0. 3.90662812e-003 0. 0. 0. 0.
    0. 0. 0. -3.80009733e-004 2.40230249e-004 0. 0. 2.94846669e-003 0.
    0. 0. 1.41406700e-003 0. 0. 0. 0. -4.80762188e-004 0.
    9.60700447e-004 3.36349243e-003 0. -1.23747298e-003 0. 0. 0.
    4.02776338e-003 1.00004452e-003 0. 1.15620615e-002 0.
    -4.67855047e-004 0. 3.49553593e-004 0. 6.78245196e-005
    3.49253090e-003 0. 0. 0. 0. 0. 0. 0. 8.72961944e-004 5.63563500e-003
    4.99670301e-003 0. 6.51685428e-003 0. 0. 0. 0. 3.01851146e-003
    1.19302340e-003 4.01074329e-004 0. 0. 3.24256282e-004
    8.14871513e-004 0. 0. 5.05337445e-003 0. -4.58296214e-004 0. 0. 0.
    9.75227449e-003 6.53793453e-004 0. 4.43138927e-003 0.
    2.55104387e-003 0. 0. 0. 0. 0. 9.18801699e-004 0. 0. 6.67205313e-004
    0. 1.24004693e-003 -3.84412962e-003 0. 3.00689397e-004
    1.21779995e-004 3.66567139e-004 6.21150760e-003 0. 4.01588716e-003
    0. 0. 0. 0. 0. 1.62659679e-003 0. 3.40732723e-003 0. 0. 0.
    6.47509983e-003 0. 0. 7.15612828e-007 0. 0. 0. 0. 0. 7.09799165e-003
    0. 0. 0. 0. 1.26940187e-003 8.77369603e-004 5.02172671e-003 0. 0. 0.
    0. 0. 1.06143730e-003 6.66924706e-003 7.94925494e-004 0. 0. 0. 0.
    -3.54744203e-004 0. 0. 0. -9.92344430e-005 1.81251473e-003 0. 0. 0.
    4.64522559e-003 0. 0. 3.21581052e-003 -2.44116454e-004
    -1.06017571e-003 0. 5.32716606e-003 0. 0. 0. 0. 0. 0. 0.
    3.11833108e-003 0. 1.33240930e-004 0. 0. -2.21514019e-005 0. 0.
    2.63610692e-003 0. 4.58474358e-004 0. 0. 0. 0. 0. 0. 0. 0.
    -2.24213204e-006 5.47410455e-003 0. 0. 5.32945211e-004 0. 0.
    -4.03561676e-003 0. 0. 5.22064231e-003 0. 3.15466267e-003 0. 0.
    6.64994295e-004 0. 0. 0. 0. 6.60462887e-004 0. -1.58153032e-003 0.
    2.90273572e-003 6.89227786e-003 0. 0. 0. 1.34416984e-003 0. 0. 0. 0.
    0. -2.77074927e-004 0. 0. 1.91144389e-003 0. 0. 0. 3.39226355e-003
    7.04952748e-003 0. 1.43913421e-004 0. 4.47443745e-004
    8.62597779e-004 0. 0. 0. 0. 0. 3.34533630e-004 0. 0. 0.
    -1.10604265e-003 0. 0. -1.11073337e-003 4.96372860e-003
    8.87333008e-004 0. 2.97390623e-003 1.35110726e-003 0. 0. 0. 0. 0. 0.
    0. 0. 0. -3.32152340e-005 2.49595591e-003 2.23075142e-004 0. 0. 0.
    0. 0. 0. 4.76655364e-003 0. 0. 0. 9.60746489e-004 0. 0. 0. 0.
    2.53152521e-003 0. 0. 0. 0. 0. 8.63936730e-004 1.57022499e-004
    4.80853533e-003 -4.68553655e-004 0. 0. 0. 0. -4.08471911e-004
    1.61477679e-003 0. 5.27942320e-003 0. 0. -2.15975189e-004 0. 0. 0.
    0. 0. 0. 7.49958097e-004 0. 0. 0. 0. 1.32539088e-003 0.
    -1.49574084e-003 1.87675864e-003 1.10093900e-003 -6.73227804e-003 0.
    0. -9.98335076e-004 1.22781899e-002 0. 7.38445262e-004 0.
    5.96819120e-003 0. 1.90755678e-003 3.03059677e-003 0. 0.
    1.39253191e-003 0. 0. 0. 0. 1.46194245e-003 0. 0. 0. 0. 0. 0. 0. 0.
    1.70974135e-002 4.15766612e-004 0. 0. 6.54117903e-004 0.
    -2.13398272e-003 2.17628112e-004 0. 0. 0. 0. 1.77333562e-003
    3.28603736e-003 0. -1.05273677e-003 5.64366754e-004 0.
