<?xml version="1.0"?>
<opencv_storage>
<imageDescriptor type_id="opencv-matrix">
  <rows>1</rows>
  <cols>1000</cols>
  <dt>f</dt>
  <data>
    1.11882936e-003 0. 3.72152077e-003 0. 4.62093763e-003
    -2.98845535e-003 2.77169747e-003 3.60601372e-003 6.51485147e-003
    3.72971524e-003 0. 2.45770719e-003 1.14164699e-003 0. 0. 0.
    7.36672757e-003 0. 0. 4.32384637e-004 1.08431373e-003
    1.10311329e-003 1.58547005e-003 0. 0. 0. 0. 2.29066820e-003 0. 0. 0.
    3.28426179e-003 0. 0. 0. 2.90995254e-003 0. 9.73028538e-004 0.
    1.91493414e-003 0. -2.62576126e-004 0. 1.07701984e-003 0.
    -1.12628576e-003 0. 2.55161198e-003 4.89998003e-003 -6.49954076e-004
    4.35784837e-004 4.03634709e-004 0. 2.18004035e-003 0.
    7.39145384e-004 3.19549069e-003 -2.88467295e-003 -3.68112640e-004
    -5.63408074e-004 6.73968985e-004 0. 3.91928060e-003 0. 0.
    1.07184448e-003 0. 0. 2.83187302e-003 0. 5.54008293e-004
    -1.68598909e-003 7.25264195e-004 0. -2.28417222e-004
    -5.57899730e-005 0. 7.19545642e-003 2.49345624e-003 0.
    5.07071440e-004 1.42265065e-003 1.75314758e-003 0. 2.11165939e-003
    4.06913133e-003 -4.36539412e-004 0. 0. 0. 0. 0. 0. 9.58812831e-004
    0. 2.42788298e-003 1.41654265e-004 0. 0. 0. 0. 3.74811515e-003 0. 0.
    8.66396120e-004 0. 0. 5.28989651e-004 0. 0. 2.22301017e-003 0. 0. 0.
    0. 2.04126188e-003 -4.50449697e-005 1.32117467e-003 0. 0. 0. 0.
    2.87795137e-003 0. 5.18843392e-003 0. 0. 2.02174135e-003 0.
    -1.93062215e-003 1.26965751e-003 0. 0. 9.61168960e-004 0. 0.
    2.08100583e-003 1.60296098e-003 -1.07368827e-003 0. 0.
    2.12783017e-003 0. 3.72638839e-004 0. 4.25887713e-003 0.
    2.93240792e-005 0. 0. 0. 0. 0. 0. 0. 0. 0. 1.92365423e-003
    7.26050558e-003 0. 0. 0. -6.78471755e-004 2.10786890e-003
    7.19454978e-003 3.06767790e-004 3.92023893e-003 2.04663840e-003
    2.42746738e-003 2.38628616e-003 0. 0. 0. 0. 3.60845868e-003
    2.07641721e-003 0. 2.92206160e-003 -1.31776382e-003 2.00843601e-003
    0. 1.67727855e-003 -3.37413745e-004 -5.60291635e-004 3.74723691e-003
    1.23503956e-003 -4.09267435e-004 0. 0. 3.82922852e-004
    1.84732268e-003 0. 0. 4.35234373e-003 0. 0. 0. 0. 1.77345728e-003 0.
    0. 0. 1.62717118e-003 -1.20898453e-003 0. 0. 0. 1.12061412e-003
    3.52983130e-004 -2.29441095e-004 0. 0. 0. 0. 0. 1.17492955e-003
    -2.18745743e-004 3.37469345e-003 0. 0. 7.02665420e-003 0. 0.
    5.06408885e-003 3.65963462e-003 0. 0. 0. 2.01598043e-003
    1.09618227e-003 0. 1.12045987e-003 2.05361214e-003 4.09013871e-003
    0. 3.84721701e-004 0. 1.60179671e-003 0. 0. 0. 0. 8.55776668e-003
    1.88273180e-003 0. 0. 0. -5.69390868e-005 0. 1.29429088e-003 0.
    7.54315499e-003 1.21308048e-003 0. 0. 2.94987671e-003 0. 0.
    6.50650181e-004 0. 0. 0. 2.55590351e-003 9.51800402e-003
    1.80533633e-003 0. 0. 0. 1.67519320e-004 0. 0. 0. 0. 0.
    -3.81673715e-004 0. 1.26626459e-003 0. 2.65860464e-003
    1.60859083e-003 -4.21521778e-004 1.39922241e-003 1.12571707e-002
    1.48935954e-003 1.86984660e-003 2.48350669e-003 0. 2.54884479e-003
    8.24818201e-003 2.02456233e-003 1.04229385e-003 0. 0. 0. 0. 0. 0. 0.
    0. 2.01291055e-003 0. 0. 0. 2.43183156e-003 0. 0. -4.85987170e-004
    1.98414293e-003 0. 0. 0. 3.50286672e-003 1.39647792e-003
    8.01353157e-003 1.87671697e-003 6.56421413e-004 0. 0.
    1.97784917e-004 0. 2.48532835e-003 3.83575796e-003 0. 0.
    2.61101499e-003 4.14475473e-003 2.00911239e-003 0. 4.02664393e-003
    1.76496420e-003 0. 0. 0. -1.16754975e-003 -2.00802853e-004
    7.40237665e-005 0. 1.80815742e-003 1.00574654e-003 1.68253330e-003
    0. 0. -8.79276049e-005 0. 0. 7.99294328e-004 0. 0. 0.
    -4.13962232e-004 0. 1.48504379e-003 4.74107983e-005 0. 0.
    1.06132764e-003 0. 0. 4.67163278e-004 1.33973185e-003 0.
    4.54626657e-004 0. 1.24395837e-003 0. 0. 0. 0. 1.99418631e-003 0. 0.
    0. 0. 5.18838083e-003 2.19740905e-003 0. 1.63888407e-003 0. 0.
    3.47671006e-003 0. 0. -7.27268285e-004 3.32129304e-003
    8.16435379e-004 0. 0. 9.30789160e-004 8.63058376e-004
    2.08852533e-003 2.75173085e-003 0. 2.72690551e-003 0. 0.
    2.64873239e-003 0. 3.08839907e-003 2.41045002e-003 7.14193273e-004
    0. 3.54048354e-003 4.46559367e-004 1.80604029e-003 0.
    1.82766072e-003 0. 1.30949810e-003 8.01314833e-004 0. 0.
    -1.49961293e-003 4.48840810e-003 1.96189736e-003 -4.99818299e-004
    -5.05289470e-004 1.53687049e-003 0. 0. 0. 1.40078354e-003 0.
    6.80115074e-004 2.47717556e-003 0. 2.31662113e-003 0.
    1.76001410e-003 -3.83670340e-005 1.91593077e-003 -2.75978644e-004 0.
    1.42634381e-003 0. 1.45485054e-003 1.75896368e-003 2.38591083e-003
    4.94646665e-004 0. 0. 1.17151928e-003 -1.76622451e-003
    2.11383589e-003 5.94666414e-003 0. 0. 0. 1.41743873e-003 0. 0.
    4.06418927e-004 0. 0. 0. 0. 2.10598344e-003 4.16479772e-003
    3.77628184e-003 1.14613422e-003 0. 0. 0. 0. 2.25197570e-003 0.
    3.38238245e-003 2.79130158e-003 0. 2.66666029e-004 0.
    -1.90802803e-003 1.69246481e-003 2.00444739e-003 0. 3.86539637e-003
    3.65957781e-003 0. 0. 0. 0. 0. 2.07230775e-003 2.58760265e-004 0.
    -2.53981305e-003 2.16415990e-003 9.09320370e-004 5.69798984e-004 0.
    0. 1.13390374e-003 9.93993599e-004 0. 0. 0. 0. 0. 0. 7.35752936e-003
    -2.72847392e-004 0. 0. 6.79698249e-004 1.34734891e-003 0.
    1.30902999e-003 0. 0. 5.30350115e-003 0. 0. 0. -1.51051077e-004 0.
    2.19146395e-003 1.37906813e-003 0. 1.64127583e-003 0.
    -1.93782465e-003 4.65232600e-003 2.54189805e-003 2.68454500e-003
    4.69287299e-003 3.54506541e-004 7.33314641e-003 0. 6.87444059e-004
    0. 2.12591421e-003 0. 5.01640607e-003 0. 0. 2.11865618e-003
    3.41114379e-003 0. 8.77308194e-003 0. -1.70363497e-003
    3.75043647e-003 1.38069806e-003 2.64823413e-003 -3.13625368e-003 0.
    0. 0. 8.46579089e-004 9.16643126e-004 0. 2.89571565e-003 0. 0.
    -6.37493446e-004 0. -7.61507326e-005 3.60800186e-003
    -2.19344496e-004 1.73001943e-004 4.77378909e-003 1.65963406e-003
    4.69261967e-003 0. 0. 6.65243343e-003 2.47165939e-004
    4.22943570e-003 5.61857305e-004 5.42029692e-003 0. -7.39021983e-004
    9.78849130e-004 0. 2.32868991e-003 0. 4.94019187e-004 0.
    1.76113797e-003 3.29188467e-003 0. 0. 0. 0. 0. 0. 2.68795039e-003
    1.13908318e-003 0. 9.67376633e-004 0. 0. 0. 0. 4.09201579e-003
    1.65428140e-003 4.64986358e-003 0. 0. 0. 1.77487347e-003
    6.61936239e-004 0. 1.81992527e-003 3.05929594e-003 2.24004406e-003
    4.14517894e-003 0. 0. -1.31195283e-003 1.52422197e-003 0. 0. 0. 0.
    5.96898491e-004 1.53162249e-003 0. -1.32202043e-003 3.46731255e-003
    0. 0. 0. 2.33045430e-003 0. 1.64570822e-003 0. 6.31519069e-004 0. 0.
    5.35269151e-004 0. 0. 0. 8.69663781e-004 -3.43518070e-004 0. 0. 0.
    2.69856257e-003 0. 0. 0. 2.11473485e-003 0. 0. -8.60106229e-005 0.
    0. 1.28697278e-003 5.70093328e-003 1.32911722e-003 1.57045212e-003
    0. 0. 0. 9.81499557e-004 0. -8.80392734e-004 0. 4.86549083e-003 0.
    0. 0. 1.03224663e-003 1.68452936e-003 3.26041388e-003 0.
    1.05559593e-003 0. 0. 2.87561817e-003 0. 0. 0. 0. 0. 0.
    -7.77618145e-004 0. 0. 2.68902374e-003 0. 1.69576588e-003
    2.57869903e-003 5.27110940e-004 -4.65014193e-004 3.70542682e-003
    4.23909118e-003 5.71715739e-003 3.07155005e-003 0. -2.49879726e-004
    0. 2.68675899e-003 1.22767279e-003 0. -3.10316187e-004
    3.23853991e-003 5.50635799e-004 -5.05822136e-005 0. -1.56715669e-005
    1.84596481e-003 9.78441676e-004 0. 0. 9.50917718e-004 0.
    -1.63335106e-004 0. 7.71034393e-005 1.16412947e-003 -1.70847910e-004
    1.08342022e-002 0. 0. 3.54073290e-003 3.19109927e-003 0. 0.
    3.31302313e-003 0. 0. 0. -9.85847582e-005 0. 0. 0. 0.
    1.56428497e-002 0. 1.25644030e-003 7.60638621e-004 3.15602240e-003
    0. 4.26574424e-003 0. 2.06994358e-003 0. 0. 1.08108507e-004 0.
    1.02452049e-003 -9.66998166e-004 0. 2.70466972e-003 1.13575987e-003
    0. 5.33381430e-003 2.66022817e-003 0. 1.86622213e-003
    1.15055032e-003 -1.80721201e-003 0. -1.55273505e-004 0.
    3.31978488e-004 0. 9.94823873e-004 3.03478981e-003 0. 0. 0.
