<?xml version="1.0"?>
<opencv_storage>
<imageDescriptor type_id="opencv-matrix">
  <rows>1</rows>
  <cols>1000</cols>
  <dt>f</dt>
  <data>
    3.65814241e-003 3.34837299e-004 -3.11702793e-003 1.85697526e-003
    7.15240370e-004 8.46431125e-003 0. 0. 1.42410834e-004 0.
    -5.72180550e-004 3.85519885e-003 0. -1.35124498e-003 0. 0. 0.
    3.28257447e-004 0. 1.28129090e-003 0. 0. 1.32938884e-002
    -4.75508166e-008 0. 3.45908361e-003 1.49885926e-003 0. 0.
    2.36865599e-003 0. 1.70748879e-003 9.54092480e-003 0. 0.
    -1.04717165e-003 0. 0. 0. 1.53892674e-003 8.98286421e-003 0. 0.
    5.44415647e-003 5.60771953e-003 1.29090750e-003 0. 1.23939803e-003
    0. 0. 0. -5.50697905e-007 0. 0. 0. -2.21678801e-003 1.39793148e-003
    0. 3.13146651e-004 0. 0. 0. 1.55222847e-003 0. -1.70761108e-004
    8.16533342e-004 0. 0. 0. 1.97968460e-004 2.46064668e-003 0. 0. 0.
    -2.64830596e-004 1.01052911e-003 0. 5.18843578e-003 0. 0.
    -2.68892292e-003 0. 0. -1.27357920e-003 0. 0. 0. 0. 0.
    1.29555212e-003 4.26744577e-003 0. 4.16451832e-004 0.
    9.58266389e-003 4.33961442e-003 0. 2.24735049e-004 0.
    8.48357752e-003 -4.60034353e-004 0. 0. 0. 0. 4.51687584e-003 0. 0.
    0. 0. 1.24451937e-003 0. 0. 0. 1.65584402e-006 1.52116932e-003
    1.35774317e-003 0. 2.30232417e-003 0. 0. 2.60000979e-003 0. 0. 0.
    6.87966356e-004 1.30439550e-003 1.47976156e-003 0. 1.52954890e-003
    8.05466843e-004 0. 2.00084457e-003 4.26125713e-003 0.
    3.35501973e-004 1.65881286e-003 1.53126859e-003 6.10284274e-003
    3.58192134e-003 0. 2.23288359e-003 0. 2.12697370e-004 0. 0.
    6.03910827e-004 0. 0. 0. 5.57698682e-003 1.64306513e-003 0. 0.
    1.27277395e-003 5.10964077e-003 1.30855236e-002 0. 9.65117884e-004
    8.77075305e-004 1.41914620e-003 6.24889368e-003 0. 2.09763763e-003
    -7.38855510e-004 7.33533307e-005 0. 0. -3.61482147e-003
    7.33124977e-003 0. 1.92397798e-003 0. 0. 0. 6.51960634e-003
    1.55854737e-003 9.28616058e-003 0. 0. 2.47816416e-003 0.
    6.70790731e-004 0. 0. 0. 7.71227642e-004 0. 0. 0. 2.79988570e-004 0.
    4.20417218e-003 2.90748896e-004 0. 0. 0. 1.01755490e-003 0.
    -6.31696312e-004 0. 0. 5.57478692e-004 0. 0. 0. 0. 0. 0. 0.
    2.75924290e-003 9.34960728e-004 0. 0. 3.08451778e-003
    1.18028233e-003 0. 0. 0. 1.61123846e-003 -1.90681743e-003 0.
    8.87601636e-003 0. -1.56543544e-003 0. 4.55170218e-003 0. 0. 0. 0.
    0. 0. 0. -9.22085201e-006 0. 4.92952252e-003 0. 2.06766697e-003 0.
    0. 1.31452689e-002 9.14349314e-003 0. 1.44540365e-006 0.
    1.53057641e-004 6.88551273e-003 7.17606023e-003 0. 1.12897018e-003
    1.62697341e-002 0. 0. -2.28307283e-004 0. -6.47723500e-004 0. 0. 0.
    0. -6.31055562e-004 -1.76847656e-003 0. 1.51388757e-002 0.
    2.11472414e-003 0. 2.12711166e-003 0. 2.47634191e-004 0. 0. 0.
    1.28106028e-003 0. 6.45650132e-003 1.45576033e-003 1.00932911e-003
    0. 0. 0. 0. -3.07827198e-004 0. 7.72143109e-003 1.70367758e-003 0.
    1.47330319e-003 0. -2.56921252e-004 9.72068345e-004 0. 0.
    2.28377944e-003 -1.73374894e-004 6.63446030e-003 3.35998833e-003
    7.27040572e-007 0. 4.21261648e-003 0. 0. 0. -1.34172896e-003
    1.49023568e-003 0. 2.64137721e-004 5.66235743e-003 0.
    5.23178605e-004 -1.64228608e-003 0. 4.20472259e-003 0. 0.
    6.54429256e-004 1.49555970e-003 0. 0. 3.97377589e-004
    7.67589500e-003 0. -6.30230061e-004 0. 6.63388812e-004
    1.35771045e-003 0. 0. 7.95843266e-003 3.65596660e-003
    1.65044969e-006 0. 0. 3.98979895e-003 0. 0. 0. 0. 0. 0. 0.
    1.86582340e-003 8.72817263e-003 3.34180100e-003 0. 2.82693480e-004
    0. 5.48147829e-004 2.00504716e-003 0. 1.54919049e-003
    3.17961792e-004 6.41732663e-003 -8.36216903e-004 0. 2.10131519e-003
    0. 3.72941350e-003 0. 0. 0. 1.70016472e-004 0. 3.52646480e-003 0. 0.
    0. 0. 8.19642562e-003 0. 0. 0. 0. 0. 0. 0. 0. 0. 8.42978712e-003 0.
    7.07573490e-003 0. 0. 1.10497954e-003 0. 0. 2.06831843e-004
    4.36938927e-003 0. 0. 0. 0. 0. 0. 0. 0. 0. 0. 3.85888061e-003 0. 0.
    0. 0. 3.99240898e-003 0. 0. 1.17614865e-002 0. 0. 0. 6.22658245e-003
    0. 0. 0. 0. 1.18210260e-003 0. 1.47918900e-002 1.00636343e-003
    5.60400018e-004 0. 0. 0. 5.04597381e-004 0. 0. 0. 0. 0. 0. 0. 0. 0.
    1.37412036e-003 0. 6.54213969e-003 5.46660600e-003 0. 0. 0. 0. 0. 0.
    3.79203376e-003 0. 0. 0. 8.97318497e-003 -4.33889625e-004
    4.30186308e-004 0. 0. 8.20006151e-003 0. 6.80538220e-003
    1.83602783e-003 0. 9.18710139e-003 0. 0. 0. 0. 0. 0. 0.
    1.41390495e-003 0. -9.09115479e-004 0. 0. 1.50180096e-003 0.
    1.05883274e-003 8.06246232e-003 0. 0. 6.26972038e-003
    4.72823298e-003 3.29645770e-003 0. 8.61216709e-003 1.05159907e-002
    0. 0. 0. -7.82237112e-005 0. 0. 5.14774164e-003 8.74763168e-003
    8.18483841e-007 0. 0. 5.32582030e-003 0. 0. 0. -7.19884061e-004 0.
    0. 0. 5.30337507e-004 1.91656267e-003 0. 0. 0. 0. 4.03761835e-004
    1.82022020e-004 0. 8.32729414e-003 -1.61027157e-004 0.
    9.21423954e-004 0. 7.03213084e-003 0. 0. 5.37182949e-003 0.
    -1.42902936e-004 0. 0. 0. 0. 0. 0. -6.19230734e-004 1.47493649e-003
    3.63361812e-003 0. 0. -1.27126125e-003 6.79595582e-003
    4.68286313e-003 5.90240909e-003 2.22943234e-003 0. 0. 0. 0. 0. 0.
    2.62430427e-003 1.80480350e-003 0. 0. 0. 0. 0. 0. 0.
    -4.30647196e-004 0. 0. 0. 0. 0. 8.44283402e-003 2.89124902e-003
    6.00091135e-003 0. 0. 0. 0. -8.31795332e-004 -9.41860606e-004 0. 0.
    0. 0. 0. 0. 0. 6.02239917e-004 1.15255163e-004 0. 5.37179597e-003
    3.16817150e-003 0. 9.28403926e-004 8.32828041e-003 0. 0. 0. 0. 0.
    -2.06123502e-003 0. 6.48144633e-003 0. 0. 0. 0. 5.47243096e-003 0.
    0. 0. -3.15764664e-005 0. -1.40566219e-004 0. 5.95124066e-003 0.
    7.92858005e-003 0. 0. -4.22572577e-003 1.90886654e-004 0. 0.
    2.40443577e-003 0. 0. 0. 0. 0. 0. 0. 0. 0. 8.21033726e-004 0.
    6.09329483e-003 3.03641165e-004 0. 0. 0. 1.07528770e-003
    1.96390238e-006 0. -1.25961076e-003 0. 0. -4.25167178e-004 0. 0.
    8.53391178e-003 9.59425513e-003 0. -5.82507710e-005 0. 0.
    3.06946668e-003 0. 5.41063584e-003 3.01766046e-003 0. 0. 0. 0. 0. 0.
    1.77759235e-003 0. 0. 0. 0. 0. -2.47889635e-004 0. 0.
    3.56969508e-006 0. 0. -7.12067646e-004 0. 0. 1.71183527e-003 0.
    1.73193938e-003 4.79949260e-004 0. 0. 0. 0. 0. 0. 0. 0. 0. 0. 0.
    1.49610860e-003 1.38318923e-003 -6.40614715e-004 4.51045315e-004 0.
    0. 0. 0. 0. 1.39862136e-003 0. 0. 0. 2.13023601e-003 5.97030204e-003
    0. 1.67233543e-006 5.72352903e-003 0. -9.68251436e-004
    2.83182180e-003 0. 5.95231727e-003 0. 0. 0. 0. -4.52950655e-004 0.
    0. 2.77343811e-003 8.32896680e-003 -6.73630682e-004 4.92523517e-003
    0. 0. -6.35810487e-004 0. 0. 0. 8.32768157e-003 0. 0. 0.
    4.35571978e-003 0. 0. 0. 0. 0. 3.80136515e-003 2.26658164e-003
    3.45439679e-004 0. 0. 9.72848386e-004 1.47785200e-003 0. 0. 0. 0. 0.
    0. 0. 0. 0. 0. 0. 0. 0. 0. 0. 8.32773000e-003 0. 0. 0. 0. 0. 0. 0.
    0. 0. 0. 0. 0. 0. 1.83057459e-003 0. 0. 1.03178318e-003 0. 0. 0.
    6.58696331e-003 0. 0. 0. 0. 0. 5.89229690e-004 1.42390165e-003 0. 0.
    0. -2.52700294e-004 4.30667948e-004 0. 0. -1.93338282e-003 0. 0. 0.
    0. 0. 0. 0. 1.01665931e-003 0. 0. 0. 0. 1.65705930e-003 0. 0. 0. 0.
    0. 6.15709089e-003 8.32789671e-003 0. 0. 0. 3.89846577e-003 0.
    -1.85537548e-003 -1.62774173e-003 -2.14897518e-004 0. 0. 0.
    7.39022100e-004 0. 0. 0. -2.15484208e-004 0. 0. 0. 4.87627607e-004
    -3.77187127e-004 0. 0. 0. 2.67758174e-003 0. 0. 0. 1.13360479e-003
    0. 0. 3.14624584e-003 0. 0. 0. 0. 0. 4.54028789e-003 0. 0.
    -1.59666350e-003 0. 0. 0. 2.86175241e-003 2.65882467e-004
    1.44865271e-003 0. -5.95843710e-004 0. 0. 0. 0. 0. 0. 0. 0.
    1.26094348e-003 0. 0. 0. 8.32791347e-003 4.44581499e-003 0. 0. 0.
    7.86745083e-003 0. 3.58429318e-003 0. 0. 5.09830017e-004 0. 0. 0.
    1.59547385e-002 0. -4.59729490e-004 0. 0. 2.19727424e-003 0. 0. 0.
    0. 0. 1.20896392e-003 0. 0. 0. 0. 0. 3.14031669e-004 0. 0. 0.
    2.22599469e-002 0. 4.18614829e-003 0. 0. 0. 9.85161215e-003
    1.94671343e-003 0. 0. 0. 0. 0. 0. 1.15306047e-003 0. 0. 0.
