<?xml version="1.0"?>
<opencv_storage>
<imageDescriptor type_id="opencv-matrix">
  <rows>1</rows>
  <cols>1000</cols>
  <dt>f</dt>
  <data>
    0. 7.72132399e-003 7.52172375e-004 8.20801221e-003 0.
    2.14384776e-002 0. 0. 0. 0. 0. 2.58275052e-003 3.69628705e-003 0. 0.
    0. 0. -3.11266602e-004 0. 6.42235111e-003 7.90658034e-003 0. 0.
    -1.28076633e-003 0. 0. 1.31363817e-003 0. 0. 0. 0. 1.09406412e-002
    -9.78674041e-004 0. 0. 1.71130578e-005 5.00949332e-003 0. 0. 0.
    1.13426475e-002 5.40466222e-004 0. 1.60703168e-003 1.33459995e-004
    0. 0. 0. 1.14877231e-003 1.59316510e-002 -6.63361978e-004 0. 0.
    1.72027227e-004 -8.41182307e-004 1.79832347e-003 0. 0. 0. 0. 0. 0.
    0. 9.25412634e-004 0. 8.91632400e-003 0. 0. 0. -3.87569144e-003
    6.38206431e-004 0. 0. 0. -7.01221637e-004 0. 1.88980799e-003 0. 0.
    0. 0. 0. 0. 1.86004152e-004 5.09828271e-004 0. 0. 0. 0.
    1.64577067e-002 2.28725281e-003 0. 2.02138646e-004 0.
    3.27030732e-003 3.47466022e-003 0. 0. 0. 0. -8.25161929e-004 0.
    1.45465264e-003 0. 0. 3.74177448e-003 7.40697701e-003 0. 0.
    -3.27181333e-004 -1.21902733e-003 9.87483468e-003 4.50177677e-003
    4.35935147e-003 0. 0. 8.28341860e-003 8.58439598e-003
    2.91437306e-003 0. 0. 1.37404667e-003 0. 3.26712220e-003 0. 0. 0.
    3.19582969e-003 0. 8.08048935e-004 -2.38889013e-003 0. 0.
    3.33793066e-003 0. 0. 0. 0. 1.62751458e-004 3.12905782e-003 0. 0.
    2.50740180e-004 0. 0. 0. 0. 1.87988710e-002 2.59723398e-003
    5.05305873e-003 0. 0. 8.92994739e-003 -9.16314253e-004 0. 0.
    1.96845829e-002 2.81538162e-003 3.17557040e-003 0. -1.48156512e-004
    6.90141169e-004 0. 3.16901802e-004 0. 0. 0. 0. 4.72552655e-003
    -3.65944067e-003 0. 0. 1.19968888e-003 2.03118998e-005
    1.80327287e-003 0. 5.90929389e-003 1.73203018e-003 0. 0. 0. 0.
    4.39834036e-003 0. 0. 8.01170617e-003 0. 0. 0. 2.83379736e-003
    3.70331621e-003 -1.45578058e-003 1.20005326e-003 0. 0. 0.
    6.56321971e-003 1.62430899e-003 1.57123781e-004 -2.58434040e-004 0.
    1.17177944e-004 0. 0. 0. 0. 0. 0. 0. 1.13869680e-003 0.
    1.51303259e-003 0. 2.23359802e-006 5.71622622e-005 0.
    2.63474905e-003 -6.15299723e-005 0. 2.44150218e-002 -2.23244028e-003
    0. 0. 0. 0. 9.01246443e-003 0. 0. 0. 6.95585180e-003 0. 0. 0. 0.
    -3.69418587e-004 0. 0. 0. 0. 0. 0. 2.63829553e-003 1.47257186e-003
    3.01368348e-003 3.12114228e-003 0. 0. 0. -7.32762099e-004
    -9.14973149e-004 0. 0. 0. 0. 0. 0. 7.11420598e-003 0. 0. 0. 0. 0. 0.
    4.12686402e-003 4.20372235e-003 0. 0. 0. 0. 0. 2.72230804e-003
    7.35057611e-003 0. 0. 0. 5.85897709e-004 0. -1.51625811e-003 0. 0.
    0. 0. 0. 0. 0. 0. 0. 0. 0. 0. 0. 0. 0. -1.43182068e-003 0. 0.
    6.54919026e-003 0. 0. 0. 0. 0. -7.04967359e-004 0. 0.
    1.00404462e-002 0. 4.53581940e-003 9.26514971e-004 0. 0.
    -2.01618139e-004 3.22615875e-007 0. 0. 6.65848609e-004
    3.14559159e-003 1.32074524e-002 0. 2.28784867e-002 2.04216316e-003
    0. 0. -8.42776644e-005 0. 9.22383834e-003 2.18989095e-003
    1.09418260e-003 0. 1.78061600e-004 7.87311874e-004 1.77629292e-003
    0. 5.60774375e-003 0. 0. 3.09543964e-003 7.30484119e-003 0.
    1.00624072e-003 0. 0. 0. 0. 0. 2.04709242e-003 3.13499570e-003 0.
    6.86337426e-003 0. 0. 9.79631394e-003 0. 8.14949628e-003
    3.09952814e-003 0. 0. 1.51158741e-003 4.29487351e-004 0. 0.
    3.34971258e-003 0. 0. 1.37440173e-003 0. 0. 0. 0. 5.03962999e-003 0.
    0. 0. 5.02270600e-003 1.01425755e-003 0. 0. 0. 0. 0. 0.
    -1.63286144e-003 8.78812652e-003 0. -3.25828965e-004 0.
    8.94328405e-004 0. 0. 0. 0. 2.47772667e-003 0. 0. 0. 0. 0.
    9.10414290e-003 0. 6.31675823e-003 0. 0. 9.42753162e-003 0. 0. 0. 0.
    0. 0. 0. 1.95643157e-002 0. 0. 0. 0. 0. -1.27470156e-003 0.
    1.32444676e-003 -4.14370501e-004 0. 0. 0. 0. 2.10963958e-003
    5.07893879e-003 0. 0. 0. 0. 9.42803454e-003 2.34125446e-006 0. 0. 0.
    0. 0. 0. 0. 0. 0. 0. -1.69862524e-005 0. 0. 0. 0. 0. 0. 0. 0.
    9.80922673e-003 0. 9.38533980e-004 2.26325216e-003 0. 0. 0. 0. 0.
    2.01558042e-003 0. 0. 0. 0. 0. -5.03699936e-004 0. 3.66869732e-003
    0. -1.17367320e-003 0. 1.31378532e-003 0. 0. 0. 3.06725572e-003 0.
    1.44542428e-003 0. 0. 0. 8.47295579e-003 2.56965519e-004 0. 0. 0. 0.
    0. 0. 3.04985559e-003 -2.03504367e-003 0. 0. 0. 9.02633008e-004 0.
    0. 0. 0. 0. 0. 0. 1.05013605e-003 0. -5.53498336e-004 0. 0. 0. 0. 0.
    0. 0. -1.08390220e-003 0. 1.86152314e-003 0. 0. 0. 1.15149982e-004
    0. 1.52948755e-003 0. 1.77560491e-003 5.80647169e-003
    3.32642370e-003 1.99695528e-002 0. 7.94764142e-004 0. 0.
    7.67498603e-003 0. 0. 2.39514407e-006 0. 3.64907458e-003 0. 0. 0. 0.
    0. 0. 0. 1.80731819e-003 0. 0. 0. 0. 0. 0. 3.21033481e-003
    9.34871379e-003 0. 7.34388523e-005 0. 0. -4.50579729e-003 0. 0.
    7.01494887e-003 0. 0. 1.42976432e-003 0. 0. 1.22859515e-003 0.
    2.38161557e-003 0. 9.27705877e-003 0. 7.60756293e-003 0. 0. 0. 0. 0.
    0. 0. 0. 0. 0. 6.09237119e-004 0. 0. -6.91253954e-005 0.
    1.92861445e-003 0. 0. 0. 0. 0. 0. 0. 7.29360944e-003 2.86488119e-003
    0. 1.00436877e-003 1.57069473e-003 0. 0. 1.07241189e-002
    5.10187261e-003 0. 0. 2.15724204e-003 -2.24773485e-005 0. 0.
    -1.09634362e-003 0. 0. 0. 1.09167572e-003 0. 0. 0. 0. 0. 0.
    2.25848844e-003 0. 5.50531222e-005 0. 0. 0. 0. 5.09987073e-003 0. 0.
    -2.23872717e-004 0. 0. 2.03587297e-006 0. 0. 4.00459021e-003
    8.56227532e-004 1.17447269e-006 -1.70446048e-003 7.90364225e-004 0.
    2.15874566e-003 0. 0. 0. 0. -2.35318183e-003 0. 2.38502910e-003 0.
    0. 3.97875992e-004 0. 7.42468005e-003 0. 0. 0. 4.04563174e-003 0. 0.
    0. 0. 0. 0. 1.25548846e-004 -6.91141293e-004 0. 0. 1.80497428e-003
    2.48597877e-004 0. 0. 0. 2.05674325e-003 0. 0. 0. 0. 0. 0. 0.
    1.51606684e-004 0. 0. 0. 1.90937240e-003 0. 0. 0. 2.73790350e-003 0.
    0. 0. 0. 6.83974300e-004 0. 0. 6.90866075e-003 0. -8.55881721e-004
    0. 0. -5.60184999e-004 -2.47821421e-003 8.53394158e-004 0. 0. 0.
    -1.26170940e-004 0. 0. 7.78010068e-003 0. 0. 3.32964491e-003 0. 0.
    2.19237758e-003 0. 9.42804199e-003 1.62399811e-005 0.
    8.78946204e-003 -7.43315322e-004 0. -1.05476344e-003 0. 0. 0. 0. 0.
    0. 0. 0. 0. 2.25747097e-003 0. 8.24442017e-004 0. 0. 0.
    7.59234128e-004 0. 0. 0. 0. 0. 5.77819766e-004 0. 6.75647461e-005 0.
    0. 0. 0. 0. 1.05941363e-004 -3.53697309e-004 7.64803262e-004
    4.86356160e-003 1.06366873e-002 0. 0. 0. 0. 0. 0. 0. 0. 0.
    1.18351402e-003 0. 0. 0. 0. 0. 6.63490640e-003 1.46120330e-002 0.
    2.17126054e-003 0. 2.27260217e-002 0. 0. 0. 0. 0. 0. 0.
    9.91416350e-003 0. 2.15370557e-003 0. 0. 0. 0. 0. 0. 0.
    -1.16132724e-003 0. 0. 0. 0. 0. 0. 0. 0. -1.05134887e-003 0. 0. 0.
    7.85637472e-004 0. 1.41977379e-003 0. 0. 0. 0. -1.10849168e-003 0.
    0. 0. 0. 0. 0. 3.45635647e-003 0. 0. 0. 0. 0. 0. 8.53118300e-003 0.
    0. 0. 0. 0. 0. 0. 0. 4.88104858e-003 0. 0. -3.18425545e-003
    9.73679562e-005 0. 9.84692946e-004 0. 0. -1.51963119e-004 0. 0. 0.
    5.61756967e-003 0. 0. 0. 0. 0. 0. 0. 0. 1.49417333e-002 0. 0. 0. 0.
    0. 0. 0. 0. -2.27209557e-006 1.07216148e-003 0. 0. 0. 0.
    3.71481641e-003 6.45458046e-003 0. 0. 0. 0. 0. 0. 0. 1.49600650e-003
    0. 0. 0. 0. 0. 0. 2.60081515e-003 6.32172159e-004 5.83274057e-004 0.
    0. 7.01438822e-003 0. 0. -1.40154886e-003 5.08494303e-003
    -2.29229961e-004 0. 2.13290215e-003 -3.23460612e-004 0. 0. 0. 0.
    1.46160088e-003 9.93912481e-003 0. -6.19602099e-004 0. 0.
    1.40171393e-003 0. 2.06169090e-003 8.80643725e-004 0. 0. 0. 0. 0. 0.
    8.83871922e-004 0. 0. 0. 0. -4.05314146e-004 0. 0. 0. 0.
    1.11789512e-003 0. 0. 0. 0. 0. 0. 0. 7.41751050e-004 0. 0. 0. 0. 0.
    1.34234433e-003 0. 0. 0. 2.39529693e-003 0. 0. -7.37803872e-004 0.
    -6.42148836e-004 0. 0. 0. 2.32269941e-003 0. 0. 0. 8.53878073e-003
    0. 0. 0. 0. 0. 0. 0. 7.98455626e-003 0. 0. 0. 1.20293314e-003 0.
    1.24874339e-003 0. 0. 5.33957267e-003 0. 0. 0. 0. 2.05833421e-004 0.
    0. 0. -6.64715015e-004 0.</data></imageDescriptor>
</opencv_storage>
