<?xml version="1.0"?>
<opencv_storage>
<imageDescriptor type_id="opencv-matrix">
  <rows>1</rows>
  <cols>1000</cols>
  <dt>f</dt>
  <data>
    0. 6.38898404e-004 1.75454945e-003 2.45166267e-003 0.
    -1.14215398e-003 4.82801552e-004 2.53408193e-003 0. 3.56765138e-003
    0. 0. 4.24265949e-004 0. 0. 1.09408644e-003 -6.40453538e-004
    4.78516653e-004 0. 0. 8.70009046e-003 0. 6.45493530e-003 0.
    1.04606652e-003 0. 0. 7.20575452e-003 3.23574105e-003 0.
    -1.11090543e-004 5.06964000e-003 1.79679296e-003 1.12145813e-003 0.
    0. 0. 0. 0. 1.34813797e-003 0. 0. 4.61413962e-004 0. 0. 0. 0.
    8.31584912e-003 0. 0. 0. 1.12007510e-004 8.92432232e-004 0. 0.
    2.90275877e-003 0. 2.12466065e-003 -8.94652330e-004 7.77713431e-004
    0. 5.28877368e-003 0. 1.89915532e-003 -2.50323326e-004
    3.10287438e-003 1.57029973e-003 1.72698288e-003 0. 2.02695117e-003
    -6.35736331e-004 0. 2.35854182e-003 0. 4.08654148e-003 0.
    1.22039148e-003 8.27609620e-004 2.02357466e-003 4.30617256e-005
    9.24577098e-003 1.08778721e-003 -9.94357630e-004 0. 8.54173023e-003
    1.06645096e-003 0. 6.95855124e-004 0. 1.11882749e-003
    6.85546082e-004 5.28406166e-003 0. -2.05854565e-004 7.88100937e-004
    0. 1.21859845e-003 0. 0. 0. 0. 0. 0. -1.00006291e-003 0. 0.
    8.27125856e-004 0. 0. 1.50328001e-003 0. 0. 2.21941445e-004 0.
    7.59090530e-003 2.30210740e-003 -1.76939729e-003 0. 1.62808178e-003
    3.49823735e-003 0. 5.09725837e-003 6.10947562e-003 1.54757965e-003
    3.21589736e-003 0. 0. 0. 9.71545291e-004 0. 3.35744582e-003 0.
    1.33020920e-003 1.14875857e-003 0. 7.31280772e-003 0.
    1.87637587e-003 -1.08088960e-003 0. 1.82819599e-003 0.
    -1.00371300e-003 1.53800356e-003 0. 0. 0. 9.19885002e-004
    1.05439243e-003 1.31169183e-003 0. 2.97319260e-003 2.90064374e-004
    1.28104398e-003 1.35346281e-003 3.63678508e-003 1.90683408e-003
    3.11158225e-003 4.64793295e-003 -6.37300400e-005 0. 0. 0. 0. 0.
    -1.11429417e-003 0. 2.51381425e-003 0. 0. 0. 4.81513934e-003
    4.13358153e-004 9.10502742e-004 -1.77327357e-003 2.61765672e-003
    5.91400778e-003 0. 0. 1.74781808e-003 1.61882082e-003 0.
    -1.93502568e-003 -2.56126025e-003 1.84228062e-004 -2.71630455e-007
    1.10594265e-003 7.09639350e-003 9.62950988e-004 0. 5.21081639e-003
    1.71785837e-003 0. 9.92789515e-004 9.05827153e-004 0.
    1.02792133e-003 0. 0. 1.06716366e-003 1.12507457e-003 0.
    3.88228847e-003 -1.62305558e-004 0. 0. -3.39250953e-004
    2.43217160e-004 0. 8.57569510e-004 4.06809058e-003 0.
    1.35451811e-003 -2.61911937e-005 2.78181833e-004 4.63143748e-004
    -1.33155636e-003 0. 0. 2.95904558e-003 3.79901077e-003 0.
    -1.87314945e-004 0. 5.41115878e-003 0. 0. 0. 0. 3.11405701e-003 0.
    0. 2.57502170e-003 7.87988678e-003 0. 0. 0. 0. 0. 1.09171635e-003
    9.85851046e-004 0. 3.48615809e-004 1.20704889e-003 2.68906006e-003
    2.32897280e-003 2.31844140e-003 0. 0. 0. 0. 3.18253832e-003
    1.34205967e-002 0. 0. 0. 5.69431204e-003 2.19805306e-003
    1.71354355e-003 -3.16468271e-004 0. 0. 0. 4.84581664e-003
    1.14665856e-003 3.86099843e-003 1.52305001e-003 3.03603639e-003 0.
    0. 0. 4.02414193e-003 0. 1.54836162e-003 0. 1.93832337e-003
    -2.33166807e-004 1.51876768e-003 0. 0. -1.93464162e-003
    -6.17892365e-004 1.70102948e-003 8.28496879e-004 0. 0.
    3.66635597e-003 9.91590903e-004 1.17548963e-003 0. 0. 0. 0. 0. 0. 0.
    3.00177746e-003 2.14908016e-003 -3.77589531e-005 -6.84181359e-005
    5.06054284e-003 0. 0. 0. 3.28148133e-003 1.13930939e-004
    -4.76381741e-004 -8.84968686e-005 0. -4.02874197e-004 0. 0. 0.
    1.43503363e-004 0. 0. 0. -4.17727744e-004 0. 0. 0. 0.
    3.70540028e-003 0. 0. 0. 0. 0. 0. 5.87713439e-005 3.77043645e-004
    1.48206099e-003 8.48678988e-004 5.14045963e-003 0. 0. 0.
    2.49795569e-003 5.77382743e-003 0. 4.31854138e-003 8.98622966e-004
    0. 2.35270639e-003 -1.50718295e-003 -1.61748365e-004 0.
    2.13889917e-003 0. 3.28348717e-003 0. 4.74698748e-003 0. 0. 0. 0. 0.
    1.42587686e-003 0. 0. 0. 1.83714496e-003 3.78981931e-003 0. 0.
    -3.67528002e-004 0. -1.38972211e-003 0. 0. 7.43418408e-004 0. 0. 0.
    0. 0. 0. 0. 6.85754139e-003 9.39151141e-005 2.41983769e-004 0. 0.
    5.29309874e-003 5.80850802e-003 0. 2.04767263e-003 5.80286898e-004
    1.04979961e-003 0. 9.96639137e-004 0. 0. 6.48341607e-003 0.
    1.24973804e-003 0. -2.76379823e-003 1.36459910e-003 7.30220519e-004
    4.97588597e-004 0. 0. 1.56567420e-003 0. 2.67159543e-004 0.
    3.71581735e-003 0. 0. 4.98088601e-004 0. 3.09324637e-003
    1.24305850e-004 3.39164422e-003 -2.28998531e-003 -1.46306134e-004
    1.35819241e-003 0. 0. 0. -4.33268608e-004 0. 0. 1.10914034e-005 0.
    0. 0. 0. 1.07834826e-003 6.14185212e-003 3.89061193e-003 0.
    -8.31731828e-004 1.96505245e-003 0. 0. 0. 0. 0. 0. 1.08476169e-003
    0. 1.86644786e-003 4.05976223e-003 0. 0. 6.18527271e-003
    9.33093659e-004 0. -1.32574874e-003 3.21678864e-003 4.23207320e-003
    -4.65082849e-005 0. 1.32263510e-003 0. 0. -9.42959625e-004 0. 0. 0.
    1.77108368e-003 6.83520688e-003 0. 7.02773279e-004 1.13141246e-003
    8.09494231e-004 0. 1.80754010e-004 1.10213831e-003 0. 0. 0.
    3.57653480e-004 0. 0. 0. 9.97240539e-004 9.24895285e-004
    1.16619095e-002 6.74012408e-004 0. 0. 6.57162280e-004
    1.72054779e-003 0. 0. 5.99134146e-005 2.05529318e-003 0. 0. 0. 0.
    1.18926750e-003 6.73648086e-004 0. 0. 1.22372108e-003 0.
    1.61511858e-003 0. 1.03890325e-003 2.06134585e-003 0. 0.
    -1.09468376e-004 -1.01677266e-004 4.62383265e-003 0. 4.12440975e-004
    0. 0. 0. -1.34821143e-003 8.35439365e-004 0. 0. -2.01907969e-004 0.
    5.77602070e-003 8.11741513e-004 2.96496996e-003 3.29447514e-003
    9.68015054e-004 2.86754989e-003 6.63554587e-004 -1.34904243e-004 0.
    0. 1.52199809e-003 1.22216437e-003 0. 2.01276429e-002 0. 0.
    1.11380313e-002 0. 0. 0. 0. 0. 0. 0. 0. 2.62364955e-003 0.
    1.77702191e-003 1.62466627e-003 0. 0. 0. 3.78408842e-003 0. 0.
    1.13077962e-003 0. -2.21474865e-003 3.76869284e-004 0.
    7.70473969e-004 3.69802443e-003 9.24890861e-004 0. 3.42031172e-003
    1.34458905e-003 2.34267022e-003 1.26412848e-003 0. 0.
    -1.53948274e-003 1.73485046e-003 0. 3.12747597e-003 0. 0.
    6.41423883e-003 0. 0. 0. -7.21793156e-004 0. -5.33853832e-004
    1.10233459e-003 1.39837840e-003 0. 0. 1.70438981e-003 0. 0. 0. 0. 0.
    3.21471947e-004 0. 0. 0. 0. 0. 0. 0. 0. 0. 0. 3.39813414e-003
    1.47839973e-003 2.47410266e-003 0. 6.67711720e-005 0.
    2.61479849e-003 9.20426287e-003 0. 0. 2.37533916e-003 0. 0.
    -5.90302574e-004 3.80263128e-003 0. 0. 0. 0. 0. 0. 0.
    1.03381579e-003 0. 0. 5.77686075e-003 5.28183067e-004
    1.33327406e-003 2.90642935e-003 0. 0. 0. 9.82139958e-004
    -1.06959778e-003 -3.15951125e-004 2.75240443e-003 0. 0. 0.
    2.63243885e-004 6.88133668e-003 6.66205492e-003 8.34454782e-003
    2.86986632e-003 0. 1.34607253e-003 -5.57052881e-005 0. 0. 0.
    8.77414073e-004 0. 3.66973138e-004 -5.52493293e-005 0.
    4.30475175e-003 0. 0. 2.38791993e-003 0. 0. 7.30732782e-003 0. 0.
    -6.17578975e-004 2.51458748e-003 0. 0. 1.58537563e-003 0.
    -1.70749368e-003 0. 0. 0. 9.20695136e-004 1.21581298e-003
    8.96806014e-004 0. 5.13133267e-003 0. 0. 2.60502240e-003 0. 0.
    -6.30842114e-004 0. 0. 1.72546064e-003 -1.01892037e-004
    -4.63281671e-004 5.93285309e-003 0. 0. -9.61504411e-004 0.
    1.58870919e-003 2.79266364e-003 0. 7.45788566e-004 0. 0.
    5.31975599e-003 4.94444650e-003 1.66025409e-003 8.06065451e-004 0.
    0. 1.18003052e-003 -2.14320677e-003 -1.06582337e-003
    -1.97196053e-003 0. 1.12346630e-003 7.89069291e-003 0.
    1.26953598e-003 2.01452523e-003 3.15635256e-003 0. 0. 0.
    2.73552863e-003 9.53531999e-004 0. 0. 3.86885455e-004
    -1.08945032e-003 5.19337272e-003 5.21448860e-003 0. 0. 0.
    5.69593068e-003 0. 0. 0. 0. 3.73133761e-003 0. 0. 6.44404034e-004 0.
    4.45522740e-003 3.35114379e-003 0. -1.23126025e-004 0. 0. 0. 0.
    4.60860552e-003 0. 2.19994923e-003 0. 9.67885461e-003
    1.84034952e-003 0. 1.73558167e-003 5.93438605e-003 0.
