<?xml version="1.0"?>
<opencv_storage>
<imageDescriptor type_id="opencv-matrix">
  <rows>1</rows>
  <cols>1000</cols>
  <dt>f</dt>
  <data>
    0. 1.00159580e-002 0. 0. 0. 4.19813208e-004 9.63839237e-003 0. 0.
    1.16013468e-003 0. 4.59232647e-003 0. 1.24565396e-003 0.
    4.92087752e-003 0. 0. 0. 0. 4.51615406e-003 -7.33312685e-004 0.
    6.65684277e-003 2.10865657e-003 1.04587674e-002 3.61521519e-003 0.
    -1.08766905e-003 0. 0. 5.01695182e-003 -4.19171108e-003 0.
    1.04828468e-002 -3.28266586e-004 0. 0. 2.64806813e-003 0.
    1.11021064e-002 0. 0. 0. 1.74466323e-003 2.24626763e-003 0. 0.
    8.96773580e-003 0. 0. 2.24045967e-003 2.87151686e-003 0.
    -8.55738355e-004 1.91011606e-003 0. 1.95872984e-004 1.51797966e-003
    0. 0. 0. -5.35828702e-004 4.81969258e-003 0. -1.95028062e-003 0. 0.
    3.65371024e-003 0. 0. 4.80200251e-004 0. 0. 0. 0. 5.79329324e-004 0.
    -4.42024524e-004 0. 0. 4.10516420e-003 0. 0. 0. 2.57363655e-002 0.
    0. 0. 0. 0. 0. 3.02038086e-003 -2.49705539e-004 -8.30892124e-004 0.
    7.54479319e-003 7.98348431e-003 0. 0. 0. 0. 0. 0. 9.01654642e-003
    8.19784682e-003 0. 0. 0. 1.51690887e-003 0. 6.45992812e-003
    2.62690801e-003 0. 0. 4.53151204e-003 1.55700394e-003 0.
    1.80324976e-004 1.81587099e-003 -8.18973314e-003 0. 0. 0. 0. 0. 0.
    0. 0. 1.34168081e-002 2.11276207e-003 0. 1.46489614e-003 0. 0.
    -5.01668488e-004 4.02620714e-003 0. 2.84852367e-003 0. 0. 0.
    -3.64358188e-004 0. 1.34967850e-003 0. 0. 7.11340515e-004
    2.35847989e-003 0. -5.71992074e-004 0. 0. 4.13079950e-004 0. 0.
    2.22795876e-003 0. 0. 4.57789423e-003 0. 0. 0. 0. 1.86754391e-003
    2.85799499e-003 0. 0. 4.06483002e-003 3.66945774e-003
    2.00880552e-003 1.76070386e-003 0. 0. 2.16851081e-003
    1.18291117e-002 3.09361075e-003 2.99759093e-003 0. 0. 0.
    8.67660623e-003 0. 0. 0. 0. 0. 0. 7.22667784e-004 0. 0. 0.
    2.06818013e-003 1.03329085e-002 0. 0. 0. 0. 0. 0. 1.67455990e-002 0.
    0. 0. 0. 0. 0. 0. 0. 5.91576565e-003 1.44087942e-003
    -3.00131110e-003 0. 0. 0. 1.42498326e-003 0. -3.40866530e-003 0. 0.
    -1.98499511e-005 0. 9.69742832e-004 0. 0. 0. 0. 0. 0.
    1.98219460e-003 2.11641677e-002 4.76031564e-003 1.84923261e-002 0.
    0. 0. 0. 0. 0. 0. 0. -1.61333475e-003 8.03488586e-003 0. 0.
    3.32568353e-003 0. 1.69158418e-004 0. 2.99368330e-005 0. 0. 0. 0. 0.
    6.91713393e-003 0. 0. 0. 0. -1.06554100e-004 0. 0. 0. 0. 0. 0.
    -3.05998081e-004 0. -4.53992607e-003 0. 2.32373457e-003 0.
    1.73346628e-003 0. 6.19059894e-004 0. 0. 0. 1.97553937e-003
    1.01927631e-002 3.16792662e-004 2.09763763e-003 0. 0.
    1.98881328e-003 0. 0. -2.23966999e-004 3.86562548e-003
    1.67441112e-003 1.13966456e-003 3.34060215e-003 0. 0. 0.
    3.06754815e-003 0. 8.69392417e-003 0. 0. 6.89515844e-003 0. 0. 0. 0.
    1.67992115e-002 0. 0. 0. 1.44195324e-002 8.61236069e-004 0. 0.
    2.70066946e-003 1.07717793e-003 0. 0. 0. 0. 6.47563138e-005
    -1.65358838e-003 0. 0. 0. 0. 0. 0. 0. -5.35024621e-004 0. 0. 0. 0.
    0. 0. 0. 0. 1.97533006e-003 0. -6.99421158e-003 0. 0. 0.
    1.08586894e-002 0. 2.32564099e-003 0. 0. 0. 0. 0. 0. 7.42298318e-003
    -9.03820386e-004 0. 3.39469919e-003 0. 0. 0. -1.93928904e-003
    1.00245955e-003 0. 3.82003188e-003 0. 0. 0. 0. 0. 0. 0. 0. 0. 0. 0.
    1.14299972e-002 0. 0. 0. 1.59656955e-003 -1.03448133e-003 0. 0. 0.
    0. 0. 0. 0. 0. 0. 1.56474311e-003 0. 0. -1.03965809e-003 0. 0. 0.
    -1.13146158e-003 5.54652011e-004 0. 3.19750537e-003 0.
    2.50126538e-003 1.97054562e-003 0. 0. 0. 0. 0. 0. 0. 1.67801622e-002
    0. 0. 4.76102531e-003 0. 0. 2.94876867e-004 0. 0. 0. 2.28780918e-004
    0. 0. 0. 7.02070480e-004 0. 2.71054334e-003 0. 0. 0. 0. 0.
    6.92569138e-003 0. 2.92218814e-004 0. 0. 0. 5.65051241e-003
    9.88657819e-004 9.22230072e-003 0. 0. 0. 0. 0. 1.48392154e-003 0. 0.
    0. 3.69819510e-003 0. 0. 5.37995831e-004 0. 0. 0. 0. 3.78718809e-003
    0. 0. 0. 0. 0. 0. 7.99825136e-003 0. 0. 1.15214251e-002
    -2.66085437e-004 0. 0. 4.68085142e-004 0. 0. 2.47604563e-003
    6.49733702e-003 0. 0. 0. 0. 7.66425102e-004 0. 0. 0. 1.20842597e-003
    0. 0. 0. 1.56126462e-003 2.08746130e-003 0. 0. 0. 7.35118345e-004 0.
    0. -2.56852916e-004 9.51483380e-004 0. 4.33073565e-003 0. 0.
    2.72423890e-003 0. 0. 6.88067218e-003 0. 0. 0. -1.34130497e-003 0.
    0. 1.74953300e-003 0. 0. 0. 0. 0. 0. 0. 0. 0. -2.13325303e-003 0. 0.
    0. 0. 1.45318815e-002 0. 0. 9.34557430e-003 0. 0. 0. 5.55281877e-004
    0. 0. 7.78161595e-003 0. 0. 2.13878788e-003 -9.77893593e-004 0. 0.
    0. 0. -2.85810558e-004 0. 2.05724370e-002 0. 1.51833240e-003 0. 0.
    -2.88830511e-003 0. 0. 0. 3.94664565e-003 4.29989817e-003
    9.21438914e-004 0. 7.59857940e-005 0. 0. 0. 0. 1.39687685e-002 0.
    1.28092372e-003 0. 0. 0. 0. 6.26228377e-003 0. 0. -2.37121974e-004
    0. 1.37878652e-003 0. 0. 2.19962327e-003 -5.15391864e-003
    7.56805483e-003 -6.24950393e-004 0. 0. 0. -2.81540088e-005 0. 0. 0.
    0. 0. 0. 0. 0. 0. 0. 0. 0. 0. 0. 0. -1.01046998e-003 0. 0. 0.
    -8.61908193e-005 0. 1.82261411e-003 -1.02300907e-003 0. 0.
    8.13252013e-003 -5.60830289e-004 0. 0. 0. 1.14359315e-002 0. 0.
    2.96225899e-005 0. 0. 0. 2.91632605e-003 0. 5.20293741e-003 0. 0. 0.
    0. 0. 0. 1.93143752e-003 0. -3.49850015e-004 0. 0. 8.97866674e-003
    2.57576210e-003 0. 0. 0. 0. 0. 0. -2.71715433e-003 0. 0. 0. 0. 0. 0.
    0. 0. 0. 0. 0. 6.37076190e-003 0. 0. 8.54236819e-003 0. 0. 0. 0. 0.
    0. 0. 0. 0. 0. 3.94199416e-003 0. 0. -1.19285296e-005 0. 0.
    -5.47195727e-004 1.73883641e-003 0. 5.72346244e-003 0. 0. 0. 0. 0.
    0. 0. 2.12194514e-003 0. 0. 1.24269375e-003 0. 1.30676327e-003 0. 0.
    0. 8.97160545e-003 3.07027786e-003 0. 0. 1.53822184e-003
    -2.26910505e-003 0. 0. 0. 1.18857017e-002 0. 1.02228136e-003
    1.97264999e-002 0. 0. 0. -1.56618096e-003 0. 0. 0. 0. 0.
    1.09088153e-003 0. 0. 0. 0. -2.95737089e-004 4.34425147e-003 0.
    3.32594407e-003 4.01506200e-003 3.93333466e-004 0. -7.14408525e-004
    1.73353567e-003 0. 0. 0. 0. -2.41534738e-003 0. 0. -4.70127823e-004
    1.16027182e-003 0. 0. 0. 7.78375543e-005 0. 0. 0. -6.38146710e-004
    0. -4.42352984e-006 4.61048167e-003 0. 0. 0. 0. 0. 0. 0. 0.
    9.56263300e-003 0. 0. 0. 0. 1.18915795e-003 0. 5.05203335e-003 0. 0.
    0. 1.06333848e-003 0. 0. 0. 0. 0. 0. 0. 0. 4.96149529e-004 0. 0. 0.
    0. -6.52937975e-004 0. 1.84450310e-003 4.39168233e-003 0. 0. 0.
    -1.80329708e-003 0. 0. 4.80698131e-004 0. 0. 7.20670621e-004 0. 0.
    0. -2.46173935e-003 0. 1.54165656e-003 -7.38272443e-004
    3.97873903e-003 0. 0. 3.41490936e-003 3.20435851e-004 0. 0. 0. 0. 0.
    0. 0. 2.33270731e-002 0. 0. 0. 0. 0. 0. 0. 0. 0. 0. -6.74773619e-005
    0. 0. 1.54415122e-003 0. 3.86372698e-003 0. 0. 1.00973365e-003 0. 0.
    0. 0. 0. 1.86829304e-003 0. 7.33425957e-004 0. 0. 0.
    -1.29419274e-003 0. 0. 0. 0. 2.31087022e-003 0. 6.18023053e-003 0.
    1.71681400e-003 0. 0. 0. 7.58903753e-003 0. 0. -9.46467626e-004
    6.43015606e-003 2.17182608e-003 0. -3.12896795e-003 1.81115745e-003
    0. 0. 0. 0. 0. 0. 0. -3.01356413e-005 0. 0. 4.50019113e-004 0.
    1.20943133e-002 0. 4.91829705e-004 3.64697212e-003 0. 0. 0.
    1.22174527e-002 9.72546265e-003 2.87602050e-003 0. 0.
    1.70579751e-003 0. 0. 0. 1.06391532e-003 0. 2.21644365e-003 0. 0. 0.
    0. 0. 0. 0. 2.98405811e-003 0. 0. 1.62451563e-003 1.84826311e-002
    -2.18504737e-003 0. 0. 0. 0. 0. 6.19260361e-003 2.84565333e-003 0.
    -3.03911511e-003 0. 4.98998258e-003 0. 0. 0. 0. 0. 4.05388372e-003
    0. 0. 0. 0. 0. 1.60033721e-002 0. 0. 0. 0. 0. 0. 0. 0.
    -2.30630487e-003 0. 0. 0. 5.72266569e-003 0. 1.40664249e-003 0. 0.
    0. 0. 0. 0. 0. 0. 0. 0. 0. -1.26227411e-003 0. 0. 8.94901343e-004 0.
    1.71934825e-003 0. 0. 0. 7.80757691e-004 0. 2.68265093e-003 0. 0. 0.
    0. 0. 0. 0. 0. 0. 1.30732963e-003 0. 0. 0. 6.97538303e-003
    3.78097378e-004 0. 0. 0.</data></imageDescriptor>
</opencv_storage>
