<?xml version="1.0"?>
<opencv_storage>
<imageDescriptor type_id="opencv-matrix">
  <rows>1</rows>
  <cols>1000</cols>
  <dt>f</dt>
  <data>
    0. 0. 0. 0. 0. 3.06044356e-003 0. 2.20009591e-003 0. 0. 0.
    5.39372349e-003 6.78037177e-004 0. 0. 1.99543615e-003 0.
    4.86334413e-003 0. 0. 8.70130534e-005 2.30954052e-003 0. 0. 0. 0. 0.
    0. 0. -7.54418070e-005 5.08841220e-003 0. 0. 0. 3.95194453e-004
    3.78611754e-003 5.92250854e-006 -8.48756245e-005 0. 0.
    1.88059849e-003 4.23007598e-003 0. 6.16982859e-003 1.03531894e-003
    0. 0. 0. 1.39214820e-003 0. 0. 6.24481996e-004 0. 0. 0. 0.
    3.79050002e-002 0. 0. 1.73243135e-003 0. 0. 2.03977246e-003
    2.67857127e-003 0. 3.02447565e-003 1.20891994e-002 0. 0.
    7.71423161e-004 0. 0. 0. 2.66281003e-003 1.40876998e-003
    6.69844076e-003 4.47953958e-003 0. 0. -1.80125341e-003 0. 0. 0. 0.
    2.87068984e-003 0. 0. 0. -2.55511084e-004 0. 2.36058165e-003 0. 0.
    -1.20802107e-003 0. 4.41166386e-003 -2.10880674e-003 8.23165383e-003
    7.08556594e-003 0. 5.00819040e-003 5.72210783e-003 0.
    4.87876078e-003 3.78138939e-005 0. 0. 0. 0. 1.01338478e-003 0.
    3.75803793e-003 2.14303518e-003 4.85117052e-004 1.45253004e-003 0.
    4.98938374e-004 0. 0. 1.61856296e-003 1.52140937e-003 0. 0. 0.
    1.25415658e-003 0. 5.87110454e-003 0. 1.57059636e-003 0. 0.
    -5.53929619e-003 0. 2.84879771e-003 0. 0. 0. 1.73011958e-003 0.
    4.27749380e-003 0. 0. 4.89009265e-003 0. 0. 0. 0. 0. 0. 0. 0.
    1.75360008e-003 1.08200347e-003 0. 3.85745848e-003 -8.49311415e-004
    0. 0. -1.72711955e-003 0. 0. 5.50692063e-003 0. 5.89266419e-003 0.
    0. 7.45370286e-003 0. 0. 8.56033002e-004 3.23449448e-002 0. 0.
    1.24703674e-003 -9.07614129e-004 0. 3.65002488e-004 0. 0.
    -5.35357744e-004 0. 0. 0. 8.73171142e-004 3.48666939e-003
    3.87106300e-003 0. 0. 0. -1.68278639e-004 0. 0. 0. 0. 0. 0. 0.
    9.27122484e-004 0. 4.88462253e-003 0. 0. 0. 0. 5.46372449e-003
    -6.52586517e-004 0. 0. 0. 0. 0. 0. 0. -7.37863767e-004 0. 0. 0.
    4.81646694e-003 -2.20189759e-004 5.72102563e-003 3.47244204e-004 0.
    0. 0. 0. 0. 1.32322137e-003 0. 0. 0. 1.45313528e-003 3.64732812e-004
    1.26716768e-004 4.41431126e-004 0. 0. 3.01074772e-003 0. 0. 0. 0.
    1.39468932e-003 8.58729181e-004 7.37583404e-003 0. -1.29739448e-004
    0. 1.61687261e-003 2.33007455e-003 -1.18263508e-003 0. 0. 0.
    -1.84968827e-004 1.45771075e-003 0. 1.97686930e-003 0.
    3.57439928e-003 8.48058891e-003 2.89203576e-003 2.04373238e-004
    -5.90345263e-003 0. 0. 0. 0. 0. 0. 0. 0. 0. 8.97069520e-004
    1.65450823e-004 1.09858450e-003 0. 0. 3.54738906e-004 0. 0.
    1.22297055e-003 0. 5.69428259e-004 0. 1.33615900e-002
    3.37634608e-003 0. 0. 0. 7.83404394e-004 3.45215178e-003
    5.64772496e-003 0. 0. 0. 0. 3.84278758e-003 1.68201944e-003 0.
    1.12962059e-003 3.96250421e-003 0. 0. 0. -2.71231896e-004 0. 0. 0.
    0. 1.33627432e-003 1.58579275e-003 1.15808856e-003 0.
    3.80114099e-004 0. 0. 4.33015730e-003 1.16027193e-003 0.
    4.87829857e-002 0. 0. -4.19898395e-004 0. 0. 0. 0. 0.
    2.11540959e-003 0. 0. 6.77740376e-004 0. 0. 0. 0. -3.93040199e-003
    5.39135304e-004 0. 0. 3.02914483e-003 0. 3.63083533e-003 0. 0. 0.
    3.08709429e-003 3.64475325e-003 0. 2.33771955e-003 0.
    6.18322939e-003 -4.83246404e-004 0. 0. -4.90549777e-004
    1.26606820e-003 0. 0. 0. 4.74814326e-003 9.04271903e-004 0.
    3.96799122e-004 0. 0. -2.28779551e-004 -5.08871803e-004 0.
    4.77343892e-005 5.92989032e-004 0. 4.10782034e-003 0. 0.
    3.65320104e-003 3.83299310e-003 0. 0. 3.72104929e-003 0.
    -4.09697037e-004 1.42714428e-003 0. 1.58373418e-003 0. 0. 0. 0.
    1.69615801e-002 0. 2.04123510e-003 9.99849435e-005 1.36950857e-003
    2.90534832e-003 3.18297883e-003 8.07172898e-003 0. 1.61358766e-004
    0. 0. 0. 5.06177405e-003 0. 0. 0. 0. 3.72623297e-004 3.40169366e-003
    0. 0. 0. -1.16485497e-003 2.12392118e-003 0. 0. 0. 0.
    1.26990220e-002 5.69376629e-004 0. 5.13437903e-003 0. 0. 0.
    2.84493039e-003 -3.42682149e-004 0. 0. 0. 0. 0. 8.92598182e-003 0.
    0. 0. 1.65578583e-003 1.00154208e-003 0. 0. 1.41956389e-003
    3.75124021e-003 4.21021739e-003 -1.79946830e-003 0. 0. 0. 0.
    1.33372273e-003 0. 1.11922657e-003 0. 0. -1.12978055e-003 0.
    1.96051318e-003 0. 5.64656395e-004 2.65995366e-003 0. 0. 0. 0. 0. 0.
    1.73731893e-003 0. 0. 2.28645699e-003 0. 0. -1.71087286e-003 0. 0.
    0. 0. 0. 7.14235939e-004 0. 0. 7.88730662e-003 2.51817680e-003
    2.16343603e-003 0. 5.55655034e-003 1.01269507e-004 1.49672793e-003
    6.29088667e-004 0. 1.41950492e-002 0. 0. 0. 0. 1.09639985e-003
    -1.53574126e-003 0. 0. 4.79575666e-003 0. 0. -6.03851920e-004
    3.34811467e-003 0. 0. 6.43560290e-003 1.13827921e-003
    5.48207958e-004 5.34031121e-003 0. 0. 0. 0. 0. 0. 0. 0.
    5.61098685e-004 7.49155832e-003 -2.08297904e-004 2.02799588e-003 0.
    -4.23774880e-004 0. 0. 0. 0. 0. 8.43134418e-004 0. 1.58919755e-003
    4.16566007e-004 0. 0. 0. 9.60437697e-004 0. 0. 3.27340001e-003 0. 0.
    0. 0. 0. 2.54757074e-003 1.99512090e-003 4.68310755e-004
    -6.37383273e-005 3.32482671e-003 0. 7.71945110e-003 0.
    1.76268769e-003 2.59618182e-003 0. 0. 0. 0. 0. 0. 0. 1.11268986e-004
    0. 7.10440625e-004 7.82459800e-004 0. 5.32012805e-003 0. 0. 0.
    3.99667909e-003 0. 0. 9.09178227e-004 0. 0. 0. 0. 0. 9.34478652e-004
    0. 0. 0. 5.23945130e-003 0. 0. 0. 0. 5.47710340e-003 2.12299987e-003
    0. -1.54786510e-004 0. 1.11329951e-003 0. 0. -8.40260705e-004
    -1.29857537e-004 0. 0. 0. 4.01067809e-004 0. 3.65166110e-004 0.
    6.52211369e-004 2.23540911e-003 0. 0. 0. 0. 8.08794226e-004 0. 0. 0.
    0. 0. 0. 0. 0. 0. 6.68755313e-003 0. 0. 2.64117238e-003
    1.36642251e-003 1.27120595e-003 0. -2.15737062e-004 0.
    9.89886653e-003 0. 0. 5.17943874e-003 0. 1.90095673e-003
    -1.32092799e-004 0. 0. 2.05775164e-003 2.49926094e-003
    7.48441648e-003 0. 4.49846685e-003 2.17524660e-003 0.
    2.02757234e-004 0. 0. 1.21044572e-002 2.00856855e-004 0.
    4.26506530e-003 5.88927127e-004 0. 0. 0. 0. 0. -2.63578258e-004
    2.15090555e-003 5.79441944e-003 0. 0. 0. 8.50407756e-004
    -2.51329318e-003 -2.60844681e-004 8.58163461e-004 0. 0. 0.
    8.42425565e-004 -1.13469223e-003 0. 0. 2.08248865e-004
    5.52073913e-003 0. 1.81617856e-003 0. 1.63442106e-004 0. 0. 0. 0. 0.
    0. 0. 0. 0. 0. 0. -2.75356462e-004 0. 0. 0. 8.87157768e-003 0. 0.
    1.59655325e-003 1.19624764e-003 0. 4.37543914e-003 0. 0. 0. 0. 0. 0.
    7.06882274e-004 0. 0. 0. 8.46961455e-004 2.65336805e-003 0.
    3.07875080e-003 0. 1.83226832e-003 -9.69826768e-004 0. 0.
    7.82043673e-004 1.74884382e-003 0. 1.35514175e-003 0.
    1.42434996e-003 1.26246025e-003 0. 0. 1.13894250e-002 0. 0.
    -1.02196890e-003 6.23296294e-003 2.25975108e-003 0. 0. 0.
    -2.26260978e-003 -1.27975503e-003 0. -1.40101532e-003 0.
    1.17825018e-002 0. 0. 1.07896316e-003 0. -9.41176258e-004 0.
    9.52705450e-004 7.03299185e-004 0. 0. 0. 0. 2.04451528e-004 0. 0.
    3.96923488e-003 0. 0. 2.28615230e-004 0. 0. 7.63929682e-004 0.
    7.71109015e-004 0. 0. 0. 0. 9.25150933e-004 3.92995821e-003 0. 0.
    7.95675616e-004 0. 0. 1.48821552e-003 2.30434001e-003
    5.10917627e-004 1.27571134e-003 0. 0. 0. 0. 0. 6.07416325e-004
    -1.27598573e-003 2.09790561e-003 0. 1.62743160e-003 0. 0. 0.
    9.35804658e-003 0. 0. 1.78117523e-004 0. 0. 0. 7.00747408e-003 0. 0.
    3.34936706e-003 1.47546688e-003 0. 1.78018596e-003 0.
    -8.08421755e-004 0. 0. 3.80061986e-003 -4.77843307e-004
    1.64195634e-002 0. 4.56224894e-003 0. 6.79673161e-004 0.
    1.95990154e-003 -2.95750306e-005 7.36588612e-003 0. 0.
    4.37258095e-005 0. 8.97701131e-004 2.04930711e-003 0. 0. 0.
    8.04912113e-003 0. 1.03670044e-003 5.04213804e-003 0. 0. 0.
    6.02052454e-003 0. 0. 8.28751130e-004 0. 5.40086487e-003 0. 0. 0. 0.
    9.90994624e-004 0. 0. 5.39084570e-003 0. 0. 0. 0. -3.77462944e-004
    0. 0. 0. 1.75357342e-003 0. -3.05122026e-004 0. 4.89046890e-003
    3.62217263e-003 0. 8.85770947e-004 0. 0. 0. 0. 0. 0. 2.98613566e-004
