<?xml version="1.0"?>
<opencv_storage>
<imageDescriptor type_id="opencv-matrix">
  <rows>1</rows>
  <cols>1000</cols>
  <dt>f</dt>
  <data>
    0. 3.64446198e-003 1.20762747e-003 0. 0. 1.32251100e-003 0.
    9.73713410e-004 0. 0. 6.82323880e-005 9.11282859e-006 0.
    3.87009606e-003 0. 5.27452724e-003 2.69585452e-003 1.23516866e-003
    0. 0. 3.20639764e-003 1.20460370e-003 0. 0. -2.89569085e-004
    2.67104886e-004 0. 2.22499715e-003 -7.52107066e-004 3.05451213e-005
    0. 0. 0. 0. 0. -3.16637778e-003 9.40440106e-004 0. 0. 0.
    -6.41582068e-004 0. 0. 7.25200912e-003 5.41618909e-004 0. 0.
    1.12541998e-003 9.14600957e-003 0. 0. 3.33283911e-003 0.
    9.76236188e-004 5.58677479e-004 0. 3.35830031e-003 1.92173000e-003
    6.50322298e-004 1.09115662e-003 0. 1.98652782e-003 0.
    2.29836488e-003 0. 0. -9.01854306e-004 0. 9.42514685e-004
    1.55708578e-003 9.44085361e-004 -9.33158735e-004 0. 0.
    7.69391365e-004 0. 8.10094923e-003 5.08229155e-003 0.
    2.97834934e-003 0. -7.40047471e-005 1.14021334e-003 8.40205327e-003
    2.49584136e-003 -8.39744112e-004 0. 5.08199621e-004 -2.29238928e-003
    3.69109660e-002 5.53849328e-004 0. 4.01037093e-003 0.
    2.70737358e-003 0. 0. 1.82098988e-003 0. -8.44951312e-004
    3.40532698e-003 9.40772879e-004 0. 2.47318530e-003 0. 0. 0.
    4.11136105e-004 5.33831539e-003 3.45825776e-003 6.10488234e-004
    4.34284611e-003 0. 8.02460685e-003 8.00315000e-004 -1.04204041e-003
    0. 8.20239016e-004 0. 4.38390579e-003 1.00718590e-003 0.
    2.23270478e-003 0. 0. 2.25205254e-003 2.78317044e-003
    2.73748161e-003 0. 0. 0. 1.28711481e-003 0. 0. 0. 0. 0. 0.
    3.27530038e-003 0. 0. 2.97762715e-004 0. 1.32806657e-004
    2.51636794e-003 1.33324543e-003 0. 0. 0. 0. 0. 1.06731616e-003 0. 0.
    2.15630187e-003 3.18738748e-004 -5.75304148e-004 0. 3.04588233e-003
    0. 0. 0. 3.74261435e-004 1.45393074e-003 1.98224490e-003 0.
    3.88709200e-003 0. 0. 5.16999629e-004 -2.12908117e-003
    1.39342842e-003 0. 6.25298067e-004 -6.21240644e-004 0.
    1.43167668e-003 0. 0. 2.17093341e-003 5.30429650e-003
    3.13950051e-003 2.00247462e-003 0. 2.20328569e-003 4.59394563e-004
    2.67181522e-003 0. 0. 3.63180297e-003 2.48010457e-003 0.
    1.32009410e-003 1.39116179e-004 0. 7.37616559e-004 0.
    5.19694434e-003 0. 2.16809171e-003 8.11081659e-003 1.87624991e-003
    9.70269670e-004 6.86659245e-004 4.46842256e-004 0. 0. 0.
    1.28187775e-003 0. 7.28938612e-004 -1.06593006e-005 5.52753685e-004
    0. 2.14743020e-004 1.24920218e-003 7.22305675e-004 2.98578292e-004
    0. 1.70240260e-003 2.49724160e-003 7.99693633e-003 0. 0. 0. 0. 0.
    -1.33587979e-004 5.24945732e-004 0. 0. 0. 0. 0. 1.57480442e-003
    4.84734337e-005 0. 1.67382459e-004 0. 0. 1.87407539e-003 0. 0. 0.
    5.45792747e-003 0. -3.23657616e-004 1.48994569e-003 -3.10508331e-004
    -4.26215236e-004 3.78567167e-003 2.21635099e-003 -3.50342802e-004
    -1.92388159e-003 8.28577395e-005 0. 6.51177485e-004 0.
    -6.60051182e-006 8.05528555e-003 5.74959209e-003 0. -1.36167195e-003
    0. 0. 6.27487374e-004 6.54453761e-004 0. 0. 1.35042693e-003 0.
    5.17438957e-003 0. -6.21954328e-004 7.89912126e-004 -2.33952422e-004
    0. 3.07454006e-003 0. 0. 5.02618030e-004 6.47714711e-004 0.
    5.97974926e-004 0. 0. 1.49931380e-004 4.25522041e-004 0. 0. 0.
    1.88837317e-003 4.09215369e-004 0. 6.41727645e-004 5.02754096e-003
    1.78930105e-003 -3.05506837e-005 3.09773907e-003 0. 0.
    1.31286692e-003 -7.24612735e-004 -2.88488664e-004 0. 5.36857098e-002
    9.95645532e-004 0. 0. 2.45562196e-003 0. 9.98063711e-004
    3.09038186e-003 0. -1.52968394e-004 1.63380441e-003 5.25838754e-004
    5.82443899e-004 0. 6.93334313e-003 2.73052021e-004 1.11308962e-003
    0. 1.62392319e-003 0. 0. 7.46857142e-004 2.05494085e-004
    3.22842458e-003 4.60516661e-003 0. 9.49418347e-004 0. 0.
    -7.93560524e-004 7.55096378e-004 9.69397835e-003 0. 0. 0.
    -2.13026581e-003 0. 0. 0. -6.65452215e-004 0. 5.09746664e-004
    3.38100654e-004 0. 4.87250369e-003 7.98579073e-004 0.
    2.07191450e-003 2.12982367e-003 0. 0. 0. 0. -1.28964859e-003
    2.61918572e-003 0. 0. 0. 6.66341744e-004 0. 1.26159226e-003
    5.19054302e-004 4.30207991e-004 -4.49510379e-004 2.09681084e-003 0.
    0. 0. 2.66722706e-003 0. 8.97364982e-004 0. 1.68181816e-003 0. 0.
    5.03737386e-003 -6.69278263e-004 0. 0. 5.34139946e-003
    3.42930220e-002 0. 0. 0. 1.28564076e-004 -1.38297866e-004
    2.23595649e-004 0. 1.97342550e-003 -7.10113847e-004 1.05942390e-003
    2.67923315e-004 0. 0. 0. 0. 0. 5.34381368e-004 -2.10210914e-003 0.
    8.93584569e-004 -1.43674552e-003 0. 2.24034372e-003 0. 0.
    2.18431815e-003 6.45614136e-003 0. 0. 0. 2.01696437e-003
    4.19481564e-003 3.66528262e-003 -4.25115577e-004 0. 8.97263526e-004
    0. 0. -1.69371160e-005 3.15508735e-003 -2.79299024e-006 0.
    1.00393547e-003 0. 3.14067001e-003 5.03537729e-002 0.
    3.94918490e-004 3.07455019e-004 4.39962867e-004 -6.56592543e-004 0.
    0. 0. 0. 5.13817533e-004 0. -2.69641372e-004 0. 0. -2.72499979e-004
    0. 0. 0. 0. 0. 1.15353672e-003 0. 2.74037453e-003 0. 0.
    1.14266830e-003 0. 0. 0. 3.89601191e-004 0. -6.35957476e-005
    -4.81475145e-004 2.94897077e-003 3.65249743e-003 0. 0.
    2.33760010e-003 0. -2.98828294e-004 6.95892610e-004 3.59207601e-003
    0. 0. 1.63388997e-003 0. 1.52419729e-003 0. -1.60216965e-004
    -2.20663685e-004 3.21037904e-003 0. 5.79923973e-004 1.05415646e-003
    0. 1.16530352e-003 0. 5.58266602e-003 0. 6.21881569e-004
    1.05438428e-003 1.12157525e-003 2.20081676e-003 4.45832685e-003 0.
    6.13324391e-003 -1.02259079e-003 0. -1.32716377e-003 1.39538548e-003
    0. 0. 0. 9.16478049e-004 0. 0. 2.02781125e-003 0. 0. 9.66690364e-004
    0. 0. 0. 0. 0. 0. 0. 3.46389809e-003 -2.73863366e-003 0.
    3.70270573e-003 1.29845599e-003 0. 0. 0. 0. 0. 0. 1.66104408e-003
    3.08842910e-003 0. 0. 0. 1.67287118e-003 1.66433828e-003 0.
    1.37298601e-003 5.39571571e-004 5.73969737e-004 1.76915817e-003 0.
    -8.82858803e-005 0. 3.66013427e-003 -2.41083186e-003 0.
    2.56324944e-004 -1.55044335e-003 0. 0. 0. 0. 3.11872293e-003 0. 0.
    0. 1.54346984e-003 0. 2.36343103e-003 -2.13530380e-004 0.
    3.90441995e-003 2.08755699e-003 0. 4.41665249e-003 0.
    1.16408034e-003 0. 7.16099521e-006 0. 0. 0. 0. 0. 0. 0. 0.
    2.50668102e-003 0. 0. 2.40707843e-004 4.29663720e-004 0.
    1.16782321e-003 0. 0. 4.58969880e-004 1.71756675e-003
    2.94370606e-004 3.21916956e-003 0. 0. 0. 0. 0. 1.18579941e-004
    1.32245896e-003 1.80069951e-003 0. 4.23976127e-003 2.19237013e-003
    -2.06166762e-003 0. 0. 2.85593094e-003 3.25658754e-003 0. 0.
    3.39213497e-004 -2.22243601e-004 6.85587816e-004 0. 5.69524150e-003
    0. 0. 0. 0. 2.79296422e-004 1.03513233e-003 0. 0. 0. 0.
    -2.81511253e-004 0. 0. 0. 0. 0. 2.99311796e-004 0. 1.56859716e-003
    0. 1.52518507e-003 3.91201442e-003 -5.86372880e-005 0.
    -1.33196265e-003 1.75962225e-003 9.36117605e-004 0. 1.42950099e-003
    0. 0. 9.10113158e-004 1.52698238e-004 1.81080875e-004
    3.87311447e-003 1.54082058e-003 0. 0. 0. 0. 2.25058221e-003 0.
    6.86865416e-004 4.40886506e-004 0. 1.44435547e-003 0. 0. 0.
    9.10313916e-004 7.97244534e-003 1.13200210e-003 0. 0.
    4.34869295e-003 3.08961491e-003 -5.46400493e-004 0. 4.38374525e-004
    0. 1.92446215e-003 1.42817665e-003 1.30078581e-003 0.
    2.52493937e-003 0. 7.24640815e-003 0. 0. 0. 1.96009758e-003 0.
    8.10964673e-004 3.59296973e-004 0. 0. 0. 0. 2.49239383e-004 0. 0. 0.
    0. 0. 0. 2.68550660e-003 0. 0. 0. 3.49606620e-004 9.27137677e-003 0.
    4.81522549e-003 4.22269618e-003 4.19153739e-003 0. 1.64364337e-003
    0. 0. 2.97296676e-003 3.12520843e-003 0. 9.67815111e-004
    2.98796198e-003 7.54583511e-004 -1.30100898e-003 7.31613021e-004 0.
    7.42778822e-004 2.57770577e-003 0. 4.88202611e-004 0. 0. 0.
    1.72150054e-003 0. -2.17078501e-004 0. 0. -2.48203753e-004
    1.52746902e-003 3.83517658e-003 7.73894892e-004 0. 4.53690067e-004
    2.61937326e-004 0. 0. -6.78867917e-004 5.19577996e-004 0. 0. 0. 0.
