<?xml version="1.0"?>
<opencv_storage>
<imageDescriptor type_id="opencv-matrix">
  <rows>1</rows>
  <cols>1000</cols>
  <dt>f</dt>
  <data>
    0. 2.29549650e-002 0. 2.15939106e-003 2.50328536e-004
    -2.09531485e-004 0. 1.62243154e-002 0. 0. 0. 1.48467557e-003
    3.33980750e-003 0. 0. 1.30972301e-003 0. 0. 0. 2.97787483e-003 0.
    1.69161172e-003 2.19492031e-005 0. 7.45186466e-004 0. 0.
    2.22005066e-003 0. 0. 3.37591162e-003 -9.85885737e-004 0.
    6.67040935e-004 3.24026006e-003 3.68311047e-003 0. 1.49614888e-003
    1.97060825e-003 0. 0. 0. 1.72356679e-003 0. 2.03472888e-003 0. 0. 0.
    0. 0. 0. 0. 9.12890304e-003 4.89468104e-004 0. -2.32588081e-003 0.
    0. -2.71603232e-004 7.50489300e-004 8.21115449e-003 0. 0.
    1.83548965e-003 0. 0. 0. 7.92037416e-003 0. 0. -1.16174412e-003 0.
    0. 0. 0. 0. 0. 2.69883010e-003 0. 2.26592342e-003 0. 0. 0.
    1.07218197e-003 1.73618819e-003 1.91721157e-003 1.04547916e-002 0.
    6.98855286e-003 4.10039618e-004 0. -7.93584390e-004 0. 0.
    2.63937726e-003 1.21441460e-003 0. 0. 0. 1.62372272e-003 0.
    9.80042038e-004 6.54641958e-003 0. 0. 0. 0. 0. 0. 0. 1.55469514e-002
    2.11766153e-003 0. 0. 5.77000342e-003 0. 0. 0. 0. 1.15382182e-003 0.
    3.98127083e-003 1.18172751e-003 0. 1.78662443e-003 3.67480097e-004
    0. 7.78717222e-004 0. 0. 0. 0. -7.17158662e-004 0. 0. 0.
    1.57201663e-003 -3.82666499e-003 0. 0. -4.07069077e-004
    4.08749422e-003 0. 2.19306952e-004 -3.85459396e-004 0. 0. 0. 0. 0.
    0. 0. 0. 6.57443423e-004 0. 0. 0. 0. -8.35484607e-005
    1.47272134e-003 2.04261998e-003 0. 0. 9.28780297e-004 0. 0. 0.
    1.70600635e-003 -7.35291047e-004 0. 0. -5.41396614e-004 0.
    2.01400486e-003 0. 0. 2.15253257e-003 0. 0. 0. 0. 2.19464209e-003
    5.00534475e-003 -2.32542516e-004 0. 0. 0. 0. 0. 0. 1.57059566e-003
    3.14175920e-003 0. 0. 0. 0. 0. 0. 0. 5.12366462e-003 3.55701079e-003
    0. 0. 8.59504289e-005 -3.21201340e-004 0. 0. 1.73969415e-003 0. 0.
    2.59129959e-003 0. 5.36944205e-003 0. 0. 0. 0. 0. 0. 4.17622551e-003
    1.48944301e-003 0. 0. 0. 0. 0. 6.35995297e-004 0. 0. 4.65392228e-003
    0. 0. 7.55896140e-003 2.57152645e-003 0. 0. 0. 0. 1.54240290e-003 0.
    0. -1.07637211e-003 0. 0. 0. 0. 9.90260276e-004 0. 0. 0.
    1.09040784e-003 0. 5.40116162e-004 0. 0. 0. 0. 0. 0.
    -8.62236251e-004 4.36281785e-004 0. 0. -6.99780430e-005
    -5.59211301e-004 0. 1.43130461e-003 0. 0. 0. 0. 3.40391276e-003
    3.10252444e-003 -6.57467928e-004 0. -7.09744490e-005 0. 0.
    5.68660069e-003 0. -9.72865615e-004 7.22969489e-005 1.31356239e-003
    3.26881348e-003 0. 0. 2.98906816e-003 4.20981040e-003 0. 0. 0.
    4.78186226e-003 0. 5.71632106e-003 0. 0. 0. 0. 0. 0. 3.04188696e-003
    0. 0. 1.78955693e-003 0. 4.43040917e-004 7.09649699e-004
    2.44826591e-003 8.63431080e-004 0. 3.64710367e-003 0.
    3.23068444e-003 -1.11027074e-003 2.03169649e-004 1.42092817e-003
    -2.14120117e-003 0. 0. 2.26043887e-003 6.25241362e-003 0. 0. 0. 0.
    -1.65615755e-004 1.09676516e-003 0. 1.40299974e-003 0. 0. 0. 0. 0.
    0. 0. 2.48370832e-003 1.23917859e-003 0. 0. 1.43499477e-002
    8.82579072e-004 0. 1.25793449e-003 0. -2.99231469e-004 0. 0. 0. 0.
    0. 3.82879842e-003 0. -7.88464735e-004 0. 1.90275768e-003 0. 0.
    1.85147533e-003 0. 0. 3.01860785e-003 0. 2.17502029e-003 0.
    6.91270782e-003 0. 0. 2.28079007e-004 0. 6.00496540e-004 0. 0. 0.
    8.91490083e-004 0. 2.03349348e-003 3.31993285e-003 0.
    7.24308717e-004 -4.09082277e-004 0. 0. 4.41866787e-003 0. 0. 0.
    1.68594648e-004 0. 6.20764866e-003 5.76256914e-003 0.
    9.72276845e-004 7.61385122e-003 0. 0. 2.42372323e-003
    -2.45185476e-003 1.88782607e-004 0. 0. -3.88050044e-004
    2.40646815e-003 0. 2.58417544e-003 1.31330255e-003 0. 0. 0.
    1.81084999e-003 0. 0. -7.70421932e-004 -2.92853522e-003 0.
    8.51234887e-003 0. 3.34133417e-003 0. 1.52047840e-003 0.
    2.21261359e-003 0. 0. 2.14758818e-003 0. 0. 1.19666774e-002
    4.04187245e-003 1.92397623e-003 0. 7.12986663e-003 0. 0.
    -2.11951643e-004 0. 5.58738189e-004 2.13795411e-003 1.97439850e-003
    0. 0. 6.24428852e-004 0. 2.44556926e-003 1.51002649e-002
    1.42040628e-003 0. -2.09476519e-003 4.67922713e-004 2.17513693e-003
    1.02465425e-003 4.38287185e-004 4.22047311e-003 5.76326903e-003 0.
    0. 0. 0. 2.10012263e-003 0. 0. 0. 0. 0. 0. 0. 7.97404500e-004 0.
    4.96426364e-003 0. 7.06097693e-004 0. 0. 1.29668217e-003
    2.58620223e-003 1.18576596e-003 0. 0. 2.54174881e-003 0. 0. 0.
    9.76398063e-004 4.48578363e-003 2.33776006e-003 0. 2.43179244e-003
    0. 1.50307047e-003 2.36623711e-003 5.75511775e-004 -1.08561700e-003
    0. 0. 0. 0. 0. -1.95618276e-003 0. 0. 0. 0. 0. 0. 0. 0. 0. 0.
    1.13210920e-003 0. 8.02263094e-004 0. 1.62063632e-004 0.
    3.22265178e-003 1.06638193e-003 0. -7.28003099e-004 1.46968325e-003
    0. 1.32603303e-003 4.72445274e-003 0. 1.71249546e-002
    1.44500714e-002 7.96475681e-004 1.23836510e-002 0. 0. 0.
    2.18204455e-003 -1.58406806e-003 0. 5.16253477e-003 1.49082427e-003
    0. 0. 5.60062355e-004 5.60928416e-003 2.31751567e-003 0. 0. 0.
    -8.41740184e-005 0. 1.11967884e-003 5.24151092e-003 0. 0. 0. 0.
    2.42847553e-003 0. 0. 6.68500969e-003 0. 0. 0. 4.21822118e-003 0. 0.
    7.04759732e-004 0. -9.96029237e-004 5.55287814e-003 6.59573561e-005
    0. 0. 0. -1.21970486e-003 1.82483345e-003 -9.54895746e-004 0. 0. 0.
    0. 2.88221147e-003 0. 0. 0. 1.41072401e-003 0. 6.56834152e-003 0.
    2.21247878e-003 0. 0. 0. 0. 0. 0. 0. 0. -2.08037859e-003 0. 0. 0. 0.
    1.23937998e-003 0. 2.18488625e-003 -4.90301871e-004 -5.76923485e-004
    -4.84280434e-004 0. -3.31896986e-003 0. 0. -1.42101664e-004
    3.21263185e-004 0. 0. 0. 0. 0. 0. 1.10433800e-002 7.77726714e-003 0.
    0. 0. 0. 0. -4.41224023e-004 4.61317133e-003 0. 0. -6.33880205e-004
    0. 0. 0. 0. -6.12591219e-004 0. -8.10588099e-005 0. 0.
    -5.52790123e-004 0. 4.99580987e-003 0. 0. 0. 0. 0. 1.26089260e-003
    0. 0. -2.99260137e-004 0. 2.18552025e-003 2.12125410e-003
    2.82406993e-003 0. 0. 5.90140792e-003 1.09640090e-003
    -7.29839643e-003 0. -5.26793156e-005 0. 0. 0. 0. 0. 1.21027306e-002
    2.13895133e-003 0. 8.60868138e-004 0. 1.85224030e-003
    1.32680798e-004 3.48767266e-003 0. 0. 0. 0. 0. 0. 8.64878995e-004
    5.31008979e-003 0. 0. 0. 0. 9.77482274e-003 0. 7.60361145e-004
    -1.10176473e-003 1.43941166e-003 0. 0. 0. -6.64737076e-003
    7.41545251e-003 0. 0. 0. 0. 1.98002625e-002 3.44056915e-003
    9.52701084e-004 2.06666207e-003 0. 0. 0. 8.24137591e-003
    4.82283067e-003 2.23362050e-003 -9.68547480e-004 0. 0. 0. 0.
    9.05918190e-004 0. 0. -1.07963150e-003 0. -6.05615263e-004
    3.67922056e-003 3.77328391e-003 2.79675261e-003 1.31545709e-002 0.
    -5.86488983e-004 7.57888076e-004 0. 0. 1.23180461e-003
    5.31927496e-003 0. -1.03598938e-003 0. 0. 0. 1.40027842e-003 0. 0.
    0. 0. 1.82463881e-003 3.90446908e-003 2.83549912e-003 0. 0. 0. 0.
    1.89593958e-003 -2.61248118e-004 0. -7.83254451e-004 0. 0. 0. 0.
    4.93549835e-003 0. 0. 0. 0. 0. 0. 0. 3.39726848e-003 0. 0.
    2.50330498e-003 0. 2.01515295e-003 0. 0. 0. -5.68678952e-004 0. 0.
    0. 0. 2.03643413e-003 3.52524919e-003 8.77249870e-004 0. 0.
    4.60512238e-004 1.71053619e-003 3.26893665e-003 2.08091224e-003 0.
    0. 2.96465424e-003 0. 3.70244589e-003 0. 1.81869732e-003
    1.16632162e-002 3.06716567e-004 3.64015740e-003 1.56254682e-003
    3.14736832e-003 3.22977337e-003 0. 0. 0. 3.54207447e-003 0. 0.
    1.06803104e-002 0. 1.02926092e-003 0. 0. 0. 0. -8.98724480e-004 0.
    0. 0. 1.82229059e-003 8.77548766e-004 -1.48786829e-004
    1.91284821e-003 0. 0. 0. 0. 0. 0. 7.77908321e-003 -6.68541703e-004
    0. 6.03954028e-003 0. 0. 0. 0. 0. 0. 0. 2.05225384e-004
    2.96619721e-003 9.43702122e-004 6.09776180e-004 0. -6.80051371e-003
    0. 0. 0. 0. -5.88841562e-004 0. 0. 0. 0. 0. 0. -3.37610873e-005
    9.21152718e-003 9.73619986e-003 5.82135189e-003 2.07571406e-003
    6.95278682e-003 6.77253725e-003 0. 5.39641478e-004 4.14833240e-003
    -7.61607895e-004 0. 0. 0. 0. 0. 4.36915405e-004 1.85818144e-003 0.
