<?xml version="1.0"?>
<opencv_storage>
<imageDescriptor type_id="opencv-matrix">
  <rows>1</rows>
  <cols>1000</cols>
  <dt>f</dt>
  <data>
    2.23672600e-003 0. 2.07930338e-003 5.19741047e-003 0.
    3.00199375e-003 -3.43895226e-004 0. 1.60344522e-002 0. 0.
    5.90969203e-003 0. 1.19377370e-003 1.64992618e-003 0.
    2.06760992e-003 0. 0. 3.49211367e-003 0. 0. 1.15782947e-004
    1.86549278e-003 0. 1.81220926e-003 4.66762017e-003 0.
    1.30703731e-003 0. 0. 1.41955866e-003 -2.36392464e-003 0.
    2.37183855e-003 3.72375222e-003 1.83826734e-004 5.20263740e-004 0.
    3.64703941e-003 5.63034264e-004 0. 0. 0. 0. 0. 0. 0. 4.08866396e-003
    0. 1.22936873e-003 1.57796254e-003 1.55719160e-003 0.
    4.42846213e-003 1.25001953e-003 0. 0. 0. 0. 4.57628444e-003 0. 0.
    -1.66554906e-004 9.71234811e-004 1.13791530e-003 2.84656021e-003
    6.81577483e-004 0. 0. 0. -1.03403558e-003 -3.94926989e-004
    -8.26023985e-004 0. -1.22446497e-003 1.37061128e-004 0. 0. 0. 0.
    1.50089024e-003 0. 0. -1.80280290e-003 1.78628997e-003 0.
    1.81880139e-003 6.65558677e-004 0. 2.64821341e-003 -1.53824440e-004
    2.59126234e-003 5.03998272e-005 0. -1.10708212e-003 1.02081252e-002
    6.67033251e-004 1.25867855e-002 1.81445025e-003 0. 0. 0.
    1.87208131e-003 0. 0. 0. 3.14280228e-003 0. 5.74424863e-003 0. 0. 0.
    1.72270823e-003 3.60088376e-003 0. 5.48926240e-004 0. 0.
    3.28980107e-003 -1.24495605e-003 -1.76638691e-003 6.15578191e-003 0.
    0. 1.27380271e-003 0. 0. 8.74854391e-004 4.49299673e-003
    5.05791068e-005 0. 0. 0. 7.51340878e-004 0. -6.80230674e-004 0. 0.
    0. -1.26898114e-003 2.01718649e-003 3.61471262e-004 5.41719003e-003
    0. 6.12451602e-003 0. 5.90598793e-004 1.15125487e-003 0.
    4.96482849e-003 0. 0. 8.19220964e-004 0. 3.61398794e-004 0.
    3.27797094e-003 2.70889397e-003 -1.65239233e-003 6.76438794e-005
    9.57635231e-004 0. 5.87566283e-005 0. 1.84440298e-003 0.
    3.22626834e-003 0. 4.15548310e-003 0. 3.54001997e-003 0. 0. 0. 0. 0.
    -3.27310152e-003 0. -7.36896065e-004 1.22936675e-003 5.45239914e-003
    0. 1.81814085e-003 1.60502351e-003 6.17160089e-003 8.04546813e-004
    0. 0. 0. 1.57953834e-003 0. 0. 1.35883503e-002 2.73812748e-003
    -1.67406528e-004 7.16065802e-003 0. 2.51562730e-003 0. 0.
    -5.32171165e-004 0. 0. 0. 2.12995755e-003 0. 6.22545695e-003 0. 0.
    0. 0. 1.06624875e-003 4.25665081e-003 0. 0. 2.42247246e-003
    4.43415297e-003 0. 8.43192509e-004 1.18202216e-003 0. 0. 0.
    4.94055974e-004 0. 0. -4.95047600e-004 0. 0. 7.85058655e-005 0.
    2.66474293e-004 -1.24916458e-003 0. 3.42979492e-003 4.78078407e-004
    0. 1.78092602e-003 2.27506459e-003 1.60238065e-003 0.
    6.72323443e-003 0. 5.44551341e-003 0. 5.80802560e-004 0.
    2.36725109e-003 -1.51288509e-003 1.72671082e-003 3.51289957e-004 0.
    0. 0. 1.19526871e-002 0. 0. 5.48576098e-003 7.00316112e-003 0. 0. 0.
    0. 0. 4.42634150e-003 0. 1.23726157e-003 5.12420479e-003
    1.13345394e-002 1.06151029e-002 0. 4.85451706e-003 5.94558311e-004
    0. 0. 0. 3.16546811e-003 0. 4.98114480e-003 0. 9.78974043e-004
    4.18159738e-003 5.19704656e-004 0. -2.40553147e-003 3.86982952e-004
    0. 5.29367011e-004 7.40332250e-003 0. 1.60765310e-003
    5.23646642e-003 0. 0. 0. 0. 5.77418832e-003 -1.56814535e-003
    8.69774783e-004 0. 4.98662179e-004 0. 5.58798388e-003
    -2.61269393e-003 6.03037095e-003 3.33486544e-003 0. 1.69368903e-003
    0. 0. 0. 6.71000360e-003 4.03707800e-003 2.40509701e-003
    2.39781081e-003 0. 0. 0. 0. 0. 4.82368050e-004 2.97825551e-003 0.
    3.80264275e-004 0. 2.81006331e-003 -2.76648847e-004 0.
    2.79674714e-004 0. 0. 2.64046411e-003 2.87326606e-004
    7.44390491e-005 0. 1.25531235e-003 0. 0. 2.20891251e-003 0. 0. 0. 0.
    0. 0. 6.20528683e-003 -1.74066389e-003 -1.58538262e-003 0. 0.
    1.50470622e-003 0. 1.87177164e-003 0. 0. 0. 0. 0. 7.17721938e-004 0.
    0. 3.78592429e-003 0. 2.54629692e-003 6.58138236e-003 0.
    4.80704708e-003 0. 0. 0. 0. 2.84425472e-003 0. 3.07787850e-004 0.
    1.08331849e-003 0. 0. 0. 3.09543160e-004 0. 0. 9.61579848e-004 0. 0.
    0. 0. -1.37983484e-003 -1.43072731e-003 0. 1.45417394e-003 0. 0.
    1.15577774e-002 4.21074627e-004 0. 3.52835021e-004 0. 0.
    1.65487989e-003 -3.65299382e-003 7.95067637e-004 7.64293643e-003
    2.14995514e-003 0. 2.59120628e-004 1.66005816e-003 0. 0.
    1.02484431e-002 8.83658649e-004 0. -1.53655210e-003 1.27466749e-002
    0. 2.06779153e-003 2.29593902e-003 0. 0. 2.98531959e-003 0.
    1.78247853e-003 -3.03032692e-003 2.94661685e-003 1.36800122e-003
    8.67691636e-003 0. 9.20145307e-004 3.23444232e-003 4.22952318e-004
    1.19381631e-003 2.90424726e-003 1.36245706e-003 1.21528259e-003
    2.72654486e-003 -1.46503653e-003 0. 9.23393667e-003 0. 0. 0.
    3.45835998e-003 0. 2.64195818e-003 0. 0. -5.49876480e-004
    2.02552811e-003 -1.55665140e-004 9.27306886e-004 3.07635893e-003
    2.05334765e-003 0. 4.10340447e-003 0. 0. 0. 1.54163130e-003 0. 0. 0.
    0. 0. 1.63054932e-003 4.73585416e-004 1.86905905e-003
    9.90269589e-004 -2.79458181e-004 0. 0. 0. 0. 0. -2.27732628e-004 0.
    -3.29331262e-004 0. 7.33337225e-003 0. 1.66836241e-003 0.
    1.44197082e-003 0. 0. 5.27421897e-003 1.39273459e-003 0.
    3.30716697e-003 0. 0. 0. 1.01309235e-003 0. 0. 2.89456395e-004 0. 0.
    -5.29292622e-004 8.89659743e-004 2.10901746e-003 7.14843482e-005
    4.82686097e-003 0. 0. 0. 0. -2.12890306e-003 4.66619665e-003
    1.62589073e-003 2.89303629e-004 -1.08618871e-003 3.88154201e-003 0.
    0. 0. 0. 0. 0. 0. 6.23765541e-003 3.24951834e-003 0. 2.07408681e-003
    1.52962329e-003 4.18437831e-003 0. 0. 0. 0. 0. 0. 1.97140803e-003 0.
    0. 8.74481339e-004 0. -1.94688400e-004 -6.31325529e-004 0.
    7.99725763e-003 1.05040602e-003 -6.46875938e-004 -1.88768332e-004 0.
    2.22620601e-003 2.51100399e-003 0. 0. 0. 5.61804837e-003
    5.43538423e-004 1.19439303e-003 1.06784666e-003 0. 0. 0.
    5.01351478e-003 0. 0. -4.05401050e-004 1.60863518e-003
    1.98215526e-003 0. 0. 0. 1.72513141e-003 7.83590018e-004
    9.84875602e-004 0. 0. 8.74715552e-005 0. 8.27090931e-004
    1.44532719e-003 0. 0. -5.00396825e-004 0. 2.70451396e-003 0. 0.
    2.53236125e-004 0. -7.85024604e-004 1.17544446e-003 0. 0. 0. 0. 0.
    9.96977789e-004 0. 0. 3.12671240e-004 0. 1.16688991e-003
    1.34393596e-003 6.67077349e-003 0. 7.34511344e-003 1.58258621e-003
    0. 0. 1.69666065e-003 1.56591018e-003 0. 5.47922496e-003
    1.00979302e-003 -1.00713034e-004 9.49161913e-005 0. 0.
    5.58347674e-004 6.88928645e-004 3.03279050e-003 1.11035530e-004
    2.63165939e-003 0. 0. 1.20568019e-003 0. 0. 0. 8.62458313e-004 0. 0.
    -1.15451403e-003 0. -1.39067741e-003 3.12692183e-003 2.78597581e-003
    0. 3.91219836e-003 1.00663390e-004 0. 0. 0. 0. -2.40946002e-003 0.
    -6.55771946e-005 6.01028791e-003 0. 4.40290524e-003 0. 0. 0.
    1.91579666e-003 2.19430495e-003 0. 2.58857664e-003 0.
    1.68083597e-003 0. 0. 6.70336420e-004 -1.11730094e-003
    4.54524416e-004 0. 0. 0. 0. 0. 7.38116959e-003 -9.69981338e-005 0.
    6.85316394e-004 3.05540278e-003 0. -5.38012362e-004 0. 0. 0.
    1.55476271e-003 3.47630499e-004 0. 1.32553396e-003 0. 0. 0. 0. 0. 0.
    6.87927008e-004 7.91427388e-004 0. 0. 0. 0. 0. 0. 0. 0.
    2.49266019e-003 0. 3.14424094e-003 4.48178593e-003 0. 0.
    4.73226700e-003 0. 0. 0. 4.75037796e-003 0. 0. 1.19179685e-003 0.
    -2.99990759e-004 9.90730827e-004 1.47811859e-003 7.38107075e-004 0.
    2.44421331e-004 3.51164560e-003 0. 1.56345195e-003 6.13959925e-003
    0. 0. 0. 0. 0. 0. 1.23977824e-003 0. 0. 8.97517544e-004
    2.28139479e-003 6.92643167e-004 -1.94720959e-003 0. 1.50537898e-003
    -1.05763297e-003 0. 0. 0. 3.95428156e-003 0. 0. 0. 0. 0.
    6.04219083e-003 9.88274813e-004 0. 0. 3.04741366e-003 0.
    2.98868818e-003 0. 0. 0. 0. 1.07324938e-003 0. 2.69508222e-004 0. 0.
    0. 0. 1.18051947e-003 0. 0. 1.32189728e-002 0. 8.05104710e-003
    3.35223833e-003 0. 0. 3.00085847e-003 0. 0. 0. 0. 2.12857826e-003
    3.16017517e-003 -6.14391320e-005 6.48948876e-003 0. 1.64029910e-003
