<?xml version="1.0"?>
<opencv_storage>
<imageDescriptor type_id="opencv-matrix">
  <rows>1</rows>
  <cols>1000</cols>
  <dt>f</dt>
  <data>
    0. 4.13880311e-003 0. 0. 8.64810310e-004 0. 0. 8.82434018e-004
    -7.63339805e-004 -4.83563199e-004 1.76414658e-004 0. 3.08685587e-004
    0. 0. 1.60782796e-003 -2.15210556e-003 1.42277533e-003 0. 0.
    2.90612201e-003 0. 0. 2.95797409e-003 0. 7.29118765e-004 0. 0. 0.
    5.37690567e-003 0. 0. 3.62091628e-003 0. 0. 1.69515726e-003
    5.81274508e-003 0. 4.15398972e-003 2.73355749e-003 -8.13953928e-004
    2.34440697e-004 0. 1.94527861e-003 3.62114329e-003 -1.59315916e-003
    2.65672593e-003 0. 0. 2.86472682e-003 8.03174684e-004
    1.01434637e-003 0. 0. 4.03072266e-003 1.20840746e-003 0. 0. 0. 0.
    1.17425679e-003 0. 9.13975120e-004 1.61577959e-003 0.
    -1.66855904e-003 2.65649258e-004 2.85656075e-003 1.05435822e-004
    9.97671625e-004 0. 8.64192261e-005 0. 6.12489693e-003
    5.01750270e-004 8.36152758e-005 0. 0. 0. 1.04609551e-003 0.
    1.20004499e-003 -7.13946472e-004 1.07246335e-003 0. 1.04966084e-003
    1.29358354e-003 6.89782435e-004 1.63491641e-004 0. 0.
    1.14283999e-002 0. 0. 1.46215572e-003 5.74672455e-003 0.
    1.09473430e-003 4.62792057e-004 1.81599447e-004 1.37174139e-002
    1.02000055e-003 3.36722558e-004 9.20325809e-004 7.09151500e-004
    2.10534921e-003 9.81532037e-004 1.63817953e-003 0. 2.87996027e-005
    2.42387527e-003 6.05130335e-003 8.88308568e-004 0. 0.
    2.30073184e-003 0. 1.12208934e-003 0. 2.81097530e-003
    2.28047065e-004 3.06498120e-003 0. 9.61582176e-004 0. 0. 0. 0.
    8.48914438e-004 5.71576227e-003 8.60906905e-004 0. 0.
    1.92790991e-004 1.40004186e-003 0. 4.09738300e-003 7.24134548e-003
    0. 8.28852702e-004 0. 0. 3.44308815e-003 1.17605610e-003
    2.66598514e-003 0. 6.51805778e-004 0. 0. 1.06928404e-002
    1.30893767e-003 1.05237693e-003 4.77009977e-004 0. 0.
    1.60482494e-004 8.98307422e-004 7.07846018e-004 -6.46205910e-004
    7.42895179e-004 6.43404317e-004 0. 8.44621391e-004 1.87741057e-003
    1.21664500e-003 0. 0. 3.79880168e-003 3.29601392e-003 0.
    3.68212495e-004 2.93591595e-003 0. -9.58244898e-004 0.
    6.05070847e-004 2.71120528e-003 0. 1.47498341e-003 1.37034710e-003
    7.75930705e-004 0. 4.13799752e-003 1.28379103e-003 0.
    9.44275700e-004 0. 5.11216978e-003 2.42369995e-003 7.91852921e-003
    0. -1.37149415e-003 1.60098274e-003 1.40091195e-003 0. 0. 0. 0.
    3.79760109e-004 1.54045888e-003 4.98980284e-004 2.06670747e-003 0.
    0. 0. 3.45597882e-003 1.46308425e-003 0. 7.61337520e-004
    1.47793174e-003 0. 2.11311178e-003 0. 1.49712898e-003 0. 0.
    1.76573009e-003 -1.20571326e-003 0. 1.36765162e-003 5.38117904e-003
    0. 0. 0. 8.95128469e-004 0. 4.83988039e-003 2.64587325e-005
    3.22436914e-003 -3.29288276e-004 4.31562448e-003 8.91342759e-004
    1.20018364e-003 5.64340735e-003 8.46597395e-005 3.63745261e-004 0.
    -1.08773401e-003 8.69872514e-003 3.20460461e-003 4.71179897e-004
    5.44795592e-004 0. 0. 0. 0. 1.70233124e-003 0. 0. 0.
    -6.55406213e-004 3.21125449e-003 3.36742820e-003 5.38246066e-004
    1.68117986e-003 0. 0. 1.03348691e-003 1.51845661e-003
    1.40520686e-003 0. 0. 0. 3.30867199e-003 8.76877108e-004 0. 0. 0.
    2.34301132e-003 1.29618507e-003 0. 2.91569042e-003 0.
    -1.09706853e-004 0. 2.35667499e-003 -4.09972068e-004 0.
    -5.38272980e-005 0. 3.35297722e-004 0. 7.27383187e-004 0.
    8.72748089e-004 7.20461656e-004 1.26468414e-003 8.72037839e-004
    1.25203829e-003 1.63002522e-003 0. 4.68684193e-005 2.65867356e-003
    2.92863086e-004 0. 0. 4.55863448e-003 0. 0. 0. 0. 2.26511480e-003 0.
    0. -1.03057700e-003 0. 5.87344148e-005 0. 0. -3.71881353e-004
    6.83181919e-003 6.19922159e-003 5.28628379e-003 0. 1.62558747e-004
    0. 2.31614034e-003 5.96840912e-003 0. 0. 0. 8.28697812e-003
    1.06860371e-003 -1.48248405e-003 0. 0. 4.10174922e-004 0. 0.
    3.13756289e-003 1.61893040e-004 0. 1.64598995e-003 4.30710707e-003
    0. 2.23400677e-003 0. 0. 3.24998843e-003 1.07694388e-004 0. 0.
    3.96991149e-003 0. 0. 0. 3.29354382e-003 0. 1.97518244e-003
    1.08028168e-003 0. 6.54675765e-004 5.19199669e-003 0. 0.
    1.77112799e-002 2.91420869e-003 0. 0. 1.72068132e-003
    8.33699771e-004 1.54249405e-003 5.65829068e-005 5.12782950e-004
    1.45706534e-003 0. 3.14959441e-003 1.11674075e-003 4.06572083e-003
    2.77021737e-003 0. 5.92772907e-004 0. 4.41758661e-003 0. 0.
    2.94197747e-003 0. 4.16107825e-004 0. -2.16969391e-004
    1.28598732e-003 0. 5.46096126e-004 0. 0. 1.49584981e-003
    3.45422979e-003 0. 0. 0. 0. 1.56350248e-003 0. 0. 0. 1.78222253e-003
    -1.20163255e-003 0. 3.99034843e-003 -1.96915586e-003 1.96201005e-003
    0. 1.78950164e-003 -3.95183015e-004 0. 0. 0. 6.59635814e-004 0.
    4.06567997e-004 7.49897163e-006 6.44701254e-003 8.01583845e-003
    1.08990562e-003 0. 1.73793104e-003 2.02198164e-003 0. 0. 0.
    8.40124048e-005 4.90977056e-003 0. 0. 6.56465860e-003 0.
    8.51216493e-004 6.59662904e-003 0. 0. 0. 0. 0. 0. 4.42235265e-004
    2.36474467e-003 4.35945345e-003 0. 0. 1.47683627e-003
    9.02282947e-004 0. 1.32120994e-003 0. 2.31229886e-003 0. 0.
    3.61223333e-003 0. 5.78092458e-003 0. 3.27493926e-003
    4.88391437e-004 1.73837109e-003 1.54477661e-003 1.21835968e-003 0.
    7.09639338e-004 6.54351665e-004 0. 0. 0. 8.72606004e-004 0. 0. 0.
    -6.89862180e-004 0. 1.79127717e-004 0. 7.63480202e-004
    -2.66508927e-004 3.35980626e-003 1.01232680e-003 0. 5.18893311e-003
    0. 3.44844023e-003 3.26438545e-004 0. 0. 1.11956499e-003 0. 0.
    1.27081061e-004 0. 0. 3.07895220e-003 -9.62284321e-005 0.
    2.08499678e-003 0. 0. 0. 5.40855154e-003 2.99621926e-004 0. 0.
    1.07554486e-003 5.17487060e-004 3.80933285e-004 4.82424104e-004
    2.17925175e-004 0. 0. 2.21671560e-003 1.04834698e-003
    4.84119926e-004 6.67668134e-003 2.45715352e-003 0. 9.85906459e-004
    0. 0. 0. 1.29612722e-003 0. -9.41092265e-004 0. 1.15534617e-003
    4.00303025e-003 3.95865971e-003 4.57147695e-003 2.16912525e-003 0.
    1.86423399e-003 0. 1.38463278e-003 3.64131853e-003 5.64807095e-003
    0. 0. 0. 2.47371942e-003 1.07689388e-003 8.43074347e-004 0.
    2.47962144e-003 8.26006569e-003 0. 0. 0. 1.37551746e-003
    6.08722505e-004 0. 0. 0. 3.98011087e-003 4.14242502e-003
    9.01521475e-004 0. -1.26170358e-004 2.24525644e-003 0.
    -1.77786581e-003 0. 0. -2.94941536e-004 3.42741003e-003
    -1.62614160e-003 -2.27669880e-004 3.89461918e-003 5.82210021e-004
    7.33050797e-003 1.78452872e-003 0. 0. 3.15586431e-003
    2.14459654e-003 7.42512289e-003 4.39797062e-003 2.75182095e-003 0.
    0. 0. 0. 1.37283874e-003 0. 0. 0. 0. -4.28784668e-004
    4.23600525e-003 4.82685500e-005 1.16532808e-003 0. 0.
    7.20313983e-004 0. 0. 5.05981967e-004 1.27430097e-003 0.
    -6.18594408e-004 0. 3.79714096e-004 6.08106935e-003 4.38460754e-003
    6.92784553e-003 2.60771182e-003 -9.25713277e-004 4.11519752e-004 0.
    3.18559050e-003 0. -1.92936428e-003 0. 1.50929831e-004 0.
    2.91884271e-003 0. 0. 0. 3.90083855e-003 3.79876443e-003
    1.30142854e-003 1.36482925e-003 0. 0. 1.71458931e-004
    2.26023258e-003 2.58872961e-003 0. 3.62177892e-003 0.
    3.30385054e-003 0. 0. 0. -4.52429202e-004 0. 2.23522261e-003 0.
    5.59545646e-004 3.84938112e-003 0. 1.90872554e-004 1.08636578e-003
    0. 0. 0. 0. -7.30325934e-004 0. 1.26564049e-003 0. 0. 0. 0.
    -3.95485957e-004 3.88098368e-003 0. 0. 0. -5.01501956e-004
    4.90998477e-003 1.19134167e-003 0. 0. 0. 0. 0. 0. 0. 0. 0. 0.
    2.35735090e-004 5.06972836e-004 4.80494782e-004 -4.59431176e-004 0.
    3.68064328e-004 1.48611655e-003 6.39418606e-004 4.06140520e-004 0.
    0. 0. 5.96065773e-003 0. 0. 0. 0. 0. 2.97154533e-003 0.
    3.23919277e-003 0. 0. 0. 1.62113318e-003 0. 0. 5.81356790e-003
    1.34669314e-003 0. 2.72609247e-003 0. 1.10803510e-003 0. 0. 0. 0. 0.
    0. 1.48133154e-003 3.83809034e-004 1.64554245e-003 0.
    4.20011999e-003 0. 8.94751574e-004 0. 1.64975494e-003
    3.49303242e-003 0. 1.72585971e-003 -3.28088901e-003 0. 0. 0.
