<?xml version="1.0"?>
<opencv_storage>
<imageDescriptor type_id="opencv-matrix">
  <rows>1</rows>
  <cols>1000</cols>
  <dt>f</dt>
  <data>
    5.42253722e-003 0. 0. 4.73862048e-003 2.88481824e-003 0.
    -2.50719278e-003 1.34318223e-004 9.67086467e-004 0. 0. 0. 0. 0. 0.
    -5.95370948e-004 0. 0. 0. 0. 8.27528886e-004 4.47769591e-004 0. 0.
    1.55666471e-003 0. 8.88303574e-003 0. 1.30575814e-003
    4.10448178e-004 0. 1.67163485e-003 1.72748906e-003 -1.54588418e-003
    0. 0. 2.66403263e-003 -4.61847929e-004 -1.92267413e-004 0. 0.
    8.76610726e-003 9.42000246e-004 0. 0. 3.46913631e-003
    1.08122616e-003 0. 2.24102545e-003 -4.06398729e-004 0.
    -1.53377070e-003 0. 0. 0. 1.79540378e-003 0. 0. 1.64841826e-003
    5.18555567e-003 4.93276748e-005 9.42157174e-004 3.40034720e-003 0.
    2.11462309e-003 1.06868264e-003 0. 5.00962185e-003 0.
    -1.41346216e-004 0. 8.06004088e-003 0. 0. 0. 0. 0. 5.22740977e-003
    0. 6.05212245e-003 0. 0. 0. 4.37355920e-004 0. 0. 3.60395224e-003 0.
    0. 2.31472659e-003 0. 0. 1.93451683e-003 1.03303138e-003
    6.08461734e-004 0. 0. 0. 3.52040073e-003 0. 7.55991059e-005 0.
    4.26826114e-003 -6.41431368e-004 0. 0. 2.24601128e-003
    4.21020808e-003 0. 1.46260206e-003 4.02451912e-003 0. 0.
    1.72170840e-004 2.48243636e-003 0. 0. 0. 0. 0. 0. 8.88582959e-004
    2.84244167e-003 0. 6.82673929e-003 1.60231162e-002 0. 0.
    3.30194394e-004 4.84716007e-003 0. 2.89842428e-004 6.82569295e-003
    0. 0. 0. 9.24684980e-004 0. 1.58120377e-003 0. -3.20447929e-004
    1.59426555e-002 0. 7.18934520e-004 5.90260897e-004 0. 0. 0. 0.
    1.15536491e-003 0. 0. 0. 0. 0. 0. 3.88818304e-003 3.75613943e-003
    1.61870976e-003 -2.45472742e-003 1.65951848e-002 0. 0.
    2.30273465e-003 0. 0. 0. -5.67443843e-004 0. 0. 1.95206190e-003
    2.57389480e-003 0. 0. 7.97482394e-003 1.40282782e-002 0. 0.
    7.12768314e-003 0. 4.95396671e-004 6.24472974e-003 0. 0. 0.
    4.49596299e-003 0. 0. 1.16277544e-003 0. 0. 0. 0. -2.30320147e-003
    0. 0. 1.91250851e-003 -1.43427798e-003 0. -2.51317979e-004
    2.88523408e-003 0. 3.28438124e-004 0. 0. 0. 2.03185668e-003
    1.09297200e-003 0. 0. 0. 0. 0. 4.75789793e-003 0. 1.15796155e-003
    1.41995703e-003 0. 2.10387912e-003 -4.28007916e-003 0. 0. 0.
    1.67081525e-005 0. 0. 0. 1.33827399e-003 0. 0. 6.14782271e-004 0. 0.
    0. 0. 3.88922892e-003 0. 0. 0. 0. 0. 3.31536471e-003 0. 0.
    5.77530009e-004 0. 2.47219438e-003 0. 7.03596161e-004 0. 0. 0. 0.
    5.84509107e-004 8.54272209e-003 7.13357097e-003 0. 2.38253339e-003
    0. 6.98048025e-005 0. 8.53916071e-003 0. 3.38026695e-003
    5.40190795e-003 -6.35852164e-004 0. 0. 4.81335213e-003
    2.54878541e-003 0. 0. 0. -5.19621302e-004 -5.73836151e-004
    1.50343927e-003 7.88273569e-003 -3.94106581e-004 0. 0. 0. 0. 0.
    6.09003799e-003 0. 0. 3.06570175e-004 0. 0. 5.48376516e-003 0.
    -2.31169257e-003 -1.18129945e-003 1.02234557e-002 5.97148854e-003 0.
    1.45218649e-003 0. 0. 0. 5.03431482e-004 3.01543216e-004 0. 0. 0.
    7.48953596e-003 2.09918851e-003 0. 0. 1.79516955e-003 0. 0. 0.
    1.54516415e-003 -2.43182667e-003 0. 0. 0. 0. 9.45843197e-003 0. 0.
    0. 1.12056332e-004 0. 0. 2.24289647e-003 0. 0. 0. 1.71790808e-003
    1.14122429e-003 0. -9.87494481e-004 0. 6.02343865e-003 0. 0. 0. 0.
    0. 0. 0. 0. 0. 0. 1.69958512e-003 6.86802145e-004 0. 4.32062009e-003
    9.97463358e-004 2.25795852e-003 4.12959722e-004 0. 0. 0. 0. 0.
    1.14761118e-003 3.91939841e-003 0. -2.54503149e-003 0.
    9.77743533e-004 3.32882861e-003 0. 0. 4.91876109e-003 0.
    2.37053214e-003 0. 0. 5.94681827e-004 0. 0. 0. 1.99214905e-003
    6.92884671e-004 0. 1.39331049e-003 0. 0. 0. 0. 0. 1.74758094e-003
    1.29581802e-003 5.25870244e-004 4.73684305e-003 0. 0.
    6.14699163e-003 0. 0. 0. 1.13413308e-003 0. 0. 2.34334427e-003 0. 0.
    0. 0. 1.04368851e-002 -6.37085468e-004 0. 0. 0. -5.35477302e-004 0.
    0. 0. 0. 1.64927857e-003 3.56410252e-004 4.83331643e-003
    7.36228842e-003 4.15963028e-003 0. 9.71801346e-004 3.07355629e-004
    0. 0. 2.30231578e-003 2.04168633e-003 0. 1.81646505e-003 0.
    -1.02216401e-003 2.51475489e-003 0. 2.39213044e-003 0.
    2.81010661e-003 0. 0. 0. 0. 2.66152550e-003 0. 0. 2.30669510e-003
    4.70902305e-003 0. 0. 0. 0. 0. 0. 3.73150432e-003 0. 0.
    -2.01754272e-003 5.16737020e-003 1.07447057e-004 1.68574764e-003 0.
    0. 0. 6.95246784e-003 0. 0. 5.23662195e-003 0. -1.23059901e-003
    3.94294458e-003 2.54688063e-003 3.16365622e-003 0. 0. 0.
    2.68341624e-003 0. 0. 5.90511179e-003 0. 0. 0. 3.37866088e-003 0.
    4.83790238e-004 0. 0. 0. 1.98303210e-003 3.73556814e-003
    1.02224492e-003 0. 0. 0. -8.86804628e-005 0. -5.32711798e-004 0. 0.
    0. 0. 0. 8.69274954e-005 1.80502573e-003 0. 0. 4.89307749e-005 0. 0.
    0. 0. 0. 0. 0. 1.81414606e-003 0. 1.89510384e-003 0. 0. 0.
    3.15294508e-003 8.09647667e-004 0. 1.10292702e-003 7.83626549e-003
    2.43400075e-002 0. 0. 0. 1.59538619e-003 7.59016839e-004 0.
    9.73269227e-004 4.72527975e-003 0. 1.74748202e-004 1.25274584e-002
    2.23742891e-003 6.95206923e-003 0. -9.42565734e-004 0. 0.
    2.86109978e-003 0. -1.33863185e-003 4.72688442e-003 1.31236750e-003
    0. 0. 0. 0. 3.54209635e-003 0. 0. 0. 0. 0. 6.21301297e-004
    2.00819387e-003 0. 0. -1.83063075e-005 0. -1.54502384e-004 0.
    -7.18151045e-004 0. 0. 3.50761111e-003 1.39330025e-003
    2.00780760e-003 2.45096488e-003 0. 0. 3.93610867e-003
    1.66389719e-003 1.16333715e-003 0. 8.99563264e-003 5.72442776e-003
    4.04315593e-004 1.16369582e-003 0. 0. 0. 0. 0. -5.70036937e-004 0.
    0. 0. -2.41369731e-003 -2.67194165e-003 -1.89221289e-004 0. 0. 0. 0.
    0. 1.47737854e-003 4.56414069e-004 1.27511506e-003 0. 0. 0. 0.
    4.86964919e-003 1.72029343e-003 0. 1.06467784e-003 0. 0.
    2.18846486e-004 0. 0. 9.04094335e-003 5.45883831e-003 0.
    1.53637584e-003 0. 0. 0. 9.20828665e-004 0. 0. 0. 0. 0.
    9.83345974e-003 4.28151013e-003 1.61152449e-003 0. -7.57116301e-004
    0. 3.25924577e-003 0. 0. 0. -3.69922112e-004 9.68067907e-003 0.
    3.35536897e-003 7.79624796e-003 0. 0. -4.08737164e-004
    2.11794814e-003 2.78356695e-003 -2.71490397e-004 0. 0. 0.
    4.99772653e-003 0. 4.29221150e-003 0. 1.91028987e-003 0.
    9.61227459e-004 2.43200758e-003 5.22421091e-004 3.15860799e-003 0.
    2.86767888e-003 0. 6.60799863e-003 0. -1.90295512e-004 0.
    7.10497983e-003 0. 1.33925863e-003 -2.43935268e-004 0.
    -1.73844956e-003 1.15592463e-003 0. 0. 2.43604323e-003 0. 0. 0. 0.
    0. 0. 9.16926248e-004 0. 2.37238255e-005 1.47447095e-003
    1.79374975e-003 0. 0. 0. 2.03682831e-003 0. 2.03170627e-003 0. 0. 0.
    0. 0. 0. 0. 0. 0. 0. 0. 0. 7.99131987e-004 0. 0. 0. 0. 0. 0. 0.
    1.12596853e-003 0. 0. 2.05924758e-003 0. 0. 0. 0. 3.35076521e-003 0.
    0. 0. 0. 1.73426652e-003 5.68765262e-003 3.11479438e-003
    -1.63898594e-003 -1.44130131e-003 0. 0. 0. 0. 0. 0. 1.75959989e-003
    0. 0. 0. 2.72781181e-005 1.19980723e-004 8.25495634e-004
    -1.73254951e-003 1.31475099e-003 -2.53028865e-003 0. 4.40967083e-003
    1.27351188e-004 0. 0. 0. 0. 0. 0. 0. 1.65132177e-003 0.
    1.02460524e-003 0. 0. 0. 0. 0. 0. 0. 0. 0. 0. 6.60323538e-003 0. 0.
    0. 0. -2.23563198e-004 8.15849751e-003 0. 0. 1.05163571e-003 0.
    6.66083675e-003 0. 0. 0. 0. 0. 0. 1.58189773e-003 2.65329215e-003
    5.40301856e-003 6.30751904e-003 0. 0. 0. 0. 0. 0. 0. 0. 0.
    5.30623412e-003 0. 0. 0. 0. 0. 0. -8.66722374e-004 -4.87298879e-004
    2.09242129e-003 0. 0. 3.47553217e-003 8.51046294e-004
    -3.64724803e-003 1.90832594e-003 0. 0. -2.13565741e-004 0. 0.
    2.76177959e-003 0. 0. -7.74069573e-004 0. 0. 0. 1.26845005e-003 0.
    0. 0. 0. 0. 0. 0. 0. -1.24779984e-003 4.10730997e-003 0. 0. 0. 0. 0.
    -2.19327933e-003 1.41948357e-003 -6.74042909e-004 0. 0. 0.
    -1.44043716e-003 5.13700885e-004 0. 3.03698325e-004 7.20624012e-005
    0. 0. 0. 4.63191420e-003 0. 5.98559948e-003 3.01311049e-003
    -1.27396756e-003 0. 0. 0. 0. 0. 9.50041169e-004 0. 0. 0. 0. 0.
    6.88809436e-003 0. 2.72679748e-003 0. 0. -7.31746899e-004 0. 0. 0.
