<?xml version="1.0"?>
<opencv_storage>
<imageDescriptor type_id="opencv-matrix">
  <rows>1</rows>
  <cols>1000</cols>
  <dt>f</dt>
  <data>
    1.95856043e-003 3.28619429e-003 1.41867064e-003 0. 2.17732275e-003
    2.82537658e-003 0. 9.28426569e-004 0. 5.83121134e-003 0.
    6.40251255e-003 3.36739561e-003 0. 0. 3.21173156e-003 0.
    7.91938882e-003 0. 0. 1.43148273e-003 5.49632998e-004
    1.38924876e-003 7.67542236e-003 0. 0. 0. 0. 0. 5.45245595e-003
    -6.28078065e-004 3.44545254e-003 1.75156700e-003 4.58872644e-004 0.
    5.75978076e-003 0. 9.09683411e-004 0. 1.56744756e-003
    1.14762119e-003 0. 5.34616520e-005 0. 2.04074931e-005 0.
    4.84165642e-003 8.31711979e-004 0. 0. 0. 1.24270236e-003
    1.68215961e-003 0. 0. 1.63837860e-003 0. 0. 5.09294739e-004
    1.63308741e-003 2.50005454e-004 6.22100383e-003 1.60567899e-004
    -1.18231203e-003 0. 0. 0. 0. 0. 2.28389874e-002 -6.22369582e-004
    3.87600879e-003 -2.20970693e-003 1.07053376e-003 0. 1.27897796e-003
    4.74394503e-004 5.39749235e-005 1.27157744e-003 0. 0. 0.
    9.00513784e-004 3.25231464e-003 8.61494744e-004 6.66074280e-004
    1.25906300e-002 8.08150449e-004 0. 0. 4.74869832e-003
    2.48462427e-003 6.25592191e-004 0. -1.16242503e-003 1.13093818e-003
    1.20271172e-003 0. 1.42088498e-003 0. 0. 0. 3.39060742e-003
    8.52212124e-003 0. 2.69305019e-004 0. 2.77168443e-003
    -9.13424825e-004 0. 5.05085848e-003 -1.63243699e-003 6.56214950e-004
    0. 5.89688588e-003 1.98390079e-003 0. 1.52114232e-003 0.
    1.56625314e-003 0. 0. 0. 0. 6.49391732e-004 1.01822094e-004
    4.36281669e-004 4.10236605e-003 0. 0. 2.77823041e-004 0.
    -8.96096695e-004 3.36732512e-004 0. 4.26978990e-003 9.47267457e-004
    -5.15437103e-004 7.52495660e-004 0. 1.94016611e-004 0.
    3.43035883e-003 -7.65610312e-004 8.95028561e-003 -1.19536195e-003 0.
    1.10248384e-005 2.43114284e-003 0. 0. 0. 8.12501763e-004 0.
    1.57015398e-003 3.62777407e-003 0. 1.09786059e-004 0. 0. 0. 0. 0. 0.
    -3.75885837e-004 0. 0. -6.84716448e-004 8.04055133e-004
    -8.07339326e-004 1.34668685e-003 0. 1.76042621e-003 0.
    1.26971665e-003 4.39559837e-004 0. 3.74371815e-003 0. 0.
    -1.28490443e-004 0. -4.71800777e-005 -1.57545542e-003
    1.38627889e-003 7.56488240e-004 1.17842259e-003 0. 0. 0.
    3.45791457e-003 -1.01227604e-003 3.58140282e-003 1.00515422e-003
    2.10759789e-003 0. 0. 5.04693622e-003 0. 2.29965476e-003
    6.08514482e-003 0. 2.01310287e-003 0. 0. 0. 2.48634419e-003
    5.21341944e-003 2.71047070e-003 0. 0. 0. 1.10710785e-003
    2.34585255e-003 9.98370582e-004 0. 6.02668733e-004 0. 0.
    1.19446334e-003 0. 0. 4.88941651e-003 4.02128045e-003 0. 0.
    -7.61355215e-004 1.60053372e-003 -2.38199791e-004 0. 1.50808250e-003
    4.34551900e-003 0. 0. 6.96578281e-005 0. 1.04516931e-003
    1.29265599e-002 0. 0. 0. 0. 3.35108535e-003 8.79732543e-004
    -5.93793346e-004 0. -1.36441004e-003 0. 0. 0. -1.52764795e-003 0. 0.
    3.80646298e-003 0. 3.07464087e-003 1.48938387e-003 0. 0.
    7.45718484e-004 -2.16011773e-004 5.43257978e-004 0. 1.02301780e-003
    1.54059671e-004 0. 5.06169489e-003 2.82995199e-004 0. 0.
    1.64806412e-003 1.46081729e-003 0. 4.90582455e-003 0.
    3.35115916e-003 0. 0. 8.07903474e-004 3.03822593e-003 0. 0. 0.
    5.24056889e-003 0. 0. 7.02146732e-004 0. 1.24630996e-003
    8.73248791e-004 0. 4.85644536e-003 0. 0. 7.85990502e-004
    2.56595947e-003 0. 5.29120909e-004 2.83997925e-003 0. 0.
    -4.90977545e-004 0. 0. -1.08827068e-003 0. 0. 1.62655802e-003
    5.31064207e-003 0. 0. 5.91899781e-003 0. -1.57465372e-004
    3.45392409e-003 0. 1.48498075e-004 1.61996777e-005 0. 0.
    8.00231192e-003 2.49101571e-003 5.78590948e-003 3.06685013e-003
    2.78847758e-003 3.78644769e-003 0. 0. 0. 0. 0. 0. 4.45537409e-003 0.
    0. -2.38467721e-004 1.30545814e-003 0. 0. 1.91253843e-003 0.
    8.18917993e-004 0. 0. 0. 0. 6.97044097e-003 0. 0. 0. 3.04342178e-003
    0. 0. 0. 0. 1.40528230e-003 0. 0. 4.59552859e-004 0. 0. 0. 0.
    1.07236928e-003 3.30145075e-003 1.99601818e-005 0. 5.62942063e-004
    0. 2.34196777e-003 0. 0. 3.84752173e-003 0. 0. 0. 6.43611304e-004 0.
    1.50134219e-002 1.26670382e-003 9.08305927e-004 4.75742808e-003 0.
    4.06564539e-003 0. 6.88395556e-003 7.65799638e-003 0. 0.
    1.40807498e-003 0. 4.21674037e-003 0. 0. 0. -7.41682423e-004 0. 0.
    3.29020200e-003 0. 0. 2.36137561e-003 1.05232478e-003
    4.36629984e-004 0. 0. 3.29919672e-003 3.78379656e-004
    3.36328521e-004 0. 0. 0. -4.58316086e-003 6.96547469e-003 0. 0.
    5.44335181e-003 0. 0. 1.81179948e-003 0. 0. 0. -4.26793486e-005 0.
    0. 0. 0. 0. 0. 6.34579780e-003 0. 2.62327609e-003 3.85568099e-004 0.
    1.40972552e-003 3.67548317e-003 1.69197679e-003 0. 1.03871559e-003
    -5.95515348e-006 0. 1.47114964e-002 0. 3.69309215e-003 0. 0.
    2.60803336e-003 0. 0. 9.08603906e-005 0. 1.11061335e-002
    -9.56518052e-005 0. 0. 0. -3.58402991e-004 0. 0. 3.53958720e-004 0.
    0. 0. 0. 0. 0. 0. 0. 0. 0. 2.69915210e-003 0. 0. 9.50223592e-004 0.
    0. -5.93938865e-004 0. 0. 0. 0. -1.45055377e-003 0. 4.14906768e-003
    3.65985674e-004 4.00178507e-003 -3.18178383e-004 1.64472440e-003
    1.28437777e-003 1.05921226e-003 0. 0. 1.60584617e-002 0.
    3.37449345e-003 0. 0. 0. 0. 3.99701530e-003 0. 1.12179352e-003
    1.24569703e-002 0. 0. 0. 0. 0. 3.12341913e-003 0. -1.96345383e-003
    2.72238487e-003 4.39115195e-003 0. 0. 0. -3.85933148e-004
    1.28169043e-003 2.04129494e-003 0. 0. 0. 0. 3.26420995e-003
    5.10519929e-003 0. 8.60024418e-004 6.28480921e-003 0. 0. 0. 0.
    2.02314137e-003 0. 1.05674413e-003 0. 9.69619025e-004 0. 0. 0. 0.
    2.70037330e-003 2.02068244e-003 0. -2.60395173e-004 0.
    9.21248982e-004 0. 3.71476548e-004 0. 0. 0. 0. -4.57784190e-004 0.
    2.04677321e-003 1.21039653e-003 0. 5.07749173e-005 -6.86847605e-004
    0. 0. 0. 0. 1.86379591e-003 1.10024113e-004 0. 0. 5.07204700e-003 0.
    0. 8.53953534e-004 9.91475070e-004 0. 0. 0. 5.55530796e-003 0. 0. 0.
    0. 8.10486381e-004 0. 0. 7.93874450e-003 -3.50415794e-004
    4.44986438e-003 4.68461076e-003 -2.09057075e-003 0. 0.
    -1.02357322e-003 0. 1.31925708e-003 0. 0. 0. -4.46080288e-004 0. 0.
    2.52244715e-003 2.15955963e-003 -2.15153450e-005 0. 3.40817176e-004
    -1.03464490e-003 4.29983949e-003 0. 0. 0. 0. 0. 8.25567113e-004 0.
    0. 2.61784793e-004 0. 0. -1.99093693e-003 2.79576168e-003 0. 0.
    -7.96258100e-004 0. 0. 0. 0. 0. 0. 3.33407382e-003 0.
    1.96862221e-003 0. 0. 0. 2.00289791e-003 0. 0. 0. 0. 3.82403168e-003
    6.35380531e-003 4.62828577e-003 0. 1.10938633e-003 0. 0.
    4.06527147e-003 -1.21393963e-003 0. 0. 7.68102286e-003
    1.07172469e-003 0. 0. -1.79827301e-004 0. 5.79864078e-004
    4.41979337e-003 3.62931431e-004 5.78250270e-003 6.37607137e-003 0.
    2.40677924e-004 0. 0. -7.81574578e-004 0. 0. 4.70066816e-003 0. 0.
    0. 0. 2.17059837e-003 0. -3.44486302e-003 2.14149477e-003
    1.08454016e-003 1.86581374e-003 0. 0. 6.47811033e-003
    6.07491331e-003 6.34393306e-004 2.65185983e-004 1.80287973e-003
    1.50244887e-004 0. 0. 4.52049513e-004 0. 0. 0. 3.05461744e-003
    2.62086018e-004 0. 0. 0. -2.07942352e-003 0. 0. 0. 3.86741431e-003
    0. 7.09932996e-003 0. 0. 7.74913409e-004 0. 0. 0. 1.27001293e-003
    1.51857105e-003 2.07776972e-003 0. 0. 0. 0. 3.58936115e-004 0. 0.
    -5.42045127e-005 0. 2.71803536e-003 1.49706460e-003 1.97036378e-003
    7.66133331e-003 0. 0. 0. 9.53103357e-004 3.89885390e-003 0.
    1.31768163e-003 0. -5.39661443e-004 0. 0. 0. 5.66881499e-004
    7.17028417e-003 0. 3.01531807e-004 -2.23894767e-003 5.77349542e-003
    7.66949845e-004 0. 0. 0. 0. 0. 7.00378185e-003 0. 0. 1.31568860e-003
    0. 2.08163518e-003 3.87842581e-003 0. 6.24518085e-004
    2.12133187e-003 1.27441762e-003 0. 1.38708949e-003 0.
    1.43386680e-003 0. 0. 1.87935540e-003 1.52256608e-003 0. 0.
    5.59997465e-003 0. 1.96239795e-003 0. 3.21638654e-003
    1.18693954e-003 -3.75150499e-004 7.87562400e-004 -1.16310315e-003
    4.75350209e-003 0. 0. -1.75227920e-004 2.10661395e-003
