<?xml version="1.0"?>
<opencv_storage>
<imageDescriptor type_id="opencv-matrix">
  <rows>1</rows>
  <cols>1000</cols>
  <dt>f</dt>
  <data>
    3.49528878e-003 8.73210095e-003 7.56607682e-004 5.04792854e-003
    -4.90002101e-004 2.45653139e-003 0. 0. 0. 4.23100032e-003
    -7.05039187e-004 0. 1.07890833e-002 8.99289793e-004 -7.97826797e-004
    2.66920403e-003 5.01437113e-003 0. 0. 3.93230934e-004
    3.37812293e-004 0. -6.11336000e-005 8.12022667e-003 0. 0.
    1.97162759e-002 8.92294920e-004 4.23800899e-003 0. 0.
    9.25887434e-004 2.65427021e-004 0. 0. 4.76207724e-003
    8.31852900e-004 0. 0. 0. 2.44900701e-003 3.78023920e-004 0.
    3.19125800e-004 4.86853812e-003 1.01727096e-003 8.67639959e-004
    -1.01492973e-003 0. 0. -1.08458078e-003 -6.93288166e-004 0.
    1.43490452e-003 0. 2.43230446e-004 0. 0. 5.13999956e-003
    2.78851856e-003 0. -1.99247424e-005 0. 2.47670640e-003
    4.09228681e-003 0. 0. 0. 1.43509224e-005 1.90664105e-005 0.
    6.29850954e-004 5.17922563e-005 0. 1.52830342e-002 2.58754333e-003
    0. 3.51421512e-003 0. 1.25433563e-003 7.64782657e-004 0.
    4.76270681e-003 7.52453518e-004 0. 2.32655508e-003 0. 0. 0.
    7.71219330e-003 2.34716735e-003 0. 0. 0. 3.95865925e-003
    1.44271040e-003 0. 0. 0. 0. 5.05939126e-004 4.30297386e-003 0. 0. 0.
    -9.64567356e-004 3.13488697e-003 0. 0. 0. 7.28538539e-003
    -8.75367623e-005 0. 0. 2.59179482e-003 -2.08624202e-004
    2.89190141e-003 0. 4.83680656e-003 0. 0. 6.94969110e-003
    6.44317130e-004 1.33220246e-003 5.80009539e-004 4.68886737e-003
    3.51836486e-003 5.47700515e-003 0. -7.80212577e-005 0.
    5.58273960e-003 -1.01325964e-003 3.12889414e-003 0. -2.48081493e-003
    1.39236232e-004 1.97913125e-002 0. 4.65982186e-004 0. 0.
    6.82679994e-004 5.08031715e-003 0. 1.21648354e-003 3.04315006e-003
    0. 0. 3.67295672e-003 4.51808737e-004 0. -2.44964642e-004 0.
    4.25673643e-004 7.57888542e-004 1.34108905e-002 0. 1.39462165e-004
    8.23929731e-004 0. -1.50268304e-003 0. 1.31795125e-003
    2.23709457e-003 0. 0. 6.05523004e-004 5.37290587e-004
    1.96866668e-003 0. 7.84871459e-004 5.94210345e-003 0.
    5.16179716e-003 -2.34836800e-004 -2.39443252e-005 8.72665114e-005 0.
    0. 2.65094626e-004 0. 7.22804281e-004 0. 2.98917934e-004
    7.16474047e-003 -4.74881963e-004 0. 0. 0. 6.83679304e-004
    1.05499628e-003 5.22591639e-004 0. 2.28354684e-003 0. 0. 0.
    7.44439167e-005 3.66047956e-003 0. 5.85547090e-003 6.69683982e-003
    0. 0. 0. 1.88383821e-003 5.05509553e-003 0. 3.52164323e-004 0.
    -3.56833887e-004 0. 0. 5.39798697e-004 0. 0. 1.60363410e-003
    8.75742815e-004 2.76707392e-003 5.56193583e-004 2.63104535e-004 0.
    0. 3.12403124e-003 -3.33256554e-004 2.60007684e-004 0. 0. 0. 0. 0.
    0. 7.65572258e-006 0. 1.18421279e-002 0. 0. 6.44579390e-003 0. 0.
    1.33852242e-003 1.79763546e-003 0. 5.40609658e-003 0. 0. 0.
    1.23943109e-003 0. 0. 0. 0. 0. 0. 0. 1.49725017e-003 0. 0. 0.
    4.81649907e-003 1.54794252e-003 2.07838998e-003 0. -7.09729083e-003
    0. 0. 0. 0. -2.44768290e-003 2.14949250e-004 0. 0. 0.
    2.18940550e-004 0. 0. 0. 0. 0. 0. 0. 0. 1.39797034e-004 0. 0. 0. 0.
    3.83147359e-004 1.04686813e-002 3.10886721e-003 0. 0.
    1.27295649e-003 6.80701633e-005 5.64051559e-004 3.97806196e-003
    5.07966324e-004 6.47394481e-005 0. 3.55584058e-003 0.
    1.91298139e-003 0. 2.74074147e-004 8.94639082e-003 0.
    1.96345011e-003 1.44264670e-002 0. 1.12900182e-006 -3.45785840e-004
    1.01095776e-003 0. 0. 0. 2.01438655e-004 7.74540706e-003 0. 0.
    5.00257593e-003 8.68094910e-004 -5.58137894e-004 3.83914245e-004 0.
    2.90834054e-004 0. 0. 0. 5.94073161e-003 2.76374922e-004
    3.72396244e-005 0. 2.07110960e-003 -1.22078916e-003 0.
    9.80491843e-003 5.90592797e-004 1.94960192e-003 0. 0. 0.
    5.84261538e-003 4.71224822e-003 0. 9.83279082e-004 4.64947941e-003
    1.57447625e-003 2.05318560e-003 -1.61451660e-003 6.33260992e-004 0.
    0. -1.70165475e-003 3.39194492e-004 1.15828274e-003 9.85227409e-004
    4.52671805e-003 5.38805325e-004 5.58287837e-003 0. 6.36648387e-003
    -8.35320621e-004 1.03623834e-005 9.96163435e-005 0. 0.
    4.67276713e-003 0. 0. 4.93312982e-005 0. 4.34560003e-003
    2.53311032e-003 0. 0. 0. 0. 0. 0. 0. 1.28406566e-004 5.49705932e-003
    0. -1.50118326e-003 2.68722326e-003 0. 0. -2.40297653e-004 0. 0. 0.
    0. 0. 2.38118786e-003 0. 8.56303331e-003 0. 7.23760482e-003
    1.67887381e-004 0. 0. 0. 0. 2.26651807e-003 0. 0. -4.04788356e-004
    0. 4.75558918e-003 3.42150405e-003 1.58244348e-003 0. 0. 0. 0.
    8.03032017e-004 0. 0. -9.92188725e-005 0. 2.39911862e-003
    5.86375687e-003 1.96420867e-003 0. 0. 0. 0. 0. 0. 0. 0. 0. 0. 0.
    5.09248406e-004 2.94208876e-003 0. 9.40264494e-004 0. 0. 0.
    4.48595546e-003 0. 1.03160390e-003 0. 0. 0. 0. 0. 0. 5.37188724e-003
    0. 4.04216256e-003 9.84555882e-005 0. 1.24208571e-003
    -2.89864751e-004 0. 4.14473517e-003 1.04161518e-004 0. 0. 0.
    4.22508596e-003 0. 0. 0. 3.34493793e-003 0. -1.20328506e-004
    -6.41859486e-004 0. 5.60753839e-003 0. 5.54852840e-003 0. 0.
    1.33070198e-003 0. 0. 0. 1.22818048e-003 -8.24652612e-004 0. 0. 0.
    0. 0. 0. 7.73273932e-004 1.55287073e-003 0. 0. 8.12246371e-003
    8.40574503e-004 0. 0. 0. 6.46514865e-003 8.27857351e-004 0.
    1.82871439e-003 2.02041905e-004 2.33417004e-003 0. 0. 0.
    7.24438811e-004 4.15261555e-003 0. 0. 0. 0. 0. 0. -7.35600886e-004
    0. 0. 0. 0. 0. 0. 1.04040606e-002 0. 2.29204516e-003 3.41186591e-004
    1.11245131e-002 -1.31318124e-003 0. 8.12079292e-004 2.08522729e-003
    2.99666962e-003 -2.18653982e-003 5.80417644e-003 0. -1.76188024e-003
    0. 0. 0. 0. 0. 0. 0. -5.26510878e-004 0. 0. 0. 0. 0. 0.
    3.28223594e-003 0. 0. 0. 8.34427716e-004 0. 1.79728158e-004 0.
    -7.57239104e-005 2.43677967e-003 1.55843608e-002 6.41329621e-004 0.
    0. 0. 1.71045109e-003 3.10725067e-004 0. 0. 0. 0. 1.83449360e-003
    -2.21319453e-004 7.70945684e-004 3.06338305e-003 7.59765826e-005 0.
    0. 0. 0. 1.23499252e-003 0. 1.74728761e-004 0. 0. 2.95829464e-004 0.
    -4.46163397e-003 0. 0. 0. 0. 1.01862359e-003 0. 4.46537090e-003 0.
    0. 1.41368830e-003 1.27041284e-002 0. 0. 4.91448585e-003
    5.14457584e-004 0. 0. 0. -6.32619893e-004 4.87005711e-003
    1.71555753e-003 0. 0. 1.29959441e-003 0. 0. 0. 0. 0. 0. 0.
    1.22288952e-006 -1.29172942e-004 4.30022972e-003 0. 0.
    2.81247689e-004 0. 2.71538098e-004 0. 2.08228547e-003 0. 0.
    1.44775328e-003 0. 0. 0. 0. 0. 0. 1.21734766e-002 8.92423501e-004 0.
    1.66460057e-003 0. 1.34246389e-003 0. 0. 0. 0. 0. 0. 0. 0. 0.
    1.61272459e-004 0. 0. 0. -1.96528898e-004 0. 0. 0. 0. 0. 0. 0. 0. 0.
    0. 0. 0. -1.28418789e-003 0. 0. 0. 0. 2.23471387e-003
    5.84214786e-003 4.95269941e-003 0. 0. 0. 4.90692724e-003 0. 0.
    1.54921960e-003 -6.73176139e-004 0. 0. 1.09600439e-003 0. 0. 0.
    5.67898573e-003 5.58194588e-004 0. 1.14848278e-003 4.32778243e-003
    0. 0. 1.20377075e-003 0. 1.15078746e-003 0. 0. 0. 4.55287471e-003 0.
    0. 4.09246050e-003 0. 0. 0. 0. 0. 0. 0. 1.48509312e-002 0. 0.
    5.93605638e-003 4.40134492e-004 0. -6.66017528e-004 0. 0.
    -1.59696769e-003 0. -1.61979697e-003 0. 0. 0. 0. 0. 0.
    2.13511963e-003 0. 5.58266789e-003 -2.74633407e-004 0.
    4.17890580e-004 0. 0. 4.52810666e-003 1.41410669e-003 0. 0.
    5.24949108e-004 0. 0. 0. 1.19124621e-003 5.35078673e-003 0. 0. 0. 0.
    0. 4.33748763e-004 1.03817191e-002 0. 2.19530193e-003 0. 0. 0.
    1.69818162e-003 0. 6.87579959e-005 5.58322435e-003 0.
    3.74041352e-004 1.69975893e-003 1.18269783e-003 0. -1.92149740e-003
    1.15512568e-003 0. -1.00940012e-003 0. 0. 0. 0. 0. 3.24824615e-003
    2.05901149e-003 1.17164559e-003 0. 0. 2.48701172e-003 0. 0.
    1.43673748e-003 0. 2.26337346e-003 0. 0. 0. 0. 1.36395698e-004 0.
    2.87899259e-003 4.43672435e-003 0. 0. 0. 2.81565241e-003 0. 0. 0. 0.
    1.73907005e-003 0. 0. 0. 8.47454416e-004 0. 4.91815573e-003 0.
    -1.36624323e-003 0. -2.78773252e-004 0. 0. 0. 0. 3.47642670e-003
    8.41395013e-005 0. 0. 0. 1.05127622e-003 0. 5.54402126e-004
