<?xml version="1.0"?>
<opencv_storage>
<imageDescriptor type_id="opencv-matrix">
  <rows>1</rows>
  <cols>1000</cols>
  <dt>f</dt>
  <data>
    0. 0. 0. 1.08480302e-003 -1.70785119e-004 5.91818010e-004 0.
    -9.89206601e-004 9.00753366e-004 9.09619906e-004 0. 0.
    4.67189634e-003 2.29633719e-004 0. 0. 0. -1.28136238e-003 0.
    6.43076608e-004 -7.22188619e-004 0. 4.42315330e-004 0.
    3.77956370e-004 1.75878394e-003 7.30321161e-004 0. 1.62399944e-003
    0. 0. 4.05402016e-003 4.56481575e-005 5.60238399e-003 0.
    -2.39121844e-003 0. 3.39767575e-004 1.03348888e-004 0. 0. 0. 0. 0.
    1.99327827e-004 -1.60408759e-004 5.33262326e-004 1.77721318e-003 0.
    0. 5.65585564e-004 8.49214289e-003 0. 4.59314976e-003 0.
    2.32016481e-003 0. -1.21106707e-004 1.89514423e-003 0.
    4.96299379e-003 0. -5.74410195e-004 1.02273002e-003 -1.04090665e-003
    0. 6.64650463e-003 1.29497133e-003 0. 0. -1.67484418e-003
    4.46517952e-004 5.07057644e-003 0. 0. 5.03743161e-003
    -4.50886553e-004 0. 0. 0. 2.94296234e-003 0. 3.89950839e-003 0. 0.
    2.62884772e-003 -1.16359697e-004 -7.29362480e-004 0. 5.54432301e-003
    0. 0. -1.16363226e-003 0. 0. 9.89185181e-004 0. -4.63479701e-005
    3.32220155e-003 0. 0. 2.57117263e-005 -1.99634791e-003
    8.00433801e-004 0. 1.80854730e-003 0. 1.37767079e-003
    4.90636425e-003 2.64239701e-004 -1.42409594e-003 1.06629089e-003 0.
    1.60996069e-003 0. 7.64304865e-003 -1.69421939e-004 -5.94585610e-004
    0. 3.24505568e-003 0. 1.10277068e-003 0. 3.30162846e-004
    2.32727383e-003 -4.82039650e-005 0. 1.14307189e-002 0.
    9.84802493e-004 0. 0. -5.96187194e-004 6.02677523e-004 0. 0. 0.
    -1.12306757e-003 -1.29505817e-004 0. 2.64883414e-003 5.77138364e-003
    0. 0. 1.44932792e-003 4.24277922e-003 1.11135957e-003
    -1.54356458e-004 -8.92893644e-004 0. 0. 3.60690779e-003
    -7.12315843e-004 0. 0. 0. 1.69207086e-003 9.61076526e-004
    1.65435704e-004 -1.04139552e-004 0. 0. -4.47281809e-006
    1.63423852e-003 5.27696405e-003 -1.01419784e-004 0. 0.
    6.33490412e-003 0. -1.51108974e-003 0. 0. -9.81225749e-005
    6.53579133e-003 1.23103638e-003 0. 0. -6.21438259e-004
    7.42994074e-004 -6.06984599e-004 0. 1.64083176e-004 -2.57328223e-003
    -3.06647999e-004 0. 2.35646527e-004 2.00052536e-003 2.11831229e-003
    0. 0. 0. 0. 0. 0. 0. 0. -1.24430435e-003 5.92920836e-003
    2.30940711e-003 0. 1.16404553e-003 0. -4.34989168e-004 0.
    8.10783822e-004 0. 1.27820967e-004 0. 9.19810217e-003
    6.96534477e-003 0. 7.72245228e-004 8.39004933e-004 0.
    -6.83018065e-004 -4.40967233e-005 0. 0. 0. 0. 6.07998855e-003 0.
    -2.25163926e-003 7.95417989e-004 0. 3.59373889e-003 -8.88646813e-004
    0. 5.76553447e-003 5.43555152e-003 8.48997268e-004 0. 0.
    5.37372020e-004 5.61473053e-003 6.03114604e-004 0. 4.44635079e-004
    -7.87793215e-006 0. 7.81180104e-003 1.42004958e-003 0.
    1.78501208e-003 1.28196413e-003 0. 2.65410636e-003 0. 0.
    2.25905632e-003 5.63137233e-003 5.02535666e-004 -1.94073480e-004
    9.55354422e-003 4.69010696e-003 0. 1.15749586e-004 0. 0.
    1.60149205e-003 5.24717150e-003 0. 0. 9.98961553e-003 0. 0.
    5.95617481e-003 1.58933422e-003 0. 7.05921615e-004 0.
    8.00623733e-004 0. 1.12063391e-003 0. -2.84884707e-004
    3.80304828e-003 0. 7.27298728e-004 4.79286397e-003 0. 0.
    1.66140008e-003 5.84163750e-003 0. -3.29453906e-004 0. 0. 0.
    4.01624944e-004 5.73744019e-003 4.73481743e-003 5.61489817e-003 0.
    0. 0. 0. -1.95290754e-003 0. -3.94152494e-007 0. 6.86303945e-004 0.
    2.09710444e-003 6.34248462e-003 6.07874850e-003 0. 0.
    6.75414642e-003 0. -3.04240693e-005 -4.93972853e-004
    -3.26480309e-004 3.14145535e-003 5.45138912e-003 1.25971797e-003
    8.66405026e-004 -1.05703273e-003 5.40003320e-003 5.02633164e-003
    5.17607608e-004 4.29471070e-003 0. 1.26677929e-004 -1.54678058e-003
    0. 6.71082409e-004 -4.48236300e-004 9.70823457e-004 0.
    1.52647076e-003 8.00711045e-004 0. 1.58729065e-007 5.33805235e-007
    0. 0. -1.37887767e-003 -2.30607940e-004 0. 0. -1.60467724e-004 0. 0.
    6.24053879e-003 0. 0. 0. 2.33581290e-003 -1.04391994e-003
    -2.89593241e-004 4.97215195e-003 0. 4.69166407e-004 0.
    1.63927407e-003 6.70993282e-003 0. -5.36642736e-004 3.82048404e-003
    0. 4.18651580e-005 6.43606484e-003 4.83095553e-003 -7.77751557e-004
    9.73092206e-003 6.80276949e-004 0. 1.52928988e-002 7.69811496e-003
    1.42345391e-003 -2.48576835e-004 0. 6.15163893e-003 8.84964393e-005
    0. 7.86223263e-003 0. 4.01313789e-003 1.43862591e-004
    7.29087554e-003 0. 5.52510319e-004 6.61586039e-003 0.
    3.71105014e-003 3.93785769e-003 0. 9.31560586e-004 3.58747522e-004
    1.19937135e-006 1.09723990e-003 1.29438168e-003 4.58078831e-003 0.
    0. 4.90127015e-004 0. 5.61485253e-003 0. 0. -4.01811936e-004 0.
    1.14385143e-003 0. 1.82340198e-004 5.80093882e-004 2.26503657e-003
    0. 3.62122919e-005 -2.67907715e-004 6.86519407e-003 7.59976392e-004
    5.73609397e-003 0. 9.69821028e-003 0. 2.82769650e-003
    -5.74325037e-004 0. -7.00862147e-004 5.70714474e-003 0. 0.
    1.19039789e-003 0. 0. 1.33274281e-002 0. 0. 1.32706235e-004
    -8.50060023e-004 0. 9.52954462e-004 -1.96749321e-003
    -8.79324391e-004 6.96359843e-004 -1.02292188e-003 8.59044213e-003 0.
    0. 0. 0. 0. 5.64934965e-003 0. 8.85226109e-006 6.37786696e-003
    1.08996767e-003 0. 0. 5.11895923e-004 -1.04997854e-003 0.
    2.28966284e-003 -4.03169746e-004 7.25484162e-004 0. 8.08349520e-004
    0. 1.24273775e-003 0. -6.64792678e-005 0. 0. 0. 0. 2.34120735e-003
    0. -8.85140384e-004 2.25622696e-003 2.88024941e-003 1.51261542e-004
    0. 0. 0. 7.34695746e-003 0. 5.71545307e-003 0. -7.43877667e-004 0.
    0. -1.27818785e-003 5.00836119e-004 3.40457540e-003 0.
    1.47387723e-003 0. 0. 0. 0. 4.87653911e-003 5.04090509e-004
    6.47993758e-003 4.64983005e-003 1.58670242e-003 0. 0.
    1.28706684e-003 0. 0. 1.62065262e-003 0. 3.76649154e-003 0.
    -6.22738793e-004 0. 0. 6.15339959e-003 -7.59473536e-004
    -7.34905130e-004 5.99388557e-004 0. 0. 1.39637908e-003
    5.25365211e-003 -7.23850797e-004 0. 0. 1.08286855e-003 0. 0. 0. 0.
    0. 0. 0. 0. 3.04726331e-004 0. 0. 7.15383235e-003 3.25309462e-004 0.
    5.14010550e-004 0. 0. -9.72099951e-004 0. 0. 0. 0. 0. 0. 0. 0. 0. 0.
    0. 6.05684984e-003 3.90091591e-004 0. 5.51006244e-003
    2.43738468e-004 1.17373734e-003 0. 1.56076811e-003 0. 0.
    1.00909229e-002 0. -1.98714042e-004 0. 1.43592479e-003
    -5.09274937e-003 0. 5.56270778e-003 0. -8.04126379e-004
    -2.39721918e-003 0. 0. -8.98342521e-004 4.89990693e-003 0. 0.
    9.02117812e-004 1.30272738e-003 0. 5.19621884e-004 7.09533971e-003
    0. 5.76114748e-004 7.37408642e-004 0. 0. 0. -2.78772088e-003 0. 0.
    5.59652457e-004 0. 1.72799395e-003 1.26501522e-003 0.
    1.38615584e-003 1.41420433e-005 -1.02632632e-003 5.91959851e-003 0.
    0. 0. 1.00764690e-003 0. 0. 0. 1.62096971e-004 0. 5.08979370e-004 0.
    0. 0. 0. 0. 0. 0. 0. 0. 0. 0. 0. -4.19038488e-003 0. 0.
    3.48243024e-003 -4.61746444e-004 0. 0. 0. 0. 3.70619074e-003 0. 0.
    0. 0. 1.05483969e-006 0. 1.17653608e-003 7.56685040e-007 0. 0.
    5.93119953e-003 6.81277411e-003 0. -5.33512153e-004 1.90152365e-004
    0. -3.31352674e-003 1.27766486e-006 3.61440470e-003 0. 0.
    -5.78457475e-005 0. 1.59170222e-003 5.87068452e-003 4.25901217e-003
    0. 0. 0. -6.89398730e-004 0. 7.73804088e-004 7.62225944e-004 0.
    -7.97867397e-005 -9.72495181e-004 4.56097972e-004 5.32985758e-003 0.
    -7.76017841e-004 0. 1.46233337e-003 0. 0. 4.69795568e-003 0.
    5.54536928e-005 0. 3.99858225e-004 0. 4.32277448e-004
    7.49113897e-005 0. 7.53900153e-004 0. 5.81613858e-004
    5.96661447e-003 0. -2.88267940e-004 -3.84083251e-005
    -4.94641601e-004 0. 1.23895798e-002 4.45540855e-003 0. 0.
    -1.40764308e-003 3.89448344e-003 0. 0. 0. 0. 5.94390836e-003 0.
    7.42360367e-004 0. 0. 0. 2.45132274e-003 0. 2.69915123e-004
    5.69980359e-003 -3.87182110e-004 2.08653230e-003 7.72736385e-004 0.
    0. 0. 0. 0. 0. 0. -1.06566271e-003 0. 5.57815144e-003
