<?xml version="1.0"?>
<opencv_storage>
<imageDescriptor type_id="opencv-matrix">
  <rows>1</rows>
  <cols>1000</cols>
  <dt>f</dt>
  <data>
    9.52563656e-004 0. 0. 0. 4.35620127e-003 0. 0. 0. 2.03670189e-003 0.
    1.79359177e-003 0. 3.06663290e-003 0. 0. 0. 2.86055543e-003 0. 0.
    6.31939992e-003 1.36031304e-002 0. 1.24942148e-002 1.77313603e-004
    0. 0. 0. 0. 0. 6.66962052e-003 0. 0. 0. 2.50861188e-003 0. 0. 0.
    1.11307704e-003 0. 1.44411367e-003 0. 2.72333738e-003 0.
    2.58388522e-004 4.82223788e-003 0. 0. 0. 0. 0. 0. 6.36403402e-003 0.
    9.83457454e-003 1.77172862e-003 2.28437316e-003 0. -6.64716179e-004
    0. 0. 0. 0. 0. 0. 0. 0. 0. 7.03242328e-003 0. 0. 0. -4.98782319e-004
    0. 1.68430619e-002 6.84633851e-004 0. 0. 0. 0. -6.74401061e-004
    6.57789549e-003 0. 0. 0. 0. 0. 6.05814671e-003 -1.09636551e-003 0.
    0. 0. 0. 0. 0. 0. 0. -1.84083183e-003 0. 1.05720805e-003 0. 0. 0. 0.
    -6.85309118e-004 0. 0. 0. 0. 5.52728493e-003 -3.21510364e-004 0. 0.
    2.72605615e-003 2.43566954e-003 -1.25217077e-003 0. 0.
    4.62861266e-003 4.01996262e-003 1.97537965e-003 0. 7.42719683e-004
    -4.80730756e-004 -2.75806035e-003 0. -1.53596047e-003 0. 0. 0.
    8.06154218e-003 0. 0. 8.99939914e-004 0. 1.67756937e-002
    1.25129707e-004 5.38859866e-004 1.75979710e-003 1.07602142e-002
    3.36346636e-003 1.27078977e-003 0. -9.55740863e-004 0. 0. 0. 0.
    7.58513925e-004 3.62200732e-003 2.05871928e-003 2.26794439e-003 0.
    1.15612289e-003 3.51695181e-003 0. 0. 0. -3.01955588e-004
    -2.08477629e-003 0. 0. 5.19121713e-005 0. 0. 1.70337863e-003
    -3.55213648e-004 4.48879134e-003 0. 0. 6.30805083e-003 0. 0. 0.
    -1.78358343e-003 1.52809802e-003 0. -4.54088859e-003 2.64230673e-003
    1.45300070e-003 0. 1.21636805e-003 0. 0. 6.06075954e-003
    9.73415852e-004 -7.72373227e-004 0. 0. 6.81842258e-003 0. 0.
    4.76427004e-003 0. -1.21594778e-004 2.34071258e-003 4.83765127e-003
    5.51145617e-003 -3.62547551e-004 0. 0. 0. 2.12899293e-003
    1.39706978e-003 -1.77116981e-005 -2.34023333e-004 0. 1.25724322e-003
    0. 1.38041732e-005 0. 0. 1.53526175e-003 -7.97869521e-004 0. 0. 0.
    0. 3.44990776e-003 4.05475090e-004 0. 0. 1.54227344e-003 0. 0. 0. 0.
    -5.93585428e-004 1.17912265e-002 0. 0. 0. 5.16050123e-003
    4.71151434e-003 0. 8.41612648e-003 4.82107606e-003 3.36944894e-003
    0. 1.60090812e-003 0. 4.72774636e-003 0. 5.13581559e-004
    1.70316990e-003 0. 2.94812000e-003 3.70205124e-003 0. 0.
    6.90667483e-004 5.79525251e-003 -4.15425835e-004 4.26029600e-003 0.
    6.45917549e-004 0. 2.24461011e-003 6.36688760e-003 0.
    5.23949799e-004 0. 0. 0. 4.02116915e-003 0. 0. 0. 1.23186992e-003
    1.44904584e-003 0. 2.38992423e-002 1.67376664e-003 0. 0. 0.
    5.52948844e-003 0. 2.42524897e-003 0. 3.11585231e-004 0. 0. 0. 0. 0.
    0. 1.96185033e-003 0. 8.80842470e-003 6.85215183e-003 0.
    5.30334422e-003 0. 1.68152241e-004 1.54561258e-003 -2.34737108e-003
    -6.67504384e-004 -1.37586030e-003 7.80985691e-003 0. 1.78669463e-003
    4.95086238e-003 0. 0. 3.19396355e-003 0. 6.77222153e-003 0.
    -1.88509948e-004 0. -1.07877073e-003 0. 0. 1.46902620e-003 0.
    3.85937979e-004 -1.21915604e-004 0. 4.36883606e-003 3.17241088e-003
    0. 0. 1.53824443e-003 0. 1.55130844e-003 0. 0. 0. 0. 0.
    2.48521776e-003 5.01098577e-004 0. 8.30596779e-004 -7.83113210e-005
    6.44989358e-003 0. 0. 0. 0. 0. 0. 2.17176205e-003 0. 1.70956936e-003
    0. 1.56146707e-003 1.66518074e-002 7.56861130e-003 0.
    4.83586313e-003 7.56198121e-003 0. 1.26412848e-003 0. 0. 0.
    6.01390027e-004 0. 7.15903565e-003 0. 2.56258203e-003 0.
    9.91943452e-005 0. 0. 4.24733822e-004 5.50726720e-004
    -9.50380519e-004 1.90543977e-003 0. 5.30384108e-003 0. 0. 0. 0. 0.
    0. 2.33608042e-003 5.09078265e-004 0. 2.20321980e-003 0. 0. 0. 0.
    3.89529299e-003 -8.46278737e-004 0. 0. 0. 0. 0. 0. 0.
    7.29114003e-003 -4.25594510e-004 5.38234413e-003 -1.50843908e-003 0.
    0. 0. 1.60771597e-003 0. 0. 0. 1.32180902e-003 0. 5.63720649e-004 0.
    3.78316548e-003 0. 0. 0. 0. 0. 6.10353006e-003 0. 1.04638049e-003 0.
    0. 0. 7.41148740e-003 0. 0. 2.15588114e-003 0. 0. 0. 6.77698385e-003
    0. 2.23965617e-003 9.18974821e-003 -5.59331558e-004 1.40529266e-003
    0. 5.89214324e-004 5.72953653e-003 0. -4.80611052e-004 0. 0. 0. 0.
    0. 0. 0. 0. 0. 0. 0. 0. 0. 3.05076805e-003 0. 0. 0. 0. 0.
    3.20022088e-003 0. 0. 5.06222062e-003 0. 5.51249774e-004
    8.29140935e-003 0. -2.01771414e-004 3.54992109e-004 0.
    6.82604033e-003 0. 0. 0. 9.20415856e-004 -2.03393004e-003 0. 0. 0.
    5.17662754e-003 0. -2.76573428e-005 0. 0. 0. 2.98255892e-003 0.
    5.97562139e-005 0. 7.54209468e-004 3.48359370e-003 7.47000275e-004
    7.13932887e-003 0. 0. 0. 0. 0. 0. 0. -6.43763575e-004 0. 0.
    6.46541535e-004 6.61406619e-003 0. 1.91537128e-003 0.
    8.68214481e-003 0. 0. 0. 0. 0. 7.61651667e-003 2.82810233e-003
    -7.08145380e-005 0. 9.15416167e-004 0. 4.13000771e-006 0. 0.
    8.58558249e-003 6.90191053e-004 0. 1.25744462e-003 6.72224583e-003
    0. 1.50209584e-003 0. 1.10908868e-002 0. 6.69838162e-003 0. 0.
    5.54681709e-003 7.13464979e-004 0. 0. -2.96016806e-003
    1.37058925e-002 -7.09638116e-004 0. 0. 1.05814950e-003 0.
    9.40720784e-004 -1.52483204e-004 0. 1.09538576e-003 1.23735308e-003
    1.05704730e-002 7.63269886e-003 0. 2.51765538e-004 6.99729146e-003
    -1.77339895e-003 0. 0. 0. 2.60156859e-003 0. 0. 0. 0. 0.
    2.97014392e-003 0. 0. 3.83233302e-003 0. 0. 3.15008190e-004 0. 0.
    3.56523960e-004 0. 0. 0. 0. 0. 2.78763287e-003 0. 0. 0. 0. 0.
    1.86995941e-003 6.13217009e-004 0. 7.23499630e-004 2.12264410e-003
    1.50942504e-002 0. -6.26034744e-004 0. 0. 0. 0. 0. 1.05572655e-003
    0. 0. 0. 0. 0. 0. 1.21046021e-003 0. 0. 0. 0. 0. 0. 0. 0. 0. 0. 0.
    1.39449921e-003 2.41354550e-003 9.55040567e-003 2.13143206e-003 0.
    1.51839200e-003 7.20671669e-004 0. 0. -1.14129281e-004 0. 0.
    1.85003143e-003 0. 0. 0. 2.14225729e-005 0. 0. 0. 5.18267392e-004 0.
    0. 0. 0. 0. 0. 1.27934886e-003 1.13356870e-003 3.48665286e-003
    -5.09829319e-004 8.87623057e-004 1.72223581e-003 0. 0. 0.
    1.30950334e-003 2.91114394e-003 0. 0. 0. 0. 0. 5.89278759e-003
    1.08622038e-003 1.43964319e-002 0. 0. 0. 0. 0. 1.13316462e-003 0.
    4.94033657e-003 0. 0. 5.75073762e-004 0. 0. 3.41008999e-003 0.
    1.36236509e-003 0. 0. 5.67516405e-003 0. 2.60937540e-003 0. 0. 0. 0.
    0. 0. 0. 0. 0. 0. 1.73224916e-003 0. 6.40027644e-003 6.73677400e-003
    0. 0. 4.70913621e-003 0. 0. 0. 0. 0. 0. 2.44546653e-004 0. 0. 0. 0.
    -1.27031095e-003 1.50234727e-002 0. 1.48970308e-003 0.
    -2.00833287e-003 1.86512142e-003 0. 2.58681132e-003 0.
    8.94242083e-004 0. 1.43107725e-003 0. 2.70903955e-004 0. 0.
    5.48123608e-005 0. 0. 3.71354312e-004 -2.91698689e-005 0. 0.
    -1.51357858e-003 0. 0. 0. 1.46892259e-003 0. 0. 0. 0. 0. 0. 0. 0. 0.
    -1.02425530e-003 0. 0. 0. 0. -1.64180517e-006 0. 0. 4.71969042e-003
    1.33995293e-003 0. 0. -1.56321633e-003 5.78879006e-003 0. 0.
    1.49111019e-003 2.28018383e-003 0. 0. 0. 0. 0. 0. 0. 4.34013363e-003
    0. 0. 0. 0. 1.55693688e-003 -7.65773468e-004 1.86744059e-004 0.
    1.74567371e-003 0. 0. 0. 0. 0. 0. 0. 1.01302506e-003 5.83852921e-003
    -1.22838130e-003 2.34619807e-003 0. 0. 0. 1.14511522e-002 0.
    7.33682746e-003 0. 0. 5.80234686e-003 0. 2.24817180e-004
    2.22216919e-003 8.27083923e-003 7.52503518e-003 0. 0. 0. 0. 0. 0.
    3.32606345e-004 0. 0. 0. 0. 1.18437468e-003 0. -7.88795482e-003 0.
    0. 0. 0. 0. 0. 0. 2.80455657e-004 0. 0. 0. 0. 3.08578688e-004 0.
    1.99773628e-003 0. 1.95603259e-003 0. 0. 0. 0. 0. 0. 0. 0. 0. 0. 0.
    0. 0. 4.88449412e-004 0. 0. 0. -2.64402595e-003 -1.00955530e-003 0.
    0. 0. 0. 0. -1.01105566e-003 0. 0. 0. 0. 0. 0. 0. 0. 1.72016764e-004
    0. 7.06384773e-004 0. 0. 0. 0. 0. 3.36498790e-003 0.
    -7.23454286e-004 4.22293466e-004 6.08526054e-004 0. 4.56872024e-003
    0. 0. 0. 7.07540615e-003 0. 0. 0. 0. 0. 8.39308463e-003 0. 0.
    -8.40155059e-004 0. 0. 0. 0. 0. 0. 0. -9.01858672e-004 0. 0. 0. 0.
