<?xml version="1.0"?>
<opencv_storage>
<imageDescriptor type_id="opencv-matrix">
  <rows>1</rows>
  <cols>1000</cols>
  <dt>f</dt>
  <data>
    1.24421646e-003 0. 0. 1.90479530e-003 0. 0. 4.85381432e-004 0. 0. 0.
    2.04916671e-003 1.58859196e-003 0. 7.05934130e-004 0. 0.
    3.44573916e-003 0. -7.34248897e-004 1.94602855e-003 -1.08987687e-003
    -1.20822457e-003 0. 2.01548944e-004 1.33359211e-003 -3.73962946e-004
    8.26484931e-004 0. 0. 0. 0. 0. 6.55444805e-004 1.07934955e-003 0. 0.
    0. 7.88807683e-003 0. 0. 0. 1.63697783e-004 0. 0. -4.57116221e-005
    0. 3.58043239e-004 0. 6.60776952e-003 7.25237885e-003 0. 0. 0.
    8.91521515e-004 0. 0. 0. -4.27819265e-004 0. 7.21409218e-003 0. 0.
    0. 6.61997776e-003 0. 0. -8.37395492e-004 1.92267157e-003 0.
    1.61785539e-003 0. 8.88314506e-004 0. 8.14942643e-003 0. 0.
    7.78102037e-003 1.82203529e-003 0. -6.12436270e-004 0. 0. 0. 0.
    3.10544297e-003 0. -3.76877468e-003 7.01914018e-004 0. 0. 0. 0.
    1.23296690e-004 2.80286931e-003 0. 1.03609462e-003 2.88910791e-003
    0. 0. 0. 2.08460889e-003 0. 0. 0. 0. 2.23606382e-003 4.04825807e-003
    0. 5.11496502e-004 1.79426465e-003 0. 2.89967102e-006 0.
    1.63245422e-003 -4.44965000e-004 0. 0. 0. 0. 0. 0. 1.81806055e-004
    0. 0. 0. 4.20319382e-003 7.19397329e-003 0. 0. 8.67601205e-003 0.
    4.12484352e-003 -1.29135302e-003 0. 2.34773988e-003 -2.06176913e-003
    0. 0. 6.14428753e-003 0. 0. 0. 4.14507277e-003 2.59602745e-003 0. 0.
    0. 0. 0. 3.93436104e-003 0. 0. 3.78459459e-003 1.51636559e-004 0. 0.
    0. 8.50117672e-003 1.03096645e-002 2.08268710e-003 3.57604609e-003
    1.28828525e-003 0. 0. 0. 0. 0. 1.65980973e-003 2.56871013e-003
    1.34977978e-002 0. 5.73875895e-003 2.29183643e-004 -4.80468356e-004
    -2.80246371e-003 8.24746501e-004 2.04684003e-003 0. 0.
    4.73664887e-003 0. 0. 3.96273099e-003 0. 0. 0. 0. 0. 0. 0.
    6.15530135e-003 -1.86355750e-003 0. 0. 6.68913184e-004
    2.01284187e-003 -4.06981795e-004 8.00194510e-004 8.28214339e-004 0.
    0. 0. 0. 0. 7.00545963e-003 0. 0. 1.03518711e-002 0. 0. 0.
    -1.82452810e-003 0. 0. 4.12964169e-003 2.06244714e-003
    2.33181682e-003 5.87628339e-004 1.59635465e-003 0. 0.
    5.22088539e-003 1.26804342e-003 1.79279083e-003 2.82478007e-003 0.
    -2.98255472e-003 0. 0. 0. 0. 5.17420121e-004 0. -1.29413046e-003 0.
    0. 1.22406788e-003 4.31056076e-004 -1.65014761e-004 0. 0. 0.
    2.53138901e-003 0. 0. 1.96874235e-003 -1.21939741e-003
    2.07426841e-003 0. 0. 2.74707028e-003 0. 0. 3.68893566e-003 0. 0. 0.
    0. 0. 7.52624776e-003 -2.29472015e-003 0. 0. -1.33299525e-003 0. 0.
    0. 8.36039660e-004 0. 6.65003341e-003 8.10364843e-004
    2.30904669e-003 0. 6.67715492e-003 -9.41366190e-004 0. 0. 0.
    1.13023409e-004 0. 0. 0. 0. 0. 2.61131115e-003 0. 3.02580558e-003 0.
    0. 0. 4.32634354e-003 1.51499535e-003 8.86657555e-003 0. 0.
    8.74530990e-003 0. 1.03536244e-004 0. 0. 2.51679239e-006 0. 0.
    4.85878205e-003 1.61119131e-003 -4.27364808e-004 4.95542517e-005 0.
    0. 0. 6.59298105e-003 0. 0. 0. 2.13285472e-004 5.05951094e-003
    4.56688227e-003 -4.94017731e-004 0. -5.88710129e-004
    -8.62046843e-004 0. 0. 0. -6.71146845e-004 0. 0. 1.80885277e-003 0.
    0. 0. 0. 4.87025874e-003 0. 0. 6.67719916e-003 0. 0. 0.
    7.70831155e-003 0. 1.73737097e-003 1.08959530e-005 0.
    3.75402335e-004 0. -1.98216527e-003 0. 0. 0. 1.13707036e-003
    5.77363558e-003 -6.81163510e-005 0. 0. 0. 0. 0. 3.20258224e-003
    3.50056170e-003 0. 4.20412282e-003 0. -1.30092702e-003
    3.69265792e-003 0. 0. 0. 0. 0. 0. 2.50091869e-003 0. 0. 0. 0.
    7.51626724e-003 0. -1.54115562e-003 0. 5.24883490e-006
    3.95228295e-003 1.07956352e-002 0. 0. 1.29997788e-003 0.
    5.76933520e-003 6.33818982e-003 1.29338575e-003 0. 0. 0. 0. 0. 0. 0.
    0. 0. 0. 0. 0. -9.33999952e-004 0. 0. 1.94519211e-003
    1.21571613e-003 0. 0. 0. 0. 0. 0. 0. 0. 0. 0. 0. 2.10412312e-003 0.
    0. 0. 2.09888490e-003 -1.90028542e-004 7.23385776e-004
    4.09823231e-004 0. 8.85071582e-004 0. 0. -4.12919093e-004
    1.43840944e-003 2.01523118e-003 0. 0. 0. 0. -1.20952341e-003 0. 0.
    0. 0. 7.98597559e-003 2.11172597e-003 5.29627129e-003
    2.59361300e-003 0. 0. 8.07601202e-004 0. 1.32275000e-003 0.
    1.99878076e-003 0. 0. 0. 2.16674735e-003 0. 0. 2.33589672e-003 0. 0.
    0. 0. 1.97048970e-002 6.66707614e-003 0. 0. 0. 0. 1.78422336e-003 0.
    0. 1.92150089e-003 0. 0. 1.56791706e-003 0. 1.26339262e-003 0. 0.
    1.41244265e-003 0. 0. 2.28053867e-003 4.57297964e-003 0.
    -1.84148562e-003 0. 0. -9.73880757e-004 1.67707296e-003 0. 0. 0.
    5.48913563e-003 2.04199320e-003 0. 0. 0. 5.61153051e-003 0.
    -1.16861216e-003 0. 0. 2.09817415e-004 1.87454221e-003 0.
    3.03717493e-003 1.68509129e-003 0. -1.53134184e-004 0.
    3.19541199e-003 0. 6.56112446e-004 0. 0. 0. 0. 0. -2.00873576e-004
    0. 5.10950689e-004 -9.79315882e-005 0. 3.12078441e-003 0.
    -1.07578619e-003 4.97057149e-003 0. 0. 1.02351373e-003
    -2.04590685e-003 1.61641818e-002 0. 7.20489165e-003 -1.63903914e-003
    0. 0. -1.44832782e-004 0. 0. 0. 0. 0. 0. 1.72297622e-003 0.
    3.32920486e-003 1.33787282e-003 0. 0. 0. 0. 0. 0. -2.69887270e-003
    0. 4.43571713e-003 3.79139162e-003 4.98683518e-003 0.
    8.68650328e-004 0. 0. 0. 0. 0. 3.95011017e-003 0. 0. 0. 0. 0. 0.
    -9.21216360e-006 0. 0. 0. 0. 1.38613023e-003 0. 4.49257111e-003
    7.31247943e-003 7.46010011e-003 0. 0. 0. 0. 0. 4.35731607e-003
    7.20405160e-003 5.43669785e-006 0. 0. 0. 0. 0. 2.03447795e-004 0.
    7.04457099e-003 0. 0. 0. 1.59665709e-003 2.93945102e-003
    -4.66090016e-004 -3.75009768e-005 4.81753424e-003 0. 2.17982102e-003
    0. 6.57791691e-003 0. 0. 0. 9.28894244e-003 0. 0. 1.49820994e-006 0.
    0. 0. 4.87125420e-004 0. 9.26328730e-003 0. 0. -2.87408300e-004 0.
    1.27349456e-003 0. 0. 1.81022694e-003 6.81097200e-003 0. 0.
    2.55403132e-003 7.29484204e-003 2.40759249e-003 2.77090212e-003
    7.62685784e-004 0. 6.27374090e-003 7.43095647e-004 9.81930876e-004
    0. 0. 0. 0. -2.72499543e-004 0. 0. 0. 2.48080469e-003 0.
    2.14105792e-004 0. 3.61185928e-004 0. 0. 0. 7.25392019e-003 0. 0. 0.
    -1.84648682e-003 0. 5.55563159e-003 0. 1.72641780e-003
    3.32735246e-003 1.54162291e-004 0. 9.57742450e-004 9.24937136e-004
    7.29010301e-003 0. -9.67051019e-005 0. 0. 5.20070549e-004
    9.66489897e-004 1.80706801e-003 2.76770676e-003 0. 0. 0. 0. 0. 0. 0.
    1.25608651e-003 0. 7.10550230e-005 0. 3.18346865e-004 0. 0.
    1.48913788e-003 0. 0. 1.38809427e-003 0. 2.64492258e-003
    9.28139139e-004 0. 8.03565048e-003 0. 0. 0. -1.50416838e-003
    -1.11016841e-003 0. 6.59913348e-005 0. 1.50397525e-003 0. 0. 0. 0.
    0. 0. -8.08123325e-004 3.88626708e-003 0. 4.77745943e-003 0.
    7.51817250e-004 0. 0. 2.81909393e-004 0. 0. 1.68145343e-003
    6.66451966e-003 0. 1.13868981e-003 0. 0. 0. 0. 9.33129992e-003
    1.80342072e-003 0. 0. 0. 2.59896624e-003 0. 7.17167603e-003 0.
    8.13497417e-003 0. 1.00779841e-002 0. 4.55397088e-003 0. 0. 0.
    6.69571990e-003 3.92801216e-004 0. 0. 0. 2.55589210e-003 0. 0.
    1.32206234e-003 0. -1.56646158e-004 0. 0. 0. 0. 0. 0.
    3.11805168e-004 0. 4.16738726e-003 0. 0. 1.85145927e-003 0.
    -2.98035331e-003 0. 1.14543538e-003 0. 1.05027296e-002
    1.05576857e-003 0. 3.10342712e-003 0. 0. 0. 0. 0. 0. 2.31394498e-003
    -1.17040612e-003 0. 1.00145198e-003 -1.31573121e-003 0.
    1.66951551e-003 0. 0. 0. 1.02181155e-002 4.47900529e-004 0. 0.
    -1.78217320e-004 0. 1.81773934e-003 0. 0. 0. 8.05866718e-003
    1.36603703e-005 0. 0. 0. 0. 3.23898764e-003 1.40440138e-003
    2.13593543e-002 0. 0. 0. 0. 0. 5.22231543e-003 0. 0. 8.35007336e-003
    0. 0. 0. 0. 0. 4.16948833e-003 0. 0. 6.06733281e-003 0.
    -3.98309581e-004 0. 1.45867444e-003 0. 0. 0. 0. 0. 0. 0. 0. 0. 0. 0.
    0. 0. 1.20204908e-003 0. 0. 0. 0. 0. 0. 0. 0. 2.23298231e-003
    9.80587443e-004 4.90325292e-005 0. 0. 2.25811222e-004
    3.88473226e-003 0. 2.98180734e-003 1.61306793e-003 0.
    1.07205787e-003 3.10354331e-003 0. 9.70166060e-004 2.46146419e-006
