<?xml version="1.0"?>
<opencv_storage>
<imageDescriptor type_id="opencv-matrix">
  <rows>1</rows>
  <cols>1000</cols>
  <dt>f</dt>
  <data>
    0. 1.89441710e-003 0. 0. 1.69670966e-003 8.56340304e-003 0. 0. 0. 0.
    0. 0. 0. 0. 0. 0. 0. 2.15981691e-003 0. 0. 7.66477641e-003
    1.96966110e-003 4.53090109e-003 0. 0. 9.40114143e-004 0. 0.
    2.07118734e-004 0. -1.69319916e-004 0. 0. 0. 1.46465667e-004
    2.49293458e-004 3.38024431e-004 -4.81293857e-004 3.73046059e-004 0.
    -1.26636866e-003 0. 0. 4.38958639e-003 0. 0. 0. 0. 5.20197069e-003
    6.68924861e-003 0. 0. 4.00654133e-003 0. 1.39048076e-004
    -5.17369830e-004 4.09156596e-003 8.20477551e-004 1.53969182e-003
    4.90054721e-004 6.37855032e-004 -6.89300126e-004 0. 2.01964215e-003
    0. 2.17237091e-003 1.45143049e-003 -2.35210886e-004 0.
    7.19951582e-004 1.89917313e-003 -1.08389440e-003 1.08759897e-003
    1.22732297e-003 1.92647683e-003 -1.95645122e-003 1.94637876e-004 0.
    0. 0. 3.14191147e-003 0. 0. 0. 8.80376156e-003 0. 0.
    -6.28316600e-004 4.73930500e-003 0. 1.46019709e-004 1.98111217e-003
    1.56355067e-003 -6.48940774e-003 4.04315419e-004 0. -1.21281226e-003
    1.92252779e-003 1.54610258e-003 1.90892059e-003 1.54981751e-003
    5.24857594e-003 0. 3.01828678e-003 0. 0. 0. 0. 0. 0.
    -1.44566933e-003 0. 0. 0. 1.04344834e-003 0. 1.08783471e-003
    1.77630838e-002 0. 6.92181464e-004 -2.11749179e-003 0.
    3.15204170e-003 0. 0. 1.83046784e-003 6.54336938e-004 0.
    1.38746772e-003 0. 0. -1.86557078e-003 3.40446859e-004
    4.21655457e-003 0. -1.96428489e-004 2.88847391e-003 2.66802008e-003
    1.12620567e-003 0. 7.58892391e-004 0. 0. 0. 2.59442045e-003 0. 0. 0.
    -2.25933487e-004 1.40847871e-003 -9.95262992e-004 0. 0. 0.
    1.78278051e-003 5.80100750e-004 0. 7.92027079e-003 4.88116778e-003
    1.67184451e-003 0. 0. 0. -2.33119237e-003 1.20747704e-002 0.
    4.44496283e-003 0. 0. 0. 6.92129426e-004 3.68328742e-003
    -1.55193545e-003 -7.88812235e-004 4.29032044e-003 0. 8.07727629e-004
    3.80519428e-003 0. 0. 0. -2.30499031e-003 0. 7.90666509e-003
    6.25511305e-003 0. 0. 0. 0. 0. 3.14682256e-004 3.69249913e-003 0. 0.
    0. 0. 1.53609866e-003 0. 0. 1.73844653e-003 3.80594120e-003 0.
    2.90462020e-004 1.54229656e-005 -5.82704321e-004 9.82920028e-005 0.
    0. 0. 0. 0. 1.23164663e-003 0. 1.71160835e-004 3.50278756e-003 0. 0.
    0. 7.04481686e-003 0. 1.75820908e-003 0. 0. 0. 9.91639681e-004
    2.42063799e-003 1.46037422e-003 0. 0. 0. 1.09150645e-003 0.
    -1.00678502e-004 0. 1.57502596e-003 3.93284921e-004 0. 0. 0. 0. 0.
    1.18752755e-003 -1.19430840e-003 4.68099769e-003 0. 5.77065512e-004
    0. -7.30603468e-004 -3.40461847e-003 3.21618223e-004 0.
    3.88302025e-004 6.51724928e-004 7.68756401e-003 -2.10219179e-003 0.
    0. 4.73072258e-004 4.52438602e-003 8.83078389e-003 0.
    5.75262296e-004 -3.12777492e-003 5.84892137e-003 0. -3.94488801e-004
    8.42716603e-004 0. 0. 2.04160064e-003 4.23706544e-004
    1.69394282e-003 2.80858320e-003 4.74642683e-003 3.45213828e-003 0.
    1.46012462e-003 9.01199528e-004 7.49020430e-004 0. -8.97518650e-004
    -4.72645886e-004 0. -3.41322011e-004 3.96662066e-003 4.45547653e-003
    0. 0. 0. 0. 0. 0. 1.34595798e-003 0. 5.68616251e-003 3.30793671e-003
    5.34566725e-003 0. 0. 2.33811606e-003 2.14699446e-003
    4.00465028e-003 0. 0. 0. 0. 0. 2.84401467e-003 1.33148406e-003 0.
    -1.07439840e-003 4.87980200e-003 3.99362994e-003 0. 0. 0.
    -6.38206024e-004 0. 0. 2.50506699e-002 1.57482747e-004 0.
    1.26271206e-003 0. 0. 0. 0. 9.06978530e-005 5.82590420e-003
    9.09499475e-004 0. 0. 0. 0. 6.32889569e-004 0. 0. 0. 1.93036697e-003
    0. 8.57184920e-003 0. 2.62759812e-003 0. 3.76185286e-003 0.
    1.05777783e-002 2.65238271e-003 0. -1.23742881e-004 0.
    6.43376028e-003 0. 3.49866715e-003 1.00885599e-003 2.63290713e-003
    4.41723299e-004 1.70154055e-003 5.98014332e-004 0. 0.
    7.50531850e-004 0. 4.28479305e-003 4.35260357e-003 0. 0.
    -5.50688768e-004 0. 0. 0. 5.61994559e-004 0. -2.07224209e-003 0. 0.
    0. -1.52912078e-004 0. 0. 3.71347205e-003 -1.29647925e-003
    -4.51881118e-004 0. 9.32170893e-004 0. 1.08163082e-003 0.
    2.95488955e-003 2.51331250e-004 0. 1.05304050e-003 0.
    -1.29912095e-003 3.91201349e-004 6.16049441e-003 8.51240475e-004 0.
    2.46506045e-003 0. 0. 0. 4.19948110e-003 0. 0. 0. 0. 0.
    8.44292995e-003 0. -1.15484210e-004 0. 0. 0. 1.06646004e-003 0. 0.
    -3.35675548e-004 7.43197789e-003 -1.05586450e-003 1.05681375e-003 0.
    0. 0. 0. 3.27986968e-003 -5.83226119e-006 -1.37621956e-003
    4.62904951e-004 0. 3.05555831e-003 0. 3.49864224e-003
    1.72189146e-003 0. 1.44749577e-003 9.18180961e-003 1.25947352e-002
    0. 0. 0. 2.10111975e-004 4.24943259e-003 -6.32552372e-004 0. 0. 0.
    0. 0. 1.86802354e-003 0. 3.47313262e-003 4.04819427e-003
    2.30765459e-003 1.21969345e-003 0. 1.53073529e-003 2.12524133e-003
    0. 0. 0. 0. 0. 0. 0. 1.00881082e-003 1.12827611e-003 3.47111677e-003
    0. 0. 0. 0. 0. 0. 0. 0. 1.36461668e-003 0. 0. 0. 4.65872261e-004
    3.48417833e-003 0. 0. 3.33155878e-003 0. 1.75775460e-003
    2.13011773e-003 0. 0. 0. -2.15473794e-003 0. 1.36905001e-003 0.
    2.38072267e-003 0. 0. 0. 0. 0. 0. 0. 0. 1.21627329e-003 0. 0. 0.
    1.20624353e-003 0. 0. 0. 0. 1.20181069e-002 2.11093156e-003 0.
    2.46312725e-003 0. 4.19478817e-003 -9.78170894e-004 0.
    5.29528596e-004 -1.44063693e-003 -1.19429234e-004 0. 0. 0. 0. 0. 0.
    1.24302518e-003 0. 0. 0. 2.89915042e-004 9.86896455e-003
    9.56461590e-004 0. 0. 0. 4.98445937e-003 0. 0. 4.09961707e-004
    -8.11258913e-004 0. 1.26955716e-003 0. 4.29147482e-003 0.
    1.64918625e-003 -9.71812042e-005 1.07818586e-003 6.38799137e-003
    4.96629206e-003 0. 0. 0. 0. 0. 0. 0. 1.40961248e-003 1.18951391e-006
    0. -5.33720537e-004 2.35126307e-003 3.40783899e-003 0. 0. 0. 0. 0.
    0. 0. 0. 0. 0. 0. 1.83326448e-003 0. -1.83624114e-004
    6.05707383e-003 0. 3.46690137e-003 0. 0. 0. 2.15035048e-003 0. 0. 0.
    0. -7.14918366e-004 2.07843306e-003 0. 3.67338839e-003 0. 0. 0.
    7.18138972e-003 0. 0. 3.95493209e-003 0. 7.41712167e-004 0. 0.
    6.94161747e-004 0. 6.65298896e-003 4.22270317e-003 0.
    1.57152570e-003 0. 0. 2.22089165e-003 0. 0. 0. 2.36181193e-003 0.
    4.16346919e-003 1.51625718e-003 7.25182297e-004 4.99375863e-004 0.
    0. 3.72115435e-004 0. 1.16569863e-003 0. 0. 8.17130611e-004 0.
    7.42402102e-004 0. 0. 3.66933411e-003 1.61260803e-004
    1.92761805e-003 7.44231604e-003 0. 0. 7.85169832e-004 0.
    1.74559583e-003 1.58316572e-003 4.15902789e-004 4.18142416e-003
    1.34214817e-003 0. 0. -3.68967798e-004 0. 0. 0. 0. 2.94833211e-003
    0. 0. 0. 0. 0. 0. 0. -1.41430192e-003 2.92264100e-004
    2.04922794e-003 9.85373044e-004 0. 0. 0. 0. 8.90913594e-004
    1.73843291e-003 0. 9.31387360e-004 1.13846990e-003 7.93928484e-005
    9.95905884e-003 0. 0. 0. 3.89188644e-003 0. 0. 0. 0. 0. 0. 0. 0. 0.
    0. 4.21964622e-004 0. 0. 0. 0. 0. 1.66636263e-003 0. 0.
    5.81826363e-003 0. 0. -1.57374109e-003 2.71619833e-003
    1.67083624e-003 0. 0. 0. 0. 4.75392351e-003 0. 0. 0. 0. 0.
    -9.64974286e-004 0. 0. 0. 1.36940391e-003 0. 1.07363577e-003 0. 0.
    0. 4.44699405e-003 4.57801856e-003 -4.77106369e-004 0. 0.
    2.04702467e-003 2.44328217e-003 -4.04221821e-004 -5.65257447e-004
    1.71935954e-003 0. 1.02871582e-002 5.27798897e-003 0. 0.
    8.90362426e-004 7.33460207e-003 0. 0. 0. 0. 0. 2.64094211e-004 0.
    7.31870590e-004 9.49634146e-003 0. -1.03442278e-003 4.24549653e-004
    1.77393993e-003 0. 0. 7.26346858e-004 0. 0. 0. 4.56938706e-003 0. 0.
    0. 0. 0. 0. 3.81886074e-003 4.62349504e-003 0. 0. 0. 0.
    1.52556542e-002 0. 2.10536341e-003 0. 1.75076409e-003 0.
    2.50658835e-003 0. 0. 4.55511763e-004 7.23154924e-004
    4.20227268e-004 3.81338061e-003 0. 0. 0. 6.27046917e-004 0. 0.
    6.72868162e-004 2.08215066e-003 3.40927363e-004 2.44670100e-005
    1.53821602e-003 -1.96295645e-004 1.32822404e-002 0. 0. 0. 0. 0.
    3.23752780e-003 0. 2.11373717e-003 0. 0. 1.13000488e-003
