<?xml version="1.0"?>
<opencv_storage>
<imageDescriptor type_id="opencv-matrix">
  <rows>1</rows>
  <cols>1000</cols>
  <dt>f</dt>
  <data>
    0. 0. 0. 0. 0. -2.18242232e-004 2.81240279e-003 2.58255471e-003 0.
    0. 0. 0. 2.89403088e-003 0. 0. 7.71176477e-004 0. 0. 0. 0.
    1.41810090e-003 0. 1.11557059e-002 0. 0. 0. -3.66657696e-005 0.
    1.66998152e-003 0. 0. 1.52374422e-002 -4.12996218e-004 0. 0.
    -1.39431609e-003 0. 0. 3.11505725e-003 0. 0. 0. 0. 2.65936786e-003
    0. 0. 0. 4.27312800e-004 0. 0. 0. 0. 0. 8.52947182e-004 0.
    1.75500452e-003 0. -8.93693708e-004 0. 1.65074802e-004
    4.46287962e-003 0. 0. 0. 0. 0. 0. 0. 0. -4.42540710e-004 0. 0. 0. 0.
    -1.73648703e-004 0. 0. 0. 2.17219186e-003 0. 0. 0. 0.
    4.11496544e-003 0. 4.02524183e-003 0. 0. 0. 0. 2.15977780e-003 0. 0.
    0. 0. 2.90058227e-003 0. 0. 0. 0. -6.67521599e-005 0.
    2.13266350e-003 0. 0. 0. 0. 0. 0. -3.60974343e-004 0. 0.
    3.61281284e-003 0. 0. 0. -1.07662840e-004 0. 0. 0. 0.
    3.88200325e-003 5.01184165e-003 0. 0. 0. 0. 3.79988970e-003 0. 0. 0.
    0. 0. 0. 2.44597089e-003 0. 2.45514605e-003 6.98317308e-003 0.
    1.50148419e-003 0. 0. 0. 0. 0. 0. 0. -1.18422275e-003 0.
    3.75249679e-003 0. 0. 0. 0. 0. 6.09215163e-003 4.61648777e-003
    -1.68181595e-003 0. 0. 0. 3.30499094e-003 -1.32620987e-003
    5.23393415e-003 0. 0. 0. 0. 0. 2.37314799e-003 0. 0. 4.27430775e-003
    0. 0. 0. 0. 0. 0. 0. 0. 0. 4.68233647e-003 5.62286587e-004
    5.13158320e-003 0. 0. 0. 0. 0. -1.48246356e-003 0. 0. 0. 0. 0.
    2.17109756e-003 0. 0. 0. 0. 0. 0. 1.42824627e-003 0. 0. 0. 0. 0. 0.
    0. 0. 0. 2.88893771e-003 0. 0. 0. 0. 0. 0. 3.39572039e-003
    5.36409963e-004 0. 0. 0. 0. 0. 0. 0. -2.45164469e-004
    8.27037357e-003 -2.15901271e-003 0. 1.17622158e-002 0. 0. 0. 0. 0.
    0. 0. 0. -6.47909706e-004 0. 8.81569926e-003 0. 0. 0. 0. 0. 0.
    4.03887592e-003 -1.93951957e-004 3.62679060e-003 0. 0. 0. 0.
    3.33581469e-003 0. 0. 3.96369630e-003 -3.68509116e-003 0.
    4.57128801e-004 0. 0. 0. 0. 0. 0. 0. 2.52315565e-003 0.
    2.11952673e-003 0. 7.82520510e-004 5.62098669e-003 0. 0.
    1.86269521e-003 0. 0. 0. 0. 0. 0. 0. 0. 0. -6.77675416e-005 0.
    8.09607934e-003 0. 0. 0. 0. 0. 0. 0. 0. 4.95597604e-004 0.
    2.24095630e-003 0. 4.13010363e-003 3.78423347e-003 0. 0. 0.
    8.24668561e-004 0. 0. 0. 0. 4.62992629e-003 0. 0. 0. 0. 0. 0. 0. 0.
    1.83512701e-003 0. 0. 0. 0. 0. 0. 0. 0. 0. 0. 1.20104784e-002 0. 0.
    3.07828025e-003 1.54946093e-002 0. 6.50290027e-003 0.
    7.51965400e-003 3.48860631e-003 8.51493608e-003 0. 0. 0. 0.
    5.91792678e-003 0. 0. 0. 0. 1.15415882e-002 0. 0. 0. 0.
    3.43997357e-003 -2.60837399e-003 -1.28424249e-003 0. 0. 0. 0. 0. 0.
    0. 0. 0. 2.62171449e-003 0. 0. 2.12552329e-003 0. 0. 0. 0.
    1.34189893e-002 0. 0. 7.42352149e-003 -5.53706195e-004 0.
    -1.99605175e-003 3.62613006e-003 0. 6.47403998e-003 0. 0. 0.
    3.66014661e-003 0. 9.40736104e-003 2.74886913e-003 0. 0. 0. 0. 0. 0.
    0. 0. 0. -5.01900387e-004 0. 0. 0. 0. 2.70391325e-003
    2.76865996e-003 0. 1.60900957e-003 0. 1.93779147e-003
    2.28654733e-003 0. 0. 0. 0. 0. 4.81668953e-003 6.74768444e-003
    6.02980983e-003 0. 0. 0. 0. 2.35885079e-003 0. -1.70052191e-003
    1.74532295e-003 0. 3.11189517e-003 6.37026271e-003 0. 0. 0. 0.
    -2.75924429e-003 0. 2.23298185e-003 0. 0. 0. 6.22564973e-003
    -1.18751184e-003 0. 6.76081376e-003 2.31099804e-003 0. 0. 0. 0. 0.
    0. 0. 0. 0. 0. 0. 0. 0. 2.08117943e-002 0. 0. 0. 0. 1.51838979e-003
    0. 0. 0. 6.88551879e-003 0. -9.07513197e-004 0. 0. -1.96475862e-003
    0. 0. 0. 1.93577644e-003 -1.95685992e-004 0. 0. 0. 0. 0. 0.
    1.44318736e-004 8.45353119e-003 5.63825713e-003 0. 0. 0. 0. 0.
    4.70336806e-003 0. 0. 0. 0. 2.44311430e-003 0. 0. 0.
    -6.19119825e-003 0. 1.13151828e-003 0. 0. 3.11451359e-003 0. 0. 0.
    0. 8.08039773e-003 0. 0. -1.16261176e-003 0. 0. 0. 2.39403499e-003
    2.13387958e-003 7.26052152e-004 0. 0. 0. 0. 0. 0. 2.07521836e-003 0.
    1.85633439e-003 4.08428255e-003 0. 0. 0. 0. 0. 0. 0. 0. 0. 0. 0. 0.
    0. 0. 0. 2.23692041e-003 0. 0. 0. 0. 0. 8.60794168e-003 0. 0. 0. 0.
    -1.04119966e-003 0. 3.88892973e-003 0. 1.30360329e-003
    1.37958070e-003 0. 3.25917499e-004 3.63580044e-003 0. 0. 0. 0. 0. 0.
    4.42067161e-003 4.29925276e-003 0. 5.52503765e-003 3.38633684e-003
    0. 0. 0. 0. 0. 0. 0. 0. 0. 0. 3.09024053e-003 0. 0. 0.
    4.10164532e-004 0. 0. 1.72475376e-003 0. 0. 0. 6.11072173e-003 0. 0.
    -2.60809087e-003 0. 1.73359993e-003 0. 1.94062619e-003 0.
    2.70143640e-003 0. 3.02001904e-003 0. 0. 0. 3.70994071e-003 0. 0.
    3.40471766e-003 0. 0. 0. 7.33508030e-003 1.98525144e-003 0. 0. 0. 0.
    0. 1.73138874e-003 0. 0. -5.54927625e-004 3.10900388e-004 0. 0. 0.
    0. 0. 0. 0. 3.78229120e-003 -5.24812145e-004 0. 0. 2.75161257e-003
    0. 0. 0. 1.59838132e-003 -1.83293037e-003 1.24887610e-002 0. 0. 0.
    0. 0. 0. 0. 0. 0. 6.10126555e-003 0. 0. 0. 0. 0. -1.11875765e-003 0.
    0. 0. 0. 0. 0. -3.24365706e-003 1.96204241e-003 -6.87929743e-004
    -1.96815608e-003 0. 6.01747888e-005 -1.22128299e-003 0. 0. 0. 0.
    8.98755994e-003 5.89784887e-003 0. 8.35511554e-003 0. 0. 0.
    1.70590449e-003 0. 8.49221926e-003 0. 0. 0. 0. 0. 0. 2.36963504e-003
    0. 0. 0. 0. 0. 0. -2.49757920e-003 0. -1.19013689e-003 0. 0. 0.
    1.31922774e-003 0. 5.36783179e-003 4.26387833e-003 0.
    2.09570653e-003 6.40139030e-003 0. 0. 0. 0. 0. 3.47349839e-003 0. 0.
    0. 0. 0. 0. 0. 0. -1.26688962e-003 0. 0. 3.14508635e-003 0. 0.
    1.49611430e-003 0. 7.69444462e-003 0. 0. 0. 0. 0. 6.76972000e-003
    3.53321014e-003 1.11874798e-002 1.45104015e-003 1.06132235e-002 0.
    0. 8.35028011e-003 0. 0. 0. 6.83033792e-003 0. 0. -4.38724086e-003
    0. 0. 0. 1.80782622e-003 4.04979521e-003 0. 5.33939106e-003
    1.68926571e-003 0. 0. -1.89584011e-004 3.34210740e-003 0. 0.
    5.43508772e-003 4.56041336e-004 0. 0. 0. 0. 0. 0. 1.67188380e-004 0.
    0. 0. 1.44075006e-002 0. 0. 0. 0. 0. 0. 0. 2.24395399e-003 0. 0.
    1.80001801e-003 0. 0. 1.62470862e-002 0. 0. 0. -1.40608987e-002 0.
    0. 9.48329747e-004 0. 0. 0. 0. 0. 0. 2.05692858e-003 0. 0. 0. 0.
    2.03858782e-003 0. 0. 0. 0. 0. -3.21557908e-003 0. 0.
    2.50119646e-003 -1.26918824e-003 8.38462031e-004 0. 4.26594121e-003
    2.02486059e-003 0. 0. 5.01484610e-003 0. 3.89063521e-003 0.
    3.28218075e-003 0. 0. 0. 0. 0. 0. 3.10066342e-003 6.58726273e-003
    4.43493342e-003 4.69668722e-003 4.84461337e-003 1.83849665e-003 0.
    0. 1.96469901e-003 5.07606287e-003 0. 1.88990193e-003 0.
    4.79403231e-003 1.43511184e-002 4.46825754e-003 1.25392375e-003 0.
    0. 3.21445800e-003 0. 7.64868222e-004 5.76594204e-004 0. 0. 0.
    1.16355848e-002 5.29563194e-003 8.96498561e-003 2.87313815e-002
    4.70022089e-004 0. 0. 0. 3.44348536e-003 0. 0. 4.54565557e-003 0. 0.
    0. 0. 0. 0. 0. 0. 0. -5.09047168e-005 0. 0. 0. 0. 6.24114741e-003
    2.56299553e-003 8.87090631e-004 1.10674417e-003 8.91777780e-003
    1.00001355e-003 0. 8.89148191e-003 0. 1.08641526e-002 0. 0. 0. 0.
    5.15695056e-003 0. 0. 0. 0. 0. 0. 0. 0. 0. 0. 1.25755835e-003 0. 0.
    2.35384027e-003 0. 0. 0. 0. 0. 2.99330521e-003 0. 0. 0. 0.
    1.36736385e-003 1.42826932e-003 1.50050046e-002 -1.92595832e-003
    5.20673441e-003 0. 0. 0. 0. 3.04163876e-003 0. 0. 0. 4.71324138e-002
    0. 0. 0. 0. 0. 0. 5.75225661e-003 1.50241284e-003 1.93200400e-003 0.
    0. 0. 4.78149951e-003 2.27724737e-003 0. 0. 0. 0. 0. 0. 0. 0.
    -3.45379137e-003 -1.59288768e-003 0. 0. 7.83123600e-004
    -9.08475835e-004 0. -6.74866897e-004 0. 2.01334339e-003 0. 0. 0.
    7.23172724e-003 0. 2.03787186e-003 0.</data></imageDescriptor>
</opencv_storage>
