<?xml version="1.0"?>
<opencv_storage>
<imageDescriptor type_id="opencv-matrix">
  <rows>1</rows>
  <cols>1000</cols>
  <dt>f</dt>
  <data>
    0. 0. 1.10806071e-003 0. 1.10406699e-002 0. 0. 0. 3.04827979e-003 0.
    1.36100233e-003 5.19927079e-003 2.84488406e-003 1.66128841e-004
    2.48297816e-004 4.36301227e-004 6.28870027e-003 0. 3.06965504e-003
    4.52197297e-003 5.12376241e-003 1.48045849e-002 8.37899861e-004
    6.73802989e-003 8.84270063e-004 6.18045684e-003 7.76770874e-004 0.
    2.33456958e-003 0. 8.38798820e-004 0. 0. 0. 0. -5.85834088e-004
    1.31649999e-002 5.06869052e-003 0. 8.73207813e-004 0.
    1.25561736e-003 8.31509416e-004 1.39279687e-003 -4.15308808e-004 0.
    1.90495537e-003 0. 2.88300915e-003 1.71130756e-003 0. 0. 0. 0. 0.
    5.32993628e-003 0. 0. 0. 0. 0. 0. 0. 0. 0. 0. 3.20313615e-003
    5.89333987e-003 0. 4.79476340e-003 0. 9.85481194e-004
    -2.54581595e-004 0. 0. 0. 3.95727484e-003 0. -8.25922296e-004 0. 0.
    0. 0. 0. -4.86014149e-004 9.89358872e-004 7.58320512e-003
    4.89996327e-003 0. -1.00629369e-003 -3.44814558e-004 0.
    -1.52323698e-003 0. 2.69170734e-003 0. 1.15746330e-003 0. 0.
    5.23692812e-004 0. 8.50987970e-004 0. 0. 0. 1.12420344e-003 0. 0.
    2.43070000e-003 -9.09623574e-004 1.06759835e-003 -3.21697327e-004
    7.04033346e-006 3.38046462e-003 7.36461766e-003 0. 1.87423418e-003
    0. 2.32755649e-003 1.46174885e-003 0. 0. 0. 7.36603327e-003
    6.93920953e-003 2.87332106e-003 4.42346936e-004 0. 9.15644981e-004
    2.01735785e-003 2.00292352e-003 0. 0. 0. 0. 1.70030259e-003 0. 0. 0.
    -8.06528533e-006 -3.57590674e-004 0. -1.19021605e-003 0. 0. 0. 0. 0.
    0. 0. 0. 0. 6.26159087e-003 0. 5.08001773e-003 1.43600686e-003 0.
    1.47125183e-003 8.22048634e-003 0. 0. 0. 0. -4.56569467e-007
    1.12760928e-003 9.60022386e-004 8.76225159e-003 0. 0.
    1.26433326e-003 0. 0. 0. 2.57180398e-003 1.94670272e-003 0. 0. 0.
    -8.94070428e-004 0. 0. 2.15827231e-003 0. 3.23100667e-003 0. 0.
    1.33777584e-003 3.33506824e-003 0. 3.15571291e-004 1.51880129e-004
    1.01181061e-003 0. 3.95344337e-004 1.23863283e-003 1.02319019e-002
    0. -1.65063597e-004 0. 7.67977536e-003 0. 1.56235183e-003 0. 0.
    -5.19386667e-004 0. 1.19545485e-003 2.05018930e-003 1.55751500e-003
    8.26631673e-003 0. 7.35065946e-003 0. 7.62489333e-004
    4.02716873e-003 0. 0. 0. 9.65272309e-004 1.15698390e-003 0.
    5.22968534e-004 0. 1.47376166e-004 8.43887916e-004 0.
    9.20233433e-004 -9.80294499e-006 0. 0. 3.58513906e-003
    1.56912114e-003 0. 5.89150877e-004 1.73927128e-005 -7.54589157e-004
    3.89951188e-003 0. 0. 0. 3.36225517e-003 -5.39775239e-004 0.
    6.51403854e-004 0. 0. 2.10794974e-002 0. 0. 0. 5.74414502e-004
    3.85885331e-004 0. 4.80960676e-004 0. 0. 8.84141249e-004
    5.83391811e-004 0. 9.48387838e-004 -5.37009852e-004 0.
    2.03417451e-003 -1.17332605e-003 0. 0. 5.80883445e-003
    -6.38084544e-004 0. -4.55762638e-004 4.78387484e-003 0.
    3.17880698e-003 6.91552472e-004 1.14448518e-002 0. 0.
    -1.20435981e-003 -6.03646564e-004 0. -1.13852485e-003
    3.41702579e-003 0. 3.67932278e-003 6.93458642e-005 3.07433633e-003
    4.30466561e-003 3.05000180e-003 0. 0. 5.95580926e-003
    -3.78635508e-004 0. -1.43450288e-005 1.26682199e-003 7.34433997e-004
    2.68562668e-004 0. 1.78771978e-003 0. 5.43002912e-004 0.
    5.18561050e-004 0. 5.13224630e-003 0. 0. 0. 0. 0. 0. 4.83001629e-003
    5.96778409e-004 0. 0. 3.15518904e-004 0. 9.17969213e-004 0.
    2.92031968e-004 0. 3.76780843e-003 0. 0. 1.03492802e-003 0. 0.
    1.53011561e-003 7.62947602e-004 0. 0. 0. -1.09550994e-004 0. 0.
    -2.00145179e-003 0. -3.01680673e-004 6.14990597e-004 0. 0.
    -4.06417472e-004 0. 0. 0. 0. 6.86288055e-004 0. 1.64708268e-004 0.
    5.91808089e-007 -2.37995898e-003 0. 5.51947858e-004 4.95397195e-004
    0. 0. 1.92829652e-003 0. 4.90714703e-003 0. 0. 0. -1.06480205e-003
    2.86353083e-004 0. 1.16248103e-003 0. 0. 7.57821486e-004
    9.99622513e-004 0. 0. 0. 0. 0. 6.26996718e-003 0. 0. 6.80579757e-003
    1.10908796e-003 0. 3.57761886e-003 0. 0. 0. 0. 0. 2.35630223e-003
    6.85123447e-003 1.26622221e-003 0. 2.47878511e-003 4.82391659e-003
    6.52225455e-003 0. 1.15532381e-003 1.20024988e-003 3.96452320e-004
    0. 0. 0. 0. 0. 0. 0. 3.54380370e-003 0. 0. 0. 7.75018299e-004 0. 0.
    0. 0. 1.95414550e-003 9.73933129e-005 0. 0. 5.24502667e-003 0. 0.
    3.05842562e-003 4.69052792e-003 0. 0. 0. 5.73889585e-004
    3.76656739e-004 1.44617038e-003 1.24854458e-004 0. 2.20856443e-003
    1.29925946e-004 0. 0. 0. 3.80200130e-004 0. 0. 0. 0.
    -4.13773669e-004 1.83769292e-003 1.53091236e-003 0. 0. 0. 0. 0. 0.
    0. 0. 2.96574645e-003 0. 0. 3.07144527e-003 1.93869253e-003
    4.41426993e-004 0. 0. 2.51481752e-003 0. 0. 2.40035704e-003
    1.18371453e-002 9.68789100e-004 0. 0. 0. 5.42746484e-003 0. 0. 0.
    -2.91779288e-004 0. 7.75061548e-004 0. -9.22604449e-005
    1.75204431e-003 0. 2.53837835e-003 0. 0. 0. 6.56087790e-003 0.
    4.32337285e-004 2.21940875e-003 0. 0. 0. 0. 0. 0. -1.66709331e-004
    -8.67497511e-006 0. 0. 0. 0. 0. 0. 2.46740645e-003 0.
    1.18713442e-003 0. 9.50448622e-004 1.57699548e-003 4.38822026e-004
    0. 1.68613961e-003 0. 2.38104840e-003 0. 3.90098593e-003 0. 0. 0.
    -1.01380516e-003 3.94533214e-004 0. 0. 0. -7.52480701e-004 0. 0. 0.
    4.19938378e-003 3.29949544e-003 0. 1.01189613e-002 0.
    -6.76503696e-004 1.57637813e-003 6.38834201e-003 2.05523014e-004
    4.00742469e-003 4.65954596e-004 2.08662753e-003 6.18444115e-004 0.
    0. 0. 0. -7.41456679e-005 0. -9.20277453e-005 0. 0. 4.36608400e-003
    0. 5.45959028e-006 0. 0. 0. 0. 1.57525309e-003 0. 0.
    -4.95567103e-004 1.18429493e-002 5.51354652e-003 1.61316432e-003
    3.59551562e-003 0. 0. 6.45392865e-004 0. -5.93811972e-003
    7.53180822e-003 0. 0. 0. 0. 0. 7.59325805e-004 0. 1.58759253e-003
    8.02502036e-003 5.92912501e-003 1.55799487e-003 -1.81688764e-003
    5.54690545e-004 1.50866376e-003 -3.64353007e-004 4.74121468e-003 0.
    0. 0. 5.25456946e-003 1.10344053e-003 2.77545187e-003
    5.90958260e-003 6.44762255e-003 0. 0. 0. 0. -7.09051732e-004 0. 0.
    0. 0. 0. 1.96866272e-003 7.33105605e-003 0. 2.63517466e-003 0. 0. 0.
    0. 0. 0. 1.63008890e-003 0. 0. 0. 0. 1.46768335e-003 0.
    -1.06373953e-003 7.00937398e-003 1.08753878e-003 -4.92713531e-004
    1.09910255e-003 0. 0. 9.97220632e-004 0. 0. 6.06963178e-004
    -3.06553498e-004 8.21973605e-004 0. -6.59800891e-004 0. 0.
    1.09017838e-003 9.56526841e-004 6.66958513e-003 1.41216721e-003
    5.05731860e-003 0. 0. 0. 6.74136821e-003 0. 4.44117049e-003 0.
    -1.17622963e-004 0. 0. 0. 6.72605960e-003 7.73742935e-003 0.
    6.98818418e-004 0. 0. 8.18186381e-004 0. 1.00940873e-003 0.
    1.80349057e-003 -3.91211011e-004 0. 1.34879316e-003 1.90443138e-003
    0. 0. 5.53042209e-003 -2.97917658e-003 0. 0. 2.29534274e-003 0. 0.
    5.84954023e-003 2.20238217e-004 0. 1.85334159e-003 -3.30824478e-005
    0. 0. 4.72790998e-004 0. 1.04130036e-003 0. 0. 0. 0. 1.21882523e-003
    0. 0. -2.65401643e-004 3.85081116e-003 0. 0. 0. 0. 0. 0. 0. 0.
    2.04004766e-003 0. 2.01342441e-003 0. 0. 0. 1.42694829e-004 0. 0.
    6.74605544e-004 7.17385847e-004 8.18301458e-004 0. 0. 0.
    4.51250933e-003 0. -7.29331397e-004 7.80587725e-005 8.35161249e-004
    1.06829684e-003 -5.19374851e-004 0. -4.65909019e-004 0. 0.
    3.47767072e-003 0. 0. 0. 1.67452847e-003 8.30124191e-004 0. 0. 0. 0.
    0. 5.80787007e-003 0. 0. 0. 0. 0. 0. 1.34964974e-003 0.
    1.80421281e-003 0. 0. 0. 2.44002571e-004 0. -1.14452152e-003 0. 0.
    0. -1.13649084e-003 0. 0. 6.02340885e-003 0. 5.28833177e-003
    1.10230865e-002 1.45149548e-004 -1.50667125e-004 0. 0.
    6.29156828e-003 0. 0. 0. 2.05752021e-003 0. 0. 0. 0.
    -5.19479509e-004 0. -9.83807608e-004 0. 0. 0. 1.27591034e-002 0.
    5.14929416e-003 -8.71729924e-007 1.14483181e-002 4.97370551e-004
    1.27684860e-003 1.34947558e-003 0. 1.28451711e-003 0.
    7.13640498e-003 0. 0. 0. 0. 0. 0. 3.52603180e-004 4.10183007e-003
