<?xml version="1.0"?>
<opencv_storage>
<imageDescriptor type_id="opencv-matrix">
  <rows>1</rows>
  <cols>1000</cols>
  <dt>f</dt>
  <data>
    4.89619840e-003 0. 8.74062069e-004 2.41257926e-003 0.
    1.97460456e-003 1.85904454e-003 -5.58618456e-003 0. 1.08377831e-002
    0. 2.75785266e-003 0. 0. 5.88819617e-004 0. -5.59028296e-004 0. 0.
    0. -1.01033896e-004 0. 0. 0. 0. 0. 0. 1.02988956e-003
    8.08274664e-004 0. 1.48776348e-003 2.26432434e-003 1.85738865e-003
    0. 4.80151066e-004 0. 0. 0. 1.34053011e-003 1.29844504e-003 0. 0. 0.
    -1.09940919e-003 -7.83615920e-004 2.66456860e-004 0. 5.98924607e-003
    0. 0. 0. 0. 5.13932994e-003 0. 0. -1.76093879e-003 0.
    4.68401099e-003 0. 9.13763477e-004 0. 9.94675886e-003
    3.14108853e-004 6.28703786e-003 3.95110063e-003 0. 0.
    1.89304352e-004 0. 1.66754262e-003 1.96056368e-004 0.
    1.54961529e-003 5.84975397e-003 0. 0. 0. 0. 4.51112632e-003 0. 0. 0.
    1.08667614e-003 1.08545169e-003 0. 0. 0. 0. 9.56213044e-004 0.
    4.47718659e-003 0. 0. 1.43875589e-003 -5.67559793e-004
    1.81151705e-003 -1.36868178e-003 1.37988245e-003 0. 0.
    1.98174966e-003 0. 1.63278659e-003 5.00897272e-003 0. 0. 0.
    6.93972316e-003 0. 4.75583423e-004 2.02355511e-003 3.79710342e-003
    0. 0. 0. 0. 4.94186208e-003 0. 0. 0. 0. 8.80615145e-004
    -1.53437071e-003 0. 0. -1.31526357e-003 -1.34583493e-003 0. 0.
    3.26278689e-003 7.22183334e-003 0. 0. 0. 0. 3.17000109e-003
    -3.13317665e-004 1.15372112e-003 0. 0. 0. 0. 4.50922735e-003
    5.88837126e-003 0. 0. 0. 3.75359494e-004 2.47415411e-003
    1.04457967e-003 0. -3.32067208e-003 0. 0. 6.00808358e-004 0. 0.
    6.10594917e-003 1.64518729e-002 9.78311640e-004 0. 0.
    -1.13004725e-003 3.07283388e-003 1.68300845e-004 1.41070201e-003 0.
    0. -4.30127926e-004 1.81916566e-003 2.68201926e-003 -1.42118696e-003
    0. 0. 0. 0. 0. 0. -3.29627546e-005 9.04234068e-004 0.
    7.18643365e-004 0. 4.03478218e-004 0. 0. -1.71622389e-003
    5.02799451e-003 0. 0. 4.11653612e-003 3.71289393e-003
    -2.52404413e-003 -2.67445663e-004 0. 0. -4.52584325e-004
    -4.36712668e-004 0. 0. 4.45833104e-003 -9.70268666e-005
    7.24284956e-003 0. 0. 0. 0. 0. 0. 0. 0. 0. 1.66050915e-003
    5.77195035e-003 7.85841700e-003 0. 0. -8.47660645e-004 0. 0.
    1.06110878e-003 0. 1.25814998e-003 0. -4.83892101e-004 0. 0. 0. 0.
    0. 1.43958919e-003 0. -1.94050965e-003 4.88346966e-004 0. 0. 0.
    -4.93076688e-004 0. 0. 1.20305363e-003 0. 0. 0. 0. 1.17828371e-002
    1.90562874e-004 0. 0. 0. 0. 0. -4.44867328e-004 7.44338846e-003
    8.45703389e-003 0. 8.14273721e-004 1.82632788e-003 0.
    -8.97413120e-004 2.12592990e-004 4.62044496e-003 4.48868930e-004 0.
    -6.54506555e-004 0. 2.22300086e-003 0. 0. 0. 0. 0. 0.
    5.50747034e-004 0. 0. 1.02821912e-003 -2.22398411e-003
    -1.15450611e-003 0. -1.40607450e-003 4.04282846e-003 3.97172850e-003
    0. 0. 1.05951948e-003 1.49097561e-003 0. 0. 1.68913754e-003 0.
    6.48409128e-003 0. 0. 0. 0. 1.11302803e-003 0. 0. 0. 1.32996618e-004
    2.24820082e-003 0. 0. 3.75931663e-003 9.06099100e-003
    6.74427080e-004 5.58274379e-003 2.68420414e-003 0. 0.
    6.98863296e-004 1.59961043e-003 0. 3.01825907e-003 -1.97676869e-004
    4.85858705e-004 0. 7.25656791e-005 5.19826950e-004 0.
    4.22172109e-003 0. 0. -1.32179272e-003 0. 0. -1.90034756e-004
    -1.48343737e-003 0. 0. 0. 0. 0. 0. 0. 0. 0. 0. 2.20269104e-003 0.
    2.06688768e-003 0. 0. 1.46980947e-002 0. 0. 0. 0. 0. 0.
    5.27269719e-003 0. 0. 1.40191847e-002 0. 0. 0. 0. 6.41620194e-004 0.
    0. 8.05334747e-003 0. 6.47119945e-004 7.25049467e-005 0.
    4.60570306e-003 3.92055698e-003 0. 0. 0. 7.77560426e-003 0. 0. 0.
    -4.13658534e-004 0. 6.34287205e-003 0. 0. 0. 0. 0. 0. 0.
    1.60536717e-003 -9.25785207e-005 1.48117868e-003 0. 0. 0. 0. 0. 0.
    -6.94550748e-004 0. -1.15191913e-003 5.27891517e-003 0.
    7.53212953e-003 0. 1.21810858e-003 0. 0. 5.17644268e-003 0. 0. 0. 0.
    0. 2.02877680e-003 0. 0. 9.25850123e-003 0. 7.94967823e-003 0.
    1.67782221e-003 1.79001293e-003 0. 0. 5.36470860e-003 0.
    1.57210678e-002 9.70694609e-003 0. 0. 0. 0. 1.60712877e-003 0.
    2.95537664e-003 0. 1.48533506e-003 0. 1.59920461e-003
    -1.20380637e-003 0. 1.84776261e-003 0. 1.50065392e-003
    5.96769946e-003 0. 0. 6.92961458e-003 0. 0. 0. 4.22215380e-005
    2.02851312e-004 0. 7.66109815e-003 1.97303155e-003 0. 0.
    1.05342753e-002 0. 0. 0. 4.27397572e-005 0. 9.87131963e-004 0.
    6.35076128e-003 0. 2.29173363e-003 0. 0. 1.60392141e-003 0.
    -1.68027577e-003 0. 0. 2.49771925e-004 0. 0. 0. 2.89224251e-003
    -2.38503751e-004 0. 0. 0. 0. -1.00377062e-003 1.49455554e-005
    7.72523368e-003 0. 0. 0. 6.53337222e-003 6.23948546e-003 0. 0. 0. 0.
    0. 4.51390399e-004 0. -4.24210535e-004 0. -4.18656651e-004 0. 0. 0.
    0. 0. 0. 0. 0. 0. 0. 0. 0. 0. 6.40775193e-004 7.65450578e-003
    6.02135714e-003 8.69502686e-003 2.23538419e-003 1.11053663e-003
    -8.80194362e-004 0. 9.78751923e-004 0. 0. 0. 0. 0. 0.
    8.16991553e-003 0. 0. 0. 6.67841523e-004 0. 4.17562900e-003 0. 0.
    8.36912295e-005 0. 5.53215109e-003 3.87599575e-003 0.
    4.93736472e-004 0. 0. 0. 0. 0. 0. 7.60014495e-003 0. 0. 0. 0. 0.
    -2.41401279e-003 1.82511786e-003 1.27387734e-003 0. 0. 0. 0.
    1.58153451e-003 0. 0. 4.58717666e-004 0. 1.76413520e-003 0. 0. 0. 0.
    0. 0. 0. 0. 5.32177603e-003 4.91594756e-003 0. 0. 7.49021652e-004 0.
    0. 0. 0. 0. 0. 0. 0. 0. 0. 0. 0. 0. 0. 0. 0. 0. 0. 5.64961601e-003
    -1.19993160e-003 0. 0. 2.72695237e-004 0. 0. 2.65001855e-003
    3.99622694e-003 0. 1.20086268e-004 -1.09234382e-003 0.
    6.47397339e-003 0. 1.19721610e-003 -1.50772883e-003 -7.19912292e-004
    0. 0. 0. 0. 7.40842987e-003 0. 0. 0. 2.56108399e-003 0.
    6.19278871e-004 0. 1.01057393e-002 0. 0. 0. 0. 0. 0. 7.89937470e-003
    0. 0. 0. 0. 0. 9.33769625e-003 4.17148258e-004 0. 0. 4.53865761e-003
    2.01169821e-003 2.38515902e-003 0. 0. 0. 0. -1.11145317e-003 0.
    4.25523659e-003 7.72844953e-003 0. 2.86250794e-003 2.43782648e-003
    2.28467979e-003 0. 5.45787625e-004 -9.64900464e-005 -1.63033220e-003
    0. 2.30897241e-003 0. 0. 0. -4.73833818e-004 0. -5.43358736e-004
    8.00376292e-003 0. 0. 6.00005873e-003 -8.82304084e-005
    1.12999501e-002 0. 6.24181889e-003 0. 0. -1.58311625e-003
    1.32831949e-004 0. 0. 0. 2.46422482e-003 0. 0. 0. 1.80028859e-004 0.
    0. 1.01000711e-003 8.73944955e-004 4.86342283e-003 0.
    -6.64702908e-004 3.09282308e-003 9.20495577e-003 -4.97794617e-003
    3.52760404e-003 0. 0. 1.70043146e-003 0. 0. 0. 0. 3.89230577e-003 0.
    0. 0. 9.60873658e-005 0. 1.69883459e-003 0. 0. 2.26605521e-003
    2.95477360e-003 -6.66424108e-004 7.60740554e-003 1.97504833e-003 0.
    0. 3.37513676e-003 1.33499107e-003 0. 0. 0. 0. 0. 0. 0. 0. 0.
    2.79228523e-004 0. 1.86345854e-003 -1.55999936e-004 0.
    7.94900872e-004 0. 5.80884982e-003 -9.60766687e-004 5.83289564e-003
    -1.20282569e-003 0. 0. -3.38205602e-004 5.54818567e-003 0.
    -2.16124492e-004 0. 5.35817537e-003 0. 0. 0. 0. 0. 0.
    2.62992224e-004 4.50187566e-004 0. 0. 7.15535088e-003 0.
    -3.57431942e-004 4.95736604e-004 -9.51085065e-004 0. 1.06210506e-003
    7.66777899e-003 0. 0. 1.13690307e-003 0. 0. 0. 0. 0.
    -2.17312379e-004 1.38983794e-003 0. -1.00866273e-004 0. 0. 0. 0.
    3.68631678e-003 0. 0. 0. 0. 0. -2.67636427e-003 2.60019093e-003
    9.77195613e-003 -2.11394695e-003 6.10577501e-003 0. 0. 0. 0.
    1.34971691e-002 2.64908955e-003 1.89799321e-004 0. 0.
    2.44619441e-003 2.90609081e-003 4.34498210e-003 0. 0. 0.
    1.63765880e-003 -1.15815329e-003 0. 0. 6.84502395e-003 0. 0. 0. 0.
    9.89028811e-003 -1.00686215e-003 -4.44441946e-004 0. 2.39455164e-003
    0. 0. 0. 4.69639152e-003 6.11254154e-003 0. 8.38404894e-003
    4.52877628e-003 0. -2.05934979e-003 -1.41781359e-003 0. 0.
    1.21114068e-002 4.09649889e-004 0. -4.84263845e-004 3.03531624e-003
    -4.40056574e-005 0. 0. 0. 0. 0. 1.89884659e-003 0. 2.06971844e-003
    0. 0. 0. -9.29294387e-004 3.02430266e-003 6.57703436e-004 0. 0. 0.
