<?xml version="1.0"?>
<opencv_storage>
<imageDescriptor type_id="opencv-matrix">
  <rows>1</rows>
  <cols>1000</cols>
  <dt>f</dt>
  <data>
    5.26403310e-003 5.70263015e-004 -6.63292943e-004 0. -1.09704130e-003
    -8.15441672e-005 0. 0. -2.94848462e-004 0. 0. 0. 0. 0.
    -2.56783067e-004 0. 5.42261545e-003 0. -2.66183324e-005
    1.90180680e-003 1.79196382e-003 4.43636760e-004 0. 7.80187111e-005
    0. 0. 0. -5.18564375e-005 0. 0. 0. 0. -1.83938770e-004
    -4.71892854e-004 0. 2.64142011e-003 0. -1.40848540e-004
    5.68246376e-003 7.16234135e-005 6.09435141e-004 7.79993513e-007
    9.03708045e-004 6.86603424e-004 0. 0. 3.98264220e-003
    2.63262598e-004 0. 0. 4.09929518e-004 5.18477136e-005
    3.80218495e-004 0. 1.04684848e-003 4.49519558e-003 -2.68349075e-004
    -4.37318493e-004 -4.66620841e-004 0. 1.07676594e-003
    -9.04333065e-005 6.01015636e-004 -7.88831792e-004 0. 0. 0. 0. 0.
    9.74037685e-004 9.72488138e-004 8.38571636e-004 0. 0. 0. 0. 0.
    2.71345256e-004 1.96509110e-003 7.01825848e-005 0. 8.84273089e-004
    -3.72160692e-004 0. -2.22879602e-003 1.82415766e-003
    -1.52631139e-003 -1.12672418e-003 0. 4.30800859e-003 9.52474680e-003
    6.06413838e-003 0. 4.27707855e-004 -2.18360001e-004 4.16503084e-004
    5.63189620e-004 2.37881881e-003 5.63257607e-003 9.85424872e-003
    -4.60273761e-004 0. 7.82885530e-004 -8.90956901e-004 0.
    6.25710585e-004 2.05834513e-004 -2.48310331e-004 0. -1.17210358e-004
    0. 0. 1.68625393e-003 0. 4.11764346e-003 0. -9.63499697e-005 0.
    5.11467084e-003 0. -9.13438816e-006 0. 1.36466057e-003 0.
    2.79226195e-004 0. 0. 3.60447622e-004 0. 0. 0. 0. 0. 0.
    7.02205580e-004 8.75840895e-004 0. 8.15026578e-004 -2.44651688e-003
    0. 8.88842274e-004 0. 1.98966381e-003 7.72948842e-005 0. 0.
    -5.22566152e-005 5.83657809e-003 -1.35216396e-004 3.44353914e-003
    5.34110586e-004 0. 0. 1.16496871e-003 6.02535857e-003 0.
    8.34173290e-004 0. 0. 0. -1.87056648e-004 0. 5.25956042e-003
    7.60360062e-003 1.79114169e-003 6.37540268e-003 0. 1.00919567e-002
    -4.80639312e-004 1.28607741e-002 0. 0. 0. 1.79757364e-003 0.
    7.97825574e-004 0. 0. 0. -3.64800275e-004 1.13367394e-003
    6.84185699e-003 5.03478711e-003 0. 9.57687676e-004 0.
    9.07322671e-003 -5.56972052e-004 -6.24147651e-004 0. 1.80793228e-003
    0. 1.03538902e-003 0. 0. 6.48646819e-005 -1.10715162e-003 0.
    -3.05479160e-003 -7.98092951e-005 0. -6.73163158e-004
    3.93326953e-003 0. 0. 0. -1.01438107e-003 0. 5.70764160e-003 0. 0.
    2.75942060e-004 4.04112786e-003 -1.40552095e-003 0. 0. 0. 0. 0.
    3.37804575e-003 -1.06264139e-004 0. 1.27853528e-002 0.
    2.04606637e-004 0. -6.29870570e-004 0. 0. -3.11183132e-004
    -1.73544569e-004 0. 5.03961579e-004 1.98163418e-003 5.61505184e-003
    6.35545934e-004 5.50796697e-003 1.29318598e-003 1.35071892e-002
    2.92861299e-003 1.26929092e-003 0. 6.88976375e-003 0. 0. 0. 0. 0.
    8.98895878e-003 2.71798868e-004 0. 0. 0. 0. 0. 1.96516677e-003
    5.71298134e-003 -8.17236025e-004 -8.98013532e-004 -2.28287908e-003
    0. 0. -1.84223859e-003 4.30391729e-003 0. -1.29732466e-003 0.
    3.81150283e-003 0. 6.60379883e-003 0. 5.95689099e-003
    2.39155581e-003 1.26912519e-002 1.96918874e-004 1.54785893e-003
    8.76831077e-003 1.32986694e-003 0. 2.65394524e-003 0.
    4.50414047e-003 0. 5.28232660e-003 5.03543578e-003 -1.99859758e-004
    1.78846798e-003 0. 4.46904538e-004 -1.37982867e-003 -4.55841771e-004
    3.48361651e-003 0. 0. 0. 1.37070706e-003 0. 0. 0. -1.87499402e-003
    2.42645838e-004 0. -3.63538944e-004 -6.81752746e-004 4.14342340e-003
    0. 0. 0. 0. 5.10294456e-004 1.32943096e-003 0. 0. 0. 2.69430340e-003
    3.48863075e-003 0. -7.20160388e-005 0. 0. 0. 0. 0. -1.61506818e-004
    1.56179871e-004 0. 1.74594368e-003 1.64381679e-004 0.
    5.40504418e-003 0. 7.05287419e-003 5.38913021e-003 0. 0. 0.
    6.67570683e-004 -1.47652824e-003 4.59108688e-003 6.94443565e-003 0.
    -9.77162970e-004 0. 6.73160469e-003 0. 0. 0. 0. -1.04618620e-003
    6.73922012e-003 0. 0. 0. -3.18682694e-004 8.16986524e-003 0.
    3.68190976e-003 7.17525661e-004 5.21819014e-003 0. 0. 0. 0. 0.
    1.08346455e-002 5.07728837e-004 -1.27929344e-003 -4.46706719e-004 0.
    2.46836367e-004 0. 0. 0. 5.01884380e-003 0. 0. 2.62095127e-003 0.
    6.52244454e-003 0. -1.15438201e-003 0. 0. 0. 0. -1.63401931e-003 0.
    0. 1.19664845e-004 -1.00941351e-003 0. 7.76383094e-004 0.
    5.34942700e-003 5.77272940e-003 -1.51401415e-004 7.34259188e-003
    -2.21322593e-003 0. 0. 9.13390145e-003 -5.79399802e-003 0.
    3.48383735e-004 -7.97510264e-004 -2.00960319e-003 1.39877703e-002
    1.17407157e-003 2.15790188e-003 0. -6.76889205e-004 0. 0.
    -3.38542188e-004 -3.78318247e-004 0. -5.25306736e-004
    2.46355776e-003 8.37171043e-004 0. 0. -9.95125854e-004
    1.75537120e-004 1.66020973e-003 6.22848235e-003 0. -1.69847405e-003
    -7.72567219e-005 1.41406257e-004 0. 0. -2.71462981e-004
    -6.68897294e-004 8.49941978e-004 4.23944183e-003 1.11460984e-002
    3.30003502e-004 0. 6.28321851e-003 0. 5.61552728e-003 0.
    1.66732806e-003 5.21144224e-003 -3.45873064e-004 5.61502529e-003
    5.47315227e-003 0. 0. 2.72147823e-004 0. 4.14349139e-004 0.
    1.29343771e-005 0. 4.83672455e-004 3.65896546e-003 -9.31708841e-004
    2.60768749e-004 0. 0. 0. 0. -6.92345551e-004 5.14168700e-004
    -7.22669298e-004 3.93199734e-003 2.76826745e-006 0. 5.95941395e-003
    0. 1.40544155e-003 0. 0. 8.37088749e-003 -5.06671146e-004
    -1.17549428e-003 0. 0. 0. 4.97369503e-004 -1.33647423e-004
    4.08801856e-003 3.74952261e-003 0. -1.92265131e-003 0.
    6.02087565e-003 5.03876433e-003 5.87698072e-003 0. 0.
    3.79116391e-003 0. 0. 7.46011676e-004 1.39688869e-004
    3.60849313e-004 -6.96982024e-004 4.43451339e-003 4.73761698e-004
    1.16884094e-002 2.19643628e-003 5.59689943e-003 -4.05208295e-004
    2.15910026e-003 0. 4.32815403e-003 0. 5.64764347e-003
    2.90165801e-004 4.86041792e-003 0. 0. 7.43603706e-003
    -1.00471603e-004 0. 0. 5.46031492e-003 2.85930024e-003 0.
    4.11118905e-004 1.34001994e-005 6.89140579e-004 4.81765810e-003
    -1.50695699e-003 5.86483453e-004 0. 0. 5.11368969e-003 0. 0.
    4.92287707e-003 0. -1.26317245e-004 0. 0. 0. 0. 0. -2.00194842e-003
    0. 0. 0. 0. 9.58063465e-004 5.34133054e-003 0. 2.61803856e-004 0.
    1.79989217e-003 -6.06200425e-004 5.95561368e-003 0. 0. 0. 0. 0.
    -8.54304526e-004 6.46204315e-003 0. 1.12047896e-003 6.56205975e-003
    4.07802099e-006 0. 0. 0. 1.70640036e-004 0. 9.10751522e-004
    9.29490314e-004 8.87729169e-004 6.25051931e-003 -1.90397969e-003
    5.98095916e-003 0. 1.23604608e-003 -2.58612163e-005 0. 0. 0.
    9.28655766e-007 7.38251163e-003 0. 7.31240120e-003 -1.57600490e-003
    0. 0. 4.87476500e-004 7.31735126e-005 0. 0. 0. 0. 0. 0.
    -2.11056631e-005 0. 4.73103486e-003 -4.06755971e-005 0.
    1.73615152e-003 0. 0. 2.32318271e-004 0. 0. -1.21316884e-003
    1.39898818e-003 6.78015035e-003 4.18895297e-003 7.50261219e-003 0.
    0. 4.17365506e-003 0. 0. 0. 0. 0. 0. 1.62961055e-003 0. 0. 0.
    9.55635842e-005 -9.03640001e-004 2.59675412e-003 1.17919128e-003
    -2.01081135e-003 8.44137371e-003 4.07729123e-004 0. 0. 0. 0. 0. 0.
    0. 0. 0. 9.95605369e-004 1.05194910e-003 0. 5.12832589e-003 0. 0. 0.
    6.08399918e-004 -1.93009779e-004 0. 0. -5.25981595e-004 0.
    2.78330495e-004 -2.21572205e-004 3.75789148e-003 0. -5.32116392e-004
    0. 0. -5.36965963e-004 0. 1.31437043e-003 0. 0. 0. 0.
    -8.55958613e-004 -3.46514251e-004 -6.70291833e-004 1.24571275e-003
    8.67020746e-004 6.59273588e-004 0. 3.43540916e-004 5.53167134e-004
    0. 0. 6.03820290e-003 0. 1.96976704e-003 0. 0. 2.82075489e-004
    2.40172073e-003 5.76501153e-003 0. 5.96108520e-003 0.
    2.99299281e-004 7.29434774e-004 0. 0. 0. 0. 0. -3.36487987e-003 0.
    2.40117148e-003 7.80844945e-004 0. -4.54401656e-004 0.
    7.72499898e-003 0. 6.43147854e-003 -3.93381597e-005 0. 0. 0.
    6.39759994e-004 0. 0. 0. 0. 0. 6.79447316e-004 1.05738675e-003 0. 0.
