<?xml version="1.0"?>
<opencv_storage>
<imageDescriptor type_id="opencv-matrix">
  <rows>1</rows>
  <cols>1000</cols>
  <dt>f</dt>
  <data>
    0. -7.26377533e-004 0. 0. -9.62319100e-005 1.50195265e-003 0. 0. 0.
    5.69325814e-004 6.86646847e-004 6.00603176e-004 -3.23590531e-004
    7.58148869e-003 3.50371010e-007 -4.00701677e-003 -2.30732214e-004
    3.31994146e-004 6.46015746e-004 0. 4.52840189e-003 0.
    9.56088552e-005 -3.04199348e-004 -7.02419318e-004 -1.26341754e-003
    0. 1.21449318e-006 1.00435934e-003 1.53276545e-003 0.
    1.90449064e-003 0. 0. -2.28438468e-004 -4.21288307e-004
    1.51589175e-003 0. 8.15697538e-004 1.21281378e-003 0. 0. 0.
    4.92028939e-003 0. 5.22792747e-004 3.33802862e-004 0.
    1.00850395e-003 9.36141994e-004 0. 1.80183502e-003 4.83916316e-004
    0. 0. 0. 8.61598062e-004 8.70046497e-004 0. 5.07003255e-003 0. 0. 0.
    0. 5.09269768e-004 7.49997562e-003 -1.20807890e-004 0.
    1.42105995e-003 4.73541347e-003 1.64622135e-004 5.69708471e-004 0.
    0. 0. 3.97813885e-004 0. 7.99442874e-004 0. 1.96224521e-003 0.
    1.66972968e-004 0. -9.74644616e-004 4.20318777e-003 7.19958544e-003
    0. 5.55230444e-003 -1.25021930e-003 6.98630349e-004 0. 0. 0. 0.
    3.36532504e-003 9.57925877e-005 0. -2.24621064e-004 1.61964505e-003
    0. 1.05066247e-004 0. 4.18109680e-003 -2.91039323e-004 0.
    1.13023282e-003 5.94428834e-003 1.53589970e-003 0. 0.
    -1.23557856e-003 0. 9.92397778e-004 0. 1.04451762e-003 0. 0.
    1.27449771e-002 -2.39856294e-004 1.12520484e-003 0. 4.32400760e-004
    0. 7.27229462e-007 5.59231825e-003 5.26467524e-003 0. 0. 0. 0. 0. 0.
    3.54313379e-004 -4.88001824e-004 1.06742524e-003 5.92555094e-004
    -6.01029780e-004 1.18146336e-003 0. -5.21810143e-004 0. 0.
    1.04695570e-003 -3.94061033e-004 -2.86380848e-004 -2.69080326e-003
    1.35296145e-002 0. 0. 0. -4.13202768e-004 7.19614234e-003 0. 0. 0.
    3.45593580e-004 5.90883777e-004 4.80231829e-003 0. 0.
    -4.63188830e-004 0. 3.46222630e-004 0. 0. 5.41079615e-004 0. 0.
    -7.30382453e-004 -3.07284557e-004 0. 0. 6.59323344e-003
    2.00613355e-003 0. 4.51315253e-004 4.30164067e-003 6.45923801e-003
    9.01401800e-004 1.05894927e-003 6.31131977e-003 -1.19456556e-003
    7.35878537e-004 0. 0. 0. 7.57464513e-005 0. 0. -1.39011210e-003
    8.50470030e-007 1.33778772e-003 5.62009914e-003 0. 0. 0.
    2.05345292e-004 0. -3.06100032e-004 7.15467555e-004 2.62122881e-003
    0. 0. 2.48621684e-004 3.78744357e-004 0. 0. 0. 0. 6.04509702e-003 0.
    0. 6.92649791e-003 0. 0. -8.98438040e-004 0. 0. 0. 0.
    1.76933967e-003 1.92599138e-003 0. 4.69498429e-003 0. 0.
    2.08302122e-003 4.45985643e-004 1.04603334e-003 -4.23213060e-004
    1.89022953e-003 0. 1.09769893e-003 0. 0. -8.29149561e-004 0. 0.
    5.22291812e-005 -3.02480446e-004 0. 5.89715783e-004 0. 0. 0.
    -9.74541996e-004 1.50713697e-003 -1.65137032e-003 0. 3.48721538e-003
    -1.42391596e-004 -1.16548043e-004 0. 0. 4.13276313e-004 0. 0.
    5.84260281e-003 0. 4.18423180e-004 -7.96540175e-004 7.30679417e-003
    5.46736643e-003 0. 0. 7.11706321e-007 0. 3.42094310e-004 0.
    1.05438616e-004 5.61484089e-003 0. 0. 0. 0. 0. 2.36389111e-003 0.
    1.02314202e-003 0. 1.58614770e-003 -1.13095841e-004 0.
    -2.67526721e-005 -7.33811292e-004 7.04500650e-004 0. 0.
    -1.45902205e-003 0. 0. 7.96147529e-003 0. -2.35262327e-003 0. 0.
    6.09560171e-003 0. 0. -5.43901755e-004 0. 0. 5.31096244e-003
    -1.38658346e-004 -1.66380632e-004 0. 4.71160281e-004 6.62947772e-004
    5.27812820e-003 3.75789311e-003 3.94584145e-003 6.88976725e-004
    -1.29352452e-003 1.32274383e-003 3.40383813e-005 0. -5.16092870e-004
    1.59605616e-003 0. 0. 3.86547559e-004 -1.00186051e-004
    -1.79984545e-005 -1.71185442e-004 4.27712512e-004 0. 0. 0.
    4.29032807e-004 0. -1.33878610e-003 1.10642449e-003 0. 0. 0. 0.
    5.08694444e-003 0. 0. 0. 4.58519720e-003 0. 7.59799324e-004 0. 0.
    5.69990836e-004 0. 0. 0. 3.44872155e-004 0. 1.31144924e-002
    6.87559089e-003 -4.32104076e-004 0. 0. 1.34876138e-003
    6.62230095e-003 0. 0. -1.90781648e-004 2.57987587e-004 0.
    -7.42142438e-004 -7.05276500e-004 0. 0. 0. 9.83647536e-004
    1.46817497e-003 0. 0. 1.05128728e-003 -1.58175640e-003
    5.61723299e-003 3.00395861e-003 2.46112351e-004 0. 2.61503534e-004
    -1.72894192e-003 -8.30077974e-004 6.12035021e-003 5.97086619e-004
    8.16572341e-004 5.61447022e-003 1.04340143e-004 3.44001455e-003 0.
    6.01321086e-003 0. 1.73673441e-003 0. -8.91723495e-004
    -4.43417375e-005 0. 7.55214656e-004 0. -1.14264898e-003 0. 0. 0. 0.
    8.81640764e-004 -5.22426039e-004 0. 0. 0. 0. 1.16354655e-002 0.
    7.30982341e-004 -2.85362033e-003 1.60713401e-003 2.25269556e-004
    4.29208949e-003 0. 0. 0. 0. 0. 0. 6.11462025e-003 2.72351410e-003
    5.28721279e-003 2.94091855e-003 -1.39034563e-003 0. 0.
    4.32534172e-004 0. 0. 0. 0. 0. -3.85737949e-005 -1.73674023e-004 0.
    0. 1.84364598e-002 0. 8.53538886e-003 0. 0. 4.48550913e-004 0.
    6.00719417e-004 -3.66910623e-004 0. -1.08795369e-003 0.
    5.30265039e-004 3.32626980e-003 -3.87391192e-004 1.80077122e-003
    6.41486468e-003 3.52572068e-003 6.34381222e-003 0. 7.43094133e-004
    0. 0. 0. 0. 0. 0. 0. 0. -8.39393120e-004 5.11125021e-004 0.
    1.11887709e-003 0. -4.39305033e-004 0. -1.11848605e-003
    4.69647394e-003 -1.62615289e-003 0. 2.43784320e-002 0. 0.
    1.61965145e-004 0. 0. -1.25956291e-003 0. 6.90712780e-003 0. 0.
    3.78035265e-003 0. -1.37915881e-003 6.38113648e-004 -2.53744394e-004
    0. 2.84379465e-003 6.55394606e-003 0. 9.08880509e-007 0. 0. 0.
    1.67331984e-003 -1.11837557e-003 0. 0. 0. 0. 0. 0. 1.61485572e-003
    0. 0. 0. 2.61103432e-003 0. 0. 5.62275480e-003 0. 0. 0.
    1.74268207e-003 1.78975170e-003 0. 1.27390306e-003 0.
    2.41769734e-003 0. 2.87664519e-003 3.66021274e-003 0.
    -6.77240198e-004 -2.17556575e-004 0. 2.72432133e-003 1.67057908e-003
    2.48566910e-004 0. -2.86333001e-004 0. 0. 9.21660452e-004 0.
    2.59320112e-003 1.01296790e-002 0. 0. 0. -7.92775676e-003
    -9.50304002e-006 0. 5.77027816e-003 5.73539222e-003 0. 0.
    7.32321478e-003 5.43751579e-004 0. 4.30789783e-007 -9.16340738e-004
    -7.17900810e-004 3.41872009e-003 1.11937546e-003 0. 1.08030403e-003
    0. 0. -9.79232369e-004 1.46189751e-003 -8.51052348e-004
    6.78505225e-004 0. -8.76588630e-004 -7.15034897e-004 0. 0. 0. 0.
    5.72215649e-004 0. 0. 0. 0. 6.28499500e-003 1.39032386e-003 0.
    9.24797263e-003 0. 0. 0. 0. 0. 3.00759147e-003 3.36947465e-007
    7.10906833e-003 0. 0. 0. 5.47255483e-003 1.34415692e-003 0. 0. 0. 0.
    3.04321921e-003 0. 9.15685596e-005 1.11764274e-003 0.
    1.12659985e-003 0. 7.47918105e-003 0. 3.12766735e-003
    6.07140642e-003 0. 5.56071475e-003 -1.11024815e-003 1.10424997e-004
    0. 3.89955821e-003 0. 0. 0. 1.15755887e-003 0. -1.14961927e-004 0.
    8.73477256e-004 5.28991164e-004 -3.88509769e-004 6.67218026e-003
    5.06953010e-003 -7.07385072e-004 4.56641646e-005 0. 0. 0. 0.
    5.82230423e-005 0. 1.39705153e-004 9.52053256e-003 5.11787191e-004
    4.04196233e-003 0. 7.87745288e-004 1.23856706e-003 0. 0.
    9.67767672e-004 0. 0. 0. 0. -1.01337442e-004 -2.08284837e-004
    1.02816201e-004 0. 0. 0. 0. 0. 0. 0. 0. 6.36380771e-003 0. 0. 0. 0.
    2.20509805e-003 6.36825385e-003 4.17355401e-003 -1.93326781e-003
    6.10256800e-003 0. 7.85744109e-004 0. 1.82218515e-004
    9.31752380e-003 0. -1.43345189e-003 1.54432972e-004 0. 0.
    1.11920235e-003 0. 8.14596831e-004 0. 5.30837616e-003 0. 0. 0. 0. 0.
    0. 5.16307424e-004 -1.15733780e-003 0. -1.94862671e-003
    2.23058189e-004 -1.81346317e-003 1.65041842e-004 0. 0. 0.
    1.84927124e-003 -1.53545383e-003 0. 0. -7.22169818e-004 0.
    3.58614954e-004 1.42895442e-003 7.05826096e-003 4.83312225e-003 0.
    -8.84284906e-004 1.04033796e-004 0. 1.86526129e-004 0.
    2.32830388e-003 1.12151785e-003 6.96368108e-004 0. 4.46004421e-003
    0. 0. 0. -1.81470736e-004 1.43969699e-003 0. 4.75159846e-003
    6.82261540e-004 -2.23219534e-003 -9.60996898e-004 2.83614791e-004
