<?xml version="1.0"?>
<opencv_storage>
<imageDescriptor type_id="opencv-matrix">
  <rows>1</rows>
  <cols>1000</cols>
  <dt>f</dt>
  <data>
    0. 0. 0. 0. 5.49109513e-003 3.77870887e-003 5.38571458e-003
    5.78011898e-003 1.61785516e-003 0. 4.17815195e-003 5.91987371e-003
    2.50215526e-004 0. 7.52121629e-003 2.13698338e-004 0.
    3.91089870e-003 0. 2.27532792e-003 2.07384326e-003 0. 0. 0. 0. 0.
    1.95349986e-003 7.89162237e-004 3.77955497e-004 0. 6.67277304e-003
    3.07337684e-003 0. 1.63922447e-003 0. 3.19569372e-003
    -4.11328045e-004 -6.60557649e-004 0. 4.18658543e-004 0. 0.
    -1.02141581e-004 0. 0. 3.60650942e-003 0. 0. 5.45966905e-003
    1.66098308e-003 8.38806620e-004 0. 0. 0. 0. 0. 0. 6.69541396e-003 0.
    8.48890704e-005 4.02895472e-004 7.73313548e-003 -1.05200452e-003 0.
    8.66027607e-004 0. 8.01069837e-004 4.37386660e-003 1.24943454e-003
    1.30504987e-003 -1.29180393e-004 1.15028685e-002 0. 0. 0.
    9.36511147e-004 0. 0. 1.54389360e-003 3.23506142e-003
    -2.61692377e-003 0. 1.34499150e-003 7.07365200e-003 -1.61103578e-003
    -1.41682118e-004 0. 4.17051953e-004 2.12521595e-003 0. 0. 0.
    4.35007410e-003 2.93767138e-004 2.04180193e-004 1.24184659e-003 0.
    -1.00685481e-003 0. 0. 1.08332501e-003 0. 0. 1.86311558e-003
    9.57033015e-004 0. 0. -1.30719680e-003 4.84626275e-003 0. 0.
    3.35765886e-003 9.98000731e-004 2.41964633e-004 0. 2.60861567e-003
    6.24549482e-003 0. 0. -1.89999613e-004 0. -1.96864782e-003 0. 0. 0.
    3.92380124e-003 5.11515979e-003 2.90256878e-003 0. 0. 0.
    5.07323013e-004 0. 1.67594978e-003 -4.81192819e-006 4.32697078e-003
    2.32624332e-003 -2.38015258e-004 0. 1.05378451e-003 5.82922483e-003
    4.61682165e-003 0. 0. 2.58546975e-003 0. 1.65246413e-004
    3.39171966e-003 4.28470346e-004 -9.45712498e-004 0. 0. 0. 0.
    1.08579954e-003 0. 5.72873279e-003 -2.06286422e-004 -1.39898877e-003
    4.70297178e-003 4.38756135e-004 0. 3.10016563e-003 -1.33653055e-003
    1.15965621e-003 0. 0. 0. 0. 0. 0. 3.95418238e-003 6.94323215e-004
    4.75967623e-004 0. 0. 0. 1.44187594e-003 1.46013626e-003
    1.28260779e-003 1.26742106e-003 0. 0. -1.07197811e-004
    1.92501093e-003 0. 0. 0. 0. 0. 1.54196052e-004 0. 9.62204020e-003
    -1.96369365e-003 6.44290296e-004 2.39678565e-003 0. 2.44854600e-003
    0. 0. 1.99238001e-003 1.04209231e-002 5.64967887e-003 0.
    5.13735507e-003 0. 0. -9.31348011e-004 -1.40963166e-004 0. 0.
    -5.47823089e-004 0. 2.05335906e-003 2.14178697e-003 0. 0. 0. 0. 0.
    4.57323669e-003 3.33782705e-003 -1.21772103e-003 8.00991245e-003 0.
    0. 2.15790686e-004 0. 0. 0. 0. 2.99382326e-003 0. 0. 0. 0.
    2.55503482e-003 0. 0. -1.65334888e-004 0. 0. 0. 0. -5.94182464e-004
    0. 0. 0. 8.25774448e-004 0. 0. 0. 1.45136053e-003 0.
    -1.49725529e-003 1.31128985e-003 0. 1.26789894e-003 -9.44566855e-005
    0. 0. 0. 0. 2.30262568e-003 4.60121024e-004 7.34845223e-003
    2.20471178e-003 3.26958508e-003 0. 5.21890167e-003 2.08608490e-005
    0. 0. 0. 3.63129284e-003 2.81164917e-004 0. 0. 2.11094669e-003
    7.19844189e-004 8.61386594e-004 3.04188882e-003 0. 0. 0.
    6.05426449e-003 0. 3.34802922e-003 0. 0. 1.35332311e-003 0.
    1.55113905e-003 0. 2.63870321e-003 1.22783298e-003 1.69334013e-003
    0. 1.39979087e-003 0. 1.28510292e-003 0. 0. 9.92370653e-004 0. 0. 0.
    2.24138424e-003 4.98795928e-003 0. 5.62066445e-003 4.98095993e-004
    0. 6.14586228e-004 1.79688167e-003 0. 6.30362483e-004 0. 0.
    1.64498843e-003 7.07331754e-004 0. 3.58715700e-003 0. 0. 0. 0. 0. 0.
    0. 0. 3.09554371e-003 0. 0. 0. 2.06242385e-003 0. 2.25813920e-003
    6.42745337e-003 0. 5.99908992e-004 0. 0. 0. 0. 2.72913952e-003
    -1.04815210e-003 3.17343185e-003 0. 0. 0. 0. 0. 0. 1.18539727e-003
    9.52791539e-004 0. 0. 0. 2.07372638e-003 1.23263465e-003 0.
    6.91661437e-004 0. 0. 0. 3.58006451e-003 9.87944426e-004 0.
    2.98245600e-003 0. 9.64877428e-004 4.14840411e-003 0.
    5.52051095e-003 0. 4.59608482e-003 0. 4.01358586e-003 0.
    3.95590765e-003 1.51706312e-003 0. 5.03685977e-003 4.67585342e-004
    4.99146990e-003 5.38380211e-003 5.47693635e-004 0. 0. 0. 0. 0.
    -5.60373592e-004 2.35583051e-004 0. 9.49083187e-004 0. 0. 0. 0.
    5.41948772e-004 5.44373877e-003 2.03119471e-005 4.37408825e-003 0.
    1.15908869e-003 0. 0. 1.65358209e-003 1.77220895e-003
    -3.86664324e-004 1.09224755e-003 8.27390421e-003 0. 0.
    4.38489765e-003 7.54832290e-005 0. 7.94822117e-004 0.
    -6.26410358e-004 0. 4.75641992e-003 7.48898834e-004 1.62916386e-003
    1.81270856e-003 0. 0. 0. 0. 0. 0. 0. 2.82141822e-003 2.08751226e-004
    -2.87169445e-004 -1.22255238e-003 2.62539042e-003 0. 4.73800785e-004
    0. 0. -1.35719497e-003 4.93216095e-003 0. 0. 2.39626388e-003 0. 0.
    0. 0. 0. 1.60825578e-003 0. 0. 0. 3.57688870e-003 0. 0.
    6.38225349e-004 0. -3.54988966e-004 3.77196725e-003 0. 0.
    1.99950230e-003 0. 5.04548103e-003 2.51487223e-003 0.
    1.06499263e-003 5.04191208e-004 0. 0. 0. 2.28489240e-004 0. 0. 0. 0.
    8.67465977e-004 -8.11129576e-004 0. -8.91861273e-004 0. 0.
    -4.28022060e-004 4.49714391e-003 0. 0. -5.96194513e-005 0.
    6.05248089e-004 3.47488536e-003 0. 3.10532190e-003 0.
    -3.94769340e-005 0. 1.83540136e-002 0. 4.37997421e-003
    2.24418030e-003 0. 8.40615574e-003 -3.35328892e-004 0. 0.
    1.97246694e-003 0. 0. 0. 0. 0. 0. 5.80819463e-003 0. 2.14498746e-003
    2.12972821e-003 0. 0. 0. 0. 0. -1.20840290e-004 1.77578733e-003 0.
    3.81097966e-003 0. 2.87776417e-003 0. 0. 0. 0. 2.48033064e-003
    5.56932646e-004 9.51478840e-004 0. 0. 0. 0. 0. 1.67941453e-003
    6.91779843e-003 1.44831580e-003 1.64052425e-003 6.41742395e-003
    2.19839206e-003 0. 0. 0. 6.69406494e-003 5.20199770e-003 0.
    -1.66282771e-004 0. 2.28296407e-003 0. 6.30863011e-004
    -9.04066255e-004 0. 0. 0. 1.26528891e-003 0. 0. 0. 0. 0. 0.
    2.93402991e-004 3.20661376e-004 1.29217200e-003 0. 1.64076698e-003
    0. 0. 0. -7.84595613e-004 0. 3.61852231e-003 4.73799370e-003 0.
    6.79558609e-004 1.20160440e-002 1.18519389e-003 0. 0.
    1.15017081e-003 0. 0. 1.25849992e-003 0. 0. 0. 0. 3.06360470e-003
    1.02129148e-003 8.06504569e-004 0. 0. 3.49613186e-003 0.
    1.08446658e-003 0. -2.09785183e-003 0. 0. 0. 0. 0. 6.24907916e-005
    -4.57858061e-003 0. 0. -1.16514310e-003 0. 0. 0. -6.50006288e-004 0.
    7.65773980e-003 7.56824529e-003 -2.76734470e-004 2.20495742e-003 0.
    -7.49452855e-004 1.54593284e-003 -3.75934935e-004 0. 2.52137939e-003
    9.65853978e-004 0. 4.61678207e-003 0. 0. 0. 0. 0. 0. 0. 0. 0.
    7.20397860e-004 1.08624308e-003 0. -1.75257810e-004 0.
    4.69808420e-003 0. 0. 4.65985201e-003 9.94361821e-004 0. 0.
    4.67917742e-003 1.25851168e-003 5.16789546e-003 -8.23467708e-005
    1.70485675e-003 0. 2.82595516e-003 0. -1.71456684e-003
    6.71454938e-004 0. 0. 6.14582619e-004 -9.01950581e-004 0. 0.
    4.45959205e-003 2.02491274e-003 0. 7.52163003e-004 0.
    4.67898650e-003 7.34707899e-003 0. 5.13807591e-003 -5.16371510e-004
    0. 1.57359266e-003 -1.82256184e-003 9.65880521e-004 0.
    6.92672795e-004 0. 0. 2.09803018e-003 0. 1.26970885e-003
    2.02672323e-003 0. 0. 2.45897379e-003 0. 0. 0. 0. 0. 0. 0. 0.
    9.55519825e-003 3.05141113e-003 0. 0. 0. 0. 4.81013674e-003
    2.02040165e-003 7.81534612e-003 2.49603740e-003 0. 0.
    -8.86854425e-004 0. 0. 0. 0. 0. -1.15557399e-003 0. 5.13924053e-003
    0. 0. 0. 0. 0. 0. 0. -4.62061900e-004 0. 1.34585612e-003 0.
    -8.87470378e-004 0. 1.73256383e-003 2.33123987e-003 4.97497106e-003
    0. 0. 5.14961919e-003 2.48784642e-003 5.56950318e-003 0.
    8.17057118e-003 5.68791339e-003 0. 0. 0. 1.58146489e-003 0. 0.
    6.85329433e-004 5.10420091e-003 0. 0. 0. 1.47791044e-003
    1.51542163e-005 0. -1.70091051e-004 0. 0. -2.88260286e-004
    1.16197625e-002 0. 8.21098976e-004 1.01490747e-004 0. 0. 0.
    5.43652521e-003 0. 4.09657788e-003 3.14448052e-003 0. 0.
    1.09975180e-003 -7.55904184e-004 1.98241253e-003 0. 0. 0.
    1.96930370e-003 2.68628611e-003 0. 0. 0. 9.01819579e-003
    -2.18893820e-003 1.29011029e-003 0. 0. 2.58170674e-003 0.
