<?xml version="1.0"?>
<opencv_storage>
<imageDescriptor type_id="opencv-matrix">
  <rows>1</rows>
  <cols>1000</cols>
  <dt>f</dt>
  <data>
    2.46764603e-003 0. 0. 1.02143222e-003 0. 1.17916765e-003
    4.18376131e-003 0. 0. 4.46680281e-003 0. 0. 8.55512684e-004 0. 0.
    5.43883827e-004 0. 5.07451734e-003 -1.57929753e-004 -1.74804183e-004
    3.45981028e-003 0. 1.88328384e-003 0. 0. -5.24488278e-004 0.
    3.70774907e-003 0. 0. 7.78570422e-004 0. 0. 1.57830492e-003 0.
    7.82233663e-004 -1.04124995e-003 3.53269605e-003 9.29116737e-004
    -7.88837846e-004 1.49726041e-003 1.36926526e-003 0. 0. 0. 0.
    3.93743394e-003 1.16169546e-003 -3.16087389e-004 1.16366160e-003
    4.51561902e-003 9.10444593e-004 0. 0. -1.42869214e-003 0. 0.
    2.10763956e-003 0. 0. 0. 0. -1.03387656e-003 1.95956160e-003 0. 0.
    6.38450170e-003 -8.16665939e-004 0. 2.73763482e-003 4.36606724e-003
    6.86851097e-004 1.95968966e-003 0. 0. 8.70927586e-004
    -1.38316385e-003 0. 1.13747234e-003 0. 0. 3.95998172e-003
    4.16246196e-003 1.64632592e-003 1.38763001e-003 5.45643270e-003
    1.03285408e-003 1.06557738e-003 0. 0. 0. 0. 0. 1.26510311e-003
    1.10981291e-005 4.90872003e-003 0. -4.13543348e-005 3.78305465e-003
    2.86045601e-003 2.19946215e-003 0. 2.73352419e-003 0. 0. 0.
    2.49809469e-004 0. 0. 8.81433114e-003 4.65306919e-003
    4.16461518e-003 0. 3.60201579e-003 3.93296964e-003 1.92901667e-003
    -5.67660376e-004 0. 0. 6.17085956e-004 2.70103058e-003 0.
    7.40942406e-003 9.83253820e-004 0. 0. 0. 1.85136523e-004
    7.18339486e-003 -2.82427575e-003 0. -7.94076768e-004 0. 0.
    -5.00454007e-005 2.48791976e-003 1.31807488e-003 1.25147775e-003
    -9.89130931e-004 3.29327486e-005 2.55965185e-003 5.17866167e-004
    1.58529438e-003 0. 0. 2.16468051e-003 2.91395164e-003
    1.84281834e-003 1.43721909e-003 -1.29408843e-004 -8.59289372e-004 0.
    0. 3.70335998e-003 0. 0. 1.75666716e-003 0. 3.84663907e-003 0. 0.
    1.57276308e-003 -2.56984704e-003 1.19113526e-003 2.33911001e-003
    1.65194168e-003 0. 0. 0. 2.95646372e-003 5.48406504e-004
    5.58261992e-004 0. 0. 1.19929074e-003 5.08891745e-003
    1.01953349e-003 0. 1.59915758e-003 0. 5.28841745e-003 0.
    4.72515909e-004 0. 1.99008989e-003 -1.82461401e-004 0.
    -3.33290052e-004 0. 0. 0. 0. 4.03119856e-003 -7.11101748e-004 0.
    1.74162874e-003 3.87949374e-004 8.74204969e-004 1.04646562e-004 0.
    -2.56768748e-004 0. 3.32968007e-003 0. -2.00415107e-005
    5.67095005e-004 8.72381614e-004 1.41614617e-003 3.43991350e-003 0.
    0. 0. 2.22227257e-003 1.12744700e-003 0. 0. 0. 0. 0. 1.48714660e-003
    0. 0. 1.47168268e-003 2.04593479e-003 0. 0. 1.92795433e-005 0. 0.
    1.78927905e-003 3.13705183e-003 0. 0. 0. 0. 9.05271794e-004 0. 0.
    2.78216531e-003 -1.13019050e-004 3.98714654e-003 0. 0.
    1.76186499e-004 1.26762793e-003 0. -7.72095009e-005 -6.39743579e-004
    9.56131727e-004 2.23778700e-003 0. 4.85714804e-003 1.33777061e-003
    3.04198754e-003 0. 2.14654277e-003 0. -8.88648065e-005
    8.35195184e-003 0. 1.39756512e-003 4.83722892e-003 0. 0.
    4.92213003e-004 1.01277034e-003 0. -7.21799850e-004 0. 0. 0. 0.
    1.76842650e-003 0. 0. 5.14706830e-004 3.28348321e-003 0. 0.
    2.43673706e-003 0. 0. 1.99044938e-003 0. 0. 1.27931417e-003
    2.66529649e-004 0. -5.69771873e-006 0. 3.96531541e-003
    2.51991977e-003 1.00281704e-002 1.43626169e-003 0. 0.
    3.07510304e-003 0. 8.18201457e-004 0. 5.24675194e-003 0.
    1.20695063e-003 2.92799971e-003 0. 0. 0. 0. 6.14684192e-004
    1.38426095e-003 0. 0. 1.20784901e-003 2.80166324e-003
    4.03597159e-003 5.58587257e-004 0. 1.57608977e-003 0. 0. 0. 0. 0. 0.
    1.80091779e-003 0. 4.98829223e-003 5.88831201e-004 0.
    5.36826160e-003 2.13567331e-003 0. 0. 2.53158086e-003
    1.62508409e-003 1.01077533e-003 -2.14351597e-003 0. 0. 0.
    1.00836070e-004 4.48735384e-003 0. 5.17753244e-004 8.23809591e-004
    1.48253352e-003 0. 5.10749454e-003 3.09655373e-003 0.
    1.29642966e-003 0. 0. 0. 0. 0. 1.83359502e-004 -1.41925376e-003 0.
    0. 0. 2.84058042e-003 1.48834486e-004 0. 0. 8.91286763e-004
    -1.13547299e-004 7.28908647e-003 1.06627913e-003 1.49696309e-003
    4.72031208e-003 1.47210178e-003 2.14468862e-004 1.97619479e-003 0.
    3.98251973e-003 2.56467192e-003 0. -4.66246973e-004 0.
    1.15622103e-003 0. 0. 0. 0. 0. 1.09248690e-003 0. 0.
    -6.52933522e-006 0. 0. 0. 1.23149657e-003 5.36849955e-004
    1.00000540e-003 1.98861817e-003 2.14710995e-003 -1.31151843e-004
    3.15839262e-003 2.86665186e-003 4.96983342e-003 1.46709220e-003 0.
    0. 1.00061332e-003 -8.62506713e-005 0. -7.42400007e-004
    3.00432998e-003 1.75305715e-004 0. 0. 0. 0. 1.61105255e-003
    6.24306034e-004 3.98818729e-003 4.44040680e-003 2.89231015e-004 0.
    0. 2.14264076e-003 0. 1.38123427e-003 0. 1.19670900e-003 0.
    1.03540616e-002 -2.38473574e-003 0. 0. 0. -1.07832160e-003 0.
    1.57580141e-003 -3.18717421e-003 3.79159552e-004 5.54317655e-003
    3.40810302e-003 0. 4.82395338e-003 -9.84605053e-004 6.82163634e-004
    8.44838971e-004 0. 0. 0. 0. 7.40344462e-004 1.81848102e-003
    2.38145329e-003 2.67394260e-003 0. 0. 0. 4.33153094e-004
    2.84593389e-003 7.03693042e-003 2.20084121e-003 0. 0.
    1.91208755e-003 3.58080654e-003 0. 2.59626913e-003 1.66826718e-003
    -3.95532930e-004 0. 0. 0. 3.48861841e-003 4.10054065e-003
    1.78805401e-003 0. -3.74711875e-004 2.21845787e-003 3.50750331e-003
    1.47105043e-003 4.61157784e-003 7.38181174e-004 1.40318694e-003 0.
    1.21027883e-003 0. 5.22057712e-003 -3.64710926e-004 0.
    2.81722378e-003 1.22221501e-003 4.91039641e-003 0. 3.32282856e-003
    8.67955096e-004 0. 3.54501186e-003 5.65169565e-003 0.
    8.74128379e-003 5.19053126e-003 2.86812457e-004 0. -6.36091136e-005
    0. 6.42548082e-003 0. 0. 3.46856355e-003 2.29327264e-003
    1.35459367e-003 4.14164457e-003 4.35475609e-004 0. 0.
    2.03622691e-003 1.59495394e-003 0. 0. 4.37892554e-003 0.
    1.45454344e-003 -8.99439026e-003 0. 3.07081244e-003 2.95478315e-003
    0. 1.76251237e-003 0. 1.19549455e-003 0. 0. 1.16731157e-003 0.
    3.05237551e-003 0. 9.27200657e-004 4.85512981e-004 -1.23812351e-003
    8.64284637e-004 0. 0. 1.08235392e-004 1.38948089e-003
    3.79575475e-004 0. 0. 0. 0. 0. 1.10858749e-003 -9.76421463e-004
    3.39964987e-003 8.89015850e-004 0. 0. 6.97532596e-005
    1.14260800e-003 0. 1.78413594e-003 0. 5.07147145e-003
    3.99269257e-003 6.24140818e-003 2.28741788e-003 0. 0. 0.
    9.98322619e-004 -1.39317731e-003 4.13168129e-003 0. 2.34342457e-004
    0. 4.45778278e-004 2.76915566e-003 8.75985097e-006 0.
    4.99644736e-003 2.67287309e-004 4.01799474e-003 0. 7.97451299e-004
    0. 0. -4.31512599e-004 6.63231127e-003 1.22710010e-002 0.
    -4.07490064e-004 1.03306014e-003 4.21728007e-003 -7.46253703e-004
    1.01626234e-003 0. 0. 4.97919181e-003 -2.29748402e-004 0.
    4.98454692e-003 2.74656527e-003 0. 2.39658009e-004 2.18181382e-003
    1.54293317e-004 0. 0. 0. 6.46978803e-003 0. 0. 7.29469815e-004
    1.36603124e-003 0. 8.23553361e-004 0. -8.42958747e-004
    3.11136973e-004 0. 2.28128885e-003 1.15949672e-003 0.
    2.33163312e-003 0. 1.17328751e-003 4.39487165e-003 0. 0.
    9.73789580e-003 0. 0. 4.34357300e-003 -6.26598776e-004 0. 0.
    4.80372226e-004 -7.75708642e-004 0. 1.29267026e-003 0.
    8.61542067e-004 0. 0. 2.00497045e-004 0. 0. 1.16347324e-003 0. 0.
    3.49520077e-003 0. 0. 2.89492239e-003 -2.48697790e-004
    1.05029927e-003 -3.87443404e-004 7.28189480e-004 2.83903885e-003
    2.19356152e-003 2.23728549e-003 4.00060817e-004 0. 3.18447477e-003
    0. 0. 3.20203765e-003 3.76408244e-003 0. 0. 0. 0. 0. 0.
    7.50252628e-004 1.40694203e-003 1.25597627e-003 2.14779074e-003
    8.78397317e-004 1.30340608e-003 0. 0. 2.37042084e-003
    -1.06663175e-003 0. 0. 2.47598882e-003 0. 4.99548949e-003
    3.88194821e-005 0. 0. 0. 0. 0. 2.95598555e-004 6.81772595e-004 0.
    -1.60152369e-004 -2.05419585e-003 9.05704743e-004 3.22813843e-003 0.
    8.55360297e-004 0. 0. 3.33542028e-003 1.70619856e-003
