<?xml version="1.0"?>
<opencv_storage>
<imageDescriptor type_id="opencv-matrix">
  <rows>1</rows>
  <cols>1000</cols>
  <dt>f</dt>
  <data>
    0. 0. 0. 1.00311497e-002 2.26016250e-003 0. 0. 5.85163338e-003
    -1.93111642e-004 6.33568317e-003 0. 0. 0. 1.92942191e-003
    5.51640347e-004 2.08489806e-003 4.84661013e-003 1.38140272e-003 0.
    0. 0. 0. 4.24527936e-003 0. 0. -1.13776630e-004 5.55180071e-004 0.
    5.19895402e-004 0. 0. 6.68679737e-003 0. 8.94710328e-003
    1.03506155e-003 0. 5.82501700e-004 0. 1.56488607e-003 0. 0. 0.
    1.99419516e-003 4.09120228e-003 0. 0. 0. 3.03544407e-003 0.
    1.94554479e-004 5.01805358e-003 2.49543181e-003 1.22344866e-003
    -6.97505253e-004 1.27252785e-003 0. 0. 0. 1.46672688e-003
    6.38747169e-003 0. 0. 1.56146765e-003 6.26450963e-003
    8.91470537e-003 0. 0. 0. 0. 2.87889200e-003 5.29572135e-004
    -1.32189190e-003 8.74036850e-005 1.17175863e-003 0. 2.50024791e-003
    1.24696631e-003 2.81621609e-003 0. 0. 0. 1.80291827e-003
    2.07431125e-003 1.06778614e-004 7.11485464e-003 0. 0.
    5.07990923e-003 0. 2.71393992e-006 4.59819054e-003 0.
    2.05270248e-003 4.87730699e-003 0. -1.22601644e-003 0. 0.
    1.75380765e-003 0. 0. 0. 0. 0. 0. 0. 4.42661205e-003 1.94006320e-003
    0. 0. 1.53081806e-003 0. 0. 0. 4.14041337e-003 9.42313985e-004
    -6.01766980e-004 6.86658081e-004 1.49193511e-003 0. -4.95320319e-006
    2.68472591e-003 6.09283627e-004 0. 0. 0. 0. 0. 0. 3.18309478e-003
    -1.25464110e-004 0. 0. 0. 3.45913274e-003 -2.83073285e-004
    7.36094880e-005 -4.11655346e-004 -1.06316304e-003 1.50961010e-003 0.
    -8.01843358e-004 5.85100334e-003 1.18079316e-002 8.56269337e-003 0.
    2.19168700e-003 0. 1.15759298e-003 3.37469624e-003 0.
    1.03345222e-003 1.42749771e-003 1.07149850e-003 1.27003458e-003
    5.54401078e-004 3.62194399e-003 3.81186069e-003 1.47987634e-003 0.
    6.24412205e-004 2.33873446e-003 -2.55694642e-004 5.60220331e-004
    -4.37128358e-004 0. 0. 1.19458174e-003 0. 0. 2.08308804e-003
    1.17767148e-003 0. 1.08359673e-003 0. 0. 1.47926097e-003 0.
    1.34341163e-003 0. 6.46424363e-004 0. 1.71027298e-003
    6.85456966e-004 1.93267385e-003 0. 0. 3.15466220e-003 0. 0.
    3.02339060e-004 0. 0. -2.58074258e-003 -6.22990075e-004 0. 0.
    -1.16757408e-003 3.04301176e-003 -7.21463410e-004 0. 0.
    -1.71512063e-003 -3.31760792e-004 6.56361575e-004 0. 3.08230589e-003
    0. 0. 0. 0. 2.70206039e-003 0. 0. 0. 0. 0. 0. 0. 2.62523885e-003 0.
    0. 9.88995307e-004 0. 0. 0. -6.09743183e-005 0. 0. -2.58106273e-004
    0. 0. 8.86845344e-004 1.24415581e-003 0. 0. 0. 1.78054761e-004 0. 0.
    1.77333306e-003 0. 1.97940695e-004 0. 0. 8.26864678e-004 0.
    3.17698158e-003 -4.97225774e-005 2.43285531e-003 0. -2.40314621e-004
    3.98697332e-003 4.36683698e-003 0. 5.26967284e-004 3.78799555e-003
    0. 0. 3.37748177e-004 0. 2.00422568e-004 -1.79214939e-003 0. 0. 0.
    3.92881874e-003 1.92841646e-004 0. 0. 2.81435507e-003 0. 0. 0.
    4.43238037e-004 0. 4.58444672e-004 0. 0. 0. 3.26129654e-003
    3.55638633e-003 0. 8.03837262e-004 9.96357994e-004 0.
    5.22155024e-005 0. 2.45763594e-003 7.18588592e-004 1.04103691e-003
    0. 0. 5.85287949e-003 0. 0. 0. 0. 0. 1.08985940e-003 0. 0.
    5.40743757e-004 1.13544508e-003 0. 2.10005511e-003 1.94645964e-003
    0. 0. 1.74294144e-003 0. 4.45755990e-003 0. 0. 0. 0. 0.
    5.74919442e-003 2.87564239e-003 0. -9.38333687e-004 4.58260853e-004
    0. 0. 7.68338679e-004 7.12620234e-003 0. 4.64076875e-003 0. 0.
    3.47206689e-004 4.53396467e-004 3.32503987e-004 3.37121519e-003 0.
    1.71903172e-004 0. -8.03842631e-005 0. 8.60317145e-003 0.
    2.42465828e-003 2.93125445e-003 0. 2.31156102e-003 1.95011334e-003
    0. 0. 0. 0. 0. 0. 0. 0. 0. 1.31131625e-002 0. 0. 0. 0. 0.
    1.76569610e-003 4.81633376e-003 0. 0. 6.23785541e-004 0.
    5.16436948e-003 0. 0. 0. 0. 0. 0. 1.47381611e-003 0. 0. 0.
    6.96815725e-004 2.67968723e-003 1.20366039e-003 0. 0.
    6.37980504e-003 0. 0. -1.00291311e-003 7.08770892e-003 0. 0. 0.
    5.95636229e-005 1.16624741e-003 0. 0. -1.35716936e-003 0.
    1.59568022e-004 2.06222082e-003 0. 0. 0. 0. 0. 0. 2.10546632e-003 0.
    -5.79556276e-004 0. 0. 0. 6.76040421e-004 0. 4.61064046e-005 0.
    9.50069749e-004 7.01132556e-003 0. 0. 3.89428256e-004 0. 0.
    2.22077523e-003 5.33633307e-003 1.65316975e-003 7.48898077e-004 0.
    0. 0. 2.76554190e-003 6.53033191e-003 0. 0. 0. 1.82809235e-004 0. 0.
    0. 4.39961161e-003 4.96028364e-003 4.10750555e-003 2.82078050e-003
    3.16807046e-003 1.50275673e-003 3.65739659e-004 1.91804580e-003 0.
    -3.28376700e-005 1.65944744e-003 0. 0. 0. 0. 1.30683300e-003 0. 0.
    0. 0. 0. 0. 1.26811687e-003 3.28924274e-003 4.08359384e-003
    -1.01009937e-004 1.73591624e-003 2.25365395e-003 4.32074443e-003 0.
    0. 0. 0. 0. 6.36417326e-003 6.43612701e-004 0. 0. 0. 0.
    1.36808274e-004 1.07266838e-004 0. 0. 0. 3.15568713e-003 0.
    3.16931331e-003 0. 2.69960496e-003 0. 2.63582403e-003 0.
    1.34782621e-003 0. 3.56517290e-003 0. 2.58082175e-004
    1.32045243e-003 0. 6.34106516e-004 -7.62749623e-005 -1.19413796e-003
    0. 1.79004786e-003 0. 2.30479753e-003 0. 0. 0. -2.48465309e-004 0.
    0. 2.94453930e-003 0. 7.43593788e-004 0. 1.54134131e-003 0. 0.
    -5.89868752e-004 0. 8.08727089e-003 0. 2.50810728e-004
    1.91772508e-003 0. 0. -1.11670746e-003 -1.41850801e-003 0. 0.
    2.35281722e-003 5.89985494e-003 0. 2.15716730e-003 0. 0.
    2.55597952e-005 2.80531729e-003 2.32949504e-003 0. 0. 0. 0. 0. 0. 0.
    1.41312112e-003 0. 0. 0. 2.69058277e-003 6.09664386e-003
    -1.15366878e-004 9.36315395e-004 7.25089514e-004 0. 0.
    4.89354786e-003 0. 1.15527026e-003 0. 3.25692259e-003 0. 0.
    4.69078339e-004 0. 5.60957182e-004 0. 0. 0. 0. -6.21845305e-004
    1.59055809e-003 0. 0. 7.17742136e-003 -6.26910196e-006 0.
    2.31456663e-003 0. 2.02414743e-003 0. 3.67119210e-004 0. 0. 0. 0. 0.
    2.77071213e-003 0. 0. 0. 2.08069873e-003 0. 0. 0. 0. 0. 0. 0.
    7.39633397e-004 0. 0. 0. 1.62889261e-003 0. 0. 2.99101206e-003
    5.18529629e-003 0. 4.83298383e-004 7.20062992e-003 0. 0. 0.
    5.11814794e-003 -6.62818900e-004 3.30680772e-003 0. 0. 0. 0. 0.
    4.26804274e-003 8.28680641e-004 0. 0. 0. 1.89780968e-003 0. 0.
    4.46909759e-003 0. 0. 0. 2.99062068e-003 0. 0. 0. 0. 2.18556332e-003
    0. 0. 0. 3.75785329e-003 4.14058886e-005 6.03089284e-004 0. 0. 0. 0.
    0. 0. 5.32299280e-003 0. 0. 4.12906287e-003 4.49375203e-003
    1.02005736e-003 0. 0. 3.96320364e-003 2.91136932e-003
    2.56935204e-003 -3.99187033e-004 0. 2.10466492e-003 -2.51810670e-005
    0. 0. -5.59049484e-004 0. 3.74938617e-003 0. 0. 5.69103193e-003 0.
    1.80162350e-003 1.40057609e-003 -3.76253913e-004 -1.01956457e-003 0.
    0. 0. 2.83716456e-003 3.73418769e-003 0. 0. 0. 4.01523849e-003
    1.77720946e-003 3.22779561e-005 0. 1.23182556e-003 0.
    4.27047489e-003 3.39009869e-003 -1.71453203e-003 0. 0.
    3.87528935e-003 0. 0. 2.84158369e-003 0. 0. 1.03824493e-003 0.
    2.92405346e-003 0. 1.29007769e-003 3.96613870e-003 9.48434812e-004
    1.39661727e-003 8.17365479e-004 -2.53680721e-003 0. 0. 0.
    2.92130862e-003 3.73755698e-003 5.49851730e-003 1.12419180e-003
    1.51980482e-003 3.50835588e-004 0. 1.43847766e-003 9.02664106e-005
    -1.55454385e-004 0. 0. 9.78584634e-004 3.61276977e-003 0.
    3.74245318e-003 1.47648726e-003 0. 2.45503499e-004 0. 0.
    6.07153727e-003 4.16162424e-003 1.66394410e-003 5.32260106e-004 0.
    0. 4.00848547e-003 2.29537697e-003 0. 3.89914401e-003 0. 0.
    4.17721737e-003 2.88494560e-003 5.02612209e-004 1.76257594e-003 0.
    0. 4.36709495e-003 1.77235191e-003 6.93919355e-005 3.75166978e-003
    0. 0. 0. 4.81575815e-004 0. 0. 0. 1.24906655e-003 2.63480586e-003
    7.12044828e-004 0. 1.64721813e-003 1.10386964e-003 9.69087239e-004
    6.85194274e-003 0. 1.97065854e-003 5.37844142e-003 9.05708002e-004
    3.10129416e-003 0. 4.37977072e-003 3.93837411e-003 1.42548571e-003
    -1.01512205e-003 0. 2.33035884e-003 0. 0. 0. 0. 0. 0. 0.
    4.83012665e-003 0. 0. 2.32730689e-003 1.15984306e-003 0.
