<?xml version="1.0"?>
<opencv_storage>
<imageDescriptor type_id="opencv-matrix">
  <rows>1</rows>
  <cols>1000</cols>
  <dt>f</dt>
  <data>
    0. -2.34486768e-004 9.66524612e-003 4.28554282e-004 1.25144445e-003
    2.31523043e-003 0. 1.00384385e-003 4.00714017e-003 3.25542991e-003
    0. 3.69262882e-003 0. 3.33002507e-004 1.95902749e-003 0.
    -6.49533060e-004 0. 0. 0. 8.34279286e-004 8.32852500e-004
    1.08112406e-003 1.62291573e-003 0. 1.07624091e-003 -9.03931621e-004
    0. -2.75095896e-004 8.49004136e-004 9.37575940e-004 0.
    3.11082957e-004 4.74937726e-003 2.45101959e-003 0. 0.
    1.36052608e-003 0. 3.01319989e-003 0. 1.10886223e-003
    3.95603105e-003 3.04267602e-003 4.75344365e-004 0. 1.29164231e-003
    5.93060534e-003 0. 2.21230625e-003 0. 1.15367933e-003
    2.16007070e-003 0. 0. 0. 1.58171484e-003 3.53753974e-004
    -9.82877682e-004 0. 2.96304096e-003 0. -9.91415582e-004 0.
    3.10531771e-003 -1.27695897e-003 0. 0. 3.51297110e-003
    7.15070113e-004 1.18609874e-004 1.19225984e-003 0. 0.
    4.24047321e-004 0. 2.68428610e-003 3.74379405e-003 0.
    1.37793203e-003 0. 0. 0. 0. 1.06723502e-003 1.13995431e-003
    7.46147416e-004 -5.38137450e-004 1.80535426e-003 0. -1.02897186e-003
    1.23125035e-003 2.99479510e-003 9.93599300e-004 2.24673096e-003 0.
    1.64867227e-003 0. 3.51479370e-003 3.58774257e-003 2.50173354e-004
    0. 1.64262741e-003 3.44441342e-003 5.99267194e-004 4.72170440e-003
    1.62879413e-003 2.30769743e-003 0. 0. 0. 8.32947320e-004 0. 0.
    2.17775186e-003 3.53619806e-003 0. 8.90334137e-004 0.
    1.68666150e-003 7.08396360e-003 1.33210549e-003 7.31258886e-004
    4.48139943e-003 2.43601404e-004 0. 4.82519099e-004 3.45040753e-004
    2.47883261e-003 1.57640909e-003 8.09177873e-004 1.28420099e-004 0.
    0. 6.74018156e-005 2.21370650e-003 0. 8.31162673e-004 0. 0.
    1.61998067e-003 3.17010120e-003 1.58909091e-003 2.14695744e-003
    1.03556283e-003 0. 3.97209777e-003 0. 2.75311363e-003 0.
    1.60085526e-003 2.47530080e-003 1.72232476e-003 3.72672174e-003
    1.64952525e-003 9.21249972e-004 9.73413989e-004 1.37195748e-003 0.
    7.36210437e-004 0. 0. 1.87781372e-003 0. 0. 1.51286437e-003
    2.78529129e-003 1.89899336e-004 0. 5.92998345e-004 0.
    9.20913182e-004 3.28813423e-003 0. 3.79808154e-003 0.
    6.09613897e-004 2.35536089e-003 3.87661450e-004 -7.53329150e-005 0.
    2.19865804e-004 2.55766990e-005 1.48062280e-003 0. 1.13932602e-003
    0. 1.45654683e-003 3.64194135e-003 4.21198900e-004 1.26161298e-003
    0. 6.97536103e-004 2.97487248e-003 0. 0. 5.50063560e-004
    3.41365673e-003 3.94218694e-003 0. 1.75972679e-003 0.
    2.96081812e-003 1.35767634e-003 6.96262287e-004 0. 0.
    1.04470120e-004 8.70416523e-004 0. 8.62782996e-004 1.06085243e-003
    0. 0. 9.42858215e-003 1.49242755e-003 8.23663489e-004 0.
    1.38662127e-003 2.12328043e-003 7.20431446e-004 5.31030074e-003 0.
    -6.18288177e-004 1.98820583e-003 0. 0. 0. 0. 4.20928188e-003
    6.52864715e-003 1.09572080e-003 1.44000782e-003 -2.01666728e-003 0.
    1.63176068e-004 1.17538206e-003 2.88830232e-003 0. 4.66828374e-003
    9.25824686e-004 0. -8.16312851e-004 1.08281407e-003 0. 0. 0.
    6.03137596e-005 4.08728229e-004 4.05849563e-003 0. 0. 0.
    7.40374380e-004 0. 0. 0. 0. 0. 1.37668266e-003 3.63195548e-003
    1.37876748e-004 1.09212252e-003 3.41054727e-003 3.66418273e-003 0.
    0. 1.91382878e-003 6.92717091e-004 0. 7.38576287e-003 0.
    1.25606195e-003 0. 4.10554837e-003 0. 0. 1.83714845e-004 0. 0.
    4.03476786e-003 2.82343390e-004 3.40332772e-004 0. 0.
    1.76223193e-003 3.84634850e-003 1.42207160e-003 0. 0.
    3.06408596e-003 0. 0. 0. 6.56012737e-004 9.64968291e-004
    5.58504695e-003 1.35906029e-003 2.17463169e-003 5.56592317e-003 0.
    2.48916936e-003 0. 0. 0. -3.71752045e-004 0. 2.64909514e-003 0.
    1.01724418e-003 0. 0. 2.28764187e-003 6.13691576e-004
    1.27512997e-003 0. 2.65406002e-003 0. 1.30504533e-003
    1.55855995e-003 0. 1.55399600e-003 0. 3.79354693e-003
    2.67467520e-004 2.36462554e-004 1.90486922e-003 0. 0.
    3.30148241e-003 0. 0. -8.45484377e-004 1.13740657e-003
    2.53844727e-003 2.89844302e-003 2.54886760e-003 8.04159674e-004
    1.65353471e-003 0. 0. 1.86573120e-003 1.44870358e-003
    4.37474903e-003 0. -4.02424979e-004 3.08846793e-004 -1.35337166e-003
    1.30559120e-003 2.42675212e-003 0. 0. 3.41531262e-003 0.
    2.08639336e-004 1.61017594e-003 -1.49465326e-004 1.78024080e-003
    3.89640831e-004 1.60775532e-003 2.71834829e-003 3.12433112e-003
    1.06335210e-004 3.15673626e-003 3.80657613e-003 9.34914337e-004
    9.84916696e-004 0. 0. 3.86522943e-003 9.65867075e-005 0.
    6.39593136e-003 2.07230076e-003 1.62497233e-003 1.75997731e-003
    7.66252866e-004 0. 0. 0. 2.56740232e-003 0. 0. 0. 1.06763421e-003 0.
    1.00213243e-003 2.00514123e-003 1.35460508e-003 1.31857547e-003 0.
    3.74634471e-003 0. 4.19292337e-004 2.78983405e-003 7.33476249e-004
    4.23041143e-004 6.72615645e-003 1.04159553e-004 3.08012543e-003 0.
    2.68708309e-003 4.17954102e-003 7.30189320e-004 0. 2.54269945e-003
    0. 9.90286819e-004 0. 0. 0. 1.56922662e-003 8.38949054e-004
    -1.03586935e-003 -8.16377171e-004 0. 0. 0. 0. 2.33520730e-003 0. 0.
    -1.19760470e-003 0. 0. -6.21208979e-004 0. 0. 0. 1.12854957e-003
    1.88942917e-003 1.14221149e-003 4.38495976e-004 1.97205180e-003 0.
    0. 1.20840932e-003 4.32731293e-004 4.47393302e-003 -9.95850773e-004
    6.94909738e-003 0. 2.62712361e-004 0. -1.42623310e-003 0. 0. 0. 0.
    1.60577463e-003 0. 1.60061335e-003 0. 1.04483322e-003
    1.36965362e-003 0. 2.47235945e-003 2.40349653e-003 9.49714624e-004
    6.28704205e-003 6.84756145e-004 1.72050216e-003 0. 1.58249878e-003
    1.09221286e-003 4.69418766e-004 0. 2.96380676e-005 0.
    9.50091518e-004 0. 2.43179826e-003 -8.20723653e-004 2.25233240e-003
    0. 0. 5.25350822e-003 0. 0. 0. 8.72752862e-004 0. 1.06206129e-003 0.
    2.68104399e-004 0. 6.49594644e-004 0. 0. 0. 0. 0. 1.39668421e-003 0.
    0. 2.99973809e-003 9.90563422e-004 1.00393244e-003 2.95283529e-003
    0. 0. 7.56790955e-003 3.04046995e-003 0. 0. 1.60671188e-003
    1.90097518e-004 6.33445859e-004 0. 3.43036908e-003 0.
    1.71368488e-003 0. 8.75537575e-004 -7.53359403e-004 3.22237401e-003
    0. 0. 8.11567763e-004 0. 0. -3.27964139e-004 3.76975746e-003 0.
    5.75202191e-003 0. 2.11333943e-004 1.16265472e-003 0.
    -9.95962881e-004 3.76861473e-003 2.05099280e-003 -6.17669546e-004
    8.45173560e-003 0. 0. 0. 3.31710093e-004 2.73503363e-003
    -3.50486080e-004 0. 0. 1.40003371e-003 1.17982936e-003
    5.95015753e-003 0. 0. 2.64077471e-003 7.76546076e-004 0.
    2.43910984e-003 0. 0. 1.36844523e-003 0. 6.10602496e-004
    7.86342716e-004 2.30367932e-005 5.22416597e-003 -6.38656376e-004 0.
    1.61424710e-003 0. 1.21028360e-003 -9.21817671e-004 0.
    -3.62014020e-004 3.84468614e-004 0. 1.35865982e-003 3.03654262e-004
    0. 5.65069495e-004 1.11409938e-002 0. 1.22700888e-003
    5.74333171e-006 0. 7.86205928e-004 0. 0. 0. 1.19810662e-004 0. 0.
    1.26707077e-003 2.77770916e-003 0. 8.19198904e-004 0.
    7.04489590e-004 1.39929180e-003 0. 0. 3.00872372e-003
    3.13323364e-003 0. 3.71163269e-003 0. 2.93833110e-003
    6.47401786e-004 1.92475237e-003 6.85442123e-004 2.21961513e-004 0.
    2.62614386e-003 0. 2.81061349e-003 5.70760109e-003 0.
    1.70399703e-003 1.25489419e-003 0. 0. 0. 0. 0. -4.79452632e-004
    -8.77703074e-004 0. 0. 6.92071742e-004 1.55350531e-003
    3.34734446e-003 -5.33997722e-004 0. 0. 0. 0. 1.95052801e-003 0.
    1.77547289e-003 0. 0. 0. -2.00483482e-003 0. 5.21171547e-004 0. 0.
    0. 1.27030304e-003 -5.46128023e-004 0. 4.29743063e-003
    5.57114976e-003 0. 2.52665649e-003 0. -1.59370189e-004
    2.20685848e-003 0. 0. 1.91170990e-003 -9.03885695e-004
    2.08467501e-003 1.20720768e-003 2.25421553e-003 1.38609228e-003 0.
    3.38930229e-004 0. 0. 2.54843873e-003 1.68881658e-003 0. 0. 0.
    1.25087344e-003 1.77133258e-003 2.60554370e-003 0. 7.05298327e-004
    0. 1.49251742e-003 0. 1.01955270e-003 1.20531209e-003
