<?xml version="1.0"?>
<opencv_storage>
<imageDescriptor type_id="opencv-matrix">
  <rows>1</rows>
  <cols>1000</cols>
  <dt>f</dt>
  <data>
    0. 0. 0. 0. 0. 4.54174471e-004 0. 0. 0. 0. 0. 5.72474487e-003
    2.36034556e-003 5.01056109e-003 0. 2.83211493e-003 2.89588282e-003
    0. 0. 2.03930517e-003 0. 0. 0. 0. 7.43708853e-003 0. 0.
    3.12461169e-003 5.54327574e-003 0. 0. 0. 0. 0. 0. 9.04314220e-004 0.
    1.41077535e-003 0. 4.35289601e-003 0. 3.93341668e-003
    7.40599353e-003 0. 0. 0. 3.41465720e-003 0. 0. 3.98468273e-003
    2.16946565e-003 1.35065999e-003 0. 0. 0. 1.14190720e-004 0.
    3.81988636e-003 0. 0. 0. 0. 3.37747158e-003 0. 6.65083993e-003 0. 0.
    0. 0. 0. 2.77702557e-003 3.86648509e-003 0. 0. 0. 0. 0.
    3.05902795e-003 0. 0. 4.65498911e-003 1.97233772e-003
    -9.98996315e-004 0. 0. -1.57767721e-003 4.86291060e-003 0. 0. 0. 0.
    0. 0. 4.07147594e-003 0. 0. 0. 2.69600563e-003 1.03971746e-003
    3.29046813e-003 0. -1.96919497e-003 9.16075148e-003 -6.43740757e-004
    2.93625821e-003 3.46679211e-004 0. 1.19888689e-003 0.
    1.11932419e-002 0. 0. 0. 0. 7.71136547e-004 0. -1.89950661e-004
    1.09358109e-003 0. 0. 0. 2.64363852e-003 0. -7.96525565e-004 0.
    4.63667978e-003 -1.54810178e-003 1.15534123e-002 3.92073253e-003
    2.50790920e-003 -2.06727092e-003 0. 0. 0. -2.53224955e-003
    8.35387409e-003 0. 0. 1.50290027e-003 3.17155005e-004 0. 0. 0. 0. 0.
    0. 0. 0. 0. 0. 0. 0. 0. 0. 0. 2.30038841e-003 0. 1.89277006e-003
    -6.85095089e-003 0. 0. 1.26641309e-002 -5.95396443e-004 0. 0.
    6.16747607e-003 5.10307169e-003 0. 0. 0. 3.25871352e-003 0. 0.
    -1.95619371e-003 0. 0. 0. 0. -1.94912500e-004 0. 0. 0. 0. 0. 0. 0.
    3.09502799e-003 0. 0. 0. 1.58778019e-002 0. 0. 0. 3.97807034e-003 0.
    0. 7.87800411e-004 6.84020482e-003 0. 0. 0. 0. -6.24926714e-003 0.
    0. 0. 0. 4.74673277e-003 6.75919093e-003 5.24410396e-004 0. 0. 0. 0.
    2.71196710e-003 0. 0. 0. 0. 1.32629753e-003 0. 0. 0. 0. 0.
    -2.28086067e-003 0. 0. 0. 1.02979457e-002 0. 0. 0. 0.
    4.57092375e-003 0. 3.21713183e-003 5.55529585e-003 0. 0. 0.
    -5.17357793e-003 0. 2.00224086e-003 7.78996106e-003 0.
    1.98914204e-003 0. 1.22302026e-003 0. 0. 1.36828938e-004 0. 0. 0. 0.
    0. 5.53673925e-003 0. 0. 0. 3.54702654e-003 0. 0. 3.10633425e-003
    9.28733498e-004 0. 3.36828711e-003 0. -2.25358596e-003 0. 0. 0.
    -7.44883844e-004 0. 0. 5.54598216e-003 9.63302795e-004 0. 0. 0.
    1.24574639e-002 1.05341710e-002 0. 7.85769138e-004 1.12064159e-003
    0. 0. 0. 6.48319488e-003 2.65962095e-003 2.28038547e-003 0.
    1.43553223e-003 0. 0. -6.97293086e-004 1.12815003e-003 0.
    3.55143705e-003 0. 4.93632071e-003 0. 3.55352811e-003
    8.44935514e-003 8.66666529e-003 0. 0. 0. 0. 0. 0. 0. 2.96853320e-003
    0. 0. 6.71565253e-003 1.69249601e-003 0. 0. 0. 1.64279982e-003 0.
    3.38125951e-003 0. 0. 0. 0. 0. 0. 0. 1.23211322e-003 0. 0. 0. 0.
    6.75361650e-003 0. 0. 0. 0. 0. 0. 0. 3.40492371e-003 0.
    6.12652767e-003 0. -2.07859767e-003 2.80057522e-003 2.36838753e-003
    0. 1.52741103e-002 0. 0. 0. 0. 0. 0. -1.47820601e-005
    -3.50042759e-003 4.39089583e-003 -1.16890849e-004 0. 1.28506240e-003
    0. 0. -6.01204556e-005 3.25011858e-003 2.35750782e-003 0.
    -5.39059038e-005 0. 0. 0. 0. 0. 5.06359502e-004 0. 7.09636882e-003
    0. 0. 0. 5.31107048e-003 8.18963221e-004 5.43869799e-003
    -1.61790429e-003 0. 0. 0. 0. 0. 0. 2.30157841e-003 0. 0. 0. 0. 0. 0.
    9.03829758e-004 0. 0. 2.28903326e-003 0. 7.94073101e-003
    2.25642254e-003 0. 0. 0. 0. 0. 0. 0. 2.55477295e-004 3.76822962e-003
    0. 1.87606225e-003 0. 0. 0. 0. 4.68694419e-003 0. 8.87224451e-003 0.
    0. -3.17425060e-004 0. 0. -2.87438673e-003 0. 0. 0. 0. 0.
    1.10380771e-003 0. 0. 0. 0. 6.70011109e-003 0. 0. 0. 2.74508446e-003
    1.77589420e-003 0. 0. 2.66356254e-003 0. 5.94268029e-004
    1.69093208e-003 3.53317312e-003 0. 0. 4.06131335e-003 0. 0. 0.
    3.07440269e-003 0. 2.14001723e-003 2.41081859e-003 1.48976333e-002
    0. 0. 0. 0. 0. 0. 0. 0. 0. 0. 0. 0. 4.44512907e-003 0.
    6.79457327e-004 0. 1.55017572e-003 0. -1.68425977e-004
    7.13761605e-004 0. 0. 0. 0. 0. 0. 1.53027417e-003 0. 0. 0. 0. 0. 0.
    0. 6.50984654e-003 0. 0. 0. 0. 0. 0. 4.41685971e-003 0.
    1.44026984e-004 -3.20856646e-003 0. 0. 0. 0. 0. 0. 0. 0. 0. 0.
    4.20236494e-004 2.09495192e-003 0. 1.85277360e-003 4.04325733e-003
    0. 0. 0. 0. 3.17892386e-003 0. 0. 0. 0. 0. 0. 0. 3.94960819e-003 0.
    0. 0. 0. 0. 2.86137313e-003 0. 0. 0. 2.47127586e-003 2.10509915e-003
    0. 0. 0. 0. -5.40736504e-003 9.86357452e-004 3.71901994e-003 0. 0.
    0. 0. 0. -1.04941614e-003 1.04987330e-003 -2.02524732e-003
    -1.52221037e-004 0. 7.59206945e-003 4.91301483e-003 0.
    -1.80863368e-003 0. 0. 2.12201080e-003 0. 0. 0. 0. -4.69645299e-003
    0. 3.32953944e-003 1.86240347e-003 0. 0. 0. 0. 5.80135360e-003 0. 0.
    3.21758096e-003 0. 0. 0. -1.44891103e-003 0. 0. 0. 0. 0. 0.
    1.99165102e-003 0. 0. 0. 0. 1.27201830e-003 5.03729191e-003 0.
    -1.02647510e-003 0. 5.31226071e-003 4.11151536e-003 0.
    6.77226298e-003 0. 0. 0. 0. 0. 0. 0. -1.64184580e-003
    1.22413633e-003 0. 0. 0. 2.96265190e-003 0. 6.78808894e-003
    4.26119613e-003 0. -2.79463711e-003 9.79301054e-004 3.44290328e-003
    7.64490012e-003 6.03787368e-004 3.67619540e-003 0. 0. 0.
    1.01040001e-003 0. -6.60298800e-004 0. 0. 0. 0. 0. 0. 0.
    7.26452679e-004 3.12662288e-003 0. 2.05393857e-003 -1.44484127e-003
    0. 0. 0. 1.79622148e-003 0. 0. 0. 0. 0. 4.54368535e-003 0. 0. 0. 0.
    3.96209117e-003 8.27499432e-004 0. 0. 0. 4.46127960e-003 0. 0. 0.
    4.63364599e-003 0. 0. -6.20238192e-004 5.16582793e-003 0.
    -8.57637089e-004 1.87327340e-002 0. 7.67384516e-003 0.
    -6.27261237e-004 2.60510445e-002 0. 0. -6.98089460e-003 0. 0. 0. 0.
    0. 0. 0. 4.72161360e-003 0. 0. -2.46098707e-003 0. 0.
    9.10213962e-003 7.89052900e-003 0. 1.50552916e-003 4.85910848e-003
    0. 0. 4.60028835e-003 0. 0. 0. 6.56588282e-003 0. 6.22879202e-003 0.
    0. 0. 0. 0. 0. 0. 0. 0. 1.26001833e-003 2.73647113e-003 0. 0. 0. 0.
    0. 0. 0. 0. 0. 3.04005877e-003 0. 0. 0. 1.08977176e-004 0. 0. 0. 0.
    0. 0. -3.68130417e-003 1.47314998e-003 0. 0. 0. 8.65732669e-004 0.
    3.47438012e-003 2.67435680e-003 3.98481078e-003 0. 0. 0. 0. 0.
    -1.11128262e-003 0. 2.35948013e-003 0. 0. 8.11634678e-003
    1.94659792e-002 0. 0. 0. 0. 1.69061944e-002 0. 0. 1.44309597e-003 0.
    3.68221733e-003 1.23700884e-003 0. 0. 0. 0. 0. 8.43111984e-003
    3.42719024e-003 2.96345772e-003 0. 0. 0. 0. 0. 0. -1.28458219e-003
    0. 0. 0. 1.35585677e-003 3.03014967e-004 0. 0. 1.20727660e-003 0.
    2.83641438e-003 0. 0. 4.41282243e-003 -2.07223231e-003 0. 0. 0. 0.
    0. 9.61713307e-003 0. 0. 0. 0. 0. 3.65248183e-003 0. 0.
    1.42716768e-003 0. 0. 0. 0. -6.24279142e-004 0. 0. -1.31690281e-003
    0. 6.77458360e-004 0. 1.20851642e-003 3.83400428e-003 0.
    4.52993484e-003 0. 0. 0. 0. 0. 5.37738670e-004 0. 0. 3.81006888e-004
    2.09442689e-003 3.36245680e-003 0. 0. 0. 0. 0. 0. 9.15514491e-003 0.
    0. 2.63922988e-003 -9.03451000e-004 1.29127279e-002 1.14064314e-004
    0. 0. 0. 4.02933406e-003 0. 0. 0. 0. 0. 0. 4.00003919e-005 0. 0.
    1.36015816e-002 0. 2.09993310e-003 4.88343067e-004 0.
    4.81043709e-003 9.07386560e-003 0. 3.44420923e-003 0. 0. 0. 0.
    1.93713035e-003 0. 0. 0. 8.72667224e-005 2.63036555e-003 0. 0. 0. 0.
    0. 0. 0. 0. 1.32923829e-003 0. 0. 0. 0. 0. 0. 0. 4.47159307e-003 0.
    0. 0. 2.31617433e-003 1.09142540e-002 0. 2.53464002e-003 0.
    6.84317946e-003 0. 3.92755773e-003 0. 1.17595238e-003
    3.76348477e-003 1.48225180e-003 0. 0. 0. 0. 4.81875008e-003
    6.30691415e-003 0. 1.50318048e-003 0. 1.05225446e-003 0. 0. 0. 0. 0.
    1.01291240e-004 0. 0. 0. 0. 2.90049030e-003 0. 1.58478285e-003 0. 0.
    0. 0. 0. 0. 0. 0. 0. 0. 0. 4.44105966e-003 1.87464454e-003 0. 0. 0.
    5.03040664e-003 2.01721373e-003 0. 0. 0. 0. 0. 3.25949350e-003 0. 0.
    0. 0. 0. 0. 0. 0. 0. 0. 0. 1.40019823e-002 0. 0. 0. 0. 0.
    4.39625233e-003 0. 0. 0.</data></imageDescriptor>
</opencv_storage>
