<?xml version="1.0"?>
<opencv_storage>
<imageDescriptor type_id="opencv-matrix">
  <rows>1</rows>
  <cols>1000</cols>
  <dt>f</dt>
  <data>
    -1.88212108e-003 0. 7.45003927e-004 1.13423802e-002 0. 0. 0. 0.
    1.81012694e-003 2.79492489e-003 1.90753688e-003 0. 0. 0. 0. 0.
    1.55530905e-003 0. 6.26247493e-004 2.19860021e-003 0. 0. 0.
    5.53245703e-003 3.95016279e-003 1.01473625e-003 0. 0.
    5.12748864e-003 0. 0. 1.23071484e-003 1.82117254e-003 0. 0.
    1.09271305e-002 0. 0. 0. 0. 0. -1.20663713e-003 0. 5.10074198e-003
    -1.82664348e-003 0. 0. 0. 0. 0. -9.19704442e-004 5.71513874e-003
    -3.61775863e-004 0. 0. 0. 4.97329398e-004 1.04944163e-003
    1.52080192e-003 3.80667596e-004 4.64366004e-003 0. 0.
    4.03101416e-003 -1.36202958e-003 0. 0. -8.05923657e-004
    3.90523666e-004 8.54364783e-003 0. 0. 0. 0. 9.26142326e-004
    1.92030799e-003 0. 1.07942813e-003 0. 3.26532847e-003
    1.94921549e-002 0. 9.15933866e-003 -5.51906833e-003 3.12693795e-004
    0. 0. -3.79718863e-003 0. 8.19209032e-003 3.84110201e-004 0.
    -1.24223181e-003 0. 6.97040837e-003 1.03566214e-003 5.66670625e-003
    3.89442663e-003 0. -1.38081657e-003 2.20499886e-003 0.
    1.27490307e-003 0. 0. 0. 0. 0. 0. 1.32223789e-003 -9.51039488e-004
    0. 3.26921116e-003 0. 0. 0. 2.46487907e-003 0. 4.14857548e-003
    6.72698312e-004 0. 1.87421264e-003 0. 6.59923477e-004
    1.29788427e-003 -5.55276521e-004 8.60783795e-004 1.01870962e-003 0.
    -1.83616285e-004 7.81007251e-003 0. 0. 0. 0. 0. -1.77047972e-004
    1.14502874e-003 0. -4.70185216e-004 0. 0. 0. 0. 0. 0.
    1.97620876e-003 0. 0. 0. 1.13838469e-003 6.39042701e-004
    -8.70103540e-004 1.44414546e-003 0. 2.86381401e-004 4.06556688e-002
    0. 0. 0. 0. -9.61697544e-004 0. 0. 5.86962420e-003 1.16877863e-003
    0. 0. 0. 6.61622640e-003 5.18890796e-003 0. 0. 6.65964850e-004 0.
    -1.10800657e-003 -3.65226966e-004 0. 0. 6.63020788e-003
    5.82033349e-003 1.52459298e-003 -1.37648289e-003 0. 7.05086486e-003
    0. 0. -3.82885861e-004 0. 0. 0. 1.45489855e-006 -1.11044617e-003 0.
    0. 0. 0. 0. 0. 0. 0. 1.00625199e-004 0. 0. 0. 0. 1.68504212e-002 0.
    0. 9.53631662e-003 7.43351411e-003 -1.20225166e-004 0. 0.
    1.16984546e-003 0. 0. 0. 0. 0. -8.66015558e-004 0. 3.46246478e-003
    0. 4.79602627e-003 0. 1.31785916e-002 0. 0. 0. 1.55914703e-003 0. 0.
    0. 0. 0. 0. 0. 0. 0. 1.63309032e-003 0. 9.66358744e-003
    2.51613860e-003 1.94476277e-003 0. 5.27021883e-004 -1.68257265e-003
    -8.15155264e-003 4.42918186e-004 0. 0. 0. 4.72351350e-003 0. 0.
    -1.16664614e-003 0. 0. 5.44442213e-004 0. 0. 0. 0. -2.39570480e-004
    0. 2.74645686e-002 0. 1.61457341e-002 -2.18270416e-003
    2.53713457e-004 0. 0. 0. 7.04175793e-003 8.20036046e-003 0. 0. 0.
    6.48987107e-003 0. 0. 0. -2.45882105e-003 0. -7.81278941e-004 0. 0.
    0. 0. 0. 0. 1.65344216e-002 0. 7.55731526e-005 -4.49855207e-003 0.
    6.08483562e-003 0. 0. 0. 0. 6.96855411e-003 0. 9.63725732e-004 0.
    -2.01963994e-004 5.51160716e-004 5.79009624e-003 0. 8.84926971e-003
    0. 1.34916678e-002 0. 1.89683551e-003 0. 4.01418796e-003 0.
    3.64325504e-004 0. 0. 0. 0. 1.34659605e-003 0. 1.82215136e-003
    4.71113576e-003 0. 0. 4.21538280e-004 2.42368644e-003
    6.42691390e-004 0. 2.73830810e-004 1.65341934e-003 0. 0. 0.
    -5.31469588e-004 0. 0. 0. 0. 0. 7.13543152e-004 0. -5.61478373e-004
    0. 1.98342418e-003 1.00705223e-002 0. 0. 0. 0. 0. 4.25452366e-004
    1.59817224e-003 0. 2.16267887e-003 0. 0. 3.11456784e-003
    1.33714499e-002 0. 1.29763107e-003 0. 1.29348563e-003
    1.21561298e-003 0. 8.27762415e-004 0. 0. 9.11361203e-005
    -2.72350095e-004 0. 0. 0. 0. 0. 0. 0. -2.18941321e-004 0. 0. 0. 0.
    0. 0. 0. 0. 0. 0. 1.49586078e-004 0. 1.76971988e-003 0. 0.
    3.21004610e-003 5.41430851e-003 1.03050536e-002 0. 0. 0. 0. 0. 0. 0.
    0. 0. 0. 0. -2.05704430e-003 0. 6.71164319e-003 0. 0.
    2.57880939e-003 0. 1.03096692e-002 0. 0. 0. 0. 0. 5.87922987e-004 0.
    0. 8.92222207e-003 0. 0. 0. 0. 4.35738778e-003 0. 0. 3.37041821e-003
    0. 4.31834534e-003 7.47794332e-003 0. -7.80667469e-004 0. 0. 0. 0.
    0. 0. 1.75990947e-002 7.74875889e-003 0. 2.72094435e-003 0. 0.
    8.82079592e-004 0. 1.13579014e-003 0. 0. 0. 0. 8.58732592e-003
    5.66444069e-004 3.43087246e-003 0. 0. 0. 0. 0. 0. 1.72335759e-003
    -8.65579874e-004 0. 0. -6.46797125e-004 0. 0. 0. 1.56531844e-003
    1.36824599e-006 0. 5.18652305e-005 0. 1.75441371e-003
    -1.24386360e-003 0. 0. 3.80801689e-003 -1.39041129e-003 0.
    3.64865595e-003 5.18535217e-003 7.47883553e-003 0. 0.
    1.64698076e-003 2.66663800e-003 0. 0. 0. 0. -3.08715025e-005 0. 0.
    0. -2.11631297e-003 0. 0. 0. 0. 6.49928581e-004 0. 0. 0. 0.
    1.10447442e-003 0. -9.70633293e-004 0. 0. 0. 8.91126576e-004
    1.67266419e-003 0. 0. 1.17479693e-004 0. 4.68347035e-003 0. 0.
    9.23727825e-003 8.79213307e-003 8.33022781e-003 0. 3.29348171e-004
    4.85842203e-004 0. 6.59527141e-005 0. 0. 0. 0. 0. 0. 0. 0.
    7.23994570e-004 0. 0. 0. 1.96655840e-003 0. 0. 0. 0. 3.89137142e-003
    0. 0. 1.96492620e-004 0. 0. 0. 5.38887735e-003 2.17955938e-004 0. 0.
    0. 3.96039430e-003 -5.81375265e-004 0. 8.19441630e-004 0. 0. 0.
    1.75795965e-002 0. 8.92264675e-003 0. 0. 0. 0. 0. 0. 0.
    3.27318587e-004 0. 1.93002354e-003 0. 0. 2.52992357e-003 0. 0. 0. 0.
    0. 0. 0. 0. 0. 0. -1.35858863e-004 0. -4.01809986e-004 0. 0.
    1.75247656e-003 0. 0. -4.79771435e-004 4.31941915e-003
    -1.47914125e-005 0. -3.86070133e-005 1.07562002e-002 0. 0. 0. 0. 0.
    0. 0. 0. 0. 0. 0. 6.42277440e-003 -2.23735510e-003 1.43329205e-003
    0. -3.92628717e-004 0. 0. 0. 0. 7.14959227e-004 0. 3.16397927e-004
    0. 0. 3.09518888e-003 4.51361906e-004 5.54636773e-003 0.
    5.36648883e-003 1.43147900e-003 0. 0. 0. 1.84590882e-003 0. 0. 0. 0.
    0. 0. -3.78627650e-004 0. 0. 0. 0. 0. 1.89287457e-004
    1.33690110e-003 0. 0. 0. 0. 0. 0. 6.71562040e-004 0. 0.
    9.13847820e-004 0. 0. 0. 1.57763553e-003 0. 0. 3.76258569e-004 0. 0.
    0. 0. 0. 0. 0. 0. 0. 0. 7.77702127e-003 0. 0. 0. 0. 0. 0.
    5.59388753e-003 -5.69467142e-004 -5.99237028e-005 0. 0. 0. 0.
    -1.82214763e-003 0. 0. 0. 5.00391354e-004 0. 8.46313371e-004 0. 0.
    0. 0. 0. 0. 0. 7.90319219e-003 0. 0. -1.12879358e-003 0. 0.
    8.51156248e-004 0. 0. 6.31872856e-004 0. -1.63024350e-003 0. 0.
    5.54372906e-004 0. 0. 0. -1.11873006e-003 1.53905507e-002 0.
    1.85298547e-003 0. 0. 0. 0. 0. 0. -1.22817187e-003 0. 0.
    8.93519539e-003 0. 0. 8.98979977e-003 2.09494116e-004 0. 0.
    8.92093405e-003 0. 0. 1.23814959e-003 4.52945882e-004 0. 0. 0. 0.
    1.13901380e-003 0. 0. 0. 0. 0. 8.94724950e-003 0. 0. 0.
    1.04302517e-003 2.05724663e-003 0. 0. 0. 0. 0. 0. 5.92299504e-003 0.
    2.24987511e-003 4.61796625e-003 0. 0. 0. 3.69155849e-003 0. 0. 0.
    -2.50157871e-004 1.40997511e-003 0. 0. 0. 6.90081902e-003 0.
    7.44629512e-003 0. 0. 0. 0. 5.42075664e-004 -2.42883369e-004 0.
    -1.64015873e-004 2.69242516e-003 7.28820101e-004 8.81920755e-003 0.
    0. 0. 0. 4.76439064e-003 0. 2.22273148e-003 8.64454545e-003
    -2.83493719e-004 0. 0. 0. -5.85734786e-004 0. 0. 0. 0. 0. 0. 0. 0.
    -3.63348605e-004 0. 0. 0. 0. 0. 0. 0. -6.86878047e-005 0.
    8.90986901e-003 -3.98982037e-003 2.02802918e-003 0. -1.53492438e-003
    7.23196287e-003 0. 0. 0. 0. 0. 0. 0. 0. 1.89784507e-003
    4.11023211e-004 0. 0. 5.03210165e-003 0. 1.27950765e-003
    2.83914473e-004 0. -7.68736354e-005 0. 0. 1.95174816e-003 0. 0. 0.
    0. 0. 1.65223936e-003 0. 0. 0. -6.11938012e-004 0. 1.15969160e-003
    0. 0. 0. 0. 0. 0. 6.68674067e-004 0. 0. 4.57533781e-004
    2.77875341e-003 0. 0. -8.42990776e-005 0. -2.06427183e-003
    4.17299976e-004 6.62506884e-003 2.41463981e-003 0. 0. 0. 0. 0.
    3.86380334e-003 0. 5.88517985e-004 9.74306278e-003 0. 0. 0. 0. 0.
    2.28737411e-003 -2.22268282e-004 0. -2.88342964e-003 7.90171442e-004
    0. 0. 0. 0. 0. 0. 0. 1.26648974e-003 0. 7.11230794e-003 0. 0. 0. 0.
    0. -3.28940980e-004 0. 7.71619985e-003 0. 0. 8.29652511e-003
    9.26180452e-004 8.24635942e-003 0. 0. 0. 0. -1.65969739e-003
