<?xml version="1.0"?>
<opencv_storage>
<imageDescriptor type_id="opencv-matrix">
  <rows>1</rows>
  <cols>1000</cols>
  <dt>f</dt>
  <data>
    0. 4.22620820e-003 1.95742282e-003 0. -2.22588796e-003
    -1.36029732e-003 0. 9.75281280e-003 0. 0. 0. -1.39492753e-004 0. 0.
    1.26018776e-002 0. 0. 0. 0. 0. 0. 0. 1.39783506e-005 0. 0. 0.
    -1.47390168e-003 0. 0. 0. 0. 0. 0. 0. 1.70805934e-003 0.
    -1.48242002e-003 0. 0. 4.36168304e-003 -2.65417574e-003 0. 0.
    7.76220841e-005 0. 6.58191368e-003 1.72099154e-002 0.
    2.32206727e-003 1.11490879e-002 0. 0. 1.66319646e-002
    -1.47312682e-003 3.68812354e-003 0. 0. 0. 0. 0. 0. 0.
    2.33261148e-003 0. -3.26581788e-003 5.77704096e-003 4.39877063e-003
    0. -3.73330014e-003 0. 0. 9.35741817e-004 -2.12775939e-003
    1.47446049e-002 0. 0. 2.29508360e-003 0. 0. 0. 0. 0. 0.
    1.11571569e-002 0. 0. 3.62109276e-004 0. 0. 0. 6.71435287e-003
    -1.13403483e-003 0. 0. 9.99348890e-003 0. -2.46813463e-004 0. 0. 0.
    0. 0. 0. 0. 0. -3.99465673e-003 0. 8.51008389e-003 0. 0.
    2.77054263e-003 0. 1.31173832e-002 0. 0. 0. 1.59969889e-002
    3.10089882e-003 6.40341919e-003 0. -2.61925906e-003 -1.53158570e-003
    0. 2.26441561e-003 1.60478614e-003 0. -2.98371815e-005 0. 0. 0. 0.
    4.06143488e-003 -1.93433266e-003 0. 0. -3.49915028e-003 0. 0.
    1.25736592e-003 0. 1.24062132e-003 0. 0. 0. 0. -1.36185321e-003 0.
    -2.02394300e-003 0. 0. 0. 6.58514968e-004 1.38307025e-003 0. 0. 0.
    2.28980184e-003 -2.76915333e-003 0. 0. 0. 0. 2.16720393e-003
    2.45705014e-003 0. 1.19225727e-002 0. 1.14257159e-002 0. 0.
    2.37235799e-004 0. 0. 0. -3.15435522e-004 0. 0. 2.82364106e-003 0.
    0. 0. -4.02581762e-004 1.39555652e-002 0. 0. 0. 2.23620646e-002 0.
    -2.37957085e-003 0. 0. 0. 0. 0. 0. 0. 0. 0. -1.05959456e-003
    4.92541492e-003 -4.94586397e-003 0. 1.13867214e-002 0. 0.
    -4.05781117e-004 2.43192160e-004 0. 0. -4.46757855e-004 0.
    6.18746877e-003 0. 1.50888914e-003 1.39406603e-002 0. 0. 0. 0. 0.
    -2.70397379e-003 0. 0. 0. 0. 0. 0. 0. 1.38313398e-002
    8.90086114e-004 0. 0. 0. 0. 3.79391643e-003 0. 0. -2.31226601e-004
    -1.66596822e-003 -1.64031296e-003 7.45041412e-004 -1.76598819e-003
    0. 0. 1.25137018e-002 0. 0. -2.53763428e-004 2.55299686e-003 0. 0.
    -1.81132357e-003 0. 1.32794008e-002 0. 1.55841873e-003
    -6.25446904e-004 2.10699998e-003 9.49124247e-003 0. 1.90666947e-003
    0. 0. -2.23317766e-003 1.16698705e-002 0. 0. 0. 0. 8.31622398e-004
    0. 0. 0. 9.10841394e-003 1.28448596e-002 0. 0. 0. 0. 0. 0.
    2.84028520e-005 0. 0. 0. -5.08827448e-004 0. 1.95110764e-003
    -3.39089776e-003 0. 0. 0. 0. 1.05866988e-003 0. 0. 1.94148323e-003
    0. 0. 0. 0. 0. 0. 0. 0. 1.33490879e-002 0. 0. 0. 0. 0.
    -3.78269749e-003 -8.95597477e-005 0. 0. 0. 0. 0. 0. 0.
    1.83929910e-003 0. 0. 1.19700213e-003 0. 0. 2.20224657e-003 0.
    -4.62778989e-004 0. 0. 8.57288111e-003 0. 0. 0. 0. 0. 0. 0.
    5.24500560e-004 0. 0. 0. 0. 0. -1.70793454e-003 0. 0. 0.
    2.21988303e-003 0. 3.86145664e-003 -5.35294763e-004 0. 0. 0.
    -7.87501573e-004 0. 8.11468810e-004 9.45147302e-004 0. 0.
    -1.10435020e-003 0. 2.34510540e-003 9.76178702e-003 0.
    1.16876066e-002 0. 0. 0. 1.04123676e-004 0. 4.27825464e-004 0. 0. 0.
    0. 0. 5.15603984e-004 0. 0. 0. 0. 0. 6.24396652e-003 0. 0. 0. 0. 0.
    2.71146069e-003 3.54533480e-003 1.52008969e-003 0. 0. 0.
    5.61442785e-003 0. 0. 0. 7.74978253e-004 0. 1.01984767e-002 0. 0. 0.
    0. 0. 0. -5.19685913e-004 0. 2.56146025e-003 0. -2.07881071e-003 0.
    0. 0. 0. 0. 0. 0. 1.32789658e-002 0. 0. -2.55025388e-003 0. 0. 0. 0.
    1.60850538e-003 0. 0. 0. 0. 0. -1.83935466e-004 3.99240060e-003 0.
    9.84159578e-003 0. 5.59402490e-003 0. 0. 0. 1.26801655e-002
    2.91454839e-003 0. 0. 0. 3.88301280e-003 0. -3.48383840e-003 0. 0.
    -9.66082502e-004 0. 0. 0. 2.33218074e-003 0. 0. 0. -2.53957370e-003
    -1.12675916e-004 0. 0. 0. 1.25227980e-002 1.16477720e-002
    1.09112458e-002 0. 0. 0. -3.44410393e-004 0. 0. 0. 6.83434727e-003
    -2.55062501e-003 2.22576992e-003 1.05874809e-002 0. 0. 0.
    5.15937153e-003 0. 0. -2.69433809e-003 0. 0. 0. -3.99165874e-004 0.
    1.31316446e-002 0. 0. 1.86758838e-003 0. 0. 9.84757580e-003 0. 0.
    -1.21787516e-003 0. 0. 0. 0. 1.89458602e-004 0. -6.23563817e-003 0.
    0. 0. 0. -1.03680813e-003 0. 0. 2.43716844e-004 0. 2.72133877e-003
    0. -5.78773720e-003 0. 0. 0. 0. -3.10522300e-005 -3.60572338e-003 0.
    0. 0. 0. 0. 4.81885439e-003 1.13816478e-003 7.96316832e-004 0.
    7.21045490e-003 0. 0. 0. 0. 0. 0. 0. 0. 0. -6.82456279e-003 0. 0. 0.
    0. 0. 1.35620879e-002 0. 6.29654527e-003 0. 0. 8.58907879e-005
    3.74447298e-003 6.74780167e-004 0. 2.97825225e-003 0.
    5.72871789e-003 0. 1.61499262e-003 2.97537409e-002 2.75176833e-003
    0. 6.42885861e-004 3.38278548e-003 0. 0. 6.33272389e-003 0.
    1.67366932e-003 1.09397694e-002 0. 0. 0. 5.40230481e-004 0.
    -1.24557037e-003 0. 0. 0. 2.28377176e-003 -2.64314678e-003 0.
    2.77929037e-004 0. 0. 1.66971784e-003 0. 0. 2.18772632e-003
    1.95370102e-003 7.25705130e-003 0. 0. 1.19197834e-002 0.
    -9.94601869e-004 0. 0. 2.14218698e-003 1.04344860e-002 0. 0. 0. 0.
    1.77923101e-003 0. 0. 0. 0. 0. 0. 0. 1.78477494e-003 0. 0. 0.
    -1.62766537e-005 0. 0. 0. 0. 0. 0. 0. 9.40219034e-005 0. 0. 0. 0. 0.
    -2.27761393e-005 0. 0. 0. -1.58140191e-003 0. 3.76998819e-003 0. 0.
    0. 0. 0. 7.00189674e-004 0. 0. 2.49760901e-003 0. 0. 0. 0. 0. 0. 0.
    8.92489406e-005 0. 0. 0. 0. -4.27685067e-004 -2.42887251e-003 0. 0.
    3.66642140e-003 0. 0. 1.09389529e-003 0. 0. 1.38217621e-002 0. 0. 0.
    0. -1.39658491e-003 2.21015449e-004 -2.33559171e-004 0. 0. 0. 0. 0.
    0. 0. 2.14401097e-003 1.92336470e-003 8.08781106e-003
    1.82813313e-003 1.24785933e-003 0. 0. 1.64396083e-003
    1.92003456e-004 0. -2.62815505e-004 0. 1.53393913e-002
    1.30743515e-002 0. -1.79904012e-003 0. -2.64060893e-003 0.
    4.61634248e-004 0. 0. 0. 0. -1.27218163e-003 0. 3.77588696e-003
    -3.54821095e-004 1.26444725e-002 0. 0. -3.03415087e-004 0. 0.
    1.03309257e-002 1.41415000e-003 3.86988954e-003 2.67143408e-003 0.
    1.39361317e-003 0. 1.34963111e-003 0. 2.55895685e-003 0. 0.
    5.53047634e-004 -2.51164287e-003 0. 0. 0. 0. 2.76604225e-003 0.
    9.15865414e-004 1.20164603e-002 1.01078453e-003 -1.96364266e-003 0.
    0. -8.25071882e-004 0. 5.12578335e-005 0. 1.41646704e-002 0. 0. 0.
    -5.54193626e-004 0. 0. 0. 0. 1.92048773e-003 0. 0. 0.
    9.93268192e-003 0. -4.89084108e-004 0. 1.87645084e-003
    1.13633685e-002 0. 0. -4.33482783e-004 0. 1.27559388e-002
    9.65927145e-004 0. 0. 0. 0. 0. 0. 0. 0. 2.65736156e-003 0.
    -1.34565018e-003 0. 0. 0. 0. 5.73112769e-003 0. 0. 0. 0.
    1.32041741e-002 0. 2.07973015e-003 0. 1.49472496e-002
    -8.70555756e-004 0. 1.96320447e-003 0. -2.78730551e-003 0. 0. 0. 0.
    4.63039760e-004 6.90670975e-004 0. 0. 0. 0. 0. 3.84101993e-003
    4.15954069e-004 0. 0. 0. 0. 0. 0. -2.65612477e-003 0.
    7.70378951e-003 0. 1.42153492e-003 0. 0. 0. 0. 1.02914067e-003
    1.41796647e-002 0. 0. -3.21345776e-003 0. 0. 0. 2.29707221e-003 0.
    0. 0. 0. 0. 0. 0. 0. 0. 0. 0. 0. 0. 0. 7.00730598e-003 0. 0.
    5.49693033e-003 0. 6.87298598e-004 0. 0. -1.38740335e-003
    2.02348712e-003 3.14270757e-004 0. 0. -1.24022714e-004 0. 0. 0. 0.
    0. 0. 0. 0. 0. 1.75049063e-003 2.28438573e-003 0. -6.87884807e-004
    0. 0. 0. 0. 0. 0. 0. 0. 0. 0. 0. 0. 2.44721696e-002 0. 0. 0. 0. 0.
    0. 0. 0. 0. 0. 1.15747945e-002 0. 0. -2.56982353e-003
    7.24749267e-003 0. 0. 0. 0. 0. 0. 0. 0. 0. 0. 1.80079171e-003 0.
    -1.03036431e-003 0. 0. 0. 0. 3.20291589e-003 -1.07624021e-003 0. 0.
    0. 0. 2.07861746e-003 0. 0. 1.17001752e-003 0. 0. 0.
    -2.49930483e-004 0. 0. 5.37225395e-004 0. 0. 0. 0. 0. 0. 0. 0. 0.
    1.87455211e-003 0. 0. 0. 0. 0. 1.08720083e-002 9.79832467e-003 0. 0.
    0. 3.96700623e-003 0. 0. 0. 1.72724447e-003 0. 0. -4.55051893e-003
    0. 0. 0. 0. 0. 0. 1.57640909e-003 1.43208529e-003 0.
    -1.70012136e-004 -3.78961395e-003 0. 0. 0. -8.95155827e-005 0. 0. 0.
