<?xml version="1.0"?>
<opencv_storage>
<imageDescriptor type_id="opencv-matrix">
  <rows>1</rows>
  <cols>1000</cols>
  <dt>f</dt>
  <data>
    0. -2.40495283e-004 0. -3.12122633e-004 0. 0. 0. 0. 0. 0. 0.
    1.50188480e-005 1.70366112e-002 0. 0. -8.15651612e-004
    3.24324938e-003 0. 0. 0. 0. 0. 1.63582189e-003 1.49831211e-003 0. 0.
    1.91069413e-002 0. 0. 4.81019681e-003 0. 3.53117846e-003 0.
    9.27903876e-003 0. 1.19093284e-002 0. 0. 0. 0. 6.06761966e-003 0.
    5.25364233e-003 0. 0. 0. 0. 0. -1.76355918e-003 1.89198984e-003 0.
    1.94961170e-003 0. 0. 0. 1.09178983e-002 0. 0. 1.16510391e-002 0. 0.
    1.57323573e-003 0. 0. 0. 0. 0. 0. 4.77438094e-003 1.23801315e-003
    -5.42618427e-003 -8.51852528e-004 0. 0. 0. 0. 4.78832005e-003
    8.32366571e-003 -5.54784574e-003 0. 0. 0. 0. -4.82057570e-004 0. 0.
    0. 2.76382244e-003 0. 0. 0. 5.58322109e-003 3.33681423e-003 0. 0. 0.
    0. 7.29633775e-003 0. 0. 0. 0. 9.42352880e-003 0. 1.08099752e-003 0.
    0. 7.41819153e-003 1.28234667e-003 0. 1.49412884e-003
    1.75380657e-004 -7.50325620e-004 0. 0. 4.16283403e-003 0. 0. 0. 0.
    0. 0. 0. 0. 0. -2.59665831e-004 0. 0. 0. 0. 0. 0. 0. 0. 0.
    1.08661875e-003 0. 7.70206610e-003 4.74871602e-003 0.
    2.91643897e-003 5.68398600e-003 0. 0. 0. 0. 6.96105242e-004 0. 0. 0.
    0. 0. 0. 0. 1.07454974e-003 0. 0. 0. -2.46566371e-003 0.
    1.41406944e-003 0. 0. 5.18429501e-004 4.58787661e-003 0. 0.
    2.28997832e-003 0. 0. 0. 4.51365905e-003 0. 0. 1.04246233e-002 0. 0.
    0. 0. 0. 0. 0. 0. -1.24776992e-003 1.03954691e-003 7.66355486e-004
    -2.63225025e-004 3.78675456e-003 0. -5.81912696e-004 0. 0. 0.
    5.56376111e-003 0. 0. 0. 0. 0. -3.88423610e-003 0. -2.27983575e-004
    3.61820124e-003 0. 0. 0. 0. 0. -8.92351323e-004 0. 0. 0. 0. 0. 0.
    7.57499074e-004 0. 2.15230905e-003 4.28590504e-003 -3.70131340e-004
    0. 0. 2.15106923e-003 4.60624287e-004 0. 0. 0. 4.79254266e-003 0. 0.
    3.49601568e-003 2.70740665e-003 0. 0. 0. 0. 0. 0. 0. 0. 0. 0. 0. 0.
    0. 0. 2.65490077e-003 9.12237726e-003 0. 9.91318654e-003 0. 0.
    2.97537283e-003 4.00539022e-003 0. 0. 0. 0. -4.55024914e-004 0. 0.
    0. -2.68634222e-003 0. 0. 2.45092483e-003 0. 0. 0. 0. 0. 0. 0.
    1.22363318e-003 0. 0. 0. 0. 7.11590750e-003 1.56892017e-002 0. 0. 0.
    1.45312212e-003 0. 0. 0. 0. 0. 0. 0. 0. 0. 0. 2.31614616e-003 0. 0.
    0. 8.94672889e-003 0. 8.52259167e-004 0. 8.91147554e-003 0. 0. 0. 0.
    2.62582046e-003 6.60677487e-003 0. -2.12457031e-003 0.
    1.47128874e-003 0. 2.10765563e-003 0. 2.52128276e-003 0. 0. 0. 0.
    -3.74943746e-004 0. 0. 0. 4.37718118e-003 0. 0. 0. 0. 0.
    1.49953028e-003 0. 0. 0. 0. 1.04164332e-003 0. 0. 0. 0. 0. 0. 0. 0.
    0. 5.32776676e-003 0. 0. 0. 3.52452928e-003 0. 5.87829156e-003 0.
    9.46591957e-004 0. 0. 0. 0. 0. 5.73623553e-003 0. 0. 0.
    2.36022798e-003 2.96118576e-003 5.41578559e-003 0. 0. 0.
    4.93973074e-003 4.10651602e-003 0. 0. 0. 0. 1.65030162e-003 0.
    1.05680876e-004 -3.22923250e-003 0. 0. 0. 0. 0. 1.64445303e-003
    1.33771226e-002 0. 3.09729483e-003 1.08311954e-003 0. 0. 0. 0. 0.
    -1.04092190e-003 4.25642764e-004 0. 0. 0. 0. -4.86975274e-004 0.
    4.74880217e-004 4.46638186e-003 0. 0. 1.38449293e-004 0. 0. 0. 0.
    3.86304711e-003 8.10849946e-003 0. 0. 0. 0. 0. 0. 2.75839656e-003
    1.05761290e-002 1.71659410e-003 0. -7.22183131e-006 0. 0. 0. 0.
    -2.09477614e-003 0. 0. 0. 0. 5.68486983e-004 0. 0. -4.06615762e-003
    0. 0. 0. 0. 3.87402461e-003 0. -9.60792458e-005 0. 0.
    4.63415124e-003 0. 2.13529468e-002 0. 1.08566904e-003 0.
    2.35703751e-003 0. 0. 3.94731946e-003 1.55685078e-002 0. 0. 0. 0. 0.
    1.80086971e-003 1.00383479e-002 0. 6.28157845e-003 0. 0.
    6.87928870e-004 0. 5.87264262e-003 6.00294501e-004 0. 0. 0. 0.
    -9.87846637e-004 0. 1.14509393e-003 0. 1.66617509e-004
    6.80207973e-004 4.37292317e-003 0. 0. 6.22571167e-003 0. 0. 0. 0.
    3.94768966e-003 0. 2.87532923e-003 0. 3.28623247e-003 0. 0. 0. 0.
    5.83931745e-004 0. 0. 0. 0. 0. 0. -1.45931018e-003 0. 0. 0. 0. 0.
    1.15816330e-003 0. 0. 1.11159461e-003 0. 4.99194080e-004 0. 0. 0. 0.
    0. 0. 6.97950320e-003 0. 0. -3.19435960e-003 0. 0. 0. 0. 0.
    -2.26571085e-003 7.14973733e-003 0. 2.70672166e-003 0. 0. 0.
    5.66697017e-005 0. -9.03600652e-004 0. 0. 0. 6.88063039e-004 0. 0.
    5.74738951e-003 2.65507423e-003 5.97779348e-004 4.32559382e-003 0.
    6.28480455e-003 -7.41434575e-004 0. 0. 0. 1.59728853e-003
    -9.99770476e-004 0. 2.69145216e-003 0. 0. 6.62426557e-003 0.
    3.23639927e-003 0. 0. 0. 0. 0. 0. 0. 0. 0. 8.71649419e-004
    6.03829569e-004 0. 0. 0. 0. 1.21606728e-002 1.19981654e-002 0. 0.
    -3.77884717e-004 4.56972001e-003 0. 2.62501882e-003 0. 0. 0. 0. 0.
    0. 0. -4.87977581e-004 0. 0. 7.17993127e-003 2.24985508e-003 0. 0.
    4.94473800e-003 0. 0. 0. 6.50365604e-004 1.10268453e-003 0. 0. 0. 0.
    -5.55185434e-005 0. 0. -3.84352170e-005 0. 0. 0. 3.32096755e-003 0.
    0. 0. 1.07459826e-002 0. 0. 0. 1.63329102e-003 0. 0. 0. 0. 0. 0. 0.
    0. 1.41818868e-003 0. 3.73437419e-003 0. 1.79664849e-003 0. 0. 0.
    4.40154597e-003 0. 0. 0. 0. 8.99539236e-003 0. 0. 3.06118699e-003 0.
    0. 8.06054100e-004 0. 6.85743894e-003 0. 0. -3.18178383e-004 0.
    1.17531244e-003 1.18703581e-002 0. 0. 0. 0. 0. 0. 0. 0. 0.
    -6.52388844e-004 0. 0. 0. 5.72526595e-003 5.72042190e-004 0. 0.
    -1.24670111e-003 0. 5.49425371e-003 0. 0. 0. 0. 0. 2.20247684e-003
    0. 0. 1.65835372e-003 0. 0. 3.84745421e-004 4.87018097e-003 0.
    2.23514196e-002 0. 0. 0. 0. 0. 0. 0. 0. 0. 0. 0. 4.12028196e-004 0.
    0. 0. 0. 0. 0. 0. 0. -1.71163550e-003 0. 1.34968816e-003 0. 0. 0.
    3.01604159e-003 0. 0. 0. -1.72010070e-004 0. 0. 0. 8.97135411e-004
    0. 0. 0. 0. 0. 0. 0. 4.90915123e-003 0. -1.66424306e-003 0. 0. 0. 0.
    0. 1.50370663e-002 0. 0. 1.14591280e-002 0. 0. 0. 0. 2.40066112e-003
    2.53871293e-003 0. 0. 2.42140624e-004 0. -1.17599417e-003 0. 0.
    4.69561061e-003 0. 0. 0. 0. 1.07790511e-002 0. 0. 0. 0.
    -1.71023991e-003 0. -1.54697045e-003 -8.32949354e-006
    2.50577251e-003 5.63876005e-003 0. 0. -3.37785971e-003 0.
    7.99230766e-003 4.63171769e-003 -1.36197981e-004 2.09876839e-002 0.
    0. 2.41631162e-004 0. 1.57111639e-003 0. 0. 0. 0. 0. 0. 0.
    4.42664698e-003 0. 0. 1.46174766e-002 0. 0. 2.40708189e-003
    -1.43688032e-003 -1.54205272e-003 0. 0. 0. -2.40071095e-005 0. 0.
    6.72819093e-004 3.31428717e-003 0. 0. 0. 0. 0. 0. 2.23095575e-003
    6.41219784e-003 0. 9.64364689e-003 0. 0. 0. 0. 0. 0. 0.
    3.89876426e-003 9.85774398e-003 4.68570739e-003 3.56191001e-003 0.
    0. 0. 1.89627975e-003 0. 2.15255935e-003 0. 0. 0. 0. 1.46613340e-003
    9.62707773e-003 0. 0. 0. 0. 0. 7.73000438e-003 0. 0. 0. 0.
    8.92699987e-004 0. 0. 0. 0. 1.63612352e-003 0. 0. 0. 0.
    3.61483102e-003 0. 0. -1.93637152e-005 0. 6.66835229e-004 0. 0. 0.
    0. 0. 0. 2.96558067e-003 0. 7.56589882e-003 0. 0. 0. 0. 0. 0.
    -4.12402675e-003 3.31986602e-003 0. 0. 2.18243152e-003 0. 0. 0. 0.
    0. 0. 0. 2.00262992e-003 0. 0. 0. -1.86104211e-003 0.
    7.27209728e-003 0. 0. 0. 0. 8.86667240e-003 0. 1.14179135e-003 0. 0.
    0. 0. 0. 0. 0. 5.48974145e-003 4.35541326e-004 0. 3.36723868e-003 0.
    0. 0. 0. 0. 0. 0. 0. 0. 0. 0. 4.90743248e-003 0. 0. 0.
    2.56129354e-003 0. 0. 0. 8.88341200e-003 0. 0. 0. 0. 0.
    2.40221992e-003 0. 0. 6.31869212e-003 0. 0. 9.43015609e-003 0. 0.
    2.90655391e-003 1.47607271e-003 0. 0. 0. 5.50281536e-003
    9.25634522e-003 0. 0. 0. 0. 2.52807885e-003 0. 5.78732975e-003 0.
    1.50851835e-003 0. 0. 0. 1.86868027e-004 2.43179966e-004 0. 0.
    1.41814258e-003 1.02336360e-002 0. 0. 0. 0. 0. 0. 0.</data></imageDescriptor>
</opencv_storage>
