<?xml version="1.0"?>
<opencv_storage>
<imageDescriptor type_id="opencv-matrix">
  <rows>1</rows>
  <cols>1000</cols>
  <dt>f</dt>
  <data>
    0. 0. 0. 0. 0. 0. 8.20113439e-003 1.88397674e-003 1.03971604e-002 0.
    0. 0. 0. 0. 0. 0. 0. 0. 5.44096809e-003 0. 5.03811566e-003 0.
    3.81585839e-003 0. 0. 0. 3.45753296e-003 6.15677680e-004 0. 0. 0. 0.
    -1.96376652e-003 1.11084273e-002 3.67082329e-003 -1.66430220e-003 0.
    0. 0. 0. 0. 0. 0. 0. 2.20834301e-003 0. 0. 0. 0. 3.87244904e-003
    2.11776234e-003 0. 0. 4.05811472e-003 4.43002628e-003
    1.43132615e-003 0. 0. 6.10071747e-003 3.27316322e-003
    1.03181694e-003 2.48058094e-003 0. 0. 3.91038884e-005
    6.25237357e-004 0. 0. 0. -3.00161168e-003 2.55638501e-003 0.
    2.00130488e-003 0. 1.40186239e-004 0. 5.24557382e-003 0. 0.
    2.36868626e-003 3.26823606e-003 0. 0. 1.75189145e-003 0.
    6.70661917e-003 0. 0. 0. 0. 0. 0. 0. 0. 0. 0. 0. 0. 1.11031532e-002
    0. 0. 0. 0. 1.15762725e-002 0. 0. 0. 0. 0. 8.27098545e-003 0.
    8.44792346e-004 0. 0. 4.65158839e-003 0. 0. 0. -5.49922232e-004
    3.61594371e-003 9.12357529e-004 0. 0. 0. 7.78580504e-003
    2.94639729e-003 1.05283561e-003 6.96168700e-003 0. 1.95787405e-003
    4.82085859e-003 0. 0. 0. 0. 0. 0. 0. 0. 2.77005299e-003 0. 0. 0.
    -7.29693158e-004 0. 0. 0. 0. 0. 0. 7.60818599e-003 -1.11925183e-003
    0. 0. 0. 0. 0. 0. 2.02429341e-003 0. 0. 0. -2.34815245e-003 0. 0.
    2.86744884e-003 0. 0. 0. 0. 0. 0. 0. 0. 0. 0. 0. 1.92252663e-003
    3.34910024e-003 7.79915077e-004 0. 0. 0. 0. 0. 0. 0. 0. 0. 0.
    4.17735381e-003 1.27793830e-002 0. 2.06385949e-003 0. 0. 0. 0. 0. 0.
    6.63460046e-003 2.10335874e-003 0. -1.22082792e-003 0.
    6.49032081e-005 0. 8.79175088e-004 0. 9.08902194e-003 0. 0.
    6.52439147e-003 0. -3.71588714e-004 0. 0. 0. 0. 0. 0. 0.
    3.76476441e-003 2.02689297e-003 0. 0. 4.91459155e-004 0.
    9.31699108e-003 0. 0. 0. 2.01026443e-003 0. 0. 0. 0. 0.
    3.98848439e-003 0. 1.46014933e-002 0. 5.03097288e-003
    2.31978181e-003 0. 0. 0. -1.95372570e-003 0. 0. 3.52339703e-003 0.
    0. 0. 3.32683278e-003 0. 0. 7.72180688e-003 0. 2.14415835e-003
    1.37363782e-003 0. -2.20051239e-004 0. 3.20478983e-004 0.
    2.72101164e-003 0. 0. 0. 0. 0. 0. 4.31357604e-003 0. 0. 0. 0.
    6.10954768e-004 0. 3.17507336e-004 2.99104466e-003 0. 0. 0. 0. 0. 0.
    0. 0. -3.13567871e-004 0. 0. 0. 0. 4.06419509e-004 0. 0. 0. 0.
    3.41138942e-003 0. 0. 0. -3.01520020e-004 1.71500526e-003 0. 0. 0.
    0. -3.05622030e-004 6.90195186e-004 0. 9.70696937e-003
    5.87570947e-003 0. 0. 5.38568338e-003 2.99170776e-003
    -2.62303394e-004 6.41654758e-003 0. -7.45496247e-004 0.
    -1.72047497e-004 0. 0. 0. 0. 0. 2.45305682e-006 3.93590191e-003 0.
    0. 0. -9.10226896e-004 0. -3.76554963e-004 0. 2.19136346e-002
    -1.29641558e-003 0. 0. 3.59300780e-003 3.70062725e-003 0.
    4.77439817e-003 0. 0. 2.12517637e-003 0. 0. 2.68112728e-003 0.
    1.35333173e-003 4.66742262e-004 0. 0. 0. 0. 1.28765581e-002 0.
    1.50825800e-002 0. 2.86813336e-003 0. 0. 6.70942653e-004
    -9.86627885e-004 3.45818559e-003 0. 0. -4.53511777e-004 0. 0.
    5.09538877e-005 0. 3.71898827e-003 2.37655034e-003 0.
    2.11155578e-003 0. 0. -5.47363634e-005 7.78343820e-004 0. 0.
    -4.79879463e-003 1.74709084e-003 0. 0. 0. 0. 0. 0. 0. 0. 0. 0. 0. 0.
    0. 0. 0. 0. 0. 0. 0. 0. 9.83040198e-004 0. 9.26285982e-003 0. 0. 0.
    0. 4.50074207e-003 0. 4.70888196e-003 0. 0. 4.80849156e-003 0.
    4.95598884e-003 4.86460654e-003 0. 0. 0. 3.10299010e-003
    7.85461254e-003 1.04176868e-002 0. 0. 0. 1.06807835e-002
    -1.25225354e-003 0. 0. 2.75123329e-003 0. 4.06879187e-003
    5.68794971e-003 0. 0. 0. 0. 1.76337338e-003 -1.91461484e-004 0. 0.
    0. 0. 0. 0. 0. 0. 0. 0. 2.13037920e-003 0. 0. 0. 0. 0. 0.
    4.75338753e-003 -2.05040167e-004 0. 0. 0. 0. 0. 0. 0. 0. 0. 0. 0. 0.
    1.05023105e-002 0. 3.10187601e-003 1.25408580e-003 0. 0. 0.
    1.45799058e-004 0. -7.37984155e-005 1.73599890e-003 0. 0. 0. 0. 0.
    0. 1.42475928e-003 0. 0. -3.04832309e-003 0. 3.17704887e-003 0. 0.
    0. 0. -9.17382073e-004 0. 3.35375080e-003 0. 0. 0. 0. 0. 0. 0. 0. 0.
    0. 0. 3.42650601e-005 0. 0. 9.95968189e-003 4.76160232e-004 0.
    6.81246398e-003 0. 0. 0. 0. 0. 0. 5.32229524e-003 0. 0. 0. 0. 0.
    1.06329471e-003 0. 0. 0. -2.56034755e-003 2.30469112e-003 0. 0.
    1.10162294e-003 0. 0. -2.42553116e-003 0. 0. -4.74190630e-004 0. 0.
    0. 1.73283136e-003 0. 2.77174008e-003 9.83056263e-004 0. 0. 0. 0. 0.
    0. 0. 0. 0. 0. 5.18870656e-004 2.79291230e-003 1.97085110e-003 0.
    1.35639897e-002 0. 0. 0. 0. -1.11580513e-004 0. 0. 0. 0. 0.
    6.41785236e-003 0. 0. 0. 0. 0. 0. 0. 0. 0. 0. -3.49665817e-004 0.
    6.74468046e-003 0. 0. 0. 0. 0. 3.97029845e-003 2.29790201e-003 0. 0.
    -1.82414963e-003 0. 5.21811517e-003 2.41320371e-003 0. 0. 0.
    6.03656797e-003 0. 0. 0. 0. -4.41348739e-003 4.56588081e-004 0. 0.
    0. 0. 4.26210882e-003 0. 1.17305282e-003 0. 0. 3.92830418e-003 0. 0.
    1.08231772e-002 0. 0. 2.19632150e-003 0. 0. 0. 0. 0. 0.
    2.38727406e-003 4.53853281e-003 0. 1.42642646e-003 4.35308786e-003
    0. 0. 0. 0. -1.48200220e-003 0. 0. -1.21949008e-003 4.22173366e-003
    6.63583167e-003 0. 0. 0. 0. 7.61809666e-003 0. 0. 0. 8.08422081e-003
    6.90595247e-004 0. 0. 0. 0. 0. 0. 0. -2.60221446e-003 0. 0.
    3.92793119e-003 4.65445546e-003 0. 0. 0. 4.32192581e-003 0. 0. 0.
    3.59507336e-004 3.40602431e-003 1.74615998e-003 0. 6.88912463e-004
    1.21086864e-002 7.05396011e-003 2.26547034e-003 -4.04180086e-004 0.
    0. 2.12009624e-003 0. 0. 0. -1.02040160e-003 1.00147247e-003
    1.25259929e-003 2.88120774e-003 1.39627121e-002 0. 2.99000088e-003
    0. 0. 0. -1.18942035e-003 0. -2.87388160e-004 0. 2.54018558e-003 0.
    2.44131451e-003 3.99987306e-003 0. 0. 9.54294228e-004 0.
    6.37127971e-003 0. 0. 8.54983367e-003 0. 0. 0. 0. 0. 0. 0.
    3.59106110e-003 0. 0. 0. 2.72009126e-003 0. 7.90091755e-004
    4.16826038e-003 0. 0. 0. 0. -4.15289169e-003 8.03679752e-004 0.
    1.84667471e-003 0. 0. 0. 0. 0. 0. 0. -7.44300662e-004 0. 0. 0. 0. 0.
    0. 3.65799177e-003 1.31882224e-002 0. 0. 5.65165048e-003
    6.05694018e-003 0. 0. 9.95750818e-003 0. 0. 0. 0. 0. 0. 0.
    1.58170995e-003 2.97166174e-003 0. 1.72623212e-003 0.
    4.23254771e-003 1.34683750e-003 -4.48000355e-004 0. 4.95021418e-003
    2.01262720e-003 0. 1.08880887e-003 -8.00159760e-005 0. 0. 0.
    -9.96661605e-004 0. 0. 0. 0. 0. 0. 0. 0. 0. 3.91421607e-003 0. 0.
    3.76197696e-003 -1.05174695e-005 1.78594496e-002 0. 0. 0.
    2.58369697e-003 0. 0. 0. 3.06621264e-003 0. -1.01794163e-003 0.
    7.69929215e-003 -1.72117096e-003 2.29242072e-003 0. 0. 0.
    1.25258193e-005 -2.09701061e-003 0. -1.11108541e-003 0. 0.
    7.45204161e-004 -6.71970292e-006 0. 8.00172158e-004 4.75379359e-003
    0. 0. 0. -1.59478502e-003 0. 0. 7.33763503e-004 0. 0.
    4.09691175e-003 -5.81008382e-004 0. 0. 1.28223735e-003
    1.11454278e-002 0. 0. 0. 0. 0. 0. 5.76809398e-004 2.78734742e-003
    9.94054694e-003 0. 0. 0. 0. 0. 0. -1.75284490e-003 1.79449853e-003
    2.50353315e-003 0. 0. 0. 0. 0. -6.73378166e-003 0. 0.
    1.83845107e-002 0. 3.66777391e-003 4.11784835e-003 0. 0. 0. 0. 0. 0.
    0. 0. 4.95794229e-003 0. 1.21248215e-002 0. 0. 0. -2.86792708e-003
    0. 0. 2.31491798e-003 0. 2.77645187e-003 0. 0. 0. 1.13507488e-003
    1.48522246e-004 0. 0. 0. 1.08040671e-003 0. 0. 0. 2.48965016e-003 0.
    0. 0. 0. 0. 9.47735459e-003 0. 4.49587009e-004 1.43014535e-003
    2.54339189e-003 4.18625353e-003 0. 1.38633978e-003 0.
    6.76959706e-003 0. 0. 1.38906366e-003 0. 1.45195809e-003
    1.18913500e-004 0. 0. 1.28180336e-003 0. 1.95139204e-003 0. 0. 0. 0.
    0. 0. 3.73483589e-003 0. 0. 0. 7.92214181e-003 0. -6.10011281e-004
    4.01138607e-003 0. 0. 0. 0. 0. 0. 8.75248946e-003 0. 0.
    9.96377086e-004 0. 0. 0. -1.09253946e-004 0. 5.92955993e-003 0.
    1.54712005e-002 0. 0. 9.48709494e-004 0. 0. 0. 0. -4.43664240e-003
    1.49943689e-005 0. 9.11837793e-004 3.98200192e-003 0. 0. 0.
