<?xml version="1.0"?>
<opencv_storage>
<imageDescriptor type_id="opencv-matrix">
  <rows>1</rows>
  <cols>1000</cols>
  <dt>f</dt>
  <data>
    0. 1.30044576e-002 2.03906908e-004 1.96875102e-004 3.94503353e-003
    -8.75584257e-004 0. 0. 0. 2.83722620e-004 0. 0. 0. 1.35984283e-003
    0. 0. 0. 5.78580610e-003 -9.57093493e-004 0. 0. 6.42578164e-003 0.
    7.44587451e-004 0. -1.06905366e-003 9.44434316e-004 0. 0. 0. 0.
    6.98077376e-004 8.18438944e-004 0. 0. 0. 2.98265310e-004
    2.57609016e-003 1.85538651e-004 1.10980747e-002 1.21224322e-003 0.
    0. 0. -2.78569013e-003 0. 2.23980611e-003 6.60173036e-003
    9.56568029e-003 7.86508492e-004 0. 0. 0. 6.99817622e-003
    4.74104454e-004 8.93035438e-003 1.01065336e-004 0. 6.36730390e-003
    0. 1.14658168e-002 0. 0. 5.24699548e-003 2.18944997e-003
    -7.23534089e-004 8.51816731e-004 0. 0. -6.35800970e-005 0. 0.
    4.25807026e-004 0. 0. 4.84924950e-003 1.74692064e-003 0. 0. 0. 0.
    -1.28114538e-003 1.42023677e-003 0. 0. 8.81186593e-003 0.
    4.24384698e-003 1.65799586e-003 -2.83452420e-004 0. 3.57192452e-003
    0. 0. 1.10155344e-002 4.13906155e-003 0. 0. 2.99121057e-005
    4.56682610e-004 6.16490049e-003 3.60024365e-004 3.77267110e-003
    -3.72410141e-004 0. 3.22571630e-003 0. 0. 1.54057110e-003
    2.82913912e-003 -1.03658601e-003 0. 1.95446517e-003 0.
    5.32120280e-003 2.48628971e-003 0. -9.72890412e-004 0.
    -1.57588802e-003 8.57793842e-004 0. 0. 0. 1.68131970e-004 0. 0.
    6.75504887e-003 0. 0. 0. 0. 0. 3.28854448e-003 1.39768026e-003
    -5.71186538e-004 0. 1.20452221e-003 0. 1.26956152e-002
    -8.32194230e-004 5.44230500e-003 3.60177772e-004 1.08203036e-003
    1.54260849e-003 3.51247401e-003 6.28408627e-004 1.67096383e-003
    5.07017365e-004 5.16706903e-004 -2.72147154e-004 -1.09295695e-004 0.
    0. 0. 1.75565435e-003 -1.76784489e-003 0. 0. 0. 2.44078095e-004 0.
    7.83458643e-004 0. -1.23669728e-004 1.89725566e-003 0. 0. 0.
    3.11797461e-003 0. 0. 0. 2.60667386e-003 0. 0. 0. 2.85488158e-003
    3.42305610e-003 0. 0. 5.64180838e-004 6.64800964e-003 0. 0.
    3.81777849e-004 1.84411916e-003 1.61263125e-003 3.18299350e-003
    1.83611864e-003 -5.40653011e-004 6.76248805e-004 0. 0.
    2.84409779e-003 0. 0. 3.24465625e-004 0. 1.06547447e-003
    1.06037073e-002 4.28511854e-003 0. 2.20329198e-003 0. 0. 0.
    5.71965566e-003 1.22649001e-003 4.76952689e-003 -8.06043798e-004 0.
    0. 0. 5.30033745e-003 0. 0. -6.11489231e-004 0. 3.28035536e-003
    5.95838996e-004 5.54560334e-004 0. 0. 1.31174130e-003 0.
    1.76999747e-004 2.68331380e-003 0. 4.13388805e-003 0.
    5.25612617e-003 8.76596663e-004 3.22699943e-003 1.40051497e-003 0.
    -2.77263971e-005 2.42494466e-003 -2.83607352e-003 5.71629405e-003
    1.10389711e-003 -7.46911275e-004 0. 0. 0. 1.37461722e-003 0. 0. 0.
    1.01317768e-003 0. 2.50388057e-005 2.35281768e-003 0. 0.
    6.39255019e-003 0. 5.58105065e-004 0. 2.14794534e-004
    3.58527130e-003 0. 0. 0. 0. 2.22153170e-003 0. 0. 0.
    -2.12802924e-003 0. 0. 0. 0. 4.10736026e-003 1.42227998e-003
    3.13718268e-003 0. 0. 1.18663367e-002 0. 1.38557662e-004 0. 0.
    2.83140852e-003 0. 0. 4.12225520e-004 2.39928672e-003
    1.12587446e-003 0. 8.62151559e-004 1.67566142e-003 3.32377874e-003
    0. 0. 0. 0. 0. -3.02033208e-004 0. 1.75046944e-003 0. 0. 0. 0.
    5.51760546e-004 0. 0. 1.29497575e-003 2.34338525e-003
    -2.92835594e-003 -1.95582616e-004 0. 0. 0. 0. -7.67460326e-004
    2.95998808e-003 1.89081673e-003 0. 0. 0. 8.17967870e-004 0. 0. 0.
    2.28847447e-003 6.64419914e-003 0. -5.05629519e-004 5.47732518e-004
    9.66081803e-004 0. 0. 0. 0. 0. 0. 2.43304577e-003 9.79440054e-004 0.
    0. 0. 9.57402773e-003 1.18344417e-003 0. 0. 3.77330789e-003
    -1.18025171e-003 0. 0. 4.07444360e-003 0. -1.48033269e-003
    1.06375862e-003 0. 0. 3.75626935e-003 5.65346330e-003
    1.60516880e-003 0. 0. 2.45790090e-003 1.61073194e-003 0.
    3.48099245e-004 3.70470865e-004 5.02435165e-003 0. 0. 0. 0.
    5.58744767e-004 1.37915788e-003 5.74703852e-004 0. 7.60900090e-003
    5.84755745e-003 0. 0. 2.77241995e-003 0. 0. 0. 9.82817262e-004 0. 0.
    0. 0. 0. 9.53876064e-004 5.29138604e-003 0. 0. 0. 0.
    -3.97205149e-004 0. 0. 2.40895338e-003 1.81659102e-003 0.
    8.23256909e-004 0. 0. 1.25341397e-003 0. 0. 0. 7.18696916e-004
    1.59184390e-003 0. 0. 0. 0. 0. -8.86115886e-004 5.20552136e-003 0.
    0. 0. 4.89426404e-003 0. 1.28438207e-003 2.30280939e-003 0.
    5.09562902e-003 0. 0. 0. 6.70181727e-003 0. 4.13395843e-004
    1.56101808e-002 1.71814405e-003 0. 0. 0. 4.99612978e-003
    5.74750686e-003 2.73273606e-003 3.00674164e-003 1.69939478e-003 0.
    1.26154628e-003 5.83530311e-003 -6.63410814e-004 -1.92783598e-003 0.
    0. 7.65980594e-003 1.26605784e-003 2.05505476e-003 0.
    1.68898108e-003 0. 0. 0. 0. 0. 5.78730926e-003 0. 0. 2.32234737e-003
    0. 0. 5.36275469e-003 0. 6.19819621e-003 6.51844172e-003 0.
    4.79178131e-003 1.33089267e-003 0. 0. 7.06229825e-004 0.
    5.24094328e-003 4.24960442e-003 0. 0. 4.31365194e-003 0.
    2.19218037e-003 3.53202107e-003 0. 0. 0. 0. 5.86450333e-003 0. 0. 0.
    1.08469871e-003 0. 0. 0. 0. 4.68626851e-003 0. 0. 0. 3.53303156e-003
    0. 0. 0. 0. 0. 0. -6.87918800e-004 8.64769518e-003 0. 0. 0. 0. 0. 0.
    1.65791449e-003 6.06605830e-003 0. 0. 4.23273724e-003 0. 0. 0. 0. 0.
    2.02270760e-003 0. 1.81510462e-003 -4.24962083e-004 0. 0.
    -1.17909233e-003 0. -1.24538632e-003 0. -4.98516420e-005
    9.60436737e-005 0. 0. 2.60331226e-003 0. 0. 0. 0. 0.
    -2.55319988e-003 0. -8.08494340e-004 1.33259688e-003 0. 0. 0.
    2.01419066e-003 0. 0. 1.32246502e-003 -4.95268498e-004
    2.33158073e-003 6.20049611e-003 0. 0. 0. 0. 1.50847738e-003 0.
    1.24650414e-003 0. 4.15882934e-003 1.75759953e-003 0.
    1.05469758e-002 -1.03895192e-003 0. 0. 3.11845361e-004 0. 0.
    1.42559293e-003 0. 0. 1.27591228e-003 0. 5.98391460e-004 0.
    1.03038910e-003 0. 1.83317065e-003 0. 0. 1.08578138e-003
    1.96996750e-003 -5.18518919e-003 1.88491249e-003 3.76395090e-003
    -1.16160512e-003 2.06125114e-004 1.58370181e-003 0. 1.21263096e-004
    0. 0. 8.04843789e-004 0. 9.43013560e-003 0. 0. 1.68600181e-005
    4.99019399e-004 0. 3.59631027e-004 0. 0. 0. 4.72322851e-003 0. 0. 0.
    0. 1.90471637e-003 0. 0. 0. 4.39360738e-004 1.36084028e-003 0. 0.
    3.84386582e-003 0. 0. 5.25338750e-004 0. 0. 0. 1.37788162e-003 0. 0.
    5.90791786e-003 0. 0. 0. 4.07798681e-003 1.65092596e-003
    4.11402248e-003 0. 2.25057546e-003 0. 0. 8.87841044e-004 0. 0.
    1.79855141e-003 0. 1.23098830e-003 0. 0. 0. 0. 0. 0. 0. 0. 0.
    -4.81732481e-004 0. 0. -1.14443142e-003 0. 0. 0. 0. 0.
    2.04469636e-003 -8.77183920e-004 3.45669664e-003 0. 0. 0.
    5.66108502e-005 0. 1.48826395e-003 0. 0. 1.22656429e-003
    -3.23617496e-005 0. 3.60533304e-004 0. 0. 0. 3.68544203e-003 0.
    1.01029535e-003 2.40115216e-003 0. 0. 1.44327870e-002 0. 0.
    3.95579077e-003 0. 0. 0. 0. 0. 0. 3.64768482e-003 3.82504635e-003
    2.43548793e-003 0. 8.88893788e-004 0. 1.65486871e-003 0. 0. 0. 0.
    5.83916344e-003 1.19596289e-003 2.11685686e-003 0. 6.61329366e-003
    1.33105391e-003 6.81325910e-004 0. 0. 1.06321438e-003 0.
    -7.61014875e-004 -9.63150349e-004 0. 0. 1.14192925e-002
    -1.81949337e-003 1.17564842e-003 0. 4.23293281e-003 0. 0. 0. 0. 0.
    1.94857141e-003 0. 0. 0. 1.09711045e-003 0. 2.80804699e-003 0.
    -5.87912393e-004 0. 2.55334540e-003 0. 0. 2.68282252e-003 0. 0.
    2.00583506e-003 0. 1.92277867e-003 0. 2.18108320e-003 0.
    1.26970257e-003 0. 0. 8.16225365e-005 0. 5.00789704e-003 0.
    1.08737440e-003 0. 0. 1.44372508e-003 0. 0. 0. 1.17104396e-003 0. 0.
    0. 1.93048955e-003 1.85809378e-003 0. 1.05376169e-003 0. 0. 0.
    3.37992888e-003 0. 1.34759897e-003 0. 3.54443677e-004 0.
    1.35301566e-003 1.89812470e-003 1.46131846e-003 0. 1.71645824e-003
    0. 0. 0. 0. 0. 0. 0. 0. 3.75608615e-005 -4.61312127e-004
    1.43593014e-003 0. 0. 0. 0. 4.05294914e-003 0. 0. 0. 0. 0. 0.
    6.37895288e-003 0. 0. 0. -3.52051196e-004 -6.55283337e-004 0.
