<?xml version="1.0"?>
<opencv_storage>
<imageDescriptor type_id="opencv-matrix">
  <rows>1</rows>
  <cols>1000</cols>
  <dt>f</dt>
  <data>
    0. 0. 0. 0. 0. 0. 6.65940635e-004 3.21631599e-003 0. 0. 0. 0.
    3.61798145e-003 1.54586020e-003 4.70927404e-003 2.68653006e-004 0.
    1.46635165e-002 0. 0. 0. 6.09907613e-004 -9.45410517e-004 0. 0. 0.
    0. 0. 0. 0. 1.55943062e-003 0. 0. 0. 0. 1.73928845e-003 0. 0. 0.
    2.90595694e-003 6.50229922e-004 0. 2.00900133e-003 1.92197811e-004
    5.83095825e-004 1.49481508e-004 7.82766659e-003 0. 1.57305715e-003
    5.66074811e-003 0. -1.90841911e-005 0. 0. 0. -1.06077781e-003
    2.10476734e-004 4.31484892e-004 -1.30308862e-003 0. 0. 0. 0.
    8.61920067e-004 0. 0. 1.15737820e-003 2.79620267e-003 0.
    2.80848215e-003 0. 0. 0. 0. -3.72362010e-005 3.33248964e-003 0. 0.
    1.68900122e-003 2.91121169e-003 0. 0. 1.01636251e-004 0.
    -1.32000470e-003 -3.34580327e-005 4.80264751e-003 0. 2.97498563e-003
    6.36467105e-003 0. 0. 1.35736994e-003 6.10809401e-003 0.
    5.63444942e-003 0. 0. 0. 0. 0. 1.22107053e-003 6.60778163e-003
    1.25874230e-003 0. 0. 0. 4.92803613e-003 1.05998036e-003
    6.18819054e-003 -1.63730432e-003 1.85887550e-003 4.88259160e-004 0.
    0. 0. -8.55157559e-004 0. 0. 2.63264636e-003 6.73057744e-003 0. 0.
    5.27567136e-005 1.78937160e-003 0. 0. -2.41461021e-004
    2.81948666e-003 0. 0. 0. 2.47332244e-003 0. 0. 0. -1.95510290e-003
    -7.06889841e-004 0. 0. 2.79911212e-003 0. 0. 6.42046798e-004
    2.37956597e-003 0. 0. -2.00417853e-004 5.58314205e-004
    1.79981824e-003 7.98563473e-003 0. 0. 0. 2.31399038e-003
    -4.66887926e-004 0. 0. 5.18277986e-003 0. 1.35341869e-003 0. 0.
    4.14515473e-003 -5.28697099e-004 0. 1.50523009e-003 3.76623869e-003
    0. 1.41489529e-003 0. 0. 0. 4.80225222e-004 0. 3.86963738e-003 0. 0.
    3.00026825e-003 2.59295572e-003 0. -1.72229795e-006 9.56258923e-003
    0. -6.80833880e-004 1.02336158e-003 1.17295096e-002 3.11640440e-003
    1.49820093e-003 5.05554897e-004 -1.02147239e-003 -2.35304266e-004 0.
    0. 1.47424958e-004 0. 3.24076181e-003 0. 1.84085773e-004
    1.52225397e-003 -5.78514358e-004 0. 1.84053474e-003 0.
    3.97699885e-003 4.55585076e-003 -3.36938174e-005 1.00352960e-002 0.
    6.80901052e-004 5.45207120e-004 -8.34855135e-004 1.03121297e-003
    1.19928201e-003 0. -7.50643143e-004 4.91893804e-003 1.32354989e-003
    1.04842405e-003 3.16271931e-003 -4.33981768e-004 6.16453681e-003 0.
    1.76035543e-003 2.67704157e-003 0. 0. 0. 0. 0. -3.49129114e-004
    6.90555666e-004 0. -2.11925479e-003 0. 0. 1.40367833e-003
    1.07479747e-003 8.51379184e-004 3.34934006e-003 4.94931871e-003 0.
    0. 2.06614542e-003 3.32803675e-003 -1.28732191e-003 0. 0. 0. 0.
    1.62670804e-005 -1.14951353e-003 -4.06746462e-004 8.16654693e-003
    1.53502019e-003 5.44424448e-003 0. 2.46256031e-003 7.15297135e-003
    0. 0. 5.00964234e-003 0. 0. 5.33504237e-004 5.08080795e-003 0.
    8.67484487e-005 -2.86944065e-004 -1.32685545e-005 0. 0.
    3.04496521e-003 -5.03092306e-004 1.21030258e-003 7.32610468e-003
    5.29758807e-004 -6.35592223e-005 1.52893446e-003 0. 0. 0. 0.
    1.49161427e-003 1.07239606e-003 9.74894909e-004 0. 3.88643658e-003
    0. 5.15773613e-003 0. 2.20286311e-003 0. 6.67574862e-003 0. 0. 0. 0.
    2.63009191e-004 2.99094175e-003 0. 2.48885248e-003 0.
    -1.45629491e-003 0. 8.82900599e-003 1.59773626e-004 0. 0.
    -2.71005527e-004 8.06414697e-004 1.85092294e-003 0. 0. 0. 0.
    5.94209239e-004 1.35382067e-003 9.89733147e-004 3.01049463e-003 0.
    1.27384893e-003 1.78886263e-003 2.03805068e-003 5.03284065e-003 0.
    0. 0. 0. 3.11386044e-004 -8.00932539e-005 7.11050117e-004
    3.95835284e-003 3.69592744e-004 0. 0. 0. 1.94356951e-003 0. 0. 0. 0.
    0. 8.10588989e-003 5.53726801e-004 4.53090994e-003 9.81367077e-004
    -1.17690950e-004 0. 0. 0. 4.48422652e-004 0. 0. 3.27292248e-003
    2.28899368e-003 0. 3.54785565e-003 4.01789742e-003 1.12878205e-003
    7.78755173e-004 0. 1.70498155e-003 3.39861400e-003 5.89201518e-004
    -5.41646441e-004 7.45814526e-004 0. -1.13123236e-003 1.26830116e-003
    6.24553009e-004 0. 0. 1.31762790e-004 3.56373563e-003 0. 0. 0. 0. 0.
    0. 0. 0. 0. 0. 5.09968901e-004 0. 0. 0. 0. 1.19853159e-003 0. 0.
    1.27255945e-002 0. 2.70162569e-003 0. 0. 6.14439510e-003
    2.53245863e-003 0. 6.07564405e-004 3.36169731e-004 0. 0.
    7.58153666e-003 1.08090008e-003 0. 0. 0. 4.18240810e-003 0. 0. 0.
    -1.84980326e-003 2.70341500e-003 1.02358835e-003 3.18038743e-003 0.
    1.30454171e-003 0. 7.34431949e-003 1.98857835e-003 0.
    -2.81569548e-004 0. 0. 4.91569284e-004 0. -7.12181907e-004 0.
    4.20539232e-004 1.17115478e-003 0. 0. 9.94830159e-004
    8.24178569e-003 0. 0. 0. 1.00551724e-005 -1.68720493e-003 0. 0.
    4.12945356e-003 0. 0. -2.85643805e-003 2.30666628e-005 0.
    -1.08201138e-003 1.01256371e-003 4.62312298e-003 -1.22747407e-003 0.
    0. 2.86538643e-003 0. 8.17676540e-004 8.68275412e-004
    1.08667871e-003 0. 3.70043283e-003 0. 2.37715105e-003 0. 0. 0.
    5.14776725e-003 0. -2.40264507e-003 0. 0. 0. 0. 0. 1.18248805e-003
    0. 0. 0. 0. 0. 0. 0. -2.19806377e-003 7.91504979e-003
    6.83164271e-003 -2.07687903e-004 2.04563118e-003 -1.09486328e-003
    1.79319657e-004 6.41314639e-003 3.77303129e-003 0. 7.08531961e-003
    1.70989792e-004 0. 5.06385812e-004 0. -5.79486310e-004
    3.13713099e-004 0. 1.11600973e-004 0. 1.28143257e-003 0.
    1.67541311e-003 0. 1.32513396e-003 4.03460086e-004 0. 0.
    2.63846340e-003 0. 0. 0. 0. 0. 5.48443431e-003 0. 1.60291139e-003
    1.29103987e-003 -1.86313409e-003 1.37254770e-003 1.17815635e-003
    4.95828222e-003 4.55428334e-003 5.09836152e-003 9.67579545e-004 0.
    0. 1.57691538e-003 0. -6.87740103e-004 2.25377642e-003
    6.62662496e-004 3.52151413e-003 1.18115656e-002 0. 0.
    9.82986065e-004 1.90639679e-004 0. -3.14837089e-003 6.79557910e-003
    1.71208603e-003 -3.36558500e-004 -3.95404495e-004 0. 0. 0. 0.
    8.61336105e-003 -5.71282522e-004 -2.71818601e-004 7.44896417e-004
    4.30118002e-004 -2.04461208e-003 0. -1.11177494e-003 0. 0.
    3.62732331e-003 7.08179141e-004 -1.25930866e-003 0. 6.49656635e-003
    5.32202539e-004 0. 3.52526060e-003 6.22871798e-004 0.
    2.14698305e-003 -2.77664396e-004 3.75556468e-004 1.65853347e-003
    2.36902200e-003 0. 1.28272851e-003 -8.84170760e-004 1.25539023e-003
    4.07665211e-004 3.15838866e-003 5.24538942e-003 1.75979931e-003
    3.75829637e-004 0. 8.47059273e-005 3.52888514e-004 0.
    1.27900566e-003 9.45584849e-004 0. -1.39688735e-003 9.77291609e-004
    0. 0. 0. 0. 7.23036472e-004 -1.38392660e-003 4.87318212e-005
    6.72483537e-003 0. 4.39926778e-004 -2.59381428e-004 0. 0. 0. 0. 0.
    1.51717768e-003 3.00081703e-003 3.19783518e-004 2.50574341e-003 0.
    3.23990034e-003 -9.74747527e-004 0. 0. 0. 3.92075250e-004 0. 0.
    1.46289857e-003 0. 0. 0. 3.74059798e-003 0. 1.44555129e-003
    -1.03289564e-003 2.52370094e-003 3.35377292e-003 0. 0. 0.
    -1.93241413e-003 1.37152988e-003 0. 0. 0. 0. 1.00963912e-003 0. 0.
    0. 2.01567821e-003 4.56901966e-003 7.07592466e-004 0. 0. 0.
    3.33354750e-004 -2.55179871e-003 -6.88300061e-004 1.04579842e-003 0.
    0. 1.31113757e-003 0. 0. 0. 4.39557014e-003 0. 1.09426805e-003
    5.83492126e-003 0. 0. 0. 0. 0. 1.07706222e-003 0. 1.86810782e-003 0.
    0. 0. -6.96316478e-004 0. 0. 0. 1.09599286e-003 0. 1.79702835e-003
    4.49325889e-003 6.03286666e-004 0. 0. 6.80390792e-003
    4.80497954e-003 0. 0. -6.74274797e-003 4.52870550e-003
    3.56470176e-004 0. 0. 0. 2.44076247e-003 1.24953935e-004
    2.65314942e-003 0. 0. 0. 0. 0. 0. 3.15438304e-003 0. 2.39160471e-003
    2.58732558e-004 1.27163727e-003 0. 0. 6.32324314e-004
    6.46887289e-004 0. 0. 0. 6.13724673e-003 3.79933533e-003
    2.40612123e-003 0. 2.62845028e-003 0. 2.33587297e-003 0. 0.
    1.05569996e-002 2.01970246e-003 0. -1.44116010e-003 0. 0. 0.
    2.15439708e-003 0. 0. 0. 0. -6.63532119e-004 -1.55217969e-003
    9.38276207e-005 1.35787483e-003 1.00850454e-003 1.73907029e-003 0.
