<?xml version="1.0"?>
<opencv_storage>
<imageDescriptor type_id="opencv-matrix">
  <rows>1</rows>
  <cols>1000</cols>
  <dt>f</dt>
  <data>
    0. 0. 3.70877999e-004 0. 0. 1.04274380e-003 0. 1.10138645e-002 0. 0.
    0. 6.62724022e-004 4.59318748e-004 0. 0. 5.54417958e-003 0. 0. 0.
    2.90681119e-003 1.02826503e-004 1.99875608e-003 0. 0. 0.
    3.14430101e-003 3.40605411e-003 0. 0. 0. 2.18947622e-004
    3.57560348e-003 6.97249733e-003 -4.29803797e-004 1.28374388e-003 0.
    0. 2.67220708e-003 0. 1.78778113e-003 -4.10594803e-004 0. 0. 0.
    -1.22276542e-003 0. 0. 0. 0. 0. 2.23953812e-003 0. 1.86038180e-003
    0. 0. 0. 3.65411746e-004 0. 5.40959509e-003 2.46481481e-003
    4.19352390e-003 3.19094659e-004 0. 0. 1.11177133e-003 0. 0.
    4.25135193e-004 0. -1.17334793e-003 1.08827557e-003 1.35526399e-003
    0. 1.14629243e-003 3.80407111e-003 4.32329756e-007 0. 0. 0.
    1.01070630e-003 0. 9.32797906e-004 0. 3.69594479e-003 0.
    1.01994900e-002 0. 0. 1.71303179e-003 3.57183116e-003 0. 0.
    -2.20108614e-003 1.83523819e-003 0. 0. 0. 3.49020376e-003 0. 0. 0.
    0. 0. 7.65391812e-003 0. 0. 1.67564501e-003 0. 2.39233882e-003
    5.74228400e-003 1.07011637e-002 2.42096768e-003 0. 0.
    4.88878042e-003 6.25706743e-004 0. 0. 1.03505969e-003
    1.09799942e-002 1.84817845e-003 4.62640077e-003 0. 0. 0. 0. 0. 0.
    3.15122976e-004 0. 0. 2.58480781e-003 3.50063504e-003
    3.81155638e-003 1.14845857e-003 0. 1.36316672e-003 8.45055445e-004
    0. 0. 1.03895869e-002 0. 0. 0. 1.36471959e-003 0. 0. 5.43541333e-004
    0. -7.63910066e-005 0. 0. 0. 0. 2.93651060e-003 3.08499951e-003
    8.76824313e-004 9.33839998e-004 4.44953423e-003 0. -6.64815307e-004
    0. 0. 2.95138278e-004 0. 0. 1.87991292e-003 5.09102771e-004 0.
    5.25636016e-004 -2.96867220e-004 0. 0. 5.12774987e-003 0.
    2.69855023e-003 1.45452423e-003 0. 3.48875439e-003 2.06154166e-003
    0. 0. 1.98840327e-003 1.36180979e-003 7.42448773e-003 0.
    2.59240717e-003 3.95087991e-003 0. 0. 0. 8.55673919e-004 0. 0. 0. 0.
    0. 2.98188347e-003 0. 3.29835131e-003 -1.30145415e-003
    5.87462331e-004 2.12703994e-003 1.80066633e-003 0. 0.
    1.54622612e-004 1.42850191e-003 3.71814729e-003 9.08103422e-004
    1.22993614e-003 2.34175799e-003 0. 0. 0. 0. 0. 0. 0. 0. 0. 0.
    1.07313646e-003 0. 0. 1.00462500e-003 -1.01831858e-003 0. 0.
    5.57910232e-003 6.50996389e-003 0. 4.05594846e-003 -2.04767869e-003
    0. 0. 3.96410888e-003 0. 0. 1.06080656e-003 0. 3.42664518e-003 0. 0.
    0. -2.56785424e-004 1.46254164e-003 0. 0. -7.82400835e-004
    1.76050828e-003 0. 1.42943126e-003 0. 0. 0. 8.27474942e-005
    1.72343641e-003 0. 1.63684855e-003 4.50525200e-004 0. 0. 0. 0.
    1.19118241e-003 2.08906992e-003 0. 8.15175648e-004 0. 0. 0.
    1.77344307e-003 5.12885046e-004 1.53898017e-003 -1.27634456e-004
    5.17127221e-004 0. 8.40120856e-003 0. 0. 0. 0. 0. 0. 0.
    4.21363022e-003 0. 0. 2.00404925e-003 -1.01411121e-003
    6.66210055e-003 0. 1.06329340e-002 0. 4.10303473e-003
    6.16309349e-004 0. -2.01016883e-004 0. 1.35030516e-003 0. 0.
    1.12660415e-003 0. 3.69052868e-003 0. 1.90545409e-003 0. 0.
    -4.37598443e-004 5.49217337e-004 0. -1.79438153e-003 9.18538962e-003
    4.67899069e-003 0. 0. 1.73921906e-003 0. 1.97245667e-004 0.
    3.97358974e-003 0. 1.42318942e-003 0. 0. 9.16570425e-004
    1.66296156e-003 0. 1.17967383e-003 0. 0. 8.11065547e-003
    -7.41487485e-004 0. 9.89241293e-004 -5.17876353e-004 0.
    1.20805365e-004 2.19720672e-003 0. -1.22380711e-003 2.23588990e-003
    7.77501985e-003 -9.59280223e-005 1.74865790e-003 3.52454168e-004 0.
    0. 0. -9.09644528e-004 0. 0. 2.53759651e-003 0. 2.83114240e-003
    -7.02824444e-004 0. 0. 0. -4.70359530e-003 -2.09670723e-003 0. 0.
    -3.86096181e-005 0. 0. -2.99863983e-003 2.55841692e-003
    7.39689043e-004 2.85563269e-003 0. 1.74155086e-003 -1.65262070e-004
    0. 0. 0. 0. 0. 0. 0. 0. 2.73131137e-003 -1.27067068e-003 0.
    9.83907259e-004 -1.13445939e-003 0. 0. 0. 0. 4.73204581e-003
    2.53650220e-003 0. 0. 0. 0. 0. 0. 4.40088566e-003 -4.93850268e-004
    1.54851167e-003 1.17843356e-002 0. 1.02926465e-002 0. 0. 0. 0.
    1.96394557e-003 1.16722623e-003 1.99111248e-003 4.52444365e-004
    8.66560091e-004 1.29647239e-003 4.17791307e-003 0. 0.
    2.67338510e-005 0. 2.37798109e-003 0. 0. -2.03001942e-003
    -1.53630986e-004 0. -2.20813369e-003 8.75809172e-004 3.62574426e-003
    0. 1.58395711e-003 3.93131137e-004 5.80874970e-004 1.06807873e-002
    0. 2.73508136e-003 0. -1.44484604e-003 0. 0. 2.66025914e-003 0.
    -4.40723030e-004 0. 0. 1.37136271e-003 5.45254070e-003
    -2.19920813e-003 4.10400238e-003 0. 0. 0. 3.81666236e-003
    1.45573882e-004 0. 0. 0. 0. 0. 0. 0. 5.44423237e-004 3.52559751e-003
    0. 0. 0. 2.62821163e-003 0. 0. 2.51652463e-003 0. 0. 5.61210653e-003
    0. 4.41366574e-003 0. 0. 0. 3.67858702e-005 5.17197931e-003 0. 0.
    1.96457631e-003 1.30337069e-003 9.96243092e-004 6.30381331e-003 0.
    0. 3.16062314e-003 0. 0. 0. 0. 0. 0. 0. 1.94844662e-003
    3.27776256e-003 7.67394740e-005 -1.95540371e-003 1.49027677e-003
    1.89300423e-004 0. 3.99732759e-004 0. 3.88114597e-003 0. 0. 0. 0. 0.
    -3.36420053e-005 0. 0. 0. 0. 0. 0. 0. 0. 3.90681019e-003 0.
    6.32490905e-004 6.14957651e-003 1.75471918e-003 2.58069416e-003 0.
    0. 0. 7.94842280e-003 7.19532080e-004 0. -9.14055199e-005
    1.23439380e-003 1.36522853e-004 0. 1.82617060e-003 0. 0. 0.
    2.25772892e-004 0. 0. 7.98361085e-004 0. 0. 0. 0. 0. 0.
    2.59586901e-004 5.66742499e-004 3.45701526e-004 0. 1.46943121e-003
    0. 0. 1.69640372e-003 7.37516675e-004 1.85615174e-003 0. 0.
    7.64355122e-004 4.09619475e-004 0. 1.42093992e-003 0. 0. 0.
    1.58726156e-003 0. 0. 0. 0. 1.03317481e-003 2.59617972e-003 0.
    8.88779573e-003 0. 7.26801460e-004 0. 2.54485942e-003
    -7.32513308e-006 0. 0. 0. 5.60071261e-004 -4.13871567e-005
    1.44048240e-002 0. 3.79554252e-003 0. 9.04719986e-004 0. 0. 0. 0. 0.
    0. 0. 3.50887212e-003 -1.06372067e-003 0. 0. 0. 0. 0. 0.
    1.06321473e-003 0. 4.21171822e-003 -3.01889784e-004 0.
    -3.85188556e-004 1.17602060e-003 5.61556546e-003 0. -2.65954674e-004
    0. 0. 0. 0. 1.52693992e-003 0. 0. 0. 5.92870498e-003 1.72302239e-002
    1.04308901e-002 2.23551039e-003 3.67984339e-003 0. 0. 0.
    -1.15206058e-003 6.71189278e-004 2.74379132e-003 7.28354277e-003 0.
    0. 1.57043373e-003 2.12720595e-003 8.85501620e-004 0. 0. 0.
    2.81588756e-003 4.34012990e-003 0. 2.82112131e-004 8.83364293e-004
    0. 0. 0. 8.79862870e-004 0. 0. 0. 2.35708430e-003 0. 0.
    1.08022732e-003 0. 0. 4.80754813e-003 -8.19303619e-004
    3.75991524e-003 0. -6.43271371e-004 1.05964986e-003 0.
    -1.96429435e-003 -2.54910410e-004 0. 0. 0. 0. 0. 0. 0. 0.
    2.22373125e-003 0. 0. 5.68150682e-003 -1.50062214e-003 0.
    2.05760309e-003 -4.05787374e-004 1.53715012e-003 -2.10185666e-004 0.
    -3.03257955e-003 0. 1.06069061e-003 0. 0. 0. 0. 0. 8.05743318e-003
    -1.09674547e-005 0. 0. 0. 0. 0. 7.10146327e-004 0. -4.00230085e-004
    0. 0. -2.16215895e-003 0. 0. 3.97681724e-003 0. 0. 0. 0. 0.
    2.15256820e-003 0. 0. 1.22178474e-003 0. 0. 3.38157546e-003 0. 0.
    2.75591668e-003 3.75828822e-003 0. 0. 0. 1.16100619e-002 0. 0.
    1.50379667e-003 0. 0. 0. 0. 4.52162465e-004 0. 9.03430919e-004
    2.09074863e-003 0. 8.55645817e-003 0. 0. 0. 2.71738344e-003
    -1.31076318e-004 4.87763342e-003 0. 0. 0. 1.69065699e-003 0. 0.
    2.44486798e-003 0. 0. 7.78647652e-003 4.26259311e-003
    1.38256617e-003 -2.01893898e-004 0. 0. 0. 0. -5.77351137e-004
    9.25733894e-003 -1.54946104e-003 0. 0. 1.30403889e-004 0.
    -7.19442964e-004 4.78844438e-003 2.40523182e-003 5.36262756e-004
    1.71674779e-004 0. 2.90742470e-003 0. -3.24054714e-003 0. 0. 0.
    2.67697242e-003 7.66700972e-003 0. 7.16906856e-004 0.
    -1.50031061e-004 0. 0. 0. 9.82884434e-004 0. 5.46413986e-003 0. 0.
    2.06923834e-003 0. 9.77881951e-004 0. -1.86314597e-003 0. 0.
    8.35215859e-003 5.98083390e-003 7.60762952e-003 1.89015351e-003 0.
    2.83440645e-003 0. 0. 0. 0. 0. 0. 0. 0. 0. 3.29470006e-003
