<?xml version="1.0"?>
<opencv_storage>
<imageDescriptor type_id="opencv-matrix">
  <rows>1</rows>
  <cols>1000</cols>
  <dt>f</dt>
  <data>
    0. -1.22357917e-004 0. 1.36865652e-004 0. -1.33489771e-003 0.
    -6.88724569e-004 0. 0. 3.05154407e-003 1.54122675e-003 0.
    1.10429275e-004 0. 1.99089060e-003 0. -1.62719900e-003 0. 0. 0.
    4.92981123e-003 3.68603831e-003 1.19423354e-003 2.35456944e-004 0.
    1.51602537e-004 0. -2.93672289e-004 7.87955360e-004 0.
    2.37958506e-004 -4.99142101e-004 1.93063298e-003 1.06429809e-003 0.
    7.90513307e-003 -1.49454887e-003 6.29362697e-003 8.53072852e-003
    2.63639423e-003 0. 3.47919809e-003 0. 0. 1.33782672e-003 0.
    5.02635166e-003 8.86213165e-005 1.50508445e-003 2.02875095e-003
    5.77829080e-004 0. 0. 1.49483397e-003 3.39122512e-003 0.
    4.80309885e-004 0. 0. 0. 0. 2.80649005e-003 0. 7.43873010e-004 0. 0.
    0. 2.36406596e-003 3.43430066e-003 -1.30150665e-003 4.52339277e-003
    2.27591651e-003 -7.94125488e-004 0. 4.76855028e-004 1.74954080e-003
    1.13625417e-003 0. 0. 2.47493503e-003 0. -1.18334370e-004
    3.71767487e-003 0. 1.84605247e-003 1.17118163e-002 0. 0. 0. 0.
    1.67201366e-003 8.02087132e-004 7.52641121e-004 5.25355292e-003
    1.75206398e-003 0. 4.57471499e-004 -1.25711272e-003 0. 0. 0.
    7.45389727e-004 5.28575201e-003 0. 4.69582668e-003 0. 0. 0.
    1.67193846e-003 0. 0. 0. 3.13130580e-003 1.04774851e-002
    1.68945594e-003 3.85839352e-003 0. 0. -1.10982079e-003 0. 0. 0.
    2.49246554e-003 1.03023881e-003 -4.66697005e-004 0. 1.95350801e-003
    0. 0. 0. 1.17358810e-003 -6.35743316e-004 -1.47579558e-004
    1.13331107e-003 -8.83119210e-005 9.42906190e-004 0. 1.05861132e-003
    0. 6.76100142e-004 7.05195125e-003 0. 0. 1.58412487e-003
    8.83080284e-005 -2.03207484e-003 0. 0. 3.35070118e-003
    2.30146557e-004 0. 2.65643466e-003 6.29097875e-003 0.
    1.85973055e-004 1.40976557e-003 1.57388719e-003 0. 0.
    6.23277505e-004 -2.01531962e-004 -2.36326377e-004 2.53923325e-004
    3.36620328e-003 0. 0. 2.30057072e-003 6.98479882e-004
    -6.07893480e-006 0. -5.37075277e-004 0. 0. 0. 1.31529314e-003
    2.97666201e-003 1.99980382e-003 9.89076123e-003 4.11264133e-003
    8.45809875e-004 4.21725959e-003 1.15669018e-003 5.43007674e-003
    9.02298896e-004 3.94875323e-003 8.89595423e-004 0. 7.76284491e-004
    9.62270889e-004 6.23161718e-003 -1.93559215e-004 -2.66394834e-003 0.
    0. 0. 0. 1.01449969e-003 0. 1.06419134e-003 0. 1.27142761e-003
    9.46170068e-004 2.74498272e-003 2.49979412e-003 0. 2.19214638e-003
    0. 6.88258559e-004 0. 0. 3.76568758e-003 0. 2.01753620e-003 0.
    3.83301318e-004 8.98378668e-004 0. 0. 5.90146810e-004
    1.99372321e-003 0. 9.97507304e-005 -7.22369514e-005 2.13930220e-003
    1.06209726e-003 3.98837525e-004 2.40189140e-003 7.31727015e-003 0.
    2.05814256e-004 2.70836172e-003 0. 0. 1.10365578e-003 0.
    1.25244563e-003 0. 0. 2.88833585e-003 0. 0. 0. 0. 5.75628504e-003
    1.26796938e-003 -9.10495146e-005 7.48633058e-004 9.86780156e-004 0.
    -2.77765736e-004 0. 1.40053476e-003 3.76654533e-003 1.16076402e-003
    0. 0. 3.60466447e-003 0. 0. 3.92948190e-004 0. 0. 1.15669891e-003
    2.95679993e-003 2.77201273e-003 0. 2.19794060e-003 0.
    1.64626667e-003 0. 1.33837142e-003 3.45422886e-003 0. 0.
    4.94180946e-003 6.52860617e-003 1.41758972e-003 -3.54592892e-004
    2.84444029e-003 0. 2.17548222e-003 0. 9.83906211e-004 0.
    1.69843598e-003 2.47402047e-003 -5.25918498e-004 1.29526097e-003 0.
    3.29976814e-004 0. 3.23302276e-003 0. -1.27582272e-004 0.
    9.14601842e-004 0. -4.43252386e-004 0. 0. 0. 1.33388629e-003
    1.27645768e-003 2.32359231e-003 0. 0. -4.59570962e-004
    6.29177084e-003 0. 3.10191046e-003 5.48014743e-003 1.53204077e-003
    0. 1.19800773e-003 6.03725156e-003 2.26111594e-003 -2.75799393e-004
    -2.13408377e-004 0. 7.63806805e-004 0. 0. 1.38311798e-003 0.
    2.08984129e-003 0. 0. 9.21989093e-004 0. 0. 0. 8.51158169e-004
    7.21882156e-004 9.69714485e-004 0. 5.78162167e-003 -1.59608317e-003
    0. -2.24448173e-004 2.27220677e-004 7.44148064e-003 0. 0.
    7.75299082e-003 0. 6.21405561e-005 0. 0. 0. 0. 3.24382243e-004 0. 0.
    2.44473061e-003 0. 0. 0. 3.02955974e-003 2.89463438e-003
    4.76596924e-003 0. 2.50594504e-003 0. 6.05391280e-004
    5.65571385e-003 0. 0. 4.76960093e-003 -1.92731357e-004
    4.18172858e-004 2.24772003e-003 4.80851112e-003 4.74717328e-003 0.
    -4.95961634e-004 9.37057193e-004 0. 4.75432631e-003 1.32326200e-003
    6.30489725e-004 -4.11945570e-004 0. 0. 2.02299515e-003
    5.89290052e-004 5.31898439e-003 0. 0. 0. 0. 5.79877000e-004
    7.75429304e-004 0. 8.00581241e-004 0. 0. 0. 0. 0. 0. 0.
    4.46024351e-003 0. 2.99802981e-004 0. 0. -1.91113824e-004
    7.32922577e-004 0. 5.74868638e-004 0. -1.20081613e-003 0.
    7.05502986e-004 6.63317100e-004 6.39748899e-003 0. 8.48356343e-004
    3.55027453e-003 0. 0. 0. 0. 3.18341097e-003 1.34466274e-003 0. 0. 0.
    2.73393875e-004 1.91925862e-003 0. 4.15448146e-003 0. 0.
    1.27672392e-003 0. 0. 4.56718821e-003 3.93720315e-004 0. 0.
    -1.06328761e-003 0. -1.32324337e-003 4.43759898e-004 0.
    6.16789423e-003 2.39420892e-003 0. 1.19930657e-003 0.
    -7.31393346e-004 -7.82311361e-007 0. 1.81645190e-003 1.51171931e-003
    -9.03091510e-004 0. 1.65042502e-003 0. 3.04225553e-003 0.
    9.28402040e-003 0. 3.22291674e-003 0. -3.71442235e-004 0.
    1.20428833e-003 0. 0. 0. 0. -3.67961940e-004 0. 1.33864221e-003 0.
    0. 0. 1.11099053e-003 3.74131673e-003 0. 0. 5.52623998e-003 0. 0.
    3.79619142e-003 0. 7.63362786e-003 0. 9.64843761e-003 0.
    1.26230472e-003 7.47959188e-004 -8.02982133e-004 0. 0. 0. 0.
    9.34539735e-003 1.02570816e-003 0. 0. 2.11643195e-003 0. 0.
    -5.70844160e-004 0. 0. 0. 5.64496126e-003 0. 0. 1.45802449e-003 0.
    0. 0. 0. -1.70829368e-003 0. 0. 0. 0. 0. 4.18410730e-003 0. 0. 0. 0.
    1.33082899e-003 0. 1.27546594e-003 6.66666310e-004 0. 0.
    3.20975232e-004 -7.91626750e-004 1.83270406e-003 4.08621365e-003 0.
    0. 0. 0. 0. 1.27381913e-003 1.42874743e-003 1.14648392e-004
    1.67017209e-003 0. 0. 5.83628565e-003 0. 2.34818342e-003
    9.17983707e-004 0. 0. 8.78135674e-004 0. 0. 3.40835832e-004 0.
    1.07595942e-003 4.00033314e-003 0. 0. -3.07860645e-003 0. 0. 0.
    1.36182026e-003 0. 0. -2.81978952e-004 2.28407583e-003 0.
    6.50527130e-004 0. 0. 0. 0. 1.57823623e-003 -2.06751982e-003 0. 0.
    -8.82587337e-005 0. 0. 0. 4.53079166e-003 0. 0. 0. 2.29285145e-003
    4.61776042e-003 -3.11614451e-004 0. 0. 0. 4.71343868e-004 0.
    1.24724640e-004 3.25689558e-003 0. 0. 0. 0. 0. 0. 3.28412140e-003 0.
    0. 0. 9.27029643e-004 8.18332657e-004 0. 0. 0. 0. 3.91903706e-003
    7.26059603e-004 1.18407689e-003 0. 5.51231718e-003 -3.42310232e-004
    0. 2.49192794e-003 0. 0. 2.16484361e-004 0. 0. -1.95006048e-003
    6.46319008e-003 1.05577921e-004 5.53335296e-004 0. 1.90853933e-003
    0. 4.00083722e-004 2.80942768e-003 2.78965483e-004 4.43068985e-003
    2.10635457e-003 0. 2.78361584e-003 -1.89040694e-003 1.84219470e-003
    1.02639548e-003 0. 0. 0. 5.31542581e-003 2.88702524e-003 0. 0.
    5.73599886e-004 0. 4.19639889e-003 0. 7.97316141e-004 0.
    1.91921624e-003 5.11464372e-004 0. 0. 1.63946534e-003
    -4.06824583e-005 2.02434516e-004 2.37936014e-003 3.67435336e-004 0.
    0. 0. 2.28362071e-004 0. 0. -1.29848009e-003 0. 2.97777844e-003
    1.36324088e-003 0. 0. 4.54424927e-003 1.32423115e-003 0.
    3.95118352e-003 2.55628582e-003 6.50538877e-003 0. 1.37398276e-003
    0. 0. 2.90127331e-003 3.17099690e-003 0. 0. 0. 0. 1.35108223e-003
    -1.33009744e-003 0. 0. 0. 0. 9.62669670e-004 1.20478297e-004 0. 0.
    3.03842640e-003 1.55021250e-003 3.40604493e-005 7.45828147e-004 0.
    0. 0. 0. 0. 1.24360342e-002 0. 2.79200583e-004 0. 0. 4.11582971e-003
    0. 1.66021392e-003 0. 1.19117764e-003 4.48499434e-003 0. 0.
    2.23187055e-003 0. 0. 0. 1.11972364e-002 1.67481729e-003
    -1.23672362e-003 0. 6.12245494e-005 6.34969072e-003 3.69746587e-003
    5.05357329e-003 0. -6.34355529e-004 2.60617980e-003 2.95130466e-003
