<?xml version="1.0"?>
<opencv_storage>
<imageDescriptor type_id="opencv-matrix">
  <rows>1</rows>
  <cols>1000</cols>
  <dt>f</dt>
  <data>
    0. 0. 0. 0. -3.43085529e-004 4.25402686e-004 3.57576855e-003
    2.83778482e-003 3.30442656e-003 0. 0. 8.53886642e-003 0. 0.
    -1.38691568e-003 3.16778489e-004 2.08068825e-003 3.95633234e-003 0.
    3.85343679e-003 0. 0. 0. -6.90848246e-005 9.69838584e-004
    7.64771015e-004 0. 1.56224181e-003 8.05570371e-003 0. 0.
    1.22018170e-003 0. 7.39323674e-004 5.18172747e-003 -6.22322084e-004
    2.45303428e-003 0. 0. 4.37110104e-003 8.15319421e-004 0. 0. 0.
    8.64860369e-004 0. -1.06640137e-003 0. 0. 0. 3.02112545e-003 0. 0.
    0. 0. 0. 0. 0. 0. 0. 0. 0. 0. 0. 0. 1.61202485e-003 0.
    1.25626102e-004 2.07336806e-003 2.73429020e-003 0. 1.52357749e-003
    -6.95358030e-004 0. 0. 3.14728217e-003 1.24718470e-004 0. 0. 0. 0.
    1.32504525e-003 0. 0. -4.37219918e-004 0. 0. -5.08968988e-005 0. 0.
    0. 4.33690567e-003 5.82175655e-003 1.57393841e-003 0.
    1.00034922e-002 2.61281314e-003 0. 2.53836829e-002 1.11796148e-003
    0. 0. 0. 0. 2.39708723e-004 0. 3.89818801e-003 0. -1.34405273e-003
    2.08611973e-003 0. 0. 0. 4.33766842e-003 0. 1.60463131e-003 0. 0.
    7.54157826e-003 0. -3.57842655e-004 0. 0. 6.06498774e-003 0.
    1.74877280e-003 0. 0. 8.45750736e-004 -4.08587558e-003 0. 0. 0. 0.
    0. 0. 3.14232847e-003 0. 0. 1.05788093e-003 1.13854613e-002
    8.34057457e-004 5.67013072e-003 2.85350834e-003 0. 0.
    3.97788972e-005 -1.71337262e-004 0. 2.11751321e-003 5.85019635e-003
    0. 0. 0. 3.15092766e-004 0. 1.60554785e-003 0. 4.13953187e-003 0.
    2.50646053e-003 0. 0. 1.55260395e-002 0. -2.48306605e-004 0. 0. 0.
    2.22914037e-003 0. 2.18513515e-003 0. 1.57338753e-002 0. 0. 0. 0. 0.
    0. 0. 6.30575523e-004 2.28233309e-003 7.73112103e-003 0. 0. 0. 0. 0.
    2.32173828e-003 0. 0. -6.66900596e-004 0. 0. 0. 0. 2.35498487e-003
    -1.69981475e-004 0. -6.24053273e-003 0. 4.78483224e-003 0. 0.
    5.19494759e-003 0. 1.79739855e-003 0. 0. 0. -8.69611686e-005 0.
    1.14180977e-002 0. -2.89576384e-003 2.24265945e-003 0.
    7.85718672e-003 1.93040923e-003 0. 0. 0. 0. -2.74385791e-003 0.
    -1.45884289e-003 0. 0. 7.35678663e-003 0. 0. 0. 0. 0.
    3.95123195e-003 0. 0. 5.21640526e-003 9.08668526e-003
    1.48912915e-003 0. 0. 0. 4.30277491e-004 0. -9.71120753e-005
    1.46244434e-004 0. 9.95068345e-003 1.03174643e-004 1.24639686e-004
    0. 3.95726878e-003 0. -4.00059950e-003 0. -1.13751797e-003
    2.72206310e-003 2.04648590e-003 0. 0. -8.15319188e-004 0.
    4.06896695e-002 0. 0. 0. 0. 0. 1.35118049e-003 -5.16122323e-004
    1.01984739e-002 0. 0. 0. 0. 0. 0. 1.19457359e-003 0. 0.
    3.36877682e-004 0. 0. 0. 0. 2.22603767e-003 -3.16980900e-003 0. 0.
    0. 2.57367864e-002 1.75438065e-003 1.41428120e-003 3.03594419e-003
    0. 0. 0. 0. 0. 2.33098888e-003 7.94824120e-003 8.76152795e-003
    5.87128242e-003 0. 1.80349190e-004 0. 1.52050075e-003 0. 0. 0. 0.
    1.91589084e-003 2.26796698e-003 0. 0. 7.39032403e-003 0. 0. 0. 0. 0.
    0. 2.61109904e-003 1.62726641e-003 0. 0. 8.09644628e-003 0. 0. 0.
    1.57390969e-004 0. 3.85381025e-003 0. 0. 4.63931542e-003 0.
    2.02774117e-003 0. 1.88083947e-003 0. 0. 0. 0. -1.55352068e-003
    7.48827762e-004 0. 0. 5.34482824e-004 0. 0. 0. 0. 0. 0.
    5.10122022e-003 2.58826814e-003 0. 0. 0. 0. 0. 0. 0. 0.
    2.40108860e-003 0. 0. 0. 6.19201921e-003 5.26212109e-003 0.
    7.50318926e-004 -5.83031622e-004 6.43715612e-004 3.64164822e-003 0.
    6.79946458e-003 5.86199388e-003 0. 0. 2.78247986e-004 0. 0. 0. 0.
    -1.07440756e-004 0. 1.47875946e-003 0. 0. 0. 1.60854973e-003
    3.46628623e-003 0. 1.16678933e-003 0. 0. 9.21983831e-003
    3.75585398e-003 4.98819072e-003 0. 0. 0. 0. 0. 0. 0. 1.55959092e-003
    0. 0. 2.98550376e-003 0. 0. 3.44592938e-003 7.69993151e-003 0.
    6.26144325e-003 0. 2.04207608e-003 0. 0. 1.60295470e-003 0. 0.
    1.39976211e-003 1.98936416e-003 0. 5.80548018e-004 0. 0.
    2.05787388e-003 1.75837544e-003 0. -1.78159040e-004 0. 0.
    6.88719610e-003 0. -8.82543216e-004 4.76349844e-003 0.
    3.65324714e-003 0. 0. 0. 0. 1.50212133e-003 -1.93966716e-003 0.
    1.34538568e-003 0. -8.39039159e-004 6.94440096e-004 3.99701251e-003
    5.89846307e-003 0. 0. 0. 5.98142738e-004 0. 5.43652242e-003
    6.39526127e-003 0. 0. 2.27053743e-003 0. 0. 1.60326133e-003 0. 0. 0.
    0. 0. 7.33260391e-003 0. 8.52202938e-005 0. 0. 0. 0. 3.59842670e-003
    0. 1.43737448e-002 0. 0. 2.41637486e-003 0. 3.81928519e-004 0.
    7.03404017e-004 0. 4.60535148e-003 0. 0. 0. 0. 0. 2.57927568e-005 0.
    2.13506748e-003 0. 4.71951999e-003 3.04169068e-003 0.
    -2.52057598e-005 0. 0. 0. 0. 0. 0. 0. 0. 0. 0. 0. 1.61061529e-003 0.
    1.37352478e-002 0. -1.59026112e-003 2.96513946e-003 1.02400628e-003
    0. 1.66230241e-003 0. 0. 0. 0. 0. 0. 2.76929047e-003 0.
    -1.87322928e-003 0. 0. 1.00910303e-003 -1.71752137e-004
    6.58082496e-003 0. 0. 0. 0. 0. 0. 0. 0. 0. 1.09424442e-002
    1.37455098e-003 0. 0. 2.53652036e-003 3.21205356e-003 0.
    -6.50311064e-004 0. 0. -2.23961589e-003 5.12381643e-003
    2.10566842e-003 0. 0. 1.99842523e-003 0. 1.43142161e-003 0. 0. 0. 0.
    -3.99968791e-004 0. 0. 0. 0. 0. 7.00184260e-004 0. 0. 0.
    -4.00104793e-004 0. 5.52519411e-003 4.18608589e-003 1.49060483e-003
    0. 6.16743462e-004 0. 0. 0. 0. 0. 6.01512054e-003 2.45180540e-003
    8.44815571e-004 1.40446762e-003 0. 8.45449232e-003 2.67559866e-004
    1.52283919e-003 0. 0. 3.97291221e-003 0. 4.00220044e-003
    -1.80446601e-004 2.37258198e-003 -9.09487833e-004 0. 0. 0.
    -2.77413870e-004 -2.63393368e-003 4.47309250e-003 0. 0.
    1.93188537e-003 0. 0. 0. 0. -5.14612766e-004 1.01407943e-003
    4.13844857e-004 5.18533867e-004 2.72387057e-003 0. 0.
    8.24338233e-004 2.92162038e-003 0. 0. 0. 0. 0. 0. 0. 0. 0. 0. 0.
    2.69893580e-003 4.49335063e-003 0. 0. 0. 0. 0. 0. 2.98899040e-003
    8.65501410e-004 0. 0. 0. 0. -2.46044074e-004 0. 0. 0. 0.
    -6.93762151e-004 0. -6.06751652e-004 0. 0. 0. 1.48220177e-004 0. 0.
    0. 0. 8.53262551e-004 0. 0. 0. 0. 0. 0. 0. 2.05289529e-004 0. 0.
    3.32059292e-003 0. 0. 0. 0. 3.61834362e-004 0. 0. 0. 0. 0. 0.
    7.40675780e-004 4.93395748e-003 -1.36357779e-003 0. 0.
    -5.33406565e-004 1.07436348e-003 0. 4.16802941e-003 0. 0. 0. 0. 0.
    0. 0. 0. 6.36902731e-003 0. 0. 0. 1.59877411e-003 0. 0. 0. 0. 0.
    1.32564444e-003 1.21920207e-003 0. 0. 3.31292208e-003
    7.66790705e-004 -9.67331813e-004 0. 0. 0. 0. 0. 0. 0.
    4.91652545e-003 0. 0. 0. 3.86116258e-003 0. 2.91029108e-003
    3.45386961e-003 0. 0. 0. 0. -4.56217589e-004 0. 0. 7.77509937e-004
    0. 0. 0. 9.91325942e-004 3.52995587e-003 0. -4.53903631e-005 0. 0.
    0. 0. -6.52583200e-004 5.65726496e-003 5.65711036e-003
    2.19224021e-003 0. 0. 0. 0. 0. 1.49876418e-004 2.25572730e-003
    -3.24398349e-003 0. 1.61017384e-002 1.54852460e-003 0.
    -4.09957021e-004 0. 3.12743988e-003 0. 0. 0. 0. 1.33011898e-003
    5.43418014e-003 6.73464732e-004 0. 0. 2.22307257e-003 0. 0.
    1.32918451e-003 0. 0. 0. 0. 1.08900294e-002 -3.65541200e-004 0. 0.
    0. 0. 5.21122478e-003 0. -2.01356318e-003 0. 0. 1.39719588e-004
    8.74802284e-003 0. 1.02691608e-003 0. 0. 1.22456125e-003
    2.25433870e-003 0. 0. 5.84419724e-003 0. 1.17807090e-003
    3.18110804e-003 5.10825135e-004 0. 0. -1.93864887e-003
    3.31808442e-005 0. 0. 0. -8.87508795e-004 0. 0. 1.05746957e-002
    2.01684842e-003 0. 0. 0. 0. 0. 0. 2.29569688e-003 0. 8.32264486e-004
    4.12964728e-004 4.48634941e-003 0. 0. 0. 2.48825923e-003 0. 0. 0.
    -2.47402932e-003 4.91446210e-003 3.13748070e-003 5.16155083e-003 0.
    0. 4.14933031e-003 0. 0. 0. 0. 0. 1.83614250e-003 0. 0. 0. 0. 0.
    -9.76493931e-004 0. 0. 4.93869931e-003 0. 0. 0. 0. 0. 0.
    2.94570206e-003 0. 1.32596085e-003 0. 2.40355488e-002
    2.24488392e-003 1.33413170e-003 0. 7.76752306e-004 0.
    -5.42652619e-004 0. 0. 0. 0. 2.53706216e-003 0. 9.77222063e-003 0.
    0. 0. 0. 0. 0. 0. 0. 0. 3.62311024e-003 3.18403589e-003 0. 0. 0. 0.
