<?xml version="1.0"?>
<opencv_storage>
<imageDescriptor type_id="opencv-matrix">
  <rows>1</rows>
  <cols>1000</cols>
  <dt>f</dt>
  <data>
    1.95382861e-003 -7.66547339e-004 2.73881108e-003 6.76159747e-003
    5.57585561e-004 8.02435621e-004 1.33838446e-003 1.38004863e-004
    1.85521436e-003 1.57940900e-003 0. 7.61761621e-004 0. 0. 0.
    9.83615522e-004 1.33377907e-003 1.74316333e-003 8.57200823e-004
    2.12532282e-003 1.98168959e-003 7.21240394e-006 0. 1.54541549e-003
    0. 0. 1.09227677e-003 2.60828575e-003 0. 0. 2.75025237e-003
    4.62311527e-006 3.77780711e-003 1.54912670e-003 3.18046636e-003
    4.01500904e-004 0. 0. 4.86577675e-003 3.72688053e-003
    2.15528556e-003 7.53647508e-003 7.18400162e-003 0. 7.56330439e-004
    2.16008816e-003 7.41983356e-004 7.18995696e-004 0. 0.
    3.01215425e-003 3.88929364e-003 0. 1.15669519e-003 4.95914649e-003
    0. 0. 8.12808517e-004 -2.70552468e-004 9.34754964e-004 0.
    -1.20832716e-004 0. 3.03228945e-003 0. 0. 5.95831196e-004
    1.56528107e-003 0. 0. 0. -5.00985305e-004 5.02267666e-003
    3.98855889e-003 1.97691144e-003 -3.97236669e-004 1.99389411e-003
    6.20696787e-003 3.84393119e-004 0. 0. 0. 1.08941179e-003
    6.31148112e-004 3.40461382e-004 1.60229567e-003 0. 3.80672724e-003
    6.22230908e-003 7.40106218e-004 1.31480594e-003 0. 1.85607048e-003
    2.33511417e-003 0. 6.31129806e-005 0. 0. 4.81994823e-003 0. 0.
    -1.54796318e-004 0. 0. 0. 8.53677979e-004 1.89132188e-004 0.
    8.89485586e-004 1.34309824e-003 1.37270195e-003 1.26769138e-003 0.
    0. 1.40036677e-003 5.52290992e-004 1.30891078e-003 3.32860393e-003
    -1.66337006e-004 1.42833951e-003 1.00326526e-003 1.09173171e-003
    7.14517839e-004 2.88849231e-003 2.99671490e-004 1.19099964e-003
    8.37259809e-004 1.31584168e-003 0. 2.85072689e-004 3.96831520e-003
    0. 8.53545673e-004 3.81417386e-003 4.51056840e-004 5.79299545e-003
    4.92307663e-005 0. 2.17175856e-003 2.66596646e-004 0.
    2.01339810e-003 -8.59967899e-004 0. 0. 5.18040732e-004
    1.33152539e-003 1.24333357e-003 8.95929348e-004 0. 2.51916656e-003
    -1.05590827e-003 1.52265991e-003 1.88102922e-006 6.16081525e-004
    3.98345850e-003 1.12012902e-003 2.04317388e-003 1.16301992e-003
    1.05473725e-003 -1.95693152e-004 0. 2.03762716e-003 0.
    4.90174571e-004 0. 2.95749516e-003 1.51361455e-003 6.00128027e-004
    0. 0. 6.90167828e-004 0. 0. 1.82458805e-003 1.86639535e-003 0. 0. 0.
    5.49591728e-004 0. 1.10487407e-003 -3.31016257e-004 1.05083545e-005
    0. 6.83065446e-004 0. 2.83747399e-003 6.41865598e-004
    -8.42685113e-004 0. 0. -2.10622631e-004 1.69944810e-003 0. 0.
    1.19518943e-003 1.52013276e-003 0. 8.44111666e-004 0.
    1.22059882e-003 0. 1.89353817e-003 2.58973778e-005 0.
    8.13143852e-004 0. 6.29800488e-004 1.45306496e-003 0.
    7.55518500e-004 3.09767085e-004 0. 9.64771549e-004 3.06817703e-003
    5.44708734e-003 3.14629194e-003 1.35545165e-003 3.04470002e-003
    2.93801352e-003 0. 0. 3.59258405e-003 0. 0. 0. 0. 0. 3.02622071e-003
    0. 9.47548077e-004 3.13191442e-003 1.98827963e-003 0. 0. 0.
    1.27236382e-003 -5.70759694e-005 3.00114858e-003 4.94191190e-003
    2.68976507e-003 1.40264805e-004 4.04677121e-004 2.07372080e-003 0.
    2.47366633e-003 2.98068626e-003 1.29326456e-003 0. 2.64638977e-004
    1.08845218e-003 1.36017799e-003 0. 8.83832923e-004 0.
    2.62543163e-003 1.40359555e-003 6.29990071e-004 0. 3.47837061e-003
    0. 3.61420651e-004 8.17370368e-004 5.66403102e-003 0. 0.
    4.68160608e-004 0. 0. 3.75337759e-003 0. 0. -6.69104396e-004 0. 0.
    0. 2.20199302e-003 0. 0. 5.95804420e-004 0. 5.37316501e-003
    2.78848340e-004 0. 0. 0. 0. 2.24120636e-003 0. 2.91235652e-003 0.
    2.05320059e-004 0. 8.32397840e-004 0. 2.51947745e-006
    -1.32947753e-003 7.04083825e-004 9.46686952e-004 -1.09304092e-003 0.
    7.86142948e-004 1.86654110e-003 3.37055360e-004 0. 0. 0.
    4.95596509e-003 0. 6.74153038e-004 0. 0. 0. 1.51390894e-004
    1.42859633e-003 0. 8.56402912e-004 5.35213435e-003 0. 0.
    4.51309467e-003 0. 0. 1.43297657e-003 1.07447645e-002 0.
    1.08040357e-003 0. 1.26085745e-003 1.57757453e-003 1.37194281e-003
    8.73305486e-004 1.31883135e-003 7.78708200e-004 0. 0.
    2.25947425e-003 0. 2.50558858e-003 4.15610569e-003 9.08386661e-004
    0. -2.12746067e-003 0. -2.73948302e-004 0. 0. 0. -1.24143276e-004 0.
    0. 1.24032795e-003 3.96666001e-004 2.48585584e-005 7.32829736e-004
    0. 0. 3.77840572e-003 3.19745997e-003 0. -2.73735193e-003 0.
    4.88652475e-003 5.42563433e-003 0. 4.70324099e-004 8.44188733e-004
    4.22460074e-003 3.36211524e-003 0. 1.54386775e-003 0.
    5.91452408e-004 0. 0. 1.70374080e-003 0. 0. -8.31662910e-004
    -9.68352397e-005 0. 0. 0. 7.75925582e-003 0. 0. 3.13757482e-004 0.
    6.53207581e-003 1.65440748e-003 1.16239849e-003 1.27911626e-003
    5.49212471e-003 0. -1.15255872e-003 9.58751515e-003 1.10448815e-003
    4.24586498e-004 7.95025670e-004 0. -9.20817256e-005 3.15511064e-003
    0. 0. 9.54915187e-004 6.24329085e-004 2.79010506e-003 0. 0. 0.
    2.81749322e-004 0. 4.10549634e-004 0. 2.11503124e-004
    -1.56711414e-003 0. 9.68346081e-004 1.65788911e-003 3.55202908e-004
    1.97850494e-003 2.43847840e-003 1.25326228e-003 2.13535270e-003
    5.17039618e-004 0. 3.27396882e-003 0. 0. -1.19277858e-003
    1.11890107e-003 0. 4.83634591e-004 0. 0. 0. 4.51526511e-003
    3.64874111e-004 1.93316583e-003 2.36057979e-003 1.05955824e-003
    2.75714044e-003 2.99159018e-003 1.16681401e-003 0. 2.44733994e-004
    1.04048243e-003 3.80186451e-004 0. 0. 8.57354316e-005 0.
    7.10913213e-004 1.20655214e-003 1.60070509e-003 3.29775782e-003
    1.95341930e-003 9.22957086e-004 0. 0. -1.38931529e-004 0. 0. 0.
    -1.84840494e-004 0. -3.42607382e-004 0. 6.95212686e-004
    9.82220881e-005 5.63971815e-004 -1.00690546e-003 0. 4.13228467e-004
    2.63702800e-003 1.62030070e-003 1.07590447e-003 6.89562061e-004
    1.95292465e-003 0. 5.95173973e-004 4.21819073e-004 2.98172585e-004
    0. 2.40476895e-003 8.00734037e-004 1.56828028e-003 0. 0.
    1.50994549e-003 0. 0. 0. 0. 0. 0. 3.82406707e-003 1.54470536e-003
    9.95781505e-004 1.37967535e-003 2.48445338e-003 3.36335949e-003
    1.42350234e-003 0. 0. 0. 1.41461729e-003 1.32211880e-003
    1.50093541e-003 1.07489317e-003 2.54309527e-003 4.70084557e-003 0.
    2.93597695e-005 0. 2.79249065e-003 0. 3.72104638e-004 0.
    2.28598667e-003 0. 2.13299063e-003 4.02025529e-004 3.06166033e-003
    1.74485485e-003 5.39299846e-003 3.22471715e-005 0. 6.81117119e-004
    4.10015602e-003 6.87747321e-004 1.76601380e-003 1.70049816e-003
    5.52723650e-004 0. 0. 8.33970262e-004 0. 4.20452282e-003
    7.99495683e-006 1.83443865e-003 0. -1.06797503e-004 0.
    1.04813499e-003 1.09911035e-003 1.52299285e-003 6.83090067e-004 0.
    6.83082850e-004 8.96949961e-004 2.00938969e-003 0. 5.57313091e-004
    0. 9.92131536e-004 0. 3.93911824e-003 6.67908788e-003
    2.30283174e-003 9.88378073e-004 0. 0. 2.30927649e-003
    4.35300451e-003 9.76278970e-004 3.25247238e-004 1.53707201e-003
    -1.98891343e-004 2.95290770e-003 0. 1.65634323e-003 3.42763611e-003
    -1.35166966e-003 0. 0. -1.53466317e-004 0. 0. 1.22614310e-003
    1.03982270e-003 2.08786549e-003 0. 1.06890721e-003 2.33762362e-003
    -9.47907043e-004 1.25382130e-003 5.60879183e-004 2.10834155e-003
    9.89106484e-004 0. 0. 8.65415495e-004 1.20819116e-003
    3.37390788e-003 0. 0. 0. 1.01930334e-003 0. 0. 0. 1.13498210e-003 0.
    0. 0. 0. 2.02156417e-003 0. 0. 0. 0. 0. 1.17358682e-003
    1.87500764e-003 0. 1.25851715e-003 2.17597885e-003 2.42281007e-003
    1.23436388e-003 -5.43772010e-004 4.18704376e-003 2.53921491e-004
    4.05227882e-004 9.96663119e-004 5.04186668e-004 6.00279169e-003
    2.08053296e-003 0. 2.22178758e-003 0. 0. 0. 1.10078591e-003
    2.29193087e-004 0. 2.72484613e-004 3.65186110e-003 0.
    1.07384881e-003 2.10448517e-003 0. 3.67782684e-003 0.
    6.22871565e-004 4.07547224e-004 0. 1.05743913e-003 3.52493301e-003
    5.69259329e-003 0. 6.63379440e-004 -2.72791920e-004 0. 0. 0.
