<?xml version="1.0"?>
<opencv_storage>
<imageDescriptor type_id="opencv-matrix">
  <rows>1</rows>
  <cols>1000</cols>
  <dt>f</dt>
  <data>
    1.24105318e-002 0. 0. 0. 0. 0. 4.26716608e-004 0. 5.04366995e-004 0.
    0. 0. 0. 0. 0. 6.18654862e-003 -6.32762909e-004 2.94259842e-003
    2.16533523e-003 1.56116590e-003 0. 1.32667655e-002 0. 0.
    8.72189630e-005 0. 0. 0. 3.57070565e-003 0. 1.09205372e-003 0.
    2.92533572e-004 1.24182261e-003 0. 2.17014388e-003 -2.12185463e-004
    0. 1.44561764e-003 0. -1.21377106e-003 1.70266489e-003 0. 0. 0. 0.
    2.51074438e-003 0. 0. 4.45310771e-003 4.67781967e-004
    2.77213776e-003 0. 0. 0. 0. 3.47901485e-003 2.14933278e-003
    3.30858422e-003 0. 5.04266412e-004 6.94728037e-003 0.
    1.45472714e-003 0. -5.31900814e-003 3.31008807e-003 5.30057400e-003
    0. 8.70345219e-004 2.55301106e-003 5.65400068e-003 0.
    1.56888887e-002 2.89604720e-003 2.94220145e-003 0. -5.92630764e-004
    2.31046532e-003 5.95113161e-005 0. 1.50307827e-003 0. 0.
    1.79435068e-003 -4.78229311e-004 2.36584269e-003 -5.59279404e-004 0.
    0. 0. 0. 0. 4.37527429e-003 2.90121231e-003 5.38499001e-003 0. 0.
    1.44042564e-003 0. 0. 0. 3.20369727e-003 4.89896676e-003
    1.18880896e-002 0. 0. 7.01037294e-004 0. 7.22309458e-004
    2.73497426e-004 0. 1.60600175e-003 0. 1.69437472e-003 0. 0.
    1.16691808e-003 8.57453968e-004 0. 0. 3.01940105e-004 0. 0. 0. 0.
    -1.69781933e-003 3.13039031e-003 0. 0. 0. 0. 0. 1.00308505e-003
    1.91398559e-003 3.23727005e-003 0. 0. 0. 0. -3.72254814e-004 0. 0.
    0. 0. -1.35919789e-003 0. 9.31923930e-003 7.21250486e-004 0. 0.
    2.28313101e-003 0. -3.79169447e-004 3.79762286e-003 0.
    -2.11571532e-004 0. 0. 2.47036252e-004 3.31770207e-005
    3.36172199e-003 -8.81606131e-004 -3.20933410e-003 8.55266117e-004
    1.14409812e-003 0. 9.99518903e-004 0. 0. -4.19806544e-004 0. 0. 0.
    0. 2.03589676e-003 0. 4.69888607e-003 0. 0. 5.21908095e-003 0.
    8.81396327e-003 0. 0. 4.06417344e-003 0. 0. 1.15072995e-003 0.
    2.06692168e-003 0. 0. 2.13248841e-003 0. 8.98515747e-004
    -2.40230060e-004 1.08938767e-002 7.07471371e-003 1.20675180e-003 0.
    0. 6.13500038e-003 4.84461663e-004 0. 2.64845998e-003 0.
    -2.55267997e-003 0. 7.48651428e-003 0. 0. 0. 4.13578656e-003 0.
    8.69737923e-005 0. 0. 0. -6.41548424e-004 2.00122688e-003 0. 0.
    9.29275528e-004 -1.10678689e-003 9.41037608e-004 3.56993754e-004
    -2.39038505e-004 0. 5.82094828e-004 0. 0. 8.10862705e-003
    1.50392670e-003 0. 0. 1.05061568e-003 0. 3.81781929e-003
    3.16899503e-004 0. 5.72522345e-004 0. 0. -4.35896014e-004 0.
    2.18264860e-004 0. 5.90525987e-003 2.61923717e-003 0. 0. 0.
    -1.11866073e-004 0. 1.34833120e-002 0. -1.36146694e-003 0.
    2.90595973e-003 1.53266941e-003 -4.82925534e-004 0. 0. 0.
    -3.79056390e-003 0. 0. 5.20950276e-003 0. 0. 2.06957641e-003
    -3.01441480e-003 4.54582245e-004 0. 8.50804336e-003 0. 0. 0.
    4.71614255e-003 0. 0. 3.31211369e-003 1.57812852e-002 0.
    -2.06452460e-004 1.97821064e-003 0. 0. 0. 3.67400382e-004
    -2.10805261e-003 4.40489454e-003 1.63935672e-003 0. 0. 0. 0.
    1.97850354e-003 0. 1.03874295e-003 5.85052301e-004 0.
    2.69531575e-003 -1.05826405e-003 0. 0. 0. 0. 0. 0. 0.
    4.81348066e-003 0. 1.40727338e-004 1.53682788e-003 1.16472435e-003
    0. -1.16962263e-004 3.51217389e-003 1.53619202e-003 2.92747072e-003
    1.55878544e-003 0. -1.42039359e-003 0. 0. 7.94293731e-003 0. 0. 0.
    -4.01646743e-004 0. 3.12278629e-004 0. 0. -7.17284973e-004 0. 0. 0.
    -4.54341905e-004 0. 0. 0. 0. 0. 5.07039484e-003 7.39391035e-005
    4.87910025e-003 0. 0. 0. 1.59949588e-003 0. 0. 0. 2.02986342e-003 0.
    -2.95790756e-004 -3.09653697e-004 7.15688942e-003 3.50762304e-004 0.
    0. 1.08287379e-003 2.60594371e-003 5.15715219e-004 4.59728949e-003
    0. 0. 0. 0. 4.37090144e-004 0. 6.47723349e-003 0. 2.66967528e-003
    2.25224486e-003 0. 0. 3.62072047e-003 0. 2.58529373e-003
    8.19880981e-003 4.88664629e-003 0. 2.13637738e-003 0. 0.
    -4.49541304e-003 0. 1.40960808e-004 0. 0. 2.45845784e-003
    4.11761546e-004 0. 0. 0. 0. 1.64332439e-003 -9.28670284e-004
    1.44455461e-002 1.01408164e-003 1.77138345e-003 5.91868442e-003
    1.23358564e-003 0. 0. -5.35615371e-004 1.47120154e-003
    8.17817170e-003 0. 2.85823462e-005 -6.26857160e-004 0.
    3.01221083e-003 6.21403381e-003 6.33832882e-004 1.44663081e-003 0.
    -3.65404645e-004 -5.45251423e-005 2.19548307e-003 2.01647216e-003
    1.62698585e-003 0. 0. -4.01878584e-004 0. 0. 0. 0. 9.02570412e-003
    0. 3.51597299e-003 3.62280966e-003 0. 8.89770035e-003
    1.91330188e-003 0. 0. 3.03967088e-003 0. 0. 0. 0. 0. 0.
    2.80874665e-003 0. 3.64047871e-003 4.45809122e-003 0. 0. 0. 0.
    2.20607687e-003 5.79427287e-004 1.01405894e-002 0. 0. 0. 0.
    2.93503329e-003 -2.01713969e-003 1.46591419e-003 1.16327766e-003 0.
    0. 0. 0. -5.61953464e-004 0. 0. 0. 0. 1.07365998e-003
    -7.78230096e-005 0. 1.85873697e-003 0. 0. 3.04187206e-003
    2.77980673e-003 4.27149143e-003 0. 0. 0. 9.52130184e-004 0. 0. 0. 0.
    0. 0. 0. 0. -5.39320870e-004 0. 0. 0. 5.70122618e-004 0.
    8.30737036e-003 0. 1.48030266e-003 2.66141770e-003 0. 0. 0.
    5.97138936e-003 0. 0. 0. 0. 2.88095232e-003 0. -3.11905278e-005 0.
    0. -3.11855716e-003 -1.07697200e-003 -1.50591915e-003
    1.58556104e-002 0. 0. 2.74451356e-003 7.27154315e-004
    3.23304650e-003 0. 8.53224285e-003 0. 0. 0. 0. 1.48975500e-003
    1.03953562e-003 1.38730486e-003 1.08929456e-003 0. 4.25218837e-004
    4.12340462e-003 1.59246160e-003 0. 0. 0. 0. -2.33263196e-003 0.
    -2.31760176e-004 0. 0. 0. -8.95459205e-004 2.78950552e-003 0. 0.
    6.28312677e-003 0. 2.80452456e-004 3.66888265e-003 0. 0.
    6.10962044e-003 5.99061698e-003 0. 2.95077101e-003 7.21833960e-004
    -1.18040305e-003 1.48389081e-003 -2.24473490e-003 0.
    -1.78291742e-003 1.48368569e-003 1.64060120e-003 -6.34349708e-004
    1.55466667e-003 1.52121123e-003 -8.97554914e-004 0. 0.
    -3.48519534e-004 0. 1.71053375e-003 8.42496287e-004 0.
    2.90152780e-003 0. 0. 1.09263905e-003 0. 0. 0. 1.28957431e-003
    1.72689860e-003 -6.52433198e-004 0. 1.06445409e-003 0. 0.
    7.75565021e-003 0. 7.79805984e-003 0. 0. 0. 1.71981985e-003
    9.55184456e-003 1.41223450e-003 5.82682574e-003 5.67309093e-003 0.
    1.16404090e-002 0. 2.98894779e-003 4.79546870e-004 0. 0.
    1.78125780e-003 0. 7.23513134e-004 0. 0. 9.00182815e-004 0. 0.
    4.20984998e-003 0. 4.27339040e-003 0. 1.93391833e-003 0. 0. 0. 0.
    -3.30533629e-004 0. 0. 0. 0. 0. 0. 0. 1.46562199e-003 0. 0. 0. 0. 0.
    0. 0. 1.35866262e-003 8.84294510e-003 0. 0. 1.10105351e-002
    2.56573129e-003 -1.97812638e-004 0. 0. 0. -8.41025176e-005
    2.02480028e-003 0. 0. 0. 0. 0. 0. 0. 3.75815784e-003 1.97672541e-003
    4.67780308e-004 5.69073425e-004 -5.42480382e-004 0. 0. 0.
    4.96610010e-004 0. 0. 0. 6.58987975e-003 0. 0. 0. 0. 0. 0.
    1.38326117e-003 0. 0. 0. 0. 0. -5.14141138e-005 1.71537243e-003 0.
    0. -3.38914688e-003 0. 3.79426521e-004 0. 0. 0. 1.71216170e-003
    2.38510707e-004 7.09489826e-003 6.24506152e-004 0. 0.
    3.02734482e-003 0. 0. 7.33077875e-004 2.67003919e-003
    -4.75540612e-004 2.83837412e-003 0. 0. 0. 0. 0. 2.50790850e-003
    1.02501479e-003 2.15401757e-003 8.51577148e-003 0. 1.59783009e-003
    2.96735368e-003 3.46802291e-003 0. 7.46930658e-004 1.00496528e-003
    0. 0. -1.97421061e-004 1.43122813e-003 1.38501043e-003 0.
    2.80347257e-003 2.61596811e-004 0. 0. 0. 0. 0. 4.21529822e-003
    4.16567223e-003 3.32687079e-004 0. 0. 5.27346134e-003
    3.82606289e-003 0. 0. 9.52834031e-004 9.35841235e-004 0.
    1.33891939e-003 0. 0. 2.25249538e-003 2.02764058e-003
    -1.46762305e-003 2.22444767e-003 2.16861954e-003 7.79176969e-003 0.
    9.08862799e-004 0. 0. 0. 1.94860774e-003 5.33849886e-003
    -3.78627912e-003 0. 0. 0. 1.82498049e-003 2.08355905e-003 0.
    1.24834967e-003 0. 0. 0. 0. 0. 1.16488093e-003 0. 0. 1.77160336e-003
    0. 0. 0. 0. 1.88026379e-003 0. 0. 0. 4.93456656e-003 2.14236393e-003
