<?xml version="1.0"?>
<opencv_storage>
<imageDescriptor type_id="opencv-matrix">
  <rows>1</rows>
  <cols>1000</cols>
  <dt>f</dt>
  <data>
    2.15477846e-003 0. 1.52024790e-003 2.80230842e-003 7.72575336e-003
    0. 0. 0. 0. 0. 0. 0. 0. 1.01102311e-002 0. 0. 0. 0. 0. 0. 0.
    2.24603922e-003 0. 0. 0. 9.15209937e-004 1.55640964e-003 0. 0. 0. 0.
    0. 2.54497454e-002 0. 9.40726197e-004 0. 6.44178782e-003 0. 0.
    2.81101698e-003 9.85466409e-004 0. 0. 0. 0. 0. -1.18056207e-003
    5.16657485e-003 0. 0. 0. 0. 9.99108772e-004 4.04550834e-003
    5.83130214e-003 0. 1.45551644e-003 0. 0. 0. 0. 0. 0. 0. 0. 0. 0.
    5.85737871e-003 0. -2.55524064e-003 0. -1.45975806e-004
    1.82255451e-003 0. 0. 3.71366297e-003 0. 0. 0. 1.81049795e-003 0. 0.
    -5.88829804e-004 0. 3.12386022e-004 2.24527298e-003 0.
    2.61230045e-004 0. 0. 2.99965171e-003 0. 4.81941504e-004 0. 0.
    2.84389313e-003 2.15441897e-003 0. 0. 4.60016541e-003 0.
    -1.14815612e-003 0. 0. 0. 0. 0. 0. 0. 0. -1.69205701e-003 0. 0.
    2.74579646e-003 0. 0. 0. 0. 0. 4.97797318e-003 2.77549867e-002 0. 0.
    2.04787566e-003 0. 0. 2.72743520e-003 0. 7.67727895e-003
    1.84218131e-003 0. 0. 0. 0. 0. -1.64851453e-003 0. 4.01159422e-003
    0. 1.96389365e-003 0. 8.51931702e-003 0. 0. 2.55989865e-003 0. 0.
    8.36648140e-003 0. 0. 0. 0. 1.09103648e-003 0. 0. 0. 0.
    -2.26304139e-004 1.96477678e-003 0. -3.31006222e-003 0. 0.
    1.73303951e-003 2.80917739e-003 5.05698088e-004 0. 0. 0. 0.
    4.10749810e-003 6.34657033e-003 3.19814193e-003 1.26598432e-004 0.
    0. 0. 2.90159322e-003 0. 1.82671919e-002 0. 5.42365888e-005
    4.32397705e-003 0. 1.90825399e-003 0. 4.68147686e-003
    4.26093553e-004 -8.93222808e-004 0. 0. 0. 0. 0. -5.13675855e-004 0.
    0. 0. -5.76116960e-004 0. 0. 0. 0. 1.64781744e-003 0. 0.
    6.92738034e-003 0. 0. 0. 0. 0. 0. 0. 0. 0. 0. 1.90386770e-003 0.
    1.37733640e-002 3.44666815e-003 0. 0. 0. 0. 4.62215347e-003 0.
    1.52296387e-003 5.51287364e-003 2.89355492e-004 0. 0.
    2.17871158e-003 0. 0. 7.97644825e-005 0. 0. 0. 0. 0. 0. 0.
    1.09329366e-003 0. -1.75378482e-005 0. 9.84277925e-004 0. 0. 0. 0.
    0. 0. 0. 0. 0. 0. 3.50041478e-003 4.98721097e-003 0. 0. 0.
    2.31792917e-003 0. 0. 1.02122268e-002 0. 0. 0. 0. 0. 0. 0.
    9.01508902e-004 0. 5.26221283e-003 3.29398946e-003 8.27582262e-004
    0. 0. 2.84103677e-003 0. 0. 6.36469154e-003 2.07823049e-003 0.
    1.95774203e-003 1.32513954e-003 2.88695712e-002 0. 0. 0. 0. 0. 0. 0.
    0. 0. -1.09880301e-003 0. 0. 1.00549320e-002 0. 1.11500558e-003 0.
    1.10416990e-002 0. 0. 0. 0. 0. -6.14911667e-004 0. 0. 0.
    -2.32456077e-005 0. 0. 0. 0. 5.00423741e-003 0. 1.88109034e-003 0.
    0. 2.44735304e-004 0. 4.48211888e-003 1.36021606e-003
    1.72068342e-003 0. 3.05213942e-003 0. 3.19470861e-003 0. 0.
    1.01859553e-003 1.13394829e-002 1.91823090e-003 2.23356439e-003 0.
    0. 0. 0. 0. 3.23217781e-003 0. 0. 0. 0. 0. 0. 0. 0. 0. 0. 0.
    4.96898079e-004 0. -3.84130259e-003 0. 0. 4.88810241e-003
    1.68727408e-003 0. 0. 0. 0. 0. 8.33128858e-003 0. 3.35975550e-003 0.
    0. 4.67528043e-005 0. 0. 0. 2.54718354e-004 0. 0. 0. 0. 0. 0.
    3.20192426e-003 -5.42380985e-005 0. 0. -5.87642775e-004 0. 0.
    2.69842893e-002 0. 0. 0. 0. 1.40855624e-003 0. 0. 5.98188350e-003 0.
    9.30536073e-003 0. 0. 0. 0. 0. 3.01957503e-003 0. 0. 0.
    2.01219483e-003 -1.00440420e-002 0. 0. 0. 0. 0. 0. 0. 0. 0.
    -1.78016827e-003 -4.52764379e-003 0. 1.05259996e-002 0. 0.
    1.21373625e-003 0. 0. 0. 5.49147022e-004 0. 2.16463255e-003 0. 0.
    -1.05172768e-003 -2.47095177e-005 7.86506757e-003 1.55401393e-003 0.
    0. 0. 0. 0. 3.79979494e-003 0. 0. 0. 1.20541640e-003 0. 0.
    1.42671419e-002 1.20782899e-002 0. 0. 2.41390476e-003
    3.97480093e-003 0. 0. 6.58416029e-005 4.32372373e-003
    7.39770010e-003 0. 6.22005085e-004 5.02954284e-003 1.80248811e-003
    0. 0. 0. 4.30874014e-003 0. 0. 0. 0. 5.82710141e-004 0. 0. 0.
    3.04200244e-003 0. 4.62102657e-003 0. 0. 0. 0. 0. 0. 0. 0. 0. 0.
    2.26061515e-004 0. 0. 0. 0. 0. 6.72015222e-003 5.80148865e-003 0. 0.
    2.54946551e-003 2.23549688e-003 1.04461855e-003 -3.55463778e-003 0.
    0. 0. 0. 0. 1.91816420e-003 9.57743265e-004 0. 0. 0. 0.
    4.97790705e-003 0. 0. 0. 0. 0. 0. 8.88921600e-003 0. 0. 0. 0.
    8.02665250e-004 0. 1.79665699e-003 8.11519194e-003 -1.42779248e-003
    0. 0. -8.79922789e-003 3.47318570e-003 0. 2.16508959e-003 0.
    9.98517964e-004 0. 3.16062151e-003 0. -9.13538737e-004
    1.38122041e-003 5.90283563e-003 0. -3.13877244e-004 0. 0.
    2.19922094e-003 0. 0. 0. -4.44306014e-003 0. -4.04523499e-003 0. 0.
    1.01010234e-003 0. 3.53516079e-003 -1.03657413e-003 7.63247069e-003
    2.77220621e-003 -2.04702839e-004 0. 0. 0. 0. 0. 5.50473947e-003
    -2.75027426e-003 1.07573383e-002 0. 5.71848964e-003 0. 0. 0.
    6.29491638e-004 0. 4.23798710e-003 0. 3.19973857e-004
    4.90242662e-003 -2.46650452e-004 1.35456992e-003 0. 0. 0. 0.
    -9.31844814e-004 2.11224817e-002 -1.84779265e-003 0.
    -2.85034970e-004 4.68300772e-004 0. 0. 0. 0. 1.30201865e-003 0.
    8.49714968e-004 0. 0. 8.40643328e-003 0. 0. 0. 0. 0. 0. 0. 0.
    2.06601806e-003 0. 0. 0. 0. 5.16813388e-003 0. 0. 0. 0. 0. 0. 0.
    2.29897234e-003 0. 0. 2.21663504e-003 7.31651438e-003 0.
    -4.28750471e-004 0. 0. 0. 8.94727011e-004 0. 0. 0. 0.
    7.54332519e-004 0. 0. 0. 6.61001017e-004 0. 0. 1.69637194e-003 0. 0.
    -1.69717486e-003 2.41664995e-004 -6.30112656e-004 0. 0. 0. 0. 0. 0.
    0. 2.44109100e-003 0. 0. 0. 0. 1.23322355e-002 -1.17431220e-003 0.
    0. 0. 0. 0. 1.02999015e-002 0. -2.83209840e-004 0. 1.41850754e-003
    1.40293892e-002 2.73424806e-003 0. 0. 0. 0. 3.05878464e-003 0. 0.
    2.78096250e-003 -1.17525423e-003 0. 0. -1.46689243e-003 0.
    1.05172716e-004 9.70736844e-004 -8.36755673e-004 0. 0. 0. 0. 0. 0.
    0. 0. 2.87576369e-003 0. 0. 0. -2.91425822e-004 1.55294535e-003
    3.53722251e-004 1.90999813e-003 1.13214990e-002 0. 0. 0.
    2.11121375e-003 0. 0. 7.55981402e-003 0. 4.65266779e-003 0. 0. 0.
    5.87062817e-003 0. -3.34878132e-004 1.37274957e-003 0. 0. 0.
    1.88034773e-003 1.30314436e-002 1.94386928e-003 0. 0.
    4.63490328e-003 0. 0. 0. 0. 2.14854794e-004 0. 0. 0. 0.
    6.56070886e-003 1.56151864e-003 6.91124052e-003 -3.30035388e-003 0.
    0. -4.94566630e-004 3.09747411e-004 3.12573742e-003 0. 0. 0.
    -6.76319993e-004 0. 0. 0. -1.37267911e-004 0. 0. 2.88009760e-003 0.
    0. 0. 0. 0. 0. 8.02446622e-003 0. 0. -7.79413618e-004 0.
    -5.65859482e-005 0. 0. 0. -4.03027487e-004 0. 1.35545176e-003 0. 0.
    0. 0. 1.98098421e-002 0. 0. 0. 0. -1.18010922e-003 1.29807740e-003
    0. -2.99553783e-003 -4.30304819e-004 6.84129132e-004 0. 0. 0.
    1.43009899e-002 1.34923798e-003 6.97867654e-004 0. 0. 0. 0.
    -1.58415886e-003 0. -6.23173313e-004 6.42214715e-003 0.
    1.09676050e-003 0. 0. 3.50785005e-004 0. 0. 0. 0. 2.76773493e-003 0.
    0. 0. 1.39662682e-003 0. 0. 0. 0. 0. 6.39181118e-003 0. 0.
    1.28549999e-002 0. 0. 0. 7.91519601e-003 0. 0. 0. 0. 0.
    2.67368183e-003 0. 0. 0. 0. 0. 0. 3.76615929e-003 0. 0.
    5.68705238e-003 5.28874341e-004 0. 0. 0. 1.94726500e-003 0. 0.
    -4.87456127e-004 0. 0. -5.55039092e-004 -2.31885148e-004 0. 0.
    4.50545968e-003 -6.96522184e-004 0. 0. 0. 1.73444226e-002
    -1.85113528e-003 0. 0. 8.64758214e-004 0. 3.21106729e-003 0. 0. 0.
    0. 0. 0. 0. 0. 1.51553703e-003 0. 0. 0. 2.74340529e-003 0.
    5.39500080e-003 0. 0. 0. 0. 0. 1.14403609e-002 0. 0. 0. 0. 0. 0.
    -7.79921247e-005 5.95507736e-004 0. 3.70743661e-003 0. 0. 0. 0. 0.
    2.68573826e-003 0. 0. 9.28128371e-004 0. 0. 0. 0. 0. 4.80743649e-004
    0. 5.21092489e-003 0. 0. 0. 0. 0. 7.43403914e-004 0. 2.01927614e-003
    0. 0. 0. 0. 0. -2.57784734e-003 3.35510564e-003 0. 0. 0.
    5.08997997e-004 0. 0. 0. 3.26793292e-003 0. 0. 0. 0. 0. 0. 0. 0. 0.
    0. -1.81297637e-005 0. 0. 0. 0. 0. 0. -1.64398900e-003
    1.70594931e-003 2.12712102e-002 0. 0. 0. 0. 3.92788352e-004 0. 0. 0.
    0. 0. 6.46746252e-003 0. 3.82206799e-003 0. 0. 0. 3.11397458e-003
