<?xml version="1.0"?>
<opencv_storage>
<imageDescriptor type_id="opencv-matrix">
  <rows>1</rows>
  <cols>1000</cols>
  <dt>f</dt>
  <data>
    0. 0. 0. 0. 0. -2.83232628e-004 0. 0. 0. 0. 0. 4.20999061e-003 0. 0.
    0. 0. 1.12217164e-003 0. 3.00025591e-003 0. 0. 0. 0. 0.
    8.23861919e-003 2.56087468e-003 0. -1.80212141e-003 0.
    2.41317390e-003 9.18317528e-004 3.60089317e-002 0. 0.
    3.46917252e-004 0. 0. 0. 1.37529336e-003 0. 0. 0. 1.09083951e-002 0.
    5.63182123e-003 0. 0. 9.79403732e-004 0. 0. 0. 0. 0.
    -3.86223168e-004 0. 2.25461530e-003 0. -9.77925025e-004 0.
    6.38518715e-004 0. -1.11114161e-004 0. 0. 0. 0. 0. -1.73503358e-003
    8.42963811e-003 0. 0. -1.82541879e-003 0. 0. 0. -3.13928176e-004 0.
    0. 0. 0. 0. 0. 0. 0. 5.30201802e-003 8.45734403e-003 0.
    5.20013040e-003 2.60763941e-003 2.86624534e-003 0. 3.39249824e-003
    0. 0. 0. 0. 0. 0. 3.00578121e-003 0. 0. 0. 9.88950604e-004 0. 0. 0.
    0. 0. 1.34130660e-003 2.76866392e-003 0. 0. 0. 0. -2.29421351e-003
    -1.19274622e-003 0. 0. 0. 0. 0. 3.70664825e-003 5.21497102e-003 0.
    0. 0. 0. 0. 0. 0. 0. 8.36815406e-003 6.97075808e-003 0. 0. 0.
    1.53446058e-003 0. 0. 0. 0. 0. -1.35139795e-003 0. 3.57266609e-003
    0. 0. 2.56596366e-003 1.09843712e-003 1.37961074e-003 0. 0.
    1.54514750e-003 0. 0. 0. 0. 0. 0. 2.48511606e-005 0.
    -3.03780031e-003 0. -3.87563457e-004 0. 0. 0. 0. 0. 2.99225515e-003
    0. 0. 0. 0. 0. 0. -1.01223879e-003 0. 2.23228196e-003 0. 0. 0. 0.
    3.19460196e-005 5.73191838e-003 0. 0. 0. 0. 0. 0. 0. 0.
    -9.24530250e-005 0. 0. -1.19774614e-003 0. 0. 0. 0. 0.
    3.45701817e-004 -1.64075952e-003 0. 0. 0. 6.69549173e-003 0.
    4.21910081e-003 5.30412886e-003 1.17192976e-003 0. 0. 0. 0. 0. 0. 0.
    0. 0. 0. 5.25800465e-003 0. 0. 0. -7.79512106e-004 0. 0.
    3.68939922e-003 1.94705930e-003 0. 1.94772356e-003 -1.27713094e-002
    0. 0. 0. 0. 0. 0. 0. 0. 1.58569273e-002 1.02314004e-003 0.
    1.59287627e-003 0. 0. 0. 0. 0. 5.55992709e-004 0. 0.
    -9.79974284e-005 0. 1.00828335e-003 0. 2.03490118e-003 0.
    2.00911961e-003 0. 0. 0. 0. 0. 1.53812859e-003 3.06386431e-003 0. 0.
    0. 0. 0. 1.34014047e-003 4.43607057e-003 0. 5.66628808e-003 0.
    3.50883929e-003 0. 1.20544364e-003 0. 2.62516504e-003 0. 0. 0.
    7.34591810e-003 0. 2.15026550e-003 0. 2.33713491e-003 0.
    9.30816028e-003 0. 0. 0. 1.24460342e-003 0. 0. 0. 1.10588018e-002 0.
    0. 0. 0. 0. 0. 0. 0. 0. 2.14494485e-003 0. 0. 0. 2.61353422e-003 0.
    0. 0. 0. 0. 0. 5.89084998e-003 7.87068531e-003 0. 0. 7.54358771e-004
    0. 0. 0. 0. 0. 0. 0. 0. 0. 1.08985102e-003 0. 2.83294474e-003
    4.61896369e-003 0. 1.24330469e-003 0. 0. 1.98588222e-002 0.
    -5.18253492e-003 0. 7.67234189e-004 0. 0. 0. 0. 0. 1.38509029e-003
    0. 0. 0. 7.49857444e-003 0. 0. 0. -5.08917961e-003 2.94636679e-003
    0. 3.25462548e-003 0. 1.41071132e-003 0. 1.84509915e-003 0.
    2.87750340e-003 0. 1.74241548e-003 0. 5.77603374e-003 0.
    1.50657375e-003 0. 0. 0. 0. 0. 0. 0. 0. 0. 2.36945107e-005
    -3.08842375e-003 0. 0. 9.30279307e-003 0. 0. 4.87924903e-004 0.
    -2.42326932e-004 0. 0. 2.69278465e-003 0. 0. 0. 0. 0.
    9.12470743e-003 7.58900307e-003 0. 0. 0. 0. -1.47752790e-003 0. 0.
    1.38585991e-003 0. -5.22028364e-004 0. 0. 0. 0. 0. 0. 0.
    2.09687534e-003 0. 2.14839564e-003 0. 1.60255097e-003 0. 0.
    2.13422277e-003 2.78930587e-004 0. 0. 0. 0. 0. 0. 0. 0. 0.
    8.50468688e-003 0. 7.92495254e-003 0. 0. 0. 0. 0. 0. 0. 0.
    5.92361204e-003 0. 0. 0. 0. 0. -4.52353881e-004 0. 2.51048920e-003
    0. 0. 2.64266180e-003 0. 0. 0. 0. 0. 0. 0. 1.21508213e-003 0. 0.
    4.06151963e-003 0. 0. 0. 0. 0. 5.16562432e-004 0. 0. 0.
    2.54154182e-003 1.17658218e-003 0. 0. 0. 0. 1.42903635e-002 0.
    1.46593747e-003 0. 0. 1.50937238e-003 0. 0. 0. 0. 0. 0. 0.
    8.59428372e-004 0. 0. 3.33967037e-003 0. 0. 0. 0. 0. 0.
    3.97785520e-003 7.84956501e-004 0. 0. 0. 0. 3.98040377e-003 0. 0. 0.
    0. 3.49003496e-003 0. 1.17917557e-003 0. 0. -8.45578150e-004 0. 0.
    0. 5.81479911e-003 0. 0. 0. 2.91905203e-003 3.82411480e-003 0. 0. 0.
    0. 0. 0. 0. 0. 0. 0. 0. 0. 0. 3.13970959e-003 0. 0. -1.64729916e-003
    0. 2.59158504e-003 0. 0. 0. 0. 0. 5.70615241e-003 1.14401383e-002
    3.87891836e-004 7.74249434e-004 0. 0. 2.55453982e-003
    6.05730864e-004 0. 0. 0. 0. 0. 0. 5.57914423e-003 9.80505836e-004
    1.21153910e-002 1.28890714e-003 0. 1.42235786e-003 0. 0. 0.
    1.64454011e-003 0. 0. 3.15910554e-003 0. 1.36589457e-003 0.
    -1.78536261e-003 0. 1.83386856e-003 0. 0. 2.01141951e-003 0.
    4.85317316e-003 0. 0. 0. 4.32886602e-003 0. 0. 0. 0. 0. 0. 0. 0. 0.
    0. 0. 0. 0. 5.46760671e-003 0. 0. 0. -1.45541402e-004 0. 0. 0. 0.
    7.30053848e-003 0. 0. 0. 3.21195740e-003 0. 5.85456192e-003 0.
    6.62548409e-004 0. 3.06525757e-003 9.26048262e-004 0. 0. 0.
    1.16996653e-002 0. 0. 2.61759560e-004 -6.18616526e-004 0. 0. 0.
    2.29325425e-003 0. 0. 0. 2.12321430e-003 0. 0. 0. 0. 0. 0. 0.
    -1.25303597e-003 0. 9.58534237e-003 6.22052839e-003 0. 0. 0.
    8.94306402e-004 0. 0. 3.67186335e-003 0. 0. 0. 0. 0. 2.63236538e-002
    0. 0. 0. 0. 0. 0. 1.21932393e-002 -5.51584456e-003 0. 0.
    4.28453973e-003 2.90849153e-002 -8.99331411e-004 5.99579141e-003
    -2.58389860e-003 0. 3.19803599e-003 -8.31596786e-004 0.
    3.46177467e-003 0. 0. -2.38486426e-003 0. 0. 4.61553282e-004 0. 0.
    3.67256044e-003 0. 0. 4.27279185e-004 0. 0. 9.52574145e-003 0. 0. 0.
    0. 0. 1.49331661e-003 0. 0. 2.71740486e-003 -1.72253174e-003 0. 0.
    0. 0. 0. 0. 5.03525231e-003 0. 0. 0. 0. 0. 4.97685559e-003 0. 0. 0.
    -4.31610039e-003 0. 0. 0. 0. 0. 2.44932086e-003 7.25468388e-004
    -2.72775698e-003 1.62693777e-003 0. 0. 0. -7.78767571e-005
    1.12837246e-002 0. 0. 6.00843632e-004 1.23971058e-002 0. 0.
    4.63719526e-003 0. 4.91200201e-003 0. 0. 1.55443407e-003
    1.70640815e-002 8.26667179e-004 3.31967458e-004 0. 0.
    1.94443390e-003 -2.94331869e-004 0. 0. 0. 0. 5.82658872e-003 0. 0.
    1.79343149e-002 0. 0. -2.38378090e-003 0. 0. 0. 0. 5.22863772e-003
    0. 0. 0. 0. 0. 0. 0. 0. 0. 0. 0. 0. -2.96009425e-003
    -2.98752042e-004 0. 0. 0. 0. 1.01930532e-003 7.78495625e-004
    4.54707164e-003 0. -2.25858204e-003 -2.03865953e-003 1.65518024e-003
    0. 0. 0. 0. 0. 4.94753662e-003 0. 0. 2.90360511e-003 0.
    1.16985640e-003 0. 0. 1.64428994e-003 0. 0. 0. 0. 0. 0.
    4.14276170e-003 0. 0. 0. 0. 0. 4.61505679e-003 -1.03487633e-003
    2.81620567e-004 3.69223789e-003 0. 0. 5.99371316e-003
    3.31301754e-003 1.00296224e-002 0. 0. 0. 0. 0. -1.51491631e-003
    -9.13909535e-005 5.09527093e-003 -7.63264718e-004 1.05441292e-003 0.
    7.09194504e-003 0. 1.07169887e-002 0. 0. 0. 0. 0. 0. 0. 0. 0.
    3.09190643e-003 0. 0. 0. 0. 2.54526245e-003 0. 2.59108446e-003
    1.07585150e-003 1.04165068e-002 0. 0. -1.26694876e-003
    6.48043700e-004 0. 6.80527510e-003 0. 0. 0. 0. 0. 2.31951822e-006 0.
    0. 0. 0. 1.31345983e-003 0. 4.11791634e-003 0. 0. 1.04387533e-002 0.
    0. 0. 3.01230699e-003 -1.21635596e-004 0. 0. 1.23792642e-003 0.
    6.61643408e-003 2.79599149e-003 0. 8.57513584e-003 0. 0. 0.
    1.77967281e-003 1.17719071e-002 4.52815928e-003 0. 1.10488590e-002
    -5.64712464e-005 -2.43500501e-004 1.48982613e-003 1.16016492e-002 0.
    0. 0. 5.95763745e-003 0. 3.12283216e-003 1.44106923e-002 0. 0. 0. 0.
    0. 0. 0. 0. 0. 0. 0. 1.28068193e-003 0. 0. 3.99344746e-004 0. 0. 0.
    0. 0. 0. 0. 0. 3.48743983e-002 0. 0. 1.41338038e-003 0.
    7.37654138e-003 0. 0. 0. 0. 0. 0. 0. 0. 0. 0. 0. 0. 0. 0.
    1.24599820e-003 0. 0. 4.50485153e-003 0. 0. 0. -8.74998339e-004 0.
    5.88802760e-003 3.02382768e-003 0. 0. 0. -6.11450349e-004 0.
    7.92700425e-003 0. 0. 0.</data></imageDescriptor>
</opencv_storage>
