<?xml version="1.0"?>
<opencv_storage>
<imageDescriptor type_id="opencv-matrix">
  <rows>1</rows>
  <cols>1000</cols>
  <dt>f</dt>
  <data>
    0. 0. 4.64837765e-004 0. 0. 0. 2.39890208e-003 3.52305896e-003
    5.09636849e-003 0. 1.02592376e-003 1.82505907e-003 7.99183093e-004
    0. 0. 9.92947025e-004 0. 0. 0. 0. 1.64653943e-003 1.27503625e-003 0.
    0. 0. 1.17737602e-003 0. 0. 7.14290305e-004 0. 1.82850740e-003 0. 0.
    0. 2.44113524e-003 5.54853771e-003 0. 0. 0. 0. 0. 9.45405278e-004 0.
    3.92620871e-003 0. 0. 0. 0. 1.70829752e-003 2.62463801e-002
    5.64369140e-004 0. 0. 7.27856750e-005 -3.62532504e-004 0. 0.
    1.82825211e-003 3.66234989e-003 0. 0. 0. 8.57654959e-004
    7.26275286e-003 0. 1.34309975e-003 1.40746660e-003 0. 0.
    2.56083393e-003 0. -3.70942762e-005 9.49136564e-004 1.96979876e-004
    0. 1.06275466e-003 0. 0. 0. 6.48635614e-004 4.13833186e-004
    9.51762311e-004 0. 2.83921883e-003 1.38481904e-004 0. 0. 0. 0. 0. 0.
    0. 0. 2.16797795e-004 0. 0. 0. 2.47447775e-003 7.23909063e-004 0. 0.
    0. 2.61898688e-003 0. -1.68725697e-003 0. 0. 1.15231844e-003 0. 0.
    0. 3.34961945e-003 0. 0. 0. 0. 0. 1.15156814e-003 0. 7.14446558e-003
    2.29453761e-003 0. 1.68471003e-003 1.40245573e-003 0. 0.
    1.23782933e-003 -7.57038128e-004 0. 6.06383244e-003 2.03997456e-003
    2.15315120e-003 1.66266877e-003 2.62948382e-003 0. 0. 0. 0.
    -1.10848050e-004 0. 0. 5.81822533e-004 2.80460343e-003 0.
    2.84085865e-003 8.38616339e-004 4.34379047e-003 0. 1.06559612e-003
    0. 4.85067954e-003 0. 3.21411970e-003 -1.19468772e-004 0. 0. 0.
    -2.64553609e-003 1.11578754e-003 0. 5.55756618e-004 1.00154348e-003
    -3.10830248e-004 0. 1.58814772e-003 2.98981741e-003 0. 0.
    1.46423820e-002 0. 8.74677859e-003 7.02926773e-004 0. 0.
    -3.73760471e-003 4.64360882e-003 8.99712555e-004 0. 0. 0.
    2.40630750e-003 1.47517375e-003 5.59057482e-003 2.71232845e-003 0.
    0. 0. 9.53295443e-004 1.60605402e-003 0. 2.15769091e-004 0.
    1.20641373e-003 4.62044642e-004 3.20406118e-003 0. 4.74888226e-003
    0. 2.37427978e-003 1.54319080e-003 8.30245204e-004 0.
    6.81515812e-005 6.72130845e-003 -9.27270972e-004 6.35269680e-004 0.
    0. 2.80215708e-003 0. 7.22401496e-003 -1.22115901e-003 0. 0.
    -9.97387338e-004 0. 1.86461816e-003 -1.08820060e-003 0. 0. 0. 0. 0.
    0. 0. 0. 1.17745437e-003 0. 0. 0. 7.48128339e-004 -7.83774303e-004
    5.95715595e-003 0. 3.14995064e-003 2.78597372e-003 2.14541238e-003
    0. 0. 0. 4.44719801e-004 -3.42606800e-003 6.05505949e-004 0. 0.
    7.61097530e-004 0. 1.14296535e-002 0. 0. 4.25102608e-003
    4.53659799e-004 0. -3.55992612e-004 2.37825327e-003 0. 0.
    2.29396280e-002 1.24602101e-003 7.05220876e-003 0. 0.
    1.93020632e-003 0. 0. 0. 0. 0. 0. 5.22904890e-003 -3.37925158e-004
    0. 5.87582309e-003 -9.02265543e-004 0. 0. 0. 0. -1.68296319e-004 0.
    -5.82457695e-004 4.78187076e-007 0. 1.55310612e-003 4.81641793e-004
    7.49841856e-004 0. 0. 0. 3.71173228e-004 1.50663534e-003
    1.65489828e-003 5.73338149e-003 0. 1.31265062e-003 0.
    -1.00132907e-004 1.08423857e-002 3.18896468e-003 8.69915634e-003
    1.79144277e-004 0. 0. 3.10207077e-004 0. 0. 5.28926030e-003 0. 0.
    4.25946382e-005 5.58072608e-003 1.40488276e-003 0. 0.
    3.68671585e-003 0. 0. 0. 0. 6.99188467e-003 1.58795412e-003
    7.70459836e-003 0. 1.64191786e-003 -4.02610633e-004 -1.45872793e-004
    0. 9.02372296e-004 4.44663316e-003 -4.81488358e-004 1.68711646e-003
    8.41262843e-003 -2.51251826e-004 -1.00089514e-004 0. 0.
    1.90654842e-004 3.80367390e-004 0. 0. 0. 0. 0. 0. 8.56421236e-003 0.
    0. 0. -5.48875658e-004 8.24992917e-003 0. 0. 2.86277360e-003
    7.80148024e-004 2.59230402e-003 0. 0. 0. 0. 7.14710355e-003
    7.10357679e-003 2.66792864e-004 8.25851504e-003 2.01680348e-003
    1.26134022e-003 0. 0. 0. 0. 4.50106076e-004 0. 0. 0. 0.
    2.46646651e-003 6.93158340e-003 0. 0. 0. 0. 3.70050967e-003 0.
    2.40070978e-003 1.62059267e-003 0. 0. 0. 0. 4.64234781e-003
    1.95595767e-005 0. -6.30595139e-004 4.42929892e-003 0.
    4.42995643e-003 0. -1.94253807e-004 0. 1.83242699e-003
    1.26834726e-003 0. 0. 0. -7.01769386e-005 0. -3.53599695e-004
    -4.84780816e-004 0. 1.38438446e-003 0. 0. 0. 0. 0. 0.
    -1.01758179e-003 0. 7.09068635e-003 2.92696361e-003 -4.32340242e-003
    0. 4.78189497e-004 0. 0. 0. 2.90446822e-003 2.52406416e-003
    -3.15804756e-003 2.84809642e-003 0. 0. 0. 3.74313118e-003
    4.23650490e-003 0. 6.03441987e-003 0. 0. 1.30886650e-002 0.
    1.42401212e-003 0. 0. 1.31285586e-003 0. 0. 4.24422324e-003 0. 0. 0.
    0. 3.38981766e-003 0. 3.36043374e-003 0. 0. 0. 4.33667144e-003
    6.31733623e-004 0. 0. 0. 5.15597058e-004 0. 1.51236053e-003
    1.09524233e-003 3.85186239e-003 0. 2.53416365e-003 1.94701436e-003
    -1.37392012e-003 2.33319402e-003 0. 1.75882841e-003 0. 0.
    1.26692373e-003 0. 0. 0. -9.38811281e-005 0. 0. 3.04477219e-003 0.
    1.94284413e-002 5.57034416e-003 0. 0. 0. 0. 6.19760540e-004
    6.08877139e-003 0. 0. 0. -1.00689975e-003 1.70714874e-003
    5.20105415e-004 0. 0. 6.36374345e-004 0. 0. 0. 0. 0. 7.28684594e-004
    0. 0. 0. 0. 0. 1.22888740e-002 0. 0. 3.79854930e-003 1.52050343e-003
    2.21847533e-003 0. 4.85291192e-003 -1.56258093e-003 5.40879264e-004
    0. 0. 0. 0. 6.88650005e-004 2.33362545e-003 0. 0. -1.82645468e-004
    0. 0. 0. 0. 1.31053990e-003 0. 2.00144798e-002 0. 0. 1.14331231e-003
    0. 8.50484706e-004 0. 0. 0. 0. 0. 9.93323745e-004 0. 0. 0. 0. 0. 0.
    3.01259756e-003 2.30286620e-004 1.35824725e-003 0. 1.00768567e-003
    0. 1.98474480e-003 1.17981646e-004 2.26299930e-003 0.
    3.67529481e-003 0. 0. 0. 0. 0. 2.70009111e-003 0. 0. 0. 0. 0. 0.
    2.91910022e-003 1.29031367e-003 0. 0. 0. 0. 0. 0. 0. 0.
    -1.73905119e-003 0. 0. 0. 9.09126736e-003 0. 2.18810746e-003 0. 0.
    6.47932582e-004 0. 0. 1.58413697e-003 0. -2.08320911e-003
    -1.24940008e-003 1.77785259e-004 -1.22148381e-003 0. 0. 0. 0.
    -4.27563791e-004 0. 1.47015769e-002 2.28532171e-003 0. 0.
    8.56004655e-004 0. 1.19562494e-003 0. 0. 1.25971367e-003
    1.10106601e-003 0. 0. 0. 0. 0. 1.94421236e-003 0. 0. 0.
    9.46172513e-003 0. 0. 0. 0. 0. 0. 9.46212560e-004 2.89255753e-003 0.
    0. -9.90212429e-004 1.18723104e-003 7.71330320e-004 0. 0. 0. 0. 0.
    3.50959745e-004 0. 0. -1.03415310e-004 0. 0. 0. 0. 0. 0. 0.
    1.63565317e-004 0. 0. 1.59522344e-003 0. 3.21591133e-003
    -7.15836533e-004 0. 1.19516242e-003 4.67535923e-004 0. 0. 0.
    -1.90954155e-003 7.69318722e-005 0. 0. -6.61538681e-004
    -1.42340350e-003 0. 0. -3.48910311e-004 7.28563173e-003
    5.94721735e-003 0. 1.84538506e-003 -7.62587006e-004 0. 0. 0. 0. 0.
    -1.10925327e-003 0. 0. 0. 3.40599800e-004 0. 0. 0. 1.93004380e-003
    0. 4.25652368e-003 0. 3.35763139e-003 6.34318916e-003 0. 0.
    7.39770010e-004 0. 0. 0. 2.22428516e-003 2.72243656e-003
    8.67349654e-003 0. 0. 1.96414930e-003 0. 1.82030606e-003
    3.75369005e-003 -5.87751565e-004 0. 1.36716489e-003 0. 0. 0.
    8.10914498e-004 0. 0. 0. 0. 6.35168282e-004 1.28208240e-003 0.
    1.46386540e-003 2.20585847e-003 4.11200197e-003 0. 9.76665691e-003
    0. 1.63124956e-003 0. 2.88059493e-003 0. 0. 1.88473682e-003 0.
    2.23068055e-003 0. -7.89532380e-004 0. 0. 0. 0. 0. 0.
    1.82812300e-003 6.23642560e-003 1.36875286e-004 0. 0.
    5.14196139e-003 1.35508692e-003 2.02194275e-003 5.73561899e-003
    2.95970333e-003 0. 0. 8.50495417e-004 0. 2.35111616e-003 0.
    9.85014369e-004 0. 0. 1.33318873e-003 0. 0. 0. 1.72276737e-003
    -2.47758930e-003 2.25116755e-003 0. 0. 0. 3.21163156e-004 0.
    2.87994568e-004 0. 2.01261928e-003 0. 0. 0. 0. 0. 1.19545485e-003
    -1.68826897e-003 0. 4.38252639e-004 4.20532934e-003 -6.84320112e-004
    0. 0. -5.07446413e-004 0. 3.75326211e-003 0. 1.48040277e-003 0. 0.
    7.55178335e-004 0. 0. 3.96013609e-004 0. 4.29834891e-003 0. 0.
    -4.58837225e-004 3.10832565e-003 5.65665774e-003 0. 0. 0.
    1.43006429e-004 0. 0. 3.52537725e-003 0. 0. 0. 0. 0. 0. 0.
    -8.28974240e-004 -2.16290448e-003 1.56352913e-003 3.53691913e-003 0.
