<?xml version="1.0"?>
<opencv_storage>
<imageDescriptor type_id="opencv-matrix">
  <rows>1</rows>
  <cols>1000</cols>
  <dt>f</dt>
  <data>
    8.27307347e-003 0. 1.09590236e-002 1.53466099e-005 2.85701570e-003
    2.49818037e-003 0. 0. -2.21625218e-004 0. 1.67506529e-004
    3.72501183e-003 2.03682366e-003 0. 2.42367131e-003 0.
    2.87173339e-003 0. 0. -4.90289240e-004 3.22820828e-003 0. 0. 0. 0.
    0. 5.35371806e-003 0. 0. 0. 0. 7.41340686e-004 -1.33241026e-003 0.
    0. 2.20423029e-003 2.38229474e-003 1.96463591e-003 0. 0.
    -4.64802404e-004 -2.83344137e-003 2.80488608e-003 0. 1.06493977e-003
    6.58135116e-003 0. 0. 0. 3.84001969e-003 0. 1.80663751e-003 0. 0. 0.
    -8.04930576e-004 0. 0. 0. -2.05074932e-004 -1.58498369e-004 0. 0.
    4.21925494e-003 3.99018126e-003 0. 0. 0. 5.12808096e-003
    8.97362083e-003 0. 2.14255112e-003 0. 0. 0. 0. 0. 0. 0.
    2.73252721e-003 1.83805579e-003 0. 1.13034924e-003 0.
    2.33661686e-003 3.65391560e-002 0. 0. 0. 3.39886313e-003 0. 0.
    9.41221195e-004 0. 0. 1.36817191e-002 0. 3.08546261e-003 0. 0. 0. 0.
    2.71959975e-003 0. 0. 0. 2.63244612e-003 0. 0. 0. 1.78474220e-004
    9.19384882e-004 6.18919730e-003 8.10517743e-003 -3.19778570e-004 0.
    0. 0. 2.45820024e-006 0. 1.42449536e-003 -5.96007006e-003
    1.09448645e-003 0. 0. 0. 8.29875702e-004 0. 0. 0. 0. 0. 0. 0.
    2.96229438e-004 0. 0. 0. 3.21345730e-003 2.03940421e-004
    -8.85361049e-004 0. 1.55969989e-003 0. 0. 0. 1.43423001e-003 0. 0.
    0. -7.29262421e-004 -4.22671816e-004 2.90006660e-002
    -7.22364057e-004 0. 5.69873862e-003 2.20045913e-003 0. 0. 0. 0. 0.
    0. 0. -2.86574219e-003 0. 0. 0. 0. 1.91222150e-002 0.
    5.45939105e-003 -3.03090583e-005 -1.29918929e-003 0. 4.26635324e-006
    1.17195840e-003 2.24377234e-002 0. 0. 9.90401022e-004 0.
    1.72566331e-003 0. 0. 4.40445403e-003 0. -6.88513741e-004 0. 0. 0.
    0. 7.37936562e-003 0. 9.81651596e-004 0. 0. 0. 0. 0. 0.
    3.87919066e-003 -2.73758918e-003 0. 0. 0. 0. 0. 0. 0. 0.
    5.87826688e-003 0. 8.31240322e-003 -2.27433411e-004 0. 0. 0.
    9.63860098e-003 1.45168707e-003 2.73266272e-003 0. -1.54334481e-003
    0. 1.47235172e-003 0. 2.35416624e-003 0. 0. 0. 0. 0. 0. 0.
    2.44481489e-004 0. 0. 0. 0. 0. 0. 0. -5.05064009e-003 0. 0.
    4.54919087e-003 -8.56128056e-004 1.20182696e-003 -4.53874614e-004
    3.75846424e-003 0. 0. 0. 0. 0. 0. 1.16382455e-002 0. 0. 0. 0.
    -6.56071177e-004 1.09187765e-002 1.51115926e-002 1.94332900e-003 0.
    0. 0. 0. 1.01190917e-002 0. 0. 0. 0. 0. 0. 0. 0. 0. 0.
    1.13002434e-002 0. 1.07840896e-002 0. 0. 1.10141758e-003
    1.43403187e-002 -1.07554276e-003 0. 0. 1.12615339e-002
    9.40488186e-003 0. 0. 0. 0. 0. 0. 0. 0. 3.24945268e-003 0.
    7.64823169e-004 0. 3.14213638e-003 3.29140603e-004 0.
    7.90929049e-003 0. 0. -2.53383373e-003 0. 0. 0. 2.02884804e-003 0.
    0. 2.70610698e-003 4.32806509e-003 0. 7.24804238e-004 0.
    3.84782004e-004 0. 0. 0. 0. 2.85224826e-003 0. 0. -7.85584969e-004
    0. 0. 0. 0. 0. 7.20363948e-003 0. 0. 0. 0. 1.06320502e-002 0.
    -4.27975669e-004 -3.85729276e-004 0. -2.01325188e-003 0.
    1.24233775e-003 0. 1.02003520e-004 0. 0. -9.48831264e-004 0.
    7.66544952e-004 3.82437487e-004 0. 0. 0. 0. 1.47521272e-002
    8.42254423e-003 0. -4.81681759e-003 0. 0. 0. 0. 0. 0. 0.
    1.57196878e-003 2.42875656e-003 0. 0. 0. 0. 0. -5.88529452e-004 0.
    0. 3.08704423e-003 0. 0. 0. 7.42201461e-003 3.31145176e-003 0. 0. 0.
    0. 0. 0. 1.78315816e-003 0. 0. 0. 0. 3.05045559e-003 0. 0. 0. 0.
    1.47210178e-003 0. 0. 3.47695837e-004 0. 0. 0. 0. 0. 0. 0. 0.
    7.02072924e-004 2.93132523e-003 -1.37445529e-003 0. 0. 0. 0. 0.
    1.67297537e-003 0. 0. 0. 0. 0. 0. 0. 1.46744412e-003 0.
    2.42519495e-003 5.61449351e-003 2.20048078e-003 0. 0. 0. 0. 0. 0.
    3.08900769e-003 0. 0. 0. 0. 7.35382037e-003 0. 0. 0. 0. 0. 0. 0. 0.
    -6.55557320e-004 2.63943593e-003 0. 0. 1.30297779e-003 0. 0. 0. 0.
    1.95775405e-002 6.21661451e-003 -1.00649695e-003 0. 0. 0. 0. 0.
    2.39409762e-003 2.69581331e-003 0. 0. 1.00926775e-002 0. 0. 0.
    2.37174751e-003 5.64825628e-003 0. 0. 0. 0. 0. 0. 0. 1.92261150e-003
    0. 0. 0. 0. 0. 0. 0. 6.92543574e-004 0. 0. 0. 1.06512345e-002
    1.15626480e-003 0. 0. 0. 0. 0. 0. 0. 1.82800414e-003 0.
    -9.26306238e-004 0. 0. 7.42345257e-003 2.24083127e-003 0.
    5.05291624e-003 1.57800019e-002 0. 0. 0. 1.86731317e-003
    3.20360507e-003 0. 9.03611712e-004 0. 0. 4.32152301e-003 0. 0. 0.
    7.13418191e-003 1.01945540e-002 0. 0. 0. 0. 1.35691091e-003 0. 0.
    1.10880882e-002 -2.87049566e-003 0. 1.06297089e-002 2.61699711e-003
    0. 0. 0. 0. 0. 8.37238680e-004 0. 0. 6.19411818e-004 0.
    9.87037783e-004 1.47424852e-002 1.94619014e-003 2.23598978e-003 0.
    0. 0. 3.43491021e-003 2.93683051e-003 7.45608611e-003
    -6.76496187e-004 0. 9.22342530e-004 0. 0. 0. 0. 0. 0. 0. 0. 0. 0. 0.
    1.24714774e-004 0. 0. 0. 0. 3.21758795e-003 0. 0. 0. 0. 0. 0.
    5.90414118e-007 0. 0. 3.43866250e-003 0. 0. 0. 0. 0. 0. 0. 0.
    1.75743259e-003 1.98348169e-003 0. 0. -3.10336211e-004 0. 0. 0. 0.
    0. 0. 0. 0. 0. 8.03188421e-003 1.69368741e-006 0. 0. 2.71011679e-003
    0. 0. 0. 7.46615813e-004 0. 0. 0. 0. 0. 1.39947876e-003 0. 0. 0.
    -6.38023312e-006 0. 0. 1.68031220e-005 0. 0. 0. 1.58454105e-003
    3.49741965e-003 0. 8.44040141e-003 0. 0. 0. 0. 0. 0. 0. 0. 0. 0.
    8.03333893e-003 1.11777233e-002 0. 0. 0. 0. 0. 0. 0. 0. 0.
    -1.21045252e-003 4.37152485e-005 0. 0. 0. 0. 1.66923110e-006 0. 0.
    0. 4.42225579e-003 0. 0. 0. 0. 1.49154023e-003 2.27525388e-003 0.
    2.00185343e-003 0. -2.32537510e-004 0. 0. 0. 0. 0. 2.84243771e-003
    1.24156999e-003 0. 2.52446323e-003 0. 6.91860914e-003
    8.50164611e-003 2.53890767e-006 0. 8.99024773e-004 2.62984494e-003
    0. 0. 0. 0. 0. 0. 0. 0. 0. 3.47967562e-003 0. 0. 5.18637896e-003
    7.13939720e-004 0. 4.54965048e-003 0. 7.21387565e-003 0. 0.
    4.86211572e-003 9.23339557e-003 0. 0. 0. 0. 0. 9.18926764e-003 0. 0.
    -2.83643091e-003 8.14085454e-003 1.08218808e-002 0. 2.55748327e-003
    0. 0. 0. 0. 0. 1.71199371e-003 0. 0. 0. 0. 0. 1.06315156e-002 0. 0.
    0. 5.94801595e-003 1.76315589e-004 0. 2.02617525e-006 0. 0. 0. 0. 0.
    0. 0. 0. 0. 0. 0. 0. 0. 0. 0. 0. 0. 0. 0. 0. 0. 1.76260027e-003
    1.28517731e-003 0. 0. 0. 0. 0. 0. 0. 0. 1.33008871e-003 0.
    3.31652313e-006 0. 1.36454124e-002 0. 0. 4.75291308e-004 0. 0. 0.
    1.06319226e-002 0. 0. 0. 0. 0. -8.38775479e-004 0. 0. 0. 0. 0. 0. 0.
    0. 7.24640861e-003 0. 0. 0. 0. 2.50650058e-003 1.70959369e-003
    1.53125520e-003 0. 0. 0. 0. 0. 9.38605459e-004 0. 6.42365124e-003 0.
    0. 0. 0. 1.93915458e-003 0. 0. 3.40985297e-003 0. -9.31109651e-004
    1.02663273e-003 1.72152522e-003 -7.38155190e-003 0. 0. 0.
    -3.13800434e-003 1.29005511e-003 0. 0. 0. 0. 0. 0. 0. 0. 0. 0. 0. 0.
    0. 1.06158521e-004 1.28192955e-003 0. 2.17555766e-003
    1.75977440e-003 0. 0. 7.43160769e-003 0. -1.29707172e-004 0. 0. 0.
    2.45754118e-003 0. -6.91505731e-004 -1.53245157e-004 0. 0. 0. 0. 0.
    0. 0. 0. 2.72041274e-004 0. 0. 0. 0. 0. 2.33249227e-003 0.
    1.14311127e-003 0. 0. 1.14007085e-003 0. 0. 7.99598917e-003
    2.90647359e-003 2.72658397e-003 0. -2.76052044e-004 0. 0. 0. 0. 0.
    0. 2.15781294e-003 0. 0. 7.67925638e-004 0. 0. 0. 0. 0.
    1.80549221e-003 0. 0. 0. 0. 2.75960570e-004 0. 0. 0. 0.
    3.02212033e-003 3.79230292e-003 0. 0. -4.77182650e-004 0. 0. 0. 0.
    0. 0. 0. 0. -1.49660336e-003 0. 0. 0. 0. 0. 0. 0. 0. 0. 0. 0. 0.
    3.68292117e-003 0. 0. 0. 7.67217716e-003 0. 8.00050609e-003
    -1.91080419e-003 0. 0. 0. 0. 0. 1.06330788e-006 0. 0. 0. 0.
    1.15545830e-002 0. 0. 0. 0. 0. 0. 0. 1.28353608e-003 0. 0. 0. 0.
    -1.20298436e-003 0. 7.57775689e-003 0. 0. 0. 0. 0.</data></imageDescriptor>
</opencv_storage>
