<?xml version="1.0"?>
<opencv_storage>
<imageDescriptor type_id="opencv-matrix">
  <rows>1</rows>
  <cols>1000</cols>
  <dt>f</dt>
  <data>
    6.96716271e-003 0. 0. 0. 3.17781372e-003 2.42238701e-003 0.
    4.92754509e-004 0. 0. 0. 1.91220117e-003 0. 7.05007915e-005
    -4.18923766e-004 0. 0. -2.12581712e-003 0. 0. 0. 3.13949725e-003 0.
    0. 0. 2.56701512e-003 7.33854540e-004 0. 5.92292333e-003
    1.39695432e-004 3.15995957e-003 5.42775320e-004 2.20968854e-003
    8.49654339e-003 9.92548745e-003 0. 2.80828029e-003 2.89166626e-003
    0. 1.54392270e-003 0. 0. 0. 0. -1.59950869e-003 3.97056155e-003 0.
    3.60538042e-003 1.04470004e-003 0. 0. 2.73072685e-004
    2.26700053e-004 0. 0. 2.05500098e-003 0. 0. 2.98533798e-003 0.
    6.14234572e-003 0. 3.12634045e-003 4.15744586e-003 2.47427076e-003
    0. 0. 0. 0. 2.09070253e-003 3.48827196e-003 6.59123994e-004 0.
    3.09097231e-003 0. 9.62825783e-004 0. 1.72760338e-003 0. 0.
    4.04353632e-004 0. -9.07735433e-004 2.40564579e-003 2.51543219e-003
    0. 0. 5.54253208e-003 3.46773537e-003 0. 7.69935595e-003 0.
    -7.33822017e-005 3.10132653e-003 0. 0. 0. 0. 0. 2.65405257e-003 0.
    0. 7.97460496e-004 6.49661338e-003 0. 0. 0. 1.58691558e-003
    2.46439915e-004 6.33534370e-003 0. 0. 2.43681343e-003
    -7.91180137e-005 0. 4.99012601e-003 -7.19819276e-004 2.04100483e-003
    1.24338281e-003 3.53744766e-003 4.82003298e-003 -1.34276203e-003
    2.82469671e-003 0. 0. 0. -1.25330372e-003 4.82400786e-003 0.
    2.15679617e-003 3.14486725e-003 0. 0. 1.14883027e-004 0. 0.
    1.47828693e-002 -7.25333171e-004 2.24251184e-003 0. 0.
    2.12950935e-003 2.12761923e-003 5.89425489e-003 9.44207609e-003
    -3.41748586e-003 0. 0. 0. 1.35816047e-002 0. 0. 4.49123654e-005
    8.30881690e-005 0. 3.56361736e-003 0. 1.65207812e-003
    5.91863552e-003 0. 0. -8.22589966e-004 0. 0. 3.06791882e-003
    -1.40808697e-004 7.62293290e-004 3.00313858e-003 4.76915902e-003
    6.13245741e-003 6.21350249e-003 0. 0. 5.73649711e-004
    1.81903096e-003 0. 0. 0. 3.56572145e-003 0. 9.85584408e-003 0. 0.
    -7.40431342e-003 0. 0. 0. 0. 0. 0. -2.26671388e-003 -6.39098464e-004
    6.76807761e-003 0. 0. 0. 0. 8.55921395e-003 0. 7.73482770e-003
    2.84260110e-004 8.37832503e-003 1.49585796e-003 -5.44348906e-004
    1.49608369e-003 0. 0. 0. 0. 0. 0. 0. 2.64438335e-003 3.29155987e-003
    0. 3.17184092e-003 0. 0. 7.41453317e-004 0. 0. 0. 0. 5.44791389e-003
    0. 0. -1.66670990e-003 8.35651183e-004 0. 2.18096934e-003
    5.00411820e-003 0. 0. 0. 0. 0. 0. 5.91522665e-004 0. 0.
    2.59298109e-003 0. -3.04796710e-003 0. 0. 0. 1.12098213e-002
    2.15766393e-003 4.72267158e-003 3.82663985e-003 0. 0.
    1.12075440e-003 0. 0. 4.45358548e-003 0. 1.18741009e-003 0.
    7.20432145e-004 0. 0. 7.55618210e-004 -7.52603577e-004 0.
    6.30855933e-003 0. 0. 0. 0. 2.86899600e-003 0. 5.68939885e-003
    1.40747358e-003 0. 0. 2.24796985e-003 0. -9.30301176e-005
    5.11631323e-003 0. 0. 0. 0. 0. 1.09411671e-003 0. 0. 0.
    1.80124465e-004 0. 0. 0. 0. 0. 1.19734870e-003 1.19381037e-003 0.
    -1.80691713e-004 0. 0. 0. 0. 0. 0. 3.13617435e-004 0. 0. 0. 0.
    3.35775688e-003 3.47929704e-003 -6.61196071e-004 -1.14569138e-003
    8.04620888e-003 0. 4.88106115e-003 3.63633316e-003 3.90208763e-004
    2.13491288e-003 0. 4.03143605e-003 5.35298022e-004 4.68988001e-004
    6.19321410e-003 -3.21463187e-004 0. 0. 3.14787310e-003 0. 0.
    -7.36784190e-004 1.02523353e-003 0. 0. 1.86691829e-003 0. 0. 0. 0.
    0. 0. 0. 0. 0. 7.43403274e-004 0. 3.95985378e-004 0. 0. 0. 0. 0.
    2.03436729e-003 1.37926382e-003 0. 0. -8.53614358e-004
    -3.91347479e-004 0. 8.92332476e-003 0. 0. 0. 0. 2.20199558e-003 0.
    0. 0. 3.83234001e-003 1.62975409e-003 7.22250855e-003 0. 0. 0. 0.
    -4.42834949e-004 5.66367246e-003 2.79073301e-003 2.38117529e-003 0.
    4.74472065e-003 0. 3.69587820e-003 0. 2.36907252e-003
    -3.17796972e-003 0. 4.84740268e-003 -5.12498140e-004 0. 0. 0.
    2.42285454e-003 0. 0. 0. 0. 0. 0. 0. 0. 0. 0. 4.84387716e-003 0. 0.
    0. 0. 0. 0. 0. 8.74197669e-003 3.27774178e-004 0. 0. 1.13295624e-002
    0. 1.05950620e-003 0. 2.62971711e-003 0. 0. 0. 3.54901957e-003
    6.14049286e-003 8.98209307e-003 0. 0. 1.28051720e-003
    2.33724434e-003 0. 2.69273878e-003 0. -8.52793455e-004 0.
    3.02370009e-003 2.43406254e-003 0. 0. 0. 0. 1.57689652e-003 0. 0. 0.
    0. 0. 0. 0. -5.29275858e-004 0. 5.59603504e-004 4.86483285e-003 0.
    0. 0. 2.51374044e-003 0. 0. -1.53533576e-004 0. 0. 1.64977711e-004
    0. 0. 2.23697210e-003 0. 0. 5.54887461e-004 6.41629985e-003 0. 0. 0.
    0. 0. 4.78332676e-003 7.97442219e-004 0. 4.18683019e-004 0.
    -6.51180453e-005 8.15324252e-004 0. 0. 1.75496493e-003
    2.33049900e-003 0. 0. 2.42584269e-003 0. -9.93870432e-004 0.
    2.14133132e-003 1.98519602e-003 1.33619260e-003 6.20924495e-003 0.
    0. 0. 2.21922272e-003 4.60726069e-003 1.64412998e-003
    2.73912377e-003 8.44364346e-004 0. 7.69380829e-004 0.
    7.57436268e-004 1.44046929e-003 0. 0. 0. 1.53847469e-003 0. 0. 0. 0.
    7.09906570e-004 0. 0. 0. 0. 0. 0. 0. 0. 0. 1.56800763e-003 0. 0. 0.
    0. 7.19039282e-003 1.08748674e-002 -7.79724141e-005 0. 0.
    2.56798137e-003 0. 0. 4.73932270e-003 7.75980589e-004 0. 0. 0. 0.
    1.00694166e-003 1.30139641e-003 0. 0. 1.62352435e-003
    3.41315201e-004 0. 0. 2.19819974e-003 0. 0. 0. 1.11881178e-003
    1.38862804e-003 -2.35567591e-003 0. -4.17436589e-004 0. 0. 0. 0. 0.
    0. 0. 0. 0. 0. 1.15116704e-002 0. 0. 0. 0. 0. -6.16837700e-004 0.
    2.18408430e-004 0. 1.07988191e-003 1.56802163e-002 0. 0. 0. 0.
    2.32375009e-004 0. 5.47021846e-005 0. 1.07298046e-003
    8.91196774e-004 0. 0. 0. 0. 0. 2.41936199e-004 -3.11019830e-004 0.
    0. 0. 7.09604844e-003 0. 5.08466968e-004 0. 0. 0. 0. 0. 0.
    -1.07870356e-003 5.06241946e-003 0. 8.13358347e-004 -1.15060981e-003
    -5.06720717e-005 1.83301920e-004 5.34504605e-003 4.70818864e-004
    3.03146476e-003 1.36839645e-003 1.45838298e-002 0. 0. 0. 0. 0.
    1.44465861e-003 0. 2.83789937e-003 0. 0. 2.34247302e-003 0. 0.
    5.11927006e-004 0. -2.71335710e-004 1.87003205e-003 2.00065318e-003
    5.54779498e-003 4.35680524e-003 -6.96647307e-003 0. 5.93061675e-004
    0. 0. 4.30888031e-003 2.01755494e-004 -5.32332750e-004 0.
    -6.17722690e-004 0. 0. 0. 0. 1.88749703e-003 4.77047125e-003 0. 0.
    0. 0. 0. 0. 0. 5.54494141e-003 -8.22653237e-005 0. 0. 0.
    -2.40110606e-003 0. 0. 0. 4.25043487e-004 1.46655424e-003
    1.20389962e-003 5.64167451e-004 0. 0. 1.64120679e-003
    4.63148812e-003 4.31571971e-004 0. 0. 0. 4.90072696e-003
    2.27294001e-003 0. 4.97225672e-003 0. -7.69454055e-004 0. 0. 0. 0.
    3.00062192e-003 0. 0. 0. 0. 3.08895530e-003 0. 0. 0. 0.
    4.28688386e-003 9.96036688e-004 5.13747009e-003 0. -9.11031268e-004
    0. -1.20338700e-006 0. 7.81239185e-004 0. 0. 0. 0. 0. 0. 0.
    1.31103350e-003 0. 0. 0. 0. 3.40813119e-003 -2.99172098e-004 0.
    3.66108376e-003 5.85589674e-004 3.96501413e-003 -2.13534106e-004
    8.49656388e-003 1.93242426e-003 1.73013145e-003 0. 3.43336654e-003
    3.60545033e-004 1.22509839e-004 0. 0. 4.37894510e-003
    1.28724333e-003 0. 0. 0. 3.46679881e-004 1.37705950e-003 0. 0. 0.
    1.64262205e-003 1.96435326e-003 0. 0. 7.58161070e-003 0. 0.
    5.54937928e-004 0. 0. 1.00015979e-002 0. 7.81643379e-004
    1.47312495e-003 0. 0. -2.37270491e-003 -2.30278051e-003 0.
    4.38989198e-004 5.94977615e-003 3.40961735e-003 -7.57274393e-004 0.
    0. 6.08229195e-004 0. 1.53494067e-003 0. 0. 1.35165104e-003 0. 0. 0.
    -2.88900686e-004 1.52268098e-003 2.75555346e-003 4.92637861e-004 0.
    2.56164093e-003 5.01561537e-003 6.74554007e-003 0. 0.
    -1.14627939e-003 3.41873406e-003 0. 0. 5.49399760e-003
    7.77775981e-003 1.61196629e-004 0. 3.91936162e-003 7.32760644e-003
    0. -4.50613676e-004 1.27614569e-003 -2.15171836e-003 0. 0.
    -8.72023054e-004 0. 0. 0. 2.90643168e-003 5.12181781e-003
    9.47711896e-003 0. 0. 0. 1.07354298e-003 6.72621478e-004
    1.07609178e-003 0. 0. 0. 0. 3.11462069e-003 0. 0. 0. 0. 0. 0.
