<?xml version="1.0"?>
<opencv_storage>
<imageDescriptor type_id="opencv-matrix">
  <rows>1</rows>
  <cols>1000</cols>
  <dt>f</dt>
  <data>
    0. -1.79243216e-004 0. 0. 0. 4.29699570e-003 0. -2.07666191e-003
    3.73178069e-003 0. 0. 3.35791707e-003 5.34932828e-003
    1.29893643e-003 0. 0. 1.14928540e-002 9.53201554e-004
    -9.45833861e-004 1.03045558e-003 0. 2.64547532e-003 0.
    2.30518891e-003 0. -1.86228222e-004 6.95816707e-003 4.97336127e-003
    -3.28861643e-004 1.17222045e-003 0. -3.30389681e-004 0.
    1.86282804e-003 0. 0. 0. 0. 0. 0. 1.20179541e-003 1.27928215e-003 0.
    0. 5.09262923e-003 0. 6.93431823e-003 1.12110237e-003 0. 0. 0. 0. 0.
    4.18498879e-004 5.51869581e-003 2.59696250e-003 0. 0. 0.
    2.60374323e-003 0. 7.81178358e-004 0. 3.59374983e-003
    1.51571003e-003 0. 5.89924515e-004 1.33367267e-003 0. 0.
    6.49108412e-003 1.62210886e-003 5.56950654e-005 0. 0. 0.
    5.12485916e-004 0. 8.94006155e-003 2.66439049e-003 0.
    6.44066546e-004 2.02468433e-003 0. 4.44199424e-003 3.26877879e-003
    -1.52284652e-003 0. 1.98824354e-003 0. 0. 0. 7.17536430e-004 0. 0.
    0. 4.80416929e-003 2.61644810e-003 1.87151530e-003 0.
    6.90905319e-004 -9.24997265e-004 0. 0. 0. 0. 3.68345296e-003
    -1.29114138e-003 8.25270358e-003 0. 0. 9.58140532e-004 0.
    1.34224247e-003 -2.99561107e-005 -1.67285663e-003 0.
    -2.73880665e-003 -1.52833629e-004 0. 1.77241936e-002 5.78763476e-003
    0. 1.88575895e-003 0. 0. -3.09286435e-004 8.54331721e-003 0.
    2.14682100e-003 8.62716790e-003 1.52025360e-003 0. 0. 0.
    3.52473138e-003 8.24455079e-003 0. 0. 0. 1.93511532e-003
    2.65397690e-003 0. 5.53478673e-003 0. 0. -2.68720556e-004 0.
    3.00172996e-003 8.85313901e-004 2.73339776e-003 0. -1.77644589e-003
    4.85083181e-003 0. 4.10094101e-004 0. -2.26191823e-005
    4.92850970e-003 0. 0. 0. 4.33782302e-003 0. 0. 0. 0. 0.
    4.25654324e-003 0. 0. 4.93130740e-003 3.76451551e-003 0. 0. 0. 0. 0.
    1.69472885e-003 4.43579769e-003 0. -1.02488254e-003 0.
    3.31256376e-003 3.28664282e-005 0. 0. 6.21397863e-004
    6.46180881e-004 2.03988492e-003 0. 4.26297542e-003 0. 0.
    7.11213984e-003 0. 0. 0. 0. 0. 1.97527464e-003 1.51579292e-003 0.
    2.05761098e-004 0. 0. -6.49971305e-004 0. 1.37029297e-003 0.
    2.22253427e-003 0. -1.04009989e-003 1.04888780e-002 0. 0.
    1.00263651e-003 9.51309688e-004 0. 0. -1.39334716e-003 0. 0. 0.
    8.00453592e-004 -2.39319284e-003 0. 1.30136777e-003 0.
    6.09528134e-003 -1.32960733e-003 0. 0. 0. 1.13635266e-003
    1.80533656e-003 8.82427022e-003 3.85669991e-003 8.32746329e-004 0.
    1.25219999e-003 5.16251754e-003 4.21412784e-004 6.20700838e-003
    6.76285767e-004 -9.83832171e-004 2.36374652e-003 -1.91397336e-003 0.
    0. -1.30877923e-003 0. 0. 0. 0. 1.19095486e-004 1.24663080e-003
    -7.94325373e-004 0. 5.68429939e-003 6.96170470e-003 0. 0.
    1.01524394e-003 0. 1.92791934e-003 0. 8.56875733e-004 0. 0. 0.
    4.30034939e-003 0. 0. 0. -5.76760271e-004 9.22282052e-004 0.
    3.63472733e-003 0. 0. 1.09604339e-003 0. 9.37826873e-004
    7.92099047e-004 0. 0. 2.57824524e-003 0. 0. 8.82869470e-004 0.
    1.08590098e-002 2.49974662e-003 1.54760177e-003 0. 1.22750225e-003
    0. 0. 0. 6.27894606e-003 1.08716730e-002 8.30836711e-004
    2.92512588e-003 0. 0. -1.16626557e-004 9.92406905e-003 0.
    4.39407025e-003 0. 4.71052248e-003 0. 9.46739572e-004 0. 0.
    3.17859859e-003 3.02284304e-003 5.36149321e-003 1.26872456e-003
    2.23207069e-004 -1.65315345e-003 0. 0. 0. 0. 0. 0. 0. 0. 0. 0.
    3.57924472e-003 0. 0. 7.63820671e-003 1.93183438e-003
    2.56970059e-004 7.93620944e-003 1.19694241e-003 0. 0. 0. 0.
    1.68907791e-004 0. 1.71136088e-003 0. 0. 0. 0. 0. 0. 7.56050274e-003
    2.63573206e-003 0. 0. 0. 2.10981467e-003 0. 0. 0. 0. 0. 0. 0. 0.
    3.24379699e-003 4.34312533e-004 0. 0. 1.15725258e-003
    -2.58807046e-003 0. 0. 1.15074078e-003 0. 0. 0. 0. 0. 0.
    3.92071391e-003 0. 0. 2.23508850e-003 0. -5.08846424e-004 0. 0. 0.
    0. 0. 0. 0. 0. 0. 7.80169200e-003 0. 0. 0. 0. 0. 2.69165006e-003 0.
    0. 5.53912856e-003 4.28633811e-003 0. 3.36796511e-003 0.
    6.52919244e-003 0. 0. 3.55011295e-003 0. 0. 7.25103018e-004 0.
    1.83219463e-003 -2.26505781e-005 0. 0. 0. 0. 0. 0. 5.07178437e-003
    0. 2.22566235e-003 0. 0. 0. 4.21323115e-003 0. 5.85335540e-004
    5.48573036e-004 -4.02215723e-004 7.61192176e-004 4.77674277e-003
    -7.03635975e-004 3.49430600e-003 0. 0. 9.77790216e-004 0.
    4.99518588e-004 3.25762178e-003 0. 0. 4.47416933e-005
    2.47685355e-003 0. 0. 0. 1.20472454e-003 0. 0. 0. 0. 0. 0.
    5.97308564e-004 7.15464586e-004 3.23294313e-003 0. 2.84843892e-003
    0. 0. 9.63098463e-003 0. 5.30852191e-003 0. 5.29947458e-003 0. 0. 0.
    8.98296200e-003 0. 0. 0. 9.21039828e-005 0. 0. 0. 0. 0. 0.
    4.14980575e-004 1.19974988e-003 4.92436811e-004 0. 0.
    4.91004763e-003 0. 0. 0. 3.27609526e-003 0. 3.69812199e-003 0. 0.
    8.82524531e-003 2.53060949e-003 3.10938922e-003 0. 0.
    1.89522479e-003 0. 0. 0. 0. 5.19697461e-003 1.44077279e-003
    -5.94283512e-004 0. 0. 0. 0. 0. 0. -3.98840802e-003 0. 0.
    1.50511460e-003 0. 0. 0. 0. 0. 0. 9.79919832e-007 7.52226857e-004 0.
    4.11668560e-003 0. 1.37778632e-002 0. 0. 1.70058769e-003
    1.06939231e-003 0. 0. 7.03636836e-003 0. 0. 0. 0. 0.
    -3.16547346e-004 3.45799956e-003 2.49073515e-003 5.11541544e-003
    3.14650638e-003 2.07017153e-003 6.11305842e-003 1.12299190e-003 0.
    0. 0. 0. -2.91902642e-003 3.63395689e-003 0. -1.11952040e-003 0. 0.
    0. -1.88098609e-004 0. 4.30605281e-003 2.85531947e-004 0. 0.
    1.66082464e-003 0. 7.63919391e-003 4.06526553e-004 1.49045722e-003
    0. 0. 0. 0. -1.46496296e-003 0. 0. 0. 1.34480442e-003
    -1.17665459e-003 3.38717387e-003 5.08891558e-003 5.28331939e-003 0.
    2.61598220e-003 0. 0. -9.41550883e-004 1.00148376e-003 0.
    -1.63989875e-003 0. 0. 0. 3.64747178e-003 0. 0. 1.78314035e-003 0.
    0. 0. 0. 3.11420253e-003 0. 0. 0. 0. 0. 2.03032815e-003 0.
    4.27854760e-003 8.64673988e-004 -6.54023432e-004 0. 0.
    8.89812305e-004 0. 0. 0. 0. 1.87340972e-003 0. 0. 0.
    -2.84719601e-004 0. 0. 0. 0. 0. 1.26688322e-002 0. 0. 0.
    4.02374379e-003 2.62777996e-003 0. 1.49288960e-003 0. 0. 0.
    -1.01159082e-003 0. 0. 7.85441231e-003 0. 2.10140902e-003
    6.54346892e-004 7.54131284e-003 4.27571544e-003 0. 0. 0. 0. 0.
    1.38914282e-003 1.74331723e-003 0. 0. 0. 0. 0. 2.07491175e-004 0. 0.
    2.04239343e-003 0. 0. 4.82954085e-003 0. -2.02969793e-004 0. 0. 0.
    0. 0. 2.02955958e-003 0. 0. 0. 5.38609697e-007 0. 0. 1.10106112e-003
    0. 1.47523987e-003 0. 6.33501774e-003 4.79458104e-004
    1.63053686e-003 5.93554648e-003 1.33233343e-003 1.36333040e-003
    1.46020651e-002 0. 0. 0. 0. 8.38409527e-004 0. 1.00316748e-003
    -6.81241509e-004 0. 0. 0. 7.94341322e-004 0. -1.49995531e-003
    -1.47420052e-003 0. 8.13678722e-004 0. 0. 3.82750935e-004 0. 0.
    2.30199611e-003 2.74113845e-003 0. 0. 0. -2.96809291e-003
    3.57828394e-004 2.22354359e-003 0. 2.48104846e-003 0. 0. 0.
    7.95662124e-003 0. 2.36024638e-003 0. 0. 0. 0. -1.33124806e-004
    1.14447461e-003 0. 1.79898366e-003 1.77532306e-003 0. 0.
    9.31550283e-003 0. 0. 1.00856815e-002 0. 0. 0. 0. 0. 0.
    1.98248285e-003 0. 3.52177722e-003 3.53172305e-003 -2.07386771e-003
    0. 0. -1.28085213e-003 -1.41196302e-003 0. 0. 0. 0. 0. 0. 0. 0. 0.
    0. 0. 0. 0. 0. 3.78293777e-003 0. 0. 0. 0. 0. 1.95367006e-003 0.
    -4.24911588e-004 -1.07978762e-003 1.83372875e-003 0. 0. 0. 0. 0. 0.
    0. 0. 0. 0. 4.67599183e-003 0. -8.63376481e-004 2.53469194e-003 0.
    0. 0. 0. 0. 0. 2.00092397e-003 0. 7.45947566e-003 0. 0. 0.
    1.05514890e-003 0. 0. 1.46941375e-003 0. 0. 0. 0. 3.31166433e-003
    4.58331825e-003 0. 1.66411698e-003 0. 0. 0. 1.51068997e-003
    4.11970774e-003 0. 2.00568184e-006 0. 4.92366124e-003
    -1.94060430e-003 0. 0. 0. 0. 1.51231547e-003 0. 0. 0. 0. 0. 0. 0.
    4.43057204e-003 0. 0. 1.69277412e-003 0. 0. 3.10258241e-003 0. 0. 0.
    0. 0. 1.23243500e-003 0. 0. 0. 3.42453411e-003 0. 0. 1.68256485e-003
