<?xml version="1.0"?>
<opencv_storage>
<imageDescriptor type_id="opencv-matrix">
  <rows>1</rows>
  <cols>1000</cols>
  <dt>f</dt>
  <data>
    0. 1.81372825e-003 0. 0. -6.09750277e-004 0. 0. 6.44913060e-004 0.
    0. 0. 8.73023458e-003 0. 0. 0. 0. 1.47156615e-003 0. 0. 0. 0.
    5.35231130e-003 7.56102800e-003 0. 0. 0. 4.81585832e-003 0. 0. 0.
    3.41157475e-003 0. 0. 0. 0. 0. 0. 0. -1.75808999e-003
    5.09019569e-003 5.34907728e-003 0. 0. 0. 0. 0. 0. 0. 7.57756177e-004
    2.32073106e-003 0. 0. 0. 0. 0. 0. 0. 2.55888235e-003 1.00066292e-003
    0. 0. 0. 0. -5.45602466e-004 -2.27706754e-004 0. 0. 0.
    3.17531580e-004 1.51413353e-002 1.02065597e-002 -1.27336860e-003 0.
    0. 0. 0. 0. 0. 1.06681557e-002 0. 0. 0. 0. 0. 0. 0. -2.32221006e-004
    8.02134909e-003 5.30385505e-003 0. 0. 7.77771522e-004
    4.19880671e-004 0. 0. 3.36753414e-003 0. 0. -6.79078454e-004 0. 0.
    0. 0. 1.84529845e-003 0. 0. 0. 0. -4.15182149e-004 1.58671476e-002
    7.63147371e-003 -1.69351674e-003 0. 6.65950589e-004 -2.19925400e-003
    0. 0. 0. 0. 5.14324894e-003 0. 0. -1.44682359e-004 9.84672806e-004
    0. 1.74494239e-003 0. 0. 0. 0. 0. 0. 0. 3.05712526e-003
    3.55248991e-003 0. 7.14460714e-003 1.01214900e-004 0. 0. 0.
    -7.01962272e-005 0. 2.52689794e-003 2.21820176e-003 0. 0. 0. 0. 0.
    0. 0. -2.45286064e-004 0. 0. 0. 0. -2.04252638e-003 0.
    -7.37487455e-004 0. 0. -3.79495526e-004 0. 2.22243206e-003
    -3.18946037e-003 2.02869368e-003 0. 0. 0. 0. 1.61764417e-002
    4.00800584e-003 0. 0. 0. 0. 4.67912573e-003 0. 2.47406098e-003 0.
    6.15631649e-003 0. 2.61164561e-004 6.43900549e-003 0. 0. 0. 0.
    1.63146830e-003 0. 4.73403186e-003 2.38871314e-002 2.65877403e-004
    0. 6.74213422e-003 0. 0. 7.30422279e-003 0. 8.37950502e-003
    1.19756572e-002 -1.21133472e-003 0. 0. 1.13598560e-003 0. 0.
    1.01015894e-002 5.62031707e-003 1.16004962e-002 0. 0. 0.
    2.73840898e-003 2.47202790e-003 0. 0. 4.56383312e-003 0. 0. 0.
    6.43344771e-004 -1.99165987e-003 0. -1.18238886e-003
    -1.50141504e-003 0. 0. 1.41235685e-003 3.68385040e-003 0. 0. 0. 0.
    0. 3.34095769e-003 0. 0. 7.80459959e-003 7.28288293e-003 0. 0. 0.
    5.48042473e-004 0. 0. 9.85489320e-003 0. -1.98412672e-005
    5.42059680e-003 0. 0. 1.37030967e-002 5.66821895e-004 0. 0.
    1.27734977e-003 0. 0. 0. 0. 9.38645215e-004 0. 0. -7.57923757e-004
    0. 0. 0. 0. 5.93323726e-003 0. 0. 0. -7.29744788e-004
    1.35398936e-002 0. 2.68133124e-004 0. 0. 0. 0. 0. 3.94858327e-003 0.
    0. 5.29608829e-003 0. 0. 0. 0. 0. 0. 0. 0. 0. 2.28320225e-003
    7.61450967e-004 3.41946748e-003 0. 0. 1.94182445e-003 0. 0. 0. 0.
    8.05338006e-003 1.63483410e-003 0. 0. 7.29595427e-004 0. 0. 0. 0. 0.
    1.40982503e-002 -1.20177378e-004 -1.43243070e-003 0. 0.
    2.32508569e-003 0. 1.52815913e-003 0. 0. 0. 0. 4.30272846e-003 0. 0.
    0. 2.68401345e-003 1.04594906e-003 0. 0. 0. 0. 0. 9.27999429e-003
    -9.38723388e-004 0. 8.80823936e-003 0. 1.94315484e-003 0.
    6.17570104e-003 0. 2.62587564e-003 0. 0. 0. 0. 0. -2.90293974e-004
    1.03808586e-002 9.03045817e-004 2.74960301e-003 0. 0. 0. 0. 0.
    1.21996040e-002 0. 1.44042578e-002 0. 0. 2.62117712e-003 0. 0. 0. 0.
    0. 0. 0. 7.70323817e-003 0. 0. 1.62542833e-003 0. 0. 0. 0. 0. 0.
    -1.52198249e-003 0. 0. 0. 0. 1.09321368e-003 0. 0. 0.
    2.52982765e-003 3.01437406e-003 0. 0. 0. 0. -3.20080871e-005 0.
    5.55422110e-003 0. 0. 6.73396222e-004 -7.93307321e-004 0.
    2.93411920e-003 0. 0. 1.28863635e-003 0. 0. 0. 6.33522589e-003 0. 0.
    0. 0. 0. 0. 1.68739201e-003 0. 3.19219078e-003 0. 2.49825011e-004 0.
    0. 0. -1.80431898e-003 0. 0. 0. 0. 4.89462633e-003 6.49630930e-003
    9.78860073e-004 0. 0. 0. 6.54900353e-003 0. 0. 0. 0. 3.44828167e-003
    0. 0. 0. 0. 5.62624307e-003 3.14189983e-003 0. -1.41678017e-003 0.
    1.22668641e-003 0. 7.93496054e-003 6.39768038e-003 0. 0. 0. 0. 0. 0.
    -1.13366463e-003 6.46000588e-003 0. 9.23012011e-003 -1.23943470e-003
    -5.14545245e-003 0. 0. 0. 0. 0. 0. 0. 0. 0. 0. 0. 2.68628146e-003 0.
    0. 3.18056880e-003 0. 2.70764437e-003 2.57302099e-003
    3.08965705e-003 0. 3.84328142e-003 0. 4.64897696e-003 0. 0. 0. 0.
    6.41704723e-003 1.42521262e-002 5.66336513e-003 0. 0.
    1.04352005e-003 0. 0. 0. 0. 0. 0. 0. 0. 0. 0. 4.08516219e-003
    3.33072827e-003 2.21578870e-003 0. 0. 0. 0. 0. 9.83223319e-003
    4.71387058e-003 4.59064357e-003 0. 0. 2.56733596e-003 0. 0. 0. 0.
    7.14183087e-003 0. 0. 1.39685115e-003 0. 0. 0. 0. 0. 0. 0. 0. 0. 0.
    0. 0. 2.61256704e-003 0. 0. 0. 8.05729814e-003 0. 5.71358809e-003
    1.29875657e-003 0. 0. 3.88833764e-003 0. 0. 2.21490907e-003 0. 0.
    -1.48544158e-003 0. 1.50391937e-003 0. 0. 0. 0. 0. 2.77574454e-003
    0. 1.18723465e-002 6.69313408e-003 0. 0. 0. 0. 0. 0. 4.91821300e-003
    -2.81674555e-003 0. 0. 0. 0. 0. 0. 0. 0. 0. 0. 0. 0. 0. 0. 0.
    -4.13009711e-003 0. 0. 2.25694361e-003 2.23198743e-003
    1.07786302e-002 -4.70356463e-004 0. 0. 0. 7.70921528e-004 0.
    -3.83787206e-003 0. -3.04512307e-003 3.40647786e-003
    -3.68632143e-004 0. -1.16559281e-003 -2.27883016e-003
    6.38082100e-004 0. 0. 0. 0. 0. -2.85613583e-003 2.83784280e-003 0.
    0. 0. 0. 0. 8.13189137e-004 0. 0. 0. -3.82390746e-004
    5.66536444e-004 0. 0. 2.88836542e-003 0. 0. 0. 0. 2.57250364e-003 0.
    0. 0. 0. 0. 4.26322082e-003 6.60296855e-003 0. 0. 0. 6.98664109e-004
    0. 1.42877951e-004 0. 0. 0. 0. 9.98028554e-003 0. 0. 0. 0.
    6.95154769e-004 0. 3.32441600e-003 0. -8.94836383e-004 0.
    2.41049464e-004 8.28936696e-003 2.54179991e-004 2.60331994e-003
    4.36234428e-003 0. 0. 0. 2.67138908e-004 1.39073969e-003 0.
    1.04809972e-003 0. 0. 4.04120190e-003 0. 0. 0. 3.07777751e-004 0. 0.
    0. 9.79354978e-003 0. 0. 0. 0. 0. 1.64381193e-003 0. 0.
    2.83249468e-003 0. 0. 1.15295907e-003 4.45172563e-003 0.
    1.25183724e-003 0. 0. 0. -8.38938577e-005 1.17606670e-003 0. 0. 0.
    0. 0. 0. 0. 0. 0. 9.42553673e-003 5.16644772e-003 1.43227063e-003 0.
    7.05082808e-003 5.24746627e-003 0. 9.37174656e-004 0.
    7.00941659e-004 0. 0. 2.72498961e-004 0. 0. 0. 0. 0. 1.24728703e-003
    6.91258721e-003 0. -1.17147378e-004 0. 0. 0. 0. 0. 3.34668439e-003
    0. 0. 4.88874502e-003 0. 0. 3.30167427e-003 -2.67037212e-005 0. 0.
    0. 0. 0. 0. 0. 0. 2.72865151e-003 1.56726851e-003 0. 0.
    -4.00562724e-003 0. 0. 4.18699766e-003 0. 0. 0. 0. 0. 0.
    1.29517191e-003 1.91974454e-002 4.15331591e-003 0. 0. 0.
    2.02387501e-003 0. -2.78816395e-003 -1.87696994e-003 0.
    1.42550271e-003 0. -4.25015995e-003 0. 2.43496569e-003 0.
    -4.96881315e-004 6.40326471e-004 0. 0. -9.59096302e-004
    -1.98715832e-003 3.06742993e-004 0. 0. 0. 0. 0. 0. 1.83700002e-003
    0. 3.79054761e-003 0. 2.06676056e-003 0. -2.81332154e-003
    8.32599495e-003 0. 0. 2.08561681e-003 0. 3.80273722e-003
    1.21734815e-003 0. 0. 0. 0. 0. 0. -2.23484880e-004 0. 0. 0. 0.
    1.34461299e-002 0. 0. 0. 0. 6.37387508e-004 0. 0. 0. 2.74189725e-003
    0. 0. 0. 0. 1.32175963e-002 1.79728449e-004 0. 0. 0. 4.58898758e-005
    2.07055616e-003 0. 0. 0. 0. 1.82261248e-003 0. 0. 6.28989423e-003 0.
    0. -1.72497254e-004 0. 0. 3.94625310e-003 -3.21587664e-003 0. 0. 0.
    2.93462828e-004 0. -3.91225982e-003 0. 0. 0. 0. 0. 0. 0. 0. 0. 0. 0.
    0. 0. 0. 0. 0. 0. 0. 0. 0. 0. 0. 0. 4.66807373e-003 0. 0. 0. 0.
    2.70921201e-003 0. 0. -6.43363572e-004 0. 2.87648197e-003 0. 0. 0.
    0. 0. 0. 0. 5.17306663e-003 0. 0. 0. 0. 0. 0. 1.27038383e-003
    1.16732987e-002 0. 0. 1.70691265e-003 0. 0. 0. 2.26262701e-003 0. 0.
    0. 0. 0. 5.65526716e-004 -2.30327505e-003 0. 9.85702383e-004
    4.43511875e-003 2.61050486e-003 1.70994468e-003 0. 5.79196785e-004
    0. 0. 6.77785138e-003 0. 0. 0. 9.34699271e-003 0. 1.18914098e-002 0.
    0. 0. 0. 0. -1.28372258e-003 5.11765666e-003 0. 1.90882638e-004 0.
    5.79289766e-003 0. 0. 0. 0. 0. 0. 0. 0. 0. 2.01009470e-003
    1.36335276e-003 0. 0. 0. 0. 0. 0. 7.65732315e-004 0. 4.41659708e-004
    0. 0. 0. 0. 4.72896136e-005 0. 0.</data></imageDescriptor>
</opencv_storage>
