<?xml version="1.0"?>
<opencv_storage>
<imageDescriptor type_id="opencv-matrix">
  <rows>1</rows>
  <cols>1000</cols>
  <dt>f</dt>
  <data>
    0. 1.12260114e-002 0. 0. 8.62587112e-005 0. 3.33665241e-003 0. 0.
    4.83803591e-003 0. 0. 0. 0. 0. 0. 0. 0. 0. 2.15966254e-003 0. 0. 0.
    4.89411643e-004 0. 1.25813019e-002 0. 0. 7.95487314e-003 0. 0.
    2.69090780e-003 -1.97524321e-003 2.67092860e-003 0. 1.69151847e-003
    0. 0. 0. 1.72741618e-003 0. 0. 0. 1.84291194e-003 0. 4.70966753e-003
    3.86697357e-003 0. 0. 6.32020878e-003 0. 1.59999414e-004 0. 0. 0. 0.
    0. 1.22295145e-003 1.16694730e-003 0. 1.09349166e-004
    2.11049803e-003 -1.99037790e-003 0. -3.19788902e-004
    -2.34800181e-003 0. -7.37788505e-004 0. 0. 0. 8.25523306e-003
    8.77065305e-003 0. 0. -6.45107124e-004 0. 0. 9.30519658e-004 0.
    -6.31912189e-005 1.00808148e-003 0. 3.24917084e-004 7.78169325e-003
    0. -1.43111474e-003 2.91155931e-003 0. 9.08370968e-003 0.
    6.13190979e-003 0. 0. 0. -3.51689232e-005 1.58689674e-002
    6.58792094e-004 0. 0. 0. 0. 0. 0. 2.02767787e-005 0. 0. 0. 0.
    1.89562934e-003 0. 0. 0. 5.10833552e-003 0. 0. 9.40289174e-004 0. 0.
    2.43385183e-003 0. 4.15612059e-003 2.19478039e-003 0. 0. 0.
    6.73726609e-004 0. 1.23565504e-002 8.50993395e-003 0. 0. 0.
    1.94142491e-003 0. 0. -2.04882788e-004 0. 0. 0. 6.08857675e-003
    -1.90450437e-003 0. 0. 0. -5.86378062e-003 0. 3.33043485e-004 0. 0.
    0. -1.59478237e-004 0. -7.11007044e-004 4.43262840e-003 0. 0. 0. 0.
    1.75399426e-002 0. 0. 1.16195278e-002 0. 0. 0. 0. 1.26832083e-003 0.
    0. -2.40767165e-003 0. 0. 0. 0. 0. 0. 6.55152136e-003
    1.28995785e-002 8.14992841e-003 0. 8.04307032e-003 0. 0. 0.
    -8.81604326e-004 0. 0. 0. 0. 0. 0. 0. 0. 0. 0. 0. 2.82504875e-003
    4.90921177e-003 4.48257616e-003 0. 0. 0. 5.15100127e-003 0. 0. 0. 0.
    0. 6.07300375e-004 0. 0. 0. 3.80277191e-003 0. 0. 9.96740528e-006 0.
    0. 0. 1.35989487e-003 0. 0. 3.21058044e-003 -6.55890442e-003 0. 0.
    -6.79449062e-004 0. 0. 7.20531098e-004 5.05974237e-003
    -9.38428391e-004 4.10010852e-003 0. 1.18101249e-002 0. 0. 0. 0. 0.
    7.21364561e-003 0. 0. 6.37809420e-003 0. 2.16465164e-002 0. 0. 0. 0.
    1.32147139e-002 -7.38775358e-004 0. 0. 0. 0. 2.63230572e-003
    1.75042695e-003 2.72932486e-003 3.46438051e-003 0. 0. 0. 0.
    3.25615052e-003 0. 0. -4.10553440e-003 9.59588680e-003 0. 0.
    1.52296654e-003 0. 2.77165021e-003 0. 7.05488585e-003
    1.15015765e-003 0. -2.16097440e-004 0. 0. 0. 0. 0. -1.99055285e-004
    1.95880560e-003 0. -5.97019272e-004 6.92685368e-003 0. 0.
    3.11199035e-002 2.63630785e-003 0. 2.11990555e-003 0. 0.
    1.15074428e-004 0. 0. 0. 0. 0. -8.64346803e-004 0. 0. 0. 0. 0. 0. 0.
    1.70626640e-002 0. 1.66609953e-003 5.75655000e-003 0.
    -1.62098702e-004 -4.49186628e-004 0. 0. 0. 0. 0. 1.04879634e-003 0.
    0. 1.47083902e-003 0. 0. 0. 1.06974840e-002 0. 0. -2.33491010e-004
    0. 3.84610682e-003 4.01162601e-004 1.12110481e-003 0. 0.
    3.52042436e-004 0. 0. 3.99199576e-004 0. 3.21991220e-002 0. 0. 0. 0.
    0. 0. -8.09862686e-004 0. 0. 0. 0. 0. 0. 0. 0. 0. 1.07060070e-003 0.
    -1.96568505e-003 -5.78482344e-004 0. 0. 0. 0. 3.65961273e-003 0.
    1.24615692e-002 0. 0. 0. 5.23191132e-003 2.95354082e-004
    1.80062409e-002 7.24205049e-004 0. 0. 1.79455988e-002 0.
    7.32974056e-003 0. 0. -6.80962985e-004 1.83029228e-003 0. 0. 0. 0.
    2.23728595e-003 4.90370556e-004 0. -7.01324781e-004 3.12427455e-003
    0. 0. 4.39036498e-003 0. 0. 0. 1.92039588e-003 0. 0. 0.
    1.67518575e-002 0. 0. 2.29552528e-003 0. 0. 5.56937093e-003
    -5.46856201e-004 0. 0. 0. 0. 0. 0. 2.77824304e-003 0. 0. 0. 0. 0.
    -2.43057031e-003 0. 0. 0. -4.32195794e-003 2.94777472e-003 0. 0.
    4.38082730e-003 0. 0. 0. 0. -7.90567312e-004 0. 0. 0.
    3.82588431e-003 0. 3.02899326e-003 -7.26398197e-004 5.84653113e-003
    0. 1.78347155e-002 0. 0. 0. 3.30266589e-003 1.91165460e-003
    2.74741766e-003 0. 0. 0. 2.72082305e-003 0. 0. 7.13860441e-004
    2.56582932e-003 1.78535806e-003 0. 2.70032720e-003 0. 0. 0. 0. 0. 0.
    2.18902016e-003 0. 2.01809895e-003 0. 0. 4.06711083e-003 0. 0. 0.
    -6.31520990e-003 0. 0. 0. 0. 0. 0. -8.76149745e-004 0. 0.
    8.93088989e-004 0. 0. 2.80019059e-003 0. 0. 0. -2.06468999e-003 0.
    0. 0. 2.73205503e-003 3.54393013e-003 0. -5.59002860e-004 0. 0. 0.
    0. 0. 0. -7.01790443e-004 0. 0. 0. 0. 1.98506340e-002 0.
    3.50651704e-003 0. 0. 0. 0. 2.79398379e-003 0. 0. 0. 0. 0.
    1.98284071e-002 1.10169351e-002 0. 0. 0. 0. 5.96519094e-004
    7.19937077e-003 0. 0. 0. 0. 0. 0. 0. 0. 0. 0. 0. 0. 9.76647134e-004
    7.99860805e-003 0. 0. 0. 0. 0. 0. 0. -3.88314319e-003 0. 0. 0. 0.
    1.47859822e-003 0. 0. 2.21322945e-004 -8.13733088e-004 0. 0.
    4.74038301e-003 1.76385976e-002 4.88379318e-003 0. -5.36185398e-004
    0. 0. 0. 0. 0. 0. 0. 0. 0. 0. -3.39281687e-004 6.88277138e-003 0. 0.
    9.12638940e-003 1.78800663e-003 0. 0. 3.38153332e-003 0.
    1.48348650e-003 0. 0. 0. 0. 2.91494490e-003 0. 0. 0. 0. 0.
    -7.33493362e-004 0. 5.06903278e-004 0. 0. 7.29369465e-003 0. 0.
    3.43603827e-003 3.57777695e-004 0. 0. 0. -1.80194201e-003
    5.99809922e-003 0. 0. 0. 5.44280920e-004 0. 5.95524616e-004 0. 0. 0.
    6.19476428e-004 0. 0. 0. 0. 0. 1.38160802e-004 -1.53098535e-003 0.
    1.13721117e-002 0. 0. 0. 0. 0. 0. 0. 0. 0. 1.33763871e-003 0. 0.
    3.12513876e-004 -5.69858821e-003 0. 0. 0. 0. 0. 0. 0. 0. 0.
    1.01226696e-003 0. 0. 0. 9.35603166e-004 0. -2.17724545e-003 0. 0.
    0. 0. 0. 0. 0. 0. 0. 0. 0. 0. 0. 0. 0. 2.49227206e-003 0.
    1.37345330e-003 0. 0. 0. 0. 0. 0. 0. 3.91585846e-003 0.
    -1.71106964e-004 0. 1.76551053e-003 -7.99419140e-005 0.
    2.25353218e-003 0. 2.76597589e-003 6.10798423e-004 2.03361437e-002
    0. 0. 0. -7.71790452e-004 -3.80243175e-004 1.59324508e-003
    3.33153526e-004 0. 0. 0. 0. -1.34865893e-003 -6.14276505e-004 0.
    3.37670301e-003 0. 0. -1.81231508e-003 -7.64030265e-004
    2.77586654e-003 0. 0. 0. 0. 0. 0. 8.42101220e-003 0. 0. 0. 0.
    4.57231188e-003 0. 0. 1.83379068e-003 0. 0. 0. 5.08730346e-003 0. 0.
    0. 0. 0. 6.91473437e-003 1.10529223e-003 4.87179309e-003
    3.30681447e-004 1.77577324e-003 0. 1.69403874e-003 0. 0. 0. 0.
    2.06831633e-003 0. 4.72548464e-003 0. 0. 0. 0. 0. 0. 7.40961591e-003
    0. 0. 5.22489543e-004 0. 0. 0. -1.37198204e-003 5.01968898e-004
    6.43216888e-004 0. 0. 1.29597099e-003 5.08322287e-003 0. 0.
    4.46621468e-003 0. 0. -1.15678115e-004 0. 3.24983615e-003 0. 0. 0.
    1.05879316e-003 0. 3.35392077e-003 0. 0. 0. 0. 0. 0. 0. 0. 0. 0. 0.
    0. 2.13170284e-003 0. 0. 0. 0. 1.13701902e-003 0. 5.10704995e-004 0.
    0. 0. -3.22987721e-003 0. 0. 0. 0. 0. 0. 1.28896078e-002 0. 0. 0. 0.
    -2.32299019e-004 0. 1.00407042e-002 0. 0. 0. 0. 1.13002920e-004 0.
    0. 9.95155238e-003 0. 4.69211227e-004 0. 0. 0. 0. 0. 4.92845988e-003
    -2.02426966e-003 -1.25471514e-003 0. 0. 3.36076715e-004
    -4.41094674e-003 0. -2.63527525e-003 0. 6.10347651e-003 0. 0. 0. 0.
    0. 8.36568698e-003 0. 0. 0. 3.29926680e-003 7.93396495e-003 0.
    7.96124456e-004 1.22436276e-002 0. 0. 0. 0. 0. 0. 0.
    -4.11312823e-004 0. 0. 2.29711528e-003 0. 0. 2.52837944e-003 0. 0.
    0. 0. -2.16838764e-003 0. 0. -1.01283574e-002 0. 0. 0. 0. 0. 0.
    -2.09459406e-003 0. 6.85424404e-003 0. 0. 0. 5.47781703e-004
    2.20123329e-003 0. 0. 0. 7.94348866e-003 0. 4.72658547e-003
    4.68437182e-004 0. 0. 6.06443500e-003 0. 0. 0. 0. 0. 0.
    -1.83630909e-003 8.41970369e-003 1.48081605e-003 0. 0.
    -2.51604617e-003 0. 0. 0. 0. 0. 0. 0. 0. 0. 0. 1.33834570e-003
    7.09983753e-003 1.67463173e-003 0. 0. 0. 0. 0. 4.05016850e-004 0. 0.
    2.91478192e-003 0. 3.61304404e-003 0. 0. 0. 0. 0. 0. 0. 0.
    -1.72071392e-003 0. 0. 8.27041361e-003 0. 3.55396280e-003 0.
    -1.11623248e-003 0. 0. 2.11807899e-003 0. 0. 0. 1.25570071e-003 0.
    0. 0. 0. 0. 0. 0. 0. 0. 0. 0. 0. 0.</data></imageDescriptor>
</opencv_storage>
