<?xml version="1.0"?>
<opencv_storage>
<imageDescriptor type_id="opencv-matrix">
  <rows>1</rows>
  <cols>1000</cols>
  <dt>f</dt>
  <data>
    9.58967663e-004 1.46398926e-003 0. 2.73322454e-003 1.74481276e-004
    0. 0. -1.77512341e-003 0. 7.65332137e-004 8.45821109e-003
    3.20053636e-003 0. 2.30833236e-003 0. 1.92188157e-003 0.
    -9.05011955e-004 4.81434981e-004 0. 0. 0. 0. 0. 1.61395385e-003
    2.10589892e-003 1.63335702e-004 1.20767916e-003 1.87539018e-003 0.
    1.85616000e-003 5.74032543e-003 3.84381070e-004 3.19798989e-003 0.
    0. 0. 2.66067148e-003 0. 7.25167198e-003 6.51639421e-004
    1.58603559e-003 3.35550960e-003 0. 4.54622414e-003 7.56141799e-006
    3.29452771e-004 0. 0. 0. 0. 1.28922681e-003 2.11246530e-004
    2.01749010e-003 -1.19257849e-004 0. 0. 0. 1.68505427e-003 0.
    1.13801577e-003 0. -7.53477972e-004 0. 0. 0. 0. 1.09352637e-003
    2.51565780e-003 7.27054756e-003 7.78651796e-003 0. -1.43504981e-003
    4.31516115e-003 5.27503388e-003 1.02908248e-002 5.75346348e-004
    -6.89377892e-004 9.96808708e-003 0. 3.80407483e-003 0. 0. 0. 0. 0.
    8.63733795e-003 0. 0. 0. 0. -1.96950030e-004 0. 0. 7.87009019e-004
    0. 0. 0. 5.47127472e-003 0. 0. 0. 0. 0. 2.78379256e-003 0.
    2.08742009e-003 1.52372534e-003 0. 0. 3.54873482e-003 0. 0. 0. 0.
    5.62332198e-003 4.85854718e-004 8.62393435e-003 0. 3.00048996e-004
    0. 5.87667419e-005 -2.00633658e-003 0. 1.44108199e-003
    3.22653959e-003 2.51766620e-003 2.35721207e-004 0. 0.
    -1.04454011e-004 0. 2.80788681e-003 0. 0. 1.47934014e-004 0. 0.
    8.57741293e-003 0. 3.38340737e-003 1.65631827e-002 0. 0. 0. 0.
    1.19251905e-004 0. 4.30900790e-003 0. 4.28181142e-003
    -1.54589000e-003 0. -7.87635654e-005 0. 0. 5.01751667e-003 0.
    1.25584640e-002 2.42304103e-003 0. 0. -1.22954696e-003 0. 0. 0. 0.
    0. 6.31458475e-004 0. 0. 0. 0. -4.09981993e-004 0. 0. 0. 0. 0. 0. 0.
    0. 2.08539976e-004 2.55457824e-003 5.29594894e-004 0.
    3.24607664e-003 3.34440102e-003 0. 0. 0. 0. 0. 6.50169444e-004 0.
    8.50457523e-004 2.08943951e-004 3.37817986e-003 0. 0. 0. 0.
    9.20748571e-004 0. 0. 0. 4.72355960e-003 0. 0. 1.18950196e-003 0. 0.
    1.22074666e-003 0. 4.08581691e-004 0. 0. 0. 2.77364091e-003
    -1.38299656e-003 4.55378438e-004 0. 3.28596623e-004 0.
    6.22805965e-004 0. 2.15797732e-003 0. 0. 1.57798256e-003
    3.11855436e-003 0. 0. -9.53470648e-004 0. 0. 0. 0. 0. 0.
    -7.13651883e-004 0. 0. 0. 2.59733148e-004 5.15010627e-003
    1.70624536e-003 7.68832513e-004 0. 1.17415679e-003 2.81461654e-003
    0. 0. 9.92075889e-004 0. 0. 0. 0. 8.44105333e-003 0. 0. 0.
    -9.15811572e-004 1.57163758e-003 0. -2.81443441e-004 0.
    -1.69144725e-004 4.94960812e-004 0. -2.41522188e-003 0. 0.
    -1.43236178e-003 3.68142338e-003 2.45524710e-003 7.71108491e-004 0.
    3.18611477e-004 0. 1.10922626e-003 3.99281300e-004 0. 0. 0.
    2.56058294e-003 3.27407592e-003 0. 0. -1.82396581e-003
    -3.19235522e-004 0. -1.59482952e-004 0. 1.89465267e-004
    2.40762415e-003 0. 2.15500616e-003 0. 0. 0. 1.86471862e-003 0. 0. 0.
    0. 5.04653249e-003 0. 0. 0. 0. 3.81285994e-004 0. 0. 0. 0. 0. 0. 0.
    4.85371100e-003 0. 0. 4.32493864e-004 0. 5.91021089e-004 0. 0.
    1.19229231e-003 0. 0. 0. 0. 0. 6.28230767e-003 0. 0. 0.
    1.03491933e-004 -1.32233938e-004 7.66979204e-003 0. -1.53119140e-003
    1.31955283e-004 1.72142882e-003 0. 1.90576296e-002 7.91934226e-003
    0. 0. 0. 0. 0. 0. 0. 0. 0. 0. -2.35250616e-003 0. 0.
    -1.28527218e-003 5.43185603e-003 1.87660940e-003 0. -1.09537410e-004
    2.94739287e-003 8.68448056e-003 7.35843694e-003 -1.00804656e-003 0.
    0. 0. 1.55044848e-003 1.91939098e-003 5.72913233e-003
    -1.86911109e-003 0. 0. 4.67842631e-003 0. 1.88454971e-004 0.
    5.41739212e-003 0. 0. 0. 7.08438363e-003 0. -1.94350767e-004
    2.58137775e-003 0. 8.51654820e-003 0. -8.79286526e-005 0. 0. 0. 0.
    4.46044002e-003 0. 0. 1.11999607e-005 6.60424586e-003 0.
    3.68090952e-003 0. 0. 7.58273643e-004 0. 0. 1.79585954e-003 0.
    1.10417884e-003 0. 0. 0. -1.57234329e-003 0. 1.41401120e-004 0. 0.
    1.53765781e-003 0. 0. 2.86735524e-003 0. 0. 0. 0. 2.12851260e-003 0.
    -7.67117226e-003 -2.97431718e-004 0. 0. 0. -3.41745326e-004
    8.72095395e-003 1.13515591e-003 0. 0. 3.22231441e-003 0. 0. 0. 0.
    2.26378068e-003 0. 0. 3.22313583e-003 -4.44980396e-004
    3.60632222e-003 4.74222965e-004 0. 1.23421813e-003 0.
    8.17071763e-004 1.64960686e-003 0. 0. 0. 1.25907746e-003 0. 0.
    1.24049140e-003 0. 0. 5.10860118e-004 0. -8.20163346e-004 0. 0.
    -1.23908021e-003 0. 0. 2.37916596e-003 4.01929207e-003
    3.02371033e-003 1.49494270e-003 0. 0. 0. -1.80270174e-003 0.
    -1.22730294e-003 -2.81238055e-004 4.71626688e-003 7.13862805e-003
    5.67645160e-003 0. 3.78175959e-004 0. 0. 6.23363629e-003 0. 0. 0.
    4.03310842e-004 0. 3.15929973e-003 -3.84261184e-005 -4.88907564e-004
    -1.78699836e-003 0. 1.58113579e-003 8.52054160e-004 1.49834075e-003
    0. -8.10000492e-005 0. 7.12299021e-003 0. 1.43913878e-003 0. 0. 0.
    0. 2.22342159e-003 0. 0. 7.31338281e-003 2.74269638e-004 0. 0. 0. 0.
    1.15296214e-004 -6.24370470e-004 0. 0. 0. 0. 0. 4.81132558e-003
    1.20329962e-003 0. 0. 1.19597709e-003 8.97630677e-003
    -3.59780644e-003 0. 0. 5.78339165e-003 0. -1.42964569e-003
    2.23282352e-003 0. 0. 0. 4.54448200e-005 0. 0. 2.89511657e-003
    -3.98230460e-003 0. 0. 0. 3.05981259e-003 -7.18006864e-004 0. 0. 0.
    8.20541230e-004 0. 1.48136611e-003 0. 0. 0. 0. 0. 2.15456402e-003 0.
    2.35507218e-003 0. 0. 2.24392349e-003 0. -5.50970901e-004
    1.20030460e-003 8.07315111e-004 1.59704196e-003 0. 0.
    -2.64528301e-003 -1.11389621e-004 8.86320195e-004 4.97565186e-003
    -1.19498570e-003 1.54042884e-003 1.31689094e-003 1.43400079e-003 0.
    0. 0. 0. 0. 0. 1.04310934e-003 1.48658804e-003 0. 0. 3.77831561e-003
    4.93356551e-004 0. 1.75555644e-003 0. 1.22603308e-003
    1.93965249e-003 -1.08600350e-003 1.20641221e-003 3.99970124e-003 0.
    9.93514084e-004 0. 0. 3.02123232e-003 0. 8.83322093e-004 0. 0.
    9.94294230e-003 -1.99757447e-003 0. 0. 3.95980803e-003 0. 0.
    5.21660410e-003 6.62124541e-004 0. 3.64445173e-003 0. 0. 0.
    7.03706406e-004 4.68533952e-003 0. 4.83811367e-004 0. 0.
    3.05322907e-003 1.50207686e-003 2.74973386e-003 -4.45454323e-004 0.
    2.07001693e-003 2.05802964e-003 0. 0. 2.37128465e-003 0.
    8.00990558e-004 0. 3.53127602e-003 -2.02775351e-003 -3.38414917e-004
    0. 0. 0. 0. 0. 0. 0. 6.66191743e-004 0. 0. 0. 0. 0. 0.
    5.47800097e-004 1.46547016e-002 1.94446952e-003 3.11396155e-003 0.
    0. 4.38232441e-003 -1.69250590e-003 0. 0. 0. 1.43544674e-002 0.
    2.02409513e-002 1.27040956e-003 -2.93854158e-003 0. 0.
    9.24070016e-004 1.65038378e-004 8.35422135e-004 1.91862043e-003 0.
    0. 0. 0. 0. -8.78838706e-004 0. 0. 0. 0. 0. -7.59286573e-004 0.
    4.13841521e-003 0. -1.83430430e-003 2.11540982e-003 0. 0. 0. 0.
    4.79394803e-003 0. 0. 0. 0. 2.21311627e-003 0. 0. 0.
    -2.92186334e-004 1.83625589e-003 3.94525210e-004 1.38713547e-003
    4.53306874e-003 0. 0. 0. 0. 4.52931412e-003 0. 1.23379941e-004 0. 0.
    5.49610471e-003 -2.98771961e-003 0. 0. 0. 9.62796679e-004
    8.58559553e-003 0. 0. -1.35361006e-005 1.84019543e-002
    3.39300116e-003 2.72951508e-003 1.18363881e-003 2.71536235e-004 0.
    7.05606723e-003 2.10104627e-003 3.94725427e-003 8.01879354e-003 0.
    0. 0. 5.49987657e-003 1.28437392e-003 0. 0. 4.49444167e-004 0. 0.
    1.01955782e-004 0. 0. 9.02414788e-003 0. -1.12373719e-003
    4.69856197e-003 -3.43209453e-004 0. 3.68613098e-003 0. 0.
    1.06536748e-003 4.11723554e-003 0. 0. 5.54431870e-004 0.
    1.30212670e-002 2.00448892e-004 0. 0. -1.68334984e-004 0.
    -1.57924223e-005 0. 0. 0. 0. 0. 0. 2.10747030e-003 0.
    1.42565544e-003 0. 0. 4.08463366e-003 0. -1.60108058e-004 0.
    3.88193899e-003 -2.98147061e-004 1.39106545e-004 1.65273459e-003
    5.28543314e-005 1.88566511e-003 -6.16986072e-004 1.46619882e-003 0.
    -1.62692362e-004 0. 0. 0. 9.49957117e-004 1.02046516e-003 0.
