<?xml version="1.0"?>
<opencv_storage>
<imageDescriptor type_id="opencv-matrix">
  <rows>1</rows>
  <cols>1000</cols>
  <dt>f</dt>
  <data>
    0. 5.50537137e-004 0. 0. 0. 1.34923868e-003 9.84741142e-004
    2.40966049e-003 0. 1.37476297e-003 -3.16331885e-003 0.
    8.01745523e-003 5.84582286e-003 0. 4.09881631e-003 0. 0. 0.
    1.26330904e-003 0. 0. 0. 3.77934266e-005 8.58841959e-005
    -3.69913323e-004 6.81120495e-004 0. 0. 4.82540199e-004 0.
    7.20786455e-004 7.62001902e-004 0. 3.43226665e-003 -6.20479579e-004
    5.04066749e-003 0. 0. 0. 6.25995314e-003 3.22994636e-003 0. 0.
    4.98808105e-004 7.47245154e-004 7.11672055e-003 3.67414369e-003
    3.56994011e-003 0. 5.27944928e-003 4.26222291e-003 3.56506626e-003
    0. 0. 0. 1.81529584e-004 0. 6.37890724e-003 0. 2.51522957e-004
    4.17236332e-003 2.69391667e-003 2.41748546e-003 1.44722871e-003 0.
    0. 0. 9.63321049e-003 1.41779240e-003 0. 0. 5.64883323e-003
    2.68492871e-003 0. 4.87845304e-004 0. 0. -9.37508245e-004
    2.37723207e-003 0. 0. 1.04570854e-003 0. 0. -3.93452327e-004 0.
    5.74690988e-003 6.75581279e-004 3.44575010e-003 0. 0. 0.
    1.52092008e-003 0. 1.28858769e-003 -2.00634752e-003 2.97108688e-003
    0. 0. 0. 0. 0. 2.13454521e-004 2.13465816e-003 0. 0. 6.49966300e-004
    7.96362478e-003 0. 0. 9.20127262e-004 0. 0. 3.40161729e-003 0. 0. 0.
    0. 2.37052096e-003 3.67236510e-003 -1.23966986e-003 4.32678673e-004
    1.58331089e-003 0. 0. 0. 1.34713494e-003 0. 0. 0. 2.68344971e-004 0.
    5.63041889e-004 0. 0. 0. 5.08099701e-003 0. 0. -5.89939242e-004 0.
    -8.67637631e-004 7.89749669e-004 1.36135295e-002 0. -7.54819950e-004
    4.58083488e-003 -2.46918760e-004 0. 0. 4.26572951e-004
    -7.62098207e-005 0. 0. 1.01964944e-003 2.70580500e-003 0. 0. 0. 0.
    0. 1.07899708e-004 2.44471570e-003 4.78367880e-003 0.
    2.11106124e-003 0. 2.42786366e-004 0. 0. 0. 0. 0. 0. 0. 0. 0. 0. 0.
    4.37117694e-003 0. 0. 1.50450098e-003 4.14305087e-003 0.
    1.38065603e-003 5.55183087e-003 -1.08960237e-004 2.99036130e-003 0.
    0. 5.57524012e-003 2.01832922e-003 5.56701329e-003 0. 0. 0. 0.
    7.85242883e-004 5.20434417e-003 0. 0. 2.51636677e-003
    1.31152407e-003 0. 0. 0. -1.29493346e-004 0. 0. 0. 0.
    6.27637957e-004 0. 7.98607245e-003 5.36925020e-003 3.72485607e-003
    0. 1.30566955e-003 1.56433333e-003 3.09958123e-003 0. 0. 0. 0. 0.
    6.29341276e-003 -1.71100211e-004 1.52838684e-003 8.13519582e-003
    -2.80835753e-004 4.45474684e-003 0. 0. 0. 0. 0. 0. 0. 0.
    1.56397361e-003 0. 4.82933610e-005 0. -6.66094129e-004
    9.25380737e-003 6.54509105e-003 0. 5.26019372e-003 4.79589682e-004
    0. 9.12868697e-003 -8.50118638e-004 0. -5.06448443e-004 0.
    5.48687531e-004 0. -9.90239671e-004 1.44969404e-003 0. 0. 0.
    -1.84035845e-004 0. 0. 0. 0. -1.91562658e-003 0. -3.17764789e-005 0.
    0. -6.51894719e-004 -1.02119870e-003 4.52930399e-004 0. 0. 0. 0.
    5.84287909e-006 0. 7.45925121e-003 0. -2.12090579e-003
    1.02847267e-003 1.10033834e-004 4.93963889e-004 0. 2.70706997e-003
    0. 0. 0. 0. 0. 2.08821381e-004 0. 0. 0. 7.19811115e-003
    6.41379520e-005 0. 0. 0. 0. 3.76243435e-004 0. 0. 0. 0.
    3.20796552e-003 0. 0. 2.12182803e-003 1.08317449e-003 0. 0. 0. 0. 0.
    9.24405176e-003 0. 2.14519864e-003 0. 0. 0. 0. 0. -2.74729147e-003
    3.26425000e-003 0. 0. 2.21425742e-002 0. 0. 0. 0. 0. 0.
    -1.79604744e-003 0. 0. 0. -1.54027890e-003 2.04189587e-003 0.
    1.62449700e-003 0. 0. 0. 0. 9.20225307e-003 0. 0. 0. 2.66316487e-003
    0. 1.12805190e-003 0. 6.77460048e-004 0. 0. 8.42237752e-003
    3.16561246e-003 0. 0. 0. 7.56627182e-004 0. 0. 1.36169442e-003
    2.78779771e-003 6.09645911e-004 0. 0. 1.22768193e-004 0. 0.
    3.06044123e-004 0. 0. 0. 0. 0. 0. 0. 0. 0. 0. 0. 9.37550736e-004
    -3.88626097e-004 0. 0. 0. 0. 5.15200663e-005 0. 8.98475479e-003 0.
    0. 0. 0. 0. 0. 0. 0. 0. -7.13496236e-004 2.60498887e-003
    2.51752958e-002 0. 0. 1.27321517e-003 0. 1.53278303e-003
    -2.77242623e-003 0. 0. 0. 3.87613405e-003 4.96367086e-003 0.
    2.65937834e-003 5.76882996e-003 0. 3.74518381e-003 0. 0. 0. 0. 0.
    1.25800911e-003 4.66595031e-003 0. 9.01189283e-004 7.12484121e-004
    2.61268066e-003 2.27745576e-003 7.39426957e-003 9.87632200e-004 0.
    0. 5.15623204e-003 0. 0. 0. 0. 0. 5.34806866e-003 6.15850498e-004 0.
    1.61052204e-003 0. 0. 0. 0. 5.61443274e-004 0. 0. 5.75833546e-004 0.
    2.72118463e-003 0. 0. 0. 1.59079884e-003 0. 5.53243468e-003 0. 0. 0.
    5.48378984e-003 2.77090905e-004 0. 0. 0. 4.95509477e-003 0. 0. 0.
    -1.14156261e-004 0. 3.08024860e-003 0. 0. 0. 2.84235016e-003
    1.80113537e-003 1.88973814e-003 0. 0. 0. 0. -2.81058392e-003 0. 0.
    -1.23819365e-004 0. 0. 8.98887683e-003 0. -5.79182051e-005 0. 0. 0.
    0. -1.30779296e-003 0. 0. 5.90573810e-003 0. 0. 0. 0. 0. 0.
    -2.67257076e-003 4.57257405e-003 0. 1.97511096e-003 1.08208600e-003
    0. 0. 0. 0. 0. 0. 1.26287225e-003 5.49128791e-003 0. 0. 0. 0. 0.
    1.16231025e-003 0. 1.06262334e-003 1.31227188e-002 0. 0.
    1.20928593e-003 0. 1.70603616e-003 0. -5.72416757e-004 0.
    -6.89175958e-003 1.28076030e-002 5.24380524e-003 0. -6.10760704e-004
    0. 0. -7.51253567e-004 1.74111896e-003 2.43373937e-003 0. 0.
    6.55156618e-004 4.05820133e-003 0. 0. 9.41273384e-003 0. 0.
    4.02407348e-003 2.43577408e-004 3.85699165e-003 4.06232337e-003
    6.00411184e-003 -5.83903129e-005 0. 0. 0. 0. 0. -8.06577969e-004
    6.73632277e-003 0. 1.41286547e-003 0. 0. 1.72443164e-003
    8.46329611e-003 4.62857820e-003 0. 0. -2.70798890e-004 0.
    1.10974172e-002 -7.73886568e-005 0. 0. 1.73995004e-003
    1.47126510e-003 7.07900012e-003 -2.18691814e-004 -2.48151628e-004
    2.54767598e-004 0. 2.16112914e-003 0. 0. 0. 0. 0. 0. 0. 0. 0. 0.
    3.12006637e-003 0. 0. -1.29713750e-004 0. 0. 0. 0. 0.
    -1.22428185e-003 0. 0. 0. 0. 5.26326336e-003 0. 0. 0.
    1.87514501e-003 1.77344179e-003 0. 0. 5.11744246e-003 0.
    1.69968093e-003 0. 0. 0. 0. 0. 0. 0. 4.47752746e-003 0.
    7.47616030e-003 0. 0. 4.31335444e-004 0. 0. 8.37575365e-003 0. 0. 0.
    1.08527225e-002 0. 0. 0. 0. 4.09919722e-003 0. 6.04321947e-003 0. 0.
    0. 0. 0. 0. 0. 0. 0. 1.37204840e-003 -4.73222230e-004
    -2.04565324e-004 0. 0. 0. 0. 0. 2.94404896e-003 0. 1.17816322e-003
    5.04128169e-003 1.69066840e-003 0. 0. 0. 0. 0. 9.33244545e-003
    8.26481322e-004 0. 1.11891830e-003 1.99963851e-003 0.
    -1.75494538e-003 0. 4.86876117e-003 0. 2.19132053e-003
    2.51780124e-003 0. 0. 0. -3.71074886e-003 1.06516748e-003
    1.63930736e-003 -2.16182088e-003 0. -1.40338822e-003 0. 0. 0.
    4.51846223e-004 2.39603012e-003 -8.43764283e-004 0. 0.
    9.98855801e-004 0. 4.40252153e-003 0. 0. 0. 1.43385620e-003 0.
    2.87242234e-003 5.18050510e-004 1.14499256e-002 5.36507741e-003
    -1.54151872e-004 1.56226370e-003 -4.36623843e-004 0. 0. 0.
    2.87441653e-004 4.70580114e-003 0. 0. 0. 1.98111515e-002
    -2.20219209e-003 1.22738956e-002 0. 0. 6.05773937e-004 0. 0.
    1.98063394e-003 0. 1.40651618e-003 0. 0. 0. 0. 0. -1.06913515e-003
    0. 1.64161832e-003 0. 0. 0. 0. 0. 0. 0. 1.34282315e-003
    7.19648495e-004 0. 0. 0. 0. 0. 0. 0. 0. 0. 0. 0. 0. 0. 0. 0.
    3.75945983e-003 0. 0. 0. 0. 0. -8.57878069e-004 3.55561194e-003 0.
    3.20098712e-003 1.18454674e-003 0. 0. 2.02519353e-003 0. 0.
    -4.81056661e-004 0. 0. 0. 0. 0. 0. 1.08453119e-003 9.06324200e-003
    0. 0. 1.22215285e-003 0. 7.32175598e-004 0. 0. 0. 0. 0. 0.
    6.80208788e-004 0. 1.99211994e-003 0. 0. 3.44940764e-003 0.
    1.35247409e-002 -1.38649414e-003 0. 0. 4.49852290e-004 0.
    1.00927346e-003 0. 4.29629465e-004 0. 5.11843106e-003
    1.52771396e-003 0. 3.00189829e-003 0. 0. 0. 8.45677871e-003 0.
    3.61849717e-003 0. 4.97033773e-003 0. 0. 0. 1.37254747e-003 0. 0.
    2.93150079e-003 2.25373241e-003 2.19244254e-003 0. -1.60000374e-004
    0. 0. 6.09688601e-003 0. 0. 0. 0. 8.60007945e-004 -4.65698831e-004
    -8.65875278e-004 1.38180982e-003 0. 1.83414109e-003 0. 0.
    6.69645704e-003 0. 0. 0. -4.48620558e-004 0. 1.16633950e-004
