<?xml version="1.0"?>
<opencv_storage>
<imageDescriptor type_id="opencv-matrix">
  <rows>1</rows>
  <cols>1000</cols>
  <dt>f</dt>
  <data>
    0. 0. 1.21499004e-003 0. 0. 0. 1.00530940e-003 0. 0. 7.84305111e-003
    0. -1.04295753e-003 4.02104994e-003 2.17548315e-003 0.
    1.36862509e-003 0. 0. 1.56486558e-003 0. 8.07005505e-004
    1.16994395e-003 -4.65326989e-003 0. 2.43699207e-004 0. 0.
    8.76507023e-004 0. 0. 0. 0. 1.89626671e-003 2.62161077e-004 0. 0.
    1.22540472e-002 4.68917284e-003 0. 2.01789616e-003 0.
    1.62717910e-003 8.11517646e-004 5.23319282e-003 1.17477227e-003
    1.92566135e-003 2.49376358e-003 1.75959780e-003 0. 2.34982977e-003
    2.73184362e-003 0. 0. 0. 0. 6.88795373e-003 0. -2.72429944e-003 0.
    0. -1.33259245e-003 0. 0. 0. 0. 0. 0. 5.63874841e-004
    1.51264947e-003 2.52747588e-004 9.51668341e-003 8.51409059e-005 0.
    0. 7.21017306e-004 6.23998651e-003 0. 4.03270451e-003 0.
    2.03414839e-002 0. 0. 7.33290392e-004 0. 2.60357442e-003
    1.41502684e-003 -3.33593413e-003 2.28940789e-003 0. 0. 0.
    7.19613105e-004 1.96848041e-003 5.66680869e-003 0. 1.33444206e-003
    2.68974458e-003 0. 0. 0. 0. -1.39818946e-003 0. -1.37309486e-003
    -8.45888513e-004 1.48291700e-002 0. 0. 4.11142316e-003
    1.09581393e-003 7.88900652e-004 8.63140728e-003 8.01001093e-004
    -5.62573667e-004 0. 3.90218478e-003 -2.55515602e-006 7.91177910e-004
    9.03795823e-004 4.66139382e-003 0. 5.27160894e-003 0.
    6.14495017e-003 4.63282084e-003 -4.86375618e-004 0. 0. 0.
    4.09603126e-005 0. 0. 1.30357209e-003 -8.33840400e-004 0.
    -3.32097348e-004 0. 1.15720206e-003 1.14950491e-002 3.45347077e-003
    4.05838387e-003 0. -2.05884385e-003 -1.16437906e-003 0. 0.
    1.01755559e-003 0. 1.41725026e-003 0. 2.39181500e-005 0.
    1.89583772e-003 0. 1.95812387e-003 0. 0. 8.28407239e-003 0.
    5.55208279e-003 2.96624581e-004 0. 0. 0. 4.52558219e-004
    1.97818546e-004 0. 0. 0. 0. -3.39273480e-004 2.30465690e-003
    1.30328874e-004 3.77312163e-003 0. 0. 0. 0. -1.14357026e-004 0. 0.
    2.49814871e-003 -1.85158555e-004 0. 1.28996710e-003 -2.98288011e-004
    1.40632095e-003 8.29098281e-003 0. 0. 5.18632354e-003 0. 0. 0.
    -4.77421185e-004 2.23733182e-003 0. 5.65488869e-003 7.86756724e-003
    0. 3.21142212e-003 0. 0. 7.08384207e-004 0. 1.75209681e-003
    6.27726433e-004 0. -2.38492410e-003 8.73747747e-004 4.29443363e-003
    0. 0. 0. 1.84200564e-003 0. 0. 1.08106108e-002 2.04382767e-003
    1.20076013e-003 0. 0. 1.57510425e-004 0. 0. 0. -1.02442678e-003 0.
    0. 0. 0. 0. 1.56762090e-003 2.13932758e-003 5.80880139e-003 0.
    2.04146886e-003 0. 0. 1.04635907e-003 5.75246429e-003
    1.12691894e-003 3.02794646e-003 5.54663828e-004 0. 0.
    1.39488035e-003 0. 0. 0. 3.63757764e-003 2.43810029e-003 0.
    1.29142412e-004 0. 2.16768822e-003 1.59617339e-003 0. 0.
    5.30485576e-003 -1.34622538e-003 0. 0. 7.05708517e-004 0. 0. 0. 0.
    0. 0. 0. 0. 9.83514125e-004 2.76843994e-003 -1.10046193e-003 0. 0.
    1.01669086e-002 -4.21322230e-003 9.28347465e-004 0. 6.38303254e-003
    2.41266214e-003 0. 5.75087173e-003 1.63832086e-003 0.
    6.94443518e-003 1.30452297e-003 0. 0. 0. 1.25122129e-003 0. 0.
    1.64371182e-003 0. 0. 2.98052817e-003 0. 7.07761617e-004 0. 0. 0. 0.
    0. 1.56342238e-002 0. 5.11040504e-004 0. 0. 0. 0. 0. 9.31249699e-004
    0. 3.97385535e-004 6.96530240e-003 0. 0. 0. 5.17453626e-003
    8.67296383e-003 0. 8.26882664e-004 0. 0. 0. -1.49834296e-003
    2.55707535e-003 0. -6.70277223e-004 0. 6.52950606e-004
    3.43245600e-004 4.01868531e-003 0. 1.29316992e-003 1.50045066e-003
    0. 0. 5.84218511e-003 1.27488701e-003 0. 0. 0. 0. 0. 0.
    2.99433642e-003 0. 8.76725011e-004 6.05631713e-003 2.82975356e-003
    0. 0. 0. 1.13032653e-003 4.15985612e-003 1.64216338e-003
    9.88459960e-003 0. -8.30461620e-004 0. 2.56366655e-003 0. 0. 0.
    -1.35301952e-005 6.04286091e-004 0. 0. 0. 0. 2.37610191e-003
    8.09562393e-004 1.08473690e-003 0. -7.75421388e-004 0.
    -7.01654935e-004 -1.21027254e-003 0. 0. -1.85032681e-004 0. 0.
    4.81852051e-003 2.87985546e-003 0. 0. 5.12012467e-003 0. 0.
    1.98377972e-003 0. 6.59802789e-003 3.98727180e-003 1.77097216e-004
    0. 0. 1.99254742e-003 0. 1.13909564e-003 0. 1.56888703e-003 0. 0.
    1.23942946e-003 0. 9.07998066e-004 0. 1.36014330e-003 0. 0.
    1.71922508e-003 3.35543955e-005 0. 8.20933934e-003 0. 0.
    7.07398308e-003 0. 1.48322561e-003 5.07913809e-003 0. 0. 0. 0.
    3.28994560e-004 0. 0. 0. 0. -2.89797969e-003 1.56654231e-003
    4.23986511e-003 1.99876283e-003 5.34060637e-005 0. 4.48234379e-003
    2.65303970e-004 -3.03622015e-004 0. 0. 0. 0. 0. -1.91087180e-004 0.
    6.53502019e-003 0. 0. 0. 0. 0. 0. 0. 4.14334238e-003 4.10424406e-003
    0. 0. 0. 0. 0. 0. 0. 1.19681447e-003 1.74582109e-003 0. 0. 0. 0. 0.
    1.41619693e-003 -9.30194394e-004 8.35058512e-004 0. 1.79382809e-003
    3.04565229e-003 6.13587152e-004 7.44792342e-004 0. 0. 0.
    5.05321473e-003 0. 3.82672530e-003 7.23491190e-004 3.21275229e-003
    0. 0. 0. 1.70099980e-003 5.10310847e-003 -1.87225651e-003 0.
    6.03063032e-004 0. 0. 0. 0. 0. 1.93184463e-003 0. 0. 0. 0.
    4.77177819e-004 4.60426876e-004 0. 1.75657484e-003 0. 0. 0.
    1.24787795e-003 3.17390775e-004 0. 1.14541380e-002 0. 0.
    3.07040801e-003 0. 0. 0. 0. 0. 6.66935695e-004 0. 0. 1.91988505e-003
    0. 1.95851130e-003 0. 0. -9.64056293e-004 -1.76845340e-003
    2.21861666e-003 1.69471744e-003 -4.48338641e-003 -5.73208695e-003 0.
    2.19687447e-003 0. -8.80166772e-004 1.04557746e-003 0.
    6.77479710e-003 4.86418325e-003 0. 0. 0. 2.28388514e-003 0. 0.
    8.31231882e-004 1.91027357e-003 1.64550846e-003 1.23569369e-003 0.
    1.29811489e-003 0. 0. 1.47298153e-003 3.97545053e-003 0. 0. 0. 0.
    8.44001584e-003 0. 0. 2.05144868e-003 -1.43891480e-003 0.
    1.58824166e-003 0. 0. 3.49319912e-003 0. 0. 1.31079566e-003
    -8.01372458e-004 -1.98722482e-004 0. 0. 1.17486378e-003 0.
    4.40110499e-003 0. 1.18358550e-003 0. 0. 0. 0. 0. 0. 3.97483003e-004
    0. 0. -4.98011505e-005 0. 0. 0. 0. 1.27988786e-003 0. 0.
    4.77598369e-004 0. 4.43701912e-003 0. 1.30778467e-002 0. 0.
    4.80580796e-003 4.97980858e-004 0. 0. 0. 1.39036775e-002 0.
    1.18210714e-003 8.16259533e-003 1.41963514e-003 -6.98446238e-004
    1.13263456e-002 0. 0. -1.59806944e-003 0. 5.29266399e-005
    -1.98635715e-003 0. 3.82250175e-004 0. 0. 0. 0. 7.42218364e-003
    -1.55711616e-003 2.72326893e-003 -5.22408984e-004 -2.87061906e-004
    0. 0. 1.77593750e-003 0. 8.48261174e-003 2.78689899e-003 0. 0. 0. 0.
    0. 0. 0. 1.82374697e-002 0. 0. 2.18023034e-003 0. 0. 1.90084407e-004
    0. -5.65880851e-004 3.43134603e-003 0. 8.99744569e-004 0. 0. 0.
    3.49645736e-004 0. 0. 0. 0. 0. 0. 0. 2.40554241e-003 1.89894310e-003
    0. 5.32694301e-003 0. 6.69313595e-005 0. 0. 0. 0. 0. 0. 0. 0. 0. 0.
    0. 4.25463804e-004 0. 0. 0. 0. 0. 0. 0. 9.32478230e-004 0. 0. 0. 0.
    0. 0. 5.89200109e-003 0. 0. 0. 1.44657947e-003 0. 9.61091369e-003 0.
    0. 0. 0. 8.41271714e-004 6.92566624e-004 4.01425408e-004 0. 0. 0.
    -2.19599911e-004 0. 0. 0. 0. 5.92870079e-003 0. -1.95934641e-004
    1.19644287e-003 0. 0. 4.44717472e-003 1.07844509e-002 0.
    -5.52023528e-004 0. 2.77221482e-003 0. 0. 0. 0. 6.28666137e-004 0.
    0. 4.03233571e-003 0. 0. 1.90112856e-003 0. 0. 2.87152687e-003
    -5.15693449e-004 1.63969002e-003 0. -1.34224806e-003 5.16697648e-004
    1.25801400e-003 0. 0. 4.55244817e-003 1.87427504e-004 0.
    3.65850842e-003 6.96989195e-003 5.67350257e-003 0. 0.
    1.04490132e-003 6.51224691e-004 0. 5.09209093e-003 2.19882233e-003
    0. -9.82017140e-004 1.54278120e-002 -4.51919943e-004 0. 0.
    -2.77394167e-004 5.13406063e-004 0. -5.93118719e-004 2.06528208e-003
    0. 0. 0. 1.52997125e-003 0. 0. 0. 3.10567819e-004 1.86688895e-003 0.
    1.01900019e-003 3.38495849e-003 0. 0. 0. 4.70463943e-004
    2.23347405e-003 3.28991422e-003 7.28632440e-004 0. 3.19163990e-003
    0. 0. 0. 1.19511364e-003 0. 0. 1.78444490e-003 0. 0. 0. 0.
    4.40447545e-003 0. 2.22860859e-003 2.67282594e-004 0. 0.
