<?xml version="1.0"?>
<opencv_storage>
<imageDescriptor type_id="opencv-matrix">
  <rows>1</rows>
  <cols>1000</cols>
  <dt>f</dt>
  <data>
    0. 0. 9.57768003e-004 2.62068002e-003 0. 2.18568812e-003
    1.91951310e-003 -2.29634834e-003 0. 1.01685384e-002 0.
    4.15355107e-003 0. 0. 6.67820976e-004 0. -4.77280177e-004 0. 0.
    2.54960521e-003 -3.21968779e-004 0. 0. 0. 2.63679796e-003 0. 0.
    1.18889520e-003 6.30249595e-003 0. 2.64543202e-003 6.30632928e-003
    6.15946017e-004 0. 0. 1.62790134e-003 0. 0. 3.26926238e-004 0. 0. 0.
    0. 0. -7.74695945e-004 2.64671980e-004 0. 1.80283561e-003
    4.17081080e-003 0. 0. 0. 0. 0. 4.67044389e-004 -1.80309708e-003 0.
    1.94846245e-003 0. -2.11714301e-003 0. 1.04227168e-002
    3.28542810e-004 8.82282853e-003 0. 0. 0. 3.40900995e-004 0.
    3.91894393e-003 0. 0. 0. 5.67242689e-003 0. 0. 0. 0. 4.19310946e-003
    0. 0. 0. 1.96043053e-003 1.47620926e-003 1.11362687e-003 0. 0. 0.
    9.26866313e-004 0. 5.77555224e-003 0. 0. 1.56162924e-003
    -5.66858100e-004 0. -1.43601932e-003 1.45053782e-003 0. 0.
    7.67325703e-003 9.95125971e-004 1.96671300e-003 -1.23298017e-003 0.
    0. 0. 7.37727340e-003 0. 0. 3.02708871e-003 3.97464773e-003 0. 0. 0.
    0. 5.19618765e-003 0. 0. 0. 0. 8.64829984e-004 0. 0.
    -8.08487297e-004 -1.35710102e-003 -1.39233225e-003 0. 0.
    1.13201269e-003 0. 0. 0. 0. 0. 3.86662013e-003 -3.69806279e-004
    1.27487711e-003 0. 0. 0. 0. 4.61472897e-003 6.12326479e-003 0. 0. 0.
    4.15400136e-004 0. 0. 0. -3.41467746e-003 0. 0. 1.29866390e-003 0.
    1.28055981e-003 6.84202462e-003 1.81991793e-002 2.04808847e-003 0.
    0. -4.82275063e-004 0. 2.04691241e-004 1.47111365e-003 0. 0.
    -4.99870686e-004 0. 0. -1.26341823e-003 0. 0. 0. 0. 0. 0.
    -4.55501686e-005 1.90433420e-004 0. 7.61582167e-004 0.
    -6.51887618e-004 0. 0. -1.80239603e-003 2.74189585e-003 0. 0.
    4.35864553e-003 7.75527500e-004 -2.63659866e-003 -1.45595492e-004 0.
    0. 1.47167390e-004 -4.23642166e-004 0. 0. 8.42888933e-003 0.
    6.48586033e-003 4.41998651e-004 0. 0. 0. 0. 0. 0. 0. 6.66714739e-004
    1.77494308e-003 4.94123623e-003 8.24273750e-003 0. 0.
    -8.64864036e-004 0. 0. 1.48850854e-003 1.19167077e-003
    -6.00362080e-004 0. -1.01155652e-004 0. 0. 0. 0. 0. 0. 0. 0.
    4.59381519e-003 0. 0. 0. -5.11357852e-004 0. 0. 1.19742984e-003 0.
    0. 0. 0. 1.18438872e-002 9.53456212e-004 0. 0. 0. 0. 0.
    2.57588254e-004 7.11255195e-003 8.89117643e-003 0. -2.75976985e-004
    1.93387235e-003 0. -1.01427757e-003 -8.49938544e-004 6.05572015e-003
    3.89584922e-004 0. 0. 1.97144365e-003 1.52417360e-005 0. 0. 0. 0. 0.
    0. 1.42778317e-003 0. 0. 0. 0. -1.12362823e-003 0. -1.43374212e-003
    3.70200630e-003 4.26873984e-003 0. 0. -4.03309590e-004
    2.74136872e-003 0. 0. 1.86017295e-003 0. 6.72070496e-003
    1.65934034e-003 2.32212874e-003 0. 4.92941588e-003 1.16350362e-003
    0. 8.33990634e-004 1.72965112e-004 2.40097893e-003 2.33985437e-003
    0. 0. 3.93676385e-003 9.60019045e-003 -3.50557733e-004
    5.76768769e-003 2.82060448e-003 0. 0. 7.61434145e-004 0. 0.
    -1.31945184e-003 -2.18159039e-004 4.49401210e-004 0. 1.01298479e-004
    1.12942373e-003 0. 3.68511816e-003 0. 0. -1.37763668e-003 0. 0. 0.
    -1.79736956e-003 0. 0. 0. 0. 1.32347702e-003 0. 0. 0. 0.
    8.70913558e-004 8.12973187e-004 0. 1.67054823e-003 -1.49931037e-003
    1.80830958e-003 2.07210891e-002 0. 0. -9.21577681e-004 0. 0. 0.
    1.33789855e-003 0. 0. 1.00861359e-002 0. 0. 0. 0. 6.42446568e-004 0.
    0. 0. 0. 0. -1.03649865e-004 0. 1.74439442e-003 4.31907736e-003 0.
    0. 0. 1.67086441e-003 0. 0. 0. -4.17485397e-004 0. 3.64863081e-003
    0. 0. 0. 0. 0. 0. 0. -7.87444063e-004 -2.02263633e-004
    1.72057119e-003 0. 0. 0. 0. 0. 0. -7.59134011e-004 0.
    -1.64852210e-003 5.91823319e-003 0. 7.84741901e-003 0.
    1.65748550e-003 0. 0. 5.64403506e-003 0. 0. 0. 0. 0. 2.14500958e-003
    2.60961224e-005 -8.10734695e-004 9.70538054e-003 0. 5.10509126e-003
    0. 1.77722843e-003 1.24202843e-003 0. 0. 5.11677470e-003 0.
    1.70854069e-002 9.73433536e-003 0. 3.15518497e-004 0. 0.
    6.57034572e-004 0. 2.26567406e-003 2.04051868e-003 1.59746932e-003
    0. 1.69265270e-003 0. 7.49231456e-003 2.73238868e-003 0.
    1.43456389e-003 6.32140646e-003 0. 0. 7.23602297e-003
    5.42301452e-003 0. 0. 7.51661428e-004 1.87780533e-004 0.
    8.83330964e-003 2.21091998e-003 0. 0. 1.12223150e-002 0. 0. 0.
    1.14378439e-004 -8.65168811e-004 -3.63377127e-004 0. 5.57709252e-003
    4.95197950e-003 0. 0. 0. 1.68681552e-003 0. 1.51834523e-004 0. 0.
    2.30627920e-004 0. 0. 0. 4.25907969e-003 9.43432678e-004 0. 0. 0. 0.
    -5.19522117e-004 1.63396762e-005 7.68563198e-003 0. 0. 0.
    4.68183914e-003 6.50145719e-003 0. 0. 0. 0. 0. 4.50823893e-004 0.
    -4.80609160e-004 0. -4.71441657e-004 0. 0. 0. 0. 0. 0. 0. 0. 0.
    6.84732618e-003 1.38579903e-003 0. 0. 0. 8.03170353e-003
    6.29969686e-003 6.34238590e-003 1.81025919e-003 1.16607826e-003
    -1.18726096e-003 0. 0. 0. 0. 0. 0. -6.59247278e-004 0.
    6.79075532e-003 0. 0. 0. 0. 0. 4.46186680e-003 0. 0. 7.18898955e-005
    0. 5.77184232e-003 1.39055739e-003 0. -3.37894144e-003 0. 0. 0. 0.
    0. 0. 8.00683908e-003 0. 0. 0. 0. 0. 0. 0. 1.26664492e-003
    -2.12645638e-004 0. 0. 0. 0. 0. 0. 0. 0. 0. 0. 0. 0. 0. 0. 0. 0. 0.
    5.64376172e-003 4.71910415e-003 0. 0. 1.03460369e-003
    1.62257487e-003 0. 0. 0. 0. 3.86767701e-004 0. 0. 0. 0. 0. 0. 0. 0.
    0. 0. 0. 0. 5.90947177e-003 7.45126931e-003 0. 0. 4.44724830e-003 0.
    0. 2.68662674e-003 4.24607610e-003 0. 1.34447927e-003
    -1.09792722e-003 0. 7.68007990e-003 0. -8.31541780e-004
    -2.33531627e-003 1.42909586e-003 0. 2.51784106e-003 0. 0. 0. 0. 0.
    0. 0. 0. 0. 0. 1.06414827e-002 0. 0. 0. 0. 0. 0. 8.07470176e-003 0.
    0. 0. 0. 1.74619257e-003 9.32897814e-003 0. 0. 0. 5.56898490e-003
    1.19716604e-003 2.51773652e-003 0. 0. 0. 0. -1.03807938e-003 0.
    2.92177574e-004 8.06928892e-003 0. 4.60553821e-003 2.21903436e-003
    0. 0. -1.11393095e-003 4.85316804e-003 -1.14681432e-003 0. 0. 0. 0.
    0. -5.73011406e-004 0. 1.68766666e-004 8.39238428e-003 0. 0.
    6.14381675e-003 1.90934807e-004 9.37305484e-003 0. 5.26296813e-003
    0. 0. 0. 1.80166331e-004 0. 0. 0. 4.78079164e-004 0. 0. 0.
    7.58927927e-005 0. 0. 2.70950049e-003 1.33118173e-003
    7.63064064e-003 0. -8.52014229e-004 1.77816593e-003 7.34380865e-003
    -5.09431819e-003 3.30487033e-003 0. 1.72377762e-003 1.75500626e-003
    0. 0. 0. 0. 4.01947554e-003 0. 0. 0. 1.50647582e-004 0. 0. 0.
    8.54230078e-004 7.85251381e-004 2.37434660e-003 -7.42278411e-004
    7.99777638e-003 1.74420816e-003 1.38937181e-003 0. 3.52893630e-003
    1.61115942e-003 -9.47668974e-004 0. 0. 0. 0. 4.61441465e-004 0. 0.
    0. 2.57662643e-004 0. 1.98072661e-003 7.13924412e-003 0.
    8.32293532e-004 0. 5.16287517e-003 1.12941343e-004 7.91482534e-003
    -1.29803934e-003 0. 0. -3.49003793e-004 2.30582501e-003 0.
    8.83504632e-004 0. 5.53074665e-003 0. 0. 0. 9.09270544e-004 0. 0.
    2.77907093e-004 1.14884497e-004 0. 0. 5.96907502e-003 0.
    -3.61474697e-004 1.74610497e-004 -1.13249465e-003 0. 7.80150120e-004
    8.05459544e-003 5.22526971e-004 0. 0. 0. 0. 0. 0. 0.
    -2.68418633e-004 1.26666529e-003 0. -1.16798212e-004 0. 0.
    1.25865126e-003 0. 1.92910270e-003 0. 0. 0. 0. 0. -2.09172280e-003
    2.16104439e-003 6.98676100e-003 -2.81381770e-003 0. 0. 0. 0. 0.
    1.26140052e-002 2.64269393e-003 0. 0. 0. 2.69426708e-003
    7.96522014e-003 3.84039269e-003 0. 0. 0. -9.20955441e-004
    -1.21094787e-003 0. 0. 6.43854495e-003 0. 0. 0. 0. 1.06336279e-002
    -1.11095328e-003 -4.66603291e-004 0. 5.76695660e-004 0. 0. 0.
    4.96533792e-003 6.47787936e-003 0. 1.01867011e-002 0. 0.
    -2.17328873e-003 -4.18724772e-003 0. 0. 1.27556650e-002
    5.33688464e-004 0. -5.26628108e-004 2.57441169e-003 -1.09653272e-004
    0. 0. 0. 0. 0. 2.11437652e-003 0. 3.11473384e-003 0. 0.
    6.28087379e-004 -3.95522104e-004 1.19648597e-004 7.03468046e-004 0.
