<?xml version="1.0"?>
<opencv_storage>
<imageDescriptor type_id="opencv-matrix">
  <rows>1</rows>
  <cols>1000</cols>
  <dt>f</dt>
  <data>
    9.33726435e-004 0. 1.44805608e-003 5.51955542e-003 0.
    1.17675355e-003 0. 0. 3.87277687e-003 2.53251637e-003
    -1.42477802e-004 1.08568452e-003 -2.35632551e-003 2.14709179e-003 0.
    0. 0. 4.42638481e-003 9.67824890e-004 2.53628194e-003
    2.71830335e-003 0. 0. 0. 0. 2.23468221e-003 0. 0. 0. 0. 0.
    9.53863282e-003 0. 0. 0. 9.88378539e-004 2.85596238e-004
    3.25983646e-003 1.54639676e-003 4.33212525e-004 -2.66227071e-005
    1.59840717e-003 0. -6.02473563e-004 1.01716550e-005 1.25892786e-003
    0. 3.62094166e-003 1.20729292e-002 0. 2.93542794e-003
    5.21026377e-004 1.75148156e-003 5.62754518e-004 0. 5.27912239e-003
    0. 0. 0. -8.50608048e-005 0. 0. 6.66225655e-003 -4.31564124e-003
    1.08401780e-003 0. 6.30401261e-003 7.57317175e-004 0.
    6.81843958e-004 0. 0. 1.79478934e-003 0. 6.39197370e-003
    1.46167426e-004 0. 0. 0. 5.19586587e-003 1.54927291e-003 0.
    2.84650736e-003 -1.17553736e-003 2.30257190e-003 1.04892589e-002 0.
    8.61554057e-004 0. -3.02102999e-003 1.01224508e-003 0.
    7.11796922e-004 0. 5.59089286e-003 -3.62022431e-004 6.44625165e-004
    -4.04949416e-004 1.69380137e-003 6.02515927e-003 0. 1.15702720e-003
    0. 0. 0. -5.15727268e-004 1.14586600e-003 0. 0. 0. 3.54264677e-003
    0. 1.53924129e-003 3.15302447e-003 0. 7.11178407e-004 0. 0.
    2.46205903e-003 0. 2.02417700e-003 0. 1.08381864e-002 0.
    4.03013837e-005 -1.65166537e-004 6.31261137e-005 0. 0.
    4.22170432e-003 1.04312261e-003 0. 3.01078614e-003 4.46000369e-003
    0. 0. 0. 2.52191885e-003 0. 2.37375428e-003 0. 0. 0. 0.
    1.01520983e-003 3.00554355e-004 0. 0. 0. 0. 0. 0. 9.92445741e-004 0.
    8.31000786e-003 -5.27034217e-006 2.19136523e-003 0. 0.
    -3.50493996e-004 0. 6.18217979e-004 0. 1.12903118e-003
    1.56681193e-003 9.53279668e-004 0. 1.62972161e-003 0.
    3.80135863e-003 0. 9.22387349e-004 3.98422882e-004 4.26804833e-003
    8.62145144e-003 0. 1.54900760e-003 0. 0. 4.11484361e-004 0. 0.
    1.45573029e-003 2.50704307e-003 3.69827583e-004 1.20663515e-003
    -9.72625508e-004 0. 0. 0. -1.72649627e-003 1.87136568e-002
    3.69167095e-003 1.22481491e-002 0. 0. 0. 0. 1.11150544e-003
    1.51291885e-003 0. 3.52201780e-004 9.50944668e-004 0. 0. 0. 0. 0.
    1.20418758e-006 1.86059834e-003 0. -1.14518753e-003 0.
    2.62300426e-004 2.24276539e-003 5.60730509e-003 3.49524198e-003
    -3.30541661e-004 0. 3.61318060e-004 0. 0. 1.70544069e-003 0.
    2.74056173e-003 0. 1.47744897e-003 0. 0. 0. 0. 0. 0. 6.09162450e-003
    0. 0. 3.70813417e-004 0. 1.22280819e-002 0. 0. 0. 8.27307813e-003 0.
    0. 1.32250385e-002 3.45731433e-003 -1.81458436e-003 5.38594043e-003
    2.32234434e-003 0. 0. 6.01272378e-003 9.44738626e-004 0. 0.
    3.76522681e-003 0. 0. 7.62547832e-003 3.64479399e-003 0. 0.
    1.89971039e-003 4.96997684e-003 1.64906168e-003 0. 0.
    4.58942680e-003 0. 2.95334379e-004 0. 0. 0. 4.60041862e-004 0. 0.
    2.75983562e-004 3.67301574e-004 0. 0. 0. 0. 0. 0. 0. 0.
    -3.50891054e-003 3.68076302e-002 8.50470795e-004 1.69311767e-004 0.
    0. 1.67546549e-003 3.59369721e-003 -1.83876045e-003 -2.36043619e-004
    0. 1.14180446e-002 0. 0. 0. 1.79449935e-003 0. 0. -6.64549647e-004
    0. 3.51116178e-003 0. 1.89146586e-003 0. 5.01164095e-003
    2.32719071e-003 0. 0. 0. 7.49181909e-003 1.44901522e-003 0. 0.
    5.03608666e-004 0. 0. 1.03230099e-003 0. 4.46224259e-003
    -9.20386155e-005 0. 0. 0. 3.28643044e-004 1.78680406e-003 0. 0.
    3.33326752e-003 0. 0. 1.97086781e-002 -2.44135223e-003
    7.06794264e-004 0. 0. 0. 0. 0. 0. -9.98785486e-004 1.06208597e-003
    0. 6.54749572e-004 4.66179242e-003 0. 7.74408618e-005
    1.67427131e-003 4.27030231e-004 -9.34077019e-004 1.06531009e-003 0.
    -7.23262434e-004 0. 0. -5.98320155e-004 1.89266982e-003 0.
    -2.06720829e-003 0. 0. 0. 0. 5.47664007e-003 0. 0. 1.78570393e-003
    3.89195106e-004 0. 1.38280047e-002 0. 0. 0. 0. 0. 0. 0. 0.
    1.10351504e-003 0. 0. 1.16368142e-006 0. 0. 0. 0. 9.45505104e-004 0.
    5.79187290e-005 0. 0. 0. 1.89607346e-003 1.71901425e-003 0.
    -1.09574248e-004 0. 0. 2.58403411e-003 8.08729324e-004 0. 0.
    6.76353462e-004 1.63562165e-003 0. 9.41186270e-004 0.
    4.66428790e-003 0. 0. 1.17513034e-002 0. 0. 1.87999699e-002
    1.34878913e-002 0. 0. 0. 0. 1.85176055e-003 1.10269182e-004 0. 0. 0.
    0. 0. 0. 0. 0. 2.94479169e-003 -6.16754231e-004 0. 0. 0.
    1.55039356e-006 0. -3.16608988e-004 0. 0. 0. 2.07545515e-003 0.
    3.07250628e-003 0. 0. 0. 0. 9.90362652e-003 4.67074133e-004 0.
    -1.37364434e-004 1.18010922e-003 0. 0. -4.90398554e-004
    1.54023583e-004 0. 0. 0. 0. -9.05626512e-005 4.16961778e-003 0. 0.
    -2.41950294e-003 0. 0. 0. 0. 0. 4.63865756e-004 -5.61489898e-004
    2.76175491e-003 0. 0. 0. -1.16577686e-003 -2.19624737e-004
    1.22309092e-003 0. 0. 0. 0. 0. -5.78130770e-004 6.19273540e-003 0.
    6.45531181e-005 0. 0. 0. 0. 4.81484341e-004 0. 0. 0. 6.07619178e-004
    0. 1.11904962e-003 0. 0. 0. 0. 7.76523841e-004 5.79784950e-003 0.
    7.61642645e-004 0. 0. 0. -1.23844249e-004 0. 0. 0. 1.13052491e-003
    0. 0. 1.25481654e-003 0. 1.44575664e-003 4.45187185e-003 0. 0. 0.
    1.45503646e-003 0. 1.03753374e-003 1.55181944e-004 -4.27515857e-004
    0. -9.93213500e-004 0. 0. -7.57506277e-005 2.56328634e-003 0.
    5.21651888e-003 -2.84944945e-005 2.69702729e-003 -6.42324332e-004 0.
    0. 0. 4.51044267e-004 0. 0. 1.27705338e-003 1.80168613e-003
    1.00626203e-004 0. 0. 0. 0. 0. 1.42539956e-003 0. 6.29371968e-008 0.
    0. 0. 1.54187175e-004 1.67285127e-003 0. 0. 0. -1.51829605e-004
    1.04525259e-006 4.94815176e-004 6.27151877e-003 6.55713538e-003
    3.39142171e-005 0. 0. -6.87798252e-004 0. 0. 0. 2.17696070e-003 0.
    0. 2.10151495e-003 0. 0. 0. 0. 2.20815949e-002 0. 0. 0.
    3.88511992e-003 1.07161177e-003 0. 6.68767467e-003 1.16316492e-004
    1.52131997e-006 0. 4.20281338e-003 1.33870763e-003 1.17767008e-003
    0. 0. 6.20071124e-003 8.37563479e-004 0. 0. 0. 1.46616460e-003 0.
    1.75833353e-003 0. 0. 0. 0. 4.23821009e-004 0. -5.35652507e-004 0.
    0. 0. 0. 0. 1.10073911e-003 0. 1.07205438e-003 0. 0. 9.64862629e-005
    0. 0. 0. 0. 6.38834247e-003 0. -1.85353367e-003 7.51366001e-003 0.
    0. 4.98469081e-003 0. 0. 0. 0. 0. 2.81838496e-004 0. 5.19054476e-003
    1.46252557e-003 0. 3.53955594e-003 0. 2.40049092e-004 0.
    6.55037002e-004 0. 7.18136900e-004 0. 0. 0. 0. 0. 0. 0. 0. 0.
    1.71448966e-003 1.23592571e-003 2.93685286e-003 0. 0. 0.
    2.85130367e-003 0. 7.65655376e-003 7.39061623e-004 0. 0.
    1.22804369e-003 0. 9.26673238e-004 1.60177657e-003 -5.60947810e-004
    -1.85990136e-003 0. 4.33925052e-005 0. 0. 0. 0. 0. 1.40829943e-003
    0. 0. 0. 4.70818579e-003 0. 0. 0. 0. 0. 0. 4.76684282e-003 0. 0.
    1.62562274e-003 0. 0. 0. 0. 0. 0. 0. 7.94591673e-004 0. 0.
    -1.05833041e-003 0. 0. 1.42001838e-003 0. 1.44058524e-003 0.
    -1.61103981e-005 -9.23843996e-004 0. 6.74453913e-004
    -6.02566637e-004 0. 0. 1.45537325e-003 -1.36931846e-003 0. 0.
    1.77285518e-003 0. 1.37427845e-003 0. 1.29455805e-003
    -3.76494718e-005 0. -1.33745803e-003 0. 1.31531646e-002
    1.54445850e-004 0. 1.30355442e-002 -3.75020364e-003 0. 0. 0. 0. 0.
    0. 1.49131203e-002 1.17989387e-002 0. 9.72376089e-004 0.
    -3.82927159e-004 0. 0. 0. 6.91181864e-004 0. 0. 0. 0. 0. 0.
    3.03929875e-004 0. 0. 1.97310792e-003 0. 0. 0. 1.40309508e-003 0.
    8.45630770e-004 0. 1.32753728e-002 0. 0. -2.21041893e-003 0. 0.
    3.44177498e-003 6.82290643e-004 1.84608449e-003 0. 0. 0. 0. 0.
    1.77397113e-003 5.11501636e-003 6.30079024e-003 0. 0. 0.
    1.83108868e-003 0. 0. 5.04295691e-004 0. -3.10300128e-003 0. 0. 0.
    0. 0. -3.58077610e-004 1.91045168e-004 1.58963827e-004
    1.69652738e-002 1.06723502e-003 0. 0. 0. 1.96971297e-002 0. 0. 0. 0.
    0. 2.69766408e-003 6.08442631e-003 -9.12651522e-005 2.89324089e-003
    1.27569183e-006 3.87443491e-004 0. 4.89397114e-003 0. 0. 0.
