<?xml version="1.0"?>
<opencv_storage>
<imageDescriptor type_id="opencv-matrix">
  <rows>1</rows>
  <cols>1000</cols>
  <dt>f</dt>
  <data>
    0. 0. 0. 0. 6.65009080e-004 0. 0. 6.93062088e-004 0. 5.55939623e-004
    0. 0. 3.29083676e-004 0. 3.58975842e-003 0. 0. 0. 0. 0.
    3.96670168e-003 1.97010188e-004 8.26033123e-004 0. 0. 0.
    3.18464497e-003 0. -3.15231184e-004 1.97821576e-003 0.
    9.25978553e-003 0. 1.05751613e-002 1.79571542e-003 0. 0. 0.
    1.52352336e-003 2.74312217e-003 -1.56427827e-003 0. 0. 0. 0. 0. 0.
    1.39997085e-003 2.07727123e-003 9.00236948e-004 0. 3.83576169e-003
    0. 1.86220987e-003 -7.79148715e-004 0. 0. 0. 0. 2.37293518e-003 0.
    0. -1.04737363e-003 2.05099466e-003 0. 6.15913607e-003 0. 0.
    1.16295996e-003 0. 7.15078262e-004 0. 0. 2.64810817e-003 0.
    -4.05528321e-004 0. 3.07167135e-003 0. 7.28343381e-004
    2.19457643e-003 0. 0. 1.16562436e-003 0. 0. 0. 0. 2.26158532e-003
    5.37207932e-004 0. 0. 0. 0. -6.46037515e-005 0. 9.60059522e-004
    2.03729607e-003 2.13975064e-003 8.86174385e-004 0. 0. 0. 0. 0.
    -1.21263867e-004 1.88714254e-003 2.97057838e-003 0. 2.36675330e-003
    4.37039649e-003 0. 0. 0. 0. 4.41885408e-004 -1.30120351e-003 0. 0.
    0. 6.81357516e-004 1.00555429e-002 1.20969443e-003 0. 0. 0. 0. 0.
    7.98872206e-003 0. 8.09466746e-003 0. 4.38047759e-003 0. 0.
    1.99375534e-003 5.45743527e-003 -7.70332175e-004 2.19693407e-003
    4.46136808e-003 7.38493213e-003 0. 0. 9.58028133e-004
    -7.15392758e-004 0. 0. -3.67836183e-004 4.31462191e-003
    2.36936868e-003 3.99687979e-003 -3.38336732e-003 1.60193990e-003 0.
    5.38681867e-003 0. 2.78742146e-003 0. 0. 1.87968952e-004
    -2.39905785e-003 2.36446853e-003 1.03477277e-002 2.56287493e-003
    1.30511262e-003 0. 6.16163714e-003 0. 4.13097767e-003
    6.11338485e-003 0. 0. 0. 0. 0. 5.72817586e-003 0. 8.29518121e-003
    1.65039266e-003 1.01505115e-003 0. 0. 0. 0. 0. 5.14363823e-003 0.
    5.06171351e-003 3.87101341e-003 0. 0. 0. 0. 5.54648577e-005 0. 0.
    -2.39022356e-003 0. 3.26811429e-003 0. 0. 0. 0. 0. 0. 0.
    7.06814637e-004 0. 0. 0. -7.16200215e-004 6.10801764e-003
    2.45193904e-003 0. 9.29282571e-004 2.11111549e-003 0.
    2.10461440e-003 0. 1.23570627e-003 3.59599874e-003 0. 0.
    2.66671181e-003 0. 2.63295881e-003 0. 1.82151201e-003 0.
    -3.86916567e-003 1.19317379e-002 0. 0. 6.19411236e-003 0. 0. 0.
    8.17375898e-004 0. 7.66120560e-004 2.44280230e-003 1.13018812e-003
    0. 3.25344852e-003 -3.38256759e-005 0. 0. 0. 0. 6.18702034e-004
    1.25757570e-003 0. 0. 0. 2.23384751e-003 0. 0. 0. 6.47955434e-003 0.
    5.96128404e-004 0. 1.68503087e-003 2.27380940e-003 1.25794410e-004
    2.68098991e-003 0. 1.18012482e-003 1.34586415e-003 0.
    -2.05335114e-003 1.65638933e-003 0. 0. 0. 0. -1.11683970e-003
    -1.60831481e-003 0. 0. 1.93385372e-003 4.89591341e-003 0. 0. 0.
    -1.78100134e-003 0. 0. 0. 0. 4.07218747e-003 0. -2.00389404e-004 0.
    0. 2.24226760e-003 0. 0. 0. 0. 3.75327328e-003 3.82107776e-003 0. 0.
    4.97748097e-003 0. 0. 0. 0. 0. 0. -8.35618237e-004 0. 0. 0. 0. 0. 0.
    4.71063983e-003 0. 6.31970214e-003 1.98141392e-002 0. 0. 0.
    1.66187447e-003 0. 0. -1.52308575e-003 0. 1.54017948e-003 0.
    1.88876432e-003 -3.41582508e-003 2.33004591e-003 0. 0.
    1.15629274e-003 0. 6.20488124e-003 3.02816322e-003 0. 0.
    3.79751064e-003 -1.08413326e-004 0. 1.99275208e-003 3.55171924e-003
    0. 0. 0. 3.29700927e-003 0. 0. 0. 0. 1.27557537e-003 1.03396643e-003
    0. 0. 1.75578007e-003 0. 0. 5.40750287e-003 -8.02019378e-004
    1.20839139e-003 1.37099321e-003 0. 0. 0. 2.11256513e-004
    1.85818423e-003 4.21874039e-003 8.20601650e-004 2.90600117e-003 0.
    3.66254221e-003 0. 1.11283585e-002 0. 0. 0. 0. 1.07685535e-003 0. 0.
    2.34465158e-004 8.99442297e-004 4.00397182e-003 6.51335437e-003 0.
    2.90027616e-004 1.48488733e-003 6.73786411e-003 0. 4.13622428e-003
    0. 7.22386059e-004 0. 0. 0. 0. 1.83681259e-003 0. 0. 0. 0. 0. 0.
    6.54839957e-003 0. -1.21746771e-002 0. 0. 0. 1.69629545e-003
    4.30846913e-003 0. 0. 0. 0. 2.36348459e-003 0. 5.68818627e-003
    5.07873390e-003 1.10014668e-003 0. 0. 0. 0. -3.61632323e-004 0.
    1.91966374e-003 0. 0. 0. 0. 0. -3.66885355e-003 0. 0.
    9.30995622e-004 -2.34096573e-004 2.53621815e-003 -1.77327602e-003 0.
    0. 0. 0. 1.50122889e-003 0. 6.22402411e-003 0. 0. 0. 0. 0. 0. 0.
    4.39957995e-003 0. 2.58528604e-003 5.70763974e-003 0.
    2.80780951e-003 0. 0. 0. 0. 9.03350065e-006 0. 0. 0. 0. 0.
    3.09637653e-005 0. 0. 0. 1.16090511e-003 0. 0. 0. 0. 2.29766686e-003
    1.76444839e-004 0. 4.11737990e-003 0. 5.31405257e-003 0.
    1.62723626e-003 0. 0. 4.99168597e-003 4.71306220e-003 0. 0.
    -2.23240000e-004 0. 3.12954164e-003 1.24224566e-003 0. 0. 0. 0.
    2.83581298e-003 0. 1.23315323e-002 0. 2.41599558e-003
    5.73041267e-004 6.11018203e-003 0. 0. 1.07402271e-002
    1.70480169e-003 0. 0. 0. -2.10704911e-003 0. -1.36986957e-003 0.
    5.83936926e-004 1.21077057e-003 1.19334431e-002 2.10715458e-003 0.
    5.01840783e-004 0. 0. 0. 3.02364817e-003 -1.86932957e-004 0.
    9.08300001e-003 0. 0. 0. 1.03343988e-003 1.72189903e-003 0. 0. 0.
    1.57341023e-003 7.88160600e-004 1.31528592e-003 0. 3.18504241e-003
    2.10548863e-002 0. 0. -3.05046816e-003 0. 0. 6.33919990e-005
    -2.80133588e-003 6.33616792e-003 0. 0. 3.00851790e-003 0.
    1.07126287e-003 1.25837734e-003 0. 0. 3.44471284e-003 0. 0. 0.
    3.92428087e-003 7.74296373e-003 0. 0. 0. 0. 4.42571193e-003
    1.29085279e-003 5.25012380e-003 2.04951526e-003 1.16963114e-003
    5.05450461e-003 0. 1.04400492e-003 0. 6.68822322e-003 0.
    1.41793326e-003 0. 0. 0. 0. 0. 1.20014860e-003 4.17446578e-003 0. 0.
    0. 0. 8.11561840e-005 0. 2.08084309e-003 0. 0. -1.43866276e-003 0.
    7.72035122e-003 0. 0. -1.40473759e-003 0. 0. 4.25322105e-006
    2.67882599e-003 0. 0. 0. 0. 0. 0. 0. 0. 0. 1.58037210e-003 0. 0.
    2.11871904e-003 0. 1.05334921e-002 0. 0. 0. 0. 2.44914833e-003
    1.02304912e-003 -1.15667749e-003 0. 1.87411113e-003 0.
    3.87933268e-003 0. 2.20821099e-003 0. 0. 0. -5.46359690e-004 0.
    -7.85494572e-004 -9.91509645e-004 0. 3.06141470e-003 0.
    5.62589848e-003 1.57867337e-003 1.66757638e-003 0. 4.98232723e-004
    0. 2.50877230e-003 1.36401359e-004 0. 0. 0. 0. 0. 1.69911550e-003
    6.22442341e-004 0. 3.12146801e-003 2.64920224e-003 0. 0. 0. 0. 0.
    6.73159305e-003 0. 0. 0. 0. 0. 7.45367119e-003 0. -5.78840787e-004
    0. 0. 1.32567668e-003 0. 0. 7.51316966e-003 7.10267690e-004 0. 0. 0.
    1.29439111e-003 3.76359280e-003 1.56278652e-003 7.79338123e-004 0.
    1.72359508e-003 0. 4.79968614e-004 0. 2.82564643e-003 0.
    1.13330549e-003 0. 0. 0. 2.47547892e-003 0. 2.75339792e-003
    4.95968852e-003 0. 0. 0. 0. 0. 7.13546295e-003 9.96080460e-004
    -1.38875586e-003 0. 0. 0. 0. 0. 2.32699886e-003 2.21066433e-003 0.
    3.84210213e-003 0. 5.13055269e-003 3.00642801e-003 0. 0.
    6.73099887e-004 0. 0. 3.21348105e-003 -2.37485176e-004
    -6.17977232e-004 1.58086233e-003 0. 3.50421132e-003 -1.25619897e-003
    0. 4.30827355e-003 0. 9.25036031e-004 0. 0. 1.58811326e-003
    4.43618512e-003 -1.05314865e-003 1.21836551e-002 0. 0.
    2.31785257e-003 0. 0. -9.77472402e-004 0. 0. 0. 0. 1.65664393e-003
    0. 0. 1.99732580e-003 0. 0. 6.24148874e-003 0. 0. 2.07811315e-003 0.
    0. 2.30990048e-003 2.87469965e-003 5.01288846e-003 0.
    3.30913626e-003 0. 0. 0. 2.69339466e-003 0. 2.73752306e-003 0. 0. 0.
    0. 0. 0. 4.11554985e-003 0. 2.49553379e-003 1.92247808e-003
    6.60350663e-004 0. 1.58116582e-003 0. 4.25306940e-003 0. 0.
    2.48865131e-003 0. 0. 0. 0. 5.84057008e-004 3.11850337e-004
    1.90952909e-003 3.01677338e-003 -1.29152220e-004 4.57349000e-003 0.
    0. 2.91129388e-003 0. 0. 0. 0. 1.22732052e-003 0. 0. 0. 0.
    2.96825869e-003 3.04287882e-003 0. 2.06047343e-003 0. 0.
    1.84527924e-003 4.61331150e-003 0. 0. 0. 0. 0. -1.27925270e-003 0.
    0. 2.17261049e-003 0. 0. 7.10489112e-004 0. 0. 0. 4.19219350e-003
    4.12844215e-003 0. 9.89113236e-004 0. -1.48942228e-003 0.
