<?xml version="1.0"?>
<opencv_storage>
<imageDescriptor type_id="opencv-matrix">
  <rows>1</rows>
  <cols>1000</cols>
  <dt>f</dt>
  <data>
    0. 0. 0. 0. -1.92974624e-003 2.91140238e-003 2.57751951e-003 0. 0.
    0. 0. 0. 0. 0. 0. 0. 0. 0. 0. 5.98507375e-003 -1.03417365e-003 0. 0.
    -4.62439173e-004 0. 0. 0. -4.96512686e-004 2.02889973e-003 0.
    2.12257117e-004 0. 0. 0. 0. 1.10037962e-003 0. 0. 0.
    -5.51405188e-004 0. 0. 0. 0. 0. 2.00286601e-003 6.24019711e-004
    1.39521272e-003 -5.27585289e-005 0. -6.06553745e-004
    -5.54454396e-004 0. 4.84128203e-003 6.19877363e-003 0.
    -1.39745616e-003 -1.11247576e-003 -1.87630023e-004 0. 0. 0. 0.
    2.35868501e-003 -1.98342095e-004 0. 0. 0. -6.15076860e-005
    3.67563730e-003 0. -1.92126737e-003 -1.62509285e-004 0. 0. 0.
    1.34866768e-002 0. 1.46102370e-003 0. -6.47353532e-004 0.
    -6.14165270e-004 0. 9.99930082e-004 1.17696272e-002 0.
    1.11576458e-002 0. 1.73262798e-003 1.95561419e-003 0.
    -2.46064924e-003 0. 0. 0. 4.02380340e-003 3.28706135e-003 0. 0. 0.
    1.27548659e-002 0. 0. 0. 0. 0. 1.06184033e-003 0. -1.56027602e-003
    0. 0. 0. 0. 4.99336328e-003 0. 1.29018482e-002 0. 1.05592404e-002
    1.60783180e-003 0. 0. 0. 2.42481753e-003 0. 5.08630462e-003 0. 0.
    9.07435315e-004 0. 0. 0. 2.59153661e-004 0. -2.43383602e-005
    -1.27831439e-003 1.11078070e-002 0. 0. 0. 7.79147143e-004
    6.54060801e-004 -6.23490952e-004 0. 9.97844269e-004 0. 0.
    -7.94964362e-005 2.38003768e-003 0. 0. 0. 0. 0. -1.64835574e-003
    1.43648479e-002 0. 0. -1.74463831e-003 -2.94487271e-003 0. 0. 0.
    1.14373234e-003 0. 0. 0. 0. 0. 0. -9.37385368e-004 -2.49761506e-003
    0. 0. 1.46524538e-003 0. 1.93385570e-003 0. 0. 0. 0. 0. 0. 0. 0.
    -9.88294953e-004 0. 0. 0. 3.94026109e-004 2.88183056e-003 0.
    -9.77515359e-004 3.18064447e-003 0. 0. 0. 0. 0. -3.31032905e-003
    7.14098569e-003 3.32547585e-003 2.68139946e-003 0. 0. 0. 0. 0. 0.
    -2.96702702e-003 0. 0. 0. 1.10608796e-002 0. 0. 8.95299483e-003 0.
    0. 2.62518926e-003 0. 0. 0. 0. 2.72233342e-003 -1.10607885e-003
    1.26573453e-002 0. 0. 0. 0. 0. -3.62331257e-003 0. 0. 0.
    -1.98441581e-003 0. 0. 0. 1.59692410e-002 0. 0. 0. -1.58814166e-003
    0. 0. 6.88533951e-003 0. 0. 3.81186255e-003 0. 0. 0. 0. 0. 0. 0.
    -1.70869660e-003 0. 9.19827074e-003 4.48629027e-003 0. 0.
    3.77163920e-003 2.26077903e-003 0. 2.99105397e-003 0. 0. 0. 0.
    2.73496495e-003 0. 1.59541509e-004 0. 0. 2.43796129e-003 0.
    1.85642473e-003 1.29083330e-002 3.36256973e-003 0. 0. 0.
    1.34314410e-002 0. 0. 0. 2.06817989e-003 0. 8.43861635e-005 0. 0.
    1.53511744e-002 -1.18954189e-003 0. 2.66155927e-004 0. 0. 0. 0.
    1.00972352e-003 0. -1.07859029e-003 0. -5.00069186e-003
    -1.35310832e-003 5.95573743e-004 0. 0. 1.37376096e-002 0. 0. 0.
    7.56374281e-003 0. 8.85534193e-003 1.43042853e-004 0.
    5.17225312e-003 2.04200577e-003 1.26241669e-002 0. 0. 0. 0. 0. 0. 0.
    9.30050761e-003 0. 0. -4.74381406e-004 0. 0. -2.28708819e-003 0.
    1.00030948e-003 0. 1.61020719e-002 0. 0. 0. 0. 0. 0. 1.50895622e-002
    0. 0. 4.01288411e-003 5.48671558e-003 0. 0. 0. 0. 1.30310226e-002
    -2.10107653e-003 4.79825540e-004 0. 0. 0. 0. 0. -4.39072814e-004 0.
    0. 2.72857840e-003 2.54152017e-003 0. 0. 0. 0. 0. 0. 0.
    -1.78461883e-003 -7.80935923e-004 0. 0. 0. 7.00690434e-004 0.
    -2.70883273e-003 1.25472490e-002 0. 0. 0. 2.34571649e-004 0. 0. 0.
    0. 3.95886134e-004 0. -4.54441673e-004 0. 1.13059897e-002 0. 0.
    -8.04327021e-004 -1.79023307e-003 0. 1.62820029e-003 0. 0. 0.
    1.44168139e-002 0. 0. 5.82990889e-003 1.23193543e-002 0.
    8.50325730e-003 0. 0. -4.88499471e-004 0. 0. 0. 1.19757317e-002 0.
    0. 0. 0. 0. 0. 0. 0. -5.50054887e-004 0. 0. 0. 0. -1.34246261e-003
    0. 0. 7.85379496e-004 0. 0. 0. 0. 0. 0. 0. 0. 0. 7.52769783e-003 0.
    0. -1.30605744e-003 4.71502822e-003 1.50780370e-002 0. 0.
    2.46943836e-003 0. 0. 8.68475472e-004 0. 0. -2.15413456e-004 0.
    -8.25939642e-004 1.10856752e-004 0. 0. 1.37656706e-003 0.
    4.18258645e-003 1.26116108e-002 0. 1.04629789e-002 2.65162345e-003
    3.67061165e-003 0. 8.90091527e-003 0. 6.42441865e-003 0. 0.
    3.39206844e-003 0. 3.23352171e-004 0. 0. 0. 0. 0. 0. 0.
    -1.28468266e-003 8.80925742e-004 0. 1.15326596e-002 0. 0. 0. 0. 0.
    0. 0. 1.62100783e-004 0. 0. 0. 0. 9.98587930e-004 -1.08824892e-003
    0. 0. 0. 0. 0. 0. 1.65559922e-003 -1.18715898e-003 0. 0. 0. 0.
    6.04278139e-005 0. 1.06462138e-002 0. 4.69723111e-003 0. 0. 0. 0. 0.
    0. 0. 0. -1.36932300e-003 0. 0. 1.18839461e-003 0. 2.62704282e-003
    0. 0. 5.15499245e-003 2.71654967e-003 0. 0. 0. 0. 1.79173905e-004
    1.68382016e-003 0. 0. 0. 0. 0. 0. 0. 0. 0. 0. 2.17156671e-003 0. 0.
    0. -6.01827996e-005 6.82147453e-004 0. 0. 0. 0. 0. 0. 0. 0.
    2.01050565e-003 0. 3.71190114e-003 0. 0. 1.03064836e-003
    1.48089684e-003 -1.22071325e-003 -2.79473868e-004 1.32621417e-003 0.
    1.71279209e-003 0. 0. -3.69526970e-004 -8.11346981e-004 0.
    1.17570134e-002 0. 0. 2.73257785e-004 0. 1.02251079e-002
    -1.84558087e-003 0. 0. 0. 1.36779319e-003 0. 0. 0. 0. 0.
    9.72498790e-004 1.30043190e-003 0. 0. 0. 0. 9.20288637e-003 0.
    1.47424944e-004 0. 0. 0. 0. 0. 0. 0. -1.18015753e-003 0. 0. 0. 0. 0.
    0. 5.04997466e-003 0. 1.24372244e-002 -2.19824468e-003 0. 0. 0. 0.
    0. 0. 0. 0. 0. 0. 0. 0. 0. 0. 8.04580341e-004 -1.25942181e-003 0. 0.
    5.96992555e-004 0. 0. 0. 0. 0. 0. 0. 0. 0. 0. 0. 0. 0. 0. 0. 0. 0.
    -1.28771098e-005 0. 0. 0. 4.80845658e-004 9.87609662e-003 0.
    1.43210515e-002 0. 0. 0. 0. 0. 0. 0. -8.36311141e-004 0. 0. 0. 0. 0.
    2.63545732e-003 0. 0. 0. 0. 0. -3.17219901e-003 1.25828180e-002 0.
    0. 0. 1.67336970e-004 0. 7.49014551e-004 0. -2.63770984e-004 0. 0.
    0. 0. 0. 0. 0. -3.85891204e-003 1.08614536e-002 0. 9.29444737e-004
    0. 1.00255916e-002 2.13765204e-002 0. 0. 1.09103583e-002
    1.36059616e-003 0. -1.48974278e-003 9.59705655e-003 -4.50482126e-004
    0. 0. 2.28671380e-003 0. 0. 0. 0. 0. 0. -1.90934329e-003 0. 0. 0.
    8.54646729e-004 6.79379981e-003 0. 0. 2.13366421e-003 0. 0. 0. 0. 0.
    0. 4.21828649e-004 1.17233424e-002 0. 0. 3.21770960e-004
    -3.23328888e-003 0. -2.88194651e-003 0. 6.12606993e-003
    -1.23784365e-003 0. 0. 0. 1.25445367e-003 0. 0. 0. 0. 0. 0. 0. 0. 0.
    0. 0. 0. 0. 0. 9.39426885e-004 0. 0. 2.07096129e-003
    -2.74417078e-004 0. 0. 4.55584930e-004 1.57664227e-003 0.
    -5.66503382e-004 1.31628395e-003 2.57638609e-003 0. 0. 0.
    2.06681946e-003 0. 0. 0. 0. 2.03545485e-003 0. 0. 0. 0. 0. 0. 0. 0.
    0. -1.21349457e-003 4.07767761e-003 0. -2.96088780e-004 0. 0.
    7.32233515e-004 -3.87133041e-004 0. 0. 8.79981183e-003 0. 0.
    -5.43153204e-004 1.76793002e-002 0. 0. 0. 0. 0. 0. -5.20286121e-005
    1.56422029e-003 0. 0. 0. 0. 0. -4.88130550e-004 0. 0. 0. 0. 0.
    2.21291138e-003 -2.27141893e-003 0. 0. 0. 0. 1.24702537e-002 0. 0.
    0. 1.03260251e-002 1.42154545e-002 3.74824996e-003 0.
    1.18178530e-002 0. -2.35131173e-003 0. 0. 0. 1.87439788e-002
    4.00293473e-004 0. -7.82310555e-004 -8.88645824e-004 0. 0. 0. 0. 0.
    1.81620079e-003 1.45992066e-003 0. -1.47500809e-003 0. 0. 0.
    -2.41864778e-004 0. 0. 0. 0. 2.19524628e-003 0. 0. 0.
    1.06637841e-002 0. -2.41410383e-003 0. 0. 0. 4.15512826e-004 0. 0.
    0. 6.47232635e-003 0. 0. 1.98939070e-003 9.94578237e-004
    8.56240932e-003 0. 5.72133984e-004 0. 0. 0. 0. 2.08750763e-003 0. 0.
    0. 0. 0. 0. 0. 0. 0. 0. 1.36855608e-002 1.28292348e-002 0. 0.
    1.18735209e-002 0. 0. 5.92752011e-004 2.27193255e-003
    -8.94661061e-004 -3.33221559e-003 0. 0. 1.25638733e-003 0. 0. 0.
    -2.17625825e-003 0. 0. 0. 0. 0. 0. 0. 0. 0. 0. 0. 0. 0. 0. 0. 0. 0.
    1.57857183e-002 0. 0. 0. 0. 0. 0. 1.16000511e-002 0. 0. 0.
    7.34118454e-004 0. 1.06831938e-002 7.87791447e-004 -1.89253513e-003
    0. 0. 1.22364936e-002 0. 8.37402977e-003 -8.88647279e-004 0. 0.
    -7.72752624e-004 0. 0. -1.03206851e-003 0. 0. 0. 0. 0. 0. 0. 0. 0.
    0. 0.</data></imageDescriptor>
</opencv_storage>
