<?xml version="1.0"?>
<opencv_storage>
<imageDescriptor type_id="opencv-matrix">
  <rows>1</rows>
  <cols>1000</cols>
  <dt>f</dt>
  <data>
    3.34901223e-003 0. 0. -1.66818136e-004 2.79527344e-003
    3.04419920e-003 0. -5.05168643e-003 0. 0. 1.06364582e-003 0.
    -4.50204068e-004 0. 0. 0. 0. 0. 0. 3.99144739e-003 7.30614411e-004
    5.30141057e-004 5.53575752e-004 0. -1.13355287e-004 3.30922473e-003
    0. 8.44004448e-004 0. 0. 3.25670140e-003 9.57511016e-004
    1.91138731e-003 2.08876049e-003 0. 0. -7.46581645e-004 0.
    3.52925155e-003 9.28024645e-004 1.21438189e-003 1.61842781e-003
    -7.23882171e-004 4.86934208e-004 3.48144374e-003 3.79839400e-003
    2.49607861e-003 0. 6.64075487e-004 0. 3.52957426e-003
    -2.44973431e-004 0. 0. 0. 0. 0. 0. 1.80581957e-003 0.
    2.16013379e-003 1.69693655e-003 0. 0. 0. 0. 0. 0. 0. 1.51475449e-003
    0. 5.91460103e-003 0. 0. 1.46088924e-003 0. 1.23096223e-003 0.
    5.91557287e-003 6.00010902e-003 0. 0. 1.92331860e-003 0.
    1.81870582e-003 -1.15682418e-003 3.82895162e-003 0. 6.54545892e-003
    1.26259029e-003 0. 8.55764840e-004 0. 0. 2.50702677e-003
    2.57697538e-003 0. 3.18754930e-003 0. 0. 0. 0. 2.07565702e-003 0.
    7.47747486e-004 0. 0. 0. -2.05070610e-004 1.64401089e-003
    7.73214223e-003 0. 0. 0. 6.66790083e-003 0. 1.99166778e-003
    1.55648857e-003 2.32243142e-003 5.74592501e-004 1.06850837e-003
    1.31543586e-003 0. 1.31061219e-003 0. 0. 2.37154120e-004 0. 0. 0. 0.
    0. 3.24333727e-004 1.80417520e-003 2.35354225e-003 1.10064296e-003
    0. 0. 0. 3.96669656e-003 0. 0. -3.67890789e-005 0. 3.81754158e-004
    0. 0. -1.72932784e-003 5.82533772e-004 0. 0. 0. 0. -5.75440237e-004
    0. 0. 3.79811088e-003 -8.41281289e-005 5.37604652e-003
    5.82149578e-003 0. 0. 3.26096604e-004 1.96119631e-003
    -6.39758480e-004 -2.56712112e-004 0. 8.47503264e-003 0.
    2.34532985e-003 0. -6.58788667e-006 0. 0. 3.12086032e-003
    1.66132604e-003 1.97383063e-003 0. -8.16243846e-005 3.64901079e-003
    0. -1.11747929e-003 3.36239627e-003 1.36480958e-003 -2.34504798e-004
    0. 0. 0. -7.73411419e-004 0. 5.14035206e-003 0. 0. 0.
    1.09830848e-003 0. 0. 0. 0. 0. 4.58563532e-004 0. 7.23742647e-004
    1.76547212e-003 0. 0. 0. -1.07022421e-003 -2.96479557e-004 0.
    4.17478569e-003 0. 0. 0. 0. -2.73076264e-004 0. 3.38778016e-003 0.
    3.91556125e-004 5.49902115e-003 0. 4.43366775e-003 0.
    3.77079495e-003 -1.01806747e-003 0. 0. 5.10966731e-003
    2.93921167e-003 2.50504073e-003 0. 4.75817738e-004 0.
    1.30980567e-003 0. 0. 3.29316384e-003 0. 2.35723099e-003
    3.28466925e-003 0. 3.09776166e-004 2.69352761e-003 0.
    1.32274418e-003 0. 0. 1.08551828e-003 -3.96493087e-005
    5.82587533e-003 -1.34378893e-003 0. 0. 0. 0. 3.36927711e-004
    3.77441267e-003 9.81097575e-004 3.48498696e-004 0. 0.
    1.13713206e-003 0. 0. 0. 8.90475407e-004 0. 0. 0. 0. 0. 0.
    -1.74178148e-003 2.65765586e-004 0. 0. 0. 0. 0. -1.91074947e-003 0.
    1.41921139e-003 3.73548432e-003 0. 7.99161848e-004 2.94441241e-003
    6.95288763e-004 2.79460079e-003 0. 1.94111036e-003 2.86210515e-003
    3.57080996e-003 0. 0. 0. 1.31934474e-003 0. 5.53333259e-004 0.
    -5.24814765e-004 0. 0. 0. 3.02135502e-003 8.80216248e-003 0. 0. 0.
    1.59349584e-003 1.23847241e-003 4.78508743e-003 1.33617281e-003
    1.56246347e-003 -1.38441240e-003 6.96005416e-004 0. 0. 0.
    -1.00267888e-003 -1.08615903e-003 -1.44466793e-003 3.46947322e-003
    4.53966390e-003 4.70871199e-003 0. 2.09752237e-003 -5.17617504e-004
    1.51927164e-003 0. -3.05588968e-004 2.30700971e-004 -1.08539192e-004
    0. 0. 0. -3.40634841e-004 1.07941148e-003 4.04120510e-005 0.
    1.22579723e-003 6.70453883e-004 0. 8.27716838e-004 0.
    4.15011123e-003 0. 0. 0. 0. 3.54205491e-003 3.98963597e-003 0. 0.
    -3.20987456e-005 0. 0. 0. 0. 0. 2.73690419e-003 -3.53813783e-004
    -1.76426969e-004 8.90523486e-004 7.44588149e-004 -3.37873516e-003 0.
    6.10753521e-003 1.69416412e-003 0. 2.22197012e-003 0. 0. 0.
    1.22541314e-004 0. 0. 0. 0. -2.56677886e-004 4.69230581e-003 0. 0.
    3.18913697e-003 1.75421126e-003 2.60822149e-003 -1.43227191e-003
    -8.35384242e-004 1.13183528e-003 4.45841765e-003 0. 0. 0.
    1.35074835e-003 0. 1.98181905e-003 6.55336259e-003 0. 0. 0. 0. 0. 0.
    -1.26304594e-003 8.79928295e-004 5.21161221e-003 0. 0.
    1.60983903e-003 2.37458711e-003 0. 7.53423944e-003 4.55765473e-003
    0. 2.20714384e-004 5.18457405e-003 3.19960061e-004 7.83224776e-003
    0. 0. 4.73484019e-004 6.78177131e-003 0. 0. 0. -8.31344863e-004 0.
    9.79191274e-004 3.65543296e-003 0. 0. -6.49991271e-004
    9.27264511e-004 0. 8.41882546e-003 0. 6.98026503e-003 0. 0. 0. 0. 0.
    0. 1.09745003e-003 0. 0. 0. 3.58524499e-003 9.84619721e-004
    4.40376764e-003 0. 1.17983855e-003 3.41818132e-003 0.
    2.61018332e-003 0. -4.55589558e-004 0. 2.37839203e-003
    7.57389411e-004 1.02985650e-003 0. 0. -4.84376622e-004
    2.74106069e-003 1.95008714e-003 0. 0. -1.91689713e-003 0.
    2.74467492e-003 0. 2.53782305e-003 0. 8.66272079e-004 0.
    1.66383618e-003 0. 4.46329173e-003 0. 1.29751228e-002 0.
    1.81380135e-003 0. 1.47228746e-003 2.10362324e-003 0.
    2.02765761e-004 0. 5.21937525e-003 5.95044927e-004 0. 0. 0.
    4.37953556e-003 0. 0. 0. 0. 1.06642947e-004 1.85899285e-003
    -2.36367297e-004 0. 0. 2.37248489e-003 0. 0. 4.24787216e-003
    -3.19549552e-004 0. -1.80568325e-003 1.46236096e-003 7.19880743e-004
    0. 0. 7.27690174e-004 0. 1.85437093e-003 4.68072016e-003 0. 0.
    3.17239814e-004 0. 5.85226202e-003 3.29802907e-003 0. 0.
    2.31532590e-003 5.70427103e-004 0. 1.70398154e-003 0. 0.
    7.85048003e-004 7.74094195e-004 4.42906655e-003 0. 8.11617821e-003
    0. 0. 3.14958091e-003 0. 0. 3.12316784e-004 3.91661795e-003
    1.13677664e-003 0. 2.02949857e-003 0. 1.32057501e-003
    2.31734826e-003 0. 8.47992022e-003 0. 0. 9.38209530e-004
    1.99980874e-004 -2.53648707e-003 -4.09655360e-004 -3.18171631e-004
    2.25256779e-003 0. 3.83454934e-003 0. 2.18129717e-003 0.
    1.64859882e-003 4.74790530e-003 2.10871175e-003 2.06110650e-003 0.
    6.69986533e-004 0. -4.01387020e-004 0. 0. 0. 0. 1.45677640e-003
    -3.41761828e-004 1.85469992e-003 3.92948324e-003 1.23624282e-003 0.
    2.95703602e-003 0. 0. -7.60878262e-004 0. 2.97023100e-003
    6.70308201e-003 0. 0. 0. 0. 0. 0. 0. 0. 0. 3.96040094e-004
    9.41646111e-004 1.53397064e-004 0. 6.82184100e-003 0. 0.
    1.82119955e-003 4.28133702e-004 0. 9.28551657e-004 0.
    1.15601905e-003 0. 0. 0. 3.97261744e-003 4.32707788e-003 0. 0.
    -1.57330779e-003 1.74076739e-003 -1.89756174e-004 0. 5.99059602e-003
    0. 0. 2.47552153e-003 0. 0. 3.42931785e-003 1.26241881e-003 0. 0. 0.
    4.25877096e-003 7.70433573e-004 0. 5.43875736e-004 -2.17647539e-004
    6.82241516e-004 7.88534002e-004 1.52305863e-003 0. 0.
    1.05372991e-003 1.66763697e-004 0. 5.84780471e-003 0.
    2.40515778e-003 0. 3.97264492e-003 -1.78001574e-004 2.26707989e-003
    -1.75989827e-003 4.74910997e-003 -9.80700133e-004 0. 0. 0.
    3.07365693e-003 0. 0. 0. 0. 0. 0. 0. 0. 0. 0. 0. 0. 6.22987773e-006
    0. 0. 0. 0. 0. 0. 1.82482251e-003 1.41727552e-003 0. 2.97542778e-003
    3.79683595e-004 -5.60953340e-004 0. 2.10684026e-003 2.54956004e-003
    4.62129852e-003 1.69453502e-003 0. -4.65961115e-004 0. 0. 0. 0. 0.
    0. -3.47625959e-004 5.24689164e-003 0. 0. 0. 0. 2.29744404e-003
    1.70363393e-003 7.39840744e-003 0. 1.36014540e-004 0. 0.
    2.49931123e-003 4.68213228e-004 1.68007740e-003 1.26022787e-003 0.
    4.13545361e-003 1.26044010e-003 1.36231794e-003 -2.40091569e-004
    6.81286445e-004 0. 0. 5.87441586e-003 2.45423475e-003
    1.37339171e-003 0. 7.25101167e-003 1.16920122e-003 -5.38029053e-005
    7.57904898e-004 0. 0. -4.84638585e-004 0. 0. 0. 0. 0.
    9.51754861e-004 1.80588069e-003 8.41913372e-003 1.58372242e-003 0.
    4.44578938e-003 0. 0. -4.82913492e-005 1.01329002e-003
    -7.31598644e-004 0. 0. 0. 0. 1.50654290e-004 -5.67875803e-004
    2.21952726e-003 0. 7.44913053e-003 2.06294400e-003 0. 0. 0.
