<?xml version="1.0"?>
<opencv_storage>
<imageDescriptor type_id="opencv-matrix">
  <rows>1</rows>
  <cols>1000</cols>
  <dt>f</dt>
  <data>
    0. 5.10089041e-004 0. 0. 0. 5.93366451e-004 0. 3.34101962e-004 0. 0.
    0. 0. 4.91203461e-003 0. 0. 0. 0. 0. 0. 0. 2.46686745e-004
    2.31158966e-003 0. 0. 0. 0. 0. 0. 0. 0. 0. 0. 0. 0. 0. 0. 0. 0. 0.
    0. 1.27959775e-003 0. 0. 2.73155160e-002 0. 0. 2.77468492e-003 0.
    2.80204025e-004 4.42592567e-003 0. 0. 0. 0. 0. 0. 0. 8.25332105e-003
    0. 0. 0. -2.37725195e-004 0. 1.01257805e-002 8.35042447e-003 0.
    2.21057539e-003 0. 0. 2.03725812e-003 0. -2.28731078e-003
    -1.34423515e-003 0. 0. 0. 0. 0. 0. 1.73442047e-002 1.08237565e-003
    3.51173850e-003 0. 9.31495335e-004 1.48834963e-003 0.
    5.43775968e-003 1.01737422e-003 -6.53092167e-004 0. 0. 0. 0. 0.
    2.08171713e-003 2.02894467e-003 7.57753570e-003 9.62256826e-003
    5.43305010e-004 0. 2.77683139e-003 0. 0. 0. 1.30322436e-003 0. 0.
    6.07864326e-003 0. 0. 0. 0. 0. 6.50329329e-003 1.03340056e-002 0. 0.
    0. 0. 0. 2.82625970e-003 0. 1.63482258e-003 0. 0. 1.74641993e-003 0.
    0. 7.07413396e-003 2.45523639e-003 0. 0. 0. 4.91090398e-003 0.
    -1.17396261e-003 1.24695024e-003 -6.09974144e-004 0. 0. 0. 0.
    1.71241976e-004 0. 0. 9.57880344e-004 0. 0. 0. 2.19102041e-003 0. 0.
    3.65986023e-003 0. 4.14064107e-003 5.15247521e-004 5.01972623e-004
    0. -5.95250574e-004 2.53325241e-004 0. 0. 0. 1.12083768e-002
    8.74190824e-004 0. 1.96480122e-003 0. 2.79456610e-003 0.
    2.33399048e-002 0. 2.89028604e-003 1.45522156e-003 -2.35855230e-003
    0. 0. 0. 0. 2.87526916e-003 8.88552517e-004 9.02367057e-004 0.
    4.55292081e-003 8.01376905e-003 0. 0. 0. 0. 1.25554006e-003
    -2.40560723e-004 2.43877503e-003 -1.65718782e-003 4.26252000e-003 0.
    0. 8.04944336e-003 6.29905332e-003 0. 3.00384848e-003
    3.17060621e-004 0. 0. 0. 2.26724125e-003 0. 0. 0. 0. 0. 0.
    -4.59810195e-004 1.96126453e-003 2.31160363e-003 1.65610283e-003 0.
    1.25116738e-003 -2.36872089e-004 2.44711846e-004 1.02890050e-002
    -2.08754165e-004 0. 2.10056920e-003 -8.37546104e-005 0. 0.
    1.72494166e-003 0. 3.24230175e-004 0. 0. 9.18870699e-003 0. 0.
    1.27293111e-003 0. 0. 0. -1.41655182e-004 0. -1.78063012e-004
    5.70193632e-003 3.29154567e-003 2.72446149e-003 0. 1.20447436e-003
    4.96074464e-003 6.61393395e-004 -9.86891449e-004 -1.68204511e-004 0.
    0. 3.97559209e-003 1.84020528e-003 0. 0. 0. 0. 0. 4.96662594e-003 0.
    0. 0. 5.38755860e-003 0. 4.15772153e-003 0. 0. 0. 1.00474118e-003 0.
    -1.91140268e-003 4.22752649e-003 0. 7.73651118e-004 4.46312549e-003
    0. 0. 0. 0. -8.33362993e-003 0. 0. 3.97286052e-003 5.27865347e-003
    0. 0. 6.85597537e-004 0. 5.45823539e-004 0. 2.27879471e-004 0. 0.
    7.96084816e-004 0. 1.46112451e-003 1.88508816e-003 1.86254852e-003
    0. 0. -2.01240042e-003 -1.69262022e-003 8.84813417e-005
    3.31829255e-003 0. 1.54638092e-003 0. 0. 0. 0. 1.61575503e-003 0. 0.
    0. 1.56755687e-003 1.87170121e-003 1.48599362e-003 0. 0. 0.
    2.01639673e-003 6.87392079e-004 3.29603645e-004 2.52611982e-003 0.
    0. 2.53301205e-005 0. -9.11294592e-006 0. 0. 0. 0. 1.30002445e-003
    0. 0. 0. 2.65986868e-003 0. 4.60087880e-003 4.88087127e-004
    -6.11653144e-004 0. 6.74082339e-003 0. 0. 3.19785601e-003 0.
    1.44743957e-002 0. 1.12367505e-002 0. 0. 0. 3.82912555e-003 0.
    -1.71541309e-004 9.37734731e-003 2.96015991e-004 0. 0. 0.
    -1.06700044e-003 0. 6.00780267e-003 5.94909023e-003 1.13273016e-003
    0. 1.72993317e-002 0. 0. 6.57966873e-003 -3.69072426e-004 0. 0.
    7.09547137e-004 1.89988653e-003 0. 6.79124938e-003 -2.70735589e-003
    5.94448857e-003 0. -5.63888485e-003 9.74023249e-004 1.22086273e-003
    0. 0. 2.38021673e-003 0. 0. -9.95824696e-004 0. 0. 5.83162392e-003
    -4.51034226e-004 0. 0. 1.30220578e-004 0. 0. 1.39934104e-003 0. 0.
    1.69353234e-003 1.38979801e-003 0. 0. 0. -1.25194620e-003 0. 0. 0.
    0. 0. -1.25861471e-003 2.03045667e-003 0. 7.63832638e-003
    -1.05176272e-003 7.92660925e-004 0. 0. 0. 0. -2.15229299e-003
    1.01649398e-002 0. 0. 2.90631386e-003 -1.27041640e-004 0. 0. 0. 0.
    0. 0. 3.47162224e-003 0. 6.46046770e-004 0. 0. 0. 5.54089318e-004
    4.75708209e-003 5.14961197e-004 0. 0. 1.73176790e-003
    1.03018084e-003 1.92360126e-003 0. 0. -8.68615636e-004 0. 0. 0. 0.
    5.27279917e-003 0. 0. 2.41757603e-003 0. 2.56803655e-003 0.
    4.20120632e-004 0. 8.29492882e-003 1.27767934e-003 0. 0.
    -7.52482621e-004 2.50189914e-003 2.66158022e-003 0. 0.
    2.36626505e-003 0. 0. 0. 4.29838896e-004 0. 0. 0. 0. 0.
    9.08993708e-004 0. 0. 1.73582416e-003 0. 0. -1.19280990e-003 0. 0.
    0. 1.26783957e-003 2.48991931e-003 3.61194531e-003 0.
    1.14115200e-003 0. 7.90734310e-003 0. 0. 6.28218462e-004 0. 0. 0.
    1.57672353e-003 0. 0. 2.63623806e-004 0. 0. 0. 0. -2.01784004e-003
    0. 7.60218455e-003 0. 0. 0. 9.71119967e-004 0. 0. 9.95421549e-004 0.
    0. 0. -4.86424367e-004 1.25418999e-003 0. 0. 1.93052820e-003
    3.54013755e-003 2.78847571e-003 0. 2.52441433e-003 0.
    6.37258217e-003 1.31291349e-003 0. 0. 1.90036997e-004
    1.00280950e-003 0. 0. 0. 0. 1.89123064e-004 0. -1.38306129e-003
    4.61162347e-003 6.03599707e-003 0. 9.30578972e-004 0. 0. 0. 0. 0. 0.
    0. 0. 1.10562029e-003 7.20731448e-003 -6.90830755e-004 0. 0.
    2.39821943e-003 -9.24754713e-004 0. 0. 0. 0. 0. 0. 0.
    5.29807620e-003 0. 3.75226256e-004 3.83130013e-004 3.63896776e-004
    0. 0. 0. 0. 0. 3.08956625e-003 0. 0. 0. -2.41560047e-003
    1.48087647e-003 0. 2.23438779e-004 0. 0. 0. 2.58929934e-003 0. 0.
    1.83574553e-003 0. 0. 1.63976802e-003 5.68802608e-003 0. 0. 0. 0.
    1.16003519e-002 1.37951376e-003 0. 0. 0. 1.96979940e-003 0.
    1.11343246e-003 3.28349834e-003 0. 0. 0. 1.79151073e-003
    7.19122030e-003 0. 0. 1.11007225e-003 0. 0. 0. 0. 0. 0.
    2.78584124e-003 0. 3.23554152e-003 4.23037773e-003 -5.20788541e-004
    0. 2.30948091e-003 3.21992696e-003 0. 1.80394202e-003 0.
    1.94601846e-004 0. 6.36584300e-004 7.30388006e-003 0. 0. 0.
    3.40020750e-003 5.72274381e-004 0. 1.66424841e-003 5.38716442e-004
    0. 1.13187649e-003 0. 0. 2.31653429e-003 0. 0. 3.28883179e-004
    5.10754726e-005 0. 2.24657892e-003 4.01014666e-004 0.
    4.81258146e-004 0. -1.69568253e-003 0. 1.41053204e-003 0.
    8.51330231e-004 2.58125179e-003 0. 1.92746211e-005 4.72411717e-004
    7.28008396e-004 0. 0. 0. 0. 0. 0. -1.14069355e-003 0.
    1.26107526e-003 0. 1.90837532e-002 0. 5.32474462e-003 0. 0.
    9.34420270e-004 0. 0. 0. 0. 0. -1.02267915e-003 0. 0. 0. 0. 0.
    -4.92840074e-004 0. 0. 0. 1.69697939e-003 1.15968352e-002
    7.68093392e-004 1.40365120e-003 0. 0. 0. 0. 0. 0. 3.40870861e-003 0.
    0. 0. 0. 0. -3.75562580e-004 7.26476172e-003 0. 0. 0.
    4.78928350e-003 0. 0. -6.78692188e-004 0. 0. 1.00225641e-003
    -3.06631788e-003 0. -1.20653480e-003 5.41162118e-003 0.
    9.88489715e-004 0. 0. 0. 0. 1.80647650e-003 -8.27872718e-004 0. 0.
    0. 0. 0. 0. 0. 0. 4.00785822e-004 7.67331512e-004 0.
    -1.47010951e-005 0. 0. 0. 1.53492123e-003 2.06173456e-004 0.
    3.28144408e-003 0. 0. 0. 0. 0. 0. 4.37312853e-003 0. 0. 0. 0. 0.
    6.01425255e-003 0. 0. 6.83685578e-003 -4.60005162e-004
    1.93875981e-004 9.43390303e-004 0. 0. 0. 0. 0. 0. 4.74897446e-003 0.
    0. 0. 0. 0. 0. 4.26916493e-004 0. 1.83099473e-004 0. 0. 0. 0. 0. 0.
    0. 0. 0. 4.10120003e-003 -1.02709525e-003 -1.25346566e-003 0.
    4.14961367e-004 0. 0. 0. 4.91521880e-003 0. 0. 0. 0. 7.83227501e-004
    1.24816317e-003 0. 8.86096561e-004 0. 0. 0. 2.15252247e-002 0. 0. 0.
    0. 0. 0. 7.39149377e-003 0. 0. 8.40739114e-004 0. 2.11859908e-004 0.
    0. 1.82174728e-003 2.20884848e-003 0. 3.24162818e-003
    3.49055626e-003 6.37686625e-003 0. 0. 0. 3.84840812e-003
    1.57909207e-002 0. 0. -6.83577207e-004 0. 0. 2.65322952e-003 0.
    1.00399693e-003 0. 0. 0. 2.08306406e-003 0. 1.82528584e-003 0. 0. 0.
    1.96190644e-003 0. 1.96585362e-003 -1.14934563e-004 6.14257483e-003
    4.06193454e-003 0. 0. 0. 0. 0. 0. 0. 1.06587587e-003 0.
