<?xml version="1.0"?>
<opencv_storage>
<imageDescriptor type_id="opencv-matrix">
  <rows>1</rows>
  <cols>1000</cols>
  <dt>f</dt>
  <data>
    0. 3.11575504e-003 0. 0. 0. 8.03629588e-003 0. 1.56005088e-003
    1.68438055e-004 0. 0. -3.21253210e-005 0. 0. 0. 4.23174305e-003 0.
    -3.54543008e-004 1.11105072e-003 -3.55699711e-004 0. 0. 0. 0. 0. 0.
    7.90776801e-004 0. 0. 6.25658548e-004 0. 0. 0. 0. 0. 2.61645671e-003
    4.47992682e-002 0. 0. -2.92762392e-003 0. 0. 0. 4.04168060e-003 0.
    1.20439392e-003 3.18633579e-003 0. 1.50319142e-003 0. 0.
    2.38771155e-003 1.09688821e-003 0. 2.73132394e-003 2.16554952e-004
    6.09822897e-003 0. 0. -3.75393545e-004 0. 0. 1.17680046e-003
    3.76569247e-003 0. 5.26563311e-003 3.19092697e-003 2.12727045e-003
    2.55426951e-003 0. 7.63386081e-004 1.49001135e-003 0. 0. 0.
    1.52161124e-003 3.31781898e-003 0. 4.46764426e-003 1.29089691e-004
    2.80413311e-004 0. 0. -1.12225325e-003 1.20255863e-003 0. 0.
    4.81736875e-004 0. 3.47197382e-003 -1.27609516e-003 4.40434599e-003
    6.47182052e-004 -1.63316366e-003 0. 0. 0. -6.63170358e-004
    8.63638707e-004 1.80853996e-003 0. 4.88790357e-003 0.
    5.00723580e-003 0. 0. 0. 0. 0. 2.24740221e-003 0. 8.61621555e-003
    3.84272826e-005 3.50936223e-003 4.99240356e-003 3.63319484e-003 0.
    1.68818759e-003 0. 7.89762358e-004 -1.99674148e-004 0.
    -8.20865738e-004 7.60646537e-003 0. 1.36587780e-003 0.
    -2.78792460e-004 0. 0. 0. -5.61004737e-004 0. 2.64012022e-003 0.
    4.52418695e-004 0. 0. 0. 0. 0. 0. 1.89415656e-003 0. 0. 0. 0. 0.
    9.13792662e-003 0. -9.93443537e-004 2.26349048e-002 0. 0.
    5.10397367e-003 -3.35785071e-003 0. 2.37514684e-003 3.52599262e-003
    9.06509638e-004 4.99161601e-004 3.47015681e-003 1.71533658e-003
    2.55460065e-004 0. 0. 6.70320878e-004 0. 0. 1.65052374e-003
    3.76346312e-003 0. -6.90415327e-004 6.56387070e-003 1.28080870e-003
    0. 0. 0. 1.17360405e-003 3.96342948e-003 5.75102749e-004 0. 0.
    1.07504688e-002 3.79444892e-003 1.83368325e-002 0. 0. 0.
    2.87562539e-003 4.04339749e-003 0. 0. 0. 0. 1.03645502e-002 0.
    2.04714690e-003 0. 2.02892654e-004 0. 1.07307802e-003
    2.42529484e-003 0. 1.23956800e-003 -5.46440249e-004 1.90050388e-003
    6.56596059e-003 3.86174768e-003 0. 0. 4.44097305e-003
    4.59413184e-003 0. 2.02896842e-003 0. 0. 3.15443525e-004
    5.79162559e-004 0. 0. 0. 2.11984920e-003 0. 0. 7.35184876e-003 0. 0.
    0. 0. 2.99194013e-003 0. 0. 0. 8.84790905e-004 0. 6.15441892e-003 0.
    0. 0. 1.74241595e-003 1.58967415e-003 0. 0. -6.90114265e-003 0. 0.
    1.20253547e-003 -1.93390442e-005 -3.55683704e-004 2.50773015e-003 0.
    1.97181758e-003 2.45054078e-004 4.45177732e-003 0. 0. 0.
    8.15924373e-004 0. 2.02523032e-003 0. 9.90902656e-004
    1.10910041e-003 0. 0. 0. 0. 0. 0. 0. 2.89812218e-003 2.78670806e-003
    4.94126370e-003 3.25782085e-003 1.19441161e-002 8.78517632e-004 0.
    1.59889564e-003 0. 4.56987973e-003 3.80481617e-003 0. 0.
    2.72153155e-003 2.07413500e-003 0. 1.39504357e-003 0.
    4.37980634e-004 0. 0. 3.63162765e-003 0. 0. 2.86246795e-004
    1.16964919e-003 0. 4.19528736e-003 0. 0. 6.64196443e-004 0. 0.
    1.77585112e-003 8.67595058e-003 0. 1.12845760e-003 3.10889911e-003
    0. 2.22172146e-003 1.43567810e-003 0. 0. 0. 0. 0. 0. 0.
    6.30202424e-003 6.33272983e-004 0. 0. 0. 2.22919811e-003 0.
    1.31534983e-003 0. 4.80796967e-004 0. 0. -7.04590639e-004 0. 0. 0.
    7.16235372e-004 0. 0. 0. 0. 0. 0. 3.32962431e-004 0. 6.06953073e-003
    0. 2.89133959e-003 1.92820700e-003 0. 0. 0. 4.33740998e-003
    2.05820915e-003 3.07827117e-003 0. 7.71479914e-003 0. 0. 0.
    -2.70627497e-004 0. 1.21793302e-003 0. 0. 0. 0. 0. 5.58308442e-004
    0. 0. 0. -1.50912791e-003 1.38090039e-003 0. 0. 0. 0. 0. 0.
    2.28480480e-004 -8.86425783e-004 4.47639124e-003 -5.40082634e-004 0.
    0. -4.70659958e-004 0. 0. 1.73291296e-003 0. 0. 2.11954946e-004
    5.13313664e-003 2.05323892e-003 0. 0. 0. 2.01989822e-002 0. 0. 0. 0.
    -1.46866043e-003 0. 0. 0. 0. 0. 0. 0. 0. 0. 0. 0. 1.85129163e-003 0.
    1.03186307e-004 1.36252411e-003 2.15739361e-004 0. 0.
    3.21026682e-003 0. 8.14908359e-004 0. 3.08599672e-003 0.
    2.74803140e-004 0. 0. 0. 5.42453723e-003 1.90536957e-003
    1.91450573e-003 0. 0. 0. 0. 0. 4.51704580e-003 7.77649868e-004
    6.95926370e-004 0. 8.47571413e-004 0. 0. 0. 0. 0. 0. 0.
    1.10407174e-003 0. 1.18145859e-003 0. 0. 0. -7.24233454e-004 0. 0.
    0. 0. 1.51640829e-003 0. 0. 0. 0. 0. 0. 0. 1.22427664e-004
    2.60887528e-003 0. 0. 0. 0. 1.22501887e-003 2.40863627e-003 0.
    2.69349501e-003 2.88073858e-003 1.78693887e-003 2.08289619e-003
    1.52804994e-003 3.55091761e-003 0. 0. 0. 0. 0. 0. 5.76316554e-004 0.
    0. 0. 2.89073074e-003 2.60471296e-003 0. 0. -3.62881765e-005 0. 0.
    0. 0. 0. 0. 0. 0. -7.89477723e-004 0. 0. 0. 1.16415008e-003 0.
    1.28320896e-003 0. 0. 0. 1.77244388e-003 5.68872783e-003 0. 0. 0.
    6.39351923e-003 0. 0. 0. 0. 0. 0. 1.76758808e-003 6.16598781e-003 0.
    0. 2.48199038e-004 0. 1.29247410e-003 0. 0. 0. 2.34388560e-003 0. 0.
    -4.78966133e-004 9.39291029e-004 4.75222524e-003 9.97705292e-003 0.
    4.52531781e-003 0. -3.83129722e-004 -1.59109986e-004
    -6.19862039e-005 4.43659863e-003 0. 0. 0. 0. 0. 0. 0. 0.
    -1.20065888e-004 -4.73035761e-004 2.54924921e-003 0. 1.50193868e-003
    0. 0. 0. 0. 1.95500511e-003 0. 0. 0. 0. 0. 0. 0. 3.84462043e-003
    -1.22648221e-003 6.19590224e-004 -1.18915364e-003 0. 0.
    1.90380553e-004 0. 0. 6.61800907e-004 0. 7.24639930e-003
    8.30682402e-004 0. 0. 1.00950291e-003 0. 5.31517761e-003 0. 0.
    2.30963863e-002 4.54780180e-003 0. 0. 0. 0. 1.05014304e-003
    3.99366301e-003 9.88305267e-003 0. 0. 0. 1.24151830e-003 0. 0. 0.
    4.51791659e-003 0. 0. 0. 0. 0. 0. 0. 1.65832415e-003 1.76056952e-003
    0. 4.32625617e-004 2.46726628e-003 6.82575119e-005 0. 0. 0. 0.
    -1.36333227e-003 0. -3.26378031e-005 2.64344271e-004 2.18983841e-004
    0. 1.51632470e-003 0. 5.65324677e-004 0. 4.70889470e-004 0. 0. 0.
    3.40407551e-003 0. 0. 2.51437863e-003 0. 9.03882901e-004
    -5.96317404e-004 0. 0. 0. 3.53208394e-003 8.47294432e-005 0. 0. 0.
    0. 1.76059559e-003 0. 2.52439221e-003 6.68565277e-003
    2.84828973e-004 3.53831635e-003 0. -1.04502746e-004 5.21027076e-004
    0. 2.18458637e-003 0. 7.82349426e-003 6.68489607e-004
    1.87574339e-003 0. 7.39888812e-004 5.35328314e-003 3.38184880e-003
    1.51551212e-003 0. 0. 6.27635745e-003 0. 1.92007306e-003 0.
    1.12051226e-003 2.01646122e-003 0. 0. 9.23252199e-003 0. 0. 0.
    4.73659812e-003 0. 0. 0. 1.63607881e-003 0. 0. 1.70032226e-003 0. 0.
    3.01652541e-003 0. 0. 0. 0. 0. 0. 9.31801181e-003 0. 0.
    3.53513518e-003 0. 0. 0. 3.18938354e-003 0. 3.97380302e-003
    4.52222303e-003 0. 1.40893068e-002 0. 0. 0. 8.67438561e-004 0. 0. 0.
    0. 0. -6.60171499e-004 2.05566967e-003 0. 0. 1.05531723e-003 0.
    2.06927862e-003 0. 1.18509075e-002 1.35288702e-003 7.28710147e-004
    0. 1.46387133e-003 0. 0. 0. 0. 0. 1.32606959e-003 0. 0.
    -5.91134652e-004 0. 0. 0. 0. 4.14067600e-003 0. 0. 0. 0. 0.
    -1.26630208e-003 0. 0. 0. 0. 3.43833328e-003 0. 4.85460786e-003
    3.14284768e-003 0. 0. 0. 1.35132647e-003 2.93564191e-003
    3.98021797e-003 6.04810193e-004 0. 0. 0. 1.69538578e-003
    2.19062413e-003 0. 0. 0. -2.41104187e-003 0. 0. 1.41416409e-003 0.
    0. -1.47053658e-003 5.86045440e-003 0. 0. -2.15725740e-003 0.
    5.31905273e-004 1.57576171e-003 3.21586663e-003 0. 0. 0. 0. 0. 0. 0.
    0. -1.97273839e-005 0. 1.32636400e-003 0. 5.57993597e-004 0.
    9.81100742e-003 0. 0. 0. 0. 0. 1.06074300e-003 1.26909174e-003
    -3.73140239e-004 0. 1.63908745e-003 0. 0. 0. 0. 0. -8.96245940e-004
    0. 2.59377994e-003 2.34871128e-004 -3.74585186e-004 0. 0. 0.
    2.37082317e-003 0. 0. 0. 1.45974068e-003 3.02832224e-003
    2.02790857e-003 4.60457290e-003 2.24413190e-004 2.30341498e-003 0.
    -9.94954142e-004 -5.22145245e-004 0. 0. 1.64828659e-003
    2.96749547e-003 0. 0. 0. 0. 0. 0. 5.93526755e-003 0. 8.91473203e-004
