<?xml version="1.0"?>
<opencv_storage>
<imageDescriptor type_id="opencv-matrix">
  <rows>1</rows>
  <cols>1000</cols>
  <dt>f</dt>
  <data>
    1.83074828e-003 2.82652490e-003 0. 0. -8.45312548e-004 0. 0.
    3.66090285e-003 0. 0. 0. -1.50674221e-003 0. 0. 0. 7.17467116e-003
    -2.73240672e-004 7.67369784e-005 0. 0. 2.30018352e-003 0. 0. 0. 0.
    0. 0. 0. 0. 0. 0. 2.97533884e-003 4.67554550e-004 0. 0. 0. 0.
    8.64811148e-003 0. 0. 1.91145425e-003 0. 2.22879043e-003
    1.71359896e-003 3.46946926e-003 0. 0. 3.48043232e-003 0.
    1.78129424e-003 0. 0. 5.44575695e-003 5.53119835e-003 0.
    2.89398665e-003 8.83258006e-004 0. 0. 2.74355756e-003
    5.46430936e-004 0. 0. 0. 0. -3.00857064e-004 0. 0. 0. 0.
    1.83173083e-003 3.85391712e-003 2.58265436e-003 1.29360938e-003
    2.51616444e-003 1.14940607e-003 0. 9.07633628e-004 0. 0.
    7.28759973e-004 0. 0. 4.34663903e-004 5.36012044e-003 0. 0. 0.
    5.47413831e-004 6.30519295e-004 0. 0. 1.84001133e-003
    2.68767122e-003 0. 1.98759357e-004 0. 1.20169185e-004
    1.34157727e-003 0. 0. 0. 2.97539355e-003 0. 0. 0. 0. 0. 0. 0.
    1.74384948e-003 0. 4.92861774e-003 0. 0. 6.27916015e-004 0.
    2.57693278e-003 0. 6.27833279e-003 0. -2.45620171e-003 0. 0. 0. 0.
    0. 1.72759304e-004 4.23894543e-003 4.59563540e-004 0. 0. 0.
    -6.03852153e-004 1.03954662e-004 0. 5.04365703e-003 2.18653586e-003
    0. 0. 0. 0. 1.91266451e-003 0. 4.16526198e-003 0. -1.15680310e-003
    4.88397898e-003 0. 0. 2.62350799e-003 0. 0. 0. 0. -1.07852276e-003
    3.21120024e-003 5.57205128e-003 8.90011899e-003 0. 9.05887689e-004
    0. -2.88065174e-003 1.76346232e-003 0. 0. 3.86458523e-005
    -3.32777970e-003 0. 0. 0. 0. 0. 0. 0. 0. 0. 0. 0. 0. 5.99883078e-003
    0. 3.28042405e-003 -5.82825276e-004 -5.45369461e-004 1.53798470e-003
    -4.61499352e-004 0. 5.43861277e-003 0. 0. 0. 0. 0. 0. 0.
    2.23422074e-003 3.20736738e-003 0. 0. -7.60316383e-004 0.
    2.64153490e-003 0. 0. 6.85968203e-003 0. 0. 0. 0. 0. 8.52752128e-004
    3.14413989e-003 1.62069418e-003 0. 0. 0. -2.53975834e-003
    2.10518949e-003 5.32485591e-003 1.25531643e-003 0. 1.25766697e-003
    0. 2.16974877e-003 0. 0. 0. 0. 9.78171267e-003 -6.77830030e-005 0.
    0. 6.82393089e-003 0. 0. 0. 0. 0. 0. 0. 0. 0. 0. 3.21645755e-003
    5.62093593e-003 0. 3.32582858e-003 0. 0. 3.21704336e-003 0.
    8.64986423e-003 -2.76068076e-005 0. 0. 0. 0. 6.18899986e-003 0. 0.
    0. 0. 7.43892696e-003 0. 4.08347696e-003 1.44333841e-004 0.
    7.43348245e-003 7.06202933e-004 0. 2.38396437e-003 0.
    6.86267018e-003 0. 0. -1.17445074e-003 0. 0. 0. -1.32040901e-003
    1.20381149e-003 0. 0. 0. 5.17025916e-003 0. 0. 0. 0. 0. 0. 0. 0. 0.
    6.49339403e-004 2.69621052e-003 0. 0. 0. 0. 1.70109328e-003 0.
    4.87667305e-004 0. 1.49265409e-003 -3.01996339e-003 2.43781041e-003
    0. 0. 0. 0. 0. 1.68830869e-004 2.05169711e-003 1.83095608e-003
    -4.82827862e-004 0. 0. 0. 1.66190439e-003 0. 0. 0. 1.16424158e-003
    0. 0. 0. 0. -1.04128825e-003 0. -2.98322004e-004 6.04541460e-003
    -2.45095929e-003 4.09026118e-003 0. 0. 2.66026123e-003
    1.41482858e-003 1.18934317e-002 0. 0. 0. 0. 2.18073204e-002
    -1.40664773e-003 0. -7.11384404e-004 0. 5.06926503e-004 0. 0. 0. 0.
    4.90423525e-003 6.65010838e-003 0. 0. 1.81722187e-003 0.
    2.40023551e-003 0. 0. 1.47105183e-003 0. 0. 0. 0. 0.
    -5.56746207e-004 2.90824589e-003 0. 0. 0. -5.05445933e-004
    6.88713836e-003 0. 0. 1.30558144e-002 0. 0. 0. 0. 0. 0. 0. 0. 0.
    1.74669072e-003 1.71962311e-003 -2.96279648e-003 0. 3.18725640e-003
    2.95840297e-003 0. 0. 8.61456036e-004 -3.55933735e-005
    3.31222499e-003 1.39475078e-003 0. 0. 0. 1.62592120e-002 0.
    -8.83206085e-004 0. 0. 0. 0. 2.18071835e-003 0. 5.73653495e-004 0.
    5.39188879e-003 0. 4.34089079e-003 0. 0. 0. 4.27466258e-003
    1.20402139e-003 0. 0. 1.83644071e-002 0. 0. 2.62340927e-003 0.
    4.73607099e-003 0. 0. 2.31561018e-003 4.24157456e-003
    7.02433288e-003 0. 0. 0. 7.92918913e-003 0. 0. 2.29730411e-003 0.
    3.06794274e-004 0. 0. 0. 0. 1.56722963e-003 0. 0. 0. 4.32760874e-003
    0. 0. 0. 9.66902735e-005 0. 0. 3.14075686e-003 0. 9.85914026e-004 0.
    1.94709469e-003 0. 0. 0. 0. 0. 0. 0. 0. 0. 0. 0. 0. 1.03458320e-003
    3.39750713e-003 0. 0. 0. 0. 0. 7.43467419e-004 2.26471550e-003 0.
    -1.60885463e-003 4.77150967e-003 3.50211374e-003 0. -1.39194401e-003
    0. 0. 0. 1.34402746e-003 0. 0. 0. 0. -7.31590670e-004 0. 0.
    1.27904711e-003 0. 0. 0. 1.06104184e-003 0. 0. 0. 0. 1.26610289e-003
    0. 0. 0. 0. 0. 0. 2.25644838e-003 0. 0. 0. 7.92721193e-003 0. 0. 0.
    3.22797638e-003 6.85400213e-004 3.95068550e-004 0. -2.03466183e-003
    0. 3.62520135e-004 0. 0. 0. 2.14540795e-003 1.49485481e-004 0.
    1.53280434e-003 -2.44421739e-004 9.14153235e-004 1.14153710e-003 0.
    -8.42564623e-004 0. 0. 9.50188003e-003 0. 0. 0. 1.10675732e-003
    4.08711983e-003 0. 1.77185412e-003 1.94333703e-003 2.77258456e-003
    5.60256746e-003 -1.24603836e-003 1.40106701e-003 2.46644509e-003
    2.51106150e-003 0. -4.11287270e-004 0. 0. 0. 0. 0. -9.08252608e-004
    1.12444768e-003 0. 9.58459103e-004 0. 1.04528759e-002 0. 0. 0. 0. 0.
    0. 0. 0. 1.71166961e-003 0. 0. 1.16086453e-002 4.03405726e-003 0. 0.
    0. 0. 0. 0. 0. 5.22238784e-004 0. 0. 0. 0. 0. 0. 2.01828801e-003 0.
    3.35976435e-003 3.07539129e-003 0. 0. 1.56657607e-003 0. 0. 0. 0. 0.
    -7.10668974e-004 0. 0. 0. 0. 0. 0. 8.32933933e-003 -2.41031943e-004
    0. 4.26175678e-003 0. 3.53528978e-003 0. 0. 3.92472139e-003 0. 0. 0.
    0. 0. 6.60894997e-003 -4.63537319e-004 4.76831701e-006
    4.39128745e-003 0. 3.32074263e-003 0. 0. 0. 0. 0. 0. 2.31860555e-003
    0. 2.78848363e-003 0. 5.93246939e-003 1.04858878e-003 0.
    -1.04143692e-003 6.35158736e-003 3.32157407e-003 7.94781488e-004 0.
    8.13522318e-004 6.86362095e-004 0. 1.02516916e-003 2.20990833e-003
    0. 3.47686280e-003 5.76091406e-004 0. 1.39883300e-003 0.
    8.11561535e-004 0. 2.25821976e-003 4.60006231e-005 1.26026617e-003
    0. 0. 3.04503064e-003 3.19201313e-003 0. 1.42216170e-003
    5.77582233e-003 5.15284063e-003 2.69519840e-003 2.26040441e-003
    2.09100451e-003 0. 0. 0. -7.16043942e-005 0. 0. 2.35620630e-003 0.
    4.45604324e-003 0. 0. 1.09330995e-003 0. 0. 0. 0. 1.53404800e-003
    2.49596429e-003 1.53026151e-004 0. 0. 0. 0. 0. -2.67674885e-004 0.
    0. 0. -2.74007383e-004 1.85039211e-002 0. 0. 0. 8.22579081e-004
    2.48419680e-003 0. 0. 3.23666586e-003 0. -4.02451959e-004 0. 0. 0.
    0. 0. 0. 1.02325925e-003 0. 0. 2.05176813e-003 2.26896210e-003
    1.06537039e-003 0. 0. 5.43037103e-003 0. 3.92347254e-004 0. 0.
    1.86847663e-003 0. 0. 0. 2.33647088e-003 1.73659250e-003
    1.90317293e-003 1.59274030e-003 0. 2.72893719e-003 0. 0. 0.
    1.41916331e-003 0. 1.63188635e-003 1.48110709e-003 0. 0. 0. 0.
    2.23232969e-003 5.51945018e-003 0. 3.95258097e-003 0. 0. 0.
    -3.62768740e-004 0. 2.95433216e-003 0. 0. -3.79871752e-004 0.
    8.20922840e-004 3.71302059e-003 6.64345920e-003 0. 1.30230421e-003
    0. 0. -8.79293249e-004 3.27160279e-003 0. 0. 0. -1.05052626e-004
    1.88539934e-003 2.31821858e-003 0. 1.18981516e-004 1.94111071e-003
    0. 1.89871038e-003 7.23627070e-003 3.49440170e-003 0.
    3.75030120e-003 0. 0. 0. -2.03124899e-003 1.44193578e-003 0. 0. 0.
    0. 4.25149314e-003 0. 0. 0. 5.37350914e-003 0. 1.06683196e-002
    1.32540672e-003 0. 0. 0. 0. 0. 0. 0. 0. 0. 0. 0. 7.87334691e-004 0.
    1.48156227e-003 0. 0. 0. 0. 0. 0. 0. 0. 0. 0. 0. -3.95873823e-004 0.
    1.46682828e-003 0. 5.55159245e-003 0. 0. 0. 0. 0. 0. 1.15821064e-002
    1.02541635e-004 2.27828659e-002 7.55648885e-004 0. 0.
    2.22554128e-003 0. 0. -8.41393659e-004 3.04008392e-003 0.
    7.95481319e-004 0. 0. 1.89900864e-003 0. 0. 1.90985797e-004 0.
    1.44779915e-003 3.71672516e-003 0. 0. 0. -1.41871453e-003 0.
    9.05841589e-004 -1.41510763e-003 3.72059341e-003 3.56796780e-003 0.
    -5.34802675e-004 2.43898993e-003 0. 0. 0. 0. 0. 0. 1.56192388e-003
    3.79796023e-003 2.67658290e-003 0. 0. 0. 1.46404970e-002 0.
