<?xml version="1.0"?>
<opencv_storage>
<imageDescriptor type_id="opencv-matrix">
  <rows>1</rows>
  <cols>1000</cols>
  <dt>f</dt>
  <data>
    3.50638013e-003 0. -3.37643083e-004 2.88260612e-003 -1.72596623e-003
    1.58294244e-003 0. 0. 0. 0. 0. 2.77085486e-003 1.94193271e-003
    1.00712862e-003 0. 0. 6.68531191e-003 1.43009936e-003
    1.69938838e-004 5.08154184e-003 -1.32900692e-004 0. 0. 0. 0. 0.
    1.88856106e-003 0. 0. 0. 0. 2.25601951e-003 3.99658747e-004 0. 0.
    3.00290738e-003 3.80056608e-003 0. 2.53694225e-006 1.91018602e-003
    0. 8.16893857e-003 0. -1.28814217e-003 4.01426759e-003
    3.68831027e-003 0. 1.89759373e-003 0. 0. 0. 4.98658139e-003 0.
    2.66366592e-003 -1.84777286e-003 0. 0. 0. 1.69273653e-006 0. 0. 0.
    0. 0. 0. 0. 0. 0. -1.22541876e-003 2.20597649e-004 0.
    3.57534038e-003 0. 0. 7.72432750e-003 0. 0. 0. 1.01121819e-004
    4.59809060e-004 0. 0. 5.14570344e-003 5.98655723e-004
    1.09814601e-002 0. 0. 0. 9.81682446e-003 0. 0. 0. 0. 0.
    -4.74608364e-003 3.65181360e-003 0. 0. -8.75791535e-004
    4.75197192e-003 0. 0. 0. 2.17461190e-003 9.51645151e-003
    2.34942976e-003 2.59847287e-003 0. 7.63091631e-003 0.
    3.99274379e-003 0. 1.44531671e-003 -2.52777454e-003 0. 0.
    2.82148598e-003 0. 0. 0. 0. 0. 8.51138029e-003 0. 0. 1.81915559e-004
    1.65835570e-003 2.87964736e-004 -1.57431024e-003 0. -1.54064677e-003
    0. 8.30601156e-003 0. 0. 0. 1.70778856e-003 0. 0. -1.67848845e-003
    6.22825231e-003 0. 3.89494025e-003 0. 0. 1.86346867e-003
    1.60258205e-003 0. 0. 0. 0. 0. 7.23794848e-003 4.90057355e-005 0. 0.
    1.39903286e-002 0. 4.13147965e-003 0. 0. 1.11630941e-002 0. 0.
    -2.98682577e-003 0. 0. 0. 2.69597978e-003 0. 5.33833308e-003
    -4.33197431e-003 0. 4.97814734e-004 0. -1.13795984e-004
    5.97939780e-003 0. 0. 1.82670972e-003 6.37124851e-003 0.
    5.61927631e-003 0. 0. 1.35890571e-002 -1.41275441e-003 0. 0.
    1.57132663e-003 0. 0. 1.41857215e-003 0. 0. 0. 0. 4.25901264e-003 0.
    0. 0. 1.95137749e-003 2.26446870e-003 0. 1.56146206e-003
    8.39009299e-004 0. 0. 0. -1.14227505e-003 0. 6.28218753e-003 0. 0.
    -2.60255882e-003 0. 0. 0. 0. -7.14194146e-004 -6.21368818e-004
    1.49017409e-003 3.41174565e-003 0. -1.59877061e-003 1.15791829e-002
    0. 3.12472717e-003 0. 0. 0. 0. 0. 0. 0. 0. 0. 0. 0. 1.23273791e-003
    0. 0. 1.65641541e-003 2.69393646e-003 0. 0. 1.44246465e-003
    -1.05338066e-003 1.16999960e-002 0. 0. 0. 0. 0. 0. 0.
    2.16373266e-003 0. 0. 0. 0. 7.80734641e-004 0. 0. -3.15890042e-003
    4.62180469e-003 0. 0. 0. 0. 0. 0. -5.90887619e-004 0.
    2.20687222e-003 3.60173103e-003 3.74010671e-003 5.93938213e-003 0.
    0. 0. 0. 0. 1.05072315e-004 0. 9.11916664e-004 1.13107744e-004
    -2.08147382e-003 -9.79712699e-004 0. -2.17190813e-004 0.
    1.69257505e-003 -9.02628351e-004 3.18212970e-003 0. 5.39002661e-003
    0. 9.31718200e-003 0. 3.90262995e-003 0. -6.29698683e-004 0. 0.
    -1.74090371e-003 0. 0. 7.05049839e-004 -1.20414770e-003
    1.45016261e-003 1.00086788e-002 0. 0. 0. 0. 0. 1.67701475e-003
    6.12831059e-007 0. -7.73564156e-004 0. 6.43490767e-003
    1.00969640e-003 6.31631352e-004 0. -5.23505267e-004 0. 0.
    -1.27640145e-003 0. -7.44468474e-004 0. 0. 0. 0. 2.73982505e-003 0.
    -6.89232606e-004 0. 0. 0. 0. 6.29401067e-003 0. 0. -6.30728435e-004
    5.79186063e-003 0. 0. -2.95536651e-004 1.24260283e-003 0.
    2.47450243e-003 9.11448558e-004 0. 1.52536377e-003 0. 0. 0. 0.
    2.89585954e-003 2.07743770e-003 0. 0. 0. 4.44882875e-003 0. 0.
    1.30754337e-003 0. 0. 0. 7.30227504e-004 0. 0. 0. 0. 0. 0. 0. 0. 0.
    0. 0. 0. 2.28380202e-003 -2.48911936e-004 0. 0. 0. 0. 0. 0. 0.
    9.17709246e-003 0. 0. 0. -1.81980070e-003 0. 0. 0. 0.
    1.54090412e-002 1.16968027e-003 8.79033934e-003 0. 0. 0. 0. 0.
    6.06435770e-003 0. 0. 0. 4.85311123e-003 0. 1.20057201e-003 0.
    1.44580717e-003 0. -9.01718231e-005 0. 0. 0. 0. 0. 0. 0. 0.
    1.01971785e-002 0. 0. 0. 0. 0. 3.84954736e-003 -4.88176243e-004 0.
    0. 0. 1.40421535e-003 0. 0. 0. 2.90004280e-003 3.04464163e-004
    7.67926977e-004 7.74681743e-004 0. 0. 0. 4.54081874e-003 0. 0.
    -7.71453022e-004 0. 0. 1.13165483e-003 -1.00405829e-003
    2.53804401e-003 0. 1.81294803e-003 0. 0. 0. 1.89069461e-003 0.
    5.39486879e-004 0. 0. 0. 2.72580492e-003 0. 0. 0. 0. 7.48622185e-003
    0. 3.87368095e-003 0. 0. 1.71256028e-002 1.45856442e-003 0. 0. 0. 0.
    0. 3.37173301e-003 1.53257701e-004 0. 0. 0. 0. 9.51699913e-003 0. 0.
    0. 0. 0. 0. 0. 0. 0. 1.59697805e-003 0. 0. 1.34364199e-002
    2.36849370e-003 0. 8.31267890e-003 5.53500652e-003 0. 0.
    5.27184922e-003 0. 4.47827741e-004 0. 3.65237752e-003 0. 0. 0. 0.
    1.50645070e-003 -1.90164323e-003 0. -8.69378782e-005 0.
    -1.27515348e-003 -2.24508360e-004 0. 6.97596647e-007 0. 0.
    1.51563352e-002 0. 0. 0. 0. 0. 0. 8.34633611e-005 0. 0. 0. 0. 0. 0.
    0. 0. 0. 0. 2.34123622e-003 0. 0. 0. 0. 0. 0. 9.03640059e-004
    5.53605860e-005 0. 1.56981708e-003 0. 0. 0. 0. 6.28725765e-003 0.
    9.32222977e-003 0. 1.48761296e-006 0. 0. 0. 0. 0. 0. 0. 0. 0. 0.
    1.31142815e-003 0. 0. 0. 6.79088349e-004 0. 0. 0. 1.31952798e-003 0.
    0. -1.47308514e-004 0. 0. 0. 2.19518086e-003 8.59135948e-003
    -4.30167245e-004 0. 0. 0. 0. 0. 7.13159656e-003 4.60973522e-003
    9.42979474e-003 0. -4.56423819e-004 0. 0. 0. 0. 0. 0. 0. 0. 0. 0.
    8.39466695e-003 0. -2.65277922e-003 0. 8.66970420e-003
    -6.24101143e-004 0. 1.86608564e-002 0. 0. 1.72904646e-003 0. 0.
    2.70980853e-003 0. 0. 0. 0. 0. 0. -1.50739488e-005 0.
    3.86423594e-003 0. 1.36381178e-003 2.49212468e-003 0.
    2.07664049e-003 0. 0. 0. 0. 0. 0. 0. 0. 0. 6.62189908e-004
    8.85135401e-003 0. 0. 0. 0. 0. 0. 6.59979414e-004 1.48990552e-003 0.
    0. 4.94384585e-005 0. 9.68638994e-003 0. 0. 1.09507784e-003
    1.91021967e-003 0. 0. 0. 0. -4.93669184e-004 5.78469178e-003 0. 0.
    1.45525755e-002 3.48940585e-003 -6.89914043e-004 1.65839074e-003 0.
    0. 0. 0. 5.67837246e-003 0. 0. 0. 0. 0. 0. 0. 0. 0. 0.
    -6.49071308e-006 1.03935821e-003 2.21613748e-003 2.31238338e-003 0.
    2.59963736e-006 0. 0. 0. 0. 0. 0. 0. 0. 0. -1.01269328e-003
    1.29437936e-003 0. 2.21633073e-003 0. 0. -1.09123637e-003 0.
    6.71621598e-003 3.64637142e-003 1.94702472e-003 4.52364067e-004 0.
    0. 1.65034726e-003 9.15666204e-003 0. 0. -2.83412379e-003 0. 0. 0.
    0. 2.02591627e-006 2.36290600e-003 0. 0. 0. 6.30922150e-004 0.
    -1.74094434e-003 0. 0. 0. 0. -4.06095787e-004 0. 0. 3.75708987e-005
    0. 0. 6.81357412e-003 0. 0. 1.64898578e-003 0. 0. 0. 0. 0.
    1.08903982e-002 0. 0. 0. 0. 9.27539449e-003 0. -9.23195694e-005 0.
    1.64483825e-003 0. 2.16503380e-004 1.03029890e-006 0. 0. 0. 0. 0.
    -1.36242772e-003 0. 0. 0. 0. 1.64704816e-003 0. 0. 0.
    6.03680499e-003 4.09471523e-003 8.95033684e-003 -1.11396750e-003 0.
    0. 0. 0. 0. 0. 0. 1.92515745e-006 0. 0. 0. 0. 0. 0. 0.
    8.02129798e-004 -1.68805104e-003 4.98713320e-003 1.57604809e-003
    9.92431212e-003 0. 0. 0. 0. 0. 0. 0. 0. 5.67191234e-003
    8.67423310e-004 0. 1.52020366e-003 0. 6.26513548e-003
    3.73667746e-004 0. -7.56157096e-004 0. 0. 0. 0. 9.38903168e-003 0.
    0. 1.33798532e-002 0. 3.42798256e-003 2.93255085e-004 0.
    -2.49617989e-003 -1.93729694e-003 0. 0. 0. 2.45883393e-006 0. 0.
    2.76463036e-003 0. 9.51877050e-003 0. 1.66049285e-003 0. 0.
    8.05134769e-004 1.82456896e-003 0. 0. 0. 6.88733300e-003 0. 0. 0. 0.
    3.12256860e-003 0. 0. 0. 0. 0. -9.32981711e-005 0. 1.83963357e-003
    2.26143585e-003 0. 0. 0. 2.10924470e-003 1.40866742e-003 0. 0.
    3.07966373e-003 1.23569614e-003 0. 8.76821857e-003 0. 0.
    5.95611939e-003 1.64867914e-003 0. 0. 0. 0. 0. 0. 2.81854048e-002
    2.22081371e-006 0. 0. 0. 0. 0. 0. 0. 0. 0. 8.60625226e-003 0.
    1.93017826e-003 0. 0. 0. 0. 0. 0. 0. -1.55398506e-003
    1.50383776e-003 1.37998711e-003 0. 7.10460125e-003 0. 0. 0. 0.
    4.25636070e-003 -1.28942681e-003 9.51725151e-003 1.77674100e-003 0.
    7.19759214e-007 0. 0. 0. 9.51785315e-003 0. 0. -6.57849305e-004 0.
