<?xml version="1.0"?>
<opencv_storage>
<imageDescriptor type_id="opencv-matrix">
  <rows>1</rows>
  <cols>1000</cols>
  <dt>f</dt>
  <data>
    8.18152353e-003 8.63802899e-003 2.78560881e-004 4.12401772e-004 0.
    5.68185234e-003 0. 0. 0. 9.16496478e-003 0. 0. 2.48009106e-004
    2.35868897e-003 0. 2.67571327e-003 2.35011554e-004 4.70505678e-004
    0. 2.75740703e-003 1.39485591e-003 3.13665415e-003 0. 0.
    1.66439160e-003 0. 4.92976746e-004 0. 0. 1.71861146e-003
    6.44512800e-003 0. -3.29639064e-004 4.13789973e-003 -4.93223197e-004
    0. 2.72934232e-003 2.74972315e-003 0. 4.30627866e-003
    3.87686002e-003 0. 7.62906810e-003 -2.88393436e-004 0. 0.
    1.40765173e-004 0. 0. 2.86564842e-004 2.27727275e-003
    -1.75992236e-003 7.32917665e-003 3.13213281e-003 5.12321619e-003
    1.26784202e-003 1.86477334e-003 0. 2.97095627e-004 1.95805309e-003
    5.67370420e-003 1.14312337e-004 2.36324733e-003 0. 0. 0. 0.
    4.78028902e-004 0. -2.84318608e-004 3.45939741e-004 3.46623338e-003
    -2.24375981e-004 0. 3.22223455e-003 4.23224177e-003 2.77666812e-004
    0. 0. 5.89854363e-003 1.69566294e-004 0. 4.16936644e-004
    9.52606730e-004 -8.19758745e-004 -9.41214443e-004 0. 2.35820917e-004
    2.76827021e-003 0. 4.58180264e-004 0. 1.90156663e-003
    1.85528910e-003 0. 1.12643372e-003 0. 3.19368090e-004 0.
    3.50573449e-004 0. 0. 0. 0. 0. 0. 0. 3.92473070e-003 1.13622693e-004
    1.16008183e-003 1.60531912e-004 8.73991696e-004 2.69706325e-005 0.
    0. 0. 0. 0. 0. 6.60718977e-003 0. -1.25455525e-004 6.73626317e-004
    1.42139406e-003 3.50771495e-003 0. 2.81250011e-003 0. 0. 0. 0. 0. 0.
    1.67308154e-003 0. 8.05607939e-004 1.05727906e-003 0.
    -7.60922208e-004 5.40956389e-003 -2.24302843e-004 2.21656123e-003
    1.68951738e-004 6.34392549e-004 1.89952273e-003 1.08481862e-003 0.
    0. -1.57387322e-003 3.44318082e-003 0. -1.72480475e-003 0.
    7.28555460e-005 2.72170315e-003 0. 5.62246423e-003 2.01768172e-003
    -1.24304194e-003 0. 0. 0. 0. 2.00174679e-003 9.07390131e-005 0.
    2.07751384e-003 -2.58468091e-004 1.64145057e-003 6.02443761e-004
    1.12409750e-003 0. 2.71431543e-003 0. 2.48824712e-003
    1.51695427e-003 4.57269559e-003 0. 0. 0. 0. 0. 1.52515841e-003 0.
    5.83326328e-005 4.43772558e-004 0. 2.50252313e-003 0.
    1.21353718e-004 1.12922059e-003 0. 5.08843630e-004 -9.39995080e-005
    0. 0. 5.70486626e-003 -1.50583172e-003 -6.27119152e-004 0.
    3.73510207e-004 0. 1.65243284e-003 -1.52770517e-004 0. 0.
    -4.08291642e-004 0. 9.18361882e-004 0. -4.20596945e-004 0. 0. 0. 0.
    0. 0. 2.72717938e-004 0. 2.61236331e-003 0. 0. 3.91709065e-004
    2.82326643e-003 0. 0. 0. 0. 0. 0. 1.05137809e-003 1.83336937e-003
    4.14211070e-004 0. 0. 9.07052890e-004 4.16493596e-004
    3.70602123e-003 1.54540455e-003 0. 0. 2.81127053e-004 0. 0.
    8.09889636e-004 0. 0. 3.64705361e-003 1.89784600e-003 0.
    1.11216411e-003 1.16787339e-003 1.59294473e-003 0. 6.09147735e-003
    0. 1.37267215e-003 0. 2.37549795e-003 1.48885162e-003
    2.73350481e-004 6.03002089e-004 0. 1.43072056e-003 -5.72735560e-004
    0. 0. 1.89083931e-003 0. 0. 0. 1.46210357e-003 0. -3.10665549e-004
    8.64271249e-004 2.89924536e-003 7.56536750e-003 5.09554695e-004 0.
    0. 0. 1.89239695e-003 2.49128207e-004 0. 1.38533372e-003
    -4.73461492e-004 1.66266621e-003 0. -2.71442346e-004 0.
    2.05129921e-003 3.38562997e-003 0. 0. 0. 0. 3.32224788e-003 0.
    1.09381253e-004 0. 0. 1.60684425e-003 2.84291455e-004 0.
    5.41573763e-003 0. 4.83935328e-005 4.66873730e-003 1.46048144e-003
    1.88027555e-003 3.04699148e-004 1.84219342e-003 4.28762520e-003
    -2.62422429e-004 1.09845342e-003 0. 3.69430799e-003 0. 0. 0. 0.
    3.87428699e-005 0. 0. 0. -4.14721144e-004 4.30031773e-003
    3.51829291e-003 -5.01601840e-004 -5.37205604e-004 0. 9.18541686e-004
    2.58721900e-003 5.23866899e-003 0. 1.75386446e-003 0.
    -2.27759709e-004 0. 0. 0. 0. 1.49704318e-003 9.35409276e-004
    -3.64723383e-004 3.22974217e-003 2.68935622e-003 -1.49347514e-004 0.
    1.79893372e-003 2.50893109e-003 0. 0. -1.01721054e-003 0.
    8.92263604e-004 0. 1.44749356e-003 1.49651407e-003 3.70642869e-004
    0. -1.54633971e-003 1.15821173e-003 4.86151129e-003 2.94048619e-003
    -7.45333906e-004 0. 3.67085682e-003 5.20685269e-003 7.66163273e-003
    4.71319398e-003 0. 3.43578705e-003 0. 3.78724537e-003 0.
    2.69532553e-003 0. 5.68408612e-003 5.23932686e-004 0. 0. 0.
    1.32476212e-003 5.05172589e-004 0. 0. 1.13826967e-003 0. 0.
    1.21077162e-003 0. 0. 7.07062427e-004 -5.07175582e-006 0.
    3.43757495e-003 -5.75507118e-004 0. 4.99373581e-003 0.
    2.94758473e-003 7.49885570e-004 0. 0. 4.32755332e-003
    5.51891862e-004 1.47564046e-003 0. 0. 0. -2.80341110e-003 0. 0.
    2.10898090e-003 1.83458743e-003 7.90953112e-004 1.31025608e-003 0.
    -2.25401207e-004 9.61306272e-004 0. 1.50379585e-003 0.
    2.13590963e-003 2.09949142e-003 0. 2.74585863e-003 2.42980619e-004
    0. 4.65119770e-003 -3.70833877e-004 0. 2.54263752e-003 0. 0. 0.
    2.80426163e-003 0. 1.02052919e-003 -4.12363268e-004 0.
    4.93234070e-003 -4.82407377e-005 1.60962925e-003 0. 9.27577086e-004
    0. -1.66092464e-003 -5.58049011e-004 4.69429448e-004 0. 0.
    1.10381260e-003 1.17807719e-003 1.44425279e-003 2.24292814e-003
    1.31803052e-003 1.61071727e-003 2.12320732e-003 0. 1.71264063e-003
    0. 1.15445699e-003 8.83017725e-004 7.23303936e-004 7.04064092e-004
    -1.24402670e-003 2.98144616e-004 2.81925104e-003 0. 0.
    -1.25694636e-003 0. 1.83419732e-003 0. -5.60205430e-004 0.
    -6.30922383e-004 0. 0. 0. 3.68572306e-004 2.31979694e-003
    7.98098918e-004 0. 2.20151152e-003 -9.82683268e-004 0. 0.
    6.58062869e-004 0. 0. 1.45381223e-003 2.77929287e-003
    2.77392007e-003 0. 0. 5.26331924e-003 0. 0. 8.61030596e-004 0. 0. 0.
    0. 0. 2.24172371e-003 1.10302784e-003 0. 0. 2.20863242e-003
    -7.62127747e-004 9.84590501e-004 1.08358415e-003 1.39184145e-003 0.
    0. 1.49532070e-003 5.00517292e-003 1.28683459e-003 -9.97533789e-004
    1.34497264e-003 0. 0. 0. 3.75330262e-003 2.81853275e-003 0. 0.
    2.67294189e-003 3.05221160e-003 3.81387770e-003 0. 0.
    2.48745526e-003 -6.10904768e-004 5.23802591e-003 1.06368773e-003 0.
    0. 0. 0. 1.72512524e-003 5.20537200e-004 0. 0. 0. 0. 2.41371617e-003
    2.79407110e-003 -1.26454688e-004 0. 7.77381880e-004 7.26406137e-003
    0. 0. 1.80887640e-003 5.47548616e-003 0. 0. 2.40858039e-003 0.
    2.27972865e-003 -8.70085962e-004 1.33598864e-003 3.49747832e-003
    4.25108988e-003 3.01759667e-003 2.26035248e-003 1.62665895e-003 0.
    3.96060804e-003 0. 0. 0. 0. 0. 1.22225552e-003 0. 1.69514061e-003
    7.73507752e-004 0. 5.02571987e-004 0. 1.42970507e-003
    1.85966154e-003 0. 2.12046271e-003 5.64302085e-004 1.02619850e-003
    -1.04463566e-003 0. -1.12861954e-003 1.18202134e-003 1.16310839e-003
    0. 0. 3.47860833e-003 1.15273555e-003 6.01514475e-004
    2.90699466e-003 0. 0. 1.26620953e-003 3.59597802e-003 0.
    2.71825143e-003 2.77880300e-003 0. 0. 3.40343476e-003 0. 0.
    1.93968939e-003 0. 0. 7.01347191e-004 1.34283933e-003 0. 0.
    1.58495642e-003 1.36963744e-003 0. 0. 0. 0. 1.21274636e-004
    5.46173775e-004 9.25947737e-004 2.09967233e-003 1.11767801e-003
    6.66976150e-004 0. 3.45652713e-003 1.09300017e-003 2.39010621e-003
    3.54229030e-003 1.71797210e-003 0. 0. 1.51619629e-003
    2.12440244e-003 5.28459204e-004 0. 0. 1.36818457e-003
    2.88941339e-003 1.90041692e-003 6.42504485e-004 -2.58082087e-004 0.
    0. 1.67378734e-004 -1.60935719e-003 -2.84561829e-004 7.86056556e-003
    6.08174887e-004 0. 2.51137326e-003 0. 0. 0. 0. 3.63063859e-003
    2.25406536e-003 0. 1.37892249e-003 0. 3.07412772e-003
    4.11906559e-003 0. -5.67517454e-005 2.34230421e-003 -2.28712102e-003
    0. 0. 8.89421790e-005 -6.34168508e-004 0. 0. 9.46015411e-004 0. 0.
    6.08779665e-004 9.66766325e-004 0. 0. 0. 3.03298631e-003
    7.13086396e-004 2.30826880e-003 0. 0. 0. 0. 0. 4.24336595e-003 0.
    2.03134678e-003 0. 1.11403635e-004 1.83352357e-004 4.57424391e-003
