<?xml version="1.0"?>
<opencv_storage>
<imageDescriptor type_id="opencv-matrix">
  <rows>1</rows>
  <cols>1000</cols>
  <dt>f</dt>
  <data>
    0. 6.16788026e-003 0. 0. 0. 1.06476969e-003 0. 1.60842563e-003
    1.82177615e-003 0. 0. 0. 1.22306198e-002 0. 0. 2.28874595e-003 0.
    2.19131261e-003 0. 0. 0. 0. 1.06609939e-002 0. 0. 9.52114351e-003 0.
    0. 0. 0. 0. 0. 0. 0. 0. 7.39874411e-003 0. 0. 4.75152023e-003 0. 0.
    3.69185535e-003 0. 4.98690829e-003 1.38101634e-003 0. 0.
    2.53942562e-003 0. 0. 0. 7.73410313e-003 0. -1.47523254e-003 0. 0.
    4.61323699e-003 0. 0. 1.24808925e-003 0. 0. 0. 8.11047945e-003 0. 0.
    -2.83651054e-003 0. 0. 0. 0. 2.72188568e-003 0. 0. 0.
    -7.38107949e-004 0. 0. 0. 1.14533736e-003 1.88652892e-003 0. 0. 0.
    0. 0. 0. 0. 0. 0. 7.23878993e-003 0. 0. 1.28946407e-003 0. 0.
    1.74695756e-002 1.92135610e-002 1.41297232e-005 -3.16106435e-003 0.
    3.31873540e-003 0. 0. 0. 1.19652285e-003 0. 5.14413789e-003
    1.67764258e-003 0. 1.15395081e-003 0. 0. 0. 2.70121265e-003 0. 0. 0.
    0. 3.39685357e-004 4.29776032e-003 0. 4.42165794e-004 0. 0.
    -8.69705691e-004 0. 4.49673925e-003 0. -5.23711729e-004
    1.37370531e-004 0. 0. 7.52098905e-003 0. 0. 8.31995066e-003 0.
    3.90732632e-004 0. 0. 1.70928985e-003 0. 0. 0. 0. 0. 0.
    1.62977853e-003 0. 0. 0. 0. -2.75243860e-004 3.05835769e-004 0. 0.
    0. 7.13835284e-003 -1.22372829e-003 0. 0. 0. 4.64365212e-003
    2.61718407e-002 0. 4.01265314e-003 0. 0. 1.60423741e-002
    -1.76723406e-003 2.82734516e-003 -3.12805618e-003 0. 3.89698078e-003
    0. 1.17037361e-002 0. 0. 0. 0. -8.88879702e-004 7.15148635e-005
    3.38840997e-003 8.98852479e-003 0. 0. 0. 0. 0. 0. 2.40689679e-003 0.
    0. 0. 0. 0. 6.14577089e-004 0. 3.09809367e-003 4.87960549e-003 0. 0.
    0. 0. 0. 0. 0. 0. 0. 0. 0. 0. 3.23474570e-003 0. 0. 2.40334100e-003
    0. 0. 0. 0. 2.79708742e-003 0. 0. 0. 0. 3.30072432e-003 0.
    -9.24069376e-004 1.61131751e-003 0. 0. 0. 3.44780134e-003 0. 0. 0.
    0. 0. 0. 0. 1.45110264e-002 1.50701916e-003 8.34761467e-003 0.
    1.93209643e-003 6.38474803e-003 1.31344641e-004 5.69810998e-003
    7.73338042e-003 0. 2.20276625e-003 2.63645756e-003 4.10760147e-003
    0. 0. 7.34210666e-003 5.24355890e-003 1.95465237e-003
    9.70316958e-003 0. 3.86479637e-003 1.93685223e-003 0. 0.
    3.83128342e-003 0. 6.14986336e-003 0. 0. 0. -2.27954844e-003 0.
    6.70321751e-003 0. 0. 0. 0. 0. 0. 1.96552300e-003 -1.38151750e-003
    6.68821437e-003 1.12602981e-002 0. 0. 0. 0. 0. -2.29640245e-005
    1.52384012e-003 0. 1.32468704e-003 0. 0. 0. -1.05433981e-003
    7.85780372e-004 8.00734735e-004 0. 0. 3.35401739e-003
    1.96537608e-003 0. 3.62781202e-003 0. 0. 0. 0. 4.26968123e-004
    6.13535522e-005 0. 0. 0. 0. 0. 0. 0. 0. 1.80606556e-003 0. 0. 0.
    -1.85413694e-003 0. 0. 0. 0. 5.56909293e-003 0. 4.30653075e-004 0.
    0. 0. 0. 0. 0. 0. 0. 0. -5.04173199e-003 0. 0. 0. 0. 0.
    4.69180988e-003 1.44387526e-003 0. 2.70787603e-003 0.
    2.49834768e-002 0. 4.85454733e-003 0. 0. 2.87915533e-003 0. 0. 0.
    2.74653314e-003 0. 0. 0. 0. 4.64562513e-003 2.79325107e-003
    4.40826733e-003 0. -5.21535613e-003 0. 0. 0. 0. 9.00726207e-003
    4.75811632e-003 1.47027336e-003 3.73407244e-003 0. 0.
    3.13467765e-003 0. 0. -1.02714300e-002 0. 0. 1.88015343e-003 0. 0.
    0. 0. 0. 0. 2.03518383e-003 8.73046741e-003 0. 0. 0. 0. 0. 0. 0.
    6.69695716e-003 0. 0. 0. 0. 4.34143236e-003 -1.93180822e-004
    1.83267763e-003 0. 0. 0. 0. 0. 1.26796123e-003 0. 2.80229864e-003
    1.00186700e-002 0. 0. 0. 0. 0. 0. 5.44164097e-003 0. 0. 0. 0. 0. 0.
    0. 0. 0. 0. 2.20067846e-003 4.37122956e-003 0. -1.00300321e-003 0.
    4.34519118e-003 0. -9.00104234e-004 0. 0. 0. 0. 0. 0. 0.
    7.65280705e-003 4.24811011e-003 0. 3.63781350e-004 0. 0.
    2.44105626e-002 0. 0. 0. 2.50830688e-003 0. 0. 0. 0. 0. 0.
    7.20222341e-003 0. 0. -8.48047610e-004 1.13694500e-002 0. 0. 0. 0.
    -2.43876275e-004 1.45250015e-004 0. 0. 0. 1.16222370e-002 0.
    -8.33300001e-004 0. 0. 0. 0. 0. 0. 0. 0. 0. 0. -1.13851845e-003 0.
    0. 1.82184065e-003 0. 0. 0. 0. 0. 0. 1.66323455e-003 0. 0.
    -1.02076319e-003 0. 0. 0. 4.97066043e-003 0. 1.72962085e-003 0. 0.
    -1.61925715e-003 1.53590238e-003 2.75332909e-002 0. 0.
    -9.19316488e-004 0. 0. 0. 0. 0. 0. 0. 6.44149911e-003 0. 0. 0. 0. 0.
    0. 2.92426645e-004 1.15543371e-003 5.97301824e-003 2.11407826e-003
    0. 0. -2.42137793e-003 -4.67963138e-004 0. 0. 0. 0. 1.23416968e-002
    -6.62843836e-003 -1.46918450e-004 -7.21420511e-004 7.87139870e-003
    6.69588195e-003 0. 0. 0. 0. 0. 1.64634548e-003 0. 1.35069375e-003
    1.18419726e-003 2.15624948e-003 0. 3.97280231e-003 0. 0. 0. 0.
    5.51112648e-003 6.34091813e-003 0. 0. 0. 0. 0. 0. 1.09915005e-003 0.
    0. 2.23319093e-003 -1.95919885e-003 0. 0. 0. 0. 0. 0. 0.
    2.72606942e-003 3.79711878e-003 0. 4.32926137e-003 0. 0. 0. 0. 0.
    1.69546125e-004 0. 0. 1.51496870e-003 0. 0. 0. 2.16852757e-003 0. 0.
    1.14994729e-003 0. 1.27879775e-003 -9.80148325e-004 0. 0. 0. 0. 0.
    2.08157953e-003 0. 2.27697822e-003 0. 0. 0. 0. 1.07044773e-003 0. 0.
    2.26064096e-003 0. 0. 0. 0. 0. 6.15906995e-003 1.12151436e-003
    -1.92752236e-003 0. 0. 0. 7.20599433e-003 0. 0. 8.12440063e-004 0.
    1.33812521e-002 0. 0. 0. 0. 0. 0. 0. 1.06571056e-002 0. 0.
    2.99279054e-004 -2.23284680e-003 0. 0. 0. 0. 0. 0. 0.
    1.00007439e-002 0. 5.25348866e-003 -2.18007411e-003 0. 0. 0. 0.
    2.46491237e-003 1.33936899e-003 1.76672172e-003 1.72352348e-003 0.
    8.53331201e-003 0. 0. 0. 0. 8.07695463e-003 8.73490528e-004 0. 0. 0.
    0. 1.83067797e-003 0. -1.21569866e-003 0. 0. 0. 0. 2.37384508e-003
    0. 0. 1.46537949e-003 0. 0. 0. 0. 0. 0. -2.36074417e-003 0. 0. 0. 0.
    0. 0. -6.29716495e-004 0. 0. 0. 0. 0. 6.18465664e-003
    1.83994405e-003 0. 0. 3.80492676e-003 0. 0. 0. 0. 0. 0.
    2.43832218e-003 0. 0. 0. 0. 2.82436213e-003 0. 6.74558105e-003 0. 0.
    0. -1.33384382e-002 0. 0. 0. 0. 0. 0. 0. 0. 0. 0. 6.33138523e-004 0.
    -1.12062797e-003 0. 0. 0. 3.67697724e-003 0. 0. -9.05192137e-005 0.
    2.90727383e-003 0. 0. 0. 0. 1.03862956e-003 0. 0. 4.75504482e-003 0.
    0. 2.17944011e-003 0. 0. 7.11759226e-003 2.50664714e-004 0.
    1.38968928e-003 0. 0. -8.92542652e-004 8.06722085e-007
    3.95058515e-003 2.04934715e-003 4.93168551e-003 0. 0.
    1.00706778e-002 0. 0. 0. 6.20959618e-004 0. 0. 2.29560258e-003 0.
    6.61045662e-004 1.54828653e-004 0. 0. 0. 0. 0. -9.19928134e-005 0.
    0. -2.58588791e-003 0. 9.17177647e-004 0. 1.68885395e-003 0. 0. 0.
    0. 5.63846482e-003 0. 2.46713776e-003 0. 0. 0. 0. 9.44504980e-004
    -2.69028271e-004 0. 0. 0. 0. 0. 0. 0. 0. 0. 5.99785568e-003 0. 0.
    2.74281995e-003 0. 0. 0. 0. 0. 0. 0. 0. 0. 0. 0. 1.46369881e-003
    5.49059501e-003 0. 0. 1.11161079e-003 5.58572356e-003 0. 0.
    2.54623406e-003 7.85994460e-004 4.71849600e-003 0. 0. 0. 0. 0.
    4.45914268e-003 3.84281459e-003 5.86534012e-003 3.31478100e-003 0.
    0. 1.48850838e-002 0. 0. 0. 0. 0. 3.33702611e-003 0. 8.21962859e-003
    0. 0. 0. 0. 0. 0. 0. 0. 0. 0. 0. 0. 6.72824495e-003 0.
    1.01207953e-003 0. 0. 0. 1.33075763e-003 2.08052667e-003 0. 0.
    1.48923451e-003 -1.11501431e-003 0. 0. 0. 1.37722015e-003 0. 0. 0.
    0. 3.03926063e-003 6.52565213e-004 0. 0. 0. 0. 0. 0. 0. 0. 0. 0. 0.
    0. 0. 0. 0. 0. 0. 0. 0. 2.26760004e-003 0. 0. 0. -5.67715506e-005 0.
    1.12200296e-003 1.63363607e-003 0. 0. 0. -1.40426122e-003
    -1.70140027e-003 0. 0. 0. 0. 0. 0. 8.44246650e-004 5.01119182e-004
    -1.92196894e-004 0. 0. 2.91040749e-003 0. 6.69275317e-003
    6.11627195e-003 0. 6.74677081e-004 8.08975752e-003 0. 0. 0. 0. 0. 0.
    0. 0. 0. 0. 0. 9.45780601e-004 0. 1.33890407e-002 0. 1.55527098e-003
    0. 7.09823146e-003 -7.45009026e-003 0. 0. 5.66075672e-004 0. 0. 0.
    0. 0. -5.56065759e-004 0. 0. 0. 6.21918356e-003 0.</data></imageDescriptor>
</opencv_storage>
