<?xml version="1.0"?>
<opencv_storage>
<imageDescriptor type_id="opencv-matrix">
  <rows>1</rows>
  <cols>1000</cols>
  <dt>f</dt>
  <data>
    0. 0. 0. 8.50506476e-004 0. 2.63362424e-003 0. 1.77882717e-003
    4.18310799e-003 0. -9.58273362e-004 0. 0. 6.98046293e-003
    7.31122040e-004 1.06285512e-003 0. 0. 0. 0. 0. 3.48117598e-003 0. 0.
    -1.74521690e-003 4.47350414e-003 0. -3.91714042e-004 9.24907799e-004
    1.29858474e-003 3.51002393e-003 0. 0. 0. 0. 1.50311983e-003
    3.12379119e-003 0. 2.63707945e-003 6.32754003e-004 1.31145865e-003
    0. 0. 1.33247003e-002 0. 0. 4.18225769e-003 0. 0. 0.
    -2.42937895e-004 -4.52745473e-004 1.90396060e-003 0. 7.90666230e-003
    -2.74026976e-003 -3.04331444e-003 5.11084450e-004 0. 0. 0.
    -6.74170660e-005 5.18532528e-004 0. 0. 2.60603352e-004
    3.81129561e-004 4.82306525e-004 4.18722024e-003 0. -4.03833023e-004
    0. -1.37212715e-004 0. 4.09114000e-004 -3.06418544e-004
    4.31638182e-004 0. 0. 8.63132533e-003 0. -1.97585952e-003
    2.17804831e-004 1.07027253e-003 -7.49609375e-004 0. 7.09220767e-004
    9.64333420e-004 0. 0. 3.22422944e-004 0. 0. 1.60109252e-004 0.
    1.21260225e-003 0. -1.85809738e-003 -1.39426847e-004 1.41502591e-003
    3.89322033e-003 1.30654080e-003 0. 4.41319169e-003 0. 0. 0. 0. 0. 0.
    3.70616675e-003 0. 0. 1.61467097e-003 2.36000679e-003 0.
    2.00210809e-004 1.19516358e-003 0. 8.22487229e-004 0.
    4.93919710e-004 0. 0. 0. 1.62494509e-003 -7.98456138e-004
    1.53172412e-003 0. 7.52099848e-004 0. 3.05518769e-002
    4.57378279e-004 0. 0. 3.45607195e-003 0. 0. 0. 0. 0. 8.52477737e-004
    0. 0. 5.50365075e-004 6.82708714e-003 0. 0. 3.18029290e-003
    -3.61835082e-005 1.36912661e-003 0. 3.33023653e-003 1.53051119e-003
    1.68661214e-003 6.50015834e-004 0. 0. 0. 1.27113762e-003
    2.21179985e-003 0. 3.91489826e-004 3.66465934e-003 6.71808259e-004
    0. 2.43529072e-003 1.46630371e-003 0. 0. 2.55690073e-003
    3.63548403e-003 1.47555128e-003 -4.87007725e-004 1.46134105e-003 0.
    2.36131935e-004 0. 0. 0. -3.78364319e-004 0. 1.12359715e-003
    5.29000943e-004 3.52302543e-003 7.65824411e-003 1.52544677e-003 0.
    0. 0. 0. 1.13247836e-003 0. 3.53792426e-003 0. 1.65560667e-003 0. 0.
    0. -8.22747883e-004 1.56695896e-003 0. 4.39982675e-003
    5.94490033e-004 7.01769162e-003 3.99939762e-003 7.26599887e-004 0.
    9.26174340e-004 0. 0. 5.56993240e-004 0. 0. 0. 0. 0. 2.25095660e-003
    0. 0. 2.33188691e-003 0. 3.55588534e-004 0. 0. 3.99933662e-003 0. 0.
    4.72617277e-004 0. 6.36968238e-004 3.18740320e-004 0. 0.
    6.10256218e-004 -1.82720714e-006 0. 1.53176975e-003 0. 0.
    2.30271672e-003 0. -1.38979557e-003 1.79431471e-003 1.77204143e-003
    2.71612254e-004 0. 1.09905405e-002 0. 5.65253024e-004
    1.74593821e-003 0. 1.09669112e-004 3.56533565e-003 8.05626099e-004
    0. 8.15080653e-004 0. 0. 8.97221547e-003 1.45484507e-003
    -9.46834916e-004 -7.11325556e-004 1.57387007e-003 0. 0.
    3.66201438e-003 -1.32014323e-003 0. 0. 0. 8.65404680e-003
    1.53578701e-003 7.90314842e-003 1.45838363e-003 0. 0.
    4.50845720e-004 0. 3.31316772e-003 7.09236483e-004 2.64366437e-003
    0. 1.94985105e-003 2.46740552e-003 0. 3.97247216e-003 0. 0.
    1.01302995e-003 4.16401570e-004 1.23798789e-003 -4.43788478e-004 0.
    7.89922196e-003 0. 6.79949904e-003 7.55221641e-004 1.49765785e-003
    1.10519910e-003 8.14450090e-004 0. 0. 1.34952285e-003 0. 0. 0. 0. 0.
    0. -2.04396274e-005 0. 1.81319437e-003 0. -7.26102327e-004 0. 0.
    2.01548100e-003 0. 4.51307511e-003 0. 0. 4.06796718e-003 0. 0.
    1.03622628e-003 0. 0. 2.33529788e-003 0. 0. 0. 0. 0. 0.
    5.31581463e-004 2.10525654e-003 0. 0. 0. 0. 0. 0. 0.
    -2.07556249e-003 5.02947041e-005 0. 5.47885802e-003 0. 0. 0.
    2.55886768e-003 2.37624440e-003 0. 0. 1.24115159e-003 0.
    1.24883687e-003 1.77055248e-003 4.02754452e-003 0. 2.14886875e-003
    0. 2.85198051e-003 0. 0. -1.52629043e-004 0. 0. 4.36444394e-003 0.
    0. 0. 1.79448840e-003 0. 4.15110029e-004 0. 0. 0. 1.08061209e-002
    -1.01367955e-003 2.35813553e-003 -2.31234939e-004 0. 1.08264969e-003
    0. 0. 0. 0. 2.90683261e-003 8.34585726e-003 1.13799132e-003
    4.59917169e-003 4.19903826e-003 0. 1.60868268e-003 0. 0.
    5.43815957e-004 8.25946277e-004 0. 6.23260217e-004 0. 0.
    1.95597322e-003 1.48391654e-003 0. -2.32244915e-004 0.
    1.44049583e-003 0. 4.53515357e-004 1.61443336e-003 -3.08153045e-004
    0. 0. 0. 1.15474022e-003 4.69212700e-003 3.58141400e-003 0.
    9.67033033e-004 0. 0. 0. 1.44488337e-002 0. 1.08529895e-003 0. 0. 0.
    0. 2.64522014e-003 0. 0. 5.46336058e-004 0. 0. 1.88016321e-003
    -1.90379898e-004 3.59844952e-003 0. 7.39316514e-004 0.
    -1.14185666e-003 1.26653432e-003 0. 0. 0. 0. 0. 0. 0.
    3.82691040e-004 0. 6.06328831e-004 0. 4.22267243e-003 0. 0. 0. 0. 0.
    -8.61881927e-005 0. 1.96942897e-003 0. 0. 0. 0. 0. -3.74040310e-003
    0. 5.73200930e-004 0. 0. 0. 0. 0. 0. 1.51288477e-004 0. 0. 0.
    -8.77929851e-004 1.84539054e-003 6.90279528e-003 2.76307971e-003 0.
    1.98722482e-004 0. 3.24757071e-004 1.16696313e-003 -1.38569809e-003
    0. 5.62350312e-003 0. 0. 0. 0. 6.59105368e-004 0. -3.96046788e-004
    0. -1.95219967e-004 0. 0. 1.13574434e-002 4.73439606e-004
    5.44557523e-004 0. 0. 0. 0. 4.67910571e-003 0. 0. 1.45077205e-003
    1.00894580e-002 8.06740299e-003 1.06775761e-002 0. -1.79437877e-004
    0. 0. 0. 1.32627124e-002 2.58911145e-003 2.14350875e-003
    2.82098097e-003 3.94249073e-004 1.01732928e-002 0. 0. 0.
    1.91996479e-003 2.32755067e-003 8.95260833e-004 6.65060186e-004
    5.19101834e-003 0. 0. -6.43664622e-004 -2.38826236e-004
    1.55000575e-003 1.11850733e-002 0. 0. 2.16906751e-003 0. 0. 0. 0.
    2.70969514e-003 0. 0. 0. 0. -3.15443001e-004 -5.20369969e-004
    1.24345161e-003 0. 0. -3.35875928e-004 3.43657332e-003
    3.04101920e-003 -2.42797891e-004 4.50490229e-003 0. 0. 0. 0.
    3.33591993e-003 0. 2.51454534e-003 0. 0. 0. 0. 5.54902758e-003
    5.87548129e-004 0. 0. 3.67068336e-003 0. 0. 0. 0. 7.60600669e-003 0.
    0. 5.41843649e-004 9.98455379e-003 -8.25354873e-005 0.
    -5.14400948e-004 0. 1.30654743e-003 0. 0. 1.17658870e-004
    4.97503206e-003 1.77453645e-003 0. 0. 5.29301818e-003
    2.12208470e-004 7.60205585e-005 0. 0. 0. 4.52752458e-003 0.
    6.52334001e-003 0. 0. 0. 2.22600088e-003 0. 5.23003924e-004 0. 0. 0.
    0. 1.03034768e-002 5.37412195e-003 9.97173134e-004 0.
    2.80484150e-004 0. 0. 0. 0. 4.23436053e-003 0. -2.32365495e-003
    6.56311517e-004 8.80312466e-004 0. 2.45309714e-003 0.
    3.35052982e-003 0. 2.42518401e-003 0. 4.51842730e-004
    -4.73875902e-004 6.58242730e-004 0. 4.55469126e-003 0. 0. 0.
    3.40830395e-003 1.35954830e-003 0. 5.49483532e-003 8.53175763e-003
    0. 1.78158050e-003 0. 1.55138643e-003 1.63672608e-004 0. 0.
    -3.68117762e-004 -3.80293163e-003 3.54252243e-003 -1.18820718e-003
    -1.04435906e-003 0. 4.19588480e-003 0. 1.48623483e-003
    7.16814946e-004 -3.66947817e-004 7.85820303e-004 7.81470630e-003 0.
    9.47653243e-005 2.58591957e-003 1.55992713e-003 4.21110447e-003 0.
    1.21742953e-003 1.03509810e-003 -1.24826585e-003 3.28455144e-003 0.
    1.98471872e-003 2.31204089e-003 0. 0. 0. 0. -9.92710047e-005 0.
    8.12307699e-004 3.74214171e-004 0. 9.50327085e-004 0. 0. 0. 0. 0. 0.
    -3.91131383e-004 0. 0. 8.95241741e-003 -7.11832472e-005 0. 0.
    4.15791765e-005 1.19753531e-003 2.42320719e-004 -1.61494987e-004 0.
    1.17630290e-003 9.16527293e-004 1.04754268e-004 0. 0.
    1.54433004e-003 0. 1.25132187e-003 0. 0. 0. 0. 0. 3.95204546e-003 0.
    0. 2.26445240e-003 8.75674537e-004 0. 3.20658553e-003
    3.00001795e-003 2.62980838e-003 1.41895667e-003 1.80700119e-003
    4.29086760e-003 0. 6.62630948e-004 0. 2.21602572e-003 0.
    2.47676345e-003 0. -1.13679736e-004 0. -6.44402346e-004 0.
    1.23098167e-003 0. 5.85433481e-005 0. 1.58656423e-003
    1.75195441e-004 1.82883907e-003 0. 0. 0. 8.62206216e-004
    7.17213086e-004 0. -2.16858485e-003 1.66935404e-003 -1.88513135e-004
    0. 5.53933810e-003 0. 0. 1.50072505e-003 6.68647292e-004 0.
