<?xml version="1.0"?>
<opencv_storage>
<imageDescriptor type_id="opencv-matrix">
  <rows>1</rows>
  <cols>1000</cols>
  <dt>f</dt>
  <data>
    0. 2.34438083e-003 0. 0. 3.59867513e-003 0. 0. 7.99619593e-004 0.
    7.41479639e-003 0. 0. 0. 0. 0. 2.42162892e-003 0. -2.14499072e-003
    -4.54696186e-004 0. 0. 2.03517964e-003 7.10227061e-004 0. 0. 0. 0.
    3.56163859e-004 0. 1.82249385e-003 7.78828049e-004 1.86938688e-003
    0. 1.73480082e-002 0. 0. 1.76768063e-003 2.60585267e-003 0. 0. 0.
    1.90252415e-003 1.98778789e-003 2.93722353e-003 0. 0. 0. 0.
    3.47838248e-003 4.57112631e-003 0. 0. 0. 4.42765304e-005 0.
    1.67317910e-003 0. 2.57423404e-003 5.36060613e-003 0.
    1.51735020e-003 1.62889585e-002 0. 0. -2.75841751e-003 0.
    2.68293475e-003 0. 5.99616207e-003 -9.77706281e-004 -3.94694973e-003
    0. 0. 0. 0. 1.87273661e-003 0. -3.96275427e-005 1.47488981e-003 0.
    6.99999335e-004 -6.26517693e-004 3.27111618e-003 1.28474971e-003 0.
    0. 1.61677552e-003 0. 4.93898755e-003 0. 0. 0. 6.92430593e-004
    3.20473197e-003 -7.10777706e-004 0. 0. 0. -9.76907555e-004 0.
    1.04062154e-003 0. 0. 0. 0. 0. 0. 0. -4.59874561e-003
    4.90821432e-003 -1.13460305e-003 2.91287317e-003 0. 3.05018038e-004
    6.09220733e-005 6.07483741e-003 2.23744311e-003 0. 0.
    -1.11383665e-003 0. 0. -4.72579180e-004 6.82287989e-003 0.
    -2.38387939e-003 8.29624478e-004 0. 0. 0. 0. 0. 0. 0. 0. 0.
    1.55332843e-002 0. 1.51892286e-003 0. 8.22690665e-004 0.
    5.15552936e-004 0. 4.75407753e-004 7.82012998e-004 0.
    1.57722086e-003 2.46608793e-003 0. 1.07963907e-003 0.
    1.86549779e-003 2.24829954e-003 6.71804941e-004 0. 7.40898773e-003
    0. 0. 3.96654825e-004 0. 6.16384810e-003 0. 3.65070510e-003
    2.35625994e-005 0. 0. 0. 1.34945542e-004 1.15035824e-003 0. 0. 0.
    -3.18716629e-005 0. 4.05156054e-003 0. -2.55128427e-004 0.
    6.17009529e-004 4.75448603e-003 0. 2.07895041e-003 -5.01453970e-003
    0. 4.83535277e-003 0. 4.38768510e-003 0. 0. 0. -6.33124495e-004
    5.75534441e-002 -3.55103496e-003 0. 6.41647057e-005 7.88314547e-003
    3.57153622e-004 2.26341723e-003 0. 0. 0. 7.27441919e-004 0. 0. 0.
    5.42825833e-003 0. -4.12497018e-003 0. 2.48198234e-003 0.
    2.66515207e-003 0. 0. 1.39293174e-004 0. 0. 0. 0. 1.31754740e-003 0.
    2.25396667e-004 0. 4.95402957e-004 5.12711063e-004 2.13794527e-003
    5.58832334e-003 0. 0. 0. -4.42872115e-004 0. 0. 0. 0. 0.
    2.07359996e-003 1.08554447e-003 0. 1.12847076e-003 -2.79062486e-004
    3.58654535e-003 0. -8.95696227e-004 0. 0. 0. 1.08381116e-003 0.
    4.18529817e-004 2.21027396e-004 0. 0. 3.56768863e-003 0. 0. 0. 0. 0.
    0. 0. 2.19287840e-003 0. 0. 0. 2.26525031e-003 0. 6.48083305e-003 0.
    1.30932452e-002 0. 0. 0. 3.79216275e-004 0. 2.08105519e-003
    6.39771065e-003 0. -1.13738503e-003 0. 0. 0. 5.28506469e-004 0.
    1.38400600e-003 5.62776672e-003 -1.75564655e-003 0. 2.78372271e-003
    1.36215391e-003 0. 0. 0. 0. 0. 0. 0. -8.75025522e-004 0. 0.
    1.12661803e-002 8.75475258e-003 0. 0. 0. 0. 1.58028863e-003 0.
    1.67782069e-003 2.14923220e-003 -2.14753556e-003 0. 5.99796744e-003
    2.87381536e-003 0. 3.28375114e-004 4.01930232e-003 0. 0.
    -5.66485163e-004 0. 2.67052092e-003 0. 0. 8.71294702e-004 0. 0.
    6.36024633e-004 0. 0. 2.08738111e-005 1.36015681e-003 0.
    1.65948854e-003 0. 0. 0. 0. 0. 9.02743253e-004 0. 4.02521901e-003 0.
    1.00942561e-003 0. 2.47483869e-004 0. 8.62623507e-004 0. 0.
    3.42984800e-003 0. 4.33456013e-003 0. -1.13117530e-004 0. 0. 0.
    5.66534873e-004 0. 0. 3.06328805e-003 0. 6.34564878e-003
    4.60078754e-003 0. 0. 0. -1.74280861e-003 0. 1.97609025e-003 0. 0.
    1.73675399e-002 -1.29353270e-004 2.38000695e-003 0. -4.14781738e-004
    5.81128174e-004 0. 0. 0. 3.53880227e-003 0. 0. 1.25260372e-002
    9.24040913e-004 0. 0. 0. 0. 1.86352304e-003 2.00867048e-003
    2.55396008e-005 0. 0. 0. 0. 0. 0. 8.50771740e-003 0.
    -9.92667628e-004 0. -6.02614367e-004 0. 4.02716454e-003 0.
    2.10001436e-003 0. 1.61729156e-004 6.70285989e-003 9.78346216e-005
    -8.32252903e-004 0. 5.20606758e-003 7.66392797e-003 1.20384875e-003
    0. 0. -5.94567333e-004 0. 0. -1.11465459e-003 2.98833614e-003 0.
    7.58531445e-004 -8.95294870e-005 0. 3.20054882e-004 -4.34857706e-004
    2.01542606e-003 0. 5.13545470e-003 0. -5.66803478e-003
    6.87723630e-004 0. 0. 0. 0. 7.31078384e-004 8.59635125e-004
    -7.88897392e-004 0. 0. 4.53566783e-004 2.55465112e-003 0.
    2.04569381e-003 0. 3.83825880e-003 4.63003234e-004 0.
    1.53027959e-002 0. 2.79987976e-003 0. 8.41019908e-004
    3.87687440e-004 0. 0. 0. 0. 0. 2.20246054e-003 0. 0. 0. 0. 0.
    1.90057923e-004 9.19938553e-004 0. 0. 0. 7.80611904e-003 0. 0. 0.
    2.47068703e-004 1.18563650e-003 9.36229248e-004 -1.84875156e-003
    1.72010204e-003 9.16263030e-004 0. 4.21418762e-003 0.
    4.20000358e-003 4.84111719e-004 0. 7.12651585e-004 1.11276200e-002
    -3.36309749e-005 0. 0. 0. 0. -7.94284977e-003 1.29540422e-004
    3.40637797e-003 0. 0. 5.98688703e-003 0. -9.21536062e-004 0.
    6.50410494e-003 0. 3.49479774e-003 1.14012545e-003 0. 0. 0. 0. 0.
    1.20104896e-003 0. 0. 0. 8.42950249e-004 0. 0. 1.02312723e-003 0.
    -4.55565805e-006 0. 0. 3.72775085e-003 2.47493805e-003 0. 0.
    9.40157857e-004 0. 7.47752492e-004 4.21567960e-003 8.03115370e-004
    2.55187927e-003 0. 0. 0. 0. 0. 1.03685434e-003 2.36281403e-003
    1.30345710e-002 2.23729969e-003 1.15456327e-003 0. -8.31802958e-004
    0. 5.23343508e-004 3.39614274e-003 2.24705460e-003 1.19441992e-003
    0. 0. 0. 0. 5.26398071e-004 1.88613555e-003 0. 0. 0.
    -3.96292540e-004 0. 0. 0. 6.49948124e-005 0. 0. 0. 0. 0. 0.
    6.22879388e-003 2.11029965e-003 1.83348055e-003 2.45213415e-003 0.
    1.01487618e-002 0. 5.27026597e-004 1.23230787e-002 0. 0. 0.
    8.57272011e-004 0. 1.98737462e-003 0. 0. 2.86073447e-003
    8.60371161e-004 0. 0. 0. 1.71847211e-003 0. 8.35460611e-004 0.
    -1.32416072e-003 5.44498558e-004 0. 9.44052823e-003 1.38744956e-003
    0. 0. 0. 0. 0. 0. -9.72074340e-004 8.74092896e-003 2.21725553e-003
    0. 6.11949898e-003 8.45293608e-003 0. 8.02429114e-003 0. 0. 0. 0. 0.
    1.42168039e-002 0. 0. 8.29975703e-004 0. 1.19443971e-003 0. 0. 0. 0.
    0. 0. 9.90845822e-003 0. 3.25269881e-003 -8.35347921e-004 0.
    1.46652549e-003 0. 0. 8.84807378e-004 1.48588524e-003
    2.83185719e-003 0. 4.64489392e-004 0. 2.86617223e-003 0. 0. 0.
    4.19460470e-003 3.23476852e-003 -1.77687453e-003 0. 0. 0. 0.
    -3.98408447e-004 2.03928887e-003 4.68337239e-004 0. 1.03931164e-003
    1.00708206e-003 5.69001166e-003 0. 6.56771893e-003 0.
    2.55317613e-003 0. 0. 0. 0. 0. 3.00458004e-003 0. 1.61756459e-003
    5.81293879e-003 0. 0. 2.94172880e-003 0. 0. 0. 0. 3.27473157e-003 0.
    0. -7.02538702e-004 1.22203142e-003 5.01357531e-003 0. 0. 0.
    3.93147056e-004 0. 0. 5.38013782e-003 0. 0. -8.50559038e-004 0.
    3.83817311e-003 0. 0. 0. 1.21282635e-003 9.60912555e-003 0.
    2.49948143e-003 0. 1.08026119e-003 0. 0. 0. 0. 0. 0. 0. 0. 0.
    3.40914004e-003 0. 0. 0. 0. 3.41418129e-003 8.63714900e-004 0. 0. 0.
    1.06058747e-003 1.71406229e-003 0. -1.73095206e-003 8.16454925e-003
    4.32891306e-003 0. 0. 0. 0. 3.13172257e-003 5.44897188e-003 0. 0. 0.
    0. 0. 0. 0. 1.85013458e-003 0. 0. 0. 0. 0. -2.74920114e-003
    2.85181473e-003 1.05924951e-003 0. 0. 1.03707646e-003 0. 0. 0.
    1.50848331e-003 -5.21974405e-004 0. 2.16581463e-003 1.95542560e-003
    1.14419975e-003 4.81580093e-004 4.27666469e-004 0. 5.78823325e-004
    1.48105074e-003 8.24396499e-003 0. 0. 0. 0. 0. 0. 8.30144214e-004 0.
    0. 1.36806033e-004 1.73436780e-003 0. 5.12195751e-004
    1.40910421e-003 -1.70916936e-003 1.68517232e-003 8.57184583e-004
    4.18946007e-003 0. 2.35118743e-004 0. -1.02332176e-003
    1.23808836e-003 -1.82179807e-004 0. 0. 0. 3.87775176e-003 0.
    3.04398476e-003 2.83633033e-003 1.67285104e-003 0. 1.76645629e-003
    2.19015474e-003 3.21500376e-003 0. 0. 8.93275210e-005
    2.47198343e-003 0. 3.59042035e-003 1.35301484e-003 0.
