<?xml version="1.0"?>
<opencv_storage>
<imageDescriptor type_id="opencv-matrix">
  <rows>1</rows>
  <cols>1000</cols>
  <dt>f</dt>
  <data>
    0. 0. 1.85009569e-003 0. 2.82758079e-003 0. 0. 1.33086741e-003 0. 0.
    1.13160035e-003 9.81781515e-004 0. 1.90296327e-003 0. 0. 0. 0. 0. 0.
    7.63476919e-003 0. 5.16806031e-003 0. 9.53914598e-004
    1.62876688e-003 6.75411103e-003 0. 0. 3.43194674e-003
    4.66731237e-003 0. 0. 0. 8.51564854e-003 3.94113408e-003
    -6.14969758e-005 0. 0. 0. 0. 0. 0. 0. 9.59015731e-003 0.
    1.29227657e-002 0. 0. 0. 0. 7.25769578e-003 3.82711855e-003 0.
    5.10298647e-003 0. 1.93330906e-002 0. -1.23834086e-003 0. 0. 0. 0.
    2.27282103e-003 0. 0. 0. 2.30658404e-003 0. 2.56661646e-004
    6.84931118e-004 0. -6.96897987e-005 -6.23619067e-004 0.
    -2.23481166e-003 1.01115899e-002 1.77077076e-003 0. -3.33744730e-003
    0. 0. 0. 0. 4.44412418e-003 0. 3.02567636e-003 0. 1.18002505e-003 0.
    7.04958849e-003 2.35785451e-003 2.27354540e-004 3.61917051e-003 0.
    -6.08829723e-004 0. 3.46843619e-004 1.53322914e-003 3.89782223e-003
    2.93422421e-003 1.08550964e-002 0. 0. 0. 3.17722384e-004
    4.51513287e-003 0. 0. 0. -2.15962486e-004 0. 0. 0. 0. 0. 0.
    4.08073328e-003 0. 0. -1.66306933e-007 0. -4.29327926e-003 0. 0.
    -3.12056416e-003 -8.85653484e-004 1.49031291e-002 0. 0. 0.
    7.93337997e-004 0. 1.26441207e-003 0. 0. -9.28425638e-004
    4.60348278e-003 6.00298075e-003 0. 0. 0. 0. 0. 2.45537522e-004 0. 0.
    0. 0. 0. -2.11323058e-004 0. 2.72188825e-003 1.58050167e-003
    1.56929507e-003 1.10576890e-004 0. 0. -9.45239444e-004
    1.46522152e-003 1.06830532e-002 0. 0. 3.38878832e-003
    5.04689896e-003 0. 2.04296457e-003 0. 0. 0. 0. 0. 8.77066143e-003
    6.97588176e-003 -7.96957582e-004 0. 0. -5.87274495e-004
    9.73883551e-003 6.82049990e-003 0. 0. 0. 0. 6.19444111e-003
    1.67761836e-003 0. 0. 0. 0. 9.51692404e-004 0. 0. 0. 0.
    4.82185790e-003 0. -1.70419548e-006 0. 0. 4.10224637e-003 0. 0.
    5.10669267e-003 1.76078058e-003 -2.48768367e-003 0. 0.
    8.22830480e-003 0. 0. 0. 0. 6.55190379e-005 0. 0. 1.04512449e-003
    1.25301641e-003 6.28793845e-004 8.93337931e-003 0. 0.
    8.47708667e-004 2.27548368e-003 0. 0. 0. 0. 1.87935936e-003 0.
    2.56706844e-003 0. 0. 0. 6.07491995e-004 0. 6.40248926e-003 0. 0. 0.
    0. 0. 7.09047890e-004 0. 4.41355072e-003 -8.10462632e-004 0.
    -4.49216837e-004 0. 0. -7.56379450e-004 0. 0. 2.93698069e-003
    2.15411722e-003 0. 0. 0. 0. 1.84451963e-003 2.74069887e-003 0.
    4.31790575e-003 2.04178551e-003 0. 0. 9.08783753e-004 0. 0. 0. 0.
    -2.45808950e-003 6.61359681e-003 1.26103649e-003 2.39957240e-003 0.
    0. 0. 0. 0. 8.41193739e-003 -9.00431114e-005 0. 0. 0. 0. 0. 0. 0. 0.
    3.91424913e-003 0. 1.93987507e-003 0. 0. 0. 0. 1.13388030e-002
    4.01783409e-003 0. 0. 0. 0. 0. 0. 8.07776290e-004 0. 0. 0.
    -2.37935950e-004 0. 0. 0. 0. 4.43387078e-004 0. 0. -4.04296225e-005
    0. 1.08659612e-002 7.40996609e-003 0. 0. 6.52079610e-003 0.
    1.71447080e-003 0. 0. 9.85917356e-003 2.21654586e-003 0.
    3.02110356e-003 0. 0. 0. 0. -2.81813857e-003 0. 0. 0. 0. 0. 0. 0. 0.
    0. 0. -6.76686701e-004 1.40152895e-003 0. 0. 0. 0. 0. 0. 0. 0. 0.
    1.88469898e-003 2.28258804e-003 0. 0. 0. -1.03764830e-003 0. 0. 0.
    0. 0. 0. 0. -4.13946138e-004 0. -4.55886649e-004 0. 0.
    2.11206661e-003 -1.50679944e-005 0. 5.58740133e-003 0. 0. 0. 0. 0.
    0. 0. 0. 3.06301727e-003 0. 3.21506895e-003 3.50131281e-003
    2.76613409e-005 -1.77777663e-003 0. 0. 0. 0. -1.05941296e-003 0. 0.
    0. -1.56979810e-003 0. 0. 0. 0. 2.99290661e-003 2.56298925e-003 0.
    0. 0. 0. 0. 0. 0. 1.50320251e-002 1.06692426e-002 7.94004649e-003
    2.50637974e-003 0. -4.38963016e-003 0. 0. 0. 4.49748477e-003 0. 0.
    0. 0. 5.47478794e-006 0. 2.19121128e-002 0. 0. 0. 0. 0. 0.
    2.36228644e-003 0. -1.12207851e-003 3.63606750e-003 0.
    9.02439468e-003 0. 0. 0. 0. 0. 0. 0. 0. 0. 0. 4.20175260e-003 0.
    3.95982619e-003 0. 0. 0. 0. 4.57103550e-003 0. 0. 1.65978618e-005 0.
    0. 0. 0. 0. 2.20451062e-003 3.04008531e-003 1.47437688e-003 0. 0. 0.
    0. 0. 0. 0. 0. 2.95946584e-003 0. 0. 7.99533073e-003 0.
    1.10820320e-003 0. 8.61777633e-004 0. 0. 0. 1.27083284e-003 0. 0. 0.
    0. 3.81088839e-003 0. 0. 5.79072116e-003 0. 2.46282108e-003 0.
    4.18101263e-004 0. 0. 0. 0. 0. 0. 0. 2.90388521e-003 0. 0. 0. 0.
    -1.34139403e-003 0. 8.06731824e-003 0. 0. 2.13153884e-002 0. 0.
    8.06368596e-004 0. -1.67859471e-004 0. -3.83504492e-004
    3.62463435e-003 0. 0. 0. 0. 0. 0. 2.38703075e-003 1.23560068e-003 0.
    0. 0. 0. 3.59277823e-003 4.95170942e-003 -4.03725950e-004
    1.01614855e-002 0. 0. 0. 0. 0. 3.73847876e-003 9.58653539e-003 0. 0.
    0. 0. 0. 2.42596376e-003 0. 1.83560513e-003 4.95346542e-003 0. 0.
    1.11299893e-002 0. 0. 0. 1.03235506e-002 0. 0. 0. 0. 0. 0. 0. 0. 0.
    0. 0. 1.43630442e-003 -9.19975166e-004 1.95661047e-003 0. 0. 0. 0.
    0. 0. 0. 0. -3.32111318e-004 7.11896596e-003 0. 0. 0. 0. 0. 0. 0.
    -3.92279209e-004 -4.96185618e-003 0. 1.53415534e-003 0. 0. 0. 0. 0.
    -1.41367957e-003 0. 0. 0. 0. 0. 2.15681316e-003 0. 0.
    6.40131021e-003 0. 0. -1.37397682e-003 2.63363798e-003 0.
    1.84934237e-003 0. 1.96836446e-003 0. 1.06354598e-002 0. 0.
    9.57099907e-003 0. 0. 0. 1.19112630e-003 0. 0. 0. 1.47841158e-004 0.
    1.20712342e-002 0. 8.39959306e-004 1.62646044e-002 0. 0.
    3.61473626e-003 2.81522749e-003 2.05224683e-003 1.68310630e-003 0.
    0. 0. 0. -1.56333053e-003 0. 0. 0. 0. 0. 0. 0. 3.05328495e-003
    2.71543249e-004 0. 1.32848127e-002 0. 4.04446851e-003 0.
    7.25605944e-003 3.41437967e-003 2.11120537e-003 1.05511257e-003
    1.15043363e-002 0. 0. 0. 0. 0. 0. 0. 0. 0. 0. 1.28451455e-002 0.
    1.02988374e-003 4.17683274e-003 0. 0. -2.30176913e-004 0. 0. 0.
    2.37604580e-003 -6.74158160e-004 0. 0. 0. 0. 0. 0. 0. 0.
    1.79451599e-004 7.57362228e-003 8.34695995e-003 0. 1.95204944e-003
    0. 0. 0. 0. 0. 1.54645101e-003 0. 0. 0. 0. 0. 0. 4.64587798e-003 0.
    5.77344326e-004 -1.53282890e-003 0. 0. 0. 0. 0. 0. 1.13783870e-003
    0. 1.86449979e-002 0. 0. 0. 0. 2.65197293e-003 -2.13278434e-003 0.
    0. 3.61177459e-004 1.18962238e-002 0. 0. 0. 0. 0. 0.
    -2.10858113e-003 -1.33553683e-003 0. 1.68228708e-003 0. 0. 0. 0. 0.
    -3.10046540e-004 0. 0. 2.25017685e-003 0. 0. 2.74860812e-003 0. 0.
    0. 6.31748000e-004 -6.65461703e-004 0. 0. 0. 0. 0. 1.31343084e-003
    9.20109800e-004 0. 0. 0. 0. 8.26613512e-004 0. 0. 3.14811734e-003
    3.09720090e-005 1.00727491e-004 0. 0. 0. 0. 0. 9.35587753e-003 0. 0.
    0. 0. 0. -2.36271904e-003 6.08932972e-003 0. 0. 2.59716739e-003 0.
    0. 0. 0. 6.52964693e-003 0. 0. 2.20872555e-003 0. 4.89049824e-003
    2.78355903e-003 0. 6.43364294e-003 2.34793383e-003 0. 0. 0. 0. 0. 0.
    7.07637146e-003 0. 0. 0. 6.60935766e-004 -7.23399920e-004 0. 0. 0.
    1.97769981e-003 0. 0. 0. 0. 0. 2.92718154e-003 0. 0. 0. 0.
    1.31068984e-003 0. 1.99514884e-003 -6.33937423e-004 -4.30903106e-004
    5.31661615e-004 0. 2.00113514e-003 1.06442510e-003 1.15789054e-003
    2.07239483e-003 1.12907181e-003 0. -9.38124256e-004 0. 0.
    2.40384019e-003 0. 0. 0. 0. -1.50796992e-003 3.24299396e-003
    3.27897142e-003 4.79507772e-003 0. 1.47455768e-003 0. 0. 0. 0. 0. 0.
    0. 0. -6.82374521e-004 0. 2.59609916e-003 0. 0. 0. 0.
    -9.31501214e-004 0. -5.39482164e-004 0. 0. 0. 8.59173771e-004
    3.22645856e-003 2.48086895e-003 0. -7.56730384e-004 0. 0. 0. 0. 0.
    0. 3.44009692e-004 2.18812400e-003 0. 0. 3.84226558e-004
    5.22918825e-004 0. 0. 6.82617829e-004 -1.30964560e-003 0. 0. 0.
    2.52715196e-003 0. 0. 0. 2.58544786e-003 4.00496135e-003 0. 0.
    -5.99341118e-004 0. 0. 2.35990877e-003 9.15640441e-004 0. 0.
    -3.08900577e-004 0. 4.04079678e-004 2.96861352e-003 0. 0. 0. 0.
    3.62657057e-003 3.73027474e-003 6.56400854e-003 2.12045177e-003 0.
    -5.38486289e-004 0. 0. 1.67891162e-003 0. 0. 0. 3.49327922e-003 0.
    0. 0. 0. 0. 0. 0. 1.21416536e-003 -1.85842905e-003 0.
    9.49028041e-003 4.68079560e-003 0. 0. 1.84838730e-003 0. 0.
