<?xml version="1.0"?>
<opencv_storage>
<imageDescriptor type_id="opencv-matrix">
  <rows>1</rows>
  <cols>1000</cols>
  <dt>f</dt>
  <data>
    0. 0. 3.27305892e-003 5.45493676e-004 6.73170108e-003
    3.46846855e-003 8.17063905e-004 1.72944437e-003 0. 4.22167825e-003
    4.06849431e-004 1.67553942e-003 0. 3.07470560e-003 6.85178209e-004
    0. 2.59135966e-003 0. 1.27789879e-003 0. -1.19398185e-003
    1.71193131e-003 0. 0. 0. 3.83457914e-003 0. 1.87570578e-003
    1.33186020e-003 0. 1.46651198e-003 1.11624757e-002 1.76825817e-003
    -2.96835206e-004 1.36604198e-004 0. 0. 0. 1.24982107e-004
    9.25242610e-004 1.48962310e-003 1.64685689e-003 4.75091598e-004
    1.03229447e-003 1.95148855e-003 0. 2.23688455e-003 6.92576985e-004
    1.01593568e-003 0. 0. 1.55063893e-003 0. 1.26687484e-003 0.
    1.25991087e-003 6.88574335e-004 1.66545424e-003 3.45241604e-003 0.
    0. 5.24661224e-003 4.41449927e-004 -1.61743956e-004 0. 0. 0.
    6.92455214e-004 7.56656344e-004 1.59358699e-003 1.18075265e-003
    -7.81449082e-004 0. 3.56985343e-004 0. 0. 2.03917944e-003 0.
    2.14526430e-004 0. 0. 3.93701688e-004 1.00345910e-003 0.
    2.17605266e-003 0. 0. 3.84718343e-003 1.35721313e-003
    2.01086444e-003 4.81603405e-004 0. 3.63879441e-003 8.66612361e-004
    1.76659564e-003 0. 1.19200377e-004 0. 7.16000563e-004
    5.05426573e-003 0. -3.21207964e-003 4.65994747e-003 0.
    2.63546407e-003 3.47568514e-003 0. 1.28854474e-004 0.
    1.34641433e-003 0. 0. 0. 0. 6.63596496e-004 0. 1.33977761e-003
    -6.44850297e-005 5.20837307e-003 1.55483291e-003 0. 0.
    9.71702742e-004 0. 2.98178103e-003 2.12187762e-003 3.11959605e-003
    0. 0. 0. 0. 4.59594000e-003 3.55720404e-003 0. 0. 0. 1.02933927e-003
    2.83825269e-004 -2.14240172e-005 1.05546101e-003 1.14594866e-003
    8.80766369e-004 1.42895000e-003 1.06700091e-003 4.96004242e-004 0.
    3.02611705e-004 5.12514845e-004 1.54121313e-003 0. 1.24590285e-003
    -1.65082025e-003 1.29854889e-003 1.41941605e-003 1.20427564e-003
    3.02653993e-003 1.38806982e-003 5.06388862e-003 4.64981049e-003
    2.02961033e-003 0. 0. 3.16997437e-004 4.78544534e-004 0. 0.
    5.16905973e-004 1.04410492e-003 2.40266928e-003 0. 2.09253840e-003
    0. 0. 0. 9.20339546e-004 7.52826862e-004 1.14784436e-002 0.
    3.07470764e-004 2.00690789e-004 0. 0. -6.03459834e-004
    2.16445536e-004 0. 8.01355753e-004 1.18835671e-002 1.54928595e-003
    3.56425793e-004 0. 3.10322596e-003 0. -1.78572012e-003
    8.99787934e-004 0. 0. 0. 4.95929911e-004 0. 2.10897694e-003
    4.73425537e-003 1.31796976e-003 0. -9.62312741e-004 1.03833841e-003
    0. 4.22618259e-003 1.85099678e-004 2.60160002e-003 2.70135072e-003
    -1.44397875e-003 7.55841553e-004 2.51366268e-003 1.71734428e-004 0.
    0. -2.78440100e-004 9.80100711e-004 -1.14527741e-003 1.53355580e-003
    4.06561140e-003 0. -1.36208429e-003 4.17133979e-003 4.01499029e-003
    0. 0. 0. 2.67017540e-003 -1.25537126e-003 2.03097216e-003 0.
    8.87903210e-004 -4.74912254e-003 0. 0. 0. 0. 1.01748831e-003
    1.09572115e-003 3.49345198e-003 8.55159189e-004 0. 0.
    3.16790678e-003 1.95009779e-004 0. 0. 0. 6.03106571e-004
    1.37369835e-003 0. 0. 2.75028660e-003 9.42590239e-004 0.
    -1.39088265e-003 -7.19719610e-005 2.26241513e-003 4.01082361e-004 0.
    0. 6.01334730e-004 0. 6.16067089e-004 6.06507109e-003
    1.44749240e-003 1.95439300e-003 0. 0. 0. 1.34266820e-003 0.
    -8.42802401e-004 7.91575585e-004 4.55574924e-003 1.82390003e-003
    3.92939709e-003 0. 0. 0. 3.13071097e-004 -8.94038931e-006
    3.02792498e-004 6.61478145e-004 0. 0. 0. 2.22734059e-003
    1.08693005e-003 5.30091173e-004 0. 8.36225634e-004 0. 0.
    1.22909574e-003 0. 2.71490985e-003 2.27766507e-003 0.
    9.06656031e-004 0. 4.15191799e-003 0. 0. -1.11101114e-003
    1.24475942e-003 3.72728612e-003 0. 3.44259344e-004 2.05216673e-003
    4.69466671e-003 1.15087745e-003 0. 5.92713070e-004 0. 0.
    1.20194476e-004 0. 0. 2.00312841e-003 1.27373601e-003
    8.03898741e-003 0. 0. 9.86415893e-004 -3.20793260e-005
    2.30764342e-003 0. 0. 0. 0. 1.05982844e-003 1.96527154e-003
    -8.93586955e-004 -7.31721346e-004 1.34092756e-002 8.03227420e-004 0.
    -4.14709619e-004 1.02672947e-003 4.33056243e-003 6.77646429e-004
    4.52132942e-003 0. 1.07639295e-003 0. 9.79432225e-005 0.
    -1.39511423e-003 0. -2.92427994e-005 0. 8.97460675e-004 0. 0.
    9.69091489e-004 -1.47628249e-003 0. 0. 0. 0. 0. 1.02327578e-003 0.
    -6.06094254e-004 2.41790689e-003 0. -2.17028870e-003 2.65053660e-003
    2.84388370e-004 0. 8.35792860e-004 1.33408583e-003 0.
    1.24022877e-003 1.87291228e-003 1.26751489e-003 0. -1.19436497e-003
    0. 2.00084923e-003 0. 0. 0. 2.43949331e-003 1.74351642e-003
    -5.51713529e-005 0. 9.67434724e-004 0. 2.24914146e-003
    2.05464172e-003 0. 1.11047167e-003 1.93114727e-004 3.70116718e-003
    0. 0. 1.19194924e-003 0. 1.54813670e-003 0. 0. 3.39334295e-003
    -6.52515097e-004 2.19558110e-003 0. 0. 5.88623981e-004 0.
    2.27738079e-003 1.61963713e-003 2.29367730e-003 5.13076608e-004 0.
    1.62213808e-003 5.41618676e-004 5.40013250e-004 3.88181838e-003 0.
    1.15273078e-003 1.09237933e-003 1.29261822e-003 0. 2.73409998e-003
    0. 0. 0. 0. 1.00015127e-003 1.23192393e-003 2.24025059e-003 0.
    7.09876884e-004 6.24271051e-004 0. 0. 0. 0. 0. 1.08749454e-003
    1.30760984e-003 1.44770765e-003 2.18140404e-003 1.33326184e-003
    1.29485293e-003 0. -1.32900907e-003 1.02509912e-002 0. 0.
    3.69591429e-003 0. 0. 8.33857164e-004 -1.72042011e-004
    4.52254759e-003 3.03182588e-003 0. 1.24791625e-003 2.68241711e-004
    3.76291596e-003 0. 6.59861835e-003 1.40471861e-003 -2.90952885e-004
    0. 1.22749608e-003 2.44473433e-003 1.49211299e-003 0. 0. 0. 0. 0.
    5.32005541e-003 8.76415928e-004 0. 7.29173888e-004 1.44518167e-003
    7.32993474e-004 0. 0. 4.04016161e-003 2.15632794e-003
    2.99018429e-004 2.59624969e-004 0. 1.93329831e-003 2.00184458e-003
    0. 1.29983830e-003 0. 4.09036409e-003 3.10759380e-004
    9.37085133e-003 1.71600247e-003 9.67217900e-004 -1.19005237e-003 0.
    -1.22975593e-003 0. 2.16693315e-003 -1.11757872e-004 0. 0.
    8.33714905e-004 4.77900408e-004 2.12643994e-003 0. 0. 0. 0. 0. 0. 0.
    0. 0. 6.84549450e-004 1.89255876e-003 0. 8.51858407e-004
    -1.30774116e-003 0. 0. 1.10652167e-004 2.15826978e-004
    3.27829598e-003 0. 5.98687213e-004 3.37605597e-004 0.
    5.75504964e-003 1.99413509e-003 0. 1.21850055e-003 5.09713951e-004
    0. 1.10874185e-003 0. 3.71179287e-003 0. 2.77677216e-002 0.
    5.95747668e-004 0. 0. 2.54066777e-003 4.01699357e-003
    -8.15567837e-005 0. 0. 3.50027200e-004 1.45011966e-003
    7.49001629e-004 -2.54184299e-004 0. 9.39644931e-004 0. 0.
    2.14275625e-003 0. 2.30581593e-003 5.50995301e-003 0.
    7.67536112e-004 1.02646532e-003 0. 0. 2.31478669e-004
    6.17632642e-004 1.53526710e-003 3.48155666e-003 0. 1.38261716e-003
    0. 0. 2.22863699e-003 0. 3.60080600e-003 2.38023320e-004
    8.56926665e-004 0. 3.37892515e-003 0. 0. 1.67108292e-003 0. 0.
    3.69586749e-003 1.63456635e-003 0. 0. 1.70952419e-003 0. 0.
    2.91334931e-003 1.66606798e-003 0. 9.37814984e-005 1.28126680e-003
    5.69954747e-003 0. 0. 1.09918155e-002 1.62637827e-003
    1.24734419e-003 7.07016125e-006 0. 9.36116150e-004 -6.17003709e-004
    2.78622191e-003 0. 2.94881943e-003 -5.26666932e-004 0.
    2.79727532e-003 0. 1.17267598e-003 2.79383734e-003 0.
    8.50033539e-004 2.41510547e-003 0. 0. 1.45466148e-003 0.
    3.32259294e-003 3.77216842e-003 3.01933521e-003 2.47332337e-003
    3.22656427e-003 3.71269975e-003 2.31907191e-003 7.38495844e-004
    5.83394547e-004 1.77779980e-003 3.68216750e-003 6.91368594e-004
    8.69125884e-004 0. 0. 2.87502218e-004 8.19158449e-004 0.
    -2.03213043e-004 7.44525250e-003 0. 0. -3.65249667e-004
    1.61381986e-003 1.65322074e-003 2.14993604e-003 0. 4.30913380e-004
    7.25054007e-004 0. 0. 8.73134297e-004 0. 2.42379191e-003
    -5.30264457e-004 0. 1.28631294e-003 -7.84988340e-004 6.53833733e-004
    -2.14440479e-005 0. 0. 0. 0. 6.16856851e-003 0. 0. 0. 0.
