<?xml version="1.0"?>
<opencv_storage>
<imageDescriptor type_id="opencv-matrix">
  <rows>1</rows>
  <cols>1000</cols>
  <dt>f</dt>
  <data>
    0. 6.04258291e-003 0. 8.19319539e-005 -2.81365123e-004
    8.01901426e-003 0. 0. 9.26101930e-004 0. 0. 0. 0. 0. 0. 0.
    9.10889066e-005 0. 0. 4.40614764e-004 0. 0. 0. 1.29604689e-003
    7.69673241e-003 5.13618253e-003 5.43581118e-005 2.52378196e-003
    -2.65099603e-004 0. 0. 1.35795102e-002 -1.22758886e-003
    4.07836866e-003 0. 3.24421586e-003 3.10475635e-003 1.33317092e-003
    0. 0. 0. -1.98065056e-004 1.03305385e-003 0. 0. 0. 0.
    2.33986345e-003 1.59531060e-004 0. 1.13663625e-003 0.
    4.59980918e-003 0. 0. 0. 0. 0. 1.77600759e-003 0. 1.77649944e-003
    6.38376107e-004 0. 0. 0. 2.46542832e-003 0. 1.41928962e-003
    3.96899122e-004 1.95054011e-003 0. 5.84547059e-004 1.93564722e-003
    0. 0. 0. 0. 7.08707375e-004 0. 0. 0. 0. 0. 4.41351347e-003 0. 0. 0.
    0. 4.64465609e-003 0. 0. -3.72451963e-004 0. 1.20906401e-002
    -3.51772906e-004 2.75437982e-004 0. -8.66127317e-004 0. 0. 0.
    1.45291747e-003 0. 5.02984505e-004 0. 0. 4.99528274e-003 0. 0.
    2.78140814e-003 1.50514813e-003 0. 3.34160472e-003 0.
    1.63964485e-003 0. 0. 8.01987248e-004 0. 1.50327664e-003 0. 0.
    2.37047975e-003 -8.81226588e-005 0. 4.69093351e-003 0.
    2.95747141e-003 2.73243350e-004 0. 6.38384419e-003 4.46062069e-003
    0. 0. 0. 1.01644639e-003 0. 0. 1.55959814e-003 0. 0. 8.19949724e-004
    2.62888405e-003 -4.18180600e-004 7.16365932e-004 0. 5.68813703e-004
    -2.07459845e-004 0. 0. 0. -1.03570323e-003 1.57240815e-002 0. 0.
    4.87410492e-004 9.70396039e-004 2.28247955e-003 1.32121425e-003
    1.40769128e-003 0. 7.51523708e-004 -3.09584732e-003 0. 0. 0. 0.
    4.55123233e-003 3.50141386e-003 0. 0. 9.98548232e-004 0.
    3.26298177e-003 -8.97023245e-004 2.93235085e-003 0. 5.13494434e-003
    0. 2.31791637e-003 0. 0. 0. 3.06756352e-004 -1.06774655e-003
    2.00199918e-003 0. -5.14813466e-004 5.84930996e-004 1.87680696e-003
    0. 0. 0. 2.32345099e-003 5.59766404e-003 0. 1.05350893e-002 0. 0. 0.
    0. 1.50500005e-003 9.59365221e-004 2.44178856e-003 1.24946400e-003
    0. 5.43388631e-003 0. 0. 0. 8.67036171e-004 1.53607549e-003 0. 0. 0.
    1.43406854e-003 0. 1.93347631e-003 0. 0. 3.91349709e-003 0. 0. 0.
    1.28207507e-003 -6.02036540e-004 -1.20032369e-003 0. 0.
    2.75817257e-003 1.68734870e-003 0. 0. -2.18026526e-003 0.
    2.83635338e-004 0. 0. 6.49726309e-004 0. 0. 0. 2.90562143e-003
    3.80672445e-003 2.24344642e-003 0. 1.68768445e-003 0.
    5.93672594e-005 0. 0. 0. 0. 1.17377599e-003 0. -5.04130323e-004
    3.45733803e-004 2.56358716e-003 -1.69230872e-004 2.72432854e-003 0.
    0. 1.79331622e-003 0. 0. 0. 0. 0. 3.57396901e-003 0. 3.35229281e-003
    -9.42599727e-004 0. -9.00799292e-004 4.44811676e-003 0.
    2.13103881e-003 -2.82593165e-003 1.93660427e-003 0. -4.68672893e-004
    0. 0. 0. 8.59055901e-004 0. 8.65808397e-004 0. 2.07534991e-004
    -1.35397317e-003 0. 3.73942847e-003 1.05264280e-002 0. 0. 0.
    1.71962159e-003 0. 0. 4.39020013e-003 0. 0. 0. 0. 0. 0.
    2.68845062e-004 5.41800214e-003 1.19709468e-003 0. 6.27099443e-003
    -1.40063334e-004 0. 2.82045314e-003 0. 0. 0. 0. 0. 0.
    4.15271707e-003 7.06523145e-003 2.23391363e-003 0. 0.
    2.39297119e-003 0. 0. 4.53938683e-003 0. 0. 0. 6.08121324e-003 0.
    1.63283330e-004 1.61736854e-003 0. -1.18568045e-004 0.
    1.20537574e-004 2.57508131e-004 0. 1.82283705e-003 6.13176217e-003
    6.50929520e-003 0. 2.00584807e-004 0. 0. 0. 3.50053492e-003 0.
    2.94594653e-003 2.28023832e-003 0. 2.86203413e-003 0. 0. 0. 0. 0.
    4.59526811e-004 0. 2.04537925e-003 3.38154053e-003 0. 0.
    2.69317650e-003 -1.78950187e-003 0. 8.68365925e-004 0.
    3.54688824e-003 0. -8.76556092e-004 9.27010435e-004 0. 0. 0.
    -7.67983365e-005 0. 0. 0. 2.20549037e-003 -8.97289079e-004
    9.30766284e-004 6.60208380e-003 6.05988177e-003 3.41236428e-003
    1.97444926e-003 7.03998201e-004 9.91489389e-004 3.20855877e-003 0.
    0. 2.81982915e-003 1.93853909e-003 -2.06442480e-003 2.09911866e-003
    2.40491959e-003 -1.99475107e-004 0. 0. 5.68176656e-005
    2.15970841e-003 0. 0. 0. 0. 0. 9.16677120e-004 2.82222114e-004 0.
    9.21400278e-005 0. 0. -4.89430444e-004 0. 0. 0. 0. 0.
    -1.75838731e-003 2.61182128e-003 0. 9.58002824e-003 0.
    5.36542619e-003 8.19044944e-004 0. 4.72081912e-004 -4.73582477e-004
    3.58194276e-003 0. 1.87658810e-003 0. 0. 2.04505515e-003 0.
    5.71836857e-003 3.07131419e-003 1.65242096e-003 0. 1.74613274e-003
    0. 8.13952007e-004 0. 0. 8.42033478e-004 1.00357970e-003 0.
    1.17787963e-003 1.33489561e-003 0. 2.59211776e-003 6.70795841e-003
    4.93581174e-004 0. 0. 0. 0. 0. 0. 0. 0. 3.55386897e-003
    7.29479361e-003 2.28001340e-003 0. 0. 0. 0. 1.38219781e-002
    2.22125137e-003 0. 8.53658654e-004 2.34194100e-003 0.
    6.40356261e-003 0. 0. 4.64448647e-004 0. 1.32724794e-003
    -1.52973726e-003 0. 0. 0. -2.66845182e-005 2.07675155e-003 0.
    2.12078658e-003 0. 6.58201112e-004 4.93339554e-004 -6.96856237e-004
    0. 0. 0. 0. 1.07204774e-003 4.92357358e-004 0. 5.32918377e-004
    4.87286970e-003 1.94608967e-003 -3.98067263e-004 0. 0. 0.
    6.52245828e-004 0. 1.20946919e-004 0. 2.78732181e-003
    3.03405430e-003 0. 1.32826692e-003 0. 4.36958508e-004 0.
    1.03438925e-003 2.66592437e-003 0. 0. 3.75313917e-003
    4.34516603e-003 0. 0. 0. 0. 1.65665254e-003 0. 8.16303364e-004
    1.16897434e-004 1.05949666e-003 0. 5.64059149e-003 2.46904884e-003
    1.38688402e-003 4.98102338e-004 0. 0. 0. 9.57761251e-004
    1.97958737e-003 2.29847431e-003 0. 2.78383098e-003 1.77526963e-003
    0. 7.05114740e-004 3.67715443e-003 3.65407395e-005 1.59863313e-003
    1.15454849e-003 0. 1.30788248e-004 4.89851879e-003 1.99034018e-003
    0. 0. 2.53370916e-003 1.06394896e-003 0. 0. 0. 0. 0. 0.
    -1.26740907e-003 2.67525762e-003 0. 1.55418843e-003 0. 0. 0.
    1.14497379e-003 0. 0. 0. 0. 5.10461919e-004 0. 1.99621776e-003
    2.80081388e-003 0. 0. 2.26399209e-003 0. 0. 0. 0. 0. 0. 0. 0. 0.
    3.44261480e-003 7.28945364e-004 2.18527135e-003 0. 0. 0. 0.
    4.68371576e-003 0. 1.64550100e-003 3.11306096e-003 0. 0.
    2.22951305e-004 0. 4.20732395e-004 0. 0. 0. 0. 3.63703002e-003 0. 0.
    0. 7.38297356e-003 -1.65278921e-004 0. 0. 0. 1.10607157e-002
    2.80673150e-004 1.26405980e-003 1.76773011e-003 0. -2.50908615e-005
    0. 0. 3.64152191e-004 0. 3.85765918e-003 0. 4.50172112e-004 0.
    5.44230046e-004 4.96228386e-005 0. 0. 9.41583479e-004
    5.69079712e-004 0. 3.17615434e-003 -6.65684696e-004 2.56269169e-003
    5.87717444e-003 0. 5.83351310e-003 1.71483494e-004 1.86849083e-003
    0. 0. 1.73698599e-003 0. 4.36083833e-003 3.73070827e-003 0. 0. 0.
    5.28800255e-003 1.79359212e-003 0. 0. 0. 0. 0. 3.35860485e-003 0. 0.
    0. 0. 0. 0. -6.95694296e-004 1.80041685e-003 2.91818776e-003
    4.62989323e-003 0. 9.56340041e-003 5.73364377e-004 0. 0. 0.
    3.04478803e-003 0. 1.12560182e-003 2.78401974e-004 0. 0.
    4.27692255e-004 -5.53834660e-004 3.93989147e-004 0. 1.29069770e-002
    4.50432627e-003 8.34311533e-004 -3.50684451e-004 2.45592627e-003 0.
    0. 2.40589539e-003 0. 1.60158728e-004 0. 0. 0. 1.40538998e-003
    7.61303259e-003 0. 0. 7.05636106e-004 -6.64191961e-004 0. 0.
    4.83887596e-003 0. -6.50800881e-004 2.13056058e-002 0. 0. 0. 0. 0.
    0. 0. 7.51074578e-004 2.52821832e-003 4.09221539e-004 0.
    -2.66294373e-004 2.38606869e-003 0. 0. 0. -2.42439477e-004 0.
    2.32247519e-003 1.42893032e-003 1.86516123e-003 1.87786995e-004
    2.74964771e-003 4.04465012e-003 0. 0. 0. 0. 0. 3.66045302e-003
    3.14287469e-003 0. 0. 0. 0. 0. 0. 0. -4.96513967e-004
    6.18483173e-003 2.40416755e-003 4.68589924e-003 1.81644992e-003
    3.19942203e-003 6.60568243e-004 9.67217784e-004 0. 1.32861431e-004
    4.44493815e-003 2.32921238e-003 -1.10784800e-004 -3.27560876e-004 0.
    0. -2.57049483e-004 0. 1.14900735e-003 0. 0. 0. 0. 2.81035225e-003
    3.16344877e-003 -6.33114076e-004 0. 0. 1.97404972e-003
    1.40578439e-002 8.19866604e-004 0. 9.99482814e-004 0.
