<?xml version="1.0"?>
<opencv_storage>
<imageDescriptor type_id="opencv-matrix">
  <rows>1</rows>
  <cols>1000</cols>
  <dt>f</dt>
  <data>
    0. 3.42563086e-004 0. 9.33072157e-003 1.71914953e-003
    4.37883427e-003 0. -2.50872364e-003 0. -2.69530050e-004
    1.40965765e-003 0. 4.33153182e-004 0. 0. 7.42378237e-004 0. 0.
    -1.33674033e-003 0. 0. 2.19258154e-003 -1.14146678e-003 0. 0.
    -2.18156585e-003 0. 0. 9.07511741e-004 2.90963217e-003 0. 0.
    2.80893601e-005 0. 0. -2.67316750e-003 1.60765764e-003 0.
    7.74623919e-003 5.84325381e-003 0. -2.39810674e-003 0.
    1.24297489e-003 0. 0. 0. 0. -1.88194914e-003 -1.22293667e-003 0.
    5.58208022e-003 -2.20323657e-003 2.33970210e-003 0. 0.
    5.19251626e-004 0. 0. 0. 3.10893147e-003 2.76793423e-003 0.
    1.19387973e-002 -3.81186750e-004 -1.93573302e-003 1.66170474e-003 0.
    -1.34968560e-003 0. 0. 0. 1.35873817e-003 0. 0. -5.04376949e-004 0.
    0. 5.62921399e-004 0. 0. 0. 0. 3.38958087e-003 1.90210203e-003
    -2.05294602e-003 2.13547563e-003 3.11406399e-003 0. 2.74638529e-003
    0. 0. 8.33575556e-004 0. 6.20866567e-003 0. 0. 1.53042609e-003
    1.30613684e-003 6.32995600e-003 3.53204086e-003 1.17000297e-003 0.
    5.96518302e-003 0. 8.00770649e-004 4.53503942e-003 4.78196470e-003
    0. 0. 6.26893854e-003 6.73995191e-006 0. 0. 0. 0. 0. 0. 0.
    -8.49092205e-004 1.95137057e-002 -1.17290276e-003 0. 8.18957109e-003
    2.05162121e-003 2.02254756e-004 0. 0. 7.78457103e-003
    1.21826690e-003 0. 6.77636685e-003 0. 0. 6.79565407e-003 0. 0. 0. 0.
    0. 0. 0. 0. 1.71134225e-003 1.07816420e-003 0. 3.39768565e-004
    7.29688583e-003 0. -1.00247918e-004 4.04227139e-005 0. 0.
    2.73253233e-003 0. 0. 2.38366239e-003 0. 0. 0. 0. 0. 0. 0. 0.
    -3.33010685e-004 0. 0. 6.01557433e-004 -2.27224804e-003
    1.32396063e-002 -8.06515664e-003 0. 4.01895260e-004 0. 0. 0. 0.
    2.49322911e-004 0. 1.98772666e-003 2.51572952e-003 0.
    6.70559751e-003 1.38387794e-003 0. 2.55650282e-003 1.05080446e-002
    2.26789707e-004 -1.05527070e-005 0. 3.00679752e-003 0.
    5.59153268e-003 1.71858585e-003 2.45831977e-003 0. 0.
    1.44797994e-003 -1.57109776e-003 1.14960140e-002 0. 0. 0. 0.
    -1.22779311e-004 0. 0. 0. 0. 1.32552590e-002 0. 0. 3.66820879e-002
    0. 0. 0. 3.77182127e-003 0. 0. 0. 8.38195090e-004 0. 0. 0. 0. 0. 0.
    0. 0. 4.65061283e-003 1.15476595e-003 0. 0. 0. 0. 0. 2.79667089e-004
    2.67268601e-003 0. 0. 2.20308173e-003 0. 0. 5.36437845e-004 0. 0.
    3.79339734e-004 0. 6.84396783e-003 -5.66148781e-004 0.
    2.22825469e-003 2.26335926e-003 0. -1.68017764e-003 7.06305820e-003
    -3.73475766e-003 0. -2.17704481e-004 0. 0. 0. 1.71207334e-003 0. 0.
    0. 0. 0. 0. 0. 0. 0. 0. 0. 4.29589825e-004 0. 0. 0. 0. 0. 0. 0. 0.
    0. -6.18078688e-004 -7.47339742e-004 -1.00803003e-003
    2.13691499e-003 4.03315341e-003 0. 0. 0. -4.97949775e-004 0. 0. 0.
    4.16527560e-004 0. 0. 0. 0. 0. 0. 0. 0. 9.25377244e-004 0. 0. 0. 0.
    0. 5.68474643e-004 1.67208898e-003 0. 0. 1.92934519e-003
    9.39223170e-003 0. 0. 0. 0. 0. 0. 0. 0. 1.58525980e-003 0.
    2.85065686e-003 -1.06083951e-003 2.91121029e-003 0. 0.
    2.30017793e-003 0. 1.73150760e-003 0. 0. 8.94607336e-004 0. 0. 0. 0.
    0. 0. 0. -2.36185943e-003 0. 0. 8.22372735e-003 0. 0. 0. 0. 0. 0.
    2.03617895e-003 0. 1.69792038e-005 0. -5.21479560e-005 0.
    7.15400674e-004 0. 0. 0. 0. 0. 0. 3.53598036e-003 0. 0. 0.
    1.20364479e-003 0. -2.38174296e-004 0. 0. 6.66283444e-003 0.
    9.14044678e-004 0. 0. -8.47343821e-004 0. 0. 0. 0. 0. 0.
    1.64198759e-003 0. -1.91537896e-004 0. 2.46812380e-003 0. 0.
    3.36473016e-003 0. 0. 0. 0. 0. 1.13180857e-002 0. 0. 0. 0. 0. 0.
    2.76044663e-003 0. 1.62799899e-002 0. 1.16964895e-003 0. 0. 0.
    6.40144106e-003 6.07223995e-003 0. 0. 0. 0. 0. 3.61946411e-003
    4.71019279e-003 0. 0. 0. 0. 0. 0. 0. 8.07907805e-003
    -1.08642317e-003 4.49193269e-003 0. 0. 0. 0. 2.30728951e-003 0.
    4.10123845e-004 2.01917626e-003 0. 3.77993123e-003 0. 0. 0.
    2.86388583e-002 0. 2.18967116e-003 3.35674849e-003 0. 0. 0. 0. 0.
    8.61943641e-004 0. 2.94371683e-004 0. 0. 1.51714147e-003 0.
    6.71095401e-003 0. 0. 0. 0. 0. 1.43805996e-003 0. 0. 0.
    5.87516092e-003 0. 0. 0. 0. -6.30117487e-004 1.43953762e-003
    2.26771994e-003 4.66394797e-003 0. 0. 0. 1.91165926e-003
    1.49274222e-003 5.02316281e-003 3.62670457e-004 7.84528907e-003
    8.25335830e-003 0. 1.83765637e-003 7.07828254e-003 0. 0. 0. 0.
    1.71305903e-003 6.12390460e-004 1.00996613e-003 -6.46284549e-004 0.
    0. 0. 1.50909938e-003 1.11276412e-003 1.58697687e-004 0.
    1.88760785e-003 1.70281646e-003 0. 0. 0. 0. 1.28257973e-003 0.
    1.60104421e-003 4.99435060e-004 -3.95910162e-003 0. 0. 0. 0. 0.
    7.20862113e-003 0. 0. 9.58214689e-004 0. 0. 1.41223392e-003 0.
    -1.49579835e-004 0. 0. 2.32150368e-002 2.01202184e-003 0.
    4.46278183e-003 0. 0. 1.08965463e-003 0. 0. 3.75767332e-003
    6.17569732e-003 0. 0. 4.61630989e-003 0. 1.99333834e-003
    -3.12098488e-003 6.34846883e-003 0. 0. 1.13009028e-002
    4.04143101e-003 4.93325014e-003 0. -2.53725942e-004 0.
    -4.65367630e-004 0. 0. 6.14821492e-003 1.51471561e-003
    -2.25077639e-003 0. -9.72871362e-007 0. 0. 0. 0. 3.97571735e-003 0.
    0. 6.53403858e-003 0. 4.52485867e-003 0. 1.70285208e-003 0. 0. 0.
    3.19815299e-004 0. 4.75937082e-003 0. 0. 0. -2.03110991e-004 0. 0.
    0. 0. 5.35746478e-003 4.33165720e-003 3.13258707e-003 0. 0.
    3.00659752e-003 0. 3.62388627e-003 3.03354068e-003 2.37316592e-003
    0. 3.83741595e-003 -2.40225680e-004 0. 9.76494886e-003 0. 0. 0. 0.
    0. 0. 0. 0. 0. 0. 0. 0. 0. 0. 1.25217927e-003 0. 0. 0. 0. 0.
    2.45522498e-003 3.53730330e-003 0. 0. 0. 0. 0. 0. 0. 1.77179147e-002
    0. 7.50322128e-003 0. 0. 0. 0. 0. 2.87508359e-003 8.53162818e-003
    -3.47975692e-005 0. 0. 3.40353558e-003 0. 0. 0. -1.15436653e-003 0.
    0. 0. 0. 0. 0. 0. 0. 0. 0. 0. 0. 0. -1.09481777e-003 0. 0. 0.
    1.72643049e-003 0. 1.59233459e-003 0. 1.56583998e-003 0. 0. 0.
    5.85629279e-003 0. -1.76357967e-003 0. 1.85259106e-003 0.
    1.36119663e-003 0. 3.94016830e-003 1.26883639e-002 0. 0. 0. 0.
    5.20882371e-004 0. 0. -2.89721088e-003 2.80961837e-003 0. 0. 0. 0.
    0. 0. 3.88501491e-003 1.07954524e-003 0. 0. 0. 0. 2.62391899e-004 0.
    0. 0. 0. 0. 0. 8.88560375e-004 1.06827146e-003 1.45669549e-003
    2.47706543e-003 0. 1.78891048e-003 0. 0. 8.04473739e-003
    3.78426816e-003 0. 2.70303385e-003 0. 0. 2.63789552e-003
    -1.76550332e-003 0. 2.11255648e-003 8.32351949e-003 1.00905332e-003
    0. 0. 0. 0. 1.09014139e-002 4.69941273e-003 1.42964616e-003 0. 0. 0.
    1.32466806e-003 0. 0. -1.00809615e-004 0. 0. 2.04924215e-003 0. 0.
    0. 0. 0. 0. 7.02503044e-003 0. -4.76340483e-006 0. 2.09631922e-004
    0. 0. 0. 0. 0. 0. 0. 0. 0. 0. 0. 0. -1.04038150e-003 0. 0. 0. 0. 0.
    0. 0. 0. 1.29799859e-003 -7.35578244e-004 0. 0. 1.57346465e-002 0.
    0. 2.88024032e-003 0. 0. -1.03340228e-003 0. 1.01820717e-003
    -3.23514279e-004 0. 0. 0. 0. 0. -2.34355615e-003 0. 0. 0. 0. 0. 0.
    0. 0. 0. 1.08905672e-003 0. 0. 0. 0. 0. 0. 0. 1.74694927e-003 0. 0.
    -4.24048660e-004 3.38128256e-003 5.40783815e-003 0. 2.43187044e-003
    0. 0. 0. 0. 0. 0. 0. 9.05272458e-003 0. 8.60074908e-003 0. 0. 0.
    -4.40927543e-004 2.77431123e-003 0. 0. 0. 0. 4.33629798e-003
    2.89589167e-003 0. 0. 0. 0. 0. 0. 0. 0. 0. 1.70208905e-002 0.
    2.14437512e-003 0. 0. 1.65121828e-003 0. 0. 3.34346644e-003 0.
    7.23665860e-003 0. 6.53975364e-003 0. 5.59151347e-004 0.
    2.26082793e-003 2.16685352e-004 0. 4.28251922e-003 1.09106442e-003
    -1.40367902e-003 0. 0. 0. 0. 1.66545541e-003 0. 7.34415138e-004 0.
    0. 6.18185196e-003 0. 0. 0. 0. 1.00624701e-002 0. 0. 2.45630485e-003
    0. 2.93647894e-003 0. 0. 0. 0. 0. 0. 7.89663347e-004 0.
    5.30411256e-003 0. 0. 0. 0. 0. 0. 0. 0. 0. 0. 0. 0. 0. 0. 0.
    2.14536674e-003 1.52185990e-003 0. 1.83333352e-003 0. 0. 0. 0. 0. 0.
    0. 0. 6.61221056e-005 7.66173645e-004 0. 0. 6.89396216e-003
    1.32183766e-003 3.19546176e-004 0. 4.93683945e-003 0. 0. 0. 0. 0. 0.
