<?xml version="1.0"?>
<opencv_storage>
<imageDescriptor type_id="opencv-matrix">
  <rows>1</rows>
  <cols>1000</cols>
  <dt>f</dt>
  <data>
    0. 9.79148201e-004 0. 5.69067150e-003 0. 0. 0. 0. 0. 0. 0. 0.
    1.29565899e-003 1.97182270e-003 0. 1.01987123e-002 0. 0. 0. 0.
    6.29167538e-004 0. 0. 0. 5.97571628e-003 0. 6.82378886e-003 0.
    9.09098715e-004 0. 0. 8.50385707e-003 1.34277006e-003 0. 0. 0. 0. 0.
    0. 0. 0. 0. 7.10464595e-003 0. 0. 0. 0. 1.92729139e-003
    2.75929854e-003 0. 2.40216104e-005 -1.22236065e-003 0.
    1.40702655e-003 1.47864560e-003 3.32541834e-003 0. 1.71100197e-004
    3.70951602e-003 -3.70769529e-004 0. 0. -6.73505128e-004 0. 0.
    2.55799177e-003 0. 5.85958548e-003 0. 0. 0. 0. 0. 6.69790991e-003 0.
    0. 0. 0. 0. 0. 0. 0. 2.75131967e-003 4.67407331e-003
    -1.87543978e-003 0. 3.27174459e-003 0. 0. 0. 0. 0. 9.49619897e-003
    1.77148043e-003 0. 0. 0. 6.11935463e-003 5.55099547e-003
    3.26696318e-003 0. 0. 7.48491380e-004 0. 0. 0. 0. 0. 0. 0. 0. 0. 0.
    0. 0. 0. 2.77117430e-003 0. 1.97852962e-003 0. 1.12699280e-002 0.
    1.32412871e-003 -2.00308557e-003 0. 0. 3.70541937e-003
    4.09962115e-004 0. 0. 8.57303268e-004 0. 1.75694900e-003 0. 0. 0.
    2.27405899e-003 0. 4.53502219e-003 0. 0. 3.70815699e-003 0.
    4.17760713e-003 2.57310877e-003 5.79322316e-003 2.06828187e-003 0.
    0. 7.69518455e-003 4.92180185e-003 3.12037347e-003 0. 0.
    1.15194905e-003 4.56759473e-003 3.45849316e-003 0. -4.17507341e-004
    0. 2.30525481e-003 0. 0. 0. 0. 0. 0. 0. 0. 3.19699827e-003
    4.31697629e-003 0. 0. 0. 1.39613834e-003 0. 0. 0. 0. 3.03678494e-003
    0. 0. 0. 0. 0. 0. 0. 6.23303931e-003 0. 0. 8.15941859e-003 0. 0.
    2.97241705e-003 0. 5.11424150e-004 0. -1.05324516e-003
    2.91021104e-004 0. 3.08499229e-003 0. 0. 0. 0. 3.07926442e-003
    8.34735762e-003 0. 1.06389206e-002 0. -1.00855401e-003
    7.46168476e-003 0. 0. 0. 0. 0. 0. 6.20679138e-003 -1.07566512e-003
    0. 0. 0. 0. 2.63282680e-003 0. 2.38448428e-003 0. 0. 0. 0.
    1.27258981e-002 0. -6.76557841e-003 0. 5.53497719e-003 0. 0.
    4.40131035e-003 0. 0. 0. 0. 1.08520342e-002 0. 0. 0. 0.
    2.29484821e-003 0. 0. 0. 4.52242047e-003 0. 0. 5.76008577e-004 0.
    1.73968531e-003 1.82105752e-003 0. 0. 0. 1.84368081e-002 0.
    4.56372555e-003 1.41846808e-003 4.02839156e-003 0. 0. 0.
    4.34380537e-003 1.64964027e-003 0. 4.12933389e-003 0.
    2.79502757e-003 1.05548352e-002 0. 1.10812733e-004 0. 0.
    3.54145863e-003 0. 2.67089205e-003 0. 5.44393994e-003
    3.68921529e-003 0. 0. -3.96857446e-004 2.40914011e-003
    8.02618451e-003 0. 0. 0. 0. 0. 0. 0. 0. -5.76381572e-004
    4.06686653e-004 1.24936644e-003 1.82196833e-004 0. -1.60465122e-003
    0. 0. 0. 1.20735134e-003 0. 2.14596698e-003 0. 0. 3.56727839e-003 0.
    -6.00071973e-004 0. 0. 0. 0. 0. 0. 0. 2.77920580e-003
    4.23495192e-003 0. 0. 0. 0. 0. 0. 0. 0. 0. 0. 0. -1.00654759e-003 0.
    0. 0. 0. 0. 0. 0. -9.41844308e-004 0. 0. 0. 9.78802331e-003 0. 0. 0.
    0. 0. 0. 0. 0. 0. 0. 2.67625786e-003 -1.10465405e-003 0.
    2.80383718e-003 8.84214696e-003 3.20545677e-003 0. 0. 0. 0. 0. 0. 0.
    0. 3.52994748e-003 0. 4.08158358e-003 6.37584657e-004 0.
    7.02564931e-003 0. 0. 1.10162213e-003 0. 0. 0. -9.07129317e-004
    3.73497279e-003 0. 3.24482564e-003 0. 0. -1.14827056e-003 0. 0. 0.
    0. 0. 0. 0. 0. -2.14511092e-004 3.34799755e-003 0. 1.15485936e-002
    0. 2.74706841e-003 3.60333826e-003 0. 0. 0. 0. 0. 9.13517666e-004 0.
    0. 0. 0. 2.56879861e-003 5.18344063e-003 -2.89186928e-003 0. 0. 0.
    0. 0. 0. 0. 0. 0. 0. 0. 2.33520652e-004 0. 0. 0. 0. 0.
    1.56630308e-003 0. 0. 3.47375916e-003 2.93553644e-003 0. 0. 0. 0. 0.
    0. 0. 0. 1.08581176e-003 0. 0. 0. 0. 0. 5.41846966e-004 0. 0.
    4.10859752e-003 0. 0. 0. 0. 0. 0. 0. 0. 0. 0. 5.93218720e-004 0.
    2.09072512e-003 0. 0. 0. 0. 0. 0. 0. 0. 0. 0. 6.22960553e-003 0. 0.
    0. 0. 0. 0. 2.61718663e-003 0. 0. 0. 0. 0. 8.60572793e-003
    2.50318623e-003 0. 0. 2.34370260e-003 0. 0. 0. 4.16391093e-004
    2.17012595e-003 3.61056812e-003 -3.82615282e-004 0. 0. 0. 0. 0.
    -2.24832306e-003 5.43239620e-003 0. 0. 4.74854285e-004 0.
    -1.53598911e-003 1.60107610e-003 0. 0. 0. 0. 0. -2.80876149e-004 0.
    0. 0. 0. 0. 0. 0. 0. 0. 0. 1.34251756e-003 -3.31173372e-003 0.
    8.47149116e-004 0. 0. 0. 0. 0. 0. 2.76815984e-003 3.53826117e-003
    1.85837667e-003 0. 0. 0. 3.59690492e-003 0. 0. 0. 0. 2.36230576e-003
    0. 3.48021230e-003 1.34682950e-005 0. 0. 1.46019356e-002 0. 0. 0. 0.
    0. -4.24128072e-003 0. -1.60242582e-003 0. 0. 0. 2.21646437e-003
    2.65913084e-003 3.78101994e-003 0. 0. 0. 0. 0. 0. 8.64743721e-004
    3.80390882e-003 0. 0. 2.87227239e-003 0. 0. 0. 0. 0. 0. 0. 0. 0.
    4.10773000e-003 0. 0. 0. 0. 0. 0. 1.64195045e-003 1.99812333e-004 0.
    0. 0. 0. 0. -1.49780326e-003 0. 2.87984358e-003 0. -2.69594393e-003
    0. 0. 0. 0. -1.16475835e-003 3.24588036e-003 0. 0. 0. 0. 0. 0. 0.
    8.07490945e-003 2.58434145e-003 0. 0. 8.91882647e-003 0. 0.
    1.60178484e-003 0. 0. 0. 1.79634313e-003 0. 0. 0. 0. 0. 0. 0. 0. 0.
    1.20831886e-002 0. 0. 0. 2.99143698e-003 0. 0. 8.06316081e-003 0. 0.
    0. 0. 7.40705896e-003 0. 0. 0. 0. 0. 0. 0. 5.27385809e-003 0. 0. 0.
    3.87456873e-003 0. 0. 6.61986321e-003 0. 0. 0. 0. 0. 0. 0. 0. 0. 0.
    0. 9.60168242e-003 0. 0. 6.97256951e-003 2.86616082e-003 0. 0. 0. 0.
    0. 0. 0. 0. 0. 2.09118985e-003 0. 0. 1.46771746e-003 4.10022330e-004
    5.55899506e-003 7.61721795e-003 0. 0. 0. 0. 0. 0. 0. 0. 0. 0. 0.
    6.27234438e-003 5.47229359e-003 0. 0. 0. 0. 3.45153944e-003 0. 0.
    -2.11287010e-003 0. 4.05642530e-003 0. 0. 0. 0. 0. 0.
    1.25296442e-002 0. 0. 0. 0. 2.41209171e-003 6.50072994e-004 0. 0. 0.
    4.36282763e-003 0. 2.26829760e-003 4.00082022e-003 7.53171463e-003
    3.83759267e-003 0. 0. 0. 0. 0. 0. 0. 0. 0. 0. 0. 0. 0.
    3.31726833e-003 0. 0. -1.82967423e-003 0. 0. 0. 0. 0. 0. 0. 0. 0. 0.
    2.91788508e-003 1.96533441e-003 0. 7.93743599e-003 0. 0. 0. 0.
    1.92533759e-003 1.33090687e-003 0. 6.49815053e-003 8.73294845e-003
    0. 0. 3.98552464e-003 0. 0. 0. 0. 2.34746002e-003 3.21580842e-003
    8.64202681e-004 0. 0. 0. 0. 0. 0. 0. 0. 0. 0. 0. 0. 0. 0. 0.
    4.00021113e-003 1.15854794e-003 0. 0. 0. 0. 7.48358760e-003 0. 0.
    7.34975375e-003 1.55877686e-004 0. 6.94973720e-003 0. 0. 0. 0. 0. 0.
    0. -4.45892656e-004 1.60730761e-002 0. 0. 0. 0. 1.89178120e-002 0.
    0. 0. 0. 5.02101099e-003 0. 0. 0. 0. 7.13523384e-003 0. 0.
    1.07726397e-003 0. 1.89791303e-002 4.13532648e-003 2.60892883e-003
    0. 0. 0. 0. 3.45189939e-003 2.28317484e-004 0. 3.51524819e-003 0.
    2.80026277e-003 0. 1.49718521e-003 3.12900916e-003 0.
    -1.95278099e-003 0. 0. 0. -6.20220695e-003 3.38242040e-003
    5.30002825e-003 2.62565585e-003 2.91778240e-003 9.27971909e-004 0.
    5.62750455e-003 0. 0. 0. 0. 0. 4.91855247e-003 0. 0. 0. 0. 0. 0. 0.
    0. 0. 5.27807744e-003 0. 0. 1.18313020e-003 0. 0. 0. 0.
    3.53841484e-003 0. 0. -5.94390032e-004 0. 0. 0. 0. 1.19576885e-004
    0. 0. 0. 0. 0. 0. 4.14701179e-003 1.27701219e-002 0. 2.09519081e-003
    5.89491799e-003 0. 2.73930188e-003 0. 5.46761416e-003 0. 0. 0. 0. 0.
    4.46822448e-003 0. 0. 0. 0. 0. 0. 2.27877148e-003 0. 0.
    2.86013470e-003 1.48455044e-002 0. 0. 0. 0. 0. 0. 0. 0. 0.
    4.57780063e-003 0. 3.00477422e-003 2.33084266e-003 0.
    3.57685285e-003 0. 0. 0. 0. 0. 0. 0. 2.56741280e-003 0.
    2.45956471e-003 0. 0. 0. 3.48075829e-003 0. 6.90864725e-003 0. 0.
    -4.70246960e-005 0. 2.43746676e-003 6.73520262e-004 1.35592709e-003
    2.97519146e-003 0. 3.52290017e-003 0. 0.</data></imageDescriptor>
</opencv_storage>
