<?xml version="1.0"?>
<opencv_storage>
<imageDescriptor type_id="opencv-matrix">
  <rows>1</rows>
  <cols>1000</cols>
  <dt>f</dt>
  <data>
    0. 0. 7.52339466e-003 3.67055973e-003 0. 0. 2.68713804e-003 0.
    3.88329243e-003 0. -2.56530079e-003 0. 0. 0. 0. 0. 0. 0.
    4.13375534e-003 0. 0. 0. 0. 0. 0. 1.06001319e-003 0. 0. 0. 0. 0. 0.
    3.29337153e-003 0. 0. 0. 0. 0. 0. -1.14541140e-003 0. 0.
    9.62721650e-004 5.25150588e-003 0. 0. 0. 0. 0. 3.26375547e-003 0. 0.
    1.10828634e-002 1.40614295e-002 0. 9.23981331e-003 0. 0. 0. 0. 0. 0.
    0. 1.99503638e-003 0. 0. 0. 0. 0. 8.61128574e-005 0. 0.
    1.79750763e-003 2.38863798e-003 -4.28991189e-004 0. 4.74661682e-003
    0. 5.72414836e-003 -8.57093837e-004 0. 0. 5.95950289e-004 0. 0. 0.
    0. 0. 0. 0. 0. 3.32298945e-003 1.45689130e-003 0. 0.
    -1.54404101e-004 0. 0. 1.42766237e-002 -2.15820828e-003 0.
    3.73148068e-004 0. 4.13090130e-003 -3.50734871e-003 1.02505861e-002
    0. 5.45500079e-003 0. 0. 0. 0. 0. 0. 0. 1.02205621e-002 0.
    2.40957737e-003 0. 0. 7.36579858e-003 0. 2.78171326e-004 0.
    -2.31471407e-004 0. 0. 0. 0. 0. 0. 0. 0. 7.98110664e-003 0.
    7.55554531e-004 0. 0. 4.09120956e-004 0. 2.58429791e-003
    2.15883972e-003 0. 6.44101296e-003 7.62780989e-003 1.17569864e-002
    0. 2.03295145e-003 0. 1.35191903e-003 1.05643058e-002 0. 0.
    6.58651639e-004 0. 0. 0. -4.47091553e-003 0. 0. 8.81945994e-003
    2.02197628e-003 0. 0. -7.80493196e-004 0. 0. 0. 1.24850438e-003 0.
    0. 3.16265039e-003 0. 0. 0. 0. 0. 0. 0. 0. 2.27791519e-004 0.
    3.61826480e-003 1.88162585e-003 1.09961093e-003 0. 0. 0. 0.
    2.44069612e-003 0. 0. 9.10046045e-004 0. 1.28781574e-003 0. 0. 0. 0.
    1.86284143e-003 5.83449285e-003 0. 5.54199656e-003 0. 0.
    5.23305172e-003 0. 0. 1.39907058e-002 0. 0. 0. 0. 0. 0. 0.
    5.03779016e-003 6.08777395e-003 0. 2.13767067e-004 0. 0. 0. 0.
    3.39171244e-003 0. 1.07787605e-002 0. 0. 5.58610656e-004
    -3.70874954e-003 0. 0. 2.28060763e-002 6.38477504e-003
    4.67502919e-004 0. 4.55983356e-003 0. 0. 0. 4.14675847e-003
    4.35241405e-003 0. 0. 0. 0. 0. 0. 0. 0. 0. 0. 0. 1.28202047e-002 0.
    0. 2.06941869e-002 0. 0. 0. 0. 0. 2.22156430e-003 0. 0.
    9.61032324e-003 0. 0. 0. -7.16371404e-004 0. 3.37730092e-003
    6.17527356e-003 0. 2.79480359e-003 3.91673669e-003 0.
    4.91582230e-003 0. 0. 0. 0. 0. 2.70120008e-003 0. 0. 1.07002454e-002
    0. 0. 0. 0. 0. 0. 1.00738211e-002 0. 0. 1.32845212e-002
    1.23359263e-003 0. 0. 0. 0. 0. 1.18776155e-003 1.49400637e-003 0.
    3.18705197e-003 0. 7.19436770e-003 0. 0. 0. 2.65389378e-003
    2.64133979e-003 0. 0. -2.78757117e-003 -3.96611314e-004
    2.06354191e-003 0. 3.14086792e-003 2.73450720e-003 1.17568101e-003
    3.11296689e-003 0. 0. 0. 1.20742735e-003 0. 0. 5.80185885e-003 0.
    -2.93365167e-003 0. 0. 8.73733428e-004 -1.65721140e-004 0. 0. 0. 0.
    0. 0. 2.72527011e-003 1.22085214e-003 0. 0. 0. 0. 0. 2.61252187e-003
    0. 9.29148495e-003 0. 0. -7.37188675e-004 5.87182492e-003
    -4.34416346e-004 0. 5.99855697e-003 0. 0. 1.61955645e-003 0. 0. 0.
    0. 2.62811990e-003 0. 0. 8.96893162e-003 8.49521626e-003
    5.03154239e-003 5.28451987e-004 0. 6.08661119e-003 0. 0. 0.
    1.24465243e-003 1.28883747e-002 5.82034979e-003 0. 7.16061506e-004
    0. 9.11943614e-003 0. 1.60475401e-003 2.68844166e-003 0. 0.
    1.60795730e-003 0. 2.72156060e-004 0. 0. 0. 0. 0. 0. 2.29490106e-003
    1.13142902e-004 6.45459117e-003 0. 0. 0. 0. 0. 0. 0. 1.99085334e-003
    0. 5.90896234e-004 0. 0. 0. -1.13322982e-003 7.39131635e-003
    3.03780404e-003 1.79351785e-003 0. 0. 0. 0. 0. 0. 5.84547035e-003 0.
    0. 1.75072346e-003 0. 0. 0. 0. 0. 0. 1.57555263e-003 0. 0. 0. 0. 0.
    0. 0. 0. 0. 0. 0. 0. 0. 0. 0. 0. 1.01942848e-003 0. 0.
    -1.13910774e-003 5.97230718e-003 4.18889569e-003 0. 0. 0. 0.
    -9.98551259e-004 0. 1.47737190e-002 0. 0. 2.11964990e-003
    2.80884933e-003 2.88587180e-003 0. 0. 0. 0. 9.20059276e-004
    1.50970148e-003 0. 0. -1.12296184e-005 0. 0. 3.89337796e-003 0. 0.
    6.26635912e-004 2.82932003e-003 0. 0. 0. 1.07723847e-003
    -3.79353674e-004 0. -2.08671810e-003 1.98359578e-003 0. 0.
    6.73257513e-003 0. 2.53617181e-003 -3.37679434e-004 0. 0. 0.
    2.72520166e-003 0. 0. 0. 0. 0. 0. 0. 0. 0. 0. 0. 0. 0. 0. 0. 0.
    3.63654178e-003 0. 0. 0. 9.16509132e-004 0. 1.71032466e-003
    4.25134227e-003 0. -1.42701436e-004 0. 0. 0. 0. 2.05849903e-003
    5.42611862e-003 0. 0. 3.92818311e-003 1.71111850e-003 0.
    -4.62373300e-003 0. 0. 2.25139689e-003 0. 3.82368686e-003
    -2.73543131e-003 0. 0. 0. 0. 0. 9.51530226e-003 0. 0. 0. 0. 0. 0. 0.
    0. 0. 1.26785273e-003 -2.60427943e-003 0. 0. 0. 5.29767340e-003
    3.71115562e-003 0. 0. 2.68423418e-003 0. 0. 0. 0. 0. 0. 0. 0. 0.
    3.06915259e-003 6.09284639e-003 0. 0. 0. 1.40543655e-002
    3.17494781e-003 0. 0. 0. 0. 0. 2.60961545e-003 7.40319444e-003 0. 0.
    0. 0. 0. 0. 2.56163324e-003 3.09437513e-003 -1.46291661e-003 0. 0.
    0. 0. 0. 0. 0. 0. 0. 0. 1.68669573e-003 0. 0. 0. 2.79861782e-003 0.
    2.39053578e-003 0. 0. 0. 0. 0. 9.57479328e-003 0. 0. 0.
    8.44349095e-004 0. 6.89187611e-004 0. 0. 0. 0. 0. 0. 0.
    -5.90821088e-004 0. 1.64249050e-003 1.55230518e-003 6.26715412e-003
    0. 0. 0. 0. 2.93516251e-003 3.08545120e-003 0. 0. 0. 0.
    1.40304177e-003 0. 0. 0. 0. 1.29717169e-003 0. 0. 0. 0.
    8.17098829e-004 -3.12263635e-003 0. 0. 2.03762250e-003 0. 0. 0. 0.
    0. 1.75369415e-003 1.56286522e-004 0. 0. 2.31417501e-003 0. 0.
    6.78926846e-003 0. 0. 0. 0. 0. 0. 0. 0. 0. -2.53000739e-003 0. 0.
    3.03269760e-003 3.06212902e-003 0. 0. 0. 0. 7.35045504e-003 0. 0.
    -2.20989995e-003 1.39563740e-003 0. 0. 0. 0. 0. -5.50150499e-003
    -5.89078758e-004 0. 0. 0. 0. 0. 1.43304663e-002 0. 0.
    1.65503530e-003 0. 0. 0. 0. 0. 0. 0. 0. 0. 0. 6.41119841e-004 0. 0.
    3.38475360e-003 0. 1.04963675e-003 0. -3.14066373e-003 0.
    2.33593676e-003 0. 0. 0. 0. 1.20538799e-002 0. 0. 0.
    -6.78695214e-004 0. 0. 0. 6.00509765e-003 0. 0. 0. 0.
    1.83204515e-003 0. 0. 0. 0. 0. -4.10119304e-003 0. 0. 0. 0. 0. 0.
    1.60856021e-003 0. 0. 0. 0. 0. 0. 6.51563896e-005 -5.72712626e-004
    0. 0. -5.06737502e-003 0. 0. 0. 0. 0. 1.12987924e-002 0. 0. 0.
    2.45929370e-003 0. -1.93249248e-003 4.43904835e-004 -1.26283569e-003
    5.84680680e-003 8.83385073e-003 3.39168892e-003 -1.87825656e-003 0.
    3.30293062e-003 0. 0. 0. 0. 0. 0. 0. 2.22478225e-003 1.77297241e-003
    0. 2.49379943e-003 0. 0. 0. 3.51576018e-003 0. 1.48872356e-003 0. 0.
    -9.42849147e-004 0. -3.02921981e-003 0. 1.36584071e-002 0. 0. 0. 0.
    0. 0. -6.04717643e-004 0. 0. 0. 1.98811735e-003 0. 0. 0. 0.
    1.87694255e-004 8.20266549e-004 0. 0. 0. 1.73297699e-003 0. 0.
    -1.25576614e-003 0. 8.06908403e-003 0. 5.11795655e-003 0. 0.
    -2.93616275e-003 0. 0. 0. 0. 0. 1.14208721e-002 0. 2.93834513e-004
    0. 2.70626368e-003 0. 0. 0. 0. 0. 0. 0. 0. 0. 0. 0. 0.
    9.78843868e-003 4.51667840e-003 0. 0. 0. 5.44580573e-004 0. 0. 0. 0.
    0. 0. 0. 1.43828923e-002 0. 0. 0. 1.74886524e-003 0. 0. 0. 0. 0. 0.
    0. 0. 2.99156271e-003 0. 0. 0. -9.10288771e-004 0. 0. 0. 0. 0. 0. 0.
    0. 0. 1.51245418e-004 0. 0. 0. 2.71607493e-003 4.35539428e-003 0. 0.
    0. 0. 0. 0. 0. 0. 0. 2.69071758e-003 7.63651729e-003 0. 0. 0.
    2.54836143e-003 -1.49811531e-004 0. 0. 0. 0. 0. 0. 5.21577755e-003
    0. -1.03283511e-003 2.12040953e-002 0. 3.01602972e-003 0. 0. 0.
    5.05349133e-003 0. 6.53537316e-003 0. 0. 3.50109674e-003 0. 0.
    -2.34635780e-003 0. 5.86212939e-003 2.37796619e-003 9.35687032e-003
    0. 2.46408815e-003 0. 0. 0. 0. 4.60287882e-003 2.26925383e-003 0. 0.
    0. 0. 0. 0. 0. 6.71796920e-003 0. 2.06732191e-003 0. 0. 0. 0. 0. 0.
    0. 0.</data></imageDescriptor>
</opencv_storage>
