<?xml version="1.0"?>
<opencv_storage>
<imageDescriptor type_id="opencv-matrix">
  <rows>1</rows>
  <cols>1000</cols>
  <dt>f</dt>
  <data>
    0. 0. 0. 0. 0. 0. -6.50347909e-004 3.48867080e-003 6.77910727e-003
    0. 3.42900562e-003 0. 0. 1.13537733e-003 0. 0. -1.76858378e-003 0.
    0. 0. 6.51727198e-003 0. 0. 0. 5.31603117e-003 0. 1.33572193e-003 0.
    -2.66501587e-003 0. 0. 0. 0. 0. 0. 0. 7.55435135e-003 0. 0.
    3.48524889e-003 1.36364903e-003 0. 8.93784408e-003 0.
    -7.64968689e-004 0. 1.90840755e-002 0. 0. 0. 0. 4.07638261e-003
    2.69210804e-003 0. 0. 4.25859937e-004 6.35352568e-004 0. 0. 0. 0.
    3.04075098e-003 5.78651577e-003 0. 9.15454794e-003 0. 0. 0. 0. 0.
    6.87130913e-003 4.50510019e-003 0. 0. 2.01858682e-004
    -5.84404799e-004 -9.88424872e-004 0. 2.97242543e-003 0.
    6.50553871e-003 0. 0. 1.00625241e-002 -1.09221270e-004
    8.18580575e-003 0. 0. 3.03679076e-003 0. 0. 1.71800924e-003 0. 0. 0.
    0. 0. 2.89724884e-003 0. 0. 0. -5.43221948e-004 0. 1.26610146e-004
    0. 3.05498042e-003 0. 3.35631281e-004 0. 1.26637681e-003
    -5.90451853e-003 2.66142888e-003 0. 0. 0. 0. 1.00736506e-003 0.
    3.41631193e-003 0. 2.69167521e-003 0. 4.25950019e-003
    -3.07432981e-003 0. 7.44908722e-003 0. 0. 0. 0. 1.15284708e-003 0.
    0. 2.79336190e-003 0. 0. 3.88303166e-003 0. -1.96179328e-003
    1.22242654e-003 0. 0. 1.59567466e-003 0. 0. 0. 0. 0. 0.
    6.23485772e-004 0. 0. 0. 5.26633055e-004 0. 2.65379925e-003
    5.99680236e-003 0. 0. 0. 8.92676041e-003 9.31731309e-004
    1.08574750e-003 3.88998713e-004 0. 0. 0. 0. 0. 0. 3.79661354e-003
    6.92437636e-003 0. 0. -7.03416299e-004 0. 0. 2.11066520e-003
    7.64441630e-003 0. 3.20475572e-003 0. 0. -3.66322929e-003
    8.58362019e-003 0. 0. 0. 0. 0. 0. -1.21780683e-003 0. 0. 0. 0.
    5.53069869e-003 3.40955728e-003 -5.37197571e-004 5.84656326e-003
    3.58598214e-003 1.86476379e-003 0. 0. 0. 0. 0. 0. 7.88872037e-003 0.
    5.32152643e-003 0. 2.64021964e-003 0. 0. 0. 0. 4.33220901e-003 0. 0.
    1.35738752e-003 0. 0. 0. 0. 1.02558918e-003 0. 0. 0. 0. 0.
    4.65107057e-003 6.36894256e-004 -2.24161195e-003 0. 6.59937691e-003
    2.15537497e-003 0. 4.26345365e-003 1.93012971e-002 0. 0. 0. 0. 0. 0.
    2.73925182e-003 0. 0. 0. 0. 0. 5.35088265e-003 0. 5.39272092e-003 0.
    4.08162503e-003 9.05357115e-003 -3.16351233e-003 0. 0. 0. 0. 0.
    2.85213091e-003 0. 0. 6.14459580e-003 0. 0. 0. 0. 0. 0. 0. 0. 0. 0.
    4.78598010e-003 1.97800249e-003 0. 0. 4.31873836e-003 0. 0. 0.
    -1.70052540e-003 3.11986450e-003 0. 0. 5.15074888e-003
    4.24490264e-003 0. 1.27478829e-002 0. 1.80956244e-003 0. 0. 0. 0. 0.
    0. 0. 3.41407605e-003 6.23683631e-003 0. 3.43284314e-003 0. 0.
    7.49085084e-005 5.15179522e-003 1.43593154e-003 0. 0. 0. 0.
    -4.59518423e-003 0. 0. 0. 2.08781590e-003 0. 0. 1.78404734e-003
    -2.03471398e-003 0. 0. 0. 2.47473735e-003 0. 1.57350756e-003 0. 0.
    0. 3.21785198e-003 0. 0. 0. 6.37498638e-003 0. 2.26680236e-003 0. 0.
    2.10112077e-003 4.94476920e-003 -5.94039774e-003 0. 0. 0.
    1.27415708e-003 0. 0. 0. 0. -2.40139035e-003 0. 2.58803624e-003
    2.00687163e-003 0. 0. 8.68399569e-004 0. 1.39333503e-002
    -3.59513029e-003 6.42216438e-003 0. 0. -9.00678220e-004
    -1.74722157e-003 1.22680608e-003 0. 0. 0. 1.42945861e-003
    5.66274393e-003 -5.93440091e-005 0. 2.44206237e-003 0.
    2.63350923e-003 6.98206155e-003 0. 0. 0. 0. 0. 7.02224905e-003 0.
    2.40524788e-003 -6.50939939e-004 -1.20916020e-003 0. 0. 0. 0.
    1.54825242e-003 2.43112957e-003 0. 0. 0. 0. 2.04419030e-005
    2.10840767e-003 0. 0. 1.88111980e-002 0. 0. 0. 0. 4.40884987e-003 0.
    0. 5.61582332e-004 0. 0. 5.95650985e-004 3.70164728e-003 0. 0. 0. 0.
    0. 0. 0. 0. 0. 0. 0. 0. 0. -9.55979282e-004 0. 0. 1.24154694e-003 0.
    0. 0. 5.35872905e-003 0. 0. -5.14015462e-003 0. 0. 0. 0. 0.
    1.57884450e-003 0. 0. 0. 1.33516523e-003 0. 0. 4.00119787e-003 0. 0.
    0. 0. 3.15749994e-003 3.52443708e-003 0. 0. 0. 3.01341782e-003 0. 0.
    1.61161879e-004 5.47522330e-004 0. 4.33878682e-004 0. 0. 0. 0. 0. 0.
    4.35547717e-003 -1.14800443e-003 2.96220253e-003 0. 0. 0. 0. 0. 0.
    0. 0. 0. 2.32855487e-003 0. 0. 2.15551024e-003 0. 0. 1.59528735e-003
    0. 0. 2.94299773e-003 0. 2.20060791e-003 9.76384617e-004
    2.83960742e-003 1.11195736e-003 2.54325452e-003 0. 0. 0.
    3.64035601e-003 0. 0. 0. 0. 0. 0. -1.03996147e-003 0. 0. 0.
    7.34935282e-003 0. 0. 0. 0. 7.64881214e-003 4.85793361e-003 0. 0. 0.
    0. 3.43341264e-003 0. 0. 4.70830346e-005 0. 0. 0. 1.74135633e-003 0.
    2.49189371e-003 0. 3.04605695e-003 0. 0. 0. 0. 0. 3.16136563e-003 0.
    0. 0. 0. 0. 6.49064197e-004 3.75633570e-003 8.67660798e-004 0. 0. 0.
    5.44925500e-003 0. 1.56579283e-003 3.82077834e-003 1.80017937e-003
    0. 4.28595953e-003 0. 0. 0. 0. 0. 0. 2.10379763e-003 0. 0.
    1.24218641e-003 0. 3.64173320e-003 0. 0. 6.54901471e-003 0. 0.
    1.33148499e-003 0. 2.88962736e-004 0. 0. 0. 4.16771276e-003 0. 0. 0.
    0. 0. 3.81466886e-003 0. 3.80917522e-003 0. 0. 0. 0. 0. 0. 0. 0. 0.
    0. 0. 0. 0. 0. 0. 0. 0. 0. 0. 0. 0. 0. 0. 0. -1.10285636e-003 0. 0.
    0. 6.35170564e-003 0. 0. 0. 0. 0. 0. 0. 1.78030133e-003 0.
    2.06598151e-003 0. 0. 0. 5.15579805e-003 6.35848800e-003
    1.80649711e-003 0. 0. 0. 0. -2.86209467e-003 1.47923827e-002
    5.81835047e-004 0. 0. 0. 6.36566570e-003 0. 0. 1.46921165e-003
    9.19784070e-004 -1.00405444e-003 0. 0. 0. 2.27772887e-003
    1.02802543e-002 4.00053523e-003 0. 0. 1.13644602e-003
    5.37989289e-003 6.81938790e-003 3.43687041e-003 0. 6.15821034e-003
    0. 0. 0. 4.20041149e-003 0. 2.36912305e-003 0. 0. 0. 0. 0.
    1.26372650e-003 0. 3.66429985e-003 2.79912911e-003 0. 0. 0. 0. 0. 0.
    0. -1.87787518e-003 5.43966284e-003 0. 0. 0. 0. -2.92209955e-003 0.
    0. 2.17242036e-002 1.75958860e-003 0. 0. -3.41898296e-004 0. 0. 0.
    0. 0. 0. 0. 0. 0. 0. 0. 0. 2.05236231e-003 0. 0. 7.08005027e-005 0.
    0. 2.50237621e-003 0. 2.60006613e-003 0. 4.05152235e-003
    2.73370231e-003 0. 0. 0. 0. 0. 0. 0. 0. 0. 0. 5.33837453e-003 0. 0.
    0. 4.06891620e-003 2.50985520e-003 9.31501016e-003 0.
    -9.58253862e-004 4.48955456e-003 3.03012133e-003 1.37634866e-003
    1.51811424e-003 0. 5.31066908e-004 1.91758445e-003 0. 0. 0. 0.
    3.51271406e-003 0. 0. 4.18822793e-003 0. 1.76474324e-003
    3.06172436e-003 0. 0. 0. 5.30962134e-004 1.57434493e-003
    -7.12298846e-004 0. 0. 1.61823945e-003 0. 2.08198209e-003
    1.83037610e-003 0. 0. 0. 0. 0. 0. 0. 1.09155531e-004 2.97193206e-003
    0. 8.03659030e-004 0. 0. 0. -1.88515510e-003 0. 0. 0. 0. 0. 0. 0.
    6.63613342e-003 3.29648331e-003 -8.16453539e-004 0. 1.02709662e-002
    2.51294672e-003 0. 0. 0. 6.52762083e-003 -2.56446796e-003 0. 0.
    2.80745490e-003 8.86668800e-004 0. 0. 3.13242082e-003 0. 0. 0. 0. 0.
    0. 0. 0. 0. 0. -1.43320288e-003 2.61724251e-003 0. 0. 0. 0.
    3.31480755e-003 0. 0. 0. 0. 0. 6.91870181e-003 0. 2.54033133e-004
    9.16358456e-003 0. 1.54842790e-002 0. 5.17220702e-004 0.
    2.90760235e-003 -1.47602824e-003 4.27466072e-003 5.38868736e-003 0.
    0. 0. 0. 2.18252488e-003 0. 8.64400470e-004 8.66802409e-004 0. 0. 0.
    0. 0. 0. 0. 8.28050543e-003 0. 0. 0. 0. 0. -2.76507740e-003 0.
    -4.23335587e-004 1.39650900e-003 -1.19107356e-003 5.73328463e-003 0.
    4.82095592e-003 3.46258353e-003 8.11377913e-003 0. 4.01808741e-003
    8.09755083e-003 0. 0. 0. 0. 0. 0. 0. 4.19350062e-003 0. 0. 0.
    6.09147223e-003 0. 0. 0. 0. 0. 0. 0. 5.82394935e-003 0. 0.
    -5.84329106e-003 0. 0. 0. 0. 0. 0. 0. 0. 3.65158753e-003 0.
    9.81044839e-004 0. 0. 0. 0. 0. 2.42193067e-003 6.30084425e-004 0. 0.
    0. 1.83806900e-004 3.09300423e-003 0. 0. 4.21707798e-003
    4.50655445e-003 0. 6.75516948e-003 0. 1.27719552e-003 0.
    2.92168488e-003 1.59928389e-003 0. 0. 0. 5.43328281e-003 0. 0.
    3.01527348e-003 1.80764298e-003 -1.69145933e-003 0. 0.
    5.11752628e-003 1.18802593e-003 -2.47980887e-003 0. 0. 0.
    4.22494998e-003 5.46691846e-003 2.17654742e-003 0. 0. 0.
    4.07489669e-003 0. 0. 1.16617540e-002 4.56955563e-003 0. 0. 0.
