<?xml version="1.0"?>
<opencv_storage>
<imageDescriptor type_id="opencv-matrix">
  <rows>1</rows>
  <cols>1000</cols>
  <dt>f</dt>
  <data>
    0. 2.13536737e-003 4.24070662e-004 0. 7.06157135e-003 0. 0.
    2.49570562e-003 -4.76031477e-004 0. 1.82401261e-003 0.
    4.98475879e-003 1.08925090e-003 8.34428612e-003 0. -4.57203278e-004
    0. 8.57532374e-004 0. 0. 4.54793731e-003 -2.45404721e-004 0. 0. 0.
    0. 5.73017960e-003 0. 1.26618356e-003 0. 1.09231670e-003 0.
    7.53225584e-004 0. 1.57659256e-003 0. 0. 0. 0. 0. 0. 0.
    2.85646343e-003 6.13736978e-004 1.42369326e-003 0. 0. 0.
    -3.53295356e-004 2.49344110e-003 -1.32245492e-004 0. 0.
    9.06650501e-004 0. -1.99430576e-003 1.68927421e-003 1.89337472e-003
    0. 5.24773356e-003 -3.77252494e-004 3.62207356e-004 2.82908371e-003
    1.44736283e-003 -1.47602626e-003 0. 0. 0. -6.75355957e-004
    1.22770073e-003 0. 2.12335051e-003 -9.17993748e-005 -5.33150043e-004
    1.61177129e-004 0. 2.38649372e-005 2.58597382e-003 0.
    6.54713949e-004 0. 7.37196533e-003 0. -4.48696956e-004
    -7.45612197e-004 3.48698930e-004 0. 1.16718386e-003 1.14193291e-003
    0. 0. 3.90045840e-004 0. 5.53436857e-003 3.72257287e-004 0. 0. 0.
    3.49789322e-003 0. 8.62870133e-004 5.49956551e-003 8.73841345e-003
    0. 1.95376226e-003 0. 0. 0. 0. 4.57921438e-003 3.60815204e-004
    2.81393441e-004 0. -1.74411456e-003 2.63687107e-003 7.31790764e-003
    4.94824722e-003 -7.59650538e-006 5.25514595e-003 0. 9.63665021e-004
    7.81704512e-005 3.02158273e-003 2.18554866e-003 0. 0.
    5.00445161e-003 0. 0. 0. 0. 2.42445432e-003 2.75205384e-004
    2.75405520e-003 0. 7.32143084e-003 0. 0. 1.45025982e-003 0. 0.
    4.24461951e-003 0. 1.01508084e-003 0. -3.01793509e-004 0. 0. 0.
    7.75424240e-004 0. 1.04882638e-003 0. 0. 0. 0. 0. 1.69749942e-003
    2.95517675e-004 6.42336346e-003 0. 2.24126234e-005 1.36597559e-003
    0. 1.63619546e-003 -2.24614676e-004 3.77940875e-003 0. 0. 0.
    -7.22408295e-004 3.70721356e-003 0. 3.44523182e-003 3.33722826e-004
    0. -6.55355398e-005 0. 0. 0. 2.17994698e-003 0. 0. 1.14311650e-003
    5.90368814e-004 0. 0. 1.78790069e-003 -3.78087566e-006
    -8.96890473e-004 4.97410400e-003 -5.58269850e-004 3.50753032e-003 0.
    0. 0. 0. -9.55897034e-004 0. 0. 1.10840611e-003 0. 5.55074122e-003
    0. -1.09489629e-004 0. -9.21274594e-004 1.69218448e-003
    3.46975191e-003 5.35380654e-003 -3.44490423e-003 0. -2.55833438e-004
    1.86142942e-003 6.69095712e-003 0. 0. -7.33643828e-004
    7.73440814e-004 1.22559757e-003 0. 8.69144779e-003 4.43175249e-003
    1.25044200e-003 0. 0. 0. 0. 0. 1.67291425e-003 0. 0. 0. 0. 0.
    -2.82818946e-004 0. 7.83752557e-003 4.97327279e-003 6.66788826e-003
    0. -1.12505211e-003 7.24214595e-004 1.21450998e-004 0. 0. 0.
    1.06492150e-003 6.63778046e-004 4.91278758e-003 0. 0. 0. 0.
    3.48805496e-003 -3.65498872e-003 2.58896849e-004 0. 0.
    1.33075677e-002 -9.20995197e-004 0. 0. 0. 0. 0. 3.82036134e-003
    1.31791632e-003 0. 0. 3.52037372e-004 0. 4.49773361e-004
    1.05634693e-003 1.39012584e-003 6.03867171e-004 0. 0. 0. 0. 0.
    -1.93146858e-004 2.83418992e-003 2.33150276e-004 -1.75877637e-003 0.
    0. 0. 0. 0. 0. 0. 0. 0. 0. 7.50230812e-003 0. 0. 0. 8.58034706e-004
    0. 0. 0. -2.26343423e-003 -3.03928100e-004 0. 6.10847166e-003 0.
    -8.87485803e-004 7.67886755e-004 0. 0. 3.31237889e-003
    6.49449090e-003 -2.90188837e-005 0. 9.93739069e-003 4.09434689e-003
    -1.82295125e-003 -1.73148047e-003 0. 8.47884396e-004 0.
    7.49921985e-003 0. 0. 0. 0. -6.74042094e-004 0. 0. 0. 0.
    5.13889967e-003 0. 0. 0. 0. 1.31003466e-002 1.42574881e-003 0. 0.
    -5.50464145e-004 3.77869816e-003 -7.83459516e-004 3.29457805e-004 0.
    0. 2.39348365e-003 0. 0. 0. 0. 0. 1.63813285e-003 0.
    -9.77519318e-004 0. 0. 7.51596468e-004 2.49080407e-003
    2.24492233e-003 0. 0. 0. 0. 3.85754881e-003 0. 0. 3.54968623e-004
    -1.32137182e-004 2.47987942e-003 2.37001036e-003 0. -1.90375000e-003
    0. 0. 9.56044346e-003 0. 0. 0. 0. 0. 3.76671349e-004 1.15414448e-002
    0. 0. 0. 1.37039647e-002 0. 0. 5.23048500e-003 9.20834718e-004 0. 0.
    3.07600130e-003 0. 0. 0. 4.10044473e-003 2.00494216e-003 0.
    5.68648148e-003 2.01794202e-003 0. 0. -5.09626931e-004 0.
    9.50880698e-004 1.49704202e-003 1.20596425e-003 -2.33634986e-004
    -8.80200707e-004 0. 5.16664376e-003 -3.88397276e-003 0.
    1.57188182e-003 9.70171182e-004 0. 3.70848953e-004 5.42624679e-004
    0. 3.44852684e-003 5.49244229e-004 0. 1.47895713e-003
    -7.11105706e-004 3.20944050e-003 6.51208963e-003 0. 0. 0.
    7.58487824e-003 0. 3.84689751e-003 -1.88686288e-004 0. 0.
    1.10980887e-002 0. 0. 0. 0. 0. 0. 0. 5.75735467e-003 0.
    -4.18806274e-004 1.90051820e-003 -1.50679681e-003 -4.26218467e-004
    0. 0. 0. 4.95153293e-003 0. 0. 0. -1.04890007e-003 0. 0.
    3.19574983e-003 0. 0. 0. 7.15057424e-004 0. 1.00185201e-002 0. 0.
    4.60908888e-003 1.19675007e-002 0. 2.06601201e-003 0. 0. 0. 0.
    4.85100830e-003 1.73990818e-004 7.35595077e-003 0. 0.
    1.26555387e-003 -6.23195432e-004 1.48188352e-004 0. 4.18363314e-004
    0. 0. 9.37009288e-004 0. 0. 0. -4.33297036e-003 3.55970091e-003
    3.26607551e-005 -1.08145287e-004 3.64288338e-004 -2.71550292e-004
    -5.41197602e-004 0. 0. 0. 0. 6.57170836e-004 0. 1.85740530e-003 0.
    1.38227385e-003 -1.03313767e-003 0. -2.01384118e-003 0. 0.
    9.14841017e-004 9.76656331e-004 0. -4.76329494e-003 0. 0. 0.
    -1.93588925e-003 0. 0. 0. 2.71310960e-003 0. 0. 1.13777351e-003
    1.69646824e-004 0. 1.82488887e-003 0. 0. 0. 2.12673843e-003
    8.04032758e-003 0. 0. 1.07191328e-003 0. 7.60578364e-003 0.
    1.51691295e-003 0. 7.11330539e-003 6.33665221e-003 0. 0.
    -2.12854985e-003 0. 1.59248575e-005 -2.45871488e-003
    -3.40778171e-003 7.60059513e-004 0. 0. 0. 0. -6.63729326e-004
    5.27235819e-003 3.91435763e-003 1.81155629e-003 8.90088500e-004 0.
    0. 1.22848945e-003 0. 0. 0. 7.13172788e-003 0. 0. 0. 3.23870219e-003
    0. 6.45014830e-003 0. 0. 1.61739392e-003 1.27213064e-003
    1.78380776e-003 0. 4.54105757e-004 0. 0. 0. 0. 0. 0. 6.77154167e-004
    0. 0. 5.69313532e-003 6.52295630e-003 4.01489949e-003 0.
    4.05907893e-004 5.41671063e-004 0. 8.83996836e-004 0. 0.
    1.76612742e-003 0. 8.89437739e-003 7.71585200e-003 0.
    5.78289712e-003 6.06997637e-004 0. 8.97661317e-003 0.
    2.07192847e-003 8.06936808e-003 0. 0. 0. 0. 4.53449524e-004 0. 0. 0.
    -1.52300549e-004 0. 7.81811599e-004 0. 9.09497030e-003 0. 0.
    -8.67782976e-004 -6.88219792e-004 0. 4.92049847e-003 7.90158112e-004
    0. 0. 7.99420010e-003 0. 0. 0. 0. -1.92431296e-004 -9.24736145e-004
    0. 9.93908104e-003 0. 6.32926647e-004 0. 1.77823147e-003
    1.48175179e-003 0. 0. 0. 0. 1.44025276e-003 0. 6.52723247e-004 0. 0.
    -8.89878662e-004 0. 0. 0. 0. 0. 0. 0. -2.34471215e-003
    4.28644847e-003 0. 0. 0. 0. 0. 9.23585903e-004 1.14343688e-003
    4.09428467e-004 0. 0. 0. 0. 2.48409319e-003 7.85347261e-003 0.
    2.78539979e-003 9.15275235e-003 1.90692057e-003 0. 0. 0. 0.
    9.32105258e-003 0. 6.10619038e-003 1.28353015e-003 0.
    7.88762001e-004 0. 5.93868201e-004 1.29213219e-003 0. 0.
    9.08327196e-003 0. -5.73445926e-004 2.22122879e-003 9.60408885e-004
    0. -6.28818467e-004 7.97781162e-003 0. 0. 1.51436112e-003 0. 0. 0.
    3.14009353e-003 3.16468679e-004 -1.36589771e-003 0. -1.47907913e-003
    9.80402343e-003 -4.25302336e-004 0. 0. 5.74792596e-003 0.
    3.68765881e-003 0. -1.89431338e-003 0. 0. 5.89521369e-003 0.
    1.25057192e-003 3.05944937e-003 1.40661316e-004 0. 0. 0.
    9.71289643e-004 0. -7.27286737e-004 0. 0. 0. 0. 0. 3.45149310e-004
    2.42385897e-003 0. 0. 3.01214890e-003 0. -6.03403838e-004
    2.89582415e-004 0. 0. 0. 0. 0. 2.85712536e-004 1.96241890e-003 0. 0.
    0. 0. 1.34828605e-003 0. 1.28155574e-003 4.55447985e-003 0. 0.
    8.77314433e-003 0. 9.12100495e-006 4.12315642e-003 5.97962236e-004
    6.52843795e-004 0. 0. -3.85562860e-004 3.09395720e-004
    5.32007427e-004 0. -6.40842889e-004 0. 0. 8.13640002e-003 0.
