<?xml version="1.0"?>
<opencv_storage>
<imageDescriptor type_id="opencv-matrix">
  <rows>1</rows>
  <cols>1000</cols>
  <dt>f</dt>
  <data>
    0. 0. 0. 0. 0. 0. 0. 7.04893435e-004 0. 0. 0. 0. 0. 0. 0. 0. 0. 0.
    0. 0. 3.73150920e-004 0. -2.27926928e-003 0. 0. 0. 1.19487047e-002
    0. 0. 0. 0. 4.23253234e-003 0. 0. 0. 0. 2.39769300e-003
    1.50039548e-003 0. 0. 0. 1.27532159e-003 0. 9.56277922e-003 0. 0.
    9.85341519e-003 0. -1.95357902e-003 0. 0. 4.65803593e-003
    3.44722811e-003 1.39083085e-003 1.21831974e-004 0. 2.89819855e-003
    0. 0. 1.54357217e-003 0. 0. -3.08126630e-003 0. 0. 0. 0.
    1.75173476e-003 0. 0. 3.46575934e-003 0. 0. 0. 1.81274570e-003 0.
    3.53483338e-004 0. 5.91608055e-004 6.19118474e-003 7.61912263e-004
    0. 0. 0. -5.33196762e-005 0. 0. 0. 0. 0. 2.75671273e-003 0.
    1.64812978e-003 1.38354208e-003 1.37006643e-003 -5.04177995e-004 0.
    7.52529548e-003 4.56370035e-004 3.39862797e-003 0. -7.11335661e-003
    0. 9.25576128e-003 0. 3.72959860e-003 0. 9.97076393e-004 0. 0. 0. 0.
    3.41352611e-003 0. 1.83252664e-003 1.23397063e-003 0. 0. 0. 0. 0.
    1.10126729e-003 2.26828502e-003 0. -2.83850270e-004 0. 0. 0.
    8.73111282e-003 0. 0. -1.55182322e-003 1.04740588e-003 0. 0.
    4.79458249e-004 0. 0. -1.79993012e-003 0. 0. 0. -7.84488686e-004 0.
    -8.48976371e-004 2.75494158e-003 0. 0. 0. 2.46292213e-003
    1.72815053e-003 -2.04648310e-003 -2.17996538e-003 2.05302960e-003
    1.99627527e-003 0. 0. 0. 0. 0. -1.44137407e-003 0. 0.
    8.60956218e-003 4.74264706e-003 1.34293467e-003 0. 6.92320464e-004
    0. 0. 1.64909184e-003 1.36893778e-003 -7.44872866e-003
    3.47558432e-003 0. 0. 0. 0. 4.01907414e-003 0. 0. 0. 0. 0.
    -5.74406236e-004 0. 0. 0. 0. 1.03400904e-003 5.56589104e-003
    3.12436628e-003 2.44962343e-004 0. 1.08523597e-003 2.55404995e-003
    0. 1.98007771e-003 6.05323305e-003 2.66395300e-003 9.39220598e-004
    0. 0. 4.72663296e-003 -9.13941185e-005 -9.01983411e-004 0. 0. 0. 0.
    0. 0. 7.30639906e-004 0. -7.74174114e-004 1.77403688e-002 0. 0. 0.
    0. 0. 0. 1.63379859e-003 0. 0. 0. 0. 0. 1.09897146e-003
    8.20264977e-004 -1.32337341e-003 0. 5.18866442e-003 0.
    9.13964864e-003 0. 0. 4.51989518e-003 0. 0. 2.61103705e-004 0.
    7.91476807e-004 0. 0. 3.92451743e-003 0. -1.62740436e-003 0.
    7.39525864e-003 0. 0. 7.71440985e-003 7.40475161e-003
    1.66799087e-004 0. 0. 0. 7.46474194e-004 2.10367460e-002
    4.71137557e-003 -1.82523392e-004 0. 1.61676295e-003 0. 0.
    2.72119883e-003 0. 0. 0. 0. 2.71270145e-003 0. 3.51463049e-003 0.
    2.04732362e-003 0. 3.17201298e-003 1.12131424e-003 0.
    4.14785370e-003 6.13775989e-003 0. 2.05170829e-003 0. 0. 0. 0. 0. 0.
    0. 0. 2.96729530e-004 0. 1.73830427e-003 0. 0. -2.65167881e-004
    8.42525857e-004 0. 0. 0. 0. -1.11481140e-003 6.26288762e-004 0. 0.
    7.22408621e-003 3.17069329e-003 1.04459038e-003 0. 0.
    8.47748946e-003 0. 0. -3.89160850e-004 1.65396673e-003
    1.50831460e-004 0. 0. 0. 0. 0. 1.16771960e-003 0. 0. 2.81734555e-003
    0. 0. 7.82291288e-004 0. 0. 0. 0. 0. 0. 0. 1.07652647e-003 0. 0.
    6.54935720e-004 0. 0. 0. 0. 0. 5.34797553e-004 0. 0. 2.25466653e-003
    5.16849989e-003 0. 0. -3.12612089e-003 1.35264266e-003 0. 0. 0. 0.
    0. 0. 0. 0. 4.70735552e-003 0. 0. 0. 0. 1.20099708e-002
    6.24509482e-003 0. 3.58947250e-003 0. 7.96800852e-003 0.
    -3.06860253e-004 6.31562341e-003 0. 5.79216611e-003 -9.92980786e-005
    -3.37350008e-004 4.06120764e-003 0. 0. 8.49602930e-003 0.
    4.99107921e-003 0. 0. 8.50563124e-003 0. 0. 1.91904220e-003 0. 0. 0.
    1.86610385e-003 0. 0. 0. 0. 0. 0. 0. 0. 0. 0. 0. 0. 1.39488035e-003
    0. 0. 0. 0. 0. 0. 0. 3.85739119e-003 4.60396428e-003 0. 0.
    2.60081072e-003 0. 0. 2.42118398e-003 1.12467201e-003
    3.70993535e-003 1.45398837e-003 0. 0. 0. 0. 3.06636770e-003
    -9.16684163e-004 0. 0. 0. 8.83123465e-003 0. 2.81505883e-002 0. 0.
    0. 1.75605260e-003 0. -7.14551366e-004 4.60682670e-004
    1.92740932e-002 3.02940723e-003 0. 0. 0. 0. 0. 1.56758528e-003 0. 0.
    9.14525613e-003 -1.43977359e-003 0. 0. 0. 2.79542222e-003 0. 0.
    -2.43567047e-003 2.00872077e-003 0. 0. 0. 0. 3.45250615e-003 0. 0.
    0. 0. -2.67431635e-004 8.52877041e-004 1.18531520e-003 0.
    -1.05715310e-003 0. 6.98284060e-003 0. 0. 0. 0. 0. 0.
    -1.91006274e-003 0. 1.19023520e-004 0. 0. 0. -5.41490503e-004 0. 0.
    -4.40637319e-004 -1.28634449e-003 -2.51665042e-004 0. 0.
    -8.98999569e-004 0. 0. 1.84214045e-003 0. 0. 0. 0. 8.53890146e-004
    0. 0. 0. 0. 1.80985674e-003 1.48929458e-003 1.17198052e-003
    8.33233632e-003 4.84129367e-003 1.35479658e-003 0. 0. 0. 0.
    2.18625972e-003 2.19364651e-004 1.51640712e-003 1.83348614e-003
    1.55533280e-003 1.36067695e-003 0. 0. 0. -1.18055253e-003 0. 0. 0.
    6.73735188e-003 1.14083029e-002 0. 0. 4.30576876e-003 0.
    -1.02823367e-003 4.26005013e-003 3.65864928e-003 3.92473396e-003 0.
    0. 0. 0. 5.66340191e-003 6.59878738e-003 0. 0. -1.03123614e-003 0.
    0. 0. 0. 1.60060171e-002 0. 0. 0. 5.43497794e-004 -6.74744777e-004
    0. 0. 5.81188360e-004 0. 0. 0. 2.12569459e-004 0. 0. 0. 0. 0.
    1.67655945e-003 1.73298060e-003 8.00790673e-004 3.08689149e-003
    1.97962997e-003 0. 0. 3.30648455e-003 0. 5.03957737e-003 0.
    7.39508250e-004 0. 0. 1.42778014e-003 0. 0. 0. 0. 0. 0. 0. 0.
    -1.32768837e-004 0. 5.51744015e-004 0. 0. 1.20008574e-003 0. 0.
    -1.94109208e-003 0. 0. 0. 0. 0. 0. 0. 0. 9.74528259e-004
    5.05465316e-003 0. 2.56137177e-003 0. 1.43660279e-003
    -2.68361298e-003 0. 7.31950998e-003 0. 0. 0. 0. 1.95666187e-004 0.
    0. 0. 2.19581369e-003 0. 0. 1.49055792e-004 0. 0. 0. 0.
    2.13583349e-003 1.09624434e-002 5.91002218e-003 0. 0. 0. 0. 0. 0.
    2.01460952e-003 0. 0. 3.65021825e-003 0. 0. 0. 0. 0. 0. 0. 0.
    4.22189158e-004 0. -2.81730201e-003 -2.32056924e-003 0. 0. 0.
    6.06375001e-003 -6.76156633e-005 0. 0. 6.56321272e-003 0. 0. 0.
    3.44390585e-003 0. 0. -2.71149242e-004 1.67027127e-003 0.
    -6.71405753e-004 0. 9.79854912e-003 -6.69558722e-005 0. 0. 0. 0. 0.
    1.72574015e-003 0. 0. 0. 0. 3.31838173e-003 0. -8.23249226e-004 0.
    0. 0. 0. 0. 0. 0. 0. 0. 0. -1.28174759e-003 0. 0. 0. 0.
    2.67353782e-004 0. 0. 0. 0. 2.81323493e-003 0. 1.62788678e-003
    1.96957355e-003 0. 0. 0. 2.44947011e-003 0. 0. 0. 0. 1.84913166e-002
    0. 2.09247251e-003 2.74694245e-003 1.61525351e-003 2.59759766e-003
    0. 0. 5.84093505e-004 1.07023527e-003 2.57001165e-003 0. 0. 0. 0. 0.
    0. 0. 0. 0. 1.19778607e-003 1.53198768e-003 0. 9.59267127e-005 0. 0.
    0. 0. 0. 0. 4.94985236e-003 0. 0. 0. 0. 7.64172385e-003
    1.47093227e-003 0. 0. 3.48463247e-004 -2.09779385e-003 0.
    1.52107124e-004 0. 0. 3.56646115e-003 0. 0. 0. 0. 5.79454238e-003 0.
    -2.08626268e-003 0. 0. 0. 7.57661837e-005 0. 0. 1.18260190e-003 0.
    1.15532591e-003 -2.97995372e-004 0. 0. 0. -1.02020986e-003
    -6.06205314e-004 8.91910307e-003 0. 0. -1.00641511e-003 0.
    1.29652629e-003 0. 2.26373342e-003 0. 0. 1.94343901e-003 0.
    1.71028916e-003 0. 0. 0. 0. 0. 0. 0. 0. 0. 0. 4.93368274e-003
    3.30215134e-003 0. 0. 0. -9.06773421e-005 0. 0. 1.18724047e-003 0.
    2.87589524e-003 0. 0. 4.45662811e-003 0. 0. 0. 0. 0. 0.
    3.91511101e-004 0. 1.72510743e-003 -3.83460167e-004 1.43971504e-003
    0. 0. 0. 6.34169846e-004 0. 0. 0. 0. 2.92091840e-003 1.45298033e-003
    3.24087916e-003 4.93041659e-003 0. 3.80072952e-003 0. 0.
    5.32447686e-003 -1.01967168e-003 1.39858862e-002 0. 0. 0. 0. 0. 0.
    0. 0. 0. 2.24569533e-003 0. -1.10438082e-003 0. 1.56303612e-003
    1.99911185e-003 0. 0. 0. 0. 0. 4.53138258e-003 -5.96877013e-004 0.
    0. 0. 0. 0. 0. 0. 0. 0. 0. 4.03520232e-003 0. 0. 4.76755667e-003
    3.87497693e-002 0. 0. 1.45185133e-003 9.07117222e-003 0.
    3.75157222e-003 1.49456179e-003 8.32634862e-004 0. 9.97199561e-004
    -1.80908793e-003 0. 0. 0. 0. 2.20751390e-004 0. 1.37939760e-002 0.
    0. 1.35246646e-002 2.51738215e-003 5.12918923e-003 0.
    7.94160552e-003 0. 0. 0. 0. 0. 0. -7.07290543e-004 0. 0.
