<?xml version="1.0"?>
<opencv_storage>
<imageDescriptor type_id="opencv-matrix">
  <rows>1</rows>
  <cols>1000</cols>
  <dt>f</dt>
  <data>
    0. 0. 0. 0. 0. 0. 0. 2.02924106e-003 0. 0. 0. 0. 3.79137113e-003
    3.79769364e-003 -6.39054400e-004 0. 0. 0. 1.13353564e-003 0. 0.
    -1.03049865e-003 4.30644210e-003 0. -3.76562879e-004 4.07619681e-003
    1.93924818e-003 2.74330610e-003 0. 2.32900347e-004 4.05980041e-003
    0. 0. 0. 0. 0. 5.90586197e-003 1.93511974e-003 3.11444211e-003
    1.45340804e-003 0. 0. 0. 0. 0. 0. 1.89709477e-002 0. 0. 0. 0.
    6.41188305e-003 1.48151082e-003 3.07962717e-003 0. 0.
    6.45580469e-003 0. 3.65814823e-003 -2.38890098e-005 0.
    -5.19796042e-003 -5.19171497e-003 9.33571660e-004 0. 0.
    6.40847860e-003 0. 0. 0. 0. 0. 2.10606027e-003 -1.04896061e-003
    5.40987263e-003 0. 0. 0. 0. 2.61519663e-003 2.88061588e-003 0. 0. 0.
    1.40353222e-003 0. 2.55594240e-003 -1.23782129e-005 0. 0. 0. 0.
    1.46977231e-003 0. 0. 3.74451396e-003 0. 5.17472252e-003
    1.07583757e-002 3.63494735e-003 2.80694803e-003 9.89799271e-004 0.
    0. 0. 0. 0. 1.27182540e-003 0. 0. -2.41006352e-003 2.52412586e-003
    0. 0. 4.61094640e-003 0. 0. 0. 1.70950789e-003 -8.65515904e-004
    5.02563687e-003 0. 0. 0. -1.07458979e-003 0. 1.18622513e-004 0. 0.
    1.83571060e-003 0. 0. 3.22642224e-003 0. 0. 2.40656105e-003 0. 0.
    -1.50565151e-003 0. 0. 2.44230614e-003 0. 0. 0. 3.64184915e-003 0.
    0. 0. 0. -4.28903941e-003 5.64715732e-003 -2.13875202e-003
    3.46297678e-003 3.96026950e-003 0. 0. 0. 0. 3.54968972e-004 0.
    3.49478400e-003 0. 1.85460330e-003 0. 0. 0. 0. 0. 0.
    -1.06915692e-003 0. 0. -2.32452340e-003 0. 0. 0. 3.99162946e-003 0.
    0. 0. -1.39408954e-003 0. 5.15986641e-004 0. 4.29805275e-003 0.
    3.14729870e-003 0. 0. 2.97185429e-003 0. 0. 4.37884964e-003 0.
    2.25877902e-003 0. -1.55904633e-003 0. 0. 1.80128042e-003 0.
    5.09081688e-003 5.75640379e-003 4.84163594e-003 0. 0. 0. 0. 0.
    1.64723396e-002 0. 0. 0. 9.26103536e-003 0. 1.36076414e-003 0.
    5.24533959e-003 1.90767657e-003 0. 0. 0. 0. 0. 0. 4.21557762e-003 0.
    0. 0. 0. 0. 0. 2.90017365e-003 0. 0. 2.88280868e-003 0. 0. 0.
    -4.20881761e-003 0. 0. 3.75017431e-003 -1.91609270e-003
    1.27253402e-003 0. 1.44476979e-003 -1.67689257e-004 3.67651158e-003
    0. 0. 2.67870957e-003 -1.15868100e-003 0. 0. 0. 0. 0.
    4.36971989e-003 2.11634673e-003 0. 0. 0. 0. 0. 0. 0. 0. 0. 0.
    2.64003640e-003 -2.50954879e-003 0. 0. 0. 0. 0. 0. 4.77558840e-003
    -1.18362182e-003 0. 0. 0. 0. 8.68851726e-004 0. 0. 0. 0.
    -1.52894971e-003 2.71349889e-003 7.19719101e-004 1.39072316e-003
    2.17848876e-003 0. 0. 0. 2.83004809e-003 7.09865591e-004
    2.53195874e-003 1.63595960e-003 0. 0. 0. 1.38753108e-004
    4.16876236e-003 8.77856929e-003 0. 2.42670253e-002 2.66567804e-003
    0. 0. 7.31658749e-003 0. 1.37395761e-003 5.60999056e-003 0. 0. 0.
    3.81918740e-003 0. 0. -4.91534965e-003 0. 1.93215988e-003 0.
    2.20812093e-002 0. 0. 5.68991620e-003 0. 0. 1.44956284e-003 0. 0. 0.
    0. 0. 0. 9.19473451e-003 0. 0. 0. 3.76993651e-003 3.68416216e-003 0.
    2.58229417e-003 0. 1.33597327e-003 0. 2.79543630e-004
    4.14586859e-003 4.62607102e-004 3.02596972e-003 0. 0. 0. 0. 0. 0. 0.
    0. 0. 0. 0. 0. 0. 0. 0. 0. 0. 2.68488959e-003 9.77845304e-003
    7.52215553e-003 0. 2.23102467e-003 0. 0. 9.74729075e-004 0.
    2.12764693e-003 -1.13559747e-003 1.01373589e-003 1.92408171e-003 0.
    0. 3.42714181e-003 -5.59557193e-005 6.04167180e-005 0. 0.
    7.39796262e-004 0. 0. 0. 0. 0. 0. 0. 2.26537744e-003 0. 0.
    4.88565769e-003 8.53697071e-004 0. 7.98392284e-004 7.55622401e-004
    0. 0. 0. 0. 0. 0. 9.30176582e-003 0. 0. 0. -3.34125361e-004
    2.73241592e-003 0. 4.01010038e-003 0. 0. 0. 5.39608533e-003 0.
    9.26589780e-003 3.35927703e-003 0. 0. 0. 6.69982098e-003 0. 0. 0. 0.
    0. 0. 7.57529488e-005 0. 0. 2.73076468e-003 0. 0. 5.78480074e-003
    -7.66390061e-004 0. 0. 3.08389217e-003 0. 0. 0. 0. 0. 0. 0.
    1.81845075e-003 1.32193964e-003 0. 0. -2.44278926e-004 0.
    2.25696061e-003 0. 0. 2.09158054e-003 0. 0. 2.13722419e-002 0.
    4.50947235e-004 0. 0. 0. 0. 0. 2.23132991e-003 2.98899389e-003 0. 0.
    2.85626063e-003 6.68070372e-003 0. 0. 0. 0. 2.36346480e-003
    1.26562361e-003 0. 5.00122318e-003 -1.34483026e-003 0.
    -1.17039180e-003 0. 0. 4.95438231e-003 2.11333367e-003
    -6.84231520e-004 0. 0. 1.53345591e-003 0. 0. 0. 0. 0. 0.
    -1.07831802e-004 0. 0. 0. 0. 0. 0. 0. 0. 5.41109685e-003
    7.47955055e-004 0. 7.24669220e-003 0. 4.74536465e-003 0. 0. 0.
    3.35672474e-003 0. 2.13693711e-003 6.62570354e-004 4.66631772e-003
    0. 0. 0. 0. -5.13423933e-004 8.77900224e-004 0. 0. 0. 0. 0. 0.
    -4.98947280e-004 0. 0. 0. 0. 3.52450204e-003 0. 0. 2.78922380e-003
    0. 0. 2.26495159e-003 0. 3.72822187e-003 4.18522814e-003
    2.27318797e-003 0. 0. 5.95218828e-003 1.14772208e-002
    8.73964338e-004 0. 0. 3.96481808e-003 0. 0. 0. 0. 0. 0. 0.
    2.75004841e-003 0. 2.62704771e-003 0. 0. 0. 0. 6.70043891e-003 0. 0.
    0. 0. 0. 0. 0. 0. -2.69487238e-004 0. 9.84418555e-004
    1.07327115e-003 0. 0. 0. 0. 0. 0. 0. 1.35807889e-002 1.72743760e-003
    0. 0. 0. 0. 0. 0. 0. 0. 2.14816700e-003 0. 0. 7.15100998e-003 0. 0.
    0. 5.58533380e-003 0. 0. 1.54408859e-003 0. 0. 0. 0. 3.47526488e-003
    0. 0. 0. 0. 3.94437043e-003 0. 0. 0. 0. 0. 1.34430267e-003 0. 0. 0.
    0. 0. 0. 0. 0. 0. 7.47167214e-004 0. 0. 8.21951218e-003 0. 0. 0.
    1.16570748e-003 0. 3.37442878e-004 5.52962115e-003 0. 0. 0. 0. 0. 0.
    0. 0. -9.19450365e-004 0. 0. 9.96495225e-003 0. 0. 0.
    -2.81645497e-003 -1.69636114e-004 3.17165116e-003 0. 0.
    6.79313904e-004 0. 0. 1.13516895e-003 0. 0. 0. 0. 0. 0. 0. 0.
    2.98202061e-003 0. 0. 1.52104313e-003 0. 0. 1.25363376e-003
    2.58295075e-003 0. 4.33742716e-005 0. 0. 0. 0. 5.16302884e-003 0. 0.
    2.08740681e-003 3.83292977e-003 0. 0. 0. 0. 0. 0. 7.19078491e-003
    -2.01234609e-004 0. 0. 1.80912274e-003 0. 1.75897926e-002 0. 0.
    -1.15824246e-003 0. 0. 0. 1.31567067e-003 0. 2.16262275e-003 0.
    4.89907805e-003 0. 0. -3.83369485e-003 -7.61341420e-004 0.
    5.33135701e-003 0. 2.62051518e-003 -1.62281597e-003 0. 0. 0. 0. 0.
    -9.33448726e-004 0. 6.12721662e-004 0. -1.39556662e-003 0. 0. 0. 0.
    2.32848781e-003 0. 0. 0. 0. 0. 0. 3.73280630e-003 0. 1.95326749e-003
    0. 0. 0. 0. 0. 0. 3.45187448e-003 1.83239777e-003 4.68617026e-003 0.
    0. -7.51135449e-005 0. 2.17607035e-003 0. 0. 0. 1.22181675e-003
    2.27878382e-003 7.25369575e-003 0. 0. 0. 0. 0. 0. 0. 0. 0.
    2.90137366e-003 0. 0. 8.24138336e-003 0. 0. 0. 1.89236156e-003 0. 0.
    0. 0. 0. 0. -8.48793832e-004 0. 0. 0. 1.93076523e-003 0.
    1.73553010e-003 0. 0. 0. 1.48772113e-002 0. 0. 0. 0. 0. 0. 0.
    4.37935302e-003 0. 6.59517338e-003 0. 3.19315703e-004 0. 0.
    1.39184971e-003 4.66868142e-003 0. 0. 0. 0. 0. 9.31474008e-003
    -7.85779383e-004 0. 0. 3.27097205e-003 4.83996468e-003
    1.86003628e-003 0. 6.67106593e-003 8.41387920e-003 0.
    3.18563101e-003 6.82117417e-004 2.46517186e-004 6.45647105e-003 0.
    6.28974242e-003 1.16869593e-002 0. 0. 0. 2.09963880e-003 0. 0. 0. 0.
    0. 1.82621402e-003 -4.22442518e-003 0. 0. 0. 0. 5.65254735e-003 0.
    0. 0. 0. 0. 1.88778550e-003 0. 0. 0. 0. 0. 0. 0. 0. 5.94659476e-003
    0. 2.48954329e-003 0. 0. 4.13653720e-003 0. 0. 4.26904485e-003 0. 0.
    0. 0. 0. 0. 0. 2.32935348e-003 1.27211325e-002 0. 0. 0.
    -4.13481519e-003 3.84715130e-003 0. 0. -1.19864114e-003 0. 0.
    5.21566160e-003 0. 6.54308172e-003 0. 0. 6.73665956e-004
    2.76950863e-003 1.57674338e-004 0. 0. 0. 0. 0. 3.11954110e-003
    9.33385279e-004 0. 0. 0. 0. 1.59910799e-003 0. 0. 1.46650360e-003
    5.98692941e-003 2.04200204e-003 0. -1.71664869e-003 0. 0. 0.
    9.15789860e-004 0. 0. 4.15227702e-003 0. -1.15128420e-003 0. 0.
    1.62757130e-003 0. 0. 0. 4.06488171e-003 0. -4.39342752e-004 0. 0.
    1.18249201e-003 0. 4.41784924e-003 0. 7.53801595e-003 0. 0.
    2.88695074e-003 5.41852678e-005 0. 0. 0. 0. 1.14907778e-003
