<?xml version="1.0"?>
<opencv_storage>
<imageDescriptor type_id="opencv-matrix">
  <rows>1</rows>
  <cols>1000</cols>
  <dt>f</dt>
  <data>
    0. -2.04329076e-003 0. 0. 0. 0. -1.48736450e-004 5.47484588e-003 0.
    0. 3.25924158e-003 0. 0. 9.95351074e-005 0. 2.59502954e-003
    8.65561422e-003 0. 0. 0. 0. 2.36367271e-003 0. 0. 4.69478313e-003 0.
    0. 0. 0. 0. 0. 0. 0. 0. 8.47403146e-003 7.95138068e-003 0. 0. 0. 0.
    0. 0. 0. 0. 0. 0. 0. 1.00934133e-003 -3.57881276e-004 0. 0.
    -4.27526596e-004 0. 0. 4.32587601e-003 0. 0. 3.78863857e-004 0. 0.
    -1.85295765e-004 0. 4.41962900e-003 0. 0. 9.45265125e-003 0. 0. 0.
    0. 0. 0. 0. 0. -2.30821525e-003 3.26818298e-003 0. 0. 0.
    4.51769959e-003 2.82903295e-003 0. 0. 0. -2.29972787e-003 0. 0. 0.
    0. 0. 2.33374280e-003 3.73255298e-003 0. -3.20707355e-003
    3.84294987e-003 1.25787244e-003 0. 0. 0. 1.16248243e-002 0.
    4.36867168e-003 0. 0. 0. -1.00084837e-003 0. 0. 0. 0. 0.
    1.67781708e-003 2.71623209e-003 0. 0. 4.31281375e-003
    1.23508740e-002 0. 0. 7.83362053e-003 4.66036936e-003 0.
    1.53570739e-003 7.09668221e-003 2.59910850e-003 0. 3.94595845e-004
    0. 0. 0. 0. 0. 0. 3.70941102e-003 0. 3.15518840e-003 0.
    1.33706182e-002 0. 0. 0. 0. 0. 6.35179784e-003 0. 0. 0. 0. 0. 0. 0.
    0. 7.00640306e-003 0. 5.20203263e-003 2.02433183e-003 0. 0.
    2.67875817e-004 2.49101152e-003 1.03589650e-002 0. -3.20689316e-004
    -3.87625012e-004 0. 0. 0. 8.29210039e-003 0. 0. 0. 0. 0. 0. 0.
    8.83245084e-004 3.89893795e-003 3.80030484e-004 2.69541726e-003
    6.00948464e-003 2.82625761e-003 0. 0. 1.06791295e-002
    3.31883435e-003 0. 0. 0. 0. 0. 0. 8.11756030e-003 1.66649593e-003 0.
    0. 0. 0. 0. 0. 0. 7.23272515e-003 0. 0. 0. 0. 3.13210534e-003 0. 0.
    3.17671802e-003 0. 2.24562525e-003 0. 6.44176407e-003 0. 0. 0. 0.
    -1.28110754e-004 3.54911201e-003 -2.11772262e-004 6.22402783e-003 0.
    0. -3.91972804e-004 1.26854819e-003 0. 0. 0. 0. 3.59680527e-003
    6.01798855e-003 4.48898319e-003 0. -3.58335604e-003 0. 0. 0. 0. 0.
    0. 6.50041131e-003 0. 1.95508683e-003 0. 0. 0. 2.28344323e-003
    1.55711547e-003 0. 0. 0. 0. 0. 0. 0. -1.10709353e-003 0.
    4.74295672e-003 0. 0. 4.38766368e-003 0. 0. 3.61942360e-003 0.
    5.59846498e-003 0. 0. 0. 0. 0. 0. 0. 0. 0. 4.02357866e-004 0. 0. 0.
    0. 0. 4.85217810e-004 0. 7.12110801e-003 0. -1.32827391e-003 0. 0.
    0. 4.57214564e-003 0. 0. 0. 0. 0. 0. 0. 3.38505313e-004 0. 0. 0.
    -2.23661494e-003 -1.77286376e-004 2.70415377e-003 8.02406762e-003 0.
    0. 6.50516420e-004 0. 0. 0. 0. 3.48607684e-003 0. 0. 0.
    2.65168701e-003 0. 0. 0. 0. -1.40237878e-003 0. 3.69479298e-003 0.
    0. 0. 0. 0. 0. 0. 0. 0. 0. 1.61377806e-003 0. 0. -1.46455568e-004 0.
    2.39629149e-002 0. -7.01589801e-004 0. -2.88000493e-003
    2.51911115e-003 3.10587464e-003 0. 3.85830412e-003 0.
    2.66364450e-003 0. 1.09368609e-002 0. 0. 4.22917446e-003 0. 0. 0. 0.
    0. 5.61042782e-003 0. 0. 0. 0. 0. 0. 0. 0. 0. 0. 0. 2.73868418e-003
    0. 1.87001843e-002 0. 0. 0. 0. 0. 0. 0. 0. 0. 0. 0. 0.
    1.09606897e-002 0. 0. 0. 0. 5.86836878e-003 0. 0. 0. 0. 0. 0. 0. 0.
    0. 0. 0. 1.06062298e-003 0. 0. 0. 0. 0. 0. -1.63682736e-003 0.
    -3.43893189e-003 0. 3.71361640e-003 -3.52057209e-003 0. 0. 0.
    9.46930610e-003 0. 0. 0. 2.16542347e-003 -1.12083484e-003 0. 0. 0.
    0. 2.69818678e-003 -5.04335202e-003 0. 1.59124867e-003 0.
    -1.94821769e-004 0. -1.26488041e-003 0. -1.40254677e-003 0.
    1.65934407e-003 1.22167426e-003 0. 0. 0. 0. 4.40178497e-004 0. 0. 0.
    8.08913168e-003 0. 0. 1.35955345e-002 0. 0. 0. 0. 0. 0. 0. 0. 0. 0.
    0. 0. 0. -9.88673535e-004 0. 0. 0. 0. 0. 0. 0. 7.67643237e-003
    2.10184138e-003 0. 1.24326609e-002 0. 1.14879953e-002 0. 0.
    -1.79375953e-003 5.32739097e-003 0. 5.55185881e-003 3.04612494e-003
    0. 0. 4.54291003e-003 0. 0. 0. 0. 0. 2.99765472e-003 3.49878916e-003
    -3.08960606e-003 5.92776295e-003 0. 0. 8.98253347e-005 0. 0. 0. 0.
    0. 0. 2.08783289e-003 8.80400836e-003 0. 0. 0. 9.15940851e-003 0. 0.
    0. 0. 0. 0. 0. 0. 0. 0. 0. 0. 0. 0. 0. 1.14821852e-003
    2.05952837e-003 0. 0. 0. 0. 6.52671792e-003 0. 0. 0. 0.
    3.41257174e-003 0. 0. 0. 0. 0. 0. 0. 1.39011117e-002 0. 0. 0. 0. 0.
    0. 3.46274278e-003 1.37091521e-003 3.02453735e-003 5.42503316e-003
    0. 0. 0. 1.92319183e-003 0. 0. 1.61728205e-003 0. 5.18899225e-003 0.
    0. 0. -1.81999081e-003 0. 8.93432926e-003 0. 0. -5.08125813e-004 0.
    0. 0. 0. 0. 0. 0. 0. 0. -7.73906475e-004 0. 0. 0. 0. 0.
    1.04318373e-002 0. 0. 0. 0. 2.45664897e-003 0. 4.97155404e-003
    8.30844697e-003 0. 0. 0. 0. 0. 1.26926871e-002 7.17100454e-003
    2.42411159e-003 0. 5.93412668e-003 0. 0. 0. -1.07023588e-004 0. 0.
    0. 0. 0. 0. 0. 7.26405415e-005 0. 0. 0. 0. 0. 6.56890543e-003 0. 0.
    0. 0. 0. -1.51723286e-003 0. 1.16884047e-002 3.50425183e-003 0.
    3.36040510e-004 2.11843220e-003 0. 0. 0. 0. 0. 0. -8.90931464e-004
    0. 0. 0. 0. 3.49026639e-004 0. 0. 0. 0. 0. 0. 0. 0. 0. 0.
    1.56638247e-003 0. 0. 2.63420376e-003 0. 0. 2.19024159e-003
    7.92272855e-004 2.95890612e-003 0. 0. 0. 0. 9.38937813e-003 0.
    4.42417199e-003 1.28098321e-003 0. 0. 3.04901437e-003
    1.46447041e-003 2.78310501e-003 0. 0. 1.07965921e-003
    5.54883014e-003 0. 0. 0. 0. 0. -1.48887601e-004 5.33966860e-003 0.
    0. 4.64963773e-003 3.17954831e-003 0. 2.52040196e-003
    -4.40067705e-003 0. 7.75365508e-004 4.42685792e-003 0. 0.
    2.56635668e-003 0. 0. 2.34053913e-003 3.58793465e-003
    3.04817897e-003 0. 7.77752185e-003 0. 0. 2.86517269e-003
    -1.19027391e-003 0. 3.38325789e-003 0. 8.97333957e-003 0. 0. 0. 0.
    5.04483795e-003 0. 0. 0. 0. 0. 0. 0. 0. 0. 6.40571909e-003 0. 0.
    1.54624006e-003 1.15543907e-003 0. 1.01808058e-002 0. 0. 0. 0. 0. 0.
    0. 4.28115856e-003 0. 0. 2.09692493e-003 0. 0. 0. 0. 0.
    1.21585489e-003 0. 0. 0. 0. 0. -6.92876987e-004 0. 1.61482161e-003
    0. 0. 0. 0. 0. 2.42881291e-003 0. 0. 0. 0. 0. 0. 0. 0. 0.
    2.10030819e-003 -2.48165545e-003 3.15121002e-003 0. 0. 0. 0. 0. 0.
    5.09465858e-003 0. 7.48629507e-004 0. 0. 0. 0. 0. 0. 0. 0. 0. 0. 0.
    0. 0. 0. 4.17586882e-003 0. 9.04129469e-004 0. 0. 6.72818162e-003
    -1.73068454e-003 0. 0. 3.69959860e-004 0. 0. 0. 5.73464343e-003
    -4.34549665e-003 3.70918866e-003 0. 0. 0. 0. 0. 0. 0. 0. 0.
    -1.17073825e-003 0. 2.89564114e-003 0. 0. -4.52274177e-003
    8.36752076e-003 0. 4.02324973e-003 0. 0. 0. 0. 0. 2.24015047e-003 0.
    0. 0. 2.85516772e-003 0. 0. 0. 0. 0. 1.66741386e-003 2.30379635e-004
    0. 0. 9.66477580e-003 0. -5.46974479e-004 6.31472049e-003 0. 0. 0.
    0. 2.15964718e-003 6.90447679e-003 0. 0. 0. 0. 0. 4.84654168e-003 0.
    3.82484053e-003 0. 0. 0. 0. 5.58975898e-003 0. 1.97925745e-003 0. 0.
    0. 0. 0. 0. -2.81195086e-003 9.34216287e-003 0. 0. 3.16141685e-003
    0. -3.27384821e-003 0. 0. 0. 0. 4.18317830e-003 1.76538224e-003 0.
    0. 0. 0. 0. -1.01739599e-003 0. 0. 8.57627718e-004 7.00620003e-003
    0. 0. 6.08818140e-004 0. 5.28617855e-003 2.21225643e-003
    1.00404667e-002 0. 0. 0. -1.39669899e-003 0. 0. 0. 3.15390236e-004
    0. 4.12270054e-003 0. 5.53834718e-003 0. 0. 0. 4.73366305e-003
    2.17791088e-003 0. 0. 2.59510940e-003 0. 2.69166427e-003 0. 0. 0. 0.
    0. 0. 0. 6.36147195e-003 4.74023540e-003 2.29705870e-003
    5.32364380e-003 2.79341987e-003 0. 4.32383455e-003 0. 0.
    1.12120258e-002 0. 1.73218816e-003 0. 0. 0. 0. 0. 0. 0. 0. 0. 0. 0.
    4.00621491e-003 0. 0. 2.81245774e-003 0. 0. 0. 0. 9.16449819e-003 0.
    1.36341609e-003 0. 0. 0. 2.42880499e-003 0. 0. 8.59003514e-003 0. 0.
    0.</data></imageDescriptor>
</opencv_storage>
