<?xml version="1.0"?>
<opencv_storage>
<imageDescriptor type_id="opencv-matrix">
  <rows>1</rows>
  <cols>1000</cols>
  <dt>f</dt>
  <data>
    0. 0. 0. 0. 1.54509698e-003 0. 5.94040658e-003 0. -2.80417036e-003
    0. 0. 0. 0. 0. 1.47611387e-002 0. 4.62125940e-003 1.94587850e-003 0.
    0. 0. 0. 0. 0. -6.74492912e-004 0. 0. 0. 5.32164588e-004
    9.37672984e-003 8.24054517e-003 4.93844599e-003 0. 0. 0.
    3.29464255e-003 3.29503743e-003 0. 0. 0. 0. 0. 1.90931070e-003 0. 0.
    0. -3.64520936e-004 0. 0. 0. 0. 0. 0. 0. 2.68305675e-003 0.
    -3.52460163e-004 0. 0. 7.12184701e-004 6.74603682e-004
    8.59836023e-003 0. 0. 0. 0. 0. 0. 0. 2.19199085e-003 3.54577112e-003
    -6.54351083e-004 6.60919293e-004 -1.52229459e-003 3.85947031e-004 0.
    1.64857670e-003 0. 0. 2.96519580e-003 0. 0. 0. 0. 5.08716097e-003
    1.26705610e-003 0. 0. 1.60107284e-003 1.39094726e-003 0. 0. 0.
    1.28955217e-002 0. 0. 9.29283164e-003 0. 5.89543488e-003 0. 0. 0.
    1.61013403e-003 2.43819668e-003 0. 0. 0. 3.11776181e-004 0. 0. 0. 0.
    0. 0. 1.38980732e-003 0. 1.14535948e-003 0. 2.89269839e-003
    7.67871132e-003 0. 0. 1.11077372e-002 0. 0. 1.66772772e-003 0.
    9.08901740e-004 6.29324513e-003 0. 5.57888160e-003 0.
    2.14785547e-003 0. 8.78460472e-004 1.04069745e-003 0. 0.
    -1.00150623e-003 0. -1.24830680e-004 2.04988784e-004 0.
    1.01493346e-003 0. 0. 0. 0. 0. 0. 0. -2.09221485e-004 0. 0. 0. 0. 0.
    -3.36828874e-004 6.89847814e-003 0. 0. 0. -3.82252992e-003
    3.08536342e-003 0. 0. 0. 0. 0. 0. 0. 0. 2.75007053e-003
    2.68711126e-003 0. 6.11376762e-003 0. 0. 0. 3.05874203e-003 0. 0. 0.
    0. 0. 0. 5.30578569e-003 0. 0. 0. 0. 2.35033548e-003 0.
    -1.58110680e-003 3.29875108e-003 0. -5.04292548e-004 4.30457201e-003
    0. 5.04101906e-003 5.64301328e-004 0. 0. 0. 0. 0. 0. 4.02816106e-003
    0. 1.76628600e-004 0. 0. 0. -1.84571152e-004 0. 0. 0. 0. 0.
    9.61025362e-004 3.84833594e-003 0. 7.83109199e-003 9.03198309e-003
    1.05208894e-002 0. -1.00827322e-003 0. 0. 0. 0. 0. 0.
    6.62580458e-003 0. 0. 0. 0. 0. 0. 0. 0. 1.09437550e-003
    -2.18026876e-003 0. -1.59256242e-003 0. -1.96228176e-003 0.
    9.44343046e-004 0. 0. 7.55886035e-003 0. 0. 0. 0. 0. 5.17194299e-003
    0. 2.23294861e-004 0. 2.14628802e-004 0. -8.47595278e-004 0.
    6.62745023e-003 0. 0. 0. 0. 0. 1.87729776e-003 9.68050212e-003 0.
    6.06616354e-003 1.41840167e-002 0. 0. 0. 0. 8.69958941e-003
    -7.68788741e-004 0. 0. 3.91911512e-004 -2.90528312e-003 0.
    5.67883067e-003 -1.02665566e-003 0. 0. 0. 0. 0. 0. 2.36640917e-003
    0. 0. 6.51602307e-003 -6.57803321e-004 0. 6.73172239e-004 0.
    -4.30453947e-004 3.62109486e-003 0. 0. 5.40062028e-004
    -1.26936748e-005 0. 0. 0. 3.62157263e-003 7.29161489e-004 0. 0.
    8.10522295e-004 2.25468609e-003 4.29454485e-005 0. 0.
    1.93482474e-003 0. 0. 0. 0. 1.87244720e-003 0. 0. 8.50376766e-003 0.
    -2.61528720e-003 1.73160783e-003 3.32480832e-003 0. 0.
    5.78851847e-004 0. 2.05097627e-002 6.61147619e-003 1.71385822e-003
    0. 0. 0. 0. 0. -1.19763752e-003 0. -4.09562699e-003 0. 0. 0. 0. 0.
    0. 0. 0. 7.95888063e-003 0. 0. 0. 0. 0. 0. 1.38861290e-003 0. 0. 0.
    0. 0. 0. -1.21128804e-003 0. -7.23325065e-004 0. 0. 1.49159040e-003
    7.27140205e-003 0. 0. 0. 0. -4.75159148e-004 0. 0. 0.
    -1.84516236e-003 0. 1.03801396e-003 3.28641082e-003 1.19544575e-002
    0. -2.54642265e-003 0. 0. 0. 0. 0. 0. 0. 0. 0. 0. 0. 2.15034350e-003
    0. 0. 2.26216647e-003 0. 0. 0. 2.31025158e-003 0. 0. 0.
    3.95770278e-003 0. 0. 3.75358533e-004 0. 0. 0. 0. 0. 0. 0.
    4.53168526e-003 0. 0. 9.54299700e-004 0. 0. -2.96122627e-004 0. 0.
    0. 0. 5.60795562e-003 0. 8.42571910e-003 5.38070919e-003
    5.20255836e-003 0. 0. 9.95020746e-005 0. 0. 0. 0. 0. 5.01068600e-004
    2.95360252e-004 1.01281458e-003 0. 0. 0. 0. 0. 4.27088840e-003 0.
    7.80522591e-004 0. 6.68557733e-003 2.59375433e-003 -1.11222209e-003
    0. 0. 0. 0. 0. 0. 7.19682686e-003 0. 0. 3.98843928e-004
    2.38733762e-003 0. -1.10104505e-003 5.53340837e-003 0. 0. 0.
    9.05827153e-003 -2.05769000e-004 0. -8.14631931e-004 0.
    6.37574587e-004 0. 3.60744772e-003 0. 0. 0. 0. 0. 3.33370990e-003
    4.56375536e-003 0. 0. -1.19107484e-003 0. 0. 7.06338498e-004 0.
    3.71108227e-003 4.49270621e-004 0. 5.45114558e-003 2.72118044e-003
    -1.65395939e-003 0. 7.72629492e-003 0. 0. 4.31899534e-004 0.
    1.35204969e-002 1.49760570e-003 0. 0. 0. 1.04830256e-002 0.
    1.89278112e-003 0. 0. 2.82785925e-003 0. 0. 0. 1.14506623e-003 0. 0.
    9.53219016e-004 0. -5.02276362e-006 5.97913400e-004 2.21216213e-003
    3.07966862e-003 0. 2.28361925e-003 0. 4.13742429e-003
    8.59527383e-003 0. 0. 0. 0. 0. 0. 0. 0. 6.79760822e-004 0.
    1.52750511e-003 0. -3.00609088e-003 3.80329485e-003 0.
    7.46981148e-003 1.63768465e-003 0. 0. 2.76495446e-003 0. 0. 0. 0. 0.
    -2.97272141e-004 0. 0. 0. 0. 0. 0. 0. 3.66515201e-003
    5.57373604e-003 -1.01555313e-003 3.52120446e-003 6.74704614e-004 0.
    0. 8.47762823e-003 0. 1.83775765e-003 0. 0. 0. 0. 0. 0.
    1.27385091e-003 7.18030799e-003 0. 0. 0. 0. 1.46811537e-004 0. 0.
    8.59338604e-003 -5.99595252e-004 0. 0. 0. 0. 4.18360578e-003 0. 0.
    0. 0. 0. 0. 0. 3.93159629e-004 0. 0. 0. 0. 0. 0. 0. 0. 0.
    -5.84342750e-004 0. 4.94324742e-003 0. 0. 2.41962611e-003 0.
    4.26204875e-003 2.83398479e-003 0. 5.87471062e-003 5.39383199e-003
    3.93820554e-003 0. 0. 0. 0. 0. 0. 0. 0. 5.76716615e-003
    7.21089949e-004 0. 2.24491535e-003 1.43671024e-003 0.
    2.65846238e-003 0. 0. 6.03188016e-003 0. 0. 0. 0. 0. 0. 0. 0. 0.
    6.36441982e-004 1.40408322e-003 0. 0. 0. 0. -1.48736103e-003
    2.39779963e-003 0. 0. 0. 0. 0. 0. 0. 0. 0. 0. 2.74290144e-003
    -1.64690334e-003 0. 6.13626558e-004 4.81642259e-004 3.48162302e-003
    0. 0. 0. 0. 0. 0. -1.48256635e-003 7.11079780e-003 0. 0.
    -1.22226949e-003 -5.19696972e-004 6.09326642e-003 1.47209840e-003
    8.70189280e-004 0. 9.53726657e-003 3.23540601e-003 0. 0. 0. 0. 0. 0.
    0. 0. 0. 0. 0. 1.19149592e-003 1.72020192e-003 0. 0. 0. 0.
    3.67663824e-003 8.49388947e-004 6.98455516e-003 0. 0. 0. 0. 0. 0. 0.
    3.98598285e-003 0. 0. 0. 0. -1.26656247e-004 0. -6.94451228e-005
    3.30678979e-003 0. 5.25188749e-004 1.36870588e-003 1.98624237e-003
    -1.52858312e-003 0. 0. 0. 3.43258795e-003 4.05443786e-003 0. 0.
    3.10078380e-003 0. 0. 0. 8.36268067e-004 0. 0. 0. 0. 0. 0.
    1.24852033e-003 0. 0. 0. 8.70438479e-003 0. 0. 0. 0. 0. 0. 0. 0.
    2.43723672e-003 2.06388417e-003 4.24456690e-003 0. 0.
    3.66609916e-003 0. 3.84989940e-003 6.21508202e-003 0. 0.
    3.75616271e-003 0. 0. 0. 0. 0. 0. 0. 0. 0. 0. 2.43292213e-003 0. 0.
    0. 0. 0. 0. 0. 0. 0. -3.37880244e-003 1.46811618e-003 0.
    5.56782074e-003 1.18241236e-002 0. 0. 0. 0. 0. 0. 0. 0. 0. 0. 0. 0.
    1.41410436e-003 3.11886379e-003 0. 0. 8.82722437e-003 0. 0. 0. 0. 0.
    5.65282954e-003 0. -2.95016542e-003 9.92622154e-006 9.85622685e-003
    0. 4.73730871e-003 0. 0. 5.20009780e-003 6.80514611e-003 0. 0.
    9.80116054e-003 0. 1.34074991e-003 0. 0. 0. -7.86387245e-005
    4.64225747e-003 0. 0. 0. 0. 0. 0. 0. 0. 0. 0. 0. 5.94867393e-003 0.
    0. 0. 0. 0. 1.32674223e-003 3.64151929e-005 0. 2.50170100e-003 0.
    6.15888648e-003 0. 2.15347335e-002 -2.00464996e-003 0.
    3.36132245e-003 0. 6.54823147e-003 0. 0. 2.21492117e-003
    1.46642933e-003 0. 2.89837294e-003 0. 0. 4.88657737e-004 0.
    2.50794622e-003 0. 0. 3.85868829e-003 0. 0. 0. 0. 0. 0. 0. 0.
    2.23104586e-003 0. 0. 0. 4.95989295e-003 3.31802201e-003 0.
    3.32369062e-004 9.86780785e-003 0. 0. -4.24963859e-004 0.
    -1.41088420e-003 1.40290265e-003 0. 0. 0. 0. 0. 3.29976552e-003
    2.52843311e-004 1.37100304e-002 4.89881542e-003 0. 2.15063663e-003
    0. 0. -1.83064339e-003 0. 0. 0. 1.47268048e-003 7.09179929e-003
    -9.36776923e-004 0. 0. 0. 0. 0. 0. 0. 0. 0. 3.45666870e-003
    4.26202593e-003 0. 1.13388933e-002 0. -8.13834544e-004 0.
    6.16686651e-003 1.99069479e-003 3.34953703e-003 5.12411119e-003 0.
    3.51088750e-003 0. 0. 0. 0. 0. 0. 0. -1.54045818e-004 0. 0. 0. 0. 0.
