<?xml version="1.0"?>
<opencv_storage>
<imageDescriptor type_id="opencv-matrix">
  <rows>1</rows>
  <cols>1000</cols>
  <dt>f</dt>
  <data>
    0. 0. 0. 1.95260055e-003 1.38701312e-003 1.33016193e-003
    2.14341842e-003 -2.31174007e-003 0. 0. 0. 0. 0. 8.38743174e-004
    2.75743864e-002 0. 1.61357061e-003 0. 0. 0. 0. 0. 0. 0. 0. 0. 0. 0.
    4.81259747e-004 3.60186026e-002 0. 7.94514082e-003 0.
    2.87296670e-003 0. 0. 0. 0. 0. 5.98979276e-003 -1.38677628e-004 0.
    0. 0. 0. 0. 0. 0. 0. 3.48712131e-003 0. 0. 0. -3.00102937e-003 0.
    -1.10236229e-003 3.67287733e-003 0. 0. 0. 0. -8.46598123e-005
    5.36194653e-004 1.86301849e-003 1.73743954e-003 0. 0. 0. 0. 0.
    -6.64849722e-005 0. 0. 3.95548152e-004 0. 0. 0. 0. 0.
    5.19777182e-003 3.75857484e-003 0. 0. 2.65960814e-003 0. 0. 0. 0.
    4.86912439e-004 0. 0. 0. 0. 5.86822804e-004 0. 0. 1.21427169e-002 0.
    0. 5.20468340e-004 2.86541297e-003 1.73995120e-003 0. 0. 0.
    7.47491140e-003 0. 1.71824824e-003 -8.97348044e-004 3.24161234e-003
    8.44614813e-004 4.57954680e-004 0. 0. 0. 0. 3.11751821e-004 0. 0.
    -7.45622790e-004 0. 0. 3.52312904e-003 4.10517205e-005 0. 0.
    1.84710883e-003 0. 0. 0. 3.17893340e-003 -1.76712032e-003 0. 0.
    1.30237918e-002 0. 0. 0. 9.86084715e-003 5.58053667e-004 0. 0.
    1.27037999e-003 0. 2.54729018e-003 0. 0. 5.43712731e-003 0. 0. 0. 0.
    0. 2.31962628e-003 8.69821478e-003 -1.41981791e-003 1.82425394e-003
    6.03269495e-004 4.46940394e-004 0. 1.51933564e-004 0.
    -2.31511216e-003 -4.73495311e-004 0. 0. 7.56904017e-004 0. 0.
    2.93622434e-004 0. 0. 0. 0. 2.22608633e-003 0. 0. 0. 0.
    1.54721877e-003 0. 0. 0. 6.18503182e-005 3.67761496e-003 0. 0.
    1.00677842e-002 0. 0. 0. 1.80190871e-003 0. 3.87756201e-003 0. 0. 0.
    0. 0. 0. -3.98312742e-003 0. -1.79854129e-003 0. 0. 0. 0. 0.
    3.10895755e-003 3.53081443e-004 0. -1.82139536e-003 0. 0. 0. 0.
    -1.52313936e-004 0. 0. 1.54427392e-003 5.05157374e-003 0.
    5.07163908e-003 -1.31246168e-004 0. 0. 0. 3.12660821e-003
    2.94597866e-003 3.30590038e-003 0. 0. 0. 2.79095187e-003 0.
    1.56576443e-003 2.23305961e-003 7.07855157e-004 0. 6.09217957e-003
    0. 0. -3.66125489e-003 2.07394594e-003 0. 0. 1.41220808e-003 0.
    3.12595116e-003 0. 0. 2.07291148e-003 0. 0. 0. 0. 1.13845780e-003 0.
    4.48003830e-003 0. 7.00046821e-003 0. 0. 0. 7.68369250e-003 0.
    1.22016249e-003 0. 0. 0. 0. 0. 0. 0. 0. 0. -6.61955331e-004 0.
    2.38656983e-004 0. 2.66768783e-003 5.25508635e-003 2.10667960e-003
    0. 0. -2.75988178e-003 0. -3.42321437e-004 0. 4.60944278e-003 0.
    1.98916090e-003 5.02970908e-003 0. 0. 9.97272134e-003 0. 0. 0. 0. 0.
    3.24632833e-003 0. 0. 1.75957894e-003 0. 0. 6.11075293e-003 0.
    -1.89801649e-004 0. 0. 0. 0. 0. 0. 4.90446016e-003 0. 0.
    -9.25298594e-003 0. 0. 0. 1.61875354e-003 1.10347886e-002 0.
    8.71719501e-004 0. 0. 0. 0. 0. 0. 0. 5.78296930e-003 6.52482547e-003
    0. 0. 0. 7.67756766e-003 0. 0. 0. 0. 7.61356158e-003 6.71318453e-003
    1.35240122e-003 1.35493022e-003 0. 2.18252721e-003 0.
    4.57013579e-004 0. 0. 0. 0. 0. 0. 0. 1.04802789e-003
    -8.69094103e-004 0. 1.31085550e-003 0. 0. 1.86990760e-003 0. 0.
    -3.16152861e-003 0. 0. 0. 0. 0. 7.57773349e-004 0. 0. 0.
    3.75003961e-004 0. 3.51390941e-003 0. 3.57355084e-003
    -3.13244388e-003 0. 0. 0. -6.55297423e-004 0. 0. 0. 0.
    2.96149193e-003 0. 0. 0. 0. 0. 2.25098664e-003 0. 0. 0. 0. 0. 0.
    6.29562046e-003 0. 0. 0. 0. 0. 0. 0. 0. 0. 0. 1.26015089e-004 0. 0.
    0. 3.24958150e-004 0. 3.11580533e-003 4.12398833e-004
    -1.17640279e-003 0. 4.62635839e-003 0. 0. 0. 0. -2.07887753e-003
    5.91761759e-003 7.38306809e-003 0. 0. 0. -5.00826864e-004 0. 0. 0.
    0. 1.02074828e-003 0. 0. 0. 0. 0. 0. 2.66223541e-003 7.67210033e-003
    0. 0. 0. 0. 0. 0. 0. 1.42387282e-002 0. 0. 0. 0. 8.56014376e-004
    3.04672471e-003 3.57678114e-003 1.33540365e-003 0. 6.95419265e-004
    3.89962643e-003 0. 0. 0. 5.35899168e-003 6.10267557e-003 0. 0. 0.
    2.52165599e-003 0. 0. 0. 0. 4.53159737e-005 2.34086742e-003 0. 0. 0.
    0. 0. 0. 0. 0. 0. 0. 0. 0. 0. 0. -1.80488714e-004 -1.84438284e-003
    0. 0. 0. 0. 0. -2.22497154e-003 0. 2.07943982e-003 0. 0. 0. 0. 0.
    3.60317528e-004 7.04680511e-004 0. 0. 0. 4.44803946e-003 0.
    -4.16112039e-003 0. 0. 0. 1.29525065e-002 0. 0. 0. 0.
    7.93605112e-003 7.59051880e-004 0. 0. 0. 4.63328138e-003 0.
    8.33025575e-003 -9.63425264e-004 0. 0. 0. 0. 0. 4.62878612e-004
    1.23026082e-003 3.21164425e-003 0. 0. 0. 0. 0. 0. 0. 0. 0. 0.
    1.94118032e-003 0. 0. 2.16365466e-003 1.53965084e-003 0.
    3.40093439e-003 0. 4.01238864e-003 1.59516255e-003 0. 0. 0.
    2.41071149e-003 0. 0. -2.36191251e-003 -1.75707543e-003
    2.85566691e-003 0. 3.03577143e-003 0. 0. 0. 8.96295474e-004 0.
    2.95077893e-003 1.06987339e-002 2.88588386e-002 0. 0. 0. 0.
    4.41749673e-003 -2.04666285e-003 0. 0. 0. 0. 0. 2.99544306e-003 0.
    0. 1.14208576e-003 1.11018624e-002 0. 0. 3.35098873e-003 0. 0. 0.
    2.37452332e-003 3.62348109e-002 0. -9.46337532e-004 4.42498736e-003
    2.65762024e-003 1.23118795e-003 0. 0. 0. 0. 0. 0. 0. 6.63500628e-004
    0. 0. 0. 0. 0. 0. 7.67447986e-003 0. 0. 0. 0. 0. 0. 0. 0.
    7.09481677e-003 0. 0. -1.06505198e-004 0. 0. 0. 0. 0. 0. 0. 0. 0. 0.
    0. 0. 0. 6.80972170e-003 0. 3.91129684e-003 1.04713370e-003
    3.69500462e-003 0. 0. 0. 1.59507187e-003 0. 0. 0. 0. 0. 0. 0. 0.
    -2.09262036e-003 2.20342819e-003 0. 0. 0. 9.32300813e-004
    5.31721115e-003 0. 0. 0. 2.59492570e-003 1.37167727e-003 0.
    3.68403550e-003 0. 2.88619916e-003 0. 0. 0. 0. 0. 2.43449863e-003 0.
    0. 6.34872541e-003 0. 0. 1.03116967e-003 5.53913135e-003
    3.41501366e-003 1.62484241e-003 0. 0. 1.78207061e-004
    2.27337750e-003 0. -6.66954031e-004 0. 0. 0. 0. 0. 3.12858960e-003
    0. 0. 0. 0. 0. 4.53165174e-003 0. 2.86797527e-004 0. 1.09521160e-003
    -1.03552628e-003 0. 5.16807521e-003 0. 0. 1.04885492e-002 0. 0. 0.
    0. 0. 0. 1.73969474e-003 0. 0. 0. 0. 0. 2.19750055e-003 0. 0. 0. 0.
    0. 3.90771404e-003 0. 6.00876566e-003 2.35775486e-003
    -7.70687941e-004 0. 3.99263669e-003 0. 0. 6.92138216e-003 0.
    1.60784170e-003 3.75393103e-003 0. 0. 0. 0. 0. 2.34879018e-003 0.
    3.23414686e-003 0. 0. 0. 0. 0. 0. 0. 0. 0. 0. 0. 1.13587705e-002
    1.05225400e-003 0. 0. 3.18485167e-004 1.58551298e-002 0.
    8.20798986e-003 0. 0. 0. 0. 0. 0. 0. 9.94874537e-003 8.78637936e-003
    0. 5.28088212e-003 0. 0. 0. 0. 0. 0. 0. 0. 2.95138522e-003 0. 0. 0.
    0. 0. 0. 2.60867132e-003 1.01481844e-003 4.50735213e-003 0. 0. 0. 0.
    0. 0. 0. 0. -7.15220696e-004 0. 0. 3.99968214e-003 2.82824831e-003
    0. 0. 1.82242296e-003 5.64809330e-003 0. 3.46578332e-003 0. 0. 0. 0.
    0. 5.13701886e-003 1.39735756e-003 4.58783656e-003 0. 0. 0. 0.
    2.89931218e-003 4.81277797e-003 0. 1.22674246e-004 0. 0. 0. 0.
    4.10025939e-003 0. 3.17139202e-004 0. 0. 0. 0. 0. 0. 2.96008936e-003
    0. 0. 3.21718305e-003 4.05002479e-003 0. 1.29467063e-003 0. 0. 0. 0.
    0. -9.98522155e-004 0. 0. 0. 1.17766475e-002 -1.91087252e-004 0.
    1.28418524e-002 -1.80160438e-004 0. 0. 0. 0. 0. 0. 0. 0.
    -1.10382191e-003 0. 5.55192586e-003 0. 0. 0. 0. 1.87199691e-003
    2.18802644e-003 2.97698367e-004 5.59845567e-003 0. 1.71393040e-003
    1.74733135e-003 3.49754747e-003 1.23319877e-002 0. 1.00187771e-002
    0. 0. 0. 0. 2.63225823e-003 0. 2.63311667e-003 0. 0.
    -2.09267251e-003 0. 0. 0. 1.05007959e-003 3.70397978e-003
    7.12709967e-004 0. 0. 0. 0. 3.81280179e-003 4.46703658e-003 0. 0. 0.
    0. 8.11326690e-003 0. 0. 0. 0. 4.28985979e-004 3.29735084e-003 0. 0.
    -5.58512611e-003 0. 0. 0. 0. 2.25732988e-003 0. 0. 0.
    2.94213649e-003 0. 0. -8.53173155e-003 0. 1.60583388e-003 0. 0.
    3.14374873e-003 1.93751417e-003 0. 0. 0. 0. 6.67497702e-003 0. 0. 0.
    0. 0. 1.69060230e-002 0. 0. 0. 5.63086756e-003 0. 2.08563637e-003 0.
    5.29975351e-003 0. -1.27733801e-003 0. 0. 0. 4.62074298e-004 0. 0.
    0. 0. 0. 0. 2.30157329e-003 0.</data></imageDescriptor>
</opencv_storage>
