<?xml version="1.0"?>
<opencv_storage>
<imageDescriptor type_id="opencv-matrix">
  <rows>1</rows>
  <cols>1000</cols>
  <dt>f</dt>
  <data>
    0. 0. 0. 2.21538334e-003 0. 0. 9.20670922e-004 -1.75466746e-004
    2.86216987e-003 0. 0. 0. 0. 0. -6.35110075e-004 0. 0. 0.
    4.16346453e-003 0. 0. 0. 3.34508740e-003 0. 1.46074942e-003
    -5.61697234e-004 0. 4.32957383e-003 0. 0. 0. 0. 0. 0. 0.
    2.18004314e-003 1.66138227e-003 0. 0. 0. 0. 0. 0. 0. 0.
    7.33390544e-003 0. 0. 7.80556118e-004 0. 0. 8.90530366e-003 0. 0. 0.
    0. 9.14454460e-004 0. 0. 1.33392168e-003 1.96959358e-003
    2.40558758e-003 0. 2.03178427e-003 0. 0. 0. 0. 0. 0. 0. 0. 0. 0.
    8.12944723e-004 -6.85310178e-003 0. 0. -8.26283765e-004
    4.60536499e-003 -1.03387481e-003 0. 0. 2.58764299e-003 0.
    -1.34165352e-003 7.86289922e-004 0. 1.08177250e-003 0. 0. 0. 0. 0.
    2.23408081e-003 0. 0. 1.56268594e-003 4.62685665e-003
    6.43334643e-004 0. 2.91419378e-003 0. 3.89989000e-003 0. 0. 0. 0. 0.
    0. 7.75098801e-004 0. 0. 0. 0. -2.74333375e-004 0. 0. 0. 0.
    -1.70450378e-003 0. -1.91757490e-003 0. 0. -1.70170527e-003
    -2.46839016e-004 0. 0. 1.36725709e-003 0. 6.22482365e-003
    7.07497878e-004 0. 0. 4.42766352e-003 0. 0. -2.66607595e-003 0. 0.
    0. 1.43996638e-003 0. -3.53420968e-004 0. 6.70436479e-004 0. 0. 0.
    0. 1.04984902e-002 5.74652513e-004 0. 4.01374884e-003 0.
    5.19133522e-004 2.07442534e-003 0. -6.08236529e-004 -9.10453707e-007
    0. 0. 0. 0. 8.75026162e-004 2.30055465e-003 0. 0. 0. 0. 0. 0. 0.
    3.34723911e-004 0. 6.16108673e-003 0. 2.11575709e-004
    6.78834273e-004 1.39710210e-005 -1.65815267e-003 1.56893139e-003
    4.51644417e-003 0. 0. 0. 1.38708355e-003 0. 2.90894834e-003 0.
    2.75084563e-003 3.25358054e-003 0. 0. 1.19982380e-002
    9.25872650e-004 1.40378217e-003 0. 0. 4.67682432e-004 0.
    5.37963398e-003 0. 0. -1.09908951e-003 0. 0. 0. 0. 0.
    8.26318655e-003 1.60691969e-003 0. 8.50627106e-003 1.81930396e-003
    9.56856739e-003 0. 0. 0. 3.00717354e-003 0. 0. 0. 0. 0.
    2.69000861e-003 0. 0. 0. 0. 0. 0. 0. 0. 5.68954926e-003 0.
    1.41816062e-003 1.28536753e-003 2.02005869e-003 0. 0. 0. 0. 0.
    1.72005664e-003 3.87326488e-003 1.13653569e-002 -4.12544701e-004
    -4.09034896e-004 0. 0. 0. 0. 6.75948337e-003 0. 2.21636496e-003
    -2.98055308e-003 3.17803631e-003 1.36633730e-003 0. 0.
    -1.11105146e-004 0. 0. 0. 1.66458613e-003 5.28801407e-004 0. 0. 0.
    8.45594157e-004 0. 0. 1.27353314e-002 2.35148286e-003
    -1.10571727e-003 0. 0. 0. 5.16206492e-003 0. 1.60569651e-003
    -4.34415299e-004 3.08157830e-003 0. 0. 0. 0. 0. 0. 0. 0. 0. 0.
    5.87450399e-004 0. 0. 4.82646842e-003 0. 2.22668308e-003 0. 0.
    -5.67344367e-004 0. 0. 2.27951072e-003 0. 7.41357100e-004
    4.73896647e-003 0. 0. 2.84731155e-003 0. 0. 0. 0. 0. 0.
    6.84582535e-003 1.49114625e-004 4.89913020e-003 0. 0. 0.
    2.12628092e-003 9.35651886e-004 9.07778833e-003 5.19406935e-003 0.
    0. -2.56827887e-004 0. 0. -5.00074821e-004 0. 7.15842936e-003 0. 0.
    0. 0. 0. 1.82201490e-002 0. -1.30438455e-003 5.95025299e-003 0.
    2.01759418e-003 0. -2.77017680e-004 0. 0. 0. 1.20442994e-002 0. 0.
    5.74327190e-004 0. 0. 0. -1.14251859e-003 0. 0. 2.23378371e-003 0.
    0. 0. 0. 2.08069943e-003 0. 1.33923884e-003 0. 0. 0. 0.
    1.11886871e-003 2.32310244e-003 -3.32375494e-004 4.47251555e-003 0.
    0. -9.02795524e-004 5.93548734e-003 0. 0. 0. 0. 5.03636547e-004
    1.54553924e-003 0. 0. 0. 0. 2.32555531e-003 0. 0. 0. 2.48808414e-003
    4.65885387e-004 0. 0. -4.08452936e-004 0. 3.49397305e-004
    4.62316442e-004 0. 1.87398295e-003 0. 0. -6.74911367e-004 0.
    1.26231583e-002 0. 0. 0. 4.96400800e-003 0. 6.20200112e-003
    2.73362757e-003 0. 0. 2.73926612e-002 0. -9.74434312e-004 0. 0. 0.
    0. 1.73392128e-002 4.87859215e-004 0. 0. 5.46793977e-004
    8.16894975e-003 0. 2.01869779e-003 0. 0. 0. 0. -1.00430247e-004
    6.11210649e-004 0. 2.90562608e-003 0. 0. 0. 0. 0. 0. 0. 0. 0. 0.
    8.15484556e-004 0. 0. 1.97962159e-003 0. 0. 0. 0. 0. 0. 0. 0. 0. 0.
    0. 4.89983521e-003 0. 3.93964443e-003 6.01471495e-003
    1.63081381e-003 0. 0. 0. 0. 0. 0. 0. 0. 0. 0. 1.92038118e-004 0. 0.
    0. 3.71821783e-003 2.12147832e-003 0. -8.70181480e-004 0. 0. 0. 0.
    0. 0. 9.89035610e-003 0. 0. 3.26529378e-003 0. 0. 0. 0. 0.
    1.24832231e-003 0. 0. 0. 8.57033418e-004 2.14080792e-003 0.
    2.24546529e-003 0. 0. 0. 0. -2.26655020e-003 0. 7.62920408e-003 0.
    0. 0. 0. 0. 0. 0. 9.08718817e-003 0. 5.06110908e-003 0. 0. 0. 0.
    1.30515592e-003 0. 0. 6.48807455e-003 1.17700920e-003 0. 0.
    -3.21729761e-003 0. 4.95544821e-003 0. 0. 1.94199209e-003 0. 0. 0.
    0. 1.59366603e-003 0. 0. 0. 0. 0. 0. 0. 0. 3.66703863e-003
    3.30063910e-003 0. 7.12969014e-003 8.68606512e-005 5.13355539e-004
    0. 0. 2.32214341e-003 0. 0. 0. 0. 0. 0. 3.93906189e-003 0.
    2.73975567e-003 0. 4.15573968e-003 0. 0. 1.89613760e-003
    4.54769284e-003 0. 0. 0. 0. 8.28527194e-003 0. 0. 0. 0.
    6.85270550e-003 0. 1.61595258e-003 0. 4.93738381e-003 0. 0. 0.
    -1.39056647e-004 6.34120032e-003 0. 6.71521481e-003 0.
    1.70096511e-003 0. 0. 0. 2.03374960e-003 0. 0. 0. 0. 0. 0. 0. 0. 0.
    0. 0. 0. 7.46215601e-003 8.47551564e-004 0. 0. 1.07665872e-002 0. 0.
    0. 0. 0. 0. 4.97952860e-004 -2.32269545e-003 0. 4.40683449e-003 0.
    0. 0. 1.12173613e-003 2.26086914e-003 0. 0. -6.47354114e-004 0.
    1.79330807e-003 0. 0. 1.69855030e-003 0. 0. 2.44864117e-004 0. 0.
    9.92562715e-003 0. 0. 0. 0. 8.26102123e-003 0. 0. 1.79145823e-003 0.
    0. 4.00056550e-003 1.41502381e-003 3.36170488e-004 3.69514717e-004
    -3.38331331e-004 9.94390901e-003 0. 6.53038640e-003 0. 0. 0. 0.
    6.00135047e-003 5.02220402e-003 0. 0. 5.13340626e-003 0. 0.
    -8.41541565e-004 0. 3.48020764e-003 2.11752672e-003 0. 0. 0.
    -1.98281533e-003 0. 4.63903509e-003 0. 5.83609275e-004
    8.41178233e-004 0. 0. 0. 0. 9.01422391e-005 0. 0. 0. 0. 0.
    4.34790412e-003 0. 0. 2.71308050e-003 0. 0. 2.08884245e-003 0.
    7.73287960e-004 -7.51785934e-004 2.78125051e-004 0. 0.
    2.91127455e-003 0. 2.56408681e-003 0. 0. 0. 0. 0. 6.68152329e-003 0.
    0. 5.65058319e-004 1.42888248e-003 4.99217538e-003 0. 0.
    2.08281609e-003 0. 2.61981436e-003 0. 0. 2.43738783e-003 0.
    -1.68380409e-003 0. 7.68833188e-003 0. 0. 0. 0. 1.67941116e-002 0.
    0. 0. 0. 9.19316709e-003 0. 0. 3.09263426e-003 5.43846050e-004
    4.34696209e-003 0. -1.97790819e-003 0. -7.78588525e-004
    3.61450878e-003 0. 0. -9.58467426e-004 0. 0. 0. 0. 0.
    9.03131440e-003 2.97725992e-003 2.47501931e-003 -1.25891215e-003
    6.76502194e-003 8.03128164e-003 0. 0. 0. 7.39585282e-003 0.
    1.99721253e-004 0. -3.36797698e-003 2.25755689e-003 0. 0. 0.
    7.59275118e-003 0. 0. 5.26117685e-004 8.76645930e-003
    -7.98286055e-004 2.15150998e-004 1.62575592e-003 -1.39761061e-004 0.
    0. 4.16766107e-003 0. 2.78703123e-003 0. 4.52827290e-003 0. 0.
    1.05987373e-003 1.94436798e-004 0. 2.31227651e-003 0.
    2.31341319e-003 0. 0. 3.61860381e-004 0. 0. 0. 0. 5.23993699e-003 0.
    1.39894604e-003 1.23074453e-003 5.50847268e-003 0. 0. 0. 0. 0.
    3.73425987e-003 0. 0. -3.32076714e-004 7.49071827e-003 0. 0. 0.
    1.77052233e-003 0. 0. 0. 0. 0. 6.82269083e-003 9.54874093e-004 0. 0.
    4.48591803e-004 0. -4.37009410e-004 -1.11246493e-003 0.
    6.49021589e-004 0. 6.76460739e-004 6.50616596e-003 0. 0.
    2.00150372e-003 0. 0. -7.14176858e-004 -1.03403791e-003
    5.91391837e-003 0. 1.09418249e-003 1.09582418e-003 0. 0. 0. 0. 0.
    -2.86201568e-004 0. 1.79196906e-003 4.69058286e-003 7.31726550e-003
    0. 0. 0. 0. 0. 0. 0. 0. 0. 0. 0. 6.70875050e-003 1.80666428e-003
    5.03412029e-003 0. 0. 5.03109628e-003 1.94051396e-003 0. 0. 0.
    -1.26906449e-003 0. 0. 0. 3.34193115e-003 6.76075835e-003 0. 0. 0.
    0. 0. 0. -2.97006243e-003 3.39988200e-003 0. 0. -1.49284850e-003 0.
    0. 7.79309135e-004 0. 0. 2.09545647e-003 0. 4.19651717e-003 0.
    -1.23185967e-003 0. 0. 0. 0. 0. 0. 0. 0. 0. 1.39809744e-002 0. 0.
