<?xml version="1.0"?>
<opencv_storage>
<imageDescriptor type_id="opencv-matrix">
  <rows>1</rows>
  <cols>1000</cols>
  <dt>f</dt>
  <data>
    0. 0. 0. 2.14192318e-003 0. -1.37260254e-003 2.20744545e-003
    -5.41734807e-005 1.14104967e-003 0. 0. 1.18288666e-003 0. 0. 0.
    1.61118945e-003 0. 0. 0. 1.83106097e-003 4.99034766e-004
    1.50066393e-003 4.35251091e-003 0. 1.52546272e-003 0. 0.
    1.36955210e-003 1.87910616e-003 2.43285857e-003 2.66153412e-003
    1.18601052e-002 2.39734887e-004 0. 3.20779416e-003 0.
    2.00249860e-003 0. 0. 0. 0. 0. 2.77257198e-003 2.98434962e-003
    9.87391267e-003 0. 0. 1.45465904e-003 0. 0. 2.03545764e-003
    -6.68984256e-004 2.88082170e-003 0. 1.46767916e-003 0. 0.
    1.42244424e-003 0. 2.24192115e-003 3.61893699e-003 0. 0.
    2.21706019e-003 5.58129326e-003 0. 0. 0. 0. 0. 0. 0. 6.05279114e-003
    0. 0. 0. 3.35544185e-003 6.33484358e-003 -9.68029271e-005
    4.24057106e-003 2.12254375e-003 0. 0. 0. 1.36306102e-003
    2.19597714e-003 1.79668306e-003 1.94174843e-003 0. 0. 0.
    9.20493214e-004 1.84102124e-003 0. 0. 0. 0. 1.42688828e-003
    1.45891204e-003 8.06085765e-004 0. 0. 0. 0. 0. 0. 0. 2.41269520e-003
    0. 0. -6.28003851e-004 1.81145780e-003 0. 0. 7.73169275e-004 0. 0.
    0. 0. 7.33668543e-003 0. 2.51414208e-003 0. -4.62823700e-005 0.
    1.55780558e-003 -6.29217480e-004 2.06694604e-004 1.16507034e-003
    2.35348800e-003 3.93068884e-003 5.46089234e-003 0. 4.34744777e-003
    5.46251610e-003 7.64054665e-003 0. 0. 1.81421568e-003
    5.07601164e-003 0. 3.07705416e-003 0. 1.09300693e-003
    1.98809500e-003 0. 0. 0. 8.83400440e-004 0. 0. 0. 0. 0.
    2.01124320e-004 0. 0. 3.38911917e-003 3.24232038e-003 0.
    1.35228108e-003 1.18622824e-003 -1.80598290e-003 0. 0. 0.
    -1.03778124e-003 0. 0. 9.46305809e-004 0. 0. 0. 0. 0.
    2.13691406e-003 -2.64871778e-004 9.20957769e-004 -1.22980843e-003
    7.87167996e-003 0. 0. 0. 9.96756461e-003 0. 0. 0. 0. 0. 0. 0. 0.
    9.39918915e-004 5.86214056e-003 0. 0. 0. 0. 0. 2.63375300e-003 0. 0.
    0. 0. 6.46008586e-004 0. 0. 0. 0. 4.66547848e-004 6.08306658e-003
    2.53476482e-003 0. 2.07719021e-003 3.40169389e-003 0.
    3.30116902e-003 5.63208596e-004 2.73919322e-005 -7.97602057e-004 0.
    0. 0. 0. 0. 0. 7.13966263e-004 0. 4.65316419e-003 -1.90035244e-005
    3.71369184e-003 1.14703283e-003 0. 5.32317441e-003 6.53276732e-003
    1.71945523e-003 1.69854623e-003 -8.33511236e-004 9.00573749e-003
    4.06491058e-003 0. 3.99356592e-004 8.68420815e-004 0.
    3.30116437e-003 0. 9.17821482e-004 5.53113525e-004 6.63642818e-003
    0. 0. 6.10422203e-003 0. 0. 0. 0. 1.77138567e-003 0. 0. 0.
    8.05571582e-003 0. 1.21417909e-003 3.56474658e-003 0. 0. 0. 0.
    5.82561642e-003 0. 0. -2.72846846e-005 -1.35392795e-004 0.
    2.42834375e-003 0. 3.69208283e-004 0. 1.38536450e-002
    2.68997019e-003 0. 0. 4.81072348e-003 0. 0. 0. 2.32519978e-003
    -1.31529625e-004 0. 3.37431347e-003 3.31641175e-003 0.
    5.28206932e-004 1.80568628e-003 -5.06894663e-004 3.47989495e-003
    6.99043623e-004 0. -1.34070264e-003 0. 6.44323183e-003 0. 0.
    2.35898187e-003 4.44607949e-003 0. 5.35051199e-003 0. 0. 0. 0. 0. 0.
    0. 1.07254670e-003 0. 0. 2.02652812e-003 0. 3.12056363e-004 0. 0.
    2.98991613e-003 0. 1.46989257e-003 -1.49734202e-003 0.
    1.20239833e-003 7.62794027e-003 0. 6.00100204e-004 0.
    1.57645205e-003 -2.67774356e-003 3.16982786e-003 0. 0.
    3.57736251e-003 7.77219189e-003 -1.70227198e-003 2.70002265e-003
    1.07644335e-003 0. 1.81965050e-004 0. -9.39362915e-004 0.
    1.78844831e-003 0. -1.29734661e-004 0. 1.81019935e-003 0. 0.
    5.39539475e-003 0. 5.44773228e-003 0. 2.07733666e-003 0.
    5.37866307e-003 2.76417448e-003 5.54759474e-003 0. 0. 0. 0.
    7.45406887e-003 3.50175949e-004 1.49890094e-003 0. 0. 0. 0.
    3.43418191e-003 0. 0. 0. 0. 3.27911950e-003 0. 0. 0. 0. 0. 0. 0. 0.
    0. 0. 0. 0. 4.19156905e-003 0. 0. 0. 1.30235567e-003 6.56552496e-004
    0. 0. 0. 0. 3.55129060e-003 9.51823487e-004 1.04606221e-003
    5.60851954e-003 0. 0. 0. 0. 5.67407347e-004 1.13662588e-003 0. 0. 0.
    0. 6.57265214e-003 0. 0. 0. -8.97717779e-004 0. 0. 0. 0.
    1.45476556e-003 0. 4.92717139e-003 6.27887761e-003 0.
    5.39223198e-004 9.70936660e-003 2.81254703e-004 1.40188786e-003 0.
    0. 0. 4.21270309e-003 3.12537793e-003 1.06330460e-003 0. 0.
    2.49985576e-004 0. 2.90498417e-003 0. 1.79798226e-003
    4.44644305e-004 0. 0. 3.95473838e-003 0. 0. 0. 0. 0. 0. 0.
    3.87958979e-004 0. 0. 2.09705718e-003 0. 0. 1.87599828e-004 0. 0.
    4.73414082e-003 0. 0. 0. 0. -1.72093068e-003 0. -2.82776123e-003 0.
    0. 0. 1.13493043e-004 0. 1.05728442e-003 0. 1.76008127e-003 0. 0. 0.
    0. 0. 4.31079371e-003 8.72386852e-004 0. 1.02196704e-003 0. 0. 0. 0.
    6.52346248e-003 1.40304572e-003 8.42247717e-003 0. 9.82640078e-004
    0. 0. 8.85722786e-003 0. 0. 5.36276551e-004 0. 4.92547732e-003 0. 0.
    1.57375622e-003 6.30448619e-003 0. 0. 1.85528334e-004 0. 0.
    4.05623927e-004 0. 0. 0. 3.87913105e-003 0. 1.16356229e-002 0.
    4.81871451e-004 0. 0. 0. 0. 0. 0. 4.72644519e-004 0. 0. 0.
    9.39920836e-004 3.17125046e-003 3.49082606e-004 0. 2.59592285e-004
    0. 0. 0. 2.16451054e-003 3.96126328e-004 0. 0. 1.64207257e-003 0.
    1.31594512e-004 0. -3.49918241e-003 0. 3.73250106e-003
    8.36017076e-004 0. 4.33401857e-003 1.35498587e-003 3.54433060e-003
    2.37058057e-003 7.75819761e-004 0. 1.31938793e-003 0. 0. 0.
    2.38083093e-003 0. 0. 0. 7.17284065e-003 6.86482387e-003 0. 0. 0.
    4.12907219e-003 4.86516190e-004 2.96889548e-003 0. 0.
    3.48321605e-003 0. 0. 0. 2.59803870e-004 0. -5.83699322e-004
    1.18450308e-003 -1.69999457e-005 0. 0. 1.01128826e-004
    1.58964824e-002 9.02466592e-004 0. 8.85872345e-004 0. 0.
    -5.11644292e-004 0. 0. 0. 0. 1.80859654e-003 3.81438853e-003 0.
    1.70393370e-003 0. 0. 5.71089424e-003 0. 8.64969858e-004
    5.72098419e-004 0. 0. 1.65077928e-003 1.66416948e-003 0. 0.
    7.58598209e-004 8.61924374e-004 0. 2.15445086e-003 0. 0.
    3.64847202e-003 -1.18091435e-003 0. 6.04197290e-003 0. 0.
    1.18384010e-003 -9.66221502e-004 0. 2.39998987e-003 0. 0. 0.
    2.20059790e-003 0. 1.08501187e-003 0. 4.58360044e-003 0. 0. 0. 0. 0.
    -1.21776212e-003 -1.47646802e-004 1.51758327e-003 7.86705315e-003 0.
    0. -2.45701801e-003 0. 1.49343314e-003 2.02180934e-003 0. 0. 0.
    4.21047956e-003 0. 3.55735724e-003 0. 0. 0. 0. 0. 7.67951971e-003
    4.34262259e-003 1.32085267e-003 0. 0. 0. 0. 2.75935489e-003 0.
    3.12365848e-003 2.14766432e-003 0. 0. 0. 0. 5.99230872e-004
    -1.15889648e-003 0. 0. 8.73968180e-004 7.00716570e-004 0. 0. 0.
    1.75647344e-003 -9.65756364e-004 -1.14654109e-003 7.53256353e-003
    1.20455946e-003 1.32707681e-003 2.05272599e-003 -6.71642076e-004
    -4.36761620e-004 7.34770112e-003 0. 0. 7.33537541e-004
    9.39996168e-003 0. 0. 1.20123837e-003 1.73377083e-003 0.
    8.30587407e-004 0. 0. 0. 0. 0. 0. 0. 2.13527004e-003 0.
    3.88992461e-003 -1.57682004e-003 0. 0. 5.63104288e-004 0.
    3.19179334e-003 0. 8.21309572e-004 0. 2.27779718e-004 0.
    2.34036255e-004 0. 2.13733199e-003 0. 0. 1.50856678e-003
    7.53829256e-004 5.77797298e-004 0. 0. 4.85319830e-003 0.
    -3.05561902e-004 0. 0. 7.86095206e-003 0. 8.49958975e-004
    -1.13639643e-003 1.07363006e-002 0. 1.17440277e-003 1.72280369e-003
    4.38618241e-003 6.52054837e-003 0. 0. 0. 1.76134752e-003 0.
    -1.90207525e-003 0. 0. 0. 2.60429690e-004 3.79544031e-003 0.
    7.43004866e-003 0. 0. 0. 6.00513676e-003 2.35876325e-003
    1.77440443e-003 -2.69907934e-004 1.17088028e-003 0. 0.
    3.74803756e-004 1.16944045e-003 0. 0. 2.79856520e-003 0. 0. 0. 0. 0.
    0. 0. 2.06516054e-003 9.87929525e-004 1.06470590e-003
    5.07418113e-003 6.59779739e-003 0. 3.32224206e-003 0. 0.
    -1.15468843e-004 3.76834162e-003 0. 0. 4.12942981e-003 0. 0. 0.
    -8.58727959e-004 0. 1.55376492e-003 0. 0. 0. -3.72046779e-004 0. 0.
    0. 2.43632821e-003 4.76453628e-004 2.29459692e-004 0.
    1.16585765e-003 0. 3.33483284e-003 9.82753583e-004 0.
