<?xml version="1.0"?>
<opencv_storage>
<imageDescriptor type_id="opencv-matrix">
  <rows>1</rows>
  <cols>1000</cols>
  <dt>f</dt>
  <data>
    0. 0. 0. 0. 0. 0. 0. 4.47977707e-003 4.38100717e-004 0. 0.
    5.87163819e-003 -3.19130893e-004 4.38522268e-003 0. 0.
    -8.41842790e-004 0. 0. 0. -1.66428823e-003 0. 0. 0. -1.74620989e-004
    4.28087870e-003 0. 2.92795314e-003 0. 2.58844183e-003 0.
    2.26567592e-002 0. 0. 1.87290751e-003 3.23804910e-004 0. 0. 0. 0. 0.
    3.17116291e-003 0. 0. 1.12493476e-002 0. 0. 1.83258147e-003 0. 0.
    -1.39160504e-004 0. 1.86993682e-003 3.48071218e-003 3.84804490e-003
    0. 0. 1.52333186e-003 0. 0. 0. 0. 0. -9.80998971e-004 0. 0. 0. 0. 0.
    0. 0. 0. 0. 0. 2.71061691e-003 0. 0. 1.20338413e-003 0. 0.
    -6.83446357e-004 0. 0. 0. 0. 0. 3.47206776e-004 0. 3.11211753e-003
    0. 0. 4.13868483e-003 2.93042907e-003 0. 0. 0. 0. 0. 3.74719803e-003
    0. 0. -1.04743071e-004 2.99124396e-003 0. 0. 0. 0. 0.
    2.26824326e-004 5.60363382e-003 0. 0. 0. 0. 1.13649359e-002
    1.09113455e-002 0. 0. 0. 0. 0. 0. 0. 1.35412086e-002 0.
    -1.79681796e-004 0. 0. 0. 0. 2.74463999e-003 0. 0. 0. 0. 0.
    -3.43810068e-003 2.68362951e-003 0. 0. 2.26479839e-003
    6.34706253e-003 -3.88640468e-003 0. 0. 0. 8.20760522e-003 0.
    4.45686467e-003 5.14722755e-003 1.24313426e-003 6.47120411e-004 0.
    2.31473078e-003 0. 4.09586728e-003 0. 5.76237915e-004 0. 0. 0. 0. 0.
    6.23456028e-004 0. 0. 6.92984264e-004 0. 0. 4.73619765e-003 0. 0. 0.
    0. 2.99478276e-003 0. 0. 3.04312957e-003 0. 0. 0. 0. 4.13222145e-003
    5.18901506e-004 0. 0. 0. 1.70744257e-003 0. 0. 0. -1.97499437e-004
    0. 0. 0. 0. 0. -1.21223457e-004 0. 0. 0. 4.79086442e-003
    3.27852159e-003 -2.14918191e-003 0. 0. 0. 0. 0. 0. 0.
    4.64857602e-003 3.35997611e-005 0. 5.84954675e-003 0. 0. 0. 0.
    1.46863889e-003 6.97179325e-003 6.85061887e-003 1.81892831e-002 0.
    0. 0. -1.27050350e-003 0. 0. 0. 0. 0. 0. 5.85218845e-003
    6.65700389e-003 0. 0. 1.91576325e-003 9.77371936e-004 0. 0. 0.
    2.28553056e-003 5.72271354e-004 0. 0. 7.99383037e-003
    2.14858167e-003 5.76649001e-003 0. 0. 0. 0. 0. 0. 0. 4.99711512e-003
    1.14796367e-002 1.47773477e-003 1.17495458e-003 -1.05906416e-004 0.
    0. 0. 0. 0. 0. 0. 4.62590158e-003 0. 1.59038662e-003
    -1.68102619e-003 0. 0. 0. 4.45680693e-003 0. 0. 6.57593191e-004 0.
    0. 0. 0. 1.46343594e-003 3.94327985e-003 0. 0. 0. -3.21780681e-003
    0. 5.35929052e-004 0. 0. 0. 0. 0. 2.81634368e-003 0.
    -3.32848867e-004 0. 1.29562768e-003 0. 0. -1.22234342e-004
    4.16915864e-003 0. 0. 0. 0. 0. 0. 0. 0. 0. 3.67600657e-003
    4.85847099e-003 0. 0. 0. 0. 0. 0. 2.53298320e-003 0. 0. 0.
    6.71796210e-004 0. 0. 3.59859155e-003 0. -1.31375517e-003 0.
    -1.64387713e-003 0. 0. 0. 0. 0. 0. -2.46244017e-003 0. 0.
    -2.92768679e-003 0. 5.12283901e-003 0. 0. 0. 0. 0. 0.
    2.36511463e-003 0. 7.53662316e-004 0. 0. -1.71574909e-004
    9.71309375e-003 0. 1.24999357e-003 3.39353387e-003 -3.65766668e-004
    2.34879181e-003 6.26847334e-003 0. 0. 5.30188018e-003 0.
    2.63753813e-003 0. 0. 0. 0. 0. 0. 3.67919286e-003 2.06616498e-003 0.
    0. 0. 0. 2.74726003e-003 -3.09277289e-006 0. 0. 0. 0. 0.
    1.11906519e-002 0. 0. 0. 0. 0. 0. 0. 0. 0. 0. 0. 0. 0. 0. 0.
    1.26608303e-002 0. 0. 3.70339234e-003 0. 0. 0. 0. 1.04047079e-003 0.
    0. 2.83262809e-003 0. 0. 0. 9.60364100e-003 0. 0. 0. 0. 0. 0. 0. 0.
    0. 5.83696039e-003 -5.24498383e-003 1.19395340e-002 6.74386974e-003
    0. 0. 0. 0. 4.58178297e-003 0. 0. -2.23124109e-004 0. 0. 0. 0.
    1.07479785e-002 5.22839418e-003 0. 5.12543228e-003 0. 0. 0. 0. 0. 0.
    0. 0. 0. 0. 4.46602050e-003 7.56749976e-003 0. 0. 0. 0. 0.
    5.40700322e-003 0. 0. 0. 0. 4.56175907e-003 2.33766995e-003
    1.47971241e-002 0. 0. 4.76090889e-003 0. -4.82543721e-004 0. 0.
    -1.70330182e-004 1.62177987e-003 -9.06981062e-004 5.33684716e-003 0.
    0. 3.27427452e-003 0. 0. 0. 0. 0. 0. 0. 0. -4.08976688e-004 0. 0. 0.
    1.04121456e-003 0. 0. 1.81851210e-003 0. -1.55130785e-003
    1.04687763e-002 0. 0. 0. 0. 0. 8.03646166e-003 0. 0. 0. 0. 0. 0.
    1.83083629e-003 0. 2.55268160e-003 0. 1.08775254e-002 0. 0.
    2.07056408e-003 0. 0. -8.90793628e-004 0. 8.02084710e-003 0.
    2.42372439e-003 0. -1.27270597e-003 4.01077466e-003 0. 0. 0.
    6.24300307e-003 0. 0. 0. 0. 1.52356911e-003 -6.71734684e-004 0. 0.
    -1.55959962e-004 0. 0. 0. 0. 0. 0. 2.72041420e-003 0. 0. 0. 0. 0. 0.
    0. 0. 0. 0. 0. 6.11200789e-003 0. -1.27657317e-003 6.69914472e-004
    1.65025785e-003 0. 0. 0. 1.43143558e-003 0. 0. 5.34124766e-003 0. 0.
    0. 0. 0. 0. 0. 0. 0. 1.56532507e-002 1.58371218e-003 0. 0.
    3.36932309e-004 0. 0. 0. 0. 0. 4.51924978e-003 0. 3.71313654e-003 0.
    0. 0. 0. 0. 0. 0. 0. 0. 0. 0. 0. 0. 0. 0. 0. 0. 0. 8.99946142e-004
    2.20908574e-003 4.06390149e-003 3.58928391e-003 0. 0. 0. 0. 0.
    6.98252767e-003 1.33901113e-003 9.71051678e-003 0. 2.08078185e-003
    2.61404109e-003 0. 6.70233043e-003 0. 3.40940966e-003 0. 0. 0. 0. 0.
    5.74589241e-003 0. 5.97776659e-003 2.98760412e-003 0.
    2.98936456e-003 5.16199134e-003 0. 0. 0. 0. 0. 0. 0. 0. 0. 0. 0. 0.
    0. 8.06329492e-003 0. 0. 0. 0. 0. 0. -5.27373166e-004
    -2.13476806e-003 1.77368685e-003 0. 1.07806921e-002 0. 0.
    1.87867053e-003 0. 0. 0. 0. 3.53518571e-003 5.52527560e-003 0.
    8.49356875e-003 0. 0. 0. 0. 0. 0. 0. 0. 0. 0. 0. 0. 0. 0. 0. 0. 0.
    0. 0. 3.97662632e-004 8.44434556e-003 0. 3.25287413e-003
    7.87319324e-004 -1.20601372e-003 0. 0. -9.61980317e-004 0. 0. 0. 0.
    0. 0. -1.19956945e-004 0. 0. 0. 0. 0. 0. 0. 4.77142259e-003 0. 0.
    4.72159870e-003 0. 0. 0. 7.20785419e-003 0. 0. 0. -2.13648193e-003
    0. 0. 0. 5.08424733e-003 1.98089797e-002 0. -1.26746789e-004
    1.14960400e-002 0. 0. -1.38581381e-003 0. 1.41496630e-003 0. 0. 0.
    0. 2.67084921e-004 1.32237514e-003 2.68107932e-003 0. 0. 0. 0. 0.
    5.44669805e-003 0. 0. 0. 0. 5.08216443e-003 1.86034595e-003 0. 0.
    6.11162325e-003 0. 0. 0. 0. 0. 2.31667701e-003 0. 4.07815300e-004 0.
    0. 1.92998117e-003 0. 0. 0. 0. 0. 5.47478069e-003 0. 0. 0. 0. 0.
    6.59982301e-003 2.65273149e-003 2.33569648e-003 0. 4.18477785e-003
    0. 4.52603120e-003 7.60755735e-003 1.08319591e-003 0. 0. 0. 0.
    2.62453407e-003 1.66653341e-003 -2.94094463e-003 0. 0. 0.
    4.23915545e-003 3.64645687e-003 3.10513820e-003 0. 0. 0. 0. 0. 0.
    2.66903918e-003 -2.41810369e-004 1.04352587e-003 0. 0.
    4.31645429e-003 0. 9.94042680e-003 0. 0. 0. 0. 0. 2.48169596e-003
    3.27261817e-003 0. 0. 3.30564426e-003 7.10187340e-003 0. 0.
    7.39141321e-003 1.96620775e-003 0. 8.18030734e-004 0. 0.
    1.88461936e-003 0. 2.14133654e-002 1.55188958e-003 0.
    1.01097976e-003 0. 1.47345499e-003 4.77424311e-003 0.
    5.47756645e-005 0. 0. -9.08783404e-004 0. 0. 0. 0. 0. 0.
    3.85250384e-003 0. 0. 3.68912797e-003 0. 0. 0. 0. 7.39479146e-004 0.
    0. 1.12137236e-002 0. 0. 0. 0. -8.26555712e-004 0. -1.29501580e-003
    0. 0. 0. 0. 0. 0. 2.00116308e-003 0. 0. 0. 0. 1.18625211e-003
    -1.79873517e-004 5.71733853e-003 0. 3.99499200e-003 0.
    3.28446133e-003 0. 0. 0. 0. 1.55640056e-003 1.06698042e-002 0. 0. 0.
    0. 0. 7.16781418e-004 1.69433292e-003 0. 0. 0. 1.65328020e-004 0.
    7.87321012e-003 -2.88097793e-003 3.02306423e-003 0. 0.
    6.34398824e-003 0. 0. 0. 0. 0. 0. 2.54166895e-003 0. 0. 0. 0. 0. 0.
    0. 0. 3.45769268e-003 4.69120499e-003 0. 0. -2.44358811e-003 0. 0.
    0. 5.69781580e-004 -1.81042252e-003 -6.01786608e-003 0. 0. 0. 0.
    3.42695334e-004 0. 0. 0. 0. 6.29390124e-005 0. 0. 0. 0. 0.
    7.17599876e-004 0. 0. 0. 0. 0. 0. 5.28139435e-003 0. 0. 0.
    -1.10930268e-004 0. 1.44058629e-003 0. 0. 2.92475824e-003 0.
    2.87719793e-003 0. 0. 7.33519346e-003 1.75872154e-003 0.</data></imageDescriptor>
</opencv_storage>
