<?xml version="1.0"?>
<opencv_storage>
<imageDescriptor type_id="opencv-matrix">
  <rows>1</rows>
  <cols>1000</cols>
  <dt>f</dt>
  <data>
    0. 2.12122989e-003 0. 0. 0. 0. 0. 0. 0. 0. 0. 0. 0. 0. 0.
    1.38274487e-003 6.28382014e-003 1.94298616e-003 0. 0. 0. 0.
    1.31916604e-003 0. 0. 0. 1.49575155e-003 0. 0. 0. 7.98791181e-003 0.
    0. 0. 1.43953273e-003 0. 1.91677827e-003 0. 2.11370015e-003
    2.49878480e-003 0. 2.52542947e-003 0. 6.15197525e-004 0.
    8.09357269e-004 2.24963902e-003 0. 0. 0. 0. 0. 0. 0.
    -2.40757247e-004 0. 1.51752902e-003 0. 0. 4.18572687e-004
    3.28274840e-003 2.04694550e-003 0. 7.99996872e-003 9.06256260e-004
    2.23125936e-003 0. 9.87381907e-004 0. 0. 9.46250977e-004 0. 0.
    -2.56096758e-003 6.64438645e-004 0. 7.28396233e-004 0.
    -1.06195663e-003 1.41424988e-003 0. 0. 0. 0. 8.45938048e-005 0. 0.
    0. 0. 0. 0. 0. 0. -3.16864112e-004 5.55135170e-003 0. 0.
    4.74059116e-003 0. 2.26590317e-003 1.39410805e-003 -1.69581547e-003
    0. 0. 0. 0. 0. 2.48156954e-004 0. 1.08112057e-003 0. 9.85727762e-004
    0. 0. 2.29313178e-003 3.21044587e-003 0. 3.53931985e-003 0.
    2.75102607e-003 9.71085951e-003 0. -1.28690910e-003 0.
    1.49783283e-003 1.97468954e-003 4.16695746e-003 0. 4.06089763e-004
    1.66609127e-003 7.33547611e-004 -3.86338361e-005 0. 0. 0. 0. 0. 0.
    0. 0. 0. 0. 0. 0. 9.94752394e-004 4.19600867e-003 0. 0. 0. 0.
    1.08098153e-004 0. 4.30680625e-003 0. 7.77129736e-003 0. 0. 0.
    1.67108665e-004 1.82440935e-003 0. 0. 2.14339909e-003
    -1.85469177e-003 -6.06924295e-005 8.64160480e-004 0. 0. 0.
    8.29158071e-003 9.85344988e-004 0. 6.47602743e-003 2.17326311e-003
    0. 0. 5.66942035e-004 6.39615674e-003 0. 1.45118625e-003 0.
    1.78464130e-003 0. 6.45626849e-003 2.68341973e-003 0. 0. 0. 0.
    1.74002338e-003 0. 0. 0. 0. 0. 2.99071055e-003 0. 0. 1.29356969e-003
    0. 0. 2.49237777e-003 1.52142963e-003 3.46865447e-004
    -1.88883758e-004 -1.26535911e-003 0. 0. 0. 0. 0. 0. 0.
    3.51866777e-003 3.43850069e-003 6.67375978e-004 7.81008136e-003
    6.25311956e-003 0. 0. 0. 0. 9.96003859e-003 0. 0. 0. 0. 0. 0.
    3.62350373e-003 0. 0. 0. 0. 6.04969217e-003 0. 0. 0. 0. 0.
    1.56872929e-003 0. 0. 0. 0. 2.22389397e-004 0. 8.56955186e-004
    1.30869485e-002 -6.78793760e-004 0. 1.91996910e-003 0.
    7.35215750e-003 4.62193927e-003 0. 0. 1.23478484e-003
    6.43289275e-003 6.04814151e-003 -1.55729568e-003 0. 0. 0. 0. 0.
    7.86722545e-003 4.71515302e-003 0. 0. 0. 8.98209214e-003 0. 0. 0. 0.
    2.04231427e-003 4.37314302e-004 0. 0. 8.78624711e-003
    -1.95462699e-003 0. 2.48129084e-003 0. 0. 0. 0. 0. 0.
    2.04598857e-003 0. 0. 0. 6.32553967e-003 2.44814670e-003 0.
    2.02628481e-003 7.52898748e-004 0. 2.32180953e-003 -8.82953987e-004
    0. 6.12767690e-005 0. 0. 0. 0. 1.36944267e-003 0. -3.30803194e-003
    0. 0. 0. 0. 1.13933545e-003 5.53559326e-003 5.25805261e-003 0.
    2.43926025e-003 0. 0. 1.85031048e-003 0. 4.57872124e-003 0.
    4.10232041e-003 5.49093913e-003 5.55141317e-003 2.59504351e-003 0.
    0. 0. 0. 0. 0. 0. -6.09376701e-004 0. 0. -2.40559992e-003 0.
    6.81917928e-003 0. 0. 0. 7.60832522e-003 0. 0. 0. 0. 0. 0.
    1.75377016e-003 1.00398669e-002 0. 0. 5.79354214e-003
    -2.80486490e-003 0. 1.34278508e-003 4.51782532e-003 0.
    3.62302037e-003 0. 0. 0. 0. 0. 4.70116688e-003 0. 7.40280608e-004 0.
    1.79293391e-003 0. 0. 2.10286397e-003 0. 0. 7.35921226e-003 0.
    1.38177385e-003 4.83295508e-003 0. 4.05375939e-003 0. 0. 0.
    1.66355714e-003 2.49842089e-003 0. 0. -2.11263914e-003 0.
    3.42013245e-003 0. 6.52828440e-003 0. 0. 0. 0. 0. 1.78897788e-003
    2.58495472e-003 2.94747949e-003 0. 0. 0. 2.34182389e-003 0. 0. 0.
    3.69953719e-004 0. 1.58903713e-003 -1.96253974e-003 5.60898706e-003
    6.42742729e-004 -1.33373716e-003 -1.57635368e-003 2.14278931e-003
    6.69632806e-003 0. 1.04077300e-003 4.03379556e-003 1.30900089e-003
    0. 9.45077371e-003 4.53999179e-004 0. 4.53842385e-003 0.
    3.28032020e-003 9.21555236e-003 0. 0. 0. 1.01437597e-002 0. 0. 0. 0.
    0. 1.23316410e-003 7.61882577e-004 0. 0. 0. 1.09750475e-003 0. 0. 0.
    0. 0. 2.62163021e-003 0. 0. 2.52553145e-003 2.32749456e-003 0. 0. 0.
    3.21393250e-004 0. 1.99752580e-003 -5.75813290e-004 0.
    6.45756081e-004 0. 0. 0. 3.56426788e-003 0. 0. 0. 0. 1.28523039e-003
    0. -8.23220355e-004 0. -3.47674853e-004 1.02198741e-003
    2.96119461e-003 1.86789758e-003 5.66168036e-003 0. 1.01032853e-003
    0. 0. -2.94633908e-003 0. -6.13024691e-003 0. -3.94426461e-004 0. 0.
    5.27604076e-004 0. 0. 0. 3.05213663e-003 0. 0. 7.75863649e-004
    1.20305212e-003 0. 0. 4.83366288e-003 0. 2.01598392e-003 0. 0. 0. 0.
    0. 0. 0. 0. 1.04093260e-005 8.56990088e-003 0. 1.36300502e-003 0. 0.
    0. 0. 6.28505228e-003 0. 5.70812076e-003 5.44791715e-003 0. 0. 0. 0.
    0. 0. 3.09257419e-004 0. 0. 3.20730382e-003 1.07890284e-002 0. 0. 0.
    6.97420619e-004 0. 1.47458317e-003 0. 1.17612176e-003 0. 0. 0. 0.
    1.18733430e-002 0. 0. 1.90707028e-003 1.70982734e-003 0. 0.
    6.55225385e-003 0. 0. 0. 0. 0. 1.68714917e-003 0. 0. 0.
    3.81390622e-004 1.93359121e-003 0. 1.56145194e-003 0. 0. 0. 0. 0. 0.
    3.18440702e-003 0. 2.54183379e-003 0. 6.61594851e-004 0. 0.
    1.56906480e-003 0. 0. 0. 0. 0. 0. 0. 0. 2.20608525e-003
    2.06574658e-003 0. 0. 0. 6.25059183e-004 0. 0. 0. 0. 0. 0. 0. 0. 0.
    0. 0. 0. 0. 0. 0. 0. 0. -2.03563381e-004 9.30556969e-004 0. 0. 0.
    4.57257731e-004 1.44559919e-004 0. 0. 1.64268014e-003 0. 0. 0. 0.
    1.13803120e-002 7.17104599e-003 0. 0. 0. 0. 0. 0. 0. 0.
    1.12650625e-003 4.73332731e-003 2.79483013e-003 9.87531245e-003
    4.30214312e-003 0. 0. 4.28059953e-004 0. 0. 0. 0. 0. 0.
    -6.17766753e-004 2.20569968e-003 0. 1.09714852e-003 3.98692582e-003
    3.56309745e-003 0. 0. 8.32629041e-004 1.17221987e-003 0.
    6.15812745e-003 4.38228715e-003 0. 0. 0. 7.75678549e-003
    7.27243163e-003 0. -3.39603401e-004 0. 0. 0. 1.01509190e-003
    -7.32486544e-004 3.61897866e-004 0. 0. 3.03989719e-003 0.
    1.25442091e-002 0. 4.87592351e-003 4.78374219e-004 0. 0.
    4.94429097e-003 0. 0. 0. 8.03341740e-004 1.80351024e-003 0. 0. 0. 0.
    0. 3.04071186e-003 0. 0. 3.26453126e-003 0. 1.27515837e-003 0.
    5.18227648e-003 0. 0. -2.66374991e-004 0. 0. 0. 0. 4.22467850e-003
    5.00798225e-003 0. 0. -5.50134573e-004 4.22162842e-003 0.
    1.12754002e-003 0. 2.10011797e-003 0. 7.24229077e-003
    8.10249592e-004 0. 0. 0. 0. 1.21712976e-003 7.13855214e-003 0. 0. 0.
    5.25563397e-003 -2.46188068e-003 0. 4.32091067e-003 3.69156967e-003
    0. 2.39293673e-003 0. 1.47621450e-003 2.18540081e-003 0.
    2.69468781e-003 0. 0. 0. 0. -1.11995498e-003 0. 3.57960141e-003 0.
    0. -1.04243867e-003 0. 0. 3.73609667e-003 6.63587078e-003 0.
    -1.33456266e-003 1.05220499e-003 0. 0. 0. 0. 0. 0. 0. 0.
    1.65276998e-003 3.26564442e-003 0. -4.19083895e-004 0.
    3.71043396e-004 0. 0. 9.47269052e-003 8.22886999e-004
    4.15632408e-003 0. 1.34189287e-003 1.07950662e-004 1.18449703e-003
    6.33735023e-003 0. 7.50634167e-003 0. 0. 1.02463737e-002
    6.03281334e-003 1.37943053e-003 4.35040612e-003 -1.63808989e-003
    1.03999546e-005 8.22105817e-003 0. 0. -7.26661063e-004 0. 0. 0. 0.
    7.95902975e-004 6.50863163e-004 2.87903217e-003 0. 3.56300472e-004
    0. 0. 1.25789514e-003 0. 1.56394893e-003 0. 0. 0. 0. 0.
    -1.23167396e-004 -1.52378809e-003 0. 2.45167152e-003 0.
    6.61920756e-004 0. 0. 0. 0. 3.56167788e-003 0. 0. -1.13773553e-004
    0. 8.72263627e-004 0. 0. -3.74480616e-004 0. 1.25028715e-002 0. 0.
    3.51276901e-003 -1.24626793e-004 0. 0. 2.54307478e-003
    1.23761222e-003 0. -6.88172062e-004 6.36181049e-003 0. 0.
    -6.04306515e-005 0. -1.57235016e-003 0. 6.67972054e-005 0.
    4.44872724e-003 4.66395263e-003 1.30666932e-003 4.31592017e-003 0.
    0. 0. 3.12936259e-003 0. 0. 0. -5.26284624e-004 0. 0. 0.
    2.01771408e-003 0. 0. 2.46727560e-003 0. 0. 0. -5.17057488e-004
    4.58156457e-003 0. 0. 0. 0. 1.83876324e-003 0. -1.94813160e-003
