<?xml version="1.0"?>
<opencv_storage>
<imageDescriptor type_id="opencv-matrix">
  <rows>1</rows>
  <cols>1000</cols>
  <dt>f</dt>
  <data>
    0. 0. 5.67732786e-005 8.74246657e-003 0. 0. 0. 0. 0. 0. 0.
    7.97243882e-003 -1.02609152e-003 0. 1.52560417e-003 0. 0.
    2.63421214e-003 0. 0. -2.13377504e-003 0. 0. 0. 2.16502720e-003
    2.64559826e-003 0. 0. 0. 0. 0. 0. -1.19606219e-003 0.
    -1.69165025e-003 0. 0. 0. 0. 7.96644669e-003 0. 0. 0.
    -4.15136619e-003 0. 0. 0. 5.57832094e-003 0. 4.03750967e-003 0. 0.
    0. 4.37861215e-003 4.75856569e-003 -1.36144995e-003 0. 0. 0. 0. 0.
    1.75587996e-003 0. 8.36787187e-003 0. 0. 3.84545163e-003 0. 0.
    2.65605887e-003 0. 0. 0. 0. 1.43983942e-002 1.06313010e-003 0. 0. 0.
    -6.04347151e-004 0. 0. 0. -9.63219383e-004 6.88799750e-003
    2.63507268e-003 0. 1.22752669e-003 0. 0. -1.74545695e-003
    8.05895962e-003 6.86083362e-003 0. 1.40204618e-003 0. 0.
    1.54282851e-003 0. 0. 0. 3.08317179e-003 0. 0. 0. 0. 0.
    2.61699338e-003 0. 7.99349044e-003 9.89480759e-004 0. 0. 0.
    -2.91371741e-003 -2.04186607e-003 0. 3.40593094e-003 0. 0.
    -4.52753848e-005 0. -1.36114412e-003 0. 0. -1.20724610e-003
    5.67136332e-003 3.37032857e-003 3.11084348e-003 0. 9.54913162e-003
    3.45606706e-004 0. 0. 0. 1.03549904e-003 0. 0. 5.27544413e-003 0.
    9.22416104e-004 0. 0. 0. 2.45842570e-003 -2.13202601e-003 0. 0.
    1.19749941e-002 5.46521600e-003 5.99226495e-003 0. 0.
    1.17404177e-003 -9.39853489e-004 0. -2.89245858e-004 9.72195249e-003
    0. 0. 0. 0. 0. 5.74778253e-003 -3.95356910e-003 0. 0. 0. 0. 0. 0.
    -5.26457140e-003 1.05504552e-002 0. -3.08202725e-004 0. 0.
    9.00276762e-004 0. 4.89255763e-004 3.47659411e-003 7.30150100e-003
    0. -5.83710382e-004 0. 6.28226856e-003 1.00179994e-002 0. 0.
    2.10736878e-003 0. 0. 1.64105825e-003 4.78823530e-003 0. 0. 0.
    -1.89098448e-003 0. -1.37310429e-003 9.28898444e-005 0. 0. 0.
    1.66240288e-003 0. 0. 0. 0. 0. 0. -1.69222464e-003 0.
    4.79214313e-003 1.18313311e-003 0. 0. 1.39892788e-003
    4.24018799e-004 0. 1.97261176e-003 0. 6.45815814e-003
    6.10989053e-003 -1.76457717e-004 0. 0. 0. 0. -6.58284524e-004
    1.72678789e-003 0. 0. 0. 2.96957884e-003 0. 0. 9.71244066e-004 0. 0.
    0. 1.87080773e-003 0. 1.45250827e-003 0. 0. 0. 1.60891598e-003 0. 0.
    0. 4.61489800e-003 4.42003552e-003 -2.57820101e-003 -1.32727623e-003
    0. 0. 0. 0. 0. 2.37111468e-003 0. 0. 4.09827475e-003 0. 0. 0. 0. 0.
    0. 0. 0. 0. -6.78379787e-004 0. 0. 0. 0. 1.00570759e-002 0.
    3.91290616e-003 6.94797980e-003 7.56387040e-003 2.91447691e-003 0.
    3.54447984e-003 -8.69738054e-004 0. 0. 0. 1.05664227e-002 0. 0. 0.
    3.58682621e-004 7.36038433e-003 0. 0. 0. 0. 0. 7.49333948e-003 0. 0.
    0. 0. 0. 1.74667488e-003 0. 0. 0. 0. 2.89888075e-003 0.
    6.79632416e-003 7.09731271e-003 2.70158402e-003 -9.73945833e-004 0.
    0. 0. 6.85718888e-003 7.03930215e-004 0. 4.55767615e-003 0. 0.
    2.98423157e-003 0. -9.41352278e-004 0. 0. 0. 0. 0. 0.
    1.07465005e-002 0. 0. 1.92513713e-003 -1.98388426e-003 0. 0. 0.
    5.72528364e-003 0. 0. 7.02355942e-003 0. 0. 0. 0. 3.06097278e-003 0.
    -8.72223638e-004 0. 9.37053701e-005 6.75403920e-004 1.30932208e-003
    0. 2.97814258e-004 2.68637668e-003 0. 1.59747526e-003 0. 0.
    6.22319896e-003 0. 8.96313880e-003 1.05901212e-002 0.
    3.21130734e-003 0. 1.47574127e-003 9.26669600e-006 0.
    4.38810035e-004 0. 0. 0. -2.80240877e-003 5.83166489e-003 0. 0. 0.
    0. 0. 0. 6.42588129e-003 1.65225146e-003 0. 0. -6.13285112e-004
    -2.33670708e-005 0. 0. 1.45091047e-003 0. 0. 0. 0. 2.38720770e-003
    0. 0. 0. 0. 0. 0. 0. 0. 0. 7.85146561e-003 0. 1.64482160e-003 0.
    1.36319213e-002 0. 0. 1.17608821e-002 0. 0. 1.50434030e-002 0. 0.
    6.54575136e-003 4.80956491e-003 -1.01055033e-004 3.33317061e-004 0.
    0. 1.34401373e-003 0. 0. 4.30951174e-003 0. 5.49673149e-003
    2.97581218e-003 0. 0. 0. 0. 2.53818068e-003 0. 0. 0. 1.77009916e-003
    0. 0. 0. 0. 6.78069424e-003 -8.16290267e-004 0. 0. 2.05964828e-003
    0. 0. 2.04481673e-003 0. 0. 0. 1.02839554e-002 0. 0. 0.
    -6.22087508e-004 0. 0. 0. 0. 0. 0. 0. 0. 0. 0. -2.24643838e-004 0.
    0. 0. 1.93580904e-003 0. 0. 0. 0. 0. 0. 0. 0. 0. 0. 0. 0. 0.
    4.57735820e-004 8.01541936e-003 0. 0. 0. 0. -5.93673903e-004 0.
    5.16203698e-003 0. 0. 1.57156412e-003 0. 0. 0. 0. 0. 0. 0.
    6.54141069e-004 0. 0. -2.38676718e-003 0. 0. -4.66606114e-003 0.
    3.47376987e-003 -1.81363313e-003 -1.37099787e-003 0. 0. 0. 0. 0. 0.
    0. 3.13737476e-003 3.89351067e-003 0. 0. 0. 2.37423606e-004 0. 0.
    1.53457688e-003 0. 0. 0. 1.59024971e-003 1.65966116e-002
    2.45502079e-003 5.50222863e-003 0. -1.65469723e-003 0. 0.
    -4.38096700e-004 1.74811832e-003 1.21620530e-002 2.27776449e-003 0.
    5.76446939e-004 9.46404994e-004 -4.59652720e-003 0. 8.21131747e-003
    0. 0. 1.09531749e-002 0. 1.89370080e-003 9.11370199e-003 0. 0. 0. 0.
    0. 0. 4.07367013e-003 1.33761938e-003 0. 0. 5.47456974e-003 0. 0. 0.
    0. 5.40375942e-003 4.13102144e-003 1.98562676e-003 0. 0. 0.
    7.88105279e-003 0. 3.34913237e-003 0. 0. 0. 2.22113030e-003 0.
    5.94529277e-003 3.76683573e-004 0. 0. 0. 0. 0. 0. 0. 0.
    -2.52785906e-003 6.64816529e-004 0. 0. 0. 0. 1.65985187e-003 0. 0.
    0. 0. 0. 0. 0. 0. 0. 0. 0. -1.00827194e-003 0. 0. 0. 0.
    1.87046546e-002 0. 0. 0. 1.46455644e-003 1.72873144e-003 0. 0. 0. 0.
    3.34496656e-003 0. 0. 0. 0. 1.95744913e-004 0. 8.37007631e-003 0. 0.
    0. 1.24265079e-003 2.63472553e-003 0. 1.44031504e-003
    8.94912612e-003 0. 0. 0. 4.79264930e-003 0. 0. 0. 0. 0. 0.
    6.44471496e-003 2.49711680e-003 0. 2.47681863e-003 4.05166298e-003
    -1.64421246e-004 1.07607776e-002 0. 0. 1.92894295e-004
    -4.46636841e-004 -1.75214978e-003 -3.76961434e-005 0. 0. 0.
    7.57377269e-003 0. 0. 0. 0. 1.43337320e-003 0. 0. 1.25222281e-003 0.
    0. 0. 2.15458148e-003 0. -4.57784720e-003 0. 0. 0. 0.
    6.11753715e-003 0. 0. 3.15470085e-003 0. 0. 0. 1.60439138e-003 0. 0.
    2.03573401e-003 0. 0. 0. -3.20912688e-003 0. 0. 2.84025678e-003
    3.05977790e-003 0. 0. 1.39280595e-003 0. 0. -3.60430172e-003
    6.66285539e-003 0. 0. 0. 0. 0. 0. 0. 0. 0. 0. 2.71177618e-004
    2.85878107e-002 0. 0. 1.93815678e-003 0. 2.66366545e-003 0.
    3.83525388e-003 0. 4.19621402e-003 0. 0. 0. 0. -2.77170283e-003 0.
    -1.21115556e-003 0. 2.32751574e-003 0. 1.57035608e-003 0. 0. 0. 0.
    1.14066852e-003 8.34862236e-003 0. 0. 2.99607962e-003 0. 0. 0. 0. 0.
    0. 1.67289784e-003 0. 2.10924782e-002 -4.48196661e-003 0. 0.
    4.79042344e-003 0. 1.90926448e-003 0. 0. 1.10778948e-002 0. 0. 0.
    6.13467069e-003 0. 8.57363455e-004 -7.17538816e-004 6.49374328e-004
    0. 0. 2.30840337e-003 0. 0. -1.00084150e-003 0. 0. 0.
    1.63131917e-003 0. 3.41340271e-003 -3.63917951e-003 0. 0. 0. 0. 0.
    0. 0. 4.56699810e-004 7.30041461e-003 0. 4.89238650e-003 0. 0.
    6.65526080e-004 1.37026899e-003 3.45326238e-003 0. 0. 0. 0. 0. 0.
    7.70183280e-003 6.68260409e-003 5.92413184e-004 0. 0. 0. 0. 0.
    4.51261672e-004 0. 0. 0. 0. 0. 0. 0. 0. 0. 1.18837296e-003 0. 0.
    4.70207946e-004 0. 0. 9.06035397e-003 0. 0. 0. -3.22184991e-004 0.
    0. 0. 8.64652917e-004 8.24635103e-003 -3.52626055e-004 0. 0. 0.
    -3.21324827e-004 0. 8.52812838e-004 0. 0. 3.04826815e-003 0. 0. 0.
    0. 0. 0. 0. 0. 0. 0. 0. 5.66742988e-003 0. 0. 0. 0. 0. 0. 0. 0.
    1.48035947e-003 0. 0. 0. 0. -4.61126724e-003 0. 0. 0. 0. 0. 0. 0.
    2.38808407e-003 0. 0. 6.64666353e-004 -1.98928011e-003
    3.29450029e-003 0. 4.36406722e-003 0. 0. 0. 1.49416248e-003 0. 0. 0.
    0. 0. 1.48818770e-003 0. 1.72711886e-003 0. 0. 0. 0. 6.81998115e-003
    0. 0. 0. 0. 0. 0. 0. 0. 0. 1.38135895e-003 0. 0. 7.96164107e-003 0.
    0. 0. 3.13879456e-003 3.03184439e-004 0. 1.13116490e-004 0. 0. 0. 0.
    0. 0. 0. 0. 0. 0. 6.35543722e-004 -7.25183112e-004 0. 0. 0.
    -9.74017603e-004 8.87131039e-003 3.97472846e-004 7.52272643e-003 0.
    0. 0. 1.13114659e-002 0. 0. 7.78577710e-003 -1.45851076e-003 0.
    5.17385255e-004 0. 8.82809283e-004 0. 2.49205576e-003
