<?xml version="1.0"?>
<opencv_storage>
<imageDescriptor type_id="opencv-matrix">
  <rows>1</rows>
  <cols>1000</cols>
  <dt>f</dt>
  <data>
    0. 0. 0. 1.87301030e-003 0. 0. 0. 0. 0. 0. 6.96125021e-003
    1.72375236e-003 8.15984036e-004 0. -6.77506265e-004 0. 0. 0. 0. 0.
    5.10107900e-004 0. 4.38829977e-003 0. -2.91662710e-003 0. 0. 0.
    1.54110568e-003 2.76725483e-003 0. 0. 0. 6.81522628e-003
    3.95437528e-004 0. 1.01918634e-002 0. 0. 6.30437210e-003 0. 0.
    4.98088775e-004 0. 0. 0. 0. 0. 0. 0. 6.31177379e-003 0. 0. 0. 0. 0.
    0. 0. 0. 0. 3.01593263e-003 0. 9.03314154e-004 0. 8.88689305e-004 0.
    0. 0. 0. 0. 0. 0. 0. 0. 5.64713730e-003 2.47412943e-003
    3.65557289e-003 0. 0. -9.74018243e-004 0. 0. 3.54363676e-003
    -3.27429472e-004 -1.57175644e-004 0. 9.59703233e-003 0. 0. 0.
    3.39320046e-003 0. 3.13719898e-003 0. 3.32367839e-003 0. 0. 0. 0.
    2.66989297e-003 0. -1.54769805e-003 4.54180315e-003 0. 0. 0. 0.
    5.26673673e-003 0. 0. 0. 0. 0. 0. 0. 0. 4.40463284e-003
    5.57059841e-003 4.55586985e-003 2.69044959e-003 1.90859044e-003
    -4.49311547e-003 5.56122558e-003 0. 0. 0. 0. 0. 0. 8.72214790e-003
    0. 0. 0. 1.76408503e-003 0. 0. 0. 0. -1.12491823e-003
    4.02644882e-003 0. 7.09496578e-003 4.83067194e-003 0. 0. 0.
    1.43222474e-002 0. 6.83489395e-003 0. 2.60914722e-003 0. 0.
    6.31454727e-003 5.32184541e-003 0. 0. 0. 0. 0. 0. 0. 0. 0. 0. 0. 0.
    0. 0. 0. 0. 0. 0. 0. 1.51288696e-003 0. 0. 1.87511777e-003
    5.67796174e-004 1.93192007e-003 0. 0. 0. -2.74045696e-003 0.
    1.16984062e-002 0. 7.87876360e-003 0. 4.30610543e-003 0.
    2.85336142e-003 2.22937716e-003 3.66821769e-003 0. 0.
    7.99964275e-003 0. 0. 0. 0. 0. -3.53083626e-004 0. 3.29339365e-003
    0. 0. 1.33539084e-003 0. 1.76962256e-003 3.13295331e-003
    4.95255785e-003 0. 4.81476588e-003 0. -1.06926658e-003 0. 0.
    5.92715747e-004 0. 4.07672580e-003 0. 0. 2.39811186e-003 0. 0. 0. 0.
    0. 1.77914016e-002 7.39382347e-003 0. 0. -1.27010047e-004 0. 0. 0.
    0. 0. 0. 0. 0. -1.55319634e-003 5.39233268e-004 0. 0. 0. 0. 0. 0. 0.
    -1.80724019e-003 0. 0. 3.53513309e-003 0. 1.58836265e-004 0.
    -2.24908511e-003 0. -2.66960752e-003 0. 9.95692681e-004 0. 0. 0. 0.
    0. 0. 0. 3.84315359e-003 0. 0. 0. 0. 0. 0. 0. -8.09062389e-004
    2.23377836e-003 3.80086177e-003 0. 0. 0. 0. 0. 2.98375310e-003 0. 0.
    0. 1.13631308e-003 0. -4.65874822e-004 0. 0. 0. 3.56191979e-003 0.
    0. 0. 2.04128027e-003 0. 2.51328992e-003 0. 0. 0. 0. 0.
    2.99467286e-003 0. 0. 0. 0. 3.71744740e-003 0. 6.22248370e-003 0. 0.
    1.03842858e-002 0. 0. 0. 0. 0. 0. 0. 0. 0. 6.77537452e-003 0.
    1.15382753e-003 0. 0. 0. 0. 1.99459353e-003 -5.74134639e-004 0.
    2.22413731e-003 0. 5.65712620e-003 0. 0. 9.37543344e-003
    1.52634205e-002 0. 0. 1.34384289e-004 0. 0. 0. 0. 0. 0.
    5.78852254e-004 0. 0. 0. 4.56060190e-003 0. 0. 0. 0. 0.
    6.07928773e-003 0. 0. 0. 0. 0. 2.20313063e-003 0. -1.68008625e-003
    0. 0. 0. 0. 0. 0. 1.68124225e-003 0. 0. 0. 1.03694173e-002 0. 0.
    8.59041419e-003 0. 0. 3.21818952e-005 0. 2.85050366e-003 0. 0.
    -1.77340080e-005 0. 3.02762934e-003 0. 0. 0. 7.23033445e-003 0. 0.
    0. 6.68845652e-003 0. 0. 0. 0. 2.13170587e-003 6.84017839e-004
    -3.38092534e-004 0. 0. 0. 0. 5.98908402e-003 6.65006740e-003
    1.27073890e-002 2.89383600e-003 0. 0. 0. 0. 4.71445732e-003
    1.12730055e-003 0. 0. 2.43683415e-003 5.33043593e-003
    8.39922018e-003 6.59215171e-003 0. 0. 0. 3.64564429e-003 0. 0. 0. 0.
    0. -2.33866784e-004 0. 0. -2.95312668e-004 0. 0. 0. 0. 0.
    5.51438052e-003 0. 0. 0. 0. 0. 0. -2.86959723e-004 0. 0. 0. 0.
    -1.51646812e-003 2.07719812e-003 -5.72930032e-004 0. 0. 0. 0. 0. 0.
    8.47075041e-003 0. 0. 6.12991629e-003 0. 0. 0. 0. -3.07248207e-003
    0. 0. -8.42749432e-004 0. 0. 0. 3.59301665e-003 0. 0. 0. 0. 0. 0. 0.
    0. 0. 0. 0. 5.45848347e-003 0. 0. 0. -1.98826136e-004 0. 0. 0.
    4.42972500e-003 0. 4.91352845e-003 0. 0. 6.09381916e-003 0.
    9.85698402e-003 0. 0. 0. 0. 2.44190404e-003 1.67149922e-003
    -5.80701372e-003 0. 0. 0. 0. 0. 0. 1.58887245e-002 0.
    2.76879640e-003 5.11770323e-003 0. 0. 8.43881688e-004 0. 0.
    5.28267538e-003 0. 0. 0. 0. 0. 0. 0. 2.33222707e-003 0. 0.
    2.79150181e-003 0. 0. 5.61652565e-003 0. 7.72402482e-003 0. 0. 0. 0.
    -2.50921712e-005 0. 8.73800553e-003 0. 0. 0. 0. 0. 0. 0. 0. 0. 0. 0.
    9.63620085e-004 5.58977621e-003 8.89142789e-003 0. 0. 0. 0.
    2.04996881e-003 0. 0. 0. 0. 4.99902712e-003 0. 0. -6.39930600e-004
    0. 0. 0. 7.03688618e-003 0. 0. 0. 0. 0. 0. 1.86576217e-003
    2.81849178e-004 5.30047924e-004 0. 3.29537387e-003 0. 0.
    2.92774523e-003 0. 6.82442868e-003 0. 0. 0. 0. 1.47177128e-003
    3.54261632e-004 0. 0. 0. 0. -4.73005530e-005 0. 0. 0. 0. 0. 0. 0. 0.
    0. 0. 0. 0. 0. 0. 0. 0. 2.65913177e-003 3.92380217e-003 0.
    1.18228130e-003 1.20230392e-002 0. 2.62230379e-003 0. 0.
    1.75094325e-003 0. 0. 0. 9.38272756e-003 -1.98109983e-003
    2.29153712e-003 0. 0. 0. 2.19145368e-005 0. 0. 0. 0. 0. 0.
    6.56140456e-003 0. 0. 0. 7.20127905e-003 0. 0. 0. 0. 1.90122786e-003
    7.02399341e-003 1.36998063e-003 -4.37500654e-003 0. 0. 0.
    1.75442299e-004 0. 0. -1.70229247e-003 6.23742817e-003 0. 0. 0. 0.
    0. 0. 1.83740985e-002 0. 0. 0. 5.88533655e-003 0. 0. 0.
    1.19376723e-002 0. 0. 0. 0. 2.74685747e-003 -1.70471743e-004 0. 0.
    0. 0. 0. 0. 4.43635276e-003 2.84043979e-003 0. -7.86201388e-004 0.
    -7.58038252e-004 5.60347969e-003 0. 5.28221391e-003 0. 0. 0. 0. 0.
    0. 0. 2.88853724e-003 6.36485172e-003 1.40448485e-003 0.
    1.54284178e-003 0. 0. 0. 0. 0. 0. 0. 0. 0. 0. 0. 0. 3.10886977e-003
    1.54752634e-003 0. 0. 5.86152135e-004 0. 1.89135759e-003
    5.75808762e-003 5.47554484e-003 0. 0. 4.00966220e-003 0. 0.
    5.38874883e-003 0. 0. 0. 0. 1.89710106e-003 0. 0. 0. 0. 0. 0. 0. 0.
    0. 0. 2.90709967e-003 0. 2.46195879e-004 4.91281040e-003
    5.12341782e-003 0. 0. 1.16290925e-002 0. 2.89127720e-003 0.
    9.41634295e-004 0. 0. 0. 0. 3.07404250e-003 3.81559297e-003 0.
    1.69400929e-003 0. 0. 2.68486940e-004 0. 0. 4.94899368e-003 0. 0. 0.
    0. 0. 3.16629419e-003 9.98243457e-004 0. 0. 1.20844357e-002 0. 0.
    7.48320809e-003 0. 0. 0. 0. 2.13707797e-003 0. 0. 0. 0. 0.
    4.35986230e-003 0. 0. 0. 0. 0. 0. 0. 0. 0. 4.92991041e-003 0.
    5.57402568e-003 0. -3.49877344e-004 0. 0. 3.78809753e-003
    2.89408467e-003 8.84678084e-005 0. 3.56013398e-003 0. 0. 0. 0.
    4.70688334e-004 3.54585471e-003 0. 0. 1.13061280e-003 0. 0. 0.
    2.74709798e-003 0. 6.86922530e-003 4.72654263e-003 0.
    1.78747950e-003 0. 0. 0. 0. 3.86840710e-003 0. 0. 0. 0. 0. 0.
    -1.58374873e-003 0. 0. 0. 0. 2.59383209e-003 0. 2.42588739e-003 0.
    0. 0. 0. 0. 0. -1.67559052e-003 -3.09392205e-003 0. 0.
    3.27225542e-003 3.35205905e-003 3.95615585e-003 6.77383784e-003 0.
    0. 0. 3.44422972e-003 0. 4.67846589e-003 0. 0. 0. 8.38966202e-003 0.
    0. 0. 0. 0. 0. 0. 0. 3.03723896e-003 0. 0. 0. 0. 1.09476096e-003
    2.36989558e-003 0. 0. 0. 0. 3.69833712e-003 -2.45575025e-003
    3.27693089e-003 0. 0. 6.76309830e-003 0. 0. -2.61031184e-003 0. 0.
    2.30861493e-004 0. 0. 0. 0. 0. 0. 0. 0. 0. 0. 0. 0. 0. 0. 0. 0.
    7.38747464e-003 1.26042706e-003 0. 0. -8.45950795e-004 0.
    -5.46474243e-004 1.12201924e-004 0. 2.11143680e-003 3.06069502e-003
    4.74072155e-003 1.10392820e-003 0. 2.95912265e-003 3.70244193e-003
    0. 4.70920699e-003 0. 2.57624872e-003 0. 0. -2.87432485e-004 0. 0.
    0. 7.66251935e-004 0. 0. -2.48521636e-003 3.85861937e-003
    2.30036560e-003 0. 4.49299999e-003 1.91775593e-003 0. 0. 0. 0. 0. 0.
    0. 3.07128415e-003 0. 5.16797602e-003 0. 3.12060025e-003 0. 0.
    3.14768241e-003</data></imageDescriptor>
</opencv_storage>
