<?xml version="1.0"?>
<opencv_storage>
<imageDescriptor type_id="opencv-matrix">
  <rows>1</rows>
  <cols>1000</cols>
  <dt>f</dt>
  <data>
    0. 0. 0. 0. 5.90927142e-004 -2.90366501e-004 1.46521430e-003
    1.49320567e-003 8.21668422e-004 0. 8.09016929e-004 0.
    3.63429938e-003 0. 0. 0. 7.69033970e-004 0. 4.27208748e-003 0. 0. 0.
    0. 0. 0. 8.44092481e-003 0. 1.66626880e-003 0. 0. 0. 0.
    1.72830280e-003 4.27561899e-005 0. 0. -2.29099442e-005 0. 0. 0. 0.
    3.95160215e-003 0. -3.60901613e-004 1.52765028e-003 5.62790222e-003
    4.06717649e-003 0. 1.83071767e-003 2.17957632e-003 1.15182588e-003
    6.59229117e-004 0. 0. 2.36293999e-003 0. -7.44635821e-004
    1.14146322e-002 0. 3.16995871e-003 0. 0. 2.50047166e-003
    2.93033401e-004 0. 9.51746712e-004 0. 0. 0. 2.00597011e-003
    3.27872724e-004 1.89122907e-003 0. 0. 2.85297370e-004 0.
    1.22157391e-003 2.71673454e-003 0. 0. 0. 0. -1.30233786e-003 0. 0.
    -4.22319317e-005 4.07924689e-003 0. 3.31254466e-003 0. 0. 0. 0.
    3.25319736e-004 0. 1.68200489e-003 0. 0. 0. 7.07246829e-004 0. 0. 0.
    0. 0. 1.10040186e-002 0. 0. 0. 4.36628098e-003 -1.17875484e-003
    8.49960372e-004 0. 0. 0. 0. 0. 1.88022689e-003 0. 9.48190689e-004 0.
    4.96072741e-003 1.12727727e-003 4.48707165e-003 2.54974840e-003
    2.06891354e-003 0. 1.13627827e-003 0. 0. 1.42429897e-004 0. 0.
    1.64786784e-003 1.12926599e-003 8.61067791e-004 3.76111851e-003 0.
    0. -1.53418689e-003 0. 2.79377610e-003 2.31191865e-003 0. 0. 0. 0.
    0. 0. 0. 4.71485360e-003 0. 0. 0. 0. 0. 0. 6.84735784e-003 0. 0.
    9.01711360e-003 0. 6.83598546e-003 -5.41090209e-004 1.33084028e-003
    1.99117349e-003 0. 0. 0. 1.02339569e-003 1.60027458e-003
    -4.22082157e-005 0. 0. 0. 0. 0. 0. 2.35606800e-004 5.07297009e-005
    1.95210765e-003 5.37848892e-003 0. 2.79355561e-003 0.
    5.33710700e-003 1.50956900e-003 5.36165293e-003 0. 5.20402938e-003
    3.14361020e-003 -5.66112431e-006 0. 0. -6.80504483e-004
    1.61919196e-003 0. 0. 1.18668796e-003 2.76134838e-003
    3.31654632e-003 0. 0. 0. 1.41158095e-003 4.80544940e-003
    2.39091110e-003 2.94616586e-003 3.18392180e-003 0. 2.77871441e-004
    0. 0. 0. 0. 0. 6.01071981e-004 1.37729617e-003 2.57276860e-003
    2.21487414e-003 3.91251873e-003 7.82137737e-003 8.84409004e-004
    1.79973361e-003 3.13022849e-003 1.37055860e-004 6.25882205e-003 0.
    0. 0. 5.48242871e-003 4.72528348e-003 0. 0. 0. 0. 7.60509400e-003 0.
    0. 0. 0. 0. 7.21601711e-004 0. 0. 4.02024668e-003 0. 0. 0. 0. 0.
    1.74303004e-003 4.19737957e-003 0. 0. 0. 4.37066099e-003 0. 0. 0.
    2.36508017e-003 0. 0. 0. 0. 0. -1.38029091e-005 1.41593255e-003 0.
    0. 0. -1.39609736e-003 2.55176390e-004 0. 0. 2.91270576e-003 0. 0.
    0. 0. 0. 6.13216253e-004 2.91889370e-003 0. 0. 0. 0. 0. 0. 0. 0. 0.
    0. 0. 0. 1.30319898e-003 2.16320064e-003 3.99315264e-004 0. 0.
    2.22132797e-003 0. 3.35943210e-003 -5.47925709e-004 0. 0.
    2.13617412e-003 3.49820801e-003 5.62649220e-003 1.35490915e-003 0.
    0. 0. 0. 0. 0. 2.46517197e-003 0. 0. 3.06018069e-003 0. 0.
    1.48276711e-004 8.03884398e-003 -1.19158672e-003 0. 0. 0.
    3.16517241e-003 0. 5.09386230e-003 0. 1.33884692e-004 0.
    6.81687321e-004 2.83227558e-003 0. 7.27630313e-003 0.
    2.32327208e-002 7.87437893e-003 0. 7.28269108e-004 0. 0.
    1.36157579e-003 0. 6.98968628e-003 0. 0. 0. 0. 2.44769687e-003 0.
    1.25367616e-004 0. 0. 0. 0. 0. 7.71537831e-004 -2.66504416e-004
    4.68235416e-003 0. 0. 7.23445904e-004 0. 6.15255814e-003
    -8.03802803e-004 0. 9.35470127e-003 3.78344012e-005 0. 0.
    2.54979997e-004 3.33429943e-003 0. 1.10467221e-003 0. 0. 0. 0. 0. 0.
    0. 0. 0. 3.90482438e-003 0. 8.56314972e-003 2.16837577e-003 0. 0.
    -1.72018574e-003 -7.13446061e-005 0. 3.24410712e-003 0.
    2.22537928e-004 0. 0. 1.25196052e-003 0. 0. 2.31184787e-003
    2.99347262e-003 4.49412828e-003 2.76946835e-003 0. 0.
    2.37993128e-003 5.32534020e-003 4.08459501e-003 0. 0. 0.
    1.28435325e-002 0. 0. 0. 0. 0. 0. 0. 6.14245003e-003
    -3.57417506e-004 0. 6.36517769e-003 0. 3.17522394e-003
    7.82165385e-004 0. 0. 0. 0. 0. 0. 2.11082911e-003 0. 2.09432538e-003
    -1.02514925e-003 5.04530792e-004 1.19901565e-003 5.06513566e-003
    3.58126801e-003 0. 0. 0. 9.35308228e-004 0. 0. 0. 0. 0. 0. 0. 0.
    2.92949541e-003 2.18893518e-003 0. 0. 0. 0. 0. 0. 6.36724217e-005 0.
    -2.45327130e-004 3.24177113e-003 4.22282331e-003 0. 0. 0.
    1.09416270e-003 1.18044876e-002 0. 3.07604758e-004 8.32630845e-004
    -2.10665422e-003 0. 4.84211557e-003 0. 0. 2.72323051e-003 0. 0. 0.
    2.68816296e-003 0. 0. 0. 1.39848539e-003 1.67964562e-003 0. 0. 0. 0.
    5.07181790e-003 5.34652360e-003 0. 4.24259296e-003 0. 0. 0. 0. 0. 0.
    1.11129386e-002 0. 0. 0. 0. 0. 0. 0. 0. 0. 5.25771349e-004 0. 0.
    1.39000569e-003 2.18431838e-003 0. 0. 1.66086946e-003 0. 0. 0.
    -3.46337003e-003 0. 0. 2.36399239e-003 0. 0. 0. 0. 1.05434483e-004
    0. 0. -1.92887359e-003 6.73929928e-004 0. 0. 4.87024721e-004 0.
    9.06189787e-004 0. 3.72225535e-003 0. 2.08641961e-003
    -8.74265446e-004 0. 0. 0. 0. -5.00041468e-004 5.59477077e-004 0. 0.
    2.21377308e-003 8.08885228e-003 0. 1.89515273e-003 4.81708354e-004
    0. 0. 0. 0. 0. 0. 0. 2.17922288e-003 0. -3.50692018e-004 0.
    5.52450586e-003 9.29811795e-004 0. 2.92918622e-003 0.
    3.72818718e-003 0. 0. 0. 0. 1.77296693e-003 0. 0. 0. 0. 0. 0. 0.
    -1.98475405e-004 0. 1.86641817e-003 0. 0. -8.86258669e-004
    -1.80124782e-003 0. 0. 0. 1.77603196e-002 0. 7.26726139e-003 0. 0.
    0. 0. 0. 0. 0. 4.94819600e-003 0. 0. 1.58843270e-003 4.93452000e-003
    -1.54565205e-003 2.26395018e-003 0. 0. 0. 0. 5.38583519e-003 0. 0.
    2.33193277e-003 0. 0. 3.28937382e-003 2.00919778e-004 0. 0.
    5.08076325e-003 4.62183263e-003 0. 0. 2.73909909e-003 0. 0.
    5.24886651e-004 1.84771349e-003 0. 3.31831700e-003 0. 0.
    2.71066464e-003 1.09271901e-002 -1.27417885e-003 1.06630311e-003
    2.42841640e-003 2.40500155e-003 7.39118503e-003 0. 0.
    1.36216136e-003 0. 0. 2.26563495e-003 0. 3.12978285e-003 0.
    2.83044437e-003 0. 0. 0. 1.75398088e-003 0. 0. 0. 0. 0.
    8.88582692e-003 0. 0. 0. 3.13041755e-003 1.98875903e-003 0.
    1.20119844e-003 0. 0. 0. 7.90353864e-003 1.47384591e-003 0.
    6.91877538e-003 7.05646467e-004 0. 4.18354664e-003 3.14118993e-003
    0. 0. 0. 0. 1.76439143e-003 2.48802570e-003 0. 2.02323236e-002 0. 0.
    0. 1.93725247e-003 0. 1.51832541e-003 0. 0. 0. 0. 0.
    -1.81210006e-003 0. 0. 0. 0. 0. 0. 0. 0. 0. 0. 1.83645647e-003 0. 0.
    0. 2.24938663e-003 4.56540426e-003 0. 0. -7.80994960e-005
    6.57464238e-003 0. 0. -7.90618826e-004 0. 0. 9.70896613e-003 0. 0.
    0. -1.79608329e-003 0. 6.55014813e-003 0. 0. 0. -2.77810032e-003 0.
    0. 0. 0. 0. 0. 0. 5.33484761e-003 0. 0. 0. 0. 1.29172241e-003
    2.50248262e-003 0. 0. 0. 0. 0. 1.21548993e-003 2.33058864e-003 0. 0.
    0. 0. -2.50111421e-004 0. 0. 0. 1.17323117e-003 0. 3.64126288e-003
    0. 0. 0. 4.21704404e-004 4.45352029e-003 0. 0. 4.36852482e-004
    9.76173673e-003 0. 0. 0. 0. 8.95003602e-003 0. 0. 3.41160456e-003
    1.41092681e-003 0. -1.11179729e-003 0. 0. 5.13665657e-003
    1.47753616e-003 3.04261222e-003 0. 0. 0. 0. 0. 0. 0. 0.
    -1.70238185e-004 0. 0. 2.96835159e-003 0. 0. 2.56444473e-004
    5.95906342e-004 0. 0. 1.19921891e-003 0. 5.21446113e-004 0. 0. 0. 0.
    0. 0. 0. 0. 0. 0. 5.64042246e-004 0. 5.34875412e-003 0.
    4.09198197e-004 0. 0. 6.45488326e-004 1.83222385e-003 0. 0.
    1.14206485e-002 2.64527532e-003 1.05606802e-002 2.43688049e-003 0.
    8.50510027e-004 0. -1.49161650e-007 0. 6.37372537e-003
    6.92926208e-003 1.13474112e-003 0. 0. 0. 0. 1.27486812e-004
    7.56203546e-004 0. 0. 0. 0. 0. 0. 0. 0. 0. 0. 0. 0. 0.
    1.67757354e-003 0. 3.30307405e-003 0. 4.26857639e-003
    4.45730006e-003 0. 4.29770625e-005 0. 5.47545322e-004 0. 0. 0. 0. 0.
    0. 0. 4.16273391e-003 1.88505754e-003 0. 0. 1.61929958e-004 0. 0. 0.
    0. 0. 9.63046332e-004 0. 0. -1.97469795e-004 0. 1.27709343e-003 0.
    0. 0. 0. 0. 3.46054370e-003 0. 0. -2.15398218e-003 0. 0. 0. 0. 0. 0.
