<?xml version="1.0"?>
<opencv_storage>
<imageDescriptor type_id="opencv-matrix">
  <rows>1</rows>
  <cols>1000</cols>
  <dt>f</dt>
  <data>
    0. 3.14697437e-003 3.88753193e-004 0. 0. 0. 0. 1.49691070e-003
    -2.60147499e-003 0. 0. 0. 4.32477891e-003 0. 1.02851493e-002 0.
    -3.66264750e-004 0. 0. 0. -3.89312208e-003 6.50157593e-003
    -1.94049440e-004 0. 0. 0. 0. 5.13102021e-003 0. 1.55505678e-003 0.
    0. 0. 0. 2.01655203e-003 3.91577557e-003 0. 0. 0. 0. 0. 0.
    4.64001467e-004 0. 3.55417782e-004 2.64670816e-003 0. 0. 0. 0.
    6.90391473e-003 -1.20500568e-004 4.56971908e-003 0. -3.69247253e-004
    0. -1.68939889e-003 2.09925114e-003 2.54030153e-003 0.
    6.22138102e-003 2.16038534e-004 4.36612812e-004 1.38969137e-003
    1.79170212e-003 -1.76512520e-003 0. 0. 0. -8.56370782e-004
    3.15604941e-003 0. 0. -1.01897444e-004 -7.47930375e-004
    4.22303518e-003 0. 0. 2.04270449e-003 0. 0. 0. 8.91905837e-003
    1.03668112e-003 0. -1.61309808e-003 0. 0. 0. 1.36676326e-003
    -1.15688331e-003 0. 0. 0. 7.06812553e-003 -1.44605315e-003 0. 0. 0.
    4.68136510e-003 0. 1.09411427e-003 6.30913535e-003 4.68599424e-003
    0. 2.33649998e-003 0. 0. 0. 0. 6.34885160e-003 4.23034158e-004 0. 0.
    -2.17486848e-003 3.21311085e-003 9.90226027e-003 5.52294217e-003
    1.52845902e-003 4.24286770e-003 0. 9.12471616e-004 1.04853229e-004
    3.35684465e-003 0. 0. 0. 6.16852241e-003 0. 0. 0. 0. 0. 0.
    3.38318665e-003 0. 8.97794124e-003 -4.60369367e-004 0. 0. 0.
    3.13087832e-003 3.61812324e-003 6.93905866e-004 0. 0.
    -4.89222293e-004 0. 0. 0. 0. 0. 1.22000184e-003 0. 0. 0. 0. 0.
    2.65964773e-003 3.00457759e-004 5.69874374e-003 0. 1.93423219e-003
    0. 0. -4.44234553e-004 0. 0. 0. 0. 0. -9.61552782e-004 0. 0. 0.
    -3.66536900e-004 0. -1.37648429e-004 0. 0. 0. 0. 0. 0.
    -3.27209174e-003 7.35786802e-004 0. 0. 0. 0. 2.03313713e-004
    -1.47790997e-004 8.14093335e-004 4.41256817e-003 0. 0. 0. 0.
    -1.11309008e-003 0. 0. 1.31142652e-003 2.10681814e-003
    4.68490878e-003 0. -1.47711515e-004 0. -8.10683705e-004 0.
    7.54980894e-004 6.73781056e-003 -3.40056466e-003 0. -7.72994477e-004
    2.23824545e-003 8.25571641e-003 0. 0. -1.30547408e-003
    9.51169874e-004 5.22124441e-003 0. 0. 0. 0. 0. 0. 0. 0. 0.
    2.03455030e-003 0. 0. 0. 0. 0. -4.86842240e-004 0. 9.64529067e-003
    5.45151439e-003 8.23023822e-003 0. -3.89108830e-003 1.64459203e-003
    1.55384827e-004 1.10681530e-003 0. 0. 9.90962028e-004
    8.45513307e-004 6.04161760e-003 0. 0. 0. 0. 6.52620336e-003
    -1.89832796e-003 3.24195746e-004 -2.12079482e-004 0. 1.32991411e-002
    -2.14018836e-003 0. 0. 0. 0. 0. 4.73299343e-003 1.62377860e-003 0.
    0. -6.68522145e-004 0. 5.08180063e-004 5.16808871e-003 0.
    2.18340126e-003 0. 0. 0. 0. 0. -1.40890697e-004 2.20479001e-003
    -8.25052266e-004 -2.08948855e-003 0. 0. 0. 1.83995510e-003 0. 0. 0.
    0. 0. 7.85264373e-003 1.63556617e-002 0. 0. 0. 1.03044254e-003 0. 0.
    0. -2.73018214e-003 -4.03442245e-004 0. 6.70443475e-003 0.
    -5.97120787e-004 8.97808000e-004 0. 0. 9.55603376e-004
    7.41896406e-003 -5.02597431e-005 0. 1.09666055e-002 5.07617509e-003
    -2.20497348e-003 -2.19223392e-003 1.89120590e-004 0.
    -8.71332886e-005 1.02144303e-002 0. 0. 0. 0. -8.38711800e-004 0. 0.
    1.80935231e-003 0. 8.65322165e-003 0. 0. 0. 2.68659787e-003
    5.36663178e-003 1.72569300e-003 0. 0. -6.60395948e-004
    3.26557271e-003 -9.73985530e-004 2.70376971e-004 -2.06958241e-004 0.
    2.47948314e-003 0. 0. 0. 0. 0. 2.04431009e-003 0. -1.08697335e-003
    0. 0. 8.80862877e-004 3.01523693e-003 2.73810257e-003 0. 0.
    1.55803107e-003 0. 0. 0. 0. 4.39919124e-004 0. 2.67614820e-003
    2.97384243e-003 0. -1.79961417e-003 0. 0. 1.21223805e-002 0. 0. 0.
    0. 0. 4.81936848e-004 1.50498934e-002 0. 0. 0. 1.71225164e-002 0. 0.
    6.76716445e-003 1.54606265e-003 0. 0. 2.73016444e-003
    -3.53679317e-003 0. 1.75379426e-003 4.03757812e-003 2.52817804e-003
    0. 7.01145642e-003 2.70101754e-003 0. 0. 0. 0. 1.14186096e-003
    1.97403273e-003 -1.38678093e-004 5.73279150e-003 -1.47456524e-003 0.
    4.16762894e-003 -3.03374440e-003 0. -1.47622044e-003 0. 0.
    4.60201496e-004 6.28282491e-004 0. 0. 4.02707636e-004 0.
    7.91097991e-003 -8.70671764e-004 0. 9.57118720e-003 0.
    -7.03070764e-005 0. 9.33378190e-003 0. 0. -1.79372961e-004 0. 0.
    1.84334964e-002 0. 5.68860443e-004 0. 0. 0. 0. 1.31597475e-003
    -1.79223414e-003 0. -8.68327916e-004 2.03526579e-003 0.
    -5.00800496e-004 0. 0. 1.16362353e-003 -3.61315353e-004 0. 0. 0.
    -5.89212636e-004 0. 0. 3.49096954e-003 0. 0. 0. 8.78523279e-004 0.
    1.26430923e-002 0. 0. 2.81631155e-003 1.72506124e-002 0.
    2.77907634e-003 0. -7.03762867e-004 0. 0. 5.91263222e-003
    2.27225537e-004 9.08432808e-003 0. 0. -6.77321659e-005 0.
    3.37877340e-004 0. 1.42269582e-003 0. 0. 1.14878127e-003 0. 0. 0.
    -2.41191406e-003 0. -5.57761523e-004 -1.49627484e-003
    2.39114073e-004 -1.73511147e-003 -7.94889696e-004 0. 0. 0. 0.
    7.68182857e-004 0. 1.78607856e-003 0. 2.00522924e-003
    -1.26997789e-003 0. -2.19704700e-003 0. 0. 1.10564695e-003
    1.10444624e-003 0. -2.06578686e-003 -8.11451522e-004 0. 0.
    -2.34407210e-003 0. 0. 0. 0. 0. 0. 6.42920099e-003 0.
    3.27318819e-004 0. 0. 0. 0. -2.87182396e-003 9.86875687e-003 0. 0.
    1.29113172e-003 0. 8.51453003e-003 7.77245208e-004 1.83313712e-003
    0. 8.72009806e-003 9.20630619e-003 0. 0. -2.61566928e-003 0.
    3.94585950e-005 -3.00958543e-003 -4.16394044e-003 8.67769588e-004
    1.87944912e-003 1.27664802e-003 0. 0. -6.60434365e-004
    6.48096204e-003 0. 2.97783874e-003 9.81732737e-004 0. 0. 0. 0. 0. 0.
    8.82321037e-003 0. 0. 0. 7.21144769e-003 0. 7.34995957e-003 0. 0.
    7.45196315e-003 0. 2.24409951e-003 0. 0. 0. 0. 0. 0. 0.
    4.71032661e-004 7.44468241e-004 0. 0. 7.12211896e-003
    5.07772481e-003 0. 0. 0. 6.55421230e-004 0. 0. 0. 0. 0. 0.
    1.08771687e-002 5.94056537e-003 0. 6.58579450e-003 0. 0.
    1.16720544e-002 0. -1.70382776e-003 1.14042945e-002 0. 0. 0. 0. 0.
    0. 0. 0. -1.83007811e-004 0. -5.41664544e-004 0. 6.75895019e-003 0.
    0. -1.06371485e-003 0. 0. 0. 9.69654880e-004 0. 0. 0. 0. 0. 0. 0.
    -2.48728815e-004 0. 0. 9.80193913e-003 0. 7.58475799e-004 0.
    2.07616086e-003 1.18531217e-003 0. 0. 0. 0. 6.10012212e-005 0. 0. 0.
    0. -2.77365791e-004 0. 0. 0. 0. 0. 0. 0. 0. 5.23272436e-003 0. 0.
    2.24160636e-003 3.48143745e-004 0. 0. 1.40715798e-003
    1.09282532e-003 0. 0. 0. 0. 3.49401636e-003 7.75863323e-003 0.
    3.26215290e-003 1.11873671e-002 0. 0. 0. 0. 2.07189959e-003
    6.42632600e-003 0. 0. 0. 0. 1.09282625e-003 0. -1.81895029e-003
    1.61985052e-003 0. 0. 1.11680338e-002 0. -6.79710938e-004 0.
    1.21852814e-003 0. -6.51030045e-004 9.91258677e-003 0. 0.
    -1.56714697e-003 0. 0. 0. 3.84064368e-003 -1.98497146e-004
    -1.63255935e-003 0. -2.02956633e-003 1.24925468e-002
    -2.06778268e-003 0. 0. 5.76653238e-003 0. 0. 0. -2.32718233e-003 0.
    0. 7.14272307e-003 0. 0. 1.95674409e-004 -1.80873380e-003 0. 0.
    1.10750145e-003 1.20661431e-003 0. 3.58755374e-003 0. 0. 0. 0. 0.
    4.28645610e-004 2.00820330e-004 2.37594082e-004 0. 3.62707139e-003
    0. -7.36845483e-004 4.49796906e-004 0. 0. 9.00256855e-005 0. 0.
    -6.60491583e-004 0. 0. 0. 0. 0. 0. -9.79047385e-004 2.20112922e-003
    1.41657447e-003 0. 0. 1.07275313e-002 0. 0. 3.89159098e-003 0.
    1.46212662e-003 0. 0. -4.94535663e-004 0. 1.84119702e-003 0. 0. 0.
    0. 1.02283955e-002 0. 0. 0. 2.04716955e-004 1.76569354e-002
    1.13827828e-003 0. 8.92264012e-004 -6.39265578e-004 0. 0. 0. 0. 0.
    2.89876270e-003 1.71996225e-002 5.08869858e-003 0. -3.46792093e-003
    -9.26025154e-004 0. 3.95449623e-003 3.58994538e-003 0.
    8.38733686e-004 -7.61595729e-005 0. 1.08678248e-002 0.
    2.45152647e-003 0. 5.12315193e-003 -8.51779361e-004 6.64389692e-004
    -9.70594527e-004 -5.74618112e-004 0. 0. 2.08731639e-004 0. 0. 0.
    -2.38897366e-004 2.95706443e-003 7.59688905e-003 8.55994225e-003 0.
