<?xml version="1.0"?>
<opencv_storage>
<imageDescriptor type_id="opencv-matrix">
  <rows>1</rows>
  <cols>1000</cols>
  <dt>f</dt>
  <data>
    0. 0. 0. 0. 3.74719687e-003 4.59319167e-003 2.86947400e-003 0. 0. 0.
    0. 0. 0. 7.73002335e-004 0. 5.19650429e-003 3.20406491e-003
    2.04769243e-003 0. 0. 0. 3.59898503e-003 0. 0. 0. 5.58205321e-003 0.
    0. 3.02480161e-003 0. 0. 7.06730736e-003 0. 5.14328305e-004
    -2.35752738e-003 0. 0. 2.11080723e-003 0. 4.40666918e-003 0.
    5.10638638e-004 1.67439482e-003 0. 1.57034548e-003 0. 0.
    2.46352138e-004 0. 2.05094297e-003 4.68814746e-003 5.49705792e-003
    5.25069656e-004 0. 0. -6.81630219e-004 0. 0. 0. 0. 0. 0. 0. 0.
    8.85053480e-004 6.04345463e-003 4.48179943e-003 2.20524124e-003
    4.50513139e-003 0. 8.02238286e-003 3.33592907e-004 -3.31406511e-004
    2.90379161e-003 0. 2.07087537e-003 0. 2.13407655e-003
    1.07914663e-003 4.62711723e-005 4.51662485e-003 6.27680100e-004
    4.57496708e-003 0. -3.03811074e-004 9.20834951e-004 0.
    5.80006279e-003 -1.54463269e-004 9.55499068e-004 0. 0. 0.
    7.49883382e-003 2.71486095e-003 2.71923002e-003 0. 4.57484229e-003
    0. 0. 0. 0. 0. 6.03439752e-004 0. 0. 3.94291338e-003 1.70131482e-003
    6.05928246e-003 0. 0. 0. 0. 0. 8.78630299e-003 4.92090359e-003
    4.15391318e-004 0. 2.14015227e-003 0. 0. 3.38316336e-003
    7.86161702e-003 4.95157787e-004 0. 0. 0. 0. 8.42373702e-005
    -1.40031031e-003 0. 0. 0. 0. -2.26825383e-003 4.85251239e-003 0.
    1.88353145e-003 2.63148313e-003 0. 3.87911615e-003 7.79058610e-005
    0. 0. 0. 0. 0. 0. 0. 0. 0. 1.32005871e-003 4.51199804e-003 0. 0.
    -1.82886177e-003 5.90879936e-003 0. 6.79730845e-004 0.
    -9.42491170e-004 0. 0. 0. 1.38824666e-003 2.23597884e-003 0.
    3.73805943e-003 4.39081294e-003 0. 1.04411168e-003 0.
    7.00788689e-004 0. 0. 0. 1.89937151e-003 0. 0. 0. 0. 0. 0.
    -1.94372470e-003 7.50717591e-004 0. 0. 2.98945629e-003 0. 0. 0. 0.
    -3.68863199e-004 2.64189299e-003 0. 0. 1.15240552e-003
    2.86500482e-003 1.78212102e-003 1.56049104e-003 6.53610146e-003 0.
    6.07089978e-003 0. 0. 0. 0. 0. 8.50381854e-004 0. 0. 3.21325217e-003
    0. -5.05884178e-004 0. 0. 1.54815672e-003 0. 0. -4.10048640e-004 0.
    2.08322126e-005 -6.45671171e-005 0. 0. 0. 3.85744823e-003 0. 0.
    1.25349471e-002 0. 0. 5.23552718e-003 -1.46074628e-003 0. 0. 0. 0.
    1.76428771e-003 2.41966010e-003 0. 0. 4.94159339e-003
    2.28502252e-003 0. 0. 0. 0. 0. 1.33104692e-003 0. 1.16182375e-003 0.
    9.25210246e-004 0. -4.27637482e-004 1.37745577e-003 1.94934232e-003
    0. 1.83991360e-004 0. 0. 5.12615265e-003 0. 3.25528113e-003
    1.27692602e-003 0. 0. 7.77679542e-003 0. 0. 2.15364597e-003 0.
    7.79335853e-003 8.19557928e-004 2.79149204e-003 -2.54148152e-004
    1.53649820e-003 7.27756240e-004 3.29229166e-003 -5.64293063e-004 0.
    -1.57558825e-003 1.16291093e-002 0. 9.06654983e-004 0. 0. 0.
    4.97987028e-004 0. 0. 0. 0. 0. 0. 0. 0. 0. 4.33589797e-003
    4.36356338e-003 3.43376677e-003 0. 1.53592450e-003 6.29023463e-003
    0. 0. 8.27025331e-004 0. 0. 0. 0. 0. 0. 1.84557855e-003 0.
    4.21671662e-004 0. 0. 0. 0. 0. 0. 2.63667223e-003 0. 0. 0. 0. 0. 0.
    5.79330430e-004 0. 2.02840404e-003 0. 0. 0. 0. 8.36750201e-004
    1.33857271e-003 3.59101599e-004 0. 0. 0. 3.84426722e-003 0.
    6.87225838e-005 0. 3.99435696e-004 0. 3.52095114e-003 0.
    -5.69694035e-004 0. 0. 2.41877488e-003 0. 0. 0. 2.12610373e-003
    1.69996533e-003 0. -4.25260601e-004 0. 4.74833464e-003
    1.94876606e-003 0. 7.59455783e-004 3.76101560e-003 0.
    3.93898785e-003 0. 0. -1.95468747e-004 0. 6.62775896e-003
    2.51852395e-003 8.76462669e-004 0. 0. 1.14669197e-003
    2.75580864e-003 0. 8.18688131e-004 -5.78011386e-004 0.
    1.74684450e-003 -2.03177216e-004 3.26145627e-003 0. 3.52346944e-003
    3.57892853e-003 0. 1.68861530e-003 0. 0. 0. 1.67942897e-003 0. 0.
    1.23475154e-003 0. 0. 1.25866721e-003 1.02672656e-003 0.
    6.29545795e-003 0. -3.37264704e-004 0. 0. 0. -9.15112346e-003
    -1.34772131e-006 1.07702648e-003 0. 0. 0. 0. 2.96437042e-003 0.
    1.43313385e-003 6.90869856e-005 0. 0. 0. -7.62873329e-004 0. 0. 0.
    -1.51533424e-003 5.77836484e-003 -7.54117937e-005 5.41020976e-003
    2.31679576e-003 0. 0. 0. 3.47011432e-004 0. 0. 2.58328728e-005
    1.43878174e-003 0. 0. 4.39220760e-003 0. 0. -9.62335384e-004
    2.52434076e-003 1.67375407e-003 2.17951671e-003 0. 2.38274550e-003
    1.32142229e-003 0. 0. 0. 6.71020849e-003 0. 0. 0. 6.06531138e-003 0.
    0. 0. 6.89046504e-003 8.95040575e-004 3.29408474e-004
    1.09911675e-003 0. -1.57521712e-003 0. -1.75277106e-004 0.
    -1.44775113e-004 0. 1.10767083e-003 0. 0. 0. 2.69798009e-004 0.
    1.04777049e-003 0. 4.70031798e-003 0. 0. 1.51807617e-003 0.
    1.98471174e-003 -2.42951396e-003 -5.78230422e-004 0. 8.87170550e-004
    0. 0. 0. 9.12982156e-004 4.00359556e-003 2.71972688e-003
    1.21532168e-004 0. 9.35709453e-004 0. 0. 0. 0. 0. 3.60206678e-003
    9.41855891e-004 0. -7.28946703e-004 0. 0. 0. 0. 0. 0. 0. 0.
    -6.66307402e-004 0. -6.25640969e-004 7.36526912e-003 4.90268692e-003
    3.60011193e-003 4.04872466e-003 2.88673211e-004 7.44418590e-004
    3.70478048e-003 0. 1.77782227e-003 0. 1.18713966e-002
    2.52472819e-004 0. 0. 3.54956370e-003 3.82141047e-003
    2.51159002e-003 0. 0. 0. 0. 0. 2.44027842e-006 0. 0. 0. 0.
    1.88302249e-002 0. 0. 0. 5.89905167e-003 4.41950513e-004 0. 0.
    1.67989102e-003 7.37953407e-004 8.62365589e-003 0. 5.72679332e-003
    -1.21084170e-003 3.24962847e-003 3.48019274e-003 0. 0. 0. 0. 0.
    1.75043044e-003 1.66576263e-003 0. 0. 0. 1.13107646e-002
    4.98225726e-003 3.24535114e-003 0. 0. 0. 6.65886386e-004 0.
    4.47485829e-003 0. 0. 0. 2.05640169e-003 2.23486032e-003
    6.99738099e-004 -1.77601003e-004 0. 0. 0. 2.39340402e-003 0. 0. 0.
    0. 1.97405647e-003 2.22940906e-003 0. 4.65165731e-003
    5.60656190e-004 0. 0. 8.80864821e-003 7.47940782e-003 0.
    1.53607468e-003 0. 3.08364251e-004 0. -2.31468846e-004 0. 0.
    3.39833251e-003 1.49402546e-003 4.91200713e-003 0. 9.78243188e-004
    0. 0. 2.34230841e-003 0. 0. -2.90099590e-004 -2.94028985e-004
    1.77814369e-003 1.90461148e-003 0. 0. 0. 0. 0. 1.46419648e-003 0. 0.
    0. 0. 0. 0. 0. 1.17302546e-003 -1.92417239e-003 -2.90841726e-005 0.
    -3.96825453e-005 0. -4.09348606e-004 2.29857001e-003 0.
    2.37185811e-003 0. 0. 0. -1.06362556e-003 0. 0. 0. 3.30277672e-003
    2.11890624e-003 1.78606424e-003 0. 0. 0. 2.44203809e-004
    1.98517228e-003 0. 3.96098988e-003 2.39145849e-003 6.44596410e-004
    6.82280911e-003 0. 0. 0. 0. 5.79591491e-004 0. 3.37089808e-003 0.
    6.60154969e-003 0. 0. 2.65713141e-004 -5.25342999e-004 0. 0. 0. 0.
    3.81125114e-003 0. 0. 1.14826323e-003 5.37412753e-003 0.
    -2.05507455e-003 8.98561208e-004 0. 1.03514001e-003 0. 0.
    4.35658824e-003 5.00743371e-003 5.32063469e-003 1.38273626e-003 0.
    2.59897346e-003 2.13397271e-003 4.39624162e-003 1.76890710e-004
    2.90225842e-004 3.22286808e-003 5.95350284e-004 0. 0. 0.
    6.15828496e-004 0. 0. 3.56300711e-003 -1.23724248e-003
    1.05781842e-003 0. 0. 0. 1.45238277e-003 0. 0. 0. -1.07165361e-004
    1.09500822e-003 0. 1.33473938e-003 1.38524175e-003 0. 0. 0. 0. 0.
    2.87419977e-003 1.71997829e-003 1.21665210e-003 2.39376957e-003
    2.11180677e-003 6.12377143e-003 -1.05940492e-003 0. 0.
    8.92752214e-005 3.53153329e-003 0. 0. 1.95957511e-003
    1.35035114e-003 0. 0. 0. 1.79207218e-005 5.78346243e-003 0. 0.
    2.64046900e-003 0. 0. 0. 0. 0. 0. 0. 6.90796366e-003 0. 0. 0. 0. 0.
    0. 2.15935465e-002 0. 0. 0. 0. 0. 0. 1.23426015e-003 1.39732996e-003
    0. 1.53912837e-003 4.44590393e-003 0. 6.86519023e-004 0. 0. 0. 0.
    2.66245264e-003 0. 3.84539971e-003 2.32816418e-003 0.
    8.96844780e-004 0. 0. 0. 3.83609137e-003 0. 5.76460625e-005 0. 0.
    2.55072466e-003 0. 1.74668652e-003 1.68759399e-003 0.
    4.30272846e-003 3.23647214e-003 3.51048005e-003 0. 0.
    2.16058455e-003 1.83120626e-003 4.34626918e-003 7.81877153e-003
