<?xml version="1.0"?>
<opencv_storage>
<imageDescriptor type_id="opencv-matrix">
  <rows>1</rows>
  <cols>1000</cols>
  <dt>f</dt>
  <data>
    0. 5.62035711e-004 0. 6.65915292e-003 0. 1.88983732e-003 0.
    3.73880658e-003 0. 0. 0. 4.01581638e-003 2.85605737e-003 0. 0.
    3.03329341e-003 2.21209810e-003 0. 0. 0. 0. 2.27551954e-003
    1.12568610e-004 0. 2.40359060e-003 4.38353559e-003 1.26496442e-002
    0. 0. 0. 3.26787680e-003 -1.82380900e-003 0. 0. 9.11079999e-003
    4.88812942e-003 0. -5.14815212e-004 1.70818879e-003 0.
    -3.02504678e-003 3.29817017e-003 0. 1.42008637e-003 -5.01933333e-004
    0. 0. 2.53293966e-003 0. 0. 7.73187820e-003 1.09944097e-003
    2.84276740e-003 5.23240247e-004 0. 0. 0. 8.82132561e-004 0.
    2.86243367e-003 0. 0. 0. 0. 3.98345944e-003 9.55368206e-003 0. 0. 0.
    0. 0. 2.97302054e-003 0. 0. 0. 0. 0. 0. 3.25459614e-003
    1.46981236e-003 0. 4.94258711e-003 0. 5.21079125e-003
    4.47981711e-003 -1.76253589e-003 0. 0. 2.13683164e-003 0. 0.
    4.67995554e-003 0. 1.04844132e-002 0. 0. 0. 0. 3.19853006e-003 0. 0.
    0. 4.87261219e-003 -6.75489500e-005 0. 0. 0. 0. 3.34191252e-003
    4.07371996e-003 1.66148902e-003 0. 2.12499965e-003 0. 0.
    1.22442264e-002 0. 0. -2.54405430e-003 0. 0. 0. 3.07419407e-003 0.
    0. 0. 0. 0. 0. 6.69792760e-004 0. 2.39306269e-003 3.52761039e-004 0.
    0. 0. 0. 0. -2.23962386e-004 0. 7.81442970e-003 2.62737088e-003 0.
    0. 0. 0. 0. 3.40242940e-003 2.74888094e-004 5.39116422e-003 0.
    -1.32124603e-003 0. 0. 0. 0. 6.62102923e-003 0. 1.68080302e-003 0.
    0. 0. -5.05267526e-005 0. 0. 0. 1.10164681e-003 4.75756591e-003 0.
    0. 0. 0. 0. 1.20743318e-003 0. 0. 0. 2.50601559e-003 0. 0. 0. 0. 0.
    3.28886230e-003 0. 0. 0. 0. 0. 0. -2.21932563e-003 0.
    8.32426653e-004 0. 0. 0. 0. -1.33759124e-004 0. 0. 0. 0.
    5.32967597e-003 0. 0. 0. 0. 0. 2.74948869e-003 0. 0. 0. 0. 0. 0. 0.
    2.66013714e-003 0. 0. 0. 6.68945862e-003 0. 1.46250997e-004 0. 0.
    1.74731680e-003 0. 0. 0. 0. -7.49887025e-004 0. 2.32212478e-003
    2.80192262e-003 0. 0. 0. 0. 0. 0. 0. 0. 0. 1.17111076e-002 0. 0. 0.
    0. 3.47357802e-003 -6.58831559e-004 0. 5.42692002e-003 0. 0.
    9.64657031e-003 0. -2.29341342e-004 0. 0. 0. 0. 0. -2.84131500e-003
    5.30679245e-003 1.59073959e-003 8.90730228e-003 0. -1.62772674e-004
    0. 0. 0. 1.60738209e-003 0. 0. 2.70077889e-003 1.28100184e-003
    1.71436020e-003 0. 7.53003499e-003 0. 0. -1.32931245e-003 0. 0.
    2.32351176e-003 0. 0. 5.56638651e-003 1.08143585e-002
    2.42632377e-004 -2.82559847e-003 0. 0. 1.44457922e-003 0. 0. 0.
    2.51075020e-003 0. 0. 3.82936123e-004 0. 5.63504640e-003 0. 0. 0. 0.
    4.47071204e-003 0. 0. 1.19514938e-003 0. 0. 0. 0. 0. 0. 0. 0.
    2.55426764e-003 0. 0. -2.50493264e-004 0. 0. 0. 0. 0. 0. 0.
    6.44377375e-004 0. 0. 0. 0. 0. 0. 8.74523725e-003 5.92112076e-003 0.
    5.25608950e-004 0. 0. 0. 0. 0. 0. 7.27899489e-004 0. 8.59242107e-004
    0. 0. 9.51189257e-004 0. 1.28555181e-003 0. 0. 0. 0. 0. 0.
    1.46141602e-003 2.64410791e-003 1.88201360e-004 3.52146220e-003 0.
    0. 0. 1.78275828e-003 2.04397156e-003 1.39589852e-003 0. 0. 0. 0.
    1.58401544e-003 0. 3.31281684e-003 0. 1.19795986e-004
    1.58936228e-003 0. 1.57519476e-003 3.69729358e-003 1.45740295e-003
    0. 0. 0. 0. 8.80103279e-003 0. 0. -1.43073162e-003 0. 0. 0. 0.
    3.55044310e-003 0. 0. 0. 0. 7.33590964e-003 0. 0. 2.70082639e-003 0.
    1.63968385e-003 0. 0. 0. -2.85564503e-003 0. 0. 0. 3.78352939e-003
    0. 0. 3.04805883e-003 0. 3.18338885e-003 0. 0. 0. -1.07323669e-003
    1.72812166e-003 0. 0. 0. 0. 2.46994849e-003 -8.72991513e-004 0.
    2.50151684e-003 2.67959014e-003 0. 0. 0. 0. 3.69200320e-003 0. 0. 0.
    4.06874483e-003 0. 0. 0. 0. 0. 0. 6.40015630e-003 1.23223255e-003
    2.71303998e-003 0. 9.66690015e-003 0. 3.20051122e-003 0. 0. 0. 0.
    -1.11581280e-003 0. 0. 0. 0. 0. 0. 0. 0. 0. 0. 0. 6.00680662e-003 0.
    3.92212387e-004 2.98708840e-003 0. 0. 4.74874256e-003
    1.80575566e-003 0. 0. 0. 0. 0. 0. 0. -8.26178875e-004 0.
    2.65407818e-003 0. 0. 0. 0. 0. 0. -8.91157310e-004 0.
    -3.21170315e-004 3.72239784e-003 2.67004385e-003 -8.29363824e-004
    5.63570810e-003 5.71729243e-003 0. 0. 3.92898265e-003
    1.58026107e-002 0. 2.49658898e-003 0. 0. 0. -1.65731210e-004 0. 0.
    0. 0. 2.26444285e-003 2.92413682e-003 0. 0. 0. 3.01184715e-003 0. 0.
    0. 8.14673211e-003 0. 0. 0. 0. 0. 0. 0. 1.93933176e-003
    5.62355039e-004 0. -2.69027287e-003 1.98235293e-003 0. 0.
    3.16167763e-003 0. 0. 2.36127363e-003 0. 2.10545538e-003 0.
    1.73568036e-002 5.17212693e-003 0. 2.15970073e-003 0. 0. 0. 0.
    6.38432801e-004 2.33788765e-003 4.77285963e-003 0. 0. 0.
    7.81248463e-003 0. 0. 0. 0. 0. 2.05489947e-003 0. 4.69011720e-003
    1.33616384e-003 0. 0. 0. 8.92750104e-004 3.35451588e-003 0.
    -7.70917512e-004 0. 0. 5.17057069e-003 3.42616229e-003 0. 0. 0. 0.
    0. 0. 0. 3.76291736e-003 4.58374666e-003 2.15642946e-003 0. 0. 0. 0.
    0. 0. 0. 0. 4.44951886e-003 0. 0. 0. 5.67676732e-003 0. 0. 0.
    1.62954617e-003 5.06908074e-003 0. 0. 7.44467834e-004 0.
    1.15368853e-003 0. 0. 4.60461481e-003 9.54929367e-003
    1.42998921e-004 2.12153513e-003 4.36736597e-003 0. 0. 0. 0. 0.
    3.02933529e-003 0. 0. 0. 0. 7.54604256e-003 4.46587941e-003 0. 0. 0.
    0. 6.47741603e-004 8.04916583e-003 0. 0. 0. 0. 0. 0. 0.
    3.82732111e-003 -1.08315179e-003 0. 2.28302181e-003 0. 0. 0. 0. 0.
    0. 0. 0. 4.43834160e-003 0. 0. 1.98974391e-003 0. 0. 0. 0.
    -5.16311498e-004 0. 0. 0. 0. 0. 3.80375283e-003 1.46976148e-003 0.
    0. 0. 0. 0. 0. 0. 7.65638833e-004 0. 0. 0. 0. 1.87699113e-003
    4.34927316e-003 0. 0. 0. 9.52262431e-003 1.95835740e-003 0. 0.
    -1.40620256e-003 0. 7.80909229e-003 0. 3.39028379e-003
    7.75860564e-004 2.08531017e-003 8.40820197e-004 0. 0. 0. 0. 0. 0. 0.
    9.91316279e-004 0. 1.07928505e-002 2.11776642e-004 0. 0. 0.
    4.78355773e-003 0. 0. 0. 0. 4.74837702e-003 0. 0. 0. 0. 0. 0. 0. 0.
    0. 0. 0. 0. 0. 0. 2.71896436e-003 3.14958859e-003 0. 0.
    4.06214781e-003 0. 3.29477887e-004 0. -2.98348442e-003 0. 0.
    8.80104490e-003 0. 0. 0. 0. 0. 0. 0. 1.66654086e-003 3.38331657e-003
    0. 0. 0. 0. 3.82937212e-003 1.46266044e-004 0. 0. 0. 0. 0.
    1.32401974e-003 -1.57884916e-003 6.25286577e-003 0. 0. 0. 0. 0.
    1.10110138e-002 0. 1.19810889e-003 2.17024470e-003 1.74750830e-003
    0. 4.91901627e-003 2.22899579e-003 0. 0. 0. 2.50936078e-004 0. 0.
    6.12776435e-004 0. 0. 0. 0. 0. 0. 4.08635102e-003 0. 9.41263686e-004
    0. 0. 0. 5.26943058e-003 0. 0. 0. 0. 0. 0. 0. 0. 0. 0. 0. 0. 0. 0.
    0. 0. 0. 0. 0. 0. 0. 1.34544552e-003 0. 0. 0. 4.60810307e-003 0. 0.
    0. -3.58981290e-003 0. 1.44097873e-003 0. 0. 9.67926439e-003
    5.87371783e-003 0. 0. 0. 0. 0. 3.73947714e-003 -2.73390533e-003
    1.19880438e-002 0. 4.87736007e-003 3.59269121e-004 5.42413723e-003
    0. 0. 1.48952659e-003 0. 0. 2.83481670e-003 0. -7.43058510e-004 0.
    0. 0. 0. 0. 0. 0. 3.87403625e-003 0. 2.68617366e-003 1.30312183e-004
    0. 0. 1.30692287e-003 7.69489270e-005 0. 0. 0. 0. 0. 1.57521144e-002
    5.65926952e-004 0. 0. 1.05112477e-003 0. 0. 0. 3.14497249e-003
    1.28855929e-003 0. 0. -2.50744657e-003 0. 3.29911616e-003 0. 0.
    3.58143030e-003 0. 0. 0. 0. 0. 5.71616401e-004 3.58922593e-003 0.
    3.47348233e-003 2.38803262e-003 3.51126469e-003 0. 1.51203969e-003
    0. 5.66705363e-004 0. 2.80060433e-003 0. 0. -7.40293821e-004 0. 0.
    4.22047771e-004 3.39148450e-003 0. 9.65272449e-003 0.
    -2.52972892e-003 1.62812846e-003 0. 2.90287775e-003 0.
    2.46738945e-003 8.31596844e-005 0. 0. -7.36116141e-004 0. 0. 0. 0.
    0. 0. 0. 0. 0. 2.60137999e-003 0. 0. 1.75968639e-003 0.
    2.02528411e-003 0. -7.03349651e-004 0. 0. 6.62557082e-003
    1.48903895e-002 0. 0. 0. 2.19929637e-003 6.68222317e-003 0. 0. 0.
    1.48734478e-002 -4.55909059e-004 2.34115915e-003 6.62088906e-003 0.
    1.46197178e-003 0. 0. 0. 1.07216998e-003 3.92821897e-003 0.
    3.66897881e-003 2.63019744e-003 1.07633357e-004 0. 2.87591759e-003
