<?xml version="1.0"?>
<opencv_storage>
<imageDescriptor type_id="opencv-matrix">
  <rows>1</rows>
  <cols>1000</cols>
  <dt>f</dt>
  <data>
    0. 0. 0. 5.59206354e-004 0. 0. 2.34312424e-003 5.96015621e-003 0.
    2.24498007e-003 0. 6.73261099e-003 0. 0. -9.58789024e-004 0.
    1.57802051e-003 0. 0. -1.08930675e-004 1.42459460e-002 0. 0. 0. 0.
    1.86188961e-003 0. 4.74633556e-003 0. 0. 0. 4.07357293e-004 0.
    7.93912855e-004 0. 8.63711629e-003 0. 0. 0. 0. 0. 0. 5.88874891e-003
    0. 2.71498924e-003 0. 0. 6.68364484e-003 3.08595994e-003 0.
    9.85103194e-004 -1.52344257e-003 0. 2.87291803e-003 4.01535910e-003
    0. 0. 0. 0. 0. 0. 0. 0. 9.40953905e-004 2.71086581e-003 0.
    3.00548878e-003 0. 0. 0. 0. 1.71751610e-003 0. 1.87702151e-003
    1.10753963e-003 0. 0. 0. 1.03346037e-003 0. 0. 0. 0. 0. 0.
    -8.22898932e-004 0. 0. 0. 0. 0. 0. 1.09807379e-003 1.08436809e-003
    0. 0. 1.36402156e-003 0. 6.44260319e-003 4.79588984e-003 0.
    5.96174411e-003 0. 2.92168255e-003 0. 0. 0. 4.91809659e-003 0. 0. 0.
    0. 0. 0. 0. 3.37364082e-003 0. 0. 6.83366926e-003 0. 0. 0.
    7.56935391e-004 0. 0. 0. 0. 2.98248953e-004 2.10027699e-003
    7.60744559e-003 1.57247030e-003 0. 0. 6.93704700e-003
    4.04988183e-003 0. 0. 3.55623174e-003 3.08979140e-003 0.
    2.89313868e-003 1.53059256e-003 3.36987386e-003 0. 1.04267185e-003
    0. 0. 2.68910895e-003 7.36219017e-003 0. 0. 3.84454353e-004 0. 0. 0.
    0. 2.08085193e-003 0. -2.72506732e-004 0. 8.54275306e-004 0. 0.
    2.25237315e-003 0. -7.33894354e-004 6.10245217e-004 0. 0. 0.
    1.40136504e-003 0. 0. 1.10346149e-003 -1.40884178e-004
    1.58380531e-003 0. 0. 0. 0. 2.27887795e-004 0. 0. 3.93403182e-003
    1.11643001e-002 0. 1.55139994e-003 0. 1.91951302e-004 0.
    7.83088501e-004 0. 0. 1.79183215e-003 0. 0. 0. 2.46961415e-003 0. 0.
    5.54133672e-004 1.86381582e-003 -7.24154757e-004 -2.16744433e-004 0.
    0. 0. 0. 0. 8.35171144e-004 0. 1.09834941e-002 0. 4.30528773e-003 0.
    0. 0. 0. 0. 0. 2.69116950e-003 0. 1.17163211e-002 0. 1.45425205e-003
    0. 1.66037900e-003 0. 0. 0. 0. 0. 0. -6.92075875e-004 0.
    8.53163714e-004 4.99244127e-003 0. 0. 0. 0. 8.69284035e-004 0.
    1.35747006e-003 0. 0. 4.90416354e-003 0. 1.33764895e-003
    1.89588405e-003 0. 0. 1.65376079e-003 0. 0. 0. -2.45364057e-003 0.
    2.88805994e-003 0. 0. 0. 1.20698726e-002 9.54824500e-003 0. 0.
    1.72593712e-003 0. 1.94512913e-003 0. 0. 0. 0. -1.11374329e-003 0.
    0. 0. 0. 0. 9.06993344e-004 0. 9.08751879e-003 1.44792175e-005 0.
    2.68199039e-003 2.41369382e-003 5.41415531e-003 0. 7.42669543e-003
    2.30048830e-003 0. 0. 0. 0. 4.22145193e-003 3.26494779e-003
    4.30914061e-003 0. 1.10907364e-003 0. 9.36922370e-005 0. 0. 0.
    6.28370466e-003 0. 0. 2.40871450e-003 3.41514079e-003
    4.03437391e-003 0. 1.74632051e-003 0. 0. 0. 0. 0. 2.65070540e-003
    1.49050576e-003 3.66192590e-003 0. 0. 2.15592678e-003
    2.59323814e-003 0. 9.38205607e-003 0. 3.68223223e-003 0. 0. 0.
    1.57461502e-003 5.31621045e-003 3.39372805e-003 0. 0.
    2.40032142e-003 -1.71665437e-004 0. 0. 4.83993881e-006 0. 0.
    3.70409177e-003 8.82947934e-005 0. 0. 0. 0. 0. 0. 4.68598865e-003 0.
    0. 0. 0. 0. 1.65497023e-003 1.37949327e-003 0. 0. 6.25796034e-004
    7.38678267e-003 0. 2.94315256e-003 0. 6.91689737e-003 0. 0.
    3.72999161e-003 0. 0. 0. 1.60112022e-003 0. 4.35244432e-003 0. 0.
    7.36900186e-003 0. 0. 0. 0. -1.45938038e-003 0. 0. 0.
    3.44158988e-003 0. 0. 0. 0. 1.30579853e-003 0. 0. 0. 0. 0. 0. 0. 0.
    0. 0. 1.62171084e-003 -6.18111735e-005 0. 0. 7.26412749e-004 0. 0.
    0. 0. 0. 0. 0. 3.16627813e-003 1.87906413e-003 0. 0. 1.65173973e-004
    0. 0. 0. 8.21670226e-004 1.81384291e-003 0. 0. 9.86873079e-003 0. 0.
    0. 0. 0. 0. 2.45618098e-003 -1.20580393e-004 0. 0. 0. 0. 0.
    3.12395068e-003 0. 0. 0. 0. 3.49456398e-003 0. -4.90645820e-004 0.
    0. 1.31801888e-003 1.08634005e-003 5.45350835e-003 1.97192840e-003
    0. 0. 0. 0. 0. 0. 1.14075867e-002 1.65887736e-003 0. 0. 0.
    7.94765726e-003 0. 0. 0. 0. 0. 0. 0. 0. 1.28187414e-003
    -1.92940491e-003 0. 0. 0. 0. 0. -4.66238009e-003 2.33025546e-003 0.
    0. 0. 0. 1.23644783e-003 2.22787587e-003 1.29880186e-003
    1.77041395e-003 0. 0. 6.22559106e-003 0. 0. 0. 0. 1.83752982e-003 0.
    0. -9.13474476e-004 1.48201303e-003 3.69419926e-003 0.
    4.92420913e-005 0. 0. 3.26495129e-003 0. 4.55526495e-003 0.
    4.35560150e-003 2.12339265e-003 0. 0. 0. 4.29825252e-003
    8.88507289e-004 0. 9.58342629e-004 -2.95001478e-003 6.51597395e-004
    0. 0. 1.82151236e-003 -7.48463208e-005 3.26039782e-003 0. 0. 0. 0.
    0. 0. 0. 0. 0. 0. 0. 2.91661243e-004 1.06156257e-003 0.
    3.62746563e-004 0. 0. 0. 0. 0. 4.58597345e-003 0. 0. 0. 0.
    2.10496294e-003 0. -1.69701423e-004 0. 1.19243551e-003 0.
    5.93698490e-003 0. 0. 0. 0. -4.44842561e-004 1.20132323e-002 0. 0.
    0. 4.54029161e-003 -2.71819881e-004 0. 0. 0. 0. 0. 8.63942131e-003
    0. 4.64813272e-003 0. 0. 0. 7.47407903e-004 0. 5.31717669e-004
    8.84850306e-005 0. 7.23899982e-004 0. 0. 1.66125165e-003 0.
    1.18884898e-003 4.82807448e-003 1.87646262e-002 0. 1.81821676e-003
    0. 0. 0. 0. 0. 6.62942370e-003 2.18753703e-003 0. 7.42238900e-003
    1.98114547e-003 1.04790311e-002 2.11368920e-003 0. -9.86474683e-004
    0. 0. 0. 2.92891450e-003 0. 0. 0. 0. 0. 4.90495004e-003
    3.74442502e-003 0. 0. 0. 0. 0. 0. 0. 1.27069128e-003 0.
    4.42769565e-003 0. 0. 2.28479767e-004 -6.38325291e-004
    1.25593238e-003 1.10272260e-003 0. 4.77302819e-003 4.00160253e-003
    9.99582582e-004 0. 0. 2.62852153e-003 0. 1.26446318e-003
    8.46818381e-004 0. 6.34647580e-003 1.21920684e-003 0.
    1.84381090e-003 -3.23138526e-003 0. 1.40595029e-003 8.84015637e-004
    0. 0. 2.52626254e-004 0. 1.67739554e-003 0. 6.75099378e-004
    2.11044285e-003 0. 0. 0. 0. 0. 5.89234242e-003 2.09962227e-003 0. 0.
    0. 1.57789176e-003 0. 0. 0. 1.91752182e-003 0. 0. 0. 0.
    9.19245824e-004 0. 9.26350802e-003 0. 0. 0. -9.84226936e-004 0. 0.
    0. 1.98417669e-003 0. 0. 0. 0. 0. 2.04043509e-003 -2.47921620e-004
    0. -7.16601149e-004 -7.27674982e-004 0. 0. 4.53684246e-003
    1.90048653e-003 -8.04549782e-004 0. 1.08829269e-003 6.85923558e-004
    6.63944986e-003 0. 1.51012198e-003 2.07798718e-003 0. 0. 0. 0. 0. 0.
    0. -4.68832659e-005 3.01595568e-003 0. 3.32242064e-003
    4.17020544e-003 0. 0. 0. 1.32767158e-003 0. 0. 1.56918191e-003
    2.42086523e-003 -2.07716323e-004 0. 1.01108418e-003 0. 0.
    1.51595438e-003 2.14532251e-003 0. 0. 0. 3.56606557e-003 0. 0.
    6.32377714e-003 2.27811048e-003 3.70554300e-003 0. 0. 0.
    5.83827030e-004 0. 0. 0. 2.83708167e-003 6.71825232e-003
    2.65363557e-003 0. 0. 0. 4.43854835e-003 0. 2.14497652e-003
    2.13476294e-003 1.24955433e-004 0. 3.72819207e-003 0.
    1.63791690e-003 0. 2.70567392e-003 0. 1.71531655e-003 0.
    5.76341338e-003 0. 2.24516858e-004 0. 3.07542947e-003 0. 0.
    1.48445880e-003 1.77688769e-003 0. 1.69317494e-003 0. 0. 0. 0.
    8.14261497e-004 0. 0. 0. 3.26734222e-003 6.49111171e-004 0.
    2.34413100e-003 0. 4.62680496e-003 4.08338988e-003 0. 0. 0. 0. 0. 0.
    7.51324056e-004 0. 0. 0. 0. 0. 8.74013582e-004 0. 0. 0. 0. 0. 0. 0.
    1.60811120e-003 1.33438606e-003 1.12385338e-003 0. 0.
    2.58013373e-003 2.35856045e-003 0. -2.17054621e-004 0.
    3.71597707e-003 0. 5.04913181e-003 1.66589138e-003 0. 0. 0.
    -5.05285163e-004 0. 0. 0. 0. 0. 2.99801328e-003 0. 0.
    2.22704140e-003 0. 2.12266040e-003 3.20011028e-003 3.10148788e-003
    0. 4.91956668e-003 0. 6.10928657e-003 0. 0. 7.21063640e-004 0. 0. 0.
    0. 0. 3.23543302e-003 0. 6.44847844e-003 0. 2.39050109e-003
    6.13548420e-003 5.25919581e-003 5.71369193e-003 0. 0.
    6.03929441e-003 5.13977790e-003 4.36727563e-003 0. 0.
    5.79912867e-003 0. 2.46142922e-003 4.43778234e-003 0. 0. 0. 0.
    -8.07028846e-005 3.75722232e-003 0. 1.52299681e-003 0. 0.
    3.56803508e-003 0. 0. 5.84015809e-003 0. 0. 2.81646987e-003 0. 0.
    4.57908958e-003 0. 0. 4.99499124e-003 0. 1.08914461e-003 0.
