<?xml version="1.0"?>
<opencv_storage>
<imageDescriptor type_id="opencv-matrix">
  <rows>1</rows>
  <cols>1000</cols>
  <dt>f</dt>
  <data>
    0. 0. 0. 1.66349043e-003 0. 0. 0. 9.62802954e-003 0. 2.16665096e-003
    0. 9.21906251e-003 6.18732488e-003 0. 0. 4.94363997e-003
    4.73694550e-003 6.17896381e-004 0. 0. 0. 0. 0. 0. 0. 7.55725242e-003
    0. 0. 0. 0. 0. 0. 0. 2.00007041e-003 0. 9.41285281e-004 0.
    1.16672029e-003 1.33429037e-003 0. 4.26449906e-003 0.
    1.69129029e-003 0. -8.21785186e-004 0. 0. 0. 4.97159967e-003
    1.67114986e-003 0. 0. 0. 3.67792509e-003 0. 2.93609407e-003 0. 0.
    -4.43599682e-004 0. 0. 9.73568205e-003 0. 0. 3.86074302e-003 0. 0.
    7.45535479e-004 0. 1.72498659e-003 0. -9.13022723e-006
    2.29958771e-003 2.86389166e-003 0. 0. 6.17105933e-003
    1.76113669e-003 6.39996259e-004 1.53265009e-003 0. 0.
    -1.04307907e-003 0. 0. 0. 0. 0. -8.00736132e-004 0. 0.
    -5.27710072e-004 6.04094425e-003 9.57853568e-004 0. 3.05265607e-003
    0. 0. 3.84461973e-003 0. 0. 0. 1.03987409e-002 1.43560034e-003 0. 0.
    0. 0. 0. 0. 0. -1.63239939e-003 3.81816598e-003 4.44741687e-003 0.
    0. -1.70767214e-003 0. 0. 1.37786055e-003 0. 0. 0. 0. 0. 0. 0.
    3.18560447e-003 0. 1.39443635e-003 0. 4.26379824e-003 0.
    2.23653624e-003 0. 0. 2.64218077e-003 -2.14535161e-003 0. 0. 0. 0.
    2.40813111e-004 0. 0. 5.45553211e-003 0. 0. 0. 0. 0. 0. 0.
    2.76574213e-003 0. 0. 0. 0. 0. 0. 3.06403427e-003 0. 0.
    1.54774683e-003 -2.25889240e-003 0. 0. 0. 8.95987265e-004 0. 0. 0.
    0. 5.08168759e-003 0. 0. 0. -1.48482353e-003 0. 1.53072202e-003 0.
    0. 7.64634740e-003 0. 0. 1.03814516e-003 6.90085068e-003
    1.12278655e-003 -3.40749102e-004 0. 4.97733569e-003 0.
    2.39512082e-002 -7.02215766e-004 2.77931383e-003 0. 3.73066356e-003
    2.25809240e-003 0. 0. 1.57499081e-003 2.30090250e-003 0. 0.
    2.24696076e-003 0. 0. 0. 0. 2.08273600e-003 6.17348822e-003 0. 0. 0.
    0. 6.20687008e-003 0. 0. 0. 0. 0. 0. 1.60229113e-003
    -1.42717257e-003 0. 0. 0. 0. 0. 0. 0. -1.96631020e-003 0.
    4.34341468e-003 0. 0. 0. -2.05955468e-004 0. 0. 0. 0.
    -6.88750995e-004 2.07318738e-003 0. 0. 0. 0. 0. 4.97502135e-003
    5.36500709e-004 0. 0. 8.62009299e-004 0. 0. 0. 0. 2.12559779e-003 0.
    4.11967421e-003 0. 1.08953833e-003 8.38599051e-004 0.
    5.71980281e-003 0. 0. 0. 9.79156699e-004 0. 0. 5.81374066e-003
    1.22587301e-003 -2.74859252e-004 0. 0. 1.44329341e-002
    1.84657041e-003 0. 0. 0. 0. 0. 0. 1.31508859e-003 0. 9.39160120e-003
    1.05055957e-003 0. 0. 1.64191122e-003 0. 0. 1.45109359e-003
    3.61724314e-003 4.19558608e-004 0. 1.22904370e-003 0. 0.
    1.06202438e-003 0. 0. 0. 0. 0. 0. 0. 0. 0. 0. 5.58606000e-004
    1.34349754e-003 1.30719994e-003 0. 2.04797112e-003 0. 0.
    2.20785988e-003 0. 2.43951543e-003 8.44296254e-003 0. 0.
    6.98415935e-003 0. 0. 3.31599009e-003 0. 0. 2.70934263e-003
    3.09017301e-003 0. 0. 8.93144694e-004 0. 1.50329992e-003 0. 0.
    5.01014292e-004 0. 0. 0. 8.57371558e-003 3.19988653e-003
    1.04216412e-002 0. 1.46104407e-003 1.46439904e-003 0. 0. 0.
    -8.48712807e-004 1.75030751e-003 0. 0. 0. 6.08088914e-003 0. 0. 0.
    0. 0. 0. 0. 0. 1.09867333e-002 0. 0. 1.62119581e-003 4.08132980e-003
    0. 0. -5.66942152e-004 8.89399089e-005 0. 0. 2.00481410e-003
    3.03368014e-003 0. 1.02043548e-003 7.27591221e-004 0. 0. 0. 0. 0. 0.
    0. 0. 0. 0. 1.67429773e-003 0. 7.21886847e-003 9.07476875e-004 0.
    2.03749421e-003 0. 0. 0. 0. -1.68050150e-003 0. 0. 0. 0. 0. 0. 0.
    1.87848462e-004 0. 4.12453897e-003 1.37226586e-003 1.51129905e-003
    1.19096495e-003 0. -2.08239129e-004 2.46180757e-003 0. 0. 0. 0.
    7.47943006e-004 7.18153920e-003 0. 1.61817553e-003 0. 0. 0.
    1.31486845e-003 1.41045952e-004 0. 7.54621578e-004 0. 0.
    1.05056530e-002 0. 1.77253329e-003 -1.46202117e-004 0.
    5.22331684e-004 0. -6.65603904e-004 0. 0. 0. 0. 4.97814640e-003
    4.78288252e-003 0. 3.32583004e-004 2.62227305e-003 0. 0. 0. 0. 0. 0.
    -7.73687090e-004 4.95935045e-003 0. 1.38461345e-003 0. 0.
    1.63233408e-003 2.67714815e-004 0. -5.10379847e-004 0.
    1.26919954e-003 2.68616201e-003 4.66070697e-003 0. 0. 0. 0. 0. 0. 0.
    1.44594850e-003 1.74156332e-004 1.42507255e-003 2.52384017e-003 0.
    0. 5.34498505e-003 0. 2.16283812e-003 0. 6.57853065e-003 0. 0. 0.
    7.17978273e-003 8.02815077e-004 0. 4.84850770e-003 0.
    1.13173090e-002 5.69119537e-003 0. 0. 0. 0. 4.68419213e-003
    -7.73999491e-005 0. 0. 0. 0. -1.20774889e-003 0. 0. 0. 0.
    6.58192998e-003 8.50835291e-004 0. 0. 0. 0. 0. 0. 3.73023748e-003 0.
    0. 0. 0. 0. 2.32893787e-003 0. -8.29765515e-004 -1.09965855e-003 0.
    0. 2.23989226e-003 1.09792256e-003 0. 0. 0. 0. 0. 0. 1.60943437e-003
    -4.22209181e-004 0. 6.98170683e-004 0. 0. 4.03489312e-003 0. 0.
    1.85434159e-003 3.31822829e-003 2.20078113e-003 0. 0. 0.
    1.10723416e-003 0. 1.00900803e-003 0. 0. 0. 1.18201049e-002 0.
    6.67971908e-004 0. 0. 1.84338272e-003 0. 0. 0. 0. 2.36411276e-003
    3.72400740e-003 0. -4.87437879e-004 4.78205224e-003 2.41748779e-003
    2.39744666e-003 0. 0. 0. -1.36043062e-003 0. 0. -1.21885996e-005 0.
    6.32428052e-003 0. 1.07335579e-003 2.33436213e-003 0. 0. 0. 0. 0. 0.
    4.00734879e-003 0. 0. 0. 4.07394924e-004 1.83454566e-002 0. 0.
    2.75243167e-003 0. 0. 1.09728030e-003 0. 0. 3.38041782e-003
    4.85373754e-003 0. 0. 1.63732388e-003 -1.67799485e-003
    4.25387640e-003 0. 0. 1.11241476e-003 6.17878325e-003
    1.80019450e-003 3.20346281e-003 0. 1.22914126e-003 6.36404194e-003
    0. 1.91478350e-004 0. 6.33792998e-003 0. 1.09877100e-003
    -8.05500196e-004 5.73471608e-003 -1.83681119e-003 1.49352534e-003
    1.10747665e-003 -9.71261819e-004 0. 0. 0. 1.07216241e-003
    2.90943985e-003 2.53360486e-004 9.52730537e-004 0. 0. 0.
    1.71921600e-003 0. 0. 1.82921917e-003 0. 0. 0. 0. 0. 1.60516216e-003
    0. 0. 0. 4.71128151e-003 6.95140148e-003 4.83062165e-003 0. 0. 0.
    2.24295142e-003 2.61053559e-003 0. -1.55560774e-004 0.
    8.94452073e-003 0. 0. 0. 0. 0. 0. 0. 0. 0. 0. 0. 0. 0. 0. 0. 0. 0.
    0. 1.24863337e-003 1.58195489e-003 0. 0. 0. 0. 0. 0. 4.36744653e-003
    -1.79022798e-004 0. 0. 0. 8.90340284e-003 0. 7.11712893e-003 0. 0.
    0. 0. -1.56196230e-003 5.59575995e-003 0. 0. 0. 0. 0.
    8.35000258e-003 7.36216258e-004 9.14356671e-004 0. 0. 0. 0. 0.
    1.23802968e-003 0. 0. 0. 0. 0. -2.02599738e-004 0. 3.94758442e-003
    0. 0. 0. 0. 0. 0. 7.14273984e-003 -4.04460792e-004 0.
    1.22454565e-003 0. 0. 8.86909664e-003 0. 8.14221217e-004 0.
    3.71550722e-003 0. 1.87027280e-003 0. 0. 2.25457642e-003 0. 0. 0. 0.
    0. 1.49672909e-003 0. 0. 0. 0. 1.42995745e-003 -5.38329885e-004 0.
    6.86693937e-003 0. 5.53197460e-003 4.37193457e-003 0.
    2.10809824e-003 0. 6.80219941e-003 0. 0. 5.23753464e-003 0.
    7.71632360e-004 4.32247622e-003 1.78314059e-003 0. 2.02197256e-003
    0. -9.12679301e-004 1.27589712e-002 3.52540432e-004 0.
    3.24248127e-003 0. 5.40063158e-003 0. 0. 0. 0. 0. 0. 0. 0.
    3.09021125e-004 0. 6.01046067e-003 4.59760660e-003 0. 0.
    3.40144522e-003 1.17194257e-003 0. 2.06771190e-003 1.90485059e-003
    -1.32577948e-003 0. 3.67970701e-004 2.24793795e-003 0. 0. 0. 0.
    6.45186659e-003 0. 0. 0. 0. 0. 0. 0. -5.82487883e-005 0. 0. 0. 0.
    -1.19576498e-003 0. 0. 5.36213210e-003 0. 0. 0. 0. 2.74396129e-003
    8.98542465e-004 3.55760264e-003 0. 2.25861091e-003 0.
    4.11207729e-004 0. 0. 0. 4.45837388e-003 3.54795787e-003 0.
    1.22514286e-003 0. 7.83757493e-003 1.70458993e-003 0. 0. 0. 0.
    1.46477215e-003 0. -6.39864244e-004 0. 0. 1.84577715e-003
    -1.89130183e-003 0. 0. 0. 0. 1.46226108e-003 2.88781198e-003 0. 0.
    0. 0. 2.91713909e-003 0. 0. 0. 0. 0. 0. -6.98287447e-004 0. 0.
    2.17800448e-003 2.18220591e-003 0. 0. 0. -1.82855350e-003 0. 0. 0.
    0. -1.28038088e-003 0. -2.05079778e-004 0. 4.38067457e-003
    2.18114420e-003 0. 0. 0. 2.41543655e-003 0. 0. 0. 0. 1.57247239e-003
    3.46665760e-003 0. 4.96429857e-003 0. 0. 0. 5.57684922e-004
