<?xml version="1.0"?>
<opencv_storage>
<imageDescriptor type_id="opencv-matrix">
  <rows>1</rows>
  <cols>1000</cols>
  <dt>f</dt>
  <data>
    0. 0. 0. 0. 1.83133930e-002 1.97946583e-003 0. -1.02254213e-004 0.
    0. 0. 1.43499114e-003 0. 0. 0. 0. 0. 1.01603344e-002 0.
    4.47217200e-004 0. 9.26860608e-004 6.99420343e-004 0.
    -3.29086790e-003 1.63234479e-003 0. 0. 8.67882743e-003 0.
    1.41104879e-002 7.24782189e-003 0. 0. 0. 0. -2.53991981e-004 0.
    -1.15553371e-003 0. 0. 0. 2.15730490e-003 0. 0. 0. -8.39592481e-004
    2.84098278e-005 0. 9.88648366e-003 0. 1.19963968e-002
    2.25794595e-003 -8.07036413e-004 -3.33487696e-004 0. 0. 0. 0. 0. 0.
    0. 0. 2.53018807e-003 1.29431754e-003 0. 1.72403362e-003
    3.23802535e-003 5.03939867e-004 0. 0. 0. 0. 0. -1.53827702e-003 0.
    0. 0. 5.83720952e-003 0. 9.41830687e-003 2.63547571e-003
    1.55870069e-003 0. 3.19098908e-004 0. -9.78859840e-004
    -9.58025281e-004 0. 2.40425370e-003 0. 0. 0. -7.61085757e-005 0. 0.
    0. -2.77511752e-003 6.40721433e-003 0. -8.49207921e-004
    6.53517386e-003 0. 0. 0. 0. 0. 0. 0. -4.96068678e-004 0. 0. 0.
    4.22598422e-003 1.40721379e-002 4.37643146e-003 1.73792727e-002 0.
    0. 2.93970108e-003 0. 1.05774160e-002 4.43826010e-003 0.
    2.85257725e-003 7.40640284e-003 0. 0. 0. 0. 0. 0. 0. 3.38338595e-003
    0. 0. 0. 0. 1.10968025e-002 0. 0. 0. 0. 0. 0. 2.04330630e-004 0. 0.
    0. 0. 0. -6.46485656e-004 0. 0. 0. -2.88034743e-003 0.
    -1.33547536e-003 1.72922877e-003 2.29518767e-003 0. 8.68964754e-003
    0. 5.31209772e-003 0. 8.10997374e-003 0. 0. 8.94187891e-004 0. 0. 0.
    0. -3.16231628e-003 0. 0. 0. -2.33890372e-003 1.50367583e-003 0. 0.
    0. 0. 0. 0. 0. 0. 0. 2.78836861e-003 1.02876844e-002 0.
    2.20255717e-003 0. -1.21516571e-003 1.46603375e-003 0. 0. 0. 0.
    2.97279516e-003 1.29158550e-003 0. 0. 0. -1.21961918e-003 0.
    8.71855416e-004 0. 0. 0. 0. 0. 0. 0. 0. 0. 0. 9.82126780e-003 0. 0.
    -1.53891597e-004 0. 0. 0. 0. 0. 6.67282240e-003 -7.53649860e-004 0.
    0. 0. 0. 1.47393544e-003 2.50164326e-003 0. 6.04640413e-003
    -6.88528933e-004 0. 0. 0. 0. 0. 8.80298484e-003 0. 6.62842300e-003
    4.07694984e-004 0. 0. 0. 0. -1.08654192e-003 1.12027582e-003 0.
    1.82909227e-003 -5.57480613e-004 0. 0. 4.29666275e-003 0. 0. 0.
    -5.55027218e-004 -1.19214563e-003 2.64423969e-003 0. 0. 0. 0. 0. 0.
    6.76942756e-004 0. 0. 0. 0. 0. 2.43267021e-003 0. 0.
    -1.28060914e-004 0. -4.89139929e-003 0. 4.14493028e-003 0. 0. 0. 0.
    0. 9.52843286e-004 0. 0. -5.79035666e-004 0. 0. 0. 0. 0.
    6.09187176e-003 0. 1.33500667e-002 -9.16204765e-004 0. 0.
    -1.30459084e-003 0. 0. 0. 0. -9.11584997e-004 -1.71130450e-004
    1.08177708e-002 1.75629184e-003 1.24993706e-002 0. 0.
    1.13397161e-003 0. 0. 0. 0. 1.15644177e-002 0. 0. 4.58586263e-003 0.
    0. 0. 4.36471542e-003 0. 0. 0. 0. 0. 1.08797697e-003 0. 0. 0. 0. 0.
    1.03370368e-003 1.66520905e-002 0. 0. 1.88282836e-004 0. 0. 0. 0. 0.
    0. 9.90676344e-004 -1.87597776e-004 0. 2.49934420e-002
    8.99658725e-003 0. 0. 8.09218269e-004 0. 1.27390536e-004
    1.34876359e-003 0. 0. 1.10799288e-002 0. 0. 0. -3.06281552e-004 0.
    0. 0. 0. -4.84186516e-004 0. 0. 0. 0. 0. 0. 7.80658040e-004 0.
    1.18682496e-002 0. 0. 0. 0. 6.27115602e-003 0. 2.69723660e-003
    7.26314494e-003 -1.60428870e-003 1.06198434e-002 6.96760981e-005 0.
    0. 1.22529482e-002 0. 0. -1.75774191e-003 0. 0. 0. 0.
    6.45468535e-004 -1.94467558e-003 0. 0. -1.31286460e-003
    6.96742572e-005 0. 0. -1.64380833e-003 0. 4.60952381e-003
    -1.82527665e-003 0. 0. -5.26952499e-004 -2.73805781e-004 0. 0. 0. 0.
    0. 6.41416479e-003 -8.06053053e-004 4.82175121e-004 0.
    1.03277126e-002 1.93754640e-005 0. 0. 0. 0. 0. 0. 4.00919048e-003 0.
    0. -4.34752379e-004 6.08840841e-004 0. -9.91694396e-005
    2.31355941e-003 0. 0. 0. 5.26530785e-004 1.22628547e-002 0. 0. 0. 0.
    0. -5.79945045e-004 3.14367609e-003 -4.48351493e-003 0. 0. 0.
    2.70423619e-003 0. 0. -4.43718076e-004 0. 0. 0. 0. -5.95411053e-004
    0. 0. -3.81916994e-004 1.73076231e-003 0. 0. 0. 0. 0.
    1.08582815e-002 4.35665902e-003 0. 0. 9.28829934e-007
    1.84097385e-003 6.00224244e-004 0. 0. 1.80906398e-004 0. 0. 0. 0. 0.
    1.24274651e-002 -6.65761880e-004 0. 0. -5.43969683e-003 0. 0. 0. 0.
    0. 0. 0. 0. 0. 0. 0. 0. 1.20272599e-002 -3.03822861e-004
    1.49826333e-003 0. 0. 0. 0. 0. 0. 9.19760379e-004 0. 0.
    -1.72728862e-004 0. -2.58320768e-004 0. -2.24749977e-003
    8.27076659e-003 1.45703033e-002 4.87482687e-003 0. 0. 0. 0. 0.
    1.37780178e-002 -1.20035931e-003 3.28406604e-005 0. 5.13212231e-004
    3.12981033e-003 0. -1.36771286e-003 0. 0. 8.26669624e-004 0. 0. 0.
    0. 0. -1.24837237e-003 2.01494689e-003 0. 0. 0. 3.21686780e-003 0.
    0. 1.78046746e-003 8.17172404e-004 0. -1.08911120e-003
    2.35692374e-002 0. 4.80021117e-003 0. 1.05694560e-002 0. 0. 0.
    -8.92464770e-004 0. 0. 0. 0. 0. 0. 0. 0. -2.23653275e-003
    -3.20140528e-003 1.01892487e-003 0. 0. 2.07310659e-003 0. 0. 0. 0.
    0. 0. -1.38531695e-003 0. -2.50695768e-004 0. 0. 0. 0.
    3.75303254e-003 0. 0. 0. 0. 6.67414977e-004 6.07444765e-003 0. 0. 0.
    0. -1.22715428e-003 0. 0. 3.78990918e-003 0. 0. 0. 1.22434106e-002
    0. 0. 0. 0. 6.33633882e-003 2.56565074e-003 9.71437804e-003
    2.70416378e-003 2.69607618e-003 4.01264895e-003 0. 0. 0. 0. 0. 0. 0.
    0. 1.02466892e-003 0. 0. 1.13017112e-002 0. 0. 5.07652573e-003
    3.43838544e-003 0. 0. 5.27681026e-004 0. 2.31132098e-003
    1.82050440e-004 0. 0. 0. 0. 0. 0. 0. 1.06495188e-003
    -1.07821578e-003 0. 2.62099435e-003 0. 1.59118080e-003 0.
    1.29842397e-003 0. 5.12031838e-004 0. -8.53408477e-004
    -1.59471412e-003 0. 0. -6.27937494e-004 0. -1.87895645e-003 0. 0.
    1.20954178e-002 -2.47483770e-003 -1.84416154e-003 0. 1.06718056e-002
    0. 0. 0. 0. 0. 0. 9.43498279e-004 0. 0. 0. 0. 0. -2.84837792e-004
    1.02069303e-002 8.41117837e-003 0. 4.13296698e-003 1.97528163e-003
    0. 0. 0. 1.19489885e-003 0. 0. 0. 0. 0. 0. 8.31022672e-003 0. 0. 0.
    0. -3.18750553e-003 0. 6.91554684e-004 -2.25224323e-003 0. 0. 0. 0.
    0. 6.67022774e-004 1.03823266e-004 1.89357123e-003 0. 0. 0. 0. 0. 0.
    0. -9.78031079e-004 1.36720308e-003 1.43142033e-003 0. 0. 0.
    9.91015043e-003 -1.51325396e-004 0. 0. 0. 8.76552798e-003 0. 0.
    2.08224729e-003 0. 5.25303930e-003 0. 0. -1.15164788e-003 0. 0. 0.
    0. 2.28984491e-003 0. 0. 0. 0. 0. 3.93401599e-003 0. 0.
    -3.59643437e-003 0. 0. 0. 0. 2.36630682e-002 0. 7.68510217e-004 0.
    1.47444045e-003 0. 0. 0. 0. 0. 8.77188891e-003 0. 0. 9.05638153e-004
    2.40621506e-003 6.63491373e-004 -2.85760523e-003 -2.42855330e-003 0.
    -8.82838329e-004 0. 0. 0. 0. 0. 0. -4.12887457e-004 0.
    1.94893051e-002 1.46961980e-003 1.52226514e-003 2.60103052e-003 0.
    0. 0. 0. 7.13642454e-003 3.54293990e-003 -8.84735957e-004 0.
    -1.88259222e-003 0. 4.89379105e-004 0. 0. 0. 0. 0. -4.48076753e-004
    0. -7.95116764e-004 0. 0. 1.01064611e-002 0. 0. 0. 0. 0.
    3.54454294e-003 0. 0. 0. 0. 0. 1.06907217e-002 0. 0. 3.40418075e-003
    0. 0. 0. 2.82374094e-003 1.96507573e-003 6.36586628e-005 0.
    4.16981056e-003 -1.64728053e-003 4.61083697e-003 0. 0.
    -2.68136850e-003 -8.14847590e-004 0. 0. 0. 0. 0. 5.59756532e-003
    -6.95552561e-004 4.38430579e-003 0. 8.97814054e-004 -6.79120247e-004
    0. -9.02601145e-003 0. 0. 0. 0. 1.09622739e-002 0. 0.
    -1.76686188e-003 0. 0. 0. 0. 0. -7.39387469e-005 0. -4.75973124e-004
    0. 0. 0. 0. 0. 0. -8.56539235e-004 0. 0. 1.18221540e-003 0. 0.
    1.06308432e-002 8.22632853e-003 0. 0. 2.31667655e-003 0. 0. 0. 0.
    2.23105762e-005 0. -1.68481003e-003 0. 1.26204155e-002 0. 0. 0.
    5.91948302e-003 1.01962872e-003 0. 1.89425470e-003 0.
    -4.91055602e-004 0. 0. 0. 2.61603668e-003 0. 0. 0. 0.
    1.48436124e-003 1.14801005e-002 0. 0. 5.42647940e-005 0. 0.
    5.84275112e-004 0. 0. 0. 0. 0. -2.21479258e-005 2.14923741e-004
    8.23089620e-004 0. 0. 0. 0. 1.84225626e-002 0. 1.01229979e-003 0. 0.
    0. 0. 0. 0. 0. 0. 1.30311731e-004 0. 0. -7.62755459e-004
