<?xml version="1.0"?>
<opencv_storage>
<imageDescriptor type_id="opencv-matrix">
  <rows>1</rows>
  <cols>1000</cols>
  <dt>f</dt>
  <data>
    7.30737112e-004 8.59120104e-004 5.17321005e-003 0. 0. 0. 0.
    1.25582723e-004 -3.53807874e-004 0. 0. 0. 0. 0. 1.61124277e-003 0.
    0. 0. 0. 0. 2.12958478e-003 0. 4.60738875e-003 0. 0. 0. 0. 0. 0.
    -9.24177701e-004 0. 0. 2.58399406e-004 0. 0. 0. 1.85556384e-003 0.
    0. 0. 0. 8.40303022e-003 0. 1.65427034e-003 0. -7.44100777e-004 0.
    0. 4.11299104e-003 0. -9.85106220e-004 7.35526322e-004
    1.06692046e-003 0. 0. 0. 1.45039558e-002 0. 0. 1.58973830e-003
    -8.46565934e-004 0. 0. 5.70195448e-003 0. 0. 0. 0. 2.26549688e-003
    1.57640234e-003 2.22271832e-004 0. 2.25333381e-003 0.
    4.03918792e-003 0. 0. 0. 0. 7.50303734e-003 8.08661687e-004 0.
    1.04219909e-003 -3.29014752e-003 -9.52649163e-004 0. 0. 0.
    8.12797062e-003 0. 1.36553089e-003 0. 2.71103985e-004
    1.97118730e-004 0. 3.16444994e-003 0. 0. 0. 9.49159730e-003 0.
    -8.55528936e-003 0. 0. 0. 1.16153131e-003 0. 0. 0. 0.
    -2.03131558e-003 0. 0. 0. 5.28458226e-003 8.12926679e-004 0. 0. 0.
    -5.11924678e-004 -2.66540679e-003 0. 6.34463562e-004 0. 0.
    1.38452614e-003 0. 0. 0. -5.87552262e-004 6.62840612e-004
    -2.83028092e-003 0. 0. 0. 0. 8.36074073e-003 0. 0. 0. 0. 0.
    4.08277707e-003 0. 6.80594065e-004 2.49183690e-003 0.
    2.47086328e-003 1.13197614e-003 0. 0. 0. 7.07165047e-004 0. 0.
    4.90641594e-003 0. 1.35574094e-003 -1.15377409e-003 0.
    4.32412326e-003 0. 0. 9.25241620e-004 5.62195433e-003 0.
    1.39554718e-003 0. 0. 0. 7.24322861e-003 0. -1.22885616e-003
    -1.29122206e-003 7.84404838e-005 0. 8.61907564e-003 0. 0. 0. 0. 0.
    7.12243188e-003 1.21381634e-003 0. 1.50552345e-003 0. 0. 0. 0. 0. 0.
    -6.60342746e-004 6.93955505e-003 0. 0. 0. 3.30161769e-003 0.
    -1.40477408e-004 -9.97967087e-004 0. 0. 0. 0. 0. 0. 2.27674423e-003
    0. 0. 0. 2.55087274e-003 7.77046848e-003 4.00282443e-003
    6.90302253e-003 2.46717571e-003 0. 0. 0. 0. 0. 2.83894187e-004 0. 0.
    0. 0. 0. 0. 0. 0. 0. 0. 2.32656393e-003 0. 3.65239452e-004 0.
    4.50680824e-003 0. 0. 0. 0. 2.90494366e-003 6.65932661e-003 0. 0. 0.
    0. 1.67231131e-002 0. 0. 1.68938236e-003 0. 0. -1.09342055e-003
    7.57682137e-003 0. 5.78654744e-003 0. 3.39899329e-003 0.
    -1.34995859e-003 0. -1.17924844e-003 4.00172127e-003 0. 0. 0. 0. 0.
    0. 0. 0. 2.54525663e-003 0. 0. 1.18107570e-003 0. 1.62115134e-003 0.
    6.50781952e-003 6.35727658e-004 1.75033286e-002 3.58821033e-003
    4.50822385e-003 4.73788846e-003 0. 0. 1.93403440e-003 0. 0.
    6.88647432e-003 0. 2.70744250e-003 0. 0. 0. 3.35601554e-003
    5.43746911e-003 0. 0. 0. 4.62209713e-003 0. 0. 1.57984357e-006 0.
    1.26456202e-003 0. 0. 8.17611814e-003 0. 0. 5.77468844e-003
    2.02434184e-003 0. 0. 2.75846967e-003 0. 0. 5.83772408e-003 0. 0. 0.
    1.98314385e-003 8.00894294e-003 0. 0. 0. 0. 6.73560798e-003 0.
    2.98769628e-005 1.05264038e-003 0. 1.68092176e-003 0.
    7.30127655e-003 0. 0. 0. -5.20716654e-004 -6.10612275e-004
    2.03068089e-003 0. -1.92225876e-003 0. 0. 0. 4.45187511e-003
    -1.42257381e-003 0. 0. 6.34114910e-003 0. 9.79256816e-004 0.
    -2.35821912e-003 8.31384910e-004 1.81938650e-003 0. 0.
    2.58684601e-003 0. 2.66514719e-003 0. 0. 2.27966881e-003 0.
    4.77559259e-003 5.75254635e-005 0. 0. 0. 0. 4.99243662e-003 0.
    2.60117929e-003 -5.23184863e-005 0. 1.28152152e-003 1.02824289e-002
    9.60798119e-004 0. 0. 0. 0. 0. 0. 0. 1.69352192e-004 1.14922540e-003
    4.03963076e-003 0. 0. 2.99323234e-003 0. 0. 0. 3.19191231e-003 0. 0.
    -1.35673478e-003 -5.26531541e-004 0. 0. 0. 0. -2.36622221e-003 0. 0.
    0. 0. 1.71033759e-003 0. 0. 1.95680349e-003 -1.19005621e-003 0.
    7.85050355e-003 -2.20602355e-003 0. 2.17254669e-003 0. 0. 0. 0. 0.
    3.52368108e-003 2.69972545e-004 0. 1.32999429e-003 0. 0. 0. 0. 0.
    7.33838766e-004 0. 0. 0. 6.07851800e-003 3.06911999e-004 0.
    -1.23041403e-003 0. 0. -8.20583606e-004 0. 0. 0. 0. 1.87812804e-003
    0. -1.10366545e-003 6.30004378e-003 7.12808454e-003 0. 0. 0.
    3.98370903e-004 0. 0. 4.69339453e-003 0. 0. 3.04666231e-003 0. 0. 0.
    0. 0. 1.35159278e-002 0. 3.29934084e-003 0. 0. 1.09395746e-003
    7.97078852e-003 2.98251724e-003 0. 0. 2.61305860e-004
    2.10857159e-003 0. 0. 0. 0. 0. 0. 3.94814648e-003 0. 0. 0.
    1.36627082e-003 0. 0. 1.88040268e-003 0. 0. 1.78186968e-003 0. 0. 0.
    0. 0. 0. 0. 0. 8.72725330e-004 0. 0. 2.54510157e-003 0.
    3.57361673e-003 0. 0. 2.39867507e-003 0. 0. 0. 3.86076747e-003
    1.99447689e-003 -2.23032563e-004 0. 0. 0. 0. 0. 0. 3.60419741e-003
    9.49809048e-003 0. 3.11973458e-003 0. 2.37020361e-003
    -2.36717006e-003 7.30550149e-003 0. 0. 0. 8.48616753e-003 0. 0. 0.
    0. 2.10194988e-003 9.60639154e-004 0. 9.06103197e-003 0. 0. 0. 0.
    2.62132357e-003 0. 0. 0. 0. 0. 0. 0. 0. 0. 4.63775685e-003 0. 0.
    4.59903094e-005 0. 0. 0. 0. 0. -1.01725722e-003 0. 0. 0. 0. 0. 0.
    8.78112158e-004 0. 0. 9.35591757e-004 0. 0. 1.85922266e-003 0. 0. 0.
    0. 7.01122358e-003 0. 0. 0. -2.83528562e-003 0. 0. 0. 0. 0.
    3.65446438e-003 0. 0. -1.31902125e-004 0. 0. 1.33023197e-002
    9.29301325e-003 0. 0. 0. -7.03081896e-004 0. 0. 0. 7.12055573e-003
    0. 0. 0. 0. 0. 0. 0. 0. 0. 6.07299444e-004 2.04568365e-004 0. 0. 0.
    0. 1.65533274e-003 0. 0. 0. 0. 0. 0. 8.80515261e-004 1.03535573e-003
    6.97117578e-003 0. -3.98684497e-004 0. 0. 6.60517812e-003
    5.31108212e-003 0. 0. 4.30618599e-003 0. 0. 0. -6.09655958e-003 0.
    0. 0. 0. 4.81154886e-004 0. 0. 0. 0. 0. 0. 0. 2.02031620e-003 0. 0.
    1.97595597e-004 0. -6.02774788e-004 0. 7.43629411e-003
    1.41560743e-002 1.42671133e-003 1.10531563e-003 -2.94048805e-004 0.
    0. 0. -1.08224654e-003 0. 0. 0. 8.88859667e-003 5.25118131e-003
    3.49796214e-003 2.31591123e-003 0. -1.15763745e-003 0. 0. 0. 0. 0.
    0. 0. 0. 0. 0. 0. 0. -7.03752085e-005 3.12041047e-005 0. 0.
    2.40340232e-004 0. 0. -8.30049510e-004 0. 0. 0. 0. 3.78798053e-004
    0. 1.19615195e-003 0. 0. 8.67640041e-003 0. 0. 0. 0. 0.
    3.72935040e-003 0. 0. 0. 0. 0. 2.43179244e-003 0. 0. 1.66818721e-003
    8.51157866e-003 4.71628085e-003 1.93654443e-004 8.18927481e-004
    2.43830308e-003 -6.53897587e-004 -1.38797463e-004 1.33502763e-003
    3.56406206e-004 0. 1.31312227e-002 0. 0. 0. 0. 0. -1.61009282e-003
    0. 0. 1.12125010e-003 0. 9.84660932e-004 0. 1.21113448e-003 0. 0.
    1.48341674e-002 0. 0. 0. 1.80326737e-004 3.17225960e-004 0. 0. 0. 0.
    0. 6.87992899e-003 0. 1.11280661e-003 9.53476352e-004 0. 0.
    2.20290641e-003 0. 0. 1.27628800e-002 1.77929935e-003
    1.39802706e-003 8.99867504e-004 0. 0. 4.38304065e-004
    1.89284049e-003 6.17951853e-003 3.61340656e-003 0. 0. 0.
    6.37903623e-003 0. 0. 1.35893226e-002 1.09011084e-002
    1.32465374e-003 0. 0. 0. 5.81415230e-003 -1.27179525e-003
    -1.17123709e-003 8.52183532e-003 0. 0. 2.79556774e-003 0.
    2.03255448e-003 0. -4.67996229e-004 0. 7.91355222e-003 0. 0.
    1.12091312e-002 2.44151335e-003 3.72458505e-003 0. 4.67002596e-004
    8.93993652e-004 0. 0. 0. 0. 0. 0. 0. 0. 1.69174057e-002 0.
    4.73545492e-003 0. 0. 0. 0. 0. -2.03639647e-004 0. 6.99781580e-003
    0. 5.53305680e-003 0. 0. 0. 2.35033222e-003 -3.43691238e-004
    3.71961884e-004 2.23052152e-003 0. 0. 0. 1.86644308e-003
    8.05924064e-004 0. 0. 3.94655252e-003 0. 2.77818926e-003
    -1.94103178e-003 0. -9.33717020e-005 -1.85661146e-003 0. 0. 0.
    2.32829549e-003 -1.20308506e-003 0. 0. 0. 0. 0. 0. 0. 0.
    3.65968724e-003 0. 3.55041306e-003 2.03380408e-003 0.
    4.73337568e-004 0. 0. 0. 0. 0. 2.84400722e-003 4.39493870e-003 0. 0.
    0. 0. -9.24803957e-004 0. 0. 0. 1.15417838e-002 -1.59749726e-003 0.
    0. 0. 2.52707326e-003 2.62947264e-003 0. 0. -2.48741428e-003 0. 0.
    0. 0. 1.82910438e-003 4.08489071e-003 0. 0. 1.35069685e-002
    4.97469387e-004 0. -9.01685213e-004 -6.73781266e-004 0. 0. 0. 0.
    2.37717014e-003 2.96264421e-004 0. 1.14568183e-003 0. 0. 0. 0. 0. 0.
