<?xml version="1.0"?>
<opencv_storage>
<imageDescriptor type_id="opencv-matrix">
  <rows>1</rows>
  <cols>1000</cols>
  <dt>f</dt>
  <data>
    0. 0. 0. 0. 3.36987828e-003 0. -2.13587051e-003 6.80932635e-003
    1.54356158e-003 0. 0. 3.59478267e-003 0. 0. 0. 0. 0. 6.72573643e-003
    1.38777578e-002 0. 0. 0. 0. 0. 0. 7.69484648e-003 0. 1.60808337e-003
    0. 2.50797719e-003 0. 0. 0. 0. 9.12676286e-003 0. 0. 0. 0.
    1.02716428e-003 0. 0. 2.12720153e-003 0. 0. 0. 0. 0. 0.
    4.01245384e-003 0. 0. 1.49343081e-003 1.24355615e-003 0. 0. 0. 0. 0.
    0. 0. 4.65368998e-004 0. 3.42874881e-003 0. 5.54164452e-003 0. 0. 0.
    0. 0. 0. 0. 0. 0. 0. 1.65313650e-002 0. 2.18469347e-003
    1.99499191e-003 1.15198093e-002 0. 0. 0. 0. 0. 1.93901476e-003 0.
    8.68893345e-004 0. 0. 0. 4.11917735e-003 3.85072734e-003
    7.87418243e-003 1.13663077e-002 0. -2.24977569e-003 3.15388141e-004
    -2.73316796e-003 0. 1.21377187e-003 0. 1.22333746e-002 0. 0. 0. 0.
    0. 0. 0. 0. 0. 0. 0. 1.50690386e-002 0. 8.35557841e-003 0. 0.
    -3.31719406e-004 0. -3.75952711e-003 0. 0. 2.30793189e-003 0.
    1.08893728e-003 0. 0. 0. 1.82352134e-003 1.10467430e-002 0. 0. 0. 0.
    6.85471296e-003 2.47953366e-003 0. 0. 0. 4.22303658e-003 0.
    4.18833457e-004 2.96879048e-003 1.20368565e-003 0. 0. 0.
    -2.64750305e-003 0. 3.10395774e-003 0. 3.36648221e-003
    9.50420392e-004 0. 0. 0. 0. 2.19821930e-003 0. 9.40196402e-003 0.
    3.49008455e-003 -4.48917945e-006 0. 0. 0. 0. 6.38725294e-004
    -4.94758924e-003 0. 0. 0. 0. -1.46329359e-004 0. 0. 0. 0.
    -4.55356622e-003 1.36845396e-003 0. 0. 0. 0. 0. 0. 4.82016616e-003
    0. 0. 0. 0. 0. 0. 0. 0. 7.38656428e-003 1.34604145e-003
    5.49252424e-003 4.50248923e-003 3.37787875e-004 0. 9.19914601e-005
    -1.49442698e-003 0. 0. 8.22016597e-003 3.56134493e-003 0. 0. 0. 0.
    -6.26195164e-004 0. 0. 0. 0. 0. -1.26327301e-004 0. 0. 0.
    1.88376475e-003 0. 0. -2.08136393e-003 3.02473712e-003 0.
    3.33623146e-003 5.75530482e-003 2.36636912e-003 1.28194625e-002
    3.12047289e-003 0. 0. 0. 0. 0. 0. -1.14325399e-003 6.09507959e-004
    0. 0. 5.16005093e-003 1.14322761e-002 0. 3.33710131e-003
    6.63881795e-003 -7.75039080e-004 1.96753792e-003 0. 0.
    7.75035704e-004 0. 0. 0. 0. 2.76630046e-003 0. -3.73660377e-003 0.
    9.97830182e-003 0. 0. 0. 0. 0. 0. 0. -8.86972819e-004 0.
    1.99742173e-003 2.81159021e-003 0. 0. 8.49242974e-003 0. 0.
    3.57891130e-003 5.56251965e-003 0. 1.58359371e-002 0. 0. 0. 0. 0. 0.
    0. 0. 0. 0. 1.67853516e-002 6.02736138e-003 0. 1.00160402e-003
    9.35030915e-003 0. 0. 0. 0. 2.51652906e-003 7.09289266e-003
    2.69240187e-003 0. 0. 0. 0. 0. 0. 0. 0. 0. 0. -1.02830073e-003
    4.56821918e-003 0. 0. 5.76953636e-004 0. 0. 0. 0. 0. 0. 0.
    -1.73806120e-003 0. 5.18852007e-003 0. 0. 0. 0. 0. 1.29467109e-003
    0. 0. 0. 0. 0. 0. 0. 0. 0. 0. 2.90997210e-003 0. 0. 0. 0. 0.
    -3.22425691e-003 0. 0. 1.23027898e-003 0. 0. 6.42569270e-003 0.
    2.59392685e-003 0. 0. 0. 0. 0. 0. 2.31461506e-003 4.45762603e-003 0.
    0. 1.91163993e-003 0. 7.53548322e-003 0. 2.85533513e-003 0.
    2.72348407e-003 0. 0. 1.81385141e-003 2.86854035e-003 0. 0. 0. 0. 0.
    -8.43075613e-005 0. 0. 0. 0. 0. 5.34244580e-004 3.45099345e-003 0.
    0. 0. 0. 0. 0. 0. -7.33451045e-004 4.30332206e-004 0. 0. 0. 0. 0.
    4.30717040e-003 0. 1.04407119e-002 0. 0. 9.59945784e-004 0. 0. 0.
    -2.69309641e-003 0. 0. 0. 0. 0. 2.02892325e-003 4.44231834e-003
    -8.46586248e-004 0. 2.59683188e-003 1.92170427e-003 0. 0.
    2.54688598e-003 0. 0. 0. 5.79122687e-003 0. 0. 0. 4.36511636e-003 0.
    1.56681985e-002 7.07937812e-004 0. 0. 0. 3.89018632e-003 0. 0.
    6.07425068e-003 3.56426882e-003 0. 0. 4.97729797e-003 0.
    1.00544165e-003 0. 0. 0. 0. -9.59629106e-005 0. 1.25457244e-002 0.
    0. 8.91472679e-003 0. 1.04350760e-003 0. 1.38241285e-003 0. 0. 0. 0.
    -1.73643150e-003 0. 6.72084559e-003 0. 1.64224347e-003 0. 0.
    9.15051717e-003 0. 0. 7.18248659e-004 0. 0. 0. 0. 3.81132541e-003 0.
    0. 0. -2.73879711e-003 0. 0. 0. 1.25123863e-003 0. 0. 0. 0.
    -2.33794126e-004 0. 5.91293070e-003 0. 2.71529402e-003 0. 0. 0.
    2.63648969e-003 0. 0. 0. 0. -2.01667572e-004 0. 3.43082880e-004 0.
    3.26283486e-003 1.08080660e-003 0. 0. 0. 0. 1.07942335e-003
    7.16694398e-003 0. 1.82592613e-003 0. 0. 0. 0. 3.05814343e-003
    1.85935909e-003 3.62688676e-003 0. 0. 0. 0. 0. 0. 0. 7.31433684e-004
    0. 2.30732397e-003 7.13276025e-003 3.74401105e-004 0.
    1.81582384e-003 0. 0. -8.09008779e-004 0. 0. 0. 0. 0.
    5.34632418e-004 0. 3.23419552e-003 2.07554759e-003 0. 0. 0. 0. 0. 0.
    9.91274416e-003 2.61728512e-003 0. 0. 0. 0. 0. 0. 0. 0.
    4.99928975e-003 3.48983239e-003 -1.53225288e-003 0. 0.
    2.00287113e-003 -5.88700314e-005 0. 1.89623353e-003 0. 0. 0. 0. 0.
    0. 3.12355859e-003 -1.62572751e-003 0. 0. 0. 1.68896024e-003 0. 0.
    0. 0. 8.51019565e-003 6.54842192e-003 0. 0. 0. 0. 0. 0. 0. 0. 0.
    5.51037083e-004 0. 0. 4.28010011e-003 0. 7.15920189e-003
    1.08853169e-003 0. 0. 4.23279917e-003 0. 0. 1.60417962e-003 0. 0. 0.
    7.81953894e-003 1.46041403e-003 6.04878413e-003 0. 0.
    3.99890472e-004 0. 0. 0. 0. 0. 0. 1.10152140e-002 0. 0.
    -7.88258476e-005 0. 0. 0. 0. 1.91975071e-003 0. 0. 0. 0.
    -8.13029066e-004 1.95988966e-003 0. 0. 0. 2.42246408e-003
    -1.06737146e-003 0. 0. 3.09233158e-003 7.10039772e-003
    4.96003311e-003 -6.72019902e-004 0. 0. 1.91526266e-003 0. 0. 0.
    5.36382524e-003 0. 2.32504983e-003 0. -1.95659907e-003
    1.47379972e-002 0. 0. 3.98204057e-003 0. 0. 0. 2.83356919e-003
    9.11658630e-004 0. 0. 2.97079026e-003 5.19405026e-003 0. 0. 0. 0.
    1.77262956e-003 1.07114566e-002 5.62580815e-003 0. 0.
    2.34852126e-003 0. 0. 0. 0. 2.24421546e-003 0. 0. 2.33398797e-003 0.
    0. 4.65359399e-003 0. 0. 0. 0. 9.78252268e-004 0. 7.08034495e-003 0.
    0. 0. 0. 2.75730854e-003 0. 0. 0. 6.64309831e-004 1.12269688e-002 0.
    0. 0. 0. 2.96974625e-003 -6.22524554e-003 0. 0. 6.77777221e-003 0.
    6.79303613e-003 0. 0. 0. 0. 1.20868976e-003 0. 5.47127379e-003 0.
    5.91553189e-003 0. 0. 0. 3.85811698e-004 1.11238577e-003
    4.21873154e-003 0. 2.74687936e-003 0. 0. 0. 0. 2.65925820e-003 0. 0.
    0. 0. 0. 0. 0. 0. 0. 0. 0. -1.55885355e-003 -2.56570848e-003 0. 0.
    1.48317695e-003 0. 8.39504041e-003 0. 0. 0. 4.17855009e-003
    1.22759249e-002 3.75059061e-003 0. 0. 0. 1.63411128e-003 0. 0. 0. 0.
    0. 0. -6.07491878e-004 0. 5.26501285e-003 0. 0. 1.44780730e-004 0.
    -1.23781257e-003 0. 0. 5.46887226e-004 6.76003983e-003 0.
    -1.79665501e-003 0. 2.16972054e-004 1.38173380e-003 9.51200910e-003
    0. 0. 4.24080063e-003 3.81020480e-003 3.31330625e-003 0. 0. 0. 0. 0.
    0. 2.02811207e-003 0. 0. 0. 0. 0. 0. 0. 0. 3.34415631e-003 0. 0. 0.
    0. 0. 0. 0. 0. 2.79477169e-003 0. 0. 0. 0. 0. 0. 0. 0. 0. 0. 0. 0.
    0. 0. 1.80258171e-003 3.09112002e-005 6.99430658e-003 0.
    -1.32776494e-003 0. 5.19159203e-003 0. 2.19808659e-004 0.
    -3.69728601e-004 0. 0. 0. 0. 3.10312305e-003 0. 0. 0. 0.
    2.17953208e-003 0. 0. 0. 0. 0. 0. 0. 0. 0. 3.58144799e-003 0. 0. 0.
    0. 0. 0. 1.46180773e-002 0. -2.62743706e-004 0. 0. 0.
    3.14454455e-003 1.40606635e-003 3.37930775e-004 0. 8.43291695e-004
    0. 1.42112176e-003 5.73081337e-003 0. 1.28077227e-003 0.
    5.78945270e-004 0. 2.04076897e-003 0. 2.03867239e-004
    1.05208150e-004 9.47420136e-004 0. 0. 0. 0. 0. 0. 0. 4.61377669e-003
    0. 0. 0. 0. 0. 0. -1.07821461e-003 0. 0. 0. 0. -2.27587554e-003 0.
    0. 2.36838401e-004 1.57217565e-003 0. 0. 1.63290300e-003 0. 0. 0. 0.
    0. 0. 0. 0. 0. 0. 0. 0. 0. 9.52672400e-003 5.65763097e-004 0. 0.
    4.23985766e-004 1.87861302e-003 -9.43435589e-004 0. 0.
    1.04817527e-003 0. 0. -1.72264676e-003 1.23134414e-002
    2.71021039e-003 0. 0. 0. 1.02689629e-003 0. 0. 0. 0. 6.98366342e-003
    0. 0. 0. -1.49358690e-004 0. 0. 0. 0. 2.99960520e-004 0. 0.
    3.14815552e-005 0. 0.</data></imageDescriptor>
</opencv_storage>
