<?xml version="1.0"?>
<opencv_storage>
<imageDescriptor type_id="opencv-matrix">
  <rows>1</rows>
  <cols>1000</cols>
  <dt>f</dt>
  <data>
    0. 0. 0. 6.95161428e-003 0. 1.56475492e-002 1.54403120e-003 0. 0. 0.
    0. 8.98869336e-003 5.02275629e-003 0. 0. 3.56621784e-003 0. 0. 0. 0.
    9.15696088e-004 0. 0. 0. 0. 0. 0. 0. 0. 3.31529020e-003
    8.26161914e-003 0. 0. 1.81704550e-003 0. 0. 0. 0. -7.00354169e-004
    2.74210330e-003 0. 0. 0. 0. 0. 0. 0. 0. 5.71955368e-003 0. 0.
    5.98397898e-003 0. 0. 0. 7.79787498e-003 0. 1.55528670e-003 0.
    2.26907386e-003 2.86580413e-003 1.09648844e-002 0. 9.58226330e-004
    0. 0. 0. 0. 7.02772231e-004 1.39640656e-003 -3.30511975e-004
    3.12049384e-003 0. 0. 0. 0. -7.36957765e-004 0. -1.12157071e-003
    4.03034413e-004 0. 0. 2.64087878e-003 7.67345401e-003
    1.57009100e-003 0. 0. 3.72623582e-003 1.72659417e-003 0. 0. 0.
    -1.74337052e-004 0. 1.85438478e-003 0. 1.63351127e-003
    5.31108002e-004 3.67316208e-003 0. 0. 0. 8.56574974e-004
    3.64389131e-003 0. 0. 0. 0. 0. 0. 1.21027883e-003 -2.82848021e-003
    5.01239719e-003 4.62072669e-003 0. 0. 0. 0. 0. -7.72148778e-005 0.
    0. -5.28311881e-004 0. 1.76439784e-003 2.32212641e-003 0. 0. 0. 0.
    0. -1.98174221e-003 0. -3.20463703e-004 0. 0. 1.20857754e-003
    3.46861110e-004 0. 0. 0. 3.04393796e-003 1.86376798e-003
    5.48186326e-005 1.27805909e-003 -2.02930509e-003 2.05738586e-003
    4.82214242e-003 0. 4.75876557e-004 -3.38505401e-004 0. 0. 0. 0.
    9.84741026e-004 0. 1.87808892e-003 3.70054768e-004 2.88343173e-003
    7.97281414e-003 5.14101470e-003 1.88766967e-003 0. -3.66779324e-003
    7.11842487e-003 0. 1.35763525e-003 0. 5.81185706e-003 0. 0.
    3.62726022e-003 0. 0. -4.71655338e-004 0. -2.36602442e-004 0. 0.
    2.69183912e-003 0. 0. 2.82891863e-003 1.85389013e-003
    2.00813171e-003 0. 0. 8.05194722e-004 0. 2.80057034e-003
    -1.04517140e-003 4.93640499e-003 2.64383573e-003 0. 2.59020738e-003
    0. 0. 5.98868541e-003 2.69008009e-003 6.61462359e-003 0. 0.
    7.45817972e-003 0. 0. 0. 0. 1.05610173e-002 0. 7.90059194e-003 0. 0.
    9.49708745e-004 6.37481129e-003 0. 0. 0. 2.16865679e-003
    5.46293566e-003 0. 0. 1.12233125e-003 2.56926087e-005
    4.59219096e-003 0. -1.53874210e-003 0. 0. 3.02982680e-003 0. 0. 0.
    0. 4.89545614e-003 0. 0. 0. 9.12089273e-003 5.42649906e-003
    -1.54634708e-005 5.87651227e-003 7.02737132e-004 2.43531555e-004
    -1.65499351e-003 0. 8.74446332e-003 4.40008100e-003 0.
    -2.69582029e-003 0. 0. 0. 5.07502467e-004 0. 0. 0. 0.
    5.45966160e-003 1.03615888e-003 0. 0. 0. 0. -6.79105928e-004 0. 0.
    0. 0. -1.33370608e-003 0. 0. 5.87922812e-004 0. 2.23523774e-003 0.
    0. 0. 0. -8.53819423e-004 7.27840094e-003 0. 0. 5.55337407e-004 0.
    0. 9.97019839e-003 0. 0. 3.32634011e-003 1.66931888e-003 0. 0. 0.
    8.78776133e-004 3.05795507e-003 0. 1.97286764e-003 2.42067082e-003
    0. 0. 9.96377086e-004 4.33586538e-004 0. -1.97838689e-003 0. 0.
    9.65542335e-004 0. 0. 0. 2.17861077e-003 9.57949087e-003
    -8.79624742e-004 0. 0. 0. 0. 0. 0. 0. 1.42270827e-003
    7.76030775e-003 0. 0. 0. 1.39119255e-003 1.79788552e-003
    -1.96469692e-003 0. 0. 3.27432412e-003 1.18189608e-003
    5.05116489e-003 1.25275552e-003 0. 3.89590074e-004 0. 0. 0. 0. 0. 0.
    0. 0. 0. 1.68838433e-003 0. 0. 3.44528118e-003 0. -7.18438881e-004
    0. 1.39197835e-003 0. 1.44300982e-003 0. 0. 2.57271086e-003 0. 0. 0.
    8.25161580e-003 0. 2.44695018e-003 1.18785410e-003 0. 0. 0.
    2.91200471e-003 2.93576915e-004 0. 0. 0. 0. 0. 3.53358244e-003 0.
    7.26678502e-003 -2.78268079e-003 0. 0. 0. -7.90267484e-004 0.
    1.33418152e-003 -9.02960193e-004 0. 0. 0. 0. 0. 0. -7.60358816e-005
    0. 0. 0. 0. 3.01963696e-003 0. 0. 0. 0. 2.06111837e-003 0. 0. 0.
    1.67450379e-003 0. 0. 0. 0. 4.14933963e-003 1.90658569e-002 0. 0.
    2.06954125e-003 0. 0. -1.82134754e-004 0. 4.18037496e-004 0. 0.
    8.14057887e-003 0. 0. -5.49362041e-004 0. 4.92554391e-003 0.
    1.60824007e-003 -1.48924580e-003 0. 0. -7.43424054e-004
    4.86954850e-005 0. 5.25826879e-004 0. -8.19346693e-004 0.
    4.16246522e-003 0. 0. 0. 0. 8.77517927e-003 0. 0. 0. 1.08327321e-003
    -7.83544732e-004 1.64963410e-003 0. 0. 0. -3.56864044e-003 0.
    7.16416258e-003 -1.98712992e-003 1.39933324e-003 0. 3.00021702e-003
    0. -5.34447085e-004 1.63153990e-003 8.12421204e-004 0.
    1.02743576e-003 0. 0. 0. 0. 1.59127126e-003 0. 0. 0. 9.71874048e-004
    0. 0. 9.61406273e-004 0. 2.93829595e-004 5.53701026e-003 0. 0. 0. 0.
    0. 0. 0. 0. 3.91746499e-003 0. 0. 0. 0. 0. 0. 3.13436525e-004
    1.89943134e-003 3.19545041e-003 3.97378998e-003 1.08496146e-002
    7.01279845e-004 4.38271184e-003 0. 0. 0. 7.38753425e-003
    -1.06281647e-003 0. 2.11895071e-003 0. 0. 1.70374836e-003 0.
    4.59109806e-003 1.30309095e-003 3.61226103e-003 0. 0. 0.
    1.76496096e-002 6.34418451e-004 0. 0. -2.44101649e-003 0.
    3.90956004e-004 0. 0. 6.62056869e-003 0. 0. 0. 0. 4.49322019e-004 0.
    0. 0. 0. 0. 2.09795078e-003 0. 0. 3.21487337e-003 4.55731479e-003 0.
    0. 0. 5.44344366e-004 0. 5.26743429e-003 4.57618805e-003 0.
    -1.88374077e-003 2.32502352e-003 1.08280673e-003 0. 0.
    6.10698247e-003 -4.80525242e-003 0. 0. 6.70059025e-003 0.
    1.92474958e-003 0. 0. 0. 2.86587235e-003 0. -2.73968745e-003 0.
    8.19935557e-003 2.69162282e-003 0. 1.52909418e-003 1.33723184e-003
    4.47398378e-003 5.76056866e-003 0. 0. 1.86864298e-003
    -9.03473774e-005 0. 0. 0. 0. 2.21976824e-003 7.48731801e-003
    1.57355005e-003 0. 0. 0. 0. 0. 7.54428911e-004 0. 3.48632736e-003
    1.89079437e-003 3.41322157e-003 0. 1.54199288e-003 -1.47004565e-003
    -3.28133639e-004 0. 0. 1.06733879e-002 0. 0. 1.67067011e-003 0.
    -9.08966642e-004 0. 2.12784647e-003 0. 1.86951191e-003 0. 0. 0.
    3.18756036e-004 1.22330850e-003 0. -1.80842253e-004 1.82830845e-004
    3.54443357e-004 3.66925285e-003 0. 0. 0. 0. 0. 0. 0. 2.05566597e-004
    0. 3.86322360e-003 1.65492215e-003 2.67449254e-003 0. 0.
    4.71893372e-003 5.20707434e-003 0. 2.65009911e-003 0.
    1.13749050e-003 0. 4.18327656e-003 0. 0. 0. 0. -4.85856493e-004 0.
    9.00540093e-004 0. 0. 0. 0. 0. 0. 0. 0. 0. 0. -1.31677825e-003 0. 0.
    2.73406436e-003 1.70270831e-003 2.44495226e-003 3.26468551e-004 0.
    0. 0. 0. 0. 0. 0. 0. 0. 0. 0. 0. 5.43241203e-003 0. 0. 0. 0. 0.
    8.03522416e-004 0. 0. 4.12966881e-004 0. 0. -2.88307574e-003 0. 0.
    0. 0. 0. 4.07829322e-003 -1.66961530e-004 0. 0. 0. 1.24694826e-003
    0. 1.97642134e-003 0. 1.37944007e-003 0. 0. 0. 0. 0. 0. 0. 0. 0. 0.
    0. 2.24001613e-003 0. 1.71864568e-003 0. 0. 8.52091296e-004
    1.66823366e-003 0. 1.09975389e-003 0. 0. 1.82368804e-003 0. 0. 0. 0.
    3.22086096e-004 4.25198639e-004 0. 1.02948928e-002 1.03765784e-003
    0. 0. 0. 0. -1.31907713e-004 0. 0. 8.36996362e-003 -1.20155164e-003
    0. 1.14621781e-003 1.47281436e-003 5.51261986e-003 2.68066325e-003
    5.52897481e-003 -2.16224726e-004 6.19950239e-003 -8.30151781e-004 0.
    0. 0. 0. 0. 1.07878691e-003 0. 0. 3.33652133e-004 2.90256506e-003 0.
    0. 1.57885882e-003 5.30483853e-003 0. 4.14422015e-004 0. 0. 0. 0. 0.
    0. 0. 1.22374739e-003 1.88269699e-003 0. 0. -2.07191845e-003
    4.92444355e-003 2.86487094e-003 0. 6.67164475e-003 0.
    1.75638066e-003 0. 0. 0. 1.73778122e-003 1.44985854e-003 0.
    -5.34574676e-004 9.55735377e-005 2.59962282e-004 5.01273153e-003 0.
    0. 0. 3.63484694e-004 0. 4.93880780e-003 4.45629645e-004 0. 0. 0.
    9.53676086e-003 -1.80675334e-003 8.05200916e-003 0. 4.67298971e-003
    4.77620400e-003 0. 0. 0. 0. 2.44971039e-003 0. 6.14095898e-003 0. 0.
    0. 1.44657167e-003 0. 0. 0. 3.45883332e-003 1.84770115e-003 0.
    3.49848368e-003 0. 0. 0. 2.96875974e-003 0. 2.36493419e-004 0. 0.
    -7.36194139e-004 0. 3.54964216e-003 -3.15057223e-005 0. 0.
    -1.25830888e-003 9.46042221e-003 0. -3.43109295e-003 0. 0. 0.
    2.52515217e-003 9.81746335e-003 0. 1.20846205e-003 0. 0. 0. 0. 0. 0.
    -2.17922643e-004 0. 0. 0. -4.31438151e-004 1.11809000e-003
