<?xml version="1.0"?>
<opencv_storage>
<imageDescriptor type_id="opencv-matrix">
  <rows>1</rows>
  <cols>1000</cols>
  <dt>f</dt>
  <data>
    0. 3.78656929e-004 1.98426394e-004 0. 0. 0. 0. 2.45532440e-003
    -1.33160094e-003 0. 0. 1.77447300e-003 0. 0. 5.76385250e-003 0.
    2.19819555e-003 -2.53434904e-004 0. 1.51604391e-003 2.57839286e-003
    0. -3.06509086e-004 0. 5.63417189e-003 0. -3.26107809e-004
    3.75036849e-004 8.99745792e-004 3.68382642e-003 0. 2.52995994e-002
    4.90326602e-005 0. 1.45108427e-003 0. 0. 2.64448742e-003 0. 0. 0. 0.
    0. 2.44179112e-003 0. 0. 0. 0. 2.83572299e-004 0. 0. 0. 0.
    4.56849765e-003 0. 0. 3.35472822e-003 8.00279062e-003 0.
    -9.24037013e-005 0. 0. 0. 1.52339099e-003 2.76557822e-003 0. 0. 0.
    2.64110835e-003 0. 0. 0. 0. 3.10784276e-003 3.54962610e-003
    -4.41131182e-003 0. 2.87733856e-003 0. 0. 1.71316881e-003
    2.21373211e-003 0. 2.99705332e-003 -1.17288902e-003 -1.99749670e-003
    2.37740600e-003 2.86486349e-004 0. 0. 0. 3.24530527e-003 0. 0.
    3.59930651e-004 2.59217573e-003 0. -7.08471809e-004 4.79318015e-003
    1.34006725e-003 0. 0. 0. 0. 0. 0. 1.31665124e-003 0. 0. 0.
    2.28287256e-003 0. 0. 0. 0. 0. 0. 0. 0. 0. -1.02022849e-003 0.
    1.90886797e-003 0. 0. 0. 2.88372132e-004 2.97920662e-003 0. 0.
    3.94590199e-003 1.01066614e-003 0. 1.69457030e-003 2.74120574e-003
    0. -1.38023251e-003 0. 5.89066558e-003 5.66816796e-003
    1.93453615e-003 0. 0. 0. 0. 0. 0. 0. 0. 0. 0. 0. 0. 0. 0. 0.
    1.14047229e-002 0. 0. 0. 0. 5.13931736e-003 0. 6.72717637e-004 0. 0.
    1.00824027e-003 4.23124991e-003 0. 0. 0. 3.52662755e-004
    3.26148001e-004 0. 0. 1.00812400e-002 0. 1.51851552e-003
    1.53957086e-003 5.54112904e-003 0. 3.09577771e-003 0.
    -4.77996247e-004 5.83927380e-003 1.46240694e-004 0. 0. 0. 0. 0.
    -3.15751112e-003 5.72029827e-003 1.66764192e-004 0. 0.
    3.95443244e-003 8.89534771e-004 3.35175893e-003 0. 2.11595395e-003
    6.18063787e-004 -7.59936229e-004 1.56508852e-003 0. 0. 0. 0. 0. 0.
    4.96386271e-003 -2.50230706e-003 0. 0. -1.81185009e-004 0.
    -1.15058781e-003 3.14815552e-004 0. 1.03777705e-003 0.
    3.86649219e-004 9.41035163e-004 7.15021626e-004 0. 0. 0. 0.
    2.24532792e-003 1.55069411e-003 0. 0. 1.46506215e-003
    -1.31551353e-002 0. 0. 0. 0. 0. 0. 0. -6.75559510e-004 0.
    8.21663183e-004 0. 1.70990045e-003 8.04991927e-004 0. 0.
    1.11974392e-003 1.11306051e-003 1.35892653e-003 1.28416892e-003 0.
    1.76666572e-003 0. 0. -1.46933785e-003 2.68265675e-003
    2.40135472e-004 0. 0. 1.08005793e-003 0. 2.21044081e-003 0. 0. 0.
    9.03852226e-004 0. 0. 3.19183542e-004 3.28301592e-003 0.
    5.93269477e-003 0. 3.27489921e-003 7.02986354e-003 0. 0. 0. 0. 0.
    -6.26424269e-004 0. 0. 0. 0. 1.27178815e-003 2.00481759e-003 0. 0.
    1.30502938e-003 0. 2.62966426e-003 0. 0. 0. 0. 2.05114530e-003 0. 0.
    0. 0. 0. 0. 2.86989589e-003 0. 1.86120765e-003 0. 0. 2.82882480e-003
    0. 3.44099273e-004 1.36563089e-003 0. 0. 2.38517328e-004 0.
    -1.54972321e-003 1.18193810e-003 0. 0. 0. 0. 0. 0. 0. 0.
    -5.31337271e-003 0. 8.40104243e-004 0. 0. 0. 0. 0. 0.
    3.45880003e-003 3.21627129e-003 7.66229862e-003 0. 0. 0.
    -4.52672131e-004 -2.12257844e-003 0. 0. 0. 0. 0. 2.62921583e-003
    1.50726235e-003 0. 0. 0. 0. 0. 0. 0. 3.22416821e-003
    -1.93927658e-003 3.20865819e-003 1.17147702e-003 0. 0. 0.
    2.41139112e-003 0. 7.25339074e-003 0. 0. 1.02968677e-003
    1.11795822e-003 1.42386556e-002 0. 0. 0. 0. 0. 8.04062409e-004 0.
    5.82456402e-003 8.33023805e-003 0. 0. 3.71466926e-003 0.
    1.74481201e-003 8.29655770e-003 1.65382319e-003 1.88856618e-003
    1.62409106e-005 0. 2.83910823e-003 1.93648320e-003 0.
    1.65271421e-003 0. 0. 0. 2.43461458e-003 0. 8.90221098e-004 0.
    2.89618205e-002 3.60922562e-003 0. 0. 0. -2.17498909e-003 0. 0. 0.
    0. 0. -1.50031628e-004 0. 0. 3.34270159e-003 -2.52554426e-004 0.
    -2.00085505e-003 0. 4.96655190e-003 7.25420332e-003 0. 0. 0.
    2.27741734e-003 0. -1.89398648e-003 2.07045954e-002 0. 0.
    2.33696471e-003 0. 1.03640184e-003 5.65733702e-004 0.
    3.13813053e-003 3.79291037e-003 6.91579597e-004 0. 0. 0. 0. 0. 0. 0.
    0. 0. 0. 6.05520699e-003 0. 0. 0. 0. 0. 0. 0. 0. 0. 0. 0.
    3.48336878e-003 0. -1.57697848e-003 0. 3.42234457e-003 0. 0. 0. 0.
    0. 2.59551732e-003 0. 0. 2.88145500e-003 3.05656204e-003 0.
    1.90934620e-003 4.81946953e-003 4.05837462e-004 1.87865377e-003 0.
    0. 0. 4.65905853e-003 9.45165171e-004 0. 0. 0. 0. 0. 0. 0. 0. 0. 0.
    0. 1.67923281e-003 0. 0. 0. 0. 3.69775039e-003 1.94759818e-003
    5.84812788e-003 -1.87146512e-003 0. 0. 0. 1.77230802e-003 0.
    2.08368874e-003 0. 2.22080341e-003 0. 0. 5.90566732e-003 0. 0.
    3.57261160e-004 7.73070520e-003 1.18657760e-003 0. 0.
    2.85180751e-003 0. 0. 0. 5.12766419e-003 0. 0. 0. 0. 0. 0. 0. 0.
    2.43290653e-003 0. 0. 0. 0. 3.45832529e-003 4.96047316e-003 0.
    3.57670733e-003 0. 1.73272518e-003 0. -1.36336137e-003 0. 0. 0. 0.
    0. 0. 6.42451123e-005 3.78486980e-003 0. 0. 0. 3.08779243e-004
    2.59722932e-003 0. 3.39282211e-003 1.61811989e-002 0. 0.
    1.84329750e-003 0. 2.25385441e-003 9.01462336e-004 0.
    6.69399858e-004 5.63415606e-003 0. 0. 0. 0. 5.64252958e-003
    8.96028767e-004 0. 8.07510107e-004 0. 0. 0. 0. 1.71218859e-003 0. 0.
    3.26199341e-003 0. 0. 1.36828050e-003 -1.71730458e-003
    3.49108176e-003 0. 6.91110850e-004 0. 0. 0. 0. 4.18089237e-003
    -4.74165048e-004 5.89418132e-003 0. 0. 0. 3.61995283e-003 0. 0. 0.
    0. 0. 0. 3.73931089e-003 2.33938172e-003 2.24540665e-004
    2.85515562e-003 0. 0. 9.30830778e-004 0. 0. 1.80426679e-004
    1.43351185e-003 0. 9.54822358e-003 0. 3.03174579e-003 0. 0. 0. 0.
    2.24388181e-003 1.03354463e-002 0. 0. 0. 0. 0. 2.84531526e-003
    1.14307655e-002 2.09057215e-003 1.63248304e-004 1.39646849e-003 0.
    0. 0. 0. 0. 2.67442875e-003 0. 5.13368519e-003 5.45447972e-003 0.
    1.75717089e-003 4.02429327e-003 0. 1.40180811e-002 0. 0. 0. 0. 0. 0.
    0. 0. -1.14360941e-003 2.61744321e-003 0. 0. 6.04182156e-003 0.
    3.14017795e-002 0. 0. 0. 6.11600481e-005 0. 0. -2.19534594e-003
    2.33963481e-003 0. 0. 0. 0. -2.25330936e-003 0. 0. 0.
    -1.72197912e-003 -4.13700356e-004 -2.67750397e-003 4.26563527e-003
    -1.30939728e-003 0. -1.33189652e-003 4.39708441e-004 6.47302391e-003
    5.76303340e-003 0. 0. 0. 1.49605912e-003 1.02282641e-003
    1.78126781e-003 6.71027577e-004 7.86138815e-004 -1.60654180e-003
    1.29847520e-003 0. 0. -1.64836692e-005 0. 0. 0. 4.48847609e-003 0.
    0. 8.83933622e-004 0. 9.54485964e-004 0. 0. 0. 4.26631793e-003 0.
    -6.11850526e-004 0. 0. 0. 0. 0. 0. 0. 7.73944834e-004
    -5.29423938e-004 4.03144630e-003 0. 0. 3.64562438e-004
    6.82597328e-003 0. 2.00362550e-003 4.44955332e-003 0. 0.
    5.39219892e-003 -1.37400045e-003 -1.06540589e-004 0. 0.
    1.79938471e-003 6.58931723e-003 0. 0. 0. 3.62899993e-003
    1.60594285e-003 0. 0. 1.33572984e-003 1.43424352e-003 0. 0. 0.
    1.14459044e-003 0. 0. 7.20030162e-004 0. 0. 3.61778744e-004 0.
    6.79131271e-003 4.03585844e-003 0. 0. 0. 8.65623448e-003 0. 0. 0.
    2.31894897e-004 0. 1.11174874e-003 0. 0. 1.07479678e-003
    2.00732888e-004 0. 0. 2.27774284e-003 5.24713541e-004
    1.06933143e-003 4.11611312e-004 1.83392185e-004 0. 2.74284231e-003
    0. 0. 0. 0. 2.63373763e-003 4.27394453e-003 1.24283531e-003
    1.41137058e-003 1.09743257e-003 1.75073859e-004 1.19751168e-003 0.
    4.10231238e-004 0. 3.86509183e-003 0. 7.38329720e-004 0. 0.
    4.78919188e-004 0. 0. 2.13452964e-003 3.38396314e-003 0.
    1.37123477e-003 0. 0. 7.16961594e-003 0. -2.15329300e-003
    7.58625008e-003 -3.04680027e-004 6.24882057e-003 3.00855492e-004 0.
    0. 0. -4.91605548e-004 0. 0. 0. 1.71838515e-003 7.77060224e-004 0.
    -4.84266551e-004 0. 9.80991987e-004 0. 0. 0. 0. 7.42442161e-003
    4.13899543e-003 0. 7.10285874e-003 0. 8.14538158e-004 0. 0. 0. 0. 0.
    0. 8.26515350e-003 0. 0. 0. 0. 0. 1.89740316e-003 -2.33318796e-003
    0. 0. 4.72401967e-003 4.22004890e-003 0. 0. 0. 0. 0. 3.22347065e-003
