<?xml version="1.0"?>
<opencv_storage>
<imageDescriptor type_id="opencv-matrix">
  <rows>1</rows>
  <cols>1000</cols>
  <dt>f</dt>
  <data>
    0. 6.81898557e-003 2.26654462e-003 0. 0. 0. 0. -9.38228099e-004
    2.78247870e-003 0. 0. 9.39301855e-004 0. 2.39942037e-003 0.
    6.33414369e-003 -1.91562751e-003 3.25058936e-003 0. 0. 0.
    2.77635991e-003 5.82321314e-003 0. 9.05724417e-004 0.
    5.72688645e-004 -6.33198244e-004 7.19385745e-004 0. 0.
    1.98262893e-002 0. 3.52935214e-003 0. 0. 0. 0. 1.70363975e-003 0. 0.
    1.48059172e-003 0. 0. 2.49618723e-004 0. 3.05649522e-003
    7.81041151e-003 0. 0. 2.41729314e-003 7.66960031e-004 0.
    6.31833449e-003 0. 0. 0. 0. 0. 0. 0. 0. 0. 0. 0. 0. 0. 0. 0.
    -1.15208654e-003 0. 0. 3.44003225e-003 0. 0. 0. 0. 4.73241042e-003
    4.28940356e-003 4.22146032e-003 0. 0. 0. 3.94647056e-003
    1.28634763e-003 -6.53638388e-004 0. 4.17496823e-003 1.99324475e-003
    3.35802417e-003 1.10451525e-004 2.30692676e-003 1.76965573e-003
    -2.35356716e-003 0. -7.77452486e-004 0. 0. 0. 0. 2.58341548e-003 0.
    0. 0. 0. 0. 7.95698958e-004 -5.83976624e-004 0. 0. 0. 0.
    -7.70311672e-005 0. 4.43298230e-003 0. 0. 2.44750595e-003 0.
    -1.61500197e-004 2.39912979e-003 0. 0. 6.81118574e-003
    7.74155604e-003 4.77329735e-003 0. 0. 1.58282300e-003
    3.89859313e-003 2.67690653e-003 4.09594458e-003 4.19516210e-003
    8.49434757e-004 0. 0. 2.52141198e-003 6.78788917e-003 0.
    1.13341527e-003 0. 9.61849641e-004 -8.25545634e-004 4.89310781e-003
    1.98853901e-003 0. 0. 0. 1.43408531e-003 0. 0. 3.55344731e-004
    9.92477522e-004 0. 1.68954371e-003 2.05124263e-003 0. 0.
    1.53419049e-002 0. 0. 0. 2.21362966e-003 0. 0. 1.40127598e-003 0.
    2.05583079e-003 -6.12472650e-005 8.94524914e-004 -9.27848276e-004
    5.67972055e-003 0. 0. 3.54585517e-003 3.73525964e-003 0. 0. 0.
    5.58928645e-004 0. 0. 2.54425686e-003 1.97495776e-003
    3.21680127e-004 3.70154600e-003 3.02285329e-003 1.35194161e-004
    4.24649304e-004 0. 5.10695577e-003 0. 6.74008392e-004 0.
    -2.68911361e-004 0. 0. 2.11580750e-003 3.68918898e-003 0. 0.
    3.51384119e-003 1.55027048e-003 -2.19819066e-003 0. 0. 0. 0. 0. 0.
    5.76802064e-004 0. 0. 1.72482582e-003 1.02979154e-003
    2.64898338e-003 -2.01246759e-004 5.34153834e-004 8.91830830e-004
    4.68848681e-004 3.30117554e-003 0. -8.08550176e-005 1.17018679e-003
    0. 0. 0. 0. 0. 5.13427611e-003 0. 0. 0. 6.52713841e-003 0. 0. 0. 0.
    0. 0. 0. 3.09759215e-003 9.99169424e-004 1.10986095e-003 0.
    1.48700655e-003 5.45279123e-003 1.20773111e-004 1.63514004e-003 0.
    2.15083896e-003 2.33946543e-004 1.39208359e-003 0. 2.15506274e-003
    0. 2.17644311e-003 7.90149625e-003 0. 1.83592993e-003
    9.17405915e-003 0. 1.62052305e-003 0. 0. 0. 0. 0. 5.43174427e-003 0.
    0. 2.54210457e-003 1.38758705e-003 -8.72591685e-004 2.03528325e-003
    0. 0. 0. 0. 0. 0. 6.91346300e-004 0. 2.62844202e-004
    -1.01858028e-003 0. 0. 0. 0. 6.73442846e-003 5.81488898e-003 0. 0.
    0. 2.70536868e-003 2.83615221e-003 3.84644052e-004 1.06905727e-003
    0. 3.82690458e-003 -2.71926401e-004 0. 0. 0. 0. 2.34443229e-003 0.
    0. -8.12497863e-004 8.81054555e-004 0. 0. 0. 1.90188666e-003 0.
    2.51865666e-003 1.11378252e-003 0. 0. 2.60229758e-003
    1.56561118e-002 0. -5.89722826e-004 3.89495835e-004 3.69673222e-003
    6.99545117e-003 0. 0. 0. 1.75552606e-003 0. 2.49416032e-003 0.
    7.41791562e-004 6.85477688e-004 0. 4.28116880e-004 4.42172214e-003
    0. 0. 0. -1.36414473e-003 0. 1.00965984e-002 4.39954503e-003
    3.92558839e-004 1.64625410e-003 0. 0. -2.71099759e-003 0.
    4.86799004e-003 0. 2.87083862e-003 0. 0. 0. 1.29170285e-003 0. 0. 0.
    0. 0. 4.34736442e-003 3.86655377e-003 4.05516301e-004 0. 0. 0.
    1.34981354e-003 8.24966992e-004 5.89612930e-004 1.23645019e-004 0.
    5.72173763e-003 6.82661135e-004 0. 0. 1.03693211e-003
    3.95810232e-003 3.89354234e-003 0. 1.74033339e-003 7.39017501e-003
    -1.25024817e-003 3.18598654e-003 0. 0. 0. 0. 9.94030503e-004 0. 0.
    -6.65733241e-004 3.77063116e-005 -2.03722098e-004 3.95392859e-003
    -4.87263722e-004 0. 0. 1.54970028e-003 0. 4.90900874e-003
    1.90797134e-003 0. -3.96468444e-004 4.42471076e-003 1.32507621e-003
    0. 1.44844805e-003 -4.56548645e-004 0. 0. 3.75918462e-003 0.
    4.89323912e-003 0. 1.27714348e-003 0. 0. 0. 0. 0. 0. 1.88370806e-003
    0. 0. -4.71712701e-004 0. 2.90859421e-003 0. 3.87283129e-004
    2.96230125e-003 6.59692625e-004 -1.31813018e-003 0. 0. 0.
    1.85925013e-003 0. 1.31643657e-003 0. 0. 0. 0. 0. 2.10693292e-003
    9.99572035e-003 0. 2.57502683e-003 1.10829576e-004 2.74494011e-003
    -3.42306821e-003 0. 2.41416856e-003 2.74788705e-004 3.15131212e-004
    0. 3.75282275e-003 0. 0. 2.62265000e-003 0. 0. 0. 0. 3.08861048e-003
    0. 0. 0. 1.82545441e-003 2.81919143e-003 7.38190196e-004 0.
    4.04677028e-003 0. 0. 0. 5.54098189e-003 0. 2.36198422e-003
    2.44092359e-003 0. 3.18459864e-003 -1.92636007e-003 0.
    5.25503932e-003 0. 2.96531734e-003 3.61546362e-003 1.06368978e-002
    0. 0. 0. 6.48862729e-003 1.95335364e-003 0. 0. 0. 0. 7.82313582e-004
    -4.06247273e-004 0. 0. 0. 0. -1.65303634e-003 0. 6.88071945e-004 0.
    0. 0. 6.39823172e-003 2.65997741e-003 0. 0. 0. 0. 2.13694503e-003
    1.24847144e-003 1.23755529e-003 0. 9.77450749e-004 0.
    3.82145634e-003 0. -9.33075789e-004 -1.56359631e-003 0.
    4.25898295e-004 0. 0. 0. 1.13805220e-003 4.66233352e-003
    1.38880440e-003 0. 4.35707741e-004 0. 2.01278264e-004 0. 0. 0. 0. 0.
    0. 0. -4.36129601e-004 0. 3.30847595e-003 1.29161379e-003 0.
    1.45790970e-003 1.10695255e-003 1.75688721e-004 0. 2.64419103e-003
    1.26975356e-003 1.32700690e-004 1.12126836e-005 0. 0. 0.
    5.58360305e-004 3.72125272e-004 0. 0. 2.02315883e-003 0. 0. 0.
    1.06073369e-003 0. 3.47227091e-003 0. 0. 0. 2.49858689e-003 0. 0.
    1.74981321e-003 0. 8.08470696e-003 0. -1.40503538e-003
    9.85738006e-006 0. 0. 0. 2.24399133e-004 1.44188886e-003 0. 0.
    4.64870920e-003 0. 0. 0. 2.65427469e-003 0. 0. 0. 0. 0. 0.
    -9.96915507e-004 0. 0. 0. 0. 3.74118245e-004 0. 1.70494698e-003
    3.87896551e-003 0. 4.83490247e-003 1.84401101e-003 0. 0.
    -1.99613482e-004 0. 1.71341037e-003 0. 0. 0. 3.43724410e-003 0. 0.
    5.50209545e-003 2.51410529e-003 1.39596476e-003 4.25835635e-004 0.
    0. 2.53401435e-004 4.03667917e-004 0. 0. 5.41180559e-003 0.
    8.58853164e-004 1.21501880e-003 0. 3.27490806e-003 0.
    -6.80259313e-004 3.47472378e-003 -1.93516680e-004 0. 0.
    3.94316530e-003 0. 0. 0. 0. 0. 0. 0. 0. 0. 0. -4.98582376e-005 0.
    1.43739569e-003 0. 0. 5.28756762e-003 3.69430264e-003 0. 0. 0.
    1.73429050e-003 0. -2.55775900e-004 0. 4.02978482e-003 0. 0. 0. 0.
    6.19143993e-003 5.60916541e-003 2.39904085e-003 -1.09178456e-003 0.
    0. 0. -1.00152881e-003 1.15669938e-003 0. 6.91872265e-004 0. 0.
    2.04974017e-003 -1.63025717e-004 0. 0. 2.66909890e-004 0.
    6.36380224e-004 0. 3.21409572e-003 1.44184893e-003 3.59966798e-005
    5.79910411e-004 3.90665000e-003 0. 1.86735194e-003 0.
    -7.28514569e-004 2.07627937e-003 0. 1.31219684e-003 8.63605086e-003
    0. 0. 8.18722532e-004 0. -2.79540732e-003 6.20033545e-003 0. 0.
    5.50618919e-004 0. 0. 1.03354845e-002 0. 0. 0. 0. 2.78162025e-003 0.
    0. 5.50041022e-003 0. 1.38204440e-003 0. 2.64062034e-003 0. 0. 0.
    1.08793681e-003 0. 2.81573087e-003 3.44231795e-003 0.
    2.26279348e-003 0. 0. 9.33644595e-004 0. 0. 0. 5.24304342e-003 0.
    -1.94661727e-003 0. 2.99446081e-004 1.98002276e-003 -5.33588754e-004
    0. 2.91689415e-003 0. 2.32133130e-003 0. 1.25186832e-003
    -1.26073195e-003 0. 4.20770934e-003 0. 0. 0. 2.29224935e-003 0.
    1.50286546e-003 1.35175337e-003 -1.88661285e-003 0. 0.
    2.83038156e-004 0. 9.03730001e-003 3.59819969e-003 0.
    2.54593790e-003 0. 5.84221585e-003 3.73306357e-005 0.
    9.94556234e-004 0. 4.50495718e-004 2.59560253e-003 1.18457864e-003
    0. 1.76742545e-003 0. 0. 0. 0. -1.64220494e-003 0. 0. 0. 0. 0. 0.
    1.68965815e-003 0. 0. 0. 0. 0. 0. 1.86286774e-002 9.25351400e-004 0.
