<?xml version="1.0"?>
<opencv_storage>
<imageDescriptor type_id="opencv-matrix">
  <rows>1</rows>
  <cols>1000</cols>
  <dt>f</dt>
  <data>
    1.11635439e-002 0. 0. 0. 1.65170419e-003 6.25369896e-004
    2.14207452e-003 0. 0. 0. 0. 0. 3.10578127e-003 0. 0. 4.06202255e-003
    -4.83303564e-004 0. 0. 3.12297465e-003 0. 0. 0. 0. 5.72658051e-003
    0. 0. 0. 0. 9.16133693e-004 0. 0. 2.19963444e-003 0. 0. 0.
    1.65350474e-002 4.40290151e-003 6.34345738e-003 0. 1.86134106e-003
    0. 0. 4.96283453e-003 4.17746371e-003 5.40895993e-003 0. 0.
    -1.29690906e-003 0. 0. 0. 0. 0. 0. 1.03788693e-002 0. 0. 0. 0.
    7.68364465e-004 0. 0. 0. 0. 0. 3.36256577e-003 0. 1.50126684e-002
    -1.52801140e-003 0. 1.27328781e-003 0. 0. 0. 8.53774976e-003 0. 0.
    1.42065022e-004 1.12657370e-002 0. 9.25359782e-003 5.31781791e-003
    5.62143861e-004 -7.61679839e-004 3.28778452e-003 0. 1.54754365e-004
    3.13477445e-004 0. 0. 0. 0. 2.87334016e-003 1.70066152e-002 0. 0. 0.
    0. 0. 0. 3.65186320e-003 0. 0. 0. 0. 0. 0. 0. 0. -8.06784199e-004 0.
    -1.37900643e-003 2.35202746e-003 4.97292087e-004 0. 6.35091728e-003
    6.55575702e-003 0. 0. 1.06472487e-003 -1.16054682e-004 0.
    4.81115561e-003 4.08898108e-003 4.61977441e-003 0. 0. 0.
    5.74880140e-003 0. 2.42947903e-003 -1.12458467e-004 0. 0.
    4.45677014e-003 2.69818556e-004 0. 6.68859482e-003 0. 0.
    1.22633378e-003 0. 0. 0. 0. 0. 0. 0. 1.19970310e-002 5.02249319e-003
    0. 0. 0. 6.82562497e-003 0. 0. 2.37955786e-002 -4.74049128e-004
    7.39106582e-003 0. -3.00686806e-005 0. 0. 5.21749584e-003
    4.09342628e-003 0. 0. -1.60929386e-003 0. 1.58900151e-003 0. 0. 0.
    8.88290722e-003 0. 2.20284914e-003 0. 2.29723169e-003 0. 0. 0.
    7.48226512e-003 2.31873221e-003 0. 1.69283123e-006 1.34948490e-003
    -2.03244039e-004 4.00036224e-004 0. 5.20070200e-004 4.72123036e-003
    0. 0. 1.36851356e-003 0. 5.12152864e-003 1.08305633e-003 0. 0. 0. 0.
    0. 0. 0. 1.85819261e-003 0. -3.35284421e-004 0. 0. 0.
    -1.07301737e-003 0. 0. 6.12335652e-003 0. 0. 0. 3.18901544e-003 0.
    0. 2.36416305e-003 0. 0. 0. 8.05317611e-003 0. 8.36833194e-003 0. 0.
    0. 6.93091657e-003 9.40204423e-004 0. 0. 0. 1.74025097e-003
    1.87137106e-003 0. 3.48341744e-003 2.64656468e-004 0. 0. 0. 0. 0.
    1.99595280e-003 0. 0. 0. 8.04246811e-004 0. 4.57194168e-003 0.
    1.49687321e-003 0. 0. 0. 0. 0. 1.38622662e-003 0. 0. 8.22338555e-003
    0. 0. 1.88720797e-003 0. 0. 0. 5.63463150e-003 0. 0. 2.13177484e-002
    1.39482712e-004 0. 0. -5.96731370e-005 1.00107223e-004 0. 0. 0.
    2.23443285e-003 0. -1.50613184e-003 0. 6.95048505e-003 0.
    -2.00750001e-004 -6.90138259e-004 5.71332232e-004 0. 2.50684586e-003
    0. 0. 9.69333516e-004 0. 0. 0. 0. 0. 0. 0. 0. 4.38012974e-003 0. 0.
    0. 1.41361053e-003 0. 0. 5.63898298e-004 0. 0. 0. 3.75304045e-003 0.
    0. 2.37957784e-003 0. 0. 0. -5.74892852e-004 0. 5.99378254e-004
    2.03440688e-003 5.60606318e-003 0. 4.06847941e-003 0. 0. 0. 0. 0. 0.
    0. -3.90188419e-004 6.45224471e-004 0. 0. 0. -7.15465401e-004
    9.28646405e-005 0. 2.19183159e-003 0. 9.56337492e-004 0. 0. 0. 0.
    3.15974047e-003 0. 0. 0. 0. 0. 0. 0. -6.53500756e-005 0. 0. 0.
    2.57453416e-003 0. -5.80033520e-004 0. 0. 0. 0. 0. 0. 0. 0. 0. 0.
    -7.46814127e-004 0. 0. 0. 1.83285810e-002 6.29786542e-003 0.
    9.46614367e-004 7.12922192e-004 1.73659588e-003 0. 0.
    6.37663819e-004 0. 0. 0. 2.38563283e-003 0. 0. 0. -1.93428388e-003
    0. 0. 0. 0. 0. 0. 3.72263417e-003 0. 0. -1.37840072e-003 0.
    1.56135834e-003 0. 0. 0. 0. 0. 0. 6.26334641e-003 1.52607542e-003 0.
    0. 0. 0. 1.60098192e-003 3.53594148e-003 0. 0. 0. 0. 1.09810391e-002
    1.51319159e-002 0. 0. 0. 9.44758859e-003 0. 0. 0. 0. 4.34429711e-003
    0. 0. 0. 0. 0. 2.58087111e-003 0. 0. 0. 0. 5.15123946e-004 0.
    3.41346744e-003 1.41116593e-003 0. 0. 0. 0. 0. 0. 0.
    -2.07408238e-003 0. 0. 0. 0. 0. 9.17060208e-003 0. 0. 0. 0.
    3.58036347e-003 0. 0. 0. -8.38783453e-004 -1.38140167e-003
    4.39494150e-003 0. -1.25178660e-004 0. 7.18357787e-003 0. 0. 0. 0.
    -1.28471712e-003 0. 0. 1.29072054e-003 0. 0. 0. 0. 2.79476546e-004
    0. 1.05181674e-003 0. 0. 0. 0. 0. 0. -6.59970101e-004
    5.58823580e-003 0. 0. 0. 0. 2.68415012e-003 0. 0. 0. 0. 0.
    -1.08512165e-003 1.23175152e-003 0. 0. 0. 0. 3.03263520e-003 0. 0.
    0. 0. 0. 1.90205127e-003 0. -1.67972897e-003 0. 8.51875916e-003
    1.46570904e-002 5.32103563e-003 3.75529332e-003 0. 0.
    -3.24089451e-005 0. 0. 0. 1.25257028e-002 0. 0. 0. 0. 0. 0.
    6.44909637e-003 -5.77915506e-003 0. 1.06234816e-004 0. 0. 0. 0.
    2.33612605e-003 0. 0. 0. 0. 1.12024648e-002 0. 0. 7.80384103e-003
    2.79624364e-004 0. 0. -9.72299196e-004 0. 2.46899365e-003
    1.32672945e-002 0. 0. 0. 0. 0. 0. 0. 1.25108787e-003 0. 0. 0.
    -2.85267131e-004 0. 0. 1.66820828e-003 0. 0. -2.46032054e-004
    1.66730831e-006 1.61045277e-003 6.34712023e-007 -1.95407588e-003 0.
    0. 0. 0. 4.37181722e-003 0. 1.84875133e-003 0. 0. 2.79599475e-003 0.
    0. 0. 1.04449904e-002 2.38020848e-002 2.99184280e-003 0. 0. 0. 0. 0.
    0. 2.65418814e-004 0. -2.58072186e-003 0. 0. 0. 3.97056574e-003
    2.73854472e-003 0. 1.62048568e-003 3.62046110e-003 -7.39077060e-003
    0. 0. 3.51115246e-003 0. 0. 3.00931931e-003 0. 1.90146023e-003 0. 0.
    0. 2.38170079e-003 0. 0. 0. 0. 1.91022968e-003 0. 0. 1.28667895e-003
    6.96526468e-003 0. -1.18586586e-005 0. 0. 0. 0. 0. 2.22950727e-002
    0. 1.16975722e-003 0. 0. 0. 0. 0. 1.97953312e-003 0. 0.
    9.91993118e-004 0. 0. 6.32483419e-003 0. 1.43577825e-004
    1.67316955e-003 0. 0. 1.93115943e-006 0. 0. 0. 3.75692707e-007 0.
    4.57729417e-004 8.02154280e-003 0. 0. 5.39802248e-003 0. 0.
    3.04041896e-003 0. 0. 0. 0. 0. 0. 7.39256153e-003 -8.85519432e-004
    0. 0. 0. 0. 0. 4.27609356e-003 0. 2.18279357e-003 0. 0. 0. 0. 0. 0.
    0. 2.66474974e-003 9.80739575e-003 0. 0. -2.06277636e-003
    1.55604107e-003 0. 0. 0. 0. 0. 0. 6.81197364e-003 0. 0.
    1.13492683e-002 0. 4.39566001e-003 0. 0. 1.15999486e-003 0. 0.
    -1.85775990e-003 0. 0. 0. 0. 0. 0. 0. 2.12216735e-004 0. 0. 0. 0.
    2.40879226e-003 0. 0. 0. 0. 2.86239479e-003 0. 0. 0. 9.25347488e-003
    -8.92276177e-004 0. 8.95425983e-005 6.23603258e-003 0.
    2.93934904e-003 0. 0. 5.13416366e-004 0. 1.81121961e-003 0.
    3.72621813e-004 0. 0. 1.54345541e-003 0. 0. 0. 0. 0. 0. 0.
    6.56677294e-004 0. 0. 7.42121646e-003 0. 0. 0. 0. 7.13957124e-004 0.
    9.43008065e-003 0. 0. 0. -2.70911097e-003 1.47986121e-003 0. 0.
    9.35298670e-003 0. 0. 0. 0. 0. 0. 0. 0. 1.14037204e-004 0.
    -1.25220555e-004 0. 4.99451417e-004 0. 0. 0. 2.19338544e-004 0. 0.
    2.90490664e-003 7.36940838e-003 0. 0. 0. 2.55668862e-003 0. 0. 0. 0.
    0. 0. 0. 0. 0. 0. 0. 0. 8.16210918e-003 0. 7.73236214e-004 0.
    7.58694159e-003 -9.47546039e-004 0. 1.38417480e-003 0. 0.
    8.21886398e-003 0. 0. 0. 0. 0. 2.75407080e-003 0. 0. 3.20377457e-003
    1.90597645e-003 0. 0. 0. -3.30282259e-003 0. 0. 0. 0.
    5.19147761e-005 0. 0. 0. 0. 6.61992672e-005 0. 0. 0. 0. 0. 0. 0. 0.
    0. 0. 4.39505884e-003 2.07757764e-003 0. 6.23671152e-003
    7.61083700e-003 0. -1.51393434e-003 0. 0. 0. 0. 0. 0. 0. 0. 0. 0. 0.
    1.56881125e-003 0. 0. 0. 0. 0. 0. 0. 0. 1.66354491e-003 0.
    8.31302535e-003 0. 0. 4.59275348e-003 0. 1.08432129e-003 0. 0. 0. 0.
    0. 0. -3.84354265e-003 0. 8.25460907e-003 0. 0. 1.13927876e-003 0.
    0. 0. 6.33220654e-003 2.05784547e-003 0. 0. 0. 0. 0. 1.39337347e-003
    2.29872460e-003 0. 0. 3.92514310e-004 0. 0. 0. 0. 0. 0. 0. 0. 0. 0.
    0. 0. 0. 1.89957290e-003 0. 0. 0. 0. -5.98060666e-004 0.
    6.04740635e-004 0. 0. 0. 0. 0. 5.97093301e-003 0. 0. 0. 0. 0. 0. 0.
    0. 0. 7.19429285e-004 0. 0. 9.08088521e-004 0. 0. 0. 0. 0. 0. 0. 0.
    0. 9.30123315e-006 0. 0. 0. 1.05442517e-002 0. 0.</data></imageDescriptor>
</opencv_storage>
