<?xml version="1.0"?>
<opencv_storage>
<imageDescriptor type_id="opencv-matrix">
  <rows>1</rows>
  <cols>1000</cols>
  <dt>f</dt>
  <data>
    1.73278642e-003 -3.34798614e-003 0. 0. -1.53833744e-003
    1.14955462e-003 8.88415670e-004 0. 4.25003096e-003 -4.67963662e-004
    0. 0. 1.76658214e-003 0. 0. 4.98302141e-003 1.86154502e-003 0.
    3.27944336e-003 0. 6.11006049e-003 7.97875971e-003 0. 0.
    1.53999007e-003 1.17689138e-003 0. 9.48445173e-004 0. 0. 0.
    -1.45328304e-004 0. 0. 0. -1.20348809e-003 0. 5.84829412e-003 0.
    7.52127171e-003 1.49936252e-003 0. 0. 0. -1.03716378e-003 0.
    4.99870023e-003 -9.79156001e-004 0. 0. 3.00624501e-003 0.
    5.47014782e-003 0. 0. 0. 0. 0. 0. 5.74102905e-003 5.20359026e-006 0.
    9.65503743e-004 7.42322579e-003 1.51322514e-003 0. 3.22356727e-003
    6.72045024e-003 0. -1.81920081e-003 0. 6.56021573e-003
    -3.56048462e-004 0. 0. 0. 2.36641761e-004 0. 1.70716632e-003
    1.08258137e-002 0. 7.45707285e-003 9.98594216e-004 0.
    1.81517762e-003 3.21553973e-003 0. 0. 0. 1.35295931e-003 0.
    1.14786811e-003 0. 0. 8.83507729e-003 0. 7.99697809e-005 0.
    6.86150801e-004 0. 3.96628957e-003 3.48729640e-003 0.
    4.97272424e-003 0. 2.33529434e-002 7.16641406e-003 -4.18814505e-003
    -1.08697335e-003 0. 0. -9.80363460e-004 2.51464522e-003 0.
    1.52867252e-003 0. 0. 1.18077798e-002 9.23721585e-004
    1.91326870e-003 2.76850094e-003 0. 1.92564144e-003 0. 0. 0. 0. 0. 0.
    3.37423931e-004 0. 5.89952979e-004 0. 0. 0. 0. 0. 1.67558296e-003
    1.62026845e-002 0. 0. 0. 4.22558776e-004 2.09209087e-004 0.
    3.13917594e-003 3.70651623e-003 0. 2.95925094e-003 2.09910772e-003
    0. 3.24170827e-003 0. 0. 0. 0. -2.36584092e-004 0. 0. 0. 0. 0. 0.
    2.82478723e-004 0. 0. 0. 0. 0. 8.29661079e-003 0. 3.82632506e-003
    1.00592559e-003 4.51839791e-004 6.60124049e-003 0. 0. 0.
    1.60069624e-003 0. 4.64934018e-003 0. 0. 1.38503034e-002 0. 0.
    2.42611929e-003 -1.07282063e-003 0. 6.23000739e-003 5.44466777e-003
    0. 0. 0. 5.09562157e-003 1.27150270e-003 0. 0. 2.87203467e-003 0.
    6.79451390e-004 0. 0. 9.26039240e-004 1.15827646e-003 0. 0. 0. 0. 0.
    0. 0. 0. 0. 0. 2.00362620e-003 1.13329000e-003 3.94383259e-003 0. 0.
    6.57612411e-003 0. 0. 0. 0. 5.94934449e-004 0. 0. 0. 2.14343145e-003
    5.55917574e-003 0. 1.32408533e-002 2.20592227e-002 -2.94581900e-004
    0. 0. 4.48106276e-003 0. 3.87221132e-003 0. 5.93150593e-003 0. 0.
    5.37247816e-003 0. 4.03595943e-004 -1.03247911e-003 0.
    6.94013946e-003 0. 0. 0. 0. 0. 2.14129267e-003 1.84306130e-003 0. 0.
    0. 0. 0. 0. 1.82212505e-003 2.29577837e-003 0. 2.82269320e-003
    5.47707081e-003 2.11635302e-003 0. 0. 4.67660278e-003 0.
    -5.81806235e-005 0. 0. 1.15901162e-003 0. 1.39631203e-003 0.
    8.77405633e-004 0. 0. 1.24200166e-003 0. 4.22000419e-003 0. 0. 0. 0.
    7.97761139e-004 1.29088562e-003 0. 0. 0. 0. 2.05316814e-003 0.
    -1.42075086e-003 0. 2.01229868e-003 3.09495046e-003 0. 0.
    2.57082423e-003 0. 8.99660867e-004 5.10033406e-003 0.
    5.69802534e-004 0. 0. 5.71064604e-003 0. 0. 0. 4.62395931e-003
    3.37839033e-003 1.18906808e-003 0. -6.62649400e-004 -2.30448251e-003
    0. 9.24184918e-004 0. 0. 0. 0. 1.05652388e-003 -1.29459170e-003 0.
    0. 2.10101320e-003 4.49723983e-003 0. 1.02820166e-003 0. 0.
    1.28243165e-003 2.03081500e-003 4.11951914e-003 0. 5.57151577e-003
    0. 2.63345172e-003 1.32092484e-003 2.13693362e-003 0. 0.
    2.44332920e-003 0. 2.92693207e-004 0. -2.23848590e-004 0.
    9.57692682e-005 3.31145525e-003 0. -5.43194357e-004 0.
    2.26085889e-003 8.35610926e-003 0. 0. 1.39420340e-003 0. 0. 0.
    1.01063568e-002 0. 9.03888489e-004 0. 0. -2.93952995e-004 0.
    4.66413563e-003 6.34019542e-003 0. 4.99424059e-004 0. 0. 0.
    3.41939362e-004 0. 0. 0. 0. 0. 0. 0. 0. 0. 7.39379367e-003 0.
    9.73887742e-004 0. 0. 4.97583183e-004 9.69047076e-004 0.
    1.10255205e-003 0. 0. 0. 1.23245560e-003 0. 0. 0. 0. 5.94587391e-003
    3.51894321e-003 2.34878249e-003 0. 2.79968051e-004 0. 0. 0.
    -1.79166440e-003 0. 0. 0. 0. 5.32628503e-003 0. 0. 1.56152737e-003
    4.36223391e-003 0. 0. 0. 0. 5.65778185e-003 2.11260561e-003
    6.38502557e-003 0. 5.14712138e-003 0. 0. -7.97733373e-004
    5.54925902e-003 0. -1.61248690e-003 1.14814576e-003 0. 0. 0. 0.
    -8.50820288e-005 -1.42472377e-003 0. 0. 1.18369167e-003
    4.34606336e-003 0. 0. 1.36705639e-003 0. 0. 4.27664863e-003
    3.03463382e-003 0. 0. 0. 0. 0. 0. 1.75755774e-003 0. 0.
    -5.31325873e-004 0. 0. 0. 0. 0. 0. 0. 0. 0. 0. 9.34634067e-004
    -7.92132749e-004 3.31428321e-003 0. 1.04955295e-002 0. 0. 0.
    2.01924704e-003 1.83233619e-003 5.08617796e-003 0. 0.
    4.77619376e-003 0. 0. 5.88406867e-004 0. 0. 0. 0. 7.33195397e-004 0.
    9.84453876e-003 0. 0. 0. 0. 0. 0. 3.15287994e-004 4.54109302e-003 0.
    0. 0. 1.60014408e-003 0. 0. 0. 3.16758803e-003 0. -6.10598188e-004
    2.69487384e-004 0. 1.58294197e-003 0. 0. 0. -2.12996500e-004
    2.42270483e-003 1.20754505e-003 0. 0. 0. -1.09883538e-003 0.
    2.20865733e-003 0. -2.57691252e-004 4.05878469e-004 1.69588078e-003
    0. 0. 9.38794801e-006 9.63273342e-004 0. 0. 0. -1.50939624e-003 0.
    0. 0. 5.02778310e-003 0. 4.56127047e-004 0. 1.45792926e-003
    1.21200411e-003 -2.43797156e-004 0. 0. 0. 0. 0. 1.73067790e-003 0.
    -1.37865543e-003 0. 1.93073647e-003 1.11695658e-003 1.96292461e-003
    0. 0. 0. 0. 1.95984798e-003 0. 2.30126665e-003 7.74380052e-004 0.
    6.00299472e-003 0. 0. 3.72507097e-003 3.00898537e-004
    6.62811624e-004 5.13261184e-004 0. 1.04792176e-004 0. 0.
    7.06291001e-004 1.58896996e-003 0. -2.31513474e-003 0.
    -5.14637388e-004 0. 0. 2.59138201e-003 -4.56019276e-004
    3.50406684e-004 0. 0. 7.42596341e-003 0. 0. 0. 8.32932815e-003
    1.02228078e-003 0. 0. 0. 0. 0. 0. 0. 2.51967786e-003 2.94366881e-004
    0. 0. 0. 0. 0. 0. 0. 0. 0. 0. 0. 0. 0. 0. 0. 9.09484050e-004
    5.16561791e-003 0. 3.34412185e-003 0. 0. 2.05154927e-003 0. 0. 0. 0.
    0. 2.09619012e-003 0. 0. 0. 0. 0. 1.33592961e-002 3.16562620e-003 0.
    1.21720764e-003 0. 0. 0. 0. -1.94035063e-003 0. 0. 0.
    3.58395092e-003 2.52065342e-003 0. 0. 0. 1.34813040e-003 0.
    4.75166459e-003 0. 0. -2.09152771e-004 -2.71254859e-004 0.
    3.75340809e-003 0. 0. 0. 0. 3.35490098e-004 0. 8.77403654e-003
    2.12493003e-003 -6.68948633e-004 0. 4.71053133e-003 0. 0.
    7.39444746e-004 0. 1.52955577e-003 0. 0. 0. 0. 1.01596199e-003 0. 0.
    0. 9.98396543e-004 1.42598432e-003 0. 4.69601713e-003
    3.62089067e-003 8.23384442e-004 6.38470100e-003 0. -7.24197540e-004
    5.39351371e-004 1.28541468e-003 4.07650077e-004 1.59986387e-003 0.
    0. 9.59684234e-003 3.88438115e-004 -3.67405155e-005 0. 0. 0. 0.
    2.99306982e-003 0. 0. 3.14483955e-003 0. 1.52565655e-003 0.
    2.00730166e-003 -2.67844112e-003 0. 0. 0. -1.07806176e-003
    -1.83424272e-003 0. 4.35750512e-003 1.59782649e-004 1.85155601e-003
    -1.18995458e-003 3.24259279e-003 0. 0. 2.78114714e-003 0.
    1.74756371e-003 0. 3.96647071e-003 0. 0. 0. -4.65716788e-004 0. 0.
    -2.06418056e-003 0. 0. 4.63154446e-003 0. -6.15515630e-004 0. 0. 0.
    2.29951646e-003 0. 0. 0. 1.14215817e-003 0. 0. 0. 0. 0. 0. 0. 0. 0.
    0. 0. 0. 2.51904409e-003 6.45979075e-004 0. 0. 0. 0. 0. 0.
    3.67019442e-003 0. 8.77343817e-004 0. 0. 0. -1.70776199e-004 0. 0.
    0. 2.05321424e-003 4.70282789e-003 0. 0. 8.75655969e-004 0. 0. 0. 0.
    7.35507288e-004 2.93925940e-003 0. 0. 0. 0. 7.94375408e-003 0. 0.
    5.52114006e-003 0. 0. 0. 4.04854072e-003 2.02192762e-003 0. 0. 0. 0.
    0. 0. 5.81802102e-004 0. 0. 6.96450239e-003 0. 2.17669620e-003
    5.42525318e-004 4.72856336e-004 0. 0. 0. 2.09622853e-003 0. 0. 0. 0.
    0. 4.96685971e-003 0. 0. 1.40987092e-003 0. 9.37275868e-003 0. 0. 0.
    0. 0. 0. 0. 0. 9.20860184e-005 0. 9.68165416e-003 0. 0. 0. 0.
    1.05596017e-002 -3.92570873e-005 -2.57031556e-004 3.64681357e-004
    1.18517561e-003 0. 0. 5.00614382e-003 0. 3.72004695e-003 0.
    1.15745445e-003 0. 0. 0. 2.31565395e-003 0. 8.50248337e-003
