<?xml version="1.0"?>
<opencv_storage>
<imageDescriptor type_id="opencv-matrix">
  <rows>1</rows>
  <cols>1000</cols>
  <dt>f</dt>
  <data>
    0. 0. 0. 0. 3.18760169e-004 2.42898427e-003 4.67951642e-003 0. 0.
    -1.64918514e-004 0. 2.96862214e-003 -5.76298044e-004 0.
    6.41363556e-004 0. 6.79440156e-004 1.94928912e-003 -1.42258650e-004
    0. 2.50918046e-003 -3.44193686e-004 1.62188371e-004 0. 0.
    1.25744985e-003 0. 8.04426428e-003 0. 5.66652801e-004
    1.57886173e-003 8.23180936e-003 0. -2.32652109e-003 0. 0. 0. 0. 0.
    0. 0. 1.68893463e-003 5.55667328e-004 0. 1.03581939e-002 0.
    5.83515223e-003 0. 2.52862490e-004 3.79190693e-004 -2.05828203e-003
    0. 1.05941691e-003 0. 0. 2.54911813e-003 0. 6.28996524e-004
    1.20873016e-003 0. 0. 0. 6.96906215e-003 3.14047677e-003
    5.14826854e-004 0. 0. 8.46265163e-003 -1.12633582e-003
    3.73160350e-004 2.13508523e-004 0. 4.28503007e-003 0. 0.
    3.09516414e-004 0. 6.19210768e-004 5.15387044e-004 0.
    1.17778853e-002 0. -1.90479343e-003 0. 0. 3.07044876e-003 0.
    1.04103028e-003 0. 0. 0. 0. 3.49087082e-003 0. 0. 0. 0.
    5.16375992e-003 0. 0. 0. 0. 1.00847613e-003 0. 0. -1.41459575e-003
    0. 9.90593689e-005 -1.59682438e-003 0. 4.91969800e-003
    -1.54398906e-003 1.58159772e-003 7.73142138e-003 0. 0. 0.
    7.67046073e-003 4.63020289e-003 3.17118916e-004 0. 0. 0. 0.
    6.51576789e-003 8.17747042e-003 0. 1.45515089e-003 0.
    5.68963238e-004 1.34977163e-003 -2.20291223e-003 0. -4.57470538e-004
    0. 7.31398410e-004 0. 0. 0. 0. 3.03372950e-003 3.75067280e-003
    2.05149781e-003 -1.12714421e-003 0. 1.08482165e-003 4.38938756e-003
    0. 0. -1.69698987e-003 0. 0. 4.81703272e-003 0. 0. 1.25883764e-003
    0. 0. 8.17756692e-004 0. 0. 3.68978642e-003 0. 0. 5.46922500e-004
    3.50201386e-003 2.53296806e-003 0. 0. 0. 8.87240691e-004 0.
    -1.39653392e-003 0. 0. 0. 0. 2.78189499e-003 0. -2.15676241e-003
    3.44269839e-003 0. 0. 4.79459669e-003 2.47162976e-003 0.
    1.19633053e-003 0. -3.85180116e-004 1.88890647e-003 0.
    3.20422254e-003 0. 0. 6.96762558e-003 0. -1.74224973e-004
    -5.98698738e-004 1.21188455e-003 -1.75003661e-003 0. 0.
    8.74226389e-004 1.37786486e-003 0. -3.15449527e-003 7.42190005e-003
    0. 9.86771891e-004 0. 0. 0. 1.00061961e-003 2.87735253e-003
    1.11362569e-004 3.20633961e-004 5.61372843e-003 0. -7.68187339e-004
    9.24774911e-003 1.27080956e-003 0. 3.01319989e-003 1.23135559e-003
    0. 0. 2.35946127e-003 9.27972782e-004 3.79751902e-003 0. 0. 0. 0.
    1.97462202e-003 9.44159285e-004 0. 0. 0. 1.90135406e-003
    9.00553248e-004 4.27501043e-003 0. 6.50330505e-004 1.63932017e-003
    0. 6.22608326e-003 0. 0. 0. 3.41490447e-003 1.07199815e-003 0.
    -1.64769561e-004 0. 0. 1.74402469e-003 0. 3.03643895e-003 0.
    3.29520041e-003 0. 0. 0. 5.25864214e-003 -1.17193931e-003 0.
    5.50821540e-004 4.18501394e-003 0. 0. 0. 0. -6.63738814e-004 0. 0.
    0. 0. 2.19209492e-003 1.70128292e-003 5.79985930e-003 0.
    2.00450839e-003 1.42568070e-003 6.64566271e-003 8.81369167e-004 0.
    0. 9.26269102e-004 0. 2.85190996e-003 1.61848962e-003 0. 0. 0. 0.
    1.34519569e-003 4.61948896e-003 0. -7.22187397e-004 0.
    1.16396032e-003 1.87302125e-003 0. 0. 0. 0. 0. 0. -6.29299495e-004
    0. 0. 2.19474663e-003 0. -7.43508572e-004 0. 1.60815602e-003 0.
    -4.14658978e-004 0. 0. 0. 0. 1.24374786e-002 0. 6.24810637e-004 0.
    1.04242598e-003 9.42626211e-005 1.62038032e-003 0. 1.99177163e-003
    0. 3.44916736e-003 0. 0. 0. 6.68284111e-003 3.19632678e-003
    6.47847261e-003 1.48837257e-003 -3.90203437e-004 -1.06431230e-003
    1.57523726e-003 -1.61790405e-004 0. 2.46217242e-003 1.68719189e-003
    0. 3.52685200e-003 2.93449103e-003 1.11282291e-002 0. 0. 0.
    3.78928555e-004 0. 0. 0. 0. 0. 0. 0. 0. 0. 0. 0. 0. 0. 0.
    3.60081322e-004 0. 8.68518255e-004 0. 0. 0. 1.35517190e-003
    -1.08498025e-004 2.28785235e-003 0. 0. 4.48403182e-003 0.
    7.53146887e-005 0. 5.54656051e-003 0. 1.08668092e-003 0. 0. 0. 0.
    4.84721735e-003 0. 5.11439866e-004 8.98227852e-004 0. 0. 0. 0. 0. 0.
    0. 0. 2.21971748e-003 0. 0. 4.05044761e-003 3.24271829e-003
    2.71810638e-003 5.54429926e-003 0. 5.72946621e-003 3.03127221e-003
    0. 0. 0. 1.24093005e-002 0. 1.32657634e-003 -7.80811999e-004 0.
    4.72523461e-005 3.65664670e-003 -5.68132324e-004 1.76118384e-003
    2.93219928e-003 0. 0. 0. 1.34101720e-003 -1.68618019e-004
    -1.24690856e-003 -9.33704898e-004 0. 0. 0. 2.39086128e-003 0.
    -4.33781242e-005 0. 1.68195763e-003 0. -1.92258289e-004 0. 0. 0. 0.
    6.83379534e-004 0. 0. 2.54671671e-003 0. 0. 3.96847259e-003 0.
    1.73280991e-004 0. 2.85003963e-003 0. 0. 1.29889837e-003 0.
    5.57078561e-003 0. 0. 1.06667040e-003 0. 1.35325768e-003 0. 0.
    6.61051075e-004 0. 0. 0. 3.37189739e-003 0. 3.23118496e-004 0.
    6.36592181e-003 2.61182804e-003 0. 1.63339748e-004 3.83404200e-003
    4.93191695e-003 9.70099354e-005 0. 8.24953895e-003 0. 0.
    5.66944620e-003 0. 0. 0. 5.25512616e-004 6.74987119e-003 0. 0.
    1.52284792e-003 0. 0. 0. 0. 6.23380253e-003 1.27837593e-002
    4.63047501e-004 5.64378686e-003 4.07462590e-004 0. 1.25118659e-003
    0. 3.20095336e-003 1.59454742e-003 1.83953624e-003 3.74836638e-003
    0. 0. 0. 0. 0. 0. 0. 0. 0. 0. 0. 0. 0. 1.35171157e-003 0. 0. 0. 0.
    0. -1.19971076e-003 -1.83685261e-004 0. 2.24541291e-003 0. 0. 0. 0.
    7.14739319e-003 0. 7.02790776e-003 0. 0. 9.79153789e-004
    1.48543180e-003 0. 0. 0. 0. 2.09994934e-004 3.56792961e-003
    1.96675351e-003 0. 3.56135861e-004 0. 0. -6.38475176e-004
    1.11030694e-003 0. 0. 1.24093657e-003 0. 1.58394931e-003
    1.04811792e-004 0. 0. 9.09201044e-004 0. 0. 0. 0. 1.78604445e-003 0.
    0. 2.16703722e-003 1.11061463e-003 0. 8.62540503e-004
    4.38441260e-004 0. 0. 3.04902135e-003 0. -6.51889713e-004 0. 0. 0.
    0. 0. 8.00666050e-004 0. 0. 0. 0. 0. 1.67866543e-004 1.94327335e-003
    1.35406444e-003 5.09761912e-006 -3.92595161e-004 1.76293484e-003
    8.86910711e-004 7.86936190e-003 0. 0. 0. 0. 2.24514725e-003
    7.68354163e-004 0. 0. 0. -2.87085102e-004 8.32013786e-003 0.
    2.23663053e-003 0. -2.79795786e-004 -1.40792239e-004 0.
    2.57294718e-003 0. 0. 3.78071819e-003 0. 0. 0. 0. 9.02927946e-004 0.
    0. 2.27590883e-003 0. 0. -1.33890326e-005 0. 0. 0. 5.57703723e-004
    8.43774062e-004 0. 0. 1.75442523e-003 0. 0. 0. -1.29341858e-003 0.
    0. 2.53742590e-004 0. 0. 0. 0. 1.90867018e-003 0. 0. 0.
    2.43443670e-003 0. 0. 3.93516896e-003 0. 0. 0. 3.43411230e-003
    2.87065702e-003 4.45591938e-003 0. 0. 2.22711382e-003
    7.96574517e-004 -8.22693051e-004 0. 0. 0. 0. -9.55762080e-005 0. 0.
    0. 1.34015447e-002 1.05968798e-002 0. 0. 0. 0. 1.65277428e-003
    5.62161964e-004 0. 2.68563745e-003 0. 3.94328730e-003 0. 0.
    7.27058481e-003 0. 4.32911608e-003 0. 0. 1.82401112e-004 0.
    1.35174568e-003 0. 7.52349803e-003 1.99168455e-003 0. 0.
    -3.89520224e-004 0. 0. 4.59360797e-003 0. 1.59797736e-003 0. 0. 0.
    0. 0. 0. 0. 1.53262971e-003 0. 6.86905230e-004 0. 0. 0. 0. 0. 0. 0.
    0. 0. 1.30181282e-003 0. 2.99222092e-003 0. 5.28045325e-003 0. 0.
    -2.33892715e-004 1.24314299e-003 0. 6.92954403e-004 3.81129025e-003
    0. 7.70738767e-003 0. 0. 0. 1.73535151e-003 4.57499176e-003 0. 0. 0.
    4.16586205e-004 0. 5.52900834e-003 0. 6.59369351e-003
    1.24790671e-003 0. 8.48182026e-005 0. 3.10847280e-003
    -4.88361147e-005 0. 0. 0. 0. 0. 3.06801900e-004 0. 0.
    3.25613399e-003 8.33152269e-004 2.79562897e-003 0. 1.73791952e-003
    6.20263210e-003 -1.09230320e-003 0. 2.89633730e-003 0. 0.
    2.33801710e-003 0. 0. 1.18130515e-003 0. 8.83657834e-004 0.
    1.09882012e-003 8.08847602e-004 2.25770893e-003 0. 0.
    1.65914977e-003 0. 0. -1.21019548e-003 4.89736581e-003 0. 0.
    2.85925780e-004 0. 0. 0. 0. 6.17415505e-003 0. -1.12450565e-004 0.
    6.17494993e-003 1.84344128e-003 3.41204484e-003 -3.38476442e-004 0.
    0. 3.20825004e-003 0. 0. 0. 0. 1.61608332e-003 0. 2.53455807e-003 0.
    7.09173921e-003 8.77632003e-004 0. 0. 0. 0. 6.94655953e-003 0. 0. 0.
