<?xml version="1.0"?>
<opencv_storage>
<imageDescriptor type_id="opencv-matrix">
  <rows>1</rows>
  <cols>1000</cols>
  <dt>f</dt>
  <data>
    2.94833933e-003 1.78290368e-003 1.53662811e-003 -1.18827028e-003
    5.58592961e-004 0. 4.21397761e-003 0. 1.35344581e-003 0.
    9.41157457e-004 1.62122725e-003 0. 0. 1.23156977e-004
    1.79644895e-003 1.03057828e-003 0. 0. 0. 3.25959339e-003
    -3.49854527e-004 0. 1.01235160e-003 7.36292859e-004 -2.74043035e-004
    0. 0. 0. 0. 5.90969401e-004 0. 1.08098378e-003 -2.09934433e-006
    1.87037210e-003 3.53247905e-003 0. -3.38218320e-004 2.98858504e-003
    3.78968427e-003 3.11389170e-003 -8.80779931e-004 -1.23334781e-003
    1.96756748e-003 0. -1.74865650e-003 8.89277668e-004 9.10709961e-004
    0. 0. 8.86205671e-005 0. -1.23292452e-003 -2.02888288e-004 0.
    7.78986560e-003 0. 0. 1.71258929e-003 2.29507196e-003
    1.73774210e-003 1.32926833e-003 -1.38538470e-003 1.02226995e-003
    2.25647772e-003 4.22811863e-004 0. -8.86802154e-004 0. 0. 0.
    1.11221662e-003 4.07618983e-003 0. 0. 3.42536223e-004 0.
    1.39973563e-004 1.83875288e-003 0. 5.36267878e-004 3.76114226e-003
    1.64428819e-003 0. 0. 0. 0. 0. 3.34257050e-003 -9.15672106e-004 0.
    -1.34895672e-004 2.21626670e-003 -3.65348795e-004 -3.16075078e-004
    6.05875440e-003 1.49359985e-003 4.27618669e-003 3.93658673e-004
    7.59754446e-004 1.91090745e-004 0. 3.30088427e-004 -8.32267688e-004
    0. 8.84931826e-004 -4.25636506e-004 0. 5.29711880e-003
    6.88919739e-004 1.02808583e-003 0. 0. 1.66125537e-003
    4.17419709e-003 0. 0. 1.26000680e-003 -5.19992260e-004
    1.64642668e-004 3.06634640e-004 2.18122802e-003 3.10411025e-003 0.
    2.34674997e-004 6.48134679e-004 5.40096022e-004 2.07490427e-003
    1.11121591e-003 1.00026838e-002 0. 0. 1.81777135e-003
    -9.06773421e-005 0. 5.67073759e-004 2.47636082e-004 7.20394135e-004
    1.17344153e-003 -3.79600096e-004 9.24155931e-004 0. 1.43758731e-003
    0. 2.31430749e-004 1.51574344e-003 7.07728649e-003 -1.30370645e-005
    0. 1.06893713e-003 0. 1.98534573e-003 1.01264019e-003 0. 0. 0.
    1.94774196e-003 5.99076832e-003 -3.04646703e-004 3.46560543e-003 0.
    0. 0. -2.43493519e-003 6.01715175e-004 0. 0. 3.63623211e-003
    3.19720921e-003 0. 9.74481285e-004 0. 0. 8.37050902e-004 0.
    2.70359148e-003 0. 0. 1.05823262e-003 4.92003793e-003
    -4.79217910e-004 2.35556567e-004 3.16794054e-003 0. 0.
    1.64239912e-003 2.05658347e-004 0. 0. 0. 5.59212733e-003 0.
    -3.30764597e-004 -1.06316191e-004 1.56447920e-003 7.71374861e-003
    5.52864512e-003 -5.32421225e-004 1.84357679e-003 3.22311971e-004
    2.73947255e-003 0. 3.37155274e-004 0. 0. 0. 1.10129651e-003 0. 0.
    4.86346471e-005 0. -8.99995852e-004 4.48145065e-003 0.
    3.80533515e-003 1.40610861e-003 0. 8.40213790e-004 9.03585867e-004
    0. 3.76111898e-003 0. 0. 2.71799322e-003 0. 0. 1.81901769e-003
    2.87705450e-003 0. 2.82834587e-003 1.58584386e-003 0. 0. 0. 0.
    9.77405231e-004 4.56807949e-003 0. 0. 6.38611964e-004 0.
    9.44161497e-004 0. 0. 0. 5.66111703e-004 3.96600505e-003
    4.07686410e-003 9.85430903e-004 0. 7.21583550e-004 0.
    8.38076929e-004 0. 0. 1.14390096e-002 0. 3.64972511e-003
    9.46281070e-004 4.86772647e-003 0. 0. 7.47602899e-004 0.
    9.30493814e-004 3.48851027e-004 0. 0. 1.30605782e-004
    3.11439415e-003 0. 1.48709714e-002 -2.39935893e-004 -5.49632416e-004
    0. 5.36770700e-003 1.43504085e-003 2.41919998e-002 0.
    4.35006246e-003 0. 0. 0. 3.45555576e-003 0. 9.60027217e-004
    2.85235629e-003 2.83160433e-003 0. 1.70507119e-004 1.81857171e-003
    -6.17583608e-003 0. 0. 1.64523802e-003 -1.20333582e-003
    -6.75698859e-004 5.54039318e-004 6.78103743e-003 2.30611302e-003
    6.29112707e-004 -4.75807610e-004 2.02629599e-003 1.03471719e-003
    4.45146067e-003 0. 0. -7.03379628e-004 1.17432384e-003
    3.31215269e-005 0. 3.34403681e-004 4.10777982e-003 2.88004568e-003
    -7.17467396e-004 4.60270466e-003 0. 0. 0. 1.53230806e-003 0. 0. 0.
    0. 0. 0. 3.35915154e-003 1.32563396e-003 0. 1.34583854e-004 0. 0.
    3.59619875e-003 0. 0. -8.32223159e-004 -3.95163981e-004
    2.29373435e-003 0. 3.10987560e-003 0. -5.27784170e-004 0. 0. 0.
    1.57995278e-003 5.45021472e-003 0. 0. 1.60659384e-003 0. 0.
    8.70409887e-004 3.10696219e-003 0. 4.54810535e-004 1.08878105e-003
    4.04795457e-004 4.01398307e-003 0. 9.99561045e-004 4.99946391e-003
    1.39175716e-003 5.76058985e-004 0. -6.54289383e-004 6.11623254e-005
    2.36669462e-003 0. 9.92452842e-004 0. 3.16358346e-004
    4.35639406e-003 2.00578652e-004 0. 0. 4.34605218e-003 0.
    6.36568200e-003 0. 0. 0. 8.13047343e-004 0. 0. 0. 0. 0.
    3.98412085e-004 0. 0. 0. 0. 0. 6.00052997e-004 -8.67373776e-004
    2.79310159e-004 6.38442812e-004 0. 0. 1.64176489e-003
    1.79967098e-002 0. 3.19008157e-003 3.62683582e-004 2.94115883e-003
    2.06638756e-003 1.65147206e-003 0. 4.19424294e-004 -3.32486554e-004
    0. 0. 3.76607859e-005 0. 0. 0. 9.01604129e-004 8.04159557e-004 0. 0.
    7.39664712e-004 0. 3.14709869e-005 -5.76271559e-004 0.
    5.35322120e-003 0. -2.28966749e-003 9.97971045e-004 0.
    7.60880881e-004 1.46909544e-004 0. 6.04877598e-004 4.70608892e-003
    6.34382013e-004 1.10569701e-003 3.44387116e-003 7.61343807e-004 0.
    5.25124895e-004 1.83447346e-003 0. 0. 0. 0. 8.72566074e-004
    4.82066069e-003 2.21630204e-002 0. 3.11821955e-003 -1.51172289e-005
    1.08006515e-003 0. 0. 2.70119839e-004 9.06854111e-005
    7.58434529e-004 1.04997645e-003 0. 3.43794283e-003 1.21056270e-002
    -1.04057405e-003 3.45878466e-003 0. 8.53780843e-003 0. 0. 0.
    5.40459994e-004 -4.80065864e-006 3.26244812e-003 0. 1.61124583e-004
    4.90111904e-003 2.70118448e-003 0. 0. 0. 4.07518633e-003
    3.20101366e-003 0. -6.48489222e-005 0. -2.25283648e-003
    3.30186728e-003 0. 3.29619483e-003 0. 0. 3.47432768e-004 0.
    4.67968313e-003 1.18468388e-003 5.04512805e-004 0. 0.
    3.34803277e-004 0. 0. 6.99888216e-004 1.34854624e-003 0.
    1.65846874e-003 4.32812347e-004 8.25785566e-004 -1.33245229e-003 0.
    1.72603584e-003 1.86128658e-004 0. 0. 1.10607035e-003 0.
    -6.42916246e-004 0. 1.85725756e-003 0. 3.13294912e-003
    4.25684266e-003 1.95294735e-003 0. -1.91680645e-003 1.74029376e-002
    5.30601283e-005 1.21258444e-003 0. -7.45991827e-004 0.
    8.25508789e-004 0. 0. 0. 0. 3.07680783e-003 0. 0. 0. 0.
    1.59739284e-004 2.04110293e-005 1.54812373e-002 3.13567929e-004 0.
    0. 0. 0. -1.11731910e-003 3.38448049e-003 -5.40667155e-004
    2.29267450e-003 0. 0. 0. 8.05871503e-004 0. 3.35026113e-003 0. 0.
    1.04935828e-003 1.03940256e-003 0. 4.01407573e-003 0. 0.
    2.15208088e-003 2.57669220e-004 0. 9.97374882e-004 0.
    -1.41314464e-004 0. 7.86319096e-003 0. 5.56139858e-004 0. 0. 0.
    -2.76944804e-004 1.67534489e-003 0. 1.72898592e-003 0.
    4.85475920e-003 0. 0. 1.34957663e-003 0. -3.44957545e-004
    1.62786699e-003 6.16795034e-004 3.37145850e-003 1.86789688e-003
    1.13013841e-004 3.97457462e-003 -3.74937634e-004 4.34905197e-003
    1.68759876e-003 0. 0. -2.10831146e-004 0. 1.32973120e-003
    8.66793748e-003 3.60591128e-003 7.30265747e-004 8.80760723e-004
    1.60314539e-003 1.79407722e-003 2.30225408e-003 0. 7.63456745e-004
    0. 0. 1.07227564e-002 0. 0. 0. 0. 0. 3.57342744e-003 0.
    3.96945747e-003 2.01865798e-003 1.75515481e-003 0. 6.28075702e-003
    2.52269325e-003 0. 3.12565919e-003 5.88149589e-004 1.10001781e-003
    0. 4.08928754e-004 -3.60461971e-004 1.65024155e-003 0. 0.
    -1.25471177e-003 0. 1.22894323e-003 4.76251473e-004 0. 0. 0. 0. 0.
    0. 8.34033533e-004 0. 0. 2.06365972e-003 5.69337280e-004 0.
    1.54148648e-003 4.25212039e-003 0. 4.96032089e-003 0.
    1.99435512e-003 0. 0. 0. 0. 0. 1.53988332e-003 6.95951516e-004 0.
    -5.31594618e-004 1.19004364e-003 0. 0. 1.80063478e-003 0.
    1.52764755e-004 0. 6.05000823e-004 4.76574351e-004 1.92360335e-003
    0. 0. 0. 0. 0. 1.55642477e-003 -1.50797982e-003 8.89465155e-004 0.
    1.27521611e-003 0. 0. 1.01498479e-003 0. 3.09846224e-003 0. 0.
