<?xml version="1.0"?>
<opencv_storage>
<imageDescriptor type_id="opencv-matrix">
  <rows>1</rows>
  <cols>1000</cols>
  <dt>f</dt>
  <data>
    0. 0. 0. 0. 1.43652805e-003 1.93941139e-003 9.55126307e-004 0.
    1.31872017e-002 0. 0. 0. 3.08570662e-003 0. 1.95401744e-003 0.
    1.53449725e-003 7.54722115e-003 0. 1.55563629e-003 -2.14620028e-004
    -1.10441865e-003 0. 2.87114549e-003 0. -9.61831247e-004
    2.19498019e-004 0. 0. 0. 0. 0. -3.89539819e-005 3.86737334e-003 0.
    0. 0. -6.81911188e-004 0. -7.53915287e-004 0. 0. 0. 0. 0.
    2.13037757e-003 0. 0. 0. 7.51301134e-003 7.35302363e-003
    3.42794927e-003 0. -5.08587458e-004 -2.05937577e-005 0. 0. 0. 0. 0.
    0. 8.90573196e-004 0. 0. 3.19124694e-004 0. 3.48772993e-003 0.
    4.45247948e-004 0. 0. 7.09792948e-004 0. 2.67020613e-003 0.
    -6.70817040e-004 1.73040794e-003 0. 1.59809971e-003 2.38825125e-003
    2.47084047e-003 1.41969766e-003 0. 0. 0. 0. 0. 0. 0. 0. 0. 0. 0. 0.
    0. 0. -5.05566364e-004 0. 0. 0. 0. 0. 0. 0. 0. 0. 0. 1.05527434e-002
    0. 0. 3.37543413e-002 0. 3.74026189e-004 0. 6.14283839e-004 0.
    1.23242650e-003 1.35338667e-003 2.57465802e-003 1.12140994e-003
    -6.07527254e-005 0. 0. 0. 0. -8.27576441e-004 7.05937715e-003
    9.44466388e-004 0. 0. 0. 2.40788679e-003 0. 0. 0. 0. 1.64388749e-003
    0. 0. 0. 0. 0. 1.70198898e-003 -1.87252823e-003 0. -1.99490832e-003
    1.93919486e-003 0. 0. 0. 0. 0. -1.49436714e-003 0. 3.13537358e-003
    3.11748125e-003 0. 1.68237311e-003 0. 4.27325768e-003
    9.95560084e-003 0. 0. 5.19018434e-003 9.87647381e-003
    1.82413589e-002 0. 4.55034198e-003 2.71101901e-003 0.
    2.73984461e-003 2.90458836e-003 -1.34179660e-003 0. 0. 0.
    6.85684383e-003 3.95563059e-003 0. 0. 1.24056684e-003 0.
    3.57760163e-003 6.86427520e-004 1.12546200e-003 2.81422422e-003 0.
    0. -1.03463826e-003 3.82043212e-003 1.02738116e-003 0. 0.
    1.20779285e-002 0. 0. 0. 0. 0. -3.36695899e-004 0. 0. 0. 0.
    1.84114370e-003 -2.75970204e-003 0. 0. 1.28991506e-003 0. 0. 0.
    -2.18932430e-004 0. 0. 0. 3.66550550e-004 0. 1.50626560e-003
    -1.73523289e-003 0. 0. 8.66275560e-003 1.45049620e-004 0. 0. 0. 0.
    2.29108334e-003 0. 5.51369958e-005 -1.88426569e-003 0. 0. 0. 0.
    1.17608591e-003 0. 0. 6.08945824e-003 0. 0. 1.56179699e-003
    -6.98985998e-004 0. 0. 3.58741311e-003 0. 0. 3.15620890e-003
    1.29961164e-003 0. 0. 0. 0. 0. 0. -4.99926740e-004 0.
    3.02756531e-003 0. 3.15905106e-003 4.68663406e-003 1.43345256e-004
    3.40692652e-003 0. 1.99885946e-003 1.76049082e-003 0. 0.
    6.65605627e-003 0. 0. 3.98936635e-003 0. 2.99216760e-003 0. 0. 0.
    1.27356602e-002 0. 1.76732650e-003 0. 0. 0. 0. 0. 0. 0.
    7.71500709e-005 0. 0. 0. 0. 0. 1.05658325e-003 0. 0. 1.20260159e-003
    0. 0. 0. 0. 0. 0. 0. 0. 0. 1.48245762e-003 0. 2.01597373e-004
    3.13945510e-003 0. 0. 0. 2.68403837e-003 0. 0. -6.20458857e-004 0.
    -2.18146225e-003 1.49163865e-002 8.38452764e-003 0. 0.
    -1.94883195e-003 7.83744920e-003 0. 6.95811724e-003 0. 0. 0. 0. 0.
    0. 1.77739724e-003 0. 0. 2.70075537e-003 0. 0. 0. 0. 3.79546965e-003
    7.47393444e-003 0. 0. 0. -4.11241985e-004 0. 3.51024070e-003 0. 0.
    0. 3.42024653e-003 0. 7.78251502e-004 0. 7.18832307e-004 0. 0. 0. 0.
    0. 7.48601509e-003 0. 0. 0. 0. 0. 0. 0. 0. 4.77360468e-003
    -3.10568651e-003 1.23673549e-003 -8.80653621e-004 0. 0. 0. 0. 0. 0.
    0. 0. 0. 0. 0. 0. 0. 9.02536034e-004 0. 0. 0. 1.91709361e-004 0.
    -1.65941112e-003 0. 0. 0. 0. 2.16708751e-004 0. 0. 0.
    9.02618933e-003 0. 0. 0. 0. 0. 0. 0. 3.99730029e-003
    -1.03561720e-003 0. 1.53668073e-003 0. 0. -1.97412679e-003 0.
    3.31572350e-003 0. 0. 0. -2.10730781e-004 0. 0. 0. 0. 0.
    5.86226676e-003 0. 0. 0. 0. 0. 1.90745841e-003 0. -4.20896523e-003
    0. 0. 0. 0. -5.95400517e-004 0. 0. 0. 0. 0. 0. 0. 0. 0. 0. 0. 0. 0.
    0. 0. -3.87783791e-003 0. 1.62088277e-003 1.02778478e-003 0. 0. 0.
    0. 0. 7.87040859e-004 0. 0. 3.80425714e-003 0. -6.90714165e-004
    8.08251277e-003 2.11185589e-003 0. 0. 0. 0. 1.29795745e-002
    -1.39202457e-003 0. 7.56511046e-003 0. 0. 0. 0. 0. 6.44002110e-004
    0. 0. 0. 0. 0. 0. 0. 1.77395088e-003 0. 0. 5.25105791e-003 0. 0. 0.
    0. 6.43860968e-003 5.94101986e-003 0. 2.77076359e-003 0. 0.
    3.01874155e-004 2.34380201e-003 0. 0. 0. 2.40687584e-003 0.
    -1.77384785e-003 0. 3.53622879e-003 0. 6.64913515e-003 0. 0.
    5.35002910e-004 6.80233352e-003 1.53554953e-003 0. 0.
    6.44021109e-003 0. 0. 9.92724206e-004 0. 5.38556790e-003 0. 0. 0.
    2.16885167e-003 0. 0. 1.77549804e-003 0. 0. 0. 0. -1.22946850e-003
    0. 0. 0. 2.82187801e-004 0. 1.56631938e-003 0. 0. 0. 4.09559812e-003
    2.40087719e-003 0. 0. 0. 0. 3.34500521e-003 1.39826513e-003
    1.01175020e-003 0. 0. 0. 0. 0. 7.88873341e-003 0. -9.37561854e-004
    0. 0. 1.76063681e-003 0. 1.42904499e-003 0. 0. 0. 0. 0.
    6.02063630e-003 -4.20100428e-003 0. 0. 0. 0. 0. 0. -4.09395550e-004
    0. 0. 1.07490988e-002 2.54561543e-003 -1.54271524e-003 0. 0.
    3.21740663e-004 0. 5.37557295e-004 0. 0. 0. 0. 0. 1.60376646e-003
    1.74133375e-003 0. 0. 5.74967824e-003 0. 0. -2.48178933e-003 0. 0.
    1.17887522e-003 0. 0. 0. 3.80581641e-003 9.36646387e-003
    2.06326647e-003 3.03321867e-003 -5.59377484e-004 2.32975204e-002
    -3.02449777e-003 0. 0. 0. 0. 9.36312880e-003 0. 0. 9.26132221e-003
    0. -3.57219321e-003 -1.39867968e-003 0. 0. 0. 1.54721958e-003
    1.44150748e-003 0. 7.01286085e-003 0. 0. 0. 0. 0. 0.
    -7.42117176e-004 1.35347561e-003 0. 0. -4.17210860e-004
    5.25699509e-003 0. 0. 0. 5.32933651e-003 1.69504713e-003 0. 0.
    3.65363108e-003 4.91333753e-003 -1.43978023e-003 0. 0.
    8.57359078e-003 0. 1.42682074e-002 3.17306397e-003 7.15739839e-003
    0. 9.98625183e-004 0. 4.64217179e-003 0. 0. 1.37326564e-003
    2.02355222e-004 8.34157225e-004 0. 4.92365274e-004 0. 0. 0. 0. 0.
    8.17564130e-003 7.08853081e-003 0. 0. 0. 0. 0. 0. 0. 0. 0. 0.
    1.54525961e-003 2.67894502e-004 4.33580205e-003 0. 0. 0.
    -1.61444664e-003 0. 0. 0. -1.78761268e-003 4.98346286e-003 0. 0. 0.
    0. 0. 0. -8.80885091e-006 0. 8.45703587e-004 4.41477355e-003 0. 0.
    0. -1.18630203e-004 0. 0. 0. 5.01680246e-004 0. 0. 3.50467721e-003
    0. 0. 0. 0. 0. 0. -3.12685547e-003 2.88789789e-003 0. 0. 0.
    1.49374176e-003 0. 0. 1.96375675e-003 0. 1.30299677e-003 0. 0. 0. 0.
    0. 0. 0. 0. 0. 4.13034484e-003 -8.68912379e-004 0. 2.44469935e-004
    0. 0. 0. 0. 1.89600082e-003 0. 0. 1.11933704e-003 0. 5.59234992e-003
    0. 0. 0. -9.63893835e-005 0. 0. 0. 0. 0. 2.88475119e-003
    2.53372896e-003 1.08008394e-002 0. 0. 0. 0. 2.08290061e-003 0.
    2.54668994e-003 0. 0. 0. 0. 1.70488586e-003 0. 0. 5.10868058e-003 0.
    0. 1.49282243e-003 0. 0. 5.15259383e-003 1.65974919e-003
    -1.23567553e-003 0. 0. 0. 3.30515509e-003 2.51840707e-003 0.
    1.25783833e-003 0. 7.80940615e-003 0. 0. 0. 0. 0. 0. 2.27289391e-003
    0. 0. 1.07405940e-002 0. 0. 0. 0. 0. 0. 1.95635529e-003
    2.53006862e-003 1.75319309e-003 0. 1.94179418e-003 6.58745831e-003
    0. 0. 0. 0. 2.39748275e-003 0. 0. 0. 2.09539590e-004 0. 0. 0. 0. 0.
    0. 0. 6.34924741e-003 0. 0. 0. 1.26081482e-002 0. 0. 0. 0. 0.
    2.55859154e-003 0. 2.09370209e-003 0. 0. 0. 0. 0. 1.15910107e-002 0.
    0. 0. -1.03302975e-003 7.68431602e-003 -3.03379423e-003
    2.61297473e-003 4.71526664e-003 0. 2.54339073e-003 0. 0. 0.
    1.80444622e-003 0. 0. -4.38281306e-004 1.98528953e-002
    -4.97816422e-004 0. 0. -5.43050146e-006 0. 0. 0. 0. 3.93418223e-003
    0. 1.07874144e-002 2.29404517e-003 0. 0. 1.27815362e-003 0. 0. 0.
    8.26459087e-004 0. 0. 0. 0. 0. 0. 3.19872936e-003 -4.81972442e-004
    1.33837555e-002 3.48202251e-002 0. 3.06166918e-003 6.42767700e-004
    0. 0. 0. 5.89101389e-003 0. 0. 0. 0. 0. 2.53921887e-003 0. 0. 0. 0.
    0. 0. 0. 0. 8.54867883e-003 0. 0. 1.52247902e-002 0. 1.02084456e-003
    8.98907776e-004 0. 0. 5.40837413e-004 0. 0. 0. 0. 0. 9.47050459e-004
    0. 0. 0. -5.56176121e-004 2.18079449e-003 0. -6.53555267e-004
    2.19141692e-003 0. 6.10777643e-003 0. 0. 0. 0. 0. 0.
