<?xml version="1.0"?>
<opencv_storage>
<imageDescriptor type_id="opencv-matrix">
  <rows>1</rows>
  <cols>1000</cols>
  <dt>f</dt>
  <data>
    0. 0. 0. 0. 1.67921942e-003 0. 3.30136693e-003 3.03653604e-003 0.
    3.78925772e-003 0. -2.72253156e-003 0. 0. 0. 0. 0. 0. 0. 0. 0. 0. 0.
    0. 0. 0. -5.16796368e-004 -5.51647041e-004 0. 2.65613291e-003
    3.91365029e-003 0. 0. 0. 0. 0. 3.47009720e-003 5.39565505e-003
    6.31881086e-003 0. 1.45634648e-003 5.93734486e-003 0.
    1.37068657e-003 9.50415246e-003 7.98657537e-003 5.43543277e-003 0.
    4.19503311e-003 0. 0. -6.58981269e-004 0. 0. 0. 0. 0.
    3.89198976e-004 0. 0. 0. -9.52216913e-004 0. 0. 7.68246315e-003 0.
    0. 0. 0. -2.42667692e-003 3.60369263e-003 7.75891589e-003
    1.79827097e-003 0. 0. 0. 0. 0. 0. 0. 0. 0. 0. 0. 0. 2.52276659e-003
    9.33715794e-003 0. 0. 0. 0. 0. 1.53001375e-003 1.92697672e-003 0.
    -1.54932064e-003 2.07396038e-002 0. 0. 0. 0. 0. 0. 0. 0.
    2.12399978e-002 0. 0. -5.73329395e-004 9.30722337e-004
    8.50408222e-004 0. 5.71922516e-004 0. 4.27971501e-003
    8.72724515e-004 2.69718026e-003 2.64409408e-002 5.38759911e-003
    1.23273465e-003 0. 0. 0. 0. 0. 0. 0. 0. 0. 8.85004643e-003 0.
    1.10795232e-003 0. -3.58293619e-004 0. 0. 0. 0. 0. 0. 0.
    1.04728322e-002 0. 0. 7.74255302e-003 0. 0. 0. 0. 7.09446147e-003 0.
    0. 1.59763021e-003 -2.30943412e-003 0. 1.74656103e-003 0. 0. 0. 0.
    0. 7.27686333e-003 0. 0. -1.27276091e-003 0. 1.85543438e-003 0.
    -4.77792404e-004 0. -4.26648883e-003 0. 1.33158837e-003 0.
    1.25375844e-003 0. 0. 7.08615815e-004 0. 0. 8.89328960e-003 0. 0.
    5.38760610e-003 0. 4.66823019e-003 3.54539137e-003 0. 0.
    4.84983763e-003 5.14445920e-003 0. 0. 0. 2.38787266e-003
    5.75490703e-004 0. 0. 0. 0. 0. 0. 7.42599461e-003 -3.25559266e-003
    0. 0. 0. 0. 0. 2.94372730e-004 5.98150957e-003 7.62783922e-003
    3.66498367e-003 7.21247587e-003 5.32849808e-004 0. 0. 0. 0.
    8.44068080e-003 1.78807823e-003 0. 2.69450597e-003 6.49883063e-004
    0. 0. 0. 0. 0. 2.05650041e-003 0. -1.72879745e-003 0. 0. 0. 0.
    5.16134594e-003 1.93915062e-003 0. 0. 1.35018467e-003 0.
    1.89912785e-003 0. 4.33799811e-003 0. 0. 0. 1.56231958e-003 0.
    2.05072202e-003 0. 0. 0. 0. 0. 0. -8.72174744e-004 0.
    2.94155045e-003 5.31643955e-003 0. 0. 0. 2.38068635e-003 0. 0. 0. 0.
    0. 9.44360532e-003 3.66780697e-003 0. 0. 0. 0. 0. -1.60368261e-004
    0. 0. 0. 1.20236035e-002 0. 0. 6.05442794e-003 6.97806431e-003 0. 0.
    3.32495547e-004 0. 0. 0. 7.93180708e-003 0. 0. 6.86583994e-003 0. 0.
    0. 0. 0. 0. 0. 0. 0. 0. 0. 0. 0. 0. 3.35871754e-003 3.05069820e-003
    2.43435521e-003 -6.41791907e-004 7.17032759e-004 2.54740706e-003 0.
    6.04743662e-004 2.26015644e-003 0. 0. 0. 0. 0. 0. 0. 1.38053566e-003
    0. 0. 0. 2.19636085e-003 0. 0. 0. 0. 0. 8.44461727e-004 0. 0. 0. 0.
    7.84665812e-003 0. 0. 0. 0. 0. 0. 0. 0. 0. 0. 0. 0. 0. 0. 0. 0.
    3.32870428e-003 0. 1.37418625e-003 0. 0. 1.23210368e-003 0.
    9.38757416e-003 0. 3.05125210e-003 2.94695632e-003 0. 0. 0. 0.
    6.92679826e-003 2.47712224e-003 0. 0. 2.09949980e-003
    1.32871780e-003 0. 0. 4.25447989e-003 0. 0. 0. 1.73539936e-003
    1.33465941e-003 9.87048144e-004 0. 0. 0. 2.87118903e-003 0. 0. 0.
    -3.23424523e-004 0. 0. 0. 0. 0. 4.31857537e-003 0. 1.76012085e-003
    0. 0. 0. 9.06116475e-005 1.58388878e-003 0. 0. 0. 0. 0. 0. 0. 0. 0.
    5.09257847e-003 0. 0. 0. 3.90949612e-003 0. 2.51876749e-003 0. 0. 0.
    0. 0. -4.15216928e-004 0. -1.48901634e-003 0. 0. 0. 0. 0. 0.
    -4.25649932e-006 0. 0. 0. 0. 1.62070189e-002 0. 0. 1.35930860e-002
    0. 2.91202404e-003 0. 0. 3.91019648e-003 0. 0. 4.43254085e-003
    -1.37331767e-003 0. 0. 2.61992519e-003 0. 1.69730891e-004
    4.61379474e-004 0. 0. 0. 0. 0. 0. 0. 0. 1.41451380e-003
    7.91872106e-003 0. 1.17584702e-003 0. 0. 8.71597498e-004 0.
    2.95526581e-003 0. 0. 0. 8.69238656e-003 0. 0. 0. 0. 0. 0. 0.
    -9.99289448e-004 0. 0. 0. 0. 0. 0. 0. 0. 0. 0. -1.27269211e-003 0.
    8.57334526e-004 1.47079979e-003 0. 1.55642896e-003 0. 0. 0. 0.
    3.57941870e-004 4.08309279e-003 0. 0. 0. 0. 0. 0. 0. 0. 0. 0. 0.
    8.64165090e-003 0. 0. 3.73671763e-003 0. 0. 0. 0. 1.12495865e-004 0.
    0. -1.58867822e-003 0. 1.08104851e-002 0. 0. -3.26725352e-003 0. 0.
    0. 0. 2.70361872e-003 0. 0. 0. 0. 0. 0. 1.85455533e-003
    1.42954790e-003 5.06301736e-003 3.73083079e-004 1.43247377e-003 0.
    -1.89228726e-004 0. 0. 0. 0. 0. 0. 0. 0. 0. 0. 0. 0. 0. 0.
    2.63992487e-003 1.05616299e-003 2.37980348e-004 3.71628255e-003 0.
    0. 4.41395538e-003 7.93907326e-003 0. 0. 0. 2.43132468e-003
    -2.90068123e-003 0. 0. 6.70317886e-003 0. 0. 0. 0. 0. 0. 0. 0. 0. 0.
    0. 4.27705498e-004 4.89755580e-003 2.60866503e-003 0. 0. 0.
    1.39117474e-003 1.82030741e-002 1.98305328e-003 0. 0. 0. 0. 0.
    -6.44641812e-004 2.13764235e-003 0. 3.17185116e-003 2.86621274e-003
    0. 6.84713619e-003 0. 0. 0. 1.73259294e-003 5.43235452e-004
    -5.64657385e-004 8.68027098e-003 6.21473650e-003 0. 0. 0. 0.
    1.68320246e-003 0. -2.78506218e-003 0. 0. -1.53211446e-003 0. 0.
    -1.21926249e-003 0. 0. 9.91849462e-004 0. 0. 2.06554937e-003
    -8.17928521e-004 0. 0. 0. 0. 0. 4.40878002e-003 7.60580122e-004 0.
    0. 3.86571162e-003 0. 0. 6.16945699e-003 0. 0. 0. 0.
    -1.27780123e-003 0. 0. 2.75145023e-004 0. 0. 0. 3.57128936e-003
    1.15630304e-004 5.10454830e-003 0. 5.27412025e-003 0.
    -2.56590662e-004 0. 0. 0. 0. 0. 7.45372102e-003 7.38679664e-004 0.
    0. 4.76937601e-003 0. 0. 0. 0. 2.55128252e-003 0. 0. 0. 0.
    3.94133665e-003 -5.62947476e-004 0. 3.32545093e-003 0. 0.
    1.58428808e-003 0. 0. 0. 1.87426666e-003 0. 1.32789779e-002 0. 0. 0.
    0. 1.31938374e-003 0. 1.13601622e-003 2.01216061e-003 0. 0.
    3.98949313e-004 2.06451723e-003 0. 0. 5.48043009e-003
    8.44836328e-003 0. 0. 0. 0. 1.00581988e-003 -1.78294489e-004 0. 0.
    2.89498107e-003 0. 0. -2.08227837e-004 0. 0. 9.14820819e-004 0.
    -1.86229023e-004 2.87866243e-003 0. 0. -2.70850782e-004 0. 0.
    1.19581330e-003 2.83956947e-003 4.23818082e-003 0. 1.63328822e-003
    4.04535560e-003 7.21974298e-004 2.45114136e-003 1.52517867e-003 0.
    -3.07896966e-003 0. 0. 0. 0. -2.43739662e-004 0. 0. 0. 0.
    8.40668194e-003 0. 0. 4.91123181e-003 0. 0. 0. 0. 0. 5.48142474e-004
    0. 1.31763825e-002 0. 3.10893473e-003 0. 2.71524908e-003
    1.76412519e-003 2.76410457e-004 0. 0. 5.13493177e-003
    4.47283173e-003 0. -1.88093621e-003 2.04454828e-003 0. 0. 0.
    -5.48071135e-003 3.48070497e-003 0. 0. 4.00986290e-003 0. 0. 0. 0.
    8.82199209e-004 0. 3.09585268e-003 0. 0. 0. 1.67864724e-004 0. 0. 0.
    1.78460410e-004 0. -2.12076935e-003 0. 0. 0. 2.23977375e-003 0.
    8.23168457e-003 0. 0. 0. 0. 2.34196521e-003 0. 0. 0. 0. 0. 0. 0.
    2.56467005e-003 7.01212697e-003 -1.03054172e-003 0. 0. 0. 0. 0. 0.
    0. 0. 0. 0. 6.22533169e-003 2.77419924e-003 0. 6.34606555e-003 0. 0.
    0. 1.28441316e-003 0. 0. 0. 3.80886090e-003 0. 1.39098323e-003 0. 0.
    0. 0. 0. 0. 0. 0. 0. 0. 0. 0. 3.71873239e-003 5.52043691e-003 0. 0.
    0. 0. 9.40883532e-003 0. 5.01142524e-004 4.00303304e-003 0. 0. 0. 0.
    0. 0. 0. 0. 0. 0. 0. 1.76556164e-003 8.01808725e-004 0. 0.
    -4.41901590e-004 0. 0. 4.43844794e-004 6.02490210e-004 0. 0. 0.
    2.02463567e-003 5.08031854e-003 0. -1.15423964e-003 0. 0. 0. 0. 0.
    1.50665827e-003 0. 3.31462035e-003 0. 0. 0. 0. 7.62126548e-003 0. 0.
    0. 0. 1.08380737e-002 0. 0. 0. 0. 2.51204404e-003 0. 2.70699081e-003
    0. 7.99408462e-003 0. 0. 1.75670302e-003 2.63772160e-003 0. 0. 0. 0.
    0. 0. 1.18501205e-003 0. 2.33400706e-003 0. 0. 0. 1.02583016e-003 0.
    0. 0. 1.05760349e-002 1.91997620e-003 0. 7.49242865e-003 0. 0. 0.
    -5.73236786e-004 0. 3.24373296e-003 0. 5.35204890e-004 0.
    1.43848872e-003 0. 0. 0. 0. 0. 0. 0. 0. 8.02852120e-003
    6.42705767e-004 0. 0. 1.84260923e-002 0. 0. 0. 0. 0. 2.57851998e-003
    0. 4.99205524e-003 0. 0.</data></imageDescriptor>
</opencv_storage>
