<?xml version="1.0"?>
<opencv_storage>
<imageDescriptor type_id="opencv-matrix">
  <rows>1</rows>
  <cols>1000</cols>
  <dt>f</dt>
  <data>
    0. 0. 0. -1.13306369e-003 1.46243274e-002 2.43780646e-003
    6.67172368e-004 0. 0. 0. 0. 2.24757008e-003 0. 0. 0. 0. 0.
    -4.49981017e-004 4.27060574e-003 0. 0. 0. 0. 0. 0. 0. 0. 0.
    1.47216134e-002 0. 0. 0. 8.36090464e-003 0. 1.78640918e-003 0.
    5.59239008e-004 0. 0. 0. -4.58762283e-004 5.69597911e-003 0. 0. 0.
    8.84989370e-003 0. 0. 0. 1.04707684e-002 4.87428904e-003 0.
    7.20752729e-003 1.82276854e-004 0. 1.56473496e-003 0. 0.
    2.83951435e-004 0. 1.87856366e-003 0. 7.44330231e-004
    1.79625279e-003 0. 3.54997668e-004 1.90900993e-002 -3.54729942e-004
    0. 6.47729542e-003 -4.53554443e-004 1.47517060e-003 0. 0. 0.
    -1.33565476e-003 0. 0. 7.62365991e-003 2.11049523e-003
    1.67971232e-003 0. 0. 0. 0. 0. 4.70695645e-003 -3.46577406e-004
    1.19919265e-002 5.85927023e-003 0. 0. 0. -3.52503429e-003
    1.68374572e-002 -1.92222954e-003 0. 0. 0. 0. 0. 0. 0.
    2.60536512e-003 0. 0. 0. 1.95657858e-003 0. 0. 6.68160792e-004 0. 0.
    0. 0. -6.52899616e-004 0. 0. 2.08709412e-003 9.63388302e-004
    3.33106215e-003 -1.77992578e-003 2.05087289e-003 0. 4.81270999e-003
    2.67225178e-003 0. 0. 0. -3.13037145e-003 8.65575112e-003
    5.92090143e-003 0. 0. 0. 0. 0. 0. 0. 2.51783547e-003
    -9.70270194e-004 0. 0. 0. 2.01392965e-003 9.80567280e-003 0.
    4.53078159e-004 0. 0. 2.18976475e-003 0. 0. 0. 3.63317830e-003 0.
    2.64336285e-003 0. 0. 5.65360591e-004 2.48661218e-003
    -5.30249090e-004 1.05542578e-002 0. 1.51186541e-003 2.96520710e-004
    0. 5.37990127e-004 0. 0. 0. 0. 0. 3.96425650e-003 2.52428139e-003
    -2.36373767e-003 0. 4.04751673e-003 -3.34828073e-004 0. 0. 0. 0. 0.
    0. 0. 0. -1.24364952e-003 9.92483087e-003 0. 2.33669393e-003 0. 0.
    8.57190508e-003 0. 5.85008971e-003 9.63300746e-003 6.23850152e-003
    0. 0. -1.27214403e-003 -8.12670391e-004 0. 0. -2.77147815e-003 0. 0.
    0. 0. 0. 0. -7.54148117e-004 0. -4.11051512e-003 0. 0.
    2.09106551e-003 0. 0. -1.62130292e-003 0. 0. 0. 6.97594194e-004
    1.39035694e-002 0. -6.67293149e-004 0. 0. 1.53707375e-003 0. 0. 0.
    0. 0. 0. 0. 0. 2.34627654e-003 4.31130547e-003 0. 0. 0.
    3.67721170e-003 2.83475197e-003 8.59830715e-003 2.88086431e-003 0.
    0. 0. 0. 0. 0. 8.58579576e-003 0. 0. 0. 0. 0. 0. 0. 0.
    3.79972160e-003 0. 0. 0. 0. 0. 0. 1.01898797e-003 0. 0.
    3.45700560e-003 4.64998512e-003 0. 3.63222347e-003 -5.71266224e-004
    2.50372943e-003 0. 0. 0. 0. 0. 0. 0. -2.00704788e-003
    -2.10229144e-003 0. 6.31231070e-003 4.65703849e-003 0. 0.
    6.58559566e-003 0. 0. 0. 2.26837141e-003 0. 0. 0. 8.14154092e-003 0.
    0. 0. 0. 0. 0. 9.21038678e-004 6.28589606e-003 1.93851581e-003 0.
    7.10950326e-003 0. 0. -5.38564869e-004 0. -5.89928186e-006 0. 0.
    6.53765601e-005 0. 0. 1.55988289e-003 -1.58232319e-006 0. 0. 0. 0.
    0. 0. 0. 3.84051324e-004 0. 0. 0. 5.01339138e-003 0. 7.37181120e-003
    0. 2.55110697e-003 0. 0. 0. 0. 0. 0. 0. 0. 0. 5.74898999e-003 0.
    1.06420834e-003 0. 0. 6.86019077e-004 0. 0. 8.14426807e-004 0. 0. 0.
    0. 0. 1.71365663e-002 3.29871057e-003 0. 7.27757765e-003
    2.00569702e-004 0. 0. 1.21158026e-002 1.10130310e-002 0.
    1.98903168e-003 0. 0. 3.69995413e-003 0. 9.13636351e-004 0. 0. 0. 0.
    -1.45805290e-003 0. 0. 0. 1.44137448e-004 8.06817552e-004 0. 0.
    3.10902949e-003 0. 0. 0. 0. 0. 0. 0. 0. 0. 0. 0. 0. 2.83347024e-003
    4.31318907e-003 0. 2.58421223e-003 0. 0. 0. 0. 0. 0.
    -1.33169943e-003 0. 9.61529464e-003 0. 0. 0. 0. 0. 0. 0.
    7.61998957e-003 -1.08825031e-003 0. 0. 0. 0. 0. 3.37868463e-003
    1.08987268e-003 7.03288568e-003 7.35256064e-004 8.80348380e-004
    -1.13375951e-002 1.82356103e-003 2.83793802e-003 0. 0. 0.
    5.88213280e-003 3.82182724e-003 0. 0. 0. 0. 0. -5.26872114e-004 0.
    0. 0. 0. 9.13772173e-003 0. -1.60408521e-003 0. -1.34425045e-005 0.
    0. 0. 0. 2.46281968e-003 0. -1.15653826e-003 0. 0. 0. 0. 0. 0.
    5.57260914e-003 0. 0. 0. 9.49112512e-003 1.26390229e-003
    -1.11325423e-003 0. 0. 0. 0. 0. 0. 1.95322540e-002 0. 0. 0. 0. 0.
    -2.37671705e-003 0. 0. 0. 0. 0. -3.12787481e-004 0. 0.
    -1.43040670e-003 0. 0. 0. 4.67642210e-003 0. -1.36664556e-003 0.
    6.44921791e-003 -1.62554905e-003 0. 0. 0. 0. 0. 1.11814612e-003
    2.42660195e-003 1.58739346e-003 0. 0. 0. 8.66660569e-003
    1.33963965e-003 -1.44898251e-003 0. 0. 2.04844028e-003 0.
    -3.43968160e-004 0. 0. 0. 0. 0. 0. 0. 9.91272368e-003 0.
    4.04186361e-003 0. 0. 0. 3.76160024e-003 1.92124199e-003 0.
    1.18436606e-003 0. 0. 0. 0. 2.79565784e-003 1.40680990e-004 0. 0. 0.
    4.87920176e-003 2.41643377e-003 0. 3.13267182e-003 0. 0. 0. 0.
    6.43145642e-004 2.05026637e-003 0. 0. 0. 0. 5.40321134e-003 0. 0. 0.
    0. 0. 0. 0. 1.12298783e-003 0. 0. 1.95915272e-004 5.68161998e-003 0.
    0. 0. 0. 1.65603752e-003 2.84584425e-003 5.34431916e-003
    -6.07855152e-003 3.41033936e-003 0. 0. 0. 0. 0. -1.21566394e-004
    6.62763510e-003 -1.85888074e-003 1.81194535e-003 0. 8.60810454e-004
    0. 5.16823446e-003 0. 7.71454885e-004 0. 0. 0. 0. 0. 0.
    1.05349682e-002 1.24739492e-002 0. 1.20780105e-003 5.52978227e-003
    0. 0. 0. 0. 0. 0. 0. 0. 1.91044714e-003 0. -3.00591055e-004 0. 0.
    1.32351485e-003 0. 0. 0. 0. 9.72585869e-004 0. 0. 1.13077210e-002 0.
    0. 0. 0. 2.90942239e-003 -9.24081833e-004 0. 0. 0. 0.
    6.22473005e-003 0. 0. 0. 2.15655265e-004 0. 0. 0. 0. 0. 0. 0. 0. 0.
    -8.74108577e-004 0. 3.71156470e-003 0. 0. 1.45338231e-003 0. 0. 0.
    0. 0. -1.85704918e-003 0. 0. 3.29795061e-003 0. 2.66749179e-003
    -2.69370677e-004 -2.56575644e-003 7.00206868e-003 0. 0. 0. 0. 0. 0.
    0. 0. 0. 0. 0. 6.24067429e-003 0. 0. 1.81595073e-003 0. 0.
    -8.26847681e-004 0. 0. 0. 0. 0. 4.71019931e-003 0. 6.30866736e-004
    0. 0. -7.40291900e-004 0. -4.42773191e-004 0. 0. -1.46877428e-003 0.
    0. 0. 0. 0. 0. 8.42045876e-004 -7.22212717e-005 0. 0. 0. 0. 0.
    3.74950888e-003 1.66686601e-004 0. 0. 0. 0. 0. 7.61348847e-003
    1.98088982e-003 0. 0. 0. 0. -1.39559130e-003 9.82618425e-004 0.
    7.96627440e-003 0. 0. 0. 0. 0. 0. 0. 0. 0. 1.95846846e-003 0. 0. 0.
    2.95508886e-004 0. 1.84575305e-003 2.34847306e-003 0.
    9.07855981e-004 5.75837353e-003 1.36811426e-002 0. 0. 0. 0.
    1.88458140e-003 0. 0. 0. -2.57055904e-003 0. 0. 2.67990143e-003 0.
    2.03290745e-003 0. 0. 0. 1.44173426e-003 0. -7.12133711e-004
    -1.80492213e-003 5.95269921e-005 0. 0. 8.69666040e-003
    8.59958236e-004 0. 0. 2.18546530e-003 7.08690961e-004 0. 0. 0. 0. 0.
    0. 0. 0. 1.60596170e-003 0. 0. 0. 0. 0. 0. 0. 6.84599145e-005 0.
    3.79891903e-003 8.75845831e-003 0. 0. 0. 1.60961878e-003 0.
    8.73693265e-003 0. 1.04869693e-003 0. 0. 0. 4.31241421e-003
    1.37050042e-003 0. 0. 0. 0. 0. 1.12271146e-003 0. 6.51367649e-004 0.
    0. 0. 0. 0. 0. 0. 0. 0. 0. 0. 2.04764947e-004 0. 0. 0. 0.
    1.01268897e-002 0. 4.87640128e-003 -2.72936677e-003 -2.96864123e-003
    0. 0. 1.86628699e-002 -1.88064447e-003 0. -2.99891428e-004 0. 0. 0.
    1.98249030e-003 0. 0. 0. 0. 0. 1.99204264e-003 0. 0. 0. 0. 0. 0.
    7.90032931e-003 0. 3.07570468e-003 0. 0. 0. 0. 9.17243212e-003 0. 0.
    0. 1.48216859e-002 0. 5.20515628e-003 0. 0. 3.45501932e-003 0.
    1.43319992e-002 6.94791134e-003 0. -2.92040152e-003 0. 0.
    3.02613433e-003 2.03510304e-003 0. 0. 0. 1.08344061e-002 0. 0. 0. 0.
    0. 6.26262138e-003 0. 0. 0. 0. 0. 2.66168453e-003 0. 0. 0. 0. 0. 0.
    0. 1.86093687e-003 0. 0. 0. 2.18509929e-003 0. 1.57772249e-003 0. 0.
    0. 0. 3.20968824e-003 0. 0. 0. 0. 0. 0. 0. 0. 9.05092619e-003
    6.74384367e-003 0. 6.82117278e-003 0. 0. 0. 0. 0. 0. 1.03010330e-003
    6.59605314e-004 0. 0. 0. 0. 0. 3.61654704e-004 6.34429883e-003 0. 0.
    2.08826456e-003 0. 0. 0. 0. 3.85820004e-003 0. 0. 6.97518917e-005
    9.21349856e-004 4.76983143e-004 0. 0. 0. 3.06262798e-003
    -4.97032073e-004 0. 6.57905033e-003 0. 0. 0. 0. 0. 1.31050348e-002
    0. 1.41360192e-003 2.14367406e-003 2.75905826e-003</data></imageDescriptor>
