<?xml version="1.0"?>
<opencv_storage>
<imageDescriptor type_id="opencv-matrix">
  <rows>1</rows>
  <cols>1000</cols>
  <dt>f</dt>
  <data>
    0. 0. 0. 1.06380659e-003 6.80487044e-003 0. -4.17489326e-003 0.
    9.22878925e-003 3.61030432e-003 0. 0. 0. 1.18750185e-002 0.
    -8.67537980e-004 0. 2.57102307e-003 0. 1.13938318e-003
    1.11014082e-003 2.34541669e-003 0. 5.09143516e-004 0.
    8.29196814e-003 0. 0. 0. 0. -2.33885716e-004 0. 4.56791371e-004
    7.93577638e-003 5.14373276e-003 0. 0. 0. 0. 5.01377694e-003
    -1.36782252e-003 0. 0. 4.17645089e-003 8.16010498e-003
    6.21224986e-003 3.49686388e-003 0. -2.00689523e-004 0.
    2.79535074e-003 0. 0. 1.80204189e-003 0. 0. -1.04210700e-003
    6.57767407e-004 6.62797457e-003 0. 0. 0. 0. 7.80248840e-004 0. 0.
    5.71671058e-004 -2.44847080e-003 0. 7.25929858e-003 0. 0. 0. 0. 0.
    0. 0. 4.73480140e-005 5.55610517e-004 3.02118482e-003 0. 0. 0.
    9.26233886e-004 0. 4.30354197e-003 8.86670686e-003 -1.24508096e-003
    0. 0. 0. -1.00194151e-003 0. 1.18993677e-003 1.54450070e-003
    4.06571152e-003 1.93722255e-003 2.52434914e-003 6.08839933e-003
    7.51341321e-003 0. 0. 3.21002584e-003 0. 2.76746601e-003 0. 0. 0. 0.
    0. -2.07600766e-003 0. 6.04699180e-003 0. 0. -4.08083375e-004
    2.16496876e-003 0. 0. 1.08484859e-002 0. 3.62750469e-003 0. 0. 0.
    -1.50527642e-003 0. 0. 7.28387968e-004 -3.11443524e-004 0.
    -8.53030542e-006 0. 3.14810406e-003 8.91144574e-003 0. 0.
    6.15208270e-003 7.69450562e-004 0. 9.51345719e-004 0. 0. 0. 0. 0.
    1.23433082e-003 5.26252843e-004 0. -1.92149810e-003 0.
    2.13209467e-004 0. 0. 0. 0. 0. 0. 1.41364126e-003 0. 0.
    2.28413865e-002 0. -9.47666354e-004 1.75766612e-003 2.34513055e-003
    0. 5.03517268e-003 0. 4.19210992e-004 0. 0. 0. 0. 0. 5.46306837e-003
    0. 1.84923364e-003 0. 0. 0. 0. 0. 0. 6.81181089e-004 2.30209576e-003
    1.12485711e-003 7.31607492e-004 4.49742627e-004 0. 0. 0.
    6.73990464e-003 0. 0. 0. -2.22791382e-003 0. -7.20711658e-004
    -5.26726479e-004 1.99075625e-003 -1.40852781e-005 6.88940752e-003 0.
    0. 1.00369025e-002 -8.74104386e-004 0. 0. 1.06228958e-003 0.
    5.00291586e-003 2.64764344e-003 0. 0. 0. 0. 0. 0. 0. 0. 0. 0. 0.
    -7.52869819e-005 0. 8.75107665e-003 1.09616769e-002 0.
    6.06387272e-004 2.00030021e-003 0. 2.88974494e-003 0. 0.
    -1.30517792e-003 0. 0. 0. 0. 7.49046355e-003 0. 0. 1.09133981e-002
    0. 0. -5.55269246e-004 0. 0. 0. 0. 6.22847874e-004 1.21731625e-003
    0. 0. 1.35364756e-003 0. 8.03799485e-004 0. 2.16387771e-003 0. 0. 0.
    0. -8.89204210e-004 2.32341280e-003 0. 0. 0. 1.53471064e-003 0.
    -1.91997278e-005 0. 0. 0. 1.20775145e-003 0. -2.81130109e-004 0.
    7.65196746e-004 0. 0. 0. 5.05209435e-003 0. 2.33364152e-003 0. 0.
    8.07775464e-003 0. 0. -1.32145244e-003 4.47728997e-003
    3.15239071e-003 1.38839183e-003 0. 0. 0. 1.21401381e-002
    2.30793166e-003 5.70194889e-003 2.45552976e-003 0. 0. 0. 0.
    4.09563631e-003 0. 1.17049238e-003 0. 0. -3.29531822e-003
    7.71278003e-003 2.39356165e-003 1.35831034e-003 2.75797443e-003 0.
    -5.47583099e-004 0. 0. 7.14322741e-005 2.57743057e-003 0. 0.
    1.67757683e-002 1.92877941e-003 0. 0. 0. 1.24535132e-002
    1.72962118e-002 0. 0. 0. 0. 1.01202913e-003 1.49076781e-003 0. 0. 0.
    3.94387217e-003 0. 0. 0. 0. 0. 0. 0. -4.72669431e-004 0.
    6.09065639e-003 -1.50649832e-003 -2.15269465e-004 0. 6.38177479e-003
    0. 0. -2.35510990e-003 0. 0. 3.92407086e-003 8.31969641e-003
    -1.38978718e-003 2.85984739e-003 0. -9.43942403e-004 0.
    -5.80550928e-004 0. 0. -2.11139699e-003 0. 1.73543266e-003 0. 0.
    6.45163981e-003 0. 0. 0. 0. 1.98673620e-003 0. 0. 2.93012266e-003 0.
    0. 0. 0. 2.02381285e-004 0. 0. 0. 0. 0. 5.62993926e-004
    2.55763438e-003 0. 0. 0. 8.07110555e-005 8.00171960e-003
    6.06212346e-003 2.22129375e-003 -2.83752539e-004 0. 3.05904052e-003
    0. 1.98427611e-003 0. 0. 0. 0. 1.28808885e-003 0. 2.73560616e-003 0.
    0. 0. 0. 2.76104896e-003 1.74806826e-002 0. 0. 0. 3.99190030e-004
    1.75328390e-003 2.93995254e-003 0. 2.06726184e-003 -2.11005262e-003
    0. 0. 0. 2.62358179e-003 4.46389057e-003 7.78696174e-003
    -1.84240041e-003 0. 3.38124926e-003 0. 0. 0. 0. 0. 1.34105131e-003
    0. 0. 0. 1.12535702e-002 0. 0. 5.95501158e-003 -1.74559699e-003 0.
    -5.24538988e-003 0. 0. 0. 0. 0. 0. 9.92213725e-004 0.
    3.70507943e-003 1.65242807e-003 0. 0. 0. 0. 1.56449692e-004
    -1.58303091e-003 1.91276846e-003 0. 0. 0. 0. -2.04164581e-003 0.
    3.23211978e-004 2.51034708e-005 1.45479979e-003 0. 0. 0.
    2.19685142e-003 0. -1.85019709e-003 0. 8.53477453e-004 0. 0.
    -4.32362722e-005 0. 0. 0. 1.09868508e-003 0. 0. -1.14104594e-003 0.
    1.86567544e-003 0. -4.20634355e-003 7.26035750e-003 -3.17470566e-003
    0. 3.23470403e-003 2.84959865e-003 0. -1.89022534e-003 0. 0. 0.
    1.83142088e-002 0. 9.66979249e-004 0. 0. 0. 0. 0. 4.13520262e-003 0.
    -3.25173140e-003 5.37206698e-003 5.95291029e-004 8.06652196e-003 0.
    0. 2.00941251e-003 0. 0. 0. 0. 0. 0. -4.32049797e-004
    6.10432541e-003 0. 0. 0. -3.31246736e-003 3.30713531e-003 0.
    9.80380690e-004 0. 2.82353954e-003 0. 0. 0. 0. 0. 0. 0. 0.
    4.54120943e-003 0. 3.20854038e-003 7.92870577e-003 0.
    1.85845653e-003 -1.89459731e-003 1.54343643e-003 1.36877075e-004 0.
    3.28321476e-003 0. 2.92164786e-003 0. 0. 0. 0. 2.59592524e-003
    -2.18080287e-003 0. -1.69157039e-003 1.12145417e-003 0. 0. 0. 0. 0.
    0. 0. 0. 0. 2.76505970e-003 0. 0. 0. 0. 0. 0. 0. -2.54410133e-003 0.
    0. 0. 0. 0. 0. 0. 6.67852815e-004 0. 0. 0. 0. 0. 0. 0.
    4.49708616e-003 0. -9.44711093e-004 1.14076922e-003 0.
    6.26121880e-003 2.24291487e-003 0. 0. 6.68236241e-003 0. 0. 0. 0.
    4.01136884e-003 0. 9.96747147e-003 2.40850006e-003 0. 0. 0.
    1.42931174e-002 0. 0. 0. 0. 1.00348806e-002 0. 0. 1.81490998e-003 0.
    1.51602249e-003 0. 0. 0. 0. 0. 0. 0. 0. 0. 0. 6.09026523e-004
    1.10300246e-003 0. 6.32051611e-003 9.50129761e-004 7.53507111e-003
    -6.45713066e-004 -8.32944294e-004 3.38410500e-005 0. 3.02925962e-003
    0. 0. 0. 0. 0. 0. 1.87984755e-004 0. 0. 2.66406627e-004 0. 0. 0. 0.
    0. 0. 7.00729713e-003 6.49842899e-003 -1.65977835e-004 0. 0. 0.
    1.87988312e-003 1.17346440e-002 0. 0. 0. 1.34366215e-003 0. 0. 0. 0.
    0. 0. -7.75623543e-004 0. 0. 0. 0. -2.49878882e-004 0.
    7.12116808e-003 1.22124357e-002 0. 9.33589006e-004 5.27259486e-004
    0. 1.55913760e-004 9.09853633e-003 0. 0. 0. 0. 1.05711736e-003
    1.85489038e-003 0. 0. 2.09163106e-003 0. 0. 2.16232659e-003 0. 0. 0.
    0. 5.01796952e-004 1.00332596e-004 0. 0. 0. 0. 6.45799981e-003 0. 0.
    0. 0. 0. 0. 0. 0. -1.31242408e-003 0. 1.56914839e-003 0. 0. 0.
    -3.97125259e-004 0. 0. 0. 6.40879734e-004 5.01331594e-003 0. 0.
    2.52562109e-003 0. 4.19806020e-004 0. 0. 0. 1.07096862e-002 0.
    -1.14566390e-003 0. 1.05998153e-002 8.24590866e-003 4.03849641e-003
    0. 2.99434061e-003 0. 0. 1.33287814e-003 5.82079357e-003 0.
    3.34239216e-003 7.95020629e-003 0. 1.03445302e-004 0. 0. 0. 0. 0. 0.
    0. 0. 1.20831644e-002 0. 0. 0. 2.11825687e-003 0. 1.20806263e-003 0.
    0. 0. 0. 5.71199460e-003 1.72054721e-003 0. 0. 1.33401749e-003 0. 0.
    0. 0. 0. 0. 0. 0. 1.25376612e-003 5.39058470e-004 0. 0. 0. 0.
    -5.94268902e-004 0. 0. 6.11619616e-004 0. 0. 0. 1.37799175e-003
    2.10552174e-003 0. 1.48614275e-003 0. -1.07455964e-003
    9.95312352e-004 0. 0. 0. 0. 1.30992532e-002 0. 9.33124870e-003 0.
    6.28853100e-004 8.44243821e-003 0. 0. 5.21787815e-003 0. 0. 0. 0. 0.
    2.52748374e-003 0. 0. 7.02489284e-004 0. 0. 3.44400457e-003 0.
    -1.78043777e-003 0. 0. 0. 0. 7.70648569e-003 0. 0. 0. 0.
    4.75285575e-003 0. 0. 0. 0. 0. 0. 0. 0. 0. 0. 0. 0. 0. 0. 0. 0.
    2.35772086e-003 0. 1.73931883e-003 0. -6.85675477e-004
    4.77750180e-003 2.80797918e-004 0. 0. 1.65055692e-003 0. 0. 0. 0.
    3.39719816e-003 0. 0. 2.40207286e-004 -1.52620696e-003 0. 0.
    4.80046403e-003 0. 0. 0. 0. 0. 0. 0. 0. 0. 0. 0. 5.97893680e-003 0.
    0. 0. 3.82379722e-003 0. 0. 0. 0. 0. 0. 0. 0. 0. 0. -5.50896861e-004
