<?xml version="1.0"?>
<opencv_storage>
<imageDescriptor type_id="opencv-matrix">
  <rows>1</rows>
  <cols>1000</cols>
  <dt>f</dt>
  <data>
    0. 0. -1.71152630e-003 1.86716148e-003 2.77082925e-003
    1.39041140e-003 0. 0. 4.78444766e-004 0. 5.26565593e-003
    9.68817389e-004 2.82892678e-003 0. 0. 0. 1.40415865e-003 0. 0.
    1.20483851e-003 0. 1.43736927e-003 0. 0. 0. 0. 1.59576608e-004 0. 0.
    0. 0. 5.78349177e-003 0. 0. 0. 0. 2.19443056e-004 0. 5.77418460e-003
    3.09470878e-003 1.06255878e-002 0. 0. 2.03139265e-003
    3.75006488e-003 -2.73916544e-003 0. 2.47290754e-003 2.08855327e-003
    0. -9.24827298e-004 7.99955986e-003 1.20185385e-003 5.17990021e-003
    1.05374737e-003 3.69990035e-003 0. 0. -1.68001780e-003 0.
    1.15291716e-003 0. 0. 3.42768733e-003 0. 0. 0. 1.36932638e-002
    -6.31487696e-004 1.10383146e-003 0. 2.54910486e-003 6.34226575e-003
    0. 4.40612173e-004 1.12784398e-003 0. 1.42927747e-003 0.
    6.29882235e-003 -6.06540474e-004 0. -8.88185692e-004 0. 0. 0. 0.
    1.15707307e-003 0. -3.12116936e-005 1.37945113e-004 0.
    7.69369770e-003 0. 8.46216921e-003 2.46241782e-003 0.
    -4.18819813e-003 0. 3.01596452e-003 1.99008756e-003 0. 0. 0. 0. 0.
    1.02304164e-002 0. 3.49498750e-003 0. 0. 0. -1.65104412e-003
    1.25966640e-003 0. 1.76083460e-003 1.98243186e-003 0. 0. 0. 0.
    4.49606217e-003 -1.77917798e-004 6.69029134e-004 -7.23546662e-004
    1.01209944e-003 0. 3.54575808e-003 0. 2.42396165e-003 0. 0.
    7.63743091e-003 -1.42048797e-004 0. 2.19116430e-003 1.88318721e-003
    0. 0. -9.33493662e-004 0. 0. 1.48350268e-003 -1.58041238e-003 0. 0.
    6.27319096e-004 0. 8.09163030e-004 0. 2.43523114e-004 0. 0.
    1.75411918e-003 -2.00994709e-005 -3.37488181e-003 -1.98447658e-003
    8.38241307e-004 7.77750229e-003 8.00954760e-004 4.71304357e-003
    -2.71356991e-003 0. -1.42893623e-004 -1.07316219e-003 0. 0. 0.
    2.56370008e-003 0. 0. 0. 0. 3.33846058e-003 0. 0. 4.70151746e-004 0.
    0. 0. -7.91626459e-004 4.23274032e-004 -2.28722859e-003 0. 0.
    5.32067555e-004 -1.65100413e-004 8.64014681e-003 0. 0. 0. 0. 0.
    1.98833365e-003 0. 0. 0. 0. 1.03144580e-003 -1.00308284e-003 0. 0.
    0. 0. 0. 0. 1.19892182e-003 0. 0. 1.87710930e-006 0. 1.53921945e-002
    0. 0. 0. 0. 0. 1.02820597e-003 0. 0. 3.12235388e-005 0. 0. 0.
    3.09610181e-003 0. 0. 0. 0. 0. 0. 0. 0. 0. 0. 3.37888091e-003 0. 0.
    0. 0. 0. 2.03993497e-003 5.78741962e-003 0. 0. 6.85975980e-003 0.
    1.42068381e-003 1.21520450e-002 0. 0. 0. 0. 2.41650385e-003 0. 0.
    9.12518706e-004 0. 0. 1.36495079e-003 8.37278459e-003 0. 0. 0. 0. 0.
    0. 0. 7.37214275e-003 4.39345511e-003 3.87637119e-004 0.
    9.58030298e-003 0. -8.62012850e-004 -1.44254323e-003 0.
    1.29658426e-003 1.97153888e-003 4.47745842e-004 6.09720359e-003 0.
    0. 1.48747480e-002 0. 0. 0. 5.16640628e-003 1.32064498e-003 0.
    1.05114337e-002 0. 7.30016836e-005 0. -4.06334316e-003
    7.44955149e-004 2.18922878e-003 -1.07393775e-003 0. 0. 0. 0.
    1.20399101e-003 0. 0. 1.16093783e-003 0. 3.01777315e-003 0. 0.
    4.48769919e-004 0. 6.03704108e-003 0. -9.15129640e-005 0.
    9.49436740e-004 1.36764972e-002 9.79847158e-004 0. 0. 0. 0.
    1.22002326e-003 0. 0. 0. 0. 0. 8.70556477e-003 1.38416293e-003
    1.53899740e-003 0. 3.45365657e-003 1.35168445e-003 0.
    1.86900666e-003 2.95248115e-004 8.91658384e-003 0. 0. 0.
    2.03411584e-003 7.31927867e-004 0. 0. -1.14990817e-003 0.
    7.12010264e-003 2.10890663e-003 0. 0. 0. 2.74367072e-003
    -9.01786494e-004 1.47760874e-002 0. 1.02655748e-002 -1.60045194e-004
    0. 0. 4.04675724e-003 0. 0. -7.58598268e-004 0. 2.14842334e-003 0.
    0. 0. -2.85707156e-005 0. 4.85636585e-004 -9.88881686e-004 0. 0. 0.
    0. 7.61163188e-004 0. 0. 0. -9.40303376e-004 0. 4.14882990e-004 0.
    0. 0. 0. 6.12982921e-003 0. 0. 2.05984013e-003 0. 8.75282785e-005 0.
    2.86907511e-004 1.36138743e-003 0. 3.94115737e-003 0. 0. 0. 0. 0. 0.
    6.95976545e-004 0. 0. 0. 1.51513086e-003 7.34349422e-004 0. 0. 0. 0.
    6.59100537e-004 0. -1.08521001e-003 0. 7.43103665e-005 0.
    9.05475114e-004 6.40794824e-005 0. 0. 6.20201277e-003 0. 0. 0. 0. 0.
    0. 0. 0. -3.78302415e-004 0. 5.39145316e-004 2.92105949e-004
    6.64796389e-004 2.32768850e-003 0. 2.47909012e-003 0. 0.
    3.93810740e-004 0. 0. 0. 0. 0. 0. 6.27174741e-003 0. 4.82912379e-004
    7.29178591e-003 2.93675275e-003 3.70630180e-004 1.48963032e-003
    -7.08022155e-004 2.22318457e-003 0. 0. 0. -2.07925471e-003 0. 0. 0.
    1.88265997e-003 0. 5.68600139e-003 1.30935200e-002 0.
    2.40266626e-003 0. 0. 4.47154453e-004 3.44187982e-004 0. 0.
    4.80126403e-003 1.30954059e-003 2.30711637e-004 5.68468604e-005 0.
    0. 0. 1.90038932e-003 0. 5.14969986e-004 2.51874770e-003
    1.99136930e-003 0. 0. 2.44405419e-005 0. 7.88328412e-004
    7.84370524e-004 0. 0. 7.48538552e-003 0. 5.63311577e-003 0.
    2.16079340e-003 1.33906520e-004 0. 0. 0. 0. 0. 0. 4.41745576e-003 0.
    0. 8.54160544e-003 -2.21116425e-004 7.44385645e-003 0.
    7.82525539e-003 0. 9.02607385e-003 0. 0. 0. 0. 9.99779534e-003 0.
    1.52115850e-002 0. 0. -2.31685303e-003 5.04690252e-005
    1.09085231e-004 2.54759844e-003 0. 0. 0. 8.54206551e-003 0. 0. 0. 0.
    0. 2.05790182e-003 1.47059537e-003 0. 0. 0. 0. 0. 0. 2.03066459e-003
    -2.01115676e-004 0. 0. 0. 0. 0. -7.06074527e-004 5.32656815e-003
    8.01937538e-004 0. 0. 0. 0. 8.43686983e-003 3.38447723e-003 0.
    1.48738711e-003 7.70622818e-003 6.28155051e-003 0. 0. 0.
    -2.04421915e-004 0. 0. 0. 0. 2.75311898e-003 2.00500106e-003 0.
    4.29905159e-003 0. 1.52053568e-003 -8.65416834e-004 0. 0. 0. 0.
    2.18025446e-002 0. 0. 0. 9.36239085e-004 2.02881196e-003 0.
    2.12976476e-003 2.10643024e-003 0. 0. 6.15071086e-003
    6.85944036e-003 2.58834538e-004 2.79122056e-003 0. 7.93657615e-004
    2.81568477e-003 0. 0. 0. 3.02710175e-003 1.41174032e-003 0. 0. 0. 0.
    0. 0. 0. 1.68136580e-006 0. 1.67781559e-006 3.62208020e-003
    1.03004882e-003 0. 2.02785921e-003 0. 0. 0. 0. 5.59147913e-004 0. 0.
    0. 0. 1.29613932e-003 3.84310330e-003 0. 0. 3.25738452e-004
    3.63411428e-003 0. 0. 0. 0. 0. 0. 3.82842892e-003 0. 0. 0.
    6.98121218e-003 0. 0. -8.72177363e-004 0. 0. 0. 0. 0. 0. 0. 0. 0.
    -1.02283346e-004 0. 0. 0. 9.84713319e-004 0. 9.31138825e-003 0.
    7.63847912e-003 3.66452499e-003 3.64840205e-004 0. 0. 0. 0. 0. 0. 0.
    3.30761046e-004 4.62841196e-003 0. 0. 0. 0. 0. 0. 2.32845452e-003 0.
    0. 0. 0. 2.24255869e-004 0. 0. 7.70003302e-003 3.53855605e-004
    4.66742931e-004 0. 1.21446606e-003 0. 6.27092598e-003 0. 0. 0.
    6.24317792e-004 0. 0. 0. 8.49519018e-003 0. 0. 1.37608894e-003 0. 0.
    7.48912629e-004 0. 0. 4.36868839e-004 0. 9.78789292e-004
    1.18358235e-003 0. 0. 0. 0. 1.89052499e-003 0. 0. 0. 1.58846825e-002
    0. 0. 0. 0. 0. 0. 0. 0. 0. 0. 0. 0. 2.49776221e-003 0. 0.
    -1.03682582e-003 0. 0. 0. 0. 0. 0. 2.38356576e-003 1.06646596e-002
    0. 0. 0. 0. 0. 0. 0. 0. 0. 3.50445858e-003 4.06257762e-003 0. 0. 0.
    0. 1.85906410e-003 0. 6.93660369e-003 0. 6.29746448e-003
    2.27023521e-003 -1.45181175e-003 0. 0. 5.69344359e-003
    1.26773294e-003 3.33891809e-003 0. 5.17236593e-004 0. 0.
    1.14577438e-003 6.37137983e-003 7.70051091e-004 0. 0. 0.
    1.98240508e-003 0. 0. 0. 9.68623499e-005 0. 0. 0. 0. 0. 0. 0. 0.
    2.18374608e-003 5.50761586e-004 0. 0. 0. 0. 0. 0. 4.45388723e-005
    7.37790135e-004 0. 0. 0. 0. 7.30095606e-004 0. 0. 0. 0. 0.
    1.00762881e-002 0. 0. -2.02909607e-004 0. 0. 0. 0. 0. 0. 0.
    6.74885092e-003 1.33344804e-006 5.21509489e-003 0. 0. 0. 0. 0. 0. 0.
    -1.39754801e-003 0. 2.00514754e-004 4.77198418e-003 2.06846758e-004
    0. 0. 4.46795858e-003 0. 0. 1.83675054e-003 0. 5.96460828e-004 0. 0.
    5.96063258e-003 0. 0. 0. 2.77085789e-003 0. 0. 0. 0.
    -8.27668235e-004 0. 0. 0. 4.63319331e-004 0. 2.71080504e-003 0.
    1.16815371e-003 0. 0. 0. 1.11276016e-003 1.06237712e-003 0.
    -5.37266023e-004 0. 1.92269275e-003 0. 0. 0. 0. -1.08061801e-003 0.
    9.73172602e-004 2.30452046e-003 0. 8.13467370e-004 0. 0.
