<?xml version="1.0"?>
<opencv_storage>
<imageDescriptor type_id="opencv-matrix">
  <rows>1</rows>
  <cols>1000</cols>
  <dt>f</dt>
  <data>
    0. 0. 0. 5.36620268e-004 0. 0. 1.04514358e-003 8.20780359e-003
    6.30447548e-003 0. 0. 3.68178776e-003 -9.26990295e-004 0. 0.
    8.89724935e-004 0. 0. 0. 0. 1.68041431e-003 0. 4.31400212e-003
    2.08066287e-003 0. -2.19369816e-004 5.91866381e-004 6.11733412e-003
    0. 0. -2.29190526e-004 4.98519978e-003 2.34011619e-004 0. 0.
    5.29099070e-003 0. 2.79957708e-003 1.89555576e-003 0.
    7.98235240e-004 0. 3.76099069e-003 0. 5.18174516e-003
    1.33364112e-003 0. 0. 0. 9.47789667e-005 0. 0. 3.81577108e-003
    -2.34151157e-004 0. -9.60608479e-004 1.92524225e-003 3.32872244e-003
    0. 9.34424903e-003 1.40274584e-003 0. 1.36081665e-003 0. 0. 0.
    2.05245055e-003 2.86214682e-003 0. 0. 0. -2.25391681e-003 0. 0. 0.
    -1.26414438e-004 1.63647789e-003 0. -7.82567135e-004 0. 0.
    1.18297071e-003 0. 4.00817953e-003 0. 1.54396007e-003 0.
    1.39245749e-004 0. 2.21000472e-003 0. 1.51811203e-003
    3.94710759e-003 2.36436678e-003 0. -1.94160966e-003 0. 0.
    -6.71344867e-004 0. 0. 1.52338052e-003 0. 0. 0. 0. 0.
    9.22550098e-004 0. 1.34490309e-002 1.12590184e-002 0. 0. 0. 0. 0. 0.
    0. -1.55454341e-004 3.80722876e-003 0. 4.57402645e-003 0. 0. 0.
    1.73543551e-004 0. 3.57523095e-003 0. 0. 0. 1.50788017e-003
    4.21668869e-003 6.65811182e-004 0. 0. 4.09084314e-004 0. 0. 0.
    -5.88912924e-004 0. -8.41664092e-004 2.57009221e-003 4.15106537e-003
    1.59044028e-003 1.26869767e-003 1.54814101e-003 8.44400260e-004 0.
    0. 7.84007425e-004 0. 0. 0. 0. 0. 5.14591392e-003 1.19127892e-002 0.
    0. 0. 0. 1.91020477e-003 2.06744089e-003 0. 3.09142424e-003
    -9.16643592e-004 0. 2.70310766e-003 0. 0. 0. 0. 0. 1.41184090e-003
    -1.46554084e-003 0. 0. 0. 0. 4.47770348e-003 1.20576995e-003 0.
    2.53383507e-004 0. 4.45095036e-004 0. 0. 0. -8.61573382e-004
    2.38608848e-003 0. 0. 0. 2.31344486e-003 0. 0. 0. -5.61381108e-004
    2.43339408e-003 2.97307590e-004 0. 6.01908287e-005 0.
    3.02480953e-003 1.96159468e-003 1.91048556e-003 0. 9.67087224e-004
    -1.88878644e-003 2.22974899e-003 0. 1.95689296e-004 0. 0.
    -2.02026893e-003 2.69467215e-004 0. 1.48971821e-003 0.
    2.47647217e-003 7.20559526e-003 0. 0. 0. 7.33942958e-003 0.
    2.74957297e-003 0. 0. 0. 0. -3.30338487e-003 0. 4.42930119e-004 0.
    0. 0. 0. 4.70946310e-003 1.16431026e-003 0. 0. 1.09213672e-003 0. 0.
    -2.14517070e-003 0. 2.33312207e-003 0. 0. 3.98937060e-004 0. 0. 0.
    0. 0. 0. 1.94577151e-003 2.17756000e-003 0. 0. 0. 0. 0. 0. 0. 0. 0.
    0. 0. 3.87158059e-003 2.40006368e-003 0. 1.20277768e-002
    -5.66977018e-004 0. -2.48961558e-004 0. 0. 0. 0. 0. 0. 0.
    1.08406367e-003 3.10763856e-003 2.43625743e-003 3.45941959e-003
    2.11797701e-003 -2.85551592e-004 0. 4.59691091e-003 1.36484927e-003
    2.29547662e-003 0. 0. 0. 0. 1.91026344e-003 0. 0. 0. 0. 0.
    2.57680123e-003 0. 0. 0. 0. 2.57580890e-003 2.42484198e-003
    -5.47282631e-004 3.01217847e-003 0. 6.29764469e-003 0. 0. 0. 0.
    3.29764211e-003 3.11136339e-003 0. 0. 0. 0. 0. 0. 1.07288279e-003 0.
    0. 0. 3.25873634e-003 0. 1.12155126e-003 0. 0. 0. 0. 0.
    1.74176868e-003 3.71776498e-003 0. 0. 2.50989688e-003 0.
    1.74309884e-003 0. 0. 0. 0. 5.21298032e-003 8.33636429e-003
    5.26866969e-003 2.88737752e-003 0. 1.63177419e-002 0. 0. 0.
    1.28991844e-003 -1.53623219e-003 4.50536329e-003 8.34728344e-005
    -5.68932330e-004 0. 0. 0. 0. -8.24373332e-004 1.30291888e-003 0. 0.
    1.69567298e-003 0. 0. -5.05312870e-004 0. 5.07244235e-003
    4.24339902e-003 0. 0. -8.40489694e-004 0. 0. 0. 0. 6.09584711e-003
    0. 1.42924779e-004 0. 0. 1.93528412e-003 0. -9.18130507e-004 0. 0.
    3.57183930e-003 0. 0. 2.02553626e-003 0. 8.89667543e-004 0.
    7.10573047e-003 8.18496337e-004 0. 0. 0. 3.89719382e-003 0.
    3.75610706e-003 0. 0. 2.80255242e-003 0. 2.28797318e-003 0. 0. 0. 0.
    0. 0. 0. 0. 0. 0. 7.71645980e-004 0. 0. 0. 3.91004607e-003 0. 0. 0.
    2.15492444e-003 0. 0. 7.42477225e-003 0. 0. 0. 5.19812480e-003 0.
    -5.56589948e-005 1.42016844e-003 1.98294036e-003 0. 3.55620228e-004
    7.99878180e-005 3.10615753e-003 1.05000369e-003 0. 1.37744949e-003
    0. 0. 0. 0. 1.50501099e-003 1.04536377e-002 0. 0. 0. 8.07971737e-005
    0. 0. 0. 0. 0. -1.65407907e-003 0. 1.47201959e-003 0. 0. 0.
    9.47077409e-004 0. 0. 0. 1.71461012e-002 0. 1.82957191e-003 0.
    2.06561829e-003 4.06816043e-003 6.85206894e-003 0. 4.26802970e-003
    2.91984039e-003 -2.13715411e-003 0. 1.82954583e-003 0. 0.
    3.43274005e-004 0. 0. 0. 0. 0. 0. 0. 2.05469481e-003 1.43946633e-002
    0. 0. 0. 0. 2.26220558e-003 2.44593201e-003 0. -1.14513845e-004
    6.55541522e-003 1.97355077e-003 0. 0. 0. 0. 3.77325504e-003
    3.46315070e-003 0. 0. 0. 1.16180035e-003 4.36653034e-004 0. 0.
    3.66181391e-003 1.57893752e-003 0. 1.67132603e-004 1.19749317e-003
    3.42491851e-003 0. 0. 2.20980239e-003 -1.41312345e-003
    4.51272726e-003 0. 0. 1.78397133e-003 0. -1.37073535e-003 0. 0. 0.
    3.66836716e-003 0. 0. 0. 0. 0. 0. 0. 5.88279543e-003 0. 0. 0. 0. 0.
    0. 0. -4.53822460e-004 0. 0. 1.71435543e-003 0. 0. 2.08584080e-003
    9.00211278e-003 -6.69349538e-005 8.92180196e-006 0. 0. 0. 0.
    -3.64978187e-004 0. 3.24138114e-003 8.18209490e-004 0. 0. 0. 0.
    8.03097617e-004 4.04177047e-003 1.71948143e-003 2.53266981e-003 0.
    0. 1.61613896e-003 0. 2.47637450e-004 0. 0. 0. 2.81161116e-003 0. 0.
    0. 6.97422214e-003 0. 0. 0. -1.46903307e-003 7.67173385e-003 0.
    4.60377103e-003 0. -1.58770654e-005 0. 1.71943021e-003 0.
    2.71172146e-003 0. -3.86902742e-004 0. 0. 0. 0. 2.25778879e-003
    1.01821637e-002 0. 2.16220695e-004 0. 4.64370660e-003 0. 0.
    1.92132685e-003 0. -8.86436552e-004 1.03856095e-004 3.39607499e-003
    0. 0. 0. 0. 0. -1.01471902e-003 0. -3.17791710e-003 0.
    1.02802517e-003 0. 4.43984149e-003 0. 1.63854286e-003
    1.27043214e-003 0. 8.78966122e-004 0. 0. 0. 0. 6.41234335e-004
    9.39357560e-004 2.19355640e-003 5.14235441e-003 -9.32178460e-004 0.
    0. 0. 1.72371860e-003 0. 0. 0. -1.87456521e-004 0. 0.
    -1.71917246e-003 0. 2.78888503e-003 -1.65496708e-003 0. 0. 0.
    -1.45030161e-003 9.34396591e-003 4.55291057e-003 3.61162028e-003
    6.35048607e-003 0. 0. 0. 0. 0. 0. 4.68623452e-003 0. 0. 0.
    5.15666278e-003 1.04880231e-002 0. 0. 0. 0. 0. 3.65283643e-003 0.
    1.51145179e-003 0. 0. 4.63846000e-003 2.61372002e-003 0.
    1.07951660e-003 1.44969279e-004 0. 1.28650316e-003 0.
    7.80134287e-004 0. 0. 0. 0. 0. 0. 2.98218220e-003 2.50202091e-003 0.
    1.18844202e-002 0. 9.38610348e-004 0. 6.03845716e-003 0.
    -6.62514358e-004 1.53030558e-002 0. 0. 0. 0. 6.19821221e-005 0. 0.
    0. 0. 0. 1.14172953e-003 3.85093619e-004 0. 0. 3.58531554e-003
    1.75990816e-003 0. 4.18806623e-004 3.23928340e-004 1.23531120e-002
    -1.48523040e-003 0. 3.48291709e-003 0. 1.27206603e-002 0.
    2.44906126e-003 -5.52132333e-005 8.20152834e-003 1.93811592e-003
    9.30658716e-004 1.23730022e-003 0. 0. 0. 0. 2.48014438e-003
    1.24566527e-002 0. -3.85810301e-004 2.52573239e-003 0. 0. 0.
    2.93933507e-003 -1.73134403e-003 0. 0. -5.78735431e-004 0.
    -5.16520289e-004 0. 0. 6.17287587e-003 0. 0. 0. 1.48917525e-003
    1.49963703e-003 0. -6.73432805e-005 0. 1.28613925e-003 0. 0. 0. 0.
    1.44625013e-003 0. -1.17933284e-003 4.14856104e-003 4.60182317e-003
    0. 6.52995147e-003 0. 0. 3.76934954e-003 0. 3.68178659e-003 0.
    2.42011109e-003 0. 0. -6.99746539e-004 -1.86342595e-003 0. 0. 0. 0.
    1.57026318e-003 1.82918226e-003 0. 0. 0. 0. 0. 4.04632045e-003 0.
    2.49166484e-003 0. 0. 0. 1.20403175e-003 0. -1.83314463e-004 0. 0.
    0. 0. -2.17450113e-004 0. 8.02773237e-003 0. 0. 0. 0. 0.
    2.53949407e-003 7.22268771e-004 0. 0. 0. 0. 0. 0. -4.18956717e-003
    1.95086887e-003 2.54275306e-004 0. 6.33334275e-003 0. 0. 0. 0.
    -1.06591894e-003 0. 1.12384523e-003 0. 1.89274200e-003
    3.89302196e-003 1.53333310e-003 0. 0. 0. 0. 4.19970806e-004 0.
