<?xml version="1.0"?>
<opencv_storage>
<imageDescriptor type_id="opencv-matrix">
  <rows>1</rows>
  <cols>1000</cols>
  <dt>f</dt>
  <data>
    0. 0. 1.07752378e-004 4.06978186e-003 0. 1.20473688e-003 0.
    2.36212532e-003 8.04327894e-003 -1.77160604e-004 -1.14458171e-003 0.
    0. 3.41854733e-003 0. 0. 4.01593093e-003 0. 0. 0. 7.71035394e-003 0.
    8.21212016e-004 1.53361951e-004 0. 0. 1.03894458e-003
    3.09441728e-003 0. 0. 0. 8.44064914e-003 1.36903778e-003
    1.84537284e-002 0. 0. 8.73987284e-003 0. 0. 5.20406896e-003 0.
    4.39125998e-003 0. 3.70899634e-003 -1.15193077e-003 3.25433840e-003
    0. 0. 1.32213905e-003 7.03774067e-003 0. 0. 8.49090982e-003 0. 0.
    1.52196910e-003 0. -1.06347201e-003 0. 0. 9.43102874e-004 0. 0. 0.
    0. 0. 0. 0. -1.61772734e-003 0. 0. 0. 0. 0. 1.53037638e-003 0.
    -1.34232587e-005 0. 0. -5.35172527e-004 9.63726640e-003 0. 0. 0.
    -1.94828157e-004 0. 7.51203811e-003 1.40951818e-003 0. 0.
    4.64015314e-003 0. 0. 0. 0. 7.08695408e-003 -9.25266184e-004
    8.03329726e-007 0. 0. 9.39246907e-004 0. 0. 8.68576113e-003
    1.28265412e-003 0. 0. 0. 1.65060710e-003 7.24500627e-004
    5.25607914e-003 0. 2.84680282e-003 0. 0. 0. -1.61005743e-003
    1.94223574e-003 0. 7.11148430e-004 0. 2.16166303e-003 0.
    5.81043633e-003 1.10157132e-002 0. 2.89311726e-003 0. 0. 0. 0. 0.
    1.72751083e-003 0. 0. 0. 0. 4.44545364e-003 0. 5.52910671e-004
    4.42159129e-003 0. -2.83113751e-003 8.70048720e-003 0. 0. 0. 0. 0.
    0. 9.11494624e-003 0. 0. -5.68894378e-004 3.71889933e-003 0. 0. 0.
    2.11918703e-003 0. 0. 0. 0. 0. -4.22882731e-004 0. 0. 0. 0. 0.
    1.82239991e-003 5.78717049e-003 0. 1.57307740e-003 0.
    -1.82937668e-003 0. -1.97634305e-004 2.08158186e-003 0. 0. 0.
    6.25767140e-003 0. 0. 0. 5.20283217e-003 6.51573343e-003 0. 0. 0.
    3.83544138e-005 0. 0. 0. 0. 4.71856724e-003 5.64615196e-003 0. 0. 0.
    1.28190604e-003 1.87394284e-002 7.46459095e-003 0. 0.
    -5.60329340e-007 0. 0. 6.36286614e-003 0. 0. 0. 0. 0. 0. 0. 0.
    1.28646474e-003 0. 0. 7.62604084e-003 0. 0. 0. 0. -2.44599476e-004
    0. 0. 0. 0. 5.36441430e-003 0. 9.19077836e-004 0. 0. 0. 0.
    -1.04879925e-003 4.50840127e-003 0. -6.66627777e-004
    -8.21316207e-005 0. 0. 0. -8.69252195e-004 6.32526306e-003 0. 0.
    8.06136616e-003 0. 0. 0. 0. 5.55372750e-003 2.15489417e-003
    4.87119099e-003 -3.57655110e-003 -4.51985659e-004 -4.83155309e-004
    3.32393427e-003 0. 7.79634947e-003 0. 1.96620170e-002 0.
    -2.10914892e-004 0. 0. 3.45971482e-003 4.11298033e-003 0. 0.
    2.63737678e-003 0. 0. -2.72115902e-003 0. 0. -1.16740435e-003 0. 0.
    0. 0. 0. 0. 0. 0. 3.23152822e-003 0. 0. 0. 0. 0. -4.61222342e-004 0.
    -3.85355973e-003 0. 0. 9.86618362e-003 0. 0. 8.51865741e-004 0.
    -6.03856461e-004 -8.18363565e-004 3.29761580e-003 1.95640343e-004 0.
    0. 0. 0. 0. 3.87038034e-003 0. 0. 0. 0. 0. 0. 0. 0. 0. 0. 0. 0.
    3.09388363e-003 0. 7.72143831e-004 7.23168603e-004 3.10084783e-003
    0. 0. 0. 0. 1.11892063e-003 0. 0. 0. 4.63630160e-004 0.
    1.49765499e-002 0. 0. 0. -1.24187989e-003 2.05201167e-003 0. 0.
    7.02991092e-004 0. 0. -3.89100402e-003 0. 0. 0. 6.83155749e-003
    -1.03585341e-003 2.64232134e-004 7.11850170e-003 2.26064632e-003 0.
    6.80608815e-003 1.11505790e-002 2.59822444e-003 0. 0. 0. 0. 0. 0. 0.
    0. 0. 0. 1.23374583e-003 0. 2.81040464e-003 0. 0. 7.12360896e-004
    1.02311214e-002 0. 0. 0. 0. 2.81234330e-004 3.31421295e-004
    -8.50411656e-004 0. 0. 6.78556040e-004 0. 0. -8.74616089e-004 0.
    3.27558629e-003 2.42534885e-003 0. 0. 0. 0. 0. 0. 0. 2.71804794e-003
    0. 1.90445688e-003 0. -8.78896273e-004 0. 5.10637043e-003 0. 0. 0.
    0. 0. 0. 0. 0. 1.22437198e-002 0. 3.48438555e-003 0. 3.86619446e-004
    0. 0. 0. 0. 0. 0. -1.13831798e-003 0. 0. 3.12976656e-003 0. 0. 0.
    4.17700503e-003 0. 4.62274859e-003 0. 0. 0. 0. 0. 6.86820713e-004 0.
    0. 0. 4.35389951e-003 0. 0. 0. 0. 0. 4.14668350e-003 0. 0. 0. 0. 0.
    0. 0. 3.23621975e-003 0. 0. 3.26790847e-004 9.99423862e-003
    3.77575657e-003 0. 0. 0. -1.77555240e-003 0. -1.04395149e-005
    5.09053003e-004 8.17633001e-004 0. 0. 3.89072322e-003 0. 0.
    2.52306159e-003 1.46652330e-002 0. 2.74068699e-003 0. 0. 0.
    5.19314381e-005 0. 0. 2.99194036e-003 0. 4.44693398e-003 0. 0. 0. 0.
    0. 0. 0. 0. 8.46847799e-003 1.30711298e-003 0. 0. 0. 0. 0. 0. 0. 0.
    0. 2.81423900e-006 0. 0. 0. 0. -1.22038720e-004 0. 0.
    3.37451836e-003 0. 4.83778212e-003 0. 0. 1.38526491e-003 0. 0. 0. 0.
    1.18628901e-003 0. 8.57886206e-003 6.42015878e-003 0.
    -2.26521282e-003 -3.64950183e-003 0. 1.94235798e-003 0. 0.
    -3.02709668e-004 0. 8.02405830e-003 0. 0. 4.88933118e-004 0.
    5.81555068e-003 0. 0. 0. 0. 0. 2.02376832e-005 0. 4.04373556e-003
    2.67614145e-004 0. 0. 1.98211940e-003 0. 0. 0. 0. 2.45871372e-003 0.
    7.70536996e-003 0. 0. 0. 0. 0. 0. 0. 0. 0. 0. 0. 6.92235027e-003
    -9.70514666e-004 0. 0. 0. 3.00815864e-003 0. 0. 1.28146634e-003
    -3.00854910e-003 0. 0. 0. 0. 0. 0. 0. 0. 0. 0. 0. 0. 0.
    3.41998157e-003 0. 4.30323323e-003 0. 0. 0. 0. 6.15497876e-004 0. 0.
    0. 0. 1.02774678e-002 0. 5.53466845e-003 0. 7.67714484e-003 0. 0.
    8.87331367e-003 7.60582974e-003 0. 0. 0. 0. 0. 1.56385207e-003
    -2.66882707e-003 0. 0. 3.86974658e-003 0. 2.23334227e-003 0.
    2.27092416e-003 9.39813629e-003 0. 3.21524474e-003 1.10810425e-003
    0. 0. 1.46040588e-003 0. 5.09539666e-003 9.07108001e-003 0. 0. 0. 0.
    -2.62762769e-003 0. 0. 0. 0. 3.71174351e-003 0. 0. 1.29948743e-003
    0. 0. 0. 0. 0. 0. 0. 6.61093509e-004 0. -2.74987775e-003
    5.71040856e-003 0. 7.01480685e-003 0. 0. -5.55286475e-004 0.
    3.19808815e-003 0. -1.83994637e-003 0. 0. 0. 0. 0. 0.
    -1.74048485e-003 0. 0. 0. 0. 0. 0. 0. 0. -4.17505275e-004 0. 0. 0.
    0. 0. 3.98268830e-003 4.80331160e-004 7.59214070e-003
    2.39792326e-003 0. 0. 0. -2.52194609e-003 6.04838135e-007 0.
    1.92493259e-003 -6.40101731e-004 0. 0. 0. -3.99386883e-003
    2.96561455e-004 0. 0. -2.34931801e-003 4.00070287e-003 0. 0.
    -2.57448200e-003 7.05957937e-004 0. 0. 7.15714321e-003
    2.75158696e-003 0. 0. 0. 1.07545021e-003 0. 1.88908905e-006 0. 0. 0.
    -4.25078161e-003 0. 0. 1.53638213e-003 1.36536686e-003 0. 0.
    7.38145376e-004 0. 0. 3.83143057e-003 0. 1.79724395e-002 0. 0. 0.
    7.65211124e-004 0. 0. 8.98062438e-003 0. 0. 0. 2.91081262e-004
    1.51938747e-003 5.02794399e-004 1.65949936e-003 0. -3.21241823e-004
    0. 2.30555935e-003 0. 0. 2.42384942e-003 0. 0. 3.50834592e-003 0. 0.
    3.03171575e-003 0. 4.07095579e-003 0. 0. 0. 2.41245795e-003 0. 0.
    -1.37747993e-004 0. 0. 0. 2.82473071e-003 0. 1.29376911e-003 0.
    1.53512484e-003 0. 0. 1.97411794e-003 0. -1.81593560e-003 0.
    3.03818588e-003 7.92551693e-003 0. 7.65008037e-004 2.11466639e-003
    0. 1.42080029e-002 0. -2.41532307e-005 0. 0. 0. 1.01648748e-003
    1.19523592e-002 0. 1.64954981e-004 0. 0. 0. 4.93270671e-003
    -1.86607300e-003 1.12081389e-003 0. 0. 0. 0. 0. 1.31158885e-002
    1.68727280e-003 7.22299004e-003 0. 0. 0. 0. 0. -1.60432514e-003 0.
    9.32174502e-004 0. 0. 1.02736999e-003 0. 0. 1.55330599e-005 0.
    1.64587436e-006 0. 0. 0. 0. 0. 0. 0. 9.93850175e-004 0.
    2.88082752e-003 0. 4.17381118e-004 0. 0. 0. 3.14919231e-003 0. 0.
    -3.12896853e-004 1.01351656e-003 0. 7.11422553e-003 0.
    5.31754806e-004 2.28383113e-003 0. 0. 1.03254314e-003 0.
    3.19474447e-003 0. 0. 0. 1.13872932e-002 0. 0. 0. 0. 1.95111777e-003
    7.60885188e-004 1.31586683e-006 0. 0. 0. 0. 4.80196439e-003 0. 0. 0.
    8.34821165e-003 5.94514608e-003 0. 4.14647767e-003 0. 0. 0. 0. 0. 0.
    0. 0. 0. 0. 0. 2.22348585e-003 0. 0. 0. 3.04349302e-003 0. 0. 0. 0.
    0. 0. 6.38946751e-003 2.05374742e-003 0. 0. 1.17876269e-002 0.
    4.41709906e-003 0. 8.48294352e-004 0. -1.74282142e-003
    4.02388599e-004 0. 0. -2.45718961e-003 0. 0. 0. -1.56271365e-003 0.
    0. 0. 0. 0. 3.27717839e-003 0. 0. 0. 0. -1.52286491e-003 0. 0. 0.
    -4.68985323e-004 1.38454675e-003 4.36990405e-004 3.08177958e-004 0.
