<?xml version="1.0"?>
<opencv_storage>
<imageDescriptor type_id="opencv-matrix">
  <rows>1</rows>
  <cols>1000</cols>
  <dt>f</dt>
  <data>
    0. 1.31434780e-002 0. 0. -5.45431220e-004 0. 0. 0. 0.
    1.75429927e-003 2.03343900e-003 -3.57109238e-004 1.71362376e-003
    3.29683768e-003 0. 0. 0. 0. 0. 0. 9.28285532e-004 0. 2.45027454e-003
    -3.67889996e-004 0. -1.33291655e-003 0. 0. 0. 4.08314215e-003 0. 0.
    0. 0. 0. -3.63139901e-003 0. 0. 7.88651221e-003 -9.91560984e-004 0.
    -1.84251519e-004 0. 0. 0. 0. 7.84828735e-004 -2.65455164e-004
    -2.61945213e-004 8.63578403e-004 0. 0. 0. -5.31512953e-004 0. 0.
    8.18996574e-004 0. 0. 0. -1.26003055e-004 0. 0. 3.80857382e-003
    6.66940073e-003 5.22118853e-003 1.97857223e-003 1.94539502e-003 0.
    3.08467960e-003 0. 0. 0. 0. 0. 0. 0. 0. 0. 0. 0. 0. 6.12574571e-004
    0. -1.31801280e-004 6.50308607e-003 0. 6.04808470e-003 0. 0.
    1.74439093e-003 -1.46889652e-003 0. 0. 1.17149088e-003 0. 0. 0.
    3.80085828e-003 2.55734404e-003 7.24535994e-003 0. 0. 0. 0.
    -6.52055081e-004 1.53456517e-002 0. 0. 1.95498276e-003 0. 0. 0. 0.
    0. 0. 4.09211934e-004 6.11329568e-004 4.56146337e-003
    7.90746324e-003 0. 0. 4.13032575e-003 1.29891955e-003
    -2.30176884e-004 0. 9.34865675e-004 0. 0. -3.16380843e-004
    6.91262400e-003 1.53271190e-003 0. 0. 8.89049284e-003
    -2.44235853e-003 9.83361038e-004 3.12089641e-003 3.81847192e-003 0.
    2.24847579e-003 0. 0. 0. 6.36318559e-003 -3.17063328e-004
    6.69692934e-004 6.21916261e-003 0. 4.47733188e-003 5.76722552e-004
    0. 3.20551684e-003 0. 0. 0. 2.43522372e-004 -3.01010837e-003 0.
    4.31477005e-004 5.93489315e-003 4.24187863e-003 -2.39893372e-004 0.
    0. 2.16328353e-003 0. 0. 1.18029304e-002 0. 1.04557332e-002
    7.02807447e-004 -1.25327380e-003 0. 0. 1.01307151e-003 0.
    8.46884027e-003 1.07446406e-003 0. 0. 1.14724692e-003 0. 0. 0. 0.
    7.42260192e-004 0. 0. -1.64175394e-003 0. 6.08615577e-003 0. 0. 0.
    0. 0. 0. 1.37922843e-003 0. 0. 0. 0. 6.82498678e-004 0.
    2.92587373e-003 0. 0. 2.74174334e-003 0. 0. 1.05200906e-003 0.
    6.46249158e-004 1.36068615e-003 2.41276994e-003 0. 0.
    1.68164866e-003 0. -5.67641924e-004 1.38232473e-003 0. 0. 0.
    -3.62935150e-003 0. 0. 1.04618189e-003 6.09431788e-003 0. 0.
    4.61324165e-003 0. 0. 1.38447080e-002 0. 1.62553988e-004
    4.41514658e-006 -1.18213973e-003 0. 0. 0. 0. 0. 0. 1.24705886e-003
    1.95669266e-003 6.77374715e-004 1.71121524e-003 0. 0.
    2.93233129e-003 1.49824657e-002 1.24015557e-002 0. 1.86184829e-003
    0. 0. 0. 1.92683563e-003 0. 0. 4.95224493e-003 0. 0. 0. 0. 0. 0. 0.
    0. 0. 0. 0. 0. 1.37046352e-003 0. 5.19940397e-004 0. 8.60645378e-004
    6.37211651e-003 0. 0. 4.28369473e-004 0. 0. 5.68244839e-003
    2.31041084e-003 0. 0. 4.05995030e-004 0. 0. 0. 0. 0. 0. 0.
    7.53660803e-004 0. 8.87264672e-004 1.29348633e-003 7.54016079e-003
    4.65905468e-004 8.03816481e-004 0. 0. 0. 7.43134442e-005 0. 0.
    -4.04266582e-004 0. 0. 0. 1.25968894e-002 9.91864223e-003 0. 0. 0.
    1.13294343e-003 0. 0. 0. 0. 0. 0. 0. 3.57298792e-004 0.
    2.88697449e-003 0. 0. 0. 0. 0. 0. 0. 6.93473965e-003 1.32509312e-002
    0. 1.73811021e-003 0. 0. 2.27517309e-003 3.50912625e-004
    -6.95958224e-005 0. 5.05613629e-003 3.48584936e-003 0.
    3.76107730e-003 0. 7.25875667e-004 0. 7.19917100e-003 0. 0.
    -4.29446896e-004 0. 2.13186373e-003 0. 0. 2.18879594e-003 0. 0. 0.
    4.60318806e-005 3.48729617e-003 0. 0. 0. 0. 0. 0. 0. 0.
    4.66706837e-003 0. 0. 0. 0. 2.42716385e-004 0. -2.80753477e-004 0.
    9.21016559e-004 0. 0. 2.41529709e-003 2.61574588e-003
    1.84787146e-003 -1.68816152e-003 0. 0. 0. -4.42000525e-003 0. 0.
    -2.51084333e-003 -1.04799372e-004 0. 0. 4.11119574e-004 0.
    8.15318711e-003 0. 0. 0. 0. 2.45248731e-002 2.19946145e-003 0.
    1.27617987e-002 0. 1.48172339e-003 0. 1.63848349e-003 0. 0.
    8.59272317e-004 8.38934619e-004 0. 0. 6.51538931e-003 0. 0. 0. 0. 0.
    3.37533280e-003 0. 0. 9.91775421e-004 2.37097451e-003
    2.35394738e-003 0. 1.49149797e-003 6.50778020e-005 0.
    3.19630327e-003 0. 2.30978732e-003 0. 3.81456397e-004
    -2.62790738e-004 0. 2.20982314e-004 0. 0. 5.04148751e-003
    2.69228686e-003 0. 1.17959385e-003 0. 4.90812305e-003 0.
    -1.13030488e-003 2.96953134e-003 0. 7.30767241e-003 0. 0. 0.
    8.59225693e-004 0. 1.08948313e-002 0. 0. 0. 0. 2.83152284e-003 0.
    5.48338052e-004 0. 0. 1.20067317e-003 3.33488244e-003 0. 0. 0.
    8.93468782e-003 0. 0. 8.60171160e-004 4.48258035e-003 0.
    1.66669656e-002 0. 8.76757549e-004 0. 4.99895716e-004 0.
    6.70439797e-004 2.39490904e-003 0. 1.24868366e-003 -2.76942534e-004
    0. 0. 5.55036124e-003 0. 2.26033875e-003 2.30189040e-003 0. 0.
    2.67240894e-003 -2.31444537e-005 0. 0. 4.40646021e-004 0.
    1.60173967e-003 0. 0. 0. 0. 0. 0. 0. 5.76141896e-003 1.44093833e-003
    0. 3.09680152e-004 0. 0. 1.17543957e-003 0. 1.26257970e-003 0. 0. 0.
    0. 3.81371379e-003 0. 2.97725736e-003 0. 3.32320668e-003 0.
    -1.29096923e-004 0. -2.21360009e-004 -4.09081782e-004 0. 0. 0. 0.
    2.12918893e-002 0. 0. 2.03497359e-003 0. 0. 0. -1.23083603e-003 0.
    0. -3.71011061e-004 -2.67737487e-004 0. 0. 0. 0. 2.21004756e-003 0.
    0. 6.02540269e-004 0. -5.60339191e-004 7.54009280e-003 0.
    6.08860701e-003 2.82352383e-004 0. 0. 2.84623960e-003 0.
    9.15880897e-004 0. 0. 0. 1.52588205e-003 0. 1.80743670e-003 0.
    8.49778764e-004 0. 4.72484995e-003 0. 0. 8.66221439e-004
    -1.09219982e-003 5.71341254e-003 2.05135136e-003 0. 0. 0. 0.
    4.17900877e-003 0. 0. 9.49981215e-004 0. 3.90227372e-003 0.
    3.86165734e-003 0. 0. -1.99458119e-003 6.88259816e-003
    5.35751786e-003 0. 0. 0. 4.75570373e-003 0. -1.60194992e-003 0. 0.
    0. 0. -1.75955283e-004 0. 0. 2.44511617e-003 4.60778771e-004 0.
    -1.57576025e-004 0. -2.39475537e-003 6.04384392e-003 0.
    -1.33948098e-003 -1.09285780e-003 0. 0. 0. 0. -5.81488595e-004
    1.31147157e-003 0. 0. 3.10317357e-003 0. 0. 0. 0. 0. 0. 0.
    -1.63196004e-004 0. 0. 5.95404534e-004 -2.46404757e-004
    1.23394676e-003 1.98216154e-003 7.17205694e-003 -9.24536900e-004
    1.85029604e-003 0. 4.64786106e-004 0. 0. 0. 0. 0. 0. 0. 0.
    1.22076022e-002 0. 1.93167501e-003 0. 0. 8.83855508e-004 0. 0. 0.
    2.63760588e-003 0. 0. 0. 0. 0. 7.54254346e-004 0. 1.55763631e-003
    4.06796997e-003 0. 0. -1.19774195e-003 0. 0. 5.96721191e-003 0.
    -1.33898843e-003 3.21478350e-003 7.53123779e-004 2.15992937e-003 0.
    -1.18457712e-003 0. 0. 0. 5.73360812e-005 -1.81180355e-003 0.
    -1.83656090e-003 0. 0. 0. -7.54423381e-004 4.75455867e-003 0. 0. 0.
    8.31609126e-003 6.15410227e-003 0. 0. 0. 1.66495237e-003
    1.59314368e-002 1.95254502e-003 0. 1.02415113e-002 0.
    -1.57077040e-003 0. 8.93055985e-005 0. 7.23212899e-004
    -1.14698167e-004 1.86248668e-004 7.29994499e-005 2.06836942e-003 0.
    3.19673889e-003 0. 0. 1.70511156e-002 6.94607897e-003
    -1.34644375e-004 0. 0. 0. 3.47278197e-003 0. -1.32698088e-003 0. 0.
    0. 0. 0. 3.00129456e-003 0. 0. 0. 0. 0. 0. 0. 0. 0. 9.52953473e-004
    0. 0. 0. 0. 0. 0. 0. 0. 1.56320602e-004 0. 0. 0. 4.25432064e-003 0.
    0. 0. 2.20341049e-003 2.72836699e-003 1.59260666e-003 0. 0. 0. 0.
    7.00367475e-003 0. 0. 2.76053860e-003 8.91921390e-003
    -8.46540963e-004 0. 0. 0. 0. 0. 1.56910415e-003 3.15863430e-003 0.
    0. 0. 0. 0. -1.67434174e-003 0. 4.13411064e-003 0. -1.05448999e-005
    0. 0. 0. 9.14609991e-004 0. 2.44008610e-003 1.25108790e-002 0.
    1.38047896e-003 0. 0. 0. 0. 0. 0. 0. -1.46792165e-003
    2.30740337e-003 0. 2.22107675e-003 8.74677394e-003 4.04071397e-005
    0. 3.33675672e-003 6.19271595e-004 4.16561728e-004 0. 0.
    1.65885675e-003 1.28247803e-002 6.45086449e-003 1.29024731e-002
    2.24220101e-003 0. 5.23367524e-003 0. 0. 0. 0. 0. -1.88734077e-004
    0. 0. 0. 0. 0. 7.32180662e-004 0. 1.50151050e-003 0. 4.87626676e-004
    0. 2.69986899e-003 0. -3.95530915e-005 4.80125193e-003 0. 0. 0. 0.
    0. 0. 0. 0. 0. 0. 0. -4.39927122e-003 0. 7.59366015e-003 0. 0.
