<?xml version="1.0"?>
<opencv_storage>
<imageDescriptor type_id="opencv-matrix">
  <rows>1</rows>
  <cols>1000</cols>
  <dt>f</dt>
  <data>
    1.79107755e-003 1.75076106e-003 1.72599661e-003 0. -1.52078312e-004
    0. 9.28732159e-004 1.01422798e-003 -4.94710985e-004 0. 0.
    6.88351749e-004 1.95025248e-004 0. 0. -7.30645843e-004
    5.57301857e-004 0. 0. 0. 2.13902816e-003 1.43359345e-003
    -5.57763742e-005 0. -6.19592029e-004 0. 0. 0. 3.41341179e-003
    3.90458480e-003 2.77701789e-003 1.46952374e-002 0. 5.42713189e-003
    0. 0. 2.99348030e-003 4.39283904e-003 9.91263310e-004 0. 0. 0. 0.
    3.05376918e-004 0. 2.32425379e-003 0. 2.31814035e-003 0. 0.
    1.70109782e-003 4.03209298e-004 2.67377403e-003 3.43889999e-003
    9.11993731e-004 8.35231505e-003 7.63758377e-004 4.94022213e-004 0.
    4.93359705e-003 2.01942492e-003 0. 0. -6.45664462e-004
    -6.42368454e-004 0. 0. 0. 0. 1.77823287e-003 0. 0. 2.70979642e-003
    -7.75008986e-004 0. 0. -6.44596410e-004 -5.41192712e-004 0. 0. 0. 0.
    0. 1.71557080e-003 2.76513165e-005 1.42403727e-003 0. 0. 0.
    1.78733410e-003 0. 3.75974661e-004 1.46804465e-004 4.86265356e-003
    9.22203821e-004 -1.93040942e-005 -4.14008653e-004 0. 5.76635078e-003
    0. 0. 1.56078814e-003 0. 0. 0. 1.07953115e-003 3.53221851e-003 0.
    3.44961369e-003 0. 0. 2.25192495e-003 0. 0. 6.17991993e-003 0. 0.
    1.78911933e-003 3.52432625e-003 0. 1.29146629e-003 0.
    3.58002580e-004 4.25048027e-004 7.74474465e-004 0. 1.82944082e-003
    2.75680213e-003 -3.10085656e-004 2.92907166e-003 2.01583118e-003 0.
    4.93289845e-004 3.36219411e-004 0. 7.39550160e-005 1.12363033e-003
    8.52926634e-003 1.13668817e-003 9.12484946e-004 0. 0. 0.
    5.53897256e-003 2.16677622e-003 9.47893714e-004 0. 0.
    4.53726202e-003 0. 0. -5.27878874e-004 0. 0. 3.68942972e-003 0. 0.
    0. 0. 1.50674151e-003 0. 0. 0. 2.65761814e-003 2.12455634e-003 0. 0.
    5.45845227e-003 0. 1.97779085e-003 9.11280455e-004 1.74969248e-003
    0. 0. 0. 0. 0. 0. 0. 0. 0. 1.51715954e-004 -2.87156971e-003
    3.16964206e-003 0. 0. 0. 0. 0. 5.14717249e-004 0. 8.76405858e-004
    1.28680142e-003 8.03238072e-004 0. 0. 0. 0. 8.51349719e-003
    4.79607959e-004 0. 1.99776283e-003 3.49734910e-003 -1.49239402e-003
    0. 7.05940241e-004 0. 9.53834795e-004 -2.98486295e-004 0. 0.
    3.11247795e-003 0. 6.38174592e-004 0. 0. 0. 2.52208579e-003
    -5.49684046e-004 1.16821742e-002 3.15953256e-003 0. 2.27552117e-003
    7.19427073e-004 6.05286157e-004 8.52967671e-004 2.29407055e-003 0.
    0. 7.61942720e-005 0. -4.54007939e-004 3.97280185e-003
    3.17201624e-003 1.16289302e-003 0. 0. 1.80231675e-003
    -1.03251812e-004 0. 0. 0. 4.95113136e-006 0. 0. 0. 0.
    -5.70555916e-004 4.31778003e-003 7.59332965e-004 0. 0.
    2.41477834e-003 0. 0. 0. 0. 0. 0. 0. 0. 0. 2.16298876e-003 0. 0.
    7.36065849e-004 -1.49549276e-004 1.18732417e-003 0. 0. 0. 0.
    6.45626709e-003 -7.54138688e-004 0. 3.60822421e-003 1.54698268e-003
    0. 2.25467514e-003 0. 0. 2.91844155e-003 2.40352377e-003
    3.52084381e-003 0. 1.23177585e-003 0. 1.59625453e-003 0.
    -1.10830658e-003 6.46826578e-004 0. 0. 0. 0. 5.67348069e-003 0. 0.
    2.11079745e-003 1.28549952e-002 7.61253817e-004 1.83676055e-003 0.
    -3.11909273e-004 2.24433350e-003 0. 4.20118310e-003 2.86273193e-003
    0. 1.98726053e-003 3.81933362e-003 1.17446855e-003 1.57959142e-003
    6.30595780e-004 0. 0. 1.05075433e-003 0. 3.53200268e-003
    -1.00585446e-003 0. 9.34253156e-004 7.04789069e-004 7.20771775e-003
    2.02762848e-003 9.23598744e-003 2.41760677e-003 0. 3.76804359e-003
    1.17109320e-003 4.98516159e-003 0. 1.25814870e-003 -1.09119224e-003
    6.55195734e-004 0. 0. 2.61939177e-003 0. 3.22771608e-003 0.
    4.46144841e-004 0. 6.31564343e-003 5.33517636e-003 2.67539453e-003
    0. 2.32071406e-003 0. 0. 0. 1.08918629e-003 0. 0. 0. 0.
    1.39863623e-004 0. 2.64241803e-003 0. 0. 0. 0. 1.60533469e-003
    1.90132146e-003 4.52060718e-004 1.31284166e-003 6.41222158e-003 0.
    1.72733178e-003 0. 0. 7.30466936e-003 0. 1.29179507e-002
    4.23490349e-003 1.82574976e-003 0. 0. 2.82973261e-003
    1.36605266e-003 0. 3.41130141e-003 4.34030034e-003 8.17205582e-004
    0. 3.12287430e-003 -4.58137889e-004 0. 0. 9.24016640e-004 0.
    6.15495897e-004 0. 0. 6.51908922e-004 5.51478995e-004
    5.89256117e-004 2.63673114e-003 0. 0. 0. 0. 1.79638516e-003
    5.78431971e-003 2.23358767e-003 0. 0. 0. 1.24713662e-003
    3.35127697e-004 -3.25352943e-004 0. 8.44040420e-003 0.
    3.08432383e-004 -1.66915939e-003 0. 0. -3.46218032e-004
    1.55488227e-003 0. 0. 6.56048418e-004 0. 0. 0. 0. 0. 2.48489925e-003
    1.84804283e-003 4.16942406e-003 7.36701163e-003 9.56447679e-004 0.
    5.47299255e-003 1.40352524e-003 1.19818200e-003 2.01597740e-003 0.
    1.55808043e-003 1.17175176e-003 1.59747212e-003 1.21639529e-003
    2.29294249e-003 0. 0. 4.40262677e-003 0. 0. 0. 4.62310854e-003
    6.65019790e-004 2.14988482e-003 1.53889228e-003 -1.02482190e-004 0.
    2.66583613e-003 0. 0. 0. 8.22213944e-003 0. 7.18531315e-004 0. 0.
    3.30532016e-003 3.33260372e-003 0. 9.42253275e-004 0.
    -4.98783629e-005 1.12610403e-002 3.62475548e-004 3.24384542e-003
    2.85851624e-004 1.16371037e-002 1.62931252e-003 1.51501538e-003
    2.89105996e-003 0. 0. 1.91485428e-003 0. 3.33696045e-003
    7.67596066e-004 -8.05120741e-004 7.65366538e-004 0. -4.40455660e-005
    8.13047681e-003 2.66267476e-003 0. 0. 0. 2.90119648e-003 0.
    1.23589521e-003 -9.17036436e-004 -2.37625045e-005 0. 2.03285622e-003
    0. 2.47435598e-003 0. 0. -9.44794621e-004 0. 5.00332192e-003 0. 0.
    0. 0. 0. 0. -2.47292046e-004 1.69422501e-003 0. 0. 0.
    -5.15233842e-004 0. 0. 1.12799183e-003 2.69700467e-005 0.
    3.05570499e-003 2.17927760e-003 0. 0. 0. 0. 0. -3.13607533e-003 0.
    0. 3.51149763e-004 0. -3.86671774e-004 1.21036661e-003 0.
    4.57159476e-004 0. 0. 0. 3.53852956e-004 0. 7.04352232e-003
    8.37411033e-004 7.74980756e-004 5.45804948e-003 2.34618946e-003 0.
    9.47048189e-004 0. 0. 0. 0. 4.16774536e-003 0. 0. 0. 5.39270835e-003
    0. 0. 0. 0. -9.43234656e-004 0. 0. 0. -6.86581247e-004
    2.52534659e-003 9.47282766e-004 0. 3.09482124e-003 1.91369001e-003
    6.98746822e-004 0. 2.37967377e-003 2.08388781e-003 0.
    3.68737662e-003 -1.38520764e-003 0. 0. 0. 0. 0. 0. 3.84550565e-003
    1.77606358e-003 0. -4.68676444e-005 0. 1.60853742e-004 0.
    1.46420219e-003 0. 7.30527285e-003 9.53934796e-004 2.09522271e-003
    0. 0. -2.66645675e-005 -2.96322745e-004 5.71106607e-003
    5.28376724e-004 0. 1.39575603e-003 0. 1.50345149e-003
    1.67818123e-003 1.62844663e-003 2.88302521e-003 0. 0. 0.
    1.16026227e-003 4.79717972e-003 0. -1.55087817e-003 0. 0.
    -9.19762533e-004 0. 0. 0. 0. 0. 0. 7.98554276e-004 0. 0. 0. 0. 0.
    4.85859200e-004 0. 0. 0. 1.04266498e-003 0. 8.79368628e-004
    -1.65457866e-004 -1.10127905e-003 4.89552796e-004 1.38112198e-004
    5.82338637e-003 0. 0. -1.44921080e-003 0. 0. 0. 0. 1.71763546e-004
    0. 1.28835998e-003 0. 0. 0. 5.54373953e-004 6.24894723e-003
    9.50215675e-004 7.93056097e-004 2.41679620e-004 9.19667422e-004 0.
    3.05248634e-003 8.22518487e-004 0. 3.93099338e-003 1.88641238e-003
    3.07306158e-003 0. 0. 0. 1.31817935e-002 8.57370626e-003
    6.77315576e-004 6.77582517e-004 5.83269109e-004 1.36817619e-003 0.
    3.80823971e-003 8.20710696e-003 1.79416244e-003 0. 0. 0.
    2.13387446e-003 0. 0. 1.40299054e-003 3.37407598e-003 0. 0.
    3.99260689e-003 1.23564363e-003 1.53370237e-003 1.90149026e-003
    4.05839551e-003 6.57927187e-004 -1.75716390e-003 6.20050123e-004
    5.59331733e-004 0. 3.14776599e-003 0. 9.77156451e-004
    2.42610206e-003 2.60648481e-003 4.93207248e-003 -5.46715455e-004 0.
    0. 1.21333485e-003 0. 0. 0. 0. -2.17994777e-004 1.16055971e-003 0.
    1.99703802e-003 8.79185463e-005 0. 8.53476347e-004 1.01271539e-003
    3.69694992e-003 1.06793386e-003 1.43150496e-003 3.93860554e-003 0.
    0. 2.34067463e-003 0. 0. 0. 1.84269869e-004 1.54104913e-004
    3.37476563e-003 0. 0. 0. 0. 0. 0. -7.44070348e-005 0. 0. 0.
