<?xml version="1.0"?>
<opencv_storage>
<imageDescriptor type_id="opencv-matrix">
  <rows>1</rows>
  <cols>1000</cols>
  <dt>f</dt>
  <data>
    0. 0. 0. 1.13229756e-003 0. -5.34111517e-004 0. 3.96908075e-003 0.
    0. 0. 8.47785035e-004 2.31593940e-003 0. 0. -6.08597707e-004
    -2.21991068e-004 0. 0. 0. 0. 2.33473466e-003 2.15352001e-003 0. 0.
    0. 3.00974725e-003 -1.29953772e-003 0. 3.65898875e-003 0.
    3.43061471e-003 1.87050318e-003 0. 6.80059707e-003 1.27650867e-003
    8.60276865e-004 1.19002082e-003 2.74222624e-003 0. 0. 0. 0.
    1.34708546e-003 4.47493931e-003 0. 5.93303354e-004 -5.75200887e-004
    0. 0. 0. 6.48355403e-004 0. 1.10208301e-003 0. 0. -1.55454734e-003
    -9.30716400e-004 2.59551476e-003 2.35913950e-003 0. 1.73250609e-003
    0. 0. 0. 0. 0. -2.56473759e-005 0. 2.03812309e-003 3.88089498e-003
    1.05190542e-004 0. 2.13212543e-003 0. -4.50347579e-004 0. 0. 0. 0.
    0. 0. 2.34731613e-003 4.70787380e-003 1.25682913e-003
    3.79512738e-003 3.21675208e-003 -1.54570269e-004 1.13930670e-004 0.
    2.56131077e-003 0. 0. -9.53838346e-004 2.42206501e-003
    4.34827496e-004 0. 0. 0. 0. 0. 0. 9.81750782e-004 -1.15793815e-003
    2.38943132e-004 0. 0. 0. 0. 5.82032790e-003 -1.46881284e-004 0. 0.
    0. 0. 0. 1.10631867e-003 0. 0. 0. 0. 0. 0. 1.51878351e-003 0.
    5.13298297e-003 0. 0. 0. 0. 6.34496857e-004 0. 0. 0. 5.23437338e-005
    4.47680056e-003 0. 0. 1.35509600e-003 3.81807936e-003
    5.00719855e-003 0. 5.63087827e-003 0. 1.58708222e-004 0. 0.
    2.65527214e-003 0. 0. 0. 0. 0. 0. 1.42859411e-003 1.18728880e-004
    8.68264295e-004 0. 3.06625036e-003 0. 1.55296177e-003 0.
    4.16339259e-004 -8.58477957e-004 1.70688191e-003 0. 0.
    -3.45295906e-004 8.71141255e-003 0. 1.79846864e-003 1.11267390e-003
    0. -1.79943629e-003 -1.14419579e-003 0. 2.08379142e-003
    3.35577315e-005 0. 0. 6.61508879e-003 7.30501022e-003 0.
    8.26284289e-003 -1.53261854e-003 0. 2.02962826e-003 7.73748849e-004
    7.40133401e-004 0. 0. 0. 0. 0. 9.11833486e-004 0. 1.84110261e-003
    2.34553567e-003 1.93610531e-003 0. 0. 0. 0. 1.04639924e-003
    -1.29760057e-003 0. 0. 0. 1.04941661e-003 2.94173206e-003 0. 0.
    1.32022053e-003 8.04277835e-004 0. 0. 0. 0. 3.50991916e-003 0. 0. 0.
    0. 0. 2.00873605e-004 2.24135190e-004 0. 0. 0. -1.06970710e-003
    5.27836056e-003 7.37167383e-003 0. 4.02772194e-003 1.84227782e-003
    0. 3.94046865e-003 0. 6.04998972e-003 0. -4.06826119e-004 0.
    9.57764103e-004 3.40798317e-004 3.91231943e-003 0. 9.60706733e-004
    0. 0. 1.60915346e-003 0. 1.24431700e-002 -8.41143599e-004 0.
    1.52824691e-003 0. 0. 6.53574616e-003 0. 5.12455311e-003 0.
    9.52159986e-004 0. 0. 3.16393259e-003 0. -6.80630765e-005 0.
    5.05380379e-003 0. 3.24934343e-004 4.02889040e-004 2.37472751e-003
    3.77888069e-003 9.82557773e-004 5.31516224e-003 9.87450185e-005
    2.18443153e-003 0. 0. 8.09431134e-004 1.83796405e-003 0. 0. 0.
    1.63756241e-003 0. 0. 4.15583840e-003 0. 0. 0. 0. 8.89248331e-004 0.
    0. 0. -8.63447844e-004 1.20228529e-003 0. 5.47897117e-003
    2.55596684e-003 1.06463383e-003 0. 4.23628007e-005 -1.37438052e-004
    0. 1.08320417e-003 5.23294788e-003 -1.05719781e-004 4.13324917e-003
    0. 0. 1.08055875e-003 0. 0. 9.50407120e-004 0. 0. 2.08538189e-003
    5.74778439e-003 0. 0. 0. -4.75314591e-004 0. 1.33591890e-003 0.
    1.42695503e-002 4.51554428e-004 0. 0. -2.52123130e-003
    -1.08056774e-004 8.99927167e-004 9.08155111e-004 0. 1.49441091e-003
    2.27764435e-003 5.00200223e-003 1.09839265e-003 0. 0.
    -1.59814488e-003 6.87485002e-003 0. 0. 7.97623652e-004 0.
    4.60493751e-003 -5.99028135e-004 0. 0. 2.29105121e-003
    2.38858699e-003 0. 0. 4.53820778e-003 -1.78087197e-004 0.
    9.75535659e-004 0. 7.11853197e-003 2.11488386e-003 3.44261061e-003
    1.54921645e-003 2.87181325e-003 0. 0. 6.77678850e-004
    1.80151977e-003 0. 1.92880339e-003 0. 7.09570199e-003
    -1.47499482e-003 3.60105210e-003 2.73014582e-003 1.32839754e-003
    2.77751562e-004 1.08017039e-003 0. 0. 0. 0. 0. 0. 0. 0.
    2.68793711e-003 0. 1.53011573e-003 0. 0. 3.75814852e-004
    -6.38042693e-005 0. 0. 1.48058159e-003 0. 0. 2.64203595e-003 0. 0.
    5.37795387e-003 1.59078985e-002 0. 0. 0. 0. 0. 0. 2.94337398e-003 0.
    0. 0. -1.38047768e-003 0. 5.39119402e-003 0. 1.36728724e-003 0. 0.
    3.24212085e-003 7.94172462e-004 1.30909123e-003 0. 0.
    1.37701828e-003 9.72724112e-004 0. 2.38994346e-003 0.
    1.47268933e-003 2.80987326e-004 0. 0. 0. 0. 1.09968465e-002 0.
    -6.47289504e-004 0. 0. 0. 0. 0. 0. 0. 1.51646673e-003 0. 0.
    3.77915188e-004 0. 0. 0. 0. 0. 0. 0. 0. 1.14545238e-003 0. 0. 0. 0.
    0. -2.36093038e-004 0. 0. 0. 0. 0. 0. 0. 0. 0. 6.77281711e-003 0.
    3.72592694e-006 1.14836055e-003 2.30194093e-003 0. 0.
    5.90225682e-003 0. -1.68321116e-004 5.78192528e-004 0. 0.
    8.17150064e-003 8.69265699e-004 0. 0. 0. 8.24761984e-004 0. 0. 0.
    1.12267956e-002 2.09866301e-003 2.89433310e-003 0. 7.08601496e-004
    7.18003698e-003 0. 3.87922814e-003 0. 9.55199823e-003 0. 0. 0.
    2.94227735e-003 0. -3.73769522e-004 9.18298436e-004 0. 0.
    2.08699517e-003 -1.62406312e-003 1.53573055e-004 3.34420311e-003
    6.37941435e-003 0. -7.04340113e-004 0. 4.20307089e-003 0. 0.
    5.49956516e-004 0. 4.52376157e-003 0. 1.65208464e-003 0.
    1.88651413e-003 0. 2.44624401e-003 0. 9.35482269e-004
    3.39047518e-003 4.97178407e-004 0. 0. 2.72603589e-003
    2.81496346e-003 0. 0. 0. 0. 1.32455828e-003 0. 4.96438565e-003 0.
    1.44043798e-003 0. 2.69472203e-003 -1.33712078e-003 1.95631804e-003
    -3.89568158e-004 1.67702290e-003 0. 0. 0. 0. 0. 0. 0.
    -3.64299311e-004 0. 0. -2.10824888e-003 2.38547591e-003
    4.33923036e-004 0. 1.31979783e-003 0. 0. 3.04147811e-003 0.
    1.68506638e-003 5.53596183e-004 0. 7.45503604e-003 9.01177060e-003
    1.80445763e-003 0. 0. 0. 0. 0. 0. 0. 1.07991043e-003 2.78362632e-003
    0. 0. 0. 0. 0. 3.94480163e-003 1.73555489e-003 0. 0. 0.
    3.36682890e-004 1.63828291e-003 0. 1.79633813e-003 0. 0. 0. 0. 0. 0.
    0. 0. 0. 6.84815599e-003 9.78995115e-004 0. 2.90415762e-003
    1.45681133e-003 3.33488476e-003 0. 0. 3.14958883e-003 0. 0. 0.
    -1.46259356e-003 1.54674635e-003 9.16202494e-004 0. 0.
    -1.36247929e-003 0. 4.01365105e-003 0. 0. 1.08488172e-003
    -1.19620212e-003 5.13950363e-004 0. 0. 2.28362158e-003
    1.32428401e-003 0. 6.68352703e-004 5.61751425e-003 6.42202562e-004
    0. 0. 0. -5.51867590e-004 -1.28783708e-004 3.99934221e-003 0. 0.
    -1.04783464e-003 0. 0. 0. 3.02402582e-003 0. 1.30177278e-003
    1.38231053e-003 0. 0. 0. 1.78269681e-003 0. 0. 2.14573229e-003 0. 0.
    7.79862050e-004 0. 6.79728622e-003 0. 0. 0. 0. 3.07020708e-003
    -1.51377841e-004 0. -1.72672211e-003 0. 0. 6.99162192e-004
    3.10492673e-004 0. 2.60402769e-004 -2.42198003e-003 0.
    4.80156252e-003 3.30820750e-003 0. 0. 7.01401907e-004
    7.48857274e-004 4.21780441e-003 0. 0. -1.02629839e-003 0.
    4.98982519e-003 0. 0. 5.58194472e-003 -2.37378365e-004
    1.20049960e-003 0. 0. 0. 0. 6.57919561e-004 0. 0. 0. 0.
    3.01282294e-003 2.66512274e-003 0. 0. 7.47008831e-004
    9.34121083e-004 1.04912114e-003 0. 0. 4.05760808e-003
    1.20228285e-003 0. 0. 0. 1.40960026e-003 2.44965358e-003 0. 0. 0. 0.
    1.03980338e-003 1.92998757e-003 1.39774254e-003 0. 1.48887024e-003
    1.60924310e-003 4.14618436e-004 0. 0. 0. 0. 0. -2.94015766e-003
    7.65578588e-004 0. 0. 0. 1.10501479e-002 0. 0. 0. 0. 3.85684823e-003
    0. 3.94335296e-003 2.54258001e-003 1.60871772e-003 0. 0.
    3.21235333e-004 3.23440740e-003 4.21199575e-003 -1.12922827e-003
    2.06696871e-003 0. 0. 0. 0. 1.99779961e-003 0. 0. -9.57482669e-004
    0. 0. 1.36568921e-003 7.10559962e-003 0. 0. 0. 0. 4.55227302e-004
    -2.76390754e-004 8.25101568e-004 6.91606337e-003 2.26258580e-003
    4.74774242e-005 5.65618917e-004 0. 6.36823056e-003 0.
    3.68627929e-003 1.56325591e-003 1.48958119e-003 2.27192463e-003 0.
    0. 4.10860311e-003 4.37553087e-003 5.51543199e-003 0. 0.
    5.33652771e-003 -3.83866462e-003 0. 0. 0. 2.19409890e-003
