<?xml version="1.0"?>
<opencv_storage>
<imageDescriptor type_id="opencv-matrix">
  <rows>1</rows>
  <cols>1000</cols>
  <dt>f</dt>
  <data>
    -3.12979100e-004 0. 3.50760762e-003 0. 0. 0. 3.78469820e-003
    -1.69034436e-004 -1.42128149e-004 0. 0. 3.27042071e-003 0.
    2.22997926e-003 0. 0. 2.00355262e-003 0. 0. -1.03183859e-003
    1.41980080e-003 1.18125975e-003 0. 0. 0. 7.63489108e-004
    1.62111630e-003 3.48400301e-003 0. 2.73192301e-003 0.
    8.97197612e-003 0. 3.70803988e-003 4.06382093e-003 0. 0. 0. 0. 0. 0.
    0. 5.05531579e-003 1.14247436e-003 -2.41227658e-003 0. 0.
    3.66887683e-003 0. 0. 0. 0. 0. 0. 0. 0. 5.71209588e-004 0.
    -6.12111471e-004 0. -3.39538499e-004 0. 6.99820928e-004 0. 0. 0. 0.
    1.55282475e-003 0. 0. 0. 0. 0. 4.12987871e-003 0. 0. 3.43955844e-003
    0. 2.12584343e-003 0. 0. 0. 0. -5.70093165e-004 0. 0.
    2.80836318e-003 0. 0. 0. 0. 0. 0. 7.39290332e-003 1.05170440e-003
    4.27424116e-003 0. 0. 2.23910133e-003 0. 0. -4.35029343e-003 0.
    8.71593319e-003 1.32120382e-002 0. 1.55225396e-003 0. 0.
    2.03799503e-003 0. 1.46422058e-003 0. 0. 0. 0. 2.87724263e-003 0. 0.
    4.76514082e-003 0. 1.82205276e-003 0. 0. 0. 1.42715708e-003
    -5.60198794e-004 0. 0. -2.92162586e-004 8.35565617e-004
    1.05167171e-002 2.31261062e-003 0. 0. 3.98033159e-003
    -4.84269345e-004 6.92604249e-003 0. 0. 0. 0. 4.59629763e-003 0. 0.
    0. 0. 0. 0. 0. 0. 0. 0. 0. 0. 0. 6.21658470e-003 0. -1.42520759e-003
    5.26934769e-003 -9.09418450e-004 0. 0. 0. 0. 3.36156925e-003 0.
    4.43896372e-003 -7.61339848e-004 2.10747565e-003 0. 0. 0. 0.
    1.41746784e-003 0. 0. 1.62118857e-004 0. 3.68250324e-003 0.
    6.43526576e-003 1.88524451e-003 0. 0. 0. 1.62104086e-003 0. 0. 0. 0.
    1.45957875e-003 0. 0. 0. 0. 0. -2.73957616e-003 0. 1.62603660e-003
    2.80594057e-003 2.52739433e-003 0. -4.17342264e-004 0. 0. 0. 0. 0.
    8.73793848e-003 -1.56900706e-003 4.86337766e-003 0. 2.45644769e-004
    0. 0. 0. 0. 0. 1.30026275e-003 1.31210755e-003 1.99570553e-003
    3.42718209e-003 0. 1.22255157e-003 0. 0. 0. 0. 3.28497379e-003
    1.09196920e-002 0. 0. -5.40317921e-003 3.14152380e-003 0.
    2.01438460e-003 0. 0. 0. 0. 0. 0. 5.78514999e-004 0. 2.44946079e-003
    6.31374866e-003 0. 0. 0. 7.77227804e-004 0. 0. 0. 4.42261202e-003 0.
    0. 0. 0. 0. 0. 0. 0. 0. 2.47334782e-003 0. 0. 0. 0. 0. 0. 0.
    2.52634590e-003 -3.75819462e-003 2.50603957e-003 2.36876891e-003 0.
    3.23175453e-003 0. 0. 3.04701412e-003 0. 0. 0. -1.68250967e-003
    1.09234324e-003 0. 0. 0. 3.13076726e-003 0. 0. 0. 0. 0.
    1.65434962e-003 0. -1.19326485e-003 0. -6.10688585e-004
    4.95043676e-003 0. 1.05811481e-003 0. 0. 6.56180782e-003 0. 0. 0. 0.
    0. 0. 0. 0. 3.81075288e-003 0. 1.95019573e-004 1.78783236e-003 0. 0.
    2.54597794e-003 5.01510315e-003 3.19308741e-003 0. 0.
    1.93418737e-003 0. 0. 0. 0. 0. 0. 1.34248799e-003 1.14284027e-002 0.
    0. 0. -1.54105190e-003 3.97690153e-003 0. 0. 0. 0. 0.
    2.22820099e-002 0. 0. 9.91582870e-004 0. -7.26959785e-004
    1.20989908e-003 0. 0. 6.05816022e-003 6.18038233e-003 0. 0. 0.
    8.63815844e-003 0. 8.62629386e-004 0. 5.32184821e-003
    7.45731220e-003 1.29718697e-002 -1.89621490e-003 7.48195779e-003 0.
    0. 3.60677834e-004 2.49832869e-004 1.17855810e-003 0. 0.
    3.58776003e-003 0. 0. 0. -1.79902825e-003 0. 4.76698205e-003 0. 0.
    0. 0. 4.03086236e-003 0. 2.89598061e-003 1.57681433e-003 0. 0.
    3.66199994e-004 1.31640525e-004 0. 0. 0. 0. 0. 0. 0. 0. 0.
    -1.08040718e-003 4.11353540e-003 0. 1.31514645e-003 0. 0. 0.
    2.35901494e-003 0. 0. 0. 0. 1.57233980e-003 2.33004941e-003 0. 0.
    3.26225243e-004 0. 0. 0. 0. 0. 2.99164513e-003 0. 0. 4.70630918e-003
    0. 6.91353460e-004 2.13597901e-003 0. 0. 0. 0. 0. 0. 2.44960235e-003
    3.90229910e-003 0. 0. 0. 1.85186253e-003 0. 0. 0. 0. 0.
    3.53048230e-003 0. 0. 2.84460071e-003 0. 0. 7.84524437e-003
    7.90250301e-003 0. 4.15342581e-003 5.22103347e-003 0.
    -2.55316205e-004 0. 0. 6.36284519e-003 0. 0. 4.39478923e-003
    1.07330712e-003 0. 4.34991159e-003 0. 0. 2.10417015e-003 0.
    7.12270383e-003 4.45960648e-003 6.31489698e-003 6.10249175e-004 0.
    2.81426567e-003 8.70717876e-003 0. 0. 0. -2.04661264e-004 0.
    5.49716409e-003 0. 3.99958808e-003 0. 2.63399035e-002 0. 0.
    5.76290814e-003 0. 1.69090030e-003 0. 3.67246359e-003
    2.54558912e-003 5.71169716e-004 2.88827624e-003 0. 0. 0. 0. 0.
    2.46591587e-003 0. 0. -1.00335793e-003 0. 0. -1.89857767e-003 0.
    1.03037455e-003 0. 0. 0. 0. 4.68489481e-003 0. 0. 0. 0. 0.
    4.39991709e-003 4.38670831e-004 0. 0. 2.03039590e-003 0.
    4.36331931e-004 2.57323729e-003 0. 0. 0. 0. 8.16720817e-003 0. 0. 0.
    3.25544155e-003 0. 7.78632984e-003 2.07820581e-003 0. 0. 0. 0. 0. 0.
    0. 0. 4.88021737e-003 -2.00908817e-003 1.06763223e-003
    8.13206425e-004 4.71990742e-003 0. 1.45663251e-003 0. 0.
    1.08787334e-002 0. 0. 0. 0. 0. 0. 0. 1.47598516e-003 0.
    6.19130908e-003 0. 0. 0. 0. 0. -6.93302485e-004 0. 0. 0. 0. 0. 0. 0.
    4.96831257e-003 0. 0. 0. 1.52814796e-003 0. 0. 0. 0. 0. 0.
    9.09195689e-004 0. 0. 0. 0. 3.84223135e-003 0. 0. 0. 0. 0. 0. 0.
    3.48969712e-003 0. 0. 0. 2.49284762e-003 0. -1.69855345e-003 0. 0.
    0. 0. 5.86073985e-003 -4.47674049e-003 0. 0. 0. 0. 0.
    4.17040382e-003 0. 2.09630793e-003 0. 0. 0. 1.48219801e-003 0. 0.
    2.91755423e-003 0. 0. 0. 0. 0. -1.22839841e-003 1.70000712e-003 0.
    8.42402223e-005 -9.11555835e-004 0. 0. 0. 0. 3.34963924e-003 0.
    3.22326226e-003 0. 0. 0. 4.06921189e-003 0. 4.20108251e-003 0. 0. 0.
    0. 3.30545171e-003 7.25659868e-003 0. 0. 2.50115665e-003 0.
    2.01290334e-003 2.82881968e-003 1.21365464e-003 1.78605272e-003 0.
    0. 0. 2.77187256e-003 0. 1.95392873e-002 0. 0. 0. 0.
    -1.98008749e-003 8.26342590e-003 0. 0. 0. 0. 0. 1.12606911e-002 0.
    0. 0. 0. 4.02455265e-003 0. 0. 0. 0. 4.46220534e-003 0.
    3.96598771e-004 0. 0. 0. 0. 0. 0. 0. 0. 0. 0. 0. 1.00198751e-002 0.
    2.59737181e-003 0. 9.21341404e-003 7.02457968e-003 5.32948505e-003
    0. 0. 0. 4.59528621e-003 0. 0. 5.82887372e-003 0. 0. 0. 0.
    -1.00885413e-003 0. 2.48703593e-003 4.05021058e-003 0. 0. 0. 0.
    1.92988839e-003 0. 0. 0. 1.23282499e-003 0. 0. 2.01441435e-004
    1.91639026e-003 0. 2.26979516e-003 0. 2.40461295e-003
    -1.75597472e-003 0. 2.11851625e-003 0. 6.63476763e-004 0. 0.
    6.58501638e-003 0. 0. 0. 1.53007805e-002 1.50114279e-002 0. 0. 0.
    4.74462844e-003 2.39805644e-003 2.10049469e-003 2.54200678e-003
    1.98673438e-002 0. 0. -8.06203054e-004 0. 0. 0. 0. -1.92922482e-003
    1.09919626e-002 0. 5.91994170e-003 0. -1.88210548e-003 0.
    2.87405751e-003 0. 5.17699402e-003 6.12019887e-003 0.
    1.32461253e-003 0. 0. 0. 9.67212394e-003 5.09402668e-003 0. 0. 0. 0.
    0. 0. -1.93158665e-003 1.49254454e-004 0. 0. 0. 0. 0.
    8.30117986e-003 0. 0. 0. -9.63932776e-004 0. 0. 0. 0.
    -1.14110578e-003 0. 0. 0. 0. 0. 0. 1.45059428e-003 0.
    -2.45922856e-004 -2.42652663e-004 0. -1.95879862e-003 0. 0.
    2.14417605e-003 4.21252148e-003 0. 0. 0. 8.72778648e-004 0. 0. 0. 0.
    0. 2.04891711e-003 3.68113513e-003 0. 0. 0. 1.01990218e-003 0. 0.
    1.89985498e-003 0. 4.28271480e-003 0. 1.66313467e-003 0.
    1.73318048e-003 2.42347014e-003 2.14491854e-003 0. 0. 0.
    6.14124537e-003 0. 0. 0. 0. 0. 1.05388463e-003 0. 0. 0. 0. 0.
    2.23959284e-003 -1.46042486e-003 0. 4.17945720e-003 0. 0.
    3.96107137e-003 0. 0. 0. 3.32103460e-003 0. 0. 0. -1.29737775e-003
    2.36058189e-003 0. -1.84192730e-004 0. 0. 0. 0. 0. 0. 0. 0. 0. 0. 0.
    2.62052263e-003 5.32892719e-003 1.36277452e-003 0. 0.
    -8.69990326e-003 2.63322057e-004 1.83552364e-003 0. 0. 0. 0.
    6.21619634e-003 1.02949068e-002 0. 0. -5.14818414e-004 0. 0. 0.
    2.42620939e-004 -4.69571649e-004 3.45413177e-003 0. -2.67263677e-004
    5.35944477e-003 3.73824965e-003 0. 0. 0. 0. 0. 0. 0. 0. 0. 0. 0.
    4.54903115e-003 0. 0. 0. 0. -1.99222425e-003 0. 0. -6.63842715e-004
    0. 0. 0. 0. 0. 0. 0. 0. 0. 0. 0. 0. 0. 0. 0. 5.51345944e-003 0. 0.
