<?xml version="1.0"?>
<opencv_storage>
<imageDescriptor type_id="opencv-matrix">
  <rows>1</rows>
  <cols>1000</cols>
  <dt>f</dt>
  <data>
    0. -8.89126968e-004 0. 0. 1.70487154e-003 0. 4.31268336e-003 0.
    -1.07081731e-004 0. 0. 7.93327810e-004 0. 0. 0. 0. 7.91718077e-004
    0. -1.97778526e-003 0. 0. 4.44427459e-003 0. 2.53510964e-003
    1.15852023e-003 1.77257214e-004 0. 0. 8.83614877e-004 0. 0.
    1.85364578e-003 -6.09983748e-004 0. 5.41211339e-003 -2.86836713e-003
    0. 1.47810508e-003 5.49980556e-004 7.78012909e-003 0. 0. 0.
    7.21908931e-004 6.15992676e-003 4.32722317e-003 0. 0. 0. 0. 0. 0. 0.
    0. 0. 0. 5.30810561e-003 1.00292545e-003 0. 0. 0. 0. 0.
    3.13171349e-003 2.84473458e-003 -2.20277207e-003 0. 0.
    1.87415758e-003 0. 0. 3.55668529e-003 0. 0. 0. 0. -3.83608538e-004
    0. 0. 0. 0. 0. 0. 0. 1.76231295e-003 1.53494747e-002 5.71116665e-003
    0. 0. 6.80104457e-003 0. 0. -9.36884899e-004 9.00367915e-004
    1.08118989e-002 6.60066772e-003 0. 0. 0. 0. 2.98004411e-003
    4.75314073e-003 0. 8.29650453e-005 6.71532797e-003 3.50485044e-003
    1.13070831e-002 -5.28560136e-004 -2.13181111e-003 4.65675117e-003
    -2.58687581e-003 3.08376621e-003 0. 0. 0. 4.70339553e-004
    2.52597500e-003 0. 9.65271436e-004 2.55142309e-004 0. 0. 0.
    -4.33505978e-004 0. 0. 2.15708418e-003 0. 1.19861541e-003
    2.00099428e-003 -5.93776756e-004 0. 1.24540913e-003 6.36673358e-004
    -2.12211889e-004 1.00330892e-003 1.66119821e-003 2.18856079e-003 0.
    0. 0. 0. -5.73978061e-004 0. 2.13042763e-003 -3.15455691e-004
    2.27355701e-003 0. 0. 0. 9.80960438e-004 3.32787004e-003
    1.05627754e-003 0. 0. 2.34324578e-003 1.41915455e-002 0.
    5.05614374e-003 5.63430320e-003 0. 0. 3.49048350e-004 0. 0. 0. 0.
    3.82581400e-003 0. 0. 8.09166988e-004 -4.64197918e-004 0. 0. 0.
    1.77141721e-003 0. 0. 3.39407707e-003 0. 0. 0. 1.14991085e-003
    3.15339048e-003 0. 0. 0. 1.29909650e-003 5.13816951e-003
    2.74254329e-004 0. 0. 0. 0. 7.95351516e-004 0. 5.63972583e-003 0. 0.
    0. 0. 6.49505435e-003 0. -8.26216477e-004 0. 0. -4.47620900e-004 0.
    0. 0. 0. 0. 2.14677025e-003 0. 0. 0. 0. 0. 4.20039374e-004
    1.17161963e-003 0. 0. 0. 3.44075938e-003 0. 0. 9.66755487e-003 0. 0.
    -4.92969877e-004 4.29007458e-003 1.19634448e-002 7.80831906e-004
    2.70890468e-003 -1.33217065e-004 2.63685454e-003 0. 0. 0.
    1.08469382e-003 0. 8.41676956e-004 0. 0. 0. 8.79008882e-003 0. 0.
    2.84121628e-003 4.46499651e-003 1.66752934e-003 0. 0.
    4.93158540e-003 0. 3.99867818e-003 1.27048083e-002 1.60761748e-003
    0. 0. 0. 0. 2.01766938e-003 4.77383146e-003 0. 0. 2.04700092e-003 0.
    0. 0. 0. 0. 4.86626377e-004 0. 0. 0. 1.12464989e-003 0.
    -6.80825382e-004 0. 1.78082602e-003 0. 0. 0. 0. 1.93917149e-004 0.
    1.21574523e-003 1.70789324e-004 2.59379693e-003 0. 7.51745945e-004
    3.11698020e-003 3.54402291e-005 0. 0. 5.34995168e-004 0. 0.
    3.29161878e-003 0. 0. 2.63321908e-005 0. 0. 5.75212296e-004 0.
    5.10225073e-003 5.84437465e-003 7.83687283e-004 0. 0.
    -2.62943067e-004 0. 0. 0. 0. 4.86988574e-003 2.52682529e-003 0. 0.
    0. 0. -5.03345509e-004 0. 1.14563922e-003 0. 1.37459114e-003 0. 0.
    7.02545687e-004 1.06868707e-003 2.92498479e-003 0. 0. 0. 0. 0.
    4.39386087e-004 2.62993877e-003 1.11572829e-003 0. -6.46170462e-004
    6.26459892e-004 0. 0. 0. 0. 0. 1.66921271e-003 0. 5.09225018e-003 0.
    0. 4.84950608e-003 1.21692696e-003 6.75998582e-003 0.
    4.14454285e-003 0. 0. 0. 1.24225765e-003 0. 2.80714757e-003 0. 0. 0.
    0. 0. 3.05887405e-003 3.39606730e-003 -7.21301243e-004 0.
    4.06996254e-003 5.49205579e-003 1.19867607e-003 0. 5.54419181e-004
    0. -3.61489190e-004 0. 0. 0. 0. 0. 0. 0. 5.83355734e-003 0. 0. 0.
    3.84924328e-003 0. 0. 0. 0. 1.44717970e-003 0. 0. 0. 6.60323212e-003
    7.80678063e-004 0. -4.49754717e-003 0. 0. 1.17163232e-003 0.
    1.84627148e-004 1.56496232e-003 0. 0. 8.09634570e-003
    -2.34479492e-004 0. 0. 1.59929361e-004 0. 0. 0. 0. 3.46185500e-003
    0. 0. 1.17004127e-003 0. 0. 0. 0. 0. 0. 0. 0. 0. -2.01956904e-003 0.
    4.29063104e-003 0. 5.08344639e-003 2.06387113e-003 -1.94476696e-003
    2.24068353e-004 2.04484700e-003 0. 1.04027858e-003 0. 0. 0. 0.
    5.32641169e-003 1.15313160e-003 0. 0. 0. 0. 0. 0. 5.62589103e-003
    4.53268923e-003 0. 2.02469481e-003 0. 0. 0. 0. 4.41035023e-004 0.
    1.09357375e-003 -2.88735580e-004 4.14995663e-003 0. -2.44934636e-004
    2.07427051e-003 0. 8.58194369e-004 1.33943919e-003 0. 0. 0. 0. 0. 0.
    0. 1.17820303e-003 0. 0. 0. 2.57103727e-003 0. 0. 0. 1.72730105e-003
    -4.50402353e-004 5.92557108e-003 0. 0. 0. 5.55083971e-004 0. 0.
    -1.20927463e-003 0. 0. 0. 0. 0. 0. 5.14432648e-003 0.
    3.27736465e-003 -8.59147403e-004 1.63936208e-003 2.11298102e-004 0.
    1.88966040e-002 0. 0. 2.58044805e-003 0. 4.14452609e-003
    -1.16207253e-003 0. 0. 0. 0. 0. 0. 4.84743854e-003 2.72144750e-003
    0. 0. 0. 0. 2.09687464e-003 -1.79563445e-004 0. 1.08489022e-003
    1.55576866e-003 -1.61431637e-003 0. 0. 9.94888032e-005
    8.05708300e-003 0. 0. 1.20165001e-003 0. 8.28799384e-004 0. 0. 0.
    -9.55768919e-004 0. 0. 2.80308956e-003 4.08203620e-003 0.
    -2.36913547e-004 7.50144431e-003 1.86089345e-003 -3.11961165e-003 0.
    0. 0. 0. 0. 2.47377815e-004 -1.28515181e-004 0. 0. 0. 0. 0. 0.
    2.36015092e-003 0. 0. -2.19174894e-003 0. 0. 0. 0. 0. 0. 0.
    1.57360244e-003 0. -1.41561718e-003 0. 1.22010568e-002
    1.57604238e-003 1.19562808e-003 0. -1.40726659e-003 0.
    1.23811630e-003 -1.24991522e-003 1.07157957e-002 0. 0.
    2.60607898e-003 0. 0. 9.25128721e-003 4.45903139e-003 0. 0.
    1.50610867e-003 -1.93582976e-003 -6.91819703e-004 5.55239036e-004 0.
    0. 0. 0. 1.28195900e-003 0. -2.68748699e-004 0. 0. 0. 0. 0. 0. 0. 0.
    0. 0. 0. 0. 0. 1.49848149e-003 4.49540047e-003 7.38605577e-003 0. 0.
    0. 0. -1.71509339e-004 9.47357714e-003 0. 1.37516041e-003
    3.27134808e-003 2.72128358e-003 0. 8.03396944e-003 1.64254720e-003
    0. 0. -4.73968597e-004 0. 0. 0. 0. 4.18441696e-003 0. 0.
    8.30804289e-004 1.53006625e-003 0. 0. 0. 0. 1.56008289e-003 0. 0. 0.
    0. 0. 0. 2.05964483e-002 5.37272962e-003 1.71262294e-003
    2.65962444e-003 4.10750601e-003 0. 0. 0. 1.87913678e-003 0. 0.
    -9.04390472e-004 0. 3.00455303e-003 -2.28289515e-003 0. 0.
    2.59468192e-003 5.72783814e-004 0. 0. 1.52983190e-003 0.
    5.89628005e-004 4.59484430e-003 6.75383839e-004 0. 0. 0.
    5.82548650e-003 0. 0. 1.30590582e-002 0. 0. 6.92092627e-003 0.
    -1.23740261e-004 0. 1.49727741e-003 -1.02638578e-005 0.
    8.23486480e-004 0. 0. -3.58030142e-004 2.48601602e-004 0.
    1.10700517e-003 0. 0. 8.19860725e-004 4.39865608e-003 0. 0.
    4.82982630e-003 3.62970168e-003 0. -1.54009540e-004 0. 0.
    2.23165355e-003 0. 0. 0. 0. 1.89610568e-004 0. -1.34857011e-003
    1.57200394e-003 2.60026194e-003 -2.65221810e-003 1.57274582e-004
    6.14688965e-003 0. 8.26328993e-003 0. 6.14808872e-003 0.
    1.43140275e-002 0. 7.02474732e-004 0. -3.25724279e-004 0. 0.
    4.23275353e-003 0. 3.42405587e-003 0. 0. 0. 0. 0. 3.42996814e-003 0.
    0. 0. 3.05083743e-003 2.52315629e-004 0. 0. 0. 0. 0. 0. 0. 0. 0. 0.
    0. 0. 0. 4.46628127e-003 0. 3.95654328e-003 3.82848759e-003 0. 0. 0.
    0. 0. 0. 0. 3.78555921e-003 0. 0. 0. 0. 0. 1.49538784e-004
    3.66537512e-004 6.02262933e-003 3.45332827e-003 3.34128784e-003 0.
    0. 0. 0. 1.10437186e-003 0. 1.25472678e-003 0. 1.45302981e-003 0. 0.
    0. 2.72202189e-003 0. 0. 0. 0. 2.86949473e-003 0. 1.67792919e-003 0.
    0. 0. 1.25374366e-003 0. 0. 5.40374126e-003 0. 2.32803659e-003 0.
    1.42791122e-003 6.69696694e-003 0. 0. 0. 0. 3.30346799e-003 0. 0.
    1.42337813e-003 -5.06952929e-004 0. 0. 0. 0. 4.99117281e-003 0. 0.
    0. 0. 0. 4.66640946e-003 0. 0. 1.50885305e-003 0. 1.59909914e-003 0.
    0. 0. 0. 2.62871967e-003 5.71112707e-003 0. 3.82457371e-003 0.
    2.11364255e-004 -4.53149667e-004 0. 1.91894046e-003 0. 0.
    3.75794363e-003 2.98354775e-003 2.13221647e-003 8.02234840e-003
    6.03299635e-003 0. 0. 0. 6.34054514e-003 6.32907904e-004 0.
