<?xml version="1.0"?>
<opencv_storage>
<imageDescriptor type_id="opencv-matrix">
  <rows>1</rows>
  <cols>1000</cols>
  <dt>f</dt>
  <data>
    0. 0. 0. 0. 0. 1.03703537e-003 0. 4.05446673e-003 6.47051726e-004
    3.45730194e-004 0. 0. 7.65187375e-004 0. 0. 3.56533937e-003
    2.71739019e-003 0. 0. 1.05819944e-003 1.37356645e-003
    -3.23536922e-004 0. -1.34461749e-004 6.31888956e-003 0.
    1.63265702e-003 1.37268100e-003 0. 2.99397530e-003 1.08924592e-002
    5.00442088e-003 3.44856689e-003 4.59471485e-004 0. 8.94581340e-003
    6.64630812e-003 1.23404176e-003 6.47889276e-004 0. 5.25469368e-004
    0. 0. 5.33393933e-004 1.55753782e-003 0. 0. 0. 0. -1.38880929e-003
    4.39922651e-003 0. 5.78444172e-003 0. 0. 0. 0. 5.12132142e-003
    1.81333895e-003 0. 0. 0. 0. 0. 2.60691304e-004 0. 1.61584769e-003
    4.65709483e-003 0. 0. -1.07657316e-003 0. -5.69595606e-004 0. 0. 0.
    2.69578042e-004 0. 2.36720007e-004 1.58459088e-003 9.93657624e-004
    0. -2.03160685e-003 0. 6.52004452e-003 8.54237223e-005
    -1.74563832e-003 2.68289261e-003 3.62063036e-003 0. 0.
    1.27599656e-003 0. -7.17505754e-004 0. 5.04992576e-003 0.
    1.06898509e-003 1.83168892e-003 0. 1.24015787e-003 0.
    1.75800174e-003 0. 0. 2.12518685e-003 8.11651000e-004 0.
    2.65128119e-003 0. 4.40122792e-004 1.71405671e-003 -6.75130505e-005
    0. 0. 0. 3.29737505e-003 9.12199961e-004 -3.27015499e-004
    1.10606535e-003 2.06407951e-003 0. 0. 1.10293319e-003
    7.91159458e-004 -3.28420370e-004 3.33186472e-004 2.15706648e-003
    1.27592799e-003 2.31215800e-003 1.55452092e-003 0. 2.06214050e-003
    2.36316671e-004 0. 0. 5.63187059e-004 0. 3.55953188e-003 0.
    1.71054935e-003 0. 0. 1.34913146e-003 0. 2.41095433e-003
    -1.64854538e-003 3.69519403e-004 0. 0. 0. 0. 5.79997490e-004 0. 0.
    3.69346887e-003 0. 4.42606816e-003 7.53166096e-004 6.12357835e-005
    0. -2.13957787e-003 0. 0. 0. 0. 9.12168820e-004 0. 2.49798439e-004
    1.95955439e-003 1.09467038e-003 0. 0. 1.57465052e-003
    2.27170787e-003 0. 0. 1.41060830e-003 0. 0. 5.30354388e-004 0.
    3.12192459e-003 5.41384332e-003 0. 5.28579950e-003 0.
    1.25966500e-003 0. 1.94329431e-003 3.76979064e-004 3.55613272e-004
    7.76045854e-005 0. 0. 0. 7.63381016e-004 1.67538610e-003
    1.06626432e-002 5.65922307e-003 0. 8.17531254e-004 0. 0. 0.
    2.68770196e-003 0. 0. 0. 4.89612285e-004 0. 0. 0. 1.94681881e-004 0.
    1.27854978e-003 0. 1.32845854e-003 0. 0. 0. 0. -1.58558553e-003
    -1.54630549e-003 0. 0. 3.01324367e-003 1.71717000e-003
    3.95390438e-003 0. 0. 2.31516920e-003 0. 0. 0. 0. 0. 3.62756406e-003
    0. 2.63678003e-003 4.24291939e-004 0. 2.67613214e-004
    3.20818997e-003 0. 0. -9.31737537e-004 0. 0. 1.98120507e-003
    2.45331932e-004 0. 2.54110689e-003 0. -7.51322732e-005
    4.13261540e-003 0. -1.53785874e-003 7.19371159e-003 3.40858649e-004
    0. 1.73147547e-003 1.55230367e-003 0. 0. -7.77740090e-004 0.
    6.77912403e-003 1.17783935e-003 1.25977257e-003 -1.24810351e-004
    1.33371132e-003 0. 0. 0. 0. 4.00850317e-003 0. 0. 2.25756248e-003
    1.02727488e-003 0. 1.46201113e-003 9.23236599e-004 0.
    5.05499775e-003 2.08021863e-003 3.41963652e-003 0. 1.22502900e-003
    0. 0. 1.66059146e-003 0. 4.67252545e-003 0. 0. 0. 0. 6.01423322e-004
    9.17829573e-003 0. 0. 0. 0. 0. 0. 2.54578132e-004 5.76807279e-003 0.
    5.55086555e-003 1.37750024e-003 0. 0. 0. 1.89059577e-003
    -1.11638731e-003 -8.57707113e-004 1.30044529e-002 6.69029728e-003
    3.96221085e-003 0. 0. 1.87347864e-003 0. 5.21298079e-003 0.
    4.84880246e-003 0. 0. 7.94218853e-003 0. 2.69923592e-004 0. 0. 0. 0.
    0. -2.12580606e-004 0. -1.73812034e-004 0. 1.53513462e-003
    -8.30480421e-004 1.36644137e-003 3.33920540e-003 0. 1.68836280e-003
    0. 4.10592271e-004 4.60723881e-003 0. 4.27673478e-003 0.
    9.28604160e-004 0. 0. 2.01605656e-003 0. 0. 0. 0. 1.08537236e-002
    8.05723667e-003 0. 3.02847562e-004 0. 0. 0. 1.36697548e-004 0.
    3.60514130e-003 0. 5.73808467e-003 1.43491384e-003 1.50740205e-003
    2.39916868e-003 6.10670634e-003 0. 0. -2.20107962e-003 0. 0.
    1.69284258e-003 0. 0. 0. 0. 0. 0. 0. 7.62553606e-003 0. 0.
    3.31220683e-003 -2.07159974e-004 2.61943624e-003 0. 0. 0.
    3.81086324e-003 0. 2.20188894e-003 3.00183333e-003 -6.99393917e-004
    0. 0. 0. -2.38112130e-004 8.59083142e-003 4.39335709e-004 0. 0. 0.
    5.59692038e-004 1.38770631e-002 -8.49264034e-004 2.75399914e-004 0.
    0. -3.99855897e-004 0. 0. 0. 1.76171109e-003 0. 0. 0. 0. 0. 0.
    1.51538942e-003 4.47087036e-003 0. 0. 0. 4.79673501e-004
    -9.25785396e-004 4.38657543e-003 3.93000286e-004 0. 1.27021940e-002
    0. 3.75911035e-003 1.13991846e-003 0. 0. 1.01875025e-003 0.
    -8.63809910e-005 0. 0. 7.07085943e-004 2.53882259e-003 0. 0.
    6.40396634e-003 -5.07902761e-004 0. 4.25422518e-003 1.32635189e-003
    0. 1.34722563e-003 3.37496772e-003 0. 0. 0. 2.79307453e-004
    1.15050925e-002 -2.90719909e-004 1.07260200e-003 0. -3.59467091e-003
    0. 0. 7.24815356e-004 0. 0. 0. 0. 0. 0. 4.89339815e-004 0.
    1.78256608e-003 0. -3.58871293e-005 -2.44336901e-003 0. 0. 0. 0. 0.
    0. 0. 8.39039858e-004 2.13095942e-003 0. 0. 0. 0. -2.09996477e-004
    0. 8.92858300e-003 0. 0. 4.99569811e-003 1.95980002e-003 0. 0. 0.
    1.03464886e-003 6.37709571e-004 0. 0. 0. 0. 3.34245875e-003 0.
    5.48319565e-003 0. 5.05685946e-003 0. 0. 0. 4.56516165e-003 0.
    1.20222382e-003 0. 0. 4.70935600e-003 3.89973004e-003 0.
    -7.34457397e-004 8.95399600e-004 -4.45020502e-004 0. 1.76167616e-003
    0. 0. 0. 0. 2.01483723e-003 0. 0. 6.21533953e-004 1.40634854e-003
    1.95793621e-003 5.93693636e-004 1.66716124e-003 0. 0.
    1.35096367e-002 0. -1.75889465e-003 2.08404241e-003 0.
    5.19219460e-003 8.12555314e-004 0. 0. 9.87025094e-004 0.
    5.74339065e-005 0. 0. 0. 0. 0. 1.25063129e-003 8.55789520e-004 0.
    1.95854343e-003 1.02617815e-002 0. 4.44855588e-003 1.54952717e-003
    0. 0. 1.36555056e-003 0. 4.15659789e-003 0. 0. 5.67908864e-003
    4.94312728e-003 3.30087217e-003 0. -2.15580617e-003 0.
    3.35790263e-003 2.94501241e-003 0. 1.16373354e-003 0. 0. 0. 0.
    1.82223157e-003 0. 0. 0. 1.47504569e-003 0. 0. 3.82935023e-003 0. 0.
    0. 0. 0. 2.26783450e-004 0. -1.70769345e-003 0. 1.00246153e-003
    4.84858500e-003 0. 5.42298658e-003 3.99850216e-003 1.81582873e-003
    0. 0. -9.33172996e-004 1.48750772e-003 0. -9.53628973e-004
    2.07681651e-003 2.22071633e-003 -2.19874084e-004 0. 0. 0. 0. 0. 0.
    0. 0. 0. -8.07801902e-004 3.13189533e-003 0. 0. 0. 0.
    4.21715528e-003 1.55836204e-003 -2.76360684e-003 0. 6.71084411e-003
    0. 4.75346693e-004 0. 0. 0. 0. 1.01215567e-003 0. 0. 0.
    -1.01056381e-003 0. 0. 0. -3.22985201e-004 0. 0. 0. 0.
    4.57263412e-003 0. 0. -7.15226401e-004 1.58128139e-004 0.
    1.89447380e-003 1.93815911e-004 9.96218156e-003 0. 1.10339269e-003
    0. -6.18439590e-005 4.87365248e-003 2.23866221e-003 0. 0. 0.
    4.06144746e-003 0. 0. 1.34148980e-002 5.50328114e-004
    8.19582026e-004 -9.27037734e-004 5.57125825e-003 -6.07928727e-004 0.
    0. 0. 0. 8.32298829e-004 0. 0. -7.52820866e-004 3.75441741e-004
    1.25230046e-003 2.72913021e-004 3.75769963e-003 2.53640814e-003 0.
    0. 2.20216834e-003 1.54685637e-003 7.24923704e-003 5.32141281e-003
    8.79257731e-003 5.76083129e-003 -8.00756039e-004 0. 0. 0. 0. 0. 0.
    4.46063787e-004 0. 1.21803314e-003 0. 5.90032665e-003
    7.30649801e-004 4.33516252e-004 0. 5.95674908e-004 5.28584095e-003
    0. 2.78121035e-004 0. 1.66796159e-003 0. 0. 6.67834468e-003 0. 0.
    -3.00902710e-003 9.56742617e-004 1.81388366e-003 0. 0.
    9.65620857e-003 5.72991499e-004 0. 0. 0. 0. 3.15644755e-003 0. 0. 0.
    0. 0. 3.42869665e-003 0. 6.85790845e-004 0. 0. 0. 0. 2.99905380e-003
    5.96592668e-004 0. 3.41757643e-003 -2.03035818e-003 2.40670866e-003
    0. 4.81611304e-003 2.31694547e-003 4.02010139e-003 -4.38306102e-004
    0. 7.60773290e-003 0. 1.57902297e-003 0. 2.17327755e-003 0.
    7.36668473e-004 0. 8.42003524e-003 0. 0. 0. 1.53187034e-003
