<?xml version="1.0"?>
<opencv_storage>
<imageDescriptor type_id="opencv-matrix">
  <rows>1</rows>
  <cols>1000</cols>
  <dt>f</dt>
  <data>
    3.67281423e-003 0. 2.03923415e-003 -1.11458998e-003 1.00732862e-003
    8.62468593e-003 0. 2.76136841e-003 0. 0. 8.56816541e-007 0. 0. 0. 0.
    0. 0. 0. 1.57387636e-003 1.92811992e-003 0. 0. 0. 0. 0.
    -5.45041868e-004 0. 0. 0. 0. 0. 0. 1.18523219e-003 0. 0. 0.
    4.54676105e-003 0. 0. 4.92350431e-003 -1.16998586e-003
    -9.13923432e-005 0. 1.79686665e-003 9.22327454e-004 -7.39067400e-005
    0. 1.09225139e-002 0. -8.87040049e-004 0. 0. 1.40489743e-003
    -1.92146935e-003 -5.51889476e-004 8.80813517e-004 1.66625949e-004 0.
    1.09070831e-003 0. 0. -6.06617308e-004 0. 7.03771273e-003
    5.31188259e-003 0. 6.64572325e-003 0. 9.82529763e-003
    8.05331767e-003 0. 0. 0. 0. 5.89710602e-004 5.23574126e-004
    2.20281770e-003 8.69600975e-004 0. 1.09281484e-003 7.97152892e-003
    0. 1.03540542e-002 0. 5.94191113e-003 0. 0. -6.25819026e-004
    7.02806329e-003 0. 4.50853957e-004 0. 0. 0. 3.27341375e-003 0.
    1.05189660e-003 -2.87289786e-005 0. 2.23803730e-003 0. 0. 0. 0. 0.
    1.01742765e-003 0. 0. 5.30196936e-004 0. 2.70614563e-003
    1.08624040e-003 5.18292887e-004 0. 0. 0. -2.77305208e-003 0. 0. 0.
    0. -2.62792036e-003 1.47215975e-003 0. 0. 0. 0. 0. -2.76915473e-003
    3.34628136e-003 1.10536870e-002 0. 5.74858394e-004 0.
    2.44897455e-002 0. 1.08247064e-003 0. 0. 0. 4.90023522e-004 0. 0. 0.
    -5.96150567e-005 9.73093230e-003 0. 0. 0. 2.86925607e-003
    1.47402624e-003 0. 0. 2.42940011e-003 6.66551711e-003
    2.60010525e-003 -5.72371646e-004 0. 0. 2.08102888e-003
    2.88842851e-003 5.95746422e-003 0. 0. 3.65669461e-004
    3.96801019e-003 0. 0. 5.85564831e-003 7.68777169e-003
    6.38852455e-003 1.85986748e-004 2.52852263e-003 0. 0. 0. 0. 0. 0.
    5.18631795e-003 0. 0. -8.41213114e-005 1.51041942e-003 0.
    -1.96565830e-004 -7.87425379e-004 0. 0. -1.83987478e-003 0. 0.
    6.31181337e-003 9.17807035e-003 0. 0. 0. 0. 0. 2.06822902e-003
    9.05414481e-007 0. 6.30925596e-003 0. 0. 0. 0. 0. 0. 0.
    2.09749537e-003 4.05409327e-003 0. 0. 0. 0. 0. -3.79497674e-003 0.
    7.29666092e-003 0. 0. 0. 0. 6.22920552e-003 0. -2.71261530e-003
    2.74204765e-003 0. 0. 9.00013896e-004 0. 0. 1.41606107e-003 0.
    3.10277333e-003 0. 0. 0. 0. 4.47613280e-003 0. 4.06829966e-003 0. 0.
    0. 0. 2.80717132e-003 2.26651481e-003 0. 0. 0. 9.09564830e-003
    -1.34165771e-003 0. 0. 0. 0. 0. 0. 9.11615975e-003 1.45659542e-005
    0. 0. 2.05489295e-003 1.79236510e-003 2.93762167e-003 0. 0.
    5.79994048e-005 2.93793535e-004 0. 0. 0. -3.43252119e-004
    -6.24776876e-005 0. 1.41162693e-003 1.43150073e-002 0. 0. 0. 0.
    -6.70127338e-004 0. 7.16424547e-003 1.22625446e-002 1.52209785e-003
    1.44423090e-003 0. 4.14639246e-004 0. 0. 0. -8.18757166e-004
    1.40694547e-002 0. -1.85392366e-003 0. 0. 0. 0. 1.86611526e-002
    2.20346404e-003 6.28805812e-003 0. 1.07896642e-003 0. 0.
    5.56084421e-003 1.05707189e-002 0. -1.49692205e-004 1.04063470e-002
    1.78851048e-003 0. 0. -2.13211891e-003 2.96991901e-003 0.
    1.49760139e-003 0. 0. 0. 0. -1.42240070e-003 7.60769937e-003 0. 0.
    0. 0. -5.64112212e-004 9.65035986e-004 -3.43463686e-003 0. 0. 0. 0.
    -1.66592048e-003 0. 1.48018135e-003 0. 1.27948681e-003 0.
    -1.03550917e-003 0. 0. 0. 0. 0. 8.20491929e-003 0. 0.
    -1.60322501e-003 -1.84080610e-003 4.67304233e-003 0. 0.
    1.25091141e-002 0. 0. -3.00336862e-003 6.62754814e-004 0.
    -1.52079505e-003 0. 3.77378450e-003 0. 0. 0. 0. 0. 1.10204317e-004
    0. 0. 0. 0. 0. 0. 0. 0. 0. 0. 0. 0. 0. 0. 0. 0. -5.90437790e-004
    1.91791856e-003 0. -3.65259184e-004 0. 2.39944854e-003
    -1.25827384e-003 0. 0. 1.45198300e-003 3.20931664e-004 0. 0. 0. 0.
    6.98163698e-004 0. 0. 0. 0. 0. 0. 6.05998561e-004 7.33227609e-003
    2.29834654e-006 6.47475384e-003 0. -2.25429959e-003 0. 0. 0. 0. 0.
    9.41871479e-003 0. 0. 0. 0. 0. 0. 0. 0. 0. 0. 0. 5.02962095e-004 0.
    0. 0. 0. 0. 0. 0. 1.19051607e-002 0. 0. 0. 0. 1.75525784e-003
    7.31855864e-003 0. 0. 0. 0. 0. 0. 0. 1.86795723e-002 0. 0. 0.
    1.24891882e-003 3.41682392e-003 2.36579287e-003 2.12354190e-003
    2.47262884e-002 0. 0. 0. 5.89878415e-004 9.74436465e-004 0.
    1.33960543e-003 0. 1.04829380e-002 0. 1.04584754e-003 0.
    6.71361433e-003 3.05764913e-003 6.17298938e-004 0. 0.
    -1.07395848e-004 3.99367942e-004 0. 0. 0. 0. 0. 1.20137865e-002 0.
    0. 0. 0. 3.00675514e-003 0. 0. 3.70849832e-003 0. 3.18176550e-004
    4.76051075e-003 1.01231781e-004 0. 0. 5.60736271e-006 0. 0. 0. 0.
    1.48245227e-002 0. 0. 0. 0. 0. 0. -1.28987920e-003 0. 0. 0. 0.
    3.21923685e-003 0. 2.81098625e-003 0. 8.27423669e-003
    1.70723035e-003 0. 0. 0. 0. 0. 0. 0. 0. 0. 1.15350413e-003 0. 0. 0.
    1.03136655e-002 0. 0. 9.75927454e-004 0. 0. 0. 3.73844409e-006 0. 0.
    0. 0. 0. -1.03845705e-004 0. 0. 0. -2.00186088e-003 0. 0. 0. 0. 0.
    0. 0. 0. -7.34398433e-004 3.93546745e-003 2.55605206e-003
    2.33830395e-003 0. 0. 0. 3.12818703e-003 0. 0. -2.78882726e-005 0.
    0. 0. 0. 0. 0. -2.63293879e-003 0. 1.92162942e-003 0. 0. 0. 0.
    9.64996591e-003 0. 0. 0. 0. 2.79306573e-006 2.66068010e-003 0.
    -1.19568384e-003 6.61845726e-004 0. 7.73686916e-003 0. 0.
    6.61353813e-003 0. 0. 0. 7.46364938e-003 0. -2.33590530e-004
    7.15580070e-003 1.27591789e-002 0. 0. 0. 0. 0. 0. 0. 7.63637060e-003
    0. 0. 0. 0. 0. 0. 0. 3.61977000e-004 0. 0. 0. 0. 8.80736485e-003 0.
    0. 4.09230473e-004 0. 0. 2.38093594e-003 7.91612722e-004 0.
    9.70558031e-004 0. 0. 0. 0. 0. 0. 0. 0. 0. 0. 0. 0. 0.
    3.81989684e-003 0. 0. 3.87740275e-003 4.97127324e-003 0. 0. 0. 0. 0.
    0. 0. 5.71549777e-003 0. 0. 7.71424035e-003 0. 2.48794584e-003 0.
    1.08163734e-003 -1.26241951e-003 0. 0. 0. 0. 1.04889693e-002 0. 0.
    0. 0. -7.47596147e-003 0. 1.92602561e-003 4.00476390e-003 0. 0.
    7.32507976e-003 0. 5.59211767e-004 0. 1.43703283e-003 0. 0. 0. 0.
    -8.90267547e-004 -4.59678151e-004 0. 0. 0. 0. 5.21196984e-004 0.
    -5.61766094e-004 0. 0. 0. 0. 0. 0. 0. 0. 0. 0. 1.57457590e-003
    7.08642043e-003 0. 1.93420111e-003 0. 0. 0. 0. 7.87315890e-004
    1.00559629e-002 0. -1.41596957e-003 0. 0. 1.60001265e-003
    -1.56986155e-003 1.87992852e-003 0. -3.31027061e-003 0.
    2.86884722e-003 0. 0. 8.81955307e-003 0. 9.57784150e-003
    1.01651736e-002 0. -1.56198791e-003 0. 0. 1.28556116e-004 0. 0. 0.
    0. 0. 0. 0. 0. 0. 0. 0. 0. 0. 0. 0. 0. 0. 0. 7.37372879e-003 0. 0.
    0. 1.68284669e-003 0. 0. -3.08140111e-003 2.08315055e-006 0. 0.
    -4.84576303e-004 0. -2.17953173e-004 0. 2.13083765e-003 0. 0.
    7.79142044e-003 1.08726454e-004 0. 0. 0. 0. 9.19613242e-003
    9.99302883e-003 0. 0. 0. 0. 0. 0. 0. 0. 0. 1.03507899e-002 0. 0. 0.
    0. 2.27664015e-003 0. 0. 0. 0. 0. 0. -7.35891750e-004
    3.48845002e-004 1.23245048e-003 1.67498016e-003 6.30684895e-003 0.
    -7.82738498e-005 7.43032480e-003 1.31851214e-003 0. 0. 0. 0. 0. 0.
    0. 0. 0. 0. 0. 0. 0. 0. 0. 0. 0. 0. 0. 2.05117074e-004 0.
    5.01412479e-003 0. 0. 2.05877516e-003 4.30184091e-003
    2.35120230e-003 0. 0. 1.92621359e-004 2.55144527e-003
    8.13967781e-004 0. 0. 0. 2.08064262e-003 0. 2.82579404e-003 0. 0.
    6.15740952e-004 0. 0. 9.14058764e-004 7.00260606e-003 0. 0.
    8.32884340e-004 0. -2.52700504e-003 0. 0. 0. -2.05154275e-003 0.
    4.48503112e-003 0. 5.48430206e-003 0. 0. 0. 0. 0. 0. 0. 0.
    1.68586604e-003 0. 0. 0. 0. 0. 0. -2.38267216e-003 3.98285547e-003
    0. 0. 0. 0. 0. 7.66751589e-003 0. 0. -1.38387829e-003 0. 0. 0. 0. 0.
    0. 0. 0. 9.72989190e-004 2.03166017e-003 0. 0. 9.99385677e-003 0.
    1.04898764e-002 0. 8.80088937e-003 1.83222885e-003 0. 0.
    1.85248570e-003 0. 0. 0. 0. 7.54388573e-004 0. 0. 0. 0.
    3.82454717e-003 0. 0. 0. 0. 0. 0. 0. 1.30783450e-002 8.18460016e-004
    0. 0. 0. 1.45771378e-003 0. 0. 0. 0. 0. 0. 0. -3.42883402e-003 0. 0.
    0. 0. 0. 0. 0. 0. 0. 0. 0. 0. 0. 0. 0. 0. 0. -1.21724664e-003 0. 0.
    6.67044567e-003 0. 0. 0. 0. 1.42461958e-003 0. 0. 0. 0.
