<?xml version="1.0"?>
<opencv_storage>
<imageDescriptor type_id="opencv-matrix">
  <rows>1</rows>
  <cols>1000</cols>
  <dt>f</dt>
  <data>
    -3.10629723e-003 0. 0. 3.51800886e-003 0. 0. 0. 0. 7.70591805e-003
    0. 0. 0. 0. 0. 0. 6.36747153e-003 -6.40059588e-004 1.76205253e-003
    0. 0. -1.52232882e-003 1.02182431e-002 2.04180437e-003
    4.05532354e-003 6.44129189e-003 0. 5.34076244e-003 5.22706797e-003
    1.61791255e-003 0. 0. -2.50570010e-003 0. 0. 0. 1.55943364e-003 0.
    0. 2.33532814e-003 -8.32185557e-004 0. 2.12477008e-003 0.
    1.28886627e-003 1.49374048e-003 0. 0. 2.46268092e-003 0. 0.
    1.96551858e-003 0. 0. 0. 2.20174482e-003 -3.58427467e-004
    -2.13080028e-004 2.58470303e-003 -9.42041923e-004 3.16112186e-003 0.
    1.89154618e-003 0. 0. 3.55238700e-003 0. 0. 7.95387570e-003 0. 0.
    8.60795379e-004 6.23285212e-003 6.22564554e-003 4.24449705e-003
    -4.19880031e-003 0. 0. 0. 0. 0. 0. 1.04271853e-003 0.
    1.17497263e-003 -8.64176371e-004 0. 0. 0. 0. 2.65365175e-004 0.
    2.83523556e-003 0. 7.67261430e-004 1.11860305e-003 -1.09448784e-003
    0. 0. 7.14042631e-004 0. 0. 0. 6.95056151e-005 0. 0. 1.47567340e-003
    1.77539140e-002 3.55815003e-003 0. 0. 6.46654225e-004 0. 0. 0.
    2.75671994e-003 4.45677806e-003 4.38244967e-003 0. 0. 0.
    1.07712336e-002 2.96673737e-003 0. 0. 0. 0. 1.28627080e-003 0.
    2.71283137e-003 0. 1.65609550e-003 4.41331416e-003 0.
    3.13656474e-003 0. 0. 3.40997567e-003 -2.85090267e-004
    -1.70224905e-003 4.66573343e-004 0. 0. 0. 0. 0. 0. 0.
    -1.23617344e-003 0. 1.42688211e-002 0. 0. 0. 5.10239915e-004 0.
    1.88695092e-003 2.57940352e-004 0. 1.23302243e-003 0.
    2.16426118e-003 0. 0. 0. 3.04275454e-004 0. 0. -3.54340853e-004
    2.16650544e-003 0. 0. 0. 8.71334784e-003 0. 0. 0. 1.62854046e-003 0.
    -1.16567861e-003 3.39497766e-003 0. 0. -3.91274784e-003 0. 0.
    6.01756060e-003 0. 0. 0. 7.14087451e-004 0. 0. 5.55040687e-003 0. 0.
    0. 0. 6.04807446e-003 2.46858806e-003 0. 0. -4.78254660e-004
    1.95192150e-003 -6.52435992e-004 2.84858141e-003 0. 0. 0.
    1.18323052e-002 0. 0. -1.90097862e-003 0. 4.16522147e-003 0. 0. 0.
    2.77345302e-003 0. -2.43407732e-004 0. 0. -1.29477191e-003
    2.85530393e-003 0. 0. 5.38719259e-003 0. 1.08024003e-002
    4.80144190e-005 0. 0. 0. 1.14184869e-002 0. 0. 0. 3.17979022e-003
    7.42169621e-004 8.55440041e-004 3.01895430e-004 1.01939670e-003 0.
    -1.35566085e-003 0. 8.52434139e-004 0. -1.96613371e-003
    2.54577980e-003 0. 0. 0. 3.27798421e-003 6.32387993e-004 0. 0. 0. 0.
    -4.32163128e-004 0. 0. 1.61109620e-003 8.15217476e-003 0.
    2.63105403e-003 0. 7.02537596e-004 -5.54767146e-004 0. 0.
    1.89723982e-003 4.41824226e-003 2.11545918e-003 1.16817432e-003 0.
    2.85372487e-004 1.38175231e-003 1.38978328e-004 -1.24650411e-004 0.
    0. 0. 0. -2.38985027e-004 1.22791901e-003 -1.62452416e-004
    1.89522468e-003 1.75696146e-003 0. 3.52114439e-003 8.37612897e-004
    0. 0. 0. 0. 0. 0. 1.38388795e-003 0. -9.35706019e-004 0. 0. 0.
    -8.74941004e-004 0. 0. 0. 0. 0. 0. 0. 0. 0. 5.22581721e-003
    -2.18677029e-004 0. -9.12208867e-004 0. 0. 0. 0. -3.39788909e-004 0.
    0. 0. -5.95104415e-003 0. 4.95866686e-003 0. 0. 0. 0. 0. 0.
    -5.75313934e-005 0. 5.19632558e-005 3.42733064e-003 0. 0.
    8.52781872e-004 -2.72159523e-004 0. 4.93914867e-003 3.80072882e-003
    7.22677633e-003 0. 0. 0. 2.89571262e-003 0. 0. 0. 2.04556971e-003 0.
    0. 0. -2.30301055e-003 1.44809645e-004 0. -5.40103065e-004 0. 0.
    8.20032507e-003 6.42288616e-003 0. 6.29477436e-003 0. 0. 0. 0. 0.
    2.62626796e-003 0. -2.59312172e-003 1.81008852e-003 0. 0. 0.
    1.24507106e-003 7.97113637e-004 0. 0. 2.75807193e-004 0. 0. 0.
    2.98529660e-004 -7.47889164e-004 3.24614637e-004 0. 0.
    3.91294388e-003 0. 0. 0. 9.90094501e-004 2.78807478e-003 0. 0.
    9.37302306e-004 0. 1.10159898e-002 0. -3.48508300e-004
    5.16884320e-004 5.33099705e-003 0. 0. 0. 0. 0. 3.85542400e-003 0. 0.
    1.51600605e-002 0. 0. 6.05166564e-003 -1.50016998e-003 0. 0.
    1.44142238e-003 0. 8.78950581e-004 0. 0. 0. -1.34300048e-004 0. 0.
    9.12524003e-004 0. 3.43765388e-003 0. 0. 0. 0. 0. -9.44091662e-005
    1.63553530e-004 0. 0. -3.29066464e-003 0. 5.08920243e-003 0.
    9.12245642e-003 0. 0. 5.91276167e-003 0. 7.00862205e-004
    7.02834455e-004 0. 0. 0. 0. 0. 0. 0. 0. 7.67888734e-003 0.
    4.48283507e-003 0. 0. 1.60679931e-003 1.30158453e-003
    1.94288138e-003 0. 2.02597468e-003 6.69202814e-003 1.65136030e-003
    0. 0. 0. 0. 0. 0. 0. -2.42921943e-003 0. 0. 3.74903530e-003
    1.54434668e-003 0. 0. 0. 4.23532771e-003 0. 0. 3.18731600e-003
    5.76381851e-003 0. 9.83249955e-003 2.05802545e-003 -7.29665393e-004
    0. 0. 1.15172390e-003 0. 2.13410682e-003 3.74731794e-003 0. 0.
    2.97579099e-003 -2.19046036e-004 1.18288747e-003 4.73920460e-004
    -5.27413620e-004 4.71496925e-004 0. 4.04348504e-003 6.65900484e-003
    0. 3.08211986e-003 0. 1.54115551e-003 0. -2.04846729e-003
    -1.59192015e-003 0. 1.73967495e-003 0. -1.26342033e-003
    1.33495615e-003 0. 0. 2.74027698e-003 5.67766663e-004
    -1.68800110e-003 -2.12661413e-004 -3.26516631e-004 0. 0. 0. 0.
    1.22451712e-003 1.55355735e-003 0. 7.47488858e-003 0. 0.
    -7.05451705e-004 0. 7.06230476e-003 1.86051545e-003 -2.80218053e-004
    -1.00710813e-003 0. -1.08068390e-003 0. 9.79079492e-003 0. 0. 0.
    6.31308369e-003 1.61954039e-003 1.92403269e-003 0. 0.
    -3.79610399e-004 -9.32840456e-004 0. 2.25450983e-003 0.
    -8.02278955e-005 0. 0. 2.60123052e-004 0. 4.12056176e-003
    7.33417517e-004 -1.68354611e-003 0. 0. 1.03294646e-004 0. 0. 0. 0.
    7.59893516e-003 0. 0. 5.70465252e-003 3.22848419e-003
    7.15955999e-003 0. 6.30912604e-004 0. 0. 0. -1.21408491e-004 0. 0.
    0. 0. 0. 0. 2.41414062e-003 1.44498260e-003 2.57924316e-003 0.
    2.67471117e-003 0. 0. 1.67701987e-003 5.53844962e-004 0. 0. 0.
    5.65985264e-003 0. 1.56141946e-003 0. 0. 0. 0. 0. 0.
    -1.43117702e-003 1.03170183e-004 0. 3.94940609e-003 0. 0. 0. 0. 0.
    0. 2.23865570e-003 0. -4.88091391e-005 -2.60209315e-004 0. 0.
    2.74245631e-005 0. 0. 0. 5.32843769e-005 0. 3.10217962e-004
    4.43762867e-003 7.09837256e-003 4.91003785e-003 2.88325944e-003 0.
    -3.43800872e-004 0. 0. 8.80740397e-003 -3.23975954e-004 0.
    6.73118327e-003 -8.96103011e-005 0. 0. -2.30163941e-003
    -1.30324415e-003 0. -1.20146479e-003 5.58011606e-003 0.
    2.99051218e-003 2.72739888e-003 0. 0. 4.73872351e-004
    -7.26823171e-004 0. 0. 0. 1.21032062e-003 0. 1.40927976e-003 0.
    3.38109350e-003 -4.24604805e-004 0. 0. 4.16937936e-003 0.
    4.68178513e-003 1.10774254e-003 4.62823035e-003 0. 2.48561823e-003
    1.54498732e-004 0. 1.09706423e-003 1.10629783e-003 0. 0.
    4.21482930e-003 0. 3.02578788e-003 0. 0. 0. 4.34858928e-004 0.
    1.02678938e-002 4.00877034e-004 1.59149396e-003 2.08079070e-003
    1.90218387e-003 0. -1.88018996e-004 0. -4.43826616e-003
    4.73042019e-005 -1.90525560e-003 -3.09392490e-004 0. 1.41014776e-003
    0. 0. 0. 1.41003896e-002 -2.31759579e-004 0. 1.13093760e-003
    1.09760147e-002 0. 0. 0. 0. 0. 0. 0. 1.97255006e-003 1.74420199e-003
    0. 1.08725473e-003 0. 0. 0. 0. -1.21816841e-003 1.38012506e-003 0.
    0. 0. 1.88060955e-003 0. 0. 8.28237797e-004 7.39529496e-004 0.
    2.86719529e-003 -2.47469032e-003 4.10115426e-005 4.34390316e-003
    1.19436835e-003 0. 0. 5.53715788e-003 0. 0. 0. 1.18953525e-003 0.
    5.05605154e-003 6.14739861e-003 5.35915280e-003 8.57672596e-004 0.
    0. 4.10200126e-004 2.10729381e-003 0. 3.90479038e-003
    -8.97604856e-004 3.20474710e-003 7.67825404e-003 0. 0. 0. 0. 0.
    7.38080544e-003 2.93507328e-004 0. 0. 3.48783471e-003 0. 0.
    1.38084753e-003 0. 0. 0. 0. 0. 0. 0. 2.83807749e-003 0.
    -2.20156158e-004 8.04593042e-003 0. 0. 0. 0. 0. 1.12990616e-003 0.
    8.19576439e-004 2.73188041e-003 0. 1.38220016e-003 0. 0. 0. 0.
    -2.54477753e-004 6.09908369e-004 3.46407905e-005 1.28355110e-003
    1.26734888e-003 0. 0. 2.10374105e-003 1.53939216e-003
