<?xml version="1.0"?>
<opencv_storage>
<imageDescriptor type_id="opencv-matrix">
  <rows>1</rows>
  <cols>1000</cols>
  <dt>f</dt>
  <data>
    0. 2.29466869e-003 4.30004019e-003 0. -9.09130904e-004
    8.19300395e-003 0. 0. 1.22408029e-002 0. 3.48561932e-003 0.
    1.80353445e-003 0. 0. 0. 1.34168444e-002 0. 0. 0. 5.98789309e-004
    4.17766348e-003 0. 5.07588638e-003 0. 1.98541023e-003
    1.57929165e-003 0. 4.33309324e-004 1.28000032e-003 1.59100164e-003
    0. 0. 0. -1.30310142e-003 0. 0. 0. -3.24915512e-004 8.69954412e-004
    0. -2.06522015e-003 0. 9.25420551e-004 0. 0. 7.96253036e-004 0. 0.
    1.28243270e-003 0. 0. 3.99897166e-004 1.94962963e-003 0. 0. 0.
    3.93432705e-003 0. 0. -2.00871262e-003 2.06851936e-003
    6.17758255e-004 0. 0. 0. 5.02008060e-003 0. 0. 1.78880279e-003 0. 0.
    0. 8.68976302e-003 0. 2.01660069e-003 0. 0. 1.40540092e-003
    1.35041890e-003 6.42561121e-003 6.75482443e-003 7.56456098e-003 0.
    8.88797746e-004 0. 5.97058279e-005 0. 1.92140136e-003
    1.19200279e-003 0. 0. 0. 1.50303484e-003 -1.64608762e-003
    1.38303754e-003 0. 0. 0. 0. 0. 3.96214426e-003 0. 0. 3.86260753e-003
    3.91225563e-003 0. 0. 5.94544737e-003 3.77938908e-004
    2.92073702e-003 4.82349144e-003 0. 0. 0. 1.16267847e-002
    2.81032943e-003 1.58986775e-003 2.04822514e-003 5.53374365e-003 0.
    -1.95930101e-004 0. 0. 6.36527082e-004 0. -4.66168218e-004
    -7.92068429e-004 0. 0. 1.18880067e-003 2.21218960e-003 0. 0.
    6.45290187e-004 2.20594276e-003 3.83778824e-003 6.14086923e-004
    5.48183045e-004 0. -3.64405976e-004 1.38905435e-003 0. 0. 0.
    1.23351300e-003 6.10331888e-004 0. 0. -6.60035468e-004 0. 0. 0.
    1.14412035e-003 0. 6.22483948e-003 1.16540305e-003 5.89228515e-003
    0. 3.82278988e-004 0. 2.54959916e-004 8.77431594e-004
    6.08607719e-004 -7.11998960e-004 0. 0. 0. 7.63385789e-004 0.
    8.09753407e-003 0. 2.27658689e-004 1.30465208e-003 0. 0.
    1.77645707e-003 0. -1.02737907e-003 1.59088022e-003 0. 0.
    3.07415565e-003 -3.38165846e-004 0. 0. 0. 0. 5.86075534e-004
    2.14336230e-003 0. 6.71278103e-004 0. 1.69472274e-004
    1.01409561e-003 0. 4.51815827e-003 0. 3.69942700e-003 0.
    -7.05252169e-004 0. 0. 0. 2.51713232e-003 0. 0. 0. 0. 0.
    5.79784531e-003 0. 0. 0. 1.20568718e-003 9.66127496e-003 0.
    3.62096634e-003 0. 0. 4.42708749e-003 2.62657786e-003
    2.20905594e-003 0. 0. 0. 8.84751137e-003 -5.45987510e-004 0. 0. 0.
    0. 0. 0. 0. 0. 0. 0. -4.50065214e-004 9.77299060e-004
    1.87892152e-003 2.85379309e-003 0. 0. 2.32974486e-003
    -3.19388375e-004 0. 0. 0. -6.67022308e-004 0. 5.40863781e-004 0. 0.
    -3.32872703e-004 2.03663111e-003 -8.33425147e-004 5.28279413e-003 0.
    3.11167398e-003 -1.12546189e-003 0. 0. 2.10791593e-004 0. 0. 0.
    5.15644299e-003 0. 0. 0. 5.42246364e-003 0. 0. 0. 9.19572916e-003 0.
    0. 0. 0. 0. 0. 8.97149323e-004 8.56246974e-004 0. 0. 0.
    -2.16598884e-004 8.74414667e-003 0. 0. -2.10127188e-003 0.
    2.05946737e-003 0. 0. 0. 0. 2.14630645e-003 0. 0. 0. 0.
    8.99411134e-006 0. 0. 0. 0. 0. 8.50681961e-003 2.72604194e-003
    -3.13543668e-003 0. 0. 0. 0. 0. 0. 0. 0. 0. 0. 0. -9.36924538e-004
    0. 0. 0. 0. 5.80277387e-003 2.18014070e-003 -1.32699148e-004 0.
    1.27188943e-003 0. -4.08119231e-004 3.74836824e-003 1.89883600e-003
    1.44564332e-002 1.23347808e-003 0. 0. 0. 0. 0. 0. 0. 6.79461227e-004
    0. 2.82662362e-003 0. 9.10484639e-004 0. 1.38040620e-003
    1.79327035e-003 1.49864599e-003 0. 0. 2.47684238e-003 0. 0. 0. 0.
    1.07278605e-003 1.85210910e-003 5.27653331e-003 0. 0. 0.
    1.22025823e-002 0. 1.09619496e-003 0. 4.28447929e-005 0. 0.
    2.04280321e-003 0. 0. 7.65893259e-004 3.53968842e-003
    -2.72728270e-004 0. 4.44439193e-003 0. 0. 4.21877671e-003 0. 0. 0.
    0. 0. 4.56503010e-004 3.46205151e-003 5.75252983e-004 0. 0.
    4.89066960e-003 -1.17692829e-003 0. 0. 2.10228376e-003 0. 0. 0.
    8.40632897e-003 -9.80940997e-004 1.37208868e-003 5.98351471e-003 0.
    0. 7.61469686e-003 0. 0. 0. 0. 0. 5.29609667e-003 6.90793106e-003 0.
    0. 0. 2.16852594e-003 -3.66922555e-004 0. 2.42704502e-003 0. 0. 0.
    1.20999629e-003 0. 2.23161443e-003 0. 0. 3.56791937e-003
    -2.80111184e-004 1.02625822e-003 0. 0. 2.26193108e-003
    3.56492773e-003 6.13888260e-004 2.03817338e-003 0. 6.90915680e-004
    0. 0. 0. 0. 0. 0. 0. 2.07796344e-004 0. 0. 0. 4.67911486e-005 0. 0.
    1.31041292e-004 0. 1.31897291e-003 -1.03184744e-003 0.
    7.90063641e-004 1.40225329e-003 0. -1.22812533e-004 1.07329898e-003
    0. 0. 0. 1.43963762e-003 0. 0. 0. 0. 0. 1.93879032e-003
    3.13695823e-003 0. 0. 3.34109436e-003 0. 0. 7.03169452e-003
    3.48322955e-003 0. 0. 0. 5.08558936e-003 2.65065650e-003 0. 0.
    3.85962194e-004 4.80362854e-004 1.20036723e-003 0. 0. 0. 0.
    2.69738329e-003 0. 8.61049816e-003 5.73079754e-003 0. 0. 0.
    8.88577569e-003 0. 0. 1.26043218e-003 0. -1.17913843e-003 0.
    9.07952711e-003 0. 3.82632925e-003 0. 0. 2.10939324e-003 0.
    4.82569169e-003 0. 8.32786551e-004 6.79334276e-004 0.
    5.51470602e-003 1.53354893e-003 4.13536001e-003 2.67842232e-004 0.
    0. 5.03086485e-003 0. 0. 1.11105843e-002 1.50435022e-003 0. 0.
    -4.28343454e-004 0. -2.85822316e-004 0. 1.53780216e-003 0. 0. 0. 0.
    1.59069756e-003 0. 1.97155168e-004 0. 5.04653575e-003 0. 0. 0.
    6.96245721e-003 5.32403414e-004 -5.39392408e-004 4.61142370e-003
    3.96164088e-003 1.09904620e-003 3.43189179e-003 2.42504710e-003 0.
    0. 0. -2.30489270e-004 0. 0. 0. 8.82461900e-004 0. 2.78648315e-003
    0. 8.16218148e-004 0. 3.20772291e-003 0. 0. 3.31266993e-003 0. 0.
    1.54927478e-003 6.41123345e-003 0. 7.06525811e-004 0.
    -2.47904100e-003 4.12500929e-003 0. 0. 6.59412611e-003
    6.32034382e-003 5.07239345e-003 0. 0. 0. 2.92396965e-003
    1.16939135e-002 1.25842192e-003 0. 0. 0. -1.77981576e-003
    -1.13579386e-004 -5.80599182e-004 0. 0. 0. 0. 0. 2.03297706e-003 0.
    0. 0. 0. 0. 7.45947182e-004 0. 5.85170928e-004 0. 0. 5.39461011e-003
    0. 1.13066956e-002 0. 0. 1.89695344e-003 0. 0. 0. 0. 2.53278646e-003
    0. 0. 0. 0. 1.87045604e-003 -2.37553279e-004 0. 0. 0.
    4.02203901e-003 0. 0. 0. 0. 0. 0. 0. 0. 0. 0. 0. 9.98854637e-004 0.
    0. 0. -6.87287073e-004 8.60995729e-004 0. 0. 0. 0. 0.
    4.50083660e-003 0. 1.37288985e-003 1.58018759e-003 0. 0. 0. 0.
    3.52693512e-003 0. 0. 0. 0. 0. 0. 0. 0. -7.48363091e-004
    4.45579737e-003 1.48792064e-003 1.45509694e-004 0. -5.75926679e-004
    7.73511943e-004 1.37796637e-003 0. 0. 0. -1.16086929e-004
    9.67779197e-004 0. 0. 2.20229873e-003 0. 1.50217349e-003
    2.40246719e-003 6.55793992e-004 5.35809016e-003 1.11547625e-003 0.
    1.33177626e-003 0. 0. 0. 1.38591090e-003 1.69679767e-003
    2.83754501e-003 0. 7.00725010e-003 0. 0. -2.35991972e-003
    -1.64709252e-003 4.74872347e-003 0. 5.71962970e-004 7.66306184e-003
    0. 0. 3.10644251e-003 0. 0. 0. 0. 2.55161338e-003 0.
    -2.90530355e-004 0. 0. 0. 2.18420243e-003 1.02617277e-003
    1.62706024e-003 0. 7.47562852e-003 0. 6.36149757e-003 0.
    2.76576518e-003 0. 0. 0. 2.82343826e-003 0. -7.19893491e-004 0.
    1.32065767e-003 0. 0. 0. 2.19822838e-003 -2.93353596e-003
    9.19838785e-004 0. 3.86759115e-004 0. 1.55370453e-005 0. 0.
    6.46651210e-003 9.93475667e-004 0. 0. 0. 0. 2.76316097e-003 0.
    6.66344911e-003 0. 0. 0. 9.57274751e-005 0. 0. 1.60333328e-003
    2.07608147e-003 0. 0. 0. -3.43276799e-004 0. 0. 0. 2.27535656e-003
    0. -2.38305796e-003 0. 2.58421525e-003 6.20332503e-005
    7.26325787e-004 0. 1.13268581e-003 -1.33030117e-003 0.
    3.09382303e-004 0. 1.34195827e-004 1.53099129e-003 1.62196602e-003
    1.07944722e-003 0. 0. 2.12585437e-003 0. 7.77612487e-003 0. 0. 0. 0.
    0. 5.63494768e-003 0. 0. 0. 8.35612242e-004 0. 5.24716545e-003 0.
    1.93267583e-003 2.59039458e-004 0. 0. 0. 0. 0. 0. 0. 0. 0. 0. 0. 0.
    0. 0. 0. -5.59564331e-004 0. 3.66884843e-003 1.54481223e-003
    7.32435146e-003 0. 0. 1.74389139e-003 0. 8.93551449e-004
    1.30444474e-003 9.91248433e-003 1.28254341e-003 0. 0. 0.
    1.92222337e-003 1.04945700e-003 1.44060580e-002 0. 0.
