<?xml version="1.0"?>
<opencv_storage>
<imageDescriptor type_id="opencv-matrix">
  <rows>1</rows>
  <cols>1000</cols>
  <dt>f</dt>
  <data>
    0. 1.83584954e-004 0. -7.27952051e-004 0. 0. 2.02171062e-003
    8.01273994e-003 0. 4.23699897e-003 0. 0. 0. 5.21188485e-005 0.
    5.38148219e-004 2.75416882e-003 0. 0. 3.78748577e-004
    1.04953756e-003 5.93187567e-003 3.27814394e-003 0. 0. 0.
    1.10277801e-003 0. 0. 0. 1.82251073e-003 1.20043507e-004 0.
    3.10584437e-003 4.25408129e-003 3.09887971e-003 0. 0.
    5.67090651e-003 0. 0. 2.15344527e-003 0. 1.71345240e-003 0. 0. 0. 0.
    0. 1.90172531e-003 1.36229862e-003 0. -6.70544163e-004
    2.45027454e-003 0. 0. -2.01387308e-003 4.14407201e-004 0.
    1.39194285e-003 0. 2.11490272e-003 0. 0. 4.18647984e-003 0. 0.
    8.35438914e-005 0. -1.44545356e-005 8.28061067e-003 0. 0.
    2.08255486e-003 0. 1.46475725e-003 0. 4.43521701e-003 0. 0.
    1.77359860e-003 1.81757077e-003 0. 0. 0. 0. 0. 2.83225463e-003 0.
    2.42340146e-003 0. 3.61944316e-004 3.77799617e-003 0.
    4.59581288e-003 0. 0. 0. 0. 5.88328003e-005 0. 0. 5.93625882e-004 0.
    0. 1.42817793e-003 4.17324300e-005 0. 0. 0. 0. 0. 0. 0.
    2.69301957e-003 0. 0. 0. 1.21475384e-003 0. 0. 0. 7.79322407e-004 0.
    2.60850391e-003 0. 1.56481855e-003 -2.21814043e-004 4.04164707e-003
    0. 1.68116076e-003 0. 0. 0. 1.35593361e-003 0. 8.92701559e-004 0.
    -1.54214073e-003 0. 1.75477064e-003 8.30626755e-004 2.52446131e-004
    8.05308518e-005 0. 0. 0. 8.50923639e-003 0. 0. 5.75086661e-003 0.
    4.90100647e-004 2.52183480e-003 9.01576888e-004 0. 0. 0. 0. 0.
    -1.76245871e-003 0. 0. -2.33127293e-003 0. 0. 2.92915571e-003
    3.47212702e-003 0. 0. -2.95612903e-004 4.54500550e-004 0. 0.
    -2.06369301e-003 0. 0. 2.94583081e-003 2.20876117e-003 0. 0. 0. 0.
    3.00588598e-003 0. 2.98241677e-004 0. 0. 0. -1.35195232e-003
    3.92175559e-003 0. 0. 8.07126611e-003 0. 0. 0. 1.54521526e-003 0.
    1.03050331e-003 0. 5.16626006e-003 3.50930309e-003 -6.68676279e-004
    0. 0. 7.17486662e-004 3.34357121e-003 5.44239301e-003
    2.13859705e-004 1.01558659e-002 0. 0. -4.02015576e-004 0. 0.
    -8.99308594e-004 0. 6.69714017e-003 1.09736053e-002 1.67364092e-003
    0. 2.89050909e-003 0. 0. 0. 0. 0. 0. 0. 1.84144627e-003
    -8.81151500e-005 0. 2.96265152e-005 0. 0. 1.01113645e-002
    2.67353072e-003 0. 1.17745297e-003 0. 1.69463689e-003
    6.66921143e-004 0. 0. 0. 0. -8.88116556e-005 0. 1.37022266e-003 0.
    0. 3.84204672e-003 2.79898569e-003 0. 0. 2.29952694e-003 0.
    2.47247540e-003 1.34762970e-003 0. 0. 2.10680603e-003 0.
    -1.02595170e-003 0. 0. 0. 0. 0. 0. 4.41115582e-003 6.72874879e-003
    -1.18704722e-003 0. 4.21841815e-003 0. 1.32828916e-003 0. 0.
    1.34589337e-003 0. 3.96593427e-003 1.47987762e-003 7.71052856e-003
    0. 0. 0. 9.78421886e-004 0. 0. 8.78902327e-004 0. 0. 0. 0.
    6.02983451e-003 0. 1.61460519e-003 0. 4.37289104e-003
    5.52360294e-003 0. 0. 1.14092987e-003 1.74845965e-003 0. 0.
    3.49437585e-003 0. 0. 3.00286571e-003 0. 0. 0. 0. 1.15231816e-002
    3.80330347e-003 0. 0. 0. 0. 3.75906820e-003 0. 1.59776362e-003
    -6.03667031e-005 0. 0. 7.17086543e-004 9.28334077e-004
    1.17923866e-003 0. 0. -3.64483480e-004 0. 0. 0. 1.12286035e-003 0.
    0. 4.54766862e-003 0. 0. 6.18599169e-003 0. -2.07422464e-003 0.
    4.61543771e-003 0. 0. 0. 1.46472198e-003 5.79136703e-003 0.
    1.70922233e-003 0. 0. 8.96608550e-003 1.11233974e-004 0. 0. 0.
    2.68157036e-003 2.16341857e-003 -1.14891923e-003 0. 0.
    2.99179973e-003 0. 0. 0. 0. 0. 0. 4.10845829e-003 1.95104198e-003 0.
    0. 0. 4.35413420e-003 4.65528062e-003 0. 0. 6.43558381e-003 0. 0. 0.
    0. 3.31350463e-003 2.76995823e-003 0. 0. 0. 0. 0. 4.08755906e-004 0.
    0. 7.17162574e-003 0. 0. 0. 1.01064332e-003 0. 0. 2.50932272e-003
    1.38540845e-003 0. 0. 0. 2.69363460e-004 0. 0. 0. -1.00316980e-003
    -1.14031798e-004 0. 2.51185731e-003 3.43769323e-004 4.13110387e-003
    0. 1.07081432e-003 0. 2.20558909e-003 8.51807126e-004
    1.63150229e-003 0. 0. 0. 1.42268813e-003 -1.92985579e-003 0. 0.
    3.28649068e-004 1.04608701e-003 0. 0. 0. 1.21248607e-003 0.
    1.53366034e-003 9.86577105e-003 0. 9.24896332e-004 1.30850694e-003
    4.76892776e-004 9.44447413e-004 0. 1.74597444e-004 2.05164845e-003
    3.62293073e-003 0. 3.41613661e-003 0. 0. 0. 4.05262806e-004 0. 0. 0.
    0. 0. 2.83632660e-004 9.26602923e-004 7.07078550e-004
    1.68507919e-003 1.68277347e-003 0. 0. 2.23677070e-003
    5.02579892e-003 0. 0. 0. 0. 1.74029334e-003 0. 1.66253699e-003
    1.39347429e-003 0. -6.29215210e-004 1.04521611e-003 0.
    1.67850929e-003 -2.01638395e-005 8.66972376e-004 0. 0. 0. 0. 0.
    7.77229341e-003 3.37172975e-003 0. 2.31931685e-003 0.
    4.31759795e-003 0. 5.09994989e-003 2.55354168e-003 5.39094070e-003
    0. 0. 0. 0. 0. 0. 2.05780659e-003 5.04473876e-003 0. 0. 0.
    1.15634222e-002 0. 3.53330164e-003 0. 0. 0. 1.20259600e-003
    2.48086639e-004 2.15203175e-003 1.67083950e-003 3.11135867e-004
    1.18105370e-003 0. 6.65179407e-003 0. 0. 0. 0. 3.22382804e-003 0. 0.
    3.49858077e-004 2.21380126e-003 5.78919053e-003 -1.25010533e-003 0.
    0. -1.87738426e-003 4.48598852e-003 1.38369482e-003 0. 0.
    4.62664245e-003 0. 0. -5.28708042e-004 3.17414320e-004
    6.92223839e-004 0. 1.27304986e-003 0. -8.05517193e-005
    5.24818944e-003 5.02783526e-003 0. -1.65378122e-004 -1.45764765e-003
    0. 0. 0. 4.46205959e-003 1.16181234e-003 2.70675239e-003
    2.22807634e-003 0. 0. 0. 3.97457072e-004 6.72691269e-004 0. 0. 0. 0.
    0. 4.50065534e-004 9.39380610e-004 0. 0. 0. 0. 5.85592026e-003
    1.06978021e-003 0. 0. 1.58007827e-003 5.89854666e-004
    6.08409347e-004 0. 0. 5.63621661e-003 0. 2.33154395e-003 0. 0. 0. 0.
    2.64939573e-003 3.67107498e-003 1.51132455e-003 0. -5.90377138e-004
    4.11434285e-003 0. 1.27463660e-003 0. 0. 0. 0. 0. 5.24289848e-004
    3.24311928e-004 0. 0. 1.75669952e-003 4.04776249e-004 0.
    2.04887101e-003 0. 0. 0. 4.23614774e-003 0. 3.14301485e-003
    2.12490512e-003 0. 0. 0. 2.57127406e-003 3.18417372e-003
    -2.48830416e-003 0. 1.03590814e-002 2.91692559e-003 0.
    2.86075193e-003 0. 0. 4.51104497e-005 1.27710484e-003 0. 0. 0. 0.
    3.83764878e-003 6.88863499e-003 0. 0. 0. 0. 0. 0. 0. 0.
    2.81016598e-003 9.78800817e-004 8.02214607e-004 0. -3.58173333e-004
    0. 2.31891056e-003 0. 3.29818856e-003 0. 0. 0. 0. 2.45938892e-003
    1.31429255e-003 3.75585165e-003 0. 1.88071304e-003 0.
    -3.01040942e-004 0. 9.76551324e-004 0. 0. 0. 0. 0. 1.57198473e-003
    0. 0. 0. -3.23235104e-003 2.64548551e-004 2.29944335e-003
    2.58422852e-003 0. 3.87485162e-003 1.59112189e-003 2.68759695e-003
    0. 4.74221655e-004 0. 1.22796034e-003 0. 0. 0. 0. 0. 0.
    5.04306844e-003 0. 0. 3.97075526e-003 0. 1.30804803e-003
    -2.64985533e-003 0. 3.88895348e-003 -1.27768435e-003 0. 0. 0. 0.
    2.07509031e-003 0. 0. 3.45692760e-003 0. 0. 0. 0. 4.78438160e-004 0.
    1.78216927e-004 0. 3.50941066e-003 0. 0. -1.58682975e-004 0.
    -9.33672054e-005 2.55525834e-003 0. 0. 0. 0. 0. 0. 0.
    9.31944116e-004 0. 0. 0. 0. 0. 1.28874939e-003 0. 1.20844506e-003
    4.13851906e-003 3.92549846e-004 0. 4.71947668e-003 0.
    2.53861118e-003 -1.92908046e-004 6.09713548e-004 1.45107310e-003
    5.56400325e-003 2.57235067e-003 0. 1.22120033e-003 0. 0. 0. 0. 0.
    3.35017248e-004 0. 2.18743039e-003 0. 0. 0. 0. 1.11520221e-003
    -5.65500231e-004 0. -6.25965709e-004 1.47100340e-003 6.93626294e-004
    0. 0. 2.06805370e-003 6.08895253e-003 1.00902875e-003 0.
    8.79507221e-004 2.70960573e-003 -6.26262510e-004 1.94585009e-003 0.
    0. 0. 0. 0. 0. 0. 0. 0. 6.92808244e-004 0. 4.52899933e-003
    2.94890953e-003 0. 1.16356008e-003 0. 0. 2.09339196e-003
    4.66540332e-005 -2.25467747e-003 0. 5.27260406e-003 0. 0. 0. 0. 0.
    0. 0. 1.45868270e-003 0. 1.82679447e-003 0. 0. 7.66732846e-004
    1.12411228e-003 0. 0. 5.40246721e-003 3.54330288e-004 0.
    1.39549712e-003 0. 4.35960526e-003 0. 5.38327545e-003
    2.58793309e-003 0. 0. 0. 3.18866549e-003 0. 0. 1.80585450e-003
