<?xml version="1.0"?>
<opencv_storage>
<imageDescriptor type_id="opencv-matrix">
  <rows>1</rows>
  <cols>1000</cols>
  <dt>f</dt>
  <data>
    0. 0. 0. 0. 0. 0. 0. 0. 1.05992882e-002 0. 0. 0. 0. 0. 0. 0.
    -1.03189523e-005 0. 0. 0. 2.13802024e-003 4.29523410e-003
    5.22098970e-003 0. 0. 3.40768835e-003 0. 0. 0. 0. 5.24874497e-003
    6.15716260e-003 0. 0. 0. 0. 0. 1.90092588e-003 0. 3.80825531e-003 0.
    1.47149607e-003 5.91837848e-003 3.53090768e-003 0. -1.96989649e-003
    4.05140308e-005 6.37975580e-004 2.00320777e-004 0. 0. 0. 0.
    -7.46961078e-003 3.07960412e-003 -5.57359401e-003 0.
    -1.26292715e-002 -7.27490929e-004 0. 0. 0. 0. 4.21900913e-004 0.
    3.59521504e-003 0. 0. 0. 0. 0. -7.54504406e-004 4.59159259e-003 0.
    0. 0. 3.31273623e-004 2.59443093e-003 0. 0. 0. 0. 0. 0.
    2.23754393e-003 0. 0. 0. 7.60061434e-003 0. 0. 0. 1.00126201e-002 0.
    2.75319489e-003 -2.78503401e-003 0. 0. 8.10616941e-004
    2.34185369e-003 0. 7.72038882e-004 0. 3.32957460e-003
    3.44756898e-003 2.32443493e-003 0. 0. 2.48717167e-003 0. 0.
    4.24592942e-003 0. 0. 2.82630278e-003 2.84676370e-003 0. 0. 0. 0. 0.
    0. 0. 3.42496880e-003 5.29915851e-004 0. 0. 1.55688764e-003 0. 0.
    3.18197859e-003 4.23154281e-003 0. 0. 0. 2.43870635e-003
    1.62034365e-003 0. 0. 0. 2.88674771e-003 0. 1.44620950e-003 0.
    1.17154967e-003 0. 0. -5.34710009e-003 0. 0. 2.02606781e-003 0.
    6.45499630e-003 0. 0. 0. 0. 4.37040115e-003 0. 2.93841725e-003 0. 0.
    0. 0. 9.14420350e-004 0. 0. 0. 2.73690070e-003 0. 0. 0.
    1.30622089e-003 2.02208920e-003 1.49450637e-003 0. 4.35113721e-003
    2.93450756e-003 0. 4.46428685e-003 0. -9.93033827e-005 0.
    1.76246383e-003 0. 0. 0. -9.97682335e-004 2.87253805e-003 0.
    8.46228283e-003 3.74487671e-003 0. 0. -5.45351650e-004 0.
    -1.34974558e-004 0. 0. 2.95714731e-003 0. -2.68159260e-004
    1.40344701e-003 1.68435019e-003 0. 0. 0. 0. 6.38700440e-004 0.
    3.22015677e-003 9.80324461e-004 1.02165984e-002 0. 0. 0. 0.
    -5.18013316e-004 0. -7.15537230e-004 3.36969970e-003 0. 0. 0. 0.
    -1.24267570e-003 0. 0. 0. 0. 3.51440953e-003 0. 0. 6.28153561e-003
    0. 2.07417365e-003 0. 6.10738294e-003 -1.33823749e-004
    7.86424382e-004 0. 4.75910725e-003 2.26257602e-003 0. 0. 0. 0. 0. 0.
    0. 0. 0. 0. 0. 5.13843307e-003 4.59887413e-003 0. 0. 0.
    2.83416617e-003 0. 0. 0. 0. 0. 6.23940444e-003 0. 0. 0. 0. 0.
    2.73664389e-003 2.70679360e-003 0. 0. 4.86667792e-004 0. 0. 0. 0.
    4.94567445e-003 0. 0. -4.55127389e-004 4.10847628e-004 0.
    1.18646410e-003 6.71775825e-003 0. 1.87124242e-004 0. 0. 0. 0. 0. 0.
    0. 6.06889511e-003 0. 0. 0. 0. 1.05632665e-002 0. 0. 0.
    2.81490595e-003 -1.36856732e-004 0. 5.12026809e-003 0. 0. 0. 0. 0.
    0. 0. 1.92806087e-002 0. 0. 3.10339383e-003 6.32347679e-003 0. 0. 0.
    2.63614859e-003 -1.54290569e-003 0. 0. 3.14664957e-003 0. 0. 0. 0.
    4.64996183e-003 0. 0. 2.94963969e-003 0. 0. 9.68249748e-004 0.
    8.59639514e-003 1.36850984e-004 0. -3.14480648e-003 0. 0. 0. 0. 0.
    5.20594232e-003 0. 8.24848365e-004 8.45557952e-004 0. 0. 0.
    7.57716713e-004 0. 0. 3.94284987e-004 0. 0. 0. 0. 0. 0. 0. 0. 0. 0.
    0. 0. 0. 0. 0. 8.70352704e-003 0. 0. 0. 0. 0. 0. -3.92049178e-003 0.
    4.08356497e-003 1.73498446e-003 0. 0. 1.55129062e-003
    1.97324948e-003 0. 0. -3.36831738e-003 3.26033197e-002
    5.01062674e-003 0. 0. 0. 6.40605518e-004 1.18974922e-003
    1.67270645e-003 0. 0. 0. 9.87313874e-003 0. 0. 0. 0.
    -2.81135761e-003 3.22638336e-003 1.18238851e-003 -1.62379234e-004
    1.45681901e-003 0. 8.06323066e-003 0. 1.71193772e-003 0. 0.
    1.31703308e-002 1.12384772e-002 0. 1.79995480e-003 2.17813905e-003
    0. 0. 5.94747951e-003 0. 0. 0. 0. 0. 3.45863891e-003 0. 0. 0.
    2.14293157e-003 0. 2.48132600e-003 0. 1.85968482e-003
    6.33415475e-004 0. 0. 0. 3.21322028e-003 0. 0. 0. 0. 0. 0.
    1.71746011e-003 0. 1.40202884e-003 0. 0. 0. 9.29983100e-004 0. 0. 0.
    0. 6.62313355e-003 0. -1.59412331e-003 0. -1.01646036e-003 0. 0. 0.
    1.31627719e-003 1.29314954e-003 2.32845102e-003 0. 0.
    1.98183185e-003 -8.16775893e-004 0. 0. 0. 0. 0. 0. 0. 0. 0. 0.
    2.24733166e-003 2.43562609e-002 0. 0. 0. 0. 0. 0. -2.86028231e-003
    7.04125792e-004 0. 0. 1.69700803e-003 0. 0. 2.41170381e-003 0.
    3.64439999e-004 -2.28610996e-004 0. 0. 0. 0. 2.33578891e-003 0. 0.
    0. 0. 0. 5.71107958e-004 0. 1.71223877e-003 2.96406727e-003 0. 0.
    1.32000959e-003 0. 0. 0. 1.52515480e-004 0. 0. 0. 0. 0. 0. 0. 0. 0.
    0. 0. 0. 0. 0. 7.88813923e-003 0. 6.15563290e-003 3.06618679e-003 0.
    1.00871408e-002 0. 0. 0. 4.06575482e-003 6.04345417e-003 0. 0.
    -1.92718324e-003 0. 9.14855744e-004 -2.25685886e-003 0. 0.
    3.67009779e-003 0. 0. 0. 0. 0. 0. 0. 0. 1.18382077e-005 0. 0. 0. 0.
    -2.10511824e-003 0. 0. 0. 1.92499603e-003 0. 0. 0. 3.18066985e-003
    0. 0. 0. 4.56557656e-003 0. 0. -3.18346254e-004 6.88532274e-003 0.
    0. 0. 0. 3.80922784e-003 5.28389961e-003 2.00759084e-003 0. 0. 0.
    5.83960628e-003 0. 1.85749051e-003 0. 0. 0. 0. -1.80445286e-003 0.
    0. 0. 0. 3.66632390e-004 2.92204111e-003 0. 0. 0. 0. 0.
    2.39923690e-003 3.73163749e-003 5.34089422e-003 0. 5.50820550e-004
    0. 0. -4.09180624e-003 0. 2.89756898e-003 0. 0. 0. 0. 0. 0. 0.
    -6.49499561e-005 0. 0. 5.80846798e-003 0. -9.66939726e-004 0. 0. 0.
    2.58834939e-003 4.69200313e-003 0. 0. 2.28459667e-003 0. 0.
    4.24531172e-004 4.85330541e-003 0. 4.49721981e-003 1.82514649e-003
    3.17767053e-003 0. 0. 8.00499599e-003 0. 0. 0. 2.28951732e-003 0. 0.
    0. 0. 0. 0. 0. 0. 4.13994007e-002 4.26866114e-003 0. 9.35551943e-004
    0. 0. 0. 0. 0. 0. 8.43122322e-003 4.81853588e-003 4.54151817e-003 0.
    0. 4.76548309e-003 0. 0. 0. 0. 0. 0. 2.65628565e-003 1.85608165e-003
    0. 0. -5.88115398e-003 1.16890306e-002 0. 0. 0. 2.35769711e-003
    -1.24817865e-003 3.21543403e-003 0. 0. 0. 0. 0. 2.15655728e-003 0.
    4.42153029e-003 0. 0. 1.15421088e-003 0. 0. 0. 0. 0. 9.29581365e-005
    0. 0. 3.43640544e-003 0. 0. 0. 0. 0. 2.80683115e-003 0. 0. 0. 0. 0.
    1.37326971e-003 0. 0. 0. 0. 0. 0. 0. 4.04393394e-003 0.
    3.62373306e-003 3.41317995e-004 0. 0. 3.22269928e-003
    2.25747749e-002 0. 0. -1.25945115e-003 0. 0. 0. 0. 0. 0. 0. 0.
    1.01136789e-002 0. 0. 0. 0. 0. 0. 0. 0. 4.00435785e-003 0. 0. 0. 0.
    0. 9.68436617e-003 0. 8.73730169e-004 1.73382417e-004
    6.06856868e-003 0. 2.24368530e-003 2.87960260e-003 3.04027717e-003
    1.16831539e-002 1.14442303e-003 0. 0. 0. 0. 0. 0. 0. 0. 0. 0. 0.
    1.76192611e-003 -1.65306061e-004 -1.85745885e-003 0. 0.
    4.25144937e-003 -4.36127651e-003 0. 0. 0. 0. 0. 0. 0. 0. 0.
    3.43856146e-003 9.23429034e-004 0. 0. 0. 0. -1.86535285e-003 0. 0.
    -1.15346455e-004 0. 0. 4.77083959e-004 0. 0. 0. -2.02556071e-003 0.
    0. 0. 0. 0. 6.65769912e-003 3.62187508e-003 4.52433433e-003 0.
    1.45662166e-002 1.00230677e-002 0. 3.39711178e-003 0. 0. 0.
    1.76570530e-003 0. 0. 1.23759340e-002 0. 5.07971831e-003
    1.09976612e-003 0. 0. 0. 2.54506897e-003 1.78084802e-003 0.
    9.25273541e-003 0. 3.52174579e-003 0. 0. -2.32907292e-003 0.
    2.07526400e-003 8.29278782e-004 6.63420232e-003 2.74299015e-003 0.
    -1.49500978e-004 0. 0. 9.37306415e-003 -4.13195579e-004 0. 0. 0. 0.
    0. 0. 2.05936632e-003 0. 0. 2.88994657e-003 3.00384848e-003
    5.80419227e-003 0. 0. 0. 4.62970650e-003 0. 0. 5.01974998e-003 0. 0.
    2.02611554e-003 -1.06320844e-003 0. 2.71745771e-003 1.49898010e-003
    0. 3.67058138e-003 0. 2.04546703e-003 0. 0. 2.00975104e-003 0. 0. 0.
    0. 0. 0. 1.98031552e-002 0. 2.83129909e-003 3.40612838e-004 0. 0.
    6.23949396e-004 1.88657446e-004 0. 0. 0. 7.52658630e-003
    3.65203060e-003 0. 0. 0. 0. 0. 0. 0. 0. 0. 0. 0. 2.45960942e-003 0.
    2.72740819e-003 0. 0. 0. 0. 0. 0. 0. -1.31960679e-003
    9.32401698e-003 0. 0. 0. 7.61598442e-003 0. 0. 1.78522535e-003 0. 0.
    0. -1.06458639e-004 4.12572687e-003 0. 6.60591666e-003
    -3.43775289e-004 0. 0. 2.40979018e-003 0. 0. 0. 2.49936781e-003 0.
    5.36980770e-006 -4.08590725e-003 0. 2.64960894e-004 0. 0.
