<?xml version="1.0"?>
<opencv_storage>
<imageDescriptor type_id="opencv-matrix">
  <rows>1</rows>
  <cols>1000</cols>
  <dt>f</dt>
  <data>
    0. 0. 7.82885996e-004 0. 0. 0. 2.20195879e-003 0. 4.25662613e-003 0.
    0. 0. 0. 0. 1.20613119e-003 4.74962080e-003 0. 1.28696812e-003 0. 0.
    3.22219636e-003 0. 5.28472569e-003 0. 0. 0. 3.02136131e-003 0.
    1.21542974e-003 0. 9.15873796e-004 4.59239911e-003 -1.47175416e-003
    2.81097949e-003 2.39764107e-003 0. 0. 0. 0. 0. 0. 2.94509530e-003
    3.54710687e-003 0. 0. 0. 0. 0. 0. 0. 1.44843606e-003 1.89198030e-003
    4.04490763e-003 9.26362537e-003 4.41158284e-003 -1.55046652e-003 0.
    -1.29735668e-003 7.39150331e-004 7.29800377e-004 6.67211280e-005 0.
    5.32296207e-003 -1.97347393e-003 0. 0. 0. 0. 0. 0. 1.96501380e-003
    2.26929761e-003 8.24711565e-003 1.80363294e-003 0. 0.
    2.04946054e-003 4.95952833e-003 1.74110010e-003 8.64260597e-004 0.
    1.59690366e-003 3.89660546e-003 2.53326329e-003 0. 0. 0. 0.
    2.26069777e-003 0. -1.20217400e-003 5.81880158e-004 0.
    2.02844595e-003 0. 0. 0. 2.01736088e-003 0. 3.90934199e-003 0.
    -1.67386676e-003 0. 0. 1.03177680e-002 3.61810904e-003 0.
    1.02091162e-003 0. 4.19125427e-003 0. -4.31934051e-004 0. 0.
    1.99511438e-003 1.62617245e-003 1.41006080e-003 0. 0. 0.
    1.69695204e-003 6.55849837e-003 0. 0. 2.30278540e-003 0. 0.
    3.20095365e-004 0. 1.36921159e-003 5.85996453e-003 0.
    6.43059751e-003 0. 1.08507869e-003 0. 2.01252778e-003 0. 0.
    6.84468367e-004 0. 2.84920982e-003 -9.83356615e-004 -1.12574792e-003
    0. 0. 0. 7.54989823e-003 0. 0. 1.64590997e-003 0. 0. 6.56327640e-004
    0. -3.21492735e-005 0. 0. -2.24556634e-003 0. 0. 0. 1.44628435e-002
    6.67771092e-003 0. 0. 4.49867308e-004 5.66291390e-003
    3.16393608e-003 0. 0. 3.25133884e-003 2.92838016e-003
    1.98132894e-003 0. 4.65255557e-003 0. -5.05529402e-004 0. 0.
    1.94684288e-003 3.00443702e-004 1.39606418e-002 1.52953609e-003 0.
    -3.31094285e-004 1.84499251e-003 0. 0. 4.21994337e-004 0. 0. 0. 0.
    -2.36439845e-003 0. -7.12351059e-004 0. -4.88575715e-005 0.
    1.40441349e-003 2.24741409e-003 9.16003832e-004 0. 0. 0. 0.
    1.38132845e-003 0. 0. 0. 1.70757773e-003 -7.11081026e-004
    1.22319744e-003 0. 0. 0. 0. 3.61842569e-003 1.47976819e-003 0. 0.
    3.85284744e-004 0. 8.06949625e-004 1.44011376e-003 0. 0.
    1.74241164e-003 -3.68895300e-004 1.02198997e-003 0. 2.21363083e-003
    4.23643086e-003 0. 0. 0. -1.03723563e-004 0. 2.86690844e-003 0. 0.
    1.00676145e-003 0. 0. 6.64705597e-003 0. 1.92819990e-003 0.
    -6.89312641e-004 1.06218958e-003 0. 0. 0. 0. 0. 8.91411037e-004 0.
    0. 0. 1.28789421e-003 0. 0. 2.12519569e-003 0. 0. 0. 0. 0. 0. 0. 0.
    1.06153768e-002 5.79093816e-004 -1.05778174e-003 0. -9.67665634e-004
    -4.28676186e-003 0. 0. 1.73089886e-003 0. 0. 5.45334304e-003
    2.15340435e-004 0. 5.72214462e-003 3.17663024e-003 0.
    1.99135463e-003 7.50371662e-004 0. 0. 0. 0. 0. 1.05582969e-003
    7.37247057e-004 0. 1.58197316e-003 -7.75160093e-004 0. 0.
    4.61708941e-003 0. 8.46010912e-003 2.44860700e-003 0.
    2.00296356e-003 0. 0. 0. 0. 5.78445790e-004 2.53710523e-003
    2.06264015e-003 0. 3.38018243e-003 0. 0. 9.19664861e-004
    8.42272886e-004 1.90862559e-003 0. 3.31706088e-003 2.28265277e-003
    1.99307757e-003 0. 0. -7.99761678e-004 9.28554777e-003 0.
    1.39061396e-003 6.76924596e-003 2.93248822e-003 0. 0.
    1.26993675e-002 0. 4.67727985e-003 0. 0. 8.19081848e-004
    5.18562691e-003 2.54091108e-003 -6.92603586e-004 0. 0.
    1.91273564e-003 3.51242628e-003 0. 0. 0. 0. 0. 0. -3.48516391e-004
    0. 4.02470864e-003 0. 2.28488073e-003 0. 0. 3.76102119e-003
    5.94497018e-004 -2.76921224e-003 0. 0. 0. 0. 0. 1.44977309e-003
    1.36341923e-003 0. 5.99995442e-003 3.29437735e-003 0. 0. 0.
    4.63085162e-004 4.55152802e-003 0. 0. 0. -1.29722804e-003 0. 0.
    1.53554254e-003 0. 0. 0. 3.26166674e-003 0. 2.31008790e-003 0.
    -2.41447648e-004 0. 0. 0. 0. 0. 0. 1.24230725e-003 0.
    -1.20000914e-005 4.41813748e-003 0. 0. 1.92070066e-003
    3.01089277e-003 1.61139574e-002 1.55378203e-003 0. 0.
    -5.19353373e-004 5.12434915e-003 -1.10565806e-002 0. 9.85097373e-004
    -1.23738064e-004 3.85899656e-003 3.07525578e-003 -7.12713882e-005 0.
    -1.09496084e-003 4.02920385e-004 0. 0. 0. 0. 6.10465696e-003
    8.60623491e-004 0. 0. 0. 0. 0. -2.77535175e-004 0. -2.55596970e-004
    0. 2.43421271e-003 0. 1.09391636e-003 0. 1.45584892e-003 0.
    -2.90265866e-003 0. 0. 0. 0. 1.23620357e-005 0. 0. 6.13187486e-003
    0. 2.10603088e-004 0. 0. 0. 0. 1.66322873e-003 2.68523861e-003 0.
    3.04671383e-004 0. 3.98131378e-004 0. 1.82642997e-003
    2.66801612e-003 7.10948894e-004 2.22829799e-003 0. 0.
    1.83512724e-003 3.09831090e-003 0. 1.36601517e-003 0.
    6.56366674e-003 4.27712454e-003 -7.98197230e-004 0. -1.63575052e-003
    0. 0. 0. 0. 0. 0. 0. 6.44835643e-004 8.97648511e-004 0. 0. 0. 0.
    3.76663898e-004 2.10861093e-003 1.86872040e-003 6.86436752e-003
    1.16213784e-003 2.05358444e-003 0. 1.08599500e-003 7.59119750e-004
    0. 4.58431477e-003 0. 1.33560959e-003 0. 1.20154838e-003 0.
    1.44273660e-003 3.11487494e-003 0. 0. 0. -1.05482212e-003
    -8.25582014e-004 1.00530707e-003 4.97471541e-003 0. 0. 0. 0. 0. 0.
    3.32929636e-003 0. 1.38650835e-003 5.85895823e-003 0. 0. 0. 0. 0. 0.
    0. 3.30014317e-003 1.26073405e-003 0. 1.37397810e-003 0. 0. 0.
    1.61653140e-003 0. 0. 5.85519243e-004 0. 0. 3.61577841e-003 0.
    3.46046081e-003 0. 2.37549422e-003 4.29533515e-003 0. 0. 0. 0. 0. 0.
    0. 0. 0. 0. 1.27471576e-003 0. 0. 0. 4.08779643e-003 0.
    3.99099058e-003 3.16158636e-004 0. -2.79250485e-003 0.
    4.16512042e-003 0. 0. 0. 1.79014483e-003 0. 2.40302226e-003 0. 0.
    1.49873947e-003 4.15184442e-003 0. 0. 1.12874818e-003 0. 0. 0. 0. 0.
    6.44680671e-003 0. 0. 0. 0. 0. 0. 0. 0. 0. 0. 1.38702895e-003
    5.80438133e-003 2.67844950e-003 0. -2.42271592e-004 1.39056647e-003
    0. 0. 0. 0. -4.48606588e-005 0. 1.74052466e-003 2.60933826e-004
    1.84719334e-003 0. 0. 0. -8.88655195e-004 0. 0. 0. 0.
    5.49188582e-004 0. 0. 0. 0. 5.78842871e-003 0. 4.38520592e-003
    -1.38958683e-003 0. 0. 0. 2.81510362e-003 5.69611369e-003
    7.55651912e-004 0. -1.82103075e-003 0. 0. 2.35499395e-003
    1.24682847e-003 0. 0. 0. 0. 0. 0. 0. 0. 0. 0. 0. 0. 8.56370898e-004
    -1.59235919e-004 2.67245551e-003 5.81727503e-003 8.34486273e-005
    2.15638895e-003 5.77928848e-004 2.40774336e-003 8.75228434e-004 0.
    0. 0. 1.25061988e-003 2.30388343e-003 9.20229591e-003
    1.88461301e-004 7.45787285e-003 0. 0. 3.49842873e-003
    6.79498538e-003 0. 1.15767086e-003 5.45144430e-004 6.86458964e-003
    4.51428408e-004 3.71889654e-003 0. 0. 0. 1.15753827e-003
    1.10868644e-003 1.64772547e-003 0. 0. 0. 0. 1.05803227e-003
    8.41312949e-003 -8.09824705e-005 4.69763437e-003 0. 0.
    1.89758255e-003 0. 3.96945863e-004 -1.94596779e-003 0. 0. 0.
    1.88050454e-003 0. 0. 0. 0. 3.52800870e-003 0. 0. 2.71212752e-003 0.
    0. 0. 3.23538482e-003 0. 0. 0. 2.25724769e-003 0. 1.13649026e-003 0.
    0. 0. 1.05856378e-002 0. 0. 0. 0. 0. 0. 0. 0. 0. 1.73920684e-003
    5.83169842e-003 0. 0. 1.59082597e-003 2.69728270e-003
    -2.42018374e-003 0. 1.12034613e-003 0. -2.82636192e-003
    7.56122312e-003 8.43115326e-004 1.93741568e-003 0. 0. 0. 0. 0.
    2.41596626e-005 0. 0. 4.76691779e-003 0. 0. 6.24147433e-005 0.
    3.39211267e-003 0. 0. 1.18700508e-002 1.94440666e-003 0.
    1.22771398e-005 2.87396926e-003 0. 1.00458376e-002 0. 0.
    2.82953610e-003 0. 0. 0. 1.71676744e-003 0. -6.81393663e-004 0. 0.
    2.53161020e-003 0. 0. 4.84066503e-003 1.90981489e-003
    -1.51505892e-003 6.69880537e-003 -6.94001152e-004 8.37951782e-004 0.
    0. 0. 0. 0. 0. 1.81230484e-003 1.50482031e-002 1.64635584e-003
    -1.03963236e-003 0. 1.61413301e-003 0. 0. 0. 0. 0. 0.
    8.10919981e-003 0. 0. -1.12839171e-003 0. 0. 0. 0. 0. 0.
    1.55937581e-004 0. 2.84788548e-003 3.28374095e-003 0.
    5.76081825e-003 0. 1.35203509e-003 0. 1.64222938e-003 0. 0.
