<?xml version="1.0"?>
<opencv_storage>
<imageDescriptor type_id="opencv-matrix">
  <rows>1</rows>
  <cols>1000</cols>
  <dt>f</dt>
  <data>
    0. 0. 0. 0. 0. 6.03494328e-003 3.55119188e-003 6.39418699e-003
    9.50810034e-003 0. 0. 9.10930859e-004 0. 7.51903979e-004
    2.95821065e-003 0. 0. 0. 0. 1.67794700e-003 2.65501137e-003 0. 0. 0.
    0. 2.49272771e-003 0. 0. 9.09051043e-004 5.40879671e-004
    2.17402596e-002 2.62411195e-003 0. 1.52078923e-003 0. 0. 0. 0. 0. 0.
    0. 0. 0. 3.00019165e-004 0. 3.24311462e-004 1.55505131e-003
    5.11129620e-003 9.88574000e-004 0. -1.02478580e-003 4.25715791e-003
    0. 0. -5.48372627e-004 0. 0. 5.95315499e-003 0. -3.54268542e-003
    1.56763627e-003 0. 0. 0. 0. 0. 7.49210874e-003 3.13470070e-003
    2.31243111e-003 0. 0. 6.27881568e-003 3.81535548e-003 0. 0. 0. 0. 0.
    0. 0. 5.76906558e-003 0. 0. 2.88144965e-003 0. 6.24989020e-003 0. 0.
    0. 0. 4.98977816e-003 8.48928583e-004 0. 0. 0. 3.23040318e-003 0. 0.
    0. 0. 0. 0. 0. 2.27210741e-003 0. 0. 0. 1.01276459e-002 0. 0. 0. 0.
    2.04080902e-003 0. 2.53723375e-003 2.40227673e-003 0. 0. 0. 0. 0.
    -1.26079924e-003 0. 3.72521370e-003 0. 0. 0. 0. 0. 0. 0.
    2.77736434e-003 1.77494716e-003 2.99564959e-003 0. 0.
    1.07652927e-003 -2.85003771e-004 0. 0. 0. 0. 0. 2.33205734e-003
    2.99238041e-003 0. 0. 0. 0. 0. 0. 0. 5.37864165e-003 0.
    2.51207897e-003 0. 0. 0. -7.71550520e-004 1.51972647e-003
    -1.42766454e-003 0. -3.15592042e-003 -4.51135362e-004
    5.69441356e-004 0. 0. 0. 0. 0. 0. 0. 0. 0. 0. 0. 1.56993214e-002 0.
    0. 0. 0. 0. 0. 0. 0. 0. 9.21461917e-003 2.83285696e-003 0. 0.
    1.79103331e-003 1.46750687e-003 1.54456892e-003 9.52540664e-004 0.
    7.19051063e-003 2.65094545e-003 1.38878927e-003 0. 0. 0.
    3.23038711e-003 3.32048279e-003 -2.54326942e-003 0. 0. 0.
    7.34957447e-003 4.51632775e-003 0. 2.40113796e-003 0.
    -4.76063229e-004 0. 0. 0. 6.51683565e-003 9.78165865e-003
    1.64757250e-003 7.66395498e-003 0. 0. 0. 0. 1.59696757e-003
    1.50510157e-003 1.66426107e-004 0. 0. 0. 1.82447920e-003
    2.17450876e-003 0. -1.68936839e-003 0. 0. 7.42211752e-003 0. 0. 0.
    0. 0. 2.44121882e-003 0. 0. -3.46896076e-003 0. -1.31177146e-003 0.
    0. 0. 8.39246158e-003 0. 2.48869904e-003 0. 0. 2.12561106e-003
    2.31049096e-004 0. 0. 0. 0. 9.26504610e-004 0. 5.99845720e-004 0.
    9.59846366e-004 0. 0. 0. 4.73709777e-003 0. 0. 3.65893706e-003
    -1.38686306e-003 0. 1.98461628e-003 0. 0. 0. 0. 0. 0.
    5.27138310e-003 -2.29178739e-004 0. 0. 0. 0. 0. 0. 0.
    2.67688720e-003 0. 0. 0. 0. 0. 0. -1.63698031e-004 0. 0. 0. 0. 0. 0.
    0. 2.45003961e-003 6.09158725e-003 0. 0. 0. 0. 7.62593525e-004 0. 0.
    0. 7.44493958e-003 1.19573507e-003 0. 0. 0. -2.55158963e-003 0. 0.
    0. 0. 0. 3.45376763e-003 0. 0. 5.79572096e-003 0. 0. 0. 0. 0. 0. 0.
    3.40023637e-003 5.85601525e-003 0. 0. 0. 4.14009090e-004
    3.92591828e-005 0. 0. 0. -1.56291085e-003 0. 2.27123685e-003 0. 0.
    -7.58124457e-004 0. 0. 3.15971440e-004 0. 0. 0. 7.27122242e-004
    -2.37784683e-004 0. 0. 0. 0. 0. -2.57208059e-003 -2.24357937e-005 0.
    0. 0. 0. 0. 3.00779799e-003 1.44133363e-002 1.59182982e-003 0.
    3.03650764e-003 0. 0. 0. 4.30907914e-003 0. 0. -9.49828245e-004
    -1.84097778e-004 0. 0. 1.24568515e-003 3.21054109e-003 0. 0. 0. 0.
    0. 0. 0. 0. 0. 0. 8.39066505e-003 3.15481005e-003 2.38971412e-003 0.
    1.10696303e-002 0. 1.02556376e-002 -8.25253315e-004 0.
    1.51033746e-003 0. 0. 0. 4.82545234e-003 -1.67312135e-003
    6.79894909e-003 6.41401450e-004 2.72070640e-003 2.78282067e-004 0.
    0. 1.29032107e-002 0. 0. 0. 1.45922722e-002 0. 0. 0. 5.57619962e-004
    0. 0. 1.67341589e-003 0. 0. 0. 2.29252223e-003 0. 0. 2.07019853e-003
    0. 0. 0. 0. 3.52406036e-003 0. 1.30096520e-003 0. 0. 0.
    1.00345176e-003 0. 0. 0. 2.12726602e-003 0. 3.80985113e-003 0. 0. 0.
    0. 0. 2.04047258e-003 0. 0. 1.58683432e-003 0. 0. 4.58845578e-004
    7.19076861e-003 8.01918004e-003 0. 0. 8.10083991e-004 0.
    5.12909330e-003 3.94224934e-003 0. 0. 1.95273675e-003
    1.39436335e-003 0. 0. 0. 4.24515316e-003 0. 2.05416814e-003 0.
    3.61567852e-003 2.31125602e-003 0. 0. 0. 1.30229513e-003 0. 0. 0.
    5.85349230e-003 1.02160750e-002 5.88530814e-003 0. -7.35768757e-004
    0. 2.87308730e-003 0. 0. 0. 4.04221611e-003 0. 1.74056983e-003 0. 0.
    0. -3.60748585e-004 3.07448674e-003 0. 5.71291381e-003
    1.54566381e-003 -1.69182094e-004 0. 0. 0. 2.38081324e-003
    5.40821301e-003 0. 0. 0. 0. 0. 0. 0. 0. 1.65555731e-003 0. 0. 0. 0.
    0. 0. 0. 0. 0. 7.24182697e-003 0. 0. -1.27957610e-003
    9.39599355e-004 0. 0. 0. 0. -3.99686722e-003 0. 1.19654450e-003 0.
    0. 1.48400117e-003 0. 0. 0. 0. 0. 3.21909902e-003 3.23092658e-003 0.
    4.86251526e-003 8.68694508e-004 0. 0. 0. 0. 0. 0. 0. 2.59407447e-003
    2.94401048e-006 0. 0. -5.73402550e-003 0. 2.37484858e-003 0.
    2.03950936e-003 2.08512088e-003 0. 0. 0. 0. 3.14619509e-003 0. 0.
    1.16561865e-003 1.30189070e-003 2.62700696e-003 0. 0. 0. 0.
    5.20508969e-003 3.08801318e-005 -4.15119343e-004 0. 0.
    5.45060681e-003 0. 0. 0. 0. 0. 0. 3.42377555e-003 0. 5.43509377e-004
    0. 0. 0. 1.16263395e-002 0. 0. 1.25752785e-003 0. -7.39534909e-004
    -6.33929856e-004 0. 0. 3.83330300e-003 0. 0. 0. 0. 0.
    5.24844928e-003 0. 3.72572057e-003 0. 0. 0. 0. 0. 0. 0. 0. 0.
    1.80414866e-003 4.66874009e-003 7.28318701e-003 1.47590286e-003
    1.37303695e-002 0. 0. 8.36767256e-004 7.46826129e-003
    4.31222469e-003 0. 0. 2.42652744e-003 -1.39632693e-003
    3.47400375e-004 2.92509538e-003 0. 0. 0. 0. 4.37776884e-003
    1.76538050e-003 0. 0. 0. 2.56012706e-003 0. 0. 0. 0. 0. 0. 0. 0.
    5.85458940e-003 0. 0. 2.33589904e-003 0. 0. 0. 0. 0. 0.
    7.26690516e-003 3.03196325e-003 0. 0. -3.88235343e-003 0.
    2.30883039e-003 0. 2.70990073e-003 0. 1.44384196e-003
    5.85729163e-003 7.13668950e-003 0. 3.39569710e-003 0. 0. 0. 0. 0. 0.
    0. 0. 0. 0. 0. 0. 1.55822420e-003 -2.84803682e-003 -3.29882721e-003
    0. 0. 1.11606263e-003 2.40484043e-003 8.01877395e-005
    9.70975962e-003 0. 0. 0. 0. 0. 8.53937527e-004 0. 1.88113633e-003 0.
    -3.36681586e-003 0. 7.68486876e-004 0. 0. 0. 0. 0. 0.
    1.12369424e-003 0. 1.03535401e-002 2.78920033e-005 -3.33129847e-003
    5.44184307e-003 0. 0. 0. 0. 7.54662397e-005 3.66706192e-003
    1.05635701e-002 4.77720023e-004 5.29853860e-004 5.90458838e-003 0.
    0. 5.04541397e-003 0. 0. 5.06467884e-003 0. 1.55996031e-003
    4.85749543e-003 0. 0. 0. 0. 0. 4.85524163e-003 -4.93113876e-005
    9.74297407e-004 1.82198946e-005 0. 7.52550084e-003 0.
    2.57810997e-003 4.36518248e-003 2.32699467e-003 -2.57310062e-003 0.
    2.11635861e-003 -7.43685116e-004 2.83947610e-003 0. 0. 0. 0.
    -1.38493965e-003 0. 0. 0. 2.68814410e-003 0. 0. 0. 0. 0.
    8.61374836e-004 0. 0. 0. 0. 0. 0. 3.29764234e-003 0. 0.
    2.35690572e-003 0. 0. 0. 4.85677691e-003 0. 0. 1.14491128e-003
    2.79825111e-003 0. 0. -4.14880132e-003 0. 3.29594663e-003 0. 0. 0.
    1.56646688e-003 -6.28133304e-004 0. 3.83542478e-003 0. 0.
    -5.03351912e-004 0. 0. -1.52686331e-003 0. 0. 1.60983321e-003
    1.02106389e-002 0. 0. 1.69797539e-004 0. 0. 0. -4.71758212e-005 0.
    1.24850310e-003 0. 0. 0. 8.92473198e-003 0. 0. 4.97816922e-003
    2.77025951e-003 0. 6.13761460e-003 -3.64726584e-004 2.03516078e-003
    7.42917880e-004 0. 5.87182539e-003 1.87711115e-003 6.00092579e-003
    0. 2.44557741e-003 0. 2.04889034e-003 2.21628183e-003 0. 0.
    3.24368803e-003 0. -8.76810867e-004 0. 1.85248093e-003 0.
    -1.03099446e-003 0. 0. 1.15817285e-003 0. 0. 2.01039156e-003 0. 0.
    0. 0. 0. 0. 1.61517633e-003 0. 0. 0. 2.78656767e-003 0. 0. 0. 0.
    -9.61431826e-004 4.77925222e-003 2.22936622e-003 2.04776740e-003 0.
    0. 1.16808456e-003 0. 0. 4.86489298e-004 0. 1.10081036e-003 0.
    -5.58549771e-004 0. 0. 0. 8.17859266e-003 0. 0. 0. 0.
    2.44428706e-003 0. 0. 0. 0. 0. 8.13982333e-004 0. 5.00344066e-003 0.
    0. 0. 1.01472884e-002 0. 3.19084874e-003 6.30634662e-004
    -1.81618962e-004 0. 0. 0. 0. 2.91047106e-003 0. -3.00054235e-004
