<?xml version="1.0"?>
<opencv_storage>
<imageDescriptor type_id="opencv-matrix">
  <rows>1</rows>
  <cols>1000</cols>
  <dt>f</dt>
  <data>
    3.06350295e-003 1.42578932e-003 0. 0. 5.98460250e-003 0. 0. 0. 0. 0.
    0. 1.17629208e-003 5.71301673e-003 0. 0. 0. 6.27060654e-003
    9.22002085e-003 7.06539210e-003 2.55817501e-003 0. 0. 0.
    -1.02304714e-003 0. 0. 0. 0. 2.30533420e-003 0. 0. 0.
    -4.22599167e-003 5.87454182e-004 1.74655742e-003 0. 1.69153453e-003
    0. -1.39657268e-003 0. 1.28929215e-002 0. 0. 0. 0. -5.64301619e-004
    4.81136749e-003 0. 0. 2.57770764e-003 1.03275832e-002
    8.21212679e-003 0. 0. -5.86515700e-004 0. 0. 0. 0. 0.
    1.31969864e-003 2.40122620e-003 4.76217270e-003 -3.37224665e-005
    1.23401216e-004 0. 0. 6.81067165e-003 1.31716058e-002
    -3.73876450e-004 1.90760591e-003 0. 1.51084422e-003 6.79186825e-003
    0. -1.74492982e-003 8.24576151e-003 0. 0. 0. 0. 0. 5.24562038e-003
    0. 0. 2.58268346e-003 0. 1.57573726e-003 7.42112799e-003 0. 0. 0. 0.
    0. 0. 0. 0. 0. 4.08263924e-003 0. -1.73505861e-004 1.93901651e-003
    0. 0. 2.35646195e-003 2.78171827e-003 0. 0. 0. 0. 0.
    -2.51898170e-003 0. 0. 2.99364678e-003 0. -5.21348324e-004
    1.34879688e-003 2.15252652e-003 0. 2.01575807e-003 0. 0. 0.
    8.75314581e-005 0. 0. 0. 0. 5.23985655e-004 0. 1.73736640e-004 0. 0.
    0. 0. 1.95321091e-003 0. 0. 1.01980111e-002 0. 0. -9.76463256e-004
    0. 2.80728424e-003 5.17197710e-004 0. 3.77816352e-004
    9.65141319e-003 5.48144430e-003 1.00241194e-003 0. 6.67436654e-003
    -3.66072782e-004 0. 0. -1.31837069e-003 0. 0. 0. 0. 0. 0.
    4.24096873e-003 0. 8.14598333e-003 0. 0. 0. 5.60572185e-003
    1.29964168e-003 0. 4.64953762e-003 3.13157099e-003 0. 0.
    8.27770121e-003 7.40300957e-003 -3.59529746e-004 0. 0.
    5.53817488e-003 5.61393856e-004 0. 0. 0. 1.11223769e-003
    1.35104486e-003 0. 9.81477089e-004 0. 1.77281778e-004 0.
    -1.55640836e-003 2.22306699e-003 0. 0. 0. 9.90645122e-003 0. 0.
    -2.37212924e-004 0. 0. 0. 0. 0. 0. 0. 0. 0. 0. 0. 2.35361303e-003 0.
    1.65421329e-003 0. 0. 0. 0. 3.53546022e-003 8.69679963e-004 0. 0. 0.
    5.98241633e-004 0. 0. 5.20829903e-003 7.24056968e-004 0.
    1.09382588e-002 2.69004074e-003 0. 0. 0. 0. 8.32108222e-003 0. 0. 0.
    0. 4.45191003e-003 0. 0. -3.49787110e-003 0. -6.26677866e-005 0. 0.
    -5.44578419e-004 0. 0. 6.12736214e-003 0. 0. 0. 0. 0.
    4.01120586e-003 4.47509461e-004 0. 0. 0. 0. 0. -3.18354461e-003 0.
    0. 1.13174645e-003 0. 0. 1.17221866e-002 1.15529001e-004 0. 0. 0. 0.
    0. 0. 5.14122148e-005 0. 1.88580446e-003 8.94297846e-004
    1.99193205e-003 -1.60377263e-003 7.36278424e-004 0. 0. 0. 0.
    7.94299645e-004 0. -9.76784155e-004 0. 0. 8.74498300e-003 0. 0. 0.
    0. 0. 0. 3.09885317e-003 4.96393163e-003 0. 5.77474106e-003 0. 0.
    1.45000534e-003 3.02074011e-004 -2.52427068e-003 4.81095817e-003 0.
    2.09649163e-003 7.12362630e-003 2.82966043e-003 0. 0. 0. 0.
    7.91382324e-003 0. 1.06016900e-002 0. 1.39839284e-003 0. 0. 0. 0.
    1.41583220e-003 0. 9.13683674e-004 0. 0. 0. 0. 0. 0. 2.27211788e-003
    4.06249566e-003 0. -5.21065958e-004 0. 6.16323901e-004 0.
    8.81879881e-004 0. 0. 0. 0. 0. 0. 0. 0. -1.07291259e-003
    2.62126653e-003 2.81604961e-003 0. 0. -3.83576844e-004 0.
    4.66181518e-004 0. 1.42753487e-002 0. 0. 6.42807456e-003
    9.81984753e-003 0. 0. 1.53900080e-004 1.20175513e-003 0. 0.
    4.77533927e-003 3.12670600e-003 0. 4.05351724e-003 0. 0. 0.
    -1.59864605e-003 -3.30890948e-003 0. 0. 5.02269468e-005 0. 0. 0. 0.
    0. 8.82063620e-003 1.90081820e-003 0. 2.83524077e-002 0. 0. 0. 0.
    -2.24906122e-004 0. 0. 0. 0. 0. 0. 0. 0. 0. 0. 0. 0. 0.
    1.07063334e-002 1.17303059e-002 0. 0. 0. 0. 0. 0. 0. 8.19429103e-003
    0. 5.39808255e-003 0. 0. -7.57866248e-004 0. 0. 0. 8.69670068e-004
    0. 0. 0. 7.42860232e-003 5.23838634e-003 0. 0. 3.04223271e-004
    5.37887728e-003 0. 3.32442665e-004 0. 0. 0. 0. -7.97894143e-004 0.
    1.59782954e-004 1.70482323e-003 0. 0. 0. 0. 0. 0. 2.55107344e-003
    4.09465702e-003 1.08585525e-002 0. 2.25955597e-003 0. 0.
    9.84530780e-004 -1.45764119e-004 0. 0. 0. 0. 1.70541578e-003 0. 0.
    3.54877848e-004 -4.47563641e-003 0. 6.21742848e-003 8.56937002e-003
    0. 0. 0. 7.43525848e-003 2.81682075e-003 8.62530060e-003 0. 0.
    9.87445842e-003 5.47701085e-004 6.82034576e-003 0. 0. 0.
    -4.61385876e-004 0. 0. 0. 2.44402094e-003 3.22936161e-004 0.
    1.85849576e-003 2.40733195e-003 0. 4.13440226e-004 0. 0. 0. 0.
    1.47310866e-003 0. 0. 0. 0. 0. 1.50861379e-004 0. 2.64896709e-003 0.
    0. 0. 8.92125769e-004 0. 6.45291060e-004 2.87636672e-003 0. 0.
    3.42613028e-004 0. 3.15777631e-003 0. 0. 0. 0. 0. 0. 1.62770064e-003
    -2.59566191e-003 1.60372071e-003 -1.80027029e-003 7.86252611e-004
    6.12141972e-004 0. 1.05696470e-002 0. 1.60174794e-003 0. 0.
    2.04091822e-003 -1.59791450e-003 2.06441991e-003 0. 0. 0.
    6.60430989e-004 0. 7.19921151e-003 1.06188636e-002 0.
    -3.30204610e-003 5.41711180e-003 -2.93069147e-003 1.92901436e-002 0.
    -1.33665174e-003 3.84362275e-003 0. 0. 0. 7.37331016e-003
    2.71354988e-003 4.88065043e-003 -4.93638945e-005 0. -1.59753647e-004
    6.70122099e-004 0. 0. 0. -1.56472324e-005 0. 1.49588147e-003 0.
    3.83305876e-003 0. 2.56694318e-003 0. 0. 0. 0. 0. 0. 3.88727360e-003
    2.20708060e-003 0. 0. 0. 0. 2.29797559e-003 0. 2.05205171e-004 0.
    1.38597318e-003 0. 0. -2.72283854e-004 0. 0. 0. 0. -2.01243995e-004
    0. 2.04710662e-003 0. 0. 0. 1.45240023e-003 0. 0. 0. 2.96996150e-004
    5.26598888e-004 0. 0. 0. 0. 0. 0. 0. -9.83064994e-004
    -7.95071013e-004 6.79189106e-004 0. 6.65342552e-004 8.58513697e-004
    0. -8.13589024e-004 0. -7.75570807e-004 0. 0. 0. 0. 0. 0. 0. 0. 0.
    0. 2.64894543e-003 0. 0. 0. 0. 0. 0. 0. 0. 0. 3.38868517e-003
    8.95265257e-004 2.18372722e-003 0. 3.84626468e-003 0.
    -2.58962926e-003 0. 0. 0. 0. 8.96982907e-004 7.73214316e-003 0. 0.
    2.84618558e-003 0. 5.37333952e-004 5.01827104e-003 0. 0. 0. 0. 0.
    -6.19044877e-004 1.21952326e-003 1.97620969e-003 -9.46391738e-005
    5.30829420e-003 0. -4.77132940e-004 0. 0. 2.47544289e-004
    8.14892992e-004 0. 0. 0. 1.40729651e-003 4.79103241e-004 0. 0. 0. 0.
    0. 3.00752209e-003 0. 0. 0. 0. 0. 0. -7.93097599e-004 0.
    -9.73746937e-005 0. 0. 0. -6.37823599e-004 -1.67455710e-003 0. 0.
    1.80150312e-003 0. 0. 1.78089284e-003 0. 0. 0. 5.95534360e-003 0.
    4.43576556e-003 1.31517614e-003 0. 0. 0. 5.51154045e-003 0.
    -1.90127606e-003 0. 0. 0. 1.23210400e-002 1.47236185e-003
    2.60734907e-003 0. 4.71713813e-003 0. 0. 0. 8.28280859e-003 0. 0. 0.
    3.02498025e-004 0. 0. 0. 0. 8.46754387e-003 0. 0. -2.38794251e-003
    0. 0. 0. 0. 8.84167757e-003 0. 0. 0. 0. 0. 2.24215398e-003 0. 0. 0.
    0. 0. 0. 0. 0. 0. 0. 0. 0. 0. 0. 1.47443532e-003 0. 0. 0. 0. 0. 0.
    0. 1.95897555e-005 9.10449773e-004 6.21895306e-003 4.62372467e-004
    0. 0. 0. -2.07774414e-004 0. 0. 0. 0. 0. 0. 6.72545924e-004 0. 0.
    7.90460128e-003 0. 0. 0. 3.18674231e-003 0. 0. 0. 0. 0.
    1.43612013e-003 0. 0. 1.61829987e-003 0. 0. 0. 0. 0. 1.96061959e-003
    0. 0. 0. 2.00879038e-003 0. 0. -1.09352160e-003 0. 2.14499864e-003
    -3.96809948e-004 0. 1.41194463e-002 5.26133832e-003 2.33347481e-003
    0. 0. 0. 8.74966104e-003 5.37302112e-003 0. 0. 0. 2.19905959e-003 0.
    6.41473569e-004 4.76503093e-003 0. 0. 0. 0. 0. 0. 2.84815696e-003
    -6.04539993e-004 0. 0. 0. 6.22431980e-003 0. 0. 0. 0. 0. 0. 0. 0. 0.
    0. 5.63565409e-003 3.56418849e-003 0. 0. 2.39621848e-003 0. 0.
    3.67992930e-003 1.02917831e-002 0. 1.05330106e-002 0. 0.
    4.89065284e-003 0. 0. 0. 0. 0. 0. 2.34657596e-003 0. 0.
    2.64394819e-003 0. 0. 8.60914961e-003 0. 2.59496388e-003 0.
    3.37842223e-003 0. 0. 0. 0. 0. 0. 6.21272600e-004 0. 9.72175447e-004
    8.17655679e-003 -5.60902478e-003 0. 0. 1.54206506e-003
    1.97772472e-003 8.65352713e-003 0. 0. 8.02614074e-003 0.
    2.13533826e-003 0. 0. 0. 0. 2.55980692e-003 0. 0. 0. 0. 0. 0. 0. 0.
    0. 4.61919961e-004 0. 3.80948128e-004 0. 0. -9.72958573e-004
