<?xml version="1.0"?>
<opencv_storage>
<imageDescriptor type_id="opencv-matrix">
  <rows>1</rows>
  <cols>1000</cols>
  <dt>f</dt>
  <data>
    4.11277963e-003 0. 0. 0. 0. -4.59919887e-004 0. 0. 0. 0. 0. 0.
    -9.72182461e-005 -1.13443541e-003 0. 0. 0. 1.31000106e-005
    1.96140097e-003 -8.04157520e-004 0. -2.97905026e-005 4.24167811e-004
    0. 0. -3.81680147e-004 0. 1.49333698e-003 0. 0. 1.25552979e-004 0.
    0. -4.50468273e-004 0. 0. 1.55443856e-002 -4.18856944e-004
    1.33980555e-003 0. 3.24738532e-004 0. 0. 0. 0. 8.09982698e-003
    3.46433232e-003 0. 0. 0. -9.49364621e-004 0. -2.12770747e-003
    1.22751168e-003 5.13670221e-003 1.55473186e-004 0. 0. 0. 0. 0.
    -2.28801255e-005 0. -2.09073255e-006 0. 0. 0. 0. 0. 0. 0.
    -1.56708629e-004 0. 0. 0. 0. -1.11415831e-003 4.17692383e-004 0. 0.
    1.83913507e-003 0. 0. 8.61075183e-004 8.78468796e-004
    4.25740192e-003 -1.44419353e-003 4.44812584e-004 0. 0. 0.
    1.36513682e-003 0. 7.17172818e-003 0. 1.61455153e-003
    2.21430586e-004 0. 8.80905485e-004 4.93420567e-003 1.59348664e-003
    0. 7.42567796e-003 0. 4.11291327e-003 0. 5.86538902e-003 0.
    2.63883383e-004 3.02675250e-003 0. 0. 0. 0. 0. 0. 6.69238111e-003 0.
    0. 1.78328331e-003 2.31138966e-003 0. 7.99846370e-004 0. 0.
    4.13873466e-003 0. 0. 5.30861085e-004 8.50265007e-003 0. 0. 0.
    2.16885674e-005 0. 6.40931632e-003 1.65853463e-003 0.
    1.55066689e-002 0. -1.49820710e-003 0. -9.02716944e-004 0. 0.
    2.74314225e-004 4.86080564e-004 -3.72247712e-004 4.20143595e-003 0.
    -3.76789551e-003 0. 0. 0. 1.10521587e-002 1.63141650e-003 0. 0.
    1.33477543e-002 4.12567053e-003 0. 1.90235907e-003 1.78421906e-003
    1.16347452e-003 -4.82551928e-004 0. 0. 0. 0. 2.99787126e-003 0.
    4.75279056e-004 0. 0. 0. 0. 1.12574536e-003 7.40140968e-004 0. 0. 0.
    -1.52133929e-003 0. 0. 9.18935984e-004 0. 0. 0. 0. 0.
    2.41481510e-004 0. 6.51314482e-003 2.42198864e-003 0.
    2.31316593e-003 4.87819826e-003 -1.76727958e-003 0. 1.87387620e-003
    -1.94398616e-003 0. 0. 0. 1.61333673e-003 -2.43637187e-004 0. 0. 0.
    9.83135658e-004 0. 8.57146166e-004 0. 0. 0. 0. 4.54600854e-003
    8.94431025e-004 0. 0. 0. 0. 7.59135117e-004 0. 8.97787977e-004 0.
    -8.70562799e-005 0. 0. -1.77115691e-003 1.32266071e-003
    1.13629864e-003 0. 0. 0. 0. 5.55092935e-004 1.23579777e-003
    5.01641538e-003 2.31591240e-003 -4.12627647e-004 0. 0. 0. 0.
    2.22605770e-003 0. 9.10972524e-003 1.04586026e-002 8.67856480e-003
    1.16793485e-003 4.78860748e-004 0. 0. 0. 1.00055076e-002 0.
    9.07191657e-004 0. 0. 0. 0. 9.09341907e-005 0. 5.82216028e-003
    5.69461845e-003 0. 0. 0. 0. 0. 1.67904038e-003 7.53421511e-004
    7.49652786e-003 0. -1.03994494e-003 0. 0. 1.45354052e-003
    2.43349816e-003 0. 0. 1.67318655e-003 1.50151076e-002 0.
    3.15117789e-003 0. 0. 2.07092776e-003 1.44340462e-004
    3.00852838e-003 6.01751788e-004 0. -1.93289772e-004 0.
    5.65914623e-003 3.16496566e-003 0. 0. 0. 0. 0. 0. 3.78133671e-004 0.
    0. 1.17614144e-003 0. 0. 0. 0. 0. 0. -1.47388317e-003 0.
    2.52676941e-003 -3.95127689e-004 0. 0. 1.48545089e-003 0. 0. 0. 0.
    -7.72376545e-004 0. 0. -2.91074719e-003 6.89763995e-003 0. 0.
    3.22105968e-003 -7.49738829e-004 0. 0. 1.09202939e-003
    -1.72356341e-003 0. 0. 0. 4.37357696e-003 5.44822682e-003
    5.15151955e-003 0. 0. 0. 0. 0. 1.32590835e-003 5.42181032e-003 0. 0.
    0. 2.09590956e-003 0. 0. 0. 0. 0. 0. 0. 0. 1.10694859e-003 0.
    1.42619363e-003 2.70074303e-003 0. 1.30362331e-003 0. 0.
    4.73862980e-004 2.53840350e-004 0. 1.82969647e-003 4.87458473e-003
    6.21887064e-003 0. 0. 0. 0. 0. 0. 3.48846253e-004 -5.20340458e-004
    0. 0. 9.12124931e-004 0. 2.56189168e-003 1.59264565e-003 0. 0. 0. 0.
    8.32825154e-003 2.75700656e-003 3.98183533e-004 0. 6.25383947e-003
    0. 2.11974676e-003 1.38153182e-002 -7.59661416e-005 5.86769078e-003
    0. 1.15504407e-003 0. 0. 0. 2.17760028e-003 0. 2.36779777e-003 0.
    1.19275542e-003 8.83076282e-004 0. 0. 2.57637911e-003 0. 0.
    8.17504479e-004 0. 0. 3.27020464e-003 3.22762877e-004 0.
    1.43258995e-003 0. -7.57290458e-004 0. 0. 0. 0. 1.51822146e-003
    2.63031665e-003 0. 7.26202095e-004 0. 5.88897057e-003 0. 0. 0.
    4.68243659e-003 0. -4.28002008e-004 0. 0. 0. 0. 5.14238316e-004
    -2.03204271e-003 8.03349016e-004 6.25917176e-003 0. 0.
    1.36661401e-003 0. 0. 0. 0. 0. 0. 0. 1.42662767e-002
    -1.61740973e-004 9.05800553e-004 0. -1.03395141e-003 0. 0.
    1.01070646e-002 0. -1.69715437e-004 0. 0. 7.00198289e-004 0. 0. 0.
    0. 0. 5.41173620e-003 0. 1.13575021e-003 0. 0. 0. 0. 5.12584578e-003
    0. 0. -2.60956440e-004 1.90777762e-003 0. 0. 0. 0. 0.
    1.52287772e-003 0. 0. 0. 0. 7.00936187e-003 9.54025611e-003
    5.76806429e-004 0. 0. 0. 1.46645936e-003 1.11072522e-003
    1.05088181e-003 0. 0. 4.48705070e-003 0. 0. 0. 0. 2.29142164e-003
    4.21561068e-003 0. 0. 1.26099715e-003 1.22064515e-003
    7.23282713e-003 0. 0. 7.81645067e-003 0. 0. 3.47984000e-003 0. 0.
    3.84072715e-004 0. 0. 1.39159209e-003 0. 6.84503885e-003
    5.94777800e-003 0. 0. -5.09217032e-004 0. 0. 0. 0. -3.79635967e-005
    1.05224468e-003 -4.05843416e-003 0. 3.85529362e-003 0. 0. 0.
    4.89377650e-003 0. 0. 0. 0. 5.67543227e-003 6.55799126e-003
    5.41908154e-003 0. 0. 0. 4.75910539e-003 -1.34289102e-003 0. 0. 0.
    0. 0. 0. 0. 2.67425017e-003 5.30213933e-004 0. 8.01189512e-004
    1.60315260e-003 0. 4.55887057e-003 0. 5.69439866e-003
    2.76307692e-004 1.57048099e-003 1.62174727e-003 -5.41396497e-004 0.
    0. 0. 0. 0. 0. 0. 1.15485024e-003 1.36941287e-003 1.19152328e-003
    4.36582696e-003 0. 0. 0. 0. 0. 2.64420384e-003 -3.48915375e-004 0.
    0. 0. 2.62743118e-003 0. 0. 0. 0. 0. 6.75326120e-003 0. 0.
    2.43883440e-003 0. 6.35745097e-003 0. 0. 0. 0. 0. 1.31956488e-003
    8.43024056e-004 0. 1.66873937e-003 3.43140354e-003 0. 0. 0. 0.
    1.08344562e-003 0. 0. 0. 0. 0. 1.17024193e-002 1.35657070e-002
    4.80506849e-003 2.27433117e-003 0. 0. 0. 0. 0. 8.31716403e-004 0.
    2.66301422e-003 1.17051881e-003 2.43441318e-003 2.56304513e-003
    2.37208256e-003 0. 0. 0. 6.27055066e-004 5.34718565e-005
    -7.97719869e-004 0. 3.85521911e-003 0. 0. -9.70614346e-005 0. 0. 0.
    0. 0. 0. 0. 0. -1.83461595e-003 0. 4.75028576e-003 0. 0. 0. 0. 0.
    1.84757111e-004 4.32934472e-003 0. 0. 0. 1.88698098e-002 0.
    5.76130208e-003 0. 2.56430497e-003 0. 0. -2.69841007e-003 0. 0.
    -1.82144099e-003 0. 2.59106688e-004 7.04619009e-003 -1.11271220e-003
    3.98636144e-003 0. 4.86643566e-003 0. 0. 0. 1.14045560e-003 0. 0.
    5.34676993e-003 0. 0. 4.24776459e-003 0. 0. 0. 0. 0. 2.94758775e-003
    2.91268196e-004 0. 0. 0. -3.84767819e-003 0. 0. -1.40402827e-003 0.
    0. 0. 0. 0. 0. 2.75188242e-003 0. 0. 4.28025523e-004 6.38939440e-004
    5.37055894e-004 0. 0. 0. 0. 0. 0. 0. 0. 0. 2.19337502e-003
    3.71527672e-003 0. 0. 4.32973058e-004 8.62683263e-003 0.
    -3.77029297e-004 0. 0. 0. 0. 0. 3.22626234e-004 2.07484723e-003 0.
    0. 0. 6.89645158e-003 4.61682165e-003 0. 0. 6.18003076e-004
    5.51952748e-003 1.24418701e-003 2.18468420e-002 2.53828499e-003 0.
    6.23602420e-004 0. 0. 0. 0. 4.08599339e-003 0. 0. 6.96975924e-003
    -2.47440999e-004 0. 0. 0. 0. 3.14111891e-003 0. 1.18869115e-002 0.
    0. 0. 3.31292208e-003 2.13903631e-003 0. 0. 0. 0. 0. 6.38015452e-004
    4.68412647e-003 0. 0. 0. 1.54755224e-004 -1.41833967e-003 0.
    -6.85640553e-004 0. -3.53573210e-004 3.40077840e-003 0. 0.
    1.17680058e-003 0. 1.11174053e-002 1.47189088e-002 0.
    7.74474582e-004 2.25816082e-004 0. 0. 0. 0. 0. 0. 0. 0. 0.
    7.71953026e-004 0. 0. 6.44009747e-003 0. 0. 0. 2.45679512e-005 0. 0.
    5.98303182e-003 0. 0. 1.42532738e-003 0. 0. -8.14874598e-004 0. 0.
    0. 2.15583690e-003 -1.77850132e-003 2.54849624e-003 0. 0. 0. 0.
    9.96261928e-003 0. 0. 0. 4.69739456e-003 0. 0. -1.43097684e-004 0.
    0. 0. 0. 0. 2.47538788e-004 0. -2.52660557e-005 0. 0. 0. 0.
    1.81403058e-003 0. 0. 0. 4.31108940e-003 7.34212669e-003 0.
    8.42405774e-004 0. 0. -7.80464616e-004 0. 9.05261433e-004
