<?xml version="1.0"?>
<opencv_storage>
<imageDescriptor type_id="opencv-matrix">
  <rows>1</rows>
  <cols>1000</cols>
  <dt>f</dt>
  <data>
    6.01753592e-004 0. 1.36902905e-003 5.89834643e-004 4.17781295e-003
    0. 2.54224613e-003 0. 2.24856753e-003 0. 0. 7.98957050e-003
    3.43784865e-004 0. 0. 1.57902122e-003 0. 1.49301579e-003
    1.49621058e-003 0. 0. 0. 2.62233918e-003 0. 2.31842650e-003 0.
    2.76757474e-003 0. 0. 2.99903587e-003 0. 0. -2.40585432e-004
    8.32448807e-003 0. 0. 0. 4.81920637e-004 -1.17464166e-003 0. 0.
    5.19869244e-003 0. 0. 0. 0. 2.43165108e-004 0. 1.75349030e-003 0.
    1.27655407e-003 0. 4.83469386e-003 1.11218204e-003 0. 0. 0. 0.
    2.28009900e-004 0. 0. 4.10151388e-003 0. 3.35563044e-003 0. 0. 0. 0.
    0. 0. 0. 8.67793895e-003 1.48310326e-002 0. 0. 0. -3.42601677e-004
    0. 3.51700466e-004 0. 0. 7.80223229e-004 0. 3.90569842e-003 0.
    4.60502133e-003 2.44672527e-003 5.55297034e-003 0. 0.
    5.89314383e-003 0. 0. 0. 8.85941496e-004 4.50359518e-003
    4.13137517e-004 2.79931235e-004 0. 1.98692200e-003 0. 0. 0. 0. 0.
    1.25211198e-003 0. 1.89636543e-003 7.38503470e-004 0.
    5.16758254e-003 -1.02440419e-003 6.42209407e-003 8.21216498e-004 0.
    0. 0. 1.01342937e-003 8.64953268e-004 0. 0. 1.08578432e-004 0. 0. 0.
    6.71228627e-005 0. 9.65783140e-004 0. 0. 6.61160389e-004
    1.40734855e-003 1.90655305e-003 0. 0. 0. 1.32324931e-003
    2.20128684e-004 7.27454061e-003 0. 0. 1.24461961e-003 0.
    6.27120212e-003 1.84707460e-003 -2.15350324e-003 2.64156214e-003
    8.71526718e-004 0. 0. 0. 0. 0. 6.98448392e-004 7.65833398e-003
    7.14600494e-004 0. 3.55279678e-003 6.78870303e-004 0.
    5.73225832e-003 2.33668252e-004 0. 0. 9.32333991e-004
    -3.09396826e-004 3.09479400e-003 7.05821847e-004 0. 0.
    -1.50618405e-004 0. 1.73493871e-004 0. 0. -4.77919268e-004
    5.88289136e-003 0. 0. -4.47819213e-004 0. 3.75310355e-003 0.
    -4.75740526e-003 1.60526752e-003 0. 7.78942835e-003 0.
    1.43297971e-003 2.96826544e-003 0. -1.46225572e-003 0. 0.
    1.04660657e-003 0. 1.79370027e-003 -5.04446391e-004 4.00300743e-003
    0. 8.21328536e-003 0. -1.07013818e-003 0. 5.03154565e-003 0. 0. 0.
    0. 1.77018123e-003 0. 3.39601748e-003 0. 0. 1.63472313e-002 0. 0. 0.
    0. 5.13914600e-003 0. 5.83667483e-004 5.25497948e-004 0.
    5.60431555e-003 0. 0. 7.12688500e-003 0. 0. 7.17585557e-004
    -9.30030656e-004 0. 4.64384770e-003 5.41698944e-004 0. 0.
    1.11109624e-002 -4.12460358e-004 3.29691940e-003 0. 0. 0. 0.
    2.65418249e-003 0. 1.96905830e-003 0. 0. 0. 2.89505348e-003 0. 0.
    1.45609549e-004 0. 4.77479259e-003 0. 1.32989977e-003 0. 0.
    5.48361847e-003 0. 0. 0. 1.99746969e-003 -2.15644453e-004 0. 0. 0.
    6.47196284e-005 6.39048452e-003 1.14220066e-003 8.01775884e-003 0.
    -3.97963944e-004 1.43887731e-003 0. 0. 0. -1.23500929e-003 0. 0. 0.
    2.17463425e-003 0. 0. 2.18989886e-003 0. 0. 1.25591841e-003 0. 0. 0.
    0. 0. 3.12210829e-003 1.28260953e-003 6.17659139e-003
    1.70338922e-003 0. 1.39930795e-004 5.01317764e-003 0. 0.
    3.38981254e-003 5.05386153e-003 0. 0. 0. 0. -2.14567524e-003
    9.39330610e-004 0. 3.83195817e-003 0. 0. 0. 5.31271379e-003
    1.60720095e-003 0. 0. 2.64039985e-003 1.61483686e-003
    2.80926982e-003 -5.89148607e-004 0. 0. 0. 9.77027230e-005 0. 0.
    2.13260553e-003 4.87218890e-003 1.42101047e-003 0. 0.
    -1.59357139e-003 0. 2.34077079e-003 0. 3.73120629e-003 0.
    4.94645908e-003 1.62772718e-004 1.66046596e-003 0. 1.12731394e-003
    0. 0. 1.74490467e-003 0. 5.14614454e-004 1.29970245e-003 0. 0.
    1.29119924e-003 0. 0. 0. 0. 1.28446787e-003 0. 0. 0. 1.73439831e-003
    1.08032580e-003 0. 1.28356705e-003 0. 7.05526629e-003 0.
    1.19162514e-003 0. 0. 0. 0. 2.13523768e-003 0. 0. 0. 0. 0. 0. 0. 0.
    2.34874059e-003 1.90261821e-003 0. 0. 0. 0. 0. 0. 0. 0.
    5.73603855e-003 1.86776801e-003 0. 0. 0. 0. 0. 0. 8.06203019e-003
    1.11204525e-002 9.12348391e-004 0. 7.60721602e-003 0.
    5.00641437e-003 0. 2.52088322e-003 0. 0. 0. 3.99198290e-003
    5.80327306e-003 6.90660381e-004 0. 0. 0. 2.95304530e-003
    1.04343519e-002 -8.22492075e-005 0. 9.41897370e-003 0. 0. 0. 0.
    8.89375398e-004 0. 8.88741983e-004 2.89727410e-004 1.76568655e-003
    2.75463192e-003 -1.72105560e-003 0. 0. 1.83217367e-003
    2.34745952e-004 0. 4.49146982e-003 -8.14456784e-004 4.78937756e-004
    0. 0. 0. 0. 6.05944078e-003 0. 0. -8.45688337e-004 1.67097792e-003
    0. 0. 0. 0. 3.01003316e-003 0. 0. 5.54695912e-003 1.46273850e-003
    4.93538519e-003 0. 0. 0. 3.46726156e-003 0. 0. 0. 8.84192123e-004 0.
    -1.91302664e-004 0. -5.83075103e-004 1.61913049e-003 0. 0. 0. 0. 0.
    4.58101090e-003 2.39435676e-003 0. 6.20712293e-003 2.05818113e-004
    0. 7.05683418e-003 4.20297543e-003 4.73665586e-003 0.
    1.77174353e-003 0. 0. 0. 0. 0. 0. 1.13224867e-003 0. 0. 0.
    1.88462727e-003 -2.17493114e-004 5.05241379e-003 1.33524300e-003
    3.65166925e-005 0. 7.69777631e-004 0. 8.87590286e-004
    7.25221820e-004 0. 0. 0. 0. 0. 6.59089303e-003 0. 0. 0. 0. 0. 0.
    8.20651767e-004 0. 0. 0. 0. 0. 0. 0. 2.01660977e-003
    -9.06338450e-004 1.29363546e-003 2.27468600e-003 -7.11770554e-004
    4.21522465e-003 0. 1.86683855e-003 0. 0. 0. 0. -3.20521794e-004 0.
    0. 2.04604282e-003 0. 1.04191562e-003 -9.08668153e-004 0.
    2.85832840e-003 -4.34448104e-003 2.26482842e-003 0. 0. 0. 0.
    7.70816870e-004 0. 1.18389644e-003 -4.40909382e-004 2.18477356e-003
    0. 8.92688346e-004 0. 0. 0. 0. 0. 0. 3.54726450e-003 9.31460690e-003
    1.29759335e-003 1.21593883e-003 2.61325925e-003 0. 0.
    -2.60871509e-003 0. 0. 0. 0. -3.01693100e-004 0. 0. 0.
    2.61458382e-003 0. 0. 0. 0. 1.64660439e-003 0. 0. 0. 0.
    2.47708615e-003 0. -1.87643367e-004 2.50382978e-003 1.62126287e-003
    0. 1.06602220e-003 0. 1.04274824e-002 0. 0. 6.38286211e-003 0.
    6.90052239e-003 0. 0. 4.64291638e-003 0. 0. 3.15454789e-003
    4.11298563e-004 2.95519014e-003 0. 0. 0. 0. 0. 2.31674477e-003
    1.83428219e-003 2.28620309e-004 3.73551011e-004 0. 1.52373803e-003
    0. 0. -1.14846660e-003 0. 1.35019736e-003 0. 0. 0. 0.
    2.00206321e-003 4.81851958e-003 0. 0. 0. 5.15798433e-003
    3.48078646e-003 0. 0. 0. 0. 1.66227424e-003 -1.03913640e-004
    -8.45077622e-004 3.02311499e-004 -2.65019177e-003 0. 0. 0. 0. 0.
    5.56247914e-003 0. 0. 0. 1.14593760e-003 2.81081581e-003 0.
    4.37953306e-004 4.64796205e-004 0. 4.41824598e-003 0. 0. 0. 0. 0. 0.
    0. 4.22824174e-003 0. 0. 3.96903371e-003 2.34697619e-003
    9.38554935e-004 0. 1.51515671e-003 0. 0. 0. 0. 0. 1.55626365e-003 0.
    0. -7.20832380e-004 0. 1.67525653e-003 0. -2.88884243e-004 0.
    1.39112875e-003 0. 1.58360216e-003 0. 0. 0. 2.45094695e-003 0. 0. 0.
    0. 0. 0. 2.86094073e-005 0. 6.09690091e-003 0. 7.72770320e-004 0.
    5.87902311e-003 0. 2.53458042e-003 0. 0. 3.23184323e-003
    1.09174487e-003 1.18120085e-003 0. 0. 1.32127746e-003
    3.30803893e-003 0. 0. 0. 0. -2.34702646e-004 -1.41284568e-003 0. 0.
    2.69153318e-003 0. 5.68806008e-003 0. 2.37561064e-003
    8.20342172e-003 0. 0. -5.74851176e-004 0. 0. 0. 5.69935562e-003
    1.32823037e-002 0. 2.32751743e-004 1.66500045e-003 -8.74145189e-004
    6.61497295e-004 6.45985594e-003 8.05310265e-004 -1.63191871e-003 0.
    0. 6.91167079e-003 0. 7.46477162e-003 4.98866802e-003 0. 0.
    5.44441864e-003 0. 0. 1.01916224e-003 0. 0. 0. 0. 0. 2.22184532e-003
    0. 4.45132423e-003 0. 0. 0. 1.63000624e-003 3.05393129e-003 0. 0. 0.
    0. 2.83642730e-004 7.58280419e-003 -1.73767773e-003 1.47795724e-003
    4.36141738e-004 0. 1.62236320e-004 1.33864721e-003 1.95914647e-003
    3.69588193e-003 0. 1.13216846e-003 0. 0. 0. 0. 0. 0. 4.21747187e-004
    2.04097899e-003 0. 3.22515378e-004 1.71563239e-003 3.98721173e-003
    1.01423985e-003 0. 0. -4.43051569e-004 0. 0. 2.31187628e-003 0.
    1.54262257e-003 1.92143372e-003 0. 1.31746870e-003 0. 0.
    6.94991834e-003 0. 1.89913705e-003 0. 0. 2.49615801e-003 0. 0. 0.
    1.61145523e-003 0. 0. 1.50887668e-003 -3.86442291e-004 0.
