<?xml version="1.0"?>
<opencv_storage>
<imageDescriptor type_id="opencv-matrix">
  <rows>1</rows>
  <cols>1000</cols>
  <dt>f</dt>
  <data>
    0. 7.15989666e-003 0. 0. 0. -2.38556153e-004 0. 0. -5.70431061e-004
    0. 8.36126273e-004 0. 2.40455521e-003 0. 0. -1.27535735e-004
    5.18022850e-003 9.81627265e-004 1.05296653e-002 0. -3.80027079e-004
    0. 5.52002247e-003 0. 0. 3.18594975e-003 2.61778187e-004 0. 0. 0.
    1.26061332e-003 -7.46988284e-004 0. 0. 3.81867983e-003
    -5.75078418e-004 4.81586059e-004 3.84558504e-003 4.78114048e-003 0.
    2.09721411e-003 2.09471956e-003 0. -2.07390450e-003 0.
    -9.69163259e-004 0. 1.33229047e-003 0. 2.12110020e-003 0.
    1.59334054e-003 0. -1.99823687e-003 0. 1.98641303e-003 0.
    5.99511433e-003 1.19479606e-003 0. 0. 1.12562673e-003 0.
    2.41349940e-003 0. 5.68341988e-004 4.42490540e-003 0.
    7.47625763e-003 0. 1.11740886e-003 0. 1.50066311e-003 0. 0.
    -1.78897899e-004 3.92675679e-003 0. 5.39895846e-004 0. 0. 0. 0. 0.
    0. 8.74180719e-003 0. -9.79231321e-004 4.25165519e-003 0. 0. 0. 0.
    0. -1.05602946e-003 -1.52383570e-003 1.41222752e-003 0.
    5.03395498e-003 0. 1.02001596e-002 3.07572470e-003 0.
    -2.08370318e-003 1.03706692e-003 6.76389225e-003 1.35292544e-003
    2.36266921e-003 2.99921492e-004 0. 0. 0. 0. 0. 0. 0. 0. 0.
    7.05542695e-003 0. 0. 1.35710044e-003 0. 2.19521346e-003 0. 0. 0. 0.
    8.46306793e-004 0. 2.69986130e-003 6.54108543e-003 0. 0.
    -1.96621055e-003 0. 3.07583110e-003 0. 0. -1.32256502e-003
    8.37084313e-004 0. 0. 1.22259359e-003 5.63610625e-003
    1.38209271e-003 1.60109473e-003 0. 8.69730662e-004 0.
    1.27159944e-002 0. 5.66799380e-003 0. 0. 5.16330765e-004
    1.44428178e-003 -1.26136956e-003 0. 0. 1.07820239e-003
    2.57530133e-003 1.44839178e-005 2.97315978e-003 0. 0. 0. 0. 0. 0.
    2.00623879e-003 6.91335043e-003 3.46199702e-003 2.72897864e-003 0.
    -4.59074101e-004 -5.99321618e-004 -2.46934505e-004 0.
    2.34163273e-003 0. 5.00454474e-003 0. 0. 0. 0. 0. -9.14849690e-004
    0. 2.00593937e-003 9.63477301e-004 0. 0. 2.38272361e-004
    2.45734816e-003 0. 1.24392391e-003 0. 0. 6.66450802e-003 0.
    2.69835768e-003 0. 0. 3.20966844e-003 0. 0. 0. 0. 0. 0. 0.
    1.57856895e-003 9.52560338e-004 0. 4.21490893e-003 0. 0.
    7.73280254e-003 0. -1.77884393e-003 -1.81564770e-004 2.65102461e-003
    0. 0. 0. 0. 0. 0. -1.39982463e-003 0. 0. 2.25275429e-003 0. 0. 0. 0.
    0. 0. 0. 7.66914245e-003 1.88839738e-004 0. 0. 5.11768914e-004
    1.47927948e-003 0. 1.80104771e-003 1.77591480e-003 5.66869881e-003
    -9.96815157e-004 7.83708121e-004 2.02239631e-003 0. 0.
    4.37357556e-003 0. 0. 0. 0. 2.17738198e-004 5.29267732e-003 0. 0. 0.
    0. 0. 0. 7.12086121e-003 3.56252043e-004 0. 0. 2.89776013e-003
    -4.03840058e-005 0. 0. 0. 0. 1.57390675e-003 1.44347397e-003 0. 0.
    5.71771059e-004 0. 1.02155767e-002 0. 0. 1.63704772e-002
    5.01416950e-003 0. 0. 0. 0. 0. 0. 0. 0. -5.84787689e-004
    1.01733848e-003 -6.14392979e-004 0. 5.81068627e-004 0.
    2.48965970e-003 0. 1.97428395e-003 -2.18904024e-004 5.99407777e-003
    0. 0. 4.13564965e-003 5.30707091e-003 0. 0. 1.17949406e-002 0.
    6.86616916e-003 1.22852400e-002 0. 0. 1.41466630e-003
    8.51294398e-003 6.93477411e-003 0. 0. 0. 0. 0. 0. 9.07967426e-003
    7.80105405e-003 3.37839883e-004 0. 3.35849239e-003 0.
    1.65286311e-003 0. 0. 5.66294126e-004 0. 4.54776641e-003 0. 0. 0.
    2.98143597e-003 0. 8.83938652e-003 0. 1.88691565e-003 0. 0.
    3.25934030e-003 8.98222555e-004 0. 0. 1.71719457e-003 0. 0. 0. 0. 0.
    0. 8.07259406e-004 0. 2.86961184e-003 0. 0. 2.49294355e-003
    8.85179965e-004 0. 7.14486756e-004 0. 0. 0. 0. 0. 0. 0. 0. 0. 0.
    -1.69923660e-004 7.17963791e-003 0. 0. 9.62521322e-003
    -8.84936773e-004 3.66377295e-004 0. 0. 0. 6.65833009e-003
    1.94690959e-003 1.05095073e-003 0. 0. 0. 4.65283822e-003
    3.04729817e-003 0. 0. 0. 0. 2.99024978e-003 0. 0. 0. 0. 0. 0. 0.
    5.44716422e-005 1.16282154e-003 0. 2.87172967e-004 0.
    7.98838562e-004 0. 0. 0. 0. 0. 0. 0. 0. 1.80935138e-003
    7.06454390e-004 0. 2.75122817e-003 0. 0. 0. 0. -2.24333396e-003 0.
    -3.89878871e-004 0. 0. 0. 3.41954455e-003 -4.51464322e-004 0. 0.
    2.08186707e-003 7.29176076e-003 0. 3.36041907e-003 5.94100449e-003
    2.49744323e-003 0. 0. 0. 0. 0. 0. 0. 0. 0. 0. 0. 0. 0. 0. 0. 0. 0.
    0. 3.52572137e-003 0. 0. 0. 0. 1.93368096e-003 0. 0. 0.
    3.34754441e-004 0. 9.45909042e-003 0. 0. 0. 0. 0. 3.22404178e-003
    4.69977036e-003 0. 0. 0. 2.03669289e-004 0. 0. 0. 0. 0.
    8.81150831e-003 0. 0. 3.86033906e-003 0. 0. 0. 0. 2.37789238e-003 0.
    0. 1.88181340e-003 0. 1.63904636e-003 3.17282579e-003 0. 0. 0.
    -7.58388836e-004 1.11597369e-003 0. 0. 0. 0. 0. 1.73787412e-003
    2.17536069e-003 3.11443256e-003 0. 1.44023763e-003 0. 0. 0.
    1.24620390e-003 0. 1.02142314e-003 1.11584296e-003 0. 0.
    -2.11252496e-004 -2.22969451e-004 1.67123391e-003 2.10373732e-003 0.
    0. 1.78995612e-003 0. 1.05674611e-003 1.75249833e-003 0. 0.
    8.03385279e-004 0. 1.27466293e-002 0. 0. 2.71924539e-003
    -1.99553859e-003 0. 0. -5.67174400e-004 3.10609466e-003 0.
    6.76331902e-003 5.62520372e-003 0. 0. 0. 0. 0. 0. 0. 0. 0.
    1.69765705e-003 6.01284066e-003 1.88481077e-004 0. -1.31848664e-003
    0. 0. 2.09007482e-003 0. 3.25123616e-003 0. 0. 9.61735938e-003 0. 0.
    2.46878760e-003 0. 0. 0. 2.85000633e-003 0. 0. 1.42681110e-003
    2.62363418e-003 0. 0. 0. 6.71266229e-004 1.14514418e-002
    -1.16820761e-003 8.48782423e-004 3.32085090e-003 0. 0. 0.
    1.92658813e-003 5.42228809e-003 0. 0. 1.62653124e-003
    6.34057214e-003 0. 0. 0. 0. 0. 0. 0. 0. 1.13545023e-002 0. 0. 0. 0.
    0. 0. 0. 0. 0. 1.14463363e-003 5.75460121e-003 0. 7.60067534e-003
    3.13408347e-003 2.83410744e-004 9.28198802e-004 -1.43437425e-003 0.
    2.13593990e-003 1.37752213e-003 0. 0. 0. 0. 1.35658472e-003 0.
    -1.43864352e-004 3.19671701e-003 0. 3.35063995e-003 0. 0. 0. 0. 0.
    5.57314651e-003 0. 0. 1.10636782e-002 3.85752716e-003
    6.81932201e-004 2.74138665e-003 1.53510058e-002 1.71846920e-003 0.
    0. 0. 0. 0. 0. 0. 0. 0. 0. 0. 1.00685470e-003 0. 2.98636802e-003 0.
    0. 1.54596260e-002 5.61954640e-003 0. 0. 0. 6.01770473e-004 0. 0. 0.
    0. 9.12590476e-005 0. 0. 0. 0. 2.69408687e-003 4.71226958e-004
    -1.56400818e-003 0. 2.89470330e-003 5.61738759e-003 0. 0. 0. 0. 0.
    0. -6.24885652e-005 -1.23257737e-003 2.84334621e-003 1.45084970e-003
    0. 2.41138204e-003 -1.13751204e-003 2.60747061e-003 0. 0. 0.
    -1.22321921e-003 1.57252501e-003 0. 0. 0. -1.18259108e-003
    3.00493161e-003 0. 0. 0. -8.16765707e-004 0. 0. 2.36454327e-003
    8.34891805e-004 0. 0. 1.86436664e-004 4.28331224e-003
    -2.17203586e-003 1.57825043e-003 2.51957658e-003 0. 1.72563992e-003
    0. 1.31906231e-003 0. 1.29946638e-004 7.34544871e-003 0. 0.
    7.76695320e-003 4.12948569e-003 0. 0. 0. 0. 2.39589624e-003 0. 0.
    1.28446706e-003 5.75371413e-003 0. 1.60933181e-003 0. 0. 0.
    5.08821337e-003 0. 0. 0. 0. 0. 0. 2.25926959e-003 0. 0. 0.
    3.72513197e-004 0. 1.74643693e-003 0. 0. 0. 0. 0. 6.43516949e-004 0.
    2.69951695e-003 5.40378329e-004 0. 0. 0. 0. -1.21789263e-003 0. 0.
    0. -6.04457746e-004 0. 0. 2.79296772e-003 6.57482818e-003
    4.59201867e-003 0. 0. 3.72116198e-003 1.78622711e-003 0.
    1.44633243e-003 1.18742138e-002 0. 0. 0. 0. 3.43855121e-003 0.
    3.23862000e-003 1.06281193e-003 2.49418663e-003 0. 2.22075917e-003
    3.73359211e-003 0. 0. 0. 0. 0. -1.03719102e-003 -2.01498668e-004 0.
    0. 0. 2.38158717e-003 0. 0. 0. 0. 0. 0. 0. 0. 0. 9.75075935e-004 0.
    3.45194887e-004 0. 0. -5.82648092e-004 0. 0. 6.20082836e-004
    1.27755536e-003 -3.92511487e-004 1.37745414e-003 0. 0. 0. 0.
    1.58234546e-003 0. 0. 1.66890898e-003 0. 0. 0. 0. 0.
    -1.74733446e-004 0. 0. -2.00864114e-003 0. 1.52735447e-003
    3.03622591e-003 1.46024616e-003 0. 0. 0. 0. 0. 2.10858695e-003
    1.20194384e-003 -2.13251403e-003 0. 0. 0. 1.31695927e-003 0.
    -1.37450267e-003 1.89056701e-003 2.24187761e-003 3.55568877e-003 0.
