<?xml version="1.0"?>
<opencv_storage>
<imageDescriptor type_id="opencv-matrix">
  <rows>1</rows>
  <cols>1000</cols>
  <dt>f</dt>
  <data>
    0. 0. 5.24050498e-004 0. 0. -1.28137181e-003 2.00142595e-003
    7.91368540e-004 0. 0. 5.92577411e-003 0. 1.78305409e-003
    4.12982795e-003 6.15349330e-004 3.71946977e-003 5.00391528e-004
    -3.95200128e-004 0. 2.70839455e-003 0. 6.89504377e-004 0. 0. 0.
    7.14192772e-003 2.96920468e-003 0. 3.72684561e-004 0.
    1.48865522e-003 1.41485140e-003 0. 1.45848710e-004 1.80882344e-003
    0. 0. 0. 0. 9.70998313e-004 -1.66735161e-004 0. 3.58587387e-003 0.
    1.99356908e-003 1.87468715e-003 1.75037677e-003 0. 9.51617374e-004
    1.05258798e-004 0. 1.19883753e-003 2.47439661e-004 1.85854360e-003
    0. 0. 1.77901456e-004 0. 0. 0. 1.67258864e-003 1.91203412e-003
    1.85954959e-005 3.33893299e-003 0. 0. 1.53576536e-003 0.
    2.68799573e-004 0. 6.62839413e-003 0. 1.84067257e-003 0.
    5.33910643e-004 0. 1.39218057e-003 0. 1.14765263e-003
    1.69585855e-003 1.08719594e-003 0. 2.77808472e-003 1.58667902e-003
    3.62627557e-003 1.49506959e-003 0. 0. 4.21949569e-003 0. 0. 0.
    2.98006134e-003 5.10688871e-004 5.03222400e-004 2.30764132e-003
    1.13553181e-003 0. 0. 5.80822991e-004 0. 2.21508439e-004
    1.11175538e-003 0. 0. 0. 0. -5.02881303e-004 0. 0. 2.89348722e-003
    0. 0. 0. 8.91884672e-004 0. 0. 0. 0. 6.26657275e-005 0.
    1.43272011e-002 6.73011504e-003 2.79477774e-003 1.43374281e-003 0.
    3.79336765e-003 0. 0. 0. 1.00856775e-003 0. 0. 0. 0. 0.
    2.02156464e-003 0. -2.39940267e-003 0. 1.99428131e-003 0.
    3.49678053e-003 0. 1.38412905e-003 0. 0. -2.11338932e-003 0. 0. 0.
    3.34922969e-003 5.18257380e-004 0. 0. 0. 0. 1.70274440e-003 0.
    1.76562613e-003 9.86117870e-004 1.79045834e-003 -2.28554057e-003
    9.88037093e-004 0. 0. 4.50072810e-003 1.59348734e-002 0. 0.
    1.21376500e-003 5.86912455e-003 0. 0. 7.33640185e-003 0.
    -1.05393585e-003 0. 0. 0. 0. 6.61766040e-004 1.14486995e-003
    4.11156798e-003 1.12232997e-003 0. 0. 2.26809410e-003 0. 0. 0. 0. 0.
    0. 7.74150540e-004 1.55566097e-003 0. 0. 8.44183145e-004
    2.61565624e-003 0. 0. 2.24446808e-003 1.42072805e-003 0. 0.
    1.83855090e-003 -1.95965520e-004 1.13127171e-003 7.90674356e-004
    5.45321126e-003 1.16352178e-003 2.08324171e-003 0. 0.
    9.46753426e-004 0. 8.90380470e-004 0. 2.21790001e-003 0.
    9.10833420e-004 0. 0. -2.16671629e-004 7.72730960e-003
    -5.26394069e-005 0. 1.78369984e-003 6.16314076e-003 1.95945241e-003
    0. 1.77026947e-003 -7.07323023e-004 0. 0. 0. 2.58819014e-003
    1.41703489e-003 2.68325908e-004 0. 0. 4.22717351e-003
    -9.25742730e-004 0. 2.52721249e-003 0. -2.00733799e-003 0.
    -6.36127661e-005 1.38140889e-003 4.84756473e-003 1.03938524e-004 0.
    5.53569582e-004 4.85197175e-003 2.40675450e-004 0. 1.94178429e-003
    1.38428528e-003 2.99936510e-003 0. 2.26227101e-003 0.
    2.65531300e-004 2.06189300e-003 4.75534587e-004 -4.03880578e-004
    1.11133384e-003 1.32562057e-003 0. 0. 0. 6.05598208e-004
    1.13388477e-003 9.04486980e-003 0. 0. 2.48176482e-004 0.
    1.75831432e-004 2.54769507e-003 0. 0. 0. 4.18462558e-003 0. 0.
    6.84352452e-003 5.77512081e-004 0. 2.73703248e-003 0. 0. 0. 0.
    2.30515725e-003 3.66768887e-004 8.40190391e-004 2.06529582e-003
    3.12149432e-003 0. 1.08524597e-004 5.19660488e-003 0. 0. 0.
    5.67187555e-004 0. 2.60320166e-003 0. 0. 0. 6.31409418e-003
    6.06164616e-003 1.69619056e-003 0. 0. 1.13779993e-003 0. 0. 0.
    1.08973151e-002 3.45687452e-003 -2.69846525e-004 2.80534092e-004
    -1.17791111e-004 0. 0. 0. 0. 0. 0. 4.07862943e-003 0. 0.
    -4.66982601e-004 9.12235468e-004 6.70305546e-003 0. 5.09516383e-003
    0. 1.99824083e-003 1.30364886e-002 0. 5.60978241e-003
    2.48950603e-003 6.14526263e-003 0. 1.49191753e-003 2.10641258e-004
    1.10548234e-003 1.14387111e-003 -4.47712926e-004 0. 0. 0.
    2.13490822e-003 0. 0. 0. 1.15266157e-004 1.57253840e-003
    3.49720242e-003 0. 8.27786687e-004 8.04609735e-004 1.53386057e-003
    1.34531397e-003 0. 0. 0. -6.79014542e-004 0. 1.54402696e-005 0.
    1.28208846e-003 2.96534132e-003 1.67658995e-003 5.01699932e-003 0.
    0. 0. 1.72202790e-003 1.30024657e-003 0. 0. -3.80499609e-004
    -1.45343912e-003 2.02703220e-003 2.78329174e-003 0. 1.42503378e-003
    0. 3.52329807e-003 8.60008597e-003 5.03401598e-003 3.46321060e-004
    0. 0. 0. 1.07528793e-003 0. 3.52170807e-003 0. 2.17471435e-003 0.
    1.09480519e-003 0. 0. -1.16755348e-003 0. -4.31313441e-004 0.
    1.08419254e-003 0. 0. 0. 1.04647991e-003 0. -4.72882472e-004 0.
    4.56447946e-004 -2.12535029e-003 0. -1.01611461e-003 0.
    1.94562878e-003 1.81426515e-003 2.68747954e-005 3.56504740e-003 0.
    0. 0. 1.13150012e-003 0. 9.55088763e-004 2.29799491e-003 0.
    4.81070107e-004 7.46141712e-004 1.28519523e-003 1.02150708e-003
    3.34588252e-003 0. 0. 3.30572389e-003 5.27539710e-003
    2.55238055e-003 0. 0. 1.60794507e-003 -6.75322197e-004 0. 0.
    3.74773727e-003 0. 8.54903599e-004 2.19958276e-003 1.05734135e-003
    3.04568978e-003 0. 0. 2.74031935e-003 0. 4.66853788e-004
    5.84428897e-003 0. -1.23243686e-003 0. 1.69562863e-003
    1.75177003e-003 5.21068741e-003 0. 2.61241850e-003 0.
    1.15768774e-003 0. 1.50143076e-003 0. 0. 0. 2.77507410e-004
    7.12045818e-004 0. 2.06694612e-003 3.43671301e-004 0. 0. 0.
    7.28405407e-003 0. 9.30690905e-004 1.21193961e-003 0.
    3.87196313e-004 2.28181947e-003 0. -9.49705645e-005 -1.46796054e-003
    2.26339698e-003 0. 0. 0. -1.79391110e-003 0. 0. 4.61841375e-003 0.
    0. 3.80122988e-003 3.99375334e-003 5.03315777e-003 -1.88627033e-004
    4.15684702e-003 5.60491986e-004 0. 0. 2.75806640e-003 0.
    4.11294773e-003 -4.40908567e-004 3.56199831e-004 0. -5.48635726e-004
    2.56691501e-003 0. 2.25729565e-003 9.71638539e-004 0. 0.
    3.98105104e-003 8.60701199e-004 2.75728875e-003 0. 1.32468855e-003
    0. 8.70179152e-004 0. 0. -3.18086022e-005 0. 0. -2.45276082e-004
    2.91174417e-003 5.38548362e-003 -8.83932225e-005 1.52641372e-003
    1.49807223e-004 0. 1.84830464e-003 2.66892207e-003 1.91390119e-003
    1.73714943e-003 0. 8.96694139e-004 2.84458802e-004 4.12277598e-003
    -9.96712479e-004 0. 0. 1.15270622e-003 4.26924415e-003 0. 0. 0. 0.
    6.43596752e-004 1.15490821e-003 0. 0. 8.26067058e-004 0. 0. 0.
    6.23998465e-004 5.46519645e-003 -7.19419215e-004 6.62449573e-004 0.
    2.61939201e-003 0. 0. 0. 1.90846913e-003 0. 0. 1.79817411e-003 0. 0.
    0. 0. 0. 3.50941002e-004 0. 0. 0. 0. 0. 0. 2.80129351e-003 0. 0. 0.
    4.45460406e-004 0. 0. 7.81888980e-003 0. 7.42930628e-004
    5.55835012e-003 1.13208080e-003 0. -3.13368626e-004 0. 0. 0.
    -8.63154884e-004 -9.06554575e-004 0. 0. 9.47520602e-004
    2.62067560e-003 0. 0. 0. 0. 0. 3.56697850e-003 5.36052091e-003
    -2.18552654e-004 0. 8.07558931e-003 3.79467150e-004 2.48989160e-003
    0. -2.86614668e-004 0. 3.82721843e-003 0. 3.85867618e-003
    1.82564801e-003 8.44564755e-004 5.88344783e-003 0. 0.
    1.82737684e-004 0. -1.64507306e-003 1.03473698e-003 8.17872863e-003
    0. 1.23237167e-003 2.63613579e-003 -2.16766377e-003 3.12165520e-003
    0. 0. 0. 5.07999968e-004 2.11464148e-003 9.13863187e-004 0.
    -7.26854545e-004 1.56199583e-003 1.19095913e-003 0. 0. 0. 0. 0. 0.
    2.11074180e-003 0. 0. 0. 0. -2.32980167e-003 3.22847627e-003
    1.03888102e-003 0. 2.91581033e-004 0. 1.95619115e-003 0.
    2.61221710e-003 1.91889863e-004 0. 0. 1.45373936e-003
    6.17588311e-003 0. 0. 3.03046848e-003 0. 0. 0. 0. 6.66827243e-003 0.
    0. 3.11102998e-003 2.59191729e-003 2.30082008e-003 3.34174512e-003
    0. 0. 2.15933402e-003 0. 0. 0. 1.17222895e-003 1.95738114e-003
    7.51127722e-003 1.08574319e-003 0. 0. 1.27889216e-003
    1.85571308e-003 1.20291638e-003 -7.65752920e-005 2.35913065e-003
    1.14336861e-002 0. 4.49687848e-003 3.51740327e-003 0. 0.
    1.42509490e-003 1.79040525e-002 1.47022458e-003 3.83029948e-003
    -5.64586488e-004 0. 0. 0. 1.03890884e-003 0. 0. 0. 0.
    1.89340056e-003 0. 0. 1.52022939e-003 3.21125425e-003
