<?xml version="1.0"?>
<opencv_storage>
<imageDescriptor type_id="opencv-matrix">
  <rows>1</rows>
  <cols>1000</cols>
  <dt>f</dt>
  <data>
    1.01028960e-002 4.66709118e-003 1.31326949e-003 0. 7.04706705e-004
    1.21491821e-003 0. 0. 2.17917026e-003 0. 0. 0. 0. 0. 7.71676097e-003
    0. 0. 0. 1.59304391e-003 0. 0. 0. 0. 0. 1.08895497e-003 0.
    1.62502099e-003 -6.93521812e-004 5.06210723e-004 0. 0. 0.
    -9.68101085e-004 2.21520546e-003 0. 0. 0. 0. 0. 1.80872227e-003
    3.25675425e-003 0. -1.55632221e-003 0. 0. -1.12947635e-003
    6.61271065e-003 -5.83966263e-004 0. -2.67084222e-003 0. 0. 0. 0. 0.
    0. 0. 0. 0. -1.35178817e-003 0. 0. -2.96651642e-003 1.10778619e-005
    0. 0. 0. 2.01387028e-003 0. 1.36680831e-003 0. 0. 2.76744924e-003 0.
    0. 2.23665469e-004 0. 3.74119519e-003 0. -3.99120990e-003
    2.06528394e-003 5.60209388e-004 1.61465956e-003 -1.03194313e-003 0.
    -2.43371469e-004 5.72936959e-004 -4.04221675e-004 0. 0.
    9.74373054e-003 0. -7.13791640e-004 3.73727456e-003 3.66110192e-003
    6.57617906e-003 0. 0. 0. 2.04350334e-004 1.91017590e-003 0.
    3.87914712e-003 0. 0. 0. 5.82462829e-003 0. 3.53901577e-003
    1.38873262e-002 4.61445143e-003 0. 0. 0. -3.70232417e-004 0.
    1.90877274e-003 1.23103266e-003 0. 0. 2.56677601e-003 0.
    4.76422580e-003 0. 2.83495709e-003 1.34233746e-003 6.40610931e-003
    0. 1.48083037e-003 -2.90217530e-003 0. 0. 0. 9.89506301e-003
    5.87099325e-003 0. 5.06502227e-004 0. 7.78179441e-004 0.
    1.17646158e-002 0. 0. 0. 0. 3.98440566e-003 0. -2.15924298e-003
    1.42338569e-003 3.18020885e-003 4.90147294e-003 0. 0. 0. 0. 0.
    -2.21103182e-004 0. 0. 0. -6.67469983e-004 0. 6.06313231e-004
    1.20665301e-002 3.50977527e-003 7.31057080e-004 0. 3.12588806e-003
    0. 6.49853610e-003 0. 0. 0. 0. 1.74837740e-004 1.05111198e-002 0.
    3.20890662e-003 4.55391506e-004 0. 0. 0. 5.48360404e-003 0.
    1.15414141e-002 2.45917821e-003 1.91619864e-003 0. 0. 0. 0. 0. 0.
    2.71251774e-003 0. 5.04411152e-003 0. 0. 0. 0. 0. 0. 1.76923687e-003
    0. 0. 0. 4.83970251e-003 8.20605271e-003 0. 0. 0. 0. 1.57397636e-003
    3.16615868e-003 1.70204008e-003 6.30994793e-003 5.54790674e-003 0.
    8.50045215e-003 6.92986883e-003 0. 0. 0. 7.37228314e-004 0. 0.
    6.03269436e-004 1.59843010e-003 0. 0. 3.05521139e-003 0. 0. 0. 0.
    5.34159597e-003 0. 0. 0. 0. 1.57765858e-003 0. 1.57836569e-003 0.
    4.71693510e-003 0. 0. 0. 5.76319033e-003 -5.62327681e-004 0. 0.
    4.70331470e-005 0. 0. 7.25778169e-004 0. 6.49789907e-003
    -8.24505754e-004 0. 0. 0. 8.52724770e-004 0. 5.64268907e-004
    7.06988946e-003 6.87173917e-004 0. 0. 5.72811114e-004 0.
    2.14953860e-003 -1.70478388e-003 0. 0. 0. 0. 0. 0. 0. 0. 0.
    5.91997709e-003 0. 0. 0. 6.41228026e-003 4.90022451e-003
    7.08424579e-003 0. -6.40043116e-004 8.95212637e-004 0. 0.
    3.61384614e-003 0. 0. 0. 0. 0. 1.63840968e-003 0. 2.01676670e-003
    1.95774948e-003 0. 0. 0. 0. 2.53420603e-003 6.54020393e-003 0. 0. 0.
    5.49057825e-003 3.14804306e-003 0. 7.22843630e-004 4.52752109e-004
    0. 4.37295064e-004 0. 1.45208754e-003 1.75718014e-004 0. 0. 0. 0. 0.
    0. 0. 1.98233360e-003 0. 0. 4.78949724e-003 -1.02653995e-003
    1.11227448e-003 2.36271019e-003 0. 0. 0. 8.55185557e-004 0.
    8.08429322e-004 5.83345583e-003 1.05909840e-003 0. 0. 0.
    -2.23686849e-003 4.54091979e-003 0. -2.63891445e-004 0. 0. 0. 0. 0.
    3.95903224e-003 0. 0. 0. -2.85740796e-004 1.77207142e-002
    8.29167722e-004 0. 9.63036204e-004 2.85666459e-003 2.10646982e-003
    0. 1.74567662e-003 0. 0. 0. 0. 0. 0. 0. 0. 0. 1.86534424e-003
    1.44145498e-003 0. 2.17578304e-003 9.13450844e-004 0. 0. 0. 0. 0.
    -2.13007283e-004 0. 0. 0. 0. 4.04304639e-003 7.64139323e-003 0. 0.
    0. 0. 5.24031464e-003 5.10876998e-003 0. 4.23914660e-003
    2.11843799e-004 0. 0. 0. 0. 0. 2.95623741e-003 0. 0. 1.26691256e-003
    1.57207623e-003 0. 4.32334794e-003 -6.82630751e-004 2.04017735e-003
    0. 0. 2.74949661e-003 -1.54628709e-003 0. 8.47949926e-003 0. 0. 0.
    9.64840129e-003 -6.65685860e-004 -3.37245147e-004 0. 0. 0.
    -3.69229267e-004 2.37869972e-004 0. -3.06356233e-004 0. 0. 0.
    5.43265021e-004 -8.21279711e-004 0. 0. 0. 0. 2.47297180e-003 0. 0.
    3.01164039e-003 2.50056433e-003 -2.29281676e-003 3.37927393e-003 0.
    0. 3.74338171e-003 6.04786968e-004 1.72434549e-003 0. 0. 0. 0. 0.
    3.36446799e-003 -1.48448325e-003 0. 4.36279457e-003 0.
    7.64347671e-004 0. 4.20450186e-003 0. 0. 0. 0. 0. 0. 0. 0.
    1.13043394e-002 0. 0. 0. 0. -1.29777612e-003 2.29520281e-003 0. 0.
    0. 0. 0. 4.21673013e-003 0. 0. 0. 0. 0. -1.89143559e-003
    7.16720847e-003 0. 0. 0. 7.39834737e-003 7.20400969e-003
    1.38407480e-003 2.60954094e-003 -1.24059431e-003 0. 4.44643025e-004
    0. 4.62851068e-003 1.61643222e-003 0. 0. 2.61356495e-003
    -2.68799195e-004 0. 2.55037379e-003 0. 0. 0. 2.17874721e-003
    1.34885043e-003 -9.72811889e-004 4.60857264e-004 0. 0. 0. 0. 0. 0.
    0. 0. 0. 0. 1.57897326e-003 3.84277693e-004 0. 6.37183059e-003
    1.55310705e-003 3.83946020e-003 1.57116924e-003 4.99988301e-003 0.
    0. 0. 0. 0. 0. -3.67693516e-004 2.50344892e-004 0. 0.
    6.02555415e-003 0. 0. 0. 1.56746851e-003 0. 0. -7.75128021e-004 0.
    -7.34404894e-004 1.41849276e-003 0. 0. 0. 2.95747630e-003 0. 0.
    3.16349533e-003 0. 0. 1.09353056e-003 0. 0. 1.59644596e-002 0. 0. 0.
    0. 3.43271135e-003 0. 2.68953620e-004 0. 0. 8.76942591e-004 0.
    9.10278992e-004 4.33120131e-003 0. 0. 0. 0. 1.38684595e-003 0. 0.
    4.51455970e-004 0. 2.90774344e-003 0. 1.26864761e-003 0. 0. 0.
    1.11263823e-002 0. 0. 1.05810992e-004 0. 0. 0. 1.45445357e-003 0. 0.
    0. 1.50216871e-003 0. 0. 0. 8.30650330e-004 0. 0. 0. 0.
    2.13397946e-003 2.05123611e-003 0. 0. 1.98860303e-003 0. 0. 0. 0. 0.
    1.67964003e-003 2.47648335e-003 1.66427635e-003 -5.39612549e-004 0.
    0. 2.63487245e-003 0. 0. 2.15499057e-003 0. 0. 0. 0. 0.
    2.31954642e-003 1.73555641e-003 5.27839409e-003 0. 0. 0.
    2.25432334e-003 1.03436978e-004 0. 2.41872604e-005 0.
    1.15434162e-003 1.32103008e-003 0. 7.44264852e-003 0. 0.
    5.69923082e-004 -1.15060550e-003 -2.04421740e-004 0. 1.32681569e-003
    1.26923303e-004 3.96117847e-003 0. 0. 0. 0. 0. 0. 0. 0. 0.
    2.06919783e-003 0. 0. 3.98816168e-003 0. 0. 0. 0. 2.64476682e-003 0.
    0. 0. 1.60295240e-004 0. 0. 2.54170783e-003 1.31397636e-003 0.
    -4.21559933e-004 0. 4.44614282e-003 6.79217977e-003 0. 0.
    8.28673190e-004 0. 4.73038992e-004 5.47243841e-003 0. 0. 0.
    6.25308137e-003 1.15781873e-002 5.37748123e-003 0. 0. 0.
    1.07075656e-002 0. 0. 5.46289748e-003 0. 2.51176395e-003 0. 0.
    2.64771911e-003 0. -1.12764037e-003 0. 0. 6.65275101e-003 0. 0.
    -7.92810402e-004 1.32795866e-003 2.12217029e-003 0. 0.
    -1.93608296e-003 0. 0. 7.32585497e-004 0. -5.07033139e-004 0.
    6.24295278e-003 1.35032134e-003 0. 7.17652496e-004 0. 0. 0. 0. 0.
    4.57681436e-003 0. 1.27108244e-003 0. 2.01582792e-004
    2.36310577e-003 5.88820782e-003 0. 1.48705917e-003 -3.04599031e-004
    1.15792081e-003 0. 0. 0. 0. 0. 0. 0. 0. 4.24000248e-003
    5.82459476e-003 -1.48518791e-003 0. 0. 0. 0. 0. 2.87380186e-003 0.
    0. 0. 7.00980145e-003 6.08449616e-003 0. 0. 0. 0. 0. 0. 0. 0. 0. 0.
    2.25017429e-003 9.70927475e-004 0. 0. 0. 2.34834687e-003 0. 0. 0. 0.
    0. 0. 0. 0. -6.82471204e-004 -1.02591130e-003 0. 0. 0. 0.
    2.25453940e-003 2.32995255e-003 4.64271614e-003 0. 0. 0.
    -6.87906228e-004 0. 0. 0. 0. 0. 0. -7.93674844e-004 0. 0. 0.
    3.68308765e-003 0. 2.14630049e-002 0. 0. 0. 0. 1.49785634e-002 0. 0.
    5.90906711e-003 2.00787280e-003 7.62287411e-004 0. 0. 0.
    8.79721716e-004 0. 0. 0. 0. -3.80675570e-004 0. 0. 1.19815918e-003
    0. 0. 7.81912170e-003 0. 3.83525447e-004 1.76473998e-003 0.
    2.29022303e-003 0. 1.73040817e-003 0. 5.71022788e-003 0. 0. 0.
    3.65790003e-003 0. 0. 0. 0. 0. 7.52703403e-004 1.87862397e-003 0. 0.
    0. -1.29023625e-003 0. 0. 5.69376955e-003 5.18217916e-004
    -2.78153946e-003 0. 0. 0. 0. 0. 9.69851797e-004 0. 6.04964094e-003
