<?xml version="1.0"?>
<opencv_storage>
<imageDescriptor type_id="opencv-matrix">
  <rows>1</rows>
  <cols>1000</cols>
  <dt>f</dt>
  <data>
    0. 0. 2.32569291e-003 0. 1.47549750e-003 0. 0. -2.64156755e-004
    1.56391488e-005 8.12000409e-003 0. 1.77869610e-002 0. 0. 0. 0.
    5.71025163e-003 0. 0. 1.26997894e-002 0. 0. 0. -1.02687604e-003
    -7.72181083e-004 0. 4.87898244e-003 6.70795469e-003 -9.87020670e-004
    0. 0. 0. 0. 4.70680976e-003 0. -3.02778371e-003 5.36034815e-003 0.
    0. 6.92871725e-003 0. 0. -3.81757505e-004 -7.57609669e-004 0. 0.
    1.48738944e-003 0. 0. 0. 0. 0. 0. 0. 6.87304605e-003 0. 0.
    5.40027674e-003 0. 0. 0. 0. -3.06638220e-004 0. 1.48487301e-003 0.
    0. -3.38809652e-004 0. 2.11411956e-004 1.81502284e-004 0. 0. 0.
    9.42823105e-003 3.10553028e-003 0. 9.18030797e-004 0.
    2.03371793e-003 0. 0. 1.77059183e-003 0. 0. 8.66252114e-004 0. 0. 0.
    0. 0. -6.29865390e-004 1.52751361e-003 0. 5.01906546e-003 0. 0.
    5.20757399e-003 0. 0. 0. 1.93166861e-003 1.13001931e-003
    3.08877882e-003 1.49895658e-003 1.16292108e-003 0. 0.
    3.13393772e-003 0. 0. 0. -4.86380362e-004 2.30653270e-004
    5.52939903e-003 0. -1.43458322e-003 0. 0. 1.11216248e-003 0. 0. 0.
    8.97198450e-003 6.47358224e-003 -3.13274184e-004 0. 0. 0.
    1.49568100e-003 0. 0. 7.01140380e-004 0. 0. 2.83682952e-003
    8.84291658e-004 0. 0. 0. 3.93959373e-004 0. 1.22042594e-003
    6.09481474e-003 0. 0. 0. 0. 0. 0. 0. 0. 0. 6.10254123e-004
    4.41431534e-003 2.04100693e-003 0. 0. 8.14105966e-004 0.
    1.23998709e-003 2.58629298e-004 0. 1.68555055e-003 0.
    1.45066251e-005 2.80829589e-003 6.58505969e-003 0. 0.
    9.14761983e-003 0. 8.57566949e-003 0. 0. -6.02683693e-004 0.
    8.35962070e-004 0. 1.42025226e-003 0. 6.06248202e-003
    3.33837839e-003 0. 1.54178357e-003 1.99036091e-003 2.44931970e-003
    4.21764795e-003 1.38832768e-003 1.91424484e-003 0. 0.
    5.35978936e-004 3.25554935e-003 0. 0. 4.82897274e-003 0. 0. 0.
    1.53843837e-003 8.57398473e-003 0. 0. -1.96478423e-003 0. 0.
    4.25103295e-004 0. 5.72481251e-004 0. 1.76377466e-003 0. 0.
    -1.53544988e-003 0. 0. 0. 0. 1.67576352e-003 0. 0. 1.61418226e-003
    0. 1.80789712e-003 0. 0. 0. 7.03159394e-003 0. 1.73921362e-002 0.
    -5.89514908e-004 1.34239113e-003 1.47670531e-003 0. 3.87864723e-003
    3.24642030e-003 1.36199663e-003 0. -8.55395978e-004 2.69708369e-004
    0. 0. 0. 0. 2.02716270e-004 1.77732925e-003 1.92224327e-002 0. 0.
    3.05597344e-003 0. 0. 0. 0. 0. 0. 1.36549282e-003 0.
    -3.64243821e-003 0. 1.29041506e-003 0. 0. 0. -3.24621593e-004
    5.44540305e-003 0. 3.56489385e-004 0. 8.84440495e-004 0.
    -9.66991822e-004 1.10409968e-002 0. 0. 0. -8.24206974e-004
    -2.73603457e-003 0. -4.23499114e-005 -1.17845694e-003 0.
    2.16306793e-003 0. 0. 0. 0. 0. 0. 0. -1.60948650e-004 0.
    6.23029016e-004 0. 0. 8.94257426e-003 0. 0. 0. 0. 0. 0.
    1.19353645e-002 0. 0. 1.16390467e-003 0. 0. 1.14010437e-003 0. 0. 0.
    4.79956809e-003 -1.44313625e-003 0. 0. 0. 0. 0. 1.94054190e-003 0.
    0. 1.10328030e-002 0. 0. 8.49001575e-004 4.59530018e-003 0.
    1.49094849e-003 3.21320817e-003 0. 1.64169748e-003 2.66030431e-003
    5.02197864e-003 0. 0. 0. 0. 6.67396840e-003 0. 1.07176066e-003 0.
    -1.85272482e-003 0. 0. 0. 0. 0. -2.77437037e-004 6.64500287e-004 0.
    3.73257324e-003 0. 7.50469451e-004 0. 3.90100689e-003
    1.15362799e-003 3.51315551e-003 5.45055047e-003 4.69141314e-003
    -1.65987847e-004 1.53353726e-002 0. 0. 0. 0. 4.80699493e-003 0. 0.
    -2.16757716e-003 0. 0. 4.46332106e-003 2.80666561e-003
    5.85857825e-003 0. 0. 0. 3.82819423e-003 3.69866588e-003 0. 0. 0.
    2.43224073e-004 0. 0. -3.35035671e-004 3.34221451e-003
    3.38405790e-003 0. 8.28547683e-003 0. 0. 0. 0. 1.21720950e-003
    7.51240551e-003 0. 0. 2.33273162e-003 1.17793470e-003 0. 0. 0.
    1.43864565e-003 0. 2.59473640e-003 0. 1.76863832e-005 0.
    1.21614314e-003 0. 0. 0. 2.40276847e-003 0. 3.58427898e-003
    2.24391860e-003 0. -2.07821070e-003 -1.24192549e-004 0.
    3.00782267e-004 0. 0. 1.33779435e-003 2.62381206e-003
    4.42048738e-004 0. 1.53299014e-003 -1.43678708e-003 0. 0.
    1.41528586e-003 7.90497661e-003 8.01519840e-004 2.98624462e-003 0.
    0. 0. 0. 2.42261086e-002 0. 0. 0. -6.79664605e-004 -7.08588748e-004
    0. 5.79264807e-003 2.75829370e-004 4.81367297e-003 0. 0. 0. 0.
    1.73491356e-003 9.34390002e-004 1.14610943e-003 0. 0. 0. 0. 0. 0. 0.
    2.82519893e-003 3.45771015e-003 0. 0. 0. 0. 0. 0. 0.
    -4.06338164e-004 0. 9.73911025e-004 0. 1.97913684e-003
    6.12019445e-004 0. 0. 0. -1.55335898e-003 0. 5.73064201e-003
    2.13299715e-003 0. 0. 0. 0. 3.87492217e-003 3.29915812e-004
    -2.55943835e-003 -2.24733632e-003 8.39793310e-003 0. 0.
    4.83003119e-003 0. 0. 0. 3.22576077e-003 0. 0. 0. 0. 0. 0. 0.
    7.83165731e-003 0. 8.64406000e-004 6.72566844e-003 0. 0. 0.
    -3.10679810e-004 0. -4.01774328e-003 0. 0. 4.58932389e-003 0. 0.
    5.95202728e-004 0. 0. -4.94094798e-004 0. 4.67262557e-003
    -5.29176276e-003 -3.04674923e-005 0. -4.49647196e-003
    1.03716413e-002 1.06296083e-003 -8.41092609e-004 0. 0. 0. 0. 0.
    6.52184198e-003 0. 0. 2.63663917e-003 1.66962727e-003 0. 0. 0. 0. 0.
    0. 0. 0. -4.22566372e-004 0. 2.57846061e-003 6.13966025e-003 0. 0.
    -5.67477582e-006 0. 0. 1.45189126e-003 0. 2.47999560e-003
    -7.43356417e-004 0. 2.28116196e-003 0. 2.48432695e-003 0. 0. 0. 0.
    0. 0. 8.16768873e-003 6.92512793e-003 0. 7.40719479e-005
    1.98864774e-003 0. 0. 3.08861607e-003 0. 1.52736483e-003
    2.06778361e-003 0. -1.18299306e-003 0. 7.98226800e-003 0.
    2.30291183e-003 8.10503960e-003 0. 0. 1.73441728e-003
    1.54665473e-003 0. 0. 0. 9.34731867e-003 5.90857118e-003 0. 0. 0. 0.
    0. 0. 0. 4.67981771e-003 0. 2.11796211e-003 0. 0. 0. 0. 0.
    -4.79215669e-004 7.16109108e-003 2.75091198e-003 8.29233229e-003 0.
    0. 6.22463273e-003 0. 0. 1.70947891e-003 1.84074524e-004 0. 0. 0. 0.
    0. 3.91567405e-003 1.41326897e-003 1.90807495e-003 0. 0.
    2.98182364e-003 0. 0. 0. 0. 0. 6.74228696e-003 1.14008889e-003 0. 0.
    0. 0. 0. 0. 5.24637895e-003 5.03160385e-003 0. 0. 0. 0.
    2.25473871e-003 2.55899224e-003 2.40481319e-003 6.37052814e-003 0.
    1.94760982e-003 0. 0. 6.76300982e-003 1.35720079e-003 0. 0. 0. 0. 0.
    -1.46702095e-003 1.26623083e-003 5.21175796e-003 6.02108194e-003
    4.82128374e-003 0. 2.28539016e-003 0. 0. 6.96102204e-003 0. 0. 0. 0.
    3.07091250e-004 0. 4.90761176e-003 -1.76430345e-004 0.
    4.03071428e-003 0. 0. 0. 0. 0. 0. 4.15216247e-003 0. 0.
    6.61360612e-003 0. 1.47627492e-003 0. 1.77521515e-003
    -2.77559448e-004 0. 0. 0. 0. -3.21314903e-004 3.38590355e-004
    -2.48580938e-004 0. -1.22784753e-003 -7.85771641e-004
    -1.47534278e-003 1.90816354e-004 0. 6.46555389e-004 0.
    -2.53755576e-003 0. 0. 9.16969613e-004 0. 6.71480829e-003
    8.62436136e-004 7.62711233e-003 0. 0. 0. 0. 0. 0. 4.43949481e-004
    1.40788325e-003 0. 4.42348793e-003 0. 3.13236145e-003 0. 0. 0. 0. 0.
    0. 0. 0. 0. -1.59770332e-003 0. 0. -1.71860226e-003 0. 0. 0.
    -1.63958000e-003 0. 1.73892325e-003 7.19401753e-004 4.55417437e-004
    4.26171767e-003 3.16097750e-004 0. 0. 0. 0. 7.76765344e-004
    2.86258734e-003 2.22914922e-003 0. 1.05576786e-004 0.
    2.63530505e-003 1.13986840e-003 0. 0. 0. 0. 0. 0. 0. 0. 0. 0. 0. 0.
    -1.84100718e-005 -9.12262840e-005 0. 2.35639093e-003 0. 0. 0. 0. 0.
    0. 0. 3.63701046e-003 0. 0. 6.12517865e-003 0. 2.47813179e-003 0. 0.
    0. 6.57269545e-003 0. 3.73129104e-003 0. 0. 0. 0. 0.
    -3.55462835e-004 5.87923406e-003 -1.20719674e-003 0. 0. 0.
    5.15809166e-004 0. 0. 0. 0. 0. 0. 0. 0. 2.76845950e-003
    2.07280857e-003 3.54173360e-004 0. 8.44320166e-004 -8.71598721e-004
    0. 0. 0. 2.23881425e-003 9.99133475e-003 0. 0. 0. 0. 0. 0. 0. 0. 0.
    3.10870749e-003 0. 1.58540113e-003 5.83983783e-004 0.
    5.23776049e-003 0. 0. 2.50637167e-005 0. 0. 3.40159051e-003 0. 0. 0.
    0. 0. 0. 0. 0. 1.01683047e-002 0. 0. 5.19756181e-003 1.02557009e-003
