<?xml version="1.0"?>
<opencv_storage>
<imageDescriptor type_id="opencv-matrix">
  <rows>1</rows>
  <cols>1000</cols>
  <dt>f</dt>
  <data>
    0. 0. 0. 9.04993038e-004 0. 0. 0. 3.05774994e-003 1.62915816e-003 0.
    0. -2.71630846e-003 1.86419894e-003 0. 0. 0. -1.01336383e-003 0. 0.
    0. 0. 5.02744038e-003 0. 0. 0. 0. -4.06653649e-004 0.
    3.17693106e-004 2.29263492e-003 0. 5.47866849e-003 6.67377259e-004
    0. 0. 0. 0. -4.22255165e-004 -3.58091405e-004 0. 0. 0. 0.
    3.62906768e-003 2.56576738e-003 0. 0. 8.46140366e-003 0.
    3.69892037e-003 0. 0. 0. 7.74145545e-003 3.00746557e-004 0. 0. 0.
    -2.14189780e-003 0. 0. 0. 0. 0. -6.51076436e-004 5.50392491e-004 0.
    5.72618283e-003 2.53852946e-003 -6.87291438e-004 0. 0. 0.
    8.75571568e-004 8.50015227e-003 0. 4.15485090e-004 0.
    6.39707083e-004 1.50444641e-004 0. 5.91163058e-003 -1.38288201e-003
    -3.54922406e-004 5.19462046e-004 7.72211817e-004 7.94845726e-003 0.
    9.86438990e-003 2.16565770e-003 -2.81800487e-004 0. 0.
    1.70623837e-003 6.77427556e-003 0. 1.08524924e-002 0. 0.
    1.43849314e-003 0. 0. 0. 4.44001378e-003 0. 0. 0. 1.69454888e-003
    9.43384002e-005 6.62855804e-004 2.06668978e-003 2.11932836e-003 0.
    0. 0. 0. 0. -3.16336722e-004 0. 2.21237598e-004 0. 0. 0.
    -1.90546981e-003 4.11445322e-003 2.72803591e-003 0. 0.
    -1.28489407e-003 0. 2.87048955e-004 0. 0. 1.58590963e-003
    1.65025718e-004 0. 1.28244618e-002 7.75475462e-004 -1.29513280e-003
    0. 0. 0. 1.31865521e-003 0. 1.57342479e-003 0. 0. 0. 0. 0. 0. 0.
    3.23802279e-003 3.69656552e-003 0. -6.84227925e-005 0. 0.
    5.80301788e-003 0. -1.81464851e-003 0. 0. -1.70745258e-003
    1.32443660e-004 0. 1.15508144e-003 1.73086603e-003 0. 0. 0. 0. 0. 0.
    6.59647956e-003 0. 0. 5.00699971e-004 5.00724930e-003 0.
    7.01889349e-003 -2.71252100e-003 0. 0. 0. 0. 0. 0. -6.63990621e-003
    1.30461727e-003 0. 0. 5.86477341e-004 6.71886280e-003
    -1.20277260e-003 0. 9.75029776e-004 3.99538875e-003 9.55822784e-003
    0. 0. 4.64574667e-003 0. 0. 0. 0. 0. 0. 1.37963018e-003 0. 0.
    -1.21399807e-003 0. 0. 1.28524685e-002 0. 0. 0. 4.30667633e-003 0.
    0. 1.74418918e-003 1.51728047e-003 2.79726018e-003 0.
    1.23142742e-003 0. 0. 0. 3.23612313e-003 0. 0. 0. 2.76256911e-003 0.
    0. 5.47859538e-003 0. 6.98525319e-003 0. 0. 0. 0. 0. 0.
    9.06592933e-004 2.12267609e-004 0. -6.72624228e-005 0. 0.
    1.54799863e-003 0. 0. 0. 3.90218035e-003 0. 8.94380733e-003
    1.10264076e-003 1.11288216e-003 0. 0. 0. 1.95254362e-003
    1.02764601e-003 0. 0. -1.05587195e-003 5.29075915e-004 0.
    1.12030434e-003 5.21748420e-003 0. -2.73443060e-003 0. 0.
    1.22355437e-003 3.70483403e-003 -3.31007497e-004 4.13616979e-003 0.
    5.60557761e-004 -3.66820459e-005 0. -8.72339879e-004 0.
    2.16562720e-003 3.16009927e-003 0. 6.83113409e-004 -4.86673875e-004
    0. 0. 0. 0. 0. 7.20394892e-004 2.72203959e-003 0. 6.20838488e-003
    4.93666623e-003 3.33886431e-003 1.43280101e-003 0. 0. 0. 0. 0.
    1.64606667e-003 0. 2.25637527e-003 3.96591582e-004 0.
    -6.91026707e-006 4.48571797e-003 0. 2.91950942e-004 0.
    2.78399209e-003 0. 3.27063631e-003 2.79729487e-004 0. 0.
    -1.24726750e-004 0. 0. 1.38154451e-003 0. 0. 0. -1.88797538e-004
    1.04223657e-003 3.10734333e-003 0. 0. 0. 4.24714852e-003 0. 0.
    -1.51822309e-003 1.21340679e-003 2.98512517e-003 -3.11440998e-003
    1.16290944e-002 6.98977755e-003 0. 0. 0. 0. 0. 0. -2.55509774e-004
    0. -4.13813250e-004 5.55718434e-004 0. 0. 3.73970694e-003 0. 0. 0.
    0. 0. 0. 0. 0. 0. 8.21784232e-003 3.10719479e-003 0. 0. 0. 0. 0.
    -3.16675007e-003 0. 0. 0. 6.20166818e-003 0. 0. 0. 2.14322028e-003
    4.93118772e-004 0. 0. 3.41743766e-003 3.05569294e-004 0. 0.
    -1.26042590e-003 0. 0. -1.07179175e-003 5.26445685e-003
    -1.40091788e-003 0. 1.96726853e-003 0. 0. 0. 5.52556710e-003 0. 0.
    0. 0. -7.43506942e-004 0. 3.85938585e-003 0. 1.13730598e-003
    3.23423231e-003 0. 0. 0. 0. 0. 0. 9.56503302e-003 0. 0.
    1.45874324e-003 3.15084145e-003 1.62078231e-003 4.73626220e-004 0.
    6.64966786e-003 5.00441622e-003 0. 2.41256857e-004 0.
    1.25269522e-003 1.24168070e-003 0. 0. -7.27497099e-004 0.
    3.79064353e-003 0. -1.62768259e-003 1.46129038e-002 0.
    3.66735947e-003 0. 4.27424238e-004 0. 0. 4.69345832e-003 0.
    2.11389479e-003 -2.15327804e-004 0. 0. 0. 0. 0. 1.39923056e-003
    4.94165765e-003 2.80512194e-003 0. 0. 0. 0. 4.63895012e-005 0. 0. 0.
    0. 0. 0. 3.50122922e-003 3.38540506e-003 0. -1.53227046e-003 0. 0.
    0. -1.49896849e-004 0. 0. 8.37733154e-004 5.23521518e-003
    1.33334997e-003 6.62757829e-003 0. 0. 1.94427455e-004
    1.36799863e-004 2.13926984e-003 3.69312288e-003 0. 0. 0. 0. 0. 0. 0.
    1.55242812e-002 0. 3.03440815e-004 0. 0. 0. 0. 1.39853021e-003 0.
    -3.91533191e-004 0. 0. 0. 2.40125507e-003 0. 0. 0. 0.
    6.15908625e-003 0. 0. 0. -1.77962705e-003 0. 1.36995059e-003
    2.17862637e-003 6.84011960e-004 0. 1.58327573e-004 0.
    3.81721719e-003 4.74399561e-003 8.76697886e-004 0. 0.
    1.11363539e-002 1.24224776e-003 0. 1.49291288e-003 6.68715267e-003
    0. 0. 5.66888542e-004 0. 0. 0. 1.36798178e-003 0. 5.62256016e-003 0.
    0. 0. 0. 0. -3.81578342e-004 3.08184593e-004 0. 0. 0.
    4.89329826e-003 9.06165689e-003 0. 0. 6.81591453e-004
    3.52179958e-003 0. 0. 6.74132071e-003 0. -2.68884128e-006
    8.37657880e-003 2.10231825e-004 1.87870965e-003 0. 3.81767494e-003
    0. 2.61273328e-003 0. 0. 0. 1.73375139e-003 0. 1.01985247e-003 0.
    5.19947661e-003 0. 0. -1.70392578e-003 0. 0. 0. 0. 0. 0. 0. 0. 0. 0.
    0. 0. 2.44669919e-003 0. 0. 0. 0. 0. 0. 0. 0. 4.61281539e-004
    3.59901460e-003 0. 8.33221897e-003 0. 0. 0. 0. 1.92882249e-003
    2.29173136e-004 0. 0. 0. 0. 5.57712279e-003 0. 0. 1.37454551e-003 0.
    0. 4.72328207e-003 0. 0. 0. 0. 0. 0. 3.45041306e-004 0.
    1.44815946e-003 9.24636959e-004 5.68619557e-003 -4.74824119e-005 0.
    0. 0. 0. 0. 0. 0. 0. 8.65030102e-003 0. 1.52508251e-003 0. 0. 0. 0.
    0. 6.16011675e-003 -2.35008309e-003 0. 0. 0. 1.31028716e-003
    2.67355051e-003 4.41972120e-003 0. 1.39595987e-003 3.57035128e-003
    0. 0. 5.19648776e-004 9.54646152e-004 0. 8.16106237e-003
    7.05854688e-003 0. 0. 0. -5.15443564e-004 4.45628213e-003 0. 0. 0.
    -4.25838371e-004 0. 3.34104057e-003 3.79660545e-004 0.
    1.57689920e-003 5.64066600e-003 9.80951241e-004 0. 0. 0. 0. 0.
    4.03855847e-005 0. 0. 1.23681955e-003 1.00048038e-003 0. 0. 0.
    1.37210060e-002 -5.19525073e-003 0. 2.64083315e-003 0.
    3.33155296e-003 2.44037341e-003 3.25010653e-004 0. 2.54290202e-003
    1.43918721e-003 1.94548653e-003 2.98092631e-003 7.22117897e-004 0.
    0. 0. 1.37654366e-003 0. 2.73866649e-003 0. 0. 0. 0. 0. 0. 0. 0. 0.
    0. 0. 0. 2.17543938e-003 0. 0. 0. 0. 0. 0. 2.08304543e-003 0.
    7.96747277e-004 0. 0. 0. 0. 0. 6.39819214e-003 7.92921335e-003
    3.72007518e-004 0. -1.27044600e-003 5.53500280e-003 0. 0.
    -9.38787009e-004 1.49906485e-003 1.62095577e-003 -5.14494954e-004 0.
    0. 0. 2.40860600e-003 1.21106987e-003 0. 0. 0. 0. 1.35918462e-003 0.
    -3.52984341e-003 8.65359046e-003 3.64140398e-003 0. 0.
    1.50321762e-003 0. 6.05165353e-003 3.27708782e-003 0. 0.
    4.20999574e-003 3.20233143e-004 1.29017408e-003 -2.19310494e-003 0.
    0. 7.15609547e-003 0. 0. 0. 0. 0. -1.77956000e-003 0. 0.
    -2.56343279e-003 0. 0. 0. 0. 0. 4.04874375e-003 0. 1.91355571e-002
    5.93218626e-003 0. 0. 0. 0. 0. -1.49305013e-003 1.02545246e-002 0.
    0. 3.13839363e-003 0. 0. 0. 2.39254627e-003 0. 0. 0. 7.86501076e-003
    0. 0. 2.82027968e-003 0. 0. 3.10679199e-003 0. 0. 0. 7.34305708e-003
    0. 4.81415633e-003 0. 4.93588019e-003 0. -1.27578538e-003 0.
    2.20717639e-002 0. 0. 0. 0. -1.04206812e-003 6.17663318e-004 0. 0.
    0. 9.24616877e-004 0. 0. 3.74922832e-003 0. -2.45535071e-003
    1.22491841e-003 0. 5.27111394e-003 8.65697744e-004 8.83916917e-004
    0. 0. 3.55909258e-004 1.15290401e-003 0. 0. 0. -3.46428278e-004 0.
    -2.22210283e-003 4.37404867e-003 0. 0. 0. 7.19061762e-004 0.
