<?xml version="1.0"?>
<opencv_storage>
<imageDescriptor type_id="opencv-matrix">
  <rows>1</rows>
  <cols>1000</cols>
  <dt>f</dt>
  <data>
    1.37736485e-003 0. 0. 0. 0. 0. 0. 7.56495283e-004 1.01377238e-002 0.
    0. 4.31236997e-003 3.00793070e-003 2.60783290e-003 0. 0.
    -4.09495924e-003 0. 0. 1.66338170e-003 -3.76511062e-003 0. 0. 0.
    4.77904780e-003 0. 3.71679454e-003 0. 0. 0. 2.98254518e-003
    -4.60239127e-003 -9.34230338e-005 0. 9.66077670e-004 0. 0.
    8.28556949e-004 0. 4.92821308e-003 -1.23044738e-004 0.
    1.68929750e-003 1.75798999e-003 6.19903498e-004 0. 0.
    2.16949207e-004 0. 0. 0. 0. 0. 0. 2.37680599e-003 3.63162690e-004
    2.61077704e-003 0. 0. 3.04668420e-003 0. 1.49355538e-003 0. 0. 0. 0.
    0. 4.66140313e-003 0. 0. 0. 0. 0. 0. 0. -1.04581786e-003
    3.09217745e-003 0. 2.07897555e-003 0. 0. 0. 0. 4.57035564e-003 0. 0.
    0. 0. 0. 1.86424714e-003 0. 0. 0. 2.47787661e-003 0. 0. 0. 0.
    -3.38028593e-004 0. 0. 0. 3.48854437e-003 6.96740113e-003 0.
    8.77347775e-004 0. 0. 0. -3.03901092e-004 7.88112544e-003 0.
    7.53643573e-004 0. 3.49510956e-004 0. 1.80982472e-003 0. 0. 0.
    1.47101446e-003 -2.69459607e-003 0. 8.34887760e-005 2.89766031e-004
    4.16128896e-003 0. 0. 0. 0. 0. 1.10431416e-002 0. 0. 2.49425997e-003
    0. 1.20116121e-004 4.41497512e-004 3.75180063e-003 0. 0. 0.
    -1.22838398e-003 1.52483326e-003 0. 0. 0. 0. 2.52118130e-004 0. 0.
    0. 0. 0. 0. -2.77707441e-004 0. 2.99323094e-003 0. 0. 0. 0. 0.
    9.13173053e-003 0. 0. 5.71610406e-004 0. 0. 0. 0. 1.00890128e-003 0.
    0. 0. 0. 0. 0. 0. 1.66112243e-003 0. 0. 0. 0. 5.30875288e-003
    1.43185048e-003 4.30373847e-003 0. 0. 0. 8.98499973e-003 0.
    2.80284497e-004 0. 0. 0. 0. 0. 0. 0. 1.54712843e-003 1.42488850e-003
    0. -8.85009591e-004 0. 0. 3.59421805e-003 1.62920868e-003
    3.14387958e-003 1.38055324e-003 0. 0. 0. 8.37776926e-004
    1.24445260e-002 0. 4.98223701e-004 0. 4.66619059e-003 0. 0. 0.
    2.59528123e-003 0. 7.31996913e-003 0. 0. 0. 0. 8.08645505e-004
    1.80674752e-003 0. 0. 9.72069241e-003 0. 0. 0. -1.94972812e-003 0.
    0. 6.05144724e-003 0. 1.90830138e-002 8.28682561e-004 0.
    9.67985543e-004 7.45710498e-003 7.64734286e-004 0. 2.00358545e-003
    2.69607920e-003 0. -6.23769665e-005 0. 0. 0. 7.02238362e-003 0. 0.
    0. 0. 0. 0. 0. 0. 1.73373648e-003 0. 0. 0. 0. 4.66710748e-003 0.
    7.19699729e-003 8.51760909e-004 0. -2.03524693e-003 7.42745353e-003
    0. 0. 0. 0. 2.76286853e-003 0. 1.15420867e-003 0. 0. 3.91548779e-003
    1.71878759e-003 3.17371101e-003 9.32852679e-004 4.94100433e-003
    1.48513413e-003 0. 0. 0. 0. 0. 0. 0. -2.94462126e-003
    3.30362376e-003 0. 0. 0. 9.48642904e-004 0. 1.19769666e-002 0. 0. 0.
    0. 0. 0. 0. 5.59179438e-003 1.81159261e-003 0. 1.25876023e-003 0. 0.
    1.82449687e-004 0. -9.37031175e-004 0. 0. 0. 9.50748380e-003 0. 0.
    0. 0. 0. 5.72697201e-004 0. 0. 0. 0. 1.53942755e-003 1.74490828e-003
    0. 1.59985945e-003 8.25133931e-004 0. -1.42033352e-003
    3.77141945e-002 0. 0. 0. 0. 1.97955896e-003 0. 4.57810005e-003 0. 0.
    0. 0. 0. -1.47862441e-003 0. 0. 6.57520443e-003 3.02210217e-003
    -1.77007332e-005 0. 0. 4.28368943e-003 0. 0. -1.07580920e-004
    1.01664802e-004 1.40557683e-003 0. 0. 3.92841315e-003 0. 0. 0.
    2.57938216e-003 7.65088433e-003 5.84164867e-003 0. 0. 0.
    1.07417963e-002 0. 0. 0. 1.02498883e-003 5.23098558e-003
    3.55208665e-003 0. 0. 3.92976124e-003 8.37544387e-004 0. 0. 0. 0.
    2.02792720e-003 0. 0. 5.29890507e-003 0. 0. 0. 0. 0. 0. 0. 0. 0. 0.
    5.09834383e-004 0. 0. 0. 0. 1.54285005e-003 2.85884645e-003
    2.78204883e-004 0. 0. -1.70384871e-003 0. 0. 0. 0. 0. 0. 0.
    1.66673830e-003 0. -7.72054424e-004 0. 3.46295652e-003 0. 0. 0. 0.
    0. 5.28206816e-003 1.95804168e-003 0. -9.74600785e-004
    7.92225997e-004 0. 0. 0. -9.58456367e-005 0. -2.69699929e-004 0.
    2.02408736e-003 0. 0. 0. 5.29594894e-004 0. 0. 1.46009447e-003 0. 0.
    1.99847086e-003 0. 1.31617673e-003 0. 0. 0. 0. 0. -4.72063851e-003
    0. 8.00160505e-003 0. 8.53627082e-003 1.07673567e-003 0. 0. 0.
    6.00386877e-004 5.46793966e-003 0. -1.25942752e-003 1.66418334e-003
    1.12543069e-003 7.83033203e-003 0. 2.63468944e-003 7.39759114e-003
    0. 0. 3.46708111e-003 1.54991774e-003 0. 0. 0. 0. 0. 1.09863968e-003
    0. 0. 9.26617067e-003 0. 4.33341973e-003 0. 0. 2.64751236e-003 0.
    5.27687953e-004 4.74217726e-004 -1.35930360e-003 0. 0. 0. 0. 0. 0.
    4.35914984e-003 2.30780477e-003 0. 0. 0. 0. 0. 6.61597913e-003
    8.96753836e-003 0. 0. -7.86951743e-004 0. 0. 2.14190269e-003 0.
    3.05624655e-003 3.60685633e-003 0. 0. 1.73835806e-003 0. 0. 0.
    3.95935168e-003 0. 0. 0. 0. 0. 4.11199266e-003 0. 0. 0. 0. 0.
    6.90664339e-004 0. 1.97066367e-003 0. 5.85327856e-004 0. 0. 0. 0. 0.
    0. 2.51405523e-003 0. 0. 2.52770347e-004 8.38427246e-003
    4.52001765e-003 8.04063457e-004 0. 0. 0. 3.00759473e-003
    3.87231237e-003 5.12189523e-004 6.23234140e-004 5.68481628e-003 0.
    -2.25535035e-003 0. 0. 7.13422708e-003 4.62021865e-003
    -7.07516971e-004 6.43939851e-003 0. 0. 0. 0. 0. 0. 0. 0. 0. 0. 0. 0.
    0. 0. 0. 2.09768629e-003 0. 0. -2.49693939e-003 2.14874279e-003 0.
    0. 4.74570261e-004 0. 3.15156719e-003 0. 0. 0. 0. 0. 0.
    -2.01697415e-003 0. 0. 1.62480178e-003 0. 1.84103276e-003 0. 0. 0.
    0. 2.37814966e-003 1.94094353e-003 0. 0. 0. 0. 4.04638844e-003 0.
    -3.24500375e-004 -2.38151103e-003 0. 0. 2.88411998e-003 0. 0. 0. 0.
    0. 0. 0. 0. 0. 4.89837117e-003 0. 0. 2.98324972e-003 2.61097448e-003
    2.76294979e-003 2.69000954e-003 4.83371259e-004 0. 0.
    1.43805391e-003 0. 0. 0. 0. 4.37890505e-003 0. 0. 0. 0.
    3.74766416e-004 0. 8.41389818e-004 0. 0. 0. 3.82205262e-003
    5.02074696e-003 -6.79548015e-004 0. -4.65025776e-004 0. 0. 0.
    2.03198707e-003 0. 0. 0. 0. 8.83093686e-004 1.26127515e-003 0. 0.
    2.13444047e-002 0. -2.40360363e-003 -1.50792336e-003 0. 0.
    5.44092944e-003 0. -9.76674724e-004 -7.64853961e-004 4.47267992e-003
    6.31485041e-003 5.15512563e-003 0. 7.16021471e-003 1.89733529e-003
    0. 2.25379597e-003 1.76701485e-003 0. 0. 0. 0. 0. 0. 8.48165655e-004
    0. 0. 1.99375977e-003 0. 0. 0. 1.54236087e-003 0. 0. 0.
    3.06858029e-003 0. 0. 0. 0. 2.05338420e-003 8.73217173e-003
    1.02196482e-003 0. 0. 0. 0. 0. 0. 0. 0. 0. 2.03274912e-003
    2.84392829e-003 0. 8.93787108e-003 0. 0. 0. 0. 6.64632826e-004 0.
    3.25693772e-003 0. 5.22398157e-003 6.12650532e-003 0.
    1.00987207e-003 0. 0. 0. 0. 3.43939383e-003 0. 0. 0. 0.
    1.85096124e-003 0. -2.48544686e-003 7.44981412e-003 2.59966962e-002
    4.27668478e-004 0. 1.48892701e-002 0. 1.99484779e-003 0. 0.
    3.43410973e-003 0. 0. 3.48147424e-003 0. 0. 0. 0. 0. 0. 0. 0. 0. 0.
    0. 0. -1.71768700e-003 3.15915630e-003 0. 7.22935144e-003
    3.65414075e-003 0. 0. 3.21500795e-003 0. 0. 2.47489219e-003
    -9.66144144e-004 0. 0. -2.15339198e-004 -3.28283012e-003
    4.06646263e-003 0. 0. 5.50323678e-003 0. 0. 0. 0. -5.79150685e-004
    0. 0. 0. -1.91091225e-004 1.20108889e-003 0. 0. 0. 0. 0.
    -7.77740148e-004 0. 0. 0. -3.17766098e-004 2.70118169e-003 0. 0.
    1.00546167e-003 0. 0. 1.90374663e-003 0. -1.43525205e-004
    7.22072227e-003 0. 0. 0. 2.28800625e-003 0. 0. 2.35010218e-002 0.
    4.92009148e-003 0. 4.85971308e-004 0. 0. 0. 0. 0. 0. 0. 0. 0.
    2.80624116e-003 2.23210943e-003 0. 0. 0. 0. 6.87598437e-003
    1.42456638e-003 0. 1.05434645e-003 3.81992832e-005 0.
    9.52417249e-005 6.94477512e-003 7.41205644e-004 0. -1.21619611e-003
    5.48823178e-003 3.91895976e-003 0. 0. -7.98647583e-004
    4.85440530e-003 4.46288068e-005 0. 0. 0. 0. 7.10432697e-003
    2.45824479e-003 8.52971710e-003 0. 0. 0. 0. 0. 1.98438950e-003
    1.50486338e-003 0. 0. 5.25934156e-003 2.03779573e-003
    6.15299540e-003 1.72355119e-003 -1.64990532e-004 0. -6.19473634e-003
    -8.18885514e-004 1.27724872e-003 0. 0. 0. 0. -2.65501998e-003
    -3.97445023e-004 0. -4.22095327e-004 0. 8.68388393e-004
    5.00467326e-003 0. -4.47536120e-004 0. 3.86966625e-003 0. 0. 0.
