<?xml version="1.0"?>
<opencv_storage>
<imageDescriptor type_id="opencv-matrix">
  <rows>1</rows>
  <cols>1000</cols>
  <dt>f</dt>
  <data>
    4.93999571e-003 1.01186184e-003 1.85371574e-003 0. 3.83920269e-003
    0. 0. 0. 2.17559701e-003 0. 2.65634037e-003 2.17991206e-003
    3.74989375e-003 0. 0. 4.52054618e-003 2.21274863e-003 0. 0.
    2.13393150e-003 0. 9.14726697e-004 1.86289696e-003 2.20437557e-003
    0. 4.85068711e-004 0. 7.04867253e-003 3.70633294e-004 0. 0.
    1.74540852e-003 0. 1.62367604e-003 1.27742474e-003 -2.17743436e-004
    0. 0. 0. 2.83488492e-003 4.80611547e-004 1.25139195e-003 0. 0.
    6.71899761e-004 1.21492066e-003 1.52522488e-003 -1.71834172e-003
    8.47094052e-004 6.53826119e-003 0. 2.68787611e-003 9.13908763e-004
    1.15492148e-003 0. 0. 5.11801057e-003 0. 0. 0. 8.04277544e-004 0. 0.
    2.75352248e-003 0. -8.29482265e-003 1.14198425e-003 0.
    2.52048415e-003 -1.05517567e-003 0. 7.47140264e-003 9.37264354e-004
    0. 8.95645993e-004 1.24264089e-003 0. 0. 0. 6.94163237e-003 0.
    1.16346939e-003 0. 9.60307568e-003 0. -1.57404086e-003
    1.20928758e-004 8.25428055e-004 6.28292002e-003 6.26950851e-003 0.
    1.62002153e-003 0. 0. 3.96385603e-003 0. -2.85989861e-003 0.
    1.18537317e-003 0. 3.16718826e-003 4.56828531e-003 0. 0. 0.
    1.85636547e-003 1.09733955e-003 -3.67355836e-003 0. 1.85338873e-003
    0. 0. 0. 0. 0. 2.95781461e-003 -2.16621370e-003 0. -1.43124838e-003
    6.21611066e-003 2.65569682e-003 0. 0. 0. 1.81396422e-003 0. 0.
    5.35542320e-004 0. 0. 8.48898757e-003 0. 0. 1.81807752e-003
    3.65645252e-003 8.80759908e-004 0. 3.05975933e-004 0. 0.
    3.17591708e-003 0. 0. 0. 2.44360743e-003 0. 3.39206005e-003 0. 0. 0.
    -1.04673463e-003 0. 0. 0. 0. 2.90120509e-003 -2.06564204e-003
    3.50072305e-003 0. 0. 1.17328705e-003 0. -1.68023558e-004 0. 0. 0.
    0. 0. 0. 0. 0. 0. 0. 0. 0. 0. 0. 0. 1.80568732e-003 0.
    3.70589201e-004 0. 0. 0. 2.90462887e-003 0. 0. -3.78589990e-004
    9.18659754e-003 1.00379148e-002 2.82281137e-004 1.14345283e-003 0.
    -5.24675066e-004 -3.17299186e-004 0. 5.11549599e-003 0.
    4.22562286e-003 -1.74948748e-003 0. -8.61075358e-004 0.
    3.24902544e-003 0. -3.73375333e-005 2.18249182e-003 9.03522072e-004
    5.70167089e-003 0. 0. 1.92006712e-003 0. 2.79806275e-003
    8.32897669e-004 -9.38448138e-005 0. -4.69742296e-003 0.
    3.35793709e-003 -1.07358908e-004 0. 0. 0. 0. 1.50415930e-004
    5.28769626e-004 1.42220280e-003 0. 1.65836792e-003 1.73440122e-003
    0. 7.42306327e-003 0. 0. 0. 1.42486673e-003 1.47273643e-002 0.
    1.70118373e-003 9.25591029e-003 1.93690241e-003 1.40058156e-003
    -9.50450485e-004 9.74980940e-004 9.54171352e-004 0. 8.36290536e-004
    0. 0. 2.95128301e-003 4.25589853e-004 0. 0. 1.72203768e-003 0.
    1.05985010e-003 -4.49767467e-005 0. -1.03480660e-003 7.86725257e-004
    0. 0. 8.35571380e-004 0. 0. 3.83722107e-003 1.06819225e-002
    5.78287384e-003 0. 0. 0. 1.77779119e-003 0. 0. 0. 0. 0. 0.
    1.16045494e-003 0. -1.00457075e-003 5.69838285e-003 4.13203205e-004
    0. 0. 0. 1.25001254e-003 0. 0. 0. 4.76658717e-003 0. 0. 0. 0. 0.
    5.34105301e-003 0. 1.94978830e-003 5.40705398e-004 3.35795735e-003
    1.77741679e-003 0. 8.28493503e-004 1.34255248e-003 -2.12699617e-003
    5.15284541e-004 2.38021516e-004 3.44999484e-003 8.29106662e-004
    -4.98528767e-004 4.29290812e-003 7.65962526e-003 9.90765635e-004 0.
    0. 4.80771903e-003 0. 8.94691271e-004 0. 4.32881480e-003 0. 0. 0.
    1.28960388e-003 0. 0. 7.91899208e-003 0. 0. 0. 0. 0. 0.
    8.78729299e-003 0. 0. 4.87856567e-003 1.84347283e-003
    3.82945337e-003 0. 0. 0. 5.25423698e-003 0. 0. 0. 0. 0.
    3.35872360e-003 6.00890350e-003 -2.04210519e-004 0. 0.
    3.35293799e-003 0. 0. 0. 0. 0. 0. 0. 3.03064380e-003 9.12620337e-004
    0. 5.47084725e-004 9.88663756e-004 -1.68276869e-003 1.61949964e-003
    5.18646464e-003 1.23647053e-003 0. 1.28801912e-003 0.
    2.17731955e-004 4.09431849e-003 0. 0. -2.93405028e-004 0.
    4.29484621e-003 3.31167667e-003 0. 0. 0. 0. 1.95935438e-003 0. 0. 0.
    0. 0. 0. 0. -5.01226925e-004 0. 5.20681217e-003 0. 0.
    -2.87104922e-004 9.84306680e-004 0. 1.08837907e-003 -1.30132656e-004
    0. 3.68138938e-003 1.49264676e-003 0. 5.84125228e-004 0. 0. 0.
    1.81288586e-003 7.34874164e-004 5.65341965e-004 0. -1.16566452e-003
    0. 0. 7.24090962e-003 0. 1.94985757e-003 0. 0. 5.40183112e-003 0.
    2.17627981e-004 0. 1.93801767e-003 1.90534571e-003 -1.15712383e-003
    0. 6.21761987e-003 5.03974315e-003 7.39445328e-004 0. 0. 0.
    1.06498148e-004 0. 1.24624930e-003 0. 4.06988926e-004 0. 0.
    1.53677417e-002 6.23653177e-003 3.63194221e-003 0. 1.26051996e-003
    0. 0. 0. 0. 0. 0. 0. 3.37408157e-003 1.09054486e-003 0.
    -8.54717684e-004 4.65807831e-003 1.75137632e-003 0. 0. 0.
    8.00115429e-003 0. 0. 0. 0. 1.71139510e-003 3.11050960e-003
    -1.21386140e-003 8.43421277e-003 0. 0. -9.83749283e-004 0. 0. 0.
    3.79880541e-003 0. 2.59371154e-004 9.07226524e-004 0. 0.
    8.88427894e-004 1.61610823e-003 0. 0. 0. 0. 0. 0. 5.74725040e-004 0.
    1.37570326e-003 1.04884086e-004 3.50133516e-004 0. 0.
    3.15174088e-003 4.44201054e-003 0. 1.29508805e-002 0. 0. 0.
    3.86622781e-003 0. 1.92918431e-003 2.35440535e-003 0. 0. 0. 0. 0. 0.
    6.44291868e-005 3.68100940e-003 0. 0. 0. 0. 7.09854648e-004 0.
    6.06684916e-005 1.57719071e-003 6.99859636e-004 -1.29956787e-003
    1.39154727e-003 0. 4.54874570e-003 2.03251676e-003 1.62383262e-003
    2.05191341e-003 0. 5.35474066e-003 0. 2.75054108e-003
    5.92060201e-003 -7.41950953e-006 0. 0. 0. 0. 8.22375249e-003
    3.36965313e-003 1.09827879e-003 0. -3.84827581e-004 6.12251926e-004
    0. 7.35560141e-004 6.64455025e-003 9.69721994e-004 6.17241167e-005
    0. 6.90433430e-003 7.89831858e-003 2.03844369e-003 2.72840075e-003
    2.20788806e-003 0. 0. 7.20159966e-004 0. 2.00466183e-003
    4.41996567e-003 0. 0. 9.58641176e-004 6.26090262e-003 0. 0.
    -5.02018433e-004 0. 0. 3.25435976e-004 0. -2.64764065e-004 0.
    6.81755366e-003 0. -1.12575118e-003 1.41579879e-003 -6.42172468e-004
    1.21851463e-003 0. 0. 1.11629104e-003 0. -9.47808148e-004
    1.03837170e-003 3.08722351e-003 4.88058757e-003 1.27250631e-003
    2.40520737e-003 1.47718284e-003 0. 0. 0. 1.41872186e-003 0. 0. 0. 0.
    0. 0. 0. 2.99912249e-003 0. 0. 0. 0. 3.92139796e-003 5.66536211e-004
    0. 0. 0. 1.70027278e-003 0. 0. 0. 6.27120631e-003 2.27306224e-003 0.
    0. 0. 0. 6.46994216e-004 0. 1.29243545e-003 0. 0. 7.59774295e-004 0.
    0. 0. 0. 1.64192077e-003 1.50190352e-003 5.35234297e-003 0. 0. 0.
    7.69781834e-003 0. -1.80974075e-005 0. 0. 3.70593951e-003 0.
    -1.20138109e-003 0. 0. 2.27854610e-003 0. 4.87025268e-003 0.
    1.59848540e-003 0. 0. 0. 0. 0. 0. 4.41760430e-003 0. 2.88164360e-003
    0. 2.61172000e-003 1.38632092e-003 3.23167979e-003 0. 0. 0.
    2.98657967e-003 4.71884897e-003 0. 5.82408218e-004 5.30846510e-003
    5.41014073e-004 7.46377604e-003 0. 0. 1.57173898e-004
    1.49204046e-003 0. 2.97013181e-003 1.03958773e-004 0.
    1.45113445e-003 0. -5.90860611e-004 0. 3.70176346e-003 0.
    1.78957847e-003 0. 3.69071052e-003 -1.28280371e-003 0. 0. 0. 0.
    -7.48129969e-004 -4.47785773e-004 1.36328284e-002 0. 8.15664232e-003
    4.57376381e-003 0. 0. 0. 4.25578473e-004 0. 6.11194829e-003
    1.77208323e-003 4.76423930e-003 8.82130233e-004 0. 0.
    1.07513659e-003 0. -7.15037400e-004 0. 0. 8.60025815e-004 0. 0. 0.
    0. 2.60527083e-003 0. 1.02839095e-003 0. 0. 0. 0. 0. 0. 0.
    6.65229419e-003 4.09981795e-003 0. 5.40854689e-003 -2.66914081e-004
    0. 0. 0. 0. 2.49920296e-003 2.85873818e-003 1.37960757e-004
    6.43157354e-003 0. 0. -8.32702499e-004 0. 3.33937863e-003 0.
    6.20595645e-003 0. 0. 0. 0. 0. 0. 0. 0. 4.95638815e-004 0. 0. 0.
    7.88133359e-004 6.34893891e-004 0. 2.69258767e-003 0. 0. 0. 0. 0. 0.
    -5.46547235e-004 0. 5.75840659e-003 0. -4.00700490e-004
    4.07307595e-003 0. 0. 1.58598146e-003 0. 1.23616424e-003 0. 0. 0. 0.
    0. 7.06026913e-004 8.95395293e-004 0. 0. 0. 0. 0. 0. 1.76667259e-003
