<?xml version="1.0"?>
<opencv_storage>
<imageDescriptor type_id="opencv-matrix">
  <rows>1</rows>
  <cols>1000</cols>
  <dt>f</dt>
  <data>
    0. 4.22926806e-003 1.58577645e-003 1.23536459e-003 8.95631965e-004
    0. 0. 1.85781450e-003 3.63804633e-003 2.23003537e-003
    4.93075326e-003 6.42438326e-003 0. 0. 0. 0. 3.51850249e-005 0.
    -1.08478605e-004 0. 1.74105086e-003 1.00640592e-003 0. 0.
    4.11014166e-003 6.77045377e-004 0. 0. 0. 0. 6.05263794e-003
    4.28877160e-004 0. 0. 1.12815003e-003 0. 0. 0. 6.72007259e-003
    6.95405575e-003 1.31391501e-003 -1.84360484e-003 0. 1.62720808e-003
    5.77930827e-004 2.08477164e-003 -7.70179206e-004 0. 9.78991389e-004
    0. 0. 0. 2.27401685e-003 2.10734524e-005 0. 0. 5.74967766e-004 0. 0.
    9.95822065e-003 0. 0. 1.76077290e-003 1.17750536e-003
    1.13721740e-004 -9.37347417e-004 -4.60982934e-004 6.57074270e-004 0.
    3.69827688e-007 3.02521163e-003 4.54398687e-004 3.78018594e-004
    2.92875338e-003 0. 1.87704200e-003 9.65100306e-004 0.
    3.84054752e-003 0. 0. 4.87193884e-003 1.40636251e-003 0. 0. 0.
    4.70562489e-004 7.28650775e-004 -1.02454307e-003 0. 0. 0. 0. 0.
    1.26101347e-002 4.42069769e-003 -8.50375000e-005 0. 2.27844506e-003
    2.27273745e-003 1.79375999e-003 -9.50470043e-004 0. 0.
    1.41604443e-003 7.41084153e-003 0. 0. 7.20003329e-004
    1.09714642e-003 1.40210148e-003 -8.20774003e-005 1.19860738e-003 0.
    1.26575259e-003 6.34323480e-003 3.15877143e-003 3.08370288e-003
    1.84456562e-003 1.59999647e-003 1.17370002e-002 9.58628953e-004
    4.05390235e-003 1.54554041e-003 9.30208247e-004 0. 0. 0. 0. 0.
    6.38643454e-004 0. 1.36817503e-003 3.82258114e-003 7.80533766e-004
    0. 0. 0. 6.24876656e-003 3.67119885e-003 3.73546244e-003 0. 0.
    8.33443599e-004 0. -8.78149527e-004 4.11374448e-003 0.
    1.09400589e-003 8.85560119e-004 4.61844495e-003 0. 0.
    6.64667599e-003 0. 2.76564131e-003 2.87698815e-003 3.04702146e-004
    1.19755771e-002 0. 0. 0. 0. -1.50533032e-003 0. -4.27780149e-004 0.
    0. 3.07805778e-004 7.67345959e-003 6.32621523e-004 -2.37483089e-003
    0. 0. -8.42415728e-004 0. 0. 0. 7.19867996e-004 4.71605314e-003 0.
    2.49324227e-003 -8.38866923e-004 4.69813735e-004 2.45231582e-004 0.
    0. 0. 4.28188621e-004 4.68177861e-003 9.55229742e-004
    6.77176565e-003 2.20532715e-003 6.15343451e-003 9.90862027e-004
    1.01933221e-003 2.37431144e-003 0. 6.06332382e-004 4.69623366e-003
    0. 0. 0. 0. 2.97878007e-003 0. -3.37552156e-005 0. 5.07569034e-003
    0. 1.82122889e-003 0. 1.98958116e-003 1.42930169e-003 0.
    8.15610681e-003 1.38611824e-003 1.41354813e-003 0. 3.74041498e-003
    0. -1.99016125e-004 -1.07320654e-003 0. 0. 0. 3.09718365e-004
    4.66379104e-003 3.70521843e-003 1.83611223e-003 2.35608360e-003 0.
    2.77829473e-004 5.27155120e-004 0. 2.00448069e-003 3.09278234e-003
    2.86361959e-004 2.79806933e-004 1.98206655e-003 0. 3.14931455e-003
    0. 6.70407258e-004 2.21889163e-003 1.33901031e-003 0.
    -1.46303006e-004 0. 5.66979812e-004 9.51960159e-004 -1.14425702e-003
    0. 1.51074468e-003 0. -1.67804086e-004 3.20221041e-003
    1.17516634e-003 3.01819202e-003 0. 2.08271039e-003 0.
    6.37635309e-003 0. 0. 5.56903891e-004 4.56408877e-003 0. 0.
    4.26970050e-003 1.27617968e-003 2.60609930e-004 0. 0. 0.
    2.31006276e-003 0. 0. 0. 6.03917008e-003 2.03127321e-003
    1.36466522e-003 0. 0. 6.78417739e-004 7.67285237e-005
    1.14356691e-003 5.29007195e-003 4.78327100e-004 0. 3.63248662e-004
    1.11677346e-003 2.60157511e-003 0. 1.05266867e-003 0.
    -9.85040446e-004 -1.12825423e-004 2.29342282e-003 1.55422531e-004
    4.60980780e-004 0. 2.23227404e-003 5.01079252e-004 3.15611414e-003
    2.69659702e-003 0. 4.06980095e-003 0. 5.69903932e-004 0.
    2.62043159e-003 2.43880763e-003 3.84153589e-003 0. 4.05391038e-004
    8.70089934e-005 7.08389003e-003 0. 3.61314509e-003 0.
    3.28411465e-004 0. 0. 0. 1.17399241e-003 0. 4.11670981e-003
    2.49353494e-003 -4.47571743e-004 -2.15623085e-003 1.27447455e-003
    7.72218336e-004 0. 0. -1.12054602e-003 0. 4.00827546e-003
    2.22828635e-003 7.63527444e-003 6.76882162e-004 0. -7.38329778e-004
    0. 0. 0. 0. 0. 0. 5.72248362e-003 2.31448025e-003 3.31337284e-003
    1.37185748e-003 0. 0. 1.34368043e-003 9.82994959e-003 0.
    1.11556950e-003 0. 0. 0. 5.64435450e-003 3.58618039e-004 0. 0. 0. 0.
    1.41359353e-003 0. 4.06922633e-003 0. 2.53572071e-004
    2.90687056e-003 0. -1.57168973e-003 0. 3.30120185e-003 0.
    1.76201481e-003 2.14832439e-003 0. 1.56268326e-003 5.21561177e-003
    0. 4.73768654e-004 -6.27483765e-004 0. 0. 0. 0. 4.36137803e-003
    2.62522791e-003 0. 1.93083542e-003 0. 0. -1.18046650e-003 0.
    2.67751951e-004 2.74719088e-004 0. 0. 0. -2.39128596e-003
    1.62055681e-003 3.20048304e-004 1.74839003e-003 0. 0.
    8.65759619e-004 0. 1.71242678e-003 0. 4.11556452e-004 0. 0. 0. 0.
    1.06434217e-002 0. 6.76716794e-004 -9.08135917e-005 1.62713777e-003
    1.04168919e-003 6.30150642e-003 1.39121606e-003 0. 1.35937228e-003
    1.26275024e-003 0. 0. 2.93364585e-003 0. 0. 5.31244418e-003 0.
    1.32412103e-003 0. 4.42996668e-003 -7.46607955e-004 2.61793705e-003
    0. 0. 0. 0. 0. 0. 0. 0. 0. 1.08616834e-003 0. 0. 0. 0. 0. 0.
    7.50791689e-004 0. 2.64549558e-003 0. 0. -5.06849086e-004 0. 0.
    3.59464018e-003 0. 0. 0. 1.97070115e-003 1.26942596e-003 0.
    1.79469970e-003 0. -5.00992232e-004 0. 2.16962723e-003
    1.56731880e-003 0. 6.68077439e-004 6.63753235e-005 4.21664939e-004
    0. 3.52544896e-003 6.65714382e-004 5.01593063e-003 1.58068782e-003
    0. -9.26928697e-005 4.82301554e-003 4.43512434e-003 9.25079861e-004
    3.80077655e-003 9.90677392e-004 5.23988064e-003 1.30208593e-003 0.
    6.83909841e-003 0. 1.16151723e-003 -5.48778742e-004 0.
    7.50297389e-004 -7.91335595e-004 0. 7.79812806e-004 1.81271590e-003
    2.71051485e-005 0. -6.63549581e-004 2.32848478e-003 -1.37751258e-003
    0. 0. 2.38316192e-004 0. 0. 0. 0. 0. 1.83870329e-003 4.42938966e-004
    0. 2.89333845e-003 0. 9.57724638e-004 0. 9.63386148e-004
    2.40755006e-004 5.76517778e-004 0. 0. 0. 0. 0. 0. -5.94741665e-004
    1.69551931e-004 -4.76649147e-004 0. 3.16667650e-003 2.35577550e-004
    0. 1.79777679e-004 1.10257475e-003 0. 0. 2.00632331e-003
    -2.43040523e-003 -1.18828111e-003 0. -5.99053383e-005 0.
    2.07984797e-003 5.85634552e-004 3.86923784e-004 0. -1.37448238e-004
    3.20152659e-003 3.19802988e-004 8.87926086e-004 2.52716220e-003
    1.90923025e-003 -1.25297636e-003 1.69177249e-003 1.71139347e-003
    3.85856460e-004 1.77218369e-003 1.98583621e-006 3.22851469e-003
    1.27937202e-003 1.80164678e-003 -2.51711579e-003 1.34828663e-003 0.
    0. 0. 3.60595458e-003 5.63093228e-004 1.59484614e-003 0.
    3.73920333e-003 1.30633474e-003 5.40785631e-003 0. 1.06793246e-003
    0. 5.73535590e-003 1.62619352e-003 0. 0. 3.46901221e-003
    -6.19666243e-004 -4.61491523e-003 0. 8.89520452e-005 3.81218479e-003
    7.34760100e-003 3.46186408e-003 5.10541070e-003 2.49220617e-003 0.
    0. 3.06279818e-003 0. 0. 0. 0. 3.11742979e-003 2.14360724e-003 0. 0.
    0. 0. 0. 0. 0. 6.94481307e-004 2.94044847e-004 3.60648590e-003 0.
    4.62020561e-003 0. 0. 2.69359793e-003 0. 0. 0. 2.65122484e-003 0. 0.
    0. 7.91216327e-004 -1.64027428e-004 2.18541827e-004 0. 0. 0. 0.
    5.29744197e-003 0. -6.92182730e-005 8.74628953e-004 0.
    3.84392537e-004 2.66530272e-003 0. 0. 0. 0. 8.49499949e-004 0.
    1.17999362e-003 0. 0. 0. 0. 2.47113698e-004 5.30385878e-004 0. 0.
    1.68505451e-003 9.71474219e-004 0. 0. 1.59858621e-003 0. 0. 0. 0.
    2.29146928e-004 0. 6.92551257e-004 1.67831336e-003 -3.06165311e-004
    2.37145158e-003 1.71002257e-003 0. 4.92194027e-004 0. 0. 0. 0.
    1.37034222e-004 3.35007114e-003 1.06451819e-002 0. 0.
    8.07413307e-004 3.56965279e-003 4.78892727e-003 1.35804454e-004 0.
    0. 1.08434854e-003 0. 2.44900328e-003 0. 0. 1.62980426e-003
    1.33364007e-003 -3.18348029e-004 0. 0. 0. 0. 0. 0. 0.
    9.45355371e-003 0. 3.48447880e-004 0. 5.00092888e-003 0. 0.
