<?xml version="1.0"?>
<opencv_storage>
<imageDescriptor type_id="opencv-matrix">
  <rows>1</rows>
  <cols>1000</cols>
  <dt>f</dt>
  <data>
    0. 0. 2.57287663e-003 0. 2.08544522e-003 0. 1.03676040e-003
    4.77131968e-003 9.44027491e-003 3.47468653e-004 0. 0.
    6.10228803e-004 0. 0. 1.89006946e-003 -3.60007794e-003 0. 0. 0. 0.
    3.46514233e-003 1.73810776e-003 0. 0. 0. 2.58998177e-003 0. 0. 0. 0.
    -9.13340482e-004 -2.62653013e-003 1.80027320e-003 2.32055737e-003
    1.64009209e-004 4.55071544e-003 0. 4.32801899e-003 2.11108895e-003
    0. 0. 0. 0. 0. 0. 0. 0. 0. 1.18954247e-003 1.82786572e-003 0.
    1.10669136e-002 -1.94445514e-004 0. 2.43657222e-003 2.81253806e-003
    9.81221208e-004 7.58182898e-004 0. 0. 0. 4.23809467e-003
    1.75871595e-003 0. 0. 0. 0. 3.56569770e-003 0. 4.22368199e-003
    3.59071372e-003 0. 0. -1.11404003e-003 0. 0. 4.54637775e-004 0.
    7.74894841e-004 1.83644099e-003 5.62627008e-003 1.00785843e-003
    -1.16117974e-003 0. 0. 3.38781322e-003 7.67287333e-004 0.
    2.38840375e-003 7.02943362e-004 0. 1.98352383e-003 -1.41475466e-003
    8.74239835e-004 0. 0. 0. 0. 2.26538003e-004 3.79633089e-003
    -6.83605613e-004 2.72725243e-003 0. 3.83714563e-003 0.
    -1.28570676e-003 1.68995443e-003 8.84447538e-004 2.18798500e-003 0.
    2.29534041e-003 0. 0. 2.11323204e-004 0. 0. 0. 0. -1.69179938e-003
    0. 1.69213978e-003 1.14305015e-003 3.40293837e-003 0.
    5.04600575e-005 -1.69366377e-003 0. 0. 0. 0. 5.03228139e-003 0. 0.
    0. 4.38656611e-003 0. 0. 0. -1.99564500e-004 0. 2.46365089e-003 0.
    0. 0. 0. 0. 1.80769421e-004 0. 0. 0. 9.83365113e-004 0. 0.
    8.47885967e-004 0. 2.90139695e-003 7.08443185e-005 3.95189412e-003
    1.32583803e-003 0. 0. 3.77087248e-003 1.60540908e-003
    2.44688150e-003 4.36772360e-003 0. 0. 3.18130187e-004
    6.28708396e-004 3.88827734e-003 0. 0. 0. 0. 3.75081277e-006 0.
    9.79945180e-004 0. 1.05501816e-003 2.99301487e-003 1.05524657e-003
    -4.79541224e-004 4.18237504e-003 0. 2.52405298e-003 1.72084430e-003
    7.48133287e-004 0. 1.56237348e-003 6.51807524e-004 0. 0.
    2.09316495e-003 -1.26250740e-003 0. 0. 1.23580787e-004
    1.30955270e-003 0. 0. 3.30671249e-003 2.03625462e-003
    3.53246974e-003 1.09643140e-003 0. 0. 1.53096532e-003
    -6.88797852e-004 0. 3.23406816e-003 0. 0. 2.88887786e-005 0. 0.
    1.52669731e-003 0. 0. 0. 8.82331573e-004 0. 0. 0. 0. 0. 0. 0.
    2.70189717e-003 0. 0. 3.84344341e-004 0. 1.19691752e-002 0.
    2.11033900e-003 0. 1.77005876e-003 0. 3.74197261e-004 0. 0.
    3.90687445e-003 6.84429950e-004 5.80709055e-003 -2.54885788e-004
    4.61457530e-003 0. 7.54217268e-004 0. 0. 8.20623463e-005
    1.25051185e-003 0. 0. 0. -6.72716240e-004 2.06690165e-003 0. 0.
    6.43779105e-003 0. 7.85570708e-004 9.98669188e-004 0. 0. 0. 0. 0. 0.
    0. 0. 0. -5.41549234e-004 0. 0. 0. -7.46524951e-004 4.00949270e-003
    0. 1.80821761e-003 0. 2.86237319e-005 -4.89918093e-005
    5.42351860e-004 1.35417096e-003 0. 0. 8.97569233e-004
    3.13791982e-003 4.79286211e-003 1.66803971e-003 0. 0. 0.
    4.18798113e-003 0. 1.72940118e-003 0. 1.56697305e-003 0. 0. 0. 0.
    5.86971175e-003 0. 0. 6.54520327e-003 0. 2.68936460e-003 0. 0.
    4.07275464e-003 3.64236301e-003 2.18715845e-003 0. 2.57602404e-003
    0. 8.10946105e-004 2.76008784e-003 5.07222430e-004 0. 0. 0.
    3.33055994e-003 1.06319581e-004 0. 7.76779139e-004 0.
    2.20183167e-003 0. 3.39415448e-004 9.20401141e-003 0.
    1.19871814e-002 0. 3.15739913e-003 3.76250595e-003 0. 0. 0.
    -6.91192918e-006 0. -1.47817598e-003 0. 1.43951003e-003
    2.05161655e-003 0. 0. 3.62905813e-003 0. 0. 0. -2.75320945e-005
    2.49351887e-003 0. 0. 2.25705421e-003 0. 2.57737585e-003
    2.06543249e-003 4.85960743e-004 0. 5.31609543e-003 3.36186308e-003
    7.76777568e-004 1.38603896e-003 1.19875313e-003 0. 1.64881669e-004
    0. 0. 0. 0. 0. 1.09186349e-003 0. 0. 0. 0. 3.90269444e-003 0. 0. 0.
    -1.60066015e-003 1.25003897e-003 0. 8.15183949e-003 2.17778748e-003
    0. 0. 2.65380717e-003 0. 0. 0. 2.74554570e-003 0. 0. 0.
    1.54810632e-003 3.75379249e-003 0. 0. 2.18096562e-003 0. 0. 0.
    1.06427597e-003 2.51529412e-003 0. 0. 0. 1.41925784e-003 0.
    1.79121748e-003 1.73315743e-003 0. -4.48658131e-004 0.
    -3.77937395e-005 0. 2.39683175e-003 0. 1.18993525e-003
    4.99829976e-003 0. 0. 2.48811231e-003 0. 4.68513602e-003
    3.97411222e-003 0. 1.34852761e-003 2.19828263e-003 0. 0.
    4.04869765e-003 1.22549792e-003 -1.77256457e-004 1.02961785e-003
    -1.32180704e-003 -3.93367809e-004 1.75717787e-003 0. 0. 0. 0.
    2.14300747e-003 3.16656806e-004 4.27410618e-004 5.32974256e-004 0.
    0. 0. 7.16503651e-004 0. 0. 3.20711266e-003 2.28669247e-004
    2.83856504e-003 0. 3.84677056e-004 0. 3.16160591e-003 0. 0. 0.
    2.15537497e-003 1.53621449e-003 0. 2.25917739e-003 3.57185071e-003
    0. 0. 1.19105466e-002 0. 0. 0. 8.54476646e-004 0. 0. 0.
    1.48649234e-003 0. 1.03898707e-003 0. 1.70886330e-003
    -3.38015292e-004 7.94517691e-004 7.20417942e-004 0. -2.26754695e-004
    1.53976830e-003 0. -8.69050913e-004 0. 0. 1.71384565e-003
    5.76532562e-004 0. 2.21837754e-003 0. 7.50508771e-005
    -1.15574992e-004 0. 0. 4.07612743e-003 0. 2.08192156e-003 0. 0.
    6.80616940e-004 5.94044453e-004 0. 0. 3.73558118e-003
    1.81965786e-003 9.18636448e-004 8.33036087e-004 8.14700732e-004
    3.00047151e-003 1.78668590e-003 5.31814112e-005 0. -3.27512767e-004
    6.02261815e-003 0. 0. 0. 7.02605257e-003 0. 0. 3.71411210e-003 0. 0.
    0. 6.66954555e-004 4.59976582e-005 6.26707543e-003 2.22950033e-003
    0. 0. 0. 5.59009006e-003 -1.03787181e-003 2.54453672e-003
    2.52359110e-004 0. 0. 5.90028241e-004 1.44707377e-003 0. 0.
    7.54296256e-004 2.35761306e-003 0. 2.52751197e-004 0.
    1.30676001e-003 1.57193746e-003 1.68368523e-003 5.68774529e-003
    3.23976693e-003 0. 4.90816217e-003 0. 0. -2.77238782e-004 0. 0.
    4.55633563e-004 1.35174324e-003 9.88751184e-004 -1.78548938e-003 0.
    1.08914799e-003 1.42386509e-003 0. 0. 0. 0. 0. 0. 1.90707727e-003
    9.34866956e-004 0. 3.61409737e-003 0. 0. 0. 0. 0. 0.
    -6.00045547e-004 6.83696184e-004 3.84136359e-003 0. 0. 0.
    1.18060759e-003 9.30376060e-004 -2.27093522e-004 0. 0. 0.
    7.59702409e-004 0. 0. 3.03495945e-005 3.63675714e-003 0.
    2.96829408e-003 1.87342567e-003 0. 0. 0. 2.80294148e-003
    1.55366503e-003 1.99674373e-003 0. 0. -5.17176173e-004 0. 0.
    1.20687520e-003 1.50379760e-003 0. 0. 4.02666954e-003
    5.09228383e-004 0. 0. 2.68008839e-003 0. 0. 0. 0. 0. 1.50802860e-003
    0. 1.02964335e-003 -1.54317927e-003 0. 7.91516562e-004
    -4.43397352e-004 2.89256196e-003 5.44550689e-003 6.60022546e-004 0.
    0. 1.20400416e-003 1.76911347e-003 0. 0. 2.17049010e-003
    1.02675287e-003 0. 0. 9.01560183e-004 5.50003443e-003
    1.28523086e-003 4.83187707e-003 -6.95954222e-005 9.45422426e-003 0.
    3.05264932e-003 1.31456228e-003 0. 1.33560773e-003 4.24819812e-003
    1.47771358e-003 1.41996483e-003 1.20800768e-003 1.37451687e-003
    5.98808692e-004 0. 0. 0. 8.05498741e-004 4.33452631e-004 0.
    7.30176631e-004 2.23576860e-003 0. 2.21668999e-003 0.
    1.44629483e-003 0. 0. 0. 0. 1.18555059e-003 6.85764989e-003
    4.75215260e-003 0. 1.21140061e-003 -2.30538950e-004 1.67588296e-003
    0. 3.34535318e-004 2.32668780e-003 0. -6.30753813e-004
    4.46472457e-003 1.42701506e-003 0. 1.72494457e-003 0.
    1.11070613e-003 0. 0. 0. -5.17832290e-004 3.26809823e-003 0.
    1.01927749e-003 0. 0. 0. 3.66663153e-004 0. 0. 0. 0. 7.78379501e-004
    3.83696577e-004 0. 9.49336868e-003 0. 7.95925315e-003
    -1.26871816e-003 0. 0. 5.85972192e-003 1.99051551e-003 0. 0.
    7.36882852e-004 0. 0. 8.57845065e-004 0. 9.09614097e-003
    2.98313960e-003 3.02693225e-003 3.52755282e-003 0. 0. 0. 0.
    -2.13032021e-004 0. 2.80631473e-003 0. 1.57238042e-003
    4.19262913e-004 0. 2.44749757e-003 0. 0. 0. 0. 0. 0. 0.
    4.44965111e-003 0. 0. 0. 0. 0. 1.56756572e-003 0. -3.39412992e-003
    4.94310400e-003 0. 0. 0. 2.06347881e-003 4.75033931e-003
