<?xml version="1.0"?>
<opencv_storage>
<imageDescriptor type_id="opencv-matrix">
  <rows>1</rows>
  <cols>1000</cols>
  <dt>f</dt>
  <data>
    0. 9.55453957e-004 0. 0. 0. 1.95122138e-003 2.70346273e-003 0. 0. 0.
    0. -8.60537693e-005 2.14656163e-003 0. 0. 0. 0. -9.35571443e-004
    6.90029748e-003 0. 0. 1.33455405e-003 0. 0. 0. 1.74719215e-004
    2.13215314e-003 0. 0. 0. 3.69793549e-003 -1.79435394e-003
    3.44037381e-003 9.79303569e-003 0. 0. 0. 0. 0. 0. 0. 2.08240701e-003
    0. 1.19153806e-003 0. 0. 8.11542792e-004 1.56766525e-003
    -3.95346115e-006 0. 0. 0. 0. 0. 0. 0. 0. 1.78670394e-004 0. 0. 0.
    8.74379184e-003 0. 1.06270621e-002 0. 0. 0. 0. 1.24215139e-002
    3.22496402e-003 0. 0. 8.08635913e-003 0. 0. 3.77867837e-003 0.
    3.36063071e-003 0. 6.30806317e-004 0. 7.64609221e-003 0.
    1.01416660e-002 -1.33407139e-003 0. 0. 2.37878622e-003 0.
    -1.66862766e-004 0. 4.57552000e-004 1.09030574e-003 2.43248930e-003
    5.27350407e-004 1.43101020e-002 0. -5.59830514e-004 -4.36226744e-003
    0. 2.42451555e-003 0. 0. 9.86931729e-004 0. -5.32964105e-003
    -6.96393603e-004 0. 0. 0. 0. 0. 2.09952611e-003 0. 0. 0. 0.
    4.70288011e-004 0. 0. 0. 0. 0. 0. 0. 0. 0. -4.48435690e-004 0.
    2.36246735e-003 3.03330971e-003 0. 1.17586809e-003 0.
    3.28088691e-003 1.14010167e-004 5.37452940e-003 5.35122026e-003 0.
    0. 3.32731567e-003 0. 1.32152112e-003 3.36823496e-003 0.
    5.21159405e-003 1.07359060e-003 0. 7.14748283e-004 7.44476309e-003
    0. 2.14928784e-003 0. 0. 0. 0. 0. 0. 0. 3.33173806e-003
    8.77024792e-003 -4.85341501e-004 1.55675586e-003 8.67598166e-004 0.
    0. 6.02808455e-003 0. 0. 0. 3.88232619e-003 0. 2.73642316e-003 0. 0.
    2.03820318e-003 0. 0. 0. 0. 0. 0. 2.53175967e-003 1.58039539e-003 0.
    -6.33476535e-004 7.38597056e-003 0. 4.40798048e-003 5.88844158e-003
    8.91650654e-003 0. 4.87522484e-004 0. 1.24069233e-003 0. 0. 0.
    2.12222850e-003 1.05398549e-002 2.24404200e-003 0. 2.28607911e-003
    1.13702926e-003 0. 0. 1.11901329e-003 0. -3.49127105e-003 0. 0. 0.
    0. 1.40087837e-002 0. -6.58247445e-004 -6.73181785e-004 0.
    9.05712228e-003 0. 1.84391445e-006 0. 7.24784844e-003
    1.26273406e-003 0. 0. 0. 3.44881765e-003 1.01437233e-002 0. 0.
    -1.77626230e-003 0. 0. 0. 0. 5.15009928e-003 2.83613312e-003 0.
    -2.45156535e-003 0. 0. -1.10609818e-003 0. 0. 0. -3.69914269e-005 0.
    0. 2.36299844e-003 3.15877813e-004 0. 2.48405640e-003 0. 0.
    1.10259037e-002 0. 2.54639075e-003 0. 5.56560187e-003
    2.45231250e-003 0. 2.45337188e-003 0. 0. 1.13340188e-003 0.
    8.74404982e-003 0. 0. 0. 0. 0. 0. 0. 4.02719621e-003 0. 0.
    1.07249059e-002 -6.88308617e-004 0. 9.26288869e-003 5.29790111e-003
    6.54223887e-003 0. 0. 0. 0. 2.77608633e-003 2.63550063e-003 0. 0.
    1.08518768e-002 0. 6.22680457e-003 0. 0. 0. 0. 0. 9.22166684e-004
    2.55661225e-003 0. 0. 0. 0. 0. 0. 3.45647684e-003 0. 0. 0. 0.
    1.82954024e-003 0. 0. 5.42217307e-003 2.54227570e-003 0.
    3.36387032e-003 0. 1.29317027e-003 3.94411059e-003 1.59890926e-003
    1.19146192e-003 1.04494684e-003 1.51811503e-006 0. 1.21958472e-003
    0. 0. 1.57714949e-003 0. 4.28616349e-003 0. 0. 0. 2.65004183e-003 0.
    4.87872865e-003 7.94703141e-003 0. 0. 0. -4.96011460e-004 0.
    -3.92988237e-004 1.64212368e-003 0. 4.64534736e-004 0.
    1.43618404e-003 0. 2.39917100e-003 7.08877225e-004 -2.74374778e-003
    0. 6.55704131e-003 0. 0. 0. 0. 1.57843367e-003 0. 0. 1.54851552e-003
    0. 0. 0. 5.46313636e-003 0. 0. 1.94218545e-003 0. 0.
    -1.60198391e-003 1.48215203e-003 2.17374670e-003 -2.02638167e-003 0.
    0. 2.85376422e-003 0. 1.31858755e-002 0. 0. 0. 0. 0. 0. 0. 0. 0. 0.
    3.57449870e-003 0. 0. 0. 0. 0. 0. 0. 0. 0. 9.91055393e-004
    1.36730471e-003 0. 1.46306213e-003 0. 0. 0. 0. 0. -9.41371720e-004
    0. 0. 1.89749221e-003 0. 0. 0. 0. 7.41398009e-003 2.16741906e-003
    7.36287748e-003 0. 0. 0. 0. 0. 9.95283714e-004 0. 5.20775747e-003
    9.70875286e-003 0. -2.77504255e-003 6.80614868e-003 3.51950270e-003
    0. 0. 9.60687082e-003 0. 0. 2.79742829e-003 0. 1.52939663e-003 0. 0.
    0. 0. 0. 0. 0. 0. 0. 1.55925448e-003 0. 0. 2.51349498e-004 0.
    8.17580428e-003 0. 0. 1.43429020e-003 0. 0. 0. 0. 0. 3.57986591e-003
    4.57915524e-003 0. 0. 0. 0. 0. 0. 1.79426768e-003 0. 9.63309390e-007
    0. 0. 0. 0. 1.02406659e-003 0. 0. 0. 1.16621389e-003 0. 0. 0. 0. 0.
    3.94529989e-003 0. 4.39093867e-003 0. 0. 0. 0. 2.66965595e-004
    1.05478638e-003 1.82611868e-003 1.96030457e-003 0. 6.46547182e-003
    0. 5.90375811e-003 0. -3.20666091e-004 1.11395644e-003
    1.65121572e-004 5.39328810e-003 5.90917654e-004 0. 3.10649467e-003
    0. 1.45038404e-003 0. -1.27002294e-003 0. 0. 0. 0. 0. 0. 0.
    2.70854519e-003 0. 1.39422936e-003 0. 0. 0. 1.68756128e-003 0. 0. 0.
    0. 3.91500629e-003 5.87837026e-003 0. 0. 0. 0. 0. 1.01640529e-003 0.
    0. 0. 0. 0. 0. 7.23060220e-003 0. -5.94279438e-004 3.04245297e-003
    1.69585377e-003 0. 2.94259563e-003 0. 0. -1.71931402e-003
    4.13961383e-003 -1.17003522e-003 0. 0. 0. 0. 0. 0. 7.62709230e-003
    0. 0. 1.08981086e-002 4.61952528e-003 0. 0. 0. 0. 1.80843542e-003
    1.14233396e-003 0. 0. 0. 0. 0. -1.83549931e-003 0. 0.
    7.11902138e-003 0. 1.56995084e-003 0. 0. 0. 1.76104752e-003
    6.50875550e-003 2.17831531e-003 0. -1.41145778e-003 0. 0. 0. 0.
    2.05658423e-003 0. 0. 4.13407711e-003 0. 3.26822279e-003 0. 0. 0. 0.
    0. 0. 6.12279540e-003 0. 3.63629055e-003 0. 0. 0. 2.73759244e-003
    2.36056326e-003 0. 0. 5.95974596e-003 0. 1.16071915e-002
    -2.31588609e-003 0. 0. 8.18810367e-004 2.03978946e-003 0. 0. 0. 0.
    0. 0. 0. 0. 0. 0. 0. 0. 9.85299586e-004 0. 1.24068023e-003 0. 0. 0.
    1.71251013e-004 -1.29648205e-003 0. 0. 1.75265921e-003 0. 0.
    7.54871359e-003 0. 5.44851529e-004 0. 0. 0. 0. 0. 0. 8.32625944e-003
    -7.52952823e-004 2.76669348e-003 0. 0. 0. 0. 0. 0. 0. 0.
    6.29283255e-003 0. 0. 2.96556135e-003 1.88917690e-003
    -9.25481087e-004 0. 0. 0. 0. 0. 3.65243782e-003 0. 1.79734535e-003
    0. 0. 0. 0. 0. 1.47070747e-003 3.48104793e-003 0. 0. 0.
    3.01461114e-004 0. 1.45319232e-003 0. 7.06011022e-004 0. 0. 0. 0. 0.
    0. 1.90849369e-003 2.41028098e-003 0. 1.04050357e-002 0. 0. 0. 0. 0.
    0. 0. 0. 0. 3.65688326e-003 0. 0. 0. 0. 0. 0. 1.02554401e-002 0. 0.
    0. 5.30650432e-004 0. 7.21914507e-003 0. 2.02289480e-003
    -7.09816777e-006 1.49459066e-003 4.18347976e-004 1.23530946e-004 0.
    8.28429300e-004 8.03778693e-003 0. 1.87796727e-002 0.
    4.19044774e-003 0. -7.14534079e-004 1.47775991e-003 0. 0. 0. 0.
    2.13000644e-003 2.77663530e-005 0. 0. 0. 0. 1.57109031e-003
    6.84984960e-003 3.38983489e-003 0. 0. 2.49924441e-003 0. 0.
    -3.34057654e-003 0. 0. 2.58901319e-003 0. 1.96703686e-003 0.
    8.11517122e-004 7.96093699e-003 0. 0. 0. 1.69694668e-003 0.
    4.58450895e-003 0. 0. -3.30177438e-003 0. 0. 3.66901513e-004
    7.31372507e-003 8.96285009e-003 0. 5.91497589e-003 -1.26006512e-003
    0. 0. 0. 0. 0. 0. -2.18806672e-004 0. 1.18130492e-003 0.
    -3.75592586e-004 0. 0. -2.56587431e-004 -6.19108556e-004
    6.57180417e-003 0. 5.53414458e-003 -3.01569700e-003 0.
    -3.77434865e-003 1.49892911e-003 0. 2.17808574e-003 0. 0.
    1.43798557e-003 0. 0. 0. 1.36945175e-006 0. 0. 0. 0. 2.11369526e-003
    -7.74782151e-004 0. 1.99169107e-003 9.16542299e-003 0. 0. 0. 0.
    7.71836203e-004 0. 0. 0. 1.03284884e-003 0. 0. 0. 0. 0. 0.
    1.37356278e-002 2.14872509e-003 -8.44096357e-004 6.48190081e-003 0.
    0. 0. 0. 0. 0. 0. 0. 0. 0. 0. -1.40355807e-003 0. 0. 0. 0.
    1.11157366e-003 0. -9.45097185e-004 0. 1.49819395e-002 0.
    1.52215781e-003 0. 0. 0. 0. 0. 0. 0. 0. 0. 3.53441387e-003
    3.86586459e-003 0. 0. 0. 0. 2.50136771e-004 -7.52128253e-004 0. 0.
    6.99753873e-003 0. 8.74798652e-003 2.20915442e-003 0. 0. 0. 0. 0. 0.
    -1.51427416e-003 0. 0. 0. 5.21547161e-004 0. 0. 0. 0. 0. 0.
    -7.59191345e-004 0. 0. 0. 3.20585025e-003 -4.91519982e-004 0. 0.
    2.33624456e-003 0. 0. 9.83455800e-004 0. 2.64890911e-003 0.
    1.82521692e-003 0. -2.13367445e-003 0. 0. 0. 0. 0. 0. 0. 0.
