<?xml version="1.0"?>
<opencv_storage>
<imageDescriptor type_id="opencv-matrix">
  <rows>1</rows>
  <cols>1000</cols>
  <dt>f</dt>
  <data>
    1.00433582e-003 0. 0. 7.46407488e-004 -8.23422626e-004 0. 0. 0. 0.
    5.17874614e-005 0. 1.17195956e-003 1.79231213e-003 0. 0.
    2.82941363e-003 0. 0. 0. 0. 6.19015796e-003 5.79058938e-003
    4.71796142e-003 0. 0. -9.64417064e-004 0. 0. 8.95062403e-005
    -1.97495625e-004 0. -6.65531028e-004 3.63227166e-003 0. 0.
    6.31524436e-003 0. 2.73976079e-003 -1.00135594e-003 0.
    4.92611481e-003 5.45835239e-004 0. 6.45092316e-003 3.09435331e-004
    0. 1.38410390e-003 0. 0. 0. 0. 0. 0. 1.98896299e-003 0. 0.
    3.89784342e-004 0. 0. 0. 2.17930949e-003 1.13391387e-003 0.
    1.71808747e-003 0. 0. 0. 0. 1.91716966e-003 0. 0. 0. 1.51268078e-003
    0. 9.53648239e-003 2.33057211e-003 0. 0. 0. 4.91149630e-003 0. 0.
    1.97199499e-003 9.79803619e-004 2.04864470e-003 5.67539921e-003 0.
    0. 2.36098422e-003 8.17223918e-003 1.20663678e-003 0.
    6.89255912e-003 0. 2.60523614e-003 0. 0. 0. 1.49459287e-003 0.
    5.38257277e-003 1.31199453e-002 0. 0. 0. 0. 7.28615653e-003
    -7.35989946e-004 3.62027087e-003 3.52985517e-004 6.96772384e-003
    -9.59987694e-004 0. 2.70081568e-003 0. 0. 6.30967901e-004
    1.02753576e-003 0. -7.17074217e-005 2.48513762e-002 2.57385196e-003
    2.29129917e-003 1.05427031e-003 6.42620213e-003 0. 9.43744462e-003
    0. 1.42317952e-003 0. 0. 6.09023555e-004 0. 0. 3.53602436e-003
    1.17573573e-003 0. 5.00039663e-003 2.00296729e-003 0.
    5.71569661e-004 0. 2.38099368e-003 0. 3.57769080e-003
    6.82285870e-004 0. 3.70550173e-004 0. 3.94741492e-003
    6.21416664e-004 0. 3.26524070e-003 2.37969519e-003 0. 0.
    7.20457314e-003 2.75564118e-004 -1.02007732e-004 9.29345936e-003
    -9.85010876e-004 0. 0. 0. 0. 0. 0. 0. 2.66242120e-003 0.
    2.02306546e-003 1.45320460e-004 7.31549598e-003 2.12914310e-003
    6.33103028e-003 0. 0. 0. 1.21994317e-003 0. 6.71843998e-004 0. 0. 0.
    0. 0. 1.11106678e-003 -1.36758061e-003 3.04520992e-003
    7.69747057e-005 0. 8.80169566e-004 1.79612380e-003 2.55188160e-003
    0. -8.91077390e-004 0. 0. 8.03726434e-004 0. 6.04056186e-005 0. 0.
    0. 7.14575546e-003 3.86972853e-004 1.70047849e-003 5.81405219e-003
    0. 0. 0. 9.46890842e-003 7.84846547e-004 4.26335260e-003 0.
    7.31710857e-003 0. 4.60386137e-003 0. 0. 2.02603382e-003 0. 0.
    -8.95712932e-004 2.27587577e-003 5.12115483e-004 2.44665705e-003 0.
    0. 0. 0. 0. 0. 6.08066050e-003 0. 3.09662137e-004 0. 0. 0.
    6.56963792e-003 1.23911700e-003 7.51089212e-003 0. 1.35355993e-004
    8.08955915e-003 -2.85733055e-004 0. 1.25882321e-003 7.15593807e-003
    0. 9.43149498e-004 0. 0. 1.70628773e-003 0. 4.33945155e-004
    6.93198526e-004 -4.10216022e-003 0. 0. 0. 0. 0. -6.74481387e-004 0.
    0. -2.58642226e-003 0. 0. 0. 0. 0. 0. 0. 0. 0. 6.80640514e-004 0. 0.
    0. 0. 0. 0. 0. 0. 0. 0. -6.00606509e-005 4.05694213e-004
    -1.32439786e-003 0. 7.00787874e-003 0. -5.34415231e-005 0. 0. 0. 0.
    4.93675796e-003 6.64337911e-003 0. 0. 0. 0. -1.07160455e-003
    7.18787123e-005 0. 3.54009168e-003 0. 0. 0. 0. 0. 0. 0.
    -1.14930957e-003 0. 5.80754364e-003 0. 0. -2.45226314e-004
    2.10200180e-003 2.20769830e-003 -9.52927745e-004 0. 0. 0.
    3.79564776e-003 0. 0. 5.60108805e-004 1.72312837e-003
    1.41335896e-003 0. 0. 0. 0. 0. 3.08430957e-004 9.11778677e-003 0. 0.
    0. 5.46144787e-004 0. 1.21708098e-003 0. 0. 3.10329953e-003
    8.60018306e-004 0. 0. 2.36221217e-003 0. 9.11416486e-003
    2.99830310e-004 0. 0. 0. 5.55729959e-003 1.17277391e-002
    5.52543625e-003 0. 1.61564746e-003 -4.36906237e-004 1.99099444e-003
    7.69811915e-004 0. 0. 0. 0. 3.94433783e-003 2.94713536e-003
    2.42346385e-003 0. -2.58613261e-003 0. 0. 0. 1.17455854e-003 0. 0.
    0. 6.97929470e-004 0. 0. 0. 0. 0. 0. 0. 0. 0. 0. 0. 4.26288927e-003
    6.91917725e-003 4.28977619e-005 0. 0. 1.64242845e-003 0. 0.
    1.02269268e-002 0. 0. 1.29940163e-003 0. 0. 2.11588992e-003
    1.96153508e-003 -1.15005940e-003 2.57748622e-003 0. 0. 0. 0.
    -2.32249685e-003 0. 2.32441421e-003 0. 0. 3.43694375e-003
    2.25363601e-005 1.87343021e-003 8.56405124e-003 0. 0. 0.
    1.45826431e-003 0. 0. 2.22172635e-003 1.30458048e-003 0. 0. 0.
    3.30974814e-003 0. 0. 0. 1.80380587e-002 0. 0. 0. 0. 0. 0. 0. 0. 0.
    0. 4.60456219e-003 0. 0. 0. 0. 0. 0. 1.19752605e-002 0.
    3.17524467e-003 5.58082666e-003 0. 3.58471181e-004 0.
    1.69987045e-003 3.54179624e-003 0. 1.92281848e-003 0. 0.
    3.66492011e-003 0. 0. 1.09521300e-003 -2.22659670e-003 0. 0.
    2.77649867e-003 0. 0. 4.74885106e-004 0. 7.18914717e-003 0. 0. 0.
    5.96963335e-003 8.41934292e-004 0. 0. 0. 3.92959500e-003 0. 0. 0. 0.
    0. 5.27979480e-003 0. 0. 0. 0. 6.42099744e-003 1.61316944e-003 0. 0.
    -5.20652568e-004 8.32981803e-003 3.34993820e-005 0. 0.
    1.25062175e-003 1.80564285e-003 1.01087324e-003 0. 0. 0. 0. 0.
    3.26172891e-003 0. 0. 7.59001778e-005 0. 8.48450291e-004
    1.89861166e-003 -8.03333824e-004 0. 0. 9.85556282e-004 0. 0. 0. 0.
    0. 0. 9.65355989e-003 -6.92251092e-003 0. 0. 6.89341454e-003
    1.13231724e-003 0. 0. 0. 0. -6.22635765e-004 -6.38825077e-005
    7.54415465e-004 0. -9.47948487e-004 7.84258475e-004 1.74006599e-003
    1.73546388e-004 0. 0. 0. 5.60164871e-003 0. 2.62224628e-003 0. 0.
    8.66272370e-004 0. 0. 0. 6.82029594e-003 0. 0. 3.23592545e-003
    2.32226658e-003 0. 0. 0. 9.68023390e-003 -9.61664075e-004
    -9.74286289e-004 0. 0. 0. -8.48423864e-004 5.96167869e-004
    -3.24890309e-004 0. 1.69430126e-003 0. 1.46707706e-003 0.
    1.14362524e-003 0. -5.17184904e-004 0. 0. 0. -9.67457367e-004
    -1.32153029e-004 5.14479913e-003 0. 6.39948121e-004 0.
    1.60927814e-003 0. -1.54099450e-003 0. 2.69329781e-003 0. 0. 0.
    7.85231168e-005 4.31126729e-003 0. 0. 0. 8.81849043e-003 0.
    -1.57099788e-003 -3.87338892e-004 5.94082521e-003 3.45283607e-003
    -1.86386448e-003 6.01056358e-003 0. 0. -7.88026315e-004
    2.26043491e-003 0. 0. 1.79870112e-003 6.71655347e-004 0. 0. 0. 0. 0.
    1.35518576e-003 1.91336905e-003 0. 2.70869088e-004 0. 0. 0.
    9.96986870e-003 0. 0. 0. 0. 0. 0. 3.40011111e-003 0.
    -5.09821730e-005 4.32698568e-003 0. 1.91330852e-003 0. 0.
    -3.77492397e-003 0. 6.60402328e-003 0. 9.58504714e-003 0. 0. 0. 0.
    0. 5.26815769e-004 0. 0. 0. 0. 2.12726486e-003 -9.92548419e-004
    9.68440145e-004 9.71364137e-003 0. 0. 2.09842715e-003
    6.04810100e-003 0. 6.15696562e-003 0. -3.55870835e-003
    1.69332903e-002 0. 0. -8.80602049e-004 -3.62772204e-004 0. 0. 0.
    1.42825942e-003 8.06768145e-003 -1.50797947e-003 0. 4.57784720e-003
    3.70179005e-005 1.61928020e-003 2.01030215e-003 0. 1.45087787e-003
    -3.19783879e-003 0. 0. 0. 7.01768557e-004 0. 0. 8.69892538e-003
    5.88597683e-003 1.81809056e-003 0. 0. 0. 0. -4.08816477e-003
    -3.18754232e-003 5.78823732e-003 0. 0. -1.36031001e-003 0.
    1.98906334e-003 2.11028522e-003 -4.34795766e-005 4.03534534e-004 0.
    0. -3.64148826e-003 0. 0. 3.64295417e-003 0. 2.10896507e-003 0. 0.
    -3.46790359e-004 0. 0. 0. 0. 0. 0. 0. 2.23449105e-003 0.
    6.98522665e-003 0. 8.87712231e-004 0. 0. 0. 3.86968115e-003 0. 0.
    2.22107768e-003 0. 0. 0. 0. -5.16060391e-004 0. 0. 0.
    4.11891658e-003 0. 0. 1.53339340e-003 2.84004398e-003 0. 0. 0. 0. 0.
    0. 0. 0. 0. -4.17604228e-004 4.31296974e-003 0. 4.90942155e-004 0.
    0. 0. 0. 0. 1.50020060e-003 0. 0. 0. 3.70965037e-003 0.
    2.85036489e-003 0. 0. 1.59085391e-003 0. 0. 0. 7.33710825e-004
    1.62977620e-003 1.54928619e-003 5.65560302e-004 4.28607716e-004 0.
    6.97689643e-003 2.96844053e-003 0. 1.96823291e-003 3.27606266e-003
    0. 0. 1.69639499e-003 0. 0. 0. 0. 0. 0. 0. 0. 0. 6.73333276e-003 0.
    0. 0. 4.45694383e-003 0. 4.43932321e-003 0. 0. 0. 0. 0.
    3.32861906e-003 0. 0. 0. 0. 0. 0. 0. 0. 0. 0. 0. -5.17704466e-004 0.
    1.18524930e-003 0. 0. 0. 0. 0. 3.89293709e-004 0. 0. 0. 0. 0. 0.
    3.97910224e-003 3.10626742e-003 0. 0. -1.79010676e-004 0. 0.
    -2.32141902e-004 1.15255546e-003 0. 0. 0. 6.58311974e-003 0.
