<?xml version="1.0"?>
<opencv_storage>
<imageDescriptor type_id="opencv-matrix">
  <rows>1</rows>
  <cols>1000</cols>
  <dt>f</dt>
  <data>
    0. 0. 0. 2.55378342e-004 0. 1.51607697e-003 2.31327442e-003
    7.34798331e-003 1.22024491e-003 0. 0. 0. 0. 4.43823542e-003 0. 0.
    6.02168730e-003 -5.02307958e-004 0. 3.33561120e-003 -9.12036863e-004
    -2.09035422e-003 0. 0. 0. 0. 4.20181546e-003 0. 0. 0. 0.
    3.33441631e-003 1.70266046e-003 0. 0. 0. 0. 0. 0. 0. 0.
    4.67806496e-003 0. 0. 1.07351756e-002 0. 0. 3.96494986e-003 0.
    8.07990902e-004 2.06538159e-002 4.29186359e-004 3.86838941e-003
    2.50866683e-003 6.10243948e-003 0. 0. 0. -1.87604269e-003 0.
    3.93132074e-003 0. 0. 0. 4.63823043e-003 0. 2.67135794e-003
    -1.89313636e-004 0. 0. 0. 0. 1.28695916e-003 0. 0. 0.
    -1.04819785e-003 2.68467376e-003 1.19267020e-003 0. 0.
    1.45645638e-003 0. 2.39640032e-003 -6.33577947e-005 1.33537641e-002
    0. 0. 1.54568872e-003 0. 0. 0. 0. 3.46749206e-004 0. 0. 0.
    1.10531440e-002 6.78283814e-003 0. 0. 7.96758849e-003 0. 0. 0. 0.
    7.41418265e-003 0. 0. 0. 0. 0. 0. 0. 3.91016202e-003 0. 0. 0. 0. 0.
    0. 0. 0. 0. 5.31005114e-003 0. 0. 0. -2.45328236e-004 0. 0. 0.
    3.75800021e-003 0. 3.92133417e-003 0. 0. 0. -8.62295646e-003 0. 0.
    4.45419573e-004 2.60830321e-003 0. 0. 0. 0. 0. 0. 0. 0. 0. 0. 0. 0.
    -9.91356559e-004 0. 0. 0. 0. 0. 6.90297596e-003 1.29902875e-003
    6.75710966e-004 0. 0. 0. 0. 0. 0. 0. 2.65910686e-003 0. 0. 0. 0. 0.
    2.17317371e-003 0. -1.80513610e-003 2.59061810e-003 0. 0. 0. 0.
    2.23054574e-003 0. 0. 0. 1.35385606e-003 0. 0. 0. 0. 1.38416700e-003
    0. 7.39388401e-003 0. 8.57931096e-004 1.87669147e-003 0. 0.
    2.32610223e-003 4.01882734e-003 0. 0. 0. 0. 0. 3.97157017e-003 0.
    7.42201519e-004 0. 0. 0. 0. 0. 2.60311482e-003 0. 0.
    -1.28830015e-003 6.80650258e-003 3.81020218e-004 0. 0.
    5.62706729e-003 8.09128396e-003 0. 0. 0. 0. 0. 0. 0. 0. 0. 0.
    1.02613242e-002 0. 0. 0. 0. 4.89056017e-003 0. 0. 0. 0. 0. 0.
    -1.07000186e-003 0. 8.08811374e-003 1.55152380e-003 0. 0. 0. 0. 0.
    0. 0. 0. 0. 3.24508734e-002 5.32191480e-003 0. 0. 0. 0.
    3.68486950e-003 7.22219422e-003 0. 0. 6.41617982e-004 0. 0. 0. 0.
    3.35103576e-003 0. 0. 0. 0. 3.19748325e-003 0. 0. 0. 1.41374685e-003
    1.18997064e-003 0. 1.94920937e-003 1.00046806e-002 0.
    -2.87270360e-003 0. 0. 0. 0. 2.63163680e-003 0. 0. 0. 0. 0.
    5.99089591e-003 0. 0. 0. 0. 0. 0. 0. 0. 4.66496218e-003 0. 0.
    3.86157678e-003 0. 2.16943119e-003 -9.53182695e-004 0.
    3.28641757e-003 -1.71373511e-004 1.48802961e-003 0. 5.29063912e-003
    -1.42333636e-004 2.76697148e-003 0. 2.69342982e-003 0. 0. 0. 0. 0.
    0. 0. 0. -2.21405597e-003 0. 0. 0. 0. -9.13607189e-004 0.
    1.77377872e-002 0. 0. 0. 0. 0. 0. 0. 0. 0. 0. 0. 0. 0.
    3.52930045e-004 0. 0. 0. 0. 1.44527736e-003 6.66001113e-003 0. 0. 0.
    0. 0. 0. 2.84643192e-003 -4.98047448e-004 0. 0. 0. 0.
    5.55935502e-003 0. 4.08283249e-003 0. 0. 0. 1.46618513e-002
    -2.53668113e-004 3.90956737e-003 5.56352874e-003 3.13300919e-003
    1.13999322e-002 0. 0. 0. 4.44688136e-003 0. 3.40558589e-003
    3.31175746e-003 0. 0. 0. 0. 3.58383800e-003 0. 1.40499333e-002 0.
    2.28062645e-003 0. 0. 6.30026730e-003 0. 0. 0. 7.95183238e-003
    8.61404231e-004 7.81848561e-003 0. 0. 0. 0. 0. -4.62958030e-003
    -9.98829841e-004 0. 0. -1.94977736e-004 -2.23914176e-004 0. 0.
    4.24413290e-003 1.14108517e-003 1.26272133e-002 5.48642769e-004 0.
    0. 0. 7.69673008e-003 0. 3.60480440e-003 0. 0. 0. 9.84236225e-003 0.
    0. 0. 1.17369380e-003 0. 0. 0. 0. 0. 0. 1.92435400e-003 0. 0.
    2.02249223e-003 1.49572862e-003 2.52387748e-004 -9.70205409e-004
    8.86032416e-004 0. 0. 0. 0. 0. 0. 0. 0. 0. 4.75111790e-003 0. 0. 0.
    0. 1.30992662e-002 0. 0. 6.13172911e-003 2.95874081e-003
    -1.54370966e-003 0. 0. -4.10549808e-003 0. 0. 0. 0. 7.44617730e-003
    0. 0. 0. 1.56823033e-003 5.78367733e-004 0. 1.17579848e-002 0. 0. 0.
    -7.66785175e-004 0. 3.82777490e-003 5.77221578e-003 0. 0. 0. 0.
    3.72515083e-003 0. 0. 0. 0. 1.41784418e-002 0. 0. 0. 0. 0. 0. 0. 0.
    0. 3.94816324e-003 0. 0. 0. 1.32615492e-003 0. 2.42368015e-003 0. 0.
    0. -1.59541634e-003 5.70816512e-004 0. 0. 3.74488649e-003 0. 0. 0.
    0. 0. 0. 0. 1.20498647e-003 0. 0. 3.85941169e-003 0. 0. 0.
    -1.11916650e-003 2.08744721e-004 0. 0. 0. 0. 0. 0. 0. 0. 0. 0.
    8.23395792e-004 0. 0. 0. 0. 0. 0. -2.12673610e-003 0.
    5.24900109e-003 0. 0. 0. 0. 1.18680298e-003 3.59933614e-003 0. 0.
    1.00533734e-003 0. 0. 1.93326101e-002 0. 2.18919432e-003 0.
    1.29788008e-003 0. 0. 9.36998241e-003 0. 0. 0. 0. 0. 6.96478179e-003
    0. 0. 0. 0. 1.18554488e-003 0. 0. 2.90419534e-003 0. 1.15786213e-003
    0. 1.93685933e-003 0. 0. 0. 0. 0. 1.21518783e-003 0. 0.
    1.46717485e-003 0. 0. 0. 2.40241556e-004 2.24782899e-003 0.
    4.63505695e-003 0. 0. 0. 1.94975808e-002 7.01859174e-003 0. 0. 0. 0.
    0. 0. 0. 0. 0. 3.82416276e-003 0. 1.77379360e-003 1.97687605e-003
    1.09663035e-003 0. 0. 0. 2.89480016e-003 0. -3.42336600e-003
    5.61856083e-004 -1.97500992e-003 -1.38220040e-003 3.97806428e-003
    5.99396648e-003 -1.23233662e-003 8.13460210e-004 0. 4.27949149e-003
    0. 0. 0. 0. 0. 0. 0. -3.28304741e-004 0. 0. 0. 0. 2.37974408e-003 0.
    -3.11702304e-003 -1.19555439e-003 0. 0. 0. 2.94975587e-003 0. 0.
    4.17427532e-003 0. 6.71040639e-003 0. 0. 0. 0. 0. 0. 7.76349916e-004
    3.66423279e-003 0. 0. 0. 0. 9.79955774e-003 0. 0. 0. 5.33209136e-003
    0. 8.06302205e-003 0. 0. 0. 0. 0. -1.14825624e-003 0. 0. 0. 0. 0.
    1.15253190e-002 0. 0. 0. 0. 0. 0. 3.44039104e-003 0. 0.
    3.21008102e-003 0. 1.66550453e-003 0. 0. 0. 0. 0. 0. 0. 0. 0.
    5.87483577e-004 0. 0. 1.58697937e-003 0. 0. 0. 4.90593557e-005 0.
    4.25170455e-003 0. 0. 0. 0. 0. 0. 0. 1.54517742e-003 3.95327248e-003
    0. 0. -1.17845053e-003 -1.48197490e-004 0. 4.76667006e-003
    1.14178332e-002 0. 0. 6.72753493e-004 1.78881956e-003 0.
    3.08993366e-003 0. 0. 0. 0. 0. 0. 0. 2.36495608e-003 1.53567141e-003
    -8.82101420e-004 0. -1.62363553e-003 1.27547758e-003 0.
    7.83455372e-003 0. 0. 0. 0. -1.23069287e-004 0. 0. 0. 0. 0. 0.
    -2.13097766e-004 1.38422744e-002 0. 0. 4.74459631e-003 0. 0.
    2.87375622e-003 0. 0. 0. 0. 0. 0. -2.02984409e-003 0. 0. 0. 0.
    7.87549186e-003 -2.67090648e-003 0. 0. -1.21259608e-003 0. 0.
    1.40967756e-003 0. 0. 0. 0. 0. 4.32323897e-003 0. 0. 0. 0. 0. 0. 0.
    0. 2.24690861e-003 -1.17780594e-003 9.19464161e-004 0.
    -2.99567915e-003 0. 0. 0. 0. -3.40223196e-003 2.39126384e-003 0. 0.
    0. 0. 0. 0. 0. 3.23538188e-005 0. 0. 0. 1.58363895e-003 0. 0.
    1.26612652e-003 0. 0. 0. 0. 0. 0. 0. 0. 0. 0. 0. 1.12161005e-003 0.
    0. 0. 0. 0. 0. 0. 3.01760901e-003 7.49013759e-003 0. 3.17442976e-003
    0. 0. -7.96063710e-003 0. 0. 0. 0. 0. 0. 0. 0. 2.98096705e-003 0.
    5.51521545e-003 0. 0. 3.91577370e-003 0. 0. 0. 0. 0. 0. 0.
    2.25861557e-003 0. 2.49799108e-003 0. -4.76224395e-003 0. 0.
    2.48358678e-003 8.88613425e-003 0. 0. 0. 0. 0. -2.37765815e-003 0.
    0. 0. 0. 0. 1.63608068e-003 0. 0. 0. 2.34826817e-003 3.35562765e-003
    0. 9.09711700e-003 6.60593668e-003 0. 6.74353493e-003 0. 0. 0.
    3.96410935e-003 0. 0. 0. 0. 0. 8.10594391e-003 -3.19154467e-004 0.
    4.07982990e-003 0. 0. 0. 0. 0. 8.91487347e-004 8.41805770e-004 0.
    3.09726479e-003 4.63169329e-002 3.19129066e-003 0. 0. 0. 0. 0.
    7.29455054e-003 0. 0. 0. 0. 0. 0. 0. 0. 0. 3.17053031e-003 0.
    -1.04415347e-003 -1.78382080e-003 0. 0. 0. -2.57697771e-003 0.
    2.26958469e-003 -1.84935075e-003 0. 0. 0. 0. 0. 0. 2.86508701e-003
    1.00021567e-002 1.02016060e-002 0. 0. 2.92014156e-005</data></imageDescriptor>
</opencv_storage>
