<?xml version="1.0"?>
<opencv_storage>
<imageDescriptor type_id="opencv-matrix">
  <rows>1</rows>
  <cols>1000</cols>
  <dt>f</dt>
  <data>
    0. 0. 0. 2.13134824e-003 2.57582497e-003 5.35991276e-004
    1.46806310e-003 -7.94833526e-004 0. 0. 0. 0. 2.50511104e-003
    1.77318009e-003 0. 0. 1.24098689e-004 1.49813225e-003 0.
    2.33552582e-003 -9.74293158e-004 2.74882116e-003 0. 0. 0. 0. 0. 0.
    0. 0. 2.15151464e-003 3.92570756e-002 0. 2.95861904e-003 0.
    4.61344229e-004 0. 0. 0. 0. 0. 0. 1.18102999e-002 7.64505705e-003 0.
    0. 0. 1.19229779e-003 0. 0. 0. 3.95129342e-003 0. 0. 0. 0. 0. 0. 0.
    0. 0. 2.68856506e-003 1.41215569e-003 0. 5.21238800e-003 0. 0. 0. 0.
    0. 2.25035776e-003 0. 0. 5.14545536e-004 -1.11382171e-004
    1.20695669e-003 1.21314183e-003 0. 6.52287214e-004 3.15237278e-003
    0. 0. 0. 4.11066506e-003 7.03522877e-004 0. 0. 0. 1.12977938e-003 0.
    0. 0. 1.73172681e-004 0. 1.33492972e-003 0. 4.48102830e-003 0.
    4.41388180e-003 0. 0. 8.55681952e-004 0. 2.91889138e-003 0. 0.
    5.71996300e-003 2.93414993e-003 0. 0. 0. 0. 0. 0. 4.00001695e-003 0.
    0. 0. 2.08064821e-003 3.19079007e-003 0. 7.80091621e-004 0.
    -2.30208476e-004 4.17516241e-003 0. 2.13382440e-003 0.
    5.66716166e-003 0. 2.23477581e-003 0. -5.38075808e-004 0. 0. 0.
    1.54549757e-003 7.11570494e-004 7.72533845e-003 2.57505337e-003 0.
    0. 0. 0. 2.99298717e-003 0. 0. 0. 7.61609001e-004 0. 0. 0. 0.
    1.10773614e-003 0. 0. 1.33193759e-002 0. 0. 6.88818574e-004 0. 0.
    2.09896127e-003 0. 0. 0. 0. -1.44571051e-004 0. 0. 0. 0.
    1.03728776e-003 3.12248943e-003 0. 0. 0. 7.65556749e-003
    5.76133328e-003 0. 0. 0. 0. 6.75597985e-004 0. 0. 0. 0. 0.
    -1.61374488e-003 0. 0. 8.94627441e-003 0. 0. 1.16343815e-002
    1.46020681e-003 -8.71612210e-005 0. 0. 0. 0. 0. 0. 0. 0. 0.
    9.93029913e-004 0. 0. 0. 5.25682583e-004 2.43889564e-003 0. 0. 0.
    5.74280275e-003 1.84159400e-003 0. 0. 7.23278197e-003 0. 0. 0.
    1.37690851e-003 7.53218774e-003 0. 0. 0. -8.64626316e-004
    -2.39314791e-003 7.16513896e-004 0. -4.91996855e-003 0.
    -2.65024690e-004 1.70545315e-003 9.77724092e-004 0. 0. 0. 0.
    2.60461960e-003 0. 9.49751236e-004 0. 0. 0. -2.00587761e-004
    -1.96196651e-003 -1.31511805e-003 2.62428634e-003 1.98890641e-003 0.
    0. 0. 6.17974089e-004 0. 0. 0. 0. 0. 1.69349704e-002 4.48529189e-003
    0. 0. 0. 0. 0. 0. 0. 4.65885131e-003 8.38320237e-004 0.
    1.05295619e-002 0. -1.84769195e-003 4.91958112e-003 0.
    2.19186186e-003 0. 0. 0. 0. 0. -2.09907023e-003 1.07462304e-002 0.
    0. -8.49044009e-004 0. 1.30801869e-003 2.66320421e-003 0. 0. 0. 0.
    0. 0. 0. 0. 0. 0. 0. 5.22395363e-003 0. 0. 0. 0. 8.83701781e-004 0.
    5.56277717e-003 0. 9.24221240e-004 0. 4.73269075e-003 0.
    3.02956119e-004 1.08396483e-003 7.94912703e-005 0. 0. 0. 0. 0.
    3.11413198e-003 0. 0. 4.65477956e-003 -1.29273999e-003 0.
    -2.11722014e-004 0. 5.31162834e-003 1.33613835e-003 0. 0.
    2.81146402e-003 2.74697738e-003 2.30554445e-003 0. 2.36548702e-004
    0. 1.07358294e-002 6.74130209e-003 3.43484757e-003 0. 0. 0.
    5.12122456e-003 0. 0. 0. 0. 0. 0. 3.68340244e-003 0. 2.30286131e-003
    0. 5.10038296e-003 -4.97409189e-003 3.63770686e-003 0.
    2.27668369e-003 0. 0. 0. 3.63683957e-003 4.53393161e-003
    6.87108235e-003 0. 3.73786053e-004 0. 3.32083995e-003
    1.52701500e-003 0. 0. 0. 6.19701156e-003 4.39823000e-003 0. 0.
    6.36220397e-003 0. 0. 0. 1.93061214e-003 1.19035610e-003 0. 0. 0.
    1.35501171e-003 0. 0. 0. 0. 0. 4.29213559e-003 0. 0. 0.
    3.70578654e-003 6.50076242e-003 0. 5.90600353e-003 0. 0. 0. 0.
    -1.05024970e-004 0. 0. 0. 0. 0. 3.91924950e-005 0. 0.
    -8.72476958e-004 0. 1.04173385e-002 0. -1.02396682e-003
    2.65926193e-003 3.29743582e-003 0. 0. 6.22761343e-003
    1.36324449e-003 5.24959993e-003 0. 8.14549439e-003 0.
    2.63227546e-003 0. 0. 0. 0. 0. 0. 1.88575487e-003 0. 0. 0. 0. 0. 0.
    -3.11936298e-003 0. 2.45802966e-003 0. 2.49075773e-003 0. 0. 0. 0.
    0. 0. 0. 0. 0. 0. 0. 3.22413421e-003 0. 0. -4.64293174e-004 0. 0. 0.
    0. 0. 2.01451615e-003 1.46292581e-003 0. 0. 0. -9.96765448e-004
    3.99162387e-003 -5.49409771e-004 -2.71182903e-003 4.96328110e-003 0.
    0. 0. 0. 0. 3.15987458e-003 3.02967220e-003 0. 0. 0. 0. 0.
    1.92741852e-003 0. 0. 2.55681365e-003 0. -1.56333752e-003 0. 0. 0.
    0. 0. 2.51295953e-003 0. 5.28858881e-003 -1.53454428e-003 0. 0.
    6.09848555e-003 0. 0. 0. 0. 0. 2.07001413e-003 0. -6.18105871e-004
    0. 5.79170592e-004 0. 0. 0. 8.41026849e-005 1.08731103e-004 0.
    2.76199629e-004 0. 0. 0. 8.71787872e-003 -1.94968958e-003
    1.30353705e-003 1.14890677e-003 0. 0. -5.83778310e-005 0.
    4.72593214e-003 0. 0. 0. 0. 2.43983790e-003 5.80138527e-004 0. 0.
    2.38482933e-003 0. 0. 0. 0. 0. -8.96641810e-004 4.98746568e-003
    -7.93650630e-004 0. 0. 0. 0. 0. 2.49447091e-003 1.45575439e-003 0.
    1.18187198e-003 5.60948532e-003 7.70481536e-003 0. 0.
    1.56665929e-002 6.67892396e-003 0. 1.21351355e-003 0. 0.
    1.84289843e-003 0. 1.00325537e-003 0. 2.36625876e-003
    2.74155522e-003 2.29797413e-004 0. 2.29391642e-003 0. 0.
    3.42701189e-003 0. 0. 0. 0. 2.25193403e-003 0. 0. 1.90493662e-003
    3.34877451e-003 9.55486111e-003 0. 1.93113263e-003 0. 0. 0. 0.
    1.52822910e-003 0. 0. 2.36095069e-003 0. 1.17817509e-003
    5.76421153e-004 0. 0. 0. 0. 0. 2.28279922e-003 0. 0. 2.51391041e-003
    0. 0. 7.90465099e-004 0. 0. 0. 1.33060776e-002 1.01452111e-003
    1.55552174e-003 0. 0. 0. 6.71247952e-003 3.06371180e-003
    2.10272730e-003 0. 0. 6.93160109e-003 2.51853792e-003 0.
    2.71029677e-003 0. 4.01603105e-003 -4.72115935e-004 9.89275984e-003
    7.40083633e-003 1.19974008e-002 0. 7.16353906e-003 3.62642622e-003
    0. 2.74989009e-003 0. 0. 0. 0. 1.68179965e-003 0. 0. 0.
    2.15526833e-003 0. 0. 0. 1.05246101e-002 0. 0. 2.65881047e-003
    8.31777754e-004 0. 1.38719007e-003 0. 0. 0. 3.01679433e-003
    1.01409014e-003 0. 0. 0. 9.03453038e-004 -1.69514620e-003 0.
    6.19147159e-003 0. -2.13346211e-003 2.84174643e-003 0. 0.
    2.73244595e-003 6.17511896e-003 0. 2.26984569e-003 0.
    5.21036377e-003 0. 0. 0. 0. 0. 1.04037834e-004 0. 2.12781155e-003
    1.65888632e-004 0. 0. 0. -9.36364057e-004 0. 0. 6.94567279e-004
    9.61916288e-004 -2.93531385e-003 0. 0. 0. 1.76800159e-003 0. 0. 0.
    0. 0. 0. 0. 0. 0. 0. 0. 0. 0. 0. 1.87363918e-003 0. 1.64769345e-003
    0. -4.58263385e-004 0. 0. 0. 0. 0. 1.56859844e-003 0. 0. 0.
    1.14851072e-003 -5.69846889e-004 2.85341241e-003 4.81831958e-004 0.
    0. 0. 0. 2.30507203e-003 0. 0. 0. 0. -4.26761908e-005 0. 0. 0.
    2.33689579e-003 0. 1.63991272e-003 0. 0. 0. 0. 0. 0. 0.
    -1.77564449e-003 -1.14676157e-004 1.16943214e-004 0. 0.
    3.72396000e-002 2.46307021e-003 0. 0. 0. 1.20506459e-003
    2.68782629e-003 1.86160114e-003 0. 0. 0. 0. 0. 0. 0. 0.
    1.58602314e-003 4.74240311e-004 5.52567095e-003 2.58851610e-003 0.
    0. 0. 9.10186267e-004 0. 0. 0. 0. 0. 2.36955774e-003 0. 0.
    5.30203688e-004 0. -4.91102750e-004 5.26754325e-003 4.68458189e-003
    0. 0. 9.00723157e-004 0. 0. 0. 0. 0. 0. 0. 0. 0. 4.34551854e-003 0.
    0. 0. 0. 0. 0. 4.97661065e-003 -4.06557410e-006 0. 0.
    4.87992819e-003 0. 0. 1.45853861e-004 0. 1.54099078e-003 0.
    7.32934009e-003 1.32330891e-003 0. 1.32875075e-003 0. 0.
    2.83222413e-003 0. 0. 1.05698640e-003 0. 0. 5.97957522e-003 0.
    -2.35741667e-004 0. 0. 3.04627628e-003 0. 0. 4.07455303e-003 0. 0.
    0. 0. 3.58252350e-004 0. 0. 0. 2.29884544e-003 6.15259493e-003 0.
    2.60250107e-003 0. 0. 0. 1.38216559e-003 0. 2.05227127e-003 0.
    3.89234140e-003 0. 0. 2.31504696e-003 0. 7.32352864e-003 0.
    3.22710187e-003 0. 0. 0. 0. 0. 4.77964617e-003 0. 0. 0. 0. 0. 0. 0.
    0. 0. -7.16890732e-004 0. 0. 3.69354920e-003 0. 1.44370308e-003 0.
    4.28667897e-003 0. 0. 1.54343748e-003 2.87141628e-003 0. 0. 0. 0.
    1.70852919e-003 0. 0. 0. 0. 0. 0. 0. 0. 2.44974950e-003
    8.41171481e-004 0. 1.42582702e-002 0. 2.31981557e-003
    -3.79265781e-004 0. 0. 1.49532896e-003 0. 7.42180226e-003 0. 0.
