<?xml version="1.0"?>
<opencv_storage>
<imageDescriptor type_id="opencv-matrix">
  <rows>1</rows>
  <cols>1000</cols>
  <dt>f</dt>
  <data>
    0. 9.55277937e-004 0. 0. 0. 3.05496599e-003 0. 1.86537427e-003
    1.17738182e-002 0. 0. 0. 0. 0. 0. -5.63398469e-004 5.19019598e-003
    0. 0. 0. 1.08693202e-003 0. 0. 0. 4.31477884e-003 1.04729261e-003 0.
    0. -4.58412746e-004 0. 2.59201205e-003 0. -1.74527452e-003 0. 0. 0.
    3.13826185e-003 0. 0. 0. 5.55606047e-003 3.35582532e-003
    1.39287394e-003 -3.98949574e-004 0. 4.98041663e-006 0. 0. 0. 0.
    5.34995785e-003 0. 2.18060473e-003 3.47396266e-003 0.
    -1.57169241e-004 1.61252392e-003 3.58981633e-004 4.31231502e-003 0.
    0. 0. 0. 4.81070892e-004 0. 0. 1.26722446e-002 0. 3.78332171e-003 0.
    -3.28304013e-005 0. 0. 0. -1.55910163e-003 0. 1.94899098e-003
    1.31990819e-003 0. 1.92938838e-003 0. 0. 0. 3.21662705e-003 0.
    2.35284609e-003 0. 0. 0. 4.30482533e-003 0. 2.43636267e-003
    2.60082749e-003 0. 0. 0. 3.09568853e-003 9.71749052e-003 0.
    2.59275804e-003 6.65126555e-003 0. 2.29775649e-003 7.70546403e-003
    0. 3.68825346e-003 0. 0. 2.79836729e-003 9.29055456e-003 0. 0.
    1.40801375e-003 0. 0. 0. 0. 1.96404522e-003 0. 1.98428798e-003
    1.22338254e-003 0. 0. 0. 0. 0. 0. 0. 0. 9.24916565e-003
    1.53956097e-002 5.49185323e-003 0. 0. 0. 0. 0. 0. 0. 1.06424862e-003
    0. 5.32584591e-003 1.60038733e-004 0. 0. 0. 0. 1.19970823e-002 0. 0.
    0. 0. 0. 1.03244996e-002 0. 0. 0. 0. 0. 0. 0. 1.58344153e-002
    -2.70813960e-003 0. 0. 0. 0. 0. 0. 0. 0. 0. 1.55330263e-003 0. 0. 0.
    6.06140587e-003 0. 0. 0. 0. 0. 0. 0. 0. 2.16564699e-003
    2.10850127e-003 0. 0. 0. 4.58524330e-003 0. 0. 0. 0. 0. 0. 0. 0. 0.
    0. 7.30487704e-003 1.24476934e-002 3.16511653e-003 0.
    -1.34915893e-003 0. 3.69369984e-003 0. 0. 2.11907527e-003 0. 0. 0.
    0. 2.54990603e-003 0. 0. 0. 3.60577903e-003 0. 0. 0. 0.
    6.10600552e-003 -3.08619253e-003 0. 0. 0. 0. 3.35735339e-003 0. 0.
    0. 0. 0. 0. 0. 0. 0. 0. 0. -8.41575617e-004 0. 0. 0. 0.
    7.49893161e-003 0. 0. 2.75509548e-003 0. 0. 0. 0. 1.85620761e-003 0.
    0. 0. 0. 7.78290909e-004 0. 0. 1.89412886e-003 0. 0. 0. 0.
    3.15987127e-004 0. 0. 4.72844858e-003 1.30589092e-002 0. 0. 0.
    4.17523086e-003 4.54820954e-004 0. 0. 0. 4.80723893e-003 0. 0. 0. 0.
    0. 0. 0. 0. 0. 0. 4.92010545e-003 0. 0. 3.94516886e-004 0. 0.
    6.05076039e-003 3.60797904e-003 0. 1.41163066e-003 0.
    8.15075589e-004 0. 0. 0. 0. 3.48312105e-003 2.14127917e-003 0. 0. 0.
    3.26627237e-003 1.09057617e-003 0. 0. 0. 0. 0. 0. 1.20150170e-003 0.
    0. 0. 0. 0. 0. 5.09205088e-003 0. 0. 0. 0. 0. 0. 0. 3.45183956e-003
    0. 0. 8.69361032e-003 4.83352458e-004 0. 0. 6.57785963e-003 0.
    4.50045755e-003 2.66016345e-003 4.84207133e-003 0. 0. 0. 0. 0. 0. 0.
    0. 0. 0. 0. 0. 2.16004276e-003 9.88065731e-003 0. 0. 0.
    2.76555773e-003 4.77146450e-003 2.55672801e-002 1.71565521e-003
    -1.19788270e-003 0. 2.38205818e-003 2.81489105e-003 0. 0.
    5.21106040e-003 0. 0. 3.04280221e-003 7.74516910e-003
    3.49994958e-003 0. 0. 6.26190752e-003 2.63696979e-003 0.
    -8.53813544e-004 -1.31983031e-003 0. 0. 0. 0. 0. 0. 0.
    -1.20341743e-003 1.29294023e-003 2.93098320e-003 0. 0. 0.
    4.79927612e-003 0. 6.90899929e-003 0. 1.43591338e-003 0.
    1.21092272e-003 0. 0. 7.56510114e-003 0. 1.69889769e-003 0.
    1.26835739e-003 0. -5.59693493e-004 0. 2.34136661e-003 0. 0. 0. 0.
    1.82917509e-002 0. 3.34791467e-003 0. 0. 0. 0. 1.35496855e-002
    3.45436553e-003 0. 0. 0. 0. 0. 4.03209403e-003 0. 0. 3.01579968e-003
    3.48581886e-003 0. -6.86883810e-004 0. 0. 0. 0. 0. 0.
    -1.15812419e-003 0. 0. 0. 0. -1.23317528e-003 0. 4.80468245e-003
    -2.45796330e-003 5.13689418e-004 0. 0. 2.92712008e-003 0. 0.
    -2.74415896e-003 3.05462838e-003 0. 1.47635676e-003 0. 0. 0.
    2.36267224e-004 1.42775045e-003 0. 0. 1.01196161e-003 0.
    -2.37764465e-003 0. 8.07842007e-004 0. 0. 0. 0. 0. 0.
    -1.74790015e-003 0. 0. 9.23452317e-004 0. 5.86301507e-003 0. 0.
    1.13332621e-003 3.49022564e-003 1.41542708e-003 0. 0. 0. 0. 0.
    2.11704825e-003 0. 0. 3.88423167e-003 3.33331525e-003 0.
    -1.13102910e-003 0. 0. 0. 0. 2.76203384e-003 2.17150315e-003 0. 0.
    0. 0. 0. 1.63606403e-003 0. 0. 5.90016507e-003 0. 0. 0.
    2.68642092e-003 0. 0. 3.15743359e-003 0. -3.04018916e-003
    1.03101851e-002 0. 0. 0. 0. -2.79426720e-004 0. 0. 0.
    2.44627357e-003 0. 0. 4.82076919e-003 0. 0. 0. 0. 0. 0. 0. 0. 0.
    -1.21523964e-003 1.42677221e-003 0. 0. 2.70822505e-003 0. 0. 0. 0.
    3.00831220e-004 0. 0. -3.02902423e-003 0. 0. 2.04086164e-003 0. 0.
    0. 0. 0. 0. 2.12498545e-003 0. 0. 0. 0. 0. 0. 2.01163581e-003 0. 0.
    0. 0. 0. 0. 0. -1.55894191e-003 0. 1.60690426e-004 0. 0. 0. 0.
    1.35000853e-003 0. 0. 0. 0. 0. 0. 0. 0. 0. 0. 0. 0. 0.
    -3.02081672e-003 0. 5.20443497e-003 0. 2.79674120e-003 0. 0. 0. 0.
    0. 0. 1.97196496e-003 0. 1.14960922e-002 0. 0. 9.55606403e-004 0.
    1.38628136e-004 0. 0. 1.25855673e-003 5.07188961e-003
    1.33804791e-003 0. 0. 0. 0. 4.62474534e-003 0. 0. 0. 0.
    8.42333306e-003 0. 7.20340107e-003 0. 0. 1.43226581e-002
    3.76838213e-003 2.32734019e-003 1.26338266e-002 8.31342652e-004 0.
    0. 2.45090644e-003 0. 0. 0. 0. 0. 4.43186786e-004 2.76476354e-003
    1.55345525e-003 2.64282804e-003 0. 6.72126329e-003 0. 0.
    2.79757893e-004 0. 0. 2.53352965e-003 1.37104595e-004
    8.53845966e-004 0. 0. 0. 0. 0. 0. -2.96506099e-003 0. 0. 0.
    -8.89700721e-004 1.42726740e-002 1.86195318e-003 0. 0. 0.
    -2.28606793e-003 0. -4.07255674e-003 0. 9.38632234e-004
    7.56906392e-003 1.23041496e-003 0. 0. 1.85758341e-004
    2.87208776e-003 0. 0. 0. 0. 0. 8.42162000e-004 0. 0. 2.34734826e-003
    0. 0. 0. 0. 0. 0. 0. 0. 0. 0. 0. 0. -9.26426612e-004 0.
    4.35073394e-003 1.85978855e-003 3.26646934e-003 2.95490434e-004 0.
    -3.80928186e-003 -1.19479827e-003 0. 0. 0. 0. 0. 0. 0. 0. 0.
    1.56167056e-003 1.07207440e-003 1.19805138e-003 0. 7.51019164e-004
    0. 9.69076436e-003 1.16993126e-003 1.72414258e-003 0. 0.
    5.68030169e-003 1.43939431e-003 0. 0. 6.01474778e-004 0. 0. 0. 0. 0.
    1.77824451e-003 0. 0. 0. 0. 0. 4.05584276e-003 0. 5.68360789e-003 0.
    0. 0. -1.88944675e-003 0. 2.40982766e-003 0. 0. 0. 6.67260261e-003
    0. 0. 7.98823591e-003 1.99350272e-003 0. 1.02744894e-002 0.
    1.04048394e-003 0. 3.13908444e-003 0. 2.77336803e-003
    8.51147063e-003 1.21586269e-003 0. 0. 0. 0. 0. 0. 0. 0. 0. 0. 0.
    5.40194241e-003 0. 1.11973926e-003 -1.22175890e-003 -3.56714561e-004
    0. 0. 0. 0. 0. 0. 0. 0. 9.68205556e-003 7.32487347e-003 0.
    -1.66074035e-003 0. 0. 0. 0. 0. 0. 0. -1.51243841e-003 0.
    -6.05567638e-003 2.95037031e-003 8.92221648e-003 7.85433687e-004 0.
    0. 0. -2.51022959e-003 0. 0. 0. 0. 0. 0. 0. 1.07992114e-003 0. 0.
    -5.86337876e-004 0. 2.30138609e-003 7.50302279e-004 6.78391987e-003
    0. -7.39513722e-004 4.20112535e-003 0. 0. 0. -1.50499772e-003
    2.38705124e-003 0. -7.95999367e-004 0. 0. 5.78208652e-004
    9.06360627e-004 0. 2.30518961e-003 -4.97574918e-004 1.27442367e-003
    -2.49297102e-003 0. 0. -4.06606734e-004 0. 2.04948871e-003
    1.50434859e-003 2.88764294e-003 2.69747293e-003 3.90429911e-003 0.
    0. 0. 0. 0. 0. 1.40618263e-002 0. 0. 7.09002092e-003 0. 0. 0. 0. 0.
    0. 3.13170673e-003 0. 0. 0. 0. 0. 0. 0. 0. 7.82147422e-003 0. 0. 0.
    6.00696658e-004 -5.04618001e-005 0. 3.56805511e-003 3.11825104e-004
    0. 1.83412642e-003 0. 0. 0. 0. 0. 0. 1.13202108e-003 1.28636556e-003
    5.69354603e-003 0. 2.32431179e-004 0. 3.63241928e-003 0.
    1.73356570e-003 0. 4.21449495e-003 0. 0. 0. 0. 0. 0. 0. 0.
    -1.18388481e-004 1.52568740e-003 2.40547047e-003 0. 0.
    5.78624429e-003 0. 0. 0. 3.82898189e-003 0. 2.47903215e-003
    2.35866513e-002 -8.01554823e-004 0. 0. 0. 0. 0. 0. 0. 0. 0.
    2.07308214e-003 0. 2.74138153e-003 2.24156445e-003 5.44555299e-003
    0. -4.16496536e-004 -1.77600261e-004 0. 0. 0. 0. -2.86939065e-003 0.
    0. 0. 2.42533162e-003 0. -9.74243390e-004 0. 0. 0. 3.07030068e-003
