<?xml version="1.0"?>
<opencv_storage>
<imageDescriptor type_id="opencv-matrix">
  <rows>1</rows>
  <cols>1000</cols>
  <dt>f</dt>
  <data>
    0. 1.10936654e-003 -1.73081015e-003 4.09959536e-003 -1.22598489e-004
    0. 0. 6.61689043e-003 0. 0. 1.84878148e-003 2.09034886e-003 0. 0. 0.
    0. -2.84553459e-003 3.24634952e-003 0. -3.10975505e-004
    6.65252982e-003 1.27986365e-003 0. 0. 0. 4.89553087e-004
    1.91944756e-003 0. 1.60039251e-003 0. 0. 0. 3.29924561e-003 0. 0.
    -1.08690074e-004 1.08858803e-003 0. 0. 0. 1.34796696e-003
    -5.46865747e-004 0. 1.29261089e-003 6.08104747e-004 -3.09182826e-004
    0. -3.88907174e-005 0. 0. 5.98847400e-004 1.22152339e-003 0. 0.
    3.51120943e-005 0. 0. 0. 1.68253121e-003 -2.23585130e-006
    4.96607914e-004 -1.04018443e-004 0. -1.88801205e-003 0. 0. 0.
    1.30036776e-003 0. 0. 0. -4.66200319e-004 2.55564041e-003 0.
    1.68932532e-003 0. 1.27012259e-003 0. 0. 3.45874490e-004
    5.71861211e-003 0. 8.20533372e-003 -2.68681848e-004 -4.02884354e-004
    0. 0. -1.25182699e-003 2.05818960e-003 4.54602903e-003
    2.41781545e-005 0. 0. 0. -3.48313595e-004 -3.31847719e-003
    1.30840773e-002 1.03457319e-002 0. 0. 2.58096098e-003 0. 0. 0. 0. 0.
    2.47900753e-004 6.31017669e-004 7.09025096e-003 0. 1.29530486e-003
    0. -3.17741273e-004 5.50360046e-003 0. -6.03168155e-004
    2.94397818e-003 0. 0. 0. 0. 0. 0. 0. 0. 8.80036410e-003 0.
    1.06597748e-002 0. 5.51763736e-003 8.26759322e-004 0. 0.
    3.57358437e-003 0. 0. 0. 0. 0. 1.83110230e-003 1.59383309e-003 0.
    1.82976911e-003 7.21678371e-003 7.19524687e-005 -1.47328991e-003 0.
    0. 1.09482196e-003 0. 0. 0. 0. 0. 0. 0. 9.08413995e-003
    7.29736639e-003 4.66932449e-003 0. 8.47598480e-004 5.49900997e-003
    0. -1.89196708e-005 6.77322038e-003 0. 0. 0. 8.68728152e-004
    6.90664351e-003 1.54747861e-003 1.50939263e-003 1.63173617e-003 0.
    -9.52310511e-004 0. 0. -6.45813780e-005 0. 1.32238131e-003 0.
    9.30293277e-003 0. 1.41477701e-003 1.97484806e-005 -1.91067578e-004
    -1.47654302e-003 8.36253911e-003 0. 3.25274712e-004 7.22409086e-003
    0. 0. 4.77417652e-003 0. 0. 0. 0. 0. 1.08089345e-003 0.
    2.85707042e-003 6.53237244e-003 0. 0. 0. 0. 0. 2.14299839e-003 0. 0.
    3.25512898e-004 0. 0. 0. 4.08585137e-003 5.12756873e-003 0. 0. 0.
    -9.35386750e-004 0. 2.81648710e-003 0. 4.75497451e-003 0. 0. 0. 0.
    0. 0. 6.82146009e-003 0. 0. -1.06501556e-003 0. 0. 0. 0. 0.
    1.47427304e-003 2.26066029e-003 1.98241905e-003 0. 8.46032344e-004
    0. 1.87058107e-003 0. 1.98093895e-003 2.93420604e-003 0. 0. 0. 0. 0.
    0. 0. 0. 0. 3.57568753e-003 2.02068873e-003 3.43977154e-004
    8.22886359e-004 5.11651218e-004 -2.96079647e-003 0. 0. 0.
    7.19069620e-004 -9.32047900e-004 2.55854568e-003 0. 0. 0.
    -1.21289282e-003 0. 1.68774727e-006 -6.14325050e-004 0. 0. 0. 0. 0.
    1.13075273e-002 0. -7.30825413e-005 1.33315811e-003 1.64773932e-003
    0. 7.36117130e-003 -1.67307956e-003 0. 1.39667769e-003 0. 0. 0. 0.
    2.08625547e-003 0. 0. 0. 0. 2.49763601e-003 0. 3.79825360e-003
    5.60846552e-003 2.42299051e-003 6.48224202e-004 0. 0. 0.
    7.64618488e-003 0. 5.33885090e-003 0. 0. 7.10547296e-003 0. 0. 0. 0.
    0. 9.69340108e-005 6.95460103e-003 0. 0. 0. 0. 0. 4.51484788e-003
    3.57570150e-003 0. 0. 2.17268919e-003 0. 0. 7.27667066e-005 0.
    2.86082912e-004 0. 0. 0. 1.11696753e-003 0. 1.74339407e-003 0.
    1.17212264e-002 0. 2.29522167e-003 0. 0. 7.20953476e-003
    2.07624235e-003 0. 5.10805193e-003 2.50240089e-003 5.06864442e-003
    0. 0. 1.04779936e-003 0. 2.31619211e-004 0. 0. 9.08519980e-003 0. 0.
    0. 0. 7.76425982e-003 1.43383571e-003 0. 0. 1.75063417e-003 0. 0. 0.
    0. 0. 0. 0. 7.12586846e-003 -1.45874321e-004 0. 0. 8.64835820e-005
    8.11863225e-003 -1.34424737e-003 3.60416481e-003 5.86749229e-004
    1.86923577e-003 0. 8.04825313e-003 0. 0. 0. 0. 0. 7.94405933e-004 0.
    0. 0. 0. 0. 1.30971242e-003 0. 0. 2.23716884e-003 1.07310934e-003 0.
    0. 1.39278441e-003 0. 0. 1.42110989e-003 0. 0. 0. 2.47072871e-003
    -4.06921492e-004 0. 0. 8.81838799e-003 7.35600805e-003
    1.00815995e-003 1.09124731e-003 0. 0. 0. 0. 0. 0. 5.38162328e-003 0.
    0. 2.11415137e-003 0. 0. 1.59153691e-003 7.51141645e-003 0. 0.
    1.26198260e-003 0. 2.97115766e-004 0. 1.05126039e-003 0. 0. 0.
    7.41062872e-003 0. 7.97740370e-003 0. 0. 0. -1.65849552e-003 0.
    2.77761091e-003 0. 4.88319714e-003 0. 0. 0. 1.11923285e-003 0. 0.
    2.10123835e-003 2.80165509e-003 0. 6.57254306e-004 0. 0.
    7.91685283e-003 0. 3.97421373e-003 7.09872693e-004 8.12287163e-003
    6.30264869e-003 2.07832642e-003 1.17702573e-003 0. 2.37766071e-003
    -1.44180714e-003 1.25200476e-003 0. 1.32360572e-006 0. 0.
    -3.83608113e-003 -4.05273197e-004 8.96737352e-003 0. 3.69474967e-003
    2.01400393e-003 2.45986972e-003 0. 0. -4.36775183e-004 0. 0. 0. 0.
    0. 5.24536334e-003 0. 0. 8.25896580e-003 0. 2.80231959e-003 0. 0. 0.
    0. 5.57020423e-004 0. 0. 0. 9.30891314e-004 9.79078701e-004
    8.71633831e-003 2.33439947e-004 0. 2.20412761e-003 0.
    1.25777656e-002 -2.76512350e-003 0. 1.06246844e-002 1.19602052e-003
    8.68701725e-004 9.52894520e-003 5.58810867e-003 3.20071355e-004 0.
    0. 0. 0. 0. 0. 0. 0. 5.82121778e-003 0. 3.40403453e-003 0. 0. 0. 0.
    0. 0. 2.70655565e-003 0. -2.46006588e-004 3.33510526e-003
    7.73080811e-003 4.69186669e-003 -2.09834703e-004 0. 2.30476231e-004
    3.47202556e-004 0. 3.79147066e-004 0. 0. 0. 2.14637024e-003
    7.94753723e-004 0. 0. 0. 0. 0. 0. 0. 1.22560398e-003
    -6.46333909e-004 0. 0. 9.45601496e-004 0. 1.74812472e-003 0. 0. 0.
    0. -2.11864176e-006 0. 3.25718865e-005 9.80849378e-003 0. 0.
    6.69305352e-003 0. -2.50490685e-003 0. 2.27164617e-003 0.
    5.34201879e-003 -1.04345602e-003 0. 1.73668680e-003 2.32380326e-003
    -1.48150185e-003 0. 0. 0. 5.28617436e-003 7.20733451e-003 0. 0.
    8.04405543e-004 0. -1.58784213e-003 0. 0. 0. 0. 0. 1.29320391e-003
    1.51893904e-003 0. 0. 0. 7.07666506e-004 1.14541734e-003 0.
    1.93790242e-004 0. 0. 0. 0. 3.53919086e-003 0. 0. 9.03389417e-003 0.
    0. 0. 3.01838038e-003 0. 5.80062764e-003 0. 1.23685284e-003
    8.51821061e-003 0. 6.88383356e-003 0. 0. 0. 0. 0. 0. 0.
    7.51537969e-003 0. -5.31198340e-004 0. 7.50889955e-003 0.
    5.06355800e-003 0. 0. 0. 0. 0. 0. 0. 0. 0. 7.11217988e-003
    -2.66015320e-003 0. 0. 0. 2.59983330e-003 0. 0. 9.79696983e-004 0.
    0. 0. 1.29744818e-004 0. 4.54438757e-003 1.94696011e-003
    4.56763199e-003 2.02566222e-003 0. 0. 0. 0. 3.22227157e-003 0. 0. 0.
    0. 1.15642129e-002 1.15929439e-003 6.48815138e-003 0. 0. 0. 0. 0.
    1.23172649e-003 2.88105162e-004 1.61096803e-003 1.61650963e-002 0.
    0. 0. 0. 0. 1.29380182e-003 0. 6.43216679e-003 5.44888666e-004 0. 0.
    1.51760154e-003 0. 0. 8.46203999e-004 0. 0. -1.33787596e-003 0.
    3.81640741e-003 0. 7.82628893e-004 0. 0. 0. 0. 0. 3.94338835e-003 0.
    -2.00023816e-004 1.28918106e-003 0. 0. 0. 0. 0. -1.56354264e-003 0.
    0. 0. 0. 0. 4.88454942e-003 0. 0. 0. 0. 0. 0. -2.35829176e-003 0.
    7.56507565e-004 0. 7.73112522e-003 0. 0. 0. 0. 0. 0. 0. 0. 0. 0. 0.
    0. 0. 0. 2.07804097e-003 2.65471498e-003 0. 0. 0. 0. 0. 0.
    3.33721080e-004 5.52620925e-003 0. -2.45323638e-004 9.95135284e-004
    0. 9.18933947e-004 2.46515265e-003 0. 1.10102328e-003 0. 0.
    1.59729808e-003 0. 0. 0. 0. 0. 0. 0. 0. 0. 0. 0. 0. 1.73612643e-004
    1.81369355e-003 0. 0. 0. 0. -7.43972021e-004 -9.95103735e-004
    5.29286591e-003 0. 0. 0. 0. 0. 3.52983130e-003 0. 0. 3.59213263e-005
    6.69274991e-003 0. 0. 0. 7.04442244e-003 0. 4.68301238e-004
    7.25324312e-003 0. 1.53661799e-003 0. 0. 0. 0. -2.23902869e-003
    -2.31909566e-004 2.02387595e-003 0. 2.47543701e-003 -1.70505897e-003
    0. -1.14466638e-004 0. 8.23230017e-004 0. 0. 0. 0. 0. 0.
    5.14816865e-003 0. 0. 0. 0. -3.96564748e-004 0. 0. 3.86376050e-003
    0. 0. 0. 1.43641473e-005 1.03934878e-003 0. 0. 0. 0. 0. 0. 0.
    1.25366654e-002 0. 9.47502442e-004 7.96194188e-003 2.80072633e-003
