<?xml version="1.0"?>
<opencv_storage>
<imageDescriptor type_id="opencv-matrix">
  <rows>1</rows>
  <cols>1000</cols>
  <dt>f</dt>
  <data>
    -3.30362760e-004 0. 4.36769659e-003 8.64591729e-003 0.
    -2.74385588e-004 5.59714390e-003 0. 6.96580298e-003 5.16657624e-003
    0. 2.14708969e-003 0. 0. 1.58940477e-003 4.60085040e-003 0. 0.
    4.55581769e-003 1.48053296e-004 0. 0. 0. 3.08837928e-003 0. 0. 0.
    6.28654379e-003 5.59816137e-004 4.19315509e-003 0. 5.20750554e-003
    0. 1.06240964e-006 1.78156549e-003 2.40544556e-003 0. 0. 0. 0. 0. 0.
    1.73093111e-003 0. 0. 1.73263578e-003 3.39925289e-003 0. 0.
    9.00916872e-004 7.96955370e-004 0. 4.94487397e-003 0. 0. 0. 0. 0.
    1.56475813e-003 -1.84311488e-004 0. -1.60448346e-003 0. 0.
    1.88183491e-004 -3.92522954e-004 7.42057106e-003 0. 0.
    -1.07725955e-005 0. 3.37003218e-003 0. 5.53747034e-003
    2.45535863e-003 -7.13154906e-004 0. 3.94810643e-003 3.11451149e-004
    2.23153667e-003 -4.27739782e-004 7.66123459e-003 0. 5.52767946e-004
    0. 2.07890454e-003 5.70056168e-003 5.69273019e-003 0. 0. 0.
    5.58485801e-004 0. -2.97284772e-004 0. 0. 0. 0. 9.11229115e-004
    9.82530997e-004 1.32520532e-003 0. 0. -2.38266587e-003 0. 0. 0.
    -1.46391889e-004 0. 0. 7.78586371e-004 0. 0. -2.49805884e-003 0. 0.
    2.07108981e-003 0. 0. 0. 2.51502474e-003 0. 4.54597222e-003
    7.39369367e-004 0. 1.51022547e-003 0. 6.18670892e-004
    -6.89004897e-004 0. 0. 2.07935547e-004 0. 2.97240843e-003
    1.03271846e-003 0. 0. 0. 3.86572792e-003 4.04517772e-003
    -9.59060038e-004 1.53938960e-003 -6.55775890e-004 0. 0.
    -7.03495811e-004 1.75137748e-003 0. 6.23109285e-003 2.84343422e-003
    2.10276619e-003 0. 0. 0. 0. 2.16251495e-003 -6.87220949e-004
    4.09927510e-004 1.60151976e-003 0. 4.56967996e-003 0.
    -2.73247994e-003 6.93395361e-003 3.88360844e-004 0. 0.
    1.16521781e-002 0. 0. 0. 2.70110299e-003 0. 3.77399893e-003
    -3.98890224e-005 0. 0. 0. 9.79196467e-003 0. 0. 0. 0. 0. 0.
    1.70700066e-003 0. 6.33022748e-003 0. 0. 0. 0. 0. 0. 2.40850868e-003
    1.47449889e-003 1.31335505e-003 5.03854267e-003 5.55442041e-003
    3.44645785e-004 4.20640968e-003 8.21314054e-004 0. -3.42200976e-004
    0. 3.27374577e-003 3.85700120e-003 6.03379682e-003 0.
    3.81814199e-003 0. 9.97755327e-004 0. -3.25470697e-004 0.
    8.39655637e-004 0. 6.38335105e-003 0. 1.33829797e-003
    -5.29484241e-004 0. 0. -9.03628883e-004 2.89457384e-004 0.
    5.52713266e-003 7.68938800e-004 0. 1.86378846e-003 0.
    3.66617250e-003 0. 1.89246004e-003 0. 0. 0. 0. 0. 5.52822882e-003
    4.13806119e-004 3.84530722e-004 0. 0. 4.14846046e-003
    6.32969150e-003 -3.58946010e-004 0. 5.05601696e-004 1.32832478e-003
    0. 0. 4.37836908e-003 0. 5.88574260e-003 2.73001078e-003 0.
    1.28984160e-003 0. 2.21728435e-004 0. 0. 1.86878839e-003 0.
    1.53041310e-005 2.66991160e-003 0. 0. 0. 0. 1.27395894e-003 0.
    3.72151099e-003 0. 0. 0. 1.01244287e-003 0. 0. 0. 0. 5.72977733e-005
    1.54612213e-003 1.24804082e-003 0. 0. 0. 1.18787668e-003
    1.94576557e-003 7.36304035e-004 5.27275319e-004 -3.99686908e-003 0.
    3.42045329e-003 0. 4.77547199e-003 1.13718037e-003 3.40434560e-003
    6.55579241e-003 8.03853502e-004 0. 2.64526461e-004 0. 0. 0. 0.
    8.82977434e-003 0. 0. 0. 0. 0. 1.90787890e-003 3.90003389e-003 0.
    7.86462892e-003 6.61096349e-003 8.26105301e-004 0. 0.
    6.78675855e-003 0. 0. 0. 7.01438868e-003 5.70301927e-005
    2.67525134e-003 5.66923758e-003 0. 0. 0. 0. 0. 2.00389791e-003 0. 0.
    4.62501310e-003 0. 8.50648526e-003 2.95650819e-003 1.86837884e-003
    6.27149420e-004 0. 0. 8.99833103e-004 0. 5.22834016e-003 0.
    -1.47285545e-003 6.75623189e-004 8.72160424e-004 4.94800648e-003
    4.86936374e-003 0. 0. 0. 0. -5.45764400e-004 0. 0. 0. 0.
    2.82874302e-004 0. 0. 1.30753126e-003 0. -7.87506113e-004
    1.01451611e-003 0. 0. 1.22112955e-003 0. 4.63107880e-003
    1.30269350e-003 -4.30928427e-004 3.88436834e-003 0. 0. 0. 0. 0. 0.
    0. 0. 1.57161383e-003 5.01737744e-003 0. 1.57150961e-002
    1.50449108e-003 1.77170805e-004 0. 0. 1.41652580e-003
    3.06329154e-003 0. 0. 0. 9.91155277e-004 0. 0. 1.24054682e-002 0. 0.
    1.24212564e-003 4.62095300e-003 0. 0. 1.82796677e-003 0. 0.
    4.07004263e-003 0. -3.23622808e-004 1.79941102e-003 1.28873985e-003
    3.06276081e-004 0. 0. 2.00899341e-003 0. 0. 0. 1.79595343e-004
    -9.47771114e-005 0. 0. 4.17309697e-004 0. 1.90984865e-003
    6.32708101e-003 0. -2.03097312e-004 0. 1.19935721e-003 0.
    -2.73088855e-003 0. 3.07057821e-003 4.82813735e-003 9.22809064e-004
    0. 2.01132847e-003 -2.40068373e-004 1.61698868e-003 0.
    1.72960653e-003 0. 0. 0. 0. 0. 2.22866749e-003 0. -1.05428288e-003
    0. 1.01207814e-003 -1.32491707e-003 0. 1.74371025e-003 0. 0.
    1.42943277e-003 -6.44182903e-004 -1.76669113e-004 6.27078721e-003
    4.76695178e-003 2.86650681e-003 0. 1.26032010e-002 0. 0. 0. 0.
    5.61677758e-003 5.01758466e-003 0. 0. 0. 0. 3.47933848e-003
    6.27372356e-004 0. -2.91001314e-004 0. 3.24358861e-003 0. 0.
    1.35716947e-003 2.20359466e-003 0. 4.74006170e-004 1.78624061e-003
    1.18611380e-003 0. 4.22730925e-004 0. 1.76341564e-003
    -2.89835781e-003 9.30591254e-004 5.54113067e-004 0. -4.77879355e-003
    0. 0. 0. 6.90732524e-003 4.14432213e-003 9.02667758e-004
    4.52683633e-003 5.61462343e-003 -4.03461279e-004 0. 0.
    1.91087462e-003 0. 0. 0. 1.19743752e-003 0. 0. 3.05191847e-003 0. 0.
    -2.32443184e-004 0. 9.07279900e-004 1.69993626e-004 3.58861638e-004
    5.03292400e-003 0. 2.81119108e-004 0. 0. 0. 2.15942157e-003
    -2.46076100e-003 0. 0. 3.23270936e-003 0. 5.58521890e-004 0.
    -8.26454561e-005 0. 0. 0. 2.39036325e-003 0. 0. 4.47578216e-003
    1.80755695e-003 0. 0. 2.44293595e-003 -1.85475918e-003
    1.69014942e-003 2.59296224e-003 2.91574025e-003 0. 3.98574310e-004
    0. 0. 1.04259241e-004 0. 2.35413178e-003 0. 0. 0. 0. 4.38872911e-003
    0. 4.23640304e-004 0. 0. 6.75887289e-003 0. 4.00038064e-003 0. 0.
    5.13971690e-003 9.30995855e-004 1.06209528e-003 0. 0. 0. 0. 0.
    1.47825596e-003 -1.86114560e-003 3.98377917e-004 0. 5.56894904e-003
    0. -9.92675312e-004 2.23302259e-003 0. 0. 9.39897669e-004 0. 0.
    1.35993399e-003 0. 2.87355646e-003 0. 0. 0. 1.09720265e-003
    1.78444735e-003 0. 0. 0. 2.70461594e-003 0. 0. 1.43930851e-003
    3.87383904e-003 1.29956333e-003 1.32321625e-003 1.73526828e-003 0.
    0. 0. 0. 1.00344839e-002 -9.04768181e-004 0. 1.19108912e-002 0.
    8.16172978e-004 0. 1.21591880e-003 -5.15568769e-004 0. 0. 0. 0.
    1.56580866e-003 0. 3.84558248e-003 0. 0. 2.81852728e-004
    7.87323283e-004 1.66440883e-003 -1.35893148e-004 0. 0. 0.
    3.09680286e-003 0. 4.14750510e-004 1.90260983e-003 0.
    7.10060995e-004 2.75660376e-003 1.57346809e-003 1.16320990e-003
    7.05935061e-003 0. 1.06408703e-003 0. 5.10091567e-003
    7.89111853e-003 -1.54127309e-003 0. 0. 0. 0. 0. -1.21863221e-003
    4.17592563e-003 0. 0. 5.30879898e-003 0. 0. 1.54125143e-003 0. 0. 0.
    0. 0. 0. 0. 1.97973149e-003 5.55958140e-005 4.03152517e-004 0. 0. 0.
    0. 0. 0. 5.86369308e-003 0. 1.58943236e-003 0. 4.15662676e-003 0.
    -1.12191052e-003 6.32374082e-004 0. 7.80092669e-004 7.57571135e-004
    0. 0. 9.04346642e-004 0. 0. 0. 1.68054609e-003 0. 0. 0. 0.
    1.34203059e-003 2.05869228e-003 0. 0. 1.28293177e-003
    1.03076815e-003 0. 0. 3.50153423e-003 0. 1.64959789e-003 0. 0.
    1.20089135e-004 1.11803890e-003 2.06428627e-003 7.25803850e-003 0.
    -3.28416209e-005 0. 0. 0. 0. 0. 0. 0. 0. 0. 0. 5.26410353e-004
    5.85896079e-004 4.63568103e-005 7.49105646e-004 0. 0. 0.
    3.13259405e-003 0. 4.89223283e-003 0. 0. 6.18878333e-003
    -3.87825840e-003 2.19449471e-003 -1.13215193e-003 0. 0. 0. 0.
    1.93769566e-003 0. 0. 0. 0. 7.14053446e-003 0. 0. 0. 0.
    -1.08709978e-003 -4.06468636e-004 0. 5.94603131e-004 6.30457886e-004
    5.71460137e-003 -3.64972730e-005 0. -3.84382700e-004 0. 0. 0.
    -1.30707910e-003 4.17053234e-003 3.47380876e-003 0. 0. 0.
    -8.78836145e-004 1.21440762e-003 0. 3.85205657e-003 -3.41393170e-004
