<?xml version="1.0"?>
<opencv_storage>
<imageDescriptor type_id="opencv-matrix">
  <rows>1</rows>
  <cols>1000</cols>
  <dt>f</dt>
  <data>
    0. 0. 1.38628518e-003 0. 0. 0. 0. 1.22318482e-002 0. 8.42645299e-004
    0. 2.08268902e-004 0. 1.57428579e-003 0. 6.61789556e-004
    8.50858726e-003 0. 0. 0. 0. 3.30078299e-003 5.96386520e-003 0. 0.
    5.11543476e-004 -1.02979764e-004 8.68395623e-003 0. 0. 0.
    -8.58182437e-004 0. 4.98822017e-004 0. 2.53780722e-003 0.
    -1.19754754e-003 0. 0. 0. 8.92547052e-003 0. 1.31087843e-002
    1.93506933e-003 0. 0. 1.22328603e-003 0. -4.19304823e-004 0.
    2.23249150e-003 0. 1.30443787e-003 0. -1.47308828e-003
    -1.46680220e-003 4.58652474e-004 1.16214412e-003 1.18220376e-003
    3.22335097e-003 0. 0. 0. 0. 0. 0. 0. 0. 0. 0. 0. 0. 0. 0. 0. 0. 0.
    -7.59415096e-004 0. 4.13562264e-003 3.21330829e-003 0.
    5.83330519e-004 5.05104940e-003 0. 4.36501345e-003 0. 0. 0. 0. 0. 0.
    0. 0. 7.74508715e-003 0. 0. 3.89823387e-003 5.21516521e-003 0.
    6.84396084e-003 3.91706033e-003 -1.48683065e-003 0. 9.35485400e-003
    0. 0. 0. 3.85695137e-004 2.27478985e-003 0. 0. 0. 0. 0. 0. 0. 0. 0.
    -5.53352002e-004 3.57967499e-003 0. 0. 0. 5.09368815e-003 0. 0.
    1.52574023e-004 0. -3.99516756e-003 0. 4.21585515e-004 0. 0. 0. 0.
    0. -2.96569592e-003 4.49132593e-003 0. 0. 0. 0. 3.02283233e-003
    4.73603082e-004 0. 3.54067283e-003 1.29215587e-002 0. 0.
    6.63616648e-003 0. 0. 0. 0. -1.15561718e-003 0. 0. 0. 0. 0. 0.
    -4.07117739e-004 0. 1.28324679e-003 1.02541465e-002 4.76459158e-004
    3.18886805e-003 7.43066659e-003 0. 0. 0. 0. 0. 0. 0. 0. 0. 0. 0.
    2.06076400e-003 0. 0. 0. 0. 0. 0. 0. 0. 0. 6.63801737e-004 0. 0.
    4.48749121e-003 2.26869946e-003 0. 0. 0. 0. 0. 0. 1.01134609e-002 0.
    0. 0. -4.13484668e-006 0. -8.15007486e-004 0. 0. 0. 0.
    1.26594794e-003 0. 0. 1.44379330e-003 0. 0. 1.03911487e-002 0. 0. 0.
    0. 2.85941269e-003 0. 0. 0. 0. 6.85612066e-003 2.53849826e-003 0. 0.
    5.90550061e-003 3.77856800e-003 0. 0. 0. 1.62655022e-003 0. 0. 0.
    -5.82405878e-003 0. 2.60361237e-003 0. 3.29984911e-003 0. 0. 0. 0.
    0. 2.01003812e-003 0. 5.52173611e-003 1.07319532e-002 0. 0. 0. 0.
    4.73337993e-003 0. 0. 0. 0. 0. 0. -1.23513222e-004 1.98491709e-003
    0. 0. 0. 6.16163900e-003 0. 0. 2.97876610e-003 1.82116851e-002 0. 0.
    0. 4.30116057e-003 -1.86212780e-003 7.51898810e-003 0. 0. 0.
    2.66817771e-003 0. 0. 0. 0. 0. 0. 0. 4.25573066e-003 0. 0. 0. 0.
    -8.70271004e-004 2.45666876e-003 5.67713100e-003 1.08743552e-004 0.
    0. 0. 0. 1.08046143e-003 0. 0. 2.77037779e-003 0. 0. 0. 0. 0. 0. 0.
    0. 0. 0. 0. 3.57177062e-003 4.41858632e-004 5.44989016e-004 0. 0. 0.
    0. 1.21421076e-003 0. 0. 0. 0. -2.71596917e-004 0. 6.61862595e-003
    0. 0. 0. 0. 0. 6.57797558e-003 9.99717228e-003 0. 1.92149589e-003
    3.11129866e-003 0. 0. 0. 1.87877845e-003 0. 0. 4.25111363e-003
    6.02887152e-003 0. 0. 0. 1.10965525e-003 0. 0. 3.16536054e-003 0. 0.
    2.01260159e-003 2.41169077e-003 0. 0. 0. -5.11868065e-003
    -1.19087612e-003 1.74554624e-003 0. 0. -8.48696800e-006 0. 0. 0. 0.
    -2.01313337e-003 0. 0. 0. 8.72268993e-003 -1.21521438e-003 0. 0. 0.
    0. 0. 0. 0. 0. 0. 3.81838949e-003 1.13029173e-002 0. 0. 0. 0.
    3.32798506e-003 0. 1.58923748e-003 2.46299314e-003 0.
    1.03978906e-002 8.20077723e-004 1.78519636e-003 0. 0.
    6.62645604e-003 8.28215736e-004 0. 0. 0. 2.81103863e-003 0. 0. 0.
    2.33566709e-004 -8.06495955e-004 0. 0. 0. 0. 0. 0. 0. 0. 0.
    -2.62283697e-003 0. 7.52936304e-003 1.62882567e-003 0.
    1.40960317e-003 0. -3.10597941e-004 0. -6.65526721e-004 0.
    9.05316509e-003 5.38370921e-004 0. 0. 0. 0. 3.85382865e-003
    -3.94004368e-004 0. -4.17606352e-005 0. 0. 0. 0. 1.98905217e-003 0.
    0. 0. 4.32529300e-003 0. 2.10805982e-003 0. 0. 0. 0. 0. 0. 0. 0. 0.
    3.66714736e-003 2.58060102e-003 7.10204709e-003 1.57392398e-002 0.
    0. 0. 0. 0. 0. 2.33438611e-003 2.32923329e-002 0. 0. 0.
    3.93460365e-003 9.09504248e-004 0. 0. 0. 0. -1.70463143e-004 0. 0.
    1.76449527e-003 0. 0. 1.60573460e-002 3.44344391e-003 0. 0. 0.
    3.80997686e-003 0. 1.42960739e-003 7.11664325e-004 0. 0. 0. 0. 0. 0.
    3.92992562e-003 0. 0. 0. 0. 0. 0. 3.20751267e-003 0. 0. 0. 0. 0. 0.
    0. 0. 0. 0. 0. 5.38940076e-003 2.80068885e-003 0. 9.96105094e-003
    4.42239083e-003 0. 3.14588170e-003 0. 0. 0. 0. 2.54652696e-003 0. 0.
    0. 0. 0. 0. 4.67871403e-004 4.88415360e-003 0. -8.85010959e-005
    1.64321414e-003 0. 0. 0. 1.39480382e-002 -4.32243542e-004 0. 0. 0.
    0. 0. 0. 5.14940359e-003 0. 0. 8.15143902e-003 5.39477624e-004
    2.04390194e-003 0. 0. 0. 2.36075767e-003 4.02410515e-004 0. 0. 0.
    4.53023764e-004 0. 3.42001300e-003 0. 0. 0. 1.24330660e-002 0. 0.
    -2.31121457e-003 0. 0. 0. 1.88838746e-002 7.78880145e-004 0. 0. 0.
    0. 0. 2.65861559e-003 0. 0. 8.05639836e-004 0. 0. 7.30809639e-004 0.
    2.11940263e-003 0. 0. 1.13766186e-003 0. 0. 0. 0. 5.68701606e-003 0.
    3.70220980e-003 0. 0. 2.18919641e-003 1.24678412e-003 0. 0. 0. 0. 0.
    0. -1.46321743e-003 0. 0. 0. 6.41585502e-005 0. 0. 0. 0. 0. 0.
    5.62935229e-003 -2.34343251e-003 0. 0. 3.78836482e-003
    2.88560055e-003 0. 6.35786098e-004 0. 0. 2.64372956e-003 0. 0. 0. 0.
    0. 2.00140453e-003 0. 0. 0. 0. 0. 0. 3.38671310e-003 2.78895325e-003
    0. 0. 2.65227119e-003 5.85506205e-003 0. 0. 0. 3.48963542e-003 0.
    3.14107165e-003 0. 8.35843105e-003 4.33475291e-003 2.86828680e-003
    -3.66733148e-005 0. 0. 0. 0. 6.83217484e-004 5.77290915e-003
    2.26272619e-003 0. 0. 2.08433112e-003 0. 0. 0. 0. 0. 2.75062956e-003
    0. 0. 0. 0. 0. 0. 0. 2.32382212e-003 2.48214183e-003 2.72233598e-003
    0. 0. 2.83954572e-003 0. 0. 0. 0. 1.26924086e-003 0. 0. 0. 0.
    1.12251285e-003 3.67093459e-003 0. 0. 9.70654562e-003
    1.84810115e-003 0. 2.07132450e-003 0. 0. 0. 0. 0. 0. 0. 0. 0. 0. 0.
    0. 0. 0. 0. 1.32161041e-003 0. 7.73248379e-004 0. 1.89999514e-003
    3.26457899e-003 0. 0. 2.11884570e-003 0. 0. 0. 0. 3.95641616e-003 0.
    0. 3.03900405e-003 0. -1.29474490e-003 0. 6.77637011e-003 0. 0. 0.
    3.96485720e-003 1.46598613e-004 2.22025253e-003 0. 0. 0. 0. 0. 0.
    9.82026756e-003 0. 0. 0. 0. 8.45510513e-005 0. 0. 0. 2.64423463e-004
    4.67908190e-004 0. 0. -5.69345313e-004 0. 1.53742789e-004
    5.78881614e-003 0. 0. 0. 2.98158335e-003 0. 0. 0. 6.90549961e-004 0.
    0. -4.77460999e-004 0. 0. 0. 0. 0. 0. 0. 2.44278926e-003 0. 0. 0.
    4.81635798e-003 0. 0. 0. 0. 0. 0. 2.98637338e-003 0. 0. 0. 0.
    2.78784707e-003 5.98779880e-003 0. 0. 0. 0. 0. 0. 0. 2.29689479e-003
    0. 4.94628027e-003 0. 0. 7.67323934e-003 0. 4.20138380e-003 0.
    -2.72150943e-003 0. 0. 0. 0. 3.49836145e-003 9.73402150e-003 0. 0.
    0. 0. 0. 0. 0. 0. 0. -2.74184207e-003 -3.26440390e-003
    5.45744784e-003 2.93417252e-004 0. 0. 5.26464498e-003
    1.55439950e-003 0. 0. 0. 6.89760968e-003 0. 0. 0. 0. 1.23132672e-002
    0. 0. 0. 0. 0. 0. 0. 0. 0. 0. 1.48805138e-003 0. 0. 0. 0. 0. 0. 0.
    4.77124704e-003 0. 1.29343732e-003 0. 3.89823550e-003 0. 0. 0. 0. 0.
    0. 0. 0. 0. -4.47641796e-004 3.03681591e-004 0. 0. 4.67788940e-003
    1.79760286e-003 0. -5.48489741e-004 0. 3.07689770e-003 0. 0. 0. 0.
    0. 5.46106976e-003 0. -1.56760751e-003 7.27821514e-003
    7.78569491e-004 0. 0. -1.91965129e-003 1.26415398e-003
    6.73429994e-003 0. 0. 0. -2.36105826e-003 2.63152970e-003
    1.85821706e-003 0. 0. -1.17559393e-003 0. 0. 0. 0. 0. 0.
    9.71651729e-003 0. 1.85428909e-003 2.89948727e-003 0.
    -1.33133857e-004 0. 0. 2.60414695e-003 0. 0. 0. 5.98210841e-003 0.
    1.57213910e-003 0. 0. 0. 5.97494608e-003 0. 0. 0. 8.36006948e-004
    3.04612773e-003 0. 0. 0. 0. 3.69722024e-003 0. 0. 0. 0. 0. 0.
    -2.19773734e-003 0. 0. 2.20254646e-003 0. 5.31142578e-003
    1.13056377e-002 0. 1.44584086e-002 0. 0. 4.19753045e-003 0.
    6.54087914e-003 0. 0. 0.</data></imageDescriptor>
</opencv_storage>
