<?xml version="1.0"?>
<opencv_storage>
<imageDescriptor type_id="opencv-matrix">
  <rows>1</rows>
  <cols>1000</cols>
  <dt>f</dt>
  <data>
    0. 0. 0. 0. 0. 0. 1.70185333e-004 2.49221851e-003 0. 0. 0.
    2.55317148e-003 0. 3.11502299e-005 0. 0. 1.42130477e-003
    1.49869837e-003 1.93923502e-003 2.53556320e-003 0. 4.49311046e-004
    0. 0. 1.62766475e-004 2.64286483e-003 2.15555308e-003 0.
    1.67065358e-003 0. 0. 1.91924535e-003 6.18103775e-004
    4.03863238e-003 4.06786008e-003 2.21283245e-003 0. 0. 0.
    5.27955184e-004 -3.12151213e-004 -3.95945535e-004 4.07556305e-003
    2.15201615e-003 0. 1.32842339e-003 0. 1.15862617e-003
    3.77914403e-003 1.00937113e-003 2.17144075e-003 -2.00701630e-004
    1.59819275e-002 -2.02195879e-004 0. 0. 0. 4.80753928e-003
    3.00920708e-003 0. 0. 2.34287087e-004 3.17290105e-004 0.
    3.87530006e-003 0. 3.69623979e-003 0. 1.45393144e-003 0.
    -2.09720922e-003 1.25095481e-003 6.48884708e-003 1.09288725e-003
    5.08604059e-003 0. 0. 2.32280721e-003 -6.34210708e-004
    3.46045941e-003 0. 1.87352125e-003 0. 1.48863392e-003
    2.76224245e-003 1.59078673e-003 0. 0. 0. 7.67045002e-003 0.
    7.23710808e-004 0. 9.52519011e-004 7.57465605e-005 0. 0. 0. 0.
    -1.89727556e-003 0. 0. 0. 0. 5.92423079e-004 3.41414171e-003
    -6.87087071e-004 0. 0. 3.55152693e-003 0. -1.89894356e-003 0. 0.
    1.33036956e-004 0. 0. 0. 8.15726642e-004 0. 0. 0. 0. 0.
    1.29534630e-003 1.71324611e-003 1.19485485e-003 3.74984532e-003
    2.48709018e-003 0. 0. 3.60324024e-003 4.40850854e-003 0. 0. 0.
    2.37406138e-003 1.15897623e-003 0. 0. -3.46963148e-004
    -7.77150912e-004 0. 0. 2.53085257e-003 6.30997180e-004 0.
    -4.20101307e-004 0. 0. 0. 0. -5.31355152e-004 1.48667581e-003 0. 0.
    0. 2.69783614e-003 8.50175507e-003 0. 0. 2.41609756e-003
    7.41135841e-003 2.83331587e-003 1.49037899e-003 3.43621080e-003 0.
    5.64759038e-003 0. 0. 1.72815553e-003 1.31340581e-003
    9.70235327e-004 0. 0. 0. 2.75325729e-003 0. 2.11749412e-003
    1.17831607e-003 7.56171008e-004 0. 9.30822338e-004 0.
    1.33747654e-003 0. 5.13078831e-003 0. 0. 0. 7.47480756e-003
    9.87737672e-004 3.21762962e-003 0. 0. 0. 6.28742913e-004
    -3.78281198e-004 4.63523623e-003 0. 0. 3.81619413e-003
    -5.80028305e-003 1.30574044e-003 0. 0. 2.14378396e-003 0. 0.
    1.16818491e-003 4.35547065e-003 2.77122553e-003 0. 6.22052175e-004
    2.06019008e-003 5.62854717e-003 1.44521520e-003 9.34776850e-004
    6.24104287e-004 0. 3.97695741e-003 8.68428207e-004 5.58716283e-006
    2.28487048e-003 0. 1.75694842e-003 0. 0. 0. 0. -1.84654805e-003
    2.39426925e-004 4.97757178e-003 4.59188223e-003 0. 7.83813710e-004
    0. 0. 0. 0. 0. 2.46047229e-003 -2.24233343e-004 0. 2.22733594e-003
    3.15857702e-003 0. 4.13871516e-004 4.17458621e-004 7.58595779e-005
    7.01837009e-003 3.98682617e-003 3.13730515e-003 3.91266262e-003 0.
    0. 0. 0. 0. 0. 0. 0. 0. 0. -1.89382699e-003 0. 0. 2.35356251e-003 0.
    0. 0. 0. 1.11671202e-002 -4.02564328e-005 3.38536641e-003 0.
    1.79768261e-003 3.06810252e-003 0. 0. 3.02784116e-004 0.
    -6.61234299e-005 0. 2.30135070e-003 0. 0. 2.87833600e-003
    6.26066874e-004 5.96040441e-003 8.74634017e-004 0. 1.13876618e-003
    0. 0. 0. 0. 0. 0. 2.94270855e-003 2.32294505e-003 0. 4.68526920e-003
    1.76739111e-003 0. 3.58235068e-003 1.17622607e-003 0. 0. 0. 0. 0. 0.
    -1.45246729e-003 1.15232810e-003 0. 0. 0. 0. 8.56747734e-004 0. 0.
    -1.68508908e-003 0. 1.09550043e-003 3.09359981e-003 2.22032075e-003
    0. 2.72944709e-003 0. 0. 0. 0. 1.74274447e-003 0. 0. 4.92671691e-003
    1.50227686e-003 0. 7.23436708e-004 0. 0. 7.94924796e-004
    1.03047374e-003 0. 0. 0. 1.66694110e-003 0. 2.00222991e-003 0. 0. 0.
    1.71932927e-003 -1.12663442e-003 0. 0. 0. 0. 2.47314945e-003 0.
    -2.17816560e-003 0. 6.86521363e-003 0. 0. 0. 0. 4.86941717e-004
    1.80574518e-003 2.96712318e-003 1.74642482e-004 0. 3.29448516e-003
    0. 1.53022329e-003 3.64303612e-003 1.92827231e-003 6.16922975e-004
    0. 0. 0. 0. 8.18518456e-005 0. 0. 6.70629903e-004 9.40206810e-004
    3.55939753e-003 5.46009978e-003 0. 0. 0. 0. 1.60965414e-004
    1.93731126e-003 0. 0. 0. 8.82945315e-004 0. 0. 6.13579759e-004
    2.90281698e-003 0. 2.31717085e-003 4.07266663e-004 0. 0. 0.
    5.24972146e-003 2.07242672e-003 0. 3.19054438e-004 4.87703970e-003
    0. 1.59116508e-003 0. 1.93088688e-003 -1.47432811e-003
    3.85828549e-003 1.99059094e-003 2.49692379e-003 0. 0. 0. 0.
    1.32270751e-003 0. 3.44306300e-003 4.79289703e-003 0.
    1.00131910e-002 1.41338035e-002 0. 1.18925667e-003 0.
    5.09318151e-003 2.39348458e-003 1.18550123e-003 4.57504950e-003
    3.57381906e-003 0. 0. -9.97650321e-004 0. -1.00936646e-004 0. 0.
    2.87024211e-003 0. -1.19946664e-003 0. 3.02586181e-004
    1.40333059e-003 2.30770488e-003 5.87361865e-004 1.49819267e-003 0.
    2.53344537e-003 1.46689871e-003 1.53508806e-003 0. 8.24338858e-005
    0. 0. 0. 0. 3.25533212e-003 0. 0. 3.95203009e-003 6.41437573e-003
    8.31297017e-004 5.61328931e-003 0. 0. 0. -1.08397938e-003 0.
    8.97374644e-004 -1.91033504e-003 2.32446683e-003 0. 1.36156028e-004
    0. 0. 4.71265730e-006 -8.27243319e-004 5.45989862e-003
    4.07758169e-003 2.61871493e-003 3.73753457e-004 1.73326652e-003
    8.42850888e-004 0. 0. 5.41108334e-003 -7.08593434e-005
    1.67124975e-003 3.57858278e-003 0. 0. 2.59533105e-003 0. 0. 0. 0.
    5.76748792e-003 3.40062921e-004 0. 0. 0. 0. 0. -1.38719042e-003 0.
    0. 7.92190060e-003 2.65024067e-003 3.40910791e-003 2.92068534e-003
    2.92017148e-003 -6.33915653e-004 -1.45482452e-004 0. 0.
    2.13696924e-003 0. 0. 2.95757246e-003 5.10841468e-003 0.
    1.05629954e-003 0. 0. 2.66585546e-003 7.63909542e-004
    7.93012849e-004 0. 0. 2.02635027e-004 0. 2.40973453e-003 0.
    1.79963768e-003 0. 2.46500992e-003 1.22873497e-003 5.57055045e-003
    6.98944263e-004 0. 0. 1.26694329e-003 0. 0. -1.61731977e-003
    1.21078978e-003 0. 9.02330969e-004 0. 0. 2.09612516e-003
    3.29770177e-004 0. 2.39120587e-003 0. 0. 1.03454583e-003 0.
    5.88353316e-004 3.59662296e-003 0. 3.79919377e-003 0.
    9.82894562e-004 9.43593495e-003 0. 0. 0. 2.05672090e-003 0.
    -6.29266870e-005 1.14630663e-003 0. 0. 2.17486848e-003 0. 0.
    4.53366229e-004 0. 0. 0. -1.36322808e-003 2.01408751e-003
    1.01445464e-003 7.11886445e-004 0. -1.74654718e-003 0.
    -4.98225098e-004 1.71351281e-003 5.49483557e-005 0. 0.
    2.97445164e-004 0. -1.09916332e-003 0. 2.20910087e-003 0. 0. 0. 0.
    0. 1.14793365e-004 0. 0. 1.91861193e-003 0. 0. -7.22228469e-006
    3.42125539e-003 0. -5.76254446e-004 0. 0. 8.13864544e-003 0.
    6.23903284e-003 0. 9.04201588e-004 -2.49868113e-004 0. 0.
    3.80079052e-003 0. 0. 0. 0. 0. 7.76643213e-003 1.45421945e-003 0.
    1.44764443e-003 0. 1.23656727e-003 0. 0. 0. 0. 9.60238336e-004
    1.32070726e-003 0. 0. 0. 0. 0. 2.67006573e-003 0. 0. 0.
    1.84172776e-003 0. 0. 1.77748490e-003 0. 4.00171644e-004 0.
    1.30328664e-003 7.90867303e-003 0. 0. 2.65104696e-003
    1.77539990e-003 0. 0. 0. 1.37642426e-002 0. 0. 0. 0. 0.
    3.72166163e-003 0. 1.94642390e-003 0. 0. 3.80738697e-004 0. 0.
    6.84161554e-004 -3.11078434e-003 0. 3.09308176e-003 0.
    -1.87761476e-003 4.03978303e-003 1.53790705e-003 6.05980575e-004 0.
    0. 9.85141494e-004 3.96591844e-003 0. 0. 2.36168737e-003 0. 0. 0. 0.
    0. 0. 0. 1.89427764e-003 7.84494914e-004 0. 0. 0. 3.68787767e-003
    9.75367788e-004 0. 1.73431612e-003 0. 3.91851907e-004
    7.53340195e-004 0. 0. 0. 0. 2.25340598e-003 0. 0. -1.39652926e-003
    0. 0. 4.58839489e-003 0. 0. 2.19719158e-003 7.59687088e-003 0.
    3.58210132e-003 4.56309412e-003 0. 0. 0. 8.53761332e-004 0.
    1.36799808e-003 0. 1.05073291e-003 0. 9.10295988e-004 0. 0. 0.
    4.81372559e-003 -1.23814316e-004 0. 1.02903915e-003 1.63064292e-003
    4.46246518e-003 0. 0. 0. -1.53782743e-003 0. 0. 0. 0. 0. 0.
    4.25563706e-003 0. 0. 0. 0. 0. -1.04672811e-003 -5.15903404e-004 0.
    0. 0. 0. 0. 0. 0. 2.10396852e-003 0. 0. 0. 0. 0. 0. 4.38790506e-004
