<?xml version="1.0"?>
<opencv_storage>
<imageDescriptor type_id="opencv-matrix">
  <rows>1</rows>
  <cols>1000</cols>
  <dt>f</dt>
  <data>
    0. 3.18775210e-003 2.65984656e-003 0. -7.34515116e-003 0. 0.
    8.89487914e-004 0. 6.78267243e-005 1.21445081e-003 7.92005192e-003
    7.90112768e-004 0. 0. 0. 0. 0. 7.97580054e-004 6.79150515e-004 0.
    8.08619254e-004 0. 0. 1.58622477e-003 0. -5.48241194e-004 0. 0. 0.
    0. 8.19677545e-004 0. 0. -2.03644140e-006 0. 0. 2.28374172e-003
    1.18540404e-002 0. 0. 0. 5.13460673e-002 0. 1.63671188e-003
    4.28626267e-003 1.35966751e-003 0. 0. 0. 0. 5.96765196e-003
    -4.71552368e-004 9.80118290e-003 0. 6.14061346e-003 0. 0. 0.
    -8.13290069e-004 1.14876195e-003 0. 2.02847645e-002 7.19199143e-003
    1.80790443e-002 0. 9.33515039e-005 3.99126718e-003 0. 0. 0.
    6.29946066e-004 0. 2.08910787e-003 0. 0. 0. 0. 7.11240433e-003
    3.87260318e-003 0. 1.02458978e-002 1.68019370e-003 3.54438409e-004
    0. 7.20403064e-003 0. 0. 0. 0. 0. 0. 0. 1.22661039e-003
    1.44846470e-003 7.16221344e-004 0. 0. 7.44474679e-003 0.
    2.33735261e-003 6.64425781e-004 0. 0. 0. 1.03188222e-002 0.
    -2.03491561e-003 1.00812735e-003 0. 0. -2.46873475e-004 0.
    9.27302986e-003 0. 0. 0. 0. -2.81317136e-003 2.46405741e-003
    2.09503435e-003 0. 0. 7.25443335e-003 0. 0. 0. 1.50667399e-003
    2.51142634e-003 1.96446292e-003 6.94638491e-003 0. 0. 0.
    1.93455070e-002 0. 0. 0. 0. 0. 7.62014010e-004 1.17610916e-002 0.
    1.86122733e-003 2.04737764e-003 5.03195124e-003 0. 0.
    1.30225695e-003 0. 8.23150016e-003 0. 3.20441811e-003
    6.47181505e-003 0. 0. 4.62544058e-003 0. 0. 0. 0. 0. 1.23709685e-003
    0. -1.49102692e-004 0. 0. 0. 0. 2.44744378e-003 3.20654106e-003
    1.32562919e-002 -2.01019878e-003 2.35071685e-003 0. 0. 0. 0. 0.
    8.00447888e-004 0. 2.27486622e-003 3.22292093e-003 0. 0. 0. 0.
    -2.26030941e-004 8.19041301e-003 0. 3.86641186e-004 1.25625229e-003
    1.43798813e-003 4.65415418e-004 6.19824685e-004 0. -1.72931046e-004
    0. 0. 0. 0. -8.38682987e-004 0. 0. 0. 0. 0. 1.08244258e-003 0. 0.
    1.12183555e-003 0. 0. 1.45554459e-002 0. 0. 1.42852904e-003
    1.00606796e-003 0. 0. 0. 1.02614623e-003 0. 6.45146286e-003 0.
    -6.54230418e-004 3.80144990e-003 3.70883453e-003 0. -5.12306672e-003
    0. 0. 2.99246423e-003 0. 0. 0. 0. 0. 0. 0. 0. 0. 0. 0. 0. 0.
    8.79832369e-005 6.05342138e-005 0. -7.52016203e-004 0. 0.
    7.17790215e-004 2.81372946e-003 0. 0. 1.48281676e-003
    -2.37493217e-003 1.63176376e-003 0. 0. 0. 2.44054664e-003 0. 0. 0.
    0. 4.78789676e-003 0. 8.09724268e-004 0. -4.53291468e-005 0. 0.
    5.23716072e-003 1.56198407e-003 0. 0. 3.60271079e-003 0. 0. 0. 0.
    2.45675299e-004 2.02188478e-003 -3.14992364e-003 0. -3.30163934e-003
    0. 0. 0. 0. 0. 5.85988909e-003 0. 0. 0. 0. 0. 2.10082880e-003 0. 0.
    0. 2.36298656e-003 2.61346623e-003 0. -1.06215652e-003
    -5.70454460e-004 0. 0. 1.25595753e-003 0. 0. 0. 0. 7.44998397e-004
    5.51428599e-003 0. 0. 0. -1.50206522e-003 1.13311429e-002
    6.75033592e-003 0. 0. 0. 2.84300972e-004 0. 7.15315167e-004 0. 0.
    4.10781568e-003 3.87929613e-004 0. 0. 0. 0. 3.32322763e-003
    1.27425545e-003 -6.62903651e-004 1.13161355e-002 0. 0. 0.
    -2.02418026e-003 0. 1.55190901e-005 0. 0. 9.87645355e-004
    2.93174502e-003 4.80690086e-003 1.82327279e-003 0. 0. 0. 0. 0.
    -6.03826717e-004 0. 0. 0. 0. 0. 0. 0. 0. 0. 0. 0. -5.27196273e-004
    0. 0. 0. 0. 9.36466677e-006 0. 0. 0. 0. 7.28761312e-004 0. 0. 0. 0.
    0. 0. -6.35525037e-004 0. 0. 0. 0. 1.53974083e-003 0. 0. 0. 0. 0. 0.
    0. 0. 0. 0. 2.67015141e-003 3.17580812e-003 3.44917935e-004 0. 0. 0.
    2.52882601e-003 0. 3.42895946e-004 0. 0. 0. 0. 0. 0. 2.72639585e-003
    0. 0. 0. 0. 2.98234052e-003 0. 0. 0. 0. 0. 0. 0. -3.86657302e-005
    1.67072739e-003 4.54746140e-003 0. 7.24170241e-004 1.64325687e-003
    1.56098651e-002 0. 0. 8.00499809e-004 2.02445849e-003 0. 0. 0. 0. 0.
    0. 1.67629123e-003 0. 4.09682165e-004 0. 1.20293011e-003 0. 0. 0.
    -7.42894481e-004 0. 2.00854032e-003 1.20823318e-002 1.02829747e-003
    5.80726366e-004 0. -5.02228504e-004 3.39670712e-003 0. 0. 0. 0. 0.
    0. 0. 0. 2.26470875e-003 0. 0. 0. 3.10222007e-004 0. 0. 0. 0. 0. 0.
    3.07875825e-003 0. 0. 0. 9.85132880e-004 3.78985261e-003 0. 0.
    4.12082486e-003 2.04897951e-003 0. 1.37613423e-003 0. 0. 0. 0.
    5.80593850e-003 2.37897923e-003 -2.78200780e-004 1.81436632e-003 0.
    0. 1.67865236e-003 0. 0. 3.88940889e-003 8.92162905e-004 0.
    -5.61139022e-004 3.33580235e-003 -7.50861363e-004 7.76086468e-004 0.
    0. 0. 3.97462718e-004 0. 7.67341990e-004 0. 0. 0. 0. 0. 0. 0. 0. 0.
    0. 0. 2.54895678e-003 0. 1.32720306e-004 -2.20227288e-003
    4.29076143e-003 1.14453700e-003 1.49839651e-003 0. 0.
    1.57665834e-002 5.98481914e-004 0. 0. 0. 0. 3.40154138e-003 0.
    4.22760968e-006 0. 7.39575189e-004 3.51350731e-003 0. 0. 0. 0.
    7.70899281e-003 0. 0. 1.13476301e-003 1.06852676e-003 0.
    4.08616266e-004 0. 0. 5.16273361e-003 1.38366874e-003
    -8.26809497e-004 1.90745492e-003 2.15022429e-003 0. 0. 0.
    3.45562614e-004 0. 0. 3.33080534e-003 0. 0. 0. 0. 0. 1.07724965e-003
    0. 0. 0. 0. 1.16172871e-002 0. 9.23390791e-004 0. 6.41566515e-003
    1.89461396e-003 1.93988008e-003 1.05644506e-003 9.05061956e-004 0.
    0. 0. 0. 0. 0. 7.30021129e-005 1.43878942e-003 0. 0. 0. 0.
    -1.88128382e-003 0. 1.61844341e-003 -1.21931022e-003 0. 0.
    1.52471155e-004 0. 4.19489254e-004 0. -2.93752993e-004 0.
    5.91088610e-004 1.43860700e-003 0. 2.19066511e-003 0. 0. 0.
    1.30028243e-003 0. 8.40701163e-004 1.33023155e-003 5.02767693e-003
    0. 6.42812997e-003 3.17111127e-002 0. 0. 0. 0. 0. 3.07466625e-003
    1.02623412e-002 -1.60529977e-003 0. -3.29901872e-004 0.
    2.02894807e-004 0. 0. 0. 0. 7.76715402e-004 0. 0. 0. 2.51029176e-003
    3.23024602e-003 0. 0. 0. 0. 0. 0. 0. 0. 0. -4.24140453e-004 0. 0.
    -2.02105357e-003 0. 0. -4.04499115e-005 0. 0. 1.64733699e-003 0.
    2.58714776e-003 0. 0. 2.49867118e-003 2.00434704e-003
    4.33793012e-003 -7.45242229e-004 2.24157330e-003 0. 0.
    3.54585427e-005 0. 0. 0. 0. 0. 2.19200947e-003 0. 0. 0. 0.
    6.49971131e-004 7.72689795e-003 0. 3.38205806e-004 0. 0.
    1.62548735e-003 4.97932406e-003 0. 0. 9.80452867e-004
    6.87672338e-003 3.26295639e-003 0. 0. 0. 2.32214294e-003
    4.90766158e-003 0. 0. 0. 0. 3.60829756e-003 0. 1.05208042e-003
    3.71034071e-003 0. 0. 0. 0. 0. 8.77815392e-003 -3.39534927e-005 0.
    8.36110616e-004 2.64622178e-003 6.30592229e-003 1.26736925e-003 0.
    0. 0. 0. 2.17882171e-002 0. 0. 7.66607933e-003 0. 0. 0. 0.
    -6.84630219e-003 0. -3.75882722e-004 0. 0. 0. 0. 3.12523916e-003 0.
    0. -8.43383386e-005 0. 1.92247366e-003 0. 0. 3.68475076e-003 0. 0.
    0. 0. 8.28432501e-004 4.75815265e-004 0. 3.73463822e-003 0. 0. 0.
    4.25373763e-003 0. 0. 2.08315556e-003 0. 0. 0. 0. 0. 1.52518158e-003
    8.17147642e-003 0. 0. 0. -2.03278637e-003 0. 0. 0. 0. 0. 0. 0. 0. 0.
    0. 0. 0. 0. 4.93472733e-004 0. 0. 0. 0. -1.93080422e-003
    7.20190955e-003 1.81687914e-003 0. 0. -7.85928351e-005 0. 0. 0. 0.
    0. 0. 0. 0. 0. 0. 0. 0. 0. 0. 0. 0. 0. 0. 3.34373862e-003 0. 0.
    -6.20395876e-004 0. 0. 0. 0. 5.83850779e-003 8.59888829e-003
    1.32444093e-003 0. 0. 2.46152841e-003 0. 0. 0. 4.29517590e-003 0. 0.
    0. 6.50177617e-003 0. 0. 1.35546143e-003 6.98178832e-004 0. 0.
    4.35597904e-004 0. 0. -1.76338619e-003 0. 1.92916906e-003
    -2.51723872e-003 2.07590777e-003 0. 0. 0. 6.10396441e-004 0.
    -6.00937965e-005 0. 0. 5.61855035e-003 1.84590300e-003
    2.00361456e-003 0. -1.12346164e-003 0. 6.47579727e-004 0.
    -8.01354472e-004 1.07442727e-002 2.56729475e-003 3.86278913e-003 0.
    0. 1.81379518e-003 0. 0. 1.01581984e-003 2.61939364e-003 0.
    1.42670190e-003 0. 0. 0. 1.15859620e-002 0. 0. 0. 0. 0. 0. 0.
    3.69324605e-003 0. 0. 1.76498468e-003 0. 9.47352615e-004 0. 0.
    3.35915620e-003 0. 1.65681791e-004 9.24402568e-003 0.
    6.91466592e-003 0. 0. 0. 1.48057146e-003 0. 3.11154244e-003 0. 0. 0.
