<?xml version="1.0"?>
<opencv_storage>
<imageDescriptor type_id="opencv-matrix">
  <rows>1</rows>
  <cols>1000</cols>
  <dt>f</dt>
  <data>
    0. 0. 2.12884881e-003 4.19085100e-003 0. 0. 1.86757674e-003
    4.61705215e-003 0. -7.88025907e-004 0. 4.56144148e-003
    -6.27589179e-004 0. 0. -1.66067592e-004 0. 3.18280607e-003
    -1.10789947e-003 5.83991641e-005 6.38389683e-005 0. 0. 0.
    2.74689286e-003 0. 0. 0. 0. 6.61136862e-003 0. 0. 0. 0. 0. 0.
    1.91459507e-002 3.08815530e-003 0. 0. 0. 9.52670700e-004 0. 0.
    1.05702104e-002 1.17366563e-003 0. 0. 0. 8.10403284e-003 0.
    1.01953419e-003 0. 0. 0. 0. 0. -4.85186203e-004 4.59793163e-003 0.
    0. 0. 5.18877001e-004 1.11296447e-003 0. 0. 0. 0. -2.13551777e-003
    0. 0. 3.89833003e-003 0. 5.43677132e-004 0. 1.42782554e-002
    1.61871559e-003 1.73262358e-002 0. 3.66906193e-003 0. 0. 0. 0. 0. 0.
    1.68868131e-003 3.78367607e-003 1.04257604e-003 0. 0. 0.
    -4.09308304e-005 0. 0. 0. 0. -1.36203118e-004 0. 0. 0.
    1.97261409e-003 1.00175291e-003 0. 0. 0. 0. 0. -2.85976466e-006 0.
    0. 0. 0. 0. 2.51497957e-003 5.35700051e-003 1.01005118e-002 0. 0. 0.
    0. 5.85381524e-004 1.50221039e-003 2.49324064e-003 0.
    -4.03041905e-003 0. 0. 0. 0. 0. 0. 0. 0. 0. 0. 0. 1.39810157e-003
    8.44559225e-004 0. 0. 0. 6.62789075e-003 0. 1.76417889e-005
    8.19274719e-005 1.58295175e-003 0. 2.00952194e-003 3.63253377e-004
    0. 2.61715939e-003 1.80219952e-003 1.87667634e-003 7.03777187e-003
    0. 0. 4.98835347e-004 -1.71235984e-003 8.79643671e-003 0. 0. 0. 0.
    -4.95475251e-004 1.88322668e-003 0. 0. 6.27402402e-003 0. 0. 0. 0.
    0. 0. 8.99985243e-005 0. 0. -1.72273628e-003 0. 0. -1.77625785e-004
    5.12058660e-003 0. 2.66636547e-004 0. 1.99731579e-003 0. 0. 0. 0. 0.
    0. 0. 0. 0. 0. 7.54319073e-004 -1.47822511e-003 0. 0.
    4.47968487e-003 0. 3.38862906e-003 1.01835889e-004 0. 0.
    1.83560522e-004 0. 4.23529372e-003 0. 0. 0. 1.96452276e-003
    2.89122597e-003 0. 0. -5.91246295e-004 -3.86188645e-003 0.
    1.44906587e-003 0. 0. 0. 3.95958032e-003 0. 0. 6.44267828e-004 0.
    7.49142095e-003 0. 0. 0. 3.70539259e-003 0. 0. 4.09236236e-004
    1.47216092e-003 0. 2.01061415e-003 0. 4.67217481e-003
    4.51433845e-003 0. 0. 0. -2.35631349e-004 0. 1.13808992e-003
    1.86340697e-003 5.64766675e-003 0. 0. 0. 0. 1.17255840e-003 0. 0.
    1.81142695e-003 6.28366135e-004 7.55458046e-003 0. 0. 0. 0. 0.
    4.51450143e-003 3.09105427e-003 0. 0. 1.66739374e-002
    6.07042760e-003 8.57896730e-003 3.28254281e-003 2.14201701e-003 0.
    0. 0. 6.47761254e-003 -2.56708590e-004 4.06668009e-003 0. 0. 0.
    7.40348129e-003 1.52423431e-003 3.74082895e-003 0. 3.46885249e-003
    5.52366953e-003 0. 0. 0. 0. 1.00332149e-003 -2.23862962e-003 0. 0.
    0. 1.06824480e-003 0. 0. 0. 0. -3.35736200e-003 0. 2.41391268e-003
    0. 2.48558726e-003 0. 2.81149405e-003 0. 0. 0. 5.14958985e-004 0. 0.
    0. 0. 0. -1.38992807e-004 0. 0. 0. 0. 8.91888421e-003 0. 0. 0. 0. 0.
    0. 0. 0. 0. -1.09305757e-003 8.19193199e-004 1.07998017e-003 0.
    2.12405017e-003 0. 8.35268758e-004 -1.45193585e-003 0. 0. 0.
    6.62962487e-003 0. 0. 0. 0. -1.69881003e-003 0. 0. 0. 0.
    3.37954587e-003 0. 0. 0. 1.71561865e-003 0. 0. 1.66210961e-002 0.
    1.62850227e-003 0. 0. 2.82018050e-003 0. 0. 0. 0. 0. 0. 0.
    2.88817449e-004 0. 0. 2.51559517e-003 3.24433716e-003 0. 0.
    7.38007994e-003 0. 0. 0. 0. 1.89210020e-003 0. 0. 1.94289058e-003
    1.85276975e-003 0. 0. 0. 2.02908483e-003 1.43986696e-003
    1.74594723e-004 0. 0. 0. 0. 0. 0. 0. 0. 0. 0. 0. 1.59618014e-003 0.
    0. 0. 0. 3.34900047e-004 6.90397981e-004 0. 0. 0. 0. 0.
    9.68480745e-005 0. 0. 5.18578896e-003 0. 1.51583494e-003 0.
    1.75947510e-003 7.42867851e-005 0. -3.05867149e-003 0. 0. 0. 0.
    9.96825867e-004 2.34264950e-003 0. 1.00256140e-004 0.
    -6.37678662e-004 5.69461379e-004 0. 0. 0. 0. 0. 0. 6.53187162e-004
    5.97680104e-004 0. 0. 0. 0. 0. 1.38978066e-003 0. 8.37388355e-003 0.
    0. 2.18380103e-003 6.94873626e-004 0. 1.45367337e-002 0.
    1.52253930e-003 5.03022736e-003 0. 2.21240195e-003 0. 0. 0.
    1.46914809e-003 -9.07674548e-004 -2.21633399e-003 0. 3.80716310e-003
    0. 0. 6.56383694e-004 0. 0. 0. 1.28063448e-002 0. 3.17959092e-003 0.
    0. 2.22742604e-003 0. 0. 1.00176204e-002 0. 1.44071132e-003 0. 0. 0.
    0. -1.94842357e-003 0. 0. 0. 3.05166526e-004 0. 0. 0.
    -6.54247706e-004 0. 0. -9.23704763e-004 0. 1.48053281e-003
    5.02321462e-004 6.85197534e-003 0. 0. 1.15730520e-003 0. 0.
    -7.33209134e-004 0. 0. 4.26377589e-003 0. 0. 2.85494211e-003
    1.59608037e-003 8.24151444e-004 0. 8.32031295e-003 -7.83509226e-004
    5.60860243e-003 2.77251145e-003 0. 0. 0. 0. 3.52699449e-003
    -1.10650423e-003 0. 0. 0. 0. 0. 0. 0. 0. 0. 0. 1.04475883e-003 0. 0.
    0. 0. 4.73027816e-003 0. -7.77060341e-004 0. 8.84750579e-003 0. 0.
    6.09488273e-003 0. 0. 0. 0. 0. 1.24298828e-002 8.59220512e-003
    8.02637171e-003 0. 0. -5.15991123e-004 0. 0. 0. 0. 0. 0. 0. 0.
    4.89394134e-003 0. 6.39418978e-003 0. 0. 1.41113519e-003 0. 0.
    2.82771513e-003 -4.04944003e-004 8.30439385e-003 0. 0. 0. 0.
    2.72056274e-003 0. 0. 3.90346302e-003 3.22993175e-004 0. 0. 0. 0.
    1.53812158e-004 3.18230852e-003 0. 0. 0. 6.38720347e-003 0. 0. 0. 0.
    0. 0. 0. 0. 3.40338098e-003 5.30987792e-003 4.68616287e-004
    4.88716993e-004 1.53941556e-003 2.81962124e-003 0. 0.
    1.17092009e-003 0. 0. 0. 0. 1.07021641e-003 0. 8.92305397e-004 0. 0.
    1.69161439e-003 4.81336424e-003 0. 0. 1.79461640e-004 0. 0. 0. 0. 0.
    0. 2.30386481e-003 0. 0. 0. 0. -2.22324324e-003 2.55698664e-003
    -3.62463528e-003 1.73948240e-003 0. 0. 0. 0. 8.08744982e-004 0. 0.
    0. 0. 0. 2.72481353e-003 0. 0. 1.41727608e-002 0. 0. 0.
    2.12088600e-003 0. 0. 1.02014411e-002 5.79201675e-004
    8.97641643e-004 0. -1.61183081e-004 1.36867980e-003 7.88428728e-003
    0. 0. 0. 0. 0. 0. 0. 0. 0. 0. 0. 0. 1.45056867e-003 0.
    4.80456837e-003 0. 0. 0. 0. 0. 0. 0. 0. 0. 0. 0. 1.14632526e-003
    -6.36699551e-004 0. 0. 1.85314100e-003 -1.40595832e-003
    1.03981886e-003 0. 0. 0. 2.03784485e-003 0. -2.63872353e-004
    9.29144211e-003 8.75323080e-003 2.87638186e-003 0. 6.24888483e-003
    0. 0. 1.70601420e-002 0. 0. 0. 0. 0. 0. 2.36649328e-004 0. 0. 0. 0.
    0. 1.76764338e-003 0. 0. 0. 0. 0. 0. 0. 1.94106295e-004 0. 0.
    9.19010304e-003 0. 5.45996102e-003 4.19058511e-003 9.25131608e-004
    2.96273007e-004 0. 7.42960256e-003 6.36050172e-005 0.
    7.71856168e-004 0. 0. 0. 2.68326025e-003 -8.87459028e-004
    7.23918900e-003 0. 0. 0. 1.02666952e-003 1.87486573e-003
    1.54729560e-003 9.36277793e-005 0. 0. 4.01333702e-004 0. 0.
    8.70645791e-003 0. 1.28490850e-003 0. 0. 0. 0. 0. 0. 0.
    -1.65383797e-003 2.14618421e-003 0. 0. 2.00566166e-004 0. 0. 0. 0.
    0. 1.59769389e-003 0. 7.61718256e-003 2.16011028e-003 0.
    -2.53054168e-004 0. 0. 0. 0. 0. 0. 0. 0. 2.82397657e-003 0. 0. 0. 0.
    3.34606203e-003 1.61008757e-006 4.23246500e-004 -4.27399209e-004 0.
    0. 0. 0. 1.56241795e-003 0. -4.00320016e-004 0. 2.92904070e-003 0.
    0. 0. 0. 2.63890804e-004 1.59859704e-003 1.02645922e-002 0. 0. 0. 0.
    0. 2.70012510e-003 1.17624796e-003 0. 0. 0. 0. 0. 0. 2.04004371e-003
    0. 0. 0. 5.52032935e-003 5.58095099e-003 0. 3.99830722e-004 0.
    8.90822033e-004 0. 0. 0. 0. 0. 0. 0. 0. 0. 0. 0. 0. 0. 0. 0. 0.
    8.20094347e-003 0. 3.23034183e-004 5.46375383e-003 0. 0.
    -7.26663100e-004 0. 3.36044841e-003 0. 1.71069824e-003
    1.24576956e-003 0. 0. 0. 0. 0. 0. 1.77007373e-002 2.25319900e-003 0.
    0. 0. -2.59411754e-004 1.21990568e-003 0. 0. 0. 0. 3.61660286e-003
    0. 2.81708944e-003 2.83600320e-003 1.10103807e-003 0. 0.
    8.69054161e-003 0. 0. 0. 1.01107759e-002 0. 0. 4.36520875e-002 0.
    3.97743192e-003 0. 0. 0. 0. 1.88134669e-003 4.33929171e-003 0. 0. 0.
    0. 0. 0. 3.75062198e-004 0. 0. 0. 5.99162746e-003 0. 0.
    5.59974695e-003 0. 0. 5.28419204e-003 0. 2.68612041e-007 0. 0. 0. 0.
    0. 0. 0. 0. 0. 0. 3.24598444e-003 2.55323161e-004 0. 0. 0. 0.
