<?xml version="1.0"?>
<opencv_storage>
<imageDescriptor type_id="opencv-matrix">
  <rows>1</rows>
  <cols>1000</cols>
  <dt>f</dt>
  <data>
    0. 9.37031407e-004 0. 0. 0. 0. 0. 6.72132848e-003 0. 1.54626509e-002
    8.11411650e-004 1.21807563e-003 0. 0. 0. -2.31411471e-003
    -3.04572191e-003 0. 0. 8.83157656e-004 1.74389197e-003
    4.94803535e-003 0. 2.87859607e-003 1.06425234e-003 1.34290871e-003
    0. 0. 0. 2.03419849e-003 0. 0. 2.36886553e-003 0. 0. 0. 0.
    5.59436297e-003 6.21795887e-004 0. 0. 9.55636206e-004 0. 0.
    -1.17014511e-003 2.72161997e-004 1.23048329e-003 1.75461883e-003 0.
    1.55699759e-004 0. 2.90983939e-003 3.77208809e-003 4.77952603e-003
    0. 0. 0. 0. 0. 0. 2.69975630e-003 0. 0. -1.70916808e-003 0.
    9.40152560e-004 -1.08404073e-003 0. 0. 2.37611798e-003 0. 0. 0. 0.
    0. 0. 0. 0. 0. 0. 9.44288215e-004 0. 0. 1.02471085e-002 0. 0. 0.
    -1.21091492e-003 1.28281093e-003 0. 1.38223392e-003 1.51058636e-003
    4.48405603e-003 0. 3.99427302e-003 0. 0. 1.55453291e-003
    2.46011023e-003 0. 0. 9.03143315e-004 0. 9.07691719e-004 0.
    9.10121831e-004 0. 0. 4.98314295e-003 0. 0. 7.04126805e-003 0. 0. 0.
    1.46550534e-003 0. 0. 2.07805331e-003 0. 1.42326020e-003 0. 0. 0.
    7.06048775e-003 0. 0. 3.08722910e-003 8.70396267e-004
    4.10062959e-003 2.01990269e-003 6.13790937e-003 0. 0. 0. 0.
    -3.65038868e-003 0. 0. 2.53450451e-003 -1.43151591e-003 0. 0. 0. 0.
    0. 2.82400171e-004 1.52735494e-003 0. 0. 1.60502864e-003
    2.24260171e-003 0. 0. 0. 1.40959094e-003 0. 3.53739527e-003 0. 0. 0.
    0. 0. 0. 0. 1.18937355e-003 1.56245129e-002 0. 0. 2.94381217e-003 0.
    1.25270555e-004 -1.17457251e-003 -1.94599724e-003 0. 2.47297739e-003
    0. 0. 1.12345582e-002 0. 0. 2.94444407e-003 0. 0. 0. 0. 0.
    -2.20476347e-003 8.67211632e-003 4.44671651e-003 0. 0. 0. 0. 0. 0.
    2.47076200e-003 0. 2.55964906e-003 1.24324381e-003 0.
    6.25960238e-004 0. -1.19592028e-003 0. 3.02859559e-003 0. 0. 0. 0.
    0. 0. 0. -2.44972832e-003 0. -1.04382716e-003 0. -2.00370140e-003 0.
    8.37815553e-003 0. 0. 0. 0. 2.02782499e-003 -9.42675397e-004 0. 0.
    1.22220290e-003 0. 0. 7.02803489e-003 0. 2.91541265e-003
    -2.68204743e-003 0. -9.52100090e-005 0. 3.79001303e-003 0. 0. 0. 0.
    0. 0. 4.56602825e-003 0. 0. 0. 7.69919890e-004 0. 2.18696048e-004
    1.91539282e-003 3.00716818e-003 2.44604365e-004 0. 0. 0. 0. 0.
    3.04635754e-003 0. 0. 1.37343060e-003 0. 2.21583201e-003
    6.27682311e-003 0. 0. 0. 0. 0. 0. -1.48407475e-003 0.
    1.16858482e-002 0. 0. 0. 0. 0. 0. 0. 0. -9.88249551e-004
    -3.65266897e-004 0. 0. 0. 6.55646855e-003 0. 3.15724337e-003
    4.65644477e-003 0. 0. 0. 0. 0. 0. 7.80363055e-003 0. 0. 0. 0.
    -2.56427936e-003 0. 0. 0. 3.57041880e-003 0. 8.61251820e-003 0. 0.
    0. -1.36892544e-003 0. 0. 1.55002223e-002 1.76335583e-004 0.
    -4.27738111e-003 0. 0. 4.28723986e-004 0. 0. 0. 0. 1.39918039e-003
    0. 0. -6.37339952e-004 1.29956671e-003 1.14437530e-003 0.
    1.66940340e-003 0. 0. -4.05404397e-004 0. 0. 0. 8.79510399e-003 0.
    4.75291582e-003 0. 0. 2.83658877e-003 2.32550711e-003 0. 0.
    -2.52752989e-006 1.18603744e-002 1.63478148e-003 0. 2.24810839e-003
    0. 0. 9.96222952e-004 5.37243579e-003 1.28726871e-003 0. 0. 0.
    4.27561952e-003 0. 0. 1.98050383e-002 -1.43228844e-003
    -1.14555558e-004 0. 0. 0. 0. 0. 0. 9.51234158e-003 0. 0. 0. 0. 0. 0.
    4.20183130e-003 0. 0. 0. 7.64659932e-003 0. 2.33717682e-003
    6.84333034e-003 0. 3.16711288e-004 4.31800820e-003 0.
    2.21371185e-003 0. 2.96050194e-003 0. 0. 0. 1.03287455e-002 0. 0.
    6.98789314e-004 0. 0. 0. 0. 1.08612434e-003 0. 0. 1.09349191e-003 0.
    0. 0. 0. 0. 0. 0. 0. 0. -1.21305848e-003 0. 0. 1.19831529e-003 0. 0.
    0. 0. 0. 0. 7.40306824e-003 0. 1.49571197e-003 0. -1.52455454e-004
    1.72626355e-003 0. 0. 1.23272568e-003 0. 0. 1.81291103e-002 0.
    7.48363836e-003 0. 0. 2.30018049e-003 0. -1.13265403e-003 0. 0. 0.
    0. 0. 0. 0. 6.06263103e-003 2.03032483e-004 0. 0. 1.35650497e-003 0.
    5.13132242e-003 0. 7.56087538e-004 -1.48935709e-004 0. 0. 0. 0.
    3.82256880e-003 0. 2.85781408e-003 0. 0. 0. 0. 1.23133115e-003
    2.60906341e-003 0. 2.46803416e-003 8.09404906e-003 0.
    -9.36091310e-005 0. 0. 2.88432254e-003 0. 0. 0. 7.76581885e-003 0.
    0. 0. 0. 2.22970806e-002 1.54960109e-003 0. 2.42150039e-003 0. 0.
    -1.14386203e-003 0. 0. 0. -7.04353442e-004 5.54535072e-003
    6.31778594e-003 4.52074269e-003 2.66011921e-003 8.03949588e-005 0.
    0. 0. 0. 0. 0. 0. 0. 6.65903091e-003 2.46157474e-003 0.
    -8.91867501e-004 0. 0. 1.11341523e-003 5.36173675e-003 0. 0.
    1.15731447e-004 0. 0. 2.48393416e-003 -6.09747367e-004
    3.08443070e-003 0. 0. 4.97922010e-004 0. 0. -4.11993562e-004
    -1.28039566e-003 7.12365890e-003 0. 0. 0. 1.75727217e-003 0. 0. 0.
    0. 0. 1.72310718e-003 8.26080143e-003 1.29967118e-002
    -4.77800568e-005 0. 0. -3.74120357e-003 0. 0. 0. 1.81418670e-007 0.
    0. 7.03224400e-003 7.79880851e-004 -1.09185858e-005 4.86207660e-003
    1.62282377e-003 0. 0. 1.14013511e-003 0. 3.29915783e-003 0. 0. 0. 0.
    0. 0. 0. 0. 0. 0. 8.07280559e-003 -1.87781360e-003 5.13502583e-003
    0. 0. 1.32204592e-003 -1.96097326e-003 -1.40807779e-005 0.
    -1.73384289e-003 1.77718140e-003 0. 3.50892777e-003 1.68897168e-004
    0. 0. 0. -4.60435440e-005 0. 4.97381110e-003 0. 0. 4.87386133e-004
    0. 0. 2.84829689e-003 0. 0. 1.18401488e-002 0. 2.73754750e-003 0. 0.
    1.61875435e-003 0. 0. 0. -1.24028287e-004 0. 0. 0. 2.30023568e-003
    0. -1.72500254e-003 6.94416137e-003 0. -2.00706907e-003 0. 0. 0. 0.
    0. 0. 0. 0. 0. 1.07832730e-003 0. 6.12094626e-003 0. 0.
    8.55638739e-003 2.24958942e-003 0. 0. 0. 0. 7.10498635e-003 0. 0. 0.
    6.47835666e-003 0. 0. 0. 0. 0. 0. 0. 0. 0. 0. 0. 6.92738779e-003
    1.44824199e-003 2.80700764e-003 0. -5.49688702e-004 0. 0. 0. 0. 0.
    0. 0. 1.18920347e-002 0. 8.74621837e-005 0. 8.99956934e-003 0.
    -1.28726498e-003 0. 0. 1.75367843e-003 0. 0. 0. 0. 0. 0. 0.
    1.98086211e-003 4.00402001e-004 0. 0. 0. 0. 0. -1.86721125e-004
    2.70097586e-003 0. 0. 9.09084454e-003 0. -5.36676846e-004 0.
    5.85056655e-003 0. 0. -1.68155902e-003 0. -2.11065938e-003
    -1.98495272e-003 0. 0. 6.79088756e-003 0. 0. 0. -2.32471828e-003 0.
    0. 0. 0. 0. 0. 5.39322384e-003 -1.17338530e-003 0. 4.43863496e-003
    0. 0. 4.13627038e-003 2.52696895e-003 0. 0. 3.11029307e-003 0.
    1.10138510e-003 0. 1.15900645e-002 4.56816657e-003 0. 0.
    1.29398741e-002 0. 0. 0. 0. 1.89267634e-003 0. 0. 0. 0. 0. 0. 0. 0.
    1.86896306e-002 0. 0. 0. 3.07149533e-003 0. 0. 0. 0. 0. 0. 0.
    6.15440134e-004 0. 2.32154806e-003 0. 0. 0. 0. 0. 0. 0. 0.
    8.78800056e-004 0. 0. 0. 3.03107605e-004 0. 7.46467058e-003
    4.26524458e-003 0. 0. 0. 0. 0. 0. 0. 8.01137590e-004 6.34575216e-003
    0. 7.32029974e-003 0. 0. 0. 0. -1.69236551e-003 0. 1.52905658e-003
    5.92561066e-003 0. 0. 2.33973283e-003 -3.49813199e-005 0. 0. 0. 0.
    0. 0. 0. 0. 0. 0. 0. 0. 1.29234465e-003 8.34650884e-004
    -8.23914481e-004 1.13115378e-003 7.56461825e-003 0. 0. 0. 0. 0.
    3.61187453e-003 -2.94682366e-004 0. 0. 8.84036068e-003
    1.08859199e-003 0. -3.67370696e-004 0. 0. 0. 2.92598014e-003 0. 0.
    1.32779311e-002 0. -2.07456498e-004 1.25955082e-002 0. 0.
    5.31801023e-003 1.88075914e-003 0. 0. 0. 0. 6.04837621e-003 0.
    2.48843478e-003 6.11839863e-003 0. 0. 7.94681534e-003
    -2.59462697e-003 1.19615754e-003 0. 2.24759453e-003 2.43278220e-003
    0. 0. -3.41005769e-004 0. 1.29719076e-004 1.18532637e-003
    6.33926969e-003 8.33192840e-003 0. 0. 0. 0. -5.19034360e-003 0. 0.
    -2.90928409e-004 0. 0. 6.67635864e-003 0. 8.59048497e-003 0. 0. 0.
    0. 0. 0. 2.40648445e-003 0. 1.29670678e-002 0. 0. 1.42862007e-003 0.
    0. 0. 0. 0. 0. 0. 0. 0. 0. 4.65159584e-003 0. 2.49462528e-003 0.
    2.05293368e-003 0. 0. 0. 7.79421069e-004 0. 0. 0. 0. 0.
    -2.27504387e-003 0. 0. 0. 0. 0. 0. 4.90194012e-004 0. 0. 0. 0. 0. 0.
    0. -2.39483337e-003 0. 0. 9.22386535e-003 2.90516717e-003 0. 0. 0.
