<?xml version="1.0"?>
<opencv_storage>
<imageDescriptor type_id="opencv-matrix">
  <rows>1</rows>
  <cols>1000</cols>
  <dt>f</dt>
  <data>
    3.75521206e-003 0. 0. 3.34853516e-003 0. 1.18904852e-003
    3.84559017e-003 2.26281444e-003 1.77020999e-003 0. 0. 0. 0.
    6.31414447e-003 0. 0. 3.12475441e-003 0. 0. 8.15299049e-004 0.
    1.60548324e-003 0. -1.58047793e-003 0. 2.27646180e-003 0. 0. 0. 0.
    4.74294677e-004 2.41804199e-004 0. 3.07923590e-004 8.34696367e-003
    1.08332885e-003 2.45191529e-003 -1.69208215e-004 0. 1.54282025e-003
    6.87403046e-003 0. 0. 4.71855560e-003 0. 0. 0. 0. 2.24249205e-003 0.
    1.51385984e-003 0. 0. 3.57967801e-005 1.45549001e-003 0. 0. 0. 0. 0.
    0. 0. -3.03428178e-003 0. 0. -1.49706332e-003 1.59053609e-003 0. 0.
    2.48776190e-003 0. 0. 0. 0. 0. 0. 0. 2.59196293e-003 0. 0.
    4.46145859e-004 4.11326444e-004 0. 0. -3.18865920e-003 0. 0.
    1.17045536e-003 0. 0. 0. 1.94104109e-003 9.00037820e-004
    9.56956018e-003 0. -1.19362550e-004 1.39573868e-003 0. 0. 0.
    6.44594803e-003 5.30603155e-003 0. 5.63840708e-003 0. 0.
    5.02261939e-003 0. 0. -1.04826689e-003 2.94266897e-003 0. 0. 0.
    3.44493147e-003 2.78562773e-003 0. 0. 5.75396232e-004 0. 0.
    2.30911816e-003 3.08956695e-003 0. 0. 0. 7.03358965e-004 0. 0.
    5.03123552e-003 4.94773965e-004 0. 1.27305207e-003 0.
    -9.94708444e-006 0. 5.76595683e-003 0. 5.49157802e-003 0. 0.
    6.76467270e-003 1.56493869e-003 9.21495492e-004 5.17488981e-004
    1.79686549e-003 0. 1.11318436e-002 0. 0. 8.39521829e-003 0. 0.
    5.73519734e-004 0. 1.23291262e-004 0. 3.23477946e-003
    3.01951566e-003 5.91437740e-004 3.45875463e-003 0. 1.15493218e-004
    4.03081672e-003 0. 0. 0. 0. 0. 0. 0. 0. 0. 3.63307918e-004 0. 0. 0.
    3.71964197e-005 7.53719010e-004 0. 0. 0. 0. 0. 0. 0. 2.33218641e-004
    0. 0. 6.71306439e-003 7.74780335e-003 0. 0. -9.49057518e-004
    2.70360033e-003 0. -1.35960022e-003 4.84911725e-004 -4.08133870e-004
    -5.93251549e-004 0. 0. 1.44875201e-003 3.76995420e-004 0. 0. 0. 0.
    0. 0. 0. 3.52180446e-003 5.63916145e-003 0. 0. 2.32729572e-003 0. 0.
    0. 2.33129528e-003 0. 0. 0. 0. -1.96433102e-005 -7.16300681e-004
    3.18485452e-003 8.57340731e-003 0. 8.34679755e-004 0.
    2.65133590e-003 6.69568602e-004 9.25823813e-004 0. 5.21644601e-004
    0. 0. 3.10604367e-003 0. 0. 0. 0. 0. 3.28735623e-004 1.36270816e-003
    6.71801995e-003 0. 0. -1.23477867e-003 0. 0. 0. 0. 0.
    4.63051163e-003 0. 0. 0. 7.97625165e-003 0. 0. 4.70916368e-003 0. 0.
    -3.85799678e-004 0. 0. 7.81732798e-003 4.03958792e-003 0. 0. 0.
    2.26277532e-003 0. 7.67979492e-003 4.15706716e-004 0. 0.
    4.58836090e-003 0. 3.92311747e-004 -5.65661234e-004 1.19479140e-003
    1.92128960e-003 0. 0. 0. 0. -3.96236923e-004 1.62082096e-003
    1.44202053e-003 9.71935224e-004 6.38302357e-004 -3.71978167e-005 0.
    0. 7.79056037e-003 2.39401730e-003 0. 0. 0. 2.08756607e-003 0. 0. 0.
    9.51706199e-004 1.64476456e-003 2.47696671e-003 1.52728535e-004 0.
    3.18558188e-003 0. 1.08348638e-006 1.42241910e-003 0. 0.
    2.25954363e-003 0. 0. 0. 0. 4.78311768e-003 7.57106987e-004
    -1.72888534e-003 0. 0. 7.24937348e-003 0. 1.02552911e-002 0. 0.
    -1.28266937e-003 0. -5.87231538e-004 0. -3.10487871e-004 0. 0. 0. 0.
    0. 0. 0. 1.17309566e-003 0. 2.11472833e-003 0. 2.83708493e-003 0.
    6.08645938e-003 1.61189598e-003 0. 4.87934711e-004 0. 0.
    2.56043160e-003 1.91847561e-003 0. -3.33728734e-004 0. 0.
    2.16462114e-003 -1.30870787e-004 0. 5.04999934e-003 0. 0.
    1.90211053e-003 0. 0. 0. 0. 1.94027775e-003 0. 1.36117637e-003
    -4.27415565e-004 0. 1.05699594e-003 2.01992877e-003 8.20995250e-004
    0. 0. 2.16614734e-003 0. 0. 0. 0. 0. 0. 0. 0. 0. 0. 0.
    2.61961319e-003 0. 0. 4.92300373e-003 0. -8.74331105e-004
    1.07721740e-003 -9.23540210e-004 0. 0. 2.51584849e-003
    7.90439779e-004 1.03288109e-003 2.70853704e-003 1.68962404e-003 0.
    0. 0. 2.24745413e-003 0. 0. 0. 1.22911239e-003 0. 0. 0.
    3.24055087e-003 9.37964302e-004 -4.61346790e-004 3.74536891e-003 0.
    3.42215225e-003 1.51027739e-003 -7.77742418e-004 0. 0. 0.
    1.05431909e-003 0. 9.79768229e-004 0. 3.02168052e-003 0.
    7.70339649e-003 0. 0. 0. 0. 8.32433719e-003 0. 0. 0. 0. 0.
    7.00172456e-003 1.55629183e-003 1.08051114e-003 2.81266845e-003
    4.01311135e-003 3.05248337e-004 0. -1.91076274e-003 0. 0. 0. 0. 0.
    0. 0. 1.46574108e-003 0. 2.18409719e-003 0. 0. 0. 0. 0. 0. 0.
    2.78791017e-003 0. 2.21978655e-004 3.81915062e-003 0.
    3.48196394e-004 2.94789858e-003 0. 0. 0. 0. 2.95914174e-003 0. 0.
    3.02064279e-003 0. 0. 0. 4.71647596e-003 0. 0. 0. 0. 0.
    3.76203563e-003 0. 0. 1.80771598e-003 5.79252793e-003 0.
    1.18193508e-003 0. 5.72484639e-003 1.82493741e-003 0.
    4.11537057e-003 0. 0. 0. 0. 0. 1.44177538e-004 0. 0. 0. 0. 0.
    -4.82822594e-004 0. 1.43459463e-003 9.18079354e-003 0. 0.
    3.45467427e-003 0. 0. 0. -4.74867324e-004 0. 0. 0. 2.40425975e-003
    2.22809613e-003 0. 0. 0. 0. 0. 0. 1.36493193e-003 8.44439864e-003 0.
    0. 0. 0. 0. 6.26741210e-004 0. 1.52349519e-003 0. 0. 7.00291479e-003
    0. 1.79341144e-003 0. 0. 5.72656863e-004 2.93965149e-003
    -1.73253810e-003 0. 1.59069640e-003 0. 0. 0. 7.21826626e-004 0. 0.
    0. 0. -5.50058903e-004 0. 4.10439819e-003 1.77720468e-003
    2.15819315e-003 0. 0. 0. 0. 0. 0. 8.39403292e-005 -7.71797568e-005
    1.73783832e-004 0. 7.66600017e-004 0. 5.14338072e-003 0. 0. 0.
    2.04845844e-003 2.12853821e-003 1.25117227e-003 4.95302351e-003
    1.57803227e-003 4.54749679e-003 0. 1.38909509e-003 9.68357548e-003
    0. 0. -1.50509470e-004 0. 0. 0. -1.82117452e-004 0. 0. 0. 0. 0.
    5.72615862e-003 3.47072305e-003 0. 0. 0. 3.50679271e-003
    8.57425970e-004 0. 1.17454363e-003 -4.24122263e-004 -6.45407359e-004
    0. 4.22637723e-003 2.10177759e-003 3.91931739e-003 2.50199437e-003
    1.72846136e-003 0. 6.00746460e-003 0. 0. 0. 0. 0. -1.43996163e-004
    0. 0. 3.89046804e-003 0. 0. 0. 0. 0. 1.50504487e-003 4.78816126e-003
    1.47478806e-003 -2.47022370e-004 5.53330360e-003 0. 0.
    7.03604775e-004 1.32158473e-002 0. 8.55821883e-004 0. 0.
    1.91086903e-003 0. 0. 0. 0. 0. 0. 3.96457594e-003 0. 2.02737586e-003
    0. 2.19121482e-003 0. 6.49657333e-004 9.15460696e-004 0. 0. 0.
    2.37350748e-003 0. 0. 1.94376754e-003 0. 0. 4.98547358e-003
    7.68680984e-005 0. 7.80294824e-004 0. 4.33667470e-003
    3.43802455e-003 0. 0. 0. 0. 0. -4.10486275e-004 8.62011861e-004
    8.60806555e-003 2.48856726e-003 0. 1.32805353e-003 0.
    1.22778013e-003 -9.04946530e-004 3.38058424e-004 1.88741973e-003 0.
    -4.28487925e-004 0. 0. 0. -7.44281453e-004 0. 0. 0. 3.36191338e-003
    5.79052698e-003 0. 1.39929529e-003 0. 0. 0. 1.73480657e-003
    1.99459656e-003 0. 0. 0. 8.04722868e-003 1.16889672e-002
    3.49868846e-004 0. 0. 0. 0. 0. 2.70834612e-003 0. 0. 0. 0. 0. 0.
    5.32128382e-003 0. 1.90019608e-003 0. 9.00154747e-003 0. 0. 0. 0. 0.
    0. 0. 0. 2.38564331e-003 0. 0. 0. 0. 0. 3.96620220e-004 0.
    1.23678357e-003 0. 0. 0. 0. 0. 7.38883950e-003 1.79635696e-002 0. 0.
    0. -9.45173262e-004 0. 2.99267191e-003 -7.22790937e-005 0.
    2.16540808e-004 2.03957967e-003 4.33289359e-004 0. 8.70603835e-004
    0. 0. 0. 0. 7.71441846e-004 6.51786150e-003 3.25287064e-003
    3.81530292e-004 0. 3.48537439e-003 3.71839479e-003 0. 0. 0. 0.
    1.21146869e-002 0. 0. 2.66903825e-003 0. 5.70199394e-004 0. 0. 0.
    4.67797136e-003 0. 0. 2.05295929e-003 1.69715332e-003
    4.09346726e-003 5.56756626e-004 0. 0. 3.63262661e-004 0. 0.
    1.08460383e-003 2.15430744e-003 0. 0. 0. 1.26390404e-003 0.
    8.66584887e-004 0. 0. 3.38901929e-003 0. 0. 0. 5.75843547e-003 0.
    2.18760862e-004 0. 2.27768579e-003 0. 6.69113826e-003 0. 0.
    2.23206729e-002 0. 8.93097545e-004 5.73358126e-003 0.
    3.54843936e-003 0. 0. 0. 0. 2.44871480e-003 0. 3.49288783e-003
    2.30569206e-003 2.13349052e-003 0. 0. 0. -2.97112274e-004
    3.64992884e-004 0. 0. 0. 1.66902959e-003 1.24719285e-003 0. 0.
    2.51692743e-003 7.93796673e-004 0. 0. 0. 0. 0. 0. 3.99880623e-003 0.
