<?xml version="1.0"?>
<opencv_storage>
<imageDescriptor type_id="opencv-matrix">
  <rows>1</rows>
  <cols>1000</cols>
  <dt>f</dt>
  <data>
    1.82693789e-003 0. 0. 1.39890728e-003 0. 2.18442432e-003
    2.31359992e-003 0. 0. 0. 0. 1.92290975e-003 -1.26305153e-004
    1.55114373e-002 -3.15493974e-003 0. 0. 1.65875722e-003
    1.86430721e-003 0. 0. 0. 7.45276338e-004 0. 0. 0. 0. 1.77995826e-003
    9.63781960e-003 3.81461577e-004 1.60340080e-003 -3.56058648e-004 0.
    -5.39118955e-005 0. 8.90903827e-003 0. 3.23877117e-004
    1.22252398e-003 4.49876813e-003 -4.21629593e-005 2.75612553e-003
    7.36518123e-004 0. 4.81270021e-003 8.56287312e-003 -5.44403447e-004
    2.99019879e-003 0. 0. 0. 6.42188650e-004 -3.53799784e-004
    -6.43443724e-004 0. 1.72517693e-003 0. 0. 0. 4.81183321e-004 0. 0.
    0. -2.51772231e-004 0. 4.07412706e-004 0. 7.46658677e-003 0.
    1.91509339e-003 0. 0. 6.69543748e-004 0. 0. 3.27451224e-003
    1.04978948e-003 4.55893809e-003 1.78898161e-003 0. -5.43371018e-004
    0. 5.27004199e-003 0. 0. 7.88653921e-003 0. 2.94237211e-003
    1.37361791e-003 0. 1.05450070e-003 0. 0. 0. 0. 2.53887440e-004 0. 0.
    2.05342119e-004 0. 0. 0. 0. 0. 0. 0. 0. 9.12130752e-004 0.
    -3.66538443e-004 0. 0. 0. 1.46199041e-003 0. 0. 2.31577418e-004 0.
    0. 7.10035441e-004 0. 3.43155279e-003 2.91518262e-003 0.
    8.35407816e-004 -4.40783842e-005 0. 0. 0. 0. 9.67167784e-003 0.
    1.44222833e-003 0. 3.10320430e-003 0. 0. 0. 0. -4.97642264e-004
    7.10260682e-003 -8.17999069e-004 5.33091510e-003 0. 1.39364507e-002
    4.27628774e-003 1.54244917e-005 0. 7.81714823e-003 0.
    -3.03886336e-004 0. 0. 1.52276910e-003 0. 0. 0. 0. 8.39700364e-003
    0. 1.76491129e-004 -9.18440986e-004 0. -3.79360336e-006
    -2.65053270e-004 -2.32181302e-003 0. 0. 0. 0. 0. 0. 0. 0.
    9.59558645e-004 0. 0. 7.38004805e-004 7.16103474e-003 0.
    3.75993154e-003 3.75876389e-003 0. 0. 0. 3.84441484e-003
    1.92330312e-003 2.70599662e-003 0. 0. 2.87600583e-003 0.
    8.55076709e-004 7.52195483e-003 0. 0. 6.40835194e-003
    2.14104936e-003 0. 3.16150486e-003 7.80609809e-003 -1.79789655e-004
    0. 0. -4.71561245e-004 0. 0. 2.01540510e-003 0. -6.70714828e-004 0.
    5.18069137e-003 7.90674821e-004 5.72708249e-003 0. -1.87165325e-003
    5.86508401e-003 0. 0. 1.51561038e-003 0. 0. 1.51384948e-003
    2.46970542e-003 0. 0. 8.16224609e-003 2.26483610e-003 0. 0. 0.
    2.28895294e-003 1.08341849e-003 8.27276707e-003 0. 0.
    7.00622657e-003 0. 0. 0. 2.33596889e-003 4.93251369e-004 0.
    1.57645333e-003 -2.37875874e-003 2.11571087e-003 -7.56621477e-004 0.
    0. -4.62804564e-005 8.01638886e-003 0. 2.28052074e-003
    5.72931208e-003 0. 8.75205826e-003 0. 2.40099616e-003 0. 0. 0. 0.
    6.04164600e-003 0. 4.22469620e-003 0. 0. 0. 1.72493688e-004 0. 0. 0.
    -1.88860728e-003 0. 2.50565889e-003 0. 0. 0. 0. 0. 0. 0.
    -3.89622932e-004 0. 0. 0. 2.50567100e-003 0. -2.29227869e-003 0.
    3.06369481e-003 3.41996644e-003 0. -3.39989027e-004 7.10380613e-004
    6.78912038e-004 1.85749959e-003 0. 1.09719753e-004 0.
    2.18482874e-003 1.88292167e-003 0. 0. 1.59112108e-003 0.
    -1.56376872e-003 0. 2.29680882e-004 -1.32547109e-003 0.
    1.47152075e-003 0. 6.33889297e-003 7.93223083e-003 0. 0.
    2.69527518e-004 0. 8.16135027e-004 0. 0. 0. 5.65325469e-003 0. 0. 0.
    6.32410462e-004 0. 0. 0. 0. 1.53479865e-004 0. 0. 0. 0. 0. 0. 0.
    7.19839416e-004 -2.76280654e-004 0. 0. 1.14141200e-002 0.
    5.44764055e-003 4.68058570e-005 5.01320930e-004 0. 1.89478241e-003
    -1.34474772e-004 0. 0. 0. 0. 0. -1.49764901e-003 -4.81866391e-006 0.
    0. 0. 3.47143761e-003 1.88539561e-003 1.74101186e-003 0. 0. 0. 0. 0.
    4.87664761e-003 0. 0. 0. 5.46768121e-003 7.67063524e-004
    -4.10560519e-004 -2.01659836e-003 0. 0. -2.47095340e-005 0. 0.
    9.47782490e-003 0. 0. 0. 0. 0. 0. 0. 0. 0. 0. 0. 6.10178523e-003 0.
    -7.49740226e-004 0. 0. 0. 4.58628056e-004 2.04117736e-004 0. 0.
    3.09530849e-004 4.86725941e-004 0. 3.16195213e-003 2.90581747e-003
    0. 0. 0. 2.68369069e-004 1.60423340e-003 0. 1.07548735e-003
    -1.06029259e-003 0. 0. 0. 1.06444601e-002 0. 0. 0. 0. 0. 0.
    -3.59926908e-003 0. 2.22675875e-003 6.02152781e-004 0.
    4.32366831e-003 2.39113136e-003 0. 5.66940662e-003 0. 0. 0. 0.
    2.23562727e-003 5.12251921e-004 3.90129141e-003 0. 0. 0. 0. 0.
    1.11806870e-003 6.26916019e-003 0. 1.21449921e-002 4.14340664e-003
    0. 0. 0. 0. 0. 0. 0. 4.68346430e-003 0. 6.63959794e-003
    7.14235357e-005 1.56518436e-004 0. 2.80426466e-003 0.
    1.82990718e-003 0. 0. 0. 0. 0. 6.23706961e-003 9.43766814e-003 0.
    -6.10009301e-004 0. 0. 0. 0. 0. 0. 2.41116923e-003 2.30925297e-003
    0. 0. 0. 0. -2.26885919e-003 0. 0. 0. 0. 0. -1.90984938e-004
    7.42551638e-003 0. 0. 0. -5.78488864e-004 0. 0. 2.14122061e-004
    6.53656106e-003 0. 2.42776191e-003 1.30287069e-003 0.
    -6.10813964e-004 0. 0. 5.32809971e-003 2.64914823e-003 0. 0. 0. 0.
    1.72631373e-003 1.54527770e-002 0. -3.46347084e-003 2.35437625e-003
    0. 0. 0. 0. 0. 0. 0. 0. 0. 0. 6.70253241e-004 2.29361700e-003 0.
    2.80307350e-003 2.41503469e-003 -7.00521225e-004 1.48861669e-003 0.
    -2.84711202e-003 0. 1.10131630e-003 2.63720704e-003 0.
    5.09884721e-003 1.82201166e-003 6.18613884e-003 0. 0. 0. 0.
    1.99786434e-003 0. 1.04771822e-003 0. 0. 1.42351277e-002
    9.71254660e-004 3.74678778e-003 7.75519526e-003 0. 0. 0.
    6.44053624e-004 0. 0. 0. 0. 0. 0. 0. 0. 0. 0. 2.09311349e-003 0.
    4.07209882e-004 0. 2.80344556e-003 0. 0. 0. 1.40563294e-003 0.
    3.45965760e-004 1.91216462e-003 2.26660096e-003 0. 0. 0.
    5.20273065e-003 0. 2.55944207e-003 0. 3.14105139e-003
    -5.00741764e-004 0. 6.41551451e-004 0. 0. 0. 0. 0. -9.67133848e-004
    0. 2.85921688e-003 0. 0. 4.56709508e-003 3.84764117e-003 0.
    1.21124936e-002 2.14605290e-003 0. 5.44602284e-003 0.
    2.19879369e-003 6.40271581e-004 0. 0. 0. 0. 0. 2.84694950e-004 0. 0.
    6.15206966e-003 1.16937724e-003 0. 0. 8.45142524e-004 0. 0.
    5.25527284e-004 0. 4.85008908e-003 0. 0. 0. 0. 0. 5.33902831e-003 0.
    0. 0. -2.49284582e-004 0. 0. 0. 0. 0. 0. 0. 5.93823800e-003 0.
    8.04975908e-003 0. 0. 0. 0. 0. 0. 0. 0. 3.34507204e-004 0.
    9.52061731e-003 3.18464031e-003 0. 6.20959676e-004 -3.78301338e-004
    -5.08603523e-004 0. 0. 0. 0. 0. 1.28718151e-003 0. 0. 0. 0.
    2.75431364e-003 0. 2.13847240e-003 0. 0. 0. 0. 0. 0. 0. 0.
    -2.67751020e-004 0. 0. 0. 0. 0. 0. 0. 7.49081280e-003 0.
    1.98862795e-003 2.38387031e-003 1.90785286e-004 0. 2.20989995e-003
    0. 1.28313410e-003 0. 0. 0. 0. 0. 1.76568946e-003 0. 2.72858748e-003
    0. 0. -8.75543570e-004 -2.14007639e-004 0. -7.32548287e-005 0.
    6.81235397e-004 7.40680099e-003 4.36159130e-003 0. 0.
    2.48189433e-004 0. 0. 1.23341847e-003 6.66661188e-003
    -4.17089468e-004 0. 0. 3.74233758e-004 -1.30376406e-003
    -1.69725652e-004 0. 0. 8.14963412e-003 7.33194081e-003 0. 0. 0. 0.
    1.38542557e-003 5.00310736e-004 0. 0. 4.38768562e-004 0. 0. 0. 0. 0.
    3.68557114e-004 0. 0. 5.02550323e-003 9.30384826e-003 0. 0. 0. 0. 0.
    0. 0. 0. 7.95948133e-003 0. 2.25090794e-003 0. 0. 0. 0.
    1.30699878e-003 0. 0. 0. 3.87838110e-003 0. -1.14985299e-003 0. 0.
    -9.43981431e-005 0. 0. 0. 4.38181544e-003 2.79934425e-003 0. 0. 0.
    1.76593568e-003 1.28570932e-003 6.06825924e-004 0. 0. 0. 0. 0. 0. 0.
    9.60289559e-004 0. 0. 1.76184461e-003 -4.23249643e-004
    6.86242944e-003 0. 0. 0. 0. 0. 0. 0. 5.11584757e-003 0.
    -1.66972552e-003 0. 0. 1.67933793e-003 0. 0. 2.23168195e-003 0.
    6.65950542e-003 0. 0. 0. 0. 0. 1.79656327e-003 -1.24049766e-004 0.
    0. 0. 0. 3.57938767e-003 0. 2.03914451e-003 0. 0. 3.32379830e-003
    8.45935475e-003 0. -1.33385777e-003 0. 0. -1.25803566e-003 0.
    -1.12436817e-003 0. 0. 0. -5.02796518e-003 0. 3.19559360e-003 0.
    4.31211200e-003 0. 0. 0. 0. 0. 6.87473745e-004 0. 6.33085333e-003 0.
    7.97622837e-003 1.25919515e-003 2.47393647e-004 -3.32751137e-004
    1.17464899e-003 4.48431354e-003 8.82150047e-003 0. 3.16029065e-003
