<?xml version="1.0"?>
<opencv_storage>
<imageDescriptor type_id="opencv-matrix">
  <rows>1</rows>
  <cols>1000</cols>
  <dt>f</dt>
  <data>
    0. 0. 0. 0. 0. 0. 2.86032353e-003 -5.35636093e-004 0. 0. 0. 0.
    3.60060739e-003 0. -3.63733096e-004 0. 5.84931870e-004
    1.46853481e-003 -1.90277540e-004 0. 1.53086486e-003 7.16623105e-003
    0. 0. 8.11402162e-004 0. 1.31314469e-003 1.37217669e-003 0.
    1.21826585e-003 9.60457046e-003 0. 0. 1.73446517e-002 0.
    7.76774157e-003 2.48652184e-003 0. 0. 1.45204784e-003
    1.98359508e-003 0. 0. 0. 5.38015226e-003 1.65266672e-003
    1.45624019e-003 0. -1.40288495e-003 0. 0. 0. 0. 8.50567594e-004 0.
    3.60696064e-003 0. 2.02912861e-003 1.30427266e-002 0. 0. 0.
    -1.09582383e-003 -4.08738240e-004 1.55344943e-003 0. 0. 0.
    9.06437449e-003 0. 9.69462737e-004 3.64601216e-003 1.61032868e-003
    0. 0. 0. 0. 1.30763848e-003 2.01064418e-003 1.45631260e-003
    5.13056573e-003 0. 4.32864617e-004 0. 0. 4.65260266e-004
    9.84775927e-003 0. 9.82982674e-005 0. 2.06670561e-003 0. 0.
    2.09341338e-003 9.11490060e-004 3.47968773e-003 0. 4.29574912e-003
    -1.39265740e-003 0. 0. 0. 1.15385070e-003 0. 0. 2.23987643e-003 0.
    0. 3.35349864e-003 0. 3.92447971e-003 0. 5.73983882e-004
    1.32214453e-003 0. 0. 1.26083719e-003 2.10331127e-004 0. 0. 0.
    1.33654044e-003 3.35638970e-003 0. 0. -7.78087531e-004 0. 0. 0. 0.
    3.46927112e-003 0. 4.50925203e-003 0. 0. 0. 3.13551654e-003 0. 0.
    1.93240307e-002 0. 0. 0. 0. 0. 5.43600786e-003 -3.10298987e-004
    2.37899530e-003 0. 1.77194120e-003 0. 0. 1.77516683e-003 0.
    3.26491566e-003 0. 5.36082452e-003 4.20694443e-004 0. 0. 0.
    3.71016702e-003 0. 2.37840391e-003 -1.08355854e-003 0.
    7.92407896e-003 0. 0. 0. 1.49843167e-003 0. 2.35847500e-003 0. 0.
    6.43545296e-003 2.58016982e-003 4.37456765e-004 0. 0.
    3.24368477e-003 0. -1.76716552e-004 2.58608232e-003 0. 0. 0. 0. 0.
    0. 7.32882356e-004 5.83483325e-003 0. 3.70177627e-003 0. 0.
    3.92825436e-003 7.53762573e-003 1.19675719e-003 -2.45662360e-003 0.
    3.73094366e-003 4.18658927e-003 0. 0. 0. 3.02407891e-003 0.
    -2.82202591e-003 0. 0. 7.96932611e-004 0. -8.25242780e-004
    5.32750832e-003 0. 4.09418899e-005 3.91253794e-004 0.
    -3.31978918e-005 0. 0. 1.21585140e-003 -1.90064323e-003 0. 0.
    1.22729018e-002 7.68497027e-003 4.71298787e-004 0. 0.
    1.01631088e-002 0. 0. 0. 0. 0. 0. 1.36148627e-003 0. 0. 0. 0. 0. 0.
    0. 3.27640586e-003 0. 0. 2.49925326e-003 0. 0. 2.13644258e-003 0.
    9.14249476e-003 1.09824247e-003 -5.41624904e-004 0. 0. 0.
    -1.64560287e-003 0. 9.68399365e-003 -5.04597381e-004 1.27501634e-003
    9.62941535e-003 8.31485158e-005 5.62126143e-003 0. 0. 0. 0. 0. 0. 0.
    0. 1.04676955e-003 0. 0. 4.79780231e-003 1.94597256e-003 0. 0.
    -1.61114018e-004 0. 5.06212935e-003 0. 0. 5.41482237e-004 0.
    1.55291101e-003 0. 5.35685569e-003 0. 0. 9.08300106e-004 0.
    2.08381307e-003 0. 9.95537452e-003 3.14196368e-004 0. 0.
    1.09322770e-002 0. 0. 0. 0. 0. 9.01213149e-004 1.47279946e-003 0. 0.
    -7.68197700e-004 0. 0. 0. 6.30040595e-004 0. 0. 1.41117536e-003
    -6.49120775e-004 9.23035434e-004 1.10045271e-002 -1.55191449e-003 0.
    0. 0. 0. 0. 0. 0. 0. 0. 0. 0. 6.27750810e-003 0. 0. 0. 0.
    4.69314959e-003 0. 0. 0. 4.18664247e-004 2.77801743e-003 0. 0. 0.
    4.68952843e-004 0. 3.08869663e-003 4.89366287e-003 0.
    1.53458663e-004 8.37987103e-003 0. 1.27592753e-003 0.
    1.26789254e-003 0. 0. 0. 0. 0. 0. 6.00952189e-003 0. 3.37879261e-004
    0. 0. 4.59333556e-003 0. 0. 0. 6.20961713e-004 1.77386054e-003 0.
    -1.92559895e-003 1.08409976e-003 0. 0. 0. 0. 7.09822751e-004
    2.88064312e-003 3.05207050e-003 0. 0. -6.34092663e-004 0. 0. 0.
    1.60216354e-003 2.49353913e-003 0. 0. 0. 0. 0. 1.09720929e-003
    4.09664441e-004 0. -2.13461899e-004 0. 0. 6.79409923e-003 0. 0.
    -1.00506167e-003 6.61723258e-004 2.03483878e-003 0. 0. 0.
    8.68171547e-003 0. 0. 1.12503814e-003 0. 0. 2.37400830e-003 0. 0. 0.
    0. 4.09752084e-003 0. 0. 0. 1.52060029e-003 -7.60627619e-004 0. 0.
    0. 4.46530245e-003 8.73761997e-003 7.08974712e-003 2.80717225e-003
    0. 0. 0. 0. 1.09012076e-003 0. 0. 0. 0. 2.09866092e-003
    8.41742149e-004 0. 0. -8.30169651e-004 0. 3.09883780e-003 0.
    6.43094396e-003 0. 0. -2.22354406e-003 0. 1.32023031e-003
    -3.25202825e-004 0. 1.19399116e-003 0. 0. 0. -2.62627658e-003 0. 0.
    0. 2.91849166e-004 0. 1.19816919e-003 2.83641531e-003 0.
    1.30742788e-002 0. 0. 4.74746601e-004 0. 0. 0. 0. 9.81317018e-004
    2.91186944e-003 0. 0. 0. 4.81667090e-003 0. 0. 0. 0. 0.
    2.02676863e-003 4.05626744e-003 0. 0. 0. 1.55156397e-003
    -1.46009901e-003 3.36886034e-003 6.86593447e-003 0. 0. 0. 0.
    2.23168498e-003 0. 0. 0. 0. 0. 0. 0. 0. -2.72902165e-004 0. 0.
    -2.79962172e-004 2.87898211e-003 0. 0. 0. 2.03514774e-003
    3.68182268e-003 0. 0. 7.33912038e-003 0. 3.16197821e-003
    -7.92313018e-004 0. 1.31627999e-003 7.82288983e-003 0. 0. 0. 0. 0.
    0. 6.15297537e-003 0. 0. 0. 6.88332925e-003 6.08728733e-003 0.
    1.11560931e-003 -1.69914821e-003 0. -4.78913367e-004 3.50303180e-003
    0. 0. 9.77955526e-004 0. 0. 4.71639168e-003 5.28114010e-003
    6.18981570e-003 0. 5.20701986e-003 0. 0. 0. 0. 5.49113238e-003
    2.07273709e-003 0. 0. 2.22061086e-003 0. 0. 0. 0. 3.41067300e-003
    4.27401159e-003 0. 0. 0. 0. 5.39970351e-003 4.59960010e-003 0. 0.
    4.13386011e-003 0. 0. 8.21967900e-004 0. 3.27381492e-003 0. 0. 0. 0.
    1.66012649e-003 0. 8.10669735e-003 6.38580357e-004 -1.45266170e-003
    0. 0. 0. -6.61856786e-004 0. 9.19356025e-005 7.61921145e-003 0. 0.
    -8.26497679e-004 0. -2.49005709e-004 6.59052003e-003 0.
    -4.21534409e-004 -4.39284893e-004 0. 0. 0. -1.30792009e-003 0. 0.
    5.79985417e-003 9.19067461e-005 0. 0. 0. 0. 0. 0. -6.94190734e-004
    0. 0. 0. 0. 0. 0. 0. 1.44401658e-003 0. 0. 0. 0. 0. 0.
    -1.59139541e-004 0. 0. 0. 0. 0. 3.92186083e-003 3.33586778e-003 0.
    6.59431191e-003 0. 8.09791964e-003 0. 0. 9.35926195e-003
    2.16886727e-003 4.11393913e-003 0. 1.76060793e-003 0. 0.
    1.45118707e-003 7.35750468e-003 0. 0. 1.38757995e-003
    -2.27380922e-004 0. -1.85888680e-003 1.87186257e-003 0.
    3.19544430e-004 0. 0. 1.22943381e-003 0. -8.90154217e-004
    9.45246592e-003 1.45202479e-003 0. 0. 0. 1.36488408e-003
    3.06655909e-003 0. 0. 3.14153195e-003 0. 0. 0. 0. 0. 0. 0. 0.
    7.32159999e-004 0. -7.55440793e-004 0. 0. 3.95343127e-003
    -2.91890930e-004 0. 3.03699693e-004 0. 1.19005167e-003 0. 0.
    1.85136974e-003 0. 0. 0. 0. 0. 2.16962234e-003 0. 0.
    -4.20238561e-004 0. 6.11785508e-004 0. 6.50125975e-003 0. 0.
    -1.94091743e-004 0. 5.13525633e-003 0. 0. 2.92652892e-003
    1.53297232e-003 0. 0. 4.06286540e-003 0. 0. 6.86268788e-003 0. 0.
    4.36911097e-004 1.90853211e-003 0. 0. 2.81679723e-003 0. 0. 0. 0. 0.
    6.34126773e-004 0. -2.93690216e-004 0. 0. 0. 0. 1.91134075e-003 0.
    -1.01635989e-003 4.17280616e-003 0. 0. 4.31291712e-003
    -2.71451264e-003 0. -5.16922264e-005 8.86514969e-003 0.
    1.12135982e-004 9.33749136e-004 -2.95422599e-003 8.72992212e-004 0.
    7.27391616e-003 0. 0. 3.23777529e-003 0. 0. 0. 0. 0. 1.34535565e-003
    9.02794418e-004 0. 0. -6.53108058e-004 -8.38067281e-005 0.
    1.64853618e-003 1.61507190e-003 1.15181843e-003 0. 5.26187301e-004
    0. 0. 0. 0. 3.19331838e-003 5.20186173e-003 2.18652640e-004 0. 0. 0.
    2.26705102e-003 0. 0. 4.81383083e-003 0. 0. 0. 0. 0. 0. 0.
    2.83459644e-003 0. 0. -8.26987321e-004 2.10333825e-003 0.
    -1.12812454e-003 0. 3.52370506e-003 0. 0. 0. 0. 0. 0.
    7.57996738e-003 0. 5.53042279e-004 0. 0. 0. 0. 0. 5.80390729e-003 0.
    0. 0. 3.36483761e-004 0. 5.74810803e-003 3.33644799e-004 0.
    8.66584014e-003 0. 1.74654968e-004 -2.94422760e-004 3.68478685e-003
    0. 0. 0. 0. 3.14632023e-004 1.29816495e-003 2.27485993e-003
    -5.03137591e-004 0. 0. 0. 0. 0. 3.04466952e-003 0. 0. 0. 0.
    1.28155877e-003 2.87065213e-003 4.70329123e-003 -9.12382791e-004
    9.07810591e-003 0. 1.19503448e-003 8.26758682e-004 0. 0.
