<?xml version="1.0"?>
<opencv_storage>
<imageDescriptor type_id="opencv-matrix">
  <rows>1</rows>
  <cols>1000</cols>
  <dt>f</dt>
  <data>
    0. 0. -3.21509026e-004 3.79157881e-003 0. 4.73868567e-003
    3.48297617e-004 1.23673668e-002 7.98639841e-003 4.97943396e-003 0.
    1.78287702e-003 1.59682035e-002 4.00011055e-003 0. 0.
    2.44569685e-003 0. 2.76856264e-003 0. 0. 3.41297570e-003 0. 0.
    5.87243587e-003 0. 0. 0. 0. 0. 0. 6.53197104e-003 1.50877691e-003
    -2.61017028e-003 -1.67985016e-003 1.00449171e-004 6.25969318e-004 0.
    -2.66991952e-003 0. 0. 5.04300464e-003 0. 0. 3.27005261e-003
    1.26207608e-003 0. 3.69262835e-003 0. -1.44172358e-004
    7.33049586e-003 0. 5.37592312e-003 4.11088951e-003 4.15514316e-003
    2.06606206e-003 0. 9.72424285e-004 0. 8.63329042e-004 0. 0.
    3.99182877e-003 0. 0. 0. 0. 0. 0. 2.61029322e-003 -7.78779620e-004
    9.20316484e-003 1.04612357e-003 0. 0. 0. 0. 0. 0. 2.84157170e-004 0.
    6.28081895e-003 0. 0. 1.25661213e-003 9.09930747e-003
    4.99049667e-004 3.15918215e-003 0. 0. 4.76586691e-004
    6.87457388e-004 6.99104974e-004 -5.52212405e-005 0. 0. 0. 0. 0.
    4.05909121e-003 0. -2.84649199e-003 0. 2.66638026e-003 0. 0.
    2.96021625e-003 0. 0. 0. 0. 0. 0. 0. 1.53845204e-002 0. 0. 0. 0.
    2.31831474e-003 0. -1.32998347e-003 0. 2.35817721e-003 0. 0.
    5.70602715e-003 3.56208836e-003 0. 2.67119915e-003 0. 0. 0. 0.
    5.53083047e-003 0. 0. 5.08708833e-003 1.78043591e-003 0.
    3.09847994e-003 0. 0. 0. -3.87894775e-004 0. 0. 3.30499234e-003 0.
    0. 0. -1.59523144e-004 1.31667228e-004 0. 0. 0. 0. 0.
    8.84159375e-003 0. 3.65963229e-003 1.83276308e-003 -3.21117486e-003
    -8.16736277e-003 0. 0. 0. 0. 9.08234389e-004 0. 4.99887252e-003 0.
    0. 3.08950734e-003 1.42689224e-003 0. 0. 0. 0. 0. 0. 0.
    2.45151203e-003 3.31275142e-003 1.25446252e-003 0. 7.19214557e-003
    0. 0. 0. 5.31654013e-003 0. 8.92801967e-004 0. 0. 0. 0. 0. 0. 0. 0.
    0. 0. 3.70661932e-004 0. 6.78146258e-003 1.10883014e-002
    2.44093500e-003 7.64627568e-003 -8.45581759e-004 2.95973499e-003 0.
    0. 0. 0. 1.16345436e-004 0. 0. 1.45975745e-003 2.42845272e-003 0.
    1.39900483e-003 4.42464137e-003 0. -5.56869963e-005 0.
    1.90598657e-004 0. 0. -4.04815306e-004 -1.07052489e-004 0. 0. 0. 0.
    1.44234627e-005 6.23087923e-004 -2.02320152e-004 1.56451724e-002
    2.76162871e-003 3.10341339e-003 0. 3.25812289e-004 7.36580812e-004
    0. -5.72208781e-004 2.50314316e-003 1.23175734e-003 0. 0. 0.
    7.16964016e-003 8.60604632e-004 3.74585693e-003 2.98681785e-003
    1.25196087e-003 -4.87927726e-004 -1.35574955e-004 1.66398531e-004
    1.56746421e-004 1.89787836e-003 0. -6.01829670e-004 0. 0. 0.
    2.50001554e-003 0. 0. 0. 0. 0. 1.63005700e-003 -2.86151934e-003
    4.13216790e-003 -8.89742339e-004 0. 0. 0. 2.14880309e-003 0. 0. 0.
    2.54427176e-003 0. 0. 0. 0. 1.16745522e-003 0. 1.71901449e-003
    5.48257586e-003 0. 0. 0. 0. 0. 0. 0. 3.64599098e-003 0. 0. 0.
    3.20377317e-003 0. 1.64380949e-003 -2.81235089e-006 0.
    -4.11787099e-004 1.64805795e-003 0. 0. 0. 0. 0. 0. 6.66884519e-003
    0. 0. 0. -2.05671371e-004 0. 8.54697370e-004 1.79140700e-003
    1.83630816e-003 0. 0. 1.23289984e-003 0. 0. 5.66445757e-003 0.
    5.48602408e-003 1.03240861e-002 0. 0. 0. 0. 0. 4.21360880e-002
    8.57351231e-004 -7.45391240e-004 0. 4.79878997e-003 8.20935529e-004
    9.39743011e-004 0. 0. 0. 0. 4.59956413e-004 0. 0. 0. 0. 0.
    1.57731248e-003 0. 0. 0. 0. -6.44054438e-004 6.37862599e-003
    -5.69469528e-004 3.52777331e-003 0. 2.87898607e-003 -3.25185666e-003
    0. 0. 0. 0. 4.32401570e-003 0. 0. 6.86562527e-003 3.15876445e-004
    5.02558332e-003 1.01047754e-003 -2.67787860e-003 0. 0. 0.
    2.65275332e-004 0. 4.73175151e-003 0. 0. 2.17441353e-003
    3.11669568e-003 -5.84514171e-004 0. 0. 0. 0. 5.65657625e-004
    2.59154662e-003 5.41150663e-003 0. 0. 0. 0. 6.15184545e-004 0. 0.
    -8.36895546e-004 1.07036612e-003 0. 0. 0. 0. 0. 0. 1.22346706e-003
    0. 0. 1.67580210e-002 0. 0. -8.94154073e-005 0. 0. 1.01245497e-003
    0. 3.64420324e-004 1.34151755e-003 0. 4.42117173e-003 0. 0. 0. 0. 0.
    4.81906952e-003 1.06960309e-004 0. 0. 0. -3.63711006e-004 0.
    5.04919561e-003 2.72341375e-003 0. 0. 0. 2.92469165e-003 0. 0.
    2.79507833e-003 0. 0. 0. 6.02144748e-003 0. 1.19584135e-003 0. 0.
    1.36333832e-003 0. 0. 3.33461910e-003 0. 0. 0. 0. -4.43260273e-004
    0. 0. 0. 0. 0. 0. 2.49486155e-004 4.18933900e-003 0. 0. 0.
    2.31560832e-003 0. 2.65593524e-003 0. 0. -9.75411036e-004 0.
    3.34246759e-003 1.79630890e-003 0. 0. 0. 0. 5.44006936e-003
    -1.07352273e-003 1.96850975e-003 0. 1.50929787e-003 1.73278933e-003
    0. -1.83069249e-004 0. 0. 0. 0. 0. 1.38827506e-003 0. 0. 0.
    3.70065845e-003 0. 0. 0. 0. 6.66099600e-003 1.73392962e-003 0.
    -3.01700755e-004 2.33125128e-003 0. -3.28107900e-003 0. 0.
    6.03646389e-004 -1.10343832e-003 0. 7.77815701e-003 1.18810227e-002
    1.89648999e-003 4.62224649e-004 0. 0. 0. 0. 6.12648018e-003
    1.24128796e-002 1.52405165e-003 0. -1.78673654e-004 -1.72448705e-003
    0. 0. 0. 0. 0. 3.25668906e-003 2.84512178e-003 0. 0. 0. 0. 0. 0. 0.
    2.44899676e-003 8.01786431e-004 0. 0. 0. 5.08054532e-003 0. 0. 0. 0.
    0. 0. 1.14298670e-003 0. 0. 0. -3.61137162e-003 -4.28020285e-005
    -1.17695844e-003 0. 0. 2.25663558e-003 0. 0. 3.00738635e-003 0. 0.
    0. 5.63569926e-003 0. 5.40357968e-003 0. 6.75403606e-003
    2.15206877e-003 0. 2.42556655e-003 5.70970180e-004 0. 0. 0. 0.
    -5.91766984e-005 0. 0. 0. 0. -8.66753457e-004 0. 0. 0. 0. 0.
    8.89154326e-004 0. 5.36523352e-004 0. 0. 0. 0. 0. 0. 6.76291063e-004
    0. 0. 0. 0. 0. 0. 0. 0. 2.73643737e-003 0. 0. 0. 0. 0.
    1.19532191e-003 0. 2.03321944e-003 0. 0. 1.05504794e-002
    2.95998785e-003 4.16010444e-004 4.71265870e-004 -9.12332980e-005
    1.22004771e-003 5.40046766e-003 0. 0. 1.42279372e-003 0. 0.
    2.49403901e-003 -4.09827073e-004 0. 0. 1.57095212e-003
    8.56915582e-003 0. 2.09122617e-003 0. 5.64291724e-004
    1.02595554e-003 0. 0. 0. 0. 0. 0. 0. 0. 0. 2.90939747e-003
    4.65645455e-003 4.31737816e-003 8.45747360e-004 0. 5.82312350e-004
    0. 0. -7.24207552e-004 0. 0. 0. 0. -1.05979864e-003 0. 0.
    7.02643301e-004 0. 0. 0. 0. 2.06393961e-004 0. 0. 0. 4.03719721e-003
    0. 0. 4.00204770e-003 0. 2.75305193e-003 0. 0. 0. 0. 0.
    -1.79534894e-003 0. 0. 3.22810817e-003 0. 5.41135017e-003 0. 0.
    5.29059395e-003 1.63470814e-003 1.03983431e-004 0. 2.49605812e-003
    -1.24245562e-004 0. 0. 0. 0. 0. 0. 1.95847056e-003 0. 0. 0.
    9.30298993e-004 0. 5.68106479e-004 0. 0. 3.00714560e-003 0. 0. 0. 0.
    0. 0. 0. 1.76766724e-003 0. 0. 1.74651959e-003 0. 0. 0. 0. 0. 0. 0.
    0. 6.19462505e-003 0. 3.60131962e-003 2.86795595e-003 0. 0. 0. 0. 0.
    3.29134898e-004 9.12573945e-004 0. 0. 0. 2.07536924e-003
    4.79859300e-003 0. -6.59240293e-004 0. 1.39676000e-003 0. 0.
    3.60863691e-004 0. 0. 3.18832434e-004 0. 0. 2.30260976e-002 0. 0.
    4.24494082e-003 0. 5.81128616e-003 3.68446042e-003 0. 0.
    6.06447086e-003 -9.09236900e-004 0. 0. 0. 0. 0. 0. 0. 0.
    3.40614980e-003 0. 0. 0. 0. 0. 5.57799032e-003 0. -4.86483274e-004
    0. 0. 0. 0. 1.97290443e-003 0. 0. -3.34824855e-003 0. 0. 0.
    2.22857553e-003 5.45488787e-004 0. 0. 0. 0. 0. 0. 0.
    -1.05873041e-003 0. 0. 0. 0. 0. 4.46344074e-003 -4.46294871e-004 0.
    0. 0. 0. 0. 1.38114614e-003 5.23802708e-004 0. -2.54900806e-004 0.
    -5.11451974e-004 6.85119652e-004 0. 4.81007528e-003 0.
    4.72228415e-003 0. 4.31118009e-004 0. 7.98116252e-003
    3.51535709e-004 0. 0. 0. 1.63243921e-003 1.00161473e-003 0.
    2.16522533e-003 0. 0. 7.47096399e-003 0. 0. 0. 4.00373898e-003 0. 0.
    0. 0. 0. -2.91515049e-003 0. 1.01910520e-003 0. 0. -1.88711204e-003
    1.34567381e-003 0. 1.58656090e-002 0. 0. 4.69515007e-003 0. 0. 0. 0.
    0. 3.63884168e-003 -5.19943133e-004 0. 0. 0. 0. 0. 0.
    4.22582263e-004 0. 0. 3.80740650e-002 0. 0. 1.54995022e-003 0. 0.
    2.94274115e-003 0. 0. 0. 0. 0. 0. 2.26901844e-003 0. 0. 0. 0.
