<?xml version="1.0"?>
<opencv_storage>
<imageDescriptor type_id="opencv-matrix">
  <rows>1</rows>
  <cols>1000</cols>
  <dt>f</dt>
  <data>
    1.48239767e-003 0. 3.97267577e-004 -1.38553279e-003 0. 0. 0.
    -5.38848341e-004 0. 0. 0. 3.42153525e-003 2.61777639e-003 0. 0. 0.
    0. 0. 6.05292432e-003 0. 0. 0. 0. 0. 3.85662029e-003 0.
    1.88125399e-004 2.08055903e-003 0. 1.66241545e-003 6.40685961e-004
    1.08519159e-002 0. 2.22258153e-003 0. -3.96813848e-004
    1.33414310e-003 0. 0. 0. 0. 0. 1.19352601e-002 -7.75079010e-004
    3.37502174e-003 0. 0. 2.62213475e-003 1.69054838e-003 0.
    1.63864146e-003 -1.38114428e-003 1.77739433e-003 0. 0. 0. 0. 0. 0.
    4.82200971e-003 0. 0. -9.26521243e-005 1.42854653e-004 0. 0. 0.
    -2.04890338e-003 0. 0. 0. -1.01865044e-005 0. -3.20661966e-005 0. 0.
    0. 4.93676926e-004 0. 0. 0. -1.56113016e-003 2.45851558e-003 0.
    1.15288934e-003 4.89482563e-003 0. 0. 3.48856527e-004
    3.67449783e-003 0. 4.72273352e-003 1.25900412e-003 0. 0. 0. 0.
    2.93760537e-003 2.22103437e-003 1.49421603e-003 0. 3.78129049e-003
    8.23040493e-004 0. 0. 3.87457293e-003 3.73015739e-003 0.
    2.85225594e-003 3.28907347e-003 0. 1.88484380e-003 0. 0.
    2.16374421e-004 2.23452598e-003 0. 1.63025362e-003 0.
    9.18827951e-004 9.04478075e-004 0. 0. 0. 0. 0. 0. 1.35410344e-003
    5.90457697e-004 0. 3.08794016e-003 6.95072534e-003 -4.21866484e-004
    0. 2.54824932e-004 0. 1.29617366e-003 2.56270589e-003
    1.50816061e-003 0. 8.52289202e-004 0. 5.74188633e-003
    2.40649190e-003 0. 1.60770142e-003 0. 0. 1.85948273e-003 0. 0.
    -1.68359882e-004 0. 0. 0. 0. 2.44752364e-003 0. -2.97909463e-003 0.
    6.40880840e-004 6.38012774e-003 -2.17869808e-003 7.49552681e-004
    2.21439084e-004 0. 3.28805973e-003 0. 0. 1.69382722e-003 0. 0. 0.
    1.10871540e-002 0. 0. 0. 0. 0. -2.41961810e-004 0. 0. 0. 0. 0. 0. 0.
    0. 0. 0. 1.98904914e-003 7.13791989e-004 3.46095115e-003
    3.66826053e-003 3.97430407e-003 0. 0. 0. 8.07928736e-004
    1.45072967e-003 4.76493640e-003 0. 6.75101485e-003 9.81238903e-004
    2.30724225e-003 0. 7.21038831e-003 0. 0. 0. 0. 8.61963909e-003 0. 0.
    0. 0. 0. 0. -1.67464575e-004 -6.71333342e-004 3.19274957e-003 0.
    1.60561831e-004 0. 1.11907739e-002 -2.58171465e-003 4.91824932e-004
    0. 0. 0. 0. 2.63110152e-004 0. 8.40618089e-003 0. 2.32365099e-003
    2.64382293e-003 0. 0. 0. 0. 0. 0. 3.12921195e-003 0. 0. 0. 0.
    5.77747240e-004 0. 0. 1.59396082e-002 0. 0. 0. 0. -7.83318595e-004
    0. 0. 0. 0. 0. 0. 0. 3.27684265e-003 1.91379746e-003 0. 0.
    3.10530001e-003 0. 0. 2.44176062e-003 1.25375856e-003 0.
    -4.10918816e-004 0. 3.09971534e-003 -1.42532948e-003 0. 0. 0. 0. 0.
    0. 0. 0. 8.40240158e-004 0. 1.75007596e-003 4.40129777e-004
    -6.32730837e-004 0. -2.10276991e-003 0. 0. 0. 6.69358415e-004 0. 0.
    4.98983718e-004 7.51156535e-004 0. 7.13873049e-003 0. 0.
    3.20018060e-003 1.63207389e-003 0. 0. 0. 3.42338649e-003
    1.00252880e-002 0. 9.90400556e-004 0. 0. 4.81419452e-003
    1.60467066e-003 7.51309504e-004 0. -1.07643125e-003 1.33856724e-003
    0. 0. 0. -1.50122086e-003 0. 0. 1.26862237e-002 0. 0. 0. 0.
    2.73746368e-003 0. 0. 8.90965387e-003 9.95345530e-004 0.
    7.69150024e-003 1.55775528e-003 0. 0. -6.54749310e-005
    -4.01423866e-004 0. 0. 2.26309476e-003 0. 0. 0. 7.68618076e-004
    5.96960308e-003 2.61983648e-003 1.30467187e-003 0. 0. 0. 0. 0.
    2.62588495e-003 -3.14666657e-003 0. 2.08639627e-004 1.32703390e-002
    0. 0. 1.10967702e-003 1.02494319e-003 -1.42541551e-003 0. 0. 0. 0.
    6.63923053e-003 0. 0. 5.16401953e-004 0. 4.52788034e-003
    -7.54296139e-004 0. 0. 0. 0. 0. -1.42161397e-003 0. 8.37178528e-003
    7.21371546e-003 0. 0. 3.08131240e-003 8.73049488e-004
    1.35013415e-003 8.12465209e-004 0. -2.28152348e-005 0.
    6.12031342e-003 0. 0. 2.11959332e-003 0. 0. 6.12001968e-005 0. 0. 0.
    5.59064560e-003 4.78711678e-003 -7.27370498e-004 0. 2.62811431e-003
    0. 0. 4.14557103e-003 1.31066446e-003 3.90097150e-003 0. 0. 0.
    -1.03368796e-003 5.57233812e-003 0. 5.56588813e-004 1.99958682e-003
    0. 0. 0. 0. 0. 1.09752966e-003 0. 0. 0. 0. 0. 0. 0. 0.
    9.08321142e-003 0. 0. 0. 0. 0. 0. 2.82441685e-003 3.70895653e-003
    7.93141138e-004 0. 2.65306979e-003 0. 0. 0. -1.39623776e-003
    1.75598310e-003 0. 2.36305501e-003 0. 6.72146957e-003 0. 0.
    1.57721783e-003 5.48914121e-003 0. 0. 2.01173453e-003 0. 0.
    2.27094488e-003 3.16485693e-003 1.44904433e-003 0. 6.18339982e-004
    0. 0. 0. 6.66860724e-003 0. 0. -1.78808533e-003 0. 4.24494548e-003
    0. 1.02629815e-003 0. 0. 0. 0. 0. 0. 0. 1.06640474e-003
    -6.78011740e-004 0. 0. 3.26078874e-003 3.94792121e-004
    1.85993465e-003 0. 0. -1.98490321e-004 0. 0. 0. 0. 5.49415313e-003
    0. 1.91436149e-003 0. 3.12049058e-004 4.12985263e-003 0. 0.
    4.32670070e-003 0. 0. 1.09814946e-003 0. -4.66283585e-004 0. 0.
    4.54486813e-003 0. 3.07737710e-003 0. 0. 0. 0. 0. 0. 0. 0. 0. 0.
    4.25735209e-003 0. -1.25348382e-003 0. 1.56576349e-003 0.
    6.38973108e-003 0. 3.78097151e-003 2.97956751e-003 1.26169657e-003
    0. 8.77077691e-004 6.36704173e-003 1.26039318e-003 0.
    1.74491887e-003 0. 5.73552679e-003 2.77510728e-003 2.83642765e-003
    3.40056978e-003 5.44944219e-003 0. 5.74069889e-003 0. 0.
    1.32676924e-003 -1.48033840e-004 0. 0. 4.11774643e-004 0.
    1.64333056e-003 2.09655933e-004 0. 0. 8.57006758e-004
    6.18552614e-004 0. 3.42037040e-003 -2.09439010e-003 0.
    4.75219887e-004 0. 0. 0. 0. 3.38201458e-003 2.16030958e-003 0. 0. 0.
    5.32522157e-004 0. 0. 0. 1.66487403e-003 2.83236243e-003 0. 0. 0. 0.
    2.98116426e-003 0. 1.60400453e-003 0. 4.96183848e-003 0.
    3.49207898e-003 3.00406857e-004 0. 0. 4.85482719e-003 0. 0.
    8.16978980e-004 4.43285750e-003 0. 0. 0. -7.60552124e-004 0. 0.
    4.72419022e-004 -2.64858385e-003 0. 0. 0. 0. 0. -1.30811578e-003 0.
    0. 0. 0. 0. 0. 1.63459720e-003 1.53681659e-003 3.96395475e-003
    1.82519108e-003 0. 0. 2.51542288e-003 1.68864371e-003 0. 0.
    3.37406411e-003 3.25097051e-003 0. -2.76378734e-004 1.11539639e-003
    1.32071702e-002 0. 0. 4.94254520e-004 1.78023474e-003 0.
    3.96688964e-004 0. -3.91809619e-004 5.24547184e-003 1.50040023e-005
    0. 0. 0. 0. 0. 1.53118651e-003 0. 0. 0. 7.45953526e-003 0.
    5.65820048e-003 1.37315108e-003 0. 0. 0. 0. 0. 0. 0. 4.09218250e-003
    0. 0. 4.76855831e-003 0. 1.15779578e-003 0. 0. 7.71121588e-003
    1.94865675e-003 -2.25688214e-003 0. 8.38272506e-004 2.12183339e-003
    7.11502880e-003 2.63359933e-003 0. 0. 0. 0. -2.87020754e-004 0.
    -2.86305265e-004 4.43707360e-003 0. 4.06479975e-003 4.32621920e-003
    0. 0. 3.52674164e-004 0. 0. 4.98560444e-003 3.84716829e-003 0. 0. 0.
    2.38837418e-003 -7.77247245e-004 0. 0. 1.25036319e-003
    2.69874488e-003 1.72922749e-003 0. 0. 0. 0. 0. 0. 1.21423905e-003 0.
    0. 0. 0. 2.65755714e-003 0. 0. 0. 0. 0. 1.21600286e-003 0.
    7.57792499e-004 0. 1.07765757e-003 -1.09752454e-003 1.13674474e-003
    2.16184999e-003 1.64218666e-003 0. 0. 3.87042691e-003
    2.88976450e-003 0. 0. -4.65322053e-004 7.97939545e-004 0.
    4.91341949e-003 0. 0. 0. 2.48118700e-003 4.39866388e-004
    4.15131712e-004 6.76487433e-003 0. 0. 0. 1.59256929e-003
    1.88661995e-003 0. 5.17445942e-003 2.06137113e-002 0. 0. 0. 0. 0.
    3.99718853e-003 0. 0. 0. 2.05257582e-003 0. 0. 1.13001885e-003 0. 0.
    0. 3.77965556e-003 0. 0. 0. 0. 4.02877852e-003 0. 0. 0. 0. 0.
    6.45998679e-003 9.91570647e-004 0. 0. 0. 2.49453587e-004
    8.13086866e-004 5.32794558e-003 3.38012958e-003 1.38199395e-002
    5.17126778e-003 -5.58902370e-003 0. 5.44367824e-003 9.54970194e-004
    -1.48051628e-003 0. 2.78153201e-003 0. 0. 2.96375644e-003
    5.99791901e-003 1.75798731e-003 1.21594837e-003 0. 1.99803384e-003
    -1.09091448e-003 0. 0. 0. -1.76092013e-004 -8.55430204e-004
    8.11754167e-003 0. -7.49676896e-004 2.41178600e-003 0.
    3.14397481e-003 0. 3.56994569e-005 1.28278730e-003 3.88314785e-003
    0. 0. 0. 1.71419862e-003 4.76881070e-003 0. -8.51576682e-004 0. 0.
