<?xml version="1.0"?>
<opencv_storage>
<imageDescriptor type_id="opencv-matrix">
  <rows>1</rows>
  <cols>1000</cols>
  <dt>f</dt>
  <data>
    0. 0. 0. 0. 0. 0. 5.40773105e-003 0. 0. 0. 0. -6.73836970e-004
    6.43525133e-003 0. 1.76778762e-003 0. 1.29237829e-003
    2.19985051e-003 2.20852904e-003 5.69686759e-003 0. 0. 0. 0.
    4.37218137e-003 0. 1.46606076e-003 0. -8.18491739e-004 0. 0.
    2.54597026e-003 1.65005540e-003 4.51633381e-003 0. 2.22519692e-003
    6.09264197e-003 0. 0. 0. 0. 1.95945194e-003 2.23949435e-003 0. 0. 0.
    -4.31240042e-004 0. 1.92268938e-003 0. 2.17246031e-003
    2.16146908e-003 6.25519501e-003 0. 0. 0. 0. 5.39919920e-003
    2.01178528e-003 8.73630343e-004 -8.11294376e-005 0. 0. 0. 0. 0.
    1.45579095e-003 0. 0. 4.48945863e-003 4.33743605e-003
    5.54034486e-003 -5.07277495e-004 -3.19419814e-005 -2.37153494e-003
    2.57344311e-003 0. -5.22772141e-004 0. 8.55646853e-004 0. 0.
    2.78612017e-003 5.36499370e-004 6.69576135e-003 0. 0. 0.
    6.84056710e-003 2.14696899e-002 3.98691930e-003 0. 0. 0. 0. 0.
    6.93055277e-004 6.87694410e-004 0. 0. 1.76786538e-003 0.
    5.58685162e-004 -5.03319956e-004 1.18742778e-003 -2.46477895e-004 0.
    1.26765214e-003 6.15517702e-003 0. 2.90439092e-003 7.63881719e-004
    4.25069965e-003 1.37054466e-003 0. 0. -4.19829303e-005 0. 0. 0. 0.
    1.06531160e-003 0. -1.70109828e-003 1.66742562e-003 5.95768169e-003
    0. 0. 3.71717702e-004 0. 0. 8.75102103e-007 -1.01289968e-003 0. 0.
    -9.95496754e-004 -1.27079460e-004 0. 3.63936834e-003 1.51478581e-003
    8.98494734e-004 0. 6.80107798e-004 3.86216561e-004 5.20720938e-003
    0. 0. 0. 0. 9.79050761e-004 0. 0. 3.67834372e-003 1.54299736e-002 0.
    6.96812291e-004 1.56911614e-003 4.98957699e-003 5.01335133e-004
    5.59112616e-003 0. 0. 0. 0. 0. 0. -4.62741242e-004 0. 0. 0. 0. 0. 0.
    6.84971176e-003 0. 1.34542387e-003 0. 0. 1.27385864e-002
    2.05089129e-003 0. 0. 0. 0. 3.98492906e-003 -3.29738919e-004
    -3.04334390e-004 1.55135209e-003 0. 0. 3.41361592e-004
    8.79866537e-003 1.28679827e-003 0. 0. 0. 0. 7.19903270e-004
    4.08935174e-003 0. 0. 2.41838722e-003 0. 5.03089000e-003
    8.36542528e-003 1.18482101e-003 0. 3.83882620e-003 3.93525726e-004
    0. 0. 0. 2.19579390e-003 0. 2.16615899e-003 0. 6.39482820e-003 0. 0.
    0. 0. 0. 4.92349872e-003 1.39798899e-003 1.00348331e-003
    2.46199942e-003 0. 2.83850799e-003 0. 0. 0. 0. 1.64824584e-003 0.
    -1.81059015e-003 4.83705290e-003 1.62089054e-004 0. 0.
    4.73140652e-004 0. -3.88754794e-004 0. 0. 0. 1.44588330e-003
    7.40875766e-005 -6.51010196e-004 9.77395452e-004 0. 0. 0. 0. 0. 0.
    -1.18086522e-003 0. 0. 2.06411607e-003 0. 1.11421384e-002 0. 0.
    1.43688191e-002 0. 0. 2.41329172e-003 -6.20100182e-005
    2.70223478e-003 9.10642743e-003 -3.73262126e-004 0. 1.23979663e-003
    2.39003426e-003 2.35156971e-003 0. 0. 0. -6.92071801e-004
    -9.92611866e-004 0. 0. 0. 0. 0. 0. -1.44209084e-003 2.79629021e-003
    0. 2.63961614e-003 0. -3.22269945e-004 4.18177195e-004
    8.34708568e-003 -1.93706815e-004 2.64538033e-003 0. 0. 0. 0.
    8.73327255e-004 0. 0. 0. 6.85958192e-003 0. 0. 0. 1.01390469e-003 0.
    0. 1.77088066e-003 7.01372512e-003 0. 0. 6.86425157e-003 0. 0.
    9.26012057e-004 -1.30012305e-003 0. -7.21925346e-004 3.69402173e-004
    0. 0. 5.98692335e-003 2.20483425e-003 2.19848915e-003
    -4.53493587e-004 0. 1.26011565e-003 7.07175757e-004 5.65594819e-004
    0. 1.34879677e-003 0. -8.58577201e-004 0. 2.84386612e-003 0. 0.
    2.78672343e-003 -2.36858585e-004 0. 1.44011425e-002 0. 0. 0. 0. 0.
    -2.86774850e-003 4.13553929e-003 0. 8.96990008e-004 0. 0.
    7.13981688e-004 0. 1.86121918e-003 -1.10079814e-003 0. 0.
    6.72374759e-003 4.21763537e-003 0. 3.84746655e-003 0. 0. 0. 0. 0.
    -5.15022839e-004 0. 0. 1.71440281e-003 0. 2.40482899e-004 0. 0. 0.
    1.31497951e-003 2.54793908e-003 0. 2.53189891e-003 0. 0. 0. 0.
    1.40912621e-003 0. 0. 0. 0. 2.17283051e-003 -1.61068432e-003
    6.21491391e-003 5.96123422e-003 1.30107836e-003 2.41880119e-003
    7.94410054e-003 0. 0. 0. 0. 0. 4.51499037e-003 0. 0. 8.71149416e-004
    0. 1.60483608e-003 0. 0. 0. 0. 8.50583718e-004 1.13824708e-003 0. 0.
    1.48136826e-006 0. -3.48185975e-004 0. 0. 0. 0. 0. 1.37440383e-003
    0. 0. 1.98240881e-003 5.94443467e-004 0. -4.22758778e-004
    6.00572350e-003 -5.26652555e-004 4.96694539e-003 -9.52885661e-004 0.
    0. 0. 2.67508067e-003 0. 0. 0. 0. 0. 0. 1.27174081e-002 0.
    2.11306475e-003 5.68848243e-003 7.04868278e-003 1.93572300e-003 0.
    0. 0. 0. 0. 5.74045931e-004 0. 0. 1.02431339e-003 0. 0.
    1.18746236e-003 0. 0. 0. 0. 8.49484641e-004 0. 0. 0. 0.
    1.25038403e-003 4.79863444e-003 0. 3.01965768e-003 0. 0.
    2.79520452e-003 0. 0. 7.00793462e-003 -4.24377387e-003 0.
    4.45769867e-003 2.56334245e-003 9.07295616e-004 0. 4.00895748e-004
    0. -2.83246278e-003 0. -1.44149200e-003 9.53553477e-004 0. 0. 0.
    3.71192070e-003 0. 0. 2.51101633e-003 1.85929704e-003
    1.78154698e-003 7.53475644e-004 0. 0. 0. 0. 0. 0. 0. 2.00421549e-003
    0. 0. 0. 0. 2.40812427e-004 0. 1.33012619e-003 0. -8.64372356e-004
    -6.36446057e-004 0. 0. 0. 0. 5.36525203e-003 1.51656638e-003
    2.93253083e-003 0. 2.03992659e-003 0. 0. 0. 0. 0. 1.49330834e-003
    2.90906336e-003 1.04953279e-003 1.44501252e-003 0. 0. 0. 0.
    1.33645674e-003 0. 0. 6.48754765e-004 0. 0. 0. 7.68825179e-003 0. 0.
    9.09683527e-004 4.78453177e-004 0. 0. 2.08815234e-003 0.
    5.98275708e-003 0. 0. 0. 1.57080940e-003 5.70903532e-003
    -5.59958920e-004 8.62685870e-003 2.10304745e-003 0. 0. 0.
    1.56182388e-003 0. 0. 0. 1.98724680e-003 0. -2.06773868e-003 0.
    1.68752926e-003 4.23154794e-004 7.76348694e-004 6.51933905e-003 0.
    1.15638401e-003 0. 1.75027829e-003 3.21277487e-003 -1.10579375e-003
    0. 0. 0. 0. 4.44071554e-003 1.25430676e-003 0. 0. 0. 5.33888873e-004
    8.26383848e-003 1.65260804e-003 1.83899795e-006 2.40428548e-004
    5.65001136e-003 6.97850250e-003 0. 1.75050262e-003 0. 0.
    2.74951628e-004 0. 4.58696019e-003 0. 0. 0. 0. 0. 0. 1.21961813e-003
    0. 4.28402517e-003 0. 0. 0. 0. -9.72766837e-004 0. 0.
    1.47289736e-003 2.95265665e-004 2.42407907e-007 0. 0. 0.
    1.18246097e-002 1.90526596e-003 8.94192513e-003 0. 0. 0.
    1.42141236e-002 0. 3.60159058e-004 1.36147905e-003 1.73699495e-003
    -7.98927154e-004 -4.61759890e-004 0. 0. 0. 5.78514067e-003
    4.96019982e-003 0. 0. 1.62855734e-003 3.47808329e-003 0. 0. 0. 0. 0.
    0. 0. -9.80380457e-004 5.72295918e-004 0. 0. 5.75510040e-003
    1.76434778e-003 0. 0. 0. 0. 0. 0. -3.32378171e-004 0.
    1.33040128e-003 0. 0. 2.70265009e-004 1.23860245e-003 0. 0.
    2.15130323e-003 0. 0. 0. 0. 2.05329340e-003 9.57806420e-004
    1.35452393e-003 0. 1.60267740e-003 0. 0. 0. 0. 0. 0. 0.
    6.39229733e-003 0. 0. 0. 0. 0. 0. 0. 4.64645593e-004 0. 0.
    -3.69579531e-004 1.04053761e-003 0. 0. 2.06221850e-003 0. 0. 0.
    6.14456949e-004 -8.86808441e-004 3.74012452e-004 0. 0.
    2.57401192e-003 0. 0. -1.64716016e-003 0. 0. -1.43087388e-003
    3.33900843e-003 0. 0. 5.56878163e-004 0. 0. 0. -1.30529821e-004
    5.47888177e-003 0. 0. 0. 5.88222314e-003 7.68788299e-003 0. 0. 0.
    -8.64310277e-005 5.94793959e-003 0. 4.01076674e-003 0. 0.
    3.77472350e-003 1.52051228e-003 -1.07345311e-003 -1.71717489e-004 0.
    4.44442546e-003 0. 0. 0. 0. 2.38612620e-003 3.21755977e-003
    1.72984914e-003 0. 0. 0. 0. 4.62953525e-004 0. -4.04661143e-004 0.
    0. 0. 7.19308481e-003 0. 0. 0. 0. 7.68271135e-003 0. 0. 0. 0. 0. 0.
    0. -1.07761647e-003 2.02277396e-003 -1.37163757e-003 0. 0. 0. 0.
    -1.59179431e-003 0. 0. 3.55907436e-003 0. 0. 1.57072977e-003 0.
    3.29445652e-003 0. 0. 0. 7.37302285e-003 0. 4.53569600e-003 0.
    1.68231886e-003 0. 0. 0. 4.97542648e-003 0. 9.62777156e-003
    -4.99191170e-004 -6.34748794e-005 0. 0. 0. 0. 1.67476980e-003
    3.28145776e-004 0. 0. 0. 5.70132490e-003 8.39604763e-004 0.
    1.13275945e-002 0. 2.29935627e-003 1.52736774e-003 0. 0. 0.
    1.67931488e-003 0. 4.82975395e-007 -7.06390420e-004 -6.08161790e-004
