<?xml version="1.0"?>
<opencv_storage>
<imageDescriptor type_id="opencv-matrix">
  <rows>1</rows>
  <cols>1000</cols>
  <dt>f</dt>
  <data>
    0. 0. 2.40122830e-003 1.18102105e-002 0. 3.18458164e-003
    3.68009671e-003 4.15275717e-004 1.49746740e-003 9.19802871e-004 0.
    0. 0. 0. 2.01133499e-003 0. 4.84355434e-004 3.20418132e-003 0. 0.
    3.27564939e-003 2.50180624e-003 9.33485222e-004 0. 2.05713999e-003
    0. 4.59063519e-003 0. 0. 1.46272348e-003 0. 2.93295830e-003 0. 0.
    -5.75304293e-005 1.06650428e-003 5.38835581e-003 1.16764905e-003
    1.43239601e-003 0. 1.07460772e-003 0. 0. 0. 5.91161312e-004
    5.22185303e-003 7.15700327e-004 -1.75307432e-004 0. 0. 0.
    -1.67551602e-003 0. 1.16193434e-003 0. 0. 0. 0. 0. 0. 0.
    3.19554732e-004 3.90937738e-003 2.88495072e-003 0. 0. 0. 0. 0.
    2.27007479e-003 1.19215786e-003 -4.19640593e-004 0. 1.23307086e-003
    0. 8.82921624e-004 0. 0. 0. 0. 2.74370867e-003 6.58177072e-004 0.
    6.05889887e-004 2.21178681e-003 1.42389839e-003 2.29875837e-003 0.
    1.42457499e-003 0. 2.95618270e-003 0. 4.50147316e-003 0.
    8.34549312e-004 -1.76815884e-004 0. 0. 3.53084033e-004 0. 0.
    1.80683960e-003 6.82307116e-004 -1.55326142e-003 0. 3.38614162e-004
    0. 0. 0. 2.09258334e-003 -3.22215870e-004 -3.59729544e-004 0. 0. 0.
    0. 0. 0. 4.92521562e-004 6.43491000e-003 0. 0. 3.90114612e-004
    2.57370761e-003 0. 1.26374565e-004 1.77426438e-004 -1.78354767e-005
    -1.09860662e-003 3.31220450e-003 0. 2.03248067e-003 0.
    1.61451579e-003 1.15754630e-003 0. 0. 2.14976934e-003
    2.71051191e-003 0. 0. 0. 0. 0. -9.07821581e-004 0. -4.51033236e-004
    0. 3.03983851e-003 5.70036005e-004 3.42277111e-004 1.31931715e-003
    0. 0. 6.43818453e-003 -9.18653153e-004 2.54111388e-003
    1.87831861e-003 4.33538156e-003 0. 0. 0. 1.70527725e-003
    2.03350629e-003 6.83106761e-003 3.87912430e-003 3.30172013e-003 0.
    0. 0. 0. 0. 0. 6.37736055e-004 -1.83685443e-005 0. 0.
    4.49188054e-003 0. 0. 1.59705477e-003 -5.36496518e-005
    1.44855597e-003 4.61086305e-003 2.13599741e-003 0. 2.60058278e-003
    0. 0. 0. 1.00926962e-003 -3.45335662e-004 0. -7.53131753e-004 0. 0.
    0. 1.15004682e-003 0. 0. 0. 0. 4.73421300e-003 0. 0. 0. 0. 0.
    5.12544590e-004 2.23827385e-003 0. 2.40059569e-003 3.94702563e-003
    0. 2.58859037e-003 0. 0. 1.85440294e-003 0. 0. -4.64718876e-004 0.
    1.78165594e-003 0. 0. 0. 3.60631710e-003 0. 0. 2.65893503e-003
    -1.13245600e-003 1.99841266e-003 2.80403742e-003 9.46784951e-003 0.
    -6.30530587e-004 0. 7.77423522e-003 6.81342743e-003 8.24789226e-004
    0. 1.38522813e-003 -3.69237247e-003 1.01437280e-002 0.
    -1.65581878e-004 0. -1.00093323e-003 5.65363979e-003 0.
    1.70750252e-003 4.02955711e-003 9.16959369e-004 0. 5.54719474e-004
    0. 6.56683231e-004 3.32975597e-003 0. 4.44693072e-003 0. 0.
    5.68872364e-003 6.43478765e-004 -1.10782414e-004 0. 0.
    2.97021517e-003 2.61347159e-003 0. 1.22735393e-003 0.
    2.32035224e-003 0. 4.25640726e-003 1.74538163e-003 5.18320967e-003
    0. 4.25669830e-003 0. 9.53151903e-004 9.03026492e-004
    1.29540660e-003 0. 0. 0. 0. 0. 1.79589947e-003 0. 1.90411333e-003
    3.48329567e-003 0. 5.67590725e-003 0. 4.24730917e-003 0. 0. 0.
    6.19975151e-004 0. 0. 0. 0. 0. 0. 0. 3.53138638e-003
    -1.90894134e-004 -8.61655164e-004 0. 0. 0. 0. 0. 0. -1.83184072e-003
    7.07029190e-004 6.68573659e-003 -8.51896824e-004 1.35391369e-003
    1.22072466e-003 0. 1.34334981e-003 5.96551318e-003 8.17871303e-004
    -8.07333505e-004 3.89300985e-003 1.52369286e-003 5.37016476e-003
    8.26945528e-003 0. 0. -1.32054626e-003 1.17578625e-003 0.
    1.28784787e-003 1.12427841e-003 1.74675277e-003 0. 5.10304933e-003
    -5.05626493e-004 0. 7.57554732e-003 2.29837582e-003 3.34444223e-003
    8.37498519e-004 0. 0. 2.78272992e-003 0. 0. 0. 0. 3.84886377e-003 0.
    0. 0. 1.67805329e-003 6.45201234e-003 0. -3.81439022e-004
    4.95148473e-004 0. 5.70628152e-004 -5.33017796e-004 8.57452222e-004
    7.48218736e-003 0. 5.65445691e-004 1.52555318e-003 0.
    1.85410562e-003 0. 3.54893273e-003 -4.05069819e-004 9.13173717e-004
    4.13686328e-004 2.19068793e-003 0. 3.72460485e-003 0. 0.
    2.36837470e-004 2.62822432e-004 0. 0. 7.89753976e-004 0. 0. 0.
    2.15316750e-003 1.55618542e-003 5.08677796e-004 0. 0.
    9.37648176e-004 0. 2.87731085e-003 1.59276614e-003 1.71784684e-003
    7.59374409e-004 1.97768910e-003 0. 6.56070327e-003 6.90819172e-004
    -1.44917471e-003 4.88778483e-003 5.39054163e-004 0. -1.55828823e-003
    -8.18054395e-005 5.55299735e-003 0. 0. 9.71941277e-004 0. 0. 0.
    2.91256071e-003 0. 0. 1.16379990e-003 0. 0. 2.27536727e-003 0. 0. 0.
    7.24013953e-004 0. 2.43591191e-003 2.80085858e-003 5.22126397e-003
    2.77122180e-003 -1.45750633e-003 0. 2.12651677e-003 1.32114731e-003
    1.53459434e-003 0. 0. 5.80808893e-003 0. 0. 1.18516234e-003 0. 0. 0.
    0. -2.63919035e-004 1.33419863e-003 0. 5.03776735e-003 0. 0.
    1.56293786e-003 0. 2.75924895e-003 0. 8.83832341e-004
    1.98221090e-003 0. 0. 0. 3.40834027e-003 -1.05324514e-004
    8.00243637e-004 0. 0. 0. 0. 1.42123213e-003 0. 6.70100329e-003
    7.73549604e-004 0. 1.81835820e-003 0. -8.34375969e-005 0. 0. 0. 0.
    0. 0. 1.29833876e-003 5.16492315e-003 2.26815790e-003
    3.89411882e-003 0. 4.56609669e-005 0. 0. 0. -2.81289191e-004 0. 0.
    0. 0. 0. 4.83188051e-004 3.29916994e-003 0. 4.62253316e-004 0.
    2.32960749e-003 0. 0. -2.55635678e-004 3.52130999e-004 0.
    1.70504290e-003 0. -6.97336451e-004 0. 2.96452339e-003 0.
    5.07602282e-003 0. 1.94887316e-003 2.90866941e-004 0.
    8.08629149e-004 2.33461708e-003 8.98004975e-003 3.91392707e-004 0.
    1.23312348e-003 1.20063208e-003 5.06314822e-003 4.79347631e-003 0.
    4.29071486e-003 0. 0. -4.64263663e-004 -5.00300084e-004
    8.57705902e-003 9.99313779e-004 0. 0. 0. 0. 0. 5.75637911e-004 0. 0.
    0. 0. 0. 6.59385871e-004 0. -4.18648880e-004 0. -2.82141526e-004
    3.12785408e-003 0. 6.12716132e-004 0. 0. 1.91792729e-003
    1.28205822e-004 0. 0. 4.01841709e-003 9.85174556e-004 0.
    2.65779760e-004 -2.87181558e-003 4.74479690e-004 -2.08742655e-004 0.
    0. -1.47842278e-003 0. 0. 3.14324815e-003 2.35823356e-003 0.
    1.38812559e-003 0. 2.18045572e-003 -1.13864674e-003 0.
    1.60287530e-003 1.78174884e-003 1.18208572e-003 3.60650057e-003 0.
    9.89608001e-004 0. 0. 0. 0. 6.42273808e-004 0. 5.83598949e-003
    1.32507423e-003 0. 6.71431830e-004 1.21955993e-003 0.
    -1.46654711e-004 3.12648684e-004 0. 0. 2.26329057e-003
    1.62058789e-002 0. 1.84520453e-004 0. -6.33387317e-005 0. 0. 0. 0.
    1.02133723e-003 8.67588853e-004 0. 0. 0. 3.34342080e-003 0. 0.
    -1.33996189e-004 7.70096201e-003 2.15390278e-003 1.38605630e-003 0.
    6.18417180e-005 4.29687789e-003 0. 4.55547636e-003 5.50422585e-004
    7.62014417e-003 1.82957365e-003 0. 0. 1.58982305e-003 0. 0. 0.
    8.94494180e-004 0. -1.88694126e-003 0. 0. 5.52080310e-005
    -1.22225814e-004 0. 4.14301176e-003 0. 0. 0. 1.30154868e-003 0. 0.
    0. 0. 0. 0. 1.25257517e-004 8.90596025e-003 0. 0. 6.81184407e-004
    6.65610540e-004 0. 1.68291212e-004 1.14420499e-003 1.28764310e-003
    1.86788279e-003 2.61455402e-003 1.37200509e-003 0. 0. 0. 0.
    -5.57951753e-005 1.18038687e-003 0. 1.43822015e-003 0. 0. 0. 0.
    4.80284775e-003 0. 0. 5.80408145e-004 0. 5.65773994e-003
    3.98391829e-004 0. 1.71949482e-003 4.97592147e-004 5.68829069e-004
    0. 0. 0. -1.14049122e-004 4.26712446e-004 2.62491824e-003
    1.51340012e-003 0. 3.72329867e-003 -6.89178938e-004 1.40872318e-004
    4.96349810e-003 0. 0. 0. 0. 6.70209434e-003 0. 1.18067814e-002 0.
    1.33910659e-003 5.38343971e-004 5.11042366e-004 4.57788003e-004 0.
    0. 7.89101934e-004 1.75888406e-003 -3.10563744e-004 0.
    4.52253764e-004 0. 4.52776393e-003 0. 0. 2.12626322e-003
    -5.31084428e-004 0. 0. 0. 0. 0. 0. 0. 0. 8.83965928e-004 0. 0.
    2.17074808e-003 0. 0. 3.38008744e-004 1.03347364e-003 0.
    -5.52921847e-004 8.00615642e-004 -7.36043381e-004 0. 0.
    -9.00612155e-004 0. 0. 1.11624063e-003 0. 0. 0. 6.59236405e-003 0.
