<?xml version="1.0"?>
<opencv_storage>
<imageDescriptor type_id="opencv-matrix">
  <rows>1</rows>
  <cols>1000</cols>
  <dt>f</dt>
  <data>
    0. 2.59750616e-003 0. 4.05420875e-003 -1.66309439e-003
    2.20273319e-003 -9.84028215e-004 3.04513727e-003 2.58307415e-003
    -1.18336560e-004 0. 0. 2.90743634e-003 0. 0. -1.04171375e-003
    -1.08627009e-003 0. 3.24502646e-004 0. 0. -2.42035859e-003 0. 0. 0.
    -2.98127951e-003 0. 5.70831762e-004 0. 0. 0. 2.91250134e-003 0. 0.
    4.02519305e-004 0. 0. 0. 1.98768359e-002 0. 0. 0. 0. 0. 0.
    3.26467748e-003 -8.82488326e-004 0. 0. 0. 0. 1.64549612e-003 0.
    2.02436611e-004 0. 0. 0. 3.37396958e-003 0. 0. 5.32938575e-004
    2.62726448e-003 0. 8.54225084e-003 0. 1.78822724e-003 0.
    6.14619348e-003 0. -3.50992824e-003 0. 0. 3.32657387e-003
    1.76182762e-003 0. 0. 0. 0. 0. 0. 3.02052684e-003 1.77828784e-004 0.
    0. 0. 0. 0. 1.17671548e-003 0. 0. 0. 0. 3.67912743e-003 0.
    1.57342292e-002 1.60510259e-004 0. 0. 0. 0. 2.00095051e-003
    1.10071595e-003 1.32337958e-003 0. 8.24530236e-003 4.79527470e-003
    5.99327125e-003 0. 4.89052199e-003 -9.87185398e-004 8.20845773e-004
    4.84807976e-003 0. 4.09067469e-003 0. 0. 0. 0. -1.83877724e-004 0.
    0. 0. 7.59046758e-003 4.44871373e-003 0. 0. 0. 2.64162733e-003 0. 0.
    0. 2.33251043e-003 0. 0. 5.76899620e-003 0. 0. 0. 0. 2.21772306e-003
    0. 8.26522522e-003 1.81609736e-004 0. 0. -2.89580901e-004
    2.21808674e-003 0. 0. 0. 2.17154319e-003 0. 0. 0. 0. 0. 0. 0.
    6.98830932e-003 0. 0. 3.56632471e-003 1.07709528e-003
    -1.38822687e-003 1.79678923e-003 2.75862240e-003 0. 0. 0. 0. 0.
    3.42315878e-003 1.52810020e-002 2.32312689e-003 0. 0. 0. 0.
    2.17787968e-003 -9.12191608e-005 0. 2.99986452e-004 0.
    1.90546375e-003 0. 0. 0. 0. 0. 2.94451951e-003 0. 0. 2.94916652e-004
    1.61165360e-003 -8.46785901e-004 0. 0. 0. 1.97697990e-003
    1.11830619e-003 0. 0. 0. 0. 0. 0. 4.87712119e-003 0. 0. 0. 0. 0.
    5.98785747e-003 3.88647127e-003 0. 0. 0. -1.99889927e-003 0.
    6.02223817e-003 1.79577305e-003 2.78919470e-003 0. 0.
    6.76143914e-003 6.71515148e-003 5.64598711e-004 6.19575754e-003 0.
    0. 1.42950704e-003 0. 0. 7.15923309e-003 -7.79459893e-004 0.
    1.43045723e-003 0. 0. 0. 0. 0. 5.30730758e-004 1.99058442e-003
    7.46543473e-003 0. 0. 0. 0. -6.32996089e-004 9.80297197e-003
    -1.02567312e-003 0. 0. 0. 0. 4.05409001e-003 5.47470339e-003
    5.78570040e-003 4.30579530e-003 0. 0. 0. 0. 0. 0. -1.39078964e-003
    0. 0. 0. 0. 7.54379027e-004 0. 0. 0. 3.66586074e-003 3.52073112e-003
    0. 5.35672950e-003 1.73357024e-003 0. 0. 0. 0. 0. -1.14245317e-003
    -2.90650671e-004 0. 0. 0. 3.44936247e-003 -7.03324971e-004 0. 0. 0.
    0. 0. 0. 0. 0. 0. 0. 0. 0. 0. 0. 1.20372965e-003 1.92173268e-003
    7.05677224e-003 0. 0. 0. 4.55114851e-003 0. 0. 0. 0. 0. 0. 0.
    -1.92797300e-003 3.96359665e-003 0. 0. 0. 0. 0. 0. 1.48508442e-003
    0. 7.79049806e-005 0. 6.29726565e-003 0. 0. 0. 0. 1.98088260e-003
    2.16663312e-002 1.18473126e-002 0. 0. 7.57530870e-006 0.
    1.49849954e-003 0. 0. 0. 0. 2.08062096e-003 0. 1.63826614e-003 0. 0.
    2.99941283e-003 0. 8.13230756e-004 0. 0. 0. 0. 0. 0. 0.
    4.77353996e-003 0. 5.16394852e-003 0. 1.15298983e-002 0.
    8.41988542e-004 0. 1.05319917e-002 0. 0. 7.40933185e-003 0. 0. 0.
    3.32562323e-003 0. 0. 3.13611352e-003 0. 0. 0. 0. 5.51780127e-003 0.
    0. 2.09178962e-003 0. 8.76911625e-004 0. 0. 0. 0. 0. 0. 0. 0. 0. 0.
    3.06224101e-003 0. 0. 0. 0. 0. 0. 0. 0. 0. 1.35780557e-003 0. 0. 0.
    1.30997133e-003 4.98895068e-003 0. 0. 0. 0. 0. 0. 1.45831058e-004 0.
    0. 0. 0. 0. 0. 0. -2.53906567e-003 1.73691928e-003 0.
    -4.18094307e-004 9.27784538e-004 0. 0. 0. 0. 0. 0. 0. 0.
    7.85417669e-003 0. 0. 0. 0. 4.15332196e-003 0. 0. 0. 4.76229144e-003
    0. 0. 0. 9.73325316e-003 0. 0. 3.60502722e-003 0. 0. 0. 0. 0. 0. 0.
    0. 0. 0. 9.76414792e-003 0. 0. 0. 4.34718933e-003 0. 0.
    2.33649765e-003 0. 0. 2.19404371e-003 8.06172378e-003 0. 0. 0. 0. 0.
    9.26251058e-004 3.45400884e-003 2.18178285e-003 6.97260210e-003
    2.88942922e-003 0. 0. 0. -9.76837822e-004 0. 0. -1.77406904e-003
    -5.86253009e-004 0. 0. 0. 0. 0. 5.76460443e-004 3.10916314e-003 0.
    -4.87991128e-005 0. 0. 0. 0. 0. 0. 0. 3.99286486e-003 0.
    1.28726345e-002 0. 0. 0. 0. 0. 0. 7.88383372e-003 0. 0.
    1.22589967e-003 0. 0. 0. 9.85131972e-003 -1.62810890e-003
    1.93373766e-004 0. 2.74352008e-003 0. 0. 2.38372805e-003
    8.61892418e-004 0. 0. 5.72221959e-003 0. 0. 0. 3.99618829e-003 0.
    4.99842502e-003 2.17393716e-003 4.12641559e-003 1.60643598e-003 0.
    0. 2.34775641e-003 0. 0. -7.03788362e-003 0. 0. 6.67399727e-003 0.
    0. 0. 0. 3.04668769e-003 7.37892045e-003 0. 0. 0. 2.38567172e-003 0.
    0. -2.55303062e-003 0. 3.60230473e-003 0. 2.20458396e-003 0.
    -3.35428311e-004 5.58988517e-003 0. 0. 0. 0. 0. 1.14240777e-002 0.
    -2.07710569e-003 0. -1.47587489e-004 0. 2.73457519e-003
    6.53718645e-003 0. 7.14737410e-003 0. 0. 0. 0. 0. 0. 0. 0. 0. 0.
    1.17533677e-003 0. 7.14305695e-003 0. 0. 0. 0. 4.85325418e-003 0. 0.
    0. 0. 3.93697713e-003 8.63508496e-004 0. 2.39030970e-003 0.
    1.46466703e-003 -7.22604338e-004 0. 0. 0. 7.69824372e-004 0.
    1.13399420e-002 0. 8.73321027e-004 0. 0. 0. 0. 0. 5.27122058e-004
    4.49023582e-003 9.42957005e-004 2.23827525e-003 0. 0.
    2.93202628e-003 0. 3.98891745e-004 0. 5.04568452e-003
    3.29122908e-004 0. 0. 0. 0. -2.42478983e-003 0. 1.67737913e-003 0.
    1.22184446e-003 0. 0. 7.40050629e-004 0. 0. 0. 0. 2.91596352e-005
    8.94996745e-004 0. 0. -2.75290781e-003 0. -1.29703654e-003 0. 0.
    1.44400948e-003 0. 0. 1.40184211e-003 0. -3.36195226e-003
    2.67366376e-002 5.89579053e-004 0. 0. 2.02839379e-003 0. 0. 0. 0.
    -1.59084360e-004 3.82636883e-003 0. 0. 0. 0. 0. 1.95833342e-003
    5.62331930e-004 7.61096075e-004 0. 0. 0. 8.53188249e-005 0. 0.
    4.87177429e-004 7.82898068e-003 0. 3.14386119e-003 0. 0. 0.
    5.02685492e-004 0. 1.15840137e-003 0. 0. 0. 0. 1.34778291e-003 0. 0.
    0. 0. 7.43188150e-003 9.73786879e-003 2.17450503e-003 0. 0. 0. 0.
    8.70059524e-003 0. 0. -1.70160679e-003 0. 0. 9.51179594e-004 0. 0.
    0. 2.26529548e-003 0. 1.43918896e-003 5.45129551e-005
    1.54061290e-003 2.40991940e-003 0. 0. 3.82140162e-003
    1.50247337e-003 0. 4.00698325e-003 0. 9.78697930e-003 0. 0.
    -1.76627794e-003 0. 0. 0. 0. 0. 0. 0. 0. 0. 0. 0. 0. 0. 0. 0. 0. 0.
    0. 0. 0. 0. 0. 3.18740634e-003 0. -1.66476343e-003 0.
    -7.39839918e-004 0. -1.80231594e-003 0. 0. 0. 5.00997202e-003 0. 0.
    0. 0. 0. -2.83823023e-003 -2.36409041e-003 0. 0. 0. 2.14016414e-003
    0. 5.91489719e-004 -6.47261622e-004 0. 7.70878466e-003
    9.44469683e-003 0. 2.97669182e-003 4.05421620e-003 0.
    -2.56119238e-005 0. 0. 0. 0. 0. 0. 5.08886902e-003 0.
    6.53981185e-003 0. 0. 0. 0. 0. 0. 0. 1.82597106e-003 0. 0. 0. 0. 0.
    0. 0. 0. 8.24781228e-003 2.14077649e-003 0. 0. 0. 0. 1.56084867e-003
    2.13606819e-003 0. 0. 8.54124781e-004 0. 0. 0. 0. 0. 0.
    1.63198693e-003 1.61886793e-002 1.85816595e-003 0. 0. 0. 0. 0.
    6.98810210e-003 0. 1.95093011e-003 0. 2.28040153e-003 0. 0.
    1.84825435e-003 2.37917295e-003 5.39840525e-003 0. 0. 0. 0. 0. 0.
    -8.41703848e-004 0. 0. 8.77636578e-003 1.08813113e-002
    3.88070871e-003 0. 4.76420857e-003 2.89278617e-003 0. 0.
    5.27745811e-003 1.94548792e-003 0. 0. 0. 0. 0. 8.03159084e-003 0.
    1.42193376e-003 3.20999487e-003 0. 0. 0. 1.15424870e-002 0. 0. 0. 0.
    0. 0. 0. 0. 0. 0. 3.87608400e-003 0. 0. 0. 0. 0. 3.81056801e-003
    1.32665806e-003 0. 0. 0. 0. 0. 0. 0. 0. 0. 0. 1.37695286e-003 0. 0.
    0. 0. 0. 0. 0. 0. 0. 1.14763985e-004 0. 0. 8.27306183e-004
    1.24329850e-002 0. 0. 0. 0. 0. 7.04530440e-003 0. 0. 8.01322283e-004
    0. 0. 1.00537797e-003 0. 0. 0. 0. 0. 1.71734334e-003 0. 0. 0. 0. 0.
    0. 0. 0. 0. 0. -2.18507554e-003 0. 0. 0. 0. 1.17086787e-002
    6.46088785e-003 0. -7.33850766e-006 0. -1.39852706e-003 0.
    -2.84472917e-004 0. 1.22717787e-002 0. 0. 0. 0.</data></imageDescriptor>
</opencv_storage>
