<?xml version="1.0"?>
<opencv_storage>
<imageDescriptor type_id="opencv-matrix">
  <rows>1</rows>
  <cols>1000</cols>
  <dt>f</dt>
  <data>
    -7.33876601e-004 0. 8.14162893e-004 2.06160286e-004 2.79981969e-003
    1.36807284e-004 2.01271754e-003 0. 1.12410332e-003 0. 0. 0. 0.
    9.37212817e-003 0. 0. 0. 0. 5.92948461e-004 0. 5.09533146e-003 0. 0.
    0. 0. 2.06878246e-003 0. -8.19695706e-004 0. 0. 6.11062103e-004 0.
    0. 0. 0. -7.31976063e-004 8.35041143e-003 0. 0. -9.77136428e-004
    -1.06836640e-004 -5.38323889e-004 0. 9.91876051e-003 0.
    3.48457624e-003 0. 0. 0. 0. 1.55827205e-003 0. 0. 0. 1.16143737e-003
    0. 0. 0. 5.72497083e-004 0. 0. 0. -3.75002017e-003 7.01413862e-003
    0. 6.92873355e-003 0. 0. 0. 0. 1.23091578e-003 -9.71633926e-005 0.
    0. 0. -7.81954499e-004 0. 0. 0. -2.71780370e-003 9.43373889e-003
    1.18416892e-002 0. 0. 9.85749345e-003 1.52103940e-003
    1.59494532e-003 0. 0. 0. 3.37472023e-003 0. 1.20954553e-003
    4.46951343e-003 0. -9.91225941e-004 5.43999067e-003 -2.00485834e-003
    7.17286160e-003 0. 0. 0. 2.72584916e-003 0. 7.25251739e-004
    2.13405474e-006 3.16600408e-003 0. 1.81938580e-003 0.
    5.55016333e-003 0. 0. 0. 0. 0. 2.28191796e-003 0. 0. 0. 0. 0.
    1.48107018e-003 1.41918508e-003 0. 2.13582651e-003 0. 0. 0. 0. 0. 0.
    0. 0. 5.61581831e-003 0. 0. 2.46230140e-003 0. 0. 2.33827252e-003
    9.87547974e-005 0. 0. 1.92466937e-003 1.20342243e-002
    -2.50754086e-003 1.25039252e-003 2.90319999e-003 0. 0.
    3.48462700e-003 0. 0. 1.00612408e-002 0. 0. 5.07236132e-003
    -2.73074693e-004 0. 0. -1.91734219e-003 0. -5.63861022e-006
    2.06333073e-003 0. 0. 0. 0. 0. 0. 0. 0. 0. 2.71393382e-003
    1.22416276e-003 0. -1.22692014e-004 0. 0. 0. 0. 1.57922797e-003 0.
    5.92774851e-003 3.24872881e-003 0. 9.44647007e-004 2.19670939e-003
    0. 0. 0. 0. 7.50599429e-003 2.41285539e-003 1.91457581e-003
    -1.66216993e-003 0. 1.44192250e-002 0. 5.98099828e-003 0. 0. 0.
    3.68395675e-004 0. 0. 0. 0. 5.67938806e-003 0. 6.97606429e-003
    1.88612519e-003 0. 0. 5.93397720e-003 0. 0. 0. 0. 0. 0. 0.
    2.31086533e-003 1.64931768e-003 0. 2.25659809e-003 0. 0. 0.
    -1.43440079e-003 0. 0. 0. 0. 0. 0. 2.58240360e-003 1.46356830e-003
    8.84775817e-003 0. 0. 1.58343196e-003 0. 0. 0. 5.07933972e-003
    -7.51621381e-004 1.18116653e-002 5.34128305e-003 0. 4.84254153e-004
    -8.84821697e-004 3.27406364e-004 0. 1.41692925e-002 0.
    2.23544054e-003 5.43687819e-003 7.42261251e-003 0. -3.02062283e-004
    6.11889642e-004 0. 2.92815221e-003 5.59015386e-003 0. 0.
    3.16880434e-003 2.13258546e-002 0. 0. -5.92879427e-004 0. 0.
    1.10324845e-003 0. 0. 0. 9.15124267e-003 0. 0. 0. 1.26735633e-002 0.
    0. 0. 0. 0. 0. 4.79289005e-003 -1.29424952e-004 7.46425055e-003
    4.52906213e-004 0. 0. 6.59310399e-003 0. 0. 0. 4.68531903e-003 0. 0.
    0. 0. 7.08190259e-003 0. -1.65134913e-003 0. 1.61956006e-003 0. 0.
    0. 0. -1.90533453e-003 0. 0. -3.88816884e-003 1.60660059e-003
    3.09316698e-003 8.08652863e-003 0. 0. 2.19213613e-003 0. 0. 0.
    -5.96265658e-004 0. 0. 5.24702901e-003 0. -1.59728772e-003 0.
    -3.77569551e-004 0. -1.05076726e-003 0. 2.07366887e-004 0. 0. 0. 0.
    0. 0. 2.14184524e-006 -4.11606830e-004 0. 0. 2.95869820e-003 0.
    -1.51928724e-003 9.73607006e-004 3.26929893e-003 0. 0.
    -9.08711008e-005 5.75770857e-003 9.35870036e-003 0. 0. 0. 0. 0. 0.
    -6.76132622e-004 0. 1.00873748e-003 0. 3.12023447e-003
    7.65108096e-004 4.10355162e-003 0. 1.63854251e-003 0.
    2.40299007e-004 0. 0. 0. 0. 0. 0. 0. 0. 0. 0. 0. 0. 1.10784674e-003
    1.97229791e-003 0. 0. 3.10745300e-003 1.92695379e-003 0. 0.
    1.91574567e-003 0. 0. 0. 3.23951896e-003 -1.94461108e-003
    -1.68135727e-003 0. -8.48495474e-005 9.42212716e-003 0. 0. 0. 0. 0.
    0. 9.92328278e-004 3.81313555e-004 0. 0. 3.55866214e-004 0. 0. 0.
    9.56997916e-004 1.11986906e-003 0. 0. 1.74959074e-003 0. 0. 0.
    -3.44815417e-005 0. 0. -5.93698700e-004 0. 0. 0. -1.95890502e-003 0.
    0. -4.89819748e-003 0. 0. 0. 0. 0. 0. 0. 0. 0. 1.56914964e-002
    2.57573160e-003 -5.56726765e-004 1.82268058e-003 7.43620424e-003 0.
    0. 2.31487327e-003 4.87179868e-003 2.87247030e-003 0.
    1.64646050e-003 0. 0. 0. 0. 3.02016130e-003 0. 0. 0. 0. 0.
    5.09356381e-003 2.08427855e-006 0. 0. 0. 0. -1.46641873e-003 0.
    2.31033750e-003 0. 0. 4.00257669e-003 2.52845394e-003 0. 0.
    4.82348446e-003 0. 0. 2.55375146e-003 0. 0. 0. 0. 0. 0. 0. 0. 0.
    1.62954687e-003 0. 5.41419443e-003 0. 7.06692925e-004 0. 0. 0. 0.
    -1.18666139e-004 0. 7.66206859e-003 5.73436543e-003 0.
    1.26828509e-003 2.71360273e-003 5.24426578e-003 0. 0. 0. 0.
    1.45336159e-003 0. -1.00346806e-003 0. 0. 0. 3.91379511e-003 0. 0.
    0. 0. 0. 2.10878643e-004 0. 0. -9.16402845e-004 0. 7.63468444e-004
    0. 0. 0. 0. 5.63429378e-004 4.92863311e-003 2.71067978e-003 0. 0. 0.
    0. 0. 0. 0. 0. 2.69367662e-003 0. 3.39492830e-003 0. 2.02862988e-003
    0. 1.48500316e-003 0. -1.25412957e-003 -8.72843841e-004 0.
    -2.84831109e-003 0. 2.63546081e-003 0. 1.01739522e-002
    3.96479969e-004 1.31808443e-003 0. 2.55039008e-003 0. 0. 0. 0.
    2.65057920e-003 2.40033609e-003 0. 0. 0. -2.01782840e-003
    1.64500647e-003 0. 0. 0. 0. 2.58366694e-003 -8.37321393e-004 0. 0.
    0. 0. 9.96369682e-003 0. 0. 1.12409063e-003 0. 2.22602417e-003 0. 0.
    6.36386732e-003 0. 1.51344354e-003 0. 2.88509997e-003 0. 0. 0.
    -9.46311862e-004 7.05972081e-004 0. -2.54137861e-003 0.
    3.70383076e-003 0. 1.19721908e-002 0. 0. 0. 0. 0. 0. 0. 0. 0. 0.
    1.35615910e-003 0. -2.94864317e-003 9.22854291e-004 0. 0. 0. 0. 0.
    4.20510507e-004 0. 0. 1.25775347e-003 0. 0. 1.00160064e-003
    3.80623783e-003 0. 0. 0. 0. 0. 0. 3.75503418e-003 0. 0. 0. 0. 0.
    -1.46853703e-003 1.38997193e-003 0. 0. 0. 0. 6.89872024e-007 0. 0.
    0. 0. 0. 2.55432707e-004 1.25990220e-004 0. 0. 0. 0. 0. 0. 0.
    -2.14912463e-003 0. 0. 0. 3.02585470e-003 0. 0. 0. 0.
    3.11407028e-003 1.15387735e-003 0. 0. 0. 0. 0. 0. 0. 0. 0. 0. 0. 0.
    -3.23151145e-003 0. 1.40976452e-003 0. 2.56425515e-003
    3.73231829e-004 0. 8.71405238e-004 0. 0. 0. 5.11302240e-003
    1.61118491e-003 0. 0. 0. -5.69123891e-004 1.01785678e-002 0. 0. 0.
    0. 0. 9.90217179e-003 0. 0. 0. 0. 3.24969413e-003 0. 0.
    1.64872303e-003 0. 0. 7.74252741e-003 1.98355280e-002
    1.55341194e-003 3.35796201e-003 0. 0. 9.99294873e-003 0.
    3.14524933e-003 0. 0. 0. 0. 0. 0. 1.18201599e-002 1.41471799e-003 0.
    0. 0. 0. 0. 0. 0. 3.25339311e-003 0. 4.19060653e-003 0. 0. 0. 0.
    7.73718464e-004 0. 2.29057926e-003 9.57028754e-003 0. 0. 0. 0. 0. 0.
    0. 6.88715372e-003 0. 0. 0. 2.79627088e-003 1.61795260e-003 0.
    1.39338837e-003 0. 0. 0. 0. 0. 3.00315442e-003 0. -1.63806999e-005
    0. 0. 0. 5.54238679e-003 0. 2.14648596e-003 0. 0. 3.90343106e-004
    -1.66012731e-003 0. 2.54231854e-003 0. 0. 1.41658261e-003
    8.00008595e-004 0. 9.32762283e-004 0. 0. 0. 0. -3.64113046e-004 0.
    0. 2.45439890e-003 1.36155018e-003 1.39757269e-003 5.76230790e-003
    0. 0. 5.58372540e-003 0. 0. 0. 5.64517919e-003 0. 5.71456367e-005 0.
    0. -1.77097318e-005 0. 0. 0. 0. 0. 5.21999667e-004 0. 0. 0.
    6.23780675e-003 0. 0. 8.25862028e-003 0. 0. 1.22494891e-003
    2.83468689e-004 0. 8.59053433e-003 0. 0. 8.95814318e-003 0. 0.
    6.51061162e-003 0. 0. 1.77457719e-003 0. 0. 2.00335472e-003 0. 0. 0.
    2.75077717e-003 -3.17968406e-005 0. 0. 0. 0. 0. 0. 0. 0. 0.
    7.06152106e-003 0. 0. 1.66728045e-003 0. 0. 2.85946811e-003 0. 0. 0.
    0. 1.01120379e-002 0. 4.90327599e-003 0. 0. 1.38067373e-003 0. 0. 0.
    4.09934111e-003 1.97155285e-003 1.23765068e-002 0. 5.56742400e-003
    2.02072859e-002 0. 0. 0. 0. 0. 0. 0. 0. 0. 0. 0. 0. 0. 0.
    -6.53376104e-004 1.74831925e-003 0. 0. 0. 5.78127801e-003 0.
    2.55217333e-003 0. 0. 0. 3.75534268e-003 0. 0. 0. 0. 0.
    -3.67555622e-004 0. 1.80154794e-003 0. 4.76528239e-003 0. 0.
    7.61758909e-003 0. 0. 0. 0. 0. 0. 0. 0. 4.55204677e-003
    3.73818330e-003 0. 0. 2.45023693e-004 0. 0. 0. 0. 4.03153244e-003
