<?xml version="1.0"?>
<opencv_storage>
<imageDescriptor type_id="opencv-matrix">
  <rows>1</rows>
  <cols>1000</cols>
  <dt>f</dt>
  <data>
    1.43547368e-004 0. 8.36190651e-004 0. 0. 3.88499349e-003
    -4.67614969e-004 1.89277623e-003 0. 0. 0. 1.02224236e-003
    2.50633061e-003 0. 0. 0. -6.28852111e-004 5.42878546e-003 0. 0.
    3.86765413e-003 6.25712844e-003 1.56452216e-003 0. 1.96143705e-003
    1.41993053e-002 -1.22215005e-003 0. 8.09004181e-004 0.
    -8.94742610e-004 6.29583374e-003 -4.09435888e-004 1.17083760e-002
    6.43734704e-004 5.89700136e-003 0. 5.90205099e-003 8.13730760e-004
    0. 0. 0. 0. 0. 2.30341079e-003 0. 0. 1.69732422e-003 0. 0.
    -1.80217132e-004 0. 0. 0. 0. 0. 0. -1.43132033e-003 0.
    4.44968091e-003 0. 0. 0. 0. 1.58235733e-003 0. 0. 1.66638766e-003 0.
    0. 0. -1.14095572e-003 0. 0. 0. 1.87582147e-004 0. 9.01914481e-003
    6.93783304e-003 0. 0. 1.58945448e-003 6.34165248e-003 0. 0.
    3.29992315e-003 7.20844604e-004 0. 1.44485002e-002 0. 0.
    8.21776281e-004 -7.74254848e-004 1.15830172e-003 0. 0.
    -2.35511223e-003 0. 0. 0. 0. 0. 2.28423043e-003 0. 0. 0. 0. 0. 0. 0.
    1.05568441e-003 0. 0. 0. 0. 3.45622818e-003 0. 0. -2.58204853e-003
    0. 0. -6.01677748e-004 0. 2.80148932e-003 0. 3.10317992e-004
    -5.94196317e-004 0. 6.09439623e-004 0. 5.20150317e-003
    8.83420277e-003 -5.76957886e-004 2.51438585e-003 0. -5.59810898e-004
    3.86148365e-003 0. 0. 0. 1.09695224e-003 6.72568381e-003
    8.43590312e-003 -1.89567439e-003 1.26130208e-002 0. 2.25539389e-003
    7.31514115e-003 1.86928653e-003 0. 0. -7.89417361e-004
    3.30761843e-003 1.55568891e-003 0. 2.08785548e-003 0.
    2.92665954e-003 0. 1.28350325e-003 1.99106522e-003 -1.22491736e-003
    1.47429900e-003 8.18091352e-003 0. 0. 0. 0. 0. 0. -2.60073063e-003
    0. 0. 0. -2.30084988e-003 0. 9.59004369e-003 0. 4.58231056e-003 0.
    0. 0. 0. 1.56273588e-003 0. 0. 5.52374078e-003 0. 0. 0.
    -3.67431145e-004 0. 0. 0. 0. 0. 0. 0. 0. 3.43527994e-004 0. 0.
    7.88350648e-004 -1.38816598e-003 0. 0. 0. 0. 0. 0. 0. 0. 0. 0. 0. 0.
    0. 0. 0. 0. 0. 7.75847002e-004 -3.57161928e-003 3.97087913e-003 0.
    0. 0. 0. 0. 0. 9.13061493e-004 2.29237042e-003 0. -4.48682345e-003
    1.00867674e-002 0. 3.77286179e-003 0. 3.21521051e-003
    1.14728196e-003 0. 0. 1.39586383e-003 0. 0. 6.34664670e-004
    1.46466307e-003 0. 2.15403480e-003 0. 0. 0. 1.29751861e-003 0. 0. 0.
    0. 2.63449969e-003 0. 8.03392194e-003 2.97398469e-003 0. 0.
    3.39238648e-003 -2.21857554e-005 0. 0. 0. -4.78405884e-004 0. 0. 0.
    4.77362797e-003 0. -5.08608180e-004 0. 9.99886892e-004 0. 0. 0.
    1.59538654e-003 0. 1.65997946e-003 9.01325664e-004 0.
    2.13259947e-003 0. 0. 1.12036970e-002 1.42605114e-003
    9.14392713e-003 3.90947470e-003 1.90730672e-002 0. 8.05375446e-003
    0. 0. 1.03872381e-002 0. 0. 3.48621630e-004 2.54585641e-003
    -5.21450362e-004 -2.11839768e-004 3.31829814e-003 0. 0. 0.
    1.98445609e-003 0. 0. 0. 0. 3.73703107e-004 4.32527903e-003 0. 0. 0.
    2.51594419e-003 0. 0. 0. 5.28585049e-004 0. 0. 7.25903374e-004
    2.02488340e-003 2.63316231e-003 0. 0. 0. 0. 0. 1.00572547e-002 0. 0.
    0. 0. 0. 0. 0. 3.32454778e-003 3.04793636e-003 9.19093937e-003 0. 0.
    0. -1.84373965e-003 0. 6.49991562e-004 0. 7.35988375e-004 0. 0. 0.
    0. 4.01724549e-003 0. 0. 0. 0. 0. 1.59400376e-003 5.66798728e-003
    2.75856792e-003 0. 1.23902899e-003 4.84664692e-003 -1.33998657e-003
    1.74584845e-003 0. 0. 0. 1.10993918e-003 9.81370546e-003 0.
    2.62977160e-003 0. 0. 3.38020793e-004 0. 0. 0. 0. -2.95381731e-004
    0. -2.03967607e-003 4.15239297e-003 0. 0. 0. 9.83820204e-003 0.
    2.61265994e-003 3.96443764e-003 1.69151998e-003 0. 0. 0. 0. 0.
    5.63070597e-003 8.97977006e-005 0. 5.80297601e-005 9.88030434e-003
    0. 7.50903913e-004 0. 1.20705692e-003 0. 2.85741151e-003
    2.16000550e-003 0. 0. 4.47678752e-003 4.02260059e-003
    1.86655074e-004 0. -2.92605255e-004 0. 0. 0. -1.04000115e-004
    1.96338817e-003 1.53532776e-003 0. 7.92734558e-004 1.63547846e-003
    5.47915371e-003 0. 4.08736942e-003 0. 0. 0. 0. 0. 3.46901501e-003 0.
    -4.32604225e-004 0. 2.42453092e-003 0. 0. 0. 0. 0. 0.
    -1.13990146e-003 -7.38819013e-004 0. 0. 1.23697445e-002
    4.90777753e-003 1.60248822e-003 1.29876030e-003 0. 0.
    8.99591367e-004 0. 0. 6.07116939e-003 0. 0. 0. 4.79378644e-003 0.
    2.55577359e-003 0. 0. 4.20934660e-003 0. 0. 0. 2.90408218e-003 0.
    3.84817645e-003 0. 1.36976468e-003 0. 0. 4.94823442e-004
    1.06679881e-003 0. 2.47851037e-003 0. 5.68406424e-003 0. 0.
    1.28229253e-003 7.43033481e-004 0. 0. 4.04185615e-003 0. 0.
    1.18534174e-003 0. 0. 0. 0. 0. 0. 5.44630131e-003 0. 0. 0. 0.
    2.72199861e-003 0. 0. 1.86349661e-003 1.49723692e-005
    1.23214687e-003 0. 0. 0. 0. 1.70202076e-003 6.17433339e-003 0.
    -4.60030744e-004 0. 2.97287176e-003 0. 0. 0. 0. 2.25468492e-003 0.
    1.39662134e-005 0. 0. -9.88126267e-005 0. 4.35902225e-003 0. 0.
    1.95687008e-003 0. 0. 0. 0. 2.38482817e-003 0. 0. 0. 0.
    2.88668252e-003 0. 7.23273261e-004 3.05330218e-003 0.
    5.79740044e-005 0. 0. 0. 0. 1.07327651e-004 5.69371216e-004 0. 0.
    -2.58117332e-004 4.68438346e-004 0. 0. 2.41961027e-003
    1.58804609e-003 0. -9.50148751e-005 0. 0. 0. 0. 0. 3.44115286e-003
    3.84191913e-003 0. 3.22494889e-003 0. 0. 0. 0. 1.57791551e-003 0. 0.
    0. 0. 1.10367453e-003 6.10708317e-004 0. 0. 0. 2.61455122e-003 0. 0.
    0. 0. 0. 0. 0. 0. 2.31708912e-003 1.55199715e-003 6.24019362e-004
    2.65164464e-003 0. 0. 2.03780062e-003 0. 0. 1.26763722e-002 0.
    4.12386796e-003 2.82802677e-004 0. 2.39035417e-003 -5.62844856e-004
    0. 0. 0. 0. -4.51471843e-003 0. 0. 0. -4.73271984e-006
    2.53481399e-002 0. 2.44262023e-003 0. -4.67249803e-004 0. 0.
    5.18480781e-003 9.72974114e-004 1.07175317e-002 9.18674632e-004 0.
    0. 0. -1.03512034e-003 0. 0. 0. 1.01092109e-003 0. -8.72583594e-004
    0. 3.06812371e-003 4.59194835e-003 0. 0. 3.33366799e-003 0. 0. 0. 0.
    3.98137054e-004 0. 3.03416559e-003 1.64086104e-003 7.17529503e-004
    4.83777700e-003 0. 0. 0. 0. 0. 6.20219903e-003 -6.11371826e-004 0.
    0. 2.02835281e-003 0. 0. 2.30111321e-003 -1.11507159e-003
    -1.00305444e-003 0. 0. 0. 8.91294144e-003 0. 1.50020083e-003
    4.42081690e-003 4.59776958e-003 0. 0. 0. 1.03200483e-003
    -5.07943216e-004 0. 2.12375820e-003 0. 0. 1.01922289e-003
    4.63851902e-004 0. -1.18410611e-003 0. 0. 0. 2.56806798e-003
    -1.09685888e-003 0. 4.77906922e-003 0. 2.00619828e-003 0.
    2.15416495e-003 8.11400649e-004 -1.35399960e-003 1.15215976e-003
    -2.86450551e-004 0. 0. 0. 1.22963323e-003 1.51063141e-003
    3.87343485e-003 0. 9.87156527e-004 0. 0. -6.32106035e-004 0. 0. 0.
    3.35084205e-003 0. 1.08631968e-003 0. 0. 0. 0. 2.19261856e-003 0. 0.
    0. 1.43062149e-003 0. 0. 3.20396083e-003 1.50535919e-003 0.
    5.07578661e-004 5.11138991e-004 -6.18824037e-004 0. 0. 0.
    -4.19938675e-004 3.47194215e-003 6.69467205e-004 0. 0. 0. 0.
    3.21926735e-003 0. 1.61966332e-003 4.03189129e-004 1.08141231e-003
    9.04544955e-004 0. 0. 9.22474731e-003 0. 0. 0. 0. 0. 0.
    6.33774791e-004 0. 0. 0. 0. 0. 1.72734098e-003 0. 0.
    -4.28612169e-004 -4.71882056e-004 3.27171013e-003 0. 8.49265547e-004
    0. 0. 0. 0. 0. 0. 0. 0. 0. 0. 0. 1.39962742e-002 3.49957985e-003
    1.42241479e-003 0. 0. 0. 0. 0. 0. 4.53734025e-003 3.19401338e-003
    3.49418796e-003 0. 0. 8.14483780e-003 0. 3.13400361e-003 0. 0.
    1.78577378e-003 0. 1.22129321e-004 0. 0. 0. 1.06000283e-003 0. 0.
    1.18925492e-003 -9.84035432e-004 7.13927147e-004 0. 0.
    -1.50029455e-005 -3.85716674e-003 -1.55401445e-004 0. 0.
    2.26280047e-003 0. 0. 0. 5.54984342e-003 0. -2.14396510e-003
    1.42572855e-003 0. 3.08071799e-003 0. 0. 2.16465071e-003 0. 0.
    -2.17817654e-003 0. 0. -1.02875543e-004 0. 0. 3.08324001e-003
    -1.50559458e-003 2.37910589e-003 0. 0. 0. 0. 0. 1.74891506e-003 0.
    0. 0. 0. -7.77646710e-005 7.14775547e-003 0. 9.82186664e-003 0. 0.
    2.62819347e-003 9.43852216e-003 -2.60535773e-004 0. 0.
