<?xml version="1.0"?>
<opencv_storage>
<imageDescriptor type_id="opencv-matrix">
  <rows>1</rows>
  <cols>1000</cols>
  <dt>f</dt>
  <data>
    0. 0. 0. 3.65073024e-003 0. -2.71568570e-004 0. 6.34372514e-003
    -4.22067329e-004 0. 0. 4.61796718e-003 0. 5.37881907e-003 0.
    5.30201988e-003 0. 0. 0. 0. 4.91085090e-003 5.51744550e-003
    1.79671531e-003 0. 8.28599837e-003 0. 6.37101242e-003 0. 0. 0. 0.
    4.41048905e-006 5.72667131e-003 0. 6.73435745e-004 6.26967382e-003
    0. 0. 0. 0. 0. 9.02543252e-004 0. 8.50871112e-003 0. 0. 0.
    7.01811817e-003 0. 0. 0. 0. 0. 6.82260469e-003 0. 6.74749771e-003 0.
    0. 0. 0. 7.88697880e-003 0. 0. 0. 6.29084790e-003 0. 0. 0. 0.
    6.14206214e-003 0. 4.57373448e-003 2.91060726e-003 1.45351188e-003
    0. 0. 0. 1.86094884e-002 6.66096603e-005 0. 6.63838800e-005 0. 0.
    -1.44840579e-003 0. 0. 0. 0. 0. 0. 2.75027263e-003 0.
    9.50083230e-003 2.37718737e-003 0. 3.15708132e-003 0. 0. 0. 0.
    2.17135809e-003 -5.16563246e-004 0. 0. 2.29050592e-003 0.
    1.10304332e-003 0. 2.81487871e-003 2.05286127e-003 0.
    1.50614057e-003 0. 0. 0. 0. 0. 0. 0. 0. 0. -9.03318229e-004
    1.87521137e-003 2.34462670e-003 0. -6.88750937e-004 0. 0. 0. 0.
    5.84554393e-004 0. 0. 4.84451978e-003 0. 0. 2.59545189e-003
    -1.84138585e-003 5.65908244e-003 0. 0. 0. 0. 0. 0. 8.11096339e-004
    0. 0. 0. 0. 0. 3.80254583e-003 6.70508423e-004 0. 6.35349937e-003
    1.04211271e-003 3.77414096e-003 7.04759987e-006 2.46530608e-003 0.
    0. 1.36093193e-004 0. -9.39687307e-004 0. 2.55606417e-003
    3.60180507e-003 1.09637389e-002 0. 0. 0. 0. 2.04897998e-003 0. 0. 0.
    2.98629748e-003 0. -1.11340400e-004 0. 0. 0. -1.81320473e-003 0. 0.
    3.39494343e-003 0. 4.54671914e-003 0. 0. 0. -3.33611009e-004 0. 0.
    0. 0. 0. 0. 0. 0. 0. 0. 2.32488080e-003 -9.22243809e-004 0. 0. 0. 0.
    1.35240878e-003 0. 0. -1.12597912e-003 9.86785744e-004 0. 0. 0. 0.
    0. 0. -6.88936503e-004 0. 0. 0. 0. 0. 0. 2.15981901e-003 0. 0.
    3.16740456e-003 0. 9.58667311e-004 -2.39091623e-003 3.19158135e-004
    9.14543588e-003 2.25558132e-003 0. 0. 6.09379308e-003
    2.43377010e-003 0. 0. 1.61755318e-003 2.11108266e-003
    1.89827639e-003 5.31183695e-003 0. 2.80127482e-004 0.
    3.21131735e-003 0. 1.64464011e-003 1.39104889e-003 0. 0.
    3.52396956e-003 0. 0. 0. 0. 0. 0. 0. 0. 1.16535940e-003 0.
    4.17410862e-003 7.29367486e-004 0. 0. 1.16154179e-003 0. 0.
    -2.23957119e-003 0. 0. 5.74563490e-003 0. 0. 0. 0. 0. 0. 0. 0. 0. 0.
    0. 8.40397365e-003 2.98899249e-003 0. 2.60607526e-003
    5.05883433e-003 0. 0. 0. 1.36443006e-003 7.74433557e-003 0.
    3.04634613e-003 0. 2.74537422e-004 0. 3.08779511e-003 0. 0. 0. 0.
    1.81964878e-003 2.86614127e-003 0. 0. 0. 0. 1.48238812e-003 0. 0.
    1.45169755e-003 0. 0. 0. 0. 0. 2.95332656e-003 4.60398178e-006
    1.15758064e-003 0. 0. 6.78941421e-003 -2.12355415e-004
    2.18962389e-003 2.84615788e-003 0. 1.00794984e-002 0. 0. 0. 0. 0. 0.
    0. 0. 6.80350000e-004 2.53956154e-004 4.57324879e-003
    3.49477842e-003 2.59432616e-003 0. 0. -4.83147247e-004 0. 0. 0. 0.
    0. 6.02494413e-003 0. 0. 6.54038566e-004 0. 0. 0. 5.18903788e-003 0.
    7.50369683e-004 1.06326933e-003 1.84801978e-003 2.41312012e-003
    7.93449814e-004 1.55102159e-003 6.96922943e-004 2.44569592e-003 0.
    0. -1.67616550e-003 0. 0. 0. 0. 0. 2.71025114e-003 0.
    5.54141938e-004 1.36226392e-003 -7.84367847e-004 0. 1.40534947e-004
    -7.09311571e-004 0. 0. 0. 0. 0. 0. 0. -5.22301088e-005
    2.89701624e-003 7.56672258e-003 0. 0. 0. 1.21505081e-003 0.
    3.59952589e-003 0. 1.57130079e-003 0. 0. 0. 0. 1.25203514e-003 0. 0.
    5.44933509e-003 0. 1.95637625e-003 0. 0. 0. 0. 8.91121104e-004 0.
    1.03681916e-004 0. 0. 0. 0. 0. 0. 0. 1.91371597e-003
    -2.00479827e-003 8.83366819e-003 0. 0. 0. 7.79891387e-004 0. 0. 0.
    1.79475360e-003 2.96481280e-003 0. 1.63839126e-004 0. 0. 0.
    4.58870316e-003 0. 7.79163279e-003 0. 0. 4.67464421e-003
    2.07039458e-003 0. 1.12987624e-003 0. 0. 0. 1.06247736e-003 0.
    3.68452806e-004 0. 0. 0. 0. 0. 2.31617084e-003 1.26470474e-003
    1.68457103e-003 0. 1.43947056e-003 0. 5.04998676e-003
    9.90499160e-004 0. 0. 3.16289486e-004 0. 0. 1.59750436e-003
    2.66250130e-003 0. 0. 5.11240738e-004 0. 5.93497837e-003 0.
    5.75011875e-003 0. 7.57675851e-003 0. 0. 0. 4.96212021e-003
    3.08886031e-003 0. 0. 3.27609968e-003 0. -4.74532408e-006
    5.58525324e-004 0. 0. 0. 2.86811800e-003 2.36863201e-003 0. 0.
    6.45150896e-004 0. 0. 0. 3.11306259e-003 0. 0. 0. 1.91564264e-003 0.
    1.51305518e-004 0. 4.93816845e-003 -7.37813592e-004 0. 0.
    4.03988000e-004 0. 6.66722469e-003 1.40830257e-003 4.12087794e-003
    7.27921142e-004 0. 1.53630576e-003 0. 2.38121604e-003 0.
    2.57345452e-003 5.12699457e-003 4.01819852e-004 0. 0. 0. 0.
    -1.20939990e-003 9.38799814e-004 5.90780703e-003 2.53406912e-003 0.
    2.71098572e-003 1.09940418e-003 0. 0. 0. 2.85133719e-004 0. 0.
    -2.29422512e-004 0. 0. 3.59793473e-003 0. -1.42904333e-004 0. 0.
    1.23812421e-003 0. 0. 0. 3.31293006e-004 4.76359064e-003 0. 0.
    3.04916617e-003 1.70335278e-003 0. 3.93004948e-003 1.94813102e-003
    0. 0. 1.11671921e-003 0. 0. 2.60417262e-004 2.72944453e-003 0.
    1.23046897e-003 5.11765247e-004 0. -2.97712919e-004 0.
    4.83706780e-003 0. 0. -3.20537401e-005 0. 0. 0. 0. 0. 0. 0.
    4.81862435e-003 2.16768007e-003 2.80089118e-003 0. 6.31455239e-003
    0. 7.79093534e-004 0. 0. 0. 1.45825453e-003 2.55898549e-003 0.
    2.23452551e-003 0. 2.25101062e-003 6.68364018e-003 0. 0. 0.
    -4.69178456e-004 2.57083052e-003 1.83729012e-003 0. 0. 0.
    6.66547148e-003 9.59315919e-004 0. 1.78080297e-003 0. 0.
    1.80835905e-003 7.39523210e-003 0. 3.46089806e-003 0.
    1.31843856e-003 9.14650911e-004 0. 0. 0. 0. 0. 1.84515317e-003 0.
    5.65424969e-004 7.75682740e-004 0. 0. 0. 0. 0. 2.96939979e-004 0. 0.
    4.18115174e-003 0. 0. 2.79639103e-003 0. 2.54716817e-003 0. 0. 0. 0.
    0. 0. 0. 0. 0. 0. 3.62939341e-003 0. 0. 0. -1.15341810e-003 0.
    5.02511952e-003 0. -2.32802704e-003 2.79146992e-003 0. 0.
    3.25602060e-003 3.26388865e-003 0. 0. 0. 0. 0. 0. 0. 1.45329337e-003
    0. 1.10233748e-004 0. 0. 1.93570449e-003 0. -9.71896341e-004 0. 0.
    3.90122033e-004 1.09011272e-003 4.03507007e-003 2.92003737e-003 0.
    1.65588490e-003 0. -5.64476613e-005 1.50472438e-003 0.
    -1.06406887e-003 -9.90246845e-005 2.44339323e-003 0. 0.
    -8.53324018e-004 1.09983410e-003 4.58174531e-004 2.56705401e-003 0.
    9.41813923e-004 1.24470145e-003 0. 4.82465979e-003 0.
    8.56490433e-003 0. 0. 0. 0. 0. 0. 0. 0. 0. 0. 2.44817277e-003 0.
    1.25989085e-003 0. 0. 1.97972800e-003 0. -1.32153305e-004
    1.08529348e-003 0. 0. 0. 0. 0. 5.38159581e-003 0. 0. 1.75752956e-003
    2.93242815e-003 0. 0. 0. 0. 0. 1.86999456e-003 0. 0. 2.56513571e-003
    -3.13982251e-004 0. 0. 0. 0. 0. 1.18462858e-003 2.54558399e-003
    1.55419093e-006 0. 0. 0. 0. 0. 0. 0. 1.96615676e-003 1.13273077e-002
    0. 1.14538381e-003 0. 0. 0. 2.06293259e-003 6.37393305e-003
    -1.17691618e-003 0. 0. 9.27235349e-004 0. 0. 2.70436890e-003 0. 0.
    -1.47318689e-003 2.34422064e-003 0. 3.38684372e-003 6.53342670e-003
    3.20175407e-003 1.63558507e-004 0. 0. 0. 7.74898857e-004 0.
    -3.73482442e-004 0. 0. 7.17595627e-004 -5.06044948e-004
    1.04246130e-002 5.30450651e-003 0. 0. 3.37056885e-003 0.
    1.93946215e-003 -1.30958506e-003 4.51463461e-003 6.04537316e-003
    2.61025649e-004 4.87763864e-005 0. 0. 0. 3.29480064e-003
    6.00839546e-003 8.08914471e-003 1.77980075e-003 -7.50890817e-004 0.
    0. 0. 0. 0. 0. 8.12458748e-004 2.35976721e-003 0. 0. 0.
    -4.23285383e-005 1.30141410e-003 0. 0. 0. 7.23521342e-004
    1.10165915e-002 1.22847222e-003 0. 1.64066423e-002 0.
    -8.82140943e-004 0. 0. 0. 0. 0. -6.04350818e-004 0. 0.
    -5.00996422e-004 0. 0. 0. -4.32557048e-004 3.36278044e-003
    3.46606917e-004 0. 0. 4.93674423e-004 0. 1.17539498e-003
    3.01002059e-003 0. 0. 0. 1.68475695e-003 8.22341011e-004 0.
