<?xml version="1.0"?>
<opencv_storage>
<imageDescriptor type_id="opencv-matrix">
  <rows>1</rows>
  <cols>1000</cols>
  <dt>f</dt>
  <data>
    0. 7.54966401e-004 0. 3.44207534e-003 5.31670032e-003
    5.18072536e-003 1.40529359e-003 0. 0. 2.47865007e-003 0. 0. 0. 0. 0.
    3.69718880e-004 0. 0. 0. 0. 7.11506873e-005 1.37779338e-003
    4.20199381e-003 0. 0. 0. 1.29335106e-003 7.36659742e-004
    3.66985588e-003 0. 7.96060311e-004 2.16274243e-003 -1.26497436e-003
    0. 0. 2.37758650e-004 0. 0. 0. 0. 5.83891058e-004 0. 2.92417174e-003
    1.16270985e-002 -7.90853053e-004 1.21075229e-003 0. 0.
    2.71001528e-003 0. 5.49156044e-004 2.07571872e-003 0. 0. 0. 0.
    1.06182613e-003 4.96963691e-003 -5.61551715e-004 -1.52909558e-003
    -2.42411334e-004 1.83629082e-003 9.82357655e-004 0. 1.28446042e-003
    0. 0. 0. 1.62264833e-003 3.18630598e-003 1.55106082e-003 0.
    3.76380654e-003 -7.59029994e-004 2.74956779e-004 0. 0.
    2.05547153e-003 0. 0. 0. 3.38987540e-003 3.16003570e-003
    2.10983469e-003 0. 1.66867033e-003 0. 0. 4.17602109e-003
    2.08642986e-003 6.12280739e-004 0. 1.32143917e-003 -1.51007844e-003
    0. -5.17394976e-004 0. 2.72900361e-004 7.81091116e-003 0.
    7.78523332e-004 9.90593689e-004 0. 0. 3.67173320e-003 0.
    -4.71269275e-004 5.86872734e-003 0. 2.04656948e-003 0. 0. 0.
    8.07224214e-003 1.87253067e-003 0. 0. 5.50366647e-004
    8.17781035e-003 0. 3.87510378e-003 0. 0. 9.52507951e-004
    5.32228127e-003 0. 0. 0. 0. 1.12223660e-003 3.50596965e-003
    1.17867894e-003 2.23586732e-003 1.30299618e-003 2.90456554e-003
    -4.75785288e-004 4.70550112e-005 0. 3.16291262e-005 1.50248013e-003
    0. 0. 0. 8.28455552e-004 0. 0. 0. 0. 0. 0. 0. -1.29866981e-004
    2.93806219e-003 0. 0. -1.27901568e-003 6.02511363e-003 0.
    8.08021799e-003 4.34878701e-003 0. 0. 0. 0. 1.71114772e-003
    4.34664125e-003 0. 2.60483846e-003 4.38748044e-004 0. 0.
    1.14343734e-003 0. 0. -9.85216902e-005 0. 3.98859847e-003 0. 0.
    4.22229292e-003 0. 0. 9.91042834e-005 0. 1.35792373e-003
    -1.14738231e-003 0. 0. 2.03567976e-003 0. -5.54628554e-004 0.
    2.32255599e-003 1.22930866e-003 0. 0. 1.43591000e-003 0.
    1.35484664e-003 -1.77948736e-004 0. 3.12427850e-003 -1.04758225e-003
    4.85654967e-003 0. 2.69704289e-003 0. 0. 1.88622286e-003
    4.21845267e-004 5.68986591e-003 0. 8.23956542e-003 0. 0.
    1.02959340e-003 0. 0. 4.75587323e-003 -7.22266908e-004
    -6.55723852e-004 0. 1.34901749e-003 0. 0. 5.51873472e-006
    3.09045194e-003 0. 0. 0. 7.09469314e-004 0. 0. 2.72598205e-004 0. 0.
    2.43807491e-003 0. 6.13280991e-003 7.42599426e-004 0. 0. 0.
    4.19153366e-003 0. 2.80772173e-003 0. 0. 0. 0. 0. 1.69587217e-003
    2.52731168e-003 -1.10271259e-003 0. 0. 0. 0. 0. 3.86115257e-003 0.
    0. 0. 0. 0. 1.92269741e-003 0. 0. 2.24289810e-003 0. 0. 0.
    1.27810857e-003 -2.56293709e-003 0. 3.70252179e-004 5.42138983e-003
    -2.79654702e-003 0. 0. 5.84720285e-004 9.36561119e-005
    1.30006031e-003 0. 0. 0. 0. 4.93959896e-003 4.55411244e-003
    3.95656517e-003 -1.61695224e-003 0. 4.56425361e-004 0. 0.
    3.16003431e-003 0. 3.14395293e-004 2.40656640e-003 2.17818728e-004
    4.87095490e-003 1.15724733e-005 -3.58559948e-004 1.51768938e-004
    6.07374997e-004 8.43293034e-004 0. 6.23329030e-003 0. 0. 0. 0. 0.
    1.20566657e-003 0. 0. 7.51655689e-003 2.56494130e-003 0.
    1.42018602e-003 0. 4.92632855e-003 0. 1.58530439e-003
    -1.42070488e-003 -1.70304801e-003 6.09368260e-004 8.44396709e-004 0.
    2.29466148e-003 0. 2.36312160e-003 4.64747567e-003 -6.49911293e-004
    0. 0. 0. 1.57117844e-003 0. -1.70212603e-004 0. 1.71154167e-003
    2.52175564e-003 0. 1.73877436e-003 6.39926735e-003 5.48397470e-003
    6.13917073e-004 -3.04772588e-003 6.36541611e-003 0. 0. 0.
    7.44432793e-004 0. 1.05053198e-003 0. 1.74972601e-003
    1.20184210e-003 1.06361117e-002 7.51747924e-004 9.07299982e-004
    2.94551579e-003 0. 2.51870346e-003 -1.79525523e-004 3.07619484e-004
    0. 8.93133038e-005 8.59495594e-006 3.56223434e-003 0.
    1.04743405e-003 0. 1.69978046e-003 2.93213787e-004 0.
    3.45676509e-003 4.35082438e-005 4.92772204e-004 0. -2.28831242e-003
    0. 5.15372911e-003 -1.45804102e-003 0. 0. -3.37769603e-003 0. 0.
    2.76820455e-003 1.29777007e-003 4.40097135e-003 3.71111813e-003 0.
    0. 6.32661115e-003 2.01546145e-003 -6.30231225e-004 0.
    3.17007024e-003 3.58116371e-003 7.93855943e-005 0. 0.
    1.05135050e-003 0. 2.75862985e-003 0. 0. 2.13424698e-003 0. 0.
    7.03745318e-005 0. 0. 0. 0. 0. 0. -5.60696571e-005 0. 0.
    4.17453516e-003 0. 0. 0. -4.68759299e-006 0. 0. 0. 4.40710748e-004
    1.30199436e-002 1.59143331e-003 0. 3.09024425e-003 1.52400450e-003
    0. 0. 0. -1.62730037e-004 2.12423876e-003 0. 0. 0. 0. 0.
    -7.05168059e-004 1.42306334e-003 1.23256340e-003 0. 9.85011924e-004
    5.71781350e-003 0. 0. -3.92825277e-005 5.81382134e-004
    1.04711857e-003 4.34428221e-003 0. 0. 1.49365084e-003
    3.61512275e-003 1.62777514e-003 0. 2.62427307e-003 1.98052707e-003
    0. 1.19008438e-003 0. -4.12328460e-004 0. 2.39819102e-003 0.
    -1.90948520e-003 0. 4.33874055e-004 0. 5.19622874e-004 0.
    -9.88014392e-004 5.79022337e-003 0. 0. 7.41330581e-003 0.
    -8.19613109e-004 5.37624815e-003 -8.80793596e-005 1.08109636e-003
    1.73323564e-002 0. 0. 9.06805450e-004 4.79196133e-005
    3.13883764e-003 0. 0. 0. -3.27247265e-003 0. -7.64423225e-004 0. 0.
    1.45383226e-003 0. 4.70159203e-003 0. -1.36820378e-003 0.
    -7.55093515e-006 -4.83004638e-004 0. 0. 7.07202067e-004
    8.69037583e-004 1.02540874e-003 0. 1.17149891e-003 2.24177330e-003
    9.03382245e-003 7.78226007e-004 4.61158837e-004 2.70368694e-003 0.
    8.74053745e-004 2.73493095e-003 4.03931655e-004 0. 0. 0.
    -5.62259345e-004 0. 0. 2.31359480e-003 0. 0. 1.35606027e-003 0.
    -4.67353006e-004 0. 3.39177973e-003 0. 1.29342545e-003
    3.29156581e-004 0. 0. 0. 0. 0. 0. 7.95345870e-004 3.58672184e-003
    2.97610019e-003 3.48554039e-003 0. 9.63880029e-003 3.47813102e-003
    1.35201344e-003 0. 1.05640653e-003 0. 4.59511392e-003
    -5.73494064e-004 2.56464910e-003 0. 2.52647093e-003 6.68572611e-004
    0. 0. -5.96633705e-004 2.30986252e-003 3.35984398e-003 0. 0. 0. 0.
    1.08035444e-003 2.56957859e-003 0. 0. 1.53524720e-003 0. 0. 0. 0.
    1.55466876e-003 3.88176093e-004 0. 3.17732454e-003 1.48239359e-003
    1.99675723e-003 0. 1.81540570e-004 0. 6.75417250e-004
    7.09857885e-003 3.11438460e-003 0. 1.49271882e-003 0. 0.
    4.11676476e-003 1.04573264e-003 1.55144790e-003 0. 0. 0.
    2.49455986e-003 0. 7.89076649e-003 -1.30805629e-003 4.20704996e-003
    0. 0. 0. -5.63778449e-004 0. 7.67993275e-004 0. 0. 1.79000187e-003
    0. 3.24625266e-003 4.27554874e-003 2.50533572e-003 0.
    1.25135425e-002 0. 3.42338183e-003 2.42238375e-003 2.59584468e-003
    4.83962661e-003 6.13401877e-003 0. 1.00597518e-003 3.19037796e-003
    0. 1.27006473e-003 -1.69065504e-004 0. 2.28858972e-003
    2.03644554e-003 1.03903434e-003 0. 6.62854931e-004 2.30245828e-003
    0. 5.07496821e-004 0. 0. 1.06892327e-003 0. 4.03775659e-004
    2.02091457e-003 0. 1.04944408e-003 0. 1.59217173e-003 0.
    1.85766432e-003 1.24857482e-003 0. 0. 0. 2.45638355e-003 0. 0.
    3.40322824e-003 0. 2.62308354e-003 0. 0. 0. 0. 0. 0. 0.
    1.90816133e-003 0. 0. -5.09011115e-005 9.36353486e-003 0. 0.
    2.02816166e-003 1.44879194e-003 0. 1.68988830e-003 7.14323542e-004
    0. 0. 0. -1.39648956e-003 0. 0. 0. 1.56845129e-003 0.
    -2.40149922e-004 0. 5.07016899e-004 -3.69261514e-004 5.66225406e-003
    1.96887902e-003 0. 1.55048247e-003 2.45275581e-003 0. 0.
    2.60027940e-004 0. 0. 0. 7.82824296e-004 5.56845160e-004 0.
    3.86642321e-004 0. 1.40738103e-003 4.43436438e-003 -1.03625207e-004
    0. 2.64235050e-003 2.83991895e-003 1.26744178e-003 1.76624267e-003
    -2.96574843e-004 0. 0. 2.76352558e-003 0. 0. 0. -3.26207955e-004
    1.10548444e-003 3.87466769e-003 2.10101111e-003 0. 0. 0.
    1.51063129e-003 0. 0. 3.73962335e-003 -2.93510081e-003 0.
    -8.63770110e-005 1.50454312e-003 0. 2.90899444e-003 1.45592168e-003
