<?xml version="1.0"?>
<opencv_storage>
<imageDescriptor type_id="opencv-matrix">
  <rows>1</rows>
  <cols>1000</cols>
  <dt>f</dt>
  <data>
    7.43001886e-003 0. 0. 0. 0. -2.65220343e-003 9.70407855e-004 0.
    1.72928337e-003 0. 0. 1.09253451e-003 0. 0. 1.61249551e-003 0. 0. 0.
    8.24928097e-003 1.59015052e-003 0. 4.74671106e-004 0. 0.
    -1.64962886e-003 0. 0. 0. 0. 0. 0. 0. 0. 1.23706274e-003
    2.68544722e-003 3.63744190e-003 -1.92806206e-003 -1.60115527e-003 0.
    8.31069890e-003 8.49736563e-004 8.03729708e-005 -4.22898011e-004 0.
    0. 0. 6.82992069e-003 1.59973264e-004 0. 2.27192417e-003
    1.10105909e-002 2.52320711e-003 2.62061716e-003 0. 0. 0. 0. 0. 0.
    1.64403033e-003 0. 0. -1.01431142e-004 0. 2.39345781e-003
    2.13982933e-003 7.65174534e-003 -3.52989795e-004 0. 0.
    3.40511627e-003 0. -7.38884628e-005 1.88914302e-003 0. 0. 0.
    2.48753605e-003 0. 0. 1.22780562e-004 0. 0. 0. 2.40040640e-003
    6.64832164e-003 0. 1.64717366e-003 2.76896208e-005 1.23014778e-003
    0. 0. 0. -1.55869464e-003 0. 3.05731432e-003 0. 5.39220823e-003
    4.01214277e-003 0. 0. 0. 0. 1.10574416e-003 7.11423298e-003 0. 0. 0.
    8.49818345e-004 0. -1.04353065e-003 7.63835385e-003 0. 0. 0. 0. 0.
    0. 0. 1.71869574e-003 3.90470307e-003 2.09587184e-003 0. 0.
    4.42502694e-003 2.63138878e-004 0. 2.14392925e-003 0.
    2.39584688e-003 0. 0. 0. 1.36684126e-003 0. -3.51604649e-006
    2.09536724e-004 0. 2.23561935e-002 1.87880197e-003 0.
    2.56077293e-003 6.25666929e-004 0. 0. -2.45965668e-003 0. 0.
    3.55485152e-003 -1.13653778e-006 1.27831399e-002 0. 0. 0. 0.
    1.67188875e-004 1.51552609e-003 3.69352801e-003 0. 2.60710309e-004
    0. 5.91365155e-003 0. -1.90606178e-003 9.93428766e-005
    3.83210764e-003 0. 5.15286019e-003 0. 0. 0. 0. 0. 0. 3.64040243e-005
    0. 8.56552180e-003 9.39446967e-003 2.10750359e-003 0. 0.
    -3.92639602e-004 3.38098896e-003 0. 0. 2.70496093e-004
    -2.42692186e-004 0. 0. 0. 0. 0. 0. 0. 0. 6.26910361e-004
    -1.74116940e-004 0. 1.21364300e-003 -2.81629502e-004 0.
    5.66585781e-003 6.92407507e-003 1.49383827e-003 0. 1.76764152e-003
    0. 0. 0. 2.86511797e-003 0. 8.93083925e-004 0. 0. 0. 8.57347623e-004
    0. 0. 0. 0. 0. 0. 0. 0. 0. 1.80331839e-003 1.07653383e-002
    -7.21680291e-004 0. 5.24643809e-003 0. 0. 0. 5.80004510e-003 0. 0.
    6.74679363e-003 0. 4.63344855e-003 0. 0. 2.25695269e-003 0. 0.
    -3.04821227e-003 1.98851712e-003 1.71910704e-003 1.02995173e-003 0.
    -8.20204557e-004 0. -4.05504252e-004 1.50131282e-005 0. 0.
    -8.18419794e-004 0. 2.32906360e-003 0. 0. 0. 0. 3.46543803e-003 0.
    0. 0. -1.59830146e-003 0. 2.52005481e-003 3.20876855e-003 0.
    2.75302539e-003 9.26587451e-003 0. 0. 3.92785482e-003 0.
    8.92858836e-004 0. 2.33981293e-003 0. 0. 1.08926084e-004
    7.17750750e-003 0. 7.87545578e-004 0. 0. 2.47911504e-003
    9.04407425e-005 0. 0. 0. 2.06137472e-003 -2.34349538e-003 0. 0. 0.
    0. 1.17852050e-003 0. 0. -6.52333183e-005 0. 2.82248599e-003 0. 0.
    0. 0. 2.93957838e-003 0. 0. 1.95498695e-003 1.53932068e-003
    1.64480377e-002 3.76227382e-003 0. 9.69865534e-004 0.
    4.50865179e-003 0. 2.82550999e-003 0. 7.34297500e-004
    1.46744214e-003 0. 3.61994928e-004 1.13121010e-002 0.
    -1.96661311e-003 0. 0. -2.14594649e-003 0. 0. 0. 9.15174722e-004 0.
    0. 0. 0. 0. 0. 0. 0. 0. 9.58455086e-004 0. 3.66836786e-003 0.
    9.80816223e-003 -2.93346471e-004 0. 0. 0. 0. 1.81607134e-003
    6.44917076e-004 0. 5.09107858e-003 0. 0. 0. 0. 0. 0. 3.01488489e-003
    -2.20108125e-003 5.76429674e-003 0. 0. 1.18432718e-003
    3.28824599e-003 0. 9.75292292e-004 1.23611314e-003 4.28646384e-003
    8.49483442e-003 0. 0. 1.81065325e-003 0. 0. 0. 0. 0. 0. 0.
    1.28770107e-003 1.82005996e-003 6.24845922e-003 7.63957814e-006 0.
    0. 0. 2.70591280e-003 2.23231837e-004 1.23959011e-003 0. 0.
    1.93137373e-003 0. 0. 0. 4.21590032e-003 2.85025709e-003
    4.54421714e-003 0. 3.19390488e-003 5.41041140e-004 0. 0.
    5.53319929e-003 0. 0. 6.30736072e-003 0. 0. 1.86364108e-003 0. 0. 0.
    0. 0. 5.18369302e-003 0. 7.26615603e-004 0. 2.78729666e-003
    3.87926726e-003 1.07509282e-003 0. 1.54847652e-003 5.07731689e-004
    4.86373948e-003 3.82083864e-003 -6.22826512e-004 0. 3.79319675e-003
    0. 0. 1.34701731e-005 3.49026686e-003 0. 0. 0. 0. 1.11594331e-003 0.
    2.70969421e-003 0. 0. 3.10371700e-003 5.25265839e-003 0. 0.
    2.80529074e-003 0. 0. 1.59919332e-003 0. 0. 3.94183490e-003 0. 0. 0.
    6.05053082e-003 0. 0. 0. 2.00121176e-005 1.11927232e-003 0. 0. 0.
    1.50224685e-006 9.02922067e-004 0. 4.07471135e-003 0. 0.
    1.64791546e-003 1.09715946e-002 1.47724536e-003 0. 1.13355683e-003
    4.13001189e-003 0. 0. 0. 0. 0. 0. 0. 0. 0. 0. 9.55013616e-004 0.
    1.53024704e-003 1.26089621e-003 0. 2.09110579e-003 0. 0.
    5.80379623e-004 0. 3.77606624e-003 0. 0. 6.86204527e-004 0. 0. 0.
    8.05598404e-003 0. 0. 0. 0. 0. 8.18510132e-004 0. 0. 1.13265174e-004
    7.95989390e-003 0. 0. 0. 0. 2.40810355e-003 0. 2.35649408e-004 0. 0.
    0. 0. 5.50380396e-003 0. 0. 0. 0. -3.23109818e-003 0.
    5.26960241e-004 0. 2.85577122e-003 0. 0. 0. 0. 0. 0. 3.46393837e-003
    0. 0. 4.49649477e-003 1.02478801e-003 1.69789291e-003
    1.21138303e-003 0. 1.02645613e-003 0. 0. 1.05930667e-003 0. 0. 0.
    1.20579507e-002 0. 0. 0. 3.95698659e-003 0. 7.80096650e-003 0. 0. 0.
    0. 0. 0. 0. 0. 0. -3.22000938e-004 2.00311490e-003 7.48936459e-003
    0. 0. 1.36457477e-003 1.17913797e-003 7.46619946e-004 0. 0. 0. 0. 0.
    -1.09477885e-004 1.31705999e-002 0. 6.94870309e-004 0.
    1.87901140e-003 6.12601126e-003 0. 0. -1.96874782e-004 0.
    -9.24546097e-004 7.33538414e-004 -4.22027602e-004 0. 1.95656181e-003
    0. 7.42695411e-004 0. 1.56747235e-003 0. 0. 0. 0. 1.71791762e-003
    5.90196461e-004 0. 4.32258518e-003 6.71598769e-004 1.91507256e-003
    0. 3.43210017e-003 0. 2.81543867e-003 -8.87840171e-004
    2.89308606e-003 0. 0. 4.37146658e-003 0. 0. 0. 0. 4.04095789e-003 0.
    1.83565170e-003 2.50993087e-003 0. 0. 0. 0. 0. 0. 6.59519108e-003 0.
    0. -1.57492398e-003 0. 0. 0. 0. 8.26611090e-003 9.69781447e-003 0.
    1.56229618e-003 1.04737235e-003 0. 0. 0. 0. 0. 0. 0. 0.
    1.94216694e-003 -4.98886802e-004 1.48428860e-003 1.02479558e-003
    -2.33754428e-004 0. 0. 1.45481632e-003 0. 5.45586401e-004 0. 0. 0.
    0. 1.72527053e-003 9.22155450e-004 -3.03869694e-003 0. 0. 0.
    7.78144575e-004 0. 0. 0. 0. 0. 0. -6.39916514e-004 0. 0.
    -5.42702433e-003 1.29137468e-003 4.17306507e-003 0. -3.17917508e-003
    6.92336494e-003 3.84466536e-003 0. 0. 0. 0. 0. 5.20035392e-003 0. 0.
    0. 0. 8.13962310e-004 0. 0. 0. 0. 0. 0. 0. 0. 0. 0. 3.76866991e-003
    3.06584127e-003 6.70015439e-003 0. 0. 0. 0. 0. 0. 1.43542117e-003 0.
    2.65197805e-003 0. 0. 5.63290669e-003 1.79033505e-003 0. 0.
    5.81705128e-004 5.84412040e-003 0. 0. 0. 0. 0. 0. 0. 0. 0. 0.
    6.33629330e-004 0. -5.02744806e-004 0. 0. 6.92631956e-003 0. 0. 0.
    -5.66093659e-004 1.29871732e-002 0. 0. 0. 0. 0. 7.41205178e-003 0.
    2.45325617e-003 0. 0. 0. 1.96839171e-003 3.77437426e-003 0.
    4.50778589e-006 0. 0. 0. 3.47142480e-003 2.91256583e-003
    2.15630699e-003 0. 0. 0. 0. 0. 6.10213634e-003 0. 0. 0. 0. 0.
    -6.11807511e-004 0. 0. 5.69879659e-004 0. 0. 0. 0. 2.52877083e-003
    0. 0. 0. 7.55865593e-004 6.07161317e-004 0. -1.70796784e-003
    1.71943847e-003 3.29116301e-004 1.02607440e-003 0. 2.24122009e-003
    0. -1.92422827e-004 0. 9.27189656e-004 0. 9.38184559e-004 0. 0.
    1.00390927e-003 0. 0. 0. -5.84767200e-004 0. 0. 6.07412914e-003 0.
    5.63914982e-005 3.62369162e-003 -1.63250916e-005 4.29742411e-003
    2.11704080e-003 0. 1.24956276e-002 5.63260983e-004 0.
    6.90612989e-003 -1.39082153e-003 0. 0. 0. 0. 2.89818435e-003
    5.47876302e-003 0. 3.00513726e-004 1.20614830e-003 1.77134352e-003
    0. 0. -7.37456605e-004 -1.37809708e-004 0. 0. 4.15448472e-003
    2.42733792e-003 0. 0. 1.64759916e-003 0. 0. 0. 0. 1.43965858e-003 0.
    7.15353666e-003 -8.01840564e-004 0. 1.25726208e-003 1.50786553e-004
