<?xml version="1.0"?>
<opencv_storage>
<imageDescriptor type_id="opencv-matrix">
  <rows>1</rows>
  <cols>1000</cols>
  <dt>f</dt>
  <data>
    0. 0. 0. 0. 0. 0. 0. -8.90207128e-004 0. 6.76466990e-003 0. 0.
    6.65554311e-003 0. 0. 0. -2.25904910e-003 0. 0. 0. -1.65645615e-003
    0. 6.24525594e-004 0. 0. 0. 0. 0. 0. 1.28023699e-003 2.38104747e-003
    5.88782970e-003 -1.88205286e-003 8.32147489e-004 5.44394599e-003
    2.63907597e-003 0. 3.14545445e-003 0. 0. 0. 6.49574818e-003 0. 0.
    4.92771249e-003 0. 0. 0. -1.28746510e-003 0. -6.00276224e-004
    2.51473067e-003 0. 3.80992750e-003 0. 0. 0. 3.88582028e-003 0.
    -5.43684582e-004 0. 1.39883498e-003 0. 1.30352599e-003 0. 0. 0. 0.
    -2.75970483e-003 2.25146394e-003 0. 0. 4.55733249e-003 0. 0. 0. 0.
    1.34277303e-004 0. 0. 0. 3.19450423e-002 1.04580019e-002
    4.02298028e-004 0. 8.82530026e-003 0. -1.58525724e-003 0. 0. 0. 0.
    2.57619563e-003 0. 0. 0. 0. 0. 0. 1.43948141e-002 0. 0. 0.
    7.34601053e-004 1.29990058e-003 0. -7.21569988e-004 2.01922096e-003
    0. 0. 1.30833138e-003 0. 0. 0. 3.39488871e-003 0. 0. 0. 0. 0.
    -3.00279527e-004 0. 7.88307749e-004 0. 2.76114373e-003
    2.05421215e-003 0. 0. 0. 0. 3.10082827e-003 0. 0. 0. 2.59429170e-003
    0. 0. 5.07065793e-004 -1.40212174e-003 0. 3.65455612e-003 0.
    2.94478401e-003 0. 1.94262469e-003 6.63797837e-004 0.
    1.38054742e-002 6.76694373e-003 0. 0. -3.09713389e-004 0. 0.
    1.68523798e-003 -2.31946539e-003 1.47780345e-003 4.68433462e-003 0.
    0. 0. 0. -8.11650325e-003 2.98866304e-003 0. 0. 2.40077241e-003 0.
    0. 2.44270125e-003 2.92299432e-003 0. 0. 5.53159392e-004 0. 0. 0. 0.
    0. 4.13900288e-003 0. 0. 0. 0. 0. -8.93403485e-004 4.77041909e-003
    2.12763879e-003 0. 0. 1.40367337e-002 3.16303503e-003
    1.91891810e-003 0. 0. 0. -9.25262168e-004 0. 4.54956433e-003 0. 0.
    4.72239358e-003 9.15596168e-003 0. 9.72854346e-003 0.
    2.64579523e-003 -1.14053302e-003 0. 0. 3.69625958e-003 0. 0. 0. 0.
    0. 2.88978196e-003 0. 4.24956763e-003 0. 9.95664299e-003 0. 0. 0.
    1.68119092e-003 -4.42985445e-003 0. 9.31419432e-004 3.27201886e-003
    0. 0. 0. 0. -1.68964709e-003 0. 0. 0. 0. 0. 0. 0. 0.
    -7.51881115e-003 0. 0. -6.07760437e-003 0. 0. 7.77849345e-004 0. 0.
    0. 0. 0. 0. 0. 0. 0. 0. 0. 0. 0. 3.18800029e-003 0. 1.04280177e-003
    0. 0. 0. 0. 3.37586785e-003 0. 0. 1.49559404e-003 -1.22711039e-003
    0. 0. 1.16227074e-002 2.07394222e-003 0. 0. 1.34130672e-003 0. 0.
    3.64187802e-003 0. 0. 0. 0. 0. -1.25170045e-004 1.55517977e-004 0.
    1.21967355e-003 0. 0. 0. 1.47574872e-003 0. 2.53547705e-003 0.
    1.82901777e-003 0. 0. 0. 0. 0. 7.11765839e-003 0. 0.
    -1.09717727e-003 0. 2.11002887e-003 0. 0. 0. 0. 0. 2.53789290e-003
    0. 5.30602783e-003 0. 0. 0. 0. 0. 3.59928701e-003 0. 0. 0.
    -1.86650781e-004 5.85043989e-003 0. 0. 0. 3.99530213e-003 0. 0.
    1.38621579e-003 0. 1.63562894e-002 -9.73110960e-004 0. 0.
    3.86792189e-003 3.25802644e-003 0. 0. 0. 0. 0. 0. 0. 0. 0. 0. 0. 0.
    0. 0. 0. 0. 0. 0. 3.74482269e-003 4.87228669e-003 0. 0.
    1.38989137e-002 0. 0. 3.02108750e-003 0. 3.97230545e-003 0.
    1.20863076e-002 9.57888260e-004 0. 7.61974417e-003 2.26757419e-003
    0. 0. 0. 0. 6.52418658e-003 0. 0. 1.14510860e-003 0. 3.41080315e-003
    1.32513475e-002 0. 0. 0. 0. 1.60482910e-003 -1.89293653e-003
    1.08214968e-003 0. 0. 0. 0. 0. 1.31189497e-003 0. 0. 4.20351792e-003
    0. 3.29528237e-003 0. 0. 4.15675621e-003 1.77039043e-003 0. 0. 0.
    2.35744007e-003 1.84962321e-002 -4.96858614e-004 0. 0.
    2.49346578e-003 -1.00000543e-004 0. 5.23766410e-003 0. 0.
    4.38864203e-003 -1.64622779e-003 0. 0. 4.26910236e-004 0.
    1.26880156e-002 -1.00506388e-003 0. 0. 4.13708389e-003
    1.37981051e-003 0. 0. 4.76142205e-003 9.23876464e-003 0.
    5.07135817e-004 6.32741675e-003 0. 0. 0. 7.19408737e-004 0. 0. 0. 0.
    0. 0. 0. 1.94598222e-003 0. 1.66162185e-003 0. 0. 0. 0. 0. 0.
    2.08204193e-003 1.20805874e-002 0. 0. 2.53330567e-003 0. 0. 0. 0.
    2.05386672e-002 1.81659055e-003 3.73780821e-003 2.98955652e-004
    1.25604924e-002 -2.95477337e-004 0. 0. 0. 0. 0. 0. 8.45707487e-004
    0. 0. 0. 0. 0. 0. 3.36353225e-003 5.42323757e-003 0. 0. 0.
    7.33567495e-003 0. 0. 2.62717390e-003 0. 3.65590118e-003 0. 0.
    -1.46014977e-003 0. 1.25559163e-004 0. 0. 0. 0. 2.18885997e-003
    3.08881208e-005 0. 0. 1.29846169e-003 4.95684566e-003
    -6.65885396e-004 0. 0. 0. 0. -2.93963309e-003 7.45559460e-004
    1.81252381e-003 0. 0. 0. 2.45725416e-004 0. 0. -5.47671178e-003 0.
    2.39969208e-003 0. 3.92902270e-003 0. 4.89396509e-004 0. 0. 0. 0.
    2.16886008e-004 0. 5.76929830e-004 7.72513798e-004 0.
    -2.38422974e-004 0. 0. 0. 0. 0. 2.21605250e-003 0. 1.39572043e-002
    0. 0. 0. 0. 0. 0. 2.67689512e-003 0. 0. 0. 0. 2.67347135e-003
    5.70093095e-003 9.84843471e-004 0. -3.41693638e-004 0. 0.
    1.08712306e-002 0. 6.59754360e-003 0. 9.35097970e-003 0. 0. 0.
    4.52355423e-004 1.48022757e-003 8.01474729e-004 0. 0. 0. 0. 0. 0. 0.
    2.33968860e-003 2.76271813e-003 0. 0. -3.49435504e-005 0. 0.
    5.76368347e-003 0. 0. 0. 8.34920684e-006 0. 0. 0. 0. 4.15108027e-003
    0. 0. 7.26138568e-003 -1.23959815e-003 0. 0. 0. 0. 0. 0.
    -4.49012849e-004 0. 0. 0. 0. 0. 4.91130818e-003 0. 0. 0.
    8.39712657e-003 0. 1.49152742e-003 5.84984431e-003 5.97542059e-003
    0. 0. 0. 0. 0. 0. 7.60408398e-003 0. 0. 5.76112466e-003
    -1.73907273e-003 1.46716004e-002 0. 0. 0. 0. 0. 0. -1.47860998e-003
    2.65010726e-003 6.54847175e-003 0. 0. 0. 0. 0. 0. 1.72649196e-003 0.
    0. 1.17831314e-002 0. 0. 0. 1.95578020e-003 0. 1.01184203e-004
    1.68819190e-003 0. 0. 0. 0. 0. 1.23353559e-003 0. 3.01707024e-003
    1.17132701e-002 0. 4.10833210e-003 0. 0. 0. 0. 2.23603286e-003
    2.01570732e-003 0. 4.75471048e-003 7.65820383e-004 0.
    3.98553908e-003 3.28567997e-003 0. 0. 2.50766799e-003
    5.84281841e-003 0. 0. 1.16040721e-003 0. 0. 0. 0. 0. 0. 0. 0.
    1.99347828e-003 9.80102457e-003 0. 0. 0. 0. 0. 0. 0. 1.43639161e-004
    0. 0. 5.93877397e-003 0. 0. 0. 0. 2.38409871e-003 0. 1.79928684e-004
    0. 3.19190952e-003 5.35907224e-003 0. 0. 0. 0. 0. 0.
    -3.54835531e-003 0. 0. 0. 2.58305529e-003 2.30018748e-004 0. 0.
    1.47776632e-002 0. 0. 9.66554414e-003 7.91207640e-005
    -1.98497856e-003 3.63833760e-003 3.49027291e-003 0. 0. 0. 0. 0. 0.
    0. 0. 0. 0. 0. 0. 5.04998537e-003 0. 0. 0. 3.40196508e-004
    5.47436532e-003 -1.38097163e-003 0. 0. 0. 0. 0. 0. 0. 0. 0.
    3.30508919e-003 0. 0. -1.90219167e-003 0. 4.31930675e-004
    5.72570134e-003 0. 3.03582801e-003 0. 0. 0. 1.16161741e-002 0. 0. 0.
    0. 1.27158721e-003 0. 1.31479260e-002 0. 0. 0. 0. 0. 0. 0.
    -1.57380453e-003 0. -6.06166245e-003 0. -7.18994415e-004 0. 0. 0. 0.
    0. 0. 0. 0. 0. 0. -1.30750635e-003 0. -2.24175421e-003 0. 0. 0.
    3.39108380e-003 0. 3.67439678e-003 0. 6.10086182e-003
    2.40028463e-003 3.05561535e-003 0. 0. 0. 0. 1.83934683e-003
    7.70307332e-003 0. 2.67017214e-003 0. 0. 0. -1.22989761e-004 0. 0.
    0. 0. 0. 0. -6.19903032e-004 0. 0. 0. -1.57827686e-004 0. 0. 0. 0.
    0. 0. 0. 0. 0. 0. 0. 0. 1.49898045e-003 0. 0. 0. 6.66076958e-004 0.
    0. 3.38871032e-003 0. 0. -6.90390880e-004 -3.05391965e-004 0. 0. 0.
    0. 0. 0. 0. 0. 0. 0. 0. 0. 0. 0. 1.87741499e-002 4.22002887e-003 0.
    0. 0. 2.01494200e-003 0. 0. 1.73531775e-003 0. 0. 0. 5.12044644e-003
    0. 0. 3.56012397e-003 5.62451687e-003 0. 0. 0. 0. -8.86976137e-004
    7.62319565e-003 0. -8.85957736e-004 0. -5.15702530e-004 0. 0. 0. 0.
    0. 3.21835722e-003 0. 0. 5.84803801e-003 0. 0. 3.81828938e-003 0. 0.
    0. 0. 0. 0. 0. 0. 0. 0. 3.80918756e-003 0. 0. 4.83325683e-003
    6.59860577e-003 0. 0. 0. 0. 0. 5.51111531e-003 0. 0. 0. 0. 0. 0. 0.
    0. 0. 5.35957923e-004 0. 0. 0. 1.59346254e-003 0. 6.17060438e-003 0.
    0. 0. 0. 0. 0. 0. 9.87079577e-004 0. 0. 0. 5.06245159e-003
    -2.49646301e-003 1.41161762e-003 0. 0. 0. 0. 0. 0. -6.76615117e-003
    0. 0.</data></imageDescriptor>
</opencv_storage>
