<?xml version="1.0"?>
<opencv_storage>
<imageDescriptor type_id="opencv-matrix">
  <rows>1</rows>
  <cols>1000</cols>
  <dt>f</dt>
  <data>
    1.61636074e-003 2.44715996e-003 0. 2.19766516e-003 1.97129906e-003
    0. 1.96760846e-003 2.23247847e-003 1.93536968e-003 0.
    1.11479117e-002 0. -5.83269109e-004 0. 0. 4.76360205e-004
    2.40167992e-005 0. 0. 1.28144911e-002 0. 0. 0. 0. 0. 0.
    5.32553950e-003 -1.49612559e-003 0. 0. 1.18307769e-003
    -1.00749684e-003 3.66401230e-003 0. 1.34972902e-003 5.29434113e-003
    0. 0. 5.86511893e-003 0. 6.14059856e-003 7.57758599e-003 0.
    1.70177897e-003 2.51349225e-003 8.22429254e-004 -4.71772131e-004
    -5.57979220e-004 4.03983193e-003 3.27205705e-003 0. 6.85299467e-003
    1.55745319e-003 0. 0. 0. -4.82313102e-004 0. 0. 1.03640824e-003
    2.63049477e-003 9.05348570e-004 0. 0. 0. -2.74112681e-003
    1.20918639e-003 0. 0. -3.58531578e-003 0. 1.38855155e-003
    9.23619024e-004 0. 1.61845761e-003 0. 8.21111817e-003 0. 0. 0. 0.
    3.73339234e-003 0. 0. 0. 4.54770448e-003 -1.92844751e-003
    6.37869770e-003 1.06270695e-002 0. 0. 1.00739417e-003
    6.39342121e-004 0. -9.63799073e-004 0. 0. 0. -4.97663161e-004 0.
    2.81993463e-003 0. 3.88207799e-003 0. 0. 0. -7.01259472e-004 0. 0.
    0. -2.89697753e-004 -2.15376075e-003 0. 1.77536905e-003
    -1.82320038e-003 6.77805208e-003 0. 0. 0. -7.10391614e-004
    3.69306700e-003 1.78754120e-003 2.73217936e-003 0. 0.
    -6.39081525e-004 0. 0. 1.50850583e-005 2.13117758e-003 0.
    8.30677047e-004 0. 0. 0. 0. 0. 4.26599709e-003 0. 5.58444439e-003
    1.66790246e-003 0. 0. 0. 4.67151403e-004 0. 2.83728912e-003
    7.98102992e-004 2.14257441e-003 1.37391314e-003 0. 1.55824039e-003
    0. 3.23027722e-003 0. 0. 5.76123828e-004 1.56137999e-003
    2.26429105e-003 0. 0. 2.32008332e-003 0. 0. 0. 2.32429360e-003 0. 0.
    0. 1.20208436e-003 2.16405978e-003 0. 7.43912207e-003
    4.10435954e-003 0. 0. 0. 0. 0. 6.15391554e-003 0. 1.47459051e-002
    3.97137227e-003 0. 0. 0. 9.03340988e-004 0. 0. 0. 0. 4.97877039e-003
    0. 0. 0. 0. 0. 0. 0. 7.21191242e-003 0. 0. 0. 0. 0. 0.
    6.05154200e-004 0. -2.86458060e-004 0. 0. 0. -4.33128822e-004
    8.75758659e-003 0. 1.63398613e-003 1.09235551e-002 0.
    2.54120980e-003 3.59522831e-003 2.04093172e-003 0. 0. 0.
    2.73236772e-003 -4.28110623e-004 0. 0. 3.72078182e-004 0. 0.
    9.63683240e-004 -5.32664591e-004 2.43088137e-003 0. 0. 0. 0. 0. 0.
    9.41566750e-003 2.87424307e-003 0. 0. 1.23822218e-004 0. 0.
    1.35498564e-003 0. 0. 0. 1.30845490e-003 1.20383501e-003 0.
    1.48130720e-003 1.14592363e-003 0. 0. 0. 0. 3.18760111e-004 0. 0.
    -3.67518194e-004 0. 0. -1.46358972e-004 0. 0. 0. 0. 6.60326914e-004
    1.00581720e-002 0. 6.07823255e-003 0. 1.56081445e-003 0. 0. 0. 0.
    1.04952492e-002 8.24900751e-004 -9.00838466e-004 0. 0. 0.
    4.95584821e-003 1.57554320e-003 -2.78640888e-004 0. 4.16092249e-003
    0. 0. 0. 0. 0. 1.07492255e-002 6.81267073e-003 0. 7.06419232e-004
    -1.40772422e-003 0. 0. 0. 0. 0. 0. 0. 0. 0. 3.51830036e-003 0.
    -4.64913639e-004 0. 0. 0. 0. 0. 0. 0. 1.18655036e-003 0.
    1.56621123e-003 0. 2.25270237e-003 0. 0. 8.88679177e-003
    -4.34578722e-003 0. 2.60556792e-003 0. 0. 0. 0. 0. 0. 0. 0.
    5.22210402e-003 0. 4.79292270e-004 0. 1.63332175e-003 0.
    1.01311151e-002 0. 0. 0. 2.45778123e-003 0. 9.13473684e-003 0.
    -3.59189755e-004 0. 3.82197439e-003 0. 0. 1.69426110e-003
    2.52092071e-003 2.91855261e-003 0. 0. 7.77184381e-004 0. 0. 0.
    1.36036088e-003 0. 0. 0. -4.16868692e-003 8.86880606e-003 0. 0. 0.
    2.65672570e-003 0. 0. -2.78025545e-004 0. 1.07893134e-002 0. 0. 0.
    -2.84619717e-004 0. 0. 0. 1.49163604e-003 0. 1.92171149e-003 0.
    1.09002916e-002 0. 0. 0. 2.74002878e-003 0. 1.82850810e-003
    6.86071767e-003 0. 0. 0. 0. 0. -4.07232321e-004 0. 1.68556022e-003
    0. 2.34123832e-003 0. 9.12997592e-003 2.01981864e-003
    8.47117137e-003 2.72974907e-003 8.10263271e-004 1.01299828e-003 0.
    0. 0. 0. 0. 0. -1.05819537e-003 0. 5.39122324e-004 0. 0. 0.
    3.89748160e-003 0. 0. 3.64934793e-003 0. 0. -4.25720180e-004
    2.57147523e-003 0. 0. 0. 0. 0. 2.73120985e-003 -5.05290285e-004
    9.14242305e-003 0. 0. 0. 2.29635066e-003 6.24827063e-003
    -1.92972692e-003 0. 0. 5.81195054e-004 1.73469435e-003 0. 0.
    -3.51089984e-004 1.07898638e-002 0. -7.33516063e-005 7.81494600e-004
    0. 0. 0. 0. 8.44145380e-003 0. -2.01262781e-004 0. -2.50909943e-003
    0. 0. 0. 0. 0. -9.63900529e-004 7.72323180e-003 1.42876874e-003
    9.79034510e-003 0. 8.90188478e-003 0. 9.18524060e-003 0. 0.
    3.61650856e-003 0. 0. 2.41239555e-003 0. 0. 3.63743934e-003
    1.96795585e-003 0. 0. 0. 0. 0. 0. 7.72638537e-004 0. 1.33791438e-003
    0. 0. 4.18828521e-003 3.47692263e-003 0. -2.09787837e-003 0.
    1.18910114e-003 0. 0. 0. 0. 0. -6.33988762e-004 0. 0. 0.
    3.72323906e-003 0. 0. 3.10272840e-003 6.77756616e-004 0. 0. 0.
    1.86290743e-003 0. 0. 0. 0. 0. 5.47906966e-004 0. 0.
    -1.49906334e-003 0. 0. 0. 1.64706784e-003 0. 0. -1.23194652e-003 0.
    5.98617923e-003 0. 0. 0. -3.76766175e-003 1.19897223e-003 0.
    5.12510724e-003 4.28622589e-003 0. -3.19244317e-003 3.52692761e-004
    7.70785846e-003 0. 0. 3.68047575e-003 0. 0. 0. -1.39472925e-003
    7.51409680e-003 -1.55707740e-003 0. 1.55249573e-002 0. 0. 0.
    5.83988708e-003 3.52346292e-003 0. 0. 0. 0. 0. -7.09556043e-004 0.
    -1.87348237e-003 0. 0. 0. 0. 0. 1.67056965e-003 0. 7.04816775e-003
    0. 3.58380424e-003 0. 9.13775817e-004 3.81106441e-003 0.
    1.30982604e-003 0. 2.96433852e-003 0. 0. 7.98337348e-003
    2.61567323e-003 1.84799265e-003 0. 5.69542032e-003 0. 0. 0. 0. 0. 0.
    4.20191372e-003 0. 0. 0. 0. 0. 0. 1.19548095e-004 0. 0. 0. 0. 0.
    6.01749452e-005 7.56113674e-004 1.14595459e-003 2.00670375e-003
    3.48451477e-003 0. 0. 0. 0. 3.86298122e-003 0. 6.33400166e-003 0. 0.
    0. -1.99309015e-003 1.25384179e-003 7.37160910e-003 2.48214370e-003
    0. -1.40486378e-003 0. 0. 0. 8.05001881e-004 3.71037377e-003 0.
    9.54920892e-004 0. 6.12743944e-003 3.07653542e-003 0. 0. 0. 0. 0.
    -1.50042746e-004 0. 0. 0. 0. 0. 0. 0. 0. 0. 3.35438614e-004 0.
    2.93364679e-003 0. 0. 7.60054158e-004 0. 0. 2.26285495e-003 0. 0.
    1.65851868e-003 0. 0. -1.58795004e-003 0. 0. 3.59047810e-003 0. 0.
    0. 0. -7.97728018e-004 2.43810634e-003 0. 0. 4.51791985e-003 0. 0.
    2.71624041e-004 0. 0. 0. 9.07156384e-004 6.88003609e-003 0. 0. 0.
    1.09589640e-002 0. 0. 0. 5.91383898e-004 2.53863959e-003 0. 0. 0.
    7.58549524e-003 0. 0. 0. 9.89347929e-004 0. 7.46342540e-003
    5.49700204e-003 2.98229489e-003 3.53402575e-003 1.57167460e-003 0.
    0. -1.41560531e-003 7.24725425e-003 -2.75771227e-003 0.
    1.42950173e-002 0. 0. 0. 0. 0. 2.53652129e-003 0. 1.85099221e-003 0.
    -2.68781278e-005 -3.33422516e-003 1.60919502e-004 5.31217223e-003
    1.26904540e-003 0. 0. 0. 0. 8.23544431e-003 0. 0. 0. 0. 0. 0. 0. 0.
    -5.50045050e-004 0. 0. 1.91484415e-003 0. 0. 0. 0. 0. 0. 0.
    4.82759951e-003 6.54842006e-003 0. 0. 1.19000599e-002 0. 0. 0.
    6.31851563e-003 0. 0. 0. 0. 0. -2.14936421e-003 0. 0. 0. 0. 0. 0. 0.
    0. 0. 1.39956293e-003 1.23539683e-003 0. 0. 0. 7.57978589e-004 0.
    5.37057128e-003 0. 0. 0. 0. 0. 0. 0. 0. 0. 1.11572435e-002 0. 0. 0.
    8.63297470e-003 0. 0. 5.60291810e-004 0. 0. 0. 0. 0. 0. 0. 0.
    -5.39416564e-004 0. 0. 0. 0. 0. 0. 6.77233236e-003 0.
    -3.14912433e-003 0. 0. 0. 0. 8.55900813e-003 0. 0. -2.88689072e-004
    0. 0. 0. 0. -3.12711741e-003 0. 0. 0. 0. 0. 0. 0. 6.21576852e-004
    -1.76466664e-003 1.92006445e-003 0. 0. 0. 0. 5.06253261e-003 0. 0.
    0. 0. 0. 5.66229137e-005 7.03665428e-003 0. 9.26317080e-006 0. 0. 0.
    -1.29574866e-004 -1.30194344e-003 2.47616903e-003 0. 2.58713000e-004
    0. 0. 0. 0. 0. 0. 0. 0. 0. 0. 0. 0. 7.38822017e-003 8.75982922e-003
    0. 1.03174767e-003 4.42339806e-003 0. 0. 5.52687841e-003
    4.75098286e-003 0. 0. 0. 0. 0. 0. 0. 0. 5.72642637e-003 0.
    -1.36664964e-003 0. 0. 0. 0. 0. 0. 0. 0. 1.54217647e-003
