<?xml version="1.0"?>
<opencv_storage>
<imageDescriptor type_id="opencv-matrix">
  <rows>1</rows>
  <cols>1000</cols>
  <dt>f</dt>
  <data>
    9.67558939e-004 5.36013488e-003 2.15915428e-003 4.06495249e-003
    9.48299305e-004 8.90958495e-003 0. 1.62420713e-003 5.78094448e-004
    0. 0. 7.57933944e-004 4.82568052e-004 -1.31954948e-004 0.
    2.33328290e-004 1.16582459e-003 0. 0. 8.92870477e-004
    2.99560023e-003 0. 0. 0. 0. 0. 0. 0. 1.45721890e-003 0.
    2.51772534e-003 2.56145420e-003 7.80475186e-003 0. 3.09265219e-003
    0. 0. 0. 0. 0. 3.55682638e-003 -7.99379486e-004 0. 1.63434749e-003
    0. 2.46263971e-003 0. 0. 6.04761939e-004 0. 0. 2.73149344e-003 0. 0.
    4.07294312e-004 6.10829215e-004 0. 2.99958541e-004 0.
    -2.35351727e-005 3.45323398e-003 0. 3.84044775e-004 0.
    3.70867993e-003 3.22012836e-003 0. 2.72214063e-003 0.
    1.15752465e-003 1.46672630e-003 0. 0. 0. 9.19313112e-004
    4.26968280e-003 9.13580123e-004 0. 4.76968382e-003 0.
    7.97177257e-004 4.03365400e-003 0. 2.86972034e-003 9.70533234e-004
    3.47652775e-003 0. 1.16594613e-003 6.34769863e-003 1.67650357e-003
    0. 0. 6.98957825e-003 3.30173667e-003 0. 1.77137053e-003
    8.86262336e-004 3.34964390e-003 1.67013844e-003 0. 0.
    2.26181326e-003 2.44531990e-003 1.28019205e-003 0. 9.69621877e-004
    2.89329467e-003 8.16508487e-004 0. 4.15677874e-004 -8.55736900e-004
    2.95671169e-004 0. 0. 0. 7.34958157e-004 0. 0. 2.06158985e-003
    2.36237142e-003 6.93849928e-004 0. 0. 1.12418330e-003 0. 0. 0. 0.
    -5.87110189e-005 0. 0. 0. 6.80745521e-004 0. 0. 0. 0.
    2.70983251e-003 -6.37595716e-004 0. 7.12582434e-004 7.09294865e-004
    0. 7.94833526e-004 3.26689240e-003 0. 2.38145003e-003
    -3.53723706e-004 3.92071321e-004 0. 5.14261774e-004 -3.12546035e-004
    -1.40794364e-004 -5.87903603e-004 0. 1.53444638e-003 2.48364895e-003
    1.14111428e-003 1.96576468e-003 0. 3.86515690e-004 -7.00060918e-004
    2.98593845e-003 1.32139772e-003 1.70493883e-003 0. 8.88248149e-004
    2.42664851e-003 0. 1.03778788e-003 0. 3.19613121e-003 0. 0.
    5.59125794e-004 0. 0. 0. 0. 4.28028026e-004 2.96575739e-003
    4.41480568e-003 4.78000054e-003 -2.08990555e-003 1.13015332e-004
    8.93616409e-004 0. 3.31851607e-003 0. 0. 2.95821577e-003 0.
    5.35111874e-004 9.54019080e-004 0. 0. 6.67935412e-004
    2.13114149e-003 0. 8.31958838e-003 5.56094456e-004 1.59027963e-003
    4.99321206e-004 -1.82399366e-004 0. 1.87385560e-003 2.50607543e-003
    8.62758432e-004 0. 1.35720533e-003 2.01973412e-003 -7.63772463e-004
    0. 1.93911794e-004 0. 7.54492066e-004 0. 0. 0. 2.74081784e-003 0.
    1.84194569e-003 2.01367991e-004 1.38691941e-003 0. 0.
    4.83178410e-005 0. 0. 3.66666052e-003 1.02810224e-003
    2.23996281e-003 3.72429355e-003 4.60781995e-003 0. 8.72616074e-004
    0. 0. 1.59340227e-004 1.77002465e-003 0. 0. 2.65066250e-004
    1.04782404e-003 1.22239883e-003 1.23381231e-003 4.35044931e-005 0.
    0. 0. 0. 1.05363107e-003 2.46481504e-003 0. 7.98022840e-004 0.
    5.48876915e-003 0. -4.06065257e-004 1.19283621e-003 0. 0. 0. 0.
    2.14600516e-003 2.00945325e-003 0. 0. 0. 0. 0. 5.29542519e-003
    2.68168957e-003 2.89508700e-003 -4.88874910e-004 5.56261803e-005
    4.57193656e-003 1.45257672e-003 0. 2.11734162e-003 0.
    1.46265666e-003 0. 0. 0. 0. 0. 5.04021533e-003 0. 3.32799420e-004
    1.05464738e-003 1.80004782e-003 5.24425693e-003 1.05962309e-003
    9.15687531e-004 0. 1.59394380e-003 2.91176606e-003 -1.25448103e-003
    0. 8.77920029e-005 3.70989251e-003 0. 1.51257511e-004
    2.48387409e-003 6.66310312e-004 -1.50457548e-004 2.83402228e-003
    1.28679012e-003 3.36813647e-003 4.95231478e-004 0. 0. 0.
    1.04276766e-003 0. 6.53878087e-003 0. 2.90735811e-003
    9.61705053e-004 1.75596902e-003 0. 0. 0. 8.70872580e-004
    2.50158366e-003 0. 0. 1.35587179e-003 0. 3.38729675e-004
    2.67687696e-003 5.63198188e-003 9.72553447e-004 0. 0.
    2.45496724e-003 6.84060738e-004 1.66927709e-003 -9.54061397e-004
    2.55218102e-003 5.57690253e-003 1.09381904e-003 0. 0.
    1.23114453e-003 2.44061765e-003 -4.73375985e-004 0. 1.39988388e-003
    0. 1.34318287e-003 0. 5.46235545e-003 0. 2.47000880e-003 0. 0.
    2.52045412e-003 2.27454730e-004 7.33478926e-004 0. 4.16215044e-003
    0. 1.25946081e-003 2.46977131e-003 3.00238002e-003 1.47849985e-003
    2.86888820e-003 -3.68936482e-004 0. 1.88694056e-003 2.83710338e-004
    0. 1.49071321e-003 9.74192575e-004 4.36168630e-004 1.65950670e-003
    1.23339752e-003 0. 1.12317770e-003 0. 0. 1.66502187e-003
    1.57408102e-003 0. -7.79078458e-004 1.07045611e-003 2.71935714e-003
    -1.89734594e-004 8.01293412e-004 0. 4.55522584e-003 1.10486196e-003
    0. 3.42273735e-003 6.47177105e-004 1.91065320e-003 8.49551870e-004
    6.01220503e-003 0. 1.66369963e-003 1.68263819e-003 1.10238651e-003
    0. 6.64899917e-003 1.80209673e-003 8.23178096e-004 3.07941786e-003
    2.31392239e-003 -2.48106266e-003 0. 0. 0. 0. 6.15497411e-004
    1.62178127e-003 0. 1.51221303e-003 9.02931672e-004 2.96671968e-003
    0. 8.27085169e-004 1.00625039e-006 0. 0. 0. 1.21030207e-004 0.
    5.27327065e-004 0. 0. 1.74790493e-003 2.38541490e-003 0. 0. 0. 0. 0.
    3.43945762e-003 0. 2.40456444e-004 0. 3.14486533e-005 0.
    1.61089655e-003 9.29098751e-004 -7.47294864e-004 1.64408050e-003 0.
    0. 0. 2.93088797e-003 9.94223519e-004 0. 0. 2.39419634e-003 0. 0.
    1.52732013e-003 0. 1.58564362e-003 0. 1.06091378e-003
    8.40733410e-004 2.51064543e-003 0. 8.38305335e-004 8.19423003e-004
    0. 0. 0. 0. 1.49903435e-003 4.83177649e-003 0. 0. 0.
    -1.83362130e-003 1.71873800e-003 -1.32689092e-004 0. 0. 0.
    -5.29891113e-004 0. 3.04444693e-003 3.01752263e-003 1.66638498e-003
    0. 0. 1.21560891e-003 4.75833006e-003 0. 1.40097912e-003 0. 0.
    1.04747852e-003 0. -9.93113616e-004 1.14094248e-004 0.
    -2.86572777e-005 1.92725926e-003 0. 0. 3.63369239e-004 0. 0.
    3.55624780e-003 0. 0. 3.15247197e-003 -2.61233217e-004
    1.42384437e-004 0. 0. 0. 5.25738171e-004 2.79548136e-003
    6.13599550e-004 1.85210630e-003 -6.76469353e-004 -9.84260812e-004
    9.19225218e-004 4.92527324e-004 7.66295998e-004 4.74368781e-003
    1.45034329e-003 1.48144283e-003 6.61174476e-004 2.03425786e-003
    4.91433893e-004 0. 0. 0. 1.94252701e-003 5.90659399e-003
    3.37858056e-003 0. 6.84980361e-004 5.91990817e-003 0. 0.
    1.05024863e-003 0. 4.86528687e-003 2.49326671e-003 0.
    -1.56407288e-004 0. 1.60237448e-003 1.68956851e-003 1.01899949e-003
    4.04831534e-003 6.78244629e-004 9.53876646e-004 1.52746710e-004
    9.47087537e-004 2.50151544e-003 0. 6.53669122e-004 1.46310520e-003
    0. 1.38102972e-003 0. 1.01520831e-003 -1.28902320e-003 0.
    6.43033825e-004 -1.07302575e-003 -2.33485218e-004 1.40696706e-003 0.
    0. 0. 0. 0. -8.38621694e-004 0. 8.59515974e-004 3.14716995e-003 0.
    2.01217807e-003 -1.32322195e-004 0. 1.81684736e-003 1.61701080e-003
    0. 7.31271226e-004 0. 0. 0. 0. 2.91689415e-003 9.56494070e-004 0.
    1.38834189e-003 6.16016937e-003 0. 0. 4.17859788e-004 0.
    3.18498653e-003 5.68001391e-003 2.79652164e-003 0. -1.02550117e-003
    0. 0. 1.40854332e-003 1.01655256e-003 2.34630890e-003 0.
    2.59392569e-003 0. 2.11658841e-003 -7.18882307e-004 1.04569888e-003
    0. 0. 0. 0. 0. 0. 1.67747377e-003 1.41790358e-003 1.26799168e-002
    1.16219616e-003 1.87460054e-003 -2.77576037e-004 0. 1.57696486e-003
    3.99140501e-003 1.12491229e-003 4.06299485e-003 -5.53795369e-004
    1.56109920e-003 0. 0. 0. 1.71584671e-003 0. 4.98297217e-004 0.
    5.27055189e-003 0. 1.28846499e-003 0. 0. -2.72384816e-004 0. 0.
    1.95348775e-003 -2.09577102e-003 1.90210564e-003 4.76682838e-003
    1.14992657e-003 0. 0. 4.58885188e-004 1.77653541e-003 0.
    1.64846121e-003 0. 8.25050403e-004 1.57030229e-003 0. 0. 0.
    1.34995836e-003 9.74427967e-004 5.00897923e-003 1.88846735e-003
    6.41911582e-004 0. 0. 9.22243390e-003 0. -1.49514060e-004
    3.59370257e-003 5.72603603e-004 0. 1.46032963e-003 1.27026346e-003
    0. 3.16904369e-003 2.49411725e-003 0. 1.72843237e-003
