<?xml version="1.0"?>
<opencv_storage>
<imageDescriptor type_id="opencv-matrix">
  <rows>1</rows>
  <cols>1000</cols>
  <dt>f</dt>
  <data>
    0. 0. 0. 1.20272289e-003 0. 0. 0. 9.40604252e-004 1.61565840e-003
    -9.04102126e-005 0. 1.82931137e-003 0. 9.51037102e-004 0.
    3.93438246e-003 0. -1.80456467e-004 1.39036844e-003 0. 0.
    2.55378825e-003 0. 0. 7.41622504e-003 0. 1.02888874e-003 0. 0. 0.
    7.90369790e-003 0. 0. 1.47616994e-002 0. 0. -9.65204381e-004 0. 0.
    0. -1.66998769e-003 2.23191106e-003 7.02712161e-004 0. 0.
    2.20360211e-003 8.70421994e-003 0. 0. 0. 0. 0. 0. 9.67061613e-003 0.
    3.97265609e-003 0. 0. -4.22506901e-006 0. 0. 2.76529789e-003 0.
    -4.87807702e-005 2.78710783e-003 0. 1.62708294e-003 0.
    5.29272296e-003 -2.62887188e-004 0. 0. 4.01443196e-003 0. 0.
    2.73136399e-003 1.79875433e-003 0. 1.34965207e-003 0.
    5.48705459e-004 4.38637752e-003 1.42116332e-003 2.91015673e-003
    -6.60373073e-004 0. 0. -8.48208496e-004 5.79126365e-003 0. 0. 0.
    1.88808248e-003 0. 2.55259452e-003 -2.37495964e-003 3.16520198e-003
    0. 2.66999006e-003 0. 0. 0. 0. 0. 0. 6.43836916e-004 2.57040351e-003
    0. -1.25035353e-003 2.15102430e-003 2.38628546e-003 1.39623589e-003
    -1.38496398e-003 1.14453898e-003 2.27172882e-003 0. 0. 0. 0.
    1.17121008e-003 0. 1.84501102e-003 0. 1.21425185e-002 0.
    -5.55584440e-004 0. 0. 0. 5.87667432e-003 0. 0. 0. 0. 0. 0.
    1.61187456e-003 0. 0. 0. 0. 6.54484984e-003 0. 0. 0. 1.10381246e-002
    2.82453169e-004 2.08206731e-003 0. 0. 5.15145017e-003 0.
    3.00675747e-003 0. 2.38989713e-004 0. 0. 0. 2.01604067e-004 0. 0.
    2.90930225e-003 0. -1.02829043e-004 2.11519981e-003 1.26437761e-003
    5.08031553e-006 0. 1.86325947e-003 2.63278210e-003 0.
    2.17585498e-003 1.70402776e-003 3.27408221e-003 5.66816889e-003
    2.74699042e-003 0. -9.44468309e-004 0. 0. 0. 0. 1.22733004e-002
    1.40686035e-002 0. 1.27727410e-003 0. 0. -2.08911113e-003 0.
    -2.47890153e-003 0. 0. 7.19447620e-004 0. 0. 0. 7.54653802e-003 0.
    1.66822923e-003 0. -7.82595016e-004 -4.44429601e-003 0.
    5.39260916e-003 1.98106188e-003 0. 2.17284332e-003 1.64618250e-004
    0. 0. 0. 0. 0. 1.47991674e-002 0. 0. 0. 4.20283235e-004 0.
    2.13645562e-003 0. 9.86773637e-004 4.46346647e-004 3.98949441e-003
    5.62364189e-003 0. 0. 0. 2.92741810e-003 0. 1.73706666e-003 0. 0. 0.
    0. 0. -2.58719781e-004 -1.55753782e-003 0. 0. 0. 4.28111060e-003 0.
    1.03435703e-002 0. 0. 0. 0. 2.71870103e-003 -7.58232083e-004
    1.87047175e-004 -4.64231562e-005 0. 6.38813886e-004 -5.09411038e-004
    0. 4.20552166e-003 0. 8.95622434e-005 2.07862188e-003 0.
    -6.64416468e-004 0. 0. 5.12794009e-004 1.93005688e-002
    6.89094421e-003 1.48203317e-003 6.17680745e-003 -5.91286051e-004
    3.94565403e-004 0. 0. 1.93439017e-003 0. 1.79772777e-003
    1.20252167e-004 0. 9.30719823e-003 0. -1.18747517e-003 0. 0.
    1.62297220e-004 1.21456012e-003 2.15870747e-003 0. 4.28767584e-004
    2.54615978e-003 1.79393461e-003 0. 0. 0. 1.55291765e-003 0. 0. 0. 0.
    0. 0. 8.22602306e-003 0. 0. 1.08858803e-003 0. 0. 8.90568248e-004 0.
    4.01837798e-003 0. 0. -1.18903711e-003 0. 4.60657105e-003 0. 0. 0.
    2.96803215e-003 3.59232514e-003 0. 9.28908400e-003 -1.39088009e-003
    3.99862835e-003 0. -9.42167360e-004 7.51200831e-004 -4.39226969e-005
    0. 0. 2.84390931e-004 0. 0. 9.03672480e-004 0. 0. 2.31381343e-003 0.
    0. 3.60814692e-003 0. 0. 0. 0. -2.47274502e-003 0. 1.76647492e-003
    5.64793358e-004 1.76265289e-003 6.93097990e-003 -5.50861412e-004
    1.06964977e-002 7.36750604e-004 5.84815023e-003 9.29375738e-003 0.
    0. 5.67820913e-004 0. 0. 0. 0. 0. 0. 1.52219273e-003 2.49081058e-003
    1.35558948e-003 -1.07785992e-004 6.57178694e-003 3.94015042e-005 0.
    0. 5.41134877e-003 0. 0. 0. 0. 1.35231623e-003 0. 0. 5.48607437e-003
    0. 0. 0. 0. 0. 0. 0. 0. -2.62048794e-004 0. 0. 0. 5.39326249e-003 0.
    7.96199124e-003 0. 0. 9.59199562e-004 0. 2.07154895e-003
    2.22760811e-003 3.99004854e-003 0. 0. 1.05705503e-002 0.
    8.19427718e-004 0. 1.69777218e-003 0. -1.74023036e-004 0.
    -1.14008237e-003 1.95542211e-003 0. 8.94467998e-003 0. 0. 0. 0. 0.
    0. 0. 1.63077121e-003 0. 0. 0. 0. 0. 2.07790709e-003 0.
    -2.45616422e-004 0. 0. 0. 9.07981885e-004 0. 1.87808776e-003 0.
    -6.04328234e-004 0. 0. 1.16861775e-003 -6.75952761e-004 0. 0. 0. 0.
    0. 2.18337937e-003 0. 1.12829742e-003 2.11834884e-003 0. 0.
    7.69215822e-003 0. 4.00333432e-003 -2.43332190e-003 0. 0.
    5.46865165e-003 0. 0. 0. 5.22237830e-003 0. 7.25722290e-004 0.
    6.35507517e-003 2.27212394e-003 1.02337683e-003 0. 1.20755704e-003
    0. -1.43763516e-003 0. 2.29441468e-003 2.20728759e-003 0. 0.
    5.83832758e-003 5.13944495e-003 7.44354329e-004 4.76020807e-003 0.
    0. 0. 0. 2.84191512e-004 4.00355784e-003 1.84167596e-003 0. 0.
    1.92887557e-003 1.78522244e-003 0. 9.85316373e-003 0. 0. 0.
    2.49425997e-004 0. 8.28516553e-004 9.76333744e-004 5.53058600e-003
    -1.85499666e-003 0. 0. 9.36284254e-004 0. -4.85078694e-004 0. 0. 0.
    0. -1.72012195e-004 5.73335635e-003 0. 0. 8.20240006e-003 0.
    3.08898307e-004 0. -5.46203053e-004 0. 0. 0. 1.17384631e-003 0. 0.
    0. 5.68608381e-003 0. 1.90814165e-003 0. 0. 0. 0. 0. 0. 0. 0. 0. 0.
    0. 0. -1.05955696e-003 0. 1.86230941e-003 0. 0. 3.94437183e-003
    7.83322379e-004 1.13793253e-003 0. 4.58292307e-005 6.95778057e-003
    0. 0. 0. 9.02816711e-004 0. 0. 0. 0. 0. 0. 0. 0. 0. 0.
    1.85340771e-003 1.81372173e-003 0. 7.21425749e-003 0. 0. 0.
    4.00253432e-003 0. 2.85664457e-003 0. 0. 2.56157736e-003 0. 0. 0. 0.
    0. 6.54356321e-003 0. 0. 1.09247817e-003 7.09077343e-003
    7.01210182e-003 0. 0. 0. 0. 0. 9.42235056e-004 2.50009238e-003 0.
    2.35716160e-003 1.01370132e-002 2.57084868e-003 0. 0.
    2.10203929e-003 0. 0. 1.02571712e-003 0. 0. 3.55196372e-003
    2.29957770e-003 1.05328357e-003 -7.04797509e-004 5.36620757e-003 0.
    0. 0. 0. 0. -3.08008748e-003 1.10350829e-003 0. 0. 0. 0. 0. 0.
    1.82090839e-003 0. 3.79919144e-003 0. 0. -2.17181840e-003 0. 0.
    7.33994693e-003 0. 2.01225234e-003 5.23588969e-004 0.
    8.00185837e-003 0. 5.04180032e-004 0. 0. 0. 0. 0. -2.69919954e-004
    0. 0. 2.64102546e-003 0. 0. 0. 0. 0. 0. 0. 6.72096713e-003 0. 0. 0.
    -1.89961720e-004 8.33945116e-004 0. 8.14515445e-003 3.51916952e-003
    0. 0. -2.70175660e-004 0. 0. 8.58328678e-003 0. 0. 4.28887177e-003
    -1.08095491e-003 0. 0. 3.36514856e-003 0. 0. 6.52837753e-003
    1.13975652e-003 0. 0. 0. 8.62546847e-004 0. 0. -7.68248166e-004 0.
    0. 0. 0. 0. 3.33005027e-003 0. 2.16535828e-003 1.41713687e-003
    2.46943696e-003 0. 0. 3.78645200e-004 0. 4.03646706e-003
    -6.77323202e-004 0. 0. 0. 0. 0. 0. 0. 0. 0. 0. 1.51693262e-003
    9.24883294e-004 5.53588849e-003 0. 0. 0. 0. 2.40335613e-003
    -3.21812171e-004 5.08358877e-004 0. 0. 0. 3.90377897e-003 0.
    1.99287941e-004 0. 0. 0. 1.01351812e-002 0. 1.77602202e-003
    2.04267260e-003 0. 0. 0. 0. 0. 2.52286857e-003 0. 3.59739759e-003 0.
    0. 2.60578701e-003 0. 3.87964025e-003 0. 3.20164883e-003
    1.29195489e-003 0. 1.11178234e-002 0. -2.86593963e-003 0. 0. 0. 0.
    0. 0. 0. 1.91089534e-003 0. 0. 0. 0. 1.01447175e-003 1.51034433e-003
    8.21298687e-004 0. 0. 0. 0. -1.69659103e-003 0. 4.58583888e-003 0.
    0. 3.55892372e-003 0. 2.32737674e-003 2.16765655e-003
    -4.15321527e-004 0. 0. 4.26846417e-003 1.02398905e-003 0.
    2.69243348e-004 0. 0. 3.64845822e-004 5.97950257e-003 0. 0. 0. 0.
    2.10993458e-003 0. 2.80953781e-003 2.03198101e-003 1.84168422e-003
    0. 0. 0. 3.77685297e-003 0. 0. 1.02893142e-002 0. -9.09839815e-004
    0. 5.32600936e-003 0. 2.33541499e-003 2.08088825e-003
    -1.56715058e-003 0. 0. 0. 0. 1.11939432e-003 0. 1.05850184e-002 0.
    -1.13070384e-003 0. 5.89137198e-004 0. 4.03687032e-003
    2.98519386e-003 0. 0. 3.45376972e-003 0. 0. 0. 2.24544923e-003 0. 0.
    0. 0. 6.48143608e-003 0. 0. 0. 0. 0. 0. 0. 0. 0. 0. 0.
    6.16383925e-003 0. 0. 3.13554960e-003 0. 0. 0. 0. 8.51957593e-003 0.
