<?xml version="1.0"?>
<opencv_storage>
<imageDescriptor type_id="opencv-matrix">
  <rows>1</rows>
  <cols>1000</cols>
  <dt>f</dt>
  <data>
    -1.29421777e-003 0. 5.32945758e-003 2.05139350e-003 0.
    3.15172132e-003 0. 0. 1.95139495e-003 2.76461535e-004 0. 0. 0. 0.
    3.13399272e-004 2.94429087e-003 1.80495635e-003 0. 0.
    1.60634127e-002 0. 0. 3.98983713e-003 0. 1.56196498e-003 0.
    3.33727989e-003 0. 0. 0. 0. 0. 0. 4.81717940e-003 0. 1.85618841e-003
    3.70377820e-004 2.64146016e-003 0. -3.86048516e-004 0.
    6.39993651e-003 0. 0. -7.59029470e-004 0. 8.19115248e-003
    4.25027451e-003 0. 1.62083469e-003 2.68631009e-003 3.82070453e-003
    0. 0. 0. 0. 0. 0. 2.34990311e-003 0. 0. 0. 0. 0. 0. 0. 0. 0. 0. 0.
    7.85943354e-004 0. 0. 0. 2.08905636e-004 0. 2.39766715e-003
    -6.09932700e-004 6.47620205e-003 1.06337934e-003 0. 0.
    8.27247102e-004 0. 0. 0. -2.21274851e-004 3.98237305e-003 0. 0.
    2.31347582e-003 1.90775609e-004 1.20523258e-003 5.02551440e-003 0.
    0. 0. 2.40580551e-003 0. 0. 2.86460971e-003 0. 0. -1.69716566e-003
    3.89494677e-003 -1.13039459e-004 0. 0. -1.14675355e-003 0.
    3.59173646e-005 0. -9.22370295e-004 -4.57124406e-004 0. 0.
    -8.14458414e-004 0. 0. 7.77308457e-003 7.96216540e-004
    1.76677597e-003 9.99762397e-003 6.33316161e-003 1.27551856e-003
    -6.35817647e-003 0. 0. 1.91273157e-005 1.62381140e-004 0. 0. 0. 0.
    0. -4.41574026e-003 0. 0. 0. -3.07663926e-004 0. 0. 3.58653138e-003
    5.89625584e-003 0. 3.26819671e-003 0. 0. 7.06417952e-003 0.
    6.62035169e-003 0. 5.93053922e-003 1.14116203e-002 5.81294717e-003
    0. 0. -3.80442070e-004 0. -9.26219625e-004 1.58825784e-003 0. 0.
    2.00210768e-003 2.89227371e-003 2.12579407e-003 0. 0. 0. 0.
    1.30112015e-003 0. 0. -1.73069348e-004 0. 0. 0. 1.72016537e-003
    -2.46285298e-003 2.26848247e-003 0. 1.10932277e-003 0.
    1.19683406e-004 0. 0. 1.53484487e-003 8.14695656e-003
    4.70645056e-004 1.35146466e-003 0. 0. 0. 2.44170125e-003
    1.07902125e-003 2.59880745e-003 0. 0. 0. 0. 0. 3.81933432e-003
    5.35968132e-003 0. 2.23247753e-003 0. 0. 1.93297700e-003
    2.70190299e-004 2.98414310e-003 0. 0. 0. 0. 0. 0. 3.07139941e-004
    3.17420316e-004 0. 0. 0. 1.21593685e-003 1.10957655e-003 0. 0.
    2.30740500e-003 2.62684072e-003 0. 0. 0. 0. 1.24898450e-002
    4.27538675e-004 4.77369031e-004 1.62089505e-004 0. 0. 0. 0.
    1.51336892e-003 8.17220751e-003 0. 1.10116275e-002 0. 0.
    -1.04670145e-003 1.12645398e-003 4.36150143e-003 0. 4.65964526e-003
    3.68805113e-003 4.19215392e-003 0. 0. 0. 0. -2.20057715e-004 0.
    5.63998707e-003 0. 2.01387753e-004 0. 2.50532152e-003
    1.46201998e-003 0. 0. 0. 0. 0. 0. 0. 2.60174577e-003 0. 0. 0. 0.
    5.89594711e-005 0. -1.34396949e-003 4.14237322e-004 0. 0. 0. 0.
    1.83358826e-002 0. 0. 0. 0. 1.44775689e-003 -2.42671533e-003
    1.55370764e-003 0. 0. 4.40313108e-003 5.62007120e-003 0. 0. 0. 0.
    5.42250089e-003 9.16092904e-005 2.97061377e-003 0. 0. 0.
    1.80701341e-003 0. 0. 0. 0. 1.24513898e-002 0. 0. 0. 0. 0.
    4.86797094e-003 0. 0. 0. 0. 0. 0. -5.27449993e-006 0. 0. 0.
    3.27495974e-003 8.56593810e-003 0. -1.19180069e-003 0.
    3.97738535e-004 1.13115543e-002 -2.28891941e-003 0. 0.
    4.29523503e-003 0. 0. 0. 4.32005501e-004 0. 0. 0. -2.00983486e-003
    0. 0. 0. 0. 5.05555281e-003 7.31213717e-003 0. 6.10374240e-003 0. 0.
    2.50168098e-003 4.82769124e-003 0. 2.65347393e-004 0. 0.
    3.43286083e-003 0. 0. 0. 0. 0. 0. 0. 0. 0. 0. 4.50933119e-003
    2.24472722e-003 0. 0. 0. 3.96291120e-003 3.99151025e-003
    7.47529231e-003 1.16694276e-003 0. 1.52880559e-003 9.84060811e-004
    2.86714220e-003 1.88580609e-003 0. 0. 8.95129610e-003 0. 0. 0. 0. 0.
    0. 2.19242158e-003 0. 0. 0. 0. 8.20077956e-003 0. 0. 0. 0. 0. 0. 0.
    1.59108930e-003 0. 0. 0. 0. -2.71978224e-005 1.89281907e-002 0. 0.
    0. 0. 0. 0. 0. 0. 0. 0. 0. -4.59885923e-004 0. 8.65181349e-003
    3.18371924e-003 8.94030265e-004 0. 3.69278365e-003 1.18325363e-004
    -6.24969718e-004 0. 0. 0. 0. 0. -4.00048960e-003 2.89794232e-004
    1.73889275e-003 0. 0. 6.29175280e-004 0. 1.84996019e-003
    1.03538390e-003 3.20493418e-004 0. 0. 0. 0. 0. 0. 0.
    -3.85780993e-004 0. 0. 0. 0. 1.10492657e-003 -1.36640621e-003 0. 0.
    0. 0. 0. 0. 0. 9.58004326e-004 5.85612142e-003 9.93314106e-003 0.
    7.82762188e-003 0. 0. 0. -1.32053054e-003 0. 0. 2.77639541e-004
    1.32523607e-002 0. 0. 0. 0. 0. 0. 9.30257607e-003 0. 1.08221909e-002
    5.46913594e-004 -1.63459789e-003 0. 0. 0. -2.65250012e-004 0. 0. 0.
    0. 0. 0. 0. 0. 0. 0. 5.31592220e-003 0. 9.91179375e-004
    7.66910659e-003 1.50431052e-003 0. 0. 0. 0. 0. 5.27185854e-004 0. 0.
    0. 0. 4.86512203e-003 0. 1.01705855e-002 0. 0. 1.26367540e-003
    -8.42444133e-004 5.91864949e-003 1.05784566e-003 0. -5.61066372e-005
    0. 1.02241489e-003 1.16281910e-002 0. 0. 0. 0. 0. -7.99061963e-004
    0. -4.62189986e-004 1.18911136e-002 0. 0. 0. 0. 0. 0. 0. 0. 0. 0. 0.
    7.63753150e-003 2.68413476e-003 0. 0. 0. 0. 0. 0. 0. 0.
    3.66323115e-003 0. 0. 0. 1.86933647e-003 0. 1.21017091e-003
    -8.06187280e-004 -1.77183759e-003 0. 0. 2.02850462e-003 0. 0.
    4.45961906e-003 0. 0. 0. -2.92391120e-003 0. 0. 0. 0. 0. 0. 0. 0.
    9.54528060e-003 0. 0. -1.63202791e-003 0. 0. 0. 8.68284516e-003 0.
    0. 3.21322493e-003 0. 3.15756188e-003 0. 0. 0. 0. 0. 0. 0. 0. 0. 0.
    0. 0. 0. 0. 3.00663430e-003 2.52676895e-003 5.60399937e-003 0. 0. 0.
    0. 0. 9.91917960e-003 0. 2.50035035e-003 0. 0. 0. 3.57933971e-003 0.
    -3.07465671e-003 -1.74710853e-003 0. 0. -2.09284830e-003 0.
    5.14343800e-003 1.96488225e-003 0. 0. 0. 0. 0. 0. 0. 0. 0.
    1.50223495e-003 4.97250445e-003 1.02367555e-003 4.22902027e-004
    6.86908048e-003 0. 0. 1.68356416e-003 1.48108089e-003 0.
    -1.05661305e-003 5.04268100e-003 4.04851045e-003 1.86200847e-003
    1.33868936e-003 0. 0. 0. 0. 0. 0. 0. -2.07169191e-003 0. 0. 0.
    2.08318923e-002 0. 5.05202264e-003 0. 0. 0. 0. 0. 0. 0.
    3.01293819e-003 0. 0. 0. 0. 0. 0. 8.33210477e-004 0. 0. 0. 0. 0. 0.
    0. 5.44964196e-003 0. 0. 0. 0. 0. 0. 0. 0. 0. 0. 1.67486793e-003
    -3.34427715e-003 0. 0. 2.43244949e-003 3.95658705e-003
    1.38432847e-003 0. 0. 0. -1.65194552e-003 0. 0. 5.68155944e-003 0.
    1.83794438e-003 6.04966981e-003 1.96488993e-003 0. 0.
    7.49889761e-004 0. 0. 1.83916593e-004 0. 0. 0. 0. 0. 0. 0. 0. 0. 0.
    3.18813072e-005 0. 0. 0. 0. 0. 1.70853978e-003 0. 0. 0.
    -9.13752301e-005 0. 1.19156716e-003 3.47140455e-003 0.
    3.59647413e-004 0. 5.41149592e-003 -7.32869783e-004 0.
    9.29717999e-003 0. 0. 9.12414747e-004 0. 1.51179731e-003
    7.84308929e-003 0. 0. 4.41771559e-003 0. -1.14574353e-003 0. 0.
    -1.01687899e-003 7.48468610e-003 0. 0. 0. 0. -1.04708015e-004 0.
    4.29155771e-003 9.53942724e-003 -3.79112852e-003 2.22845143e-003
    -3.68108880e-003 0. 0. 1.14323606e-003 0. 0. 6.44257292e-004 0. 0.
    1.43053813e-003 1.05340988e-003 0. 7.19093950e-004 1.40558032e-003
    0. 0. 0. 0. 0. 0. 0. 0. 0. 0. 0. 8.72864202e-003 0. 4.92919330e-003
    0. 0. 0. 0. 5.87216287e-004 1.12564107e-004 0. 3.22622014e-004
    2.32404261e-003 0. 0. 0. 0. 0. 5.28008095e-004 0. 0. 0. 0. 0.
    2.64375540e-003 0. 1.35430237e-004 0. 0. 0. 0. 0. 0. 0.
    6.70614233e-003 0. 6.58602780e-003 0. -1.26308994e-003
    -1.47228595e-004 0. 0. -1.21978892e-003 0. 0. 0. 0. 0.
    -7.11211935e-004 2.16309493e-003 0. 1.87244825e-002 0. 0. 0. 0. 0.
    0. 0. 2.66996189e-003 0. 0. 5.48082264e-003 0. 0. -4.67672624e-004
    -3.61762563e-004 0. 0. 6.36964478e-003 0. 2.83425441e-003
    4.65950987e-004 0. 1.27606094e-002 0. 0. 0. 0. 2.25040480e-003 0. 0.
    0. 5.27083222e-003 0. 5.51239308e-003 0. 0. 0. 0. 0. 0. 0.
    2.75475229e-003 0. 0. 0. 7.90957070e-004 0. -2.53019575e-003
    1.46567286e-003 4.31074615e-004 0. 0. 0. -4.90861479e-004
    8.37885682e-003 0. 2.08113273e-003 0. 0. 0. 0. 6.76654838e-003 0.
    2.28049059e-004 2.14726967e-003 2.40133912e-003 0. 0.
    -2.04433774e-004 9.89203807e-003 -8.58364219e-004 6.73334999e-003 0.
