<?xml version="1.0"?>
<opencv_storage>
<imageDescriptor type_id="opencv-matrix">
  <rows>1</rows>
  <cols>1000</cols>
  <dt>f</dt>
  <data>
    0. 0. 0. 0. 0. 0. 2.19807518e-003 4.91740881e-003 6.57230208e-004
    2.69792951e-003 0. 0. 1.65910204e-003 0. 0. 4.80330549e-003
    1.28004968e-003 -1.65108393e-003 0. 2.99104082e-004 -1.65949124e-004
    0. 1.14365923e-003 0. 0. 3.11462651e-003 0. 0. 0. 0. 0. 0.
    1.31194980e-003 0. 4.51548910e-003 0. 1.69682375e-003
    7.24873459e-003 3.93921556e-003 0. 0. 0. 0. 0. 0. 0. 0. 0. 0.
    1.89109601e-003 0. 0. 3.33104725e-003 0. 0. 0. 0. 6.39285287e-003 0.
    0. 5.83543861e-003 0. 0. 0. -1.22021280e-004 0. 0. 0.
    3.15249315e-003 -2.06248532e-003 -5.04460535e-004 5.91904391e-004 0.
    0. 0. -1.68475194e-003 -2.03917408e-003 0. 0. 0. 6.70972792e-003 0.
    0. 0. 0. 9.92168393e-003 0. -1.92868174e-003 0. 0. 0. 0.
    1.31936965e-003 5.32818818e-003 -5.83114685e-004 0. 1.96378585e-003
    0. -4.69813356e-004 0. 0. 0. 0. 2.32612831e-003 2.74762115e-003 0.
    0. 0. 0. 1.00457435e-003 0. -4.24655125e-004 0. 0. 0. 0.
    7.49787490e-004 0. 0. -9.98990610e-004 0. 0. 0. 0. 2.79840571e-003
    0. 0. 0. 1.06476294e-002 0. 0. -2.19573616e-003 0. -6.64085092e-004
    0. 0. 2.27756123e-003 0. 3.31262872e-003 3.90945701e-003 0. 0.
    2.30316399e-003 0. 0. 6.29750284e-005 2.35168147e-003
    -1.22383877e-003 0. 7.73234293e-003 0. 0. 0. 0. 2.23603728e-003
    6.80788839e-003 0. 0. 0. -4.35404334e-004 9.78992786e-004 0. 0.
    1.45902100e-003 4.92021767e-003 2.67925509e-003 0. 0. 0.
    -2.65229843e-003 1.56228605e-003 0. 9.36377048e-003 0. 0. 0.
    3.52605508e-004 2.86649773e-003 0. 1.66752492e-003 0. 0.
    1.33086971e-004 2.11639050e-003 6.85888529e-003 1.96134625e-003 0.
    0. 3.70803173e-003 -4.59065341e-004 1.55693374e-003 0.
    2.71639526e-002 0. -1.09671782e-004 0. 0. 2.53651477e-003
    6.48843590e-003 1.71320457e-002 7.18635693e-003 0. 1.43302779e-003
    0. 0. 0. 3.53264483e-003 0. 0. 0. 4.78443457e-003 4.59578866e-003 0.
    7.51127955e-004 0. 0. 6.67456491e-003 5.99586545e-003 0. 0. 0. 0. 0.
    -3.09724337e-003 0. 0. 2.08363356e-003 0. 0. 0. 0. 0. 0. 0. 0. 0. 0.
    6.19268464e-003 0. 2.43271864e-003 0. 0. 9.27591696e-004 0. 0. 0.
    -5.62475238e-004 0. 0. -2.46076059e-004 0. 0. 0. 6.16389466e-003 0.
    0. 0. 1.51102245e-003 1.23219006e-003 9.54945281e-004 0. 0. 0. 0. 0.
    -3.41362378e-004 1.11627849e-002 0. 0. 1.15063926e-003 0. 0.
    -3.22834379e-003 0. 0. 0. 0. 0. 0. -4.25931858e-003 0. 0.
    6.32975996e-003 0. 0. 0. 0. 0. 0. 0. 0. 0. 0. 0. 2.36833628e-004
    8.38319393e-005 0. 2.18980922e-003 5.13605913e-003 0.
    2.98197824e-003 1.72271137e-003 0. 0. 5.33206388e-003 0. 0. 0.
    1.03682317e-002 0. 0. 0. 0. 2.21690419e-003 -2.04195990e-003 0. 0.
    0. 0. 0. 0. -1.30981836e-003 2.29278882e-003 2.82572070e-003
    -1.82871451e-003 9.52068251e-003 0. 0. 0. 0. 2.33644480e-003
    1.00280344e-002 -1.03533093e-004 9.12356132e-004 0. 1.50742300e-003
    0. 0. 3.34868464e-003 0. 0. 0. 0. 0. 0. 0. 0. 0. 3.18095763e-003 0.
    0. 0. 0. 0. 0. 3.15989112e-003 0. 0. 0. 0. 6.52470044e-004 0. 0. 0.
    0. 0. 0. 1.40030647e-003 0. 0. 0. 8.04754731e-004 2.39807228e-003 0.
    0. 0. 2.81673693e-003 -2.44520954e-003 3.76841659e-003 0. 0. 0. 0.
    3.84860346e-003 0. 0. 0. 0. 0. 9.71156452e-003 -4.10226552e-004
    2.86663952e-003 7.18241930e-003 0. 0. 0. 0. 0. 0. 0. 0.
    -3.46880202e-004 0. 2.14622859e-002 -2.10777530e-003 8.20289366e-003
    0. 7.32208078e-004 0. 0. 1.01066157e-002 2.54033343e-003 0.
    7.42843887e-003 0. 0. 1.28836697e-003 0. 0. 9.60820937e-004
    4.44818661e-003 0. 0. 0. 0. 0. 0. 0. 0. -6.22909691e-004 0. 0. 0.
    6.78076758e-004 0. 0. 5.77169610e-003 4.27082414e-003 0. 0. 0. 0.
    8.00101832e-003 6.81111356e-003 0. 0. 8.43469705e-003 0. 0. 0. 0. 0.
    0. 0. 0. 2.14559981e-003 0. 0. 0. 0. -1.43848662e-003 0. 0. 0. 0. 0.
    0. 0. 0. 0. 0. 0. 3.71704879e-003 0. 0. 5.52523590e-004
    -5.03897143e-004 4.89028869e-003 0. 4.13665734e-003 0.
    1.57305691e-003 2.46607652e-003 0. 0. 0. 0. 0. 0. 2.91465339e-003 0.
    0. 0. 0. 0. 4.27259738e-003 0. 0. 0. 0. -6.64801011e-003 0. 0.
    -1.82684266e-003 3.34680895e-003 2.26513902e-003 0. 0. 0.
    1.59620459e-003 0. 0. 0. 0. 0. 0. 0. 2.26324983e-003 0. 0.
    1.96508947e-003 0. 1.83019077e-003 5.15886641e-004 0. 0. 0. 0.
    1.40629872e-003 0. 0. 1.05587468e-002 0. 2.79575121e-003
    1.38389727e-003 0. 0. 0. 0. 0. 0. 8.22793052e-004 0. 0.
    7.63617063e-005 3.21628223e-003 2.34573372e-002 6.02872996e-003
    1.05977478e-003 0. 0. 0. 0. 3.67409224e-003 0. 0. 0. 0. 0.
    2.80702952e-003 6.69305772e-003 0. 3.71691328e-003 0. 0. 0.
    -4.16877028e-003 0. 0. 0. 0. 0. 0. 3.41282412e-003 7.90786557e-003
    0. 0. 0. -1.93206433e-004 0. 9.06243548e-003 0. 0. 0. 0. 0. 0. 0. 0.
    0. 0. 3.22187180e-003 0. 0. 0. 1.03499531e-003 0. 0. 6.82680914e-003
    1.25505822e-002 0. -4.67451348e-004 -3.81401926e-003 0. 0.
    1.17224676e-003 0. -1.66484795e-003 0. 0. 0. 0. 0. 0. 0.
    3.76592693e-003 0. 0. 1.25230558e-003 0. 0. 1.00928908e-002 0. 0. 0.
    0. 0. -1.88898132e-003 0. 0. 0. 0. 7.78407464e-003 1.00086723e-002
    0. 0. 4.81772423e-003 7.57218245e-003 0. 0. 0. 0. 0. 0. 0.
    8.68754368e-003 0. 5.25389845e-003 0. 2.49687652e-003 0. 0. 0.
    2.74514401e-004 0. 0. 2.82688742e-003 0. 0. 1.74204900e-003 0. 0. 0.
    0. -3.83934914e-003 8.75551905e-003 0. 0. 1.43871584e-003 0. 0. 0.
    0. 3.75253707e-003 5.85686241e-004 0. 3.33797256e-003 0.
    8.08306783e-003 0. 0. -9.56811768e-004 0. 4.96459380e-003 0.
    2.34417064e-004 0. 1.93813839e-003 2.35310779e-003 0. 0. 0.
    2.49825942e-004 0. 0. 0. 0. 0. 0. 0. 2.43481039e-003 0. 0. 0. 0. 0.
    3.31101986e-003 0. 0. -4.45814308e-004 0. 0. 0. 2.47662747e-003
    1.43103348e-003 0. 0. 0. 0. 0. 0. 2.25963956e-003 0. 0.
    1.16334972e-003 0. 0. 0. 0. 1.78209622e-003 5.92250330e-003 0. 0.
    4.61047608e-003 0. 8.48475378e-003 0. 0. 0. 0. 1.34912122e-003 0.
    2.57992372e-003 0. 2.22244952e-003 4.66627814e-003 0.
    7.87625089e-004 8.54177575e-004 0. 0. 0. 1.95742399e-003 0. 0.
    -4.80073824e-004 0. 0. 0. 0. 0. 0. 5.95794013e-003 3.33478861e-003
    1.83839258e-003 0. 0. 0. 1.43912341e-003 0. 0. 0. 7.01315561e-003 0.
    0. 0. 1.49561756e-003 0. 0. 0. 8.84703733e-003 1.13910087e-003 0.
    6.19245833e-003 0. 0. 0. 1.70208048e-003 0. 0. 0. 0. 0.
    2.95781088e-003 1.69240031e-002 0. 0. 9.68967506e-004 0. 0.
    7.42423988e-004 0. -1.59134460e-003 0. 9.04636178e-003 0. 0. 0. 0.
    2.67658010e-003 0. 0. 0. 0. 7.96148460e-003 0. 0. 0. 4.95971693e-003
    0. 0. 0. 1.40360221e-002 0. 3.78812547e-003 7.51298794e-004
    3.38408723e-003 0. 0. 0. 1.76059303e-003 2.86389422e-003 0.
    2.34399200e-003 0. 0. 0. 1.38591859e-003 0. 0. 0. 0. 8.26272275e-003
    0. 0. 0. 0. -5.20343601e-005 0. 1.21863035e-003 0. 0. 0.
    2.76580523e-003 3.51609400e-004 0. 0. 0. 0. 0. 1.44770194e-003
    1.47855596e-003 0. -7.44834018e-004 0. 0. 0. 0. 0. 0. 0. 0. 0. 0. 0.
    8.32225848e-003 0. 7.85005745e-003 0. 0. 0. 2.30934165e-004 0. 0. 0.
    7.06210441e-004 5.65267459e-004 1.39688316e-003 0. 0. 0. 0. 0. 0. 0.
    0. 0. 2.39970884e-003 0. 0. 0. 0. 0. 3.06443614e-003 0. 0.
    -1.14907126e-003 0. 7.54160632e-004 9.07929800e-003 1.50652661e-003
    0. 1.24372693e-003 1.93207583e-003 0. 4.94273333e-003
    -1.60078445e-004 0. 0. 0. 2.21405484e-004 0. 0. 1.13762845e-003 0.
    0. 2.46201293e-003 0. 0. 7.05157581e-004 0. 1.41336152e-003 0. 0. 0.
    8.27120431e-003 0. 0. 0. 0. 0. 5.24944335e-004 0. 4.28353727e-004 0.
    -1.25824439e-003 0. 0. 1.04519748e-003 0. 1.06632346e-002 0.
    1.81540183e-003 8.14306643e-003 0. 0. 0. 0. 0. 0. 2.92774290e-004 0.
    -1.01070001e-003 0. 8.19295296e-004 3.03939544e-003 0.
    8.83355271e-003 0. 0. 0. 1.01765739e-002 1.57376227e-003 0.
    3.23659251e-003 1.00817075e-002 0. 0. 0. 0. 8.92691955e-004
    3.12229828e-003 5.94645215e-004 0. 0. 3.96786444e-003 0. 0.
    4.39830171e-003 0. 0. 1.45722541e-003 0. 0. 0. 0. 0. 3.62325506e-003
    0. 0.</data></imageDescriptor>
</opencv_storage>
