<?xml version="1.0"?>
<opencv_storage>
<imageDescriptor type_id="opencv-matrix">
  <rows>1</rows>
  <cols>1000</cols>
  <dt>f</dt>
  <data>
    0. 9.12507530e-003 0. 5.92752779e-003 1.77314470e-003
    2.04248726e-003 4.67194885e-004 8.99751484e-003 0. 2.00190625e-004
    0. 3.50379292e-003 0. 0. 0. 0. -4.58973809e-004 0. 1.57167250e-003
    1.36157684e-003 0. 2.29340955e-003 0. 0. 7.60834781e-004 0.
    -1.10469956e-003 9.46131477e-004 0. 0. 1.91625484e-004
    3.73255624e-003 0. 0. 2.47113011e-003 0. 2.01130309e-003
    4.85258037e-003 0. 5.32638456e-004 0. 0. 0. 1.49881444e-003
    1.73379434e-003 2.34931358e-003 0. 1.02597224e-002 -6.66981214e-004
    0. 0. 0. 0. 0. 0. 1.33364240e-003 -6.87027758e-004 -5.11516468e-004
    0. 7.07999163e-004 0. 1.11438276e-003 0. 2.21284296e-004 0.
    1.07344182e-003 0. 0. 0. 0. 2.06775730e-003 0. 0. 1.71507534e-003
    2.72897677e-003 0. 1.24354579e-003 -1.79825729e-004 2.70906789e-003
    0. 0. 0. 0. 7.54095032e-004 1.62313506e-003 0. 0. 0. 0.
    2.89845141e-003 1.94501202e-003 3.96878598e-003 1.54699071e-003
    5.78826934e-004 0. 4.26099403e-003 6.27315929e-003 7.06298102e-004
    0. 0. 2.12414120e-003 -6.98714401e-004 0. 3.42547370e-004 0.
    1.49065058e-003 1.17722549e-003 0. 4.65735327e-003 0. 0.
    5.14648971e-004 -6.58384088e-005 0. 3.56490421e-003 0.
    4.74131113e-004 0. 0. 1.10045960e-003 3.81234474e-003
    9.86697967e-004 2.10280810e-003 3.00922198e-004 0. 0. 0.
    8.82536173e-004 0. 1.44659367e-003 6.22016657e-003 1.02669536e-003
    3.44404741e-003 1.88961427e-003 0. 0. 0. -1.87009515e-003
    2.66533135e-003 3.11780092e-003 1.57023617e-003 0. -7.15185248e-004
    3.22986115e-003 2.50285468e-003 0. 0. 5.76569187e-003
    1.88221491e-003 0. 5.13757579e-003 0. 0. 2.81686615e-003
    2.77566793e-003 2.21157516e-003 6.95998548e-004 0. 1.54492091e-002
    9.63892962e-004 0. 6.77220989e-004 1.76877866e-003 -2.32685287e-003
    5.73945872e-004 0. -3.47269699e-004 2.55478290e-003 3.33222444e-004
    0. 0. -1.57968861e-005 8.56865488e-004 5.50155435e-003
    -1.57294364e-003 0. 0. 1.67791150e-003 1.07054808e-003
    5.19499416e-004 1.26674515e-003 6.32638298e-003 0. 3.84339743e-004
    4.51105356e-004 0. 8.35623592e-003 6.22985186e-004 3.07384809e-003
    0. 4.02513018e-004 0. 3.80521500e-003 0. 0. 0. 0. 0. 0. 0.
    2.07392179e-004 1.22532446e-003 2.39594467e-003 2.95443111e-003
    7.82841234e-004 6.89184584e-004 5.55026811e-004 5.25716227e-004 0.
    4.96400520e-003 1.10125158e-003 1.62380771e-003 0. 4.10181284e-003
    3.74037842e-003 1.35343836e-003 4.19279764e-004 2.58522783e-003 0.
    1.25523133e-003 0. 0. -5.48333104e-004 -3.91890353e-006 0.
    3.28294444e-003 0. 0. 0. 1.79373121e-004 4.70653456e-003 0. 0.
    1.82132266e-004 0. -2.50315876e-004 0. 0. 4.07530461e-003
    1.61849166e-004 2.41692702e-004 1.50699358e-004 8.20125174e-003 0.
    7.40079908e-004 5.77653246e-003 1.99245778e-003 0. -1.62715878e-004
    0. 5.82612302e-005 0. 2.55517545e-003 0. 0. -4.00810706e-004 0.
    2.75639119e-003 3.22631537e-003 0. 1.11436262e-003 0.
    1.13121932e-003 0. 1.82785199e-003 0. 7.68838450e-004
    -5.22293230e-005 1.78604433e-003 0. 0. 2.28688191e-003 0.
    2.22920789e-003 -5.42193768e-004 0. 0. -9.00516345e-004
    2.51813582e-003 0. 5.94404410e-004 2.86162505e-003 3.41897644e-003
    0. 1.47680903e-003 1.73557340e-003 0. 5.64723974e-003 0.
    2.19339054e-004 3.74230463e-003 0. 2.40903837e-003 0. 0. 0.
    1.09348074e-003 1.63600233e-003 4.11091431e-004 0. 2.33686762e-003
    0. 0. -7.93908490e-004 0. 0. 0. 5.45579242e-004 3.40273720e-003
    9.39894374e-003 4.12199646e-004 6.61597587e-004 0. -5.54917206e-004
    1.81362382e-003 0. 2.54093000e-004 1.53116288e-003 0.
    2.07130055e-004 2.85959686e-003 4.57255373e-004 2.70514982e-003 0.
    -6.71794347e-004 -1.58707597e-004 0. 0. 2.98879575e-003
    1.39914418e-003 0. 0. 3.28080659e-003 -2.69403099e-003 0. 0. 0.
    -2.03310075e-004 1.04575383e-003 0. 5.15368721e-003 2.30268156e-003
    0. 0. 4.44226526e-003 0. 0. 0. 0. 0. 4.13624756e-003 1.02679606e-003
    1.97766698e-003 1.07686225e-004 2.13636295e-003 2.01022194e-004 0.
    1.89059449e-003 0. 3.98160052e-003 0. 2.81935278e-003 0. 0.
    1.32520113e-003 9.18593723e-003 1.67058175e-003 1.21298435e-004 0.
    -4.21796372e-004 4.61261068e-003 0. -4.04122315e-004 0. 0.
    9.60649704e-005 2.11406779e-003 2.30192440e-003 4.05030551e-005
    2.38423259e-003 1.93210843e-003 0. 0. 1.32281188e-004
    4.71464708e-004 0. 6.36194309e-004 -1.33714732e-003 0.
    1.63196179e-003 2.29088892e-003 -6.20952691e-004 2.76669045e-003
    5.43175032e-003 0. 2.49440642e-003 3.97527940e-004 8.66496353e-004
    -2.07219447e-004 1.12952816e-003 0. 0. 2.32015736e-003
    2.94765411e-003 0. 6.42911764e-003 5.19600988e-004 0. 0.
    -1.46831642e-003 1.74360001e-003 2.00278405e-003 0. 0.
    5.97853388e-004 -1.50201726e-003 0. 0. 8.41701694e-004 0.
    -2.37715976e-005 1.40381791e-003 0. 2.94837332e-003 0.
    6.06738031e-003 3.38695059e-003 0. 0. 0. 6.53395138e-004 0.
    4.62144380e-003 0. 0. 9.33473522e-004 0. 2.94559379e-003
    2.73386802e-004 1.00693468e-003 0. -4.45200305e-004 3.57435062e-003
    6.57173106e-004 0. 1.48952240e-003 0. -1.15165976e-003
    2.51909695e-003 0. 0. 3.16344696e-004 0. 0. 0. 3.57486610e-003
    -1.31671655e-003 0. 0. 0. 3.68978333e-004 1.59073446e-003
    1.28488464e-003 0. 0. 2.69306614e-003 4.92850486e-005
    2.41027912e-003 0. 7.36716203e-003 0. 0. 2.72578676e-004
    3.60608310e-003 5.95254707e-004 -5.19980749e-005 0. 0. 0.
    2.14274600e-003 7.90359860e-004 1.96027453e-003 1.75447983e-003 0.
    4.76639980e-005 3.49720032e-003 8.38680484e-004 2.49151373e-003 0.
    0. 0. 0. 0. 0. 9.10502044e-004 0. 0. 0. 2.04430567e-003 0.
    5.82644658e-004 0. -2.49235192e-004 -8.32417456e-004
    -3.96016898e-004 0. 0. 1.72225782e-003 2.38349359e-003 0. 0.
    4.74924408e-003 0. 0. 0. 1.47183391e-003 7.06465042e-004 0.
    6.57972042e-003 2.24753004e-003 0. 0. 1.04846724e-004 0.
    4.12339019e-003 1.14134862e-003 1.32248504e-003 2.23678144e-004 0.
    2.32669874e-003 0. 0. 0. -1.11371267e-003 0. 6.25587942e-004
    4.53756331e-003 2.32922539e-005 0. 2.40176776e-003 2.85425829e-003
    1.57041138e-003 0. 2.74263369e-003 0. 3.11473361e-003 0. 0. 0.
    1.35493930e-003 1.11240835e-003 0. 0. 0. 0. 2.59322789e-003
    5.89911407e-003 1.22423959e-003 9.82701429e-004 2.44038110e-003 0.
    2.17003888e-003 0. 0. 3.64078698e-003 0. 0. 1.12953720e-004 0.
    9.60857782e-004 1.61085930e-003 3.23190563e-003 0. 2.32604006e-003
    1.92747157e-005 0. 1.40525249e-003 0. 9.27341811e-004 0. 0. 0.
    4.22884384e-003 0. 1.64682756e-003 2.00483017e-003 0.
    4.79293754e-003 0. 0. 0. 0. 0. 2.17875838e-003 0. 7.65794888e-003 0.
    0. 1.07643811e-003 0. 0. 0. 0. 0. 0. 0. 0. 0. 1.11160020e-003 0. 0.
    2.03894288e-003 4.56958869e-003 1.16890087e-003 7.74052111e-004
    2.08272319e-003 1.73300132e-003 0. 1.19645777e-003 5.61382913e-004
    0. 8.61726701e-004 -2.01328262e-003 0. 0. 0. 0. 1.08855090e-003 0.
    0. 0. 3.06498143e-003 1.10974337e-003 3.44879273e-003 0.
    -1.93912594e-003 0. 6.65516418e-004 0. 5.11380471e-003
    6.47207562e-005 1.46875530e-003 -5.76396124e-005 0. 0. 0. 0.
    2.92886631e-003 1.39853160e-003 1.17982004e-003 1.17354642e-003
    -1.33771729e-003 0. 0. 3.67220771e-003 0. 0. 0. -4.95739805e-004
    2.22073798e-003 0. 1.69730745e-004 0. 0. 0. 0. 7.67770037e-003
    8.93781602e-004 0. 0. 1.36233750e-003 -2.09164791e-004
    3.02624120e-003 2.52585043e-004 3.87105771e-004 0. 0. 0.
    -1.31947745e-003 0. 2.04195012e-003 1.27173227e-003 -2.49994046e-004
    0. 0. 1.33779214e-003 0. 0. 1.80660747e-004 0. 3.32631078e-003
    3.55251832e-003 2.66913441e-003 1.83481351e-003 0. 0. 0.
    1.10890418e-002 0. 0. 2.65763979e-003 5.70793170e-004 0. 0. 0. 0. 0.
    0. 7.30340107e-005 0. 0. 0. 1.32321520e-002 8.38348700e-004 0. 0.
    6.75836438e-003 -1.55076990e-003 0. 9.63544473e-004 0.
    2.45788810e-003 1.30131666e-003 0. 0. 2.68241065e-003 0.
