<?xml version="1.0"?>
<opencv_storage>
<imageDescriptor type_id="opencv-matrix">
  <rows>1</rows>
  <cols>1000</cols>
  <dt>f</dt>
  <data>
    0. 0. 5.37107175e-004 0. 0. 9.91825759e-003 2.49126169e-004 0. 0. 0.
    0. -4.48084960e-004 0. 3.50484857e-003 0. 5.32393577e-003
    -8.10420141e-004 3.79814021e-003 1.10261003e-003 0. 5.30418055e-003
    -2.53203034e-004 6.95350638e-004 0. 4.62938193e-003 0. 0. 0. 0. 0.
    1.17497789e-002 3.86050949e-003 -2.19665281e-003 1.59466523e-003
    3.32752056e-003 0. 0. 0. 0. 0. 0. 0. 5.02259983e-003 2.11188989e-003
    2.02149595e-003 5.40319656e-004 0. -2.23579511e-004 1.15700962e-003
    0. 1.46871002e-003 -2.15352559e-003 3.85156134e-003 3.07260035e-003
    -5.84499561e-004 0. 3.86489235e-004 -3.96426010e-004 0.
    1.58631825e-003 1.63621863e-003 2.23377341e-004 0. 9.35504271e-004
    -1.05172582e-003 0. 0. 0. 6.99440367e-004 4.14796668e-004 0.
    3.32264346e-003 0. 0. -6.80051671e-005 -1.56086113e-004 0. 0. 0.
    1.87585480e-003 0. 6.77598035e-003 5.69562253e-004 4.38087899e-003
    5.00935130e-004 0. 0. 1.65919960e-003 2.22612740e-004
    3.52092437e-003 8.10098776e-004 4.56319051e-003 -4.49661602e-004 0.
    0. -3.93244583e-004 0. 0. 0. 0. 0. 0. 3.23578948e-003
    9.88036045e-004 0. 0. 0. 0. 0. 1.63018727e-003 0. -1.48777117e-003
    0. 0. 3.47349350e-003 0. -1.00932273e-004 0. -8.84482579e-004 0.
    2.46596849e-003 1.57722796e-004 0. 1.28139183e-003 2.69606797e-004
    2.15098867e-003 4.22223937e-003 0. 6.88579166e-004 0.
    4.78658406e-003 0. -1.11340114e-003 0. 0. 9.89741762e-004
    2.11520866e-003 0. 0. 3.40042170e-003 7.63124903e-004 0. 0. 0.
    -7.14602938e-004 0. 2.65715091e-004 3.51431896e-003 1.24609051e-003
    2.97996192e-003 7.62179727e-004 1.43729628e-003 9.91655048e-004 0.
    5.34456503e-003 0. -1.91026391e-003 1.44991255e-003 0. 0. 0.
    -6.56917575e-004 -1.04071840e-003 0. 4.82615689e-003 0.
    4.77946131e-003 2.22336943e-003 0. 6.01413485e-004 1.35809032e-003
    3.98788461e-003 3.73375090e-003 0. 4.34151990e-003 4.55459859e-003
    0. 0. 0. -8.77269253e-004 0. -1.58400711e-004 0. -2.43064482e-003 0.
    0. 6.28084119e-004 5.01512608e-004 3.34078865e-003 0.
    -3.46958841e-004 0. 0. 0. 0. 1.56085915e-003 0. -3.86334606e-004
    -1.26581907e-003 1.39642693e-003 -8.47765259e-005 0.
    -6.67414861e-003 -1.21516222e-003 0. 0. 0. 2.54246872e-003
    1.12193846e-003 5.41041023e-004 0. 0. -1.94514680e-004
    -2.51343939e-004 0. 0. 0. 1.27982092e-003 2.87253037e-003 0.
    3.03809356e-004 3.34452285e-004 0. -1.20640587e-004 3.51186818e-003
    0. 0. 0. 0. 7.46548735e-003 0. 7.91624479e-004 1.05122104e-002
    7.00040115e-003 0. 0. 0. 2.25000695e-004 2.76846229e-003
    1.08472782e-003 0. 0. 0. 2.49517919e-003 -1.15757959e-003
    -8.51507575e-005 0. 0. 0. 1.24742766e-003 7.35630002e-003
    2.81594251e-003 4.01386176e-004 0. 8.76369537e-004 5.89389005e-004
    2.54577521e-004 6.98968954e-003 0. 1.34781597e-003 1.50626386e-003
    0. -9.00854531e-004 -9.22197141e-005 4.04484104e-003 0. 0.
    -1.98902388e-004 0. 0. 0. 3.12167133e-004 6.96447492e-003
    -2.70356104e-004 2.30361335e-003 3.38978344e-003 1.49548450e-003 0.
    -8.85107875e-005 0. 0. 0. 0. -5.00076276e-004 1.17443246e-003
    -4.27245046e-004 0. 5.25420159e-003 0. -1.91670924e-003
    -3.14898898e-005 0. 2.60594720e-003 0. 0. 1.49702490e-003 0.
    3.27828433e-003 -7.74772954e-004 0. -1.57142570e-003 1.31580979e-002
    0. 1.12210540e-003 -2.77033600e-004 0. 8.53438803e-004 0. 0. 0. 0.
    5.83344547e-004 3.48408148e-003 0. 3.99134960e-003 0.
    3.46101820e-004 0. 0. 1.22619444e-003 3.15848412e-003 0.
    1.17585936e-003 0. -7.05593498e-004 0. 3.84312589e-004 0. 0.
    2.50686286e-003 -3.15504789e-004 0. 0. 3.98201123e-003 0.
    -1.00522931e-003 0. 0. -1.12459681e-003 2.54091318e-003
    1.77618838e-003 0. -9.57699784e-004 4.06287611e-003 1.33014086e-003
    -2.00522714e-004 0. 4.97268746e-004 0. 0. 0. 6.44142646e-003
    9.48630623e-004 0. 0. 0. 3.84049956e-003 5.64078940e-003
    -6.44779589e-004 0. -3.75485222e-004 -1.21618528e-003
    5.15378686e-003 1.69498823e-003 1.58365211e-003 0. -3.10508127e-004
    0. 0. 1.94910227e-003 0. 0. 0. 0. 3.04725108e-004 0. 0.
    2.65490497e-003 0. -2.78932741e-003 0. 0. 0. 1.90433755e-003 0. 0.
    0. -1.81829440e-003 2.21024547e-003 1.33175834e-003 0. 0. 0. 0. 0.
    5.05157514e-003 0. 8.03203089e-004 0. 0. 0. 0. 9.22331493e-003
    1.27339072e-003 5.40016510e-004 8.66479706e-004 0. -1.59757925e-004
    3.98546550e-003 0. -2.01668707e-003 -6.68757653e-004 1.48176332e-003
    0. 0. 3.08256526e-003 -3.52766807e-003 -9.12087562e-004
    3.06974771e-003 7.19820091e-004 0. 2.89225532e-003 2.79159169e-003
    0. 8.69237445e-003 0. 0. 3.57888942e-003 4.00110293e-004
    3.23179783e-003 0. 6.06147165e-004 0. 6.75631780e-003
    2.04112497e-003 4.11791308e-003 2.65559647e-003 -2.88547738e-003 0.
    0. 0. 0. 0. 1.17702864e-003 0. 0. 5.43705607e-003 0. 0. 0. 0. 0.
    7.10454769e-004 0. 7.46654579e-004 1.17856148e-003 0. 0.
    4.72634332e-003 2.32159183e-003 5.54223685e-003 1.11447098e-002 0.
    0. 0. 0. 0. 2.04842145e-004 -1.05609070e-003 0. 8.55396094e-004
    3.39153223e-003 2.67495844e-003 0. 0. 0. 0. -1.72180517e-005
    3.77719733e-003 0. 0. 7.39264186e-004 0. 0. 1.31786597e-004
    1.30636606e-003 5.33975754e-003 7.49968400e-004 -1.17523654e-003
    4.26711544e-004 0. 2.83530186e-004 0. 8.83207249e-004 0.
    2.42427830e-003 0. -7.37547409e-004 1.57991739e-003 -2.46119220e-004
    0. 0. 0. 0. 0. 8.47858726e-004 4.77125542e-003 0. -1.07900309e-003
    0. -4.44891688e-004 0. 0. 5.60383138e-004 2.56977044e-003 0.
    2.66553671e-003 -3.61481125e-006 3.76258767e-003 1.17410149e-003
    1.71037900e-004 1.01407256e-003 1.00802793e-003 7.45177921e-003
    3.09910742e-003 0. 0. -6.74112642e-004 0. 0. 0. 0. 1.22721703e-003
    2.75200512e-003 0. 2.00659432e-003 2.28819088e-003 0.
    6.23948406e-003 0. 0. 0. 0. 1.52774854e-003 1.79480563e-003 0. 0.
    4.94037056e-003 -3.16204678e-004 0. 0. 0. 0. 4.07871604e-003 0. 0.
    7.82554038e-003 0. 1.01022469e-002 -7.42808508e-004 1.46021880e-003
    1.21341879e-003 1.33397402e-002 0. 1.92459323e-003 2.63584452e-003
    0. -6.50700676e-005 0. 1.47250679e-003 0. 9.01278341e-004 0.
    1.07008370e-003 0. 0. 1.67361891e-003 2.75583030e-003 0. 0.
    -2.16527143e-003 4.51991288e-003 4.74626012e-003 0. 3.03437863e-003
    0. 5.18980762e-003 -4.93071217e-004 0. 3.97542631e-003
    6.41341461e-003 0. 0. -2.79732863e-003 0. 0. 0. 4.27401997e-003 0.
    2.65551032e-003 0. -1.90787145e-003 0. 0. 1.13467430e-003
    -7.77514651e-004 6.67820638e-003 0. 0. 6.33573625e-003 0. 0.
    3.07903043e-004 8.39031127e-004 0. 0. 2.00034957e-003
    5.50098543e-004 0. 0. 0. -4.62493772e-004 0. 0. 2.08015600e-003 0.
    0. 0. 1.17768748e-002 0. 1.37866056e-003 9.40722937e-004 0.
    1.00773724e-003 0. 0. 9.74469876e-004 0. 0. 0. 1.00811629e-003 0. 0.
    1.59861101e-003 0. 4.13253251e-003 0. -1.60641177e-003
    3.93996621e-003 0. 1.19763031e-003 0. 0. 1.55736285e-003 0.
    4.84924810e-003 4.43449302e-004 -4.73778555e-003 0. -1.30028778e-003
    8.90381401e-004 6.79808436e-003 0. 1.30979845e-003 0.
    -7.14459966e-005 3.22766183e-003 1.24649529e-003 0. 0.
    2.22956412e-003 0. 6.70271402e-004 2.96153099e-004 -1.43391069e-003
    0. 0. 0. 4.78589442e-003 1.54864407e-004 0. 0. 0. 0. 0. 0.
    -3.86788888e-004 0. 5.01516974e-003 0. 0. 0. 1.11754481e-002
    8.67383089e-003 0. 7.15716882e-003 -3.83915321e-004 0.
    7.03462912e-003 7.58390501e-003 2.22309306e-003 0. -1.05386355e-003
    0. 0. 0. -6.41302438e-004 3.74371395e-003 -9.24676831e-004
    8.14511906e-003 1.52919820e-005 3.46574048e-003 0. 0. 0. 0. 0. 0. 0.
    0. 4.81099775e-003 0. 0. 0. 0. 2.36713770e-003 0. 7.09867151e-003 0.
    7.26046460e-003 6.90488494e-004 1.36525440e-003 0. 0. 0. 0. 0. 0. 0.
    0. 3.08376300e-004 0. 6.72844006e-004 3.10963555e-003
    2.64114322e-004 0. 3.75341740e-003 2.33850814e-003 9.01566818e-004
    7.43503589e-003 0. 0. 0. 0. 1.07614798e-002 0. 0. 1.59108464e-003 0.
