<?xml version="1.0"?>
<opencv_storage>
<imageDescriptor type_id="opencv-matrix">
  <rows>1</rows>
  <cols>1000</cols>
  <dt>f</dt>
  <data>
    0. 6.83664577e-004 0. 0. 0. 0. 0. 0. 8.02628696e-003 0.
    3.13867582e-003 0. 0. 0. 0. 9.55004152e-003 -3.12266219e-003 0. 0.
    0. 2.26364168e-003 0. 0. 0. 0. 0. 2.69651948e-003 4.23953542e-003 0.
    0. 0. 0. 0. 1.80502684e-004 1.58577852e-004 1.85907597e-003
    5.19354315e-003 2.95875641e-003 0. 2.79107154e-003 5.93789329e-004
    1.16645091e-003 6.92572037e-004 1.45413959e-003 2.83460226e-003
    3.02079739e-003 0. 8.27050861e-003 0. -9.28887981e-004 0. 0. 0. 0.
    0. 4.31073690e-003 1.41441904e-003 5.67871332e-003 0. 0. 0.
    3.05604562e-003 -1.96493638e-004 0. 0. 0. 7.99739454e-003 0. 0. 0.
    0. 0. 0. 0. 0. 2.56543397e-003 2.37494800e-003 0. 0. 0. 0. 0. 0.
    4.78912471e-003 0. 3.88121209e-003 0. 1.59657747e-002 0. 0.
    -1.44558004e-003 0. 1.02378177e-002 1.10785791e-003 0.
    8.37720465e-003 0. 1.82399736e-003 2.03458243e-003 0. 0. 0. 0.
    3.43618984e-003 0. 0. 0. 6.69743307e-003 -3.11440905e-004
    -5.56184037e-004 0. 0. 0. 0. 5.67655498e-003 2.69247219e-003 0. 0.
    3.97944497e-003 0. 3.41369247e-004 0. 4.92268568e-003
    2.02845782e-003 0. 0. 0. 0. 0. 0. 0. 0. 6.19350700e-004 0. 0.
    2.22530263e-003 0. 3.76616110e-004 -1.99655443e-003 -1.81668787e-003
    0. 0. 0. 0. 0. 0. 0. 7.22297700e-004 0. 0. 0. -3.41206651e-005 0.
    1.77236972e-003 0. 0. 6.28740294e-003 0. 4.10566153e-003 0. 0. 0. 0.
    0. 0. 0. 3.40183522e-003 0. 4.44261730e-003 5.45616122e-003
    1.58008970e-002 0. 0. 0. 1.46639685e-003 0. 0. 0. 0. 0. 0.
    -2.00413004e-003 -2.94831232e-003 6.42741285e-003 0.
    -5.79051091e-004 0. 5.38367452e-003 -5.29091747e-004 0.
    4.06314945e-003 1.39781262e-003 0. 0. 1.13956782e-003
    2.10390717e-004 4.89644380e-003 -1.70617050e-003 2.80671869e-003 0.
    0. -2.53419788e-003 0. 0. 0. 0. 0. 0. -1.33138907e-003 0.
    1.98092847e-003 0. 0. 0. 0. 2.91314116e-003 -2.35017185e-004 0.
    1.50645210e-003 8.11947975e-003 0. 0. 0. 0. 0. 9.71680135e-003
    6.58572884e-003 0. 1.77225238e-003 3.12635000e-003 1.22896861e-003
    0. 0. -3.62574239e-004 4.34291828e-003 0. 0. 0. 6.77027460e-003
    3.60081089e-003 0. 0. 9.94267594e-003 0. 6.83890539e-004 0.
    6.38921792e-003 -1.18313221e-006 2.87083024e-003 -2.25782278e-004 0.
    0. 0. 0. 7.63220154e-003 0. 0. 0. -6.30250783e-004 0.
    4.05117590e-003 8.76855847e-005 2.63310247e-003 -8.65005539e-004
    2.77013780e-004 0. -4.98253969e-004 0. 0. 0. 2.64292769e-003
    1.90464570e-003 0. 0. 0. 1.68128160e-003 2.74598598e-003 0.
    5.18078217e-003 0. 0. 4.49075131e-003 -1.07449468e-003
    1.45808293e-003 0. 0. 0. 0. 5.16538089e-003 0. 0. 1.08570652e-003 0.
    0. 0. 0. 0. 1.27340702e-003 0. 0. 1.00096213e-002 -2.32389546e-003
    0. 0. 5.02998522e-003 0. 0. 2.63960287e-003 1.24955236e-003
    -2.82278168e-003 1.23993913e-003 0. -1.49030981e-004 0. 0.
    7.00909877e-004 0. 0. 0. 0. 1.90605380e-004 -8.21110792e-004 0. 0.
    -1.14283932e-003 2.12443210e-005 5.07756718e-004 0. 9.65050049e-003
    0. 0. 6.60928758e-003 5.36727603e-004 3.78853967e-003
    2.59653525e-003 0. 0. 0. 0. 1.22379791e-003 0. 0. 0. 0.
    -7.44937395e-004 2.90622399e-003 -8.39076383e-005 0. 0.
    6.53000141e-004 0. 0. 0. 0. 4.74334089e-003 1.25315378e-003 0. 0.
    2.07646331e-003 0. 0. -1.72257330e-003 -2.35487998e-004
    7.24562351e-003 -3.68802663e-004 0. 0. 5.53284027e-003 0.
    7.33388588e-004 0. 0. 6.01299154e-003 0. 2.39910884e-003 0. 0. 0. 0.
    1.49774447e-003 -7.44739547e-004 0. 0. 5.72320446e-003
    1.28896616e-003 0. 0. 0. 6.48172246e-003 0. 0. 0. 1.24635699e-003 0.
    0. 0. 0. 0. 6.93878997e-003 0. 0. 0. 2.93045212e-003 0. 0.
    4.45040269e-003 9.29471571e-003 -1.41721021e-003 0. 0.
    3.39043839e-003 -5.35822753e-003 0. 0. 0. 0. -8.30231525e-004 0. 0.
    5.63978776e-003 0. 0. 3.30268755e-003 -3.73181363e-004
    1.25760422e-003 1.26917847e-003 0. 0. 4.21386026e-003 0. 0.
    1.40411465e-003 0. 0. 6.90604793e-003 0. 1.10910099e-003 0. 0. 0.
    8.12538550e-004 0. 0. 0. 0. 0. 0. 6.84291450e-003 -2.35820728e-004
    0. 0. 4.49810363e-003 0. 0. 6.84749917e-004 5.32983057e-003 0. 0.
    2.65903585e-003 0. 0. 0. 0. 0. -9.77060292e-004 0. 0.
    6.97216252e-004 2.53878324e-003 3.94315086e-003 0. 0. 0. 0.
    8.78555933e-004 0. 0. 0. 0. 0. 0. 0. 2.57278822e-004 0. 0.
    3.65652959e-003 0. 0. 0. 1.80020626e-003 0. 0. -2.37813848e-003 0.
    4.79834154e-003 0. 3.12721566e-003 0. 0. 0. 0. -2.38619046e-004 0.
    2.04464514e-003 0. 0. 2.31889612e-003 0. 0. 0. 0. 0. 3.70715233e-003
    0. 3.29188164e-003 0. 1.73050561e-003 0. 3.58180585e-003
    9.18258633e-003 -1.37513608e-003 0. 0. 0. 0. 0. 0. 2.25889124e-003
    0. 5.17562963e-003 0. 1.31898746e-002 0. 3.52567574e-003
    6.91300863e-003 0. 3.55988694e-003 3.36928386e-003 1.09671825e-003
    0. 0. 5.29974606e-003 0. 0. 0. 0. 1.82464207e-003 0. 0. 0.
    1.35695990e-002 0. 0. 0. 0. 0. 1.49122410e-004 0. 0. 2.30025058e-003
    0. 0. 1.03344684e-002 0. 6.65377302e-004 0. 0. 4.43595834e-003
    -1.38095417e-003 0. -8.36285239e-004 0. 2.53481558e-004 0. 0. 0. 0.
    0. 0. -1.18989148e-003 3.10771330e-003 3.03918123e-003 0. 0. 0. 0.
    0. 5.98127767e-003 0. 4.17306367e-003 0. 0. 0. 0. 0. 0. 0. 0. 0. 0.
    0. 1.06864446e-003 0. 3.18504241e-003 0. 0. 8.40649102e-003 0.
    3.88261373e-003 0. 1.24305505e-002 -2.52474099e-004 1.50437385e-003
    0. 3.23692127e-003 0. 2.34373449e-003 0. 0. 0. 1.57223619e-003
    5.16743073e-003 8.70519970e-003 0. 0. 6.72113893e-005
    1.48267823e-003 0. 1.14959236e-002 0. 0. 4.85604675e-003
    -1.26221182e-003 0. 2.27116887e-003 0. 0. 2.16253614e-003
    1.04762847e-004 0. 0. 1.46328588e-004 0. 0. 0. -6.91465568e-004 0.
    1.20658893e-003 -6.89019961e-003 0. -1.39910483e-003 0. 0. 0.
    3.60884983e-003 2.30205967e-003 5.95301506e-004 0. 1.12303765e-003
    0. 0. 0. 0. 3.17081506e-003 0. 0. 0. 0. 1.10832788e-003 0. 0. 0.
    2.87805381e-003 0. 1.88472285e-003 0. 2.47072219e-003 0. 0.
    2.45247665e-003 0. 0. 0. 1.33131468e-003 0. 0. 4.80051013e-003 0. 0.
    0. -4.54000721e-004 0. 1.62168115e-003 0. 0. 0. 0. 0. 0. 0. 0. 0. 0.
    0. 1.19157257e-002 9.31889401e-004 -1.47687702e-003 0.
    -9.59529832e-004 0. 2.07594247e-003 2.20958446e-003 2.06749584e-003
    0. 0. 0. 0. 1.40146341e-003 0. 6.06881105e-004 -2.84214527e-003
    -2.33072627e-004 -1.76385907e-003 2.39102542e-003 0. 0. 0.
    1.23937055e-002 0. 0. 3.31639615e-003 0. -1.54592411e-003 0.
    6.28074980e-004 -8.29209690e-004 1.31579407e-003 5.34499297e-003
    2.84366845e-003 0. 5.31728903e-004 0. 1.55463442e-003 0. 0.
    2.58512585e-003 0. 0. 1.17128657e-003 0. -1.76147104e-003 0. 0.
    3.12991696e-003 5.75992931e-003 0. 0. 0. 0. 2.48464028e-004 0.
    1.07487524e-002 0. 0. 0. 1.70090108e-003 3.40386713e-003 0. 0.
    2.92692427e-003 0. 0. 0. -5.89129806e-004 0. 0. 0. 0.
    1.08968408e-003 0. 0. 0. 0. 0. 0. 0. -1.27314925e-004 0.
    4.01452277e-003 0. 1.24641450e-003 0. 4.60877130e-003
    3.08768661e-003 2.85512418e-003 0. 4.62999707e-003 2.51550344e-004
    0. 9.72233887e-004 0. 0. 0. 4.31490550e-003 0. -4.24478203e-005 0.
    -6.59640064e-004 2.47164536e-003 0. 0. 6.31928211e-003 0. 0. 0. 0.
    1.24397920e-003 8.74956790e-003 1.22451002e-003 0. 0. 0. 0. 0. 0. 0.
    0. 0. 2.39924877e-003 1.30116171e-003 0. 0. 1.88792089e-003
    7.79400056e-004 4.10031807e-003 0. 0. 6.32607099e-003
    1.46152056e-003 -1.94076146e-003 0. 0. 8.04038532e-003 0.
    4.81073558e-003 6.98795600e-004 0. 0. 0. 0. 0. 0. 0. 0. 0. 0. 0.
    2.79141986e-003 0. 7.21592270e-003 0. -1.19340746e-003
    6.60926430e-003 3.28044081e-003 1.98419485e-003 0. 2.76072766e-003
    1.31799068e-004 4.29217820e-004 0. 0. 5.05798380e-004 0. 0.
    -1.43451488e-003 1.08531641e-003 1.69975578e-003 0. -1.80705404e-003
    2.61946581e-004 0. 0. 0. 2.32411711e-003 9.90099856e-004
    2.42058933e-003 8.02926067e-003 0. 0. 2.05413694e-003 0. 0. 0.
    3.25961038e-003 1.47580577e-003 0. 0. -2.56895088e-004 0. 0. 0.
