<?xml version="1.0"?>
<opencv_storage>
<imageDescriptor type_id="opencv-matrix">
  <rows>1</rows>
  <cols>1000</cols>
  <dt>f</dt>
  <data>
    0. 4.18856088e-003 3.98770702e-004 1.75302441e-003 1.53186254e-003
    0. 0. 0. 0. 4.56779078e-003 0. 6.18940964e-003 8.29047523e-003 0.
    9.81090823e-004 0. 0. 0. -1.57230970e-004 0. 0. 3.32348701e-003
    3.54845868e-003 -1.22948189e-003 1.50825840e-003 3.55320575e-004
    -8.79785512e-004 3.08540626e-003 0. 0. 0. 0. 0. 1.48034794e-003 0.
    2.51853908e-003 8.84716772e-003 0. 0. -3.62896291e-003
    8.14620289e-004 6.72677020e-003 4.79209376e-003 1.30719645e-003
    3.65489349e-003 0. 2.09001498e-003 0. -1.65018870e-003
    7.28477351e-003 0. 0. 0. 0. 0. -4.89488419e-004 2.01922702e-003
    1.54018623e-003 4.18552110e-004 0. 0. 0. 0. 0. 0. 0. 0. 0. 0.
    -1.01642637e-003 -2.77276384e-003 6.38448307e-003 0. 0. 0.
    9.51162889e-004 0. 2.58550839e-003 0. 2.86510075e-003 0. 0.
    5.18437615e-003 0. 1.07155042e-003 0. 1.94808166e-003 0.
    1.28658325e-003 0. 3.15758446e-003 4.34186868e-003 3.01948329e-003
    1.06417481e-003 0. 0. 1.32769020e-003 2.56016967e-003
    9.02604370e-004 9.86848492e-003 0. 0. 0. 0. 0. 6.63853064e-003 0. 0.
    6.80638885e-004 0. 0. 4.08341672e-004 0. 6.16857363e-003
    2.48807180e-003 0. 4.56404034e-003 0. 0. -2.82294466e-004
    5.20020816e-003 1.47532271e-002 0. 4.53191053e-004 0. 0. 0. 0. 0.
    -1.85598095e-003 0. 1.03594980e-003 6.16644451e-004 1.87128305e-003
    8.38144496e-003 6.83786115e-004 0. 0. 1.48415228e-003 0.
    4.51420434e-003 0. -1.15510111e-003 1.72957480e-002 8.90032761e-003
    0. 0. 0. 3.04213446e-003 6.84448343e-004 0. 7.78525462e-003
    2.79367785e-004 3.01863952e-003 -3.07115668e-004 0. 0. 0.
    1.50280073e-003 0. 1.27510563e-003 0. 0. 0. 0. 1.60200265e-003
    6.33975433e-004 0. 0. -1.72125801e-005 3.27300048e-003 0. 0.
    5.45307249e-003 0. 0. 0. 3.73080373e-004 1.25607348e-003
    1.50040968e-003 1.78164151e-003 -1.16689313e-004 1.02942586e-002 0.
    5.61468652e-004 0. 0. -7.85199300e-005 0. 0. 0. 1.59663660e-003
    1.89569336e-003 0. 0. 0. 5.24127623e-004 8.68563773e-004
    -3.55041120e-004 0. 1.39944488e-003 3.43539083e-004 1.47879322e-003
    0. -1.91984582e-003 0. 2.35433341e-003 0. -1.12512289e-003 0. 0.
    7.65401172e-003 0. 0. 3.57158761e-003 0. 3.17005382e-004 0.
    3.26031446e-003 0. 0. 0. 0. 1.32326793e-003 0. 1.26298459e-003
    5.97392116e-003 2.19310145e-003 0. 0. 0. 1.48835185e-003
    2.24873028e-003 8.69262847e-004 1.12816750e-003 0. 2.01601232e-003
    0. 0. 0. 0. -1.04301274e-004 8.91397428e-003 -3.62914492e-004 0. 0.
    0. 4.08547791e-003 0. 0. 1.93369953e-004 -2.39092969e-005 0. 0. 0.
    3.99837177e-003 0. 0. 0. 6.40312862e-003 1.17345061e-003 0.
    2.14288128e-003 2.96048075e-003 0. 0. 0. 0. 0. 2.00208044e-003
    4.88752034e-003 2.68207077e-004 0. 0. 0. 7.11823907e-003 0. 0. 0. 0.
    2.78782635e-003 0. 0. 0. 0. -3.74469586e-004 2.51576444e-003
    -7.13415327e-004 1.23668985e-006 3.52605603e-005 0. -1.46787928e-003
    6.19485416e-003 0. 0. 8.82380351e-004 0. 0. 0. 0. 0. 0. 0.
    4.39526077e-004 0. 0. 6.21029781e-003 0. 0. 0. 1.33112038e-003
    1.76146382e-003 8.26372858e-003 0. 0. 1.43947732e-003 0. 0. 0.
    8.20909860e-004 0. 0. 0. 0. 3.50883754e-004 0. 6.38416177e-003
    1.02495449e-003 0. 3.66784167e-004 1.80886977e-003 2.54903774e-004
    -2.18954810e-004 -6.09795621e-004 0. 0. 0. 0. 2.65727635e-003
    4.97727236e-003 0. 0. 2.63261492e-003 0. 9.69554007e-004 0. 0. 0. 0.
    1.22531794e-003 -7.35568639e-004 0. 0. 0. 0. 0. 2.17748131e-003 0.
    1.47987832e-003 2.32944469e-004 0. 0. 0. 0. 0. 0. 1.83125585e-003
    1.76827400e-003 2.09903484e-003 0. 1.62401120e-003 0. 0. 0. 0. 0. 0.
    1.55544430e-002 5.97390905e-003 0. 2.27697878e-004 1.67541706e-003
    2.85086432e-003 0. 0. 0. 1.63089868e-003 6.14298880e-003 0.
    1.17232231e-003 0. 1.04447342e-002 0. 0. 0. 0. 0. 0. 8.72407516e-004
    2.64775171e-003 0. 0. 0. 2.33533559e-003 0. 1.64772104e-003
    -1.40865729e-003 0. 7.31132552e-003 0. -1.02161034e-003 0.
    3.29936226e-003 0. 0. 5.11104614e-003 4.35191789e-004 0. 0. 0.
    1.02916721e-003 0. 0. 0. 0. 2.31224485e-003 0. 0. 0. 0. 0. 0. 0.
    1.54628986e-002 0. 0. 0. -2.73463223e-003 -3.90717265e-004 0. 0.
    7.65888835e-004 -6.78296958e-004 0. 7.09709106e-003 0. 0. 0. 0. 0.
    -8.47098709e-004 0. 0. 5.60543407e-003 0. 0. 0. 0. 0.
    8.74619232e-004 0. 0. 0. 0. 0. 2.68665631e-003 0. -4.45776340e-003
    0. 0. 0. 0. 0. 1.62343757e-004 0. 0. 0. 0. 0. 1.49145559e-003
    5.03062736e-003 0. 0. 0. 0. 2.09790887e-003 0. 7.88256247e-003
    -1.36878435e-003 0. 0. 0. 0. 4.16677771e-003 0. 7.13547750e-004 0.
    0. 0. 0. 0. 0. 0. 3.42415972e-003 0. 3.11179948e-003 7.84789387e-004
    0. -5.66471834e-004 3.00357770e-003 0. 0. 0. 1.37990620e-003 0. 0.
    3.49664246e-003 0. 0. 0. 7.77235487e-003 -1.53138442e-003 0. 0. 0.
    0. 0. 0. 0. 0. 0. 0. 8.07609409e-003 3.01471259e-003 1.52305211e-003
    0. -1.46000565e-003 0. 0. 1.21397106e-003 1.22997363e-003 0. 0. 0.
    1.14846996e-004 2.11811322e-003 3.19842366e-003 0. 0. 0. 0. 0.
    1.66850118e-003 0. 0. 0. 0. 0. 3.09909228e-004 0. -3.70385032e-003
    -1.06640731e-003 0. 1.35548250e-003 0. 5.42232953e-003 0. 0. 0.
    7.57175207e-004 0. 0. 0. 0. 8.22403235e-004 0. 2.92093330e-003 0. 0.
    1.44185174e-006 0. 0. 0. 0. 4.80249943e-003 4.63655405e-003
    5.89698134e-003 0. 2.58179987e-003 0. 1.33844995e-004
    6.92098110e-004 6.26520300e-003 0. 0. 0. 0. 2.01593176e-003
    1.59479920e-002 0. 0. 7.33870431e-004 0. 0. 0. 1.31252566e-002 0.
    5.77726262e-003 7.25317746e-003 9.31582041e-003 2.81050173e-003 0.
    0. 0. 0. 0. 5.10763237e-003 0. 0. 0. 0. 1.47504220e-002 0. 0. 0.
    -2.31186510e-003 7.21234689e-003 0. 0. 0. 0. 0. -6.94980496e-004
    6.81214791e-004 -8.72772769e-004 0. -4.91348444e-004 0.
    1.59930938e-003 0. 2.46501178e-003 4.87226853e-003 0. 0.
    2.21271743e-003 0. 0. 0. 0. 5.32879634e-003 1.00705063e-003 0. 0. 0.
    0. -1.09014771e-004 0. -7.07749452e-004 0. 0. 0. 0. 0.
    4.46447032e-003 0. 4.13632579e-003 4.04447038e-003 6.07208349e-003
    1.09869568e-003 0. 0. 0. 4.84853424e-003 8.24439980e-004 0. 0. 0. 0.
    8.54170881e-003 0. 0. 7.35532260e-003 0. 9.82200168e-003 0.
    2.16368309e-004 0. 0. 0. 0. 0. 0. 0. 3.22498078e-003 2.46244902e-003
    9.40279104e-004 1.36489957e-003 1.06721441e-003 0. 1.09292769e-005
    0. 0. 0. 0. 0. 0. 0. 0. 0. 0. 0. 0. 0. 6.39624370e-004 0. 0.
    5.80222020e-003 -8.29919445e-005 0. 2.10408773e-003 0. 0. 0.
    9.32051148e-003 5.63466398e-004 4.94856620e-003 3.01973592e-003 0.
    5.04837884e-003 1.36975003e-002 6.56110840e-003 0. 0. 0. 0.
    4.59160004e-003 1.90016394e-003 1.03146373e-003 0. -4.05582570e-004
    0. 0. 0. 0. 0. 0. 0. 0. 0. 0. 0. 0. 1.70432162e-004 1.38536037e-003
    0. 0. 0. 0. -7.30469648e-004 4.82961955e-003 3.37234989e-004
    5.73074387e-004 7.54759647e-004 8.51110322e-004 5.23304334e-003
    4.54561505e-003 7.73772714e-004 0. 0. 0. 6.05795346e-003
    -8.98038328e-004 0. 0. 0. 0. 2.09461967e-003 9.67741071e-004 0. 0.
    0. 0. 0. 0. 1.36091895e-002 0. 0. 1.63621001e-003 0. 0.
    6.92842696e-006 -9.04835179e-004 0. 0. 0. 3.98518471e-003 0. 0. 0.
    2.06141896e-003 0. 0. 1.01690670e-003 0. 0. 0. 1.53591565e-003 0.
    7.85768032e-004 9.78080183e-003 0. 0. 0. 0. 1.90085627e-003
    5.17969579e-003 2.88579991e-004 0. 7.13437423e-003 0. 0. 0.
    7.89329410e-004 2.00913032e-003 1.81754353e-004 0. 0.
    9.80451005e-004 0. 0. 0. 0. 6.47130189e-004 0. 1.40690108e-005
    8.94159544e-003 0. 3.35814175e-003 0. 0. 0. 0. 0. 5.32657898e-004
    4.18541487e-003 0. 0. 0. 0. 0. 0. 0. 0. 0. 0. 0. 8.02783482e-003 0.
    0. 0. 8.54268949e-003 8.10338068e-004 2.53779395e-003 0. 0. 0. 0. 0.
    0. 0. 0. 4.96384967e-003 0. 5.12334611e-003 0. 2.76392070e-003
    9.75543691e-004 0. 0. 0. 0. 0. 0. 2.45055603e-003 0. 3.94225959e-003
    0. 0. 0. 0. 0. 1.91545009e-003 -5.14522893e-004 0. 0. 0. 0. 0. 0. 0.
    7.42391625e-004 0. 5.65764774e-003 0. 4.66159452e-003 0.
