<?xml version="1.0"?>
<opencv_storage>
<imageDescriptor type_id="opencv-matrix">
  <rows>1</rows>
  <cols>1000</cols>
  <dt>f</dt>
  <data>
    0. 0. 0. 0. 2.14904925e-004 1.24862010e-003 1.12635491e-003 0. 0. 0.
    0. 7.67538650e-003 0. 0. 0. 0. -1.25887815e-003 0. 4.08235099e-003
    0. 5.91462804e-003 0. 0. 0. 1.81921967e-003 6.96203671e-003 0. 0. 0.
    0. 1.25520853e-002 -5.25920659e-005 -4.59987095e-005 0. 0.
    6.21089886e-004 0. 0. 0. 0. 0. 0. 0. 5.73357451e-004 5.24451118e-003
    0. 1.09379692e-003 0. 0. 3.08196852e-003 0. -1.89782621e-003
    -7.87408790e-005 6.54777652e-003 0. 3.23654991e-003 1.71424064e-003
    0. 0. 3.09614185e-003 0. 0. 0. 0. 0. 0. 0. 0. 0. 0. 3.60345049e-003
    5.75466454e-003 0. 7.62203301e-004 0. 2.09913380e-003
    2.48232251e-003 0. 4.37000208e-003 7.63950462e-004 0. 0. 0. 0. 0.
    7.75587372e-003 0. 0. 7.18182232e-003 1.24212382e-002
    9.96400951e-004 0. 0. 0. 0. 3.09842126e-003 5.08322264e-004 0. 0. 0.
    0. -3.95243708e-003 0. 5.45677140e-005 0. 0. 0. 0. 5.64295193e-003
    8.23187828e-003 1.77935464e-003 0. 0. 0. 0. 0. -8.66515329e-004 0.
    2.25589704e-003 0. 0. 0. 0. 0. 1.57754717e-003 0. 4.25438816e-003 0.
    0. 0. 1.34466100e-003 0. 0. 2.95406859e-003 3.70574940e-004 0. 0.
    3.96724296e-004 0. 1.71760810e-004 1.93635735e-003 0.
    9.58172459e-005 1.12906804e-004 0. 0. 0. 2.41582096e-003
    2.55971099e-003 3.42708430e-003 0. 2.05656048e-003 1.92831142e-003
    4.86911740e-003 0. 8.94729692e-006 0. 3.53528676e-003
    1.78437645e-003 0. 0. 0. -1.12042448e-003 5.78787923e-003
    3.02554877e-003 1.07106427e-003 0. 0. 0. 0. 0. 0. 2.05428526e-003 0.
    0. 0. 0. 0. 0. 1.24786852e-003 2.40171724e-003 -1.28181512e-003
    1.66283362e-003 1.38235828e-002 0. 4.86542564e-003 0. 0. 0. 0.
    1.51630444e-003 0. 1.15770812e-003 0. 0. 3.63280880e-003 0.
    -2.22355957e-004 -2.79280986e-003 0. 0. 5.31003298e-003
    -2.34624949e-005 -4.33865149e-004 0. 0. 1.86846906e-003
    8.13588221e-003 4.70457249e-004 2.82334769e-003 0. 0. 0. 0. 0. 0. 0.
    9.70862748e-005 4.64010693e-004 -2.87923787e-004 2.51908181e-003
    -1.09396596e-003 2.09196727e-003 0. 0. -9.87955020e-004
    -1.76455674e-003 0. 0. -8.37248575e-004 0. 6.67851651e-003 0.
    3.65529186e-003 0. 0. 0. 4.11453983e-003 3.28741060e-003 0. 0. 0.
    2.16451380e-003 0. 0. 0. 0. 0. 0. -3.73882765e-004 0.
    3.50290653e-003 1.14096527e-003 0. 5.25613222e-003 0. 0.
    8.60735541e-004 -5.24406380e-004 0. 0. 1.62811717e-003 0. 0.
    4.34559444e-003 0. 2.09855987e-003 6.75487099e-003 0. 0. 0.
    2.70681316e-003 -7.86853998e-005 3.57802608e-003 0. 0. 0.
    2.20082141e-003 0. 0. 1.21724792e-003 1.72511640e-003
    4.50485153e-003 2.73169577e-003 0. -4.42199380e-005 0. 0.
    3.57647543e-003 0. 0. 0. 0. 0. 8.11638497e-003 1.46218587e-003 0. 0.
    0. 0. 6.81510754e-003 0. 1.87907484e-003 0. 0. 0. 0. 0.
    1.02544099e-003 2.38436725e-004 7.63410062e-004 0. 2.92247208e-003
    8.63403780e-004 0. -5.71839686e-004 -4.21330915e-004 0. 0. 0. 0.
    1.60207227e-003 4.58564656e-003 0. 4.54381434e-003 0.
    1.22963300e-003 8.58936633e-004 5.42711606e-003 0. 0. 0. 0. 0.
    3.45627870e-003 0. 0. -5.21302049e-004 0. 0. 2.69146264e-003 0.
    2.15441198e-003 0. 0. 0. 3.42469732e-003 4.31421865e-003 0. 0. 0. 0.
    2.29876302e-003 0. 4.16602520e-003 0. 1.39379094e-003
    1.15898857e-003 0. 3.20698041e-003 0. -6.89026725e-004
    8.39558372e-004 2.82855402e-003 0. 0. 2.60105566e-003
    -1.15414103e-003 1.38073759e-002 0. 0. 0. 0. 0. 0. 0. 0. 0. 0.
    2.35528825e-003 8.08581896e-003 0. 0. 0. 0. 0. 1.64449797e-003
    2.71529472e-003 0. 2.46615056e-003 0. 0. 0. 0. 0. 0. 4.47146082e-003
    0. 0. 2.54340656e-003 2.21323431e-003 1.70591264e-003 0. 0. 0.
    7.63982767e-004 0. 0. 0. 0. 2.41218065e-003 1.23873225e-003 0. 0. 0.
    0. 0. 0. 0. 1.75056304e-003 1.13907328e-003 0. 0. 6.82485476e-003 0.
    0. 1.25228567e-003 2.84605031e-003 0. 0. 0. 1.65454446e-006 0.
    4.41784039e-003 0. 0. 0. 0. 1.95387425e-003 0. -1.33847282e-003
    5.57111949e-003 9.57278535e-004 3.46508902e-003 0. 0.
    3.36393318e-003 2.08335160e-003 3.17890570e-003 1.11267036e-002 0.
    0. 4.67318110e-003 0. 0. -8.85251757e-006 0. 0. 3.91853414e-003 0.
    0. -8.25707160e-004 0. 4.39300528e-003 0. 4.49639093e-003
    2.52897199e-003 0. -1.82249467e-003 0. 0. 0. 0. 0. 0. 0.
    5.50713670e-003 0. 8.39654449e-003 0. 0. 3.11441184e-003
    2.60773138e-003 0. 0. -2.46226834e-003 -2.42204769e-004
    4.17934358e-003 0. 1.07270353e-004 5.48070716e-003 1.82097161e-003
    4.89813788e-003 0. 0. 0. 0. 3.25358706e-004 0. 1.03089609e-003
    -1.18553685e-003 0. 3.94239975e-003 0. 4.13699355e-003
    1.11518288e-003 3.92093882e-003 0. 0. 5.74986869e-003 0. 0.
    6.01788342e-004 5.67501690e-003 7.88938836e-004 0. 1.73619285e-003
    4.45657223e-003 0. 2.63729994e-003 -2.20714323e-003 1.20780303e-003
    0. 0. -1.13771146e-003 3.67314345e-003 0. 1.12093810e-003 0.
    2.89417710e-003 -2.19972993e-004 0. 0. 6.09617028e-003 0. 0.
    9.73949558e-004 0. 2.51225499e-003 0. 0. 0. 0. 0. 4.00650222e-003 0.
    5.22751082e-003 0. 0. 0. 0. 0. 0. 1.61099451e-004 0. 0.
    2.14469526e-003 0. 0. 2.53556762e-003 4.54415008e-003
    5.88224153e-004 5.65354852e-003 9.13607364e-004 -1.93027069e-003 0.
    2.05193437e-003 1.42497744e-003 3.09845600e-005 0. 5.06405951e-003
    9.73073766e-003 0. 0. 0. 1.50794396e-003 0. -4.73518419e-004 0. 0.
    2.42507595e-005 0. 2.78965291e-003 0. 0. 0. 0. 2.98729166e-003 0.
    8.86478228e-004 0. 4.83837590e-004 0. 0. 0. 0. 0. 0. 0. 0.
    4.48978506e-003 0. 0. 0. 0. 7.52981985e-003 4.38841153e-003 0. 0. 0.
    6.85470318e-003 3.58491391e-003 7.06119230e-004 0. 2.22130970e-004
    0. 0. 0. 0. 0. 0. 0. 8.42062524e-004 0. 0. 4.64295689e-003 0.
    2.63563055e-003 1.11101782e-002 7.01948360e-004 5.43736573e-003 0.
    4.68743965e-003 0. 3.19215399e-003 0. 1.73099991e-003
    -1.34964954e-004 0. 0. 0. 0. 0. 1.84847659e-003 0. 0. 0.
    -1.40500360e-003 3.60803166e-003 0. 8.29381868e-003 1.59226346e-003
    0. 1.27727643e-003 0. 0. 1.81943504e-003 3.47412378e-003 0. 0. 0. 0.
    0. 0. 1.96581008e-003 3.93832335e-003 1.43742040e-002 0.
    -1.62017311e-003 0. 0. 0. 3.25018540e-003 1.67917926e-003
    8.56183877e-004 0. 0. 7.20792043e-004 0. 0. 2.05074390e-003
    -1.20573553e-004 5.64128393e-004 0. 0. 8.54394573e-004
    4.45944769e-003 0. 5.15257881e-004 0. 0. -7.47685917e-005
    5.84056880e-003 0. 1.43713795e-003 4.12544282e-003 0.
    7.95303378e-003 0. 2.38023885e-002 2.44144304e-003 4.86394903e-003
    6.25364075e-004 3.69187386e-004 4.35966649e-004 0. 0. 0.
    2.56154127e-003 0. 0. 0. 1.22373749e-003 0. 0. 0. 0. 0.
    1.41177734e-003 -2.57810607e-004 0. 3.63273663e-004 7.21480581e-004
    0. 0. 0. -1.31418346e-004 9.27161949e-004 0. 2.78266263e-003 0. 0.
    0. 2.26244493e-003 8.60286178e-004 6.57598395e-003 3.09924479e-004
    0. 0. 0. 2.64937873e-003 2.83951126e-003 -1.20679126e-003 0.
    5.29535254e-003 0. 1.97272538e-003 4.95395716e-003 0.
    7.01818941e-003 0. 1.28277950e-003 0. 0. -1.99553487e-003 0. 0.
    4.03870875e-003 -1.52473847e-004 1.28606407e-004 3.68262618e-003
    1.27083750e-003 0. 0. 3.21769202e-003 0. 4.22731088e-003 0.
    -4.92491468e-004 0. 0. 0. 3.10214609e-003 1.42136950e-003 0.
    -3.26269888e-003 0. 0. 5.39758336e-003 0. 2.23229476e-003
    3.09474533e-003 0. 0. 1.48601981e-003 0. -4.47101629e-004
    3.77927441e-003 0. 3.91725404e-003 -8.20005022e-004 0. 0. 0. 0. 0.
    1.20129366e-003 0. 0. 3.59960977e-004 1.33589411e-003 0.
    1.77767570e-003 0. 0. 7.72332016e-004 0. 0. 2.43420550e-003
    3.87576350e-004 0. 0. 0. 2.01099971e-003 -5.29414089e-003 0. 0. 0.
    1.38027302e-003 2.09270464e-003 0. 0. 0. -2.73920340e-003 0. 0. 0.
    -4.37113020e-004 7.76715053e-004 -1.37326526e-004 0. 1.14671013e-003
    1.47607049e-003 0. 0. 0. 0. 0. 1.18794022e-002 0. 0. 0. 0.
    1.62908994e-003 0. 0. 0. 0. 0. 0. 0. -5.92781835e-005 0. 0. 0.
    2.41590687e-003 0. 5.14843222e-003 7.52678199e-004 -3.31669976e-003
