<?xml version="1.0"?>
<opencv_storage>
<imageDescriptor type_id="opencv-matrix">
  <rows>1</rows>
  <cols>1000</cols>
  <dt>f</dt>
  <data>
    1.93625945e-003 0. 9.11242445e-004 0. 0. 2.60257372e-003
    -2.60752649e-003 0. 0. 0. 0. 2.62488553e-004 0. 4.39599063e-003 0.
    0. 1.77563890e-003 2.61793029e-003 0. 0. 0. 2.84053059e-003
    3.16702202e-003 0. 1.62652764e-003 9.27100366e-004 1.56590447e-003
    0. 0. 0. 0. 0. 2.18608626e-003 0. 0. 5.42023545e-003 2.15051603e-003
    0. 0. 0. 0. -1.04701403e-003 1.08286133e-003 -7.01897079e-004 0.
    8.42333713e-004 0. 0. 0. 8.58019514e-004 0. -1.83469499e-003 0.
    2.67101708e-003 4.92056191e-004 6.92771398e-004 0. 0. 0.
    5.34567458e-004 2.53462000e-003 3.68942344e-003 0. 0.
    -5.99044317e-004 7.85717639e-005 0. 0. 0. 1.78931351e-003 0.
    2.26043351e-003 0. 0. 6.34280033e-004 0. 0. 0. 0. 0. 5.18586114e-003
    0. 0. 1.70618610e-003 7.64597731e-004 0. 0. 0. 2.65711173e-003 0. 0.
    0. 0. 5.84317371e-004 8.48676660e-004 5.61321061e-003 0. 0.
    6.78025233e-003 1.21881894e-003 0. 2.04246084e-004 2.54551205e-003
    0. 1.04472844e-003 0. -3.24000255e-004 0. 0. 1.56770670e-003 0. 0.
    0. 1.30070013e-003 0. 0. 2.52386276e-003 0. 0. 0. 7.33398087e-003 0.
    1.12809136e-003 0. 1.27343682e-003 0. 8.65211827e-004 0. 0.
    -9.69036017e-004 3.02677252e-003 4.33185557e-003 0. 0. 0.
    -6.75187504e-004 0. 1.95168459e-003 -1.04686471e-004 0.
    2.64147716e-003 1.89407938e-003 2.27829837e-003 0. 1.74674275e-003
    0. 0. 1.24642870e-003 3.24771251e-003 1.04419962e-002 0. 0.
    -4.58686700e-004 0. 1.66190008e-003 0. 6.33449899e-003 0.
    9.69917420e-003 7.02181249e-004 3.90631089e-004 0. 0. 0.
    3.01450305e-003 3.94181022e-003 2.17907596e-003 0. -2.25228010e-004
    8.98801349e-003 0. 3.48881149e-004 0. 1.05306716e-003
    1.77705090e-003 2.32376345e-003 3.00465454e-003 0. 0. 0. 0. 0.
    3.17681860e-003 7.30390474e-003 7.61438627e-004 0. 0.
    1.56980497e-003 2.16150866e-003 0. 0. 0. 1.99964386e-003
    9.71170783e-004 0. 0. 0. -2.84177862e-004 0. 0. 2.77927471e-003 0.
    0. 4.28014016e-003 0. 0. 0. 0. 0. 1.35483744e-003 2.65914307e-004 0.
    6.28738385e-003 1.54493330e-003 0. 0. 0. 2.12862156e-003
    1.10831752e-003 -4.74512781e-004 0. 3.48452153e-003 3.89175955e-004
    1.32274488e-003 1.60214165e-003 0. 6.28706394e-003 0.
    3.49291926e-003 3.90507164e-003 0. 0. 1.69785239e-003
    -1.72445504e-003 0. 0. 8.42986919e-004 0. 4.24932176e-003 0. 0. 0.
    5.46632428e-003 0. 0. 0. 0. 0. 8.00258294e-003 0. 0. 0. 0. 0.
    1.38179946e-003 0. 1.12555840e-003 4.41980502e-003 1.18631357e-003
    0. 4.21763398e-003 0. 2.02322239e-003 0. 4.52434970e-003 0.
    1.62457465e-004 0. 0. 2.63505988e-003 -1.71494472e-003 0. 0. 0. 0.
    4.81987512e-003 6.38328842e-004 5.39511035e-004 0. 0.
    1.64256082e-003 3.09010735e-003 1.38128479e-003 0. 2.24743574e-003
    -1.72317913e-003 1.96600100e-003 0. -2.34349002e-003 1.40500804e-002
    2.10073264e-003 1.85983125e-004 -4.08172840e-004 0. 0. 0. 0. 0. 0.
    3.26033891e-003 0. 9.14899923e-004 0. 1.72612339e-003 0.
    4.27706074e-003 2.16750265e-003 0. 0. 0. 0. 1.76433439e-003 0.
    3.45524005e-003 5.67684090e-003 0. 0. 0. 4.63028252e-003
    4.83939983e-003 0. 0. 4.30716621e-003 2.07469900e-004
    1.00756739e-003 -1.89269194e-003 0. 0. 2.42575933e-003
    1.75852026e-003 7.23106932e-005 0. 0. 3.50322080e-004 0. 0. 0.
    5.64238103e-003 6.05278043e-003 0. 3.42670851e-003 0. 0.
    7.52447231e-004 0. 1.56662147e-003 0. 9.31437651e-004 0.
    7.77071808e-003 2.79226131e-003 0. 0. 0. 0. 0. 0. 0. 0. 0.
    2.20278674e-003 0. 1.32570998e-003 2.15570466e-003 5.22104185e-003
    4.16446012e-003 0. 1.76618423e-003 2.85772909e-003 -1.54320209e-004
    4.99573397e-003 0. 3.66934319e-003 0. 0. 0. 0. 0. 0. 1.72934157e-003
    1.57636590e-003 0. 0. -3.15107545e-003 0. 0. 5.77056315e-003 0.
    5.96932322e-003 5.43293450e-003 1.90075778e-003 0. 9.52125934e-004
    0. 5.83707471e-004 2.73982156e-003 0. 0. 3.08729755e-003 0. 0.
    1.73835014e-003 0. 0. 0. 1.05000148e-003 0. 0. 3.26805445e-003 0.
    7.26642727e-004 -1.19293656e-003 0. 0. 0. 0. 0. 1.97171723e-003
    8.73698329e-004 0. 0. 1.03336154e-003 0. 0. -1.12971093e-003
    4.07852320e-004 0. 7.05694838e-004 0. -2.76947194e-005
    3.68304807e-003 -3.02839209e-003 0. 7.54046021e-003 0. 0.
    5.75701520e-003 1.99784571e-003 0. 3.71803087e-003 4.31126013e-004
    -6.24749227e-004 0. 0. 0. 0. 0. 1.87597368e-004 2.19787145e-003 0.
    5.91300428e-004 0. 1.47536746e-003 2.88717146e-003 5.48886647e-003
    2.70135421e-003 0. 2.95019220e-003 0. 0. 0. 0. 1.81592593e-003 0. 0.
    0. 0. 0. 0. 0. 0. 2.26192176e-003 1.36720075e-003 0. 5.79623389e-004
    0. 0. 0. 1.59277755e-003 0. 2.06483016e-003 0. 0. 0. 2.33177398e-003
    9.76003823e-004 0. 2.26718141e-003 6.12050120e-004 0. 0. 0. 0. 0. 0.
    0. 0. 3.46622919e-003 1.04929344e-003 -3.09142750e-003 0.
    1.01512345e-003 -5.38222703e-005 0. 0. 0. -3.80036596e-004 0.
    1.67965668e-003 0. 1.23647950e-003 1.16132398e-003 2.33353087e-004
    0. 3.37277958e-003 4.54062503e-003 2.20928993e-003 0.
    3.81478807e-004 1.15478446e-003 4.82138013e-003 0. 1.37924391e-003
    0. 0. 1.89229066e-003 7.37766968e-003 -6.67595523e-005 0. 0.
    3.28334467e-003 4.39314125e-003 0. 4.78700316e-003 0.
    -1.60884415e-003 0. 1.70318503e-003 3.89040168e-003 2.74433312e-003
    -6.50823276e-005 0. 0. 0. 0. 5.65747079e-003 1.62868469e-003
    3.41653940e-003 2.44278670e-003 1.45528186e-003 9.11157206e-003
    1.29197037e-003 0. -1.38216186e-004 0. 0. 2.49915174e-003
    -2.75821192e-004 0. 0. 0. 2.83274124e-003 0. 0. 0. 0. 0. 0. 0. 0.
    4.15083580e-003 9.64061692e-005 0. 1.04061002e-003 8.65881797e-004
    0. 0. -7.28817540e-004 4.33567725e-003 1.75579626e-003 0. 0.
    1.26936857e-003 1.90805923e-003 2.87642260e-003 0. -1.42151862e-003
    0. 0. 0. 0. 0. 0. 8.53338686e-004 4.72783286e-004 0. 0. 0.
    4.13245102e-003 0. 3.36629176e-003 -9.62360180e-004 0.
    -2.74876715e-004 1.55550160e-003 -3.93332710e-004 0.
    -2.72945093e-004 3.19423317e-003 1.79551076e-003 1.51951343e-003
    2.63463729e-003 0. 0. 0. 1.13276008e-003 0. 0. 0. 0. 0.
    -2.11876068e-005 6.99626002e-003 0. 2.25652894e-003 2.89730751e-003
    0. 0. 0. 0. 9.35362244e-004 0. 5.49920660e-004 0. 1.53268792e-003 0.
    0. 4.07322170e-003 1.22532994e-002 0. 0. -2.00818176e-003 0. 0.
    -2.15937011e-003 0. 5.55859413e-004 0. 0. 1.28063152e-003 0. 0.
    5.78799983e-003 3.33512016e-003 3.33539327e-004 1.94447907e-003 0.
    0. -1.48446474e-003 1.57541211e-003 2.06830492e-003 0.
    4.36090585e-003 -3.44995846e-004 0. 0. 2.31431122e-003 0.
    2.41813739e-003 8.15441366e-004 0. 0. 2.37129675e-003
    4.11092723e-003 1.36669027e-002 0. 2.52780248e-003 0.
    1.23598811e-003 7.69750623e-004 0. 0. 0. -2.10524900e-004
    2.36239377e-003 0. 3.32539878e-003 0. 0. 1.17662545e-004 0.
    4.18738648e-003 3.10594129e-004 0. 0. 0. 0. 3.77406226e-003
    4.02773777e-003 0. 0. 0. 0. 0. 0. 0. 9.54192248e-004 0.
    -1.44767505e-003 4.84709628e-003 1.36200804e-003 3.30910599e-003
    3.22319521e-003 1.05749074e-004 8.67607910e-003 0. 0. 0.
    4.12071357e-003 0. 5.52482845e-004 4.81894618e-004 0.
    5.25037339e-003 0. 1.34651118e-003 0. 1.10208965e-003 0. 0. 0. 0. 0.
    1.11427857e-003 0. 3.67287709e-003 0. 3.63405235e-003 0. 0. 0.
    -3.73554096e-004 0. 1.45759643e-003 1.53126064e-004 3.41259199e-003
    6.08325796e-003 2.28950963e-003 0. 0. 0. 1.39460317e-003
    2.21771095e-003 1.83778536e-003 0. 4.66315541e-003 0.
    2.27130787e-003 2.94127758e-003 2.39471439e-003 0. 0. 0. 0. 0.
    3.39701446e-003 0. 5.50014107e-003 0. 3.43179749e-003 0. 0.
    -3.21269326e-004 0. 0. 5.22211147e-003 0. 0. 0. 5.89515257e-004
    2.41255038e-003 0. 2.30080914e-003 0. 0. 0. 0. 5.97020192e-003 0.
    1.62144785e-003 0. 4.02411073e-003 0. 4.88486513e-003 0. 0.
    1.13113550e-003 0. 2.68897857e-004 0. 0. 0. 2.44550174e-003 0. 0.
    3.07376706e-003 3.08007211e-003 0. 0. 0. 0. 3.44429375e-003 0.
    1.47557317e-003 0. 3.76626127e-003 5.14799904e-004 0.
