<?xml version="1.0"?>
<opencv_storage>
<imageDescriptor type_id="opencv-matrix">
  <rows>1</rows>
  <cols>1000</cols>
  <dt>f</dt>
  <data>
    0. 0. 5.10430802e-003 3.01974919e-003 1.22711714e-003 0. 0.
    -2.55952030e-003 3.38418316e-003 8.18041246e-003 0. 3.20975180e-003
    2.78295227e-003 0. 1.48127240e-003 0. 9.42828227e-003 0. 0. 0. 0.
    4.02089767e-003 2.18502944e-003 0. 2.27863248e-002 3.19261290e-003
    0. 4.44771322e-005 2.72899342e-004 0. 0. 0. 1.75361871e-003 0. 0. 0.
    5.58761181e-003 0. 3.21839214e-003 0. 0. 0. 4.01163567e-003
    -1.35511754e-003 7.80691975e-004 0. 1.09196502e-004 0. 0.
    1.66424562e-003 0. 0. -1.00815704e-003 0. 2.96914950e-003
    1.94842450e-003 3.47577431e-003 -2.90097995e-003 0. 0.
    -1.00004976e-003 0. 0. 0. 0. 0. 0. 0. 0. 0. 1.01605505e-002 0. 0.
    1.01680169e-003 0. 0. 0. 0. -4.20191238e-004 0. 0. 2.18366482e-003
    1.17574690e-003 0. 0. 0. 0. 0. 4.78711154e-004 0. 0. 0.
    9.06477123e-003 1.40679767e-003 9.83075332e-003 3.44387442e-003 0.
    0. 0. 0. 0. 5.50106727e-003 0. 5.16188890e-003 5.85446553e-003
    1.04028743e-003 0. 1.36948214e-003 0. 0. 0. 0. 0. 0. 2.43832823e-003
    0. 0. 0. -3.21775395e-003 0. 0. 0. 0. -2.43446091e-004 0. 0.
    4.72363178e-003 0. 3.48608883e-004 0. 0. 6.80273573e-004
    7.63233379e-003 0. 0. 1.61099934e-003 0. 0. 4.59963595e-003
    7.03876093e-003 6.29278482e-004 0. 0. 0. -6.14086981e-004 0. 0. 0.
    0. 0. 0. 1.02376761e-002 9.71635617e-003 0. -9.68030305e-004
    1.32425816e-003 0. -1.18038268e-003 0. 0. -1.44080317e-003
    -2.21296679e-003 0. 0. -7.24876765e-004 0. 0. 0. 0. 7.53914996e-004
    0. 1.66021027e-002 0. 0. 0. 0. 0. 0. 0. 0. 0. -2.63888645e-003
    9.23000975e-004 2.22723442e-003 0. 0. 1.98175618e-003 0.
    -1.69935101e-003 0. 5.05775819e-003 3.34875379e-003 0. 0. 0. 0. 0.
    0. 0. 0. 1.49091426e-003 0. 0. -3.22088553e-003 0. 0. 0.
    2.58721691e-003 3.45176668e-003 5.45617240e-003 0. 7.25892955e-004
    8.25524610e-003 0. 0. 7.37825083e-003 0. 0. 1.95138413e-003 0. 0. 0.
    4.26490937e-004 1.59005274e-003 0. 0. 0. 0. 0. 0. 0. 9.33243951e-004
    0. 0. 0. 0. 0. 0. 0. 3.93802905e-003 0. 0. -1.85552647e-003
    5.19816950e-003 1.61855936e-003 2.48245755e-003 0. 4.35697701e-004
    0. 3.49808810e-003 0. 0. 0. 0. 0. 0. 0. -2.72996048e-003
    3.16934334e-003 0. 0. 0. 3.35955381e-004 0. 1.46113732e-003
    5.10400627e-004 4.90188645e-003 0. 9.56460647e-003 0.
    8.46488960e-003 0. 0. 1.82866363e-003 0. 0. 0. 0. 0. 0.
    4.00855672e-003 -1.64408225e-003 0. 0. -1.36162527e-003
    -2.08741450e-003 0. 1.16918143e-003 0. 1.32697562e-004 0.
    1.33904079e-002 1.84967406e-002 3.20923980e-003 6.57352735e-004 0.
    0. 0. 0. 6.38760719e-003 0. 0. 0. 0. 0. 0. -3.81973386e-003 0. 0.
    2.65161600e-003 0. 0. 0. 0. 0. 0. 3.21701122e-003 0. 0. 0.
    9.82157653e-004 2.75284564e-003 -1.85156008e-004 8.65465496e-004 0.
    0. 0. 0. -3.34166689e-003 0. 0. -1.16911298e-003 4.61479416e-003 0.
    3.57114826e-003 0. 6.92121591e-003 0. 0. 0. 0. 0. 0. 0.
    4.15495160e-004 0. 0. 1.18145281e-002 0. 0. 0. 0. 0. 4.78428090e-003
    1.17561761e-002 0. 0. 0. 0. 0. 4.45154263e-003 0. 0. 4.16127220e-003
    0. 8.94996710e-003 0. 0. 0. -6.72049494e-003 0. 0. 0.
    1.66968571e-003 0. 0. 0. 5.76142827e-003 -9.82854050e-004
    7.44492700e-003 7.97333568e-003 0. 0. -3.05302150e-004 0. 0.
    -1.71231723e-003 0. 1.94977329e-003 0. 0. 0. 4.22994094e-003 0. 0.
    0. 3.97912133e-003 1.59749691e-003 2.80612544e-003 0. 0. 0.
    8.93905479e-003 0. 0. -7.75900960e-004 0. 5.33483131e-003 0. 0. 0.
    0. 0. 0. 0. 0. 0. 0. 0. 0. 0. 0. 7.81015027e-003 0. 0. 0. 0. 0. 0.
    0. 0. -1.10427216e-002 0. 2.24670419e-003 3.14492127e-003
    5.57586923e-003 0. 0. 0. 1.66537368e-003 1.68141141e-003
    4.47112881e-003 0. 0. 0. 2.92331935e-003 0. 0. 2.42481939e-003
    2.84702005e-003 0. 0. 1.17498101e-003 0. 0. 0. 0. 0. 0.
    -1.93377573e-003 -5.01430826e-004 1.54913124e-003 0. 4.03130427e-003
    0. 0. 0. 0. 2.78051273e-004 2.49896315e-003 0. 0. -6.12270844e-004
    0. 1.52969116e-003 0. 8.06365977e-004 0. 0. 0. 2.11076438e-003 0. 0.
    0. 4.71730437e-003 6.58948207e-004 0. 0. 0. 0. 0. -2.87469220e-003
    0. 0. 5.67149837e-003 0. 0. 0. 0. -2.55947351e-003 0.
    4.94417595e-003 2.48232158e-003 3.44879081e-004 0. 0.
    3.93106183e-003 3.92393535e-003 0. 0. 0. 3.71326832e-003
    2.12201903e-005 0. 0. 1.38754118e-003 0. 0. 0. 2.62304279e-003 0.
    5.14241576e-004 0. 0. 0. 0. 0. 0. 0. 3.76760098e-003 0.
    8.60289205e-003 0. 0. -1.61410542e-003 0. 0. 0. 0. 0. 0. 0. 0.
    5.20068395e-004 0. 6.21946575e-003 1.94931496e-003 1.04240922e-003
    1.22110953e-003 0. 0. 0. 0. 0. 8.83924961e-003 0. -1.94347245e-004
    1.35205267e-002 0. 0. 0. 0. 0. 0. 0. 2.31180270e-003 0.
    2.48477818e-003 0. 0. 0. 1.72697715e-002 0. 0. 0. 0. 2.99963634e-003
    0. 0. 2.54574534e-003 0. 0. 0. 0. 0. 3.95173533e-003 5.34516620e-003
    0. 0. 0. 0. 0. 0. 2.44168192e-003 0. 0. 0. 0. 3.40265059e-003 0. 0.
    8.25029158e-004 0. 0. 0. 0. 0. 1.32543768e-003 0. 0. 0.
    -1.57563991e-005 -2.28837540e-004 -3.83743638e-004 0. 0. 0. 0.
    5.26303612e-003 0. 0. 0. 0. 0. 0. 6.54968712e-003 0. 0. 0. 0.
    2.09676591e-003 5.96244866e-003 0. 0. 0. 0. -2.17327918e-003
    -2.21107411e-003 0. 0. 0. -3.55486479e-003 0. 4.18159179e-004 0. 0.
    0. 0. 0. 0. 0. 0. 0. 0. 1.48471876e-003 0. 0. 9.98610485e-005 0.
    1.39055087e-003 0. 0. 0. 0. 0. 0. 0. 1.23100029e-002 2.18926324e-003
    0. 0. 0. 0. 0. 0. 0. 0. 0. 0. 0. 3.84319364e-003 0. 0.
    3.25953332e-003 0. 0. -5.69578493e-004 0. 0. 0. 0. 0.
    8.99391994e-003 -3.48574977e-004 0. 2.42483895e-003 4.88788867e-003
    2.86943605e-003 0. 0. 4.20872075e-003 3.92892212e-003 0.
    1.03786902e-003 0. 1.03352395e-004 0. 0. 0. 3.43712489e-003
    -1.37241220e-003 0. 1.01784896e-003 0. 0. 5.16403513e-003
    2.36472255e-003 0. 2.22188514e-003 3.27637931e-003 0. 0. 0.
    -6.73599134e-004 0. 4.69969644e-004 -2.37928983e-003 0. 0.
    1.46407699e-002 0. 0. 0. 0. 0. 9.38124862e-003 0. 0. 0. 0. 0.
    2.33870908e-003 0. 1.31099392e-002 0. 0. 0. 0. 0. 0. 0.
    -2.10821512e-003 0. 0. 0. 0. 0. 4.90387203e-003 2.64012255e-003 0.
    0. 1.09854378e-002 0. 0. 1.84114487e-003 0. 0. 0. 0. 6.35769870e-003
    0. 0. 1.08026359e-002 0. 0. 0. 0. 0. 0. 0. 1.42566662e-003 0. 0.
    1.07227964e-003 0. 1.56336802e-003 2.01509800e-003 0. 0.
    3.21573834e-003 9.83660924e-004 0. 0. 0. 0. 0. 0. 0. 0. 0.
    3.20503558e-003 2.02252227e-003 6.41456898e-003 6.73452066e-003 0.
    2.43742368e-003 0. -1.44545716e-004 1.02441746e-003 0. 0. 0. 0.
    3.91790527e-004 0. 0. 0. 0. 3.58020444e-003 0. 0. 0. 0.
    -3.11402022e-003 0. 0. 0. 0. 0. 3.38794547e-003 0. 0. 0. 0.
    2.48975307e-003 0. 4.21182672e-003 0. 0. 0. 0. 2.03846674e-003
    -1.10387184e-004 1.44233729e-003 0. 8.20889603e-003 0.
    3.67647503e-003 0. 6.65413972e-004 8.44156090e-003 0.
    -4.35244176e-004 0. 0. 0. 0. 0. 0. 0. -2.33174558e-003
    -1.72677136e-003 0. 1.60212209e-003 3.82337649e-003 0.
    2.91690649e-003 0. 0. 0. 7.18541164e-003 9.85429902e-003 0. 0.
    2.32003257e-003 0. 0. 0. 0. 0. 1.26855196e-002 3.99535405e-004 0. 0.
    0. 1.73021015e-003 0. 8.28067132e-004 0. 3.51882400e-003 0. 0.
    5.01884846e-003 5.16143395e-003 0. 0. 0. -1.55925081e-004 0.
    6.65436406e-003 0. 3.03863315e-003 0. 0. 0. 0. 0. 0. 1.17986731e-003
    2.38907849e-003 2.29208544e-003 6.63879281e-003 7.13902572e-003 0.
    9.63498931e-003 0. 0. 0. 0. 1.16086826e-002 0. 0. 0. 0.
    7.96466134e-003 0. 1.61162540e-002 0. 0. 0. -9.43671097e-004
    2.21842504e-003 0. 0. 0. 3.11158434e-003 0. 0. 0. 0. 0. 0. 0. 0. 0.
    0. 3.07488954e-003 0. 2.21438962e-003 0. 0. 0. 1.60320115e-003 0. 0.
    0. 1.65677210e-003 0. 0. -2.60200504e-005 -8.13644845e-004
    2.98362155e-003 3.63905239e-003 0. 0. 0. 0. 0. 2.54903315e-003
    2.39608856e-003 1.47366154e-004 0. 0. 0. 0. 4.45028162e-003 0. 0. 0.
    6.86436472e-003 0. 1.47954188e-002 1.16862578e-003 -3.57319671e-003
    4.39638214e-004 2.98669795e-003 0. 0. 0. 3.12194403e-004
