<?xml version="1.0"?>
<opencv_storage>
<imageDescriptor type_id="opencv-matrix">
  <rows>1</rows>
  <cols>1000</cols>
  <dt>f</dt>
  <data>
    0. 0. 0. 6.75053243e-003 2.91243382e-003 0. 1.48668687e-003 0.
    1.96753140e-003 0. 0. -3.76398582e-003 -3.65946558e-004 0.
    2.04792246e-003 4.22168104e-003 0. 3.04247765e-003 4.37872438e-003
    0. 8.71041208e-004 3.93001130e-003 0. 7.53421045e-004 0.
    2.97455373e-003 0. 6.79830962e-004 1.99496187e-003 3.37852258e-003
    0. 0. 0. 6.49003498e-003 0. 0. 0. 0. 0. 0. 0. 0. 0. -1.01326627e-003
    0. 0. 0. 0. 3.04958271e-003 0. 2.74494756e-003 1.64468552e-003 0. 0.
    0. 0. 0. -7.27598963e-004 1.95455650e-004 0. 1.17795623e-003
    4.71262354e-003 0. 6.86153816e-003 3.45458131e-004 0. 0. 0.
    5.65693248e-003 3.59031116e-003 -2.34490144e-003 3.61398351e-003
    4.26408165e-004 0. 0. 1.67379994e-003 0. 0. 1.55459740e-003
    4.82202973e-003 6.69836020e-003 0. 1.31191779e-003 1.81575876e-003
    0. 0. 0. 1.09873926e-002 0. 0. 0. 0. 3.92553629e-004 0. 0.
    4.01050225e-003 0. 0. 1.20073999e-003 0. 1.29420368e-003 0. 0.
    9.81092569e-004 0. 2.57974397e-003 0. 7.56366571e-005
    7.05109327e-004 2.64429860e-003 2.78216810e-003 8.78549274e-003
    2.12902334e-004 3.78205616e-004 0. 0. 0. 7.41493423e-003 0. 0. 0. 0.
    0. 0. 3.24563263e-003 4.57893405e-003 0. 5.61098102e-003 0. 0. 0. 0.
    0. 0. 0. 0. 0. 2.05630437e-003 -8.77505518e-004 5.96781354e-003
    5.56722283e-003 0. 0. 0. 2.39092647e-003 5.64271677e-003
    8.78488878e-004 0. 7.76263606e-003 4.48404578e-003 0.
    1.40578509e-003 0. 9.36069118e-004 0. 3.71314090e-004
    -4.01406200e-004 9.83625723e-005 0. 0. 0. 7.49641797e-004
    4.68418788e-004 0. 1.49755543e-002 4.82656155e-003 6.45361375e-003
    1.40254374e-003 0. 0. 5.94413141e-003 0. 0. 0. 0. -4.11644723e-004
    0. 2.47010658e-003 0. 0. 0. 0. 1.68099487e-003 1.76625361e-003 0. 0.
    2.65406142e-003 6.48726756e-003 -2.65985815e-004 5.47993416e-003
    4.13466478e-003 1.67159818e-003 0. -1.64876692e-003 0. 0. 0. 0. 0.
    5.26327500e-003 6.03358168e-003 0. 4.08648048e-003 0.
    4.56883921e-004 2.30973493e-003 1.91239943e-003 0. 1.38246268e-003
    0. 0. 1.79131434e-003 0. 1.92333595e-003 2.97557539e-003
    4.24235695e-005 8.46273918e-003 4.47740918e-003 9.45380270e-006
    8.67388863e-003 0. 0. 0. 4.62125614e-003 0. 6.77088462e-003 0.
    2.95008911e-004 0. 1.72869395e-003 0. 0. 0. 0. 2.40020733e-003 0.
    4.09315201e-003 1.11652946e-003 -1.40899513e-003 0. 0. 0.
    -2.10300903e-003 0. 0. 2.57501635e-003 0. 0. 0. 0. -1.58638600e-003
    1.00377121e-003 0. 0. 0. 0. 0. 5.24711702e-003 4.92373947e-004 0. 0.
    1.23146432e-003 0. 0. 7.22215790e-003 0. 0. 0. 0. 7.16494746e-004 0.
    0. 0. 0. 0. 0. 0. -2.79087573e-004 0. 1.95136096e-003 0.
    5.00671240e-003 0. 1.22366822e-003 0. 2.31841067e-003 0.
    5.03338082e-003 1.61424931e-003 0. 0. 0. 0. 0. 2.20066682e-003
    4.54613054e-003 0. 0. 1.11488649e-003 0. 7.68643571e-003
    1.54170429e-003 0. -4.07373387e-004 0. 0. 0. 0. 2.20601051e-003 0.
    0. 0. 1.15270016e-003 0. 0. 3.04488139e-003 2.00946373e-003
    -3.07304981e-005 0. 0. 3.74704599e-003 0. 2.49299873e-003 0.
    -6.09075942e-004 0. 0. 0. 4.07495908e-003 0. 0. 9.20285936e-003
    6.43253373e-003 0. 0. 1.70327444e-003 9.37879959e-004 0. 0. 0.
    4.39681252e-003 0. 2.19706169e-004 0. 0. 4.02389793e-003 0. 0. 0.
    -1.51927976e-004 2.25513009e-004 5.26030024e-004 0. 0.
    -2.57024867e-003 1.83155423e-003 -1.04766332e-004 0. 6.37198333e-003
    6.64090330e-004 0. 0. 1.12768158e-003 0. 1.26232198e-002
    2.87375060e-005 0. 0. 0. 0. 0. 0. 3.00360797e-003 0. 0. 0. 0. 0.
    3.94552574e-003 -2.22222065e-003 6.95731374e-004 1.23843458e-003
    3.16523411e-003 0. 5.58208628e-003 4.84604854e-003 5.25722513e-003
    0. 0. 0. 0. 0. 0. 1.11323886e-003 1.31076702e-003 0. 5.60384383e-003
    0. 0. 0. 1.31593377e-003 1.25572528e-003 3.41089559e-003 0. 0. 0. 0.
    1.09543288e-002 1.85880912e-004 0. 0. 0. 0. 0. -1.47317722e-003 0.
    0. 1.87093101e-003 0. 1.02761820e-004 0. 0. 0. 0. 0. 5.55973907e-004
    0. 1.14394585e-003 0. 0. 1.30656047e-003 0. 4.48342878e-003 0. 0. 0.
    0. 0. 0. 1.23404909e-003 0. 0. 2.27105501e-003 1.36104194e-004
    3.87995108e-003 0. 0. 0. 0. 0. 1.23359787e-003 0. 0. 0. 0. 0. 0. 0.
    0. 1.75871188e-003 9.93781839e-004 7.31429411e-003 9.72723216e-003
    0. 0. 0. 0. 0. 0. 2.35839305e-003 0. 0. 6.13470736e-004 0. 0. 0. 0.
    2.84264144e-003 0. 0. 0. 0. 1.81826353e-002 2.50015594e-003
    1.09288190e-003 0. 0. 0. 0. 0. 6.12812641e-004 4.80025861e-004 0. 0.
    2.39075650e-003 0. 0. 0. 0. 0. 0. 0. 5.49650576e-004 0. 0.
    1.50454429e-003 1.95215817e-003 3.38043668e-004 0. 0. 0.
    4.26136050e-003 -9.08763614e-004 0. 3.60190542e-003 0. 0.
    3.55592533e-003 0. 0. 0. 1.08981160e-002 1.66108657e-003 0. 0. 0. 0.
    0. 5.22681139e-003 0. 0. 1.78119086e-003 0. 4.19550668e-003
    2.98225740e-003 -2.96530110e-004 0. 0. 4.73633781e-003
    2.25220178e-003 1.85050059e-003 0. 0. 0. 0. -1.30218628e-003 0. 0.
    4.50407533e-004 0. 0. 4.74240340e-004 2.85216840e-004 0.
    5.50615648e-003 -1.03479868e-003 1.99651462e-003 0. 0.
    4.40998143e-003 5.85351652e-003 4.02755337e-003 7.48072332e-003 0.
    0. 0. 4.41763038e-003 0. 0. 0. 0. 0. 0. 0. 2.38742656e-003 0. 0. 0.
    0. 3.33641742e-006 3.65576171e-003 0. 0. 0. 1.76133553e-003
    3.54076177e-003 0. 0. 0. 2.20686384e-003 0. 3.64768947e-003 0. 0. 0.
    3.59021593e-003 0. 5.69393051e-005 0. 0. 0. 1.17777404e-003
    2.59553432e-003 0. 1.62233377e-003 1.50404703e-002 0.
    1.41601384e-004 0. 0. -7.37979426e-004 0. 0. 0. 0. 0.
    -2.49685196e-004 6.71939040e-003 9.55124153e-004 1.43253361e-003 0.
    6.23721676e-003 0. 1.01060141e-002 1.65262283e-003 0.
    7.42478354e-004 6.16716873e-003 -2.90682277e-004 0. 0. 0. 0. 0.
    6.99753931e-004 0. 0. 0. 0. 0. 0. 2.23268499e-003 0. 0. 0. 0. 0.
    -1.34055456e-003 5.70105040e-004 -7.15781120e-004 0. 0. 0.
    5.08594851e-004 0. 0. 0. 0. 0. 0. 0. 2.75619590e-004 0. 0.
    3.53799365e-003 0. 7.23775430e-003 0. 6.57667872e-003
    7.95222167e-003 6.42442261e-004 0. 0. 0. 4.10556979e-003
    1.86056260e-003 0. 0. 0. 2.42822338e-003 0. 0. 0. 0. 1.71828992e-003
    8.28469754e-004 0. 0. 0. 0. 1.28584206e-002 0. 3.14454827e-003
    2.40974128e-003 0. 1.02903545e-002 0. 0. 1.66169903e-003 0. 0.
    8.33207450e-004 0. 0. 0. 0. 7.56696193e-003 0. 0. 2.01063161e-003 0.
    1.62056007e-003 0. 0. 5.45843272e-003 1.86139892e-003 0.
    2.11839518e-003 0. 0. 0. 0. 0. 1.05673564e-003 3.01797362e-003
    -1.44337234e-003 4.40083793e-004 7.90001824e-003 0. 0. 0. 0.
    2.02822289e-003 0. 0. 0. 0. 1.63152732e-003 0. 0. 3.33706848e-003 0.
    -1.16175965e-004 0. 0. 4.89353109e-003 0. 1.02637464e-003 0.
    2.95990985e-003 0. 0. 7.40291958e-004 8.55518505e-004
    3.62768164e-003 0. 1.13518327e-003 0. 3.44440574e-003
    3.96521855e-003 2.67086015e-003 0. 3.31812713e-004 0. 0. 0. 0. 0.
    2.76234746e-003 0. 0. 0. -2.46844749e-004 0. 3.72914085e-003
    1.95968617e-003 0. 1.11721875e-003 0. 0. 0. -3.26082547e-004 0. 0.
    0. 1.98935531e-003 0. -9.78854368e-004 0. 2.28737085e-003 0. 0.
    5.27494960e-003 6.72995532e-003 8.68854579e-003 -1.04412576e-003
    4.26198501e-004 0. 0. 6.55806111e-003 0. 0. -1.55804062e-003
    7.81549723e-004 0. 0. -2.14258966e-004 -3.24153295e-003 0.
    3.10752913e-003 0. 0. 0. 0. -1.18022948e-003 0. 6.90863119e-004
    3.77432036e-004 0. 1.23272161e-003 0. -1.76347874e-003
    8.08791665e-004 0. 8.93181539e-004 0. 0. 4.90500359e-003
    -8.59088905e-004 3.33794765e-003 5.26055635e-004 0. -8.25811236e-004
    0. 0. 4.81011113e-003 0. 6.92835543e-004 0. 0. 0. -1.18224917e-003
    0. 1.97240012e-003 2.25868658e-003 1.96891814e-003 0.
    2.33118236e-003 0. 2.59606913e-003 0. 1.10670459e-003 0. 0.
    1.89613318e-003 0. -8.64008500e-004 -9.60418693e-005 3.35552357e-003
    0. -9.93056383e-005 0. 0. 0. 4.23240149e-003 4.07362171e-003 0. 0.
    0. 0. 0. 7.73990250e-005 0. 0. 2.90394621e-003 0. 2.81567336e-003 0.
