<?xml version="1.0"?>
<opencv_storage>
<imageDescriptor type_id="opencv-matrix">
  <rows>1</rows>
  <cols>1000</cols>
  <dt>f</dt>
  <data>
    0. 0. 0. 2.96862889e-003 0. 2.70159706e-003 0. 5.02886297e-003
    2.15550233e-003 0. 0. 1.49890652e-003 0. 2.13903142e-003 0.
    1.86187716e-003 0. 0. 4.36308142e-003 0. 3.33204749e-004
    3.40322638e-003 3.02539044e-003 0. 1.01325277e-003 -8.55073624e-004
    0. 3.02396063e-003 2.55142665e-003 0. 0. 1.36276437e-002
    4.25832113e-004 4.63358406e-003 0. 0. 0. 3.01675731e-003 0.
    2.24769046e-003 4.85159317e-003 0. 0. 0. -3.08558159e-003 0. 0. 0.
    0. 0. 0. 6.37985009e-004 9.02557094e-003 3.45216948e-003 0.
    -3.43368854e-004 1.95399672e-003 -3.51482915e-004 0. 0. 0. 0. 0. 0.
    2.49935570e-003 0. 1.80238648e-003 5.76380058e-004 0. 0.
    3.04855581e-004 0. 0. 0. -7.40955875e-004 -3.05199028e-005
    2.87587289e-003 0. 0. 0. 2.33438332e-003 0. 0. 6.65380899e-003 0.
    4.97403601e-003 4.04530484e-003 0. 4.51619038e-003 0. 0. 0. 0.
    8.28404038e-004 -3.77602060e-004 0. 5.27209090e-003 0.
    3.28137237e-003 0. 0. 0. 6.02481363e-004 -1.15392439e-003 0. 0. 0.
    0. 0. 1.19692013e-002 2.79032323e-003 0. 0. 0. 0. 0. 1.71999808e-003
    0. 5.14265290e-003 1.30965840e-003 0. 1.49457002e-004
    2.50600534e-003 0. 0. 3.50444601e-003 0. 0. 0. 0. 0. 0. 0.
    2.74066208e-003 0. 9.48167779e-003 0. 0. 0. 2.92657455e-003
    6.11920003e-003 0. 0. 0. 0. 0. 0. 0. 2.08340280e-004 3.75920348e-003
    3.90830595e-004 0. 0. 0. 1.15839089e-003 0. 9.38633806e-004 0. 0. 0.
    -7.94743712e-004 0. 0. 0. 0. 0. 0. 2.03600526e-003 6.16687350e-004
    4.95258719e-003 3.98486527e-003 0. 0. 0. 1.96191191e-004
    7.41900411e-003 0. 0. -2.62130634e-004 1.10907550e-003 0.
    2.62787566e-003 1.55241333e-003 1.26581807e-002 0. -4.35850932e-004
    0. 0. 0. 0. 1.73299597e-003 2.89486512e-003 0. 0. 0. 0. 0.
    5.73735997e-005 -1.95367332e-003 0. 4.08732472e-003 0.
    3.33778415e-004 0. 0. 1.58044975e-003 0. 0. 0. 1.47609413e-003
    -5.05260658e-004 0. 0. 0. 0. 0. 0. 0. 0. 1.39822089e-003 0. 0.
    2.93118414e-003 0. 0. 0. 7.44997815e-004 0. 0. 1.27394556e-003
    -1.87753423e-004 0. 9.08395101e-004 9.55157820e-003 0. 0.
    1.97160896e-003 2.77766259e-003 0. 0. 0. 1.78682059e-003 0. 0. 0. 0.
    0. 1.00685318e-003 0. 0. 0. -5.14222367e-004 0. 0. 1.91847235e-003
    0. 0. 1.56254154e-002 0. 0. 0. 0. -1.71445368e-003 0. 0.
    -5.10005222e-004 0. 0. 2.46409723e-003 0. 0. 0. 0. 0. 0. 0. 0.
    -2.87503644e-004 4.41972585e-003 0. 0. 3.10091558e-003 0. 0. 0. 0.
    8.01624916e-003 0. 0. 0. 2.58418312e-003 4.50626481e-003
    8.19963578e-004 0. 0. 0. 0. 3.44790844e-003 0. -2.42062670e-004
    3.99375800e-003 6.10957388e-003 0. 0. -3.23238806e-003 0. 0.
    1.72526133e-003 5.78017207e-003 -4.74117603e-003 0. 0. 0. 0. 0. 0.
    0. 0. 0. 2.45679403e-004 0. 0. 0. 0. -9.51573136e-004
    1.75889814e-003 4.33446700e-003 0. 4.27042553e-003 0.
    -4.52376407e-004 0. 1.86880492e-003 2.75469094e-004 2.38833530e-003
    0. 0. 8.63148234e-005 0. 3.96201806e-003 0. 5.74710593e-003
    1.14836846e-003 -1.70440541e-003 1.11987861e-003 1.78102462e-003 0.
    0. 0. 3.97432537e-004 3.60133033e-003 0. 0. 0. 1.17420265e-002 0. 0.
    0. 0. 0. 0. 0. 7.08420202e-003 -1.20417164e-004 1.69527289e-002
    1.01962173e-003 1.60641328e-003 0. -4.63660363e-005 4.33981419e-003
    -6.79364428e-004 0. 0. 0. 0. 1.13913091e-003 0. 0. 0.
    -1.45571225e-003 7.64960656e-004 0. 1.55454339e-003 1.00263990e-002
    5.21716522e-003 0. 0. 0. 0. 0. 0. -4.30832151e-005 -8.03886564e-004
    0. 0. 0. 0. 0. -2.42375676e-003 3.78387491e-003 4.36897483e-003 0.
    5.78713254e-004 0. 0. 0. 0. 0. 0. 0. 0. 0. 0. 1.02122184e-002 0.
    2.93596415e-003 1.16405450e-003 0. 0. 2.38629314e-003 0. 0. 0. 0.
    1.01118558e-003 2.74390331e-003 0. 9.23613610e-004 6.06015346e-005
    1.17859477e-003 0. 0. 9.03029088e-003 0. 0. -5.86199574e-004 0.
    1.82624429e-003 0. 0. 0. 0. 0. 2.33456166e-003 0. 0. 0.
    3.58229829e-003 0. 2.72625359e-003 -6.25960005e-004 0. 0. 0. 0. 0.
    0. 0. 2.84719770e-003 0. 0. 0. 0. 0. 0. 0. 0. 0. 0. 0.
    1.54118612e-003 -1.39060477e-003 2.57551903e-003 0. 0. 0. 0. 0.
    6.19769515e-003 -6.45499385e-004 1.00343293e-002 1.96787714e-005 0.
    4.37187729e-003 1.21469307e-003 4.26008878e-003 0. 0. 0. 0. 0.
    5.96423121e-003 0. 0. 0. 0. 0. 0. 0. 0. 0. 0. 0. 0. 4.91538609e-004
    0. -2.78914208e-003 0. 0. 4.58094059e-003 0. 0. 0. 0.
    -8.01875663e-004 6.81430683e-004 0. 0. 0. -1.00884485e-004 0.
    -1.82862231e-003 1.73329038e-003 4.03842563e-003 0. 0. 0.
    2.85968976e-003 8.24960973e-003 0. 2.15473818e-003 0. 0. 0. 0.
    1.00424758e-003 0. 0. 0. 0. 0. 2.50497507e-003 0. 0. 5.66072995e-004
    0. 0. 0. 1.53994828e-003 0. 0. 5.04920958e-003 0. 0. 0.
    6.91071386e-003 2.80240667e-003 0. 0. -3.67044646e-004 0. 0.
    2.24671066e-002 0. 0. 5.61898155e-003 0. 0. 5.46435174e-003
    2.72953650e-003 9.38907790e-004 0. 5.65852458e-003 0. 0.
    5.02937287e-003 0. 0. 0. 0. 0. 7.45227560e-004 2.65371497e-003
    3.21059837e-003 0. 0. 1.20459835e-003 0. 0. 5.90826210e-004 0. 0. 0.
    5.93102863e-003 0. 0. 0. 0. 0. 1.34124840e-003 0. 1.40768872e-003 0.
    0. 0. 0. 4.97331657e-003 0. 0. 0. 0. 0. 3.89033975e-003 0.
    5.28493989e-003 0. 2.30777636e-003 0. 7.04541057e-003 0. 0.
    2.31168652e-003 0. 8.16391766e-005 0. 0. 0. 8.13269988e-003 0.
    -5.73133642e-004 0. 3.04673309e-003 0. 0. 0. 5.81002701e-003
    8.56625009e-003 0. 0. 0. 4.37350059e-003 4.29038703e-003 0.
    1.59378664e-003 -1.02733693e-003 2.79873633e-003 2.25040899e-003 0.
    5.11046778e-003 8.32542405e-003 1.14539685e-003 0. 0. 0. 0.
    8.02977942e-003 5.29743731e-003 0. 0. 0. 0. 0. 0. 0. 0.
    3.17720277e-003 7.34467816e-004 2.90168566e-003 0. 0. 0. 0.
    2.77270051e-003 0. 0. 0. 3.98856588e-003 1.21665304e-003 0.
    5.89494314e-003 5.90271084e-003 4.23830282e-003 0. 8.47834977e-004
    -1.30411878e-003 0. 0. 6.43953355e-003 0. 0. 0. 0. 0. 0. 0.
    -5.23268071e-004 0. 4.96797683e-003 1.04878738e-003 -1.56215159e-004
    5.81337186e-003 -2.50323419e-003 6.98929047e-003 0. 0.
    8.35444662e-004 0. 0. 4.84043994e-004 0. 0. 0. 0. 5.30793041e-004 0.
    0. 0. 0. 0. 9.11809097e-004 0. 6.89914916e-003 -2.08958611e-003 0.
    9.36757482e-004 1.22853124e-003 -2.32905126e-003 1.62406964e-003 0.
    0. 0. 0. 0. 1.02105818e-003 4.28647501e-003 0. 0. 0. 0. 0. 0.
    4.16222680e-003 1.93451787e-003 2.88606342e-003 0. 1.16731471e-003
    0. 2.37850309e-003 0. -2.55991508e-005 2.36018421e-003 0. 0.
    -3.34970071e-003 0. 0. -2.73292739e-004 0. 0. 0. 0. 0. 0. 0. 0. 0.
    3.10002291e-003 1.39113399e-004 0. 0. 0. 0. 0. 0. 1.03410585e-002
    -2.69346847e-003 0. 0. 2.35773018e-003 0. 3.18729668e-003 0.
    3.06549016e-003 3.66586703e-003 0. 1.22450502e-003 2.71393312e-003
    0. 1.21555955e-003 4.17578034e-003 8.45330651e-004 0. 0. 0. 0. 0.
    2.72034993e-003 0. 0. 3.22094653e-003 4.10655187e-003 0. 0. 0. 0. 0.
    0. 0. 0. 0. 0. 0. 0. 6.89304725e-004 1.26301004e-002 2.11009965e-003
    0. 0. 0. 0. 0. 0. 0. 0. 0. 0. 0. 0. 2.14574253e-003 0. 0. 0.
    1.57787409e-002 0. 6.39165845e-003 1.29249389e-003 0. 0.
    1.18256593e-002 1.58896460e-003 0. 0. 0. -8.85555870e-004
    1.12055587e-002 0. 0. -5.98397339e-004 9.73719079e-003 0. 0. 0. 0.
    8.76667257e-003 0. 0. 0. 0. 1.11414038e-003 -2.89040501e-004 0.
    5.16875321e-003 0. 0. 9.24075674e-003 0. 0. -7.28744490e-004 0.
    4.91318433e-003 8.95199482e-004 0. 4.72967792e-003 0.
    8.90613301e-004 1.15720171e-003 0. 0. 2.06664577e-003
    1.47769315e-004 1.47884758e-003 0. 1.68364926e-003 0. 0.
    1.05420696e-002 8.16879503e-004 0. 8.48613679e-004 0. 0. 0. 0. 0. 0.
    7.64616940e-004 0. 2.09935848e-003 0. 0. 0. 0. 0. 0. 0. 0.
    2.02343077e-003 0. 2.57684733e-004 0. 0. 0. 0. 0. 0. 0. 0. 0. 0. 0.
    1.06719220e-002 0. 1.59353972e-003 1.40836439e-003 0.
    -7.08984036e-004 0. 0. 0. 3.78919009e-004 3.04054847e-004 0. 0.
    -3.91368558e-005 0. 0. 0. 0. 2.21393956e-003 -1.27323740e-003 0. 0.
