<?xml version="1.0"?>
<opencv_storage>
<imageDescriptor type_id="opencv-matrix">
  <rows>1</rows>
  <cols>1000</cols>
  <dt>f</dt>
  <data>
    0. 0. 1.29400485e-003 0. 9.06996895e-003 0. 0. 0. 2.01478088e-003
    6.90774573e-003 0. 7.19259493e-004 2.62887799e-004 0. 0.
    2.67115945e-004 2.36329413e-003 0. 4.16909996e-003 0.
    -5.55142353e-004 9.55552515e-003 0. 0. 0. 0. 4.49971994e-004 0. 0.
    0. 0. 0. 8.11364688e-003 -1.68574322e-003 0. 0. 0. 0. 0. 0. 0. 0.
    3.42415320e-003 -1.28624192e-003 5.49971266e-003 0. 0. 0.
    9.16821649e-004 0. 0. 0. 0. 0. 0. 2.75424682e-003 0. 0. 0. 0.
    1.53234601e-003 0. 0. 0. 0. 0. 0. 0. 2.27944227e-003 9.25092399e-003
    0. 0. 0. 2.22314708e-003 0. 2.02711346e-003 6.21574651e-003 0.
    7.20344018e-003 4.70306259e-003 0. 0. 0. 3.03252088e-003 0.
    1.59437128e-003 9.54738352e-003 0. 0. 0. 0. 0. 1.11471638e-002
    4.94610809e-004 2.54922011e-003 0. 7.37126451e-004 0. 0. 0. 0.
    3.02216387e-003 0. 0. 5.97115839e-003 0. 0. 0. 1.88317325e-004
    -2.64248320e-005 6.58486795e-004 0. 3.58155172e-004 0. 0. 0.
    2.42361124e-003 2.29629499e-004 0. -1.32882909e-003 0. 0.
    3.33688688e-004 3.87610239e-003 0. -6.61622442e-004 1.93191448e-003
    0. 0. 0. 0. 0. 2.70866044e-003 0. 0. 1.39568769e-003 0. 0.
    3.38363042e-003 0. 0. 0. 6.67673256e-003 0. 0. 8.45194142e-003 0. 0.
    0. 1.28109229e-003 8.19516648e-003 0. 1.91384612e-003 0. 0.
    6.33494556e-003 2.18126969e-003 0. 0. 0. 0. 0. 0. 1.41837914e-003
    3.09641170e-003 -2.79800640e-003 0. 0. 0. 5.81628596e-003 0. 0.
    8.57748184e-003 0. 0. 0. 0. 0. -1.78325712e-003 5.62796881e-003 0.
    7.56218971e-004 0. 8.57331324e-003 1.16884890e-004 4.80197807e-004
    0. 0. 0. 0. 3.73295834e-003 3.31252348e-003 2.06404505e-003 0. 0.
    1.10192318e-003 0. 1.37833669e-003 0. 0. 0. 3.77852557e-004 0.
    -5.76188540e-005 0. 0. 8.75218364e-004 0. 0. 1.20882541e-002 0.
    6.58666622e-003 0. 0. 4.70406795e-003 0. 0. 0. 5.17941953e-004
    8.05616844e-003 0. 0. 0. 6.39895443e-003 -1.79905430e-004 0.
    3.70019884e-003 0. 0. 0. 0. 0. 0. 0. -8.17178097e-003 0. 0. 0. 0. 0.
    2.83206557e-003 0. -1.11977779e-003 0. 0. 0. 1.06014246e-002
    9.86562483e-003 1.30574964e-003 9.21310741e-004 0. 0. 0. 0. 0. 0.
    9.50707588e-004 0. 0. 0. 7.64180627e-003 0. 0. -8.64236150e-004 0.
    0. 0. 4.38761339e-003 8.24609865e-003 0. 1.36931182e-003 0. 0.
    -8.10886675e-004 3.82125494e-003 0. 0. -3.25324433e-003 0. 0. 0. 0.
    0. 6.86198892e-003 0. 0. -4.22546593e-003 2.10075450e-004
    7.11028231e-004 0. 5.73869888e-003 0. -2.13073043e-004 0. 0.
    2.14015134e-003 0. 0. 0. 0. 2.78976071e-003 0. 0. 0. 0. 0. 0.
    1.99377863e-003 0. 0. 3.82704497e-003 0. 5.37859648e-003 0. 0.
    1.79190282e-003 0. 0. 0. 2.76878104e-003 1.06675895e-002
    4.24497848e-004 -5.63304966e-005 0. 0. -2.66759028e-003 0. 0. 0. 0.
    -8.94498895e-004 2.25872477e-003 1.95064163e-003 0. 0.
    1.21144229e-003 0. 0. 0. 0. 0. 0. 3.57807684e-003 0. 0. 0.
    -1.30605232e-003 0. 0. 0. 1.52855867e-003 -1.16368209e-003
    7.61043420e-003 0. 0. 0. 0. 4.86968504e-003 2.57574674e-002
    2.58324854e-003 0. 0. 4.26649721e-003 0. 2.03669909e-003 0. 0. 0.
    1.72961503e-004 0. 0. 0. 0. 0. 3.12697701e-003 1.31937135e-002
    3.08364746e-003 0. 8.99344683e-003 0. 0. 1.04778745e-004
    -5.10706392e-004 0. 0. 5.36501082e-003 0. 0. 1.32120149e-002
    7.85581861e-003 0. 0. 0. 9.61192854e-005 0. 0. 0. 6.32457435e-003
    1.53456703e-002 0. 0. 0. 0. 0. 3.17245396e-003 0. -2.90093711e-004
    -1.98034293e-004 6.08499721e-003 0. 0. 0. 1.05544738e-002 0. 0.
    3.96634510e-004 1.44925213e-003 0. 0. 0. 0. 3.47182882e-004 0. 0. 0.
    0. 0. 0. 0. 0. 0. 1.73633383e-003 2.34895735e-003 0. 4.10892768e-004
    0. 2.26411223e-002 4.55170026e-004 0. 0. 0. 0. 0. 0. 0. 0.
    1.09428326e-002 0. 0. 0. 9.72252060e-003 3.80420522e-003
    -1.13475740e-004 0. 0. 0. 0. 0. 0. -1.89694157e-003 0. 0.
    8.39466508e-003 0. 0. 0. 0. 9.90218762e-003 1.07275578e-003 0.
    2.58666812e-004 0. 0. 0. 0. 0. -1.52880291e-003 8.64366908e-003
    3.01199825e-003 -1.11978385e-003 0. 0. 0. 0. 0. 1.33444956e-002 0.
    0. 3.94003699e-003 0. 4.05485881e-003 0. 0. 1.67114055e-003 0.
    -1.84216630e-003 3.40066105e-003 0. 0. 0. 0. 0. 0. 0. 0. 0.
    1.55253336e-003 0. 0. 0. 0. 0. 0. 1.58221903e-003 8.16068053e-003 0.
    0. 0. 0. 0. 9.95816849e-003 -4.16538911e-004 0. 1.96444802e-003 0.
    0. 2.03213142e-003 0. 0. -7.23467165e-005 0. 0. -2.38651683e-005
    3.40734026e-004 5.86912734e-003 0. 0. 0. 0. 1.39262911e-003
    -1.36741938e-003 0. 0. 0. 0. 5.70799969e-003 0. 0. 0. 0.
    -1.28334400e-003 0. 0. 0. 0. 0. 0. 0. 0. 0. 0. 0. 0. 5.85428148e-004
    0. 0. 0. 0. 0. 1.28780566e-002 0. 0. 0. 0. 0. 0. 0. 0.
    -2.77766405e-004 0. 0. 0. 0. 0. 0. 0. 0. 0. 3.11157084e-004 0.
    1.15165801e-003 0. 1.00206221e-002 -1.81081879e-004 0.
    2.01745983e-003 1.01820538e-002 0. 1.19995733e-003 1.00209462e-002
    0. 5.17618423e-003 0. 5.12439816e-004 2.74306349e-003
    9.12103569e-004 0. 0. 0. -2.15396562e-004 -1.18413436e-005 0.
    -4.92810912e-004 2.22704653e-002 0. 0. 0. 0. 0. 0. 0.
    7.82925345e-005 0. 5.25828160e-004 8.35718401e-003 9.93670183e-005
    0. 0. 0. 0. 0. 0. 0. 0. 0. 0. 0. 0. 0. 0. 8.32349528e-004 0. 0.
    4.30122530e-003 3.47813359e-003 0. 0. 0. 0. 4.59240749e-003 0.
    1.18902186e-003 0. 0. 0. 4.51907236e-003 0. -6.38231111e-004 0. 0.
    1.31342909e-003 4.70702711e-004 0. 5.41872485e-003 0.
    8.13443388e-004 1.89837883e-003 0. 0. -5.57992316e-005 0. 0.
    5.37091494e-003 -4.40716883e-003 0. 0. 2.46069627e-003 0. 0.
    -1.01916830e-003 1.15037325e-003 0. 0. 1.87593210e-003
    2.13541300e-003 0. 0. 0. 1.98142370e-004 0. 0. 0. 0. 0. 0.
    -1.72784552e-003 0. 0. 0. 2.47804215e-003 0. 0. 0. 0. 0. 0.
    4.72894544e-003 0. 0. 0. 0. 0. 0. 1.10141709e-002 0. 0. 0. 0. 0. 0.
    0. 0. 0. 0. 2.29903637e-003 -2.45765969e-003 0. 0. -1.72045326e-003
    0. 0. 0. 6.97389152e-003 1.68619445e-003 0. 0. 0. 0. 0. 0. 0. 0. 0.
    0. 2.81131244e-003 0. 0. 0. 0. 0. 0. 0. 0. -5.84605266e-004 0.
    3.48655926e-003 0. 0. 0. 0. 1.08604673e-002 0. -3.00568441e-004 0.
    9.95893031e-004 0. 0. 2.42773583e-003 0. 7.40613462e-003
    7.47517729e-003 2.92190816e-003 0. 0. 0. 0. 0. 0. 0.
    -8.58442800e-004 0. 0. 0. 2.68432335e-003 -1.01732870e-003 0. 0. 0.
    0. 0. -2.03604181e-003 0. 9.18537902e-004 0. 0. 1.00169668e-003 0.
    0. 0. 0. 0. 0. 0. 0. 0. 0. 0. 2.88388017e-003 4.64293081e-003 0. 0.
    0. 4.55626287e-004 0. 4.83964104e-003 0. 0. 0. 1.50319378e-004
    3.95840220e-003 0. 0. 2.52175215e-003 0. 0. 0. 9.35901236e-003 0.
    1.12937996e-002 0. 0. 0. 0. 0. 1.76448654e-003 7.30944378e-003 0. 0.
    0. -3.65369953e-003 0. 0. 6.71424146e-004 0. 0. 0. 0. 0.
    1.64280622e-003 -2.61914637e-003 7.25009665e-003 0. 0. 0. 0. 0. 0.
    0. 0. 0. 0. -9.38046491e-004 0. 0. 0. 0. 0. 0. 0. 0. 3.16356402e-003
    0. 0. 0. 0. 4.64325276e-005 4.69938014e-003 0. 0. 0. 0. 0. 0. 0. 0.
    0. 0. 2.32401630e-003 1.54243903e-002 -4.74212284e-004 0.
    2.18516937e-003 0. 0. 0. 0. 0. 0. 0. 0. 0. 0. -1.05624297e-003 0. 0.
    0. 0. 7.72906095e-003 0. 1.04363533e-002 1.55752664e-003 0.
    4.03292337e-003 0. 2.92033399e-003 2.37756036e-003 0.
    6.32761337e-004 0. 0. 0. 1.02435250e-003 0. 9.93752480e-003 0.
    9.27331951e-003 0. 0. 0. 0. 0. 2.47177784e-003 0. 0. 5.84215764e-003
    0. 0. 8.86475260e-004 0. 0. 4.87717509e-004 8.61199573e-004 0.
    -2.92281940e-004 0. 0. 0. 0. -1.57546543e-003 0. 0. 1.71550419e-004
    0. 0. 0. 0. 0. 0. 3.89095745e-004 0. 6.76460215e-004 0. 0. 0.
    8.94862518e-004 0. 0. 0. 0. 0. -1.27024751e-003 6.38022507e-003 0.
    0. 8.52761604e-003 0. 0. 0. 2.44170730e-003 0. -1.35302753e-003 0.
    0. 0. 0. 0. 0. 1.02116950e-002 9.12571140e-003 0. 1.47232774e-003
    2.10590288e-003 0. 0. -2.19140667e-003 0. 3.03538796e-003 0.
    8.18790589e-003 0.</data></imageDescriptor>
</opencv_storage>
