<?xml version="1.0"?>
<opencv_storage>
<imageDescriptor type_id="opencv-matrix">
  <rows>1</rows>
  <cols>1000</cols>
  <dt>f</dt>
  <data>
    2.63824617e-003 0. 2.07812322e-004 0. 0. 0. 0. 5.84471272e-003 0.
    -1.32038351e-003 0. 4.70801070e-003 0. 7.34824804e-004 0. 0.
    6.28810935e-003 0. -2.74687511e-004 2.47768033e-003 1.36142969e-003
    0. -1.42659561e-003 0. 7.79042311e-004 0. 1.67139410e-003 0. 0.
    1.09188389e-002 0. 5.93381410e-004 9.21628904e-003 0. 0.
    1.79752451e-003 -1.50261621e-004 0. 0. 2.01527891e-003 0. 0.
    2.60147895e-003 1.14173512e-003 0. 2.35510035e-003 0. 0.
    1.60424586e-003 0. 0. 1.69736252e-003 0. 0. 0. 0. 0.
    -3.03157169e-004 0. 0. 0. 0. 0. 0. 3.02306202e-004 0. 0.
    5.42906986e-004 0. 0. 0. 1.40360286e-002 0. 2.96027865e-003 0. 0.
    1.96812791e-003 -7.31568260e-004 3.27655789e-003 3.04276263e-003 0.
    0. 0. 0. 0. 3.53181129e-003 9.03264713e-003 2.30835145e-003 0. 0.
    8.10215308e-004 0. 0. -1.23508321e-003 0. 0. -4.35674004e-003 0. 0.
    0. 0. 4.38526133e-003 2.78221373e-003 0. -3.52616073e-004
    1.08895395e-002 0. 0. 0. -1.33743987e-003 0. 0. 7.04364339e-003
    -1.23663078e-004 0. 0. 5.15892310e-003 0. 0. 0. 7.19600066e-004 0.
    0. 1.00289565e-002 0. 3.52840696e-004 0. 0. 0. 1.67580647e-003 0.
    3.39368242e-003 2.56778905e-003 0. 6.53452240e-004 1.97111722e-003
    1.11571353e-004 7.52641645e-004 0. 3.03152623e-003 0.
    4.46969969e-003 2.85143941e-003 5.30838035e-003 0. 0. 0. 0. 0. 0.
    2.30086385e-003 0. 1.78052054e-004 1.89125552e-004 0. 0. 0. 0. 0. 0.
    0. 4.14592866e-003 0. 3.57937487e-003 0. 6.86459523e-003 0. 0. 0. 0.
    1.30572543e-003 0. 0. 7.07787927e-003 1.10391071e-002 0.
    2.46739807e-003 0. 0. 6.34178359e-005 1.16887823e-004
    3.41328140e-003 4.48459201e-003 1.09041939e-002 1.47738715e-003 0.
    0. 5.50453365e-003 -5.86353592e-004 0. 0. -3.38793104e-003
    -5.94832294e-004 3.03027988e-003 0. 0. 1.57716535e-002 0. 0. 0. 0.
    0. 0. 0. 4.67418088e-003 0. 3.18017742e-003 0. 0. 6.20052405e-003 0.
    4.76597389e-003 0. 0. 0. 2.46680528e-003 5.59169054e-003
    5.14711719e-004 5.62514132e-003 5.86329587e-003 0. 0. 0. 0. 0.
    1.07092094e-002 3.09122703e-003 0. 9.26574692e-003 0. 0.
    8.54304619e-003 0. 0. 0. 1.21592556e-003 -9.68263921e-005 0. 0. 0.
    0. 0. 9.54373972e-004 0. 0. 3.77014140e-003 1.93773315e-003 0. 0. 0.
    -2.67883576e-003 2.49321898e-003 0. 0. 0. 3.63692991e-003
    1.32815167e-003 0. 0. 0. 2.60700937e-003 0. 0. -4.63954319e-004 0.
    0. 0. 0. 0. 0. -1.19813812e-004 0. 0. 0. 3.10348650e-003 0. 0.
    -4.35638428e-003 4.26663039e-003 -6.72299298e-004 0. 0. 0.
    1.95907522e-003 0. 7.18726078e-003 -1.52051891e-003 0. 0. 0. 0. 0.
    3.68966651e-003 0. 0. 0. 1.28330349e-003 0. 0. 0. 0. 2.96784821e-003
    0. 0. 3.29375936e-004 0. 2.21634004e-003 0. 0. 9.47639535e-007
    2.07244535e-003 0. 0. 0. 0. 3.48910643e-003 0. 8.44482146e-003 0. 0.
    0. 1.17192534e-003 0. 0. 0. 0. 0. 3.40224197e-003 0. 0. 0. 0.
    6.77626068e-003 0. 0. 0. 1.03574889e-002 1.80359569e-003 0.
    8.36561993e-003 0. 1.69453793e-003 6.14161091e-003 0. 0. 0.
    1.41827436e-003 0. 0. 0. 0. 0. 7.25290272e-003 1.15748425e-003 0. 0.
    0. 0. 0. 6.16814708e-004 3.02167796e-003 0. 0. 3.76135646e-003 0. 0.
    0. 0. -1.38138072e-003 0. 0. 0. 0. 0. 0. 4.12857067e-003 0. 0.
    1.81744003e-003 0. 0. -2.55286763e-003 1.41544663e-003 0. 0.
    8.66346061e-004 2.06082291e-003 2.96531525e-003 0. 1.10346265e-003
    0. 0. 0. 0. 0. 0. 0. 0. 0. 0. 0. 0. 0. 5.91673795e-003 0. 0.
    1.92195398e-003 0. 1.19972462e-002 0. 0. 0. 0. 0. 0. 3.33302212e-003
    0. 0. -6.92413538e-004 0. 0. 0. 0. 0. 0. 0. 0. -1.21458237e-004 0.
    9.44194477e-003 4.85622557e-003 0. 0. -6.74228359e-004
    8.98698531e-003 1.27314124e-003 0. 6.63635926e-003 1.07723485e-004
    0. 0. 0. 0. 0. 8.68233759e-003 0. 0. 0. 0. 0. 6.22561201e-004 0.
    1.31202294e-002 0. 0. 0. 0. 0. 8.62017099e-004 0. 0. 3.07672168e-003
    0. 0. 0. 2.07183557e-003 0. 0. 7.98438501e-004 0. 0. 0.
    1.03025986e-002 4.55703499e-004 -8.19068111e-004 0. -1.26803154e-003
    1.96434790e-003 1.63131568e-003 0. 2.24688463e-003 0. 0.
    8.47704150e-003 0. -2.00808095e-003 9.89060290e-003 -3.95170318e-005
    0. 0. 0. 0. 0. -4.01827769e-004 0. 0. 0. 0. 0. 0. 5.86050795e-004 0.
    7.87595127e-005 0. 0. 4.25999472e-003 0. 0. 1.31378695e-003 0. 0.
    1.93884468e-003 0. 2.53737648e-003 -8.27374286e-004 -1.46484014e-003
    0. 0. 1.36959995e-003 0. 1.69519903e-004 4.03379509e-003 0.
    1.24109141e-003 1.42064353e-003 0. 0. 0. 0. 0. 6.78400625e-004
    1.73667585e-003 0. 0. 0. 0. -8.97777965e-004 9.10854025e-004 0. 0.
    1.84172834e-003 0. 0. 0. 0. 3.65142548e-003 0. 0. -3.60306643e-004
    0. 0. 0. 0. 0. 0. 0. 0. 0. 0. 1.48168846e-003 0. 5.04817115e-003 0.
    1.62997073e-003 2.43429956e-003 0. 0. 5.80425793e-003 0.
    -1.53202156e-003 -1.07691193e-003 0. 0. 0. 0. 0. 0. 0.
    2.89503904e-003 0. 0. 0. 0. 0. 0. 7.43384706e-004 2.79741921e-003 0.
    0. 0. 9.87597508e-004 -2.18694867e-003 1.33523112e-002 0. 0. 0. 0.
    0. 0. 0. 2.71414494e-004 0. 5.23939263e-003 0. 0. 7.34522846e-003
    5.04723634e-004 0. -1.10840413e-003 2.37402110e-003 0. 0. 0. 0. 0.
    6.61619822e-004 0. -1.36056950e-003 0. 0. 2.23384518e-003
    2.37192796e-003 0. 0. 0. 3.71085550e-003 -1.16844673e-003
    1.73913117e-003 0. 0. 0. 1.31617421e-002 -3.73315532e-003 0.
    9.95658524e-003 0. 6.27146510e-004 0. 5.54097490e-003
    1.41010081e-004 1.65529700e-003 1.39542818e-002 1.09530278e-002 0.
    -7.49234983e-004 0. 0. 0. -1.47558050e-003 3.98948276e-003 0.
    1.42323633e-003 0. 0. 0. 1.82230596e-003 8.75032332e-004
    5.06202364e-003 0. 0. 0. 0. 0. -1.48899492e-003 0. 0.
    1.76882278e-003 0. 0. 5.09440480e-003 0. 0. 1.52791894e-004 0.
    4.53728950e-003 2.19353475e-003 0. 0. 0. 0. 4.42076661e-003
    3.39816208e-003 0. 0. 4.58642608e-003 0. 0. 0. 0. 0. 0. 0.
    2.30737124e-003 -1.75781851e-003 7.17104645e-003 0. 0. 0. 0.
    1.07933406e-003 0. 0. 0. 0. 0. 0. 0. 1.41439948e-003 6.46332046e-003
    0. 0. 0. 0. 0. 0. 0. 7.96346460e-004 0. 6.61824923e-003 0.
    -4.54642315e-004 0. 0. 0. -1.30704499e-003 5.36069227e-003 0. 0.
    2.27365131e-003 -4.94998589e-004 0. 0. 3.66048946e-004
    4.92110057e-003 0. 1.31344481e-003 1.48703693e-003 0. 0.
    1.69155351e-003 0. 0. 1.76033331e-003 0. 7.20787654e-003
    5.84941451e-003 0. 0. 0. 0. 0. 0. 0. -6.48287067e-004
    2.18019076e-003 0. 0. 0. 0. 0. 0. 4.76685725e-003 5.11245290e-003 0.
    2.80713448e-006 7.45218294e-003 6.18907576e-003 0. 0. 0. 0. 0. 0. 0.
    0. 0. 0. 8.93809483e-004 0. 0. 0. 0. 0. 1.06412722e-006
    -1.85515278e-003 0. 0. 0. 0. 0. 0. 0. 0. 0. 6.92052487e-003 0.
    -3.11970041e-004 0. 0. 0. 1.22006575e-003 0. 2.16406584e-002 0. 0.
    0. 7.46683963e-003 0. 9.06028878e-003 0. 0. 7.89494626e-003 0. 0. 0.
    0. 1.81619474e-003 0. 0. 0. 0. 0. 0. 0. 0. 7.64635019e-003
    2.39237887e-003 0. 0. 0. 0. 0. 0. 0. 6.66943321e-004 6.31839386e-004
    0. 2.04552501e-003 0. 2.22655409e-003 0. -1.87755024e-004 0. 0.
    2.44897412e-004 0. 8.11756030e-003 0. 0. 1.81414746e-003 0. 0. 0. 0.
    0. 0. 0. 0. 0. 0. 0. -2.89411447e-003 0. 0. 0. 0. 0. 3.05296708e-004
    1.22373663e-002 0. 0. 0. 0. 3.11888242e-003 0. 3.44953523e-003 0. 0.
    0. -3.49986280e-004 0. 0. 8.49554222e-003 3.96827701e-003 0. 0. 0.
    0. 0. 7.53700407e-003 0. 6.77219723e-005 3.67371424e-004 0.
    3.06514883e-003 0. 0. 3.12511227e-003 0. -7.98865221e-004
    5.73550537e-003 0. 0. 0. 0. 0. 2.69169523e-003 0. 0. 1.95689010e-003
    3.71911883e-004 0. 0. 0. 2.10627611e-003 2.38557160e-003
    6.83112722e-003 1.99551883e-004 0. 0. 0. 0. 9.11401992e-004
    4.90238471e-003 0. 0. 0. 0. 0. 0. 0. 9.73446947e-003 0.
    6.07004669e-003 0. 0. 0. 0. 0. 0. 0. -8.11142309e-006 0.
    4.85636352e-004 0. -5.92754513e-004 0. 0. 0. 6.48122467e-003 0. 0.
    0. 2.07570172e-003 0. 0. -2.66387803e-003 0. 3.41149513e-003
    6.01528725e-003 0. 0. 0. 6.08529011e-003 0. -2.35042977e-003 0. 0.
    0. 0. -3.33256624e-003 0. 3.59090930e-003 0. 0. 0. 0.
