<?xml version="1.0"?>
<opencv_storage>
<imageDescriptor type_id="opencv-matrix">
  <rows>1</rows>
  <cols>1000</cols>
  <dt>f</dt>
  <data>
    0. 0. 0. 0. 0. 3.21262050e-003 0. 2.75712064e-003 1.02219591e-002 0.
    0. 1.18479645e-003 0. 0. 0. 7.55953137e-003 -6.40846672e-004 0.
    8.67684837e-003 0. -4.01144673e-004 0. 2.50938209e-003 0.
    -2.73265014e-003 1.52993540e-003 0. 3.29068583e-003 0. 0. 0.
    9.71948821e-003 9.82164056e-004 4.53819521e-003 2.29093319e-004
    1.26048212e-003 0. 0. 0. 0. 0. 2.03952286e-003 0. 0. 0. 0.
    1.08543690e-003 0. 0. 0. 1.49633014e-003 1.38660904e-003 0.
    2.07580579e-003 -9.72662703e-004 3.40579939e-003 0. 1.48516626e-003
    0. 3.39845684e-003 2.97838496e-003 -4.39722091e-004 0.
    1.27529283e-003 0. 0. 9.26037971e-003 0. 0. 4.82638506e-003
    -8.82195454e-005 0. 9.89259314e-003 9.39312449e-004 -2.20056344e-003
    0. 0. 2.23770342e-003 -8.39108019e-004 1.41172583e-004 0. 0.
    1.09855540e-003 5.10910526e-003 0. 0. 1.87642477e-003
    2.08261097e-003 0. 0. 5.13845170e-003 2.14504500e-004
    1.53112179e-003 0. 0. 0. 1.10975024e-003 0. 0. 0. 0. 1.99722080e-003
    0. 0. 0. 2.73704412e-003 4.55361651e-003 1.54706137e-003
    7.91049271e-004 0. 0. 0. 0. 1.40973239e-003 7.18458230e-003 0. 0. 0.
    0. 0. 2.71411636e-003 0. 2.73785996e-003 0. 1.09623803e-003 0.
    3.67506640e-004 0. 1.10520101e-004 0. 1.02452915e-002 0.
    1.86912238e-003 0. 0. 5.44370792e-004 -4.16110212e-004
    1.76682556e-003 5.55745501e-004 5.78335999e-003 0. 0. 0. 0.
    1.55713817e-003 0. 0. 6.02948072e-004 0. 0. 0. 0. 6.52296608e-003 0.
    0. 0. 0. 0. 2.80111708e-005 2.60914932e-003 -9.64749022e-004
    5.65993506e-003 5.14091039e-003 0. 0. 0. 0. 0. 0. 9.63197730e-004
    7.08388339e-004 4.36153356e-003 4.63678688e-003 0. 0. 0.
    2.57089175e-003 0. 0. 0. 0. 2.14326123e-004 0. 0. 2.46618479e-003 0.
    0. 0. 0. -5.29156678e-005 1.69108610e-003 0. 0. 0. 0. 0. 0. 0.
    1.63299532e-003 0. 0. 4.65698686e-004 0. -2.02880386e-004 0. 0. 0.
    3.98870325e-003 0. 0. 1.00289006e-003 0. 0. 0. 1.53521216e-003 0. 0.
    -1.73836757e-004 -2.78040883e-004 -3.10306437e-003 0. 0.
    1.62502041e-003 1.04733789e-003 7.06240162e-003 0. 2.98957853e-003
    0. 2.39307480e-003 3.11794528e-003 0. 0. 0. -4.15456278e-004 0. 0.
    0. 1.74367323e-003 6.70288783e-003 0. 0. 4.33643727e-004
    -2.64748093e-003 0. 3.69014940e-003 3.51400417e-003 -1.88767561e-004
    -2.03049323e-003 1.59930775e-003 0. 0. 0. 6.69203524e-004 0. 0. 0.
    2.65192986e-003 0. 0. 0. 0. 0. 0. 0. 0. 0. 6.25232351e-004
    2.51985295e-003 0. 0. 0. 1.94097962e-003 3.06831510e-003
    4.95239440e-003 6.53338013e-003 0. 1.87853619e-003 0. 0. 0. 0. 0.
    1.94134074e-003 0. 0. 0. 0. 0. 2.29344703e-003 0. 1.27899228e-003 0.
    -1.16992428e-003 0. 0. 0. 0. 8.42125097e-004 1.14195817e-003
    9.62863397e-003 8.99377838e-003 0. 3.90417897e-003 8.10560014e-004
    2.90181837e-004 6.96624687e-004 0. 4.14484926e-003 6.34411210e-003
    0. 2.74253101e-003 0. 0. 0. 2.61960493e-004 2.66366266e-003
    1.00925798e-003 4.75698430e-003 0. -1.93995205e-004 0. 0.
    2.73587671e-003 0. 0. -1.95861940e-004 0. 0. 0. 7.81566545e-004
    3.06348572e-003 0. 0. 0. 1.35212182e-003 0. 2.84098624e-003
    6.45996816e-003 0. 8.74957256e-003 0. -3.71787464e-004 0. 0.
    5.41765010e-003 1.89001067e-003 0. 2.24364386e-003 0. 0. 0. 0.
    5.75485406e-003 0. 0. 0. 0. -3.72303394e-003 1.45135634e-003
    4.67182742e-003 0. 0. 0. 2.60804780e-003 6.48834743e-003
    2.53954576e-003 5.44092502e-004 2.42083985e-003 0. 5.56855462e-003
    0. 0. 4.55308426e-003 0. 1.10952836e-003 0. 1.24456570e-003
    6.50761230e-003 0. 0. 1.69620104e-003 0. 0. 4.26970934e-003
    2.37598829e-003 0. 1.14557486e-004 1.27811823e-003 5.05167339e-003
    2.36430066e-003 0. 4.74150758e-003 1.96665875e-003 0.
    -1.12269423e-003 2.68528122e-003 0. 0. 0. 0. 0. 0. 3.65798688e-003
    0. 0. 0. 4.95419325e-003 0. 0. 0. 0. 2.89271935e-004 0. 0. 0.
    6.60394831e-003 3.95357190e-003 1.30137231e-003 0. 0. 0. 0. 0. 0.
    6.81210775e-004 0. 0. 0. 0. 0. 1.51494704e-002 1.14532001e-002 0. 0.
    0. 0. 0. -9.72786627e-004 0. 0. 6.64106756e-003 1.49439331e-002
    6.17224164e-003 0. -2.98749917e-004 0. 4.78161918e-003 0.
    -2.52689468e-003 0. 0. 0. 4.08388209e-003 3.31382244e-003 0. 0.
    3.14176502e-003 6.02917466e-003 2.57916603e-004 0. 0.
    7.55307917e-003 5.83480857e-003 0. 1.30073482e-003 0.
    2.09025107e-003 2.27860713e-004 0. 0. 0. 5.73691679e-003
    6.17491780e-003 0. 7.35107623e-003 0. 7.98589492e-004
    3.30270338e-003 -8.04707815e-004 0. 0. 0. 0. 0. 3.11419740e-003 0.
    0. 0. 0. 0. 1.34244899e-003 1.53538224e-003 0. 0. 0. 1.49287342e-003
    0. 0. -5.90906129e-004 0. -6.45499618e-004 -5.05666889e-004 0. 0.
    1.23861444e-003 0. 0. 4.00960864e-003 0. 3.45352280e-004 0. 0.
    4.97985515e-004 0. 0. 0. 0. 0. 0. 0. 0. 0. 0. 0. 2.04948895e-003
    1.48136076e-003 1.07461412e-004 0. 0. 1.51657860e-003 0. 0. 0.
    9.29627381e-003 6.77216984e-003 0. 6.76484266e-003 9.28385276e-003
    0. -2.09682365e-003 0. 6.33391645e-003 0. 1.51571352e-003 0. 0.
    3.42544308e-003 4.93794074e-003 0. 3.49541893e-003 0. 0. 0. 0.
    6.68024295e-004 2.02452671e-003 0. 0. 2.87160627e-003
    4.08805674e-003 0. 0. 1.29507168e-003 0. 2.08577188e-003 0.
    1.98566727e-003 0. 0. 2.28663813e-003 5.66547643e-003
    -1.13770482e-003 0. 0. 0. 0. 6.89201523e-004 0. 0. 1.30843522e-003
    0. 0. 0. 0. 0. 0. 7.92092178e-004 0. 0. 0. 0. 0. 0. 1.01315661e-003
    0. 0. 0. 1.02251873e-003 -5.34426537e-004 2.70739454e-003 0. 0. 0.
    0. 3.54015827e-003 2.22870335e-003 5.54277143e-003 1.67499715e-003
    0. 0. 0. 6.12737713e-005 0. 1.87809777e-003 0. 0. 0. 0.
    1.80804194e-003 0. -6.53740644e-005 0. -5.32909587e-004 0.
    1.26036908e-003 0. 0. 1.16010187e-002 0. 2.15823995e-003 0.
    5.58143668e-003 7.74932746e-003 6.30299840e-003 0. 1.83491257e-003
    3.04816430e-003 2.56724400e-003 0. 0. 3.32485931e-003 0.
    2.32008961e-003 0. 9.85947117e-005 2.00212258e-003 0.
    1.43307890e-003 0. -1.26187666e-003 5.90341259e-003 0.
    6.78795297e-003 0. 0. 0. 0. 0. 1.33430690e-003 3.96803254e-003
    3.10931820e-003 0. 0. 1.00880524e-003 0. 3.47264158e-003
    6.32848684e-003 9.81883728e-004 0. 0. 7.60013354e-004 0.
    -5.42252325e-004 0. 0. 0. 0. 0. 3.13425390e-003 0. 0. 0. 0. 0. 0.
    1.80315215e-003 1.12792104e-003 0. 0. 2.26861425e-003
    3.86630534e-003 4.14645765e-003 1.97253143e-003 -5.48807657e-006 0.
    0. 0. -8.61887762e-004 0. -1.04495988e-003 3.55819217e-003 0. 0.
    1.00619311e-003 2.45640590e-003 8.56509025e-004 0. 0. 0.
    1.98059250e-003 0. 0. 1.06480462e-003 -3.79813515e-004 0. 0. 0. 0.
    5.65909967e-003 0. 0. 0. -6.84444618e-004 0. 0. -2.26411721e-004
    2.25802721e-003 0. 0. 3.39213107e-003 0. 0. 0. 0. 1.96960449e-004 0.
    0. 0. 0. 0. -1.78203557e-003 1.84370857e-003 0. 0. 0.
    2.42855004e-003 -3.93969659e-003 0. 5.85756847e-004 0. 0. 0.
    -1.06561696e-003 0. 0. 0. 2.79825041e-003 0. 0. 3.84975411e-003 0.
    0. 0. 0. 0. 0. -2.29073848e-004 3.81776574e-003 0. 0.
    1.79399562e-004 0. -1.23776507e-003 0. 1.00259308e-003
    -2.55150080e-004 0. 2.38834575e-004 2.94614467e-003 0. 0.
    3.40733398e-003 0. 0. 1.34183438e-002 0. 0. 1.18638622e-002 0. 0.
    -3.43077583e-004 0. 0. 0. 0. 0. 0. 5.12775406e-003 1.80692843e-003
    3.84895509e-004 0. 1.81704666e-003 0. 0. 0. 0. 0. 0. 0.
    -4.23242949e-004 0. 4.15833172e-004 4.15060297e-003 7.63191376e-003
    -1.44819706e-003 4.68054786e-003 0. 0. -2.72516790e-003
    2.68982816e-003 0. 0. 0. 1.31922923e-002 0. 5.49612625e-004
    9.85793769e-004 0. 1.85726315e-003 0. 0. 0. 0. -1.08135981e-003
    -1.10813871e-003 0. -1.27956027e-003 1.30828703e-003 0. 0.
    4.39117616e-003 8.89218878e-004 3.16334679e-003 2.77941604e-003
    5.71897160e-003 0. 0. 2.16546748e-003 0. 2.20658514e-003 0.
    4.81368462e-003 1.71116460e-003 0. 4.40114271e-003 1.04066543e-002
    2.44997093e-003 0. 1.57057284e-003 0. 7.20300619e-003 0.
    -2.84778711e-004 3.53236077e-003 0. 0. 0. 0. 2.39992212e-003 0. 0.
