<?xml version="1.0"?>
<opencv_storage>
<imageDescriptor type_id="opencv-matrix">
  <rows>1</rows>
  <cols>1000</cols>
  <dt>f</dt>
  <data>
    6.41420903e-003 0. 0. 0. 0. 0. 5.53866243e-003 -4.04047640e-003
    3.12673184e-003 0. 1.49876904e-003 -3.08970921e-004 0. 0. 0. 0.
    5.43145812e-004 1.30295847e-003 0. 0. 9.38462908e-004
    -1.34204573e-003 0. 0. 0. -5.00316557e-004 0. 1.26163126e-003 0.
    8.82399827e-003 5.98872313e-003 0. 0. 0. 0. 9.94296465e-003 0.
    2.63438723e-003 6.87840628e-004 0. 2.13973364e-003 2.82306969e-003
    0. 0. -1.28312269e-003 0. 0. 0. 0. 0. -4.37142141e-003
    1.48320140e-003 0. 0. 0. 0. 0. 1.34500219e-002 0. 0. 0.
    2.39429367e-003 0. 3.13495961e-003 0. 0. 0. 0. 2.73204851e-003
    6.49933424e-003 8.91797896e-003 0. 0. 0. 0. 0. 0. 0. 3.49026453e-003
    3.85150942e-003 0. 0. 8.80578533e-004 0. 0. 0. 0. -4.46014060e-003
    5.44052199e-003 0. 0. 0. 0. 0. 0. -1.16498256e-003 9.95825743e-004
    -8.91398377e-005 -1.21757352e-004 2.15627486e-003 0. 8.83982051e-003
    1.39515440e-003 0. 0. 0. 0. -2.02502729e-003 0. 0. 0. 0. 0.
    -3.16957230e-005 0. 0. 3.17913503e-003 0. 0. 1.59911346e-003 0. 0.
    1.23668276e-003 0. 0. -2.46136496e-003 0. 0. 0. 0. 0. 0. 0.
    2.25016079e-003 5.51317772e-003 8.03281553e-004 0. 9.73246875e-004
    0. 0. 0. 0. 2.53019063e-003 0. 2.29978142e-003 1.29609529e-004 0. 0.
    0. 0. 3.95506970e-004 0. 2.96065467e-003 2.02185735e-002 0. 0. 0.
    4.83119301e-003 0. 0. 0. 0. 0. 0. 2.91502569e-002 -1.04059000e-003
    0. 0. -5.04722935e-004 0. 0. 1.03167654e-003 9.44271870e-003 0. 0.
    0. 4.80730459e-003 0. 0. 2.22975877e-003 3.53444554e-003 0. 0. 0. 0.
    0. 6.50779670e-003 0. 0. 0. 0. -3.34146596e-003 7.25028664e-003 0.
    2.69331341e-003 2.50799907e-003 0. 0. 6.24152645e-003 0. 0.
    1.40016573e-002 0. 2.14614067e-003 0. -2.81719747e-003 0. 0.
    -1.65788108e-003 0. 0. -3.47905298e-004 0. 0. 0. 3.08577088e-003 0.
    1.58920418e-003 0. 0. 0. 0. 0. 0. 0. 0. 0. 0. 0. 0. 0. 0. 0.
    1.24862716e-002 0. 0. -1.41278433e-003 0. 0. 3.64648760e-003 0. 0.
    0. 0. 0. 0. 4.84856823e-003 0. 0. 0. 0. 0. 0. 0. 0. 0. 0. 0. 0.
    4.55875788e-003 -2.69915588e-004 1.13392435e-002 0. 0.
    2.37451983e-003 0. 0. -2.02574884e-003 0. 0. 0. 9.20082326e-004 0.
    8.00685212e-003 0. 0. 2.43652822e-003 0. 0. 0. 0. 0. 0. 0. 0. 0. 0.
    0. 0. 0. 1.11280121e-002 0. 0. 0. 0. 1.64074153e-002 8.85021291e-004
    0. 2.94884737e-003 0. 9.04361426e-004 0. 1.87244033e-003
    1.76562206e-003 0. 0. 0. 0. 0. 0. 9.15787928e-003 0. 0.
    -3.19444318e-003 0. 0. 0. -5.94380603e-004 0. 1.50860311e-003 0.
    -7.06080813e-004 0. 0. 0. 0. 2.68728170e-003 0. 0. 0.
    7.06827128e-003 0. 0. 0. 7.55967433e-003 1.37547497e-003 0.
    9.11901519e-003 0. 0. -4.99854854e-004 0. 0. 0. 6.93496258e-004
    6.52608695e-003 1.56272086e-003 0. 0. 0. 1.48831517e-003 0. 0. 0. 0.
    -9.91017208e-004 0. 0. 0. 2.86464323e-003 0. 0. 0. 0.
    -1.43406494e-003 0. 4.59008152e-003 0. 0. 0. 0. 0. 1.29202800e-003
    2.24468601e-003 8.70358478e-003 2.95156497e-003 0. 0.
    1.38484908e-003 1.83722621e-003 0. 0. 1.16646439e-002 0. 0.
    4.51642089e-004 2.88099330e-003 0. 0. 0. 1.43869815e-003 0. 0. 0.
    1.05327670e-003 0. 7.49605650e-004 0. 0. 0. 0. 0. 0. 0.
    1.79771252e-003 0. 0. 0. 0. 0. 0. 0. 0. 7.20451260e-003 0. 0. 0. 0.
    0. 0. 0. 1.35354958e-002 0. 0. 0. -8.23430717e-004 0.
    -7.38013361e-004 0. 0. 8.66449118e-005 0. -1.00832991e-003
    3.28375213e-003 0. 0. 0. 0. 3.39972292e-004 0. 0. 0. 2.81307526e-004
    1.27809506e-003 4.64618625e-003 0. 0. 0. 0. 4.53608634e-004
    1.49420369e-003 0. 2.06459151e-003 -3.01068649e-003 0.
    2.39553442e-003 0. -2.48835422e-003 0. 7.46462785e-004
    -2.09480012e-003 1.14924589e-003 0. -3.15589737e-003 3.53243377e-004
    7.57283997e-003 0. 9.64778650e-004 2.04316224e-003 0.
    2.17443053e-003 4.55047563e-003 9.54286443e-005 0. -8.74392572e-005
    0. 0. 1.71837234e-003 0. 8.32604710e-004 0. 4.02599078e-004 0. 0.
    -2.16852268e-003 0. 0. 2.07372662e-003 0. 5.69365546e-003 0.
    -1.81478201e-004 0. 3.56360408e-003 2.62212614e-003 2.03207741e-003
    2.47614039e-003 0. 1.09383988e-003 0. -8.60606786e-004 0.
    -1.39306241e-003 0. 1.74896547e-003 0. 2.99047655e-003 0.
    8.43294337e-003 0. 0. 0. -2.41644331e-003 -4.14272712e-004 0.
    -4.79476788e-004 0. 0. 0. 0. 0. 0. 0. 0. 0. 0. 0. 0. 0. 0. 0. 0. 0.
    0. -1.29247969e-003 5.11101773e-003 0. 8.22504517e-003 0. 0. 0. 0.
    2.70604796e-004 0. 0. 0. 0. 0. 0. 0. 0. 0. 0. 0. 0. 0.
    3.46847402e-004 0. 0. -8.37689033e-004 2.00551748e-003 0.
    1.05024211e-003 0. 0. 0. -2.04671593e-003 0. 7.19969813e-003 0.
    -1.38803944e-003 2.20282236e-003 0. 0. 0. 0. 0. 0. 0. 0.
    5.61007124e-004 7.63517397e-004 4.13210073e-005 0. 0.
    -5.02626505e-003 4.18457994e-003 0. 1.93135906e-003 4.15437808e-003
    0. 4.09482559e-003 0. 0. 0. 0. 7.36613804e-003 0. 0. 0. 0.
    4.02937504e-003 0. 0. 4.53297654e-003 3.85788502e-003
    5.41635370e-003 0. 0. 0. 2.08624639e-003 0. 1.19368164e-002
    -1.89190684e-003 0. -2.16691010e-003 -2.01062788e-003 0.
    -4.22517565e-004 5.28969383e-003 1.35760789e-003 2.63016415e-003 0.
    -2.83874921e-003 1.71674392e-003 0. 0. 1.62394939e-003
    1.93646713e-003 0. 0. 0. 0. 0. 3.56787140e-003 0. 0. 0. 0. 0. 0. 0.
    0. 3.71063570e-003 0. 0. 0. 0. 2.34775897e-003 -1.22710597e-003 0.
    0. 0. -1.32553221e-003 0. 1.26609521e-003 0. 0. 1.03957982e-005 0.
    0. 0. 0. 0. 0. 1.03326107e-003 1.04922699e-002 0. 0. 1.28474215e-003
    0. 1.70293741e-003 0. -6.45538908e-004 1.44911406e-003 0.
    5.64540084e-003 -1.93929288e-003 0. 0. 0. 0. 0. 0. 0. 0. 0.
    2.81957234e-003 0. 0. 0. 6.82383776e-003 0. 1.98873784e-003 0. 0. 0.
    0. 0. 1.31896911e-002 0. 0. 0. 0. 0. 0. 6.86544552e-003 0.
    2.92694825e-003 0. 0. 4.22195438e-003 0. 4.92099300e-003
    1.12029817e-003 0. 0. 0. 0. 0. 0. 9.88473883e-004 0. 0.
    6.48504775e-003 0. 0. 0. 8.64580646e-003 2.85145652e-004
    4.72893327e-004 0. 0. 1.07205019e-003 0. 0. 0. 0. 5.90919331e-003 0.
    0. 0. 0. 2.84571853e-003 0. 6.59675570e-003 0. 0. -1.41570158e-003
    1.38319004e-003 0. 0. 0. 1.85793775e-004 4.36707726e-003
    3.33360024e-003 0. 0. 0. 3.93367000e-003 0. 0. 6.66641211e-003
    -4.36036848e-004 0. 0. 0. -4.08886699e-004 0. -6.67666085e-004 0.
    1.72312930e-003 6.72166469e-003 2.98829889e-003 3.89810489e-003
    -9.82866972e-004 0. -4.94185661e-004 0. 4.92997468e-004 0. 0. 0.
    -7.71239866e-004 0. 0. 0. 0. 4.30043880e-003 1.54775111e-002 0. 0.
    9.29991622e-003 4.67839045e-003 0. 0. 0. 0. 0. 2.96812356e-002 0.
    3.00200935e-003 1.43680479e-002 0. 7.12433015e-004 0. 0.
    5.63926529e-003 0. 0. 0. 0. 2.72362214e-003 4.42291639e-005 0. 0. 0.
    2.46509764e-004 0. 0. 0. 6.54626731e-003 0. 0. 2.76635727e-003 0. 0.
    5.17156950e-005 0. 0. 1.88271457e-003 7.19218457e-004
    4.33393987e-003 1.06309503e-002 1.93931186e-003 0. 6.67519961e-003
    0. 0. 0. 9.36403032e-003 0. 0. 0. 0. 0. 0. 0. 1.02055876e-003 0.
    5.00523392e-003 -1.47132569e-005 0. 0. 1.00580230e-002
    1.18641357e-003 0. 0. 5.70526579e-003 9.12220508e-004 0.
    3.04032047e-003 5.29781042e-004 1.00364920e-003 0. 6.69247610e-003
    0. 0. 0. 0. 0. 0. 0. 1.10645043e-002 8.42574704e-003 2.89719971e-003
    0. 0. 3.45100096e-004 1.07640619e-004 0. -2.89349817e-003 0.
    1.11755216e-002 0. 2.24000076e-003 3.89304943e-003 0. 0. 0. 0. 0. 0.
    0. 0. 0. 0. 2.19170749e-003 0. 0. 0. 2.99409451e-003 1.07224239e-002
    0. 0. 0. 0. 0. 1.14160134e-002 1.16852308e-002 1.81184139e-003
    1.64368434e-003 8.08949210e-003 -7.68515747e-005 0. -3.61571816e-004
    1.29149789e-002 0. 0. 0. 0. 0. 0. 2.56662420e-003 2.81549944e-003 0.
    0. -1.31801517e-005 1.66560500e-003 1.62758469e-003 1.92789419e-003
    0. 2.25337967e-003 0. 0. 0. 0. 0. 1.82310818e-003 0. 0. 0. 0. 0. 0.
    0. 0. 0. 5.88317309e-003 0. 1.87470240e-003 2.79207889e-004 0. 0. 0.
    0. 0. 0. 6.78580999e-003 2.55023036e-003 0. 0. 4.69480269e-003 0. 0.
    0. 1.50208652e-003 0. 0. 0. 0. 0. 0. 0. 0. 0. 0. 0. 0. 0.
