<?xml version="1.0"?>
<opencv_storage>
<imageDescriptor type_id="opencv-matrix">
  <rows>1</rows>
  <cols>1000</cols>
  <dt>f</dt>
  <data>
    0. 0. 0. -1.07907457e-004 8.85541376e-004 6.77340839e-004 0. 0. 0.
    0. 0. 1.48610100e-002 7.89822254e-004 4.75006690e-003
    4.96167736e-003 -1.85082271e-003 0. 0. 0. 0. 0. 4.93171916e-004 0.
    -1.38947426e-003 3.73794441e-003 0. 0. 0. 6.99419249e-003 0. 0. 0.
    0. 0. 0. 0. 3.42975603e-003 -2.09674236e-005 0. 0. 1.14358291e-002
    1.22424762e-003 1.35087464e-002 0. 0. -7.20349432e-004 0. 0.
    4.05305717e-003 0. 0. 0. 0. 0. 0. 0. 2.87387217e-003 0. 0. 0.
    5.84538328e-003 0. 0. 0. -1.60500431e-003 -4.88311658e-003 0. 0. 0.
    6.19621528e-003 0. 0. 0. 0. 0. 0. 0. 2.32674461e-003 0. 0. 0. 0. 0.
    0. 0. 1.15734397e-003 0. 2.05862755e-003 0. 0. 2.62544304e-003
    9.04206128e-004 0. -1.71208405e-003 0. 1.75699666e-002 0. 0.
    1.54763856e-003 0. 0. 0. 2.76604737e-003 0. 0. 0. 0. 0.
    2.47148768e-004 0. 0. 0. 0. 5.03537059e-003 8.23408423e-004 0. 0. 0.
    0. 0. 0. 0. -1.18032459e-003 0. 0. 1.38780370e-003 0. 0.
    3.04613542e-003 1.02714701e-002 1.19556789e-003 0. 0. 0.
    4.37727431e-003 1.43049809e-003 0. 5.24807908e-003 1.24862010e-003
    0. 3.88470525e-003 8.63299356e-005 0. 0. 1.66725053e-003
    5.57311461e-004 0. 0. 0. 0. 9.96128889e-004 0. 0. 0. 0. 0. 0. 0. 0.
    0. 6.82806363e-003 0. 0. -3.71810026e-003 0. 0. 0. 1.50531612e-003
    0. 2.81255483e-003 -1.52093696e-003 0. 7.26809539e-003
    3.45912296e-003 0. 0. 0. -5.43714792e-004 1.15359370e-002 0. 0. 0.
    1.29104021e-003 0. 0. -8.18651053e-004 2.22211285e-003
    1.81873655e-003 0. 0. 0. 0. 0. 0. 1.01478118e-002 4.59108083e-003 0.
    -1.45868852e-003 9.67868778e-004 1.19983009e-003 -2.64319126e-003 0.
    0. 0. 0. 0. 1.63353980e-004 0. 0. 0. 0. 5.76261617e-003 0.
    4.91351448e-003 0. 5.82887908e-004 0. 0. 0. -6.37893754e-005
    2.65186164e-003 0. 0. 0. -1.48692098e-003 0. 1.30279223e-002
    1.24389548e-002 0. 0. 0. 2.25574011e-003 0. 0. 0. 1.12670055e-002
    8.83256644e-003 0. 0. 0. 0. -1.05914928e-003 0. 0. 2.21189111e-004
    5.85784204e-003 -5.38351946e-004 4.31302283e-003 0. 0. 0. 0. 0. 0.
    0. 1.62344251e-003 0. 1.25252688e-003 0. -3.16945417e-003
    2.47986708e-003 0. 2.23348802e-003 0. 8.27048812e-003 0. 0. 0.
    9.80973803e-003 0. 0. 1.29327027e-003 -1.38700893e-003 0.
    2.42718589e-003 4.20630490e-003 4.97529004e-003 1.11977046e-004 0.
    0. 6.75930409e-003 7.77595397e-003 0. 0. 0. 0. 0. 0. 1.22298358e-003
    1.68963743e-003 3.91142268e-004 0. 0. 2.03737686e-003
    2.82264221e-003 0. 0. 2.37252424e-003 -1.40401753e-004 0. 0. 0. 0.
    0. 2.42865318e-003 0. 6.82717422e-004 0. 0. 3.47042503e-003 0. 0.
    1.36667304e-002 0. 0. 7.83893000e-003 2.12153350e-003 0.
    6.18798542e-004 4.28301794e-003 8.04902427e-003 0. 0.
    3.67661263e-003 1.63432630e-003 0. 0. -8.05879245e-004 0.
    -6.29245711e-004 0. 0. 0. 0. 0. 0. 2.04068259e-003 0. 0. 0. 0. 0. 0.
    0. -2.95446650e-003 0. 3.17417197e-002 0. 0. 0. 3.02762841e-003 0.
    1.96671276e-003 0. 0. 0. 0. 1.84368342e-003 2.74381740e-003 0. 0.
    3.81505597e-005 0. 2.73022009e-003 0. 0. -1.78353558e-003 0.
    3.51959723e-003 0. 0. 3.26415931e-004 0. 0. 0. 0. 5.85140241e-003
    1.31376041e-002 0. 4.90168529e-003 0. 0. 0. 0. 0. 0. 0. 0. 0. 0. 0.
    2.09381734e-003 0. 0. 0. 0. 0. 2.10627262e-003 0. 0. 4.94331587e-003
    0. 0. 0. 0. 2.16858531e-003 0. 0. 0. 2.42289761e-003 6.61620731e-003
    0. 0. 0. 0. 1.20069655e-002 -1.31664297e-003 0. 0. 0. 0.
    5.70950564e-003 1.61307317e-003 0. 2.15430488e-003 8.72757169e-004
    0. 0. 2.52549280e-003 1.67669519e-003 0. 0. 0. 0. 0. 0. 0.
    1.34108658e-003 -9.47635970e-004 2.68230890e-003 0. 3.63929314e-003
    2.07463745e-003 0. 5.01486985e-003 0. 0. 0. 0. 7.20705546e-004
    1.05450870e-002 0. 3.73845571e-003 5.18424157e-003 -2.19043368e-003
    0. 0. 0. 3.72877438e-003 0. 0. 0. 1.14223361e-002 0. 2.39801011e-003
    0. 3.84221249e-003 0. 0. 0. 0. 0. 0. 0. 0. 0. 0. 0. 0. 0.
    3.80776240e-003 0. 0. 0. 0. 6.99306885e-003 0. 0. 2.31535663e-003 0.
    0. 0. 0. 0. 0. 0. 0. 2.43119267e-003 5.66885108e-004 0.
    5.42674679e-003 2.06212906e-004 0. 0. 1.67105102e-003
    2.10104999e-003 4.85758326e-004 1.57734193e-003 0. 8.47596303e-003
    0. 0. 0. 0. 0. 1.89695181e-003 0. 0. 0. 0. 0. 0. 0. -6.81160309e-004
    2.01897006e-002 0. 1.16994733e-003 0. 0. 2.77977693e-003 0. 0. 0. 0.
    0. 0. -1.61439937e-003 2.74897058e-004 0. 0. 0. 3.41133005e-003 0.
    0. 0. 0. 0. 0. 0. 2.49115052e-003 1.18213298e-003 -5.51492485e-005
    0. 0. 0. -1.56650937e-003 0. 0. 2.08442309e-003 0. 2.51201738e-004
    0. 0. 3.04379268e-004 1.11784805e-002 8.62990681e-004 0. 0. 0. 0. 0.
    0. 0. 1.40452932e-003 0. 1.35855675e-002 2.23681075e-003
    1.79556608e-002 0. -5.23487921e-004 1.21514814e-003 0. 0. 0.
    -3.67390690e-004 0. 0. 3.24691413e-003 0. 0. 0. 0. 0. 0. 0. 0. 0. 0.
    5.46878182e-005 1.09805642e-002 0. 3.89628345e-003 6.82274159e-003
    0. 0. 0. 0. -1.62872905e-003 0. 7.29816267e-003 0. 0. 0. 0. 0.
    -8.56309605e-004 0. 0. 0. 0. 0. 0. 0. 0. 2.49762693e-003
    1.07772881e-003 6.27289934e-004 8.40374082e-003 0. 0. 0.
    -1.54172027e-004 0. 0. 0. 1.06360065e-003 0. 0. 0. -9.05017543e-004
    0. 0. 0. 0. 0. 0. 0. 0. 0. 0. 5.34926821e-003 0. 0. 0. 0. 0. 0. 0.
    4.20729117e-003 0. 0. 0. 0. 4.37780004e-003 0. 0. 0. 0.
    1.62037071e-002 -2.32150871e-003 0. 1.37495145e-003 3.03990860e-003
    0. -2.40664580e-003 0. 0. 0. 0. 0. 0. 0. 0. 0. 3.82863171e-003
    7.77277528e-005 2.06316961e-003 4.77886584e-004 -3.90759611e-004 0.
    0. 0. 3.96099500e-003 0. 0. 0. 6.43065432e-003 0. 0. 0. 0. 0. 0. 0.
    0. 0. 0. 0. 0. 0. 4.31684731e-003 7.73795554e-003 7.32869608e-004 0.
    0. 0. 0. 3.72102344e-003 0. 0. 0. 0. 0. 0. -8.55163496e-004 0. 0. 0.
    0. 3.07624019e-003 -7.94275897e-004 0. 0. -1.47303997e-003 0. 0. 0.
    -2.47755001e-004 6.29597856e-003 4.40747477e-004 0. 0. 0.
    4.42212354e-003 0. 2.09739825e-004 0. 0. 0. 1.50021620e-003 0.
    1.14406028e-003 0. 0. 0. 4.52321372e-004 1.89479644e-004 0. 0. 0.
    1.95793138e-004 0. 2.00582249e-003 4.64317505e-004 0. 0. 0.
    -1.39384577e-003 0. 0. 0. 0. 0. 0. 0. 0. -1.47205603e-004
    -8.93139164e-004 0. 0. 5.77471359e-003 0. 5.13866544e-003 0. 0. 0.
    0. 0. 1.31481036e-003 2.65397853e-003 -7.50729290e-004 0.
    -8.48820375e-004 9.88720567e-004 0. 0. 0. 0. 0. 0. 2.48368527e-003
    1.03727076e-002 0. 0. 2.93098320e-003 4.95522982e-003 0.
    1.52709545e-003 2.66404799e-003 0. 0. 0. 1.13519037e-003 0.
    5.26525127e-003 3.33312710e-006 4.41760803e-003 0. 0.
    -3.51022551e-004 0. 0. 0. 0. 6.12060167e-003 0. 6.03254465e-003
    2.82548531e-003 8.07217148e-004 5.27947210e-004 0. 0.
    7.65109062e-003 0. 0. 0. 0. 0. 0. 0. 0. 0. 0. 0. 0. 1.07654771e-002
    6.92710513e-003 0. 1.88010372e-003 0. 0. -1.18411682e-003 0. 0. 0.
    0. 0. 0. -3.37255560e-003 3.17106629e-003 0. 0. 0. 0. 0. 0. 0. 0. 0.
    0. 0. 1.10585592e-004 3.06392991e-004 0. 3.89321707e-003
    7.83478469e-003 0. 0. 1.17753465e-002 3.08901630e-003 0. 0. 0. 0.
    1.87706400e-003 0. 0. 0. 0. 3.67048220e-003 0. -1.35298248e-003 0.
    6.94673695e-003 6.07750192e-003 0. 0. 0. 1.29953688e-002 0.
    -2.71691591e-004 0. 7.85410218e-003 0. 0. 0. 0. 0. 0. 0. 0. 0. 0.
    1.05359079e-003 0. 0. 1.55130029e-003 1.27199315e-003 0. 0. 0.
    1.05421105e-003 0. 4.30551684e-003 0. 3.11638881e-003 0. 0. 0. 0. 0.
    0. 0. 0. 8.63044523e-004 0. 1.30501548e-002 5.13126515e-003 0.
    -6.40991639e-005 0. 0. 0. 1.17531781e-004 0. 0. 0. 0. 0. 0. 0.
    9.69608594e-003 0. 0. 0. 0. 0. 0. 5.50774299e-003 9.42239363e-004 0.
    0. -2.96105398e-004 -8.40334164e-004 0. 0. 0. 2.28979019e-003 0.
    1.90564850e-003 0. 0. 0. 0. 0. 0. 0. 0. 0. 8.44022445e-003 0. 0. 0.
    0. 0. 5.38722239e-003 0. 7.66534777e-003 0. 0. 0. 0. 1.88930228e-003
    0. 0. 0. 0. 0. 0. 0.</data></imageDescriptor>
</opencv_storage>
