<?xml version="1.0"?>
<opencv_storage>
<imageDescriptor type_id="opencv-matrix">
  <rows>1</rows>
  <cols>1000</cols>
  <dt>f</dt>
  <data>
    0. 0. 1.10089174e-002 5.74877998e-003 1.66744940e-004 0.
    -5.04247029e-004 0. 8.67965911e-003 0. 0. 2.10250355e-003 0. 0.
    1.40214176e-003 0. 0. 1.17909466e-003 0. 0. 1.64964789e-004 0. 0.
    3.53765814e-003 0. 0. 0. 0. 0. 0. 1.71809713e-003 6.92260871e-003
    1.43181218e-003 0. 2.03833962e-003 1.02303200e-003 2.88825203e-003
    3.65083199e-003 1.92397262e-003 0. 3.00271693e-003 4.54999320e-003
    0. 0. 1.82901358e-003 -1.39701157e-003 1.69444364e-003 0.
    1.74722984e-003 3.12284421e-004 3.05273989e-003 6.24796900e-004 0.
    2.24352512e-003 0. 0. 0. 0. 0. -2.86884978e-003 1.48949772e-003 0.
    4.03974392e-003 0. 0. -5.06624253e-003 7.05258513e-004 0.
    1.84009213e-003 5.70170814e-003 4.96484013e-003 3.55805201e-003 0.
    0. 0. 0. 0. 3.38766910e-003 -7.92959472e-004 2.07543792e-003 0.
    2.25143437e-003 2.03086855e-003 0. -1.73940905e-003 2.51638982e-003
    -1.34880724e-003 3.29463440e-003 0. 0. 4.10356530e-004 0. 0. 0.
    6.55583572e-004 -8.43974820e-004 0. 0. 0. 2.31253356e-003 0. 0. 0.
    0. 0. 0. 0. 0. 0. -1.01493357e-003 0. 0. -1.57330578e-004
    2.38787360e-003 0. 0. 4.91482811e-003 0. 0. -1.15318282e-003 0. 0.
    -7.11279165e-004 0. 1.12278042e-002 0. 0. 0. 0. 1.89456012e-004 0.
    0. -9.62857681e-004 1.46029214e-003 0. 1.10937539e-003
    9.88193206e-004 3.01290420e-003 0. 0. 1.04060501e-003
    3.12453299e-003 1.89278193e-003 1.35539332e-003 2.72135646e-003
    -5.16227272e-004 0. 1.90799567e-003 2.13135360e-003 6.09969138e-004
    0. 0. 0. 0. 0. 0. 3.05262604e-003 3.49850231e-003 0. 4.82321018e-003
    7.09567079e-003 1.30134472e-003 0. 1.16003980e-003 0.
    4.13363194e-003 0. -7.60418130e-004 2.81572621e-003 2.28206487e-003
    4.51425649e-003 0. 0. 0. 0. -1.95753132e-003 0. 6.22362364e-004
    1.83237740e-003 0. 0. 0. 0. 0. 0. 0. 1.14516495e-002 1.14690489e-003
    0. 0. 9.31848714e-004 0. 5.21628326e-003 0. 0. -1.73566805e-003 0.
    1.21987553e-003 2.50567845e-003 1.02194934e-003 0. 0.
    -1.55581394e-004 0. 0. 0. 5.06324088e-003 4.57093911e-003 0. 0. 0.
    0. 0. 0. 0. 5.52054681e-003 0. 0. 0. 9.09049297e-004
    -3.03911802e-005 0. 0. 3.05966358e-004 0. 0. 1.65357662e-003
    4.01197700e-003 0. -3.96637159e-004 0. 0. 0. 8.29477678e-004 0.
    8.59021489e-003 0. 2.17474555e-003 0. 0. 0. 0. 0. 0. 0. 0.
    3.11904307e-003 0. 1.03137386e-003 0. 0. 0. 0. 2.02997029e-003 0.
    -4.63184202e-003 0. 0. 0. 0. 8.59425170e-004 0. 0. 5.91777789e-005
    0. 0. 1.15434930e-003 -1.55718729e-003 4.58514318e-003
    6.79494580e-003 1.51875727e-002 -3.18500912e-004 -2.49639666e-003 0.
    0. 1.84242241e-003 7.54528621e-004 1.04942905e-004 0. 0.
    4.28125588e-003 0. 0. 0. 0. 0. -1.37679314e-003 0. -1.04634149e-003
    6.49259845e-003 0. 6.71217637e-003 0. 1.34365412e-003 0.
    1.02856371e-003 0. 0. 9.23569081e-004 5.70983067e-003
    3.24093550e-003 2.54326151e-003 -1.11047493e-003 0. -3.33975826e-004
    -1.00697938e-003 0. 0. 1.51227985e-003 1.31819572e-003 0.
    7.14029698e-003 0. 6.37299847e-004 7.50771840e-004 5.38528152e-003
    7.63703370e-004 1.07282819e-003 0. 5.37442602e-003 0.
    1.36980356e-003 0. 0. 3.95873375e-003 0. 1.18320237e-003
    6.15541823e-003 0. 0. 1.34918708e-004 0. -7.67195539e-004 0. 0. 0.
    2.08350550e-003 1.17890304e-003 3.05719138e-003 0. 0.
    6.38132449e-004 0. 0. 0. 0. 1.75566413e-002 0. -1.10142794e-003
    4.25704988e-003 6.53998321e-003 -1.99879956e-004 0. 0. 0. 0. 0.
    4.03915998e-003 1.91597233e-003 0. 0. 5.46700880e-003 0. 0.
    1.90035859e-003 1.50818389e-003 0. 0. 0. 1.08346692e-003 0. 0.
    1.53564196e-003 7.10179622e-004 5.42381662e-004 0. 7.49786897e-003
    1.04440411e-003 0. -4.68497630e-004 0. 0. 0. 0. 0. 1.59104285e-003
    0. 0. -5.98953804e-004 6.75125746e-004 0. 1.25481957e-003 0. 0. 0.
    6.00878382e-003 0. 0. 0. 2.12326087e-003 1.03389623e-003
    3.65332072e-003 0. 0. 8.92208889e-003 1.74224039e-003 0. 0.
    -2.23230664e-003 6.46973087e-004 1.38679694e-003 2.25714617e-003 0.
    -8.86294933e-004 0. 0. 1.90848333e-003 -3.49922950e-004 0.
    2.41451338e-003 0. 7.05984654e-004 -7.06932740e-004 0.
    -1.06769230e-003 -2.02385127e-004 2.02008663e-003 0. 2.13461858e-003
    5.74821373e-003 0. 0. 2.42222822e-003 1.48369418e-003 0. 0. 0.
    2.21230192e-004 -4.84674267e-004 1.47770764e-003 0. 8.01309757e-003
    1.65652286e-003 0. 5.68698393e-003 0. 0. 1.08959165e-003 0. 0.
    -8.11268110e-004 0. 3.36713460e-003 0. 0. 6.50008023e-003
    2.05037810e-004 2.57475278e-003 0. 0. 0. 0. 6.04767236e-004
    -8.75379250e-004 4.46952367e-003 2.26560025e-003 0. 0. 0. 0. 0. 0.
    0. 0. 0. 2.32943101e-004 0. 0. 0. 0. -3.15782992e-004
    1.68274535e-004 0. 0. 0. -2.99313513e-004 0. 0. 1.73704571e-003 0.
    5.24267834e-003 1.40860595e-003 7.58288149e-003 0. 0. 0. 0. 0.
    8.16889293e-003 0. 0. 0. 1.94403343e-003 0. 0. 6.56283647e-003
    1.21705153e-003 0. 9.32021067e-003 8.43133964e-003 0. 0.
    4.11589805e-004 0. 4.60162712e-003 0. 1.24686200e-003 0. 0. 0.
    5.42158773e-003 0. 0. 3.02239740e-003 0. 0. 0. 0. 0. 0.
    1.03564968e-003 2.66617775e-004 1.97630632e-003 0. 0. 0.
    6.94605149e-003 0. -6.99841185e-004 3.15129897e-003 0.
    -2.56289408e-004 1.82499900e-003 0. 1.06849836e-003 0.
    3.04306042e-003 0. 0. 1.60534412e-003 2.40073074e-003 0.
    4.61920956e-003 0. 2.27708183e-003 -2.73510115e-004 2.59468681e-003
    0. 2.45144148e-003 0. 0. 0. 2.67080293e-004 0. 0. 0. 0.
    -9.63934348e-004 3.82787723e-004 7.35108927e-003 1.01647689e-003 0.
    3.49138840e-003 0. 0. 7.08082970e-003 3.15115904e-004
    -5.90735362e-005 0. 0. 0. 0. 0. 0. 1.14867871e-003 0. 0.
    1.81801966e-003 5.00529772e-004 4.44574561e-003 -1.94868044e-004 0.
    2.81314156e-003 0. 0. 0. -6.51665090e-004 6.64365664e-003
    7.21909339e-004 1.54414028e-003 0. 2.16183398e-004 0.
    1.07442902e-003 0. 0. 0. 2.90257926e-003 0. 0. 0. 0. 0.
    4.08072519e-004 0. 7.97369168e-004 0. 0. 0. 2.90902844e-003
    1.04417605e-002 0. 0. 3.46905290e-004 0. 8.49960651e-003 0.
    4.01469134e-003 0. 1.26639684e-003 1.45752463e-004 3.50697828e-003
    0. 0. 1.01444358e-003 1.80044735e-003 0. 0. 0. 6.58689626e-003 0. 0.
    0. 0. 0. 0. 0. 0. 0. 8.66381160e-004 0. -5.13584993e-004 0. 0.
    4.07421589e-003 0. 2.74743116e-003 1.30782695e-003 3.36193736e-003
    0. 8.91307776e-004 0. 0. 0. 1.21318910e-003 0. 0. 0. 0. 0. 0.
    1.27199211e-003 0. 1.45437126e-003 -1.33384462e-003 5.42317750e-003
    0. 1.81976031e-003 0. 0. 1.16640120e-003 0. 0. 0. 5.31527447e-003
    2.90429592e-003 8.52052879e-004 0. 0. 1.33534789e-003 0. 0.
    1.64365896e-003 2.08958564e-003 0. 0. 5.83512662e-003 0. 0. 0.
    -2.97309016e-003 0. 1.47985190e-003 0. 3.84928682e-003 0. 0.
    1.32604328e-003 1.89715321e-003 0. 0. 0. 0. 0. 0. 0. 4.86927602e-004
    4.50680405e-003 0. 0. 6.00884727e-004 4.28523915e-003 0. 0. 0.
    1.15920813e-003 0. 6.29373128e-003 0. -1.85974257e-003
    9.56922118e-003 5.72299643e-004 0. 0. -7.85778684e-004 0.
    1.02043780e-003 8.49220785e-004 0. 0. 0. 0. -1.22047751e-003
    -3.84398481e-006 1.56685791e-003 0. 0. 0. 1.95780909e-003
    2.61366164e-004 0. 7.85730954e-004 0. 0. 0. 0. 1.96881755e-003 0.
    2.45251413e-003 0. 3.93849751e-003 0. 0. 2.56579975e-003 0.
    6.47547282e-003 7.01460463e-004 0. 0. 5.31185931e-003 0. 0.
    2.92246952e-003 0. 0. -2.33896985e-003 -7.41652970e-004 0.
    2.79354723e-003 6.78161523e-005 3.66735418e-004 4.28599259e-003 0.
    0. 0. 0. 0. 0. 1.69226041e-004 3.25650116e-003 3.32259946e-003 0. 0.
    0. 0. 0. 0. 0. 0. 0. 0. 0. 0. 1.14216027e-003 0. 0. 1.03929022e-003
    0. 0. 0. 0. 0. 0. 7.90175237e-003 -1.20763783e-004 2.43357546e-003
    0. 0. 3.82551295e-003 8.61991255e-004 0. 3.72243533e-003
    5.55456616e-003 0. 5.95481880e-003 0. -3.42557119e-004
    6.58959243e-003 3.53216752e-003 0. 0. 4.51874308e-004
    2.18686508e-003 0. 0. 0. 0. 1.09762058e-003 0. 0. 0. 1.27251225e-003
