<?xml version="1.0"?>
<opencv_storage>
<imageDescriptor type_id="opencv-matrix">
  <rows>1</rows>
  <cols>1000</cols>
  <dt>f</dt>
  <data>
    0. 0. 0. 1.19436452e-004 0. 0. 0. 1.46884657e-003 0. 0. 0.
    -2.06491118e-003 0. 0. 0. 8.69357551e-004 -4.40038362e-004
    5.28597506e-004 0. 0. 0. 2.24479823e-003 0. 0. 0. -1.40238740e-003
    0. 0. 0. 1.50666684e-002 -8.26681091e-004 -1.66512222e-003 0.
    9.54389665e-003 0. 6.94313506e-003 0. 0. 0. 5.03061619e-003
    9.06679127e-003 0. 0. 1.26499392e-003 0. 0. 0. 0. 2.70091672e-003 0.
    0. 0. 0. 0. 0. 2.69815465e-003 0. -1.63833133e-003 2.29488406e-003
    0. 0. 0. 0. 0. 0. 0. 0. 0. 0. 1.24616604e-002 0. 0. 4.24221565e-004
    0. 0. 0. 0. 4.92911087e-003 2.51192898e-002 0. 6.17918884e-003 0.
    1.71111582e-003 0. 0. 0. 0. -1.58200786e-003 0. 0. 0.
    3.49227223e-003 7.72001862e-004 1.14677416e-003 1.52616971e-003
    7.85788428e-003 0. 6.10574661e-003 -3.92144592e-003 0. 0. 0. 0. 0.
    0. -2.85890623e-004 0. 0. 0. 5.36946791e-005 1.28081790e-003
    2.06832006e-003 0. 0. 0. 3.99353798e-004 -2.37466113e-004 0. 0.
    3.86749045e-003 0. 1.01541933e-002 0. 7.57199340e-003 0. 0.
    6.38402253e-003 0. 0. 0. 1.44157989e-003 -2.53906846e-003
    -1.62020640e-003 0. 8.66192766e-003 3.61983711e-003 0.
    1.12128304e-003 0. 0. 0. 9.29508649e-004 4.90922807e-003 0. 0.
    4.79359180e-003 2.57632276e-003 0. 0. 1.51405542e-003 0. 0. 0.
    -6.66402106e-004 0. 0. 1.74964336e-003 0. 0. 0. 0. 0. 0. 0.
    6.48117112e-003 0. -3.23205278e-003 0. 0. 0. 0. 3.10531206e-004
    -2.93667079e-004 0. 0. 0. 0. 1.81358692e-003 0. 1.80404983e-004 0.
    0. 5.44833159e-003 1.02347049e-005 0. 7.55600340e-004 0.
    1.60084188e-003 1.06218662e-002 0. 8.52269866e-003 -6.28630805e-005
    1.79619610e-003 4.27036220e-003 0. 0. 3.40106245e-003
    9.04646236e-003 1.81262232e-002 2.51931907e-003 0. 0.
    3.26199457e-004 3.40734329e-003 0. 0. 0. 0. 0. 0. 0. 0.
    3.37043451e-003 0. 1.60853204e-003 0. 0. 0. 5.26218093e-004 0. 0. 0.
    0. -4.70861560e-003 0. 0. 0. 0. 9.01659252e-004 3.16044060e-003
    7.28109211e-004 4.49777814e-003 0. 0. 0. 0. 3.71441687e-003
    6.12522289e-003 0. 0. 6.84778858e-003 0. 1.59041127e-004 0.
    -1.05482340e-003 8.53625534e-004 0. 1.54993101e-003 0. 0.
    1.96987065e-003 0. 1.00412136e-002 0. 0. 4.24059806e-003 0.
    7.42114661e-003 2.96119624e-003 7.53101311e-004 4.22855467e-003 0.
    -1.51567534e-003 0. 0. 3.15002562e-003 0. 0. 8.51477031e-003 0. 0.
    0. 0. 0. 8.11010972e-003 0. 0. 2.57314905e-003 0. 3.30041698e-003 0.
    0. 6.37531839e-003 0. 0. 3.33321560e-003 0. 0. 5.94222359e-003 0. 0.
    0. 1.80727674e-003 0. 2.59834877e-003 0. 4.81615025e-005 0.
    2.18969909e-003 0. 4.52973228e-003 0. 0. 0. 0. 0. 0. 2.77213494e-005
    0. 0. 0. 3.12752003e-004 0. -4.10838868e-004 0. 3.74101422e-004
    1.45689072e-003 6.99578878e-003 0. 2.30453722e-002 0. 0.
    1.30813988e-003 1.18316826e-003 0. 5.91122778e-003 0. 0.
    2.48668599e-004 0. 8.57540872e-003 8.11070111e-003 -6.65531377e-004
    0. 0. -2.13391683e-003 0. 0. 0. -3.31382966e-004 0. 0. 0.
    2.26709223e-003 4.00894787e-003 0. 2.70922785e-003 1.59606547e-003
    0. 0. 0. 0. 0. 1.16325160e-002 -3.25450615e-004 0. 5.63571742e-003
    0. 0. 1.91100081e-003 -2.32129983e-004 0. 0. 0. 5.81920194e-003
    6.04532426e-004 -1.26008503e-003 2.37504346e-003 0. 0. 0.
    6.60663890e-003 8.69346410e-003 0. -1.10414985e-003 8.93259700e-003
    1.30958925e-003 6.85206382e-003 2.01209984e-003 9.79709672e-004
    3.23209970e-004 1.09353779e-004 6.04864676e-004 0. 0. 0.
    4.67420183e-003 0. 0. 0. 0. 0. 0. 0. -5.22480463e-004 0.
    1.10947888e-003 0. 8.44188780e-003 0. 1.31707208e-003 0.
    2.92208046e-003 0. 0. 0. 0. 0. 1.96778085e-002 0. 0. 0. 0. 0.
    1.68122433e-003 0. 0. 0. 0. 0. 0. 0. 0. 2.67454539e-003 0.
    4.07297676e-003 0. 0. 0. 0. 0. 0. 2.15462502e-003 1.13509293e-003
    2.28167628e-003 6.00737194e-003 8.14864412e-003 -7.21864984e-004 0.
    0. 9.26015433e-003 0. 0. 0. 0. 0. 0. 2.34135092e-004 0. 0.
    4.19739023e-004 0. 0. 9.03717335e-003 0. 0. 3.79014382e-004
    2.43620132e-003 0. 0. 0. 0. 0. 0. 9.45255742e-004 0. 0. 0. 0.
    5.60801895e-003 3.82149802e-003 1.55454199e-003 1.15880053e-002 0.
    3.66594479e-003 7.47120799e-003 0. 0. 0. 0. 0. 3.66339367e-003
    6.42149989e-003 3.30111547e-003 1.20848184e-002 0. 0. 0. 0. 0. 0. 0.
    0. 0. 0. 5.40783769e-003 1.37513934e-003 0. 2.32152967e-003 0.
    -6.63637533e-004 0. 1.18672266e-003 2.46766343e-004 0.
    5.85534493e-004 0. -1.04973835e-004 0. 0. 0. 0. -5.15006890e-004 0.
    9.35751200e-003 0. 0. 0. -8.24050687e-004 2.31668563e-003 0. 0. 0.
    0. 0. 6.93413289e-003 0. 2.63727596e-003 5.75274276e-003 0.
    6.64980675e-004 0. 0. 9.84359998e-004 2.29850342e-003 0. 0.
    5.04980749e-003 0. -2.15932203e-004 0. 0. 1.33072445e-003 0.
    1.74545869e-003 0. 0. 0. 0. 2.03325762e-003 2.13882141e-003 0.
    9.43496823e-004 0. -4.15074266e-003 0. 9.06506553e-003 0. 0. 0. 0.
    1.90350891e-003 0. 0. 0. 0. 0. 0. 5.50776720e-003 0. 0.
    2.56011309e-003 0. 0. -1.59670203e-003 2.82317004e-003
    1.69667578e-003 3.93538474e-004 0. 3.01384390e-003 0.
    1.86597405e-003 8.28159042e-003 0. 0. 7.56026665e-003
    -3.73095390e-004 0. 1.54913927e-003 0. 0. 0. 0. 0. 0. 0. 0. 0. 0. 0.
    0. 0. 7.80077046e-003 0. 0. -1.00816623e-003 9.13071074e-003
    1.34205772e-002 0. 4.03418875e-004 0. 0. 0. 1.02373082e-002 0. 0.
    3.26085690e-004 0. 0. 4.41197102e-004 0. 0. 0. 0. 0. 0.
    -8.67859693e-004 -8.31440650e-003 1.12650613e-003 0. 1.30547164e-003
    0. 6.79804361e-004 0. 0. 5.29835559e-003 1.19914720e-003
    1.78527483e-003 0. 0. 0. 0. 2.28673546e-003 8.09813559e-004
    1.01666637e-002 0. 9.76801571e-003 1.37725132e-004 1.20070775e-003
    1.58466038e-003 0. 0. 0. 0. 0. 2.53719185e-003 -7.26003025e-004
    7.85381813e-003 0. 0. 1.10738864e-003 -1.50687038e-003 0. 0. 0.
    -4.35481052e-004 1.20759779e-003 0. 0. 0. 1.53335044e-003
    2.66773882e-003 0. 9.86025902e-004 0. 0. 0. 5.72624209e-004 0. 0.
    1.49516494e-003 0. 0. 0. 5.52868703e-003 0. 0. 0. 0. 0. 0.
    -3.66381486e-004 0. 0. 0. 0. 0. 0. 0. 4.30070097e-003
    1.72278506e-003 0. 0. 0. 0. 0. 0. 0. 0. 0. 1.18611194e-002 0. 0.
    1.82341493e-003 9.48678527e-004 0. 0. 0. 0. 1.95861422e-003 0.
    6.47751847e-003 0. 4.90670837e-003 7.06767105e-003 0.
    -6.47502951e-004 0. 0. 0. 0. 0. 0. 0. 0. 0. 0. 0. -3.53469368e-004
    8.29579600e-004 0. 3.37683875e-003 0. -4.07112151e-004 0.
    8.54490965e-004 0. 0. 0. 0. 0. 0. 0. 7.13443267e-004 0. 0. 0. 0. 0.
    0. 2.77005672e-003 8.99392122e-004 0. 0. 3.41891008e-003 0. 0. 0.
    4.99027199e-004 0. -1.00076944e-003 2.10497994e-003 -3.07300768e-004
    1.71743287e-003 0. 6.99012773e-004 0. 0. 0. 0. 0. 0. 0. 0. 0. 0. 0.
    -1.26409010e-004 0. 5.80460578e-003 0. 0. 1.13810236e-002
    6.08603843e-003 -1.12447864e-003 0. 0. 0. 0. 0. 1.79781497e-003 0.
    0. 2.24607834e-003 0. 8.45957547e-004 0. 0. 0. 0. 0. 0. 0. 0. 0. 0.
    0. 2.43196567e-003 -8.53799109e-004 0. 0. 0. 0. 0. 1.70603092e-003
    2.21553212e-003 0. 2.25353288e-003 2.56059458e-003 0. 0. 0.
    1.97117846e-003 0. 9.51328315e-003 0. 0. 0. 0. 0. 5.10234479e-003
    -6.74840470e-004 0. -4.49351093e-004 1.11351511e-003 0. 0. 0. 0. 0.
    0. 3.00543127e-003 0. 0. 4.21188725e-003 2.11560517e-003
    6.10015297e-004 2.55600316e-003 0. 0. 0. 0. 0. 0. 0. 2.10727355e-003
    -9.99700860e-004 0. 0. 0. 0. 1.91611459e-003 0. 0. 1.62229536e-003
    0. 0. 6.49262639e-003 0. 1.33130664e-003 0. 0. 0. 0. 0. 0. 0. 0.
    1.04563229e-003 0. 0. 0. 0. -8.55991766e-006 0. -9.35592863e-004 0.
    -4.51429398e-004 0. 0. 0. 1.72764563e-003 5.02883317e-003 0. 0.
    4.00728080e-003 0. 0. 4.84178512e-004 0. 0. -9.77710588e-004 0. 0.
    0. -7.96645414e-004 0. 0. 0. 0. 0. 0. 0. 1.38710591e-003
    1.18653593e-003 0. 0. 3.65892192e-003 0. 0. 0. 2.04495969e-003 0.
    -1.44622027e-004 1.20190758e-004 0. 0. 0. 5.89871779e-004 0. 0. 0.
    0. 0. 0. 0. 6.19622972e-003 0. -2.92079116e-004 1.65601051e-003 0.
