<?xml version="1.0"?>
<opencv_storage>
<imageDescriptor type_id="opencv-matrix">
  <rows>1</rows>
  <cols>1000</cols>
  <dt>f</dt>
  <data>
    1.63754867e-003 2.96039187e-004 0. 0. 8.49815924e-003 0.
    -6.44565851e-004 0. 3.45425471e-003 0. 0. 5.61347522e-004
    2.08846806e-003 0. 2.05029501e-003 0. 0. 0. 0. 0. 0. 4.13482863e-004
    0. 0. 6.43097423e-003 0. 0. 0. 0. 0. 3.08335130e-003 0. 0.
    1.31973065e-003 0. 0. 0. 0. 0. 0. 1.54269277e-003 2.04739533e-003
    -3.62965802e-004 0. 1.90444314e-003 -2.60725152e-003 9.41405015e-004
    0. 2.13377806e-003 1.31103839e-003 -4.47735656e-003 8.31831433e-003
    0. 0. 0. 0. 9.81186237e-003 0. -3.80036677e-003 1.46907900e-004
    3.62037943e-004 8.32968205e-003 7.69504841e-005 -4.14397148e-003 0.
    6.20715925e-003 0. -6.04582310e-004 0. 0. 6.27057918e-004 0. 0. 0.
    0. 7.63902732e-004 0. 0. 0. 2.72447505e-005 1.66634738e-003 0. 0.
    -2.28135395e-004 -5.32648177e-004 8.50876793e-003 1.50008837e-003
    4.05495381e-003 0. -4.08101943e-004 3.93890368e-004 3.08823609e-003
    0. 0. 0. -1.39804382e-004 0. -2.85130780e-004 3.01826512e-003
    1.80486683e-003 1.84937695e-003 0. 2.31262832e-003 0. 0. 0. 0. 0. 0.
    -8.88246519e-004 -3.33530537e-004 0. 0. 0. -4.32273024e-004 0.
    1.62141607e-003 0. 0. 0. -4.53348504e-003 0. 3.16785532e-003
    2.03065271e-003 -1.83359277e-003 0. -3.40945844e-004 0. 0. 0. 0.
    -1.39895140e-003 0. 0. 3.42048053e-003 7.54378969e-003
    4.12850128e-003 0. 0. -4.68288723e-004 0. 0. -5.01883151e-005 0.
    3.78887169e-003 2.03201151e-003 0. 0. 0. 2.75397114e-003
    -2.27676428e-004 0. 0. 3.19685857e-003 0. 0. 0. 1.47244334e-002
    1.72223299e-004 0. 0. 0. 0. 3.50156846e-003 0. 1.98282721e-003 0. 0.
    0. 0. 0. 0. 0. 0. 0. 8.22403561e-003 0. 2.77948403e-003 0. 0. 0. 0.
    0. 0. 0. 3.84121225e-003 0. 2.18398217e-003 0. 3.51140625e-003
    4.04283404e-003 0. 1.23126451e-002 5.47911320e-003 2.87569361e-003
    1.51090072e-002 7.85519741e-003 6.78781304e-004 9.68301611e-005
    -8.42635345e-004 -1.75970036e-003 0. 2.45604687e-003
    -8.31418787e-004 0. 0. 0. 7.60875875e-003 0. 1.42155297e-003 0.
    8.79567396e-003 1.15389447e-003 0. 0. 0. 0. 0. 3.89451790e-003
    1.49418856e-003 0. 0. 0. 0. -7.79132359e-004 1.01771213e-004 0.
    2.44983402e-003 0. -2.99827382e-003 1.18538355e-002 0.
    2.09940528e-003 0. 0. 1.70578936e-003 7.12351393e-005 0.
    -1.66475656e-004 0. 0. 0. 0. 0. 6.17393816e-004 0. 0.
    1.80836220e-003 -3.42967287e-005 0. 0. 0. 4.12736088e-003
    7.80706760e-003 0. -1.41382660e-003 0. 0. 0. -7.69441656e-004 0. 0.
    0. 0. 4.85848868e-003 0. 1.37105584e-004 0. 0. 5.02905203e-003 0. 0.
    -2.28321832e-003 4.39331075e-003 0. 0. 0. 6.38212543e-003 0. 0. 0.
    0. 2.87993322e-003 0. 0. 0. -1.59655779e-003 0. 0. -4.48575098e-004
    8.91831936e-004 -3.11353360e-003 1.38539728e-003 0. 0.
    1.50957634e-003 0. 2.50031124e-003 2.32268381e-003 0.
    1.40812844e-002 9.09243617e-003 0. -8.45831004e-004 0. 0. 0. 0. 0.
    -1.24317617e-003 0. 0. 2.51246593e-003 0. -7.40931951e-004
    3.78886610e-003 9.68297292e-003 0. 0. 8.90538737e-004 0. 0.
    2.30530812e-003 2.22732982e-004 0. 0. 0. -3.56337940e-003 0. 0. 0.
    0. 0. 0. 0. -4.85928816e-004 0. 6.31499197e-003 1.91633287e-003 0.
    0. 0. 4.76493454e-003 0. 9.70665715e-005 0. -1.36094066e-004 0.
    -1.43356924e-003 0. 0. 0. 0. 0. 0. 0. 0. 0. 3.92348645e-003 0. 0. 0.
    6.98149484e-003 1.24379611e-002 0. -6.48446498e-004 8.06265511e-003
    4.84020263e-003 0. 0. 6.31122431e-003 0. 0. 1.34158810e-003 0.
    -8.89295887e-004 0. 1.30826444e-003 0. 1.96061516e-003
    4.91475966e-003 0. 0. 1.01293926e-003 5.64828701e-003 0. 0. 0. 0.
    6.85326243e-003 0. 0. 0. 0. 6.07945258e-003 0. 0. 7.75677478e-003 0.
    0. 0. 1.31128393e-002 0. 0. 0. 9.23650619e-003 0. 0. 0. 0. 0. 0. 0.
    0. 0. 0. 1.25439058e-003 0. 0. 0. -4.45000158e-004 0. 0. 0. 0. 0.
    -2.03792501e-004 0. 5.36174048e-003 0. 8.43896181e-004
    -5.32526174e-004 3.19322105e-003 2.36847415e-003 -1.11709128e-003 0.
    0. 0. 0. 1.11614732e-004 0. 0. 0. 0. 0. 0. 0. 0. 0. 0. 0. 0. 0.
    5.19440882e-003 0. 0. 0. 0. 0. 8.30644858e-004 0. 1.43035792e-003
    9.45060572e-004 0. 0. 0. 0. 5.45659428e-003 0. 0. 0. 0. 0. 0. 0. 0.
    8.81830323e-003 4.14773915e-003 0. 6.28225878e-003 0. 0. 0.
    3.50909703e-003 0. 8.65214563e-004 0. 0. 0. 0. 8.62696487e-003
    6.35014102e-003 0. 0. 0. 0. 0. -3.81343445e-004 -5.20295231e-004 0.
    0. 0. 0. 0. 1.45518896e-003 0. -7.14985246e-004 0. 0. 0. 0.
    4.08970664e-004 0. 2.79292814e-003 2.43378128e-003 0. 0.
    1.28166785e-003 1.39406999e-003 2.05909321e-003 -6.42052561e-004
    8.29344091e-004 0. 0. -7.18849362e-004 0. 0. 8.20028782e-003 0. 0.
    -1.31435017e-003 1.82591099e-003 6.36171899e-004 0. 5.10280440e-003
    5.55770425e-003 0. 0. 1.42183050e-003 -9.33236268e-004
    1.97262643e-003 4.33820998e-004 2.04726611e-003 0. 0. 0.
    4.33770940e-003 0. 0. 0. 1.66866428e-003 -1.82733685e-003 0. 0. 0.
    0. 2.38883356e-003 0. 6.44525222e-004 0. 0. 0. 0. -4.46006976e-004
    0. 0. 0. 0. 0. 0. 1.08579202e-002 0. 0. 4.23083501e-003 0. 0.
    7.83043797e-004 0. 0. 0. 5.77310682e-004 9.26848408e-003
    4.40325472e-004 1.77025970e-003 0. 6.76544325e-004 0. 0.
    5.94431954e-003 0. 1.45195250e-003 -1.87723817e-005 2.21669371e-003
    9.58586298e-003 0. 0. 0. 0. 4.20772063e-004 0. 0. 1.39781449e-004 0.
    3.89141333e-003 0. 0. 7.39909196e-003 0. 1.34285016e-003
    8.22044909e-003 0. 0. 0. 0. 9.13650729e-003 0. 0. 0. 0. 0.
    2.52463124e-005 -3.92789720e-003 0. 0. 1.13204215e-003 0.
    8.66482127e-003 0. 1.14566758e-002 0. 0. 0. 0. 0. 0. 5.13720792e-003
    0. 0. 0. 4.59065777e-004 0. 0. -9.84729035e-004 0. 0. 0. 0. 0. 0.
    4.20635985e-003 1.93763652e-003 7.33255129e-003 1.16156079e-002
    -1.38810356e-004 -2.03535799e-003 0. 0. 3.69784352e-003
    7.07270764e-003 9.08792354e-005 0. 0. 0. 5.33601362e-003
    6.19673170e-004 0. 0. 0. 8.37129599e-004 0. 9.86114424e-003
    -1.43534184e-004 1.11038648e-002 1.35879184e-003 0. 0. 0. 0. 0.
    5.03790239e-003 1.50736235e-003 0. 0. 0. 0. 1.87077373e-003 0. 0.
    8.01212341e-003 0. 0. 0. 2.97423976e-004 0. 0. 0. 0. 1.23803027e-003
    0. 0. 8.54157656e-003 0. 0. 0. 0. 0. 2.20283773e-003 1.14407635e-003
    0. 2.97195069e-003 3.39531136e-004 2.81750876e-003 0. 0. 0. 0. 0.
    2.15837406e-003 0. 0. 0. 0. 0. 0. 0. 0. 0. 2.24303734e-003 0. 0.
    2.67621386e-003 4.92130732e-003 0. 0. 0. 0. 0. -1.07541156e-003
    4.93904669e-003 2.39237817e-003 0. 0. 1.01278843e-002
    7.16215977e-003 0. -6.52367831e-004 2.06088205e-003 0.
    1.48512493e-003 1.39773013e-002 0. 0. 0. 6.69874391e-003
    -3.81657318e-003 0. 0. 0. 3.31091811e-003 -6.97247742e-005
    -2.31244531e-003 0. 5.60267363e-003 0. 1.29857752e-003 0.
    2.10996182e-003 9.22933966e-003 0. 0. 0. 3.50607350e-003 0. 0. 0.
    6.16433041e-004 -1.05071301e-003 1.61337818e-003 -3.17152054e-003 0.
    7.10292999e-003 0. 0. 0. 0. 0. 0. 0. 0. 6.94271293e-004
    1.47668254e-002 3.83949303e-003 3.38779297e-004 0. -5.40898065e-004
    0. 1.13436291e-002 0. 8.46099632e-004 0. 0. 3.36348265e-003 0. 0. 0.
    0. 0. 0. 0. 0. 0. 1.64413970e-004 1.29587634e-003 0. 0. 0.
    2.48862640e-003 1.58040714e-003 4.19416558e-003 0. 0. 0. 0. 0. 0. 0.
    4.15726099e-003 0. 0. 8.80227366e-004 0. -2.37851846e-003 0. 0.
    -2.06463301e-004 0. 1.61454140e-003 0. 0. 0. 0. 0. 0.
    5.84452995e-004 8.29387340e-004 0. 0. 0. 3.68385902e-003 0.
    -4.74348431e-004 0. 4.99854283e-003 0. 1.24204118e-004 0. 0.
    4.12961788e-004 8.53119651e-004 -2.27703783e-003 0. 0. 0.
    1.43071054e-004 0. 0. 0. 0. 1.43793947e-003 0. 1.38692395e-003 0. 0.
    0. 0. 0. 0. -7.43900484e-004 0. 0. 1.84440725e-002 0.
    1.06385967e-003 0. 2.59227515e-003 0. 0. 2.72150920e-003
    -1.73193141e-004 2.64046807e-003 0. 0. 4.36141714e-003 0.
    1.96336026e-004 3.03587574e-003 0. 0. 0. 0. 0. 0. 0.
    -6.04378246e-003 0. 0. 0. 0. 0. 0. 0. 0. 0. 0. 0. -1.51621341e-003
    3.92070925e-003 2.38331081e-003 0. 0. 0. 2.10114825e-003 0. 0. 0. 0.
