<?xml version="1.0"?>
<opencv_storage>
<imageDescriptor type_id="opencv-matrix">
  <rows>1</rows>
  <cols>1000</cols>
  <dt>f</dt>
  <data>
    0. 0. 4.62058978e-003 1.33252246e-002 0. 0. 4.60609124e-004
    5.27670933e-003 6.57572085e-003 4.22867830e-004 0. 0.
    1.10031490e-003 0. 2.92098359e-003 0. 7.01354467e-004
    5.05722733e-003 0. 0. -1.78796682e-003 2.66924710e-003
    1.40197331e-003 0. 0. 0. 6.72186259e-003 0. 0. 2.24867370e-003 0. 0.
    0. 0. 0. 1.63812970e-003 0. 4.87308903e-003 0. 0. 1.61924458e-003 0.
    0. 0. 9.67874192e-004 7.97918160e-003 0. 0. 4.49527847e-003 0. 0.
    -2.93575088e-003 0. 1.84087909e-003 0. 0. 0. 0. 0. 0. 0.
    6.18107151e-004 1.65425031e-003 9.59649030e-003 0. 8.60760483e-005
    0. 0. 0. 3.29123647e-003 0. 4.02596110e-004 0. 0. 0. 1.35997706e-003
    0. 0. 0. 0. 0. 9.83166858e-004 0. 0. 6.39740378e-004 0.
    1.51692028e-003 0. 2.82321032e-003 0. 3.18923802e-003 0.
    -8.78208084e-007 0. 1.37989264e-004 -1.35870592e-004 0. 0.
    2.06522120e-004 0. 0. 2.82767788e-003 1.08105468e-003
    -2.35570571e-003 0. 0. 0. 0. 0. 3.15275998e-003 -5.44612703e-004
    -6.18092192e-004 0. 0. 0. 0. 0. 0. 2.88473442e-003 9.96532477e-003
    0. 0. 6.11243246e-004 4.71467664e-003 0. -8.82843335e-004
    3.31502291e-004 -3.74642477e-005 -2.05995888e-003 3.63433966e-003 0.
    1.27279526e-003 0. 1.08634843e-003 0. 0. 0. -1.46400428e-003
    5.39459172e-004 0. 0. 0. 0. 0. -1.44532532e-003 0. -6.81133301e-004
    0. 3.92508321e-003 0. 3.69061658e-004 0. 0. 0. 1.53981673e-003
    -1.42021675e-003 9.87926498e-004 4.78091044e-003 6.72378670e-003 0.
    0. 0. 0. 3.07223178e-003 1.03640063e-002 5.92279714e-003
    1.80288707e-003 0. 0. 0. 0. 0. 5.37022389e-003 9.71514557e-004
    -4.15893737e-005 0. 0. 3.77975870e-004 0. 0. 2.44566635e-003
    -1.29648790e-004 2.19826540e-003 6.93570066e-004 3.23922490e-003 0.
    4.62581264e-003 1.82668318e-003 0. 0. 1.43043278e-003
    -6.44987100e-004 2.29386598e-004 -4.08176705e-003 0. 0. 0.
    3.56956711e-003 0. 0. 0. 0. 0. 0. 0. 0. 0. 0. 1.49496202e-003
    3.43585364e-003 0. 1.51400804e-004 8.08842853e-003 0. 0. 0. 0. 0. 0.
    0. -2.52377102e-003 0. 4.42368258e-003 0. 0. 0. 1.06025698e-004 0.
    0. 0. -1.75222009e-003 0. 0. 2.83455534e-004 0. 0. 0.
    9.37352236e-003 0. 1.26039516e-003 0. 2.19474989e-003
    -8.34894949e-004 0. 0. -2.14663171e-003 0. -2.57556513e-003
    7.71454768e-003 0. 2.57951207e-003 2.71567120e-003 -2.89424672e-004
    0. 0. 0. 1.06578192e-003 1.45889062e-003 0. 3.41783674e-003 0. 0.
    6.01422461e-003 0. 1.08865532e-003 0. 0. 0. 0. 0. 0. 0.
    -1.16114737e-003 0. 0. 2.70138076e-003 0. 0. 4.58769314e-003 0. 0.
    1.04060664e-003 1.28202594e-003 0. 0. 0. 0. 0. 2.71169492e-003 0. 0.
    4.82829614e-003 0. 6.23755902e-003 0. 6.57324167e-003 0. 0. 0.
    7.99364527e-004 0. 0. 0. 0. 0. 0. 0. 5.33784786e-003
    -3.27225163e-004 -1.33418024e-003 0. 0. 0. 0. 0. 0. -2.61986745e-003
    0. 6.55362708e-003 -1.04147370e-003 2.02428550e-003 1.90414279e-003
    1.18676666e-003 2.04442185e-003 7.61800259e-003 1.26690289e-003 0.
    6.14604400e-003 0. 8.26947391e-003 1.66683327e-002 1.47856248e-003
    2.18579266e-003 -1.86708779e-003 1.32012670e-003 0. 1.96027244e-003
    1.66346761e-003 1.26982620e-003 0. 3.24792694e-003 -7.75067834e-004
    0. -1.82102819e-003 2.26092734e-003 7.03107147e-003 1.28590874e-003
    0. 0. -5.72609017e-004 0. 0. 0. 0. 5.90799609e-003 0. 0. 0.
    2.57977308e-003 8.69506504e-003 0. 3.13531666e-004 1.92392268e-003
    0. 0. -7.43829180e-004 1.26751047e-003 4.45851311e-003 0. 0.
    2.69360607e-003 0. 2.82766530e-003 0. 1.53715059e-003
    -8.15082516e-004 1.39832054e-003 6.92030590e-004 3.42102605e-003 0.
    5.54782199e-003 0. 0. 0. 2.52852507e-004 0. 0. 1.28116063e-003 0. 0.
    0. 0. 1.11213158e-004 7.71531486e-004 0. 0. 6.69678906e-003 0.
    3.06759588e-003 2.41643214e-003 0. 7.65007164e-004 0. 0.
    9.98241175e-003 8.52606609e-004 -2.44497322e-003 8.29625316e-003
    8.18258675e-004 0. 2.33496749e-003 -1.51669286e-004 8.46291892e-003
    0. 0. 2.15059333e-003 0. 0. 1.57274934e-003 4.53246618e-003 0. 0.
    3.24093667e-003 0. 0. 4.65122238e-003 0. 0. 0. 2.78801017e-004 0. 0.
    3.53339105e-003 7.26543926e-003 3.94876022e-003 -2.19503464e-003 0.
    0. 1.96705246e-003 1.95007329e-003 0. 0. 1.51317683e-003 0. 0.
    1.67735689e-003 0. 0. 0. 0. 0. 0. 0. 7.83375185e-003 0. 0. 0. 0. 0.
    0. 1.35810371e-003 1.05261873e-003 0. 0. 0. 9.63059661e-004 0. 0. 0.
    0. 0. 0. 2.17957632e-003 0. 0. 0. 0. 2.74043856e-003 0. 0. 0. 0. 0.
    0. 0. 0. 1.98447728e-003 2.55358848e-003 3.46090458e-003
    5.95901115e-003 0. 0. 0. 0. 0. 0. 0. 0. 0. 0. 0. 1.51806453e-003
    5.05139027e-003 0. 7.14560330e-004 0. 8.37879837e-004 0. 0.
    -3.71007947e-004 5.17025997e-004 0. 2.66127964e-003 7.14004925e-003
    -1.06446084e-003 0. 0. 0. 6.16260711e-003 0. 0. 1.01398036e-003 0.
    0. 0. 1.38320988e-002 0. 0. 1.85468746e-003 0. 7.72939762e-003
    7.31013296e-003 9.39578225e-004 -3.41324136e-003 0. 6.61192345e-004
    -6.91505789e-004 -7.44327030e-004 6.34456938e-003 0. 0. 0. 0. 0. 0.
    8.69567797e-004 0. 0. 0. 0. 0. 8.59567896e-004 0. 4.13674687e-004 0.
    -4.22451150e-004 3.91787523e-003 0. 9.87845589e-004 0.
    2.12418172e-003 2.90775206e-003 6.96511765e-004 0. 0. 0.
    1.51495216e-003 0. 0. -2.42840173e-003 6.10197138e-004
    -3.19274433e-004 0. 0. 0. 0. 0. 0. 0. 0. 2.11486011e-003
    -3.70731781e-004 0. -1.77302246e-003 0. 0. 0. 1.82636385e-003 0. 0.
    3.07644368e-003 0. 0. 0. 0. 9.80423880e-004 0. 8.92558973e-003 0. 0.
    2.05646479e-003 1.85755233e-003 0. -2.12987099e-004 4.65623307e-004
    0. 0. 0. 8.12915061e-003 0. 2.63304712e-004 0. -5.35732324e-005 0.
    0. 0. 0. 1.72306690e-003 0. 0. 0. 0. 5.32695185e-003 0. 0. 0.
    1.14894332e-002 0. 0. 0. 2.81305489e-004 6.56809658e-003 0.
    6.95390347e-003 -9.01340507e-004 1.29881334e-002 2.80788168e-003 0.
    -3.36133016e-005 0. 0. 0. 0. 1.33590330e-003 0. 0. 0.
    2.88192555e-003 1.05860026e-003 -1.45075828e-004 0. 5.09046810e-003
    0. 0. 0. -7.70934203e-005 0. 0. 0. 0. 0. 0. 0. 1.36395609e-002 0. 0.
    -2.22817471e-004 1.27177290e-003 0. 0. 0. 0. 0. 0. 2.09012092e-003
    0. 4.48569888e-003 -1.50623475e-003 0. -6.89756853e-005
    1.78678182e-003 0. 2.20716279e-003 0. 0. 0. 0. 3.83732771e-003 0. 0.
    9.06513713e-004 0. 7.34771462e-003 6.43361011e-004 0. 0. 0.
    1.50688505e-003 0. 0. 0. -1.77914364e-004 0. 4.14663414e-003
    1.38185022e-003 0. 0. -1.00574840e-003 2.09948746e-003
    7.58928712e-003 0. 0. 0. 0. 9.42226034e-003 0. 7.21001392e-003 0.
    3.62436078e-003 1.44852814e-003 7.87464029e-004 6.53559866e-004 0.
    0. 1.26107095e-003 1.77424250e-003 -4.67329693e-004 0. 0. 0.
    5.38421003e-003 0. 0. 0. 0. 0. 0. 0. 0. 0. 0. 0. 0. 2.19771685e-003
    0. 0. 6.39678678e-004 0. 0. 0. 7.34093180e-003 2.85915536e-004
    -8.62193818e-004 1.22848002e-003 0. 0. 0. -1.25510327e-003 0. 0.
    1.71371084e-003 0. 0. 0. 1.00756651e-002 0. 0. 7.61667779e-003 0. 0.
    5.64230897e-004 7.99241476e-003 0. 2.59838952e-003 0. 0.
    -3.76673619e-004 0. 0. 0. 0. 1.46969585e-004 5.70654462e-004
    2.93674669e-003 0. -4.79774753e-004 0. 7.60259805e-003
    -4.62154765e-003 0. 2.58801738e-003 0. 0. -1.44453126e-003 0. 0.
    -9.07152251e-004 0. 0. 0. 0. 3.71899921e-004 0. 0. 0. 0. 0. 0.
    1.94902439e-002 0. 0. 0. 0. 0. 0. 5.97779499e-003 0. 0.
    1.07176951e-003 5.31063275e-003 1.31233747e-003 0. 0. 0. 0.
    3.92774265e-004 0. 8.91191233e-003 0. 1.59814663e-003
    4.38045664e-003 1.87055524e-002 -2.04902215e-004 0. 0. 0. 0.
    8.34973343e-003 -1.49161043e-003 1.58679031e-003 0. 0. 0.
    -6.97544659e-004 0. 2.29846919e-003 0. 0. 0. 1.97425438e-003
    4.87038773e-003 -3.77804186e-004 0. 0. 0. 0. 5.48290694e-003 0. 0.
    1.92238688e-002 0. 6.63900608e-003 3.16371617e-004 -2.56801979e-003
    0. 4.04769741e-003 0. 1.68173434e-003 0. 0. 6.38703990e-004 0. 0. 0.
    0. 0. 1.04342063e-003 1.52140413e-003 7.99387519e-004
    1.47469935e-003 0. 0. 7.35791109e-004 7.53514410e-004
