<?xml version="1.0"?>
<opencv_storage>
<imageDescriptor type_id="opencv-matrix">
  <rows>1</rows>
  <cols>1000</cols>
  <dt>f</dt>
  <data>
    0. -1.32412591e-003 0. 0. 6.78176060e-003 0. 1.79411989e-004 0.
    4.14531585e-003 0. 0. 2.62383092e-003 0. 1.00293672e-002 0.
    3.32471426e-003 0. 0. 0. 2.76870909e-003 0. 0. 1.11879706e-002 0. 0.
    0. 0. 0. 0. 4.49799187e-003 5.49006509e-004 5.92035009e-003
    6.20045047e-003 0. 3.26374336e-003 0. 0. 0. 0. 0. 0. 0. 0. 0.
    4.23698872e-003 9.38678917e-004 0. -5.13714040e-003 0. 0.
    4.78873582e-004 0. 1.96187501e-003 5.66659553e-004 1.63674855e-003
    0. 2.16237083e-003 4.70863748e-003 5.55849960e-003 0.
    9.15087294e-004 0. 0. -6.35889766e-004 2.99861119e-003 0. 0. 0.
    7.45845959e-003 1.24328173e-004 3.61193530e-003 0. 2.65243999e-003
    3.08512710e-003 8.13006714e-004 9.08936199e-004 2.30658054e-003
    9.37179755e-003 -2.60583404e-003 3.39022838e-003 0. 1.56163459e-003
    2.33577262e-003 5.56721864e-003 0. 0. 6.45500654e-003
    2.29036040e-003 8.55699298e-004 0. 0. 2.47774506e-003
    -2.80327536e-003 0. 0. -2.09795614e-003 5.71347264e-005 0. 0. 0. 0.
    0. 0. 0. 0. 3.42550944e-003 0. 0. 0. 2.38670385e-003 0.
    6.43783016e-003 0. 0. 2.63547478e-003 -8.25537863e-005 0.
    3.20026581e-003 0. 6.48323586e-003 0. 4.06914484e-003
    1.01242552e-003 3.75712407e-003 0. 3.94380232e-003 -1.82244263e-003
    0. 0. 0. 0. 0. 2.08507129e-003 0. 0. 2.10161484e-003 0.
    1.89539623e-002 0. 0. 0. 1.10084703e-002 0. 0. 0. 0. 0. 0. 0. 0. 0.
    0. -8.15390551e-004 0. 4.72634844e-003 0. 0. 0. 0. 0.
    -9.96175571e-004 0. 3.47650057e-004 4.37468244e-003 0.
    8.13852530e-003 9.40984974e-005 3.33770586e-004 1.00168251e-002
    3.29825724e-003 0. 0. 0. 0. 1.31402339e-003 0. 3.72020178e-004
    5.73374331e-003 0. 1.96255883e-003 0. 1.11355102e-002 0.
    -9.18405887e-004 1.53494286e-004 0. 1.76602416e-003 0. 0. 0.
    2.73450511e-003 0. 0. 9.86549817e-003 0. 0. 1.76336023e-003
    1.01931987e-003 -5.61495079e-003 0. 1.88782241e-003 0. 0. 0. 0. 0.
    0. -5.57039224e-004 0. 0. 0. 0. 7.30918208e-003 0. 0. 0.
    1.20726658e-003 0. -2.27017002e-003 0. 1.58399250e-002 0.
    2.69551412e-003 2.78583309e-003 9.84734017e-003 3.40469717e-003 0.
    0. 0. 7.85027910e-003 3.18218372e-003 0. -1.01814012e-003
    -7.08129210e-003 0. 0. 0. 0. 0. 3.64335999e-003 0. 0. 0. 0. 0.
    2.62797024e-004 0. 5.53887920e-004 0. 0. 6.93859393e-003 0. 0. 0. 0.
    0. 0. 0. 0. 0. -1.47935189e-003 0. 0. 1.68825465e-003
    2.57908902e-003 0. 0. 0. 0. 0. 3.27982078e-003 0. 5.39217750e-003 0.
    -5.16733294e-003 0. 0. 0. 0. 0. 0. 0. 0. 0. 0. 0. 0. 8.63173977e-003
    0. 0. 0. 0. 0. 0. 0. 0. 0. 0. 3.19606112e-003 0. -1.45365414e-003 0.
    0. 0. 0. 0. 0. 0. 0. 0. 0. 0. 0. 4.11045970e-003 0. 0. 0. 0. 0. 0.
    0. 0. 2.43737781e-003 0. 3.00858705e-003 0. 0. 0. 0. 0. 0. 0.
    5.13815274e-003 0. 0. 0. 0. 0. 9.75083094e-003 2.30865125e-002 0. 0.
    0. 2.67671165e-003 1.40075188e-003 7.53038330e-005 0. 0. 0.
    -7.65928242e-004 0. 5.04290778e-003 0. 0. 2.53253174e-003 0. 0. 0.
    0. 0. 4.41863027e-004 -2.41749990e-003 0. 0. 0. 0. 0. 0. 0. 0. 0. 0.
    7.74366490e-004 8.27063899e-003 1.20453369e-002 0. 0.
    3.25453142e-003 0. -1.88064948e-003 0. 0. 0. 0. 0. 0.
    5.34148596e-004 0. 0. 0. 0. 4.33249725e-003 0. 3.37169110e-003 0. 0.
    1.47628612e-004 7.07969023e-003 0. 0. 0. 2.08507036e-003 0. 0. 0. 0.
    2.85901269e-003 7.00971996e-003 0. 1.58677739e-003 0.
    1.09871489e-003 0. 4.66969935e-003 0. -6.83547172e-004
    5.37690008e-003 0. 0. 0. 0. 0. 0. 0. -1.04628321e-004 0. 0. 0. 0.
    8.98759905e-003 4.29264735e-003 -2.23940238e-003 0. -1.31856336e-003
    0. 0. 0. 1.96494584e-004 0. 3.20358505e-003 0. 0. 0. 0. 0. 0.
    8.62890203e-003 9.12340824e-004 0. 0. 0. 0. 2.37510493e-003 0. 0. 0.
    3.60756065e-003 2.27909745e-003 0. 0. 0. 0. 3.81953025e-004
    3.31296964e-004 0. 0. 0. 1.18307525e-003 0. 0. 0. -4.96869732e-004
    3.90352379e-003 0. 0. 0. 0. 0. 8.78476363e-004 0. 0. 2.93967663e-003
    0. 0. 1.64614827e-003 0. 1.78951328e-003 2.23701936e-003 0. 0. 0. 0.
    0. 0. 0. 0. 0. -4.73437971e-003 0. -1.41924247e-003 4.66770260e-003
    0. 0. -1.04827275e-004 0. 2.35682987e-002 0. 2.55264132e-003 0. 0.
    1.60331782e-002 1.16589693e-002 2.69679981e-003 0. 0. 0.
    4.65991441e-003 0. 3.89452768e-003 0. -1.85604102e-003
    4.83409548e-003 1.27910881e-003 0. 6.25240384e-003 0.
    1.57662237e-003 0. 0. 0. -1.05327507e-003 0. 6.09091076e-005
    2.11060117e-003 2.11726685e-004 0. 0. 0. -8.30550154e-004 0. 0. 0.
    0. 1.05841912e-003 0. 0. 0. 0. 0. 0. -2.05134926e-003 0. 0.
    -6.06331334e-004 0. 0. 0. 0. 0. 0. 0. 0. 3.92529648e-003 0. 0.
    8.40627309e-003 2.44831457e-003 6.89558033e-003 0. -3.17965890e-003
    0. 0. -2.34213541e-003 0. 0. 0. 6.92638848e-003 0. 0. 0.
    9.36521683e-003 0. 1.84250518e-003 0. 0. 0. 0. 0. 1.55043520e-003 0.
    0. 0. 0. 2.47026375e-003 1.41386851e-003 0. 0. 0. 7.22097931e-003 0.
    0. 0. 0. 7.83495139e-003 0. 0. 0. 0. 0. 0. -6.14620047e-004 0. 0. 0.
    0. 0. 0. -1.86866242e-003 0. 0. 0. 0. 0. 6.17587334e-003 0. 0.
    1.30008264e-002 0. 0. -9.04147339e-004 0. 0. 0. 0. 2.24385206e-002
    0. 2.42936495e-003 0. 1.35299528e-003 4.39365022e-003 0. 0. 0. 0. 0.
    -9.64347913e-004 0. 0. 0. -7.72066368e-003 0. 0. 0. 0. 0. 0. 0.
    1.85410108e-003 1.09420496e-003 0. 0. 0. 0. 0. 0. 2.36198283e-003 0.
    0. 0. 0. 0. 0. 0. 0. 0. 0. 3.90026462e-003 0. 0. 0. 0. 0.
    2.94175185e-003 0. 0. 0. -2.27314164e-003 3.09640239e-003 0.
    -2.15594610e-003 1.20158074e-002 -7.42756936e-004 0. 0. 0. 0. 0.
    -3.38052260e-003 0. 0. 2.80001643e-003 0. 0. 0. 0. 0.
    5.91025548e-003 -5.26574254e-003 0. 0. 0. 0. 2.33322917e-003 0.
    -1.21207023e-003 0. 0. 2.05878611e-003 0. 0. 0. 0. 2.15018447e-003
    0. 0. 2.69608543e-004 0. 3.14435293e-003 0. 0. 2.35753972e-003
    6.86633168e-003 0. 2.53979443e-003 0. 0. 0. 0. 0. 2.79735308e-003
    -5.51147247e-003 0. 0. 3.38551216e-003 0. 0. -1.29673525e-003 0. 0.
    0. 7.93322083e-003 0. 0. 6.58797845e-003 1.35307608e-003
    -8.74161269e-005 0. 1.45753403e-003 0. 0. 1.59059826e-003 0. 0. 0.
    0. 7.94424966e-004 -3.77405639e-004 0. 0. 0. 0. 0. 1.07340571e-002
    0. 0. 0. 0. 0. 1.47487866e-002 0. 0. -2.62957445e-004 0. 0. 0.
    4.83730633e-004 0. 0. -2.30017613e-004 0. 0. 0. 0. 3.49130412e-003
    0. 0. 0. 0. 0. 0. 0. 0. 8.99789017e-003 0. 0. -2.20340933e-003 0. 0.
    7.72120082e-004 0. 0. 0. 2.01673061e-003 1.02544762e-003
    3.80801642e-003 0. 2.68046806e-005 0. 0. 0. 8.74797720e-003 0. 0.
    2.99369381e-003 0. 0. 0. -5.27225714e-003 0. 1.02888104e-002
    3.03626992e-004 0. 0. 0. 0. 0. -2.59858067e-003 0. 0.
    4.54132649e-004 0. 0. 3.31847370e-003 0. 0. 3.23694991e-003 0. 0.
    5.86111424e-003 3.57321766e-003 1.58427749e-003 4.21679550e-004
    8.94847047e-003 0. 0. 1.51554341e-004 0. 0. 0. 0. 0. 0. 0.
    6.48060301e-003 5.61718503e-003 7.82474037e-003 0. 2.52626836e-003
    -5.01954986e-004 0. -2.11276929e-003 2.83630262e-003 0.
    1.34369573e-002 0. 0. 0. 0. 2.13107769e-003 0. 0. 0. 0. 0. 0.
    -1.03035232e-003 0. 0. 0. 8.98357388e-003 0. 0. 2.45480769e-004 0.
    0. 5.92695875e-003 0. 0. 8.28248821e-003 2.97781220e-003 0. 0. 0. 0.
    0. 0. 0. 0. 0. 3.20010330e-003 3.20693391e-004 3.81789240e-003 0. 0.
    0. 0. 7.89493963e-004 2.33353325e-003 8.90972745e-003
    1.27355251e-002 0. 0. 0. 9.56540462e-003 0. 6.43458043e-004
    6.17132848e-003 5.72020141e-003 0. 2.28732289e-003 -5.50821242e-005
    6.31654123e-003 0. 4.41413751e-004 0. 0. 2.80366745e-003
    2.12766603e-003 0. 0. 0. 0. 0. 0. 0. 0. 1.15786400e-002 0. 0.
    2.64693960e-003 3.17482254e-003 0. 0. -2.30207993e-003 0. 0. 0.
    3.07270582e-003 1.44955248e-003 1.47714140e-002 -2.32531992e-003 0.
    2.17539360e-004 0. 0. -1.74445531e-003 0. 1.56930822e-003
    2.12375890e-003 0. 0. 0. 6.34444179e-004 0. 0. 2.83657201e-003 0. 0.
    9.81617346e-003 0. 9.89450491e-004 0. 0. 0. 0. 0. 0. 2.89305276e-003
    0. 0. 0. 0. -1.03625760e-004 -7.30643340e-004 0. -3.30479175e-004 0.
