<?xml version="1.0"?>
<opencv_storage>
<imageDescriptor type_id="opencv-matrix">
  <rows>1</rows>
  <cols>1000</cols>
  <dt>f</dt>
  <data>
    3.02059692e-003 6.50745817e-004 0. 4.01801569e-003 0.
    -4.82656527e-004 0. 1.88872346e-003 0. 0. 0. 0. 3.47440736e-003 0.
    1.77276763e-003 -1.46899687e-003 8.43735179e-004 0. 0. 0. 0.
    4.28481493e-003 2.47025630e-003 1.79129641e-003 0. 1.86407357e-003
    0. 2.40439549e-004 1.62697316e-003 0. 0. 0. 1.09178321e-002
    5.65769384e-003 2.82834237e-003 -1.99435366e-004 0. 0.
    3.94112570e-003 3.34960321e-004 1.30043859e-002 0. 0.
    -1.34056841e-003 0. 0. 0. 0. -8.37961386e-004 0. 0. 0. 0. 0. 0. 0.
    0. 0. 0. 3.28818779e-003 0. 0. 0. 0. 5.41268056e-003 0.
    5.88662457e-004 0. 2.81860761e-004 0. 0. 3.79806152e-004 0. 0. 0. 0.
    0. 0. 0. 0. 0. 0. 2.24104081e-003 0. 0. 0. 5.95261389e-003 0.
    3.07202968e-003 0. 5.30344725e-004 6.29804656e-003 0. 0. 0. 0.
    5.09378333e-005 0. 0. 0. 0. 9.14397556e-003 0. 0. 0. 0. 0.
    9.62013553e-004 9.72438022e-004 3.66315967e-003 3.93926492e-003 0.
    0. 0. 2.92173959e-003 0. 1.38974783e-003 0. 0. 0. 7.80909881e-003 0.
    3.46936402e-003 0. 0. 0. 0. -7.88709673e-004 0. 0. -2.62066897e-004
    -4.05483966e-004 0. 0. 2.33226951e-004 0. 0. 0. 4.62064752e-003 0.
    2.54207640e-004 0. 2.07421067e-003 -1.18859345e-003 0.
    -7.16005627e-004 1.88831449e-003 0. 0. -4.02434060e-004 0.
    1.52656874e-002 0. 0. 0. 8.36291059e-004 6.10931218e-003 0. 0.
    1.19247334e-002 2.41337286e-004 0. 0. -2.62941991e-004 0. 0. 0. 0.
    1.54885266e-003 0. 0. 0. 3.80996289e-003 0. 7.89872743e-003 0. 0.
    7.24443793e-003 0. 2.30516191e-003 0. -3.95900541e-004
    1.36237033e-003 0. 2.11898470e-003 0. 1.24803707e-002 0.
    4.03024303e-003 0. 7.67707243e-004 0. 0. 0. 0. 0. 0. 0. 0.
    1.71792897e-004 -2.00327998e-003 0. 0. 6.41991198e-003 0.
    -1.72520449e-004 0. 0. 0. 0. 0. 0. 0. 6.38040109e-003 0. 0.
    9.93294083e-003 0. 0. 0. 1.59563497e-003 0. 0. 0. 0.
    -2.18375889e-003 9.93226469e-003 0. -1.13940833e-003 1.79903395e-003
    0. 1.67143450e-003 3.50661692e-003 0. 8.54521990e-004
    3.09030619e-003 0. 0. 7.54479971e-003 0. 0. 0. 0. 0. 1.18044466e-002
    2.93119829e-002 0. 2.14527664e-003 0. 7.52704963e-003 0. 0. 0.
    2.23788619e-003 0. 0. 1.17561058e-003 -1.21503847e-003 0. 0.
    7.19378237e-004 0. 0. 0. 0. 7.32568605e-003 0. 0. 0. 0. 0.
    4.94629052e-003 0. 0. 0. 0. 4.74760367e-004 0. 0. 0. 0.
    2.98325601e-003 3.40879965e-003 0. 2.35814531e-003 2.07938976e-003
    0. 1.39726000e-003 -2.64394842e-003 0. 0. 1.06689231e-002 0.
    1.58819335e-003 0. 0. 0. 1.66604470e-003 0. 1.00623146e-002
    4.92435042e-003 0. 0. 3.37027339e-003 -9.90466098e-004
    1.48978230e-004 0. 0. 2.29644519e-003 -1.24332833e-003 0.
    2.26850924e-003 0. 0. 0. 2.13044370e-003 0. 0. 0. 0. 0.
    3.04702553e-003 0. 0. 0. 8.79154541e-003 0. 0. 9.38508194e-004 0.
    -6.06063404e-004 2.45002193e-005 0. -8.00770416e-004 0. 0. 0. 0. 0.
    7.73767382e-003 1.38212356e-003 0. 0. 0. 0. 0. 0. 0. 7.85705447e-003
    6.63433643e-003 -7.78345217e-004 0. 0. 0. 6.25133864e-004 0. 0. 0.
    0. 0. 0. 0. 0. 0. 0. 0. 8.79503973e-003 0. -1.75012939e-003 0. 0.
    1.18390308e-003 3.24939168e-003 0. 0. 0. 0. 0. 6.23784843e-004
    -1.09437387e-003 0. 0. 4.22748178e-003 0. 0. 0. 0. 0. 0.
    1.13033317e-002 0. 2.22496409e-003 0. 0. 0. 5.59874810e-004
    1.05375051e-002 0. 1.03393220e-003 0. 0. 0. 0. 8.68514460e-003 0. 0.
    1.07672403e-003 0. 0. 5.68989199e-003 2.66547874e-003 0. 0. 0.
    -2.05861800e-003 0. 0. 4.69926745e-003 0. 0. 0. 0. 5.94992563e-003
    0. 0. 1.21939592e-002 0. 0. 8.17968510e-003 9.27235652e-003 0. 0.
    4.47841221e-003 2.41556508e-003 0. 9.41314083e-003 0. 0.
    2.82968441e-003 0. 0. 3.12633254e-003 0. 9.66633088e-004 0. 0. 0.
    1.02050195e-003 0. 0. 0. 0. 0. 0. 0. 0. 0. 0. 0. 0. 1.06642640e-003
    0. 3.34568764e-003 0. 0. 0. 0. -4.65230411e-003 0. 5.16825181e-004
    0. 0. 3.08196060e-003 3.58890044e-004 0. 6.15203194e-003 0. 0. 0. 0.
    0. 0. 3.34394188e-003 1.15919532e-002 0. 0. 5.34520531e-003 0. 0.
    7.80252274e-003 3.02875694e-003 2.64822063e-003 -4.27343301e-004
    9.78028635e-004 0. 6.79422542e-003 0. 0. 0. 0. 4.83029941e-003 0.
    3.89308808e-003 0. 0. 0. 0. 3.25947232e-003 8.95062741e-003 0.
    1.17748417e-003 -1.15847273e-003 1.33346615e-003 5.90957841e-003 0.
    5.79858385e-003 0. 0. 0. 0. 0. 0. -3.19080404e-003 0.
    2.45709787e-003 0. 0. 0. 2.08426476e-003 0. 2.13975227e-003
    2.22901674e-003 0. 0. 0. 0. 0. 0. 0. -1.73554046e-003 0.
    9.50413477e-003 5.15282154e-003 0. 0. 0. 0. 0. 0. 0. 0. 0.
    -6.91922207e-004 0. 0. 1.73292297e-003 0. 0. -2.46246089e-003 0. 0.
    -4.40435484e-003 1.30554440e-003 0. -9.82412370e-004 6.17039681e-004
    0. 2.67758290e-003 1.60716753e-002 6.42257452e-004 0.
    -9.38000099e-004 0. 0. 0. 0. 1.25049157e-002 -2.68885726e-003
    4.32830071e-003 0. 0. 0. 1.45422795e-003 0. 0. 0. 0. 0. 0. 0. 0. 0.
    3.26561090e-003 0. 2.14402145e-003 0. 0. -6.12361869e-003 0. 0. 0.
    4.51880461e-003 0. 0. 3.63702304e-003 0. 8.07220675e-003
    1.46589614e-003 0. 0. 0. 0. 2.91536818e-003 -2.58385367e-003 0.
    1.14855012e-002 0. 0. 0. 9.62213520e-003 0. 0. 1.46004884e-003
    2.18449533e-003 0. 0. 0. 0. 6.53767725e-003 0. 8.83811153e-005 0.
    -1.48430394e-004 0. -3.77862714e-003 0. 4.46223980e-003 0. 0. 0. 0.
    0. 3.45507753e-003 -1.59314857e-003 0. 0. 8.76234658e-003 0.
    -7.88012869e-004 0. 0. 0. 0. 0. 0. 8.56879819e-003 0.
    2.07338226e-003 1.07856700e-002 0. 0. 0. 0. 0. 0. 6.84968522e-003 0.
    3.12064844e-003 0. 3.76156349e-005 0. 0. 9.94777656e-004
    1.71464030e-003 -2.16810382e-004 0. 7.26536568e-003 0. 0. 0.
    8.36113282e-003 0. 0. 0. 0. 0. 1.95592199e-003 0. 5.14321320e-004 0.
    0. 0. 0. 0. 1.61730740e-002 0. 4.34155622e-003 0. 0. 0. 0. 0.
    5.19445352e-003 3.71845695e-003 0. 0. 0. 0. 0. 0. 2.65766779e-004 0.
    0. -8.18579923e-004 1.58112001e-004 0. 0. 0. 0. 0. 0. 0. 0. 0. 0. 0.
    2.92435335e-003 0. 3.89670185e-003 0. 0. -1.31622783e-003 0. 0.
    6.83970342e-004 0. 0. 0. 2.36099609e-003 5.31437946e-003
    -6.82989194e-004 0. 4.12548106e-004 0. 0. 7.13318936e-004 0.
    1.85437605e-003 0. 0. -2.80197164e-005 0. 0. 0. 1.24985131e-003 0.
    0. 3.51990457e-003 0. 0. 0. 0. -1.04877225e-003 0. 0.
    1.49984807e-002 0. 0. 0. 1.73353430e-004 0. 0. 1.16210931e-003
    5.01825660e-003 0. 9.15427227e-003 0. 0. 1.50529586e-003 0.
    -1.36797945e-003 8.87659378e-003 0. 0. 1.78492628e-003
    2.21108086e-003 0. 0. 0. 0. 0. 4.15893877e-003 0. 0. 0.
    1.52166560e-003 0. 0. -1.64998684e-003 1.91310863e-003 0.
    -8.88385344e-004 0. 1.04976469e-003 0. -1.34936505e-004
    2.50429125e-003 0. -1.12779693e-004 3.13613750e-003 0. 0.
    2.58679641e-003 0. 0. 0. 0. 1.98772759e-003 -2.76104947e-005 0. 0.
    0. 0. 0. 4.05095564e-003 6.75744470e-003 0. 0. 0. 0. 5.79132140e-003
    0. 0. 0. 2.59300624e-003 0. 1.12066988e-003 0. 0. 0.
    -1.02203432e-003 0. 0. -8.73295299e-004 1.17137749e-003
    1.59759924e-003 -6.73636794e-004 0. 0. 0. 0. 0. 0. 0.
    3.29727936e-003 2.93752737e-003 8.79564043e-003 0. 0. 0. 0.
    1.52046082e-003 0. 0. 0. 0. 0. 0. 8.18015949e-004 0. 0. 0. 0. 0. 0.
    0. 1.13851978e-002 0. 0. 0. -1.28892437e-003 0. 0. 0. 0. 0. 0. 0. 0.
    0. 0. 0. 0. 0. 0. 0. 0. 0. 0. 5.12603321e-004 0. 0. -2.44908407e-003
    0. -1.31992711e-004 0. 0. 0. 0. 7.50457123e-003 0. 0. 0. 0. 0.
    1.28771896e-002 0. 0. 0. 7.49688013e-004 0. 0. 2.29695835e-003 0. 0.
    0. 0. 1.72824762e-003 9.83158126e-004 0. 1.94527186e-003 0. 0. 0.
    1.36484997e-002 0. 0. 0. 0. 0. 0. 0. 0. 5.76626742e-003 0. 0.
    3.46020958e-003 0. 0. 0. 2.56843516e-003 0. -2.74500507e-003 0. 0.
    0. 0. 0. 0. 0. 0. 0. 0. 0. 2.53855553e-003 0. 0. 0. 2.72776815e-003
    0. 0. 0. 3.00006341e-005 0. 0. 4.37343773e-003 2.47417064e-003 0. 0.
    0. 0. 1.40267669e-003 0. 0. 0. 0. -7.30462081e-004 0. 0.
    -4.30382788e-003 9.96034034e-003 0. 0. 0. 6.28337264e-004
    9.95403994e-003 0. 0. 0. 0.</data></imageDescriptor>
</opencv_storage>
