<?xml version="1.0"?>
<opencv_storage>
<imageDescriptor type_id="opencv-matrix">
  <rows>1</rows>
  <cols>1000</cols>
  <dt>f</dt>
  <data>
    2.81041372e-003 5.67355193e-004 0. 0. 0. 6.03003427e-003
    -9.17053476e-005 1.88669504e-003 7.74659391e-004 0. 0. 0.
    1.54059730e-003 0. 0. 0. 1.46191113e-003 0. 0. 0. 4.16332099e-004
    1.08165143e-003 -4.79440234e-004 0. 1.86649791e-003 0. 0.
    2.05653952e-003 0. 1.10576896e-003 5.30629011e-004 3.70798213e-003
    1.36982207e-003 9.95918876e-004 1.22842949e-003 2.81343888e-003 0.
    2.61832937e-003 6.35826960e-003 4.15462581e-003 8.82759981e-004
    1.10885268e-003 2.42169038e-003 0. 3.00259842e-003 0. 0. 0. 0.
    1.08015887e-003 4.12827940e-005 1.13341521e-004 -6.52108691e-004
    1.97417778e-003 0. 0. -1.72810128e-003 -1.08370511e-003 0.
    3.41694424e-004 0. 0. 1.10879343e-003 0. 4.83520376e-003
    3.84811335e-003 4.94972337e-004 1.22373924e-003 0. 0.
    4.82821930e-003 4.34434274e-003 0. 0. 0. 0. 0. -4.85403521e-004
    1.16588926e-004 -3.44809465e-004 0. 2.45050294e-003 2.41313572e-003
    3.32569383e-004 0. 1.86945114e-003 0. 0. 5.71465818e-004
    8.21617432e-003 9.57169919e-004 1.82420202e-003 0. 9.05840658e-004
    3.16002639e-004 0. 0. 8.95546656e-003 0. 1.83375773e-003 0.
    2.81975209e-003 1.20871456e-003 8.35472159e-003 0. 4.54772310e-003
    1.65288534e-003 0. -6.09407376e-004 3.62748420e-003 0. 0. 0. 0.
    7.30043685e-005 2.54662312e-003 2.87769106e-003 0. 6.11405447e-003
    0. 2.66078254e-003 -2.55203084e-003 3.51427449e-003 1.06505528e-002
    0. -1.42327545e-003 0. 1.94857607e-003 0. 0. 2.90788244e-003
    6.78058655e-004 0. 1.15665165e-003 0. 0. 1.48403272e-003
    2.78870668e-003 1.70822756e-003 0. 3.65959946e-003 1.73849158e-003
    0. 0. -4.76539921e-004 1.23637950e-003 0. 0. 0. 0. 2.26229080e-003
    0. 1.51337846e-003 8.03778588e-004 0. 0. 0. 6.50761009e-004
    5.80357341e-003 0. 0. -4.83810640e-004 5.27342595e-003 0. 0. 0. 0.
    -1.02650211e-003 0. 2.81103537e-003 3.37349740e-003 8.18539225e-003
    0. 2.61647091e-003 2.02963990e-003 0. 9.98162432e-004
    1.34565239e-003 -6.69113302e-004 0. 0. 1.97911169e-003 0.
    4.64146398e-003 0. 0. 0. 0. 1.23342685e-003 0. 0. 0. 1.14845007e-003
    1.63522235e-003 0. 0. 0. 4.38508985e-004 0. 0. 0. -1.44635531e-004
    0. 3.11821676e-003 -1.40652992e-004 -6.66998967e-004 9.94166592e-004
    1.07376999e-003 1.89209229e-003 0. 0. 1.18324370e-003
    1.42196449e-003 6.23837160e-003 8.61135632e-005 0. 9.65309853e-004
    1.14236260e-003 6.70626853e-003 0. 3.22086061e-003 7.44378311e-004
    0. 4.46010614e-003 8.56941973e-004 2.37997714e-003 1.49685226e-003
    0. 0. 7.93458894e-003 7.97285873e-004 0. -9.50670568e-004
    1.65926456e-003 0. 0. 0. 2.80855020e-004 -1.67574617e-003 0. 0.
    -1.24789716e-003 -4.73764632e-003 -1.58320402e-003 0.
    -1.90810626e-003 0. 3.37611011e-004 1.26641232e-003 1.35024416e-003
    0. 1.22037129e-002 6.52699033e-004 0. 2.49539223e-003 0. 0. 0. 0.
    1.42288906e-003 7.79763795e-004 0. 1.54802448e-003 3.17151379e-003
    0. 0. 0. 0. 0. 0. 0. 2.91004917e-003 8.45107809e-003 5.69864758e-004
    7.52414670e-003 0. 1.43590718e-004 6.73152041e-003 0.
    3.63726192e-003 0. 0. 4.65517538e-003 0. 2.51483638e-003 0.
    1.73554377e-004 2.22027375e-004 -6.86867206e-005 3.87399836e-004
    1.34630222e-003 0. 0. 2.56091822e-003 0. 3.61830182e-003 0. 0. 0.
    6.50478154e-003 0. 4.01921658e-004 -1.66230730e-003 0. 0. 0. 0.
    -3.98097443e-004 0. 1.71500636e-004 0. 0. 1.78723445e-003 0.
    2.87166244e-004 0. 0. -2.15200271e-004 0. -2.48866389e-004 0. 0. 0.
    5.65051683e-004 0. 2.16493593e-003 0. 7.29346299e-004
    -8.36260326e-004 0. 0. 2.44509336e-003 0. 0. 0. 0. 3.23656434e-003
    4.27399436e-003 3.24233528e-003 3.01096658e-003 -8.64857051e-004
    1.84198644e-003 0. 1.88269862e-003 4.44133161e-003 0. 0. 0.
    2.84634554e-003 3.04625463e-003 0. 0. 0. 0. 3.29417735e-003 0. 0. 0.
    0. 6.37823716e-004 -2.23175492e-004 3.55618284e-003 0.
    -3.02927161e-004 0. 4.30453988e-003 0. 6.58848730e-004
    2.90272594e-003 0. 0. 0. 5.00809634e-003 0. 1.94443692e-003
    3.21736233e-003 0. 3.80671257e-003 0. -2.31654369e-004
    1.40720978e-003 0. 0. 1.33764243e-003 0. 0. 2.09538615e-003
    1.59137778e-003 1.28748489e-003 4.22722613e-003 0. 0. 0.
    1.19009241e-002 3.34508228e-003 -9.06011148e-004 -7.67105492e-004
    1.38645701e-003 1.22745684e-003 7.05832266e-004 0. 0. 0. 0. 0.
    1.16625521e-003 0. 0. 0. 0. 2.16886750e-003 5.26140118e-003 0.
    -4.07535874e-004 0. 0. 1.69773388e-003 1.51167996e-003 0. 0.
    -2.80811102e-004 0. 1.32372160e-003 1.43601245e-003 3.51962238e-003
    0. 0. 3.36047099e-003 0. 0. 5.23253577e-003 4.04247170e-004
    1.18105253e-003 0. 0. 1.21817517e-003 1.50357257e-003 0. 0. 0.
    1.60368136e-003 0. 7.41379801e-003 0. 1.06748065e-003 0. 0. 0.
    4.43045981e-004 3.41701997e-003 0. 7.64208555e-004 0. 0. 0. 0. 0. 0.
    7.41322106e-003 1.66688475e-003 0. 0. 2.14593904e-003 0.
    2.14374275e-003 2.54371366e-003 1.88498967e-003 5.99483028e-004
    5.09062666e-004 0. 0. 1.87533372e-003 2.15473515e-003
    3.63234384e-003 2.01181993e-002 0. 0. 0. -7.15382979e-004
    1.56908075e-003 -2.15459426e-004 0. 1.67922513e-003 0.
    1.76109280e-003 6.23342698e-004 2.42133508e-003 0. 0.
    -8.50989774e-004 3.95844487e-004 3.27882660e-003 0. 0. 0.
    2.02776468e-003 0. -2.15710475e-004 3.60327773e-004 5.83520217e-004
    -2.41552340e-003 0. 0. -6.98757998e-004 0. 1.29957520e-003 0. 0.
    1.04658981e-003 1.76054996e-003 1.39670377e-003 0. 0. 0. 0. 0. 0. 0.
    0. 8.56121478e-004 0. 0. 1.72354223e-003 0. 1.49091231e-002 0. 0. 0.
    0. 0. 0. 0. 3.55292839e-004 4.15978051e-004 0. 0. 0.
    -5.22346410e-004 2.17350735e-003 0. 0. 1.02573039e-003 0.
    2.55922787e-003 0. 0. 1.57939456e-003 0. 0. 0. 0. 0. 0. 0. 0. 0.
    4.62239725e-004 0. 0. 3.12410208e-004 1.89880258e-003 0. 0. 0.
    2.85669952e-003 4.20325669e-003 0. 0. 9.55681037e-003
    1.09467318e-003 2.08625337e-003 -1.57059252e-003 -5.11040678e-004
    1.06337974e-002 0. 1.36842683e-003 0. 0. 3.02197784e-003 0.
    7.80239992e-004 0. 3.97583761e-004 2.04085233e-003 9.97333671e-004
    0. -3.79138626e-004 2.85027921e-003 0. 0. -4.93125815e-004 0. 0. 0.
    6.13756012e-003 0. 2.33106664e-003 2.03437917e-003 3.18167440e-004
    1.85574393e-003 0. 0. 0. 0. 0. 0. 0. 0. 0. 1.49230449e-003
    2.06190418e-003 3.33165657e-003 0. 0. 0. 5.54636528e-004 0. 0.
    1.49614282e-003 0. 3.32367490e-003 3.29347188e-003 1.24246744e-003
    1.57709268e-003 0. 5.64032746e-003 0. 8.83993972e-003
    6.48216752e-004 2.04818253e-003 -2.11160863e-004 4.41896205e-004 0.
    0. 2.15311907e-003 4.96179506e-004 0. -1.37358892e-003
    1.14169810e-003 5.60619589e-003 3.16419732e-003 6.52710302e-003
    -1.83588290e-003 0. 0. 9.56646353e-003 7.65641220e-003
    1.76471670e-003 0. -4.90035745e-004 0. 0. 0. 3.47940763e-003
    -6.90471323e-004 1.43184466e-003 0. 0. 1.90993561e-003 0.
    1.31005782e-003 0. 0. 0. 1.84029213e-003 4.66798106e-003
    4.94958367e-003 0. 2.67259148e-003 1.13100151e-003 0. 0. 0.
    3.38433334e-003 6.18355116e-004 0. 0. 0. 1.10099623e-002 0. 0.
    3.81198741e-004 -5.53502701e-004 0. 6.98913878e-004 -3.72942956e-003
    0. 2.92524463e-004 0. 2.16942187e-003 5.64057007e-003
    2.49694707e-003 0. 0. 1.96532742e-003 1.57063268e-003
    -5.90815442e-004 1.73285569e-003 0. 1.11430208e-003 0.
    4.96863853e-004 0. 0. -3.78249424e-005 0. 2.95496802e-003 0.
    2.51380634e-003 0. 0. 0. 3.75946402e-003 6.86601794e-004
    -8.94800294e-004 0. 0. 9.18435282e-004 0. 0. 2.14062212e-003 0.
    1.89001858e-003 0. 0. 0. 0. 0. 0. 0. 0. 1.42950658e-003
    2.71563604e-003 0. 3.54064628e-003 1.53427478e-003 0. 0.
    1.02333887e-003 0. 2.16814224e-003 4.93924320e-003 2.23449664e-003
    1.33876118e-003 5.32066799e-004 0. 3.61891300e-003 -9.60858422e-004
    0. 1.33066382e-002 2.61372444e-003 5.54761989e-003 8.47693009e-004
    0. -1.63105503e-003 1.08866417e-003 9.87755950e-004 7.78999587e-004
    7.47558801e-003 2.59146997e-004 1.01601100e-003 0. 0. 0.
