<?xml version="1.0"?>
<opencv_storage>
<imageDescriptor type_id="opencv-matrix">
  <rows>1</rows>
  <cols>1000</cols>
  <dt>f</dt>
  <data>
    4.66850441e-004 0. 0. 0. 0. 2.07376247e-003 6.79721218e-003
    2.18688673e-003 9.62689694e-004 5.07592643e-003 0. -1.80323923e-003
    2.07493058e-003 0. 0. 4.21232171e-003 4.59221937e-003 0. 0.
    -6.72713737e-004 0. -7.77534442e-005 0. 1.20735320e-003 0.
    -9.93430265e-004 -4.90834820e-004 6.51718350e-003 0. 6.71957270e-004
    0. 5.38900029e-003 0. 4.05007321e-003 6.40716031e-003
    7.30723049e-003 0. 0. -5.26432006e-004 0. 0. 0. 0. 0. 0. 0.
    2.52972217e-003 0. -9.72914713e-005 5.32755570e-004 0.
    4.78678476e-003 0. 0. 0. 2.19273986e-003 0. -2.29932205e-003 0. 0.
    0. 0. 0. 0. -2.23252783e-003 0. 0. 3.60090146e-003 0.
    2.39438098e-003 0. 0. 2.07481207e-003 0. 0. 0. 0. 0. 4.48396290e-003
    0. 3.91806336e-003 0. 0. -1.01102958e-003 -1.02195085e-003
    1.44264195e-003 0. 3.91102955e-003 0. 0. 0. 0. 0. 0.
    -2.01588133e-004 0. 0. 4.62361891e-003 -2.58785323e-004 0. 0. 0.
    2.63000932e-003 7.83656072e-003 0. 0. 0. 1.78900769e-003
    6.92582689e-004 0. 3.31138936e-003 0. 0. 0. 0. 0. -3.75825388e-004
    9.66800435e-004 0. 0. 0. 0. 0. 0. 1.21153807e-002 -2.19228235e-003
    1.20863493e-003 0. 0. 0. 8.73805769e-003 0. 0. 0. 0. 0. 0. 0. 0. 0.
    0. 0. 0. 0. 0. 3.83032253e-003 1.76402042e-003 1.42496452e-002 0. 0.
    0. 1.52079051e-003 1.00617635e-003 0. 1.15901940e-002 0. 0. 0. 0.
    5.31136640e-004 0. 0. 0. 0. 4.24243091e-003 4.72113583e-003
    -2.18217704e-003 -1.38589719e-004 0. 0. 0. 3.52752686e-004
    1.72436051e-003 0. 0. 7.74663931e-004 1.18116839e-002
    -4.35947732e-004 0. 4.05079569e-004 -4.73679916e-004 0. 0.
    -1.01750041e-003 2.50773504e-003 0. 0. 1.07052946e-003
    7.91396853e-003 1.52655458e-003 0. -7.16688519e-005 7.78544403e-004
    3.09174485e-003 0. 4.93979955e-004 4.72737243e-003 0. 0. 0.
    2.40628002e-003 0. 0. 0. 4.20810562e-003 2.20534182e-003 0. 0. 0. 0.
    0. 0. 0. 0. 0. 0. 7.49464321e-004 0. 0. -5.40195557e-004 0.
    1.06874399e-003 0. -5.53105492e-004 4.95496439e-004 0.
    6.47466909e-003 0. 0. 0. 0. 7.70058110e-003 0. 0. 0. 0. 0. 0. 0.
    5.35794999e-003 0. 8.24725197e-004 0. 0. 2.00904626e-003 0.
    1.87579880e-003 0. 0. 0. 0. 0. 4.09040041e-003 2.87680305e-003 0. 0.
    0. 0. 0. 0. 4.83722717e-004 5.41438255e-003 -2.05267104e-003 0. 0.
    0. 3.58837657e-003 1.99830160e-003 0. 0. -1.46883525e-004 0.
    3.80443386e-003 0. 1.29186576e-002 2.48407316e-003 8.58277176e-003
    0. 2.77481035e-006 0. 0. 7.93307647e-003 0. 4.95783845e-003 0. 0. 0.
    0. 0. 1.19897407e-002 4.30906937e-003 0. 0. 0. 0. 0. 0. 0. 0. 0. 0.
    0. 0. 7.46889738e-003 0. 0. 0. 3.91638081e-004 0. 0. 2.60313228e-003
    0. 0. 0. 3.07828700e-003 0. 2.29014433e-003 0. 0. 0. 1.22306799e-003
    4.39887913e-003 0. 1.44351344e-003 6.94372284e-004 0. 0. 0. 0. 0. 0.
    0. 0. 0. 1.05640357e-002 0. 0. 0. 0. 1.47723826e-002 0.
    -1.20223814e-003 0. 0. 0. -8.39257671e-004 0. 0. 2.96224433e-004
    2.14073109e-003 2.37606815e-003 -1.47651730e-003 0. 0.
    1.08605693e-003 0. 3.95217724e-003 0. 0. 0. 0. 0. 1.63633947e-003 0.
    0. 0. 0. 2.65710545e-003 3.00184288e-003 1.90729008e-003
    9.60380246e-004 2.32908828e-003 1.05345184e-002 0. 0.
    1.36731903e-003 2.43078405e-003 0. 1.98251428e-003 -2.23956001e-003
    0. 0. 0. 0. 0. 0. 9.07644513e-004 1.25912670e-003 0. 8.81857611e-003
    1.42109650e-003 0. 0. 0. 8.86403304e-003 0. 0. 0. 0. 0. 0.
    2.73034396e-003 3.77543364e-003 0. -1.46335189e-003 2.01614783e-003
    7.85627682e-003 3.58030375e-004 0. 0. 0. 0. 0. -1.83348937e-004
    -1.03566190e-003 0. 2.48768413e-003 0. 2.40767817e-003 0. 0.
    8.98631639e-004 0. 5.38424030e-003 0. 0. 0. 1.91803917e-003
    3.28052766e-003 0. 0. 0. 0. 0. 0. 0. 0. 0. 3.05552850e-003
    -1.43277983e-003 0. 0. 0. 0. 3.55954660e-004 0. 0. 5.27719443e-004
    0. 0. 0. 0. 0. -1.08567148e-003 0. 2.29746941e-003 0. 0. 0.
    5.48256841e-003 3.08235380e-004 0. 2.74021848e-004 0. 0.
    3.27505893e-003 0. -6.97792711e-005 0. 0. 2.36577983e-003 0.
    -4.04505408e-004 0. 0. 0. 9.12337098e-003 0. 0. 0. 0. 0. 0. 0. 0. 0.
    1.54266250e-003 0. 0. 0. 3.29397013e-003 0. 0. 0. 1.09650241e-002
    -3.43237421e-003 0. 4.45611775e-003 0. 0. -4.59399167e-003 0.
    1.16767001e-003 7.34395208e-003 0. 0. 0. 6.09264593e-004 0.
    7.17476243e-004 0. 0. 0. 0. 0. 0. 1.16606161e-003 0.
    -8.35064449e-004 0. 0. 0. 3.60371638e-003 0. 0. 2.96327472e-003 0.
    0. 0. 8.76044948e-003 0. 0. 0. 0. 2.92158383e-003 2.92038196e-003 0.
    8.03410262e-003 -2.33384338e-003 0. 0. 0. 4.07131528e-003
    2.20282446e-003 0. 0. 8.00251588e-003 5.63360518e-003
    2.63338373e-003 0. 0. 0. 8.02613620e-004 -1.15047820e-004
    3.06618276e-005 0. 0. 0. 0. -4.02353820e-004 0. 0. 0.
    -4.83515796e-005 0. 0. 5.11897262e-003 0. 0. 0. 1.70083973e-003
    1.84753910e-002 1.38240843e-003 0. 0. 0. 1.61620730e-004 0.
    1.71079242e-003 1.98483956e-003 2.61662179e-003 -8.82991066e-004
    -3.71412816e-003 0. 0. -2.58273841e-003 -8.83781293e-004 0.
    3.27009871e-003 0. 0. 1.38137303e-003 0. 0. 0. 0. 0. 6.27390435e-003
    0. 1.74848456e-003 0. 3.15991667e-004 1.01487935e-002 0. 0. 0.
    9.79100913e-003 0. 0. 0. 1.23741361e-003 0. 0. 2.27814470e-003 0. 0.
    -2.72654666e-004 3.18414671e-003 0. 0. 2.02877424e-003 0. 0.
    -2.75218836e-003 4.00524726e-003 0. -1.06025860e-003
    -7.25779799e-004 0. 0. 0. 0. -1.05322793e-003 0. 2.20478862e-003 0.
    0. 0. 0. 3.38516571e-003 0. 0. 1.09193297e-002 1.96938007e-003 0. 0.
    0. 0. 1.76059559e-003 1.45507895e-003 0. 0. 0. 0. 0. 0.
    1.12920371e-003 -5.84971043e-004 2.57675536e-003 0. 0. 0.
    2.13485700e-003 0. -1.09762885e-003 0. 2.79837567e-003 0.
    1.50614521e-002 0. 1.64501532e-003 0. 1.08286709e-004 0.
    6.23814808e-003 0. -1.09933608e-003 -2.03693961e-003 0.
    1.45512211e-004 0. 0. 0. 1.96825597e-003 0. 1.02242944e-003 0. 0. 0.
    8.21648259e-003 1.44616410e-003 8.16930959e-004 0. -8.15968378e-004
    0. 0. 0. 0. 0. 6.92418823e-003 0. 0. 0. 0. 0. 5.02842758e-003
    -1.74468372e-003 0. 0. 0. 1.50105897e-002 0. 0. 0. 0.
    2.95361737e-004 7.95177836e-003 1.38132880e-003 2.45023961e-003
    1.79570328e-004 0. 0. 0. 9.31362330e-004 2.14316067e-003 0. 0. 0. 0.
    0. 0. -5.21723632e-005 5.69418818e-003 1.86038599e-003 0. 0. 0. 0.
    0. 0. 3.86131625e-003 0. 0. 0. 0. 0. 0. 0. 1.62533845e-003
    2.59885821e-003 0. 0. 0. 0. 2.00810982e-003 -1.52719312e-003 0. 0.
    0. 0. 0. 0. 0. 0. 0. 0. 0. 1.70210830e-003 0. 0. 3.70339560e-003
    1.72878476e-003 0. 2.59352149e-003 -1.08057924e-003 5.77962399e-003
    0. 0. 0. 7.79435504e-004 0. 0. -5.62092609e-005 0. 0.
    5.85830817e-003 0. 3.35398887e-004 0. 5.41506568e-003 0. 0.
    9.60109103e-003 6.94200024e-003 0. -1.77407195e-003 1.71772332e-003
    1.88175701e-002 0. 0. -9.75433912e-004 0. 0. 0. 1.21875165e-003 0.
    6.50229026e-003 4.31514205e-003 0. 3.30399233e-003 0.
    2.00824346e-003 0. 0. 9.72812157e-003 0. 0. 0. 5.45808021e-003 0. 0.
    5.27697662e-003 0. 0. 0. 0. 0. 1.43336691e-003 2.83568283e-003 0. 0.
    0. 0. 0. 0. 2.51669117e-004 0. 2.18951213e-003 0. 1.50757167e-003
    2.18805624e-003 0. 7.60071543e-006 9.80492798e-004 0. 0. 0.
    7.15311617e-004 0. 3.96123203e-003 2.07924074e-003 -2.51955073e-003
    0. 0. 7.40410702e-004 0. 0. 0. 4.38775169e-003 1.49287167e-003
    -5.28666016e-004 0. 0. -1.47311686e-004 0. 0. 6.22889772e-003 0. 0.
    0. 0. 0. 0. 0. 1.38521777e-003 8.75609927e-003 0. 0.
    -1.91206986e-004 6.25111395e-003 0. 0. 0. 0. 8.03272706e-004 0. 0.
    5.91209903e-003 0. 0. 0. 0. 0. -3.96304997e-004 0. 0. 0. 0. 0.
    2.40840041e-003 0. 0. 0. 0. 0. 0. 0. 0. 1.25145931e-002 0.
    1.06281973e-003 -3.23185232e-003 0. 0. 0. 0. 0. 0. 0. 0.
    9.78390966e-003 6.20017061e-003 -1.13658607e-003 0. 6.10248232e-003
    0. 0. 7.50863785e-003 8.64280574e-003 0. 0. 0. 0. 0. 0. 0. 0. 0.
    3.43563291e-003 0. 0. 0. 0. 1.85157952e-003 0. 0. 7.66202249e-003
    1.67259236e-003 2.72396905e-003 0. 8.79822206e-003 0. 0. 0. 0. 0.
