<?xml version="1.0"?>
<opencv_storage>
<imageDescriptor type_id="opencv-matrix">
  <rows>1</rows>
  <cols>1000</cols>
  <dt>f</dt>
  <data>
    0. 0. 0. 4.97326674e-003 3.00640822e-003 1.36269163e-003
    6.24114007e-004 -2.85130256e-004 1.64654385e-003 -2.55354593e-004 0.
    8.52061529e-003 0. 0. 0. 0. 4.65928484e-003 -4.60386691e-005
    -7.26297672e-004 1.31105084e-003 1.03441183e-003 0. 0.
    9.24482709e-004 0. -1.04126695e-003 2.74706283e-003 1.85681938e-003
    0. 1.29478611e-003 -1.20605610e-003 0. 0. 0. 4.85478016e-003
    2.52959528e-003 0. 1.08172477e-003 4.98657022e-003 0.
    2.34109373e-003 0. 0. 0. 9.93328402e-004 -6.99671800e-004
    7.92586186e-004 0. 0. 0. 1.72681699e-003 -7.54531866e-005 0. 0. 0.
    0. 0. 9.82807018e-003 6.72482420e-004 0. 0. 1.37257371e-002
    3.99500597e-003 2.18633199e-004 3.12752835e-003 0. 0. 0.
    3.92832281e-003 -2.05278862e-003 7.72941916e-004 4.85461019e-003 0.
    0. 0. 0. 0. 8.47161375e-003 0. 0. -1.46054616e-003 0. 0. 0. 0.
    1.82935002e-003 4.36460134e-003 2.62626167e-003 0. 0. 0. 0.
    1.07450306e-003 0. -3.68120491e-005 4.23652958e-003 1.70605991e-003
    0. 2.41680606e-003 0. 0. 0. 0. 3.54542537e-003 0. 0. 0.
    1.57949282e-003 0. 0. -7.62155745e-004 2.02550530e-003 0. 0. 0.
    5.42287435e-003 0. 0. 8.07076052e-004 0. 2.65758805e-004 0.
    1.24287477e-003 0. 4.75612516e-003 -8.80210428e-005 0. 0. 0. 0.
    9.03187902e-004 2.63911672e-003 9.26047040e-004 0. 0. 0. 0.
    1.66008982e-003 0. 4.54596855e-004 9.28901136e-004 0. 0. 0. 0.
    -1.13653403e-003 4.96843224e-003 0. 1.08444467e-004 0. 0.
    1.37784937e-003 5.10267122e-003 0. 0. 0. 0. 3.86578753e-003
    5.39839326e-004 0. 0. -7.72916304e-004 9.72062990e-004 0.
    1.87590288e-003 6.39371388e-003 0. 0. 0. 0. 0. 7.39483105e-004
    5.75700263e-003 0. -1.19344249e-005 1.07830844e-003 0. 0. 0. 0.
    1.88046208e-004 0. 0. 0. 0. 4.81795898e-004 0. 0. 0. 7.61746522e-003
    -1.84747891e-003 -3.87965119e-004 2.26590526e-003 5.79938933e-004
    4.53423912e-004 0. 0. 0. 6.83051860e-003 0. 1.00295502e-003
    5.81244612e-003 -1.28034991e-003 4.89193713e-003 4.10257047e-003 0.
    6.25042990e-003 0. 0. 0. 0. 0. 0. 0. 0. 0. 5.59865264e-003
    9.14745266e-004 0. 0. 0. 0. 0. -5.73718920e-003 1.69869151e-003 0.
    1.75556866e-003 1.78151194e-003 -2.35924308e-004 2.91149318e-003
    2.18802225e-003 0. 0. 8.11862852e-003 0. 0. 0. 0. 0. 0. 0. 0. 0.
    2.76700035e-003 0. 0. 2.96481885e-003 2.47336691e-003 0.
    7.81403971e-004 0. 0. 0. 3.48951761e-003 0. 1.63750211e-003 0. 0. 0.
    3.31948418e-003 0. 6.79342030e-003 0. 0. 2.86580151e-004 0. 0. 0. 0.
    3.75599077e-004 0. 6.40442315e-003 0. 0. 0. 0. 6.54699886e-003 0.
    1.11044024e-003 0. 0. 0. 0. 4.70337749e-004 0. 1.76959170e-003 0. 0.
    0. 0. 0. 0. 2.02040607e-003 0. 0. 7.20599014e-003 1.42854964e-003 0.
    1.88284125e-002 0. 0. 0. 0. 2.00724090e-003 -6.99813652e-004 0. 0.
    0. 0. 0. 4.54718806e-003 0. 0. -1.05741457e-003 0. 0.
    6.06261147e-003 6.42865198e-003 -8.65782058e-005 1.65287417e-003
    1.97121268e-003 0. 1.49767532e-003 7.19398493e-003 -6.27316360e-004
    0. 0. 0. 0. 0. 0. 3.43887368e-003 3.36827920e-003 0. 0.
    5.95271913e-003 1.87061634e-003 1.58936041e-003 0. 1.28553610e-003
    -2.96150101e-004 1.84722873e-003 0. 5.30855777e-003 0. 0. 0. 0.
    1.76152855e-003 0. 5.71473921e-003 0. 4.49209381e-003 0.
    -3.13380879e-004 5.56819560e-003 8.73592508e-004 0. 0.
    -1.57512806e-003 -4.70004656e-004 0. 3.85366194e-003 0. 0.
    -2.04405142e-003 0. 0. 0. 2.73817754e-003 0. 3.64416512e-004 0.
    6.36841403e-003 6.45296182e-004 -6.18368387e-004 7.01985671e-004 0.
    1.13512874e-002 -3.91786033e-003 1.19598780e-003 0. 8.76564998e-003
    1.78321020e-003 0. 7.18795974e-003 0. 0. 0. 0. 0. 0. 8.99602193e-004
    1.44214986e-003 0. 0. 0. 0. 0. 0. 0. 0. 0. 1.95540115e-003
    -3.03025590e-003 9.29278205e-004 0. 7.21125351e-003 0. 0. 0.
    2.00703228e-003 0. 1.29583140e-003 0. 0. 3.08386469e-003 0.
    1.90145615e-003 1.10026461e-003 -1.34706541e-004 0. 0.
    5.39085828e-003 0. 9.05052852e-003 0. 8.33117811e-004 0. 0. 0. 0. 0.
    0. 0. 0. 1.04074960e-003 0. 0. 2.32188473e-003 0. 0. 1.90896855e-003
    5.81606664e-003 3.38749844e-003 0. 0. 0. 0. 3.97487311e-003 0. 0. 0.
    -2.01464514e-003 0. 0. 0. 0. 0. 0. 1.41951838e-003 0. 0.
    -8.66679256e-005 0. 0. 0. -9.55985277e-004 4.93666949e-003 0. 0. 0.
    0. 0. 0. 0. 0. 0. 0. 2.82068225e-003 0. 3.60372989e-003 0. 0.
    4.06723469e-003 0. 6.09022565e-003 1.03859010e-003 0. 0. 0. 0. 0.
    -7.34549030e-005 0. 0. 0. 0. 0. 0. 2.42301002e-002 0. 0.
    9.06281359e-003 9.66609921e-004 1.67713664e-003 0. 0. 0.
    -1.42334239e-003 0. 1.67607982e-003 -5.27411117e-004 4.53218725e-003
    0. 2.74379016e-003 0. 4.99936810e-004 0. 2.23955140e-004 0.
    8.41968320e-003 2.00511166e-003 0. 3.93982697e-003 0. 0. 0. 0. 0. 0.
    0. 0. 0. -1.78475236e-003 5.17441658e-003 4.71180025e-003
    1.02280499e-002 0. 0. 0. 8.74194666e-004 0. 0. 1.48206751e-003 0. 0.
    9.53954528e-004 -1.21073436e-003 8.80258449e-004 0. 0. 0. 0.
    -2.05825258e-004 0. 0. 0. 0. 0. 0. 2.03800551e-003 0.
    5.63235907e-003 0. 0. 2.33779871e-003 0. 0. 0. 0. 0. 0. 0. 0. 0. 0.
    0. 1.07205659e-002 2.92289839e-003 0. 8.56380258e-003 0. 0. 0.
    1.26445517e-002 4.67376551e-003 0. 3.16899270e-004 1.11823098e-003
    0. 0. 0. 0. 0. 0. 2.73677497e-003 3.51313641e-003 0. 6.05973355e-006
    0. 4.90771467e-003 0. 0. 0. 0. 3.34010064e-003 0. 0. 0.
    1.97751634e-003 0. 7.41881086e-003 2.95872131e-004 0.
    3.31911026e-003 2.08530924e-003 0. 1.38328737e-003 2.66829785e-003
    5.72936609e-003 3.59297986e-003 0. 0. 0. 4.47022077e-003
    4.35868889e-004 0. 0. 0. 0. 1.57500117e-003 3.50088696e-003 0.
    7.34162051e-003 0. 4.02742124e-004 0. 0. 0. 0. 0. 6.47791487e-004 0.
    1.48076331e-003 0. 0. 0. 4.80826572e-003 1.85058359e-003 0. 0. 0.
    2.83514429e-003 -5.87160059e-004 0. -1.33784523e-003
    -6.05018460e-004 -2.34207924e-004 0. 0. 0. 0. 0. 0. 0.
    9.35110077e-003 3.73200979e-003 9.61781014e-003 0. 0. 0. 0. 0.
    1.63812679e-003 -6.95221941e-004 6.64502010e-003 4.77182819e-003 0.
    0. 0. 6.03948301e-003 2.02133553e-003 1.57390209e-003
    6.02565589e-004 0. 0. 0. 0. 2.49721366e-003 0. 0. 0.
    -1.44545350e-003 0. 0. 0. 0. 1.35342777e-003 6.92288205e-003 0. 0.
    0. 2.51331250e-003 1.18530274e-003 0. -4.27951920e-004
    2.78690364e-003 1.87151867e-003 0. 0. 1.60004513e-003 0. 0.
    2.43191188e-003 0. 0. 0. 0. 0. 0. 1.17016304e-003 0. 0.
    2.26970110e-003 3.98371485e-005 -1.44892729e-005 5.62591304e-004 0.
    0. -5.52081096e-004 0. 0. 3.58013110e-003 0. 1.14763738e-003
    5.10320999e-003 2.11105822e-003 3.01592331e-003 0. 0. 0. 0. 0. 0.
    1.05510438e-002 0. 0. 8.49344724e-005 1.41233951e-003 0. 0. 0.
    1.37595227e-003 0. 0. 0. 0. 0. 2.03268626e-003 0. 0. 8.56433646e-004
    0. 0. 0. 0. 6.52198389e-004 0. 0. 2.49486021e-003 -2.20655627e-003
    -6.09819894e-004 0. 5.08935843e-003 0. 4.49927058e-003 0. 0.
    3.77330114e-004 0. 9.68146720e-004 0. 3.57578538e-004 0. 0. 0.
    1.50377851e-003 0. 3.95266153e-003 0. 1.09913282e-003
    -5.28295874e-004 5.28220693e-003 1.95966079e-003 1.04913756e-003 0.
    -2.78911879e-003 7.83448399e-004 0. 0. 0. 2.33773049e-003
    -4.14684502e-004 0. 0. 5.78296883e-003 0. -1.06689357e-003
    4.76928428e-003 0. 8.27148324e-004 0. -1.49737590e-003
    2.50629289e-003 0. 1.25008170e-003 -1.03348785e-003 -1.05224819e-004
    0. 0. -1.22984929e-003 0. 0. 2.78978515e-003 0. 0. 2.28840698e-004
    1.31815067e-003 0. 0. -3.98610166e-004 0. 1.05210682e-002 0.
    5.80317294e-003 1.32495840e-003 1.71713228e-003 0. 0. 0. 0. 0.
    2.57496745e-003 0. 0. 0. 0. 8.72368366e-003 0. -6.83463935e-004
    3.99240013e-003 2.58170138e-003 0. 5.68165304e-003 5.21675171e-003
    6.29427889e-003 8.85430025e-004 0. 0. 0. 0. 0. 0. 1.07734674e-003
    8.11425596e-003 0. 0. 0. 2.48922827e-003 0. 1.11321209e-003 0. 0. 0.
    0. 0. 0. 0. 0. -1.12793536e-003 6.35597715e-003 0. 2.21740245e-003
    0. 2.76027224e-003 1.00465538e-003 6.88183994e-004 0.
