<?xml version="1.0"?>
<opencv_storage>
<imageDescriptor type_id="opencv-matrix">
  <rows>1</rows>
  <cols>1000</cols>
  <dt>f</dt>
  <data>
    5.24885813e-003 1.39350351e-003 0. 0. 1.13473609e-002 0. 0.
    6.37281453e-003 2.10933643e-003 0. 0. -1.64655154e-004 0. 0.
    5.31344500e-004 8.60599894e-003 0. -2.60162313e-004 0. 0. 0. 0.
    4.08978871e-004 -1.28150650e-003 6.17516460e-003 4.01009893e-005 0.
    0. 0. 5.52112935e-003 4.59480891e-003 2.52143270e-003 0.
    -3.23801578e-006 0. 2.69001420e-003 0. 0. 0. -6.50132366e-004 0. 0.
    0. 3.16291419e-003 0. 0. 4.50447807e-003 0. 0. 0. 0. 0. 0.
    2.31317105e-003 0. 1.31703296e-003 0. 9.74098337e-004
    1.51351176e-003 1.01237572e-004 0. 8.09278060e-003 0.
    2.92859884e-004 3.37786484e-003 0. 0. 0. -5.64299582e-004 0.
    4.71755490e-003 2.20629224e-003 0. 4.84114047e-003 0. 0. 0.
    2.55153485e-004 0. 3.74701316e-003 0. 2.05642497e-003
    2.50098004e-004 8.34728777e-003 0. 5.03463252e-003 0.
    -4.48560528e-003 -4.92325518e-004 0. 1.57380081e-003 9.86350002e-004
    5.93345705e-003 0. 0. -7.88075049e-005 8.32974503e-004 0. 0.
    3.84166185e-003 0. 0. 3.64271662e-004 5.30653587e-003
    4.85964061e-004 0. 7.02844700e-003 -2.37537501e-003 7.17640575e-003
    5.35838259e-003 2.03289604e-003 -1.39048044e-003 8.32731742e-003
    4.51829238e-003 1.12351601e-003 0. -5.12736617e-004 1.13687094e-003
    -3.18187558e-005 0. -5.09058300e-004 8.95655015e-004 0. 0. 0. 0.
    4.54649283e-003 0. 1.87757207e-004 0. 0. 0. 2.14044726e-003 0. 0. 0.
    0. 0. 0. 0. 9.08628386e-003 0. 8.39008833e-004 0. 0. 1.05671585e-004
    0. 0. 1.05758582e-003 0. 0. 0. 4.01095999e-003 0. 2.10962644e-005
    4.65735607e-003 0. 0. 0. 0. 0. 0. 0. 6.02676533e-003
    -1.61475805e-003 0. 0. -1.75091345e-003 0. 0. 6.10979507e-004
    2.64604320e-003 1.64921314e-003 1.56415394e-003 0. 0. 0. 0. 0. 0.
    1.59399165e-003 0. 0. 1.15891611e-002 0. 0. 0. 1.67499622e-003
    3.96174239e-003 1.53824314e-003 1.95930223e-003 0. 0. 0. 0. 0. 0. 0.
    2.58492623e-002 0. 0. 8.47119093e-003 0. 0. 0. 0. -5.41418442e-004
    7.33656285e-004 3.90365510e-003 0. 0. 0. 6.88695000e-004 0. 0. 0. 0.
    2.74845329e-003 1.96886249e-003 2.47717323e-003 2.12951403e-004 0.
    0. -8.22364260e-003 0. 0. 1.21876982e-003 -6.77511096e-004 0. 0. 0.
    0. 0. 0. 0. 0. 0. 2.06315913e-003 1.41526549e-003 0. 7.06654566e-004
    0. 0. 1.30899390e-003 0. 8.02426040e-003 -5.38871216e-004 0.
    4.27508028e-003 1.69384014e-003 -8.46627110e-004 0. 0.
    5.92829753e-003 -4.08199005e-004 5.40549029e-003 5.10131591e-004
    3.24757566e-004 2.05742405e-003 0. 5.54117491e-004 0. 0.
    1.76870252e-003 2.79466226e-003 0. 7.19806994e-004 6.50144462e-003
    0. 0. 0. 0. 4.38770279e-003 0. -4.59534022e-005 6.19877223e-003 0.
    0. 1.49854552e-003 7.54608423e-004 0. -4.18058189e-005 0. 0. 0.
    2.58016866e-003 0. 9.50541347e-004 0. 0. 0. 0. 0. 0. 0.
    -1.63625891e-003 7.59382790e-004 0. 2.63288314e-003 1.26817345e-003
    0. 2.57475488e-003 0. 0. 8.81857588e-004 0. 0. 0. 3.81001248e-003 0.
    -2.17851757e-005 1.01266103e-003 -1.26021251e-003 8.26384500e-003 0.
    0. 0. 7.06457114e-003 0. 4.29042103e-003 0. 0. 0. 1.22156891e-003
    5.10465121e-003 0. 0. 0. 0. 0. 0. 2.05988530e-003 2.51644012e-003 0.
    0. 0. 0. 0. 0. 6.19207136e-003 3.96301271e-003 0. 0. 0. 0.
    5.07489685e-003 -2.20968481e-003 0. -4.38241084e-004 1.63953879e-003
    3.92521452e-003 9.62588820e-004 1.07586686e-003 0. 0.
    7.69220851e-003 9.56236850e-004 2.11098720e-003 0. 0.
    1.66417542e-003 0. 0. 0. 0. 2.15362990e-003 0. 0. 0. 7.06934137e-003
    0. 8.11414514e-003 2.14153063e-003 0. -7.13029236e-004 0.
    -1.87294107e-004 0. 6.52691349e-003 6.49779569e-003 0. 0. 0.
    8.42594483e-004 0. 6.40885159e-003 9.18778998e-004 0. 0. 0. 0. 0. 0.
    3.39167565e-003 0. 0. 1.89212465e-003 0. 5.08083077e-003 0.
    3.54309124e-003 1.60634005e-003 0. 1.11181778e-003 0. 0.
    1.78624829e-003 0. 5.74615551e-003 -1.95465190e-003 0. 0. 0. 0. 0.
    0. 5.85848140e-003 0. 0. -1.49223441e-003 0. 1.67439436e-003 0. 0.
    0. 8.17414932e-003 0. 0. 0. 0. 7.67513120e-004 2.00591329e-003
    -2.37096031e-003 0. 2.22625022e-004 0. 1.99135151e-002 0. 0.
    1.18723577e-002 0. 0. 0. 0. 7.98471505e-004 0. 0. 2.21104734e-003 0.
    0. 0. 0. 0. 2.10156408e-003 0. 0. 7.22155208e-004 1.84668030e-003 0.
    0. 0. 0. 1.98255503e-003 0. 0. -6.47628505e-004 0. 5.02336817e-003
    0. 0. 9.85384570e-004 0. 2.46099988e-003 0. 0. 0. 3.69201298e-003 0.
    0. 5.27690444e-003 0. 1.54126028e-004 4.23334865e-003 0. 0. 0. 0.
    4.95778490e-003 0. 1.21981802e-003 0. 0. 0. 0. 0. 6.71690376e-003 0.
    0. 7.44193909e-004 0. 0. 0. 5.53836115e-003 2.08482915e-003 0.
    4.87082405e-003 1.37484027e-003 1.38741813e-003 0. 3.84904980e-003
    0. -2.27831944e-004 0. 0. 8.35635513e-003 0. 0. 0. 0.
    1.00983155e-003 0. 0. 0. 0. 0. 0. 3.12945759e-003 3.51215922e-003 0.
    0. 0. 0. 0. 7.67142698e-003 -6.84418264e-005 1.37906917e-003
    9.97712649e-003 1.14446506e-003 4.24862979e-003 0. 0.
    1.78189983e-003 8.15492496e-003 0. 0. 9.51976865e-004 0. 0. 0. 0. 0.
    0. 4.55915276e-003 8.91583320e-003 -1.84297591e-004 1.00573164e-003
    0. 0. 0. 0. 0. 0. 0. -7.92539271e-004 0. 3.46535700e-003
    -2.32797884e-003 0. 0. 0. 8.85268301e-003 6.21317001e-003 0. 0.
    -1.84058130e-003 0. 0. 4.96268412e-003 9.14275739e-003
    8.65492795e-004 5.92283250e-005 0. 6.13752194e-003 0.
    1.56538957e-003 7.29836198e-003 1.20471348e-003 0. 0. 0.
    2.09395378e-003 3.85978003e-003 0. 0. 0. 2.68973410e-003
    3.00226570e-003 0. 0. 1.36344612e-003 0. 1.09800855e-002
    4.92444541e-003 0. 5.75907668e-003 6.86574308e-003 0.
    1.86648115e-003 0. 0. 0. 0. 1.21876446e-003 1.11534400e-002 0.
    -7.81719200e-003 3.08409892e-003 0. 0. -4.31564520e-004
    -2.89567770e-003 0. 0. 5.58381900e-004 0. 0. -8.45791248e-004
    -7.81657873e-004 6.10872012e-005 6.99157454e-003 0. 7.90074747e-003
    2.37091747e-003 2.26561469e-003 1.48215785e-003 0. 2.56318552e-003
    0. 0. 0. 0. -7.14520167e-004 0. 6.71108020e-003 1.44363835e-003 0.
    6.06831454e-004 2.01301952e-003 2.24161381e-003 1.71885204e-005 0.
    1.48537059e-004 8.22804775e-003 2.51684483e-004 1.81472895e-003
    1.13576846e-002 0. 0. 1.03308342e-003 2.45453604e-003 0.
    8.20194371e-004 0. 0. 0. 0. 4.09081066e-003 0. 0. 0. 0. 0. 0. 0. 0.
    1.31861784e-003 0. 1.89233990e-003 0. -9.62519320e-004 0. 0.
    3.97290933e-005 -1.01288257e-004 0. 2.47734808e-003 0.
    -1.55033427e-004 3.63936066e-004 0. 0. -3.80927610e-004
    3.66829714e-004 0. 9.77310934e-004 2.72195612e-004 0. 0. 0. 0. 0. 0.
    0. 0. 0. 0. 0. 0. 2.55951262e-003 0. 0. 0. 0. 1.07152108e-003
    9.14456602e-003 0. 0. 1.41689344e-003 0. 0. 0. 0. 0. 0. 0.
    -2.18851725e-004 7.20862532e-003 6.29997067e-003 0. 0. 0. 0. 0.
    -1.91242259e-003 0. 0. 0. 0. 0. 0. 1.92787172e-003 0.
    7.39832688e-003 1.60398544e-003 8.86706170e-004 4.00337623e-003 0.
    7.62444222e-003 0. 0. 0. 0. 8.15500447e-004 0. 9.18343838e-004
    1.03928638e-003 -1.37149415e-003 0. 0. 0. 0. 5.97340462e-004 0. 0.
    0. -3.85451189e-004 0. 5.70667721e-003 0. 0. -1.50572672e-003
    5.34666982e-003 0. 0. 0. 3.07364715e-003 0. -1.23496819e-003 0.
    2.80328514e-003 1.74606743e-003 5.67750027e-003 0. 0. 0. 0. 0. 0. 0.
    0. 0. 5.88333001e-004 0. 0. 0. -2.55799358e-004 -1.74315833e-003
    -6.78914716e-004 2.23657652e-003 0. 0. 0. 2.74298829e-003
    1.85854651e-003 7.45283614e-004 0. 0. 6.25276007e-003 0. 0. 0. 0. 0.
    0. 0. 0. 0. 0. 2.22654526e-005 0. 8.77748150e-003 0. 0. 0. 0. 0. 0.
    -1.25030708e-003 6.16497267e-003 1.49335351e-003 0. 3.36490525e-003
    0. 0. 0. 0. 0. 0. 0. 0. 0. 5.39646996e-003 7.28728715e-004
    1.96925132e-003 0. 0. 0. 0. -3.11282027e-004 2.71485862e-003 0.
    -5.33915081e-005 0. 0. 2.40733214e-002 9.39390506e-004 0. 0. 0. 0.
    2.01396295e-003 0. 0. 0. -5.43318340e-004 1.65102538e-003 0. 0. 0.
    1.94136798e-003 1.99867948e-003 1.27004366e-003 0. 0.
    2.28990475e-003 0. 1.11307309e-003 0. 2.71396758e-003
