<?xml version="1.0"?>
<opencv_storage>
<imageDescriptor type_id="opencv-matrix">
  <rows>1</rows>
  <cols>1000</cols>
  <dt>f</dt>
  <data>
    0. 0. 0. 1.56884198e-003 0. 2.49152468e-003 -1.18001294e-003
    1.38992281e-003 8.40815064e-003 2.02543545e-003 5.62299462e-003 0.
    0. 0. 3.43255582e-003 0. 0. 7.72807607e-003 7.29710050e-003 0. 0. 0.
    0. 0. 0. 1.33486709e-003 0. 0. -3.21470224e-003 1.08832272e-003 0.
    0. 0. 3.07808351e-003 0. 2.44029867e-003 0. 0. 0. 0. 0. 0. 0.
    2.94778496e-003 0. 5.14597306e-003 0. 0. 0. 0. 0. -5.14044077e-004
    7.88595935e-004 2.28768471e-003 0. 0. 0. 0. 0. 0. 0. 1.13351643e-002
    -8.40297726e-005 0. 0. 0. 0. 0. 0. 0. 0. 0. 6.96734467e-004
    1.72579056e-003 0. 7.69842789e-003 0. 0. 9.38116852e-003
    1.13903196e-003 0. 0. 1.70672382e-003 2.84546358e-003 0.
    -6.47951732e-004 2.31257454e-003 0. 0. 0. 0. 0. -5.33669814e-003 0.
    0. 2.63271220e-002 0. -3.92865157e-003 2.40915129e-003 0.
    6.12507574e-005 -3.78205115e-003 0. 6.55229017e-003 0. 0. 0. 0. 0.
    0. 9.57710575e-003 0. 0. 6.86032558e-003 0. 0. 0. 0. 2.24375445e-003
    0. 1.16481329e-003 0. 0. 0. 0. 0. 0. 0. 0. 0. 0. 3.83848068e-003 0.
    4.05943440e-003 0. 0. 0. 1.46126118e-003 0. 0. 0. 5.22542931e-003 0.
    0. 7.18147401e-003 6.44769426e-003 0. 0. 0. 0. 1.84837045e-004 0. 0.
    0. 0. 0. 5.26152458e-003 0. 0. 0. 7.98993930e-003 0. 2.78625148e-003
    0. 8.47649761e-003 0. 0. 0. 0. 0. -3.29381204e-003 0.
    -6.68790308e-004 0. 0. 0. 0. 0. 0. 6.74495753e-003 0. 0. 0. 0. 0. 0.
    0. 0. 4.71886899e-003 0. 3.29913525e-003 0. 0. 0. 2.69316579e-003 0.
    0. 3.50595382e-003 0. 4.42966912e-003 0. 0. 1.02482492e-003 0.
    8.00681114e-003 4.66004573e-002 0. 0. 1.89022406e-003 0. 0. 0. 0.
    7.12882727e-004 1.92308426e-003 0. 7.43674813e-003 2.90297763e-003
    0. 0. 7.11119547e-003 2.60403706e-003 1.11887022e-003 0. 0. 0. 0. 0.
    0. 0. -5.26704011e-004 0. 0. 0. 3.56665005e-005 1.25931436e-003
    -1.03915145e-003 0. 0. 0. 0. 0. 0. 0. 0. 0. 1.49999850e-003
    -4.48051687e-005 -5.39952016e-004 9.17236600e-003 0.
    -1.25271356e-004 0. 0. 0. 0. 0. 0. 0. 0. 0. -2.22388539e-003
    1.44493522e-003 3.94589221e-003 0. 0. 0. 0. 0. 0. 0. 0. 0.
    2.20801472e-003 0. 0. -4.28866741e-004 -7.16572220e-004
    1.24782545e-003 1.13600772e-003 4.36445652e-003 5.72719285e-003
    4.17382049e-004 0. 0. 0. 7.11531658e-003 3.17893224e-003 0. 0. 0. 0.
    0. 0. 9.77153331e-003 9.40946210e-003 6.92538219e-004
    -3.25456087e-004 5.86482184e-003 2.24532955e-003 1.25826534e-003 0.
    2.51531950e-003 0. -1.08203571e-003 0. 0. 2.38634343e-003
    7.62673095e-003 8.71805940e-004 0. 0. 0. 0. 0. 0. 1.92405446e-003 0.
    0. 0. 0. 0. 1.91098161e-003 3.75362881e-003 1.62741635e-003
    -7.56713507e-006 4.95162979e-003 0. 3.18251108e-003 2.62842281e-003
    9.78259486e-004 0. 0. 1.24699634e-003 0. 0. 0. 0. 0. 0.
    1.73724373e-003 0. 0. 0. 6.23221649e-003 0. 0. 1.54785730e-003
    2.83202855e-003 4.29309951e-003 0. 0. 0. 8.63484200e-003 0. 0.
    2.29354296e-003 9.53200506e-004 1.97963533e-003 0. 1.62752206e-003
    0. 0. 6.25590421e-003 0. 1.73113222e-004 0. 0. 0. -2.56154942e-003
    0. 0. 1.87805481e-003 9.88901360e-004 7.93263409e-003
    5.32986654e-004 0. 0. 0. 0. 0. 2.86574825e-003 0. 0. 0. 0. 0. 0. 0.
    5.50053723e-004 0. 0. 1.38639510e-002 -2.20658607e-004
    2.88081355e-003 2.60389620e-003 3.67173110e-003 0. 0. 0. 0.
    -2.41213455e-003 2.20706197e-003 0. 9.11337137e-003 0. 0.
    6.08505541e-003 0. 0. 3.33083700e-003 0. 2.88064056e-003 0. 0. 0.
    8.39907909e-004 1.18383707e-003 7.27682418e-005 0. 1.95052451e-003
    7.22378725e-003 0. 1.76101748e-003 0. 9.52540804e-003 0. 0.
    2.34758505e-003 0. 4.53466317e-003 0. 3.56459012e-003
    -1.14368799e-003 1.77059174e-002 0. 0. 4.36947029e-003 0. 0. 0. 0.
    5.42178459e-004 0. 8.01569782e-004 0. 0. 0. 0. 0. 0. 0. 0. 0. 0.
    6.73519727e-003 0. -1.34804717e-003 2.46002711e-003 8.66413210e-003
    0. 5.39628440e-004 6.12331787e-004 0. 1.56861858e-003 0. 0. 0. 0.
    1.29149237e-003 0. 0. 0. 0. 0. 0. 0. -4.08415246e-004 0. 0. 0.
    -5.59730502e-003 7.83778820e-003 0. 0. 0. 0. 0. 0. 1.14843308e-003
    0. 0. 2.70971609e-003 4.01216606e-003 1.81339181e-003
    6.41759858e-003 0. 0. -1.78391070e-004 0. 0. 0. 5.98430634e-004 0.
    0. 0. 0. 0. 0. 0. 0. 0. 0. 0. 0. 0. 0. 7.28622545e-003 0. 0. 0. 0.
    3.85932671e-003 0. 0. 0. 8.17665271e-003 -6.10455754e-004
    5.98736061e-003 0. 0. 0. 0. 0. 0. 2.70727294e-004 0. 0. 0. 0. 0. 0.
    0. 1.82362704e-003 0. 7.12835276e-003 0. 0. 0. 4.89999540e-003 0.
    6.36328477e-004 -2.79241271e-004 1.95846031e-003 0. 0. 0. 0.
    8.63063708e-003 0. 2.89629120e-003 0. 5.58040745e-004
    -4.83585143e-004 0. 7.74085801e-003 0. 0. 7.04927230e-003 0. 0.
    2.23243400e-003 1.12586869e-002 0. 0. 0. 0. 1.43687734e-002 0. 0. 0.
    0. 2.81014387e-003 -1.44680194e-003 1.43358181e-003 1.54494995e-003
    4.74194624e-003 0. 0. 0. 0. 0. 0. 0. 0. 1.58394850e-003
    2.25244043e-003 3.50390351e-003 0. 0. -9.20767197e-005 0.
    -1.24398049e-003 3.18038254e-003 0. 0. 1.09405839e-003 0. 0. 0. 0.
    0. 0. 0. 0. 0. 0. 0. 0. -1.12304336e-003 0. 3.97360139e-003
    9.47512221e-004 0. 4.01498331e-003 0. 0. 0. 0. 0. 0. 0. 0.
    1.15275639e-003 0. 0. 0. -1.23236689e-003 0. 2.06523946e-005 0. 0.
    0. 2.42271251e-003 -5.89130446e-004 0. 0. 0. 0. 0. 0.
    5.69013227e-003 -2.55353888e-003 0. 0. 0. 0. 0. 0. 0. 0. 0.
    2.42651440e-003 0. 0. 0. 5.26495464e-003 -1.27307698e-003
    2.40016030e-003 6.45459490e-003 3.23378900e-003 0. 0. 0.
    -9.65889951e-004 0. 0. -2.02740499e-004 0. 0. 2.60404637e-003 0. 0.
    0. 2.08854047e-003 2.54299585e-003 0. 0. 5.78370038e-003 0.
    1.54612353e-003 0. 5.71858929e-003 4.91662126e-004 0. 0. 0.
    8.39657208e-004 3.94853443e-004 0. 0. 0. 0. 0. 4.32151137e-004 0. 0.
    9.77921998e-004 0. 0. 6.71100197e-003 2.47564306e-003 0. 0.
    -1.90510240e-003 3.69697600e-003 0. 0. 0. 0. 0. 0. 0. 0. 0. 0.
    5.06586302e-003 -1.91283983e-003 0. 0. 1.01478503e-003 0. 0. 0. 0.
    6.58174977e-003 9.41973925e-003 4.55903634e-003 0. 0. 0. 0.
    2.07245629e-003 0. 0. 0. 3.54900234e-003 2.85126246e-003 0.
    6.64414931e-003 0. 0. 0. 0. 0. 0. 1.15494209e-003 2.70883832e-003 0.
    1.74783845e-003 0. 0. 1.86284853e-003 0. 0. 0. 3.51985474e-003 0.
    3.76804583e-002 0. 0. 0. -6.80930854e-004 0. 7.74781394e-004 0.
    -3.33441421e-005 0. -2.37776549e-004 0. 0. 0. 0. 0. 4.06585354e-003
    0. 0. 0. 0. 5.23009943e-003 0. 0. 2.45308271e-003 0. 0.
    -2.96337903e-003 0. 0. 2.17481586e-003 0. 0. 0. 2.23503485e-002 0.
    0. 0. 0. 9.05115565e-004 0. 0. 0. 0. 0. 0. 1.66462292e-003
    4.05148749e-004 0. 0. 2.64728861e-003 3.11902561e-003
    -1.41185988e-003 0. 0. 0. 0. 0. 0. 0. 0. 0. 0. 0. 0. 0. 0. 0.
    7.06429267e-003 6.95186434e-003 0. 0. 0. 1.59759878e-003 0.
    5.19939046e-003 0. -8.55023391e-004 0. 4.86824475e-003 0. 0.
    1.17424899e-003 -1.85582275e-003 1.77532423e-003 -6.07247115e-004 0.
    2.14227173e-003 0. 2.58602027e-004 0. 0. 0. 0. 0. 2.49835666e-005 0.
    3.21603240e-003 0. 0. 0. 0. 0. 0. 0. 1.37804390e-003 0. 0. 0. 0. 0.
    0. 0. 0. 1.28578767e-002 0. 9.30188037e-003 0. 0. 0. 0.
    7.83396943e-004 0. 0. 0. 0. 0. 1.64553826e-003 0. -2.62609008e-003
    0. 0. 0. 0. 0. 0. 0. 0. 0. 0. 4.29365365e-003 -8.09466466e-004 0.
    3.12564138e-004 0. 0. 0. 0. -3.39645485e-004 0. 0. 0. 0. 0. 0.
    -1.63066899e-003 0. 0. 0. 0. 0. 1.73569703e-003 9.26789362e-004 0.
    0. 0. 0. 0. 1.69550674e-003 0. 0. 0. 2.81701540e-003 1.15915155e-002
    1.18807505e-003 0. 0. 0. 0. 0. 0. 0. 0. 0. 7.02494988e-003 0.
    3.27549572e-003 0. 2.08060397e-003 2.13612569e-003 0. 0.
    2.27665738e-003 -1.42734766e-003 0. 0. 1.85379328e-003
    7.65950244e-004 4.17885231e-003 0. -4.40324703e-003 4.36373660e-003
    0. 1.32786611e-003 0. -1.48940540e-004 0. 0. 0. 0. 0. 0. 0. 0. 0. 0.
    0. 0. 0. 0. 0. 0. 1.64243486e-003 1.55830919e-003 1.83844322e-003 0.
    7.83833396e-003 0. 0. 0. 0. 0.</data></imageDescriptor>
</opencv_storage>
