<?xml version="1.0"?>
<opencv_storage>
<imageDescriptor type_id="opencv-matrix">
  <rows>1</rows>
  <cols>1000</cols>
  <dt>f</dt>
  <data>
    0. -8.15647014e-004 0. 5.36106201e-003 0. 0. 0. -3.15800047e-004 0.
    0. 0. 0. 0. 0. 0. 8.73300526e-003 0. 0. 0. 0. 0. 2.81299371e-003
    8.61688145e-003 0. 0. 0. 0. 0. -3.02423351e-003 0. 0. 0. 0.
    1.54116144e-002 4.92823543e-003 5.07122185e-003 0. 0.
    2.00986327e-003 0. 0. 0. 0. 2.64724530e-003 0. 0. 0. 0.
    1.63809874e-003 0. 0. 2.79219868e-003 0. 0. -1.44664501e-003
    1.29709509e-003 0. 0. 0. 0. 0. -4.13702539e-004 3.12265917e-003
    1.40187202e-003 1.02066649e-002 0. 3.28018377e-003 1.92429638e-003
    0. 0. 0. 0. -3.38094309e-003 -1.02274434e-003 6.09256094e-003 0. 0.
    0. 0. 5.50819654e-003 1.21574581e-003 0. -1.04894245e-003
    -2.03054445e-003 0. 3.74457682e-003 0. 0. 1.08729652e-003 0.
    -1.69751898e-003 0. 0. 0. 6.35634817e-004 0. -2.79216026e-003
    1.37110800e-003 -2.98026809e-003 8.00381415e-003 2.70756632e-002
    3.31927044e-003 0. 0. 0. 0. 0. 0. 0. 0. 2.29581306e-003 0. 0.
    -4.87042562e-005 0. 2.52810074e-003 0. 0. 0. 0. 4.37200721e-003 0.
    3.00570950e-003 0. 3.63975996e-003 0. 0. -3.61604360e-003 0.
    -9.02962056e-004 0. 0. 0. -3.18847015e-004 0. 0. 7.70943123e-004
    1.55704131e-003 5.22190984e-003 0. 0. 0. -1.92772801e-004 0. 0. 0.
    0. 3.44019820e-004 3.73974821e-004 -5.25370669e-005 -8.35942628e-004
    0. 5.73794963e-003 2.35471502e-003 0. 0. -5.89514966e-004 0. 0.
    5.17818471e-003 1.04937237e-003 0. 0. 0. 0. 7.90351362e-004
    3.48308985e-003 0. 0. 0. 0. 0. 0. 0. 0. 0. 1.09322369e-003 0. 0. 0.
    0. 1.93321414e-003 7.06430385e-003 3.60818719e-003 0. 0. 0. 0.
    -7.28761603e-004 0. 0. 0. 0. 6.50232367e-004 0. 0. 0.
    4.27242508e-003 0. 0. 0. 0. 5.59952809e-003 0. 0. 0. 0. 0. 0.
    2.53899232e-003 0. 0. 0. 0. 0. 0. 5.03281772e-004 0. 0.
    3.03396810e-004 1.00646855e-003 0. 0. 0. 0. 0. 0. 0. 0. 0.
    1.80405809e-003 5.08015801e-004 0. 0. 1.85542821e-003
    -4.32053639e-006 0. 1.12236813e-002 0. 0. 6.43589883e-004
    8.52562953e-003 0. 0. 0. 0. 0. 1.91612475e-004 -2.27827884e-004 0.
    0. 0. 0. -1.90107676e-004 -1.74884347e-003 0. 0. 0. 0. 0.
    1.37157971e-003 0. -4.92430106e-003 8.22556263e-004 0. 0. 0.
    2.90529081e-003 0. 1.50392333e-003 0. 0. 1.25808723e-003
    -3.42587172e-003 4.08924371e-003 1.50886097e-003 0. -8.95637844e-004
    0. 0. 5.28166723e-003 0. 4.43163095e-004 4.77759494e-003 0. 0.
    1.43497437e-003 2.40770401e-003 0. 2.03585974e-003 0. 0. 0. 0.
    6.02735381e-004 1.31418584e-002 5.27427415e-004 2.42345757e-003
    -1.26481740e-004 0. 2.75600119e-003 0. 3.37821967e-003 0.
    5.14895376e-003 3.72833409e-003 0. 5.68359718e-003 2.30655316e-002
    0. 3.67257954e-003 0. 0. 0. 7.52523541e-003 0. 2.25432427e-003 0.
    7.21916044e-003 2.04397757e-002 0. 0. 0. 1.83141395e-003 0. 0. 0.
    3.51102091e-003 -3.89445107e-004 0. 0. 1.12608075e-003 0.
    6.35915436e-003 8.70087184e-003 0. -1.05617638e-003 6.66832086e-004
    0. 0. 1.14037108e-003 0. 0. 0. 5.88312512e-003 0. 0. 0. 0. 0.
    1.97209092e-003 -2.42870403e-004 0. 0. 0. 7.45753758e-004
    -2.11065824e-004 0. 0. 0. 0. 2.94473418e-003 0. 1.79318784e-004 0.
    8.57359788e-004 -1.28837279e-003 1.54545868e-003 0. 4.69372422e-003
    0. 0. 0. 0. -8.21726499e-005 0. 4.22165357e-003 6.25264438e-005
    1.70510716e-003 0. 0. 0. 0. 0. 0. 0. 3.25553212e-003 0. 0. 0. 0.
    3.81168025e-003 0. 1.70557993e-003 0. 0. 0. 0. 5.16951829e-003 0. 0.
    0. 7.16722663e-003 0. 5.04766394e-005 0. 0. 2.66268144e-005
    2.63925758e-003 1.65129174e-003 0. 1.76478131e-003 0. 0. 0.
    3.39354295e-003 0. 0. 3.19338567e-003 1.33739668e-003 0.
    3.12861381e-003 0. 0. 0. 5.93281072e-003 0. 1.76138524e-003 0. 0. 0.
    0. 0. 1.82277441e-003 0. 0. 2.43654847e-003 6.11772947e-003 0. 0. 0.
    0. 2.38838373e-003 -1.24892476e-003 -2.16319113e-005 0.
    2.09909005e-004 0. 0. 0. 0. 0. 0. 1.64994691e-003 0. 6.75671408e-003
    0. 5.72887203e-003 2.25876877e-003 0. 0. 0. 5.64766489e-003 0.
    1.86449848e-003 0. 0. 0. 0. -6.28950133e-004 0. -9.28531343e-004
    4.90055128e-004 0. 0. 0. 0. 3.45576112e-003 1.71635079e-003 0. 0.
    8.74919817e-003 4.96624783e-003 0. 0. 0. 0. 0. 2.93008727e-003
    5.39298914e-003 0. 0. 0. 0. 0. 0. 5.20010851e-003 0. 1.31577589e-002
    0. 9.54055577e-004 0. 0. 3.08813760e-004 0. 1.52861082e-003
    1.51477754e-003 0. 1.89937185e-003 0. 3.57519439e-003 0. 0. 0.
    -3.65762447e-004 0. 0. 0. 4.23533469e-003 0. 0. 0. 0.
    3.30323121e-003 0. 0. 8.44787061e-003 2.07110983e-003 0. 0. 0. 0. 0.
    0. 7.45208410e-004 4.80837747e-003 0. 3.21664638e-003 0.
    2.31206068e-003 0. 0. 2.38570180e-002 0. 0. 1.18189841e-003 0. 0.
    6.52870210e-003 0. 4.11905255e-003 1.34526286e-002 8.24438501e-003
    0. -1.65023113e-004 0. 0. 2.68260459e-003 -1.53717573e-003 0. 0. 0.
    0. 3.78594268e-003 1.48505718e-003 -7.29539373e-004 6.87608612e-004
    0. 0. 0. 0. 1.45969051e-003 3.24774795e-004 0. 2.52981414e-003
    1.01113319e-003 0. 0. 0. 3.83916404e-003 0. -1.20817986e-003 0. 0.
    2.75326590e-003 0. 0. 0. 0. 0. 1.70796528e-003 0. 0. 0. 0. 0. 0.
    2.91047152e-004 0. 0. 0. 1.15515082e-003 -1.02341827e-003 0. 0. 0.
    1.92683388e-003 7.49804778e-003 0. 0. 0. 0. 0. 0. 0. 0. 0. 0. 0.
    5.64485136e-003 0. 0. 0. 1.12440670e-003 2.65184883e-003 0. 0. 0. 0.
    0. 6.52948394e-003 0. 0. 0. 0. 0. 6.67986134e-003 0. 0.
    2.89570843e-003 0. 2.46533146e-003 0. 0. 2.87339231e-003 0.
    4.15658252e-003 0. 0. 0. 0. 2.07625469e-003 0. -1.66959537e-003
    2.66113062e-003 0. 0. 0. 0. -1.45166181e-003 3.84538108e-003 0. 0.
    -8.01770482e-004 0. -3.69621906e-004 -1.19178346e-003 0.
    2.80703977e-003 2.52119219e-003 0. 7.70745520e-003 0. 0.
    4.33467329e-004 0. 1.39097944e-002 1.69907487e-003 0.
    2.58164643e-003 0. 0. 0. 0. -4.45763377e-004 1.93150062e-003 0. 0.
    2.58538895e-003 0. 0. 2.10687472e-003 0. 0. 0. 5.19893016e-004 0. 0.
    0. 7.19517935e-003 0. 2.53054523e-003 0. 0. 0. 0. 0. 0.
    2.24136701e-003 0. 5.88584982e-004 -8.50175682e-004 0. 0.
    -1.93941989e-003 0. 1.18106161e-003 1.16538219e-002 0. 0.
    2.46056984e-003 4.19135764e-003 0. 0. 0. 0. 0. 2.01316364e-003 0. 0.
    0. 0. 0. 0. 0. 0. -2.82655557e-004 4.76650614e-003 4.50123616e-006
    0. 5.99193433e-003 0. 8.34197737e-003 0. 0. 2.22939323e-003
    6.40881946e-003 0. 0. -2.02322917e-004 0. -8.70092364e-004
    5.16435597e-003 3.55189107e-003 0. 3.60686285e-003 5.98353427e-003
    -5.33943421e-005 0. 7.24734552e-003 0. 0. 1.30834756e-002 0. 0.
    1.26582589e-002 0. 7.17493705e-003 6.19184691e-004 0.
    1.23966509e-003 0. 0. 0. 0. 1.06571410e-002 2.94176512e-004 0.
    1.48683169e-003 2.04778439e-003 1.36002584e-003 8.93112272e-004 0.
    0. 2.38028029e-003 7.19445874e-004 9.83283855e-004 0.
    7.76498055e-004 8.53763893e-003 0. 0. 0. 5.26042539e-004 0. 0. 0. 0.
    0. 5.53668849e-003 0. 0. 0. 0. 5.24191279e-003 -8.32727237e-004 0.
    5.91725390e-003 0. 8.29261914e-003 4.96563269e-003 2.32944568e-003
    0. 0. 6.76530367e-003 0. 0. 0. 3.91264865e-003 -1.40979863e-003 0.
    -2.15394757e-004 4.72070742e-003 0. 0. 0. 0. -1.20611826e-003
    1.52386550e-003 1.37424376e-003 0. 0. 1.31265889e-003
    5.14733046e-003 0. 0. 0. 5.57972351e-003 0. 3.94096505e-003 0. 0. 0.
    0. 0. 0. 7.93518871e-003 0. 0. 0. 0. 7.09167682e-003 0. 0. 0. 0. 0.
    0. 0. 0. -9.74820345e-004 -1.11275120e-003 -9.49449954e-004 0. 0. 0.
    7.41002383e-003 0. 5.04895439e-003 8.31292104e-003 -1.06489562e-004
    0. 0. 0. 0. 0. -1.10332236e-004 0. 0. 0. 1.08359382e-002
    2.37329747e-003 2.04607751e-003 0. 0. 2.94049882e-004 0. 0. 0. 0. 0.
    5.25979849e-004 0. 0. 0. 0. 8.63853667e-004 -1.06024556e-003 0. 0.
    0. 0. 0. 0. 0. 0. 2.87902937e-003 0. 0. -4.20567440e-003
    4.33571450e-003 0. 0. 0. 0. 0. 0. 0. 3.32049705e-004 0. 0.
    8.32031015e-004 0. 0. 0. 0. 0. 7.81186717e-003 0. 0. 0. 0. 0.
    -7.03945057e-004 0. 0. 0. 0. 0. 0. 0. 0. 0. 0. 5.90758398e-003
    5.17562917e-003 0. 0. 0. 0. 0. 0. -7.10837485e-005 0. 0.
