<?xml version="1.0"?>
<opencv_storage>
<imageDescriptor type_id="opencv-matrix">
  <rows>1</rows>
  <cols>1000</cols>
  <dt>f</dt>
  <data>
    0. 0. 2.25413055e-003 0. 0. 4.17905767e-003 -6.33745454e-004 0.
    1.85539262e-004 0. 2.67788116e-003 0. 0. 0. 9.51685291e-003 0.
    4.58708964e-003 0. 0. 0. 0. 0. 0. 0. 0. 0. 0. 0. 2.27939151e-003 0.
    0. 0. 0. 3.62438802e-003 0. 0. 0. 0. 0. 0. 5.96232899e-003 0. 0.
    -1.34534473e-002 9.57306591e-004 8.25048517e-003 0. 0. 0. 0. 0. 0.
    0. 4.97518806e-003 0. -1.84919417e-003 1.77028647e-004 0. 0.
    9.27960267e-004 0. 0. 7.97615666e-003 0. 6.89402630e-004 0. 0.
    2.43885536e-003 0. 0. 0. -1.05719140e-003 0. 0. 8.59906618e-003 0.
    0. 0. 6.92609558e-003 5.03553031e-003 3.88878584e-003 0.
    9.80257709e-003 4.25267173e-003 0. 2.13837382e-004 2.30005477e-003
    4.04386967e-003 0. 2.54022377e-003 0. 0. 7.51096662e-003 0.
    6.23099320e-003 0. 1.33286137e-002 5.98145300e-004 4.09874180e-003
    7.91436154e-003 -8.02382827e-004 0. 0. 4.87743132e-003 0.
    4.41637821e-003 0. 0. 1.21713779e-003 0. 5.36174839e-003
    1.36496295e-004 0. 0. 0. 1.17138810e-002 0. 0. 0. 0. 0. 0.
    -2.28485884e-003 0. -2.61582230e-004 3.92247783e-003 1.11230304e-002
    4.42688586e-003 0. 0. 0. 0. 0. 4.59090434e-003 0. 0. 6.14386634e-004
    0. -5.78198163e-003 0. 2.78116600e-003 1.46294264e-002 0. 0.
    2.44742120e-003 0. 9.16645920e-004 0. 4.27066721e-003
    5.08382032e-003 8.47647712e-003 0. 1.04686909e-003 0. 0. 0. 0.
    5.80000132e-003 7.39429519e-003 3.66236758e-003 2.29525985e-003 0.
    0. 0. 0. 0. 0. -7.88577134e-004 0. 0. 0. 2.26861122e-003 0. 0.
    1.95239985e-003 0. 0. 0. 0. 0. 0. 5.87085076e-003 2.85409391e-004 0.
    0. 0. 1.68269388e-002 0. 4.72896360e-003 0. 0. 3.74648185e-003 0.
    -4.04163642e-004 0. 0. 2.69380701e-003 0. 1.42934802e-003 0.
    2.06001615e-003 0. -1.45252841e-003 0. 0. 6.78211800e-004 0. 0. 0.
    0. 0. 0. 0. 0. 0. 0. 0. 1.27673708e-003 9.81010217e-003 0. 0.
    1.17543095e-003 0. 0. 0. 0. 0. 0. 0. 0. 1.06014719e-004 0.
    2.51628389e-003 -1.53582019e-004 0. -1.96370366e-003 0. 0. 0. 0. 0.
    5.09479130e-003 0. 0. 0. 1.69736438e-003 0. 8.25800840e-003 0.
    1.35306490e-003 2.47847755e-003 2.73636339e-004 0. -2.16030423e-003
    9.30147013e-004 0. 0. 0. 4.72444063e-003 9.36812197e-004 0. 0.
    1.30119489e-003 5.37820486e-003 0. 6.02248963e-003 0. 0. 0. 0.
    2.08417862e-003 0. 0. -6.50383881e-004 -1.58939708e-003 0. 0. 0. 0.
    0. -1.17275445e-003 0. 3.51638650e-003 -3.06330412e-003 0. 0. 0. 0.
    0. 0. 0. 0. 0. 0. 2.01012660e-003 0. 0. 0. 1.67613442e-003 0.
    7.24875694e-003 0. 3.06434650e-003 0. 0. 0. 0. 8.28491058e-003 0. 0.
    1.24830834e-003 0. 0. 0. 0. 8.75763071e-004 0. 0. 0. 0.
    6.15738099e-003 0. 0. 0. 1.75803632e-003 0. 0. 0. 0. 0. 0.
    3.23078129e-003 0. 0. 0. -1.88184204e-003 3.71285621e-003 0. 0. 0.
    2.50464276e-004 0. 0. 0. 0. 0. 0. 3.46711744e-003 0. 2.06052931e-003
    0. 9.94451717e-003 0. -2.58825603e-003 4.88224905e-004 0. 0.
    1.89037726e-003 0. 0. -2.40602391e-003 0. 0. 2.66793859e-003 0.
    -1.37903250e-003 0. 3.58105841e-004 1.71407219e-003 4.40526317e-004
    0. 0. 0. 9.30686889e-004 1.22684641e-002 0. 0. 0. 3.95972654e-003
    5.82933251e-004 0. 7.40131410e-003 0. -5.61188487e-003 0. 0. 0. 0.
    8.95608100e-004 1.06958637e-003 0. 0. 5.81571227e-003
    1.44924782e-003 0. 0. 0. 0. 3.86327016e-003 0. 0. 0. 0. 0.
    1.05127394e-002 -4.92907595e-004 0. 0. 0. 0. 2.17279196e-002 0. 0.
    0. 0. 0. 0. 0. 1.17574055e-002 0. 4.76821605e-003 0. 0. 0. 0.
    4.85699420e-004 0. 1.65485323e-003 0. 0. 0. 0. 2.47304491e-003
    2.87045538e-003 0. 0. -4.35899914e-004 1.05629517e-002 0. 0.
    3.41501157e-003 1.40613026e-003 2.90815160e-003 0. 0. 0. 0. 0. 0. 0.
    0. 2.62454594e-003 0. 0. 0. 0. 1.36992363e-002 1.19918422e-003 0.
    -3.94566669e-005 0. 2.33353465e-003 3.58289835e-004 0. 0. 0. 0. 0.
    0. 0. 0. 1.47854560e-003 0. 0. 0. 0. 1.98591989e-003 0.
    1.16350008e-002 0. 0. 0. -1.47029595e-003 0. 0. 0. 0.
    1.35835242e-002 0. 0. 0. 0. 0. 0. 1.64891034e-003 0. 0. 0. 0.
    3.31914588e-003 5.10813296e-003 2.22761650e-003 0. 0. 0. 0.
    1.22030219e-003 0. 0. 0. 0. 0. 0. 0. 3.93848727e-003 0. 0.
    -1.03377318e-003 0. 0. 0. -5.56814884e-005 2.74025649e-003 0. 0. 0.
    0. 0. 6.25783531e-003 2.93433806e-003 0. 0. 0. 0. 0. 0. 0. 0. 0. 0.
    0. 0. 0. 1.72840767e-002 7.52648385e-003 6.07667817e-003
    5.10329520e-003 1.99182844e-003 1.13250874e-003 2.15557730e-003
    -5.29035646e-003 0. 0. 0. 3.69126676e-003 0. 0. 0. 5.91098377e-003
    2.36339704e-003 0. 0. 2.86192540e-003 0. -6.76565251e-005
    1.14682121e-002 1.30402371e-002 0. 0. 0. 0. 7.39800371e-003 0. 0. 0.
    0. 0. 0. 0. 0. 0. 1.76946854e-003 0. 0. 0. 8.88027425e-004 0.
    1.06533319e-002 0. 0. 0. 0. 0. -1.70399994e-003 3.32278502e-003 0.
    0. 0. 0. 0. 0. 0. 1.05355931e-002 0. -2.11084168e-003 0.
    -6.12831500e-004 0. 0. 0. 0. 0. 0. 0. 0. 0. 0. 0. 0. 0. 0. 0.
    5.33964485e-003 4.67584236e-003 -6.74618757e-004 0. 0. 0.
    2.05204682e-003 0. 8.36715382e-003 0. 0. 3.87395895e-003 0.
    2.78644939e-003 1.21914694e-004 0. 0. 0. 0. 0. 0. 0.
    -1.10161141e-003 0. 0. 0. 0. 0. -3.77560570e-003 2.93566752e-003 0.
    1.96067663e-003 4.43200115e-003 0. 0. 0. 0. 0. 0. 0. 3.31346039e-003
    4.47148312e-004 0. 8.89831502e-003 3.59492674e-002 0.
    2.00763531e-003 0. 0. 0. 1.21968763e-003 1.71395834e-003 0. 0.
    1.08836154e-002 0. 1.28104613e-004 0. 0. 1.55334914e-004 0. 0. 0.
    9.50995181e-003 0. 0. 0. 1.46247470e-003 0. 0. 3.72575689e-003 0. 0.
    0. 0. 0. 0. 0. 0. 0. 0. 0. 2.98785162e-003 0. 0. 0. 0. 0. 0. 0. 0.
    0. 7.95661937e-004 0. 3.57027026e-003 0. 0. 0. 0. 5.27183339e-003 0.
    0. 0. 0. 0. 8.40994343e-003 0. 0. 0. 0. 3.82390397e-004 0. 0.
    -2.41589732e-003 0. 6.92640897e-003 5.19432244e-004 0. 0. 0.
    8.73942673e-003 0. 1.62114867e-003 5.95338922e-003 1.03863140e-005
    1.39514357e-003 0. 0. 0. 4.35389159e-003 0. 0. 0. 0. 0. 0. 0. 0. 0.
    0. 1.13543468e-002 0. 0. 0. 0. 0. -1.81864726e-003 0. 0. 0. 0. 0. 0.
    0. 1.85742974e-005 1.01506116e-003 2.28925934e-003 0. 0. 0. 0. 0.
    1.24330055e-002 0. 0. 0. 0. 0. 0. 0. 0. 0. 0. 0. 0. 0.
    2.70235841e-003 0. 0. 0. -3.42361955e-003 0. 0. 0. 0. 0.
    -1.02675776e-003 0. 0. 0. 0. 9.87027306e-004 2.52971333e-003 0.
    3.59851681e-003 0. 1.17046172e-002 1.95829663e-003 0. 0. 0. 0.
    5.04630245e-003 0. 0. 1.80656544e-003 4.21145174e-004 0. 0.
    7.35829771e-003 0. 0. 0. 0. 5.34350937e-003 0. 0. 0. 0. 0. 0. 0.
    -3.04329069e-003 0. 0. 0. 0. 0. 0. 0. 5.49351284e-003 0. 0.
    1.28484191e-003 0. 0. 1.06602896e-003 0. 0. 7.95303728e-004 0. 0. 0.
    0. -4.10657143e-003 0. 0. 5.79705593e-005 8.17951467e-003 0. 0. 0.
    0. 0. 5.54885955e-005 0. 0. 0. 1.91242946e-003 0. 1.26118015e-003 0.
    0. 0. 0. 0. 0. 0. 0. 6.12953398e-003 4.31468757e-003 0. 0. 0. 0.
    1.71819888e-003 0. 0. -1.32087257e-003 0. 0. 0. -2.09541549e-003 0.
    0. 0. 0. 0. 3.28719197e-003 0. 0. 0. 0. 6.94683660e-003
    7.97115825e-003 0. 0. 2.31544208e-003 0. 0. 0. 1.01952806e-004
    1.64181518e-003 0. 7.40849006e-004 6.03140856e-004 4.24451334e-003
    4.32046643e-003 0. 0. 0. 8.98762722e-004 0. 0. 2.96377786e-003 0. 0.
    0. 4.00849339e-003 0. 1.55575352e-003 0. 4.66569792e-003 0. 0. 0. 0.
    7.15826591e-003 0. 0. 0. 0. 0. 0. 0. 6.27019253e-005 0.
    6.11233851e-003 0. -1.06889370e-003 7.00079557e-003 0.
    3.05815274e-003 0. 3.07527196e-004 0. 1.47783081e-003 0. 0. 0.
    1.36566758e-002 2.82492628e-003 0. 0. 0. 0. 3.90047044e-003 0.
    6.08130977e-005 0. 1.07986701e-003 0. -8.72946752e-004 0. 0. 0.
    3.31387564e-004 0. 0. 0. 0. 0. 0. 0. 0. 0. 0. 0.</data></imageDescriptor>
</opencv_storage>
