<?xml version="1.0"?>
<opencv_storage>
<imageDescriptor type_id="opencv-matrix">
  <rows>1</rows>
  <cols>1000</cols>
  <dt>f</dt>
  <data>
    0. 0. 0. -9.11837793e-004 7.66589132e-004 0. 0. -1.18776421e-004
    3.88298562e-004 0. 0. 1.79388234e-003 0. 6.76055392e-003
    -2.00974886e-004 0. 0. 1.48631204e-002 0. 0. 0. 0. 0. 0. 0. 0. 0. 0.
    -9.02104017e-004 1.58603897e-003 4.17607371e-003 0. 2.18814658e-003
    4.86222189e-003 0. 5.81692439e-003 0. 0. 0. 4.77545802e-003 0. 0. 0.
    1.59958396e-002 0. 0. 0. 0. 2.82525015e-003 8.16403981e-003 0. 0.
    2.75271898e-003 1.50333717e-003 2.43162899e-003 0. 0. 0.
    1.27853425e-002 0. 0. 0. 0. 3.31824529e-003 0. 0. 0. 0. 0. 0. 0. 0.
    7.48464838e-003 2.61280383e-003 0. -1.61572371e-003 2.32242723e-003
    0. 0. 0. 1.17125167e-002 0. 0. 0. 0. -1.34387612e-003
    1.45798991e-003 5.64295624e-004 0. 0. 0. 1.30521422e-002
    -3.03049397e-004 1.27862592e-003 0. 1.29888365e-002 0.
    -5.67426498e-004 2.66489224e-003 -1.76838448e-003 6.60461374e-003 0.
    0. 3.07887909e-004 1.39669084e-003 -1.83304612e-004 0. 0. 0. 0. 0.
    0. 0. 0. 0. 0. 0. 0. 0. 0. 0. 9.21267550e-004 0. 0. 0. 0. 0. 0. 0.
    0. 0. 0. 0. 1.66648231e-003 0. 5.85890422e-003 0. 0. 1.54913228e-003
    0. 3.45352595e-003 0. 2.78444332e-003 0. 0. 0. 0. 5.39624179e-003 0.
    0. 6.02982892e-003 0. 0. 6.24159165e-003 0. 0. 0. 0. 1.35796668e-003
    0. 2.31209662e-004 0. 0. 0. 0. 3.59929749e-003 2.28738296e-003 0.
    7.59043125e-003 0. 0. 0. 2.02350807e-003 -1.50402274e-003 0. 0.
    2.12084502e-003 0. 0. 0. 0. 1.70803498e-004 3.25244199e-003 0. 0.
    1.84734201e-003 5.76444762e-003 4.16977052e-003 0. 0.
    -6.58536665e-005 0. 0. 6.59744674e-003 7.99960736e-003
    1.87918474e-003 7.59613188e-003 0. 0. 0. 9.82109644e-003 0. 0.
    8.94290715e-005 3.01813381e-003 6.55996613e-003 0. 0. 0. 0. 0.
    -1.08155876e-003 0. 0. 0. 0. 0. 2.29851692e-003 7.10684014e-003 0.
    0. 2.28090561e-003 0. 0. 0. 0. 0. 0. 0. 0. -1.24050840e-003
    8.94324016e-003 0. 0. 0. 0. 1.66679989e-003 0. 0. 0. 0.
    5.78907551e-003 0. 0. -2.72471295e-003 0. 0. 1.74788886e-003 0.
    4.59678005e-003 0. 0. -1.28359906e-003 0. 0. 0. 0. 0.
    8.02518916e-005 0. 0. -3.27900122e-003 1.05176726e-002
    7.13316724e-004 0. 0. 0. 0. 0. 0. -1.47753337e-003 3.32378875e-003
    0. 1.60256703e-003 5.28479833e-003 0. 0. 0. 1.34023447e-002 0. 0. 0.
    0. 0. 0. 0. -1.01569609e-003 1.44942570e-003 0. -1.25836837e-003 0.
    -1.44821056e-003 7.23115285e-004 0. 0. 6.28635986e-004
    6.85397012e-004 -1.04474206e-003 -5.55873150e-004 0. 0. 0. 0. 0. 0.
    0. 0. 5.40294359e-003 0. 0. 0. 1.89108215e-003 0. 0. 3.08758230e-003
    3.01007740e-003 0. 0. 0. -2.04815157e-003 0. 0. 4.95384855e-004 0.
    0. 0. 0. 1.79262878e-003 2.01052288e-003 8.86076479e-004 0.
    1.22555054e-003 0. 0. 0. 1.33068711e-002 0. 0. 0. 0. 0. 0. 0. 0.
    1.22240337e-003 0. 6.87410263e-003 0. 6.85017044e-003 0. 0.
    6.19952893e-003 0. 6.24705246e-003 7.91927055e-003 0. 0. 0. 0.
    8.66749976e-003 -9.45782638e-004 9.48294066e-003 0. 0. 0. 0.
    -1.58653002e-005 1.09225959e-002 0. 0. 0. 0. 6.88044680e-003
    1.28282560e-002 2.94139958e-003 0. 6.57837465e-003 0. 0. 0. 0.
    1.06820359e-003 0. -2.63790670e-003 0. 0. 0. 0. 0. 0. 0.
    5.13979280e-003 1.37980161e-002 0. 0. 0. 0. 0. 1.95116809e-004 0. 0.
    8.66555609e-003 0. 2.78910808e-003 7.71142077e-003 0. 0. 0.
    3.70639423e-003 1.18287816e-003 1.78653956e-003 -2.57352949e-004 0.
    0. 0. 5.63806621e-003 0. 0. -4.47934959e-003 -1.50816981e-003 0. 0.
    0. 0. 0. 6.66836090e-003 0. -5.89156523e-004 0. 0. 0. 0.
    1.19602168e-003 0. 3.33848363e-003 5.60677331e-003 0.
    5.63479215e-003 0. 0. 0. 0. 0. -1.39408585e-004 2.18355143e-003 0.
    0. 0. 0. 0. 1.22614601e-003 0. 0. 0. 9.20898572e-004
    -5.20522997e-004 0. 4.94586211e-003 4.80902428e-003 0.
    9.67949803e-004 0. 0. 0. 2.85892223e-004 8.64465069e-003 0. 0. 0. 0.
    0. 0. 0. 0. 0. 0. 0. 5.85400453e-003 0. 0. 0. 0. 0. 0.
    2.15302315e-003 0. 0. 3.18605709e-003 0. 0. 0. 0. 5.91739267e-003 0.
    0. 1.93792041e-002 6.97639352e-003 0. 0. 0. 0. -1.55115779e-003
    1.35753374e-003 0. 0. 0. 0. 0. 0. 4.18670848e-003 0. 1.61059469e-003
    0. 0. 0. 9.82532394e-004 0. 9.91087756e-004 0. 2.06337217e-003 0. 0.
    0. 2.14517070e-003 0. 3.30237928e-003 0. -2.23399792e-003
    1.10255601e-002 0. 0. 0. 0. 0. 4.95695695e-003 1.90655887e-003 0.
    9.87377367e-004 2.82978243e-003 0. 0. 0. 0. 0. 0. 1.85869483e-003 0.
    0. 3.50262690e-003 2.12360127e-003 -1.04971004e-004 0. 0.
    -1.75632851e-003 0. 3.27036064e-003 0. 0. 4.56978148e-003 0. 0. 0.
    2.52400013e-003 0. 0. 1.42020835e-002 3.41580436e-003 0. 0. 0. 0. 0.
    0. 0. 1.66660044e-004 0. 0. 0. 0. 0. 0. 5.01335319e-003
    2.61169765e-003 0. 0. 1.32797193e-002 3.21784662e-003 0. 0.
    1.92185305e-003 9.41435806e-003 0. 0. 0. 0. 6.02306006e-003 0. 0. 0.
    0. 0. -8.08495330e-004 0. 0. 0. -5.19048539e-004 0. 6.85509120e-004
    0. 0. 0. -3.63012980e-004 2.15355190e-003 1.68871542e-003 0. 0. 0.
    0. 0. 0. 0. 0. 0. 4.81289206e-003 0. 0. 8.17664526e-003 0. 0.
    2.84318067e-003 0. 0. 0. 2.24406598e-003 0. 0. 0. 2.50789104e-003
    8.08832527e-004 -1.13838178e-003 0. 0. 0. 0. 1.11437729e-003 0. 0.
    5.90476114e-003 0. 0. 6.82237325e-003 0. 0. 0. 0. 0. 0. 0. 0.
    9.92111629e-004 0. 0. 1.34174677e-003 -9.17947560e-004 0.
    5.96999144e-003 4.80149826e-003 0. 8.27618467e-004 6.31375983e-003
    0. 2.67945533e-003 0. 0. 0. 2.70057889e-003 0. 0. 0. 0.
    1.50755537e-003 0. 2.35246448e-003 0. 1.63001794e-004
    1.60867011e-003 0. 0. 0. 2.19634268e-003 0. 0. 0. 0. 0.
    8.85399408e-004 0. -9.36756900e-004 0. -1.64033336e-004 0.
    6.16025005e-004 0. 0. 0. 0. 0. 0. 1.58530741e-003 0. 0. 0. 0. 0.
    1.36644440e-003 0. 6.83631108e-004 0. 0. 0. 0. 0. 0.
    -1.07449584e-003 -3.10710771e-003 0. 8.51378124e-003 8.20408110e-004
    0. 0. 0. 0. 0. 0. 0. 4.52077435e-003 0. 0. 4.37284447e-003 0. 0. 0.
    1.20468123e-003 0. 0. 0. 0. 0. 0. 0. 0. 1.34706218e-002 0. 0. 0. 0.
    6.49009552e-003 4.00902471e-003 0. 0. 0. 0. -2.99410807e-004
    1.50121108e-003 0. 1.53386104e-003 5.35768690e-003 0.
    7.54092680e-003 0. 0. 0. -6.69173722e-004 0. -2.56308384e-004 0.
    -1.45276240e-003 0. 0. 0. 0. 0. 0. 5.59459021e-003 1.74291115e-002
    0. -8.84304871e-004 0. 0. 2.68692791e-004 4.81256191e-003 0. 0.
    3.53219942e-003 0. 0. 0. 0. 0. 0. 2.71741347e-003 0. 1.23388553e-003
    0. 0. 2.10106885e-003 0. 0. 0. 0. 5.88759687e-003 0. 0.
    1.75169844e-003 -3.99875891e-004 0. 0. 0. 0. 0. 0. 2.63761031e-004
    0. 0. 0. 0. 0. 1.41979905e-003 0. 0. 0. 0. 0. 0. 4.83259140e-003 0.
    1.30767273e-002 3.19260661e-003 0. 0. 0. 0. 6.81582140e-003 0. 0. 0.
    2.24687639e-004 0. 0. 0. 0. 2.20304891e-003 0. 2.05605663e-003 0. 0.
    0. -1.95482629e-003 0. 0. 1.90428819e-003 1.08792901e-003 0. 0. 0.
    7.01667625e-004 -2.28748060e-004 0. 0. 1.21914335e-002
    7.38244969e-004 0. 0. 0. 0. 0. 0. 1.44851767e-003 0. 0. 0.
    5.44755673e-003 0. 0. 8.10501806e-004 0. 0. 0. 0. 0. 0.
    2.50699148e-002 0. 0. 0. 0. 0. 0. 0. 0. 0. 0. 2.86345975e-003 0. 0.
    0. 0. 6.12356816e-004 1.87518692e-003 0. 3.37765738e-003 0. 0. 0. 0.
    0. 0. 1.57132652e-003 0. 0. 0. 1.85721775e-003 0. 0. 0. 0.
    4.37528826e-003 0. 0. 0. 5.37920743e-003 6.99192751e-005 0.
    1.55698752e-003 0. 0. 0. 2.09149369e-003 0. 5.41091664e-003 0. 0. 0.
    2.36932119e-005 2.25021620e-003 0. 0. 0. 0. 0. 0. 0.
    -1.17414107e-003 0. 4.80880588e-003 9.20172688e-003 0.
    2.55657732e-003 2.90709967e-003 0. 0. 2.92200455e-003 0. 0. 0.
    2.20369664e-003 0. 0. 0. 0. 0. 0. -4.25885519e-004 3.00641824e-003
    0. 1.49118679e-003 1.58752839e-003 0. 1.84646773e-003 0. 0. 0.
    -2.20289058e-003 0. 0. 0. 0. 0. 0. 0. 0. -2.35455995e-003 0. 0. 0.
    0. 2.24892772e-003 7.35036680e-004 0. 0.</data></imageDescriptor>
</opencv_storage>
