<?xml version="1.0"?>
<opencv_storage>
<imageDescriptor type_id="opencv-matrix">
  <rows>1</rows>
  <cols>1000</cols>
  <dt>f</dt>
  <data>
    0. 3.89285246e-003 0. 0. 0. 0. 6.41000923e-004 0. -8.76566337e-004
    0. -5.28821955e-004 0. 0. 0. -4.86230681e-004 0. 0. 0.
    -1.15148618e-003 0. 0. 0. 4.17017145e-003 0. 0. -9.00182873e-004 0.
    0. 0. 4.48460737e-003 0. 0. 9.27270669e-003 0. 0. 4.18941304e-003
    -1.61732512e-003 0. 4.72533022e-004 6.02616579e-004 0. 0. 0. 0. 0.
    0. 0. 0. 3.48541117e-003 6.01492170e-003 0. 6.51087193e-003
    8.85380432e-004 2.62203789e-003 0. 0. 0. 0. 2.34197523e-003 0. 0. 0.
    6.31968677e-003 0. 0. 0. 0. 0. 0. 0. 0. 0. 2.47199344e-003 0. 0.
    1.08583621e-003 0. 0. 0. 0. 6.70793653e-003 0. 8.64129793e-003 0.
    -2.00628210e-003 0. 0. 0. 0. 0. 0. 0. 1.95459390e-004 0.
    3.49515863e-003 1.65052374e-003 1.62132573e-003 0. 1.31274117e-002
    6.21149503e-003 0. -7.16387585e-005 0. 0. 0. 0. 0. 0. 0. 0.
    2.71232869e-003 0. 0. 0. 1.29691605e-003 1.08930410e-003 0.
    -2.28113800e-004 0. 0. -1.41039013e-003 0. -1.19654658e-004 0.
    1.51728874e-003 0. 3.27057554e-003 4.30722209e-003 0. 0. 0. 0. 0. 0.
    0. 0. 0. 0. -2.23883078e-003 0. 0. 0. 0. 0. 9.64721374e-004 0. 0. 0.
    0. 0. 0. 0. 0. 1.08525185e-002 0. 4.19802964e-004 3.69014521e-003 0.
    0. 2.13849801e-003 6.45071408e-003 0. 0. 0. 0. 2.41570221e-003 0. 0.
    0. 4.92381118e-003 0. 0. 0. 0. 0. 0. 0. 0. 0. 0. 0. 1.21268060e-003
    0. 0. 3.09366523e-003 1.86493229e-002 3.32146860e-003 0. 0. 0. 0. 0.
    0. 0. 0. 0. -9.43254505e-004 0. 0. 3.04034585e-003 6.98352000e-003
    0. 1.46349194e-003 0. 0. 9.01064021e-004 6.47034217e-003 0. 0. 0.
    2.38839700e-003 7.79308984e-003 1.95731642e-003 0. 3.82257323e-003
    1.42487220e-003 1.03623664e-003 0. 0. 0. 0. 0. 0. 0. 8.54326412e-003
    0. 0. 0. 0. 0. 0. 0. 0. 1.93125103e-003 3.89960269e-003
    6.86544646e-003 0. 0. 0. 0. 0. 1.50415692e-002 -1.38474675e-003
    2.06938898e-003 0. -1.87312276e-003 0. -7.43065029e-005
    6.35504816e-003 5.69142541e-003 1.06807740e-003 0. 0.
    1.09154601e-002 0. 0. 1.87478773e-003 5.43963350e-003 0. 0. 0. 0.
    5.10669954e-004 0. 0. 0. 0. 0. 3.77110322e-003 -6.84379134e-004
    1.06158585e-003 3.48985498e-003 2.41128588e-003 0. 2.10263971e-002
    1.74208998e-003 5.80742862e-003 0. 0. 2.96720932e-003
    6.38239027e-004 -1.11859140e-003 0. 0. 0. 0. 0. 0. 0. 0. 0.
    8.75775050e-003 0. 0. 0. 0. 0. 0. 4.19515930e-003 8.08946323e-003 0.
    0. 0. 0. 1.44090876e-003 0. 0. 0. 0. 0. 0. 0. 0. 0. 0. 0. 0.
    3.45184957e-003 0. 0. 1.66341092e-003 0. 0. 1.20196794e-003 0. 0.
    5.17997285e-003 6.18633768e-003 6.85740216e-003 0. 0. 0. 0. 0.
    6.60658954e-003 0. 4.04598424e-003 0. 0. 0. -2.69757118e-003 0.
    4.41250671e-003 0. 7.46004516e-003 0. 0. 4.27760510e-003
    1.47677760e-003 0. 0. 1.30224396e-002 0. 1.78168539e-005
    7.17372028e-003 0. 0. 5.71510987e-003 4.10269387e-003
    -9.44932166e-004 -1.26498926e-003 0. 0. 0. 0. 0. 0. 0. 0. 0. 0. 0.
    4.66168439e-003 1.61654025e-003 0. 2.40619574e-003 0. 0. 0. 0. 0. 0.
    0. 0. 0. 0. 0. 0. 2.70665181e-003 0. 0. 1.46323245e-003 0. 0. 0. 0.
    0. 0. -2.05566105e-003 0. 0. 0. 7.26692844e-003 1.00548752e-002 0.
    0. 0. -8.93251621e-004 0. -6.13263808e-004 7.36974273e-003
    1.35980535e-003 2.54683523e-003 0. 0. 3.96284368e-003 0.
    4.36090259e-003 3.06880008e-003 0. 2.97228689e-003 0. 0. 0. 0. 0.
    4.23996156e-004 0. 0. 0. -1.06200983e-003 1.22952697e-004 0. 0.
    -3.03146988e-003 0. 0. 0. 0. 0. 3.29472194e-003 1.40807917e-003 0.
    4.03336249e-003 0. 0. 0. 0. 0. 4.64126788e-004 0. 3.03629145e-004 0.
    6.45983452e-003 0. 3.25237331e-003 1.14957290e-002 6.34413166e-003
    3.04578134e-004 0. 0. 0. 0. 0. 0. 0. 0. 0. 0. 0. 0. 0.
    1.57717650e-003 1.35197667e-002 0. 0. 0. 0. 0. 0. 0. 0. 0. 0. 0. 0.
    0. 0. 1.46332930e-003 0. 0. 0. 0. 0. 0. 0. 0. 0. 9.70122218e-003 0.
    0. 0. 0. 1.91196334e-003 0. 0. 0. 0. 0. 0. 0. 0. 0. 0. 0. 0. 0.
    6.03728741e-003 0. -2.18294840e-003 9.46311932e-003 8.65293769e-005
    2.71781534e-003 2.97822338e-003 0. 0. 6.31225621e-003
    2.08062236e-003 0. 5.33134723e-003 1.12133101e-002 0. 0. 0. 0.
    -1.44816109e-003 1.53310236e-003 6.28510350e-003 9.72569280e-004
    5.53024642e-004 0. 0. 0. 2.23747594e-003 0. 0. -1.57442247e-003 0.
    1.46118794e-002 7.98369199e-003 4.68588993e-003 3.43225640e-003 0.
    9.03645810e-003 7.70079554e-004 0. 0. 0. 1.63709801e-002 0.
    7.87805114e-003 0. -3.95661546e-003 0. 0. 0. 5.02205687e-003 0. 0.
    0. 0. 2.27568834e-003 2.58740503e-003 0. 0. 0. 4.82462579e-003 0. 0.
    0. 0. 0. 3.03455512e-003 0. 0. 0. 0. 0. 0. 4.40981193e-003 0. 0. 0.
    -3.31368326e-004 1.92972086e-003 0. 0. 0. 4.14369861e-003 0.
    -1.04739587e-003 1.82777049e-003 8.87425058e-003 -3.58058931e-003
    3.09247780e-003 5.83376444e-004 2.75384006e-003 0. 0. 0. 0. 0.
    2.40817410e-003 3.84331710e-004 0. 0. 1.61557202e-003
    -2.08341400e-003 0. 0. 1.47062342e-003 2.01617251e-003
    2.46055028e-003 0. 0. 0. 0. 0. 0. 0. 0. 0. 0. 1.63502555e-004 0. 0.
    8.98801372e-004 0. 0. 0. 0. 0. 0. 0. -6.07613474e-004
    7.40690622e-004 0. -1.29144129e-004 0. 1.65538990e-003 0.
    -1.06086291e-003 0. 0. 0. 0. 2.31889589e-003 0. 1.67282694e-003 0.
    0. 0. 0. 6.95180730e-004 0. 0. 0. 0. 0. 0. 6.77199150e-003 0. 0. 0.
    4.14990966e-004 0. 0. 3.59525043e-003 1.74242188e-003 0. 0.
    5.77652408e-003 0. 0. 0. 1.89482588e-002 0. 0. 0. -6.99698343e-004
    0. 0. 7.97790568e-003 0. 0. 0. 0. -1.89975114e-003 0. 0. 0. 0. 0. 0.
    0. 0. 0. 0. 0. 0. 0. 5.71450125e-003 0. 0. 2.80387787e-004
    9.44991130e-004 0. 0. 0. 0. 8.62189569e-004 0. 0. 0. 1.38371147e-003
    0. 0. 0. 0. 0. 0. 0. 1.86292105e-003 0. 0. 0. 0. 3.49523197e-003
    3.08304746e-003 0. 5.42860711e-004 0. 6.87744119e-004 0. 0. 0. 0. 0.
    0. 0. 0. 0. 0. -4.77021700e-003 9.85333882e-003 0. 0. 0. 0. 0. 0. 0.
    0. 0. 0. 0. 8.05183407e-003 0. 0. 0. 2.80364300e-003 0. 0. 0. 0. 0.
    -4.94542299e-003 1.60360560e-002 6.27803383e-003 0. 0.
    1.86577346e-003 3.90020641e-003 0. 1.09184375e-002 0. 0.
    3.82584753e-003 0. 0. 0. 0. -4.80017764e-003 4.42290166e-003 0. 0.
    0. 0. 4.96831199e-004 0. 0. 0. 8.30941088e-003 0. 0. 0.
    -1.15969160e-003 2.17090384e-003 0. 0. 0. 3.14378156e-003 0. 0. 0.
    0. 0. 0. 0. 6.90391753e-004 0. 0. 0. 0. 0. 0. 0. 6.06014067e-003
    -1.46110356e-003 0. 0. 0. 2.23236694e-003 0. 0. 0. 0.
    1.90916215e-003 0. 3.77224805e-003 2.74513615e-003 0. 0. 0. 0. 0. 0.
    0. 0. 0. 0. 0. 0. 8.27489363e-004 -5.01861423e-003 1.24735208e-002
    0. 1.20215509e-002 0. 0. 0. 8.76175985e-003 3.37185035e-003 0. 0. 0.
    0. 0. 0. 0. 0. 0. 0. 0. 0. 0. 0. 0. 0. 0. 0. 0. 1.77909958e-003
    2.77024531e-003 0. 0. 0. 0. 0. 0. 0. 9.87427757e-006 1.48822938e-003
    0. 0. 0. 0. -1.83523656e-003 0. 0. 0. 0. 1.29867047e-002
    7.36604957e-003 0. -1.08886964e-003 -1.04611774e-003 0. 0.
    2.33232928e-003 1.02883354e-002 0. 0. 0. 0. 4.08271281e-003
    1.14610083e-002 0. 0. 1.17009482e-003 0. 0. 0. 5.77505853e-004 0. 0.
    0. 0. 0. 0. 4.98180604e-003 0. 0. 0. 0. 0. 6.37469406e-004
    4.60600946e-003 0. 0. 6.75036851e-003 5.18674590e-003
    1.68128335e-003 9.09288507e-003 2.07632780e-003 0. 0. 0. 0. 0. 0. 0.
    0. 0. 0. 0. 0. -1.45078264e-003 0. 0. 1.35178119e-002 0.
    5.68759814e-003 6.97377697e-003 0. 0. -1.02573121e-003 0.
    -1.92873282e-004 2.37004529e-003 0. 0. 0. 0. 1.65512471e-003 0. 0.
    3.57453740e-004 0. 0. 0. 0. 0. 2.01229216e-003 0. 0. 0. 0. 0. 0. 0.
    4.85240063e-003 0. 0. 0. 0. 0. 3.12872953e-003 9.25779995e-003 0.</data></imageDescriptor>
</opencv_storage>
