<?xml version="1.0"?>
<opencv_storage>
<imageDescriptor type_id="opencv-matrix">
  <rows>1</rows>
  <cols>1000</cols>
  <dt>f</dt>
  <data>
    6.80456229e-004 0. 9.68581764e-004 6.13817014e-004 1.89318147e-003
    2.85457005e-003 0. -2.33798462e-004 0. 0. 0. 6.81225967e-004 0. 0.
    0. 0. 0. 0. 1.82542717e-003 1.79362390e-003 2.17816629e-003 0.
    6.77668676e-003 0. 0. 0. 0. 0. 2.52834987e-004 0. 1.38196896e-003 0.
    0. 0. 1.10894069e-003 -3.93471419e-004 8.52738158e-004 0.
    1.46750931e-003 0. 4.10124706e-003 3.89266585e-004 0. 0. 0. 0. 0. 0.
    4.22557583e-003 0. 1.36374298e-003 2.05795746e-003 2.95699894e-004
    0. 0. 0. 0. 0. 5.49209304e-004 -1.25168613e-003 0. 1.65612448e-003
    1.50725117e-003 2.90650432e-003 9.32848605e-004 3.81740904e-003 0.
    2.41730246e-003 0. 0. 4.12601139e-003 0. 4.23840526e-003 0.
    1.15432348e-002 1.12646248e-003 6.82571088e-004 0. 8.04403797e-004
    1.28456543e-003 2.21359939e-003 0. 0. -2.91837496e-003
    3.98951408e-004 0. 0. 0. 6.66212989e-003 0. 1.40775274e-003 0. 0.
    6.66399312e-004 0. 0. 0. 0. -4.16999945e-004 8.20657704e-004
    3.47904814e-003 8.52479250e-004 0. 6.42648723e-004 4.60432423e-003
    0. 0. 0. 0. 5.80288097e-003 1.54112547e-003 0. -3.56554345e-004 0.
    0. 0. 0. 0. 0. 0. 8.71202035e-004 3.68024642e-003 2.34498037e-003 0.
    3.43591534e-003 9.08677932e-004 0. 0. 4.76685073e-003 0. 0.
    8.77164246e-004 3.86927696e-003 0. 0. 0. 1.91146252e-003 0.
    4.11771704e-003 0. 0. -2.69882992e-004 0. 0. 1.69164944e-003
    7.25585502e-004 0. 0. 9.44794214e-004 0. 4.18142212e-004 0.
    -2.11662555e-004 0. 0. 2.88218725e-003 0. 6.98419579e-004
    1.19686476e-003 1.69918954e-003 2.36808904e-003 0. 3.41481226e-003
    0. 1.82784081e-003 -1.11899874e-003 9.32066236e-004 5.39744389e-004
    5.54799289e-003 0. 0. 0. 0. 0. -1.90753944e-003 0. -7.82700896e-004
    6.08133804e-003 0. 1.25594193e-003 0. -5.38549677e-004
    5.65886637e-003 0. 0. 0. 0. 0. 0. 2.48298142e-003 0. 0. 0. 0. 0. 0.
    -6.42693834e-004 4.04094812e-004 7.56313209e-004 2.94988189e-004
    2.13551382e-003 0. 0. 1.05727813e-003 9.10547003e-003
    2.91299121e-003 0. 0. 0. 1.93113799e-003 0. 0. 1.43772061e-003
    3.00680217e-003 -1.52766437e-003 0. 0. 4.15916834e-003 0.
    3.95535666e-004 0. 0. 0. 1.30120816e-003 1.84882095e-003 0. 0. 0.
    4.18157317e-003 0. 2.51854653e-003 0. 2.57929118e-004
    -3.60202743e-004 -2.15907651e-003 -1.03157316e-003 0. 0. 0. 0. 0. 0.
    0. 0. 0. 0. 0. 0. 0. -6.89388136e-004 -5.23283088e-004 0.
    6.46859466e-004 -5.76814823e-003 0. 1.42326835e-003 0.
    -1.92252424e-004 0. 0. 2.70018727e-003 6.21314917e-004 0.
    2.55613052e-003 0. 0. 0. 3.14118015e-003 0. 0. 0. 3.42168845e-003
    6.38033682e-003 0. 0. -1.22553948e-003 1.33218504e-002 0. 0. 0.
    -6.64065476e-004 1.67168595e-003 0. 5.98956365e-003 5.02253184e-003
    0. 5.21384412e-003 0. 0. 0. 0. 2.31093843e-003 -4.76968446e-004 0.
    0. 7.08220433e-003 1.39331701e-003 0. 2.45180354e-003 0.
    6.85970113e-003 0. 0. 0. 2.32999027e-003 7.15158094e-005 0.
    1.54819828e-003 0. 0. 0. 0. 0. 0. 1.17363490e-003 0.
    -1.07622228e-003 0. 0. 0. 0. 0. 2.93000462e-003 -1.95058645e-003 0.
    0. 3.66520439e-003 5.20516792e-003 4.71470878e-003 -3.21705971e-004
    0. -1.15868519e-004 -3.26677633e-004 3.99669725e-003 0. 0.
    -7.67928781e-004 -1.26448018e-003 0. 0. 0. 1.61969860e-003 0. 0. 0.
    0. 2.36318796e-003 1.34923239e-003 0. -4.25352482e-004 0.
    1.47540763e-003 0. 8.49044044e-003 0. 0. 0. 2.24841712e-003
    5.65931993e-003 -1.08604634e-003 0. 0. 0. 6.62892824e-004 0. 0. 0.
    0. 2.52400013e-003 3.19163228e-004 0. 0. 0. 2.39400216e-003
    1.98795786e-003 1.22689444e-003 0. 1.54561480e-003 0. 0.
    8.69154837e-003 5.25063602e-003 0. 0. 0. 0. 0. 0. 5.39631210e-003 0.
    0. 0. 3.46819870e-003 1.24898774e-003 9.41481558e-004 0.
    1.82987496e-004 0. 1.61949564e-002 -5.41445566e-004 0.
    7.89756887e-004 5.57379855e-004 4.14115284e-003 0. 1.54431025e-003
    0. 6.21272670e-003 -2.74037011e-004 0. 0. 0. 6.69527799e-003 0. 0.
    3.51923914e-003 4.57635988e-003 2.87883962e-003 6.97559724e-003 0.
    0. 1.24653790e-003 0. -8.21483787e-004 0. 0. 0. 0. 0. 0.
    1.84327969e-003 0. 7.82368763e-004 1.06091036e-004 2.21356354e-003
    -1.32154289e-003 6.40730257e-004 8.54925439e-003 0. 0. 0. 0. 0.
    1.60168216e-003 8.89996719e-003 0. 1.12782186e-003 0. 0. 0. 0.
    1.85178500e-003 0. 0. 0. 4.03773878e-003 0. 0. -2.55111908e-003 0.
    0. 0. 0. 0. 0. 6.18428283e-004 0. 0. 0. 0. 2.03608293e-002
    6.29695132e-005 -3.88043612e-004 0. 0. 0. 0. 0. -2.29844853e-004 0.
    0. 2.07130592e-002 9.09894821e-004 0. -7.02638703e-004 0.
    2.44275411e-003 0. 0. 1.30473729e-003 0. 1.22064084e-003 0.
    2.53976253e-003 1.94960542e-003 0. 1.11281942e-003 0.
    1.15874712e-003 1.77865173e-003 0. 0. 0. 0. 0. 4.45022807e-003 0.
    8.55938881e-004 1.87781174e-003 0. 0. 4.74831834e-003
    5.13372617e-003 0. 1.80595974e-003 0. 0. 3.56570352e-003
    3.94147122e-003 8.22500605e-003 0. 7.07619172e-003 0. 0. 0. 0.
    7.09174760e-003 1.47428212e-003 -1.91604893e-004 0. 3.29643575e-004
    0. 0. 0. 0. 2.43474380e-003 -1.62933965e-003 1.56549260e-003
    1.02262641e-003 0. 0. 0. -1.32163595e-005 -1.77489268e-003 0. 0.
    5.47800539e-003 5.93906560e-004 0. 4.90041496e-003 0. 0.
    2.44733237e-004 1.00030261e-003 5.51966671e-003 1.73697562e-003 0.
    0. 1.79752742e-003 0. 3.36656673e-003 0. 1.49060463e-004 0. 0.
    1.21025695e-003 -5.03356860e-004 0. 0. 0. 1.43844367e-003
    -6.00200263e-004 0. 0. 3.03051132e-003 0. 0. 0. 0. 0.
    -2.02476885e-003 0. 1.60890585e-003 0. 0. 0. 0. 0. -5.91993972e-004
    0. 0. 0. 0. 1.78121880e-003 -1.36205024e-004 0. 0. 0. 0. 0.
    2.43249419e-003 2.52148858e-003 -1.74352281e-005 3.58965801e-004 0.
    8.66667088e-003 8.43872223e-003 9.51119512e-003 0. 0. 0. 0. 0. 0. 0.
    2.47497042e-003 1.28348940e-003 0. 0. 0. -3.90145608e-004
    6.95017166e-004 0. 0. 2.42391601e-003 0. 0. 0. 1.81198004e-003 0. 0.
    0. 0. 1.37943518e-003 6.75340788e-003 0. 0. 1.82760810e-003
    7.87766534e-004 1.24107476e-003 0. 0. 3.29860859e-003
    -6.68591238e-004 0. 0. 3.20836646e-003 -2.79603060e-003 0.
    1.65743520e-003 -2.12207180e-003 0. 3.54164583e-003 0. 0. 0. 0. 0.
    3.14282440e-003 7.30181718e-003 8.34896322e-003 0. 0. 0. 0. 0.
    2.18208981e-004 1.53341494e-003 0. -2.13710824e-003 2.87910900e-003
    0. 0. 8.15787073e-003 3.75551754e-003 2.72237608e-004
    6.83436217e-003 0. 6.37705496e-004 0. -9.60112739e-005
    4.56095953e-003 6.54615043e-003 0. 2.68255570e-003 1.03863413e-002
    2.24462454e-003 5.03466092e-003 0. 5.10216574e-004 4.03596694e-003
    0. -1.05649454e-003 0. 0. 7.85051379e-004 0. 0. 6.68876851e-003
    7.25012564e-004 0. 2.06222385e-003 1.15118013e-003 5.63457236e-003
    0. 0. 0. 1.25644973e-003 0. 0. 0. 5.84562588e-003 0. 0.
    1.69155141e-003 0. 0. 0. 0. -3.22155160e-004 1.57138577e-003 0. 0.
    1.55627297e-003 0. 0. 0. 0. 0. 1.09935342e-003 5.56065189e-003 0.
    7.41776428e-004 0. 1.73791044e-003 -8.77835962e-004 0.
    -7.70602608e-004 3.47543694e-003 3.73050733e-003 0. -5.78470354e-005
    1.99721917e-003 6.91162248e-004 -3.41906957e-003 0. 2.09860993e-003
    0. 0. 0. 0. 1.32103066e-003 0. 2.20273808e-003 2.58620363e-003
    1.97732355e-003 4.00629546e-003 5.10808919e-003 0. 0. 0. 0.
    -1.12414395e-003 1.76209083e-004 2.16846401e-003 0. 0. 0.
    -1.89848233e-005 0. 1.88168150e-003 0. 0. 0. 9.28479340e-003 0. 0.
    2.40273494e-003 1.79547851e-003 0. 4.17663367e-004 7.94939057e-004
    1.02664949e-003 2.80823722e-003 1.96738937e-003 8.24207091e-004 0.
    0. 0. 1.92883937e-003 0. 1.32423919e-003 9.26841982e-004 0. 0.
    7.65470974e-003 0. 0. 0. 1.76778180e-003 0. 3.30639468e-003
    2.58483342e-003 0. 0. 0. -1.92276610e-003 0. 0. 4.75679105e-003
    1.75558220e-004 -1.13624264e-003 2.35998770e-003 0. 4.29075852e-004
    6.42369094e-004 2.41739466e-003 1.04561504e-002 0. 4.34567127e-003
    0. 1.20490440e-003 0. 0. 0. 0. 1.48477568e-003 0. -1.79154929e-004
