<?xml version="1.0"?>
<opencv_storage>
<imageDescriptor type_id="opencv-matrix">
  <rows>1</rows>
  <cols>1000</cols>
  <dt>f</dt>
  <data>
    0. 0. 0. -7.24261568e-004 -5.54713071e-004 8.64051748e-004
    8.82024236e-004 0. 2.76814261e-003 0. -1.16400502e-003 0. 0. 0. 0.
    0. 0. 1.01817660e-002 3.97139508e-003 0. 5.95552498e-004 0.
    7.88729452e-003 0. 0. 9.29396658e-004 9.44495623e-005 0.
    2.97861290e-004 0. 0. 0. 0. 0. -6.16956910e-004 0. 0. 0. 0. 0. 0. 0.
    0. 7.25949823e-004 0. 3.92680988e-004 0. 8.57098494e-003 0. 0. 0. 0.
    0. 9.88618564e-003 -2.43524578e-003 0. 4.06598579e-003 0.
    7.55876303e-004 0. 0. 7.62080308e-003 3.81310470e-004 0. 0. 0. 0. 0.
    0. 0. 0. 0. 4.79364209e-003 0. 0. 1.56487208e-002 0. 0.
    1.25667164e-002 2.83937494e-004 -8.09975900e-005 0. 4.54563042e-003
    2.03072862e-003 0. 0. 0. 0. 1.38119818e-003 0. 0. 0. 0.
    9.25124681e-004 0. 6.12088852e-003 0. -5.86561917e-004
    4.77054482e-003 0. 0. -3.27303307e-003 0. -2.63330527e-004 0.
    2.06003268e-003 0. 0. 6.58128690e-003 0. 3.54318507e-003 0. 0. 0. 0.
    0. 0. 0. 0. 0. 1.63176260e-003 3.37774935e-003 2.07852875e-003 0. 0.
    4.02705511e-003 1.72598113e-003 0. -4.99754678e-004 0. 0.
    2.62997206e-003 -4.33639332e-004 0. 0. 7.45297002e-004 0.
    5.98808925e-004 0. 0. 0. 0. 0. 3.89573374e-003 9.86354519e-003 0.
    1.13401480e-003 2.80168676e-003 8.80333409e-003 2.70345085e-003 0.
    0. -6.21732470e-005 4.57239803e-003 -6.63666113e-004 0. 0. 0. 0.
    2.52396846e-003 0. 0. 1.13946088e-002 0. 0. 3.60659556e-004 0. 0.
    1.97158172e-003 0. 0. 5.95515780e-003 0. 0. 0. 2.21965974e-003 0. 0.
    0. 0. 0. -5.64848713e-004 0. 4.57221264e-004 0. 0. 0.
    3.45202140e-003 2.40904838e-003 0. 0. 1.89063104e-003 0. 0. 0. 0. 0.
    0. 1.96403777e-003 8.29764921e-003 3.35936667e-003 0.
    1.68796852e-002 0. 2.63306592e-003 1.42882429e-002 0. 0. 0. 0. 0.
    5.33938454e-003 0. 0. 9.10982373e-004 1.08414702e-002 0.
    3.51871178e-003 0. 0. 0. 0. 0. 0. 2.01867032e-003 0. 0. 0. 0. 0. 0.
    0. 0. 0. -5.89311065e-004 -4.07550309e-004 0. 0. 0. 0. 0. 0.
    2.84460955e-003 0. 9.41821188e-003 2.81752000e-004 0. 0.
    2.50547496e-003 0. 0. 4.44859359e-003 0. 1.19977887e-003 0. 0.
    1.26884673e-002 -1.39066397e-004 1.28906441e-003 6.68037962e-003 0.
    3.47854802e-003 0. 7.35626323e-003 0. 0. 0. 3.93218535e-004 0. 0.
    7.85867218e-004 0. 0. -5.71495201e-003 0. 2.32607545e-003 0. 0.
    3.92956380e-003 7.05707425e-005 1.41268843e-004 0. 0. 0. 0. 0.
    7.03062105e-004 0. 0. 0. 0. 0. 0. 0. 2.65070680e-003 0. 0.
    -1.82697200e-003 0. 0. 4.04343038e-004 0. 0. 4.03274503e-003
    1.79945794e-003 2.77628162e-004 0. 0. 9.00131930e-003 0.
    2.48898100e-003 0. 0. 0. 0. 0. 0. -7.87424331e-004 0. 0.
    3.07995966e-003 1.32528390e-003 2.26821844e-003 2.28585373e-003 0.
    8.63988139e-003 5.10988757e-003 0. 6.62381586e-004 0.
    -4.14803362e-005 1.15669123e-003 0. -2.15893902e-004 0. 0. 0.
    1.74707733e-002 0. 0. 3.70630040e-003 0. 0. 0. 0. 0.
    -1.97875837e-004 2.06492259e-003 0. 0. 6.25882437e-003 0. 0.
    -2.20097089e-003 0. 1.54650793e-003 -4.82455041e-004 0. 0. 0.
    -1.27029885e-003 0. 0. 1.67380422e-002 0. 0. 0. 0. 0. 0. 0. 0.
    1.53653780e-002 0. 0. 0. 0. 0. 0. 0. 0. 0. 6.72562863e-004 0. 0. 0.
    0. 0. 0. 9.49436706e-003 0. 0. -5.50528336e-003 0. 0. 0. 0. 0. 0. 0.
    0. 5.04711922e-003 0. 0. 1.07387761e-002 0. 0. 0. 0. 0.
    6.54228451e-003 6.17418811e-003 0. 0. 0. 0. 0. 0. -4.17167787e-003
    -3.50566057e-004 1.69390463e-003 -2.61380337e-004 0. 1.17367273e-003
    0. 1.36813736e-002 0. 0. 5.77383162e-003 0. -7.86833058e-004 0.
    6.32393826e-003 4.05155960e-003 0. 0. 0. -1.24393890e-004 0. 0. 0.
    0. 0. 0. 7.58996990e-004 0. 0. 0. 0. 0. 0. 0. 6.53320923e-003
    2.71083787e-003 6.61619846e-003 8.82804766e-003 3.51600698e-003
    1.38916320e-003 0. 7.65382079e-003 0. 7.94947799e-003
    3.96006322e-003 0. 0. 0. 3.05904984e-003 0. 0. 0. 0.
    -9.91929322e-004 7.40395044e-004 0. 9.12147388e-003 0. 0. 0.
    1.58188364e-003 -1.85619992e-005 -1.59384229e-003 -4.31749475e-004
    0. 0. 8.55454826e-004 0. 2.79860850e-003 0. -5.67786221e-004
    4.08339733e-003 0. 0. 1.37961283e-003 2.58213021e-002
    8.98357655e-004 0. 0. 0. 3.97100020e-003 0. 0. 0. 0. 0. 0.
    1.67218479e-003 5.06764627e-004 0. 0. 0. 0. 0. 0. 0. 2.24292884e-003
    0. 2.05022329e-003 -2.06414284e-003 0. 0. 0. 0. 0. 0. 0. 0.
    1.09721767e-002 0. 9.89332050e-003 0. 0. 0. 2.79546902e-003 0. 0.
    -1.31297519e-003 0. -5.23570983e-004 0. 0. 2.00038357e-003 0.
    -2.12539002e-004 8.89489986e-003 0. -5.44336741e-004
    -2.20029498e-003 0. 0. -5.99943509e-004 0. 2.73424131e-003 0. 0.
    -6.63922110e-004 0. 4.94977692e-003 0. 0. 0. 1.01367559e-003 0.
    5.15026506e-004 2.89668236e-003 3.56087461e-004 0. 5.26499422e-003
    0. 0. 0. 0. 0. 2.18658563e-004 4.94005904e-003 0. 0. 3.20166093e-003
    0. 0. 0. 0. 7.14344252e-003 0. 0. 0. 3.50130699e-003 0. 0. 0. 0. 0.
    0. 0. 0. 0. 7.48787588e-003 3.13718058e-003 0. 1.46509067e-003 0.
    4.54978459e-003 2.35469732e-003 4.60097613e-003 0. 2.86528072e-003
    2.91246059e-003 -1.25898432e-003 6.43046747e-004 0. 0. 0. 0.
    3.70823219e-003 3.42675834e-003 0. 0. 8.39629094e-004 0. 0.
    8.99816630e-004 0. 0. 1.68011946e-004 6.96463685e-004 0. 0. 0. 0.
    3.06611834e-003 7.48187813e-005 0. 0. 0. 1.25075327e-002
    6.58084813e-004 0. 0. 0. 0. 0. 0. 0. 0. 0. 2.97787343e-003 0.
    4.36121831e-003 0. 0. 3.96355195e-003 0. 5.69648575e-003 0. 0.
    3.93391121e-003 0. 0. 0. 0. 0. 0. 0. 8.43355519e-005 0. 0. 0.
    -8.51833262e-004 0. 0. 0. 0. 1.87207549e-003 3.51078954e-004 0.
    -1.40065234e-003 0. 0. 0. 1.70688867e-003 0. 2.77263741e-003 0. 0.
    0. 0. 0. 0. 6.72484224e-004 0. 2.06000218e-003 0. 0. 0.
    1.68137136e-003 0. 2.46408465e-003 0. 3.94249248e-004 0. 0. 0.
    5.84655860e-003 0. 0. 0. 0. 0. 0. 0. 2.20051431e-003 1.39503367e-003
    0. 0. 0. -2.03410955e-003 0. 1.82749168e-003 0. 0. -1.63818919e-003
    2.23105866e-003 0. 1.31316145e-003 0. -2.06393679e-003 0. 0.
    4.44187736e-003 0. 0. 0. 0. 0. 2.90169148e-003 0. -6.43081497e-004
    1.13178731e-003 0. 0. 0. 1.48521154e-003 0. 4.61300649e-003 0.
    4.24797297e-004 0. 5.73521201e-003 1.45939656e-003 0.
    1.09334448e-002 0. 1.92940747e-003 0. 6.81659032e-004
    3.62382387e-003 0. 0. 1.44655420e-003 0. 0. 0. 0. 6.92251883e-003
    2.06470213e-004 0. 0. 3.90935317e-003 7.71215884e-004
    1.09962840e-002 0. 7.87700643e-004 0. -8.31634621e-004
    1.53614371e-003 2.16493825e-003 0. 0. 8.30142992e-004
    6.54122035e-004 0. 0. 0. 6.29240042e-003 2.05988018e-003 0. 0. 0. 0.
    0. 0. 0. 0. 1.79021060e-003 1.75494406e-005 0. -2.23310851e-003 0.
    0. 2.04608589e-003 0. 4.80976887e-003 0. 2.28892490e-002 0.
    -3.09704366e-004 0. 0. -3.14853707e-004 0. 0. 2.44976394e-003 0. 0.
    -2.87477334e-004 2.84684077e-003 0. 0. -7.47483689e-004 0. 0.
    1.40228321e-005 1.85875199e-003 0. 0. 1.28356929e-004 0. 0. 0. 0. 0.
    0. 0. 0. 0. 0. 0. 1.94680865e-003 0. 0. 0. 0. 0. 4.16559679e-003
    1.93788169e-003 0. 4.86918783e-004 2.40993546e-003 0. 0. 0.
    9.33770742e-003 0. 0. 7.56824296e-003 0. 7.20422575e-003 0. 0.
    5.29773114e-003 0. 0. 5.90173528e-003 0. 3.21420655e-003 0.
    4.21443721e-003 1.68879563e-003 0. 0. 3.90506786e-004
    3.46996589e-003 0. 0. 0. 1.13303991e-004 0. 0. 0. 0. 0.
    2.72967317e-003 0. -1.31569302e-003 0. 1.88763451e-003 0. 0. 0. 0.
    0. 0. 7.92078150e-004 0. 0. 0. 0. 0. 0. 0. 0. 0. 0. 1.27505313e-003
    0. 0. 0. 1.33722019e-003 0. 1.52449366e-002 3.86172353e-004
    -2.77778762e-003 1.38602126e-003 0. 0. 0. 0. 0. 3.60807353e-005
    3.15885665e-003 0. 0. 0. 0. -2.73036677e-003 0. 0. 0. 0. 0. 0.
    5.64437639e-003 2.25170795e-003 0. 0. 0. 0. 0. 0. 0. 0.
    6.23986823e-003 8.47946294e-003 0. 1.29827985e-003 0. 0. 0. 0. 0.
    4.55442630e-003 0. 0. 0. 0. 4.01494931e-003 0. 0. 0. 1.34276773e-003
    1.29350857e-003 0. 0. 0. 0. 0. 8.49613175e-003 6.01379573e-003
    1.40424713e-003 -5.89924108e-004 -3.02227621e-004 0. 1.91755395e-003
