<?xml version="1.0"?>
<opencv_storage>
<imageDescriptor type_id="opencv-matrix">
  <rows>1</rows>
  <cols>1000</cols>
  <dt>f</dt>
  <data>
    0. 6.60768943e-004 2.35225237e-003 0. 0. 0. 2.86951405e-003
    1.67365128e-003 -1.17393083e-005 0. -1.12558750e-003 0.
    2.38322591e-005 2.90585170e-003 1.36224367e-003 0. 0. 0. 0. 0. 0.
    8.08615424e-003 -6.15309458e-004 0. 1.11027167e-003 3.38803139e-003
    0. 0. 3.33162677e-003 -1.51017681e-003 0. 0. 1.92393688e-003 0. 0.
    0. 1.51272339e-003 0. 0. 1.80036004e-003 1.41817553e-003 0. 0.
    9.45680961e-003 0. 1.70984084e-003 2.24127294e-003 2.92408536e-003
    0. 0. 0. 5.36563713e-003 1.81060843e-003 0. 1.09966844e-003 0.
    3.44313262e-003 1.69246795e-003 0. 1.86468486e-003 2.93305446e-003
    2.59603630e-003 7.30797602e-003 0. 0. 0. 0. 5.89723885e-003 0.
    2.29967573e-005 1.52264291e-003 0. 4.76888008e-003 4.75053443e-003
    0. 0. 0. 0. 0. 0. 0. 0. 0. 1.54689548e-003 0. 4.25159087e-004 0. 0.
    5.18904580e-003 0. 0. 1.00829848e-003 4.74483566e-003 0. 0.
    2.36957008e-003 0. -1.97632564e-003 3.64296860e-003 0.
    -1.80036543e-004 2.25240248e-003 2.84261093e-003 3.52573744e-003 0.
    -4.18032596e-006 0. 0. 0. 0. 2.68111425e-003 0. 0. 0. 0. 0. 0.
    1.42374728e-002 0. 0. -3.29632057e-005 0. 4.82445257e-003
    3.33481887e-003 1.36559887e-003 2.51047965e-003 6.75673145e-005 0.
    0. 3.29846400e-004 4.11522808e-003 5.78580482e-004 1.54147262e-003
    0. 0. 9.06581583e-004 -7.17703835e-004 0. 2.98000523e-003 0. 0. 0.
    1.44981837e-003 0. 5.38303400e-004 0. 1.92491128e-003
    2.32178121e-004 0. 1.80845510e-003 4.45837993e-003 -6.84832456e-004
    0. 0. 1.25952135e-003 1.67530170e-003 4.44707647e-003
    8.16647138e-004 1.19203189e-003 -1.22932880e-003 2.16928456e-004 0.
    0. 0. 1.92503014e-003 0. 0. 5.23940136e-004 -4.59780094e-005
    -9.40593076e-004 4.55088855e-004 -3.65636428e-004 3.14360927e-003 0.
    0. 0. 3.65645695e-003 0. 6.00966671e-003 0. 0. 0. 2.29979353e-003 0.
    0. 9.77826584e-003 -1.09468866e-003 0. 2.03202176e-003 0.
    1.39845721e-003 0. 0. 7.85289216e-004 0. 0. 3.45508405e-003 0. 0.
    -1.95473549e-003 0. 0. -1.55330024e-004 -4.86320147e-004 0.
    2.02616537e-003 0. 0. 0. 2.08233227e-003 0. 2.46594590e-003 0.
    4.27405071e-003 0. 0. 7.07013241e-004 -7.67364516e-004
    3.81189212e-003 0. 0. 0. 2.84505659e-003 0. 7.88218866e-004 0. 0. 0.
    6.14174409e-004 0. -1.14601478e-003 0. 0. 4.36031399e-003 0.
    1.20807556e-003 0. 1.47700403e-003 0. 0. 8.74385994e-004
    4.86492040e-003 0. 0. 6.99819811e-003 -7.00881996e-004 0. 0.
    5.30344667e-003 2.19365628e-003 6.68224820e-004 0. -4.98050358e-004
    5.72230387e-003 0. 0. 2.72410642e-003 0. 1.02243258e-003 0.
    -1.27511960e-003 1.68482063e-003 2.57611158e-003 0. 0. 0. 0. 0. 0.
    2.13513873e-003 1.51824020e-003 1.29629776e-003 7.86060118e-004
    2.38207891e-003 4.65694396e-003 6.28938898e-004 1.84475409e-003 0.
    0. 0. 0. 0. 0. 0. 0. 0. 2.76648044e-003 0. 1.46980234e-003 0. 0.
    6.16089499e-004 0. 0. 2.81401817e-003 0. 0. 4.84391022e-003
    8.83755041e-004 0. 3.16844345e-003 0. 6.88126311e-003
    -1.44953970e-004 -1.28232455e-003 0. 0. 7.30872061e-003 0. 0. 0. 0.
    0. 0. 1.21446086e-004 5.40463580e-003 0. 1.92514935e-003
    6.04660902e-003 0. 3.16791283e-003 0. 4.97238652e-004
    9.90903587e-004 0. 4.13636956e-003 5.29662427e-003 1.91995618e-003
    0. 3.89602571e-003 0. 0. 9.63849656e-004 -7.94443535e-004 0. 0. 0.
    9.83818434e-004 0. 0. 0. 0. 0. 0. 1.34306483e-003 7.77494919e-004 0.
    0. 0. 4.28805547e-003 0. 1.93967810e-003 0. 0. 1.14094536e-003
    -3.10279313e-004 2.44961819e-003 0. 0. 2.18731840e-003
    2.88222008e-003 0. 0. 5.11060515e-003 0. 1.55783677e-003 0. 0.
    1.72423094e-003 0. 0. 0. -1.36559515e-003 0. 0. 0. 2.41638324e-003
    9.89836335e-005 0. -2.15972832e-004 5.28129385e-005 6.85713021e-005
    3.09343589e-003 0. 0. 0. 0. 0. 0. 9.99461045e-004 -1.96320849e-004
    5.38191292e-003 1.25473051e-003 1.72599813e-003 6.23377215e-004 0.
    0. 0. 0. 0. 0. 1.99171645e-003 4.28465381e-003 0. 1.19549618e-003
    3.81231977e-004 0. 4.98243142e-003 0. 3.66700027e-004 0.
    5.25997579e-003 5.46427025e-003 0. 0. 0. 1.12246128e-003
    7.70847686e-003 0. 8.88535928e-004 3.95099596e-005 2.33945041e-003
    7.21747521e-003 1.60218775e-003 0. 5.52177476e-003 0. 0.
    3.13644484e-003 0. 0. 0. 0. 1.38836238e-003 0. 4.06393083e-004 0.
    3.13168997e-003 0. -1.62938586e-003 -1.66537648e-004 0. 0.
    8.50622542e-004 0. 7.25975260e-004 5.39779151e-003 0. 0. 0. 0. 0.
    2.40229210e-003 0. 0. 0. 4.72218264e-003 -6.97806652e-004 0.
    4.43128962e-003 3.05812503e-003 1.66620582e-003 3.01056862e-004 0.
    0. 0. 3.49421939e-003 3.23407934e-004 0. 0. 0. -2.04949547e-003 0.
    0. 0. 0. 0. 0. 0. 0. 0. -3.32560390e-003 1.87152741e-003
    2.97645153e-003 9.30523733e-004 0. 8.80879757e-004 0. 0.
    1.44953956e-003 0. 3.47577909e-004 0. 0. 0. 0. 1.04885246e-003 0.
    2.59717018e-003 3.61419539e-003 3.31147050e-004 0. 1.14711421e-003
    6.77476311e-003 0. 0. 4.82170237e-003 0. 1.25213955e-002 0.
    3.08089214e-003 0. 3.04791564e-003 0. 0. 0. 4.97388421e-003
    2.79090926e-003 0. 0. 0. 7.25394487e-003 -6.98098331e-004 0. 0. 0.
    1.36510970e-003 0. 7.91528169e-003 6.47159584e-004 1.82484087e-004
    1.11181394e-003 0. 2.31289960e-005 3.37716914e-003 0.
    8.98954866e-004 -1.04321912e-003 6.34882716e-004 2.68217322e-004
    4.47464734e-003 0. 0. 1.89443992e-003 0. 1.61493756e-003 0.
    1.76606746e-003 1.01650935e-002 1.36044901e-003 2.49802181e-003 0.
    1.16185332e-003 8.88820738e-004 0. 0. -2.03352407e-004
    -2.54241255e-004 3.80343851e-003 0. 4.57853498e-003 0.
    -1.82630774e-003 0. 0. 3.79854231e-003 1.17398705e-003 0.
    3.70381778e-004 -4.21532546e-004 0. 1.39035052e-003 0. 0.
    8.88040173e-004 0. 0. 0. 0. 0. 0. 0. 0. 0. 7.70583632e-004
    -1.57001778e-004 2.37552496e-003 0. 0. 0. 0. 1.87008362e-003
    8.94949699e-005 7.47451442e-004 6.74787723e-003 0. 6.78706216e-004
    0. 0. 0. 0. 1.13827000e-005 1.08590873e-003 -3.84092564e-004 0.
    1.27426675e-003 1.79629214e-003 2.72006774e-003 0. 0.
    1.10087672e-003 0. 0. 0. 0. 0. 0. 2.67293979e-003 0. 0.
    1.47380529e-003 1.75873516e-003 5.63990418e-003 7.68344558e-004
    1.58551300e-003 4.03752550e-003 0. 0. 0. 5.86896576e-003 0. 0. 0.
    3.70627688e-003 3.58956191e-003 0. -2.59037130e-003 1.14447452e-004
    0. 7.29597698e-004 0. 0. 1.96015392e-003 0. 1.54530699e-003
    1.59777724e-003 0. 0. 0. 8.85990728e-003 0. 0. 0. 0. 0. 0.
    1.09152752e-003 3.97255784e-003 -7.56764493e-005 0. 0. 0.
    2.12706113e-003 0. 0. 1.27349747e-003 -3.55107972e-004 0.
    -9.68547305e-004 0. 0. 0. 5.60930977e-003 0. 0. 6.84292708e-003
    2.46431446e-003 1.77875208e-003 0. 9.34276497e-004 9.39713232e-003
    1.10654887e-002 0. 0. 0. -2.28762365e-004 0. -1.27251237e-003 0. 0.
    0. 0. 2.43138708e-003 0. 0. 5.06331772e-003 0. -3.00666958e-004 0.
    0. -8.63432433e-005 2.33290717e-003 0. 0. 0. 0. 0. 4.66993684e-003
    0. 0. 0. 1.73199270e-003 0. 0. -4.64728195e-003 3.34674143e-003 0.
    0. 0. -1.69972591e-005 0. 0. 0. 0. 0. 0. 0. 5.91305725e-004 0. 0.
    2.11425661e-003 0. 1.33782582e-004 0. 0. 1.37346191e-003
    -1.00391975e-003 8.67016672e-004 2.76816241e-003 -1.43580241e-004 0.
    0. 3.64539563e-003 2.74674408e-003 9.25384811e-004 0.
    2.31266697e-003 -3.98693810e-004 0. 0. 0. 4.15022159e-003 0. 0.
    9.86883324e-003 0. 6.78933284e-004 0. 0. 4.60032281e-003
    2.07295222e-003 0. 1.84799323e-003 3.54144583e-003 0. 0. 0.
    2.27974495e-003 4.19930043e-003 6.59949845e-003 8.33197788e-004 0.
    1.42665196e-003 1.51067099e-003 0. 0. 8.98873433e-004 0. 0.
    9.08415648e-004 0. 0. -8.96101759e-004 3.78116244e-003
    2.68540205e-003 -2.63867434e-004 0. 0. 5.50181279e-003
    2.01040297e-003 0. 6.08125748e-003 4.27701091e-003 0. 0. 0. 0.
    3.22683668e-003 1.59171724e-003 1.97513122e-003 0. 2.45084614e-003
    0. 2.20154203e-003 0. 8.88811192e-005 1.10964687e-003
    3.31386400e-004 6.00672979e-003 7.91797705e-004 5.24805766e-003
