<?xml version="1.0"?>
<opencv_storage>
<imageDescriptor type_id="opencv-matrix">
  <rows>1</rows>
  <cols>1000</cols>
  <dt>f</dt>
  <data>
    0. 0. 2.30793003e-003 9.31426999e-004 0. 0. 4.04735515e-003
    1.71835651e-003 -1.86754344e-003 0. 0. 0. 0. 0. 0. 0. 0.
    3.08537786e-003 -2.87559844e-004 0. 1.69808394e-003 0.
    6.00156374e-004 0. 0. 0. 0. 0. 2.36842944e-003 0. 0. 0.
    1.14591944e-003 8.03250470e-004 4.56548209e-004 1.02431339e-003 0.
    2.57859356e-003 3.35703627e-003 0. 0. 0. 0. -1.48021762e-004 0.
    1.22655509e-003 0. 0. -1.21542027e-004 0. 0. 5.97106060e-003
    2.22419109e-003 -5.58910979e-005 1.42722542e-003 0. 1.63610317e-002
    0. 0. 0. 4.89568477e-003 -7.12026260e-004 4.47570672e-003 0.
    2.21648719e-003 0. 0. 0. 0. 0. 0. 0. 4.18395270e-003 0. 0.
    5.01247356e-003 4.45550366e-004 0. 2.58859061e-003 0.
    1.08098262e-003 0. 0. 0. 2.40302156e-003 0. 1.27782486e-003 0.
    5.99920377e-003 0. 1.06326223e-003 6.33982010e-004 0.
    4.11041966e-003 4.86563193e-003 0. 0. 0. 1.93214871e-003
    1.12286042e-002 5.31998789e-003 -1.13741390e-003 0. -4.94928099e-003
    1.51399861e-003 6.95737684e-003 0. 0. 0. 0. 1.31321710e-003 0. 0. 0.
    0. 9.41624027e-003 0. 1.85892350e-004 0. 0. 2.36823340e-003
    1.38083822e-004 7.00282049e-004 0. 0. 2.62897043e-003 0. 0. 0.
    9.07299283e-004 0. -1.93249958e-003 -3.83123734e-005 0. 0.
    4.58570197e-003 0. 8.57703947e-003 1.07313180e-002 0. 0.
    4.00141906e-003 9.91943525e-004 8.62425135e-004 0. 0. 0. 0. 0.
    2.97215371e-003 3.15922400e-004 0. 2.15521595e-003 0.
    2.42307037e-003 0. 0. 7.93224957e-004 0. -1.20555436e-004 0. 0. 0.
    0. 0. 0. 0. 0. 0. 0. 0. 0. 0. 0. 1.20631687e-003 0. 1.28789246e-003
    0. 0. -2.99591688e-004 0. -1.85111747e-003 -3.87436623e-004 0. 0. 0.
    -5.32942172e-003 0. 4.32332139e-003 0. 0. 0. 7.07151135e-003 0. 0.
    0. 0. -3.04599467e-004 0. 2.42879079e-003 3.40445153e-003 0.
    5.67953382e-003 0. 7.57797621e-004 0. 5.05483418e-004 0. 0.
    1.46563747e-003 1.79645303e-003 1.51614577e-003 0. 0.
    6.30345521e-003 2.37225089e-003 0. 0. 1.95238623e-003 0. 0. 0. 0. 0.
    0. 0. 0. 1.15141785e-003 0. 0. -1.56416884e-003 1.23183313e-003
    1.29780883e-003 6.15758682e-003 0. 7.13152625e-003 0.
    3.92108411e-003 0. 0. 0. 5.98191097e-003 1.60743817e-004
    2.62888003e-004 0. 0. 0. 0. 0. 2.32485053e-003 0. 8.45049974e-004 0.
    9.65084508e-003 0. 0. 1.87966216e-004 0. 0. 0. 1.22017218e-002
    6.18659542e-005 -1.59812765e-003 0. 0. 0. 0. 1.79208606e-003 0. 0.
    1.95477740e-003 1.39253284e-003 7.46842194e-003 0. 0. 0. 0.
    8.39029322e-004 9.04775970e-003 6.70790533e-003 0. 0. 0.
    2.37149117e-003 0. -1.23385759e-003 2.11487315e-003 0.
    1.68259407e-003 0. 0. 0. 4.21227771e-004 0. 2.14805454e-003
    2.58542760e-003 0. 1.72673375e-003 0. 0. 1.90409482e-003 0. 0.
    3.66501114e-003 -2.31346511e-003 1.78521767e-003 0. 0. 0. 0. 0. 0.
    1.72346097e-003 6.54945907e-004 0. 7.60516198e-003 1.59220921e-003
    0. 6.72017413e-005 6.48159627e-003 0. 3.12852068e-003
    -6.05341455e-004 1.87127618e-003 -7.58757960e-005 9.00916662e-003 0.
    5.04776137e-004 0. 2.85165221e-003 0. 6.24775700e-003 0.
    2.78116320e-003 3.77793121e-003 0. -9.55373747e-004 3.16036004e-003
    0. 0. 3.98959545e-003 0. 0. 0. -2.94864993e-004 4.59048478e-003 0.
    0. 0. 0. 0. 0. 2.15593493e-003 2.87021208e-003 4.90972889e-004
    3.14695202e-003 0. 0. 0. 0. 1.18998834e-003 0. 0. 6.23211823e-003 0.
    0. 0. 0. 0. 1.72989254e-004 0. 9.87599837e-004 3.17552546e-003 0.
    2.78774975e-003 0. 1.31004269e-003 0. 0. 1.15094741e-003
    4.26547742e-003 1.57924388e-002 0. 0. 0. 0. 0. 0. 0. 0. 0. 0.
    2.54981383e-003 -3.26181093e-004 0. 0. 0. 0. 0. 3.95441521e-003 0.
    -3.63018014e-003 0. -7.88782432e-004 7.47830793e-003
    -4.68545360e-004 0. 1.42742065e-003 2.04240368e-003 4.22069104e-003
    6.31480059e-003 2.90839089e-004 0. 1.92485680e-003 2.24117213e-003
    3.23765981e-003 0. 0. -2.82168086e-003 -2.98432517e-003
    -1.92597086e-004 -7.70077808e-004 0. 4.33585868e-004 0. 0. 0.
    8.76926631e-003 0. 0. 4.10628226e-003 0. 0. 1.13087823e-003
    5.09904465e-004 1.07132371e-004 1.72367890e-003 0. 2.10906239e-003
    1.31212000e-003 0. 0. 0. 0. 0. 0. 3.64833650e-005 0. 0. 0. 0.
    8.46411713e-005 0. 4.07082931e-004 8.05719406e-004 5.64453285e-003
    9.28819459e-003 -2.80663604e-003 0. 0. 1.05174340e-003
    1.63252302e-003 2.17668386e-003 0. 0. 0. 4.17768315e-004 0. 0. 0. 0.
    4.79497528e-003 -1.56439003e-003 0. 6.77849865e-003 0. 0. 0.
    -1.43961995e-004 1.63908722e-003 0. 1.44317839e-003 -9.21730592e-004
    0. 0. 0. 2.01859424e-004 0. 8.59227846e-004 4.41322554e-005 0. 0. 0.
    0. 7.04557309e-003 2.66330503e-002 0. 0. -8.13555496e-004 0. 0.
    4.52047167e-003 0. 0. 0. -2.95724894e-004 0. 0. 1.00670126e-003
    -8.26375544e-005 0. 0. 0. 0. 5.96864847e-003 0. 0. 8.92171357e-003
    0. 0. -5.73785510e-004 0. 0. 0. 0. 0. 1.33775908e-003
    2.26724334e-003 3.67483008e-004 0. 0. 0. 1.86975487e-003
    1.29783410e-003 0. 3.96474119e-004 1.36597408e-003 8.38615093e-003
    1.45644753e-003 6.00902596e-004 0. 3.79315997e-003 2.90011661e-003
    4.80812415e-003 0. 6.18030736e-003 0. 0. 0. 4.83707059e-003 0.
    1.19100616e-003 0. 9.63769737e-004 -1.73572951e-003 0.
    4.24941443e-003 0. 0. 0. 1.13319070e-003 0. 5.35229803e-004 0.
    -3.66573775e-004 0. 1.37853867e-003 7.84115121e-003 0. 0. 0.
    2.59213103e-003 3.25272069e-003 0. 0. 1.40796998e-004 0. 0. 0. 0. 0.
    3.76123376e-003 0. 5.99433295e-003 0. 1.34013942e-003
    4.72451653e-003 0. 0. 1.14141440e-003 0. 0. 0. 2.94509553e-003
    7.81930925e-004 -1.06535247e-003 0. 0. 0. 0. 1.79892126e-003
    1.85318955e-003 2.06793565e-003 1.65868388e-003 -1.42648234e-004
    -1.14679511e-003 1.29099458e-003 0. 0. 0. 0. 0. 0. 4.72314842e-003
    0. 0. 1.21779991e-002 0. 0. 0. 0. 5.08198375e-003 0. 1.79871160e-003
    -2.34565698e-003 0. 2.89423345e-003 0. 0. 6.94806594e-003
    1.11530372e-003 0. 0. 1.50802510e-003 0. 0. 3.79125844e-003
    5.29649155e-003 0. 0. 0. 0. 0. 0. 4.91014041e-004 0. 6.37918152e-003
    0. 0. 4.26585041e-003 6.34015378e-005 0. 3.45960754e-004
    1.67352497e-003 7.73544074e-004 0. 0. 0. 5.65898838e-003 0.
    1.10108743e-003 1.98175549e-003 0. 0. 0. 0. 4.94620588e-004 0.
    1.63120602e-003 -1.59743382e-003 0. 0. 0. -8.23475770e-004 0. 0.
    9.58381407e-003 2.96950247e-003 1.04739727e-003 0. 4.93626064e-003
    5.12989517e-003 0. 0. -1.05748919e-003 5.35587268e-003
    7.14305963e-004 0. 0. 0. 2.88962224e-003 0. 5.59346925e-004 0. 0.
    1.76277128e-003 0. 4.93080728e-003 3.12715163e-003 0.
    2.38610315e-003 0. 0. 2.05983990e-003 0. 0. 2.49582110e-003 0.
    1.91870541e-003 0. 2.04172242e-003 0. 0. 0. -1.78133996e-004 0.
    2.60864617e-003 0. 0. 0. 1.12092809e-003 -2.76197563e-004 0. 0.
    8.06887285e-004 0. 2.91988603e-003 0. 0. 0. 0. 0. 2.32389965e-003 0.
    0. -3.32259631e-004 8.77796963e-004 -3.54841445e-003 0.
    5.41418279e-003 3.30999331e-003 2.63982639e-003 3.69139924e-003
    7.17221899e-003 0. 3.79365333e-003 7.68935448e-003 9.95320617e-004
    0. 2.65329797e-003 0. 0. 0. 1.02334616e-005 0. 0. 2.77733617e-003
    3.20431008e-003 0. 0. 0. 0. 6.60010555e-005 0. 1.40626798e-003 0. 0.
    0. 0. 8.31703597e-004 0. 0. -2.53447774e-003 1.34777371e-003 0. 0.
    2.19741967e-002 6.64855260e-003 7.85189739e-004 4.56150854e-003 0.
    0. 0. 3.51577124e-004 3.27254203e-003 1.43466424e-003 0.
    6.00876706e-003 0. 0. 0. -1.73370773e-003 -3.73718538e-003 0. 0. 0.
    0. 0. 0. 0. 0. 0. 0. 1.95447844e-003 0. 3.57801509e-005 0. 0.
    2.23128451e-003 1.65948609e-003 2.80717527e-003 8.94919503e-004 0.
    6.08210312e-003 1.17678057e-004 0. 1.76347070e-003 0. 0.
    2.16846960e-003 0. 2.00451890e-004 3.60504352e-003 0. 0. 0. 0.
    5.00629889e-004 0. 0. 0. 0. 2.20880960e-003 1.62021816e-003 0. 0. 0.
    0. 0. 0. 0. 1.28372828e-003 1.91006567e-002 0. 0. 1.51952740e-003
    2.66561983e-003 0. 0. 0. 0. 0. 0. 0. 0. 1.75344315e-003 0. 0. 0. 0.
