<?xml version="1.0"?>
<opencv_storage>
<imageDescriptor type_id="opencv-matrix">
  <rows>1</rows>
  <cols>1000</cols>
  <dt>f</dt>
  <data>
    0. 4.70566005e-003 0. 2.64345785e-003 0. 0. 1.74121629e-003 0. 0. 0.
    0. 1.15063759e-002 4.73143300e-003 9.36229527e-003 2.10702466e-003
    0. 0. 0. 0. 3.68158217e-003 -4.29713691e-004 0. 0. 0.
    -2.29334505e-003 2.30973965e-005 0. 0. 0. 0. 0. 2.50801328e-004 0.
    4.14435705e-003 0. 0. 0. 0. 0. 0. 2.81593390e-003 4.28905012e-003
    8.09552521e-003 0. 0. 0. -4.92173203e-005 0. 0. 0. 0. 0. 0. 0.
    2.63454160e-003 0. 2.01993680e-004 0. 0. 0. 0. 1.66840001e-003
    2.13484094e-003 0. 8.09273333e-004 2.23041209e-003 0. 0. 0.
    -8.40868568e-004 2.17032619e-003 0. 0. 0. 2.07504183e-002 0. 0. 0.
    3.49490612e-004 8.13034829e-004 -1.51187554e-003 0. 5.95774362e-003
    -2.91681554e-005 0. 0. 1.10926246e-003 0. 0. 0. 0. 0.
    4.61020926e-003 4.82772215e-004 0. 0. -1.73360109e-002 0.
    1.74873931e-004 1.29460823e-003 1.78382068e-003 0. 0.
    3.62788467e-003 2.72889272e-004 0. 0. 0. 0. 0. 1.69937557e-003
    8.02734226e-004 0. 0. 0. 9.07027454e-004 0. 0. 0. 0. 0. 0. 0. 0.
    -6.14157296e-004 2.78653554e-003 0. 0. 0. 2.87379907e-003
    3.98272742e-003 2.11740937e-003 1.39808399e-004 0. 0. 0. 0.
    2.61558639e-003 1.15115487e-003 0. 0. 0. 2.59328028e-003 0.
    -3.19261424e-004 2.19235406e-003 0. 0. 0. 3.18351248e-003
    5.38295787e-003 0. 0. 1.96368387e-003 1.59323995e-003 0. 0. 0.
    7.87697791e-004 3.11062625e-003 0. 0. 0. 0. 0. 1.80244423e-003 0. 0.
    0. 0. 0. 4.19424195e-003 0. 0. 0. 0. 0. 0. 0. 0. 0. 9.01539344e-004
    0. 6.20548381e-004 0. 2.19629309e-003 1.18417048e-003
    2.98996596e-003 0. 0. 1.01953093e-002 0. 1.79782836e-003
    2.79540173e-003 0. 0. 2.21586481e-004 2.53170892e-003 0. 0. 0. 0.
    1.30269851e-003 1.81104313e-003 2.89568142e-003 1.52696390e-003 0.
    0. 0. 0. 0. 0. 1.89568091e-003 -1.85127382e-003 0. 0. 0.
    2.63206847e-003 0. 0. 3.96119477e-003 0. 3.84629966e-004 0.
    7.27965310e-003 0. 0. 0. 0. 1.35419564e-002 0. 0. 0.
    -1.07563887e-004 1.26977742e-003 1.90000131e-003 2.14091782e-003
    4.19767853e-003 0. 0. 0. 6.62755221e-003 4.43769759e-003 0. 0.
    3.92586086e-003 0. 1.88567454e-003 0. 0. 9.90482979e-004
    5.70280105e-003 2.93731550e-003 9.48899717e-004 2.32904870e-003 0.
    1.02227610e-002 0. 0. 0. -1.27749518e-003 0. 5.41934418e-003 0. 0.
    3.33357183e-003 0. 0. 0. 0. 0. 0. 3.08569847e-003 0. 3.40135442e-003
    1.78640219e-003 6.46191416e-003 9.71094196e-005 8.65722774e-004
    1.81579555e-003 0. 3.43439897e-004 5.25597017e-003 0. 0. 0.
    -1.22014724e-003 0. 0. 0. 0. 0. 0. 0. 0. 0. 0. 0. 0. 0. 0. 0.
    2.93027307e-003 0. 3.09085427e-003 -1.30526256e-004 0. 0. 0. 0. 0.
    0. 0. 0. 0. 0. 4.53660637e-003 1.63649535e-003 7.51605723e-004
    9.57352051e-004 0. 0. 1.02452759e-003 1.07463868e-003 0. 0.
    2.04179974e-004 0. 0. 4.74671973e-003 -2.34514431e-004
    -2.37696760e-004 0. 3.51407728e-003 4.52237530e-003 0. 0.
    -8.72059609e-004 0. 0. 0. 0. 0. 0. 0. 2.21769558e-003
    1.96014601e-003 0. 0. 0. 0. 4.91721220e-002 0. 3.61826830e-003 0.
    1.23356283e-003 0. 2.10794760e-003 0. 0. 1.71518512e-003
    3.76403006e-003 0. 2.35150140e-002 0. 0. 1.37095887e-003
    2.11915537e-003 1.79568859e-004 0. 0. 0. 1.22304633e-003
    1.98681410e-002 1.92682317e-004 1.67634920e-003 1.39769027e-002 0.
    0. 9.82798520e-004 1.58792315e-003 0. 0. 9.82201658e-003 0.
    3.58195580e-003 0. 0. 0. 6.35027746e-003 8.16033874e-003
    2.40387904e-004 1.07476227e-002 0. 0. 0. 6.68003270e-003 0.
    3.64640495e-003 8.32429214e-004 0. 0. 0. 0. 3.96579364e-003
    2.37955828e-003 0. 0. 0. 0. 0. 0. -8.77987768e-004 0. 0. 0. 0. 0.
    -4.61458741e-003 3.54821794e-004 1.55492604e-003 0. 0.
    1.81280554e-003 0. 0. 1.40497449e-003 8.95165140e-004
    1.35787320e-003 0. 1.08527928e-003 1.34465203e-003 0. 0.
    6.37996988e-003 4.96729277e-004 8.08031531e-004 0. 0. 0. 0.
    -3.97859803e-005 1.64057920e-003 1.11754844e-002 0. 9.15606972e-003
    2.91075464e-003 0. 0. 0. 0. 1.09436852e-003 0. 0. 0. 0. 0. 0. 0.
    -7.39519310e-004 0. 0. 0. 1.57293794e-003 2.44645216e-003
    -4.05030369e-005 0. 0. -3.42614425e-004 0. 0. 5.57688414e-004 0. 0.
    0. 0. 0. 0. 0. 2.92485883e-003 0. 1.95845552e-002 0. 0.
    3.16901295e-003 1.24920544e-003 0. 0. 0. 0. 0. 0. 0. 0.
    9.69483168e-004 0. 5.26972255e-003 0. 0. 0. -1.72102521e-003 0. 0.
    0. 2.38219765e-003 1.56253751e-003 0. 3.03383917e-003
    4.61025815e-003 0. 0. 0. 0. 0. 4.96804772e-004 0. 0. 1.17758587e-002
    0. 0. 0. 0. -9.38620185e-004 0. 0. 0. 0. 0. -1.28436019e-003
    4.30665351e-003 2.49652285e-003 0. 0. 0. 0. -2.24797041e-004
    3.78746248e-004 0. 0. 0. 0. 0. 1.02440972e-004 0. 0. 6.85104541e-003
    4.03716648e-003 0. 2.89871613e-003 0. 1.59291364e-002
    8.30572378e-003 0. 1.29492197e-004 0. 0. 0. 0. 5.24467696e-003 0.
    1.28241815e-003 0. 3.82635044e-003 -1.89876929e-003 7.77319132e-004
    0. 3.39756953e-003 0. 0. 0. 0. 7.27055548e-003 0. 0. 0. 0. 0. 0. 0.
    0. 0. 2.66929599e-003 1.73637865e-003 0. 0. 0. 2.31215591e-003 0. 0.
    0. 0. 0. 0. 0. 0. -6.30997703e-004 0. 4.98115597e-003 0.
    4.29688225e-004 0. 0. 0. 1.69638311e-003 6.31816729e-005 0. 0.
    -2.37842163e-004 0. 0. 8.52940511e-003 5.57848718e-004 0. 0. 0. 0.
    0. 0. 0. 0. 0. 0. 0. 6.06199610e-004 0. 0. 1.40302771e-004 0. 0. 0.
    0. 0. 0. -3.83635925e-004 0. 0. 0. 4.46748873e-003 0. 0. 0. 0. 0. 0.
    0. 0. -2.25842887e-004 1.68807730e-002 2.93087418e-004
    8.12120270e-003 9.31556709e-003 0. -8.98433384e-004 0. 0. 0. 0. 0.
    2.28087162e-003 5.35260013e-004 0. 0. 0. 0. 0. 3.39491433e-003 0. 0.
    3.66933440e-004 7.77362613e-004 -4.17861884e-004 0. 6.61080878e-004
    9.22136102e-003 0. 4.87416721e-004 0. 7.36607399e-005 0.
    5.41532412e-004 0. 5.60453208e-003 0. 0. 2.19276408e-003 0. 0. 0.
    2.40786141e-003 0. 0. 1.36777596e-003 7.78644462e-004 0. 0. 0. 0. 0.
    6.44611474e-003 1.86040078e-003 0. 0. 0. 0. 0. 0. 0.
    -2.65505235e-003 0. 0. 9.76963993e-003 0. 0. 0. 8.38106265e-004 0.
    -1.34008622e-003 0. 0. 6.89792272e-004 0. 0. 0. 0. 0. 0. 0. 0. 0. 0.
    3.48381465e-004 1.72728105e-004 1.11265890e-002 0. 0. 0. 0.
    4.26565268e-004 0. 0. 7.90441583e-004 0. 7.40011409e-003
    -1.52570137e-003 0. 4.20710631e-003 0. 3.70153785e-003 0. 0. 0.
    1.43973134e-003 0. 1.43180159e-003 0. 0. 0. -1.84544013e-004 0. 0.
    0. 0. 7.23255798e-003 0. 1.01285509e-003 7.48000049e-004 0. 0. 0.
    1.46653352e-003 0. 0. 4.54859063e-003 0. 5.71265491e-003 0.
    9.62774968e-004 0. 0. 1.74595648e-003 3.70177510e-003
    -7.74692919e-004 0. 1.42391073e-003 1.56082604e-002 0. 0. 0.
    5.90994721e-003 9.08451900e-003 0. 0. 0. 0. 0. 0. 0. 0. 0.
    -2.21429786e-004 1.40715961e-003 0. 3.28996545e-003 0. 0. 0.
    8.19926988e-003 0. 0. 1.07598295e-002 -8.53915641e-004 0. 0. 0. 0.
    6.01536408e-003 0. 2.50133453e-003 0. 0. 0. 1.37334946e-003
    -5.16661908e-004 2.28399457e-003 0. 0. 0. 0. -1.00010497e-004
    1.23751839e-003 0. 0. 0. 1.57190848e-003 0. 0. 0. 0. 0. 0. 0.
    2.35111709e-003 0. 0. 0. 4.62977355e-003 1.41928007e-003
    8.95265199e-004 0. 0. 0. 2.92595290e-003 -1.54501270e-003
    -1.08181033e-003 0. 0. 0. 0. 0. 0. 0. 0. 0. 8.59629130e-004 0.
    5.50817139e-003 2.25195964e-003 0. 0. 0. 6.20138831e-004 0. 0. 0.
    1.80836895e-003 0. 0. 0. 0. 0. 0. 7.57988251e-004 0. 1.18440518e-003
    2.12360406e-003 0. 0. 0. 0. -1.36231552e-004 0. 0. 0.
    2.68554012e-003 0. 0. 0. -2.56357016e-003 -3.10380674e-005 0. 0. 0.
    0. 3.34271579e-003 0. 1.83912307e-005 0. 0. 0. 6.07099431e-003
    -5.48554177e-004 0. 0. 0. 0. 0. 0. 0. 5.97607519e-004 0. 0. 0. 0.
    4.20052325e-003 0. 0. 0. 0. 6.23134765e-005 0. 7.30373198e-003
    2.67001265e-003 0. 0. 1.82405452e-003 0. 0. 0. 0. 0. 1.36639806e-003
    5.26610622e-003 0. 0. 4.86029498e-003 2.32026842e-003 0. 0. 0.
    3.21455649e-003 0. 0. 1.63763354e-003 0. -2.31084588e-004 0.
    1.56706257e-003 0. 3.68327065e-003 1.34037796e-003 0.
