<?xml version="1.0"?>
<opencv_storage>
<imageDescriptor type_id="opencv-matrix">
  <rows>1</rows>
  <cols>1000</cols>
  <dt>f</dt>
  <data>
    0. 3.73552088e-003 4.75711050e-003 0. 1.51121465e-003 0. 0. 0.
    -1.10665231e-003 0. 9.83697682e-005 0. 0. 0. -1.77832239e-003 0. 0.
    1.35066081e-003 1.05887803e-003 0. 0. 1.18883175e-003 0. 0. 0.
    5.85431699e-003 0. 1.72024034e-003 0. 0. 1.44979835e-003
    2.50024581e-003 0. 0. 2.65708705e-003 9.55383352e-004 0.
    1.45200884e-003 1.67119654e-003 0. 0. 8.53120757e-004
    1.00873644e-003 1.84890057e-003 0. 6.66930666e-003 0. 0.
    5.36805543e-004 0. 0. 2.03181780e-003 4.84792655e-003 0.
    2.07760037e-004 0. 0. 2.10376037e-003 -3.64890817e-004 0. 0.
    2.95537664e-003 1.78290112e-003 5.31945564e-003 0. 0. 0.
    1.49808498e-003 0. 0. 0. 4.47752373e-003 1.88305322e-002 0. 0.
    1.79967657e-003 0. 0. 4.13248176e-003 1.67508167e-003
    7.65211065e-004 0. 0. 0. 5.77074848e-003 0. 0. 1.40818721e-003
    7.52418675e-003 0. 0. 0. 0. 2.13934644e-003 0. 0. 0.
    -1.09795271e-003 2.71058944e-003 3.20932106e-003 -7.91283033e-004
    1.04749750e-003 0. 1.30069442e-004 0. 0. 0. -7.87034223e-005 0.
    3.56592378e-003 3.32298456e-004 7.77360890e-003 0. 0.
    4.08918317e-003 0. 2.48667365e-003 3.57572688e-004 1.39643939e-003
    0. -1.90522725e-004 0. 0. 0. -1.92643236e-003 -1.18486874e-003
    6.68731239e-003 0. 0. 0. 1.38705305e-003 0. 4.36607003e-003 0. 0.
    7.77578214e-004 0. 0. 1.17310102e-003 0. 0. 2.62285845e-004
    -6.48805348e-004 0. 0. 7.98311841e-004 0. 1.34756920e-004 0.
    -3.27089150e-003 6.73184579e-004 -1.45604223e-004 7.08362786e-004
    1.23513991e-003 0. 0. 0. 0. 2.26118602e-003 6.70735305e-003 0. 0.
    8.66020378e-003 3.25953658e-003 0. 0. 0. 0. 0. 0. 0. 1.23566319e-003
    0. 8.77709477e-004 0. 0. 0. 6.78202661e-004 0. 0. 1.60742248e-003
    4.75666206e-003 0. 4.76163928e-004 0. 0. 0. 2.38586054e-003
    1.31946523e-003 0. 8.97855789e-004 0. 0. 8.78194172e-004
    5.29100699e-003 1.73471635e-003 0. -1.57922402e-003 0. 0.
    1.09830569e-003 2.16962048e-003 3.03361914e-003 0. 0.
    1.93286396e-003 0. 0. 2.64151604e-003 1.87771744e-003
    3.07265413e-003 0. 0. 0. 8.02855194e-003 0. 0. 0. 9.88917192e-004 0.
    0. 0. 3.98172950e-003 0. 0. -4.27540770e-004 0. 0. 0. 0.
    -1.74227534e-004 0. 0. 2.16032076e-003 0. 8.39765882e-004 0. 0. 0.
    0. 0. 2.03992604e-004 0. 4.48523415e-003 0. -1.69379404e-003 0.
    -3.75463336e-004 0. 0. 0. 0. 0. 4.79976414e-004 0. 0. 0. 0.
    4.71620029e-003 5.67671657e-003 4.69696149e-003 0. 1.34045526e-003
    1.58014137e-003 0. 2.09529069e-003 0. -1.41350276e-004 0.
    1.23217551e-003 0. 0. 2.56882995e-005 6.02454413e-003
    1.38923962e-004 0. 0. 8.56550410e-003 1.54404424e-003 0.
    2.04642070e-003 -6.93029317e-004 2.03247974e-003 3.00061330e-003 0.
    2.89229024e-003 7.81561155e-003 0. 0. 0. 0. 4.36801417e-003
    4.27461528e-005 0. 0. 0. 0. 0. 1.37861981e-003 3.78287304e-003
    3.11706029e-003 0. 0. 0. 3.80611885e-003 0. 0. -2.72595230e-003 0.
    1.62735221e-003 -6.89202163e-004 0. 1.39198266e-003 0.
    1.44378084e-003 3.69412883e-004 9.74826806e-004 0. 0.
    1.65614893e-003 0. 0. 0. 3.13552562e-003 0. 1.50491460e-003
    3.87704372e-003 1.69087155e-003 0. 2.89095752e-003 9.35937685e-004
    7.77416071e-003 0. 0. 0. 2.70710792e-004 0. 0. 2.60466803e-003 0.
    1.80992892e-003 3.28268483e-003 3.41469888e-004 0. 0. 0.
    1.85008743e-003 3.92009784e-003 -8.04849493e-004 7.04294769e-004 0.
    2.87103537e-003 0. -3.09814757e-004 0. -1.62587303e-003
    4.73167608e-003 0. 0. -6.42498897e-004 0. 0. 0. 4.55970730e-004 0.
    0. 0. 0. 8.73956643e-003 -1.22174330e-003 0. 1.14899734e-003
    1.35225826e-003 2.92394101e-003 0. 0. -3.96919524e-004 0. 0.
    4.30797273e-003 1.62820460e-003 2.06176052e-003 0. 0. 0. 0. 0. 0.
    5.62564423e-003 0. -1.02943263e-003 2.51026591e-003 1.81713048e-003
    -1.25502108e-003 -5.37622604e-004 8.28169752e-004 4.25290270e-003 0.
    2.87391897e-003 0. 0. -9.54738935e-004 0. 2.54347059e-003
    -9.51813126e-005 0. 0. 1.01630045e-002 0. 0. 0. 2.09284294e-003 0.
    0. 0. 1.25217007e-003 4.03862773e-003 0. 4.37576370e-003
    2.41222791e-003 0. 0. 0. 0. 0. 8.54803293e-005 0. 1.65354332e-003
    9.42391867e-004 0. 0. 1.90702814e-003 1.58579624e-003
    1.30624010e-003 0. 3.37634701e-003 0. 1.44399679e-003 0. 0.
    4.22217447e-004 1.28592970e-003 1.53589481e-003 1.66167668e-003
    1.44402720e-002 0. 0. 0. 2.08263774e-003 0. 1.46089331e-003 0. 0. 0.
    0. 3.19466600e-003 1.07317744e-003 2.18645530e-003 8.01126938e-004
    0. 0. 0. 0. 8.02021590e-004 0. 0. 1.84575305e-003 0. 0. 0.
    4.75451176e-004 0. 2.12227204e-003 0. 0. 9.87354317e-004 0. 0. 0. 0.
    0. 6.00737054e-004 0. 0. 2.73576030e-003 0. 0. 0. 0. 6.82047452e-004
    0. 0. 0. 2.82424968e-003 0. 3.46847530e-003 0. 0. 1.38504640e-003 0.
    0. 6.86293142e-003 7.59355549e-004 1.27327407e-003 0. 0. 0. 0. 0. 0.
    0. 5.79155004e-003 0. 0. -2.83565343e-004 4.08262108e-003 0.
    2.22695569e-004 9.22528503e-004 6.60701888e-004 1.08271162e-003
    -8.97532154e-005 0. 0. 0. 0. 3.80408228e-003 6.59682276e-003
    -3.86220490e-004 7.90359024e-007 0. 0. 0. 0. 0. 6.61333790e-003 0.
    3.80888558e-003 0. 2.29882030e-003 8.76368314e-004 3.20267281e-003
    4.41248948e-003 3.10941180e-003 0. 3.00646620e-003 0. 0. 0.
    7.28960207e-004 0. 6.96461473e-004 0. 0. -1.39326137e-003
    1.51814532e-003 0. 0. 2.77669751e-003 0. 0. 0. 0. 0. 2.21285084e-003
    2.56014103e-003 -1.21762720e-003 5.86565642e-004 0. 0. 0.
    1.57723262e-003 0. 0. 5.92167769e-003 0. 0. 0. 0. 1.50367804e-003 0.
    4.13614931e-003 0. 3.52494069e-003 2.71097710e-003 1.60139352e-002
    0. 0. 0. 3.61550337e-004 2.15660618e-003 0. 0. 1.45929446e-003
    3.57717508e-003 0. -8.44817783e-004 0. 0. 0. 0. 2.24858709e-003
    7.67275272e-003 1.73007557e-003 0. 7.45620404e-004 -6.85462786e-004
    0. 0. 0. 0. 3.23765399e-003 0. 0. 0. 0. 1.84875296e-003 0. 0.
    1.47770310e-003 2.58620433e-003 0. 0. 0. 7.98079476e-004 0.
    5.57071017e-003 0. 0. 1.53223262e-003 4.25695488e-003 0. 0. 0. 0. 0.
    1.40967302e-003 1.25703076e-003 2.08697165e-003 2.85651739e-004 0.
    1.57696686e-005 0. 6.29243860e-003 3.81072145e-003 0.
    2.11362523e-004 2.77017639e-003 0. 0. 3.14951153e-003
    -6.34771364e-004 1.11764250e-003 0. 6.93751685e-003 0. 0.
    1.20496133e-003 0. 0. 0. 0. 0. 0. 0. 0. 1.64958602e-003
    6.50698552e-004 4.78631991e-004 7.02715595e-004 0. 0. 0.
    3.66278924e-004 0. -4.00107907e-004 6.54049311e-003 0. 0. 0.
    8.26633768e-004 1.04681158e-003 0. 0. 1.77862565e-003
    3.52018839e-003 0. 1.58633082e-003 0. 0. 2.87040253e-004 0. 0.
    7.37039954e-004 0. 1.83415913e-003 0. 0. -4.52987115e-005
    -9.73050264e-005 1.36900437e-003 4.32126131e-003 0. 0.
    5.37074730e-003 1.32977811e-003 0. 9.22014995e-004 0. 0. 0.
    -1.99043867e-003 0. 0. 1.57277181e-003 0. 0. 0. 0. 0.
    1.61063822e-003 0. 0. 0. 0. 1.46760768e-003 0. 0. 0. 0. 0. 0.
    2.41800426e-005 0. 0. 0. 0. 6.39482809e-004 1.58201822e-003
    4.47424391e-004 0. 1.09831023e-003 1.25866476e-003 4.46104212e-003
    -1.79264898e-004 2.63493415e-003 2.36579240e-003 2.97913514e-003 0.
    0. 0. 1.49944611e-002 0. 2.61897175e-003 0. -3.55515134e-004
    1.11665018e-003 0. 0. 0. 0. 0. 2.58949556e-004 7.31837330e-003 0.
    1.28029427e-003 3.49328038e-003 4.68781218e-004 3.86709260e-004
    1.10194739e-003 0. 0. 8.32993630e-003 0. 0. -1.28742959e-003 0.
    7.03269476e-003 4.29254398e-003 5.39489090e-003 0. 0. 0. 0. 0. 0. 0.
    0. 1.02106459e-003 1.01689417e-002 5.26606059e-003 0. 0. 0. 0. 0.
    2.76946998e-003 1.38918299e-003 0. 0. 0. 0. 0. 1.86517264e-003 0. 0.
    0. 0. 0. 0. -8.96300829e-004 4.92984196e-003 0. -1.30411808e-003
    4.45246091e-003 0. 0. 4.14259406e-003 0. 0. 0. 0. 1.18286081e-003
    -7.32128392e-005 1.03678671e-003 0. 0. 1.10518117e-003
    1.22682715e-003 1.15673710e-002 3.96109326e-003 0. -1.36230781e-003
    0. 5.97658847e-003 0. 0. 0. 0. 1.52508263e-003 0. 0. 1.27748435e-003
