<?xml version="1.0"?>
<opencv_storage>
<imageDescriptor type_id="opencv-matrix">
  <rows>1</rows>
  <cols>1000</cols>
  <dt>f</dt>
  <data>
    0. 5.25750546e-003 0. -4.75273177e-004 0. 5.84049057e-003 0.
    5.43380948e-003 0. 0. 0. 3.36835510e-003 5.85434260e-003 0. 0.
    6.11525262e-003 0. 0. 0. 0. 8.29194859e-003 1.72332581e-003 0. 0. 0.
    0. 0. 1.97093980e-003 2.97272531e-003 0. 0. 9.35115293e-003
    1.23875187e-004 0. 0. 0. 4.85201599e-003 0. 0. 0. 0. 0. 0.
    6.74949307e-003 9.37792880e-004 -7.65770237e-005 0. 0. 0.
    -1.10249784e-004 9.77286953e-004 0. 0. 7.89783616e-003
    7.35179475e-003 5.05840522e-004 0. 1.08620094e-003 0.
    -4.63997200e-003 0. 0. 0. 0. 2.65390985e-003 -5.76047401e-004 0. 0.
    6.69964356e-004 0. 0. 0. 0. 0. 2.11161701e-003 0. 0. 1.45478896e-003
    0. 1.59433472e-003 1.77802215e-003 0. 1.87241985e-003
    -7.52655615e-004 -2.06915080e-003 0. 0. 0. 1.14424655e-003 0.
    -7.20691984e-004 0. 0. 0. 0. 0. 0. -1.85296789e-003 1.89863134e-003
    0. 0. 3.31513002e-004 0. 5.95916342e-003 0. -5.29822952e-004 0. 0.
    0. 1.19657593e-003 0. 0. 0. 0. 0. -1.29828299e-003 0.
    2.70802411e-003 7.39514083e-003 0. 0. 5.48802922e-003
    2.25023907e-002 0. 0. 0. 0. 0. 1.09102007e-003 0. 2.64508562e-004 0.
    0. 3.64685617e-003 2.43681716e-003 0. 1.00520754e-003 0.
    -2.23816140e-003 0. 0. 0. 1.35011822e-002 7.87862751e-004
    2.24739523e-003 5.00125578e-004 0. 5.79796825e-003 -1.75306166e-003
    0. 9.93250171e-004 1.83803623e-003 0. 0. 0. 0. 0. 5.68834553e-003
    5.54759055e-003 0. 2.01921072e-003 0. 4.83899191e-003
    1.45460607e-003 0. 0. 2.16688542e-003 1.49335526e-003 0. 0. 0. 0. 0.
    0. 2.94988230e-003 0. 1.34315004e-003 2.25347048e-003 0. 0.
    1.33972848e-003 0. 0. 3.82677856e-004 0. 1.78024080e-003 0. 0. 0. 0.
    0. 0. 0. -5.38013956e-005 0. 0. 0. 0. 0. 0. 0. -1.78014103e-003
    4.63867123e-004 8.16102780e-004 0. 0. 0. 0. 3.03025241e-003
    6.21203682e-004 0. 0. 5.95743256e-003 0. 0. 0. 0. 2.74474593e-003
    1.04062667e-003 5.39153116e-004 -1.19152432e-003 -7.33958150e-004 0.
    5.24084899e-004 0. 0. 0. 0. 0. 0. 9.11178626e-003 0. 0.
    1.33574735e-002 0. 0. -1.15634827e-003 0. 0. 0. 0. 1.59780742e-004
    0. 3.19020706e-003 0. 0. -3.41798586e-004 -7.40538089e-005
    9.77474451e-003 0. 0. -4.12127003e-004 2.89385905e-003 0. 0. 0.
    -2.50223186e-003 0. 1.35644060e-003 -1.24951696e-003 0. 0.
    2.64270883e-003 3.52262170e-003 0. 0. 3.51556740e-003 0. 0. 0. 0.
    -1.19200267e-003 2.72160792e-003 0. 0. 0. 9.12855193e-003 0. 0. 0.
    1.64318550e-003 5.64982474e-004 0. 0. 0. 0. 0. 0. 0. 0.
    8.87522846e-003 0. 0. 0. 7.56651303e-003 5.61357068e-004 0.
    6.06052345e-003 0. 1.00452425e-002 0. 0. 0. 0. 0. 5.61594544e-003 0.
    0. 2.12092721e-003 0. 3.41001927e-004 4.60961310e-004 0.
    1.20498892e-002 2.74562597e-004 1.86457671e-003 0. 0.
    -1.21657166e-003 -2.16166675e-003 0. 0. 0. 0. 0. 0. 0. 0.
    7.46973557e-003 0. 0. 0. 0. 0. 0. 2.17186403e-003 0. 5.70820738e-003
    0. 9.89170512e-004 0. 0. 0. 6.07904047e-003 -2.37967027e-003
    8.25571176e-003 4.03670548e-003 0. 0. 0. 0. 0. 0. -1.38920630e-004
    1.07876491e-004 0. 0. 2.07135250e-004 0. -9.51456313e-004
    7.14578712e-003 6.79453835e-004 -8.99128790e-004 6.90987799e-003
    3.15243704e-003 0. 8.37529730e-003 -2.15868745e-003 -2.68850359e-003
    -8.90074414e-004 -1.31594483e-003 -5.39462024e-004 -2.02191551e-003
    0. 1.02717814e-003 3.06635560e-003 0. 0. 1.66554679e-003 0.
    -1.13521528e-003 0. 0. 1.21064695e-004 1.78208330e-003 0. 0. 0. 0.
    8.24600167e-004 0. 0. 3.69768881e-004 0. 0. -4.04451881e-003
    7.70018483e-003 0. 2.24303617e-003 0. 0. 1.56580959e-003
    -8.01155693e-004 0. 0. 9.42377932e-003 0. 6.25863113e-003 0. 0. 0.
    1.19173545e-002 0. 7.87979225e-004 0. 0. 6.33950578e-003
    1.63147761e-003 -9.13779018e-004 -8.15006555e-004 6.95231697e-003
    3.58838844e-003 0. 0. 5.75255509e-003 6.54351059e-003 0.
    1.36242772e-003 0. 2.10686936e-003 0. 0. 4.24827915e-003 0.
    1.32053101e-003 0. 0. 0. 0. 0. 1.37082941e-003 3.07813869e-004 0. 0.
    0. 0. 0. 0. 0. 4.61697252e-003 1.52194325e-003 7.67575519e-004 0.
    2.50538182e-003 1.20148621e-002 0. 5.23306616e-003 7.69651844e-004
    0. 9.33226477e-003 0. 1.08679710e-003 0. 0. 2.33074883e-003 0. 0. 0.
    0. 9.53521696e-004 0. 0. -3.00536933e-003 0. -2.78755120e-004 0. 0.
    0. 0. 3.10106995e-003 0. -9.41138865e-007 0. 0. 9.23058658e-004 0.
    0. 0. 0. 0. 0. 1.03180099e-003 0. 0. 0. 0. -1.90131868e-005 0.
    -1.54812925e-003 -3.14214919e-003 1.19882985e-003 6.09228341e-003 0.
    5.61797386e-003 0. 0. 1.64443837e-003 0. 7.87587278e-003
    7.74159329e-003 0. 0. 0. 8.99033248e-003 -7.35205482e-004 0. 0. 0.
    0. 1.95983332e-003 6.00903481e-003 0. 0. -9.73553630e-004 0. 0. 0.
    0. 0. 4.45613732e-005 0. 0. 0. 0. 3.90810193e-003 0.
    -1.78964765e-004 0. 0. 0. 2.15581595e-003 3.50876315e-003 0. 0.
    2.51204916e-003 0. 0. 3.01581691e-004 0. 0. 1.48156006e-003
    3.39738675e-003 0. 1.01355277e-003 0. 0. 3.88971879e-003
    5.42723434e-003 4.01511369e-003 -1.28628849e-003 2.96318764e-003
    1.12911602e-002 0. 0. 0. 0. 0. 0. -1.82786724e-004 5.50625753e-003
    0. 0. 0. 0. 0. 1.82238276e-004 0. -1.36868446e-003 0.
    1.65967608e-003 0. 0. 2.37780134e-003 0. 0. 0. 0. 0. 0. 0. 0. 0. 0.
    0. 4.82356688e-003 7.84341060e-003 0. 0. 0. 0. 0. 0. 0.
    2.45305430e-003 0. 0. 0. 0. 0. 0. -2.36383072e-004 0. 0. 0. 0. 0.
    6.16094621e-004 -2.65892525e-003 4.90580639e-003 8.53715278e-003 0.
    0. 0. 6.22206775e-004 0. 0. 0. 2.98977108e-003 4.38077236e-003
    2.87471921e-003 1.91647245e-003 0. 3.24389292e-003 0.
    2.54253298e-003 -1.77510199e-003 0. 5.58506418e-003 3.92063987e-003
    4.30089794e-003 0. -2.68480228e-003 0. 1.39267938e-002 0.
    3.00163100e-003 0. 0. 2.72142864e-003 6.02812087e-003 0.
    7.53429078e-004 0. 0. -9.11901123e-004 5.60312765e-004
    -6.32045092e-004 0. 1.64467364e-003 1.62127912e-002 0. 0.
    3.49332928e-003 -4.40121861e-004 3.02687869e-003 1.53707995e-004 0.
    0. 1.33726082e-003 3.13049136e-003 2.91714357e-004 2.30002869e-003
    -1.52832631e-003 -3.67317698e-004 0. 0. 0. 0. 0. 2.17376766e-003 0.
    7.06951949e-004 1.30016822e-003 0. 1.80389592e-003 0.
    -2.10463488e-003 0. 0. 0. 0. 0. 2.31708123e-004 0. 0.
    2.82348949e-003 0. 0. 0. 7.33991328e-004 0. 0. 0. 0. 1.57735602e-003
    6.55410055e-004 0. 0. 0. 0. 0. 1.88887212e-003 -1.95404957e-003
    2.04664585e-003 0. 2.22259294e-003 0. -2.26648571e-003 0.
    -8.83106492e-004 0. 0. 0. 0. 0. 0. 4.89173326e-005 -1.83747936e-004
    0. 0. 0. 0. 0. 0. 2.39755400e-003 0. 0. 1.09434978e-003 0.
    1.52309961e-003 0. 0. 0. 0. 0. 7.22253928e-004 0. 0. 0.
    4.84071812e-003 2.46058987e-003 -1.45487126e-003 1.78182230e-003
    -5.68751013e-003 2.36676517e-003 3.21050035e-003 -4.12091991e-004
    5.11727296e-003 1.29290214e-002 0. 6.59357617e-003 0. 0. 0. 0. 0. 0.
    0. 0. 0. 0. 0. 8.14203580e-004 2.40482856e-003 6.46790210e-003 0. 0.
    0. 7.81300914e-005 -1.41377051e-004 0. 4.05833777e-003 0. 0. 0. 0.
    1.72237318e-003 2.19364231e-003 4.28727129e-003 0. 0. 0. 0.
    6.66628708e-004 3.02633224e-003 0. 0. 0. 0. 0. 0. 1.17875845e-003
    4.61319787e-003 2.11350946e-003 0. 3.98550043e-003 0.
    1.04965223e-003 0. 1.67876342e-003 0. 0. 0. 5.47870295e-003
    -2.83601996e-003 0. 0. 0. 0. 9.37955687e-004 0. 0. 0. 0. 0. 0. 0. 0.
    0. 0. 1.02182757e-003 0. 1.56946364e-003 0. 2.86012935e-003 0.
    5.77644072e-003 0. 0. 5.09306509e-003 0. 2.48620589e-003 0.
    -9.15183977e-004 0. 0. 0. 0. 4.83485591e-003 -1.66952028e-003
    -1.27846270e-003 0. 0. 0. 0. -1.78314094e-003 0. 0. 0.
    -9.53305687e-004 0. 2.65997346e-003 2.17449665e-003 2.29701120e-003
    2.30239215e-003 2.71686492e-003 2.21428461e-003 9.53350216e-003
    2.51121307e-003 0. 3.46091765e-005 0. 0. 0. 2.15784647e-003 0. 0. 0.
    0. -5.36383537e-004 0. 0. 2.63216812e-003 1.04292494e-003
    7.06432795e-004 5.95857436e-003 0. 2.75908434e-003 1.96101749e-003
    0. 0. 0. 1.05270166e-002 0. 0. 1.92620065e-002 1.08473829e-003
