<?xml version="1.0"?>
<opencv_storage>
<imageDescriptor type_id="opencv-matrix">
  <rows>1</rows>
  <cols>1000</cols>
  <dt>f</dt>
  <data>
    0. -1.71295309e-003 0. 0. 0. 0. 0. -2.17605353e-004 -8.74759222e-004
    2.10639136e-003 0. 0. 3.39066796e-003 0. 0. 1.63442607e-003
    8.47990508e-004 0. -1.03274384e-003 0. 0. 0. 3.12687736e-003 0. 0.
    -2.16374523e-003 0. 0. 0. 0. 0. 2.93492945e-003 0. 0.
    7.91904517e-003 2.80997204e-003 0. 0. -1.83067331e-003 0.
    1.07919332e-003 0. 0. 1.29242875e-002 3.62281897e-003 0. 0.
    3.65177076e-003 0. 0. 0. 1.01731927e-003 0. 0. -2.30276841e-003
    1.87560322e-003 1.62029383e-003 0. 0. 0. 3.90658015e-003 0.
    -1.64194161e-003 0. 8.60668346e-003 0. 1.18919602e-003
    1.12751778e-003 3.35416640e-003 0. 2.78040837e-003 -3.84925603e-004
    0. 0. 0. 0. 1.77778210e-003 0. 0. 2.88531324e-003 0. 1.89110113e-003
    2.84167868e-003 0. 0. 0. 0. 1.62226812e-003 0. 0. 4.00791317e-003 0.
    5.70243364e-003 0. 0. 0. 1.66858593e-003 1.97741692e-003 0. 0.
    -1.43057216e-004 0. 1.13736782e-002 0. 1.42355147e-003
    9.43056121e-003 0. 0. 3.38249141e-003 0. 2.35992274e-003
    -1.19095866e-003 7.16360938e-003 0. 0. 0. 2.93835578e-003
    3.06596467e-003 0. 0. 0. 1.27506652e-003 -5.85111557e-004 0. 0. 0.
    0. 0. 0. 0. 0. -2.42812536e-003 0. 0. 0. 9.78096575e-003
    4.10513906e-003 0. 0. 0. 0. 1.97136123e-003 0. 0. 2.47067888e-003
    4.10114124e-004 0. 0. 3.24380375e-003 3.17997043e-003
    -1.22089498e-003 1.46298844e-003 0. 0. 0. 0. 3.40786320e-003 0.
    2.04254524e-003 0. 0. 0. 5.06376708e-003 0. 0. 0. 0. 0.
    1.98545400e-003 0. 0. 0. -2.77313706e-003 0. 1.95011252e-003 0.
    2.87675695e-003 0. 9.01342742e-003 3.04009579e-003 0. 0. 0.
    1.70794828e-003 0. 0. 3.13499570e-003 0. -3.73479328e-004
    1.67418446e-003 6.47754860e-005 0. 0. 0. 6.64437597e-004 0.
    2.11194405e-004 0. 0. 9.97633394e-003 0. 0. 0. 0. 0. 0. 0.
    1.10895175e-003 0. 0. 1.84918975e-003 -1.68245623e-003 0. 0. 0. 0.
    0. 4.63987421e-003 0. 0. -8.38453067e-004 0. 0. 0. 0.
    4.03631618e-003 0. 0. 2.39017885e-003 -1.27958902e-003 0.
    2.46369396e-003 0. 0. 0. 0. 1.63099286e-003 4.99499089e-004
    2.83596897e-003 0. 0. -4.29016392e-004 0. 0. 0. -4.04264359e-003 0.
    0. 7.07433047e-003 1.42217887e-005 1.49456924e-003 8.74600932e-003
    0. 0. 0. 0. 0. 1.03147479e-003 0. -6.57524739e-004 0. 0. 0. 0. 0.
    1.27608664e-002 8.13372992e-003 0. 0. 0. 0. 0. 0. 0. 0. 0.
    1.63473538e-003 0. 0. 0. 0. 0. 0. 2.52947886e-003 0.
    -6.68518012e-004 0. -1.47959939e-003 0. 0. 0. 0. 0. 5.74492244e-003
    0. 0. 2.12895800e-003 3.96574475e-003 2.10893154e-003 0.
    4.22236230e-003 0. 0. 0. 1.21134473e-003 0. 0. -1.50973719e-004 0.
    0. 0. 0. 0. 1.23244105e-002 0. 0. 0. 0. 3.53798852e-003 0. 0.
    7.73380417e-003 0. 0. 0. 0. 0. 0. 0. -9.42661485e-004
    -1.35518101e-004 -2.45044357e-004 1.93262717e-003 2.35689848e-004
    8.13729875e-003 0. 0. 1.17721152e-003 0. 2.79647578e-003 0. 0. 0. 0.
    2.07424676e-003 0. 4.83944168e-004 0. 5.96321328e-003 0.
    4.40405961e-003 0. 0. 0. -7.00536533e-004 0. 0. 0. 0. 0.
    1.58684026e-003 0. 6.24597422e-004 0. 1.60771050e-003 0. 0.
    2.57474859e-003 7.14328897e-004 8.87932628e-003 2.20316718e-003 0.
    6.79287734e-003 1.10609352e-003 0. 1.21740745e-002 0. 0. 0.
    1.50125974e-003 1.05322255e-002 0. 0. 0. 0. 1.06969790e-003
    3.81944206e-004 0. 0. 0. 0. 5.63275581e-003 6.22569059e-004 0.
    -2.05206219e-003 0. 0. 4.56330599e-003 0. 0. 1.92031584e-004
    2.22035358e-003 0. 0. 0. 0. 0. 0. 3.41717317e-003 0. 0. 0. 0. 0. 0.
    0. -5.83786459e-004 2.37822253e-003 0. 0. 0. 3.96757619e-003
    -8.03154311e-004 0. 0. -3.52718867e-003 0. 3.89375165e-003 0.
    1.98500766e-003 0. 0. 0. -5.53282036e-004 0. 0. 7.05424871e-004
    -3.41363884e-005 0. -4.39380528e-004 0. 0. 6.36706082e-003
    3.25867836e-003 -4.88413243e-005 0. 0. 0. 0. 0. 7.63968052e-003 0.
    0. 0. 0. 0. 0. 0. 1.22982485e-003 1.07452441e-004 4.78024536e-004 0.
    0. 3.01576196e-003 -9.81674646e-004 0. 2.64128717e-003 0. 0.
    2.01718491e-002 8.85545160e-004 0. 0. 2.89312634e-003 0. 0.
    8.24520364e-003 0. 0. 0. 0. 0. 4.88456246e-003 0. 1.80532725e-003
    -2.71857018e-003 0. 0. 5.72450459e-004 0. 0. 0. 6.60321675e-003
    -3.66727775e-003 0. 2.85899919e-003 0. 0. 0. 0. 0. 0.
    3.53617384e-003 0. 0. 0. 0. 4.75045852e-003 0. 1.46078470e-003 0. 0.
    -4.00739344e-004 0. 2.61659315e-003 0. 0. 0. 2.00753566e-002
    2.33675193e-004 1.00094557e-003 2.36158818e-003 -1.93318492e-003 0.
    0. 0. 0. 0. -1.37227925e-003 0. 0. 0. 0. 0. 0. 0. 0. 1.18413335e-003
    0. 0. 0. 2.05377187e-003 0. 0. 2.08794978e-003 0. 1.42823043e-003 0.
    0. 0. 0. 0. -2.34527537e-003 5.28411986e-003 0. 8.23894981e-003
    -3.64599656e-003 0. 0. 0. 0. 0. 0. 0. 0. 0. 0. 9.24000144e-003
    2.64737639e-003 4.56650043e-003 7.85534619e-004 0. 0. 0. 0. 0. 0. 0.
    -6.15985598e-004 0. 0. 3.59887793e-003 2.51091970e-003 0.
    1.42490782e-003 3.67530040e-003 0. 7.64090242e-003 0.
    4.44461039e-004 0. 0. 0. 0. 0. 0. 0. 7.44984578e-003 5.66764176e-003
    4.61292313e-003 0. 2.95298710e-003 3.60467634e-003 0. 0.
    6.43718522e-003 1.40099013e-002 7.91091658e-003 1.52168807e-003 0.
    0. 0. 0. 0. 3.14441044e-003 0. 0. -8.11818521e-004 0. 0. 0.
    1.64034951e-003 0. 0. 0. 1.60220452e-003 0. 2.04052404e-002
    1.07172702e-003 0. 0. 0. 8.16884357e-003 1.57691375e-003 0.
    -3.57530196e-003 0. 0. 0. 0. 0. 0. 0. 1.34636248e-002 0. 0.
    8.15915351e-004 0. 9.63193178e-003 0. 0. 0. 7.22387200e-003 0. 0. 0.
    0. 5.58765279e-003 1.84908917e-003 0. 5.31183043e-003 0.
    1.15713151e-002 0. 1.09412055e-003 0. 0. 0. 7.65844807e-003
    1.56594417e-003 0. 0. 0. 0. 0. 1.29049807e-003 2.49410421e-003 0.
    2.10536085e-003 4.31496621e-004 0. 1.08974921e-002 -4.75870678e-004
    0. 1.39371725e-003 3.09426541e-005 0. 0. 0. 0. 0. 0. 0.
    2.16777413e-003 6.32378738e-003 0. 2.36337632e-003 4.93807718e-004
    0. -1.21565507e-004 1.53542461e-003 3.64970206e-003 6.89170184e-003
    0. 1.15154966e-004 0. 0. 8.37347284e-003 1.71035892e-004 0.
    2.64207926e-002 4.40113537e-004 0. 1.66609825e-003 0.
    9.93379392e-004 0. -7.10871629e-003 0. 0. 1.20270497e-003 0. 0. 0.
    0. 0. 0. 0. 0. 8.95309728e-003 0. 0. 0. -4.37820534e-004 0.
    1.44573217e-002 3.48157773e-004 0. 9.61192942e-004 0. 0. 0. 0. 0. 0.
    3.47604719e-003 9.40960180e-003 0. 4.85011563e-003 0. 0.
    8.35263822e-003 0. 0. 0. 0. 0. 0. 0. 0. -1.51300686e-004 0.
    4.25398210e-003 0. 0. 0. 0. 0. 0. 0. 8.28226446e-004 0. 0. 0. 0.
    -1.42739702e-003 0. 0. 0. 0. 0. 2.29145889e-003 0. 0. 0.
    5.90790180e-004 1.06250658e-003 1.45122688e-003 0. 9.76327690e-004
    0. 0. 0. 0. 0. -1.40539720e-004 1.14696543e-003 0. 0. 0.
    8.66990816e-003 1.04791960e-002 0. 3.44889844e-003 -7.57045200e-005
    0. 0. 0. 1.57629873e-003 2.19878880e-003 0. 9.28831345e-004 0. 0. 0.
    2.13893387e-003 0. 0. 0. 0. 0. 0. 0. 0. 0. 0. 1.16995815e-003 0. 0.
    0. 0. 1.85880177e-002 0. 0. 0. 0. 1.32918311e-003 0. 9.89561342e-003
    0. 0. 0. 0. 0. 0. 2.44103675e-003 2.97893467e-003 0. 1.24091958e-003
    0. 8.37239902e-003 0. 5.05415024e-004 0. 1.12392232e-002 0. 0. 0.
    4.28097136e-003 0. 0. 0. 0. 0. 0. -3.28163709e-003 0. 0.
    5.59699070e-003 0. 5.66122355e-003 0. 2.16454244e-003
    -7.11195113e-004 0. 0. 4.43444122e-003 0. 0. 0. 0. 0. 0. 0.
    1.14195282e-002 0. -1.34859805e-003 1.78796166e-004 0. 0. 0. 0. 0.
    0. 0. 0. 0. 0. 5.42092486e-004 0. 0. 0. 2.16638227e-003 0. 0.
    -7.79293245e-004 0. 0. 2.21515613e-004 0. 0. 0. 0. 0. 0. 0. 0. 0. 0.
    0. -3.90439038e-003 0. 0. 0. 0. 0. 0. 0. 0. 6.93793967e-003
    3.12338350e-003 0. 0. 0. 0. -1.04069733e-003 3.05751106e-004
    2.31380458e-003 7.70927267e-003 0. -1.72615502e-004 0. 0.
    4.92308987e-003 4.66105575e-003 2.04175121e-005 0. 2.99223978e-003
    0. 0. 0. 0. 1.21910292e-004 0. 0. 0. 0. 6.86646719e-003
    1.21371332e-003 0. 0. 0. 0. 1.67981823e-004 0. 5.69871953e-003 0.
    2.00113771e-003 0. 1.43942377e-003 0. -9.13768308e-005 0. 0. 0. 0.
