<?xml version="1.0"?>
<opencv_storage>
<imageDescriptor type_id="opencv-matrix">
  <rows>1</rows>
  <cols>1000</cols>
  <dt>f</dt>
  <data>
    4.45616571e-003 0. 6.66789187e-004 2.94950488e-003 1.70508248e-003
    -2.56176601e-004 0. 0. -1.59213072e-004 3.77043267e-004
    4.66434431e-004 9.45864012e-004 1.01736635e-002 -4.93233674e-004 0.
    -4.86024976e-004 0. -9.42281331e-004 0. -1.79181097e-003 0. 0. 0.
    9.59714176e-004 0. 2.99547147e-003 3.41782626e-003 1.06100715e-003
    0. 5.39707765e-003 0. 0. 7.73820700e-003 0. 0. 3.19100730e-003
    9.39100282e-004 0. 8.00042180e-004 5.05561067e-004 -4.11372923e-004
    0. 0. 1.72646041e-003 0. 0. 1.24446198e-003 0. 0. 0. 4.84154001e-003
    3.82627652e-004 0. 1.93532021e-003 -7.40472693e-004 1.44211526e-006
    1.91345112e-003 0. 8.74897838e-003 3.40462755e-003 0. 0. 0. 0. 0. 0.
    0. -1.27697864e-003 1.94061268e-003 0. 1.04528689e-003
    3.14161764e-003 0. -3.21934000e-004 2.24479940e-003 4.95610619e-003
    0. 0. 0. 7.14126229e-003 -2.63590882e-005 4.26477799e-003
    4.33447398e-003 -1.11442339e-003 6.28349837e-003 5.45282790e-004
    6.71751797e-003 -1.94241526e-003 0. 4.72170627e-003 -1.68083492e-003
    -1.15881368e-004 0. 0. 0. 2.99473410e-003 0. -1.36494447e-004
    7.15877814e-003 4.67143627e-003 7.64755206e-003 0. 0. 0. 0.
    1.68131515e-002 -3.35574237e-004 0. 1.84111227e-003 5.29317325e-003
    0. 5.89946809e-004 0. 0. 5.23723545e-004 0. 0. 0. 2.93260650e-003 0.
    0. 0. 0. -1.27831672e-003 2.30092346e-003 2.62457435e-003
    9.53771407e-004 5.37944352e-003 4.37301816e-003 0. 3.09570634e-004
    0. 3.74129531e-003 0. 1.07956294e-003 2.85160984e-003 0. 0. 0. 0. 0.
    8.19106679e-003 0. 0. 6.83460530e-005 -8.09859659e-004 0. 0. 0. 0.
    0. 4.31179814e-003 0. 1.47411856e-003 5.45799558e-004 0.
    8.19106027e-003 0. 8.40308189e-007 1.72490661e-006 1.04402064e-003
    -5.70201082e-004 0. 0. 0. -1.20121031e-003 0. 1.63375004e-003 0.
    -5.11290040e-004 5.05597750e-003 0. 9.81052034e-003 1.78020983e-003
    1.20734377e-003 0. 2.27862946e-003 1.60081964e-003 0. 0.
    1.61199702e-003 0. 1.19012699e-003 0. 2.76804459e-003
    3.56143131e-003 8.61790869e-003 0. 9.40265716e-004 -9.61437530e-004
    1.48972298e-003 0. 1.52606703e-003 5.07222349e-003 0. 0. 0. 0. 0. 0.
    0. -4.72605898e-004 3.26302391e-003 0. 8.63003917e-003 0.
    3.37074231e-003 0. 6.34669419e-003 3.90902365e-004 1.86189637e-003
    3.73949995e-003 0. 0. 0. 0. 2.43370747e-003 0. 0. -2.02082773e-003
    3.82142421e-003 0. 2.54243670e-004 0. -4.74040280e-004
    -6.65604312e-004 1.21416640e-003 0. 0. 0. 0. 0. 0. 4.19652002e-004
    0. -2.04642434e-004 0. 8.00487678e-003 0. 0. 1.60362688e-003 0. 0.
    0. 3.71710514e-004 2.34475615e-003 0. 0. -2.95962696e-003
    4.53600544e-004 0. 0. 0. 7.49989238e-004 2.54367304e-004
    8.19191709e-003 0. 0. 0. 0. 6.95384294e-003 5.16723469e-003
    -3.40613740e-004 0. 8.46795447e-004 6.49908441e-004 0. 0. 0. 0.
    9.40620806e-003 1.42861353e-002 0. 0. 0. 2.49753171e-003 0.
    5.70683042e-003 4.81962645e-003 0. 0. 0. 0. 0. 0. 0.
    -1.53134856e-003 1.20809255e-003 0. 0. 0. 2.07433896e-003 0.
    5.28046070e-003 0. 3.49237607e-003 -1.64143171e-003 0. 0. 0. 0.
    1.37125759e-003 0. 0. 0. 0. 0. -1.98552516e-004 0. 0.
    5.65114198e-003 -1.46386825e-004 0. 5.44220966e-004 1.94367033e-003
    0. 1.95982443e-006 1.29057968e-004 8.96464684e-004 0. 0. 0. 0.
    1.09351082e-002 0. 0. 1.04881236e-002 1.41560275e-003 0. 0.
    -1.44200356e-004 4.83515207e-004 0. 1.33059127e-003 4.04198421e-004
    0. 0. 1.08229381e-003 0. 0. 7.11772218e-003 1.47559160e-006 0. 0. 0.
    7.97060505e-003 -2.79971311e-004 7.49260234e-003 0. 1.12958672e-003
    0. 0. 7.05906283e-003 -2.34546504e-004 0. -2.26350292e-003
    1.33846037e-003 0. 3.67439934e-004 0. 0. -1.44978298e-003 0. 0. 0.
    0. -4.49081454e-005 0. 0. 0. 1.67713512e-003 0. 1.60001300e-003 0.
    4.83430084e-003 0. 0. 0. 0. 1.18986471e-003 -6.34437747e-005
    1.07136825e-002 0. 0. 0. 1.22595124e-003 0. 5.68956649e-003 0.
    9.05238930e-003 0. 0. 0. 0. 0. 0. 0. 0. 1.26156013e-003 0. 0. 0. 0.
    0. 8.23360309e-003 5.67062641e-004 0. 1.26540032e-003 0.
    1.72602024e-003 0. 6.28117821e-004 0. 0. 1.27259352e-006 0.
    -1.07246952e-003 0. 0. 0. 1.65711367e-003 0. 7.66929588e-004 0. 0.
    6.98575575e-004 0. 0. 0. 0. 0. 0. 0. 0. 2.49846140e-004 0.
    1.72792620e-003 0. -5.14095707e-004 0. 9.21931234e-004 0. 0. 0. 0.
    0. -9.89568885e-004 0. 2.12067948e-003 0. -2.54901708e-004 0. 0. 0.
    0. 0. 4.47683828e-003 0. 5.36388310e-004 3.40066059e-003
    2.49092514e-003 0. 0. 0. 0. 0. 0. 0. 7.01229903e-004 0. 0.
    1.03206967e-003 6.42482424e-004 0. -5.72402496e-004 -5.83957066e-004
    1.30242889e-003 7.56546578e-005 3.06381867e-003 0. 0. 0. 0.
    2.23928923e-003 0. 0. -1.53652474e-003 7.99202244e-005 0. 0.
    7.90167076e-004 7.44509976e-004 1.25042850e-003 0. 6.38682803e-004
    0. 0. 0. 0. 0. 0. 0. 0. 0. 1.14237051e-002 0. 6.07347954e-003 0.
    3.45345121e-004 9.26811062e-003 0. 0. 0. 0. 0. 0. 7.46343983e-003 0.
    5.88247925e-003 0. 1.65209081e-003 2.66212970e-003 0. 0. 0.
    1.24286558e-003 1.67695316e-003 0. 1.63934863e-004 0. 0. 0.
    8.81518004e-004 1.04770027e-002 0. 0. -4.81267285e-004 0. 0. 0.
    1.29935555e-002 4.89662727e-003 7.54088105e-004 1.03898469e-006 0.
    2.62771687e-003 8.19118042e-003 0. 0. 0. 0. 1.38227257e-003 0. 0.
    4.79919044e-003 0. 1.29772438e-004 0. 0. 0. 4.58590966e-003
    -1.01736956e-003 0. 0. 1.16732977e-002 0. 4.61811945e-003 0. 0. 0.
    0. 1.65575999e-003 0. 2.08377428e-002 0. 0. 0. 0. 2.52048543e-004 0.
    0. 0. 0. 6.90601068e-003 0. 0. 0. 0. 1.34433247e-003 1.64122705e-003
    0. 0. 0. 4.27555817e-004 4.82374616e-003 0. 0. 0. 0. 0.
    7.99600221e-003 -2.06251707e-006 0. 1.05154153e-003 -4.27341147e-004
    -3.74720636e-004 0. 1.88294554e-003 6.02725474e-003 1.10921664e-002
    7.97023717e-003 0. 0. -2.06676661e-003 0. 0. 0. 0. 0.
    1.16354821e-003 1.96022773e-003 1.18658470e-003 0. 0.
    1.92750304e-003 0. 0. 7.95973744e-003 0. 0. 7.41263526e-003 0. 0. 0.
    0. 0. 0. 0. 0. 0. 0. 0. 0. 0. 3.75527190e-003 0. 0. 3.49399488e-004
    0. 0. 0. 0. 0. 0. 0. 0. 0. 0. 9.13975178e-004 1.41259411e-003 0.
    1.45215762e-003 0. 0. 0. 0. 0. 6.45383354e-003 6.68007461e-003 0.
    3.06119677e-003 1.69593957e-004 2.15841131e-003 -5.73716417e-004 0.
    7.64865987e-003 3.86999967e-003 0. 7.10087642e-003 0.
    1.47746678e-003 0. 0. 0. 0. 2.44038203e-003 1.54921762e-003
    -1.46731455e-003 0. 0. 0. 4.88028862e-003 0. 0. 4.79182042e-003 0.
    2.92200944e-004 5.63899986e-003 0. 6.44765969e-004 0. 0.
    2.76999874e-003 7.39952520e-005 0. 0. 0. -9.28847992e-004 0.
    2.75395607e-004 1.04012899e-003 1.21181982e-003 0. 0. 0. 0. 0.
    -2.54609477e-004 0. 0. 8.84278852e-004 0. 0. -9.28103167e-004 0. 0.
    -1.09476634e-004 0. 0. 0. 1.05128088e-003 0. 0. 0. 0.
    -1.19922718e-003 1.76266313e-003 0. 1.64221402e-003 0. 0. 0.
    2.26243050e-003 0. 0. -1.75786798e-003 3.29936680e-004 0.
    5.82463387e-003 0. -4.32863540e-004 1.62758201e-003 -3.82142665e-004
    0. 0. 0. 0. 0. 3.98694829e-004 -1.22673542e-003 0. 8.81054089e-004
    0. 6.75914763e-003 0. 8.94889515e-003 0. 6.52797241e-003 0. 0.
    -4.20018274e-004 0. 0. 0. 0. 0. 0. 7.55943451e-003 1.36580248e-003
    0. 0. 7.02638971e-003 1.40819221e-003 5.67100942e-003
    7.92769808e-003 0. 5.26918855e-004 7.39151984e-003 2.56446144e-003
    0. 0. 5.86567796e-004 2.63494160e-003 -5.63321984e-004 0. 0. 0. 0.
    2.84155190e-004 0. 0. 0. 0. 0. 0. 2.10385490e-003 6.41128607e-003 0.
    0. 0. 3.37637030e-003 1.23491581e-003 0. 0. 0. 0. -2.24370882e-003
    0. -4.49320243e-004 0. 1.63321302e-003 -2.18965622e-004
    6.62912289e-003 0. 0. 0. 0. 6.05144678e-003 0. 2.02648761e-003
    1.91111525e-004 0. 0. 5.86363487e-003 0. 1.59186078e-003 0.
    2.20086565e-003 0. 0. 0. 0. 0. 5.32040256e-004 2.19340762e-003 0. 0.
    -1.13131304e-003 0. 0. 2.44312244e-003 -1.39451947e-003
    1.92641979e-003 1.50084263e-003 0. 0. 0. 0. 1.39934744e-003 0. 0.
