<?xml version="1.0"?>
<opencv_storage>
<imageDescriptor type_id="opencv-matrix">
  <rows>1</rows>
  <cols>1000</cols>
  <dt>f</dt>
  <data>
    0. 0. 8.46087560e-003 0. 4.25296312e-004 9.82379890e-004
    3.12010729e-004 3.97776486e-003 4.85618180e-003 0. 0. 0. 0. 0. 0. 0.
    -3.34958459e-004 0. 0. 0. 4.67017433e-003 0. 0. 9.29828093e-004 0.
    2.76124640e-003 0. 0. 0. -5.08817146e-004 1.84494222e-003
    9.28493275e-004 0. -1.32836355e-003 6.15231460e-004 4.04331979e-004
    1.35656679e-003 0. 0. -1.73464010e-004 6.55451440e-005 0.
    8.85549467e-003 0. 0. 0. 0. 0. 0. 3.21033807e-003 6.40347134e-004 0.
    -7.97281740e-004 0. 0. 1.99617702e-003 0. -1.11053337e-003
    2.14456441e-003 0. 0. 0. 1.44244591e-003 0. 0. 0. 1.60976476e-003 0.
    8.99486127e-004 1.32414568e-002 3.67590133e-003 0. 0. 0. 0. 0. 0.
    2.77176779e-003 1.68996095e-003 3.50026850e-004 0. 1.37452141e-003
    5.62482281e-003 2.99765915e-003 2.75138440e-003 2.24149087e-003 0.
    -1.81270577e-003 2.92923907e-003 0. 0. 0. -1.05988502e-003 0. 0.
    4.48201969e-003 0. 0. -7.72864965e-004 0. 0. 0. 0. 0. 0. 0. 0.
    -1.77761089e-004 -2.12938432e-003 0. 1.51720215e-002 0.
    -1.44612836e-003 1.18180143e-003 3.36157298e-003 1.62745221e-003 0.
    0. -1.70140513e-004 0. 0. 2.10882557e-004 0. 7.87344296e-003 0.
    -1.80009066e-003 -1.05000821e-004 0. 7.92872161e-004 0. 0. 0. 0. 0.
    6.17658312e-004 6.77499571e-004 0. 0. 0. 0. 4.07037651e-003 0. 0.
    6.87379669e-003 0. 0. 0. 0. 0. 1.56788260e-003 -9.55689349e-004 0.
    4.41571791e-003 -1.29857380e-003 2.64292280e-003 9.69206914e-004 0.
    -1.68723566e-003 0. 0. 7.68561009e-003 0. 0. 0. -4.37543960e-003 0.
    -4.09993663e-004 2.30642757e-003 0. 0. 3.82846571e-003
    4.78405098e-004 0. 1.89081952e-003 0. 3.29785486e-004 0.
    1.86901493e-003 0. 0. 2.66195158e-004 0. 0. 0. 1.56920505e-004
    1.85003606e-004 2.06066901e-003 5.47354342e-004 0. 0. 0.
    4.49408358e-003 -2.85619125e-003 3.29222134e-003 0. 0.
    2.64263037e-003 0. 0. -8.01314693e-003 8.45054816e-003 0.
    4.75707091e-003 0. 1.15443778e-003 5.63986180e-003 0. 0. 0. 0. 0. 0.
    9.81376390e-004 -2.07607681e-003 1.44874700e-003 2.56170984e-003
    -6.37696474e-004 0. 3.09532927e-003 1.36399281e-003 0. 0.
    5.09253936e-003 4.65984782e-003 0. 0. -6.63402549e-004 0. 0.
    3.15829390e-003 1.26917185e-002 -6.84804982e-004 0. 0. 0. 0.
    1.95500813e-003 4.41554323e-004 0. 0. 7.80866481e-003
    8.28135875e-004 0. 0. 3.08257621e-003 0. 0. 0. 0. 1.05540594e-002
    4.14301129e-003 0. 0. 8.95395409e-003 0. 0. 0. 0. 3.22022638e-003
    -5.05053846e-004 6.29371125e-003 0. 0. 0. 0. 4.25968785e-003
    2.30281055e-003 0. 0. 0. 2.72102910e-003 0. 4.14030306e-004 0.
    -1.86753680e-003 0. 0. 0. 0. 1.18222535e-002 0. 2.22220551e-003
    2.67634226e-004 0. 0. 1.54799153e-003 -4.20095806e-004 0. 0. 0.
    4.04803036e-003 0. 0. 0. 0. 2.69701541e-003 -5.31020691e-004
    3.40113242e-004 9.26659256e-003 8.69174488e-003 0. 7.96650245e-004
    1.30016925e-002 0. 0. 0. 0. -1.37701479e-003 1.21152191e-003 0. 0.
    0. 0. -3.98034812e-004 0. 0. 0. 3.75164230e-003 4.83522983e-003 0.
    0. 0. 0. 5.54953516e-003 0. 1.71862528e-004 0. 0. 1.12017640e-003 0.
    0. 5.69904642e-003 -1.81874458e-003 0. 0. 0. 4.62545082e-003
    1.76663045e-003 0. 0. 0. 0. 0. 2.22082669e-003 1.21928530e-003
    -2.35315922e-004 1.13121783e-002 1.42867910e-004 3.82249389e-004
    6.92885602e-003 0. 1.12411741e-003 0. 2.07304698e-003
    1.13609084e-003 0. 1.31947570e-003 3.73586692e-004 0.
    1.93576829e-003 -1.13270606e-003 0. 1.50589342e-003 0. 0. 0. 0.
    2.34632418e-002 0. 2.53828359e-003 0. 1.45541062e-003
    2.02300400e-003 0. 0. 0. 0. 0. 1.44585315e-003 8.02337192e-004
    1.19166318e-002 0. 6.04698015e-003 9.41131264e-004 0. 0.
    2.59023905e-003 1.52553155e-004 2.53578834e-003 0. 7.91998301e-003
    0. 0. -1.00704795e-003 0. 7.79187679e-003 0. 0. 0. 0. 0. 0. 0. 0. 0.
    0. 0. -6.02693646e-004 0. 0. 0. 0. 0. 0. 0. 0. 1.00143841e-002 0. 0.
    0. 0. 4.37814696e-003 0. 1.65162154e-003 5.53566776e-003
    3.75287142e-003 6.03786320e-004 0. 0. 0. 0. 0. 1.26723689e-003
    3.15714022e-003 6.02895336e-004 0. -1.31130428e-003 2.79367930e-004
    4.38607205e-003 1.43383734e-003 0. 0. -4.81856638e-004 0. 0. 0. 0.
    1.23647414e-003 0. 0. 0. 0. 0. 4.35413839e-003 0. 0. 0.
    5.29647246e-003 0. 0. 1.86517974e-003 0. 3.81442602e-004 0. 0.
    2.12968257e-003 0. -2.29202188e-003 0. 0. 0. 0. 0. 6.41966285e-003
    7.96090695e-004 0. 3.08257225e-003 0. 0. 0. 0. 2.70676520e-003 0. 0.
    9.19917889e-004 0. 0. 1.36199305e-004 0. 0. 1.07048557e-003 0. 0. 0.
    0. 1.79681950e-003 6.09379858e-005 0. 0. 0. 1.47256935e-002 0.
    2.69884616e-003 0. 0. 9.55147669e-004 -9.51589958e-004
    -1.71436288e-003 0. 0. 2.84257764e-003 0. 0. 3.61732347e-003 0. 0.
    0. 0. 8.65440723e-003 1.75205315e-003 0. 0. 0. 0. 0. 0. 0.
    2.90324679e-003 0. 0. 0. 0. 0. -4.25665465e-004 1.05111571e-002 0.
    5.23402728e-003 4.39851871e-003 1.27106172e-003 2.99389078e-003 0.
    0. 0. 0. 0. -7.69195030e-005 0. -5.40183624e-004 0. 0. 0.
    8.23542941e-004 0. 0. 4.63708304e-004 -1.22538384e-003 0. 0. 0. 0.
    0. 0. 0. 2.89946375e-003 0. 0. 8.47105868e-003 9.16842744e-003 0. 0.
    3.04013910e-003 0. 0. 0. 0. 0. 0. 7.71855190e-003 0. 0.
    2.31275358e-003 0. 0. 0. 0. 6.12748507e-003 -2.82393955e-003 0. 0.
    7.37807807e-003 0. 6.83070626e-003 0. 0. 4.70441580e-003 0. 0. 0. 0.
    0. 0. -3.01529362e-004 0. -8.07509350e-005 0. 4.94642416e-003
    5.10825892e-004 2.27733329e-003 1.27749413e-003 0. 0. 0. 0.
    2.62044574e-004 5.50300349e-003 1.52345499e-004 -1.46934483e-003 0.
    0. 0. 1.43121160e-003 0. 0. 1.14511349e-003 0. 0. 6.72496203e-003
    1.46066062e-002 0. -1.63632887e-003 0. 0. 0. 0. 0. 0. 0. 0. 0. 0. 0.
    -1.52638683e-003 0. 0. 0. 0. 0. -2.85964436e-003 0. -2.13357690e-003
    0. 0. 0. 3.58822406e-003 0. 0. 1.13409443e-003 0. 0.
    -4.82689915e-003 0. 6.01555733e-003 0. 2.17569503e-003
    3.23022739e-003 0. 8.13163910e-003 0. 0. 3.74742155e-003 0. 0. 0. 0.
    0. 8.62666755e-004 0. 6.31715963e-003 7.01895799e-004 0.
    3.31834797e-003 0. 0. -3.64442181e-004 5.11041842e-004 0.
    2.85237888e-003 0. -3.66844441e-004 0. 2.20618979e-003
    1.43873952e-002 0. 2.05802778e-003 0. 0. 0. 0. 0. 7.20932323e-004
    3.55193450e-004 6.67600369e-004 0. 0. 1.38972746e-003 0. 0.
    -5.15215506e-004 0. 0. 0. 0. 7.51484372e-003 -1.49939710e-003
    1.13814580e-003 0. 2.82402354e-004 1.23698905e-003 0. 0. 0. 0. 0. 0.
    1.82285474e-003 0. 0. -5.18992834e-004 2.37306510e-003
    5.73924417e-003 2.38326471e-003 0. 2.98190257e-003 0. 0. 0. 0. 0. 0.
    0. 0. 0. -1.24476105e-003 2.88992375e-003 3.96824162e-003
    7.99332466e-003 -4.29228705e-004 2.07119039e-003 1.26711908e-003 0.
    0. 0. 1.54527822e-006 0. 0. 0. 4.08913288e-003 0. 7.53636705e-003 0.
    0. 0. -9.49353096e-004 0. 0. 0. 0. 4.75383742e-004 5.24176843e-003
    0. 0. 1.55195291e-003 0. 7.91591126e-003 -1.37757580e-003
    5.51808299e-003 3.03781941e-003 -4.06081846e-004 0. 6.21685106e-003
    5.45026315e-003 6.93325140e-003 2.51416815e-003 0. 0. 0. 0. 0. 0. 0.
    0. 0. 0. 0. 0. 0. 0. 0. 0. -8.50171025e-004 4.14441014e-003 0. 0. 0.
    1.33856444e-003 0. 0. 2.49890814e-004 -2.40076869e-003 0. 0. 0.
    2.28287373e-003 0. 0. 6.34169965e-007 9.07606154e-004
    6.92009088e-003 0. -4.69990162e-004 0. -3.81508144e-003
    -4.24653554e-004 0. 0. 0. 0. 3.30093317e-003 0. 0. -2.11119841e-004
    0. 5.73538197e-003 6.78774063e-003 0. 0. 0. 1.27381040e-003 0. 0.
    7.25920685e-003 0. 0. 0. 0. 3.10269836e-003 0. 0. 0. 0. 0. 0. 0. 0.
    0. 0. 0. 4.40080138e-003 6.11119997e-003 0. 0. -6.36156692e-005 0.
    2.22615036e-003 0. 0. 2.23185954e-004 0. 0. 0. 1.84429984e-003 0. 0.
    0. 0. 0. 2.05426477e-003 0. 0. 0. 1.23113988e-003 6.16334239e-003
    -2.86511471e-003 2.55884690e-004 0. 0. 1.45192933e-003
    1.84932887e-003 0. 0. 0. 0. 2.27294490e-003 -3.10587755e-004 0. 0.
    1.39917654e-003 0. 0. 2.83625117e-003 0. 0. -2.15862971e-003 0.
