<?xml version="1.0"?>
<opencv_storage>
<imageDescriptor type_id="opencv-matrix">
  <rows>1</rows>
  <cols>1000</cols>
  <dt>f</dt>
  <data>
    0. 0. 0. 0. 0. 1.33424411e-002 0. -5.07887744e-004 0. 0. 0. 0.
    1.06121856e-003 6.03444967e-003 0. 0. 0. 0. 1.70272624e-003 0.
    -1.57978991e-003 0. -6.67523476e-004 0. 7.74577819e-003
    3.34320148e-003 0. 0. 0. 0. 1.48477242e-003 1.79000981e-002 0.
    2.20971717e-003 1.58368133e-003 0. 0. 3.05668684e-003 0.
    3.76525219e-003 4.43838909e-003 1.21727737e-003 0. 1.43051881e-003
    1.43686903e-003 2.60200584e-003 0. 0. 0. 6.83971855e-004
    1.47430005e-003 -2.44117007e-004 0. 1.63296808e-003 0. 0. 0. 0. 0.
    -1.07706594e-003 0. 0. 0. 0. 0. 0. 0. 1.87042833e-003 0.
    6.45827618e-004 0. 0. 0. 0. 0. 5.74878475e-004 0. 0. 0. 0. 0. 0. 0.
    0. 0. 9.05332342e-003 0. 0. 6.72350498e-003 0. 0. 3.79968481e-003 0.
    6.50057290e-003 4.89071594e-004 0. 0. 0. 0. 0. 0. 0. 4.43341071e-003
    0. 0. 1.94497919e-003 0. 0. 0. 4.72502224e-003 4.22831392e-003 0. 0.
    0. 0. 7.05710147e-003 0. 0. 3.55359958e-003 0. 4.54284763e-003
    1.56738461e-004 0. 0. 0. 0. 0. 0. 0. 9.07520705e-004 0. 0. 0. 0. 0.
    0. 5.98254893e-003 0. 0. 0. 8.93002725e-005 0. 0. 4.40551492e-004
    4.14843764e-003 0. 5.83661906e-003 0. -1.81039941e-005 0.
    2.30742432e-003 3.96375894e-004 -1.98822911e-003 0. 0. 0.
    1.08487075e-002 0. 9.26016178e-003 0. 3.81897297e-003 0. 0.
    1.01218550e-002 0. 0. 3.03046475e-003 0. 0. 0. 0. 1.79048767e-003 0.
    0. 0. 0. -1.37294483e-004 0. 0. 3.79171979e-004 0. 0.
    -8.55861523e-004 2.29721377e-003 2.29350966e-003 0. 0.
    1.00312929e-003 0. 0. 0. -2.21717110e-005 0. 0. 0. 0. 0.
    -1.59131200e-003 0. 0. 0. 0. -2.57302308e-004 6.09174045e-003 0. 0.
    7.14564789e-003 0. 0. 0. 0. 0. 2.63989461e-003 1.32908768e-004
    7.45387631e-004 0. 0. 0. 0. 4.32891166e-003 -1.13720766e-004 0.
    3.87826608e-003 0. 0. 0. 0. 0. 0. 8.20466410e-003 0. 0. 0.
    1.50931953e-002 0. 0. 5.44615695e-003 0. 0. 0. 0. 2.38115108e-003
    4.10780916e-003 1.48006005e-003 8.62633402e-004 0. 0. 0. 0. 0.
    1.41927530e-003 1.33625744e-002 1.18277967e-002 0. 0. 0.
    3.14039923e-003 1.07808039e-003 0. 0. 0. 0. 0. 2.63181864e-003 0.
    1.86781317e-003 0. 2.54590996e-003 1.15515094e-003 0.
    1.52197026e-003 2.65076431e-003 0. 6.39614603e-003 0.
    1.03915599e-003 1.72671874e-003 0. 0. 0. 2.49930960e-003 0.
    8.37617088e-003 4.53190086e-003 3.35334451e-004 0. 0. 0. 0. 0. 0.
    6.29417645e-003 2.36255908e-003 0. 0. 0. 0. 3.77169973e-003 0. 0.
    6.30155765e-003 0. 0. 2.50548101e-003 0. 9.35230346e-004 0. 0. 0. 0.
    0. 3.09528783e-003 0. 0. 8.01588700e-004 1.86502177e-003 0. 0. 0.
    2.08551646e-003 0. 0. 7.01693294e-004 2.11396138e-004 0. 0. 0. 0.
    1.87037571e-004 0. 0. 4.17034095e-003 0. 2.63333158e-003 0.
    2.15445203e-003 0. 8.40832759e-003 0. 0. 2.49035028e-003
    2.98633613e-003 0. 6.19474286e-003 0. 9.26452503e-003 0.
    3.97880375e-003 0. 0. 0. 1.68671110e-003 0. 0. 0. 0. 0.
    1.84575375e-003 0. 1.46365387e-003 0. 6.98640617e-003 0. 0. 0. 0.
    -1.33622787e-003 0. 3.07716662e-003 0. 3.36212514e-004 0. 0. 0.
    8.06249212e-003 0. 2.50082556e-003 0. 2.00232724e-003
    4.37064236e-003 0. 0. 0. 1.10666675e-003 1.99580612e-003 0. 0.
    3.29589413e-004 0. 0. 0. 7.54216861e-004 0. 0. 0. 7.69577129e-003
    3.76672950e-003 0. 0. 0. 0. 0. 0. 0. 0. 2.62840046e-003 0.
    1.19522621e-003 0. 0. 2.07888545e-003 0. 0. 0. 0. -6.64541789e-004
    0. 6.48312829e-003 0. 0. 0. 0. 0. 0. 0. 0. 0. 1.52153196e-002 0. 0.
    0. -1.47453346e-003 5.26309479e-003 5.46680624e-003 0.
    1.42420921e-003 0. 0. 1.93349563e-003 0. 0. 5.06480737e-003
    4.06306423e-003 4.21303371e-003 0. 2.33553350e-003 3.14361951e-003
    -1.05452794e-003 0. 1.02375261e-003 1.76186324e-003 0. 0. 0. 0. 0.
    0. 0. 0. 0. 0. 0. 0. 2.33239564e-003 0. 0. 1.15329796e-003 0.
    3.16263642e-003 4.54050925e-004 7.18225958e-003 4.36415570e-003 0.
    0. -2.93532480e-003 0. 0. 1.63835112e-003 -7.27162138e-003 0. 0.
    1.46693236e-003 1.15638343e-003 2.54697772e-003 0. -1.10434333e-003
    0. 0. 0. 0. 5.49797667e-003 0. 0. 0. 0. -1.25590700e-003 0. 0. 0. 0.
    2.33628391e-003 0. 0. 0. 3.57745145e-003 0. 0. 0. 0. 1.30749703e-003
    0. 6.11537043e-003 2.06371630e-003 0. 0. 0. 0. 0. 0. 0.
    4.62655706e-004 0. -1.53305219e-003 0. 9.71910730e-003 0. 0.
    2.79406924e-003 2.07248214e-003 4.83961398e-004 0. 5.08295512e-003
    0. 1.11812185e-002 1.27756270e-003 0. 0. 2.64200298e-005
    5.29839518e-003 0. 0. 2.90359720e-003 0. 1.63865299e-003
    2.14348640e-003 -7.75750319e-004 6.40825136e-003 0. 0. 0. 0. 0. 0.
    0. 0. 4.22088522e-003 0. 0. 1.08328636e-003 0. 0. 0. 0. 0. 0. 0. 0.
    0. 3.10963858e-003 0. 3.15093057e-004 -1.80987362e-003 0.
    3.91898723e-003 2.58789817e-003 0. 0. 0. -5.54963481e-004
    4.02131397e-003 2.40486441e-003 0. 0. 7.09489174e-003 0. 0.
    2.48035579e-003 6.30103191e-003 8.96492507e-003 0. 0.
    1.84679171e-003 0. 0. 4.32529981e-004 0. 0. -7.16954470e-004 0.
    1.07934489e-003 2.35560699e-003 0. 0. 7.56113278e-003
    2.53858452e-004 5.29932790e-003 1.66831503e-003 0. 0. 0. 0. 0. 0. 0.
    2.19493615e-003 0. 0. 0. 9.91938403e-004 0. 0. 1.11617066e-003 0. 0.
    6.45417068e-003 0. 0. 1.74634606e-002 0. 0. 0. 0. 0. 2.20211456e-003
    0. 0. 4.08215914e-003 0. 0. 0. 0. 0. 0. 0. 3.06896539e-003
    3.70436860e-003 0. 0. 0. 0. 1.42861530e-003 4.20760829e-003 0.
    9.77700460e-004 0. 0. 5.72013762e-003 0. 3.80363711e-003
    1.40328298e-003 9.15577402e-004 6.23713247e-003 0. 5.07047726e-003
    2.68161413e-003 0. 0. 1.43023313e-003 7.85072392e-004
    2.91755702e-003 0. 0. 0. 0. 0. 0. 0. 0. 0. 0. 0. 0. 2.48475419e-003
    0. 0. 4.27793991e-003 0. 5.59472432e-003 2.29488616e-003 0.
    6.18927786e-003 0. 0. -2.86761532e-003 0. 0. 0. 0. 0.
    1.32511985e-002 0. 6.38333586e-005 0. 0. 4.34606709e-003 0. 0. 0.
    -9.06580943e-004 0. 0. 1.76115939e-003 0. 0. 0. -1.93667118e-004 0.
    0. 0. 1.29763957e-003 3.00066825e-003 1.11406483e-003
    1.71205774e-002 0. 0. 0. 1.04489608e-003 0. 0. 0. 2.20853952e-003 0.
    1.56788668e-003 0. 0. 0. 0. 0. 0. 0. 3.41708004e-003 2.31311726e-003
    0. 0. 0. 0. 2.22525603e-004 1.01248350e-003 0. 0. 0.
    -1.33626815e-003 -3.84566956e-004 0. 2.66266242e-003 0. 0.
    -1.89613231e-004 0. 1.85548117e-007 0. 1.81049493e-003
    -2.00131952e-004 0. 0. 0. 0. 5.31347294e-004 -1.35553523e-003
    2.80895125e-004 4.11308650e-003 2.09776731e-003 0. 3.01756407e-003
    0. 0. 0. 0. 9.60006192e-003 8.30709178e-004 0. 7.13783968e-003 0. 0.
    5.02519961e-003 0. 0. 0. 0. 0. 0. 0. 2.62482301e-003 0. 0.
    6.58847950e-003 0. 0. 0. 2.83251167e-004 0. 0. 0. 3.49633629e-003 0.
    0. 5.04941726e-003 0. -3.55755110e-005 1.13219849e-003
    2.74646818e-003 0. 0. 1.33148616e-003 0. 0. 0. 0. 0. 0.
    3.48688639e-003 0. 0. 0. 0. 0. 0. 0. 4.30900510e-003 0. 0. 0.
    3.72339418e-004 0. 0. 0. 0. 0. -3.83967115e-003 1.54639900e-004
    4.19278722e-003 1.14405004e-003 0. -5.93940914e-003 1.18881464e-002
    0. 0. 3.38417944e-003 0. 7.91438855e-003 0. 0. 0. -3.87540524e-004
    0. -7.58237729e-004 1.10122729e-002 0. 0. 1.13377057e-003 0.
    1.05921179e-003 0. 1.35337538e-003 5.56953484e-004 -2.09034653e-003
    0. 1.94106728e-003 0. -1.67018711e-003 6.33718539e-003
    -3.07654554e-005 2.68490566e-003 0. 0. 0. 0. 5.48652140e-003
    1.05522305e-003 0. 0. 0. -4.13963571e-003 1.34912541e-003 0.
    -1.71867874e-003 0. 0. 0. 8.72899313e-003 0. 0. 0. 0. 0. 0. 0. 0. 0.
    -2.78670690e-004 0. 0. 4.14450839e-003 0. 0. 0. 0. 0.
    1.58067001e-003 0. 0. 0. 0. 0. 0. 0. 5.00058755e-003 0. 0.
    2.23493669e-003 0. 0. 7.13603152e-003 0. 0. 4.45562555e-003 0.
    6.03829743e-004 4.49613342e-003 0. 1.09783548e-003 0. 0.
    4.14967397e-003 0. 1.87256630e-003 3.57608288e-003 0. 0. 0. 0. 0.
    1.55940070e-003 0. 0. 1.30119349e-003 0. 0. 0. 0. 0. 0. 0. 0. 0. 0.
    0. 0. 2.15239893e-003 0. 4.07245848e-003 0. 0. 4.81778756e-003 0.
    -4.45439102e-004 0. 0. 0. 5.47377858e-004 3.47905792e-003 0.
