<?xml version="1.0"?>
<opencv_storage>
<imageDescriptor type_id="opencv-matrix">
  <rows>1</rows>
  <cols>1000</cols>
  <dt>f</dt>
  <data>
    0. 0. 0. 3.68485251e-003 2.95650771e-005 0. 1.91308290e-003 0.
    4.18278505e-004 1.95371686e-004 0. 0. 0. 0. 0. 4.39354591e-003 0.
    2.37949681e-003 0. 0. 7.41576834e-004 3.84568307e-003
    5.35238720e-003 0. 4.96249460e-003 0. 0. 7.87413446e-004
    2.67864158e-003 0. 1.11242775e-002 0. 5.44276740e-003 0.
    5.18355111e-004 0. 4.13045287e-003 0. -7.06426683e-004 0.
    -1.93997438e-003 7.25413440e-004 0. 3.60706076e-003 0.
    2.70382687e-003 2.02274742e-003 0. 0. 1.57533493e-003
    2.04642839e-003 0. 5.01124328e-003 0. 0. 9.22936946e-003 0.
    5.35318721e-003 0. 1.21719250e-003 3.77026596e-003 -4.01275865e-005
    0. 1.94091699e-003 0. 1.72085909e-003 6.96914131e-003 0. 0.
    6.13780832e-003 0. 8.09883131e-005 8.14153347e-003 0.
    4.74860054e-003 0. 0. 6.81325444e-004 -1.59507943e-003 0. 0.
    1.32817719e-002 0. -4.59302333e-004 3.59033793e-003 7.56204594e-003
    0. 0. 0. 0. 5.89073775e-003 0. 0. 0. 0. 0. 0. 0. 6.73316000e-003 0.
    0. 0. 0. 1.95142080e-003 7.85953191e-004 -6.97196228e-004
    1.67452893e-003 0. -3.84792475e-005 9.42556071e-004 0. 0. 0. 0.
    1.52348652e-002 0. 0. 2.33070669e-003 1.82515988e-003
    -3.07759881e-004 0. 1.48033013e-003 8.45268555e-003 0. 0.
    3.72312986e-003 0. 0. 0. 0. 0. 1.85571262e-003 9.86046391e-004 0.
    3.37036233e-003 1.13771246e-004 8.26969685e-004 0. 7.50497682e-004
    -4.13834845e-004 0. 0. 0. 0. 2.46370025e-003 0. 0. 0. 0.
    2.53201439e-003 0. -1.69138389e-003 1.91564800e-003 0.
    5.52839926e-003 7.08638737e-003 0. 0. 8.92197713e-004
    4.86328080e-003 0. 1.15769997e-003 -2.41692454e-004 0. 0.
    7.04677193e-004 0. 0. 1.93395314e-003 2.69558118e-003
    3.49418004e-003 5.51018398e-003 0. 0. 0. 0. 1.66402268e-003
    4.08831937e-003 1.45653251e-003 0. -5.34593069e-004 0.
    2.74690962e-003 3.94782983e-003 0. 0. -7.19819160e-004 0. 0.
    6.20980887e-003 1.19462458e-003 3.39785474e-003 -3.23997258e-004 0.
    2.24909582e-003 0. 7.82222371e-004 0. 3.46563454e-003
    2.80584488e-003 0. -6.49741851e-004 6.21008337e-004 1.67866738e-003
    0. 4.61648265e-003 0. 0. 0. 0. 7.60638481e-003 0. 4.08499176e-003
    3.82797257e-003 0. 0. 0. 0. 0. -7.78697024e-004 1.00577986e-002
    -9.31088871e-004 0. 3.06198676e-003 8.88237148e-004 2.37728399e-003
    1.77299301e-003 0. 0. 7.96099135e-004 0. 0. 2.89391237e-003 0.
    2.04344373e-003 2.72309640e-003 0. 8.44532100e-004 0. 0. 0.
    4.86520585e-003 1.27870328e-004 0. 0. -2.62452965e-003 0.
    1.58355366e-002 0. 5.78397326e-003 0. 5.87724568e-003
    7.08521460e-004 0. 7.40071817e-004 0. 0. 2.53455131e-003 0. 0.
    2.22841231e-003 0. 1.82890755e-004 0. 0. 0. 2.62474408e-003 0. 0. 0.
    -1.99795375e-003 4.14874521e-004 -1.01123971e-003 3.83550614e-005
    -5.71649580e-004 0. 0. 3.57430289e-003 0. 3.05350614e-003 0.
    6.71602599e-003 2.33956985e-003 0. 0. 7.63732474e-003 0.
    5.32091036e-003 0. 9.96905263e-004 3.41827283e-003 0.
    6.52255584e-003 0. 0. 0. 0. 0. 1.06840990e-002 0. 0. 1.42458815e-003
    0. 1.14848968e-002 2.00636080e-003 0. 0. 0. 0. -1.19637570e-003 0.
    0. 1.49403966e-003 0. 0. 0. 0. 0. 0. 0. 0. 0. 1.21192215e-003 0.
    -1.14536328e-004 7.68787228e-003 5.15671447e-003 0. 1.82921463e-003
    2.21832842e-003 0. 1.20564876e-002 1.09872138e-002 0.
    4.41410491e-004 0. 2.42592674e-003 0. 0. 0. 1.48086564e-003 0. 0. 0.
    0. 1.48057379e-003 0. 5.67164039e-003 0. 0. 0. 0. 9.13843571e-004
    5.23751602e-004 3.66778136e-003 0. 1.29263871e-003 0. 0. 0.
    1.80520862e-003 0. 4.24069399e-003 -2.63821310e-003 0.
    -1.67456211e-003 0. 0. 0. 0. 3.03401437e-004 0. 0. 0. 0.
    -7.33632914e-005 0. 3.26859858e-003 2.55640101e-004 0. 0. 0. 0. 0.
    0. 0. 4.20227298e-005 5.31781744e-003 0. 0. 0. 0. 4.79623675e-004 0.
    0. -1.08192884e-003 0. 0. 0. 0. 0. 0. 0. 4.70609358e-003 0. 0. 0.
    9.33333242e-004 0. 0. 0. -6.81937498e-004 0. 0. 0. 0. 0. 0. 0. 0.
    2.66527082e-003 0. 0. 0. 3.61288944e-003 0. 0. 0. 0. 5.10675367e-003
    3.83263663e-003 2.56293803e-003 0. 0. 0. 0. 0. 0. 0. 0.
    7.54206383e-004 8.30656791e-004 0. -8.97957434e-005 0.
    1.40791864e-003 0. 0. -1.75103673e-003 0. 7.00059696e-004
    1.95633131e-003 5.31819998e-004 0. 0. 0. 0. 0. 0. 6.44684478e-004 0.
    7.64962519e-004 0. 0. 0. 1.00204267e-003 0. 2.94934493e-003 0.
    2.12770165e-003 0. 4.52920533e-004 -2.32819351e-003 7.45854282e-004
    6.54719712e-004 0. 0. 2.37771496e-003 3.37358308e-003 0.
    5.37788169e-003 0. 0. 0. -1.06876098e-004 0. 4.19826014e-003
    2.11673952e-003 0. 4.66916431e-003 0. 0. 4.90218634e-003 0. 0. 0. 0.
    2.65472708e-003 5.38075547e-005 2.46712938e-003 2.28689425e-003
    -1.71970925e-003 0. 0. 0. 3.57178925e-003 2.93087843e-003
    1.19501108e-003 2.56997603e-003 0. 0. 0. 0. 0. 0. 0. 0. 0.
    7.95981206e-004 5.07831480e-003 0. 0. -3.31761781e-003 0.
    -3.72403930e-003 0. 0. 2.68086046e-003 0. 0. 0. 0. 0. 0.
    -2.23434574e-004 2.29506870e-003 0. 9.64875566e-004 0.
    -2.10326980e-003 0. 5.95022319e-003 0. 0. 0. 4.65863524e-003
    -8.86557798e-004 2.80830916e-003 1.24932488e-003 1.23075279e-003 0.
    8.58640880e-004 0. 0. 6.77410804e-004 0. 0. 0. 0. 0. 1.04835362e-003
    0. 0. 0. -7.49068521e-003 0. 0. 3.87264835e-003 5.97628811e-003
    -8.03318515e-004 0. 1.91407104e-003 0. 3.89095512e-003
    4.17433074e-003 0. 0. 4.22823723e-005 0. 0. 4.68163192e-003
    1.27380469e-003 1.46380626e-003 0. 8.50763451e-003 0.
    9.29177273e-004 0. 0. 4.68609482e-003 8.43846065e-004 0. 0.
    -3.50123999e-004 3.89795145e-003 0. 0. 0. 0. 8.49975913e-004
    1.75886997e-003 0. 0. 0. 0. 0. 0. 3.09298350e-003 1.24996481e-003 0.
    0. -1.37061375e-004 1.12573907e-003 0. 0. 2.74723605e-003
    4.12272662e-003 0. 0. 3.36127775e-003 3.18279467e-003
    4.15934296e-003 3.38857970e-003 0. -4.40266467e-006 0. 0.
    7.62071507e-003 0. 1.44559157e-003 -4.29744879e-003 0. 0. 0.
    4.10511438e-003 7.82157527e-004 1.78328319e-003 0. 1.82819890e-003
    7.17665581e-003 0. -1.14390592e-003 0. 0. 0. 0. -6.77773962e-004
    2.69924477e-003 3.86950816e-003 0. 0. 2.27139331e-003
    6.28124783e-003 -8.31244542e-005 1.75687717e-004 0. 6.99181110e-004
    1.53177662e-003 0. 0. 3.16785811e-003 0. 0. 0. 0. 0. 3.11066466e-003
    6.51254435e-004 0. 0. 2.49550212e-003 1.04391202e-002
    1.23153080e-003 1.87533966e-003 4.58111288e-003 0. 0. 0.
    2.97126942e-003 -2.12625531e-003 0. 0. -2.73520942e-003 0.
    2.68016272e-004 0. 0. 0. 0. 0. 0. 5.65582086e-005 0. 7.55343912e-003
    0. 0. 7.99903739e-003 -1.41782092e-003 9.09550232e-004 0. 0.
    1.27364835e-002 0. 0. 1.59359351e-003 5.85645624e-003 0. 0.
    -1.99623493e-004 2.75097485e-003 0. 0. 5.17442822e-003
    6.35349832e-004 0. 0. 0. 0. 2.92834779e-003 2.38737534e-003
    1.30309071e-003 2.12404784e-003 6.31762436e-004 2.60993442e-003
    -1.04272261e-003 3.14413593e-003 0. 0. 0. 0. 0. 0. 0. 0.
    9.98809189e-003 0. 0. 0. 0. 0. 2.67718616e-003 0. -2.79954425e-003
    0. 0. 0. 3.00727133e-003 0. 0. 0. 0. 0. 0. 3.44367092e-003 0. 0. 0.
    0. 0. 0. 1.02039007e-003 0. 0. 0. 0. 0. 4.47264127e-003
    7.65168515e-004 0. 0. 0. 0. 7.08770938e-003 9.37716686e-005 0. 0.
    1.76350016e-003 -7.07849744e-004 0. 0. 0. 6.29538391e-003 0.
    5.72885573e-003 0. 0. 0. 0. 3.71249829e-004 0. 3.38358968e-003
    4.89894580e-003 4.34200512e-003 1.45661092e-004 4.52356692e-003 0.
    6.44985354e-003 1.39562250e-003 0. 5.16551035e-003 0. 0.
    5.00378083e-004 0. 0. 1.56626161e-002 0. 0. 4.81577078e-003 0. 0.
    2.18999782e-003 0. 0. 1.60484065e-004 5.21721831e-003
    -2.70744029e-004 0. 0. 0. 0. 0. 0. 0. 0. 3.83990863e-003 0.
    8.76172271e-004 0. 0. 5.24506206e-003 0. 0. 0. 0. 4.36184974e-003 0.
    0. 1.19240191e-002 1.65791577e-003 2.28051585e-003 0.
    6.00366341e-003 0. 0. 0. 0. 0. 0. 0. 0. 0. 0. 3.52723291e-003
    7.08488235e-003 0. 0. 0. 1.05264448e-002 2.46630074e-003 0.
    -2.38842063e-006 0. -2.56740022e-004 0. 0. 6.44270470e-003
