<?xml version="1.0"?>
<opencv_storage>
<imageDescriptor type_id="opencv-matrix">
  <rows>1</rows>
  <cols>1000</cols>
  <dt>f</dt>
  <data>
    6.36485033e-003 1.69089399e-004 2.08791415e-003 -3.65884713e-004 0.
    -1.37928897e-003 -3.77111457e-004 2.14713649e-003 4.78123222e-003 0.
    0. 0. 9.83757200e-004 0. 3.75125767e-003 1.73539517e-003
    -1.34980027e-003 0. 0. 0. -8.09869671e-004 0. 0. 0. 5.35926083e-003
    1.20132754e-003 0. 0. 6.43228320e-003 0. 0. 7.73861306e-003
    -3.43619649e-005 -9.40645405e-004 0. 0. 0. 0. 0. 0. 1.97772007e-003
    3.20272846e-003 -6.77362958e-004 -4.42145742e-004 0. 0. 0.
    2.04924587e-003 0. 0. 1.76129094e-003 6.78645301e-005 0. 0. 0.
    3.99689330e-003 0. 0. -2.47206679e-003 5.76379498e-005 0. 0.
    4.54230560e-003 -1.67982129e-003 0. 5.09556336e-003 7.30971398e-004
    2.47920165e-003 0. 7.06859259e-003 -3.82084312e-004 1.20571618e-004
    5.07589802e-003 6.82228361e-004 0. -2.78633437e-003 0.
    1.79209711e-003 4.28611529e-004 7.49739585e-004 0. 0.
    -5.76758990e-004 0. -9.09787079e-004 0. 0. 1.55940454e-003 0.
    4.04075545e-004 0. -2.23880361e-005 6.98317890e-004 0. 0.
    3.74937034e-003 0. 0. -9.15383047e-004 0. 0. 2.67977593e-003 0.
    -8.07629665e-004 0. 0. 0. 0. 0. 2.18787603e-003 0. 0.
    -6.43898558e-004 8.17778613e-003 0. 3.53474694e-004 0. 0.
    8.05839617e-003 0. 7.19364398e-005 9.77737363e-003 1.11614540e-003
    0. 6.46780292e-003 3.49958218e-003 3.70899029e-003 0. 0.
    3.86419636e-003 -5.21003210e-004 0. 4.97353310e-003 0. 0.
    8.06137105e-005 0. 0. 0. 0. -2.83812638e-004 3.79290082e-004
    2.08405498e-003 8.71615019e-003 0. 0. 0. 0. 0. 1.95106422e-003
    4.22471203e-003 0. 0. -8.84546025e-004 1.39250339e-003 0.
    -1.26238761e-003 7.46900623e-004 -2.06684903e-003 -2.06451956e-003
    4.35919594e-003 0. -6.63968443e-004 0. 0. 0. 3.99653916e-004
    2.55023129e-003 1.29188888e-003 0. 0. 0. 0. 1.10601634e-003 0.
    -5.12861880e-003 6.40030159e-003 0. 7.68957101e-003 -4.64133132e-004
    0. 0. 2.25446420e-003 0. 9.58094432e-004 5.03400434e-003
    4.55692410e-003 0. 0. 0. 0. 0. 0. 2.70004501e-003 0. 0. 0.
    -1.55464956e-003 6.62761217e-004 1.62232993e-003 0. 0. 0. 0. 0.
    4.65302309e-003 4.18516062e-003 0. 0. 0. 0. 9.82385944e-004 0. 0. 0.
    0. 0. 1.32588099e-003 0. 6.66794181e-003 0. 0. 0. 0. 7.46882986e-003
    0. 2.43981835e-004 -1.10308974e-004 0. 4.54017194e-003 0. 0. 0.
    3.74405319e-003 0. -2.97964783e-004 0. 0. 3.88610922e-003
    6.51255716e-003 1.02636195e-003 0. 0. 0. 3.82250198e-003 0. 0.
    2.34591076e-003 1.08237565e-003 7.66350015e-004 0. 3.70023050e-003
    2.06440804e-003 -1.34628010e-003 0. 0. 0. 0. 4.00589692e-004 0.
    1.86298485e-003 0. 1.33378059e-003 2.63709133e-003 0. 0. 0. 0.
    1.79512287e-003 3.31021380e-004 0. 0. 6.00287516e-004 0. 0.
    8.32865888e-004 0. 0. 0. 2.13380437e-004 0. -3.60737392e-003
    2.57322798e-003 0. 0. 0. 8.31689406e-003 6.48510584e-004
    8.27735104e-003 0. 0. 0. 0. 4.35645416e-005 0. -1.19491166e-003
    3.66219174e-005 0. 0. -1.39677210e-003 1.88291725e-002
    -1.20869641e-004 2.46959995e-003 3.63753946e-003 0. 0.
    3.35649075e-003 5.91443246e-003 0. -3.66257649e-004 0.
    -5.18646593e-005 0. 0. -1.54780410e-003 1.55915495e-003 0. 0.
    2.85483734e-003 4.31037834e-003 0. 0. 0. 0. 0. 7.90085923e-003
    6.47972687e-004 2.36065220e-003 0. 0. 0. 0. 0. 1.13951066e-003
    1.26506889e-003 0. 1.42078637e-003 0. 0. 0. 2.37388280e-003 0.
    5.76978840e-004 8.80523527e-004 0. 0. 3.03386390e-004 0. 0. 0.
    2.83633033e-003 8.48134235e-003 5.69671218e-004 1.87969778e-003 0.
    0. 1.92021264e-003 0. 0. 0. 0. 2.00525229e-003 0. -2.52942060e-004
    0. 0. 6.28224225e-004 2.24584993e-003 0. 3.39568150e-003 0.
    5.65761235e-003 0. 8.07449978e-004 0. -9.01473803e-004
    4.61778982e-004 0. 0. 0. 0. 0. 0. -3.93723167e-004 0.
    2.67773797e-003 0. 0. 0. -8.87703209e-004 0. 0. 0. 0.
    2.83410912e-003 4.69873659e-004 0. 6.33126838e-005 0. 0. 0.
    -6.91748457e-004 1.82381296e-003 0. 4.81219124e-003 5.22433454e-003
    4.03724564e-003 4.84714145e-003 5.81223611e-003 -8.22258764e-004
    2.87375320e-003 0. 0. 0. 0. 1.02756754e-003 1.38176023e-003
    3.37916380e-003 4.02914640e-003 3.15799203e-004 1.29252672e-003 0.
    8.42673762e-004 0. 3.32668121e-003 0. -1.76805758e-003 0.
    1.44005183e-003 1.32453127e-003 2.63241911e-003 -7.00036820e-004 0.
    6.58041739e-004 1.04043975e-004 0. 2.48569995e-003 0. 0.
    1.84345078e-002 0. 9.13992524e-004 0. 0. 6.14286182e-006 0. 0. 0. 0.
    1.30437715e-002 6.79017464e-003 1.24891789e-003 1.44762557e-003
    2.50877254e-003 0. 0. 0. 4.69283806e-003 1.86996162e-003
    3.53906513e-003 0. 0. 3.20110749e-003 1.73236686e-003
    5.84310666e-003 6.54253224e-003 8.44034308e-004 0. 0. 0.
    5.01932576e-004 0. 6.50563417e-003 1.47947366e-003 0. 0.
    5.29785815e-004 1.06778247e-002 -2.16069655e-003 0. 0.
    1.04588119e-003 0. 0. 0. 0. 0. 0. 4.37468151e-003 0. 2.47998792e-003
    1.29398808e-003 0. 0. 0. 5.69489959e-004 2.85837823e-003 0.
    1.66704529e-003 0. 1.25536451e-003 0. 0. 0. 0. 8.07406846e-003
    -1.40870025e-003 3.75861465e-003 -4.74779110e-004 0. 0.
    8.25859897e-004 -4.41175478e-004 0. 0. 0. 0. 5.81609784e-003 0. 0.
    0. 1.82215858e-003 9.59972793e-004 0. 0. 0. 0. 0. 0. 0.
    5.33707486e-003 6.57163211e-004 0. 0. 9.21000168e-003
    7.17062154e-004 9.73082706e-003 1.51620910e-003 6.03805878e-004 0.
    5.12540340e-003 0. 2.91099912e-003 0. 0. 1.39753427e-003
    1.96397188e-003 0. 1.61365338e-003 0. 0. 0. 0. 0. 0. 6.07486907e-003
    1.35215733e-003 0. 3.59141314e-003 0. -3.76975484e-004
    5.12288825e-004 5.67666860e-003 0. 3.26146674e-003 0. 0. 0. 0.
    1.13962498e-002 0. 7.79587496e-003 0. 3.42533574e-004 0.
    1.77436916e-003 5.83192054e-003 0. 0. 0. 2.82601686e-003 0. 0. 0. 0.
    0. 0. 0. 3.69302725e-004 -7.30820000e-004 -9.88757587e-004 0. 0. 0.
    0. 0. -2.95566017e-004 5.91128273e-003 0. 1.10299780e-003 0.
    -3.91490496e-004 9.22128733e-004 8.66475690e-004 0. 0.
    3.78253451e-003 -7.20240991e-004 9.72525124e-003 -6.45937456e-004 0.
    0. 0. 2.79040001e-002 0. 7.92253297e-003 1.99379120e-003 0. 0.
    3.07101400e-005 1.06132764e-003 3.35797877e-003 7.29846489e-003 0.
    1.07408233e-003 0. 0. 0. 0. 0. 0. 1.62243858e-004 0. 0.
    2.18090508e-002 0. 0. 4.39169991e-004 0. -1.34387251e-003 0. 0. 0.
    0. 0. 0. 0. 0. 0. 0. 0. 3.50445672e-003 9.52007528e-003 0.
    -8.00358306e-004 0. 0. 0. 0. 0. 0. 0. 0. 2.65333639e-003
    -5.42359834e-004 0. 0. 1.64489355e-003 0. 1.44129610e-002 0. 0.
    3.60499579e-003 2.51483871e-003 -1.62149628e-003 0. 0. 0. 0. 0. 0.
    0. 0. 0. 0. 4.98668174e-004 -6.43746869e-004 1.08887872e-003 0. 0.
    0. 0. 0. 0. 0. 0. 0. 3.85940494e-003 0. -2.82163557e-004 0. 0.
    -5.54366088e-005 0. 0. 0. 0. 0. 1.10526020e-002 0. 0.
    -5.67044655e-004 0. 5.89172961e-003 9.35288984e-003 1.21430075e-003
    2.51707097e-004 0. 2.01157224e-003 6.37810258e-003 0.
    5.92225697e-004 0. 0. 0. 0. 0. 8.90430249e-003 -7.58410781e-004
    2.07869383e-003 7.12250883e-004 4.56179492e-003 0. 1.86094944e-003
    0. 0. 0. 1.06477144e-003 3.62491352e-003 0. 0. 0. 3.45877977e-003
    3.49182636e-003 6.64752722e-003 0. 0. 0. 0. 0. 4.54683043e-003 0.
    5.17041935e-003 0. 0. 0. 0. -6.84209226e-004 1.11254619e-003 0.
    -4.47006605e-004 0. 0. 2.25886959e-003 0. -1.03729125e-003 0. 0. 0.
    0. 4.16772719e-003 0. 0. 0. 0. 0. 0. 0. -9.77600575e-004 0. 0. 0. 0.
    -6.62401086e-004 0. 0. 7.48267397e-003 0. 2.93865614e-003
    1.08874228e-003 6.88207010e-003 0. -2.60727538e-004 -8.57678009e-004
    0. 0. 0. 0. 0. 0. 0. 0. 0. -1.34848361e-003 3.13424878e-003 0. 0. 0.
    0. 0. 2.66327668e-004 0. 0. 0. 1.96153810e-003 -1.08379975e-003 0.
    0. 0. 0. 0. 1.85629947e-003 0. 9.15414537e-004 0. 3.41965677e-003
    1.35893608e-003 0. 0. 4.17076866e-004 5.54638542e-003 0. 0. 0.
    5.71681187e-003 0. 0. 6.22631004e-003 0. 0. 0. 1.18762382e-005
    -1.32338610e-004 -3.07892507e-004 0. -6.92534741e-005 0.
    1.02329534e-003 -1.13734638e-003 -4.28896630e-004 0.
