<?xml version="1.0"?>
<opencv_storage>
<imageDescriptor type_id="opencv-matrix">
  <rows>1</rows>
  <cols>1000</cols>
  <dt>f</dt>
  <data>
    6.00837125e-003 -4.39957157e-003 1.43504178e-003 0. -1.63924089e-003
    -1.23041007e-003 0. 0. -5.48024545e-004 1.80266565e-003
    7.30870431e-003 0. 0. 0. 3.99560807e-003 9.89820808e-003
    8.37970118e-004 0. 0. 0. 1.61325792e-003 0. 2.86692195e-003 0.
    1.27937878e-003 1.45307498e-003 7.38967443e-004 0. 0.
    9.43421153e-004 0. -9.52066854e-004 4.88156825e-003 0.
    2.52554216e-003 0. 8.39116110e-004 0. 0. 0. -3.04726604e-003
    6.26276620e-003 0. 0. -2.37536780e-003 9.92324110e-003
    4.69902763e-003 1.06596462e-002 0. 0. 0. 0. 0. 0. 1.32218073e-003
    7.01950118e-003 0. 0. 0. 0. 0. 1.33443400e-002 0. 1.08210032e-003 0.
    0. 0. 1.71450363e-003 0. 2.64037331e-003 0. 0. 7.61312200e-003 0.
    8.28149449e-003 0. 0. 0. 0. 0. 9.57147405e-003 0. -1.25723262e-003
    -2.35298488e-004 0. 0. 0. 0. 0. 0. 3.46507574e-003 0.
    -3.45667941e-004 0. 0. 0. -3.45434353e-004 1.92612573e-003
    -1.82489865e-004 0. 4.28703893e-003 0. 0. 1.73158862e-003 0.
    1.03636505e-002 1.64118945e-003 0. -3.16174352e-003 0.
    1.39817176e-003 1.64736027e-003 1.20789316e-002 0. 7.56162801e-004
    8.44530016e-003 5.57440426e-003 0. 0. 0. 0. 6.70614978e-003 0. 0.
    3.31671746e-003 0. 0. 9.26111080e-003 0. 2.58926768e-003
    9.34133597e-004 0. 0. 9.08752845e-005 0. -1.58832863e-003 0.
    3.16530582e-003 2.04377417e-002 -1.19825221e-004 0. 0. 0. 0. 0. 0.
    2.93530081e-003 0. 1.19528442e-003 0. 0. 0. 0. 0. 0. 0.
    8.06173217e-003 0. 0. 1.80242660e-006 7.11173471e-003
    -3.18972394e-004 0. 0. 9.51572135e-003 1.34378788e-003 0. 0.
    4.60171746e-003 0. 8.99112201e-004 1.02085283e-003 0.
    1.11550628e-003 1.56709168e-003 0. 0. 0. 0. 9.56326164e-003 0. 0. 0.
    0. 3.81342066e-003 0. 0. 3.75160738e-003 0. 6.46251487e-004 0. 0. 0.
    0. 0. 0. 0. 1.68801972e-003 0. 9.28752066e-004 0. 0. 0. 0. 0. 0. 0.
    3.02066564e-006 0. 0. 0. 6.86000451e-004 0. 0. 0. 0. 0.
    1.09056896e-003 2.54724082e-003 6.73424266e-003 3.58216552e-004 0.
    0. 0. 7.42204487e-003 0. 1.11853820e-003 0. 0. 0. 0. 0. 0. 0. 0.
    -1.61674828e-003 0. 0. 2.76125618e-003 0. 2.58301646e-002
    -6.56012562e-004 0. 0. 0. 0. 3.14884557e-004 -3.71240138e-004
    -1.93441799e-003 0. 2.56327959e-003 0. 0. 0. 0. 0. 3.26322101e-004
    0. 0. 0. 0. 3.43569019e-003 0. 0. 3.69261275e-003 5.01314789e-005 0.
    0. 0. 8.10553378e-004 0. 0. 6.20580919e-004 0. -2.02930975e-003
    -1.88422229e-004 2.40448912e-006 0. 0. 9.29167587e-003 0. 0. 0.
    1.79638306e-003 8.35679658e-003 0. 0. 4.30078362e-005
    2.19868892e-003 0. 4.19975771e-003 0. 1.07318452e-002 0. 0.
    3.68402433e-003 0. -4.08298016e-004 0. 0. 0. 0. 7.51969637e-004 0.
    0. 1.26347262e-002 1.15135883e-003 0. 0. 1.27085892e-003 0.
    1.05845304e-002 4.07528970e-003 0. 0. 0. 0. 4.68576141e-003
    -1.21461658e-003 0. 5.75419795e-003 0. 1.57921750e-003 0. 0. 0. 0.
    0. 8.86846520e-003 5.32495510e-003 0. 0. 0. 0. -1.08899875e-003 0.
    0. 0. 0. 8.71651282e-004 0. 0. 3.26621870e-004 1.98725698e-004
    1.97483017e-003 1.88161172e-002 0. -2.61869689e-004 1.53501681e-003
    0. 7.66903686e-004 0. 0. -1.93725643e-003 0. 0. 3.26224766e-003 0.
    4.62332624e-004 0. 0. 0. -1.57401850e-003 0. 2.87747331e-004 0.
    9.67453606e-003 0. 0. 2.25516246e-003 0. 0. 0. 0. 8.11647996e-003 0.
    0. 0. 1.55240414e-003 9.53298807e-003 0. 3.53410095e-003 0. 0.
    2.44592549e-003 0. 0. 9.82964784e-003 0. 0. 0. 0. -3.36578436e-004
    0. -3.44460690e-003 8.85634124e-003 0. 0. 0. 0. 0. 1.68331951e-006
    0. 0. 0. 0. 0. 0. 0. 0. 0. 6.71771355e-003 3.81637714e-003 0.
    3.57737183e-004 0. 0. 0. 0. 0. 0. 0. 0. 0. 2.97076895e-005 0.
    4.67009668e-004 0. 0. 0. 0. 0. 0. 0. 0. 0. 2.08106497e-003 0.
    -8.64864036e-004 2.70882389e-003 6.38306665e-004 3.10339243e-003 0.
    0. -3.30768293e-004 0. -3.06584261e-004 0. 0. -2.41213143e-004
    -3.96760697e-005 0. 2.60171919e-006 0. 0. 1.44812930e-003
    1.16933277e-003 0. 0. 0. 2.20630085e-003 0. 0. 1.14388876e-002
    -5.92448574e-004 0. 0. 2.26663202e-002 1.63333316e-003 0. 0.
    1.68328325e-003 0. 7.05644349e-003 9.25059803e-003 2.29508453e-003
    1.02961352e-002 0. 0. 0. 1.75408239e-003 0. 0. -2.26335577e-003 0.
    0. 0. -1.20538718e-003 0. 1.22067407e-002 4.13756398e-003 0. 0.
    -8.55884224e-004 -4.55843139e-004 0. 0. 0. 0. 0. 4.37856978e-003 0.
    5.58668689e-004 0. 1.90097280e-003 5.30912694e-005 0. 0.
    -4.62739437e-004 0. 0. 0. 2.61821318e-003 6.79830438e-004 0. 0.
    4.56347596e-003 0. 0. 0. 1.31366635e-003 0. 0. -3.27543472e-004 0.
    0. -5.06069337e-004 0. -8.81864573e-004 3.29534779e-003
    2.25965749e-003 0. 0. -2.56197178e-003 2.32797908e-003 0.
    2.78524589e-004 0. 0. 0. 2.92418245e-003 0. 0. 1.85577129e-003
    2.34929696e-002 0. 0. 0. 8.53300467e-003 0. 0. 2.06563529e-003 0.
    -5.53234015e-004 0. 0. 0. 4.32029879e-003 0. 1.45126064e-003
    2.95042200e-003 0. 0. 0. 0. 0. 0. 0. 2.67688953e-003 2.10389402e-003
    0. -7.95665255e-005 2.87758489e-003 8.52031074e-003 1.20226317e-003
    0. 2.30579986e-003 0. 0. 0. 0. 0. 0. -7.98373134e-004 0. 0.
    1.66247983e-003 0. -9.80638899e-004 0. 0. 2.37171096e-003 0. 0.
    4.66387719e-003 0. 1.99230062e-003 1.48546393e-003 6.68798015e-003
    3.33352759e-003 1.39118521e-003 5.99108636e-004 0. 8.48336145e-003
    8.60203337e-003 0. 0. 0. -4.60524199e-004 8.88324110e-004
    -2.02071697e-005 -3.58488032e-004 0. 0. 0. 0. 0. 0. 0. 0. 0. 0.
    1.33198628e-003 0. -2.35752144e-004 4.13301913e-003 0. 0.
    -1.69434759e-003 -5.21601643e-004 0. 0. 5.55639481e-003 0. 0.
    7.34119618e-004 4.35032707e-004 0. 0. 6.55794051e-003 0. 0.
    5.45248622e-003 0. 2.16761394e-003 0. 0. 0. 0. 0. 0. 0. 0.
    2.33925530e-003 3.69145046e-003 0. 0. 0. 2.34099827e-003 0.
    1.26122043e-003 0. 0. 0. 0. 0. 0. 1.27690379e-004 -4.50782769e-004
    0. 0. 0. 5.31858997e-003 9.28924419e-003 0. 0. 0. 0. 0. 0. 0. 0. 0.
    0. 0. 0. 3.77706741e-003 -3.55332857e-003 0. 2.41230498e-003 0. 0.
    3.18406732e-003 0. 0. 0. 0. 4.48335661e-003 0. 1.71481550e-003 0. 0.
    3.58165125e-005 1.53802137e-003 0. 0. -8.06151424e-004
    -5.93406439e-004 2.89541739e-003 0. 3.50756338e-003 -1.95699441e-003
    0. 1.05186319e-002 0. 0. 2.42739962e-003 1.38990395e-003 0. 0. 0.
    2.61372630e-003 2.50786170e-003 -6.00669417e-004 0. 1.53967435e-003
    -2.32202676e-003 1.05188377e-002 6.12793723e-004 0. 0. 0. 0. 0. 0.
    0. 0. 1.85241083e-006 5.90390433e-003 0. 0. 0. 0. 1.12537771e-006 0.
    0. 0. 0. 0. 2.27085024e-004 0. 0. 0. 0. 0. 0. 0. 0. 0. 0. 0. 0. 0.
    2.49341065e-006 0. 1.37291686e-003 1.05188824e-002 7.03079252e-007
    0. 0. 0. 0. 0. 1.05183227e-002 0. 0. 0. 8.54637846e-003 0. 0. 0. 0.
    0. 0. 0. 0. 0. 0. 0. 0. 0. 0. 6.87329099e-004 4.21909848e-003 0. 0.
    0. 0. 0. 0. 4.73897345e-003 0. 0. 0. 0. 3.79439036e-004 0. 0.
    9.55884904e-003 0. 0. 0. 0. 0. 0. 0. 0. -4.51625499e-004
    8.30550864e-003 0. 0. 0. 0. 0. 1.90349261e-003 0. 1.53085864e-006 0.
    2.78878224e-006 0. 0. 2.65030940e-006 0. 0. 1.01938774e-003 0. 0. 0.
    0. 0. 3.88461142e-003 0. 2.44267663e-004 6.56494545e-003 0. 0. 0. 0.
    0. 5.97068050e-004 8.17595236e-003 1.61358190e-003 0. 0. 0. 0. 0. 0.
    3.29318666e-003 -1.41126313e-003 0. -3.83880601e-004 0. 0. 0. 0. 0.
    0. 0. 0. 0. 0. 0. 0. 0. 0. 0. 0. 0. -6.54613134e-004 0.
    5.50531549e-003 8.46462231e-003 0. 0. 0. 0. 0. 0. 0. 0.
    1.84907101e-003 0. 0. 0. 2.05373613e-006 0. 0. 2.36584432e-003 0. 0.
    0. 0. 0. 0. 1.02450373e-002 -1.77560782e-003 0. 0. -5.43025730e-004
    0. 0. 0. 0. 0. 1.23117841e-003 0. 0. 0. 0. 0. 1.09353978e-002 0. 0.
    0. 7.91665260e-003 0. 2.23668083e-003 0. 0. 0. 7.22200004e-003 0. 0.
    0. 0. 0. 0. 0. 0. 0. 7.92829494e-004 1.28399218e-002 0. 0. 0.
    -4.29009815e-004 0. -1.78623581e-004 0. 0. 0. 0. 0. -1.05059030e-003
    0. 0. 0. 0. 0. 0. 9.63669922e-003 0. 0. 9.02101223e-004 0. 0.
    -1.16281467e-003 0. 0. 0. 0. 0. 0. 0. 0. 0. 0. 0. 0. 0. 0. 0. 0. 0.
