<?xml version="1.0"?>
<opencv_storage>
<imageDescriptor type_id="opencv-matrix">
  <rows>1</rows>
  <cols>1000</cols>
  <dt>f</dt>
  <data>
    0. 8.38639680e-003 2.10339809e-003 0. 1.26919476e-003
    3.13246087e-003 6.46317087e-004 -1.32297835e-004 8.12867656e-004 0.
    0. 2.92896316e-003 0. 0. 0. 0. 0. 4.77549009e-004 5.18279755e-003 0.
    7.42966542e-004 1.03683455e-003 1.18350005e-003 0. 1.10683159e-003
    7.45452847e-003 0. 3.33718606e-003 2.07405992e-005 6.12401171e-003
    9.72750771e-004 0. 0. 3.19825788e-003 0. 0. 0. 3.75426211e-003 0.
    -5.78125415e-004 1.36919122e-003 0. 0. -1.50342239e-004 0. 0. 0. 0.
    0. 0. 0. 5.50809735e-003 1.27281164e-004 0. 1.50469353e-003 0. 0. 0.
    1.50511763e-003 0. 2.01420533e-003 2.75748986e-004 0. 0.
    3.42177204e-003 0. 0. 0. 5.68107376e-003 3.86706379e-004
    4.33085865e-004 0. 0. 8.36859341e-004 1.28569698e-003
    -1.89789990e-003 7.81556964e-003 0. 0. 7.51204137e-003
    -8.50565615e-004 0. 0. 0. 0. 0. 0. 0. 9.19819984e-004 0. 0.
    4.76220110e-003 -9.03463981e-004 1.35154445e-002 8.97705182e-003
    2.51625804e-003 0. -7.93915184e-004 6.31016959e-003 -4.28776460e-004
    1.09291775e-003 3.28032859e-003 0. -3.25034559e-003 0. 0. 0. 0. 0.
    0. 8.37584957e-004 0. 0. 0. 4.10541892e-003 0. 0. 5.43919066e-003 0.
    0. 1.55588472e-003 0. 2.76490930e-003 0. 6.04469609e-003
    1.57181208e-003 0. 0. 6.77735964e-003 0. 0. 0. 0. 0. 0. 0. 0.
    2.11868505e-003 7.46813323e-003 2.24632863e-003 0. 0. 0. 0.
    2.42130808e-003 0. 9.22274776e-004 0. 0. 3.31847789e-003
    6.93903305e-003 0. 1.92496786e-003 0. 0. -2.19198433e-003 0. 0. 0.
    0. 6.42311526e-003 0. 0. 6.41119294e-003 0. 0. 0. 0.
    -1.12509110e-003 0. 3.52102728e-003 0. -1.98995625e-003
    4.13718214e-003 1.54999353e-003 0. 1.47081865e-003 5.85621828e-003
    0. 0. 0. -6.66678825e-004 -2.55479885e-004 2.85632932e-003 0.
    1.23494607e-003 0. 2.55128392e-003 0. 0. 0. 0. 0. 0. 0. 0.
    2.06969678e-003 -2.15459149e-003 0. 0. 2.06876756e-003 0.
    7.01884367e-003 7.52244305e-005 1.87785539e-003 0. 0. 0. 0. 0.
    2.65321904e-003 0. 0. 6.03105128e-003 0. 0. 9.33383871e-003 0. 0.
    3.72528168e-003 0. 1.92921504e-003 0. 0. 0. 0. 0. 0. 7.03220768e-003
    0. 2.60271993e-003 1.48925919e-003 2.55476357e-003 0. 0.
    -2.59100157e-003 0. 0. 0. 0. 0. 0. 0. 1.27272471e-003 0. 0. 0.
    -1.16637070e-003 0. 9.66363441e-005 7.31169421e-004 1.23878999e-003
    0. 2.18759128e-003 -1.07001141e-003 0. 0. 0. 0. 4.86112572e-003
    1.80204643e-003 6.74306881e-003 1.25128147e-003 1.04590342e-003 0.
    0. 0. 1.02765998e-003 0. -2.00372830e-004 1.53009221e-003
    -1.08329591e-003 6.19227719e-003 2.23468104e-003 6.57222525e-004
    -4.38955904e-004 4.98573529e-003 0. 0. 2.52401223e-003
    -1.54399883e-003 1.28439441e-003 0. 0. 2.57610017e-003
    1.22036517e-003 0. 5.52942231e-003 0. 0. 0. 0. 0. 0. 0. 0. 0. 0.
    2.62707961e-003 0. 1.73848728e-003 1.21182727e-003 0.
    2.54749879e-003 3.97716369e-003 0. 0. 0. 0. 0. 0. 0. 3.04109277e-003
    0. -9.67493572e-004 0. 0. 2.74521182e-003 0. 0. 6.21443335e-003 0.
    0. 4.74478380e-004 0. 1.69119309e-003 0. 0. 1.14378901e-002
    2.17177346e-003 0. 5.59402863e-004 0. 1.95420510e-003 0. 0. 0.
    5.64375019e-004 0. 0. 2.75217517e-005 0. 0. 0. 1.36518953e-002
    5.72944386e-003 -1.89201848e-004 3.73638002e-003 0. 0. 0.
    2.67159450e-003 0. 0. 0. -1.04047148e-003 0. 0. 1.36787130e-003
    1.93595610e-004 0. 0. 0. -3.66987115e-005 2.11739726e-003 0. 0.
    4.23220173e-003 0. 1.96780218e-003 -1.41789424e-004 0.
    1.49129983e-003 1.81694725e-003 -2.09345264e-004 2.09910749e-003
    1.18307150e-006 0. 0. 4.69475333e-003 0. 0. 0. 0. 7.44146819e-004 0.
    0. 0. 2.07951036e-003 0. 0. 1.45418933e-002 0. 7.83939194e-003 0.
    2.12178915e-004 -1.03389216e-003 0. 0. 1.71505450e-003 0.
    2.69519794e-003 3.77740059e-003 5.69477817e-003 -2.47611618e-003
    3.75033962e-003 0. 4.66440618e-003 2.57676729e-004 2.35241954e-003
    -7.18702213e-004 0. 0. 2.36851163e-004 0. -4.74079774e-004
    3.15995701e-003 0. 5.00275614e-003 0. 0. 7.16671161e-003 0.
    3.90709232e-004 2.41049868e-003 1.71619328e-003 5.38052572e-003
    1.92681118e-003 7.95056578e-003 0. 6.76605105e-003 0. 0.
    7.05799088e-004 0. 0. 1.65396594e-002 5.47667453e-003 0.
    7.32142507e-005 0. 0. 1.02015119e-003 2.49685999e-003 0. 0. 0. 0.
    2.20575137e-003 0. 0. 6.40953192e-004 1.39279291e-003 0.
    3.04347603e-003 0. 0. 0. 3.12496722e-003 2.25212898e-005 0. 0. 0.
    -3.80340032e-004 0. 3.16386111e-003 0. 0. 2.17661285e-003 0. 0. 0.
    0. 0. 0. 0. 0. 4.42165975e-003 0. 0. 0. 0. 0. -3.23882297e-004 0. 0.
    0. 0. 0. 3.81626026e-003 0. 1.81356561e-004 0. 0. 0. 2.20383611e-003
    0. 0. 4.63848980e-003 7.40841264e-004 4.08586056e-004
    1.51898630e-003 0. 0. 0. 0. 2.10024836e-003 6.27052272e-003 0. 0. 0.
    0. 0. 0. 0. 3.27363750e-003 -4.31901834e-004 0. 2.81726080e-003
    -2.54526315e-003 7.77778041e-004 3.57100565e-004 -2.38175062e-003
    1.26766507e-002 1.50128652e-003 0. 0. 0. 2.35497090e-003 0.
    5.30615589e-003 0. 0. 6.65182597e-004 0. 1.94093713e-003 0.
    1.16901274e-003 -1.64216035e-003 0. 9.70080320e-004 0.
    1.42359291e-003 2.15164083e-003 0. -6.92721165e-004 -1.91491490e-004
    0. 1.75615610e-003 0. -2.50203302e-004 0. 0. 1.94095576e-003
    -4.44451362e-005 0. 0. 0. 0. 0. 0. 0. 0. 0. 0. 3.26437387e-003
    3.23998672e-003 -1.86446251e-003 0. 6.78936392e-003 0. 0. 0. 0. 0.
    0. 4.03767277e-004 0. 0. 0. 4.84764983e-004 9.99771897e-003
    3.10583413e-003 0. 0. 0. 0. 1.17432186e-003 2.00160174e-003
    7.38098565e-003 2.01617694e-003 4.76441672e-003 0. 0.
    3.62234958e-003 0. 0. 0. 0. 3.40139028e-004 3.52955097e-003 0.
    7.42123113e-004 9.17461701e-003 0. 0. -1.05518312e-003 0. 0. 0.
    2.95632239e-003 -4.88760241e-004 4.00206394e-004 0. 0. 0.
    2.48762849e-003 8.39994696e-004 0. 7.90418871e-003 0.
    5.39214758e-004 0. 0. 4.10322845e-003 1.71980250e-003
    2.28241598e-003 0. 0. 0. 0. 0. 0. 3.60023067e-003 0. 0.
    9.15554725e-003 0. 0. 0. 0. 0. 0. 0. 5.13761479e-004 0.
    -3.33099510e-004 -3.93136143e-004 4.01720405e-003 -1.96852419e-003
    0. 2.22754711e-003 0. 0. 7.93680083e-003 1.54918549e-003 0.
    1.85973279e-003 4.24932968e-003 7.70410115e-004 0. 0. 0.
    -4.30532848e-004 0. 3.15096695e-003 8.26993957e-003 5.38304402e-003
    1.09901919e-003 6.58564083e-003 2.67395563e-003 0. 1.03643653e-003
    4.93632047e-004 0. 0. 0. 6.39802637e-003 0. 0. 0. 1.43267401e-003 0.
    0. 0. 1.59343053e-003 0. 0. 0. 0. 4.57618618e-003 2.77656177e-003 0.
    0. 3.14343488e-003 2.36436469e-003 0. 0. 0. 0. 0. 0. 0.
    1.64876122e-003 2.58747302e-003 0. 0. 0. 0. 0. 0. 1.81513280e-003 0.
    0. -1.72768501e-004 0. 2.45273556e-003 0. 0. 6.67198619e-004 0. 0.
    0. 0. 5.93986781e-003 0. 0. 1.47781265e-003 0. 0. 0. 0. 0. 0. 0. 0.
    1.12530739e-004 0. 0. 1.70764443e-003 0. 6.51258603e-003 0. 0.
    2.97829532e-003 0. -1.23308471e-003 1.36552006e-003 0.
    5.22220228e-003 0. 0. 0. 3.31343547e-003 0. 0. 3.56622436e-003
    -7.37418770e-004 0. 0. 0. 9.22486826e-004 0. 1.67462416e-003 0. 0.
    1.96187478e-003 0. -1.94888143e-003 0. 1.04839420e-002 0. 0. 0. 0.
    0. 0. -2.44980678e-003 0. 6.15719007e-003 5.91793982e-003
    3.29246162e-003 7.85282720e-003 7.36789603e-004 5.60319168e-004 0.
    -4.09414090e-004 0. 0. 0. 0. 0. -1.67071808e-003 0. 8.26004427e-003
    3.11096112e-004 0. 0. 0. 0. 0. 2.00806721e-003 4.12846886e-004
    5.29749610e-004 0. 0. 0. 0. 0. 1.71489990e-003 1.07862230e-003 0. 0.
    1.54497125e-003 3.03091452e-004 3.63885076e-003 0. 0. 0.
    -9.14219418e-004 0. 5.76802995e-003 0. 4.01857123e-003 0. 0.
    1.18172751e-003 -2.51768623e-003 2.89162342e-003 8.38448410e-004 0.
    2.03766022e-003 7.04333466e-003 0. 0. 0. 4.45577037e-003 0. 0. 0.
    5.72089478e-003 1.31884080e-005 0. 0. 0. 7.65310647e-003 0.
    6.00675703e-005 0. 7.97211134e-004 0. 2.03812099e-003 0. 0.
    -3.68649838e-004 0. 0. 0. 0. 0. 0. 1.92542374e-003 0. 0. 0. 0.
    3.32731381e-003 0. 0. 0. 2.89195939e-003 1.43016863e-003 0. 0.
