<?xml version="1.0"?>
<opencv_storage>
<imageDescriptor type_id="opencv-matrix">
  <rows>1</rows>
  <cols>1000</cols>
  <dt>f</dt>
  <data>
    4.10580914e-003 0. 0. 0. 0. 0. 0. 0. 2.37369887e-003 1.16879027e-003
    0. 0. 0. 0. 0. 0. -5.79783972e-003 0. 0. 0. 1.50484135e-004 0.
    -7.48611521e-004 1.76343217e-003 1.09493826e-002 0. 0. 0. 0. 0.
    2.39631324e-003 -8.16474902e-004 0. 0. 3.79393133e-003
    3.92141723e-004 5.11658425e-003 0. 0. 0. 0. 8.31868558e-004 0. 0. 0.
    0. 0. 0. 3.17761628e-003 0. 1.70549683e-004 0. 0. 4.24600532e-003 0.
    0. 0. 4.18394292e-003 6.80895057e-003 1.09043214e-002
    2.65561655e-004 0. 0. 0. 2.67063105e-003 0. 0. 0. 0. 7.07234070e-003
    0. -1.20209879e-003 3.26978508e-003 0. 0. 0. 1.65768352e-003 0. 0.
    0. 0. 0. 0. 6.45394297e-003 1.39808508e-005 0. 9.52769187e-004
    1.84245210e-003 3.78041092e-004 0. 0. 1.16805627e-003 0. 0. 0. 0. 0.
    0. 6.91017020e-004 0. 0. -2.11158628e-003 0. 0. 0. 0. 0.
    6.46433048e-003 0. 0. 0. 2.35920050e-003 0. 0. 0. 0. 0.
    1.65325974e-003 0. 0. 8.87816306e-003 0. 0. 0. 0. 4.29216493e-003
    -1.85632511e-004 0. 0. 0. 4.65199444e-003 0. 0. 0. 0. 0. 0. 0.
    -1.06823386e-003 1.51040219e-003 0. 5.88679127e-003 0. 0. 0.
    6.53474499e-003 0. 7.00862892e-003 0. 3.96114308e-003 0. 0.
    6.81914622e-004 0. 0. 6.75808638e-003 0. 0. 0. 0. 0. 4.50790441e-003
    0. 0. 0. 0. 2.96186260e-003 0. 0. 0. 3.66690429e-003 0. 0. 0. 0. 0.
    0. 0. 0. 9.91312135e-003 2.53209099e-003 0. 0. 0. 0. 0. 0. 0. 0. 0.
    0. 0. 0. 0. 0. 0. 0. 2.83172092e-004 0. 1.12850638e-003 0. 0. 0.
    1.02200890e-002 2.66576838e-003 5.07152174e-004 2.24005128e-003
    1.62977364e-003 0. 0. 0. 0. 3.77197843e-003 0. 0. 0. 4.92377952e-003
    2.39647017e-003 6.80032838e-003 0. 0. 0. 0. 0. 5.45663107e-003 0.
    3.80339276e-004 0. 0. 0. 0. 0. 2.15036841e-003 0. 0. 0.
    1.50968099e-003 0. 0. 0. 0. 0. 0. 0. 0. 0. 0. 5.16243093e-003
    8.36008042e-003 0. 0. 0. 2.65814294e-003 0. 0. 0. 2.13840860e-003 0.
    0. -1.54295634e-003 0. 0. 0. 6.88080676e-004 1.05334423e-003 0. 0.
    0. 4.19241237e-003 0. 0. 1.91439449e-005 6.40322268e-003 0.
    8.23213905e-003 0. 0. -4.83472133e-003 2.23403401e-003 0. 0. 0. 0.
    0. 0. 0. 0. 0. 2.58985488e-003 2.79904809e-003 5.95412450e-003 0. 0.
    0. 3.07571422e-003 6.32705214e-003 0. 4.04064218e-003 0.
    4.99729300e-003 0. 1.21278816e-003 2.75300746e-003 0. 0. 0. 0. 0. 0.
    0. 0. 0. 0. 4.61584469e-003 0. 0. 0. 0. 0. -9.73425456e-004 0. 0.
    2.91584525e-003 0. 0. 3.54066258e-004 2.72679771e-003
    2.77966401e-003 0. 0. 0. 0. 0. 0. 0. 0. 0. 0. 0. 0. 0. 0.
    -8.30445962e-004 0. 0. 0. 0. 0. 0. 5.92057034e-003 0. 0. 0. 0. 0. 0.
    0. 8.22289032e-004 2.16361671e-003 0. 0. 0. 0. 0. 6.20105630e-003 0.
    5.79937547e-003 0. 2.69672205e-003 2.31517944e-003 1.13135029e-003
    5.23235183e-003 1.27869798e-003 0. 0. 1.83183909e-003 0.
    4.08333214e-003 0. 0. 0. 0. 0. 3.01321060e-003 0. 0.
    -2.24614702e-003 0. 0. 4.02783463e-003 0. 4.05762251e-003 0. 0.
    -6.72167167e-004 -4.76356316e-003 0. 0. 2.04417948e-003 0. 0. 0.
    5.66244731e-003 0. 0. 0. 9.98011604e-003 1.13617396e-003 0. 0. 0.
    -1.11211790e-003 0. 2.60929903e-003 0. 3.83368833e-003 0. 0. 0.
    1.70036638e-003 2.25307280e-003 0. 0. 0. 0. 0. 0. 0. 1.12791611e-002
    0. 1.08005358e-002 -2.53198389e-003 5.25823701e-003 0. 0. 0. 0.
    -8.51917604e-004 3.73660750e-003 3.41575826e-003 0. 0.
    1.26826565e-003 2.59735226e-003 3.82545963e-003 0. 0.
    5.13030682e-004 0. 0. 0. 0. 0. 0. -1.79834489e-004 8.24667234e-003
    0. 0. 0. 0. 0. 2.61904160e-003 0. 0. 4.31310385e-004 0. 0. 0.
    1.10742133e-002 1.88967492e-003 0. 0. 0. 1.96060725e-002 0. 0.
    3.47045250e-003 0. 2.21648603e-003 0. 0. -1.41707555e-004 0.
    1.47890544e-003 0. 0. 6.97405951e-004 0. 0. 0. 0. -1.26444629e-005
    0. 2.96650361e-003 3.43765225e-003 -1.04008672e-004 0.
    -2.47806357e-003 -3.87473439e-004 0. 1.83487346e-003 0. 0.
    3.02014640e-003 0. 4.80519235e-003 2.25693104e-003 0. 0. 0. 0. 0. 0.
    2.53780419e-003 0. 5.31831197e-003 0. 0. 0. 5.45585342e-003
    4.77242284e-003 0. 0. 0. 0. 3.95281380e-003 0. 0. 0. 0.
    2.31713685e-003 0. 0. 0. 0. 0. 0. 3.52895074e-003 0. 2.22227466e-003
    0. 2.03648163e-003 0. 0. 0. 0. 0. -9.51077731e-004 3.97465657e-003
    0. 4.82988730e-003 2.25348258e-003 0. 0. 0. 2.78600841e-003 0. 0. 0.
    -1.53617532e-006 0. 0. 0. 0. 0. 0. 0. 3.51282256e-003 0.
    2.46805535e-003 -6.70784037e-004 0. 0. 2.39726435e-003 0. 0. 0. 0.
    0. 0. 8.10914964e-004 0. 0. 0. 0. 0. 0. 0. 0. 2.63489271e-003 0. 0.
    0. 0. 0. 0. 0. 2.27931584e-003 8.88538919e-003 0. 0. 2.73424061e-003
    0. 6.93477318e-003 0. 0. 5.45192743e-003 0. 0. 0. 0. 1.42568431e-003
    2.99843145e-003 0. 0. 2.37032957e-003 0. 0. -7.93497602e-004 0. 0.
    0. -2.95129581e-003 0. 0. 0. 0. 3.96934804e-003 0. 0.
    2.77087209e-003 -3.65131884e-004 0. 0. 0. 0. 7.00934138e-003 0. 0.
    6.00394653e-003 0. 4.44109598e-003 0. 2.99985544e-003 0.
    1.73014903e-003 7.99717195e-003 0. 0. 2.02262378e-003 0.
    3.83301987e-003 4.41632606e-003 0. 0. 0. 0. 6.41049957e-003
    3.96888424e-003 0. 1.10087905e-003 0. 5.83852699e-004 0. 0.
    -6.84927290e-005 3.46069899e-003 4.66220336e-005 0. 2.70854332e-003
    -2.61002278e-004 0. 8.24917853e-003 0. 0. 0. 0. 4.73294593e-003
    6.17440231e-003 0. 0. 9.04665212e-004 4.07464616e-003 0.
    1.65657827e-003 -5.58575965e-004 0. 0. 0. 0. 2.90477509e-003
    2.53469544e-003 0. 0. 0. 0. 3.53987864e-003 8.54831189e-003 0. 0. 0.
    0. 0. 0. 4.07790439e-003 5.07381512e-003 0. 2.75792507e-003 0. 0. 0.
    2.01860140e-003 5.07999957e-003 4.00975673e-003 0. 0. 0. 0.
    1.81635632e-003 0. 0. 0. 0. 0. 8.50151014e-003 0. 0. 0.
    -9.95047507e-004 0. 0. 0. 0. 2.36201740e-004 2.56895320e-003 0. 0.
    0. 7.92808272e-003 0. -8.04844545e-004 0. 0. 3.76411108e-003 0.
    2.24245619e-003 1.21345604e-002 0. 1.63883762e-003 5.08866506e-003
    0. 0. 2.84381444e-003 -2.69065239e-003 0. 0. 0. 0. 0. 0.
    1.28682586e-003 1.91817258e-003 0. 7.22286152e-003 0.
    2.95426836e-003 7.76536437e-003 1.50096994e-002 0. 0.
    3.49501404e-003 5.55345323e-003 0. 3.90918599e-003 -1.57819406e-004
    0. 0. 0. 0. 5.99053036e-003 1.06492201e-002 0. 0. 0. 0. 0. 0. 0. 0.
    4.16754885e-003 0. 0. 0. 0. 0. 0. 0. 0. 0. 0. 0. 0. 0. 0. 0.
    3.72912968e-004 0. 0. 0. 0. 0. 0. 3.04434542e-003 0.
    -1.62600842e-003 4.25054971e-003 4.74352069e-004 3.52210994e-003 0.
    0. 0. 3.84364929e-003 0. 7.46526010e-003 1.39557952e-002
    5.34734083e-003 0. 0. 0. 0. 0. 0. 2.56852666e-003 0. 0. 0.
    1.05818249e-002 0. 0. -1.64854561e-003 1.01963449e-002
    3.38532263e-003 6.72745227e-004 0. 0. 0. 0. 5.71908895e-004 0. 0. 0.
    7.38278078e-003 0. 0. 0. 8.74151418e-004 0. 0. 1.53745292e-003 0. 0.
    2.38488941e-003 0. 0. 0. 0. 8.54123663e-003 0. 0. 0. 0.
    8.84672906e-003 0. 0. 0. 3.13496729e-003 0. 0. 0. 0. 0. 0. 0. 0. 0.
    0. 0. -1.13845640e-003 5.65581664e-004 0. 1.49254990e-003 0. 0. 0.
    0. 0. 0. 0. 1.58809382e-003 0. 0. 0. 0. 0. 0. 0. 6.85170246e-003 0.
    4.28914878e-004 1.26317833e-002 0. 0. 0. 1.68314041e-003 0. 0.
    3.74456239e-003 0. 0. 0. 0. -6.07198395e-004 8.96818005e-003
    1.92784495e-003 0. 0. 0. 2.24077562e-003 0. 0. 0. 4.65127779e-003 0.
    0. 4.42410383e-004 0. 0. 0. 0. 4.21548821e-003 0. 0. 0.
    2.33998685e-003 0. 0. 0. 0. 0. 0. 5.11715794e-003 1.14101532e-003 0.
    0. 0. 0. 0. 1.92152642e-004 0. 6.48563355e-003 5.95894037e-003 0.
    3.93663812e-003 0. 0. 0. 7.71438051e-003 0. 2.88305269e-003 0. 0. 0.
    6.54817373e-003 -3.75406002e-004 0. 3.73684801e-003 9.73534887e-004
    0. 1.22054815e-004 0. 0. 0. 0. 0. 1.42157066e-003 0. 5.30528231e-003
    -1.10569154e-003 0. 0. 0. 0. 0. -1.54733332e-003 2.13699252e-003 0.
    0. 0. 3.04312282e-003 0.</data></imageDescriptor>
</opencv_storage>
