<?xml version="1.0"?>
<opencv_storage>
<imageDescriptor type_id="opencv-matrix">
  <rows>1</rows>
  <cols>1000</cols>
  <dt>f</dt>
  <data>
    0. 0. 0. 8.49989429e-003 1.26426143e-003 0. 0. 0. 9.23124142e-004 0.
    0. 0. -2.32801633e-003 5.04005293e-004 -6.75346237e-004 0.
    -1.63005362e-003 0. 0. 0. 0. 0. 0. 0. 8.95913411e-003 0. 0. 0.
    2.35102978e-003 -1.31161814e-003 0. -6.88094588e-004 0.
    4.79107117e-003 0. 8.55582766e-003 0. 0. 8.40464327e-003 0.
    3.23839995e-005 2.25180946e-003 2.02526478e-003 0. 0.
    1.34400558e-003 7.58601454e-005 9.42628179e-003 0. 2.97188247e-003
    0. 0. 5.50225470e-003 0. 7.72801414e-003 0. 1.44349108e-003
    3.39005631e-003 0. 0. 0. 0. 3.50442645e-003 0. 0. 1.40156422e-003 0.
    1.55259937e-003 0. 0. 3.59971425e-004 3.92427063e-003
    6.06127083e-003 1.19079801e-003 0. 5.91527263e-004 3.14885611e-003
    8.32136720e-003 -2.39444221e-003 0. 8.62880796e-003 0. 0.
    6.51453622e-003 0. 0. 0. -9.77407792e-004 0. 6.77785545e-004 0.
    2.52365298e-003 1.71572552e-003 -5.05962828e-003 0. -4.07009153e-003
    2.54239584e-003 0. 1.32713532e-002 0. 0. 0. 1.04681880e-003
    7.83893338e-004 0. 0. 0. -6.01689797e-004 0. 0. 0. 0. 0.
    -6.83817430e-004 0. 0. 0. 0. 2.54505780e-003 1.98504259e-003 0.
    -1.46253977e-003 2.09717602e-002 3.24098597e-004 2.00782414e-003 0.
    0. 0. 0. 0. 1.93367724e-003 0. 0. 0. 4.24581995e-005 0.
    1.57110044e-003 0. -1.22579816e-003 7.03555951e-003 -2.87937885e-003
    0. 5.41930227e-003 0. 0. 2.93320394e-003 1.51436916e-003 0.
    2.07069889e-003 0. 0. 0. 0. 0. 0. 0. 1.27194962e-002 0.
    -7.58882146e-004 -3.00577562e-003 -6.86086481e-004 0. 0.
    6.42347732e-004 0. 0. 6.12204289e-003 1.70989009e-003 0. 0.
    2.84058857e-003 0. 0. 4.36769146e-003 1.70973374e-003 0. 0. 0.
    3.11640976e-003 3.59504367e-003 0. 0. 0. 0. 0. 5.31042647e-003 0. 0.
    7.93612620e-004 0. 0. 0. 0. 1.51140115e-003 1.09195954e-003
    1.28992554e-003 7.50225445e-004 -5.61442692e-004 0. -9.01726831e-004
    2.51205429e-003 4.56200773e-003 0. 0. 0. 5.04982937e-003 0.
    5.84677255e-005 0. 0. 0. 0. 0. 0. 0. 8.82877968e-003 0. 0. 0.
    6.77419128e-003 0. 0. 0. 0. 3.85037763e-003 0. 3.79528105e-003
    2.46899575e-003 0. 1.41862209e-003 3.69525235e-003 2.51055602e-003
    0. 1.87150680e-003 0. 5.25797543e-004 0. 0. 0. 0. 0. 0. 0. 0. 0. 0.
    0. 0. 0. 0. 0. 0. 0. 0. 0. 1.55627832e-003 0. -1.09907717e-003 0. 0.
    0. 0. 0. 0. 0. 0. 5.60351275e-003 0. 6.69039227e-003 0. 0. 0. 0. 0.
    9.44785587e-003 0. 0. 0. 0. 5.19407308e-003 0. 4.69767861e-003
    9.66534019e-004 0. 0. -1.01430481e-003 0. 7.19700358e-004
    3.39720398e-003 0. 0. 0. 0. 0. 0. 0. -2.68044096e-004 0. 0.
    -1.06010924e-003 0. 0. 1.29902863e-003 2.92832032e-003
    1.31490920e-003 0. 0. 2.50212732e-003 6.97219977e-003
    8.33557511e-004 0. 0. 0. 0. -1.07374787e-003 0. 0. 1.60288892e-003
    1.80756848e-003 0. 1.97325647e-003 0. 0. 0. 5.15531003e-003 0. 0. 0.
    0. 0. 0. 0. 0. 0. -1.97844533e-003 3.98519542e-003 0. 0. 0. 0. 0. 0.
    0. 0. 0. 0. 5.05580625e-004 0. 0. 6.10100629e-004 4.69891820e-003 0.
    0. 0. 0. 0. 0. -2.53537577e-003 2.13070773e-004 0. 0. 0. 0. 0.
    -1.21226814e-003 7.26615917e-003 6.98759221e-003 0. 7.46011268e-004
    0. 0. 0. 0. 0. 0. 0. 0. 0. 1.25637674e-003 8.40110704e-003
    6.26944238e-003 0. 2.96128588e-003 0. 0. 0. 0. 0. 0. 0. 0. 0. 0. 0.
    3.43469321e-003 0. 1.19017460e-003 -9.28313879e-004 -3.90097382e-004
    4.30498319e-003 0. 0. -5.45746298e-004 0. 0. 3.60945472e-003
    1.03515824e-002 0. 0. 2.04931223e-003 1.41593604e-003 0. 0. 0. 0. 0.
    0. 0. 0. 0. 0. 2.05567968e-003 0. 0. 1.33124832e-002 0. 0. 0. 0.
    1.23632001e-002 0. -1.18674092e-004 -1.85439840e-003 1.66627020e-002
    3.56704084e-004 2.47747498e-003 -4.35629830e-004 0. -7.80671544e-004
    0. 0. -1.87828194e-003 1.46741271e-002 0. 0. 0. 0. 0. 0. 0.
    3.62458552e-004 0. 0. 4.09452803e-003 0. 0. 2.35180208e-003 0. 0. 0.
    0. 0. 7.30510196e-003 0. 0. 0. 3.51446378e-003 1.33231552e-002 0. 0.
    0. 0. 3.61735723e-003 0. 0. 0. -8.08674563e-003 2.95567955e-003
    2.58025201e-003 3.74650070e-003 1.27965712e-003 0. 0. 0.
    3.75947426e-003 0. 2.40500411e-003 0. 0. 0. 0. 0. 0. 0. 0. 0. 0. 0.
    0. 0. 0. 2.35991622e-003 2.67793355e-003 0. 2.16340646e-003 0.
    1.13646523e-003 0. 0. 6.10257406e-003 0. -1.40827891e-004 0. 0. 0.
    5.65171766e-004 0. 0. 4.56943922e-003 0. 0. 1.77447582e-004 0. 0. 0.
    0. 0. 0. 0. 0. 0. 1.16662891e-003 0. 0. 3.06965783e-003
    2.84526916e-003 0. 0. 0. 4.83470596e-003 7.98491947e-003 0. 0.
    6.69239729e-004 0. 7.15886988e-003 1.40234421e-003 0.
    3.65240360e-003 3.67656071e-003 0. 0. 0. 2.07592873e-003 0. 0. 0. 0.
    0. 0. 2.49055005e-003 0. 0. -2.44627008e-003 0. 0. 1.20074106e-002
    0. 0. 0. -2.76138133e-004 0. 0. 0. 0. 0. 0. 1.80581189e-003 0. 0. 0.
    2.56621116e-003 1.13878131e-003 0. 0. 0. 1.72472501e-003 0. 0.
    8.86417634e-004 0. 0. 0. 0. -1.26661535e-003 0. 0. 0.
    -1.73819833e-004 0. 0. 0. 0. 0. 0. 0. 5.89862699e-003
    1.14791952e-002 0. 0. 0. 0. 0. 1.65450629e-002 0. 3.08023859e-002
    -1.46253861e-003 0. 4.01670486e-003 0. 0. 5.91787184e-003 0.
    6.31255051e-003 0. 0. 0. 4.53588227e-003 -8.97809630e-004 0. 0.
    8.93779378e-003 0. 7.99214118e-004 0. -3.24502616e-004
    4.11064364e-003 0. 0. 1.83151686e-003 0. 0. 0. 0. 0. 8.70477292e-004
    0. 0. 0. 0. 1.14838248e-002 0. 0. 0. -1.09623448e-004 0.
    4.91860136e-003 9.92429559e-004 -6.64526597e-004 0. 0. 0. 0. 0. 0.
    2.33380983e-004 0. 0. 2.88994954e-004 6.48695650e-003
    2.65302393e-003 1.32118296e-002 0. 9.22453590e-003 0. 0. 0.
    3.60044418e-003 3.52028385e-003 3.75554548e-003 0. 0.
    4.29396983e-003 0. 2.82716402e-003 0. 3.41915269e-003
    1.37756357e-003 0. 0. 0. 0. 0. 0. 9.45174135e-004 0. 0.
    -1.90777134e-003 0. 0. 0. 0. 0. 0. 0. 0. 7.86911789e-003 0.
    8.93613417e-003 6.49990840e-003 0. 0. 0. 2.46957317e-003 0.
    -2.42191623e-003 0. 0. 0. 0. 0. 0. 0. 0. 0. 0. 0. 0.
    -1.98665475e-005 -4.00918536e-003 0. 0. 0. 0. 0. 0. 0. 0. 0. 0. 0.
    0. 0. 0. 1.57792866e-003 0. 0. 3.28639429e-003 0. 0. 0.
    7.67959654e-003 0. 0. 0. 5.60409040e-004 0. 0. 0. 0. 3.25515307e-003
    0. 0. 0. 0. 5.79658709e-003 0. 5.25155710e-003 4.97270201e-004 0. 0.
    7.35043548e-003 2.25242204e-003 0. 1.28728745e-003 0. 0. 0.
    -2.96295155e-003 0. 0. 0. 0. 0. 0. 0. 0. 6.17886940e-003
    6.13594661e-003 -7.02538877e-004 2.97103077e-003 0. 5.82185341e-003
    0. 0. 0. 4.98674298e-003 2.27541244e-003 0. 0. 1.54193845e-002 0. 0.
    4.79931943e-003 0. 0. 0. 3.41110001e-003 0. 0. 7.28721789e-004
    1.21766469e-002 0. 5.05937904e-004 0. 8.33816826e-004
    3.06643592e-003 -1.29680510e-003 0. 1.48218113e-003 0. 0.
    8.75200087e-004 0. 0. 0. 3.38455057e-003 4.38326458e-003 0.
    5.14846388e-003 6.86421944e-003 0. 1.35707646e-003 0. 0. 0. 0. 0. 0.
    0. 0. 0. 0. 0. 0. 5.31091448e-003 -1.38369657e-003 0. 0.
    1.08503259e-003 7.08924560e-003 0. 0. 0. -1.22371002e-003 0. 0.
    1.12126060e-002 1.30609022e-002 -4.07742849e-003 0. 0. 0.
    -1.98822282e-003 0. 0. 3.31974402e-003 0. 1.27069103e-002
    1.01053424e-003 0. 0. 0. 0. 0. 0. 0. 0. 3.62088881e-003 0.
    -3.65233049e-004 0. 0. 0. 0. 0. 0. 0. 0. 3.25296749e-003 0. 0. 0.
    3.18983267e-003 2.75429105e-003 3.22815520e-003 0. 0.
    5.66870766e-003 0. 2.86089256e-003 0. 2.10433805e-004 0.
    1.09541637e-003 0. 0. 2.56718812e-003 0. 0. 0. 0. 1.38380376e-004 0.
    0. 0. 0. 7.27145514e-003 0. 0. 0. 0. 0. 0. 0. 0. 0. 0. 0. 0. 0. 0.
    0. 0. -7.21216341e-003 0. 0. 0. 0. 0. 4.12236340e-003 0. 0. 0. 0. 0.
    4.48596943e-003 0. 0. 0. 1.27772382e-003 3.23049864e-003 0. 0. 0. 0.
    2.38491048e-004 0. 3.08763585e-003 1.25010894e-003 2.74828868e-003
    0. 1.73611543e-003 -1.12145720e-003 -1.20086642e-003 0.
    2.12610303e-003 2.69286754e-003 0. 0. 0. 0. 0. 0. 0. 2.75232922e-003
    0. 0. 0. 2.55123735e-003 0. 0. 0. 8.13333143e-004 0. 0.
    3.75115825e-003 0. 0. 0. 1.57791807e-003 0. 3.22434469e-003
