<?xml version="1.0"?>
<opencv_storage>
<imageDescriptor type_id="opencv-matrix">
  <rows>1</rows>
  <cols>1000</cols>
  <dt>f</dt>
  <data>
    0. 0. 0. 0. 0. 0. 0. 5.75893908e-004 0. 0. -3.63044848e-004
    5.29708527e-003 0. 0. 0. 0. 0. 1.98201713e-004 0. 0. 0. 0. 0. 0.
    3.81122838e-004 0. 0. 0. 0. 0. 0. 0. 1.86747988e-003 1.30890647e-003
    2.77644838e-004 0. 3.96612147e-003 0. 8.41026753e-003
    1.68568338e-003 1.21983362e-003 0. 7.38923065e-003 3.92999593e-003
    1.88905513e-004 0. 7.10464490e-004 6.11618510e-004 0.
    3.51201184e-003 7.14179070e-004 0. 0. 5.41465543e-003 0.
    -6.52879535e-004 -5.25706157e-004 0. 4.38837800e-003 0.
    3.87270283e-003 2.53216666e-003 7.70060997e-003 -1.35302008e-003 0.
    0. 3.22816242e-003 0. 0. 7.19383918e-003 0. 0. 0. 2.82964576e-003
    6.19360758e-003 0. 0. 0. 8.85145925e-003 5.32766921e-004 0.
    1.18307408e-003 1.25164748e-003 0. -8.90736294e-004 0. 0. 0.
    2.41935835e-003 6.64817577e-004 0. 0. 5.71891405e-006
    4.70731687e-003 0. 2.34652543e-003 2.52135284e-003 1.94419082e-003
    0. 7.30823085e-004 4.82172752e-003 4.21957579e-003 0.
    8.45301338e-003 0. 0. 0. 5.01848944e-003 8.95900361e-004
    1.29853725e-003 0. -7.29712483e-004 0. 0. 5.85222078e-005
    9.09397553e-004 0. 0. 0. 0. -4.87630343e-004 2.20180256e-003
    1.78401126e-003 0. 0. -1.49124753e-004 4.33138193e-004 0. 0.
    8.92424374e-004 1.86866638e-003 0. 0. 4.38435527e-004 0. 0.
    3.88796511e-003 3.65129439e-003 0. 0. 2.96269020e-004 0.
    2.84922309e-004 0. 4.87786159e-003 1.31676940e-003 1.86014618e-003
    0. 0. 8.48561060e-003 0. 4.18061111e-003 2.58821552e-003 0.
    2.35497882e-003 3.09850019e-003 0. -1.40263978e-003 0.
    7.16612092e-004 7.91430660e-003 0. 0. 0. 0. 0. 1.87947167e-004 0. 0.
    0. 2.45606573e-003 -1.23268599e-003 0. 0. -8.49371951e-004
    3.08337854e-003 0. 0. 0. 0. 0. -9.24930733e-004 1.83306180e-003 0.
    4.31381886e-006 1.13958796e-003 -8.93072749e-004 0. 1.71894138e-003
    0. 0. 0. 9.30116046e-004 1.80201512e-003 0. 1.57103632e-002 0.
    1.18994142e-003 2.54542171e-003 0. 3.04283737e-003 0.
    4.80652368e-003 0. 3.22069321e-003 -8.90974072e-004 0. 0. 0. 0.
    1.16213050e-003 0. 0. 0. 0. -3.98774166e-004 0. 5.62092103e-003 0.
    4.10852302e-003 4.09022253e-003 0. 0. 0. 0. 0. 0. 0. 0. 0.
    4.00823401e-003 0. 0. 5.24109975e-003 0. -1.40582304e-003 0. 0. 0.
    0. 0. 5.86092379e-003 2.05360143e-003 1.56376641e-002
    4.80107078e-003 6.22314401e-004 0. 1.93356583e-003 0.
    3.58983409e-004 2.04316294e-003 0. -1.38667016e-003 4.51334380e-003
    0. 0. 0. 1.35332043e-003 -5.73845638e-004 1.03064650e-003
    1.57422110e-004 5.56307263e-004 0. 4.95266053e-004 0. 0.
    2.23326450e-003 0. 0. 0. 0. -1.17320241e-003 4.30833641e-003 0.
    2.48498889e-003 1.29837368e-003 1.18432380e-003 0. 0. 0.
    4.06940887e-003 1.29987043e-003 1.90677715e-003 1.94708584e-003
    2.33274838e-003 0. 1.03640687e-002 0. 0. 0. -4.23458696e-004
    1.57100311e-003 4.37730178e-003 0. 1.34734123e-003 0.
    1.48119254e-003 3.34248500e-004 2.21714890e-003 0. 1.45780126e-004
    6.32365094e-003 0. 3.47779482e-003 4.89786221e-003 4.61759651e-003
    0. 2.29201093e-003 0. 0. 1.45204808e-003 1.58578414e-003 0. 0.
    1.03725295e-003 0. 1.18969253e-003 5.20233857e-003 0. 0.
    6.37290534e-003 1.42836722e-003 3.69316875e-003 -9.56082309e-004
    3.45103070e-003 0. 0. 2.44703237e-003 0. -6.34624448e-005 0.
    -7.57691214e-006 0. 0. 0. 0. 2.22442555e-003 4.89024585e-003 0. 0.
    0. 7.16962037e-004 0. 0. 2.45333789e-003 0. 3.17749428e-003
    7.20025320e-003 3.21164937e-003 0. 0. 2.83786398e-003 0.
    6.49120938e-003 0. 5.07526100e-004 -4.14708978e-004 8.57687381e-004
    0. 0. 0. -3.39446735e-004 0. 5.10917685e-004 0. 5.54029271e-003
    4.53901151e-003 0. 0. 0. 0. 0. 2.84526730e-003 1.46959862e-003 0.
    2.44062184e-003 3.18213203e-003 0. 0. 2.93768360e-003 0.
    -4.14355949e-004 0. 0. 0. 1.13575393e-003 0. 0. 0. 0. 0.
    6.97241048e-004 5.25642373e-003 0. 1.05494075e-003 0.
    6.93829823e-003 0. 1.75847067e-003 2.39549307e-004 0. 0. 0.
    6.79616071e-003 8.46609939e-004 0. 0. 1.80943147e-003
    2.28197663e-003 0. 0. 0. 0. 0. 0. 1.33063011e-002 0. 0.
    -1.13062689e-003 0. 3.11830873e-003 0. 0. 1.11567590e-003 0.
    4.34480549e-004 7.60395359e-003 0. 4.45805024e-003 0.
    3.36242199e-004 3.23552964e-003 3.89259169e-003 0. 2.26920214e-003
    -8.09867925e-004 1.94061454e-003 0. 1.13241887e-003 0. 0.
    3.25516774e-003 1.07596640e-003 2.20100023e-003 4.48682171e-004 0.
    3.25568649e-003 0. 0. 0. 0. 4.78816638e-003 0. 2.31498689e-003 0.
    3.78990639e-003 -2.04688380e-003 6.36470097e-004 1.68455823e-003
    5.48564189e-004 0. 0. 1.47570414e-003 9.47506400e-004
    1.17490150e-003 0. 1.90992316e-003 0. 0. 0. 2.80619715e-003 0.
    3.86508228e-003 4.14304901e-003 0. 0. 5.73613076e-003 0.
    2.57571251e-003 0. 2.15796498e-003 1.29547284e-003 0.
    1.13436952e-003 3.07717593e-003 3.66091204e-004 0. 0. 0.
    4.61089658e-003 0. 0. 0. -1.85925071e-003 3.02247558e-004
    4.40294668e-003 3.64793988e-004 0. 0. 0. 0. 8.42982728e-004 0.
    1.76714326e-003 0. 6.51083887e-003 0. 0. 0. 0. 2.64601869e-004
    1.53698015e-003 1.42072665e-003 6.99192332e-003 3.21479375e-003 0.
    0. 3.37120704e-003 3.42034909e-004 0. 0. 0. -2.62281881e-003
    -1.67013844e-004 0. 1.49351568e-003 8.63199215e-003 6.71830261e-004
    1.03846472e-002 4.38366178e-003 0. 0. 0. 0. 0. 4.69545042e-003 0.
    2.10932092e-004 4.51374828e-004 0. 2.79835216e-003 0. 0.
    -5.76998515e-004 3.61904642e-003 -2.20232643e-003 -1.22799352e-003
    0. 0. 5.81242004e-003 -1.53889018e-003 1.64936495e-003
    5.21629758e-004 1.33342284e-003 -3.64041328e-003 1.70840253e-003
    3.40461428e-003 0. 2.51618284e-003 0. 0. 0. 4.00082627e-003 0.
    3.15152528e-003 0. 3.02976440e-003 3.10773286e-003 0.
    1.12831057e-003 1.07119384e-003 1.31759932e-003 -1.70815270e-004 0.
    3.82755883e-004 0. 0. 2.82518426e-003 0. 0. 0. -9.36387369e-005 0.
    3.12504754e-003 3.37243220e-003 0. 0. 0. 0. 0. 0. 0. 0. 0.
    3.55581613e-003 0. 1.60666788e-003 0. 0. 1.49615307e-003
    8.90731986e-004 1.37239438e-003 2.21417286e-003 6.85456954e-003 0.
    -8.27167300e-004 6.07947260e-003 0. 0. 0. 1.03981616e-002 0. 0. 0.
    0. 0. 0. 0. 0. 8.63668625e-004 0. 0. 0. 5.87886840e-004
    4.68961080e-004 3.96408560e-003 0. 0. 1.70737656e-003 0.
    1.44156662e-003 0. 0. 9.02967807e-003 -9.00498999e-004 0. 0.
    4.01705038e-003 0. 4.84726974e-004 0. 0. 0. 0. -4.04133956e-004 0.
    2.94111203e-003 1.98763912e-003 0. 0. 0. 7.44774472e-004
    7.30041589e-004 2.89531634e-003 3.25446925e-003 0. 0.
    -4.17932810e-004 8.88513459e-004 0. 8.12044891e-004 0.
    5.25565993e-004 0. 0. 8.62902380e-004 2.87769153e-003
    -4.24573838e-004 0. 4.34284855e-004 0. -1.11133908e-003 0.
    -4.88312915e-004 1.36466967e-002 0. -9.81010846e-004 0. 0. 0.
    -6.37442572e-004 0. 0. 0. 0. 5.89687331e-003 0. 0. 0.
    -2.69986480e-003 -6.66368171e-004 0. 0. 0. 0. 0. 4.98811016e-003
    4.30582277e-003 -1.12147674e-004 2.10572779e-003 0. 0.
    6.91759633e-004 0. 0. 0. 0. 0. 0. 0. 3.36248602e-004 4.25866485e-004
    0. 0. 0. 4.75273142e-003 0. 0. 0. 0. 0. 1.25628232e-003 0.
    3.77191883e-003 0. 0. 0. 4.74835234e-003 0. 0. 0. 0. 3.15708923e-003
    0. 0. 2.21289112e-003 -2.08141445e-003 0. 1.42741371e-002
    1.23949535e-003 1.67038781e-003 0. 4.46080556e-003 0.
    -2.51547317e-004 0. 1.53260573e-003 1.81819079e-003 0.
    1.63914997e-003 0. 1.83713739e-003 5.36088925e-003 5.56397426e-004
    2.20989296e-003 2.33000540e-003 0. 1.42010469e-002 0. 0. 0. 0.
    -2.00298801e-003 0. 0. 1.13903848e-003 2.13865913e-003 0.
    -3.24817920e-005 0. 0. 0. 2.00406066e-003 0. 0. 0. 6.56094868e-003
    0. -7.10853317e-004 3.81231098e-003 0. 0. -3.56551172e-004 0.
    1.25893694e-003 0. -1.21759821e-003 4.12968686e-003 0. 0. 0.
    4.01535450e-004 7.73828418e-004 0. 0. 0. 0. 0. 0. 0. 0. 0.
    6.11641491e-003 1.10263180e-003 3.20918974e-003 5.24234632e-003
