<?xml version="1.0"?>
<opencv_storage>
<imageDescriptor type_id="opencv-matrix">
  <rows>1</rows>
  <cols>1000</cols>
  <dt>f</dt>
  <data>
    1.96262309e-003 0. 1.03147924e-002 5.91650652e-003 1.27307291e-003
    8.13871389e-004 1.06661255e-003 0. 0. 1.22822844e-003 0. 0. 0. 0.
    2.79458752e-003 0. 1.75131694e-003 0. 1.09639810e-002 0. 0.
    9.62141063e-003 0. 3.09692672e-003 1.22475289e-002 7.48023763e-003
    0. 0. 2.46231742e-002 0. 1.42413925e-003 0. 3.91904643e-004 0.
    2.38296110e-003 1.33537583e-003 0. 1.46928814e-003 0. 0. 0. 0. 0. 0.
    0. 0. 0. 0. 0. 6.91466825e-003 0. 4.44983489e-005 0. 0. 0. 0. 0. 0.
    0. -1.06818357e-003 0. 0. 3.42598301e-003 1.85289176e-003 0. 0.
    -2.12602597e-003 -9.25133718e-005 0. 2.56809033e-003 0. 0. 0. 0.
    4.82689356e-003 0. 0. 6.15411438e-003 -1.38273428e-003
    5.04658511e-003 0. 0. 1.08924776e-003 0. 0. 0. 0. 6.65786630e-003 0.
    0. -4.54286026e-004 1.12122681e-004 0. 2.90486263e-003 0. 0. 0. 0.
    0. -1.12284103e-003 0. 0. 0. 0. 0. 0. 0. 0. -9.09508613e-004 0.
    7.77210924e-004 0. -6.42589061e-004 0. -3.36271536e-004 0.
    2.95193447e-003 0. 0. 0. -1.20102218e-003 0. 1.30074943e-004
    6.53226720e-003 1.05895265e-003 1.06428203e-003 0. 0. 0.
    5.58595639e-003 0. 0. 0. 0. 0. 6.55906089e-003 -3.77265183e-004
    8.62054236e-004 0. 4.51845088e-004 0. 1.15466968e-003
    2.41822796e-003 0. 2.77596712e-003 0. 2.22736085e-003
    2.85904878e-003 4.08197008e-003 0. 0. 0. 0. 1.55076978e-003
    1.01042408e-002 7.42636912e-004 0. 0. -1.30464078e-003 0.
    -2.90309801e-003 0. 0. 2.14035180e-003 0. 0. 0. 0. 0. 0.
    3.45282024e-003 0. 7.26370781e-004 0. 0. 0. 3.55269527e-003
    7.75358174e-004 0. 0. 5.14749112e-003 0. 7.23464740e-003 0. 0. 0.
    3.53941461e-003 -1.18720485e-003 0. 0. 0. 0. 0. 1.78122241e-003 0.
    -6.86000742e-004 0. -4.43041994e-004 0. 9.87578649e-003
    2.62634433e-003 0. 0. 8.81478307e-004 0. 0. 0. 0. 0. 0. 0. 0. 0. 0.
    0. 1.57894939e-003 0. 0. 3.17358971e-003 9.27962456e-003 0. 0. 0. 0.
    0. 0. -2.48686248e-003 -6.90364250e-005 0. 1.26345241e-002 0. 0. 0.
    0. 0. 0. 0. 0. 0. 9.25284869e-004 0. 0. 0. 0. 3.41055030e-003 0.
    4.70156129e-003 3.83127597e-003 0. 0. 0. 0. 0. 2.32777745e-003 0. 0.
    0. -2.13360833e-003 0. 0. 5.18374098e-003 0. 0. 0. 0.
    2.00871937e-003 4.58774529e-003 5.94960665e-003 0. 0. 0.
    7.09629559e-004 0. 0. 1.83876306e-002 3.29943094e-003
    6.21912302e-003 4.60989831e-004 0. 0. 0. 0. 0. 3.13466857e-003 0. 0.
    2.67762365e-003 0. 0. 3.39185516e-003 5.14491554e-003
    -4.84588509e-003 0. 0. 0. -8.38257954e-004 0. 0. -3.32281197e-004 0.
    0. 0. 3.53413657e-003 0. 0. -1.50475453e-003 0. 0. 0.
    9.12314653e-003 0. 0. 5.25828451e-003 1.61252276e-003 0.
    5.23997564e-003 7.88228645e-004 -1.20739779e-003 0. 3.56423180e-003
    0. 0. 3.14659346e-003 3.33786895e-003 0. 0. 0. 0. 0. 2.37500388e-003
    0. 0. 0. 0. 0. 5.15684253e-003 2.37198058e-003 0. 0. 0.
    2.83256383e-003 0. 0. 0. 0. 0. 0. 6.82254415e-003 0. 0.
    1.17388881e-004 0. 1.38394732e-003 0. 0. 0. 0. 0. 0. 0. 0. 0. 0.
    1.19888084e-003 0. 0. 0. 0. 7.66997086e-003 2.50445888e-003
    1.93336955e-003 0. 0. 0. 0. 1.38502400e-002 0. 7.21026585e-003 0. 0.
    0. 0. 0. 5.22720441e-003 0. 1.24070738e-002 0. 0. 0. 0. 0. 0. 0. 0.
    1.72219914e-003 2.52332864e-003 0. 3.46694491e-004 0. 0. 0.
    1.36652077e-002 2.25039152e-003 0. 7.41996430e-003 1.92350626e-003
    1.51220546e-003 0. 2.42216489e-003 0. 0. 0. 0. 2.17055273e-003 0. 0.
    4.88888239e-003 4.80256369e-003 0. 0. 0. 0. 0. 0. 3.07357358e-003
    3.31748254e-003 2.18260312e-003 0. -6.47616922e-004 0.
    9.42806900e-003 2.22378364e-003 0. 0. 2.65999418e-003 0.
    3.01334215e-003 0. 2.27297121e-003 0. 0. 0. 0. 0. 0. 0. 0. 0. 0. 0.
    4.24523093e-003 0. 0. 7.21094571e-003 0. 0. 3.77733889e-003 0. 0.
    9.14670120e-004 0. 0. 0. 0. 0. 0. 2.40035565e-003 0. 0. 0. 0. 0. 0.
    0. 0. 0. 0. 0. -5.86146209e-003 0. 0. 0. 0. 5.68837905e-003
    -6.68541819e-004 0. 0. 0. 0. 0. 0. 0. 0. 0. 0. 2.16555060e-003 0. 0.
    1.19882997e-003 0. 0. 0. 0. 0. 0. 0. 0. 0. 0. 0. 0. 0. 0. 0. 0.
    -1.37047528e-003 0. 0. 0. 7.43796292e-004 0. 0. 0. 2.83418293e-003
    2.57536955e-003 4.05839266e-004 0. 0. 0. 8.74559395e-003 0.
    5.97476400e-003 0. 0. 2.61412119e-003 2.65434477e-003
    -1.39301212e-003 0. 0. 0. 2.08363403e-003 7.66388467e-003 0. 0. 0.
    0. 0. 0. 6.40931912e-003 0. 0. 3.36184446e-003 0. 0. 5.69486758e-004
    3.23028816e-003 0. 0. 0. 0. 0. 0. -1.28640013e-003 2.33914726e-003
    0. 0. 0. 0. 0. 0. 0. 0. 0. 5.54956775e-003 2.03093793e-003 0.
    6.68751867e-003 0. 0. 0. 0. -2.25711818e-004 0. 0. -4.46526501e-005
    0. 0. 0. 9.35083628e-003 1.72386924e-003 1.59194379e-003
    1.15860170e-002 2.72589037e-003 0. 0. 0. 3.18071549e-003 0.
    2.57304357e-003 -1.27693010e-003 0. 7.26068101e-004 3.38140246e-003
    0. 0. -9.24645341e-004 0. -1.84423290e-003 0. 4.35579428e-003 0. 0.
    8.53790436e-003 1.05119124e-002 0. 4.24487330e-003 0. 0. 0.
    6.14090031e-003 0. 0. 0. 0. 0. 0. 0. 0. 0. 0. 0. 3.79604078e-003 0.
    5.66633185e-003 2.53487960e-003 6.61365315e-003 0. 0. 0. 0. 0.
    -8.54219659e-004 -5.32308361e-004 0. 0. 3.14453850e-003 0. 0. 0.
    6.24239398e-003 1.62479421e-003 0. 0. 0. 0. 0. 0. 1.89082848e-003
    -4.50056372e-003 0. 3.39063327e-003 0. 0. 1.57313645e-002 0. 0. 0.
    0. 5.79571351e-003 0. 2.14641681e-003 2.74764374e-004 0.
    4.83580399e-003 -1.56605162e-003 4.89817699e-003 0. -1.30668585e-003
    0. 6.72862912e-003 2.47526774e-003 0. 0. 0. 0. 7.85320939e-004 0.
    -8.52948695e-004 0. 0. 0. 0. 0. 0. -2.48953956e-003 0. 0.
    1.69053813e-003 0. 0. 0. 0. 0. 0. 2.29753135e-003 -1.21809113e-004
    -1.37298810e-003 0. 0. 0. 3.90866306e-003 3.95326456e-003
    2.41593039e-003 2.02811696e-003 0. 0. 3.78856959e-004 0. 0. 0. 0.
    2.74617202e-003 0. 0. 3.43571696e-003 0. 0. 0. 0. 0. 3.98973143e-003
    -1.68527733e-003 0. 0. 7.72369269e-004 0. 0. -2.90667202e-004
    -4.27636638e-004 1.79683045e-002 0. 0. 1.85227511e-003
    -1.11739580e-004 0. 0. 3.90355545e-003 0. 0. 0. 0. -7.21681048e-004
    7.51679298e-003 0. -1.63694937e-003 8.29340331e-003 0.
    -3.23355271e-005 2.59573385e-003 1.76129781e-003 1.36734860e-004 0.
    0. 0. 0. 6.24528970e-004 9.27318539e-003 0. 2.31766514e-003 0. 0. 0.
    1.75887428e-003 0. 0. 0. 0. 2.87387171e-003 3.03695141e-003
    1.08676050e-002 0. 3.06576467e-003 0. 1.40566379e-003 0. 0. 0.
    1.03377951e-002 1.33120723e-003 8.91574018e-004 2.96996138e-003 0.
    0. 0. 0. 1.95231510e-003 1.56746828e-003 7.64124235e-003 0. 0. 0. 0.
    0. 0. 0. 1.71414053e-003 0. 0. 0. -2.05539662e-004 0. 0. 0.
    5.28036943e-003 -1.30164262e-004 -1.46883959e-003 0. 5.95744001e-003
    2.28385953e-003 0. 0. 0. 0. 0. 0. 0. 4.69195074e-004 9.83517151e-003
    0. 0. 6.76120259e-003 0. 4.34840797e-003 0. 0. 0. 0. 0. 0. 0.
    6.59863651e-003 0. 1.00262966e-002 0. 3.83328088e-003
    -1.22966175e-003 0. 0. 0. 3.73164518e-003 0. -7.57613278e-004 0. 0.
    0. 0. 0. 0. 1.41716581e-002 0. 0. 0. 0. 0. 0. 0. 0. -1.50716363e-003
    0. 0. 0. 0. 0. 3.03876773e-003 0. 9.16989171e-004 0. 0.
    -7.06490013e-004 0. 0. 0. 0. 1.96446711e-003 3.77301709e-003 0. 0.
    0. 5.69563918e-003 0. 1.81319215e-003 0. 0. 0. 1.84941792e-003 0. 0.
    -4.97254950e-004 -7.25833350e-004 0. 3.50480364e-003 0. 0.
    -4.04310925e-003 0. 0. 8.28908943e-003 0. 0. 0. 0. 0.
    1.97630934e-003 0. 0. 0. 5.74815879e-003 -2.44606892e-003 0. 0. 0.
    8.00320599e-003 0. 0. 0. 0. 0. 0. 1.43829221e-003 0. 0.
    7.68200681e-003 0. 0. 7.67263758e-004 5.18208509e-003
    9.06408095e-005 0. 8.71817395e-003 0. 0. 0. 0. 0. 0. 0.
    6.88449899e-003 0. 0. 0. -6.51472510e-005 -5.44248964e-004 0. 0. 0.
    0. 0. 0. -3.47664952e-003 0. 2.06916849e-003 -7.83133670e-004 0.
    -9.14203760e-004 0. 0. 0. 0. 0. 0. 0. -1.62269658e-004
    3.09384917e-003 0. 0. 0. 0. 0. 2.07018596e-003 0. 0. 0.
    1.15362578e-003 0. 0. 2.28018267e-003 0. 0. 9.35720466e-003 0. 0. 0.
    0. 6.84532383e-003 0. 0. 0. 0. 0. 2.42271740e-003</data></imageDescriptor>
