<?xml version="1.0"?>
<opencv_storage>
<imageDescriptor type_id="opencv-matrix">
  <rows>1</rows>
  <cols>1000</cols>
  <dt>f</dt>
  <data>
    0. 0. 0. 0. 0. 8.90476350e-003 0. 8.01482983e-003 4.97815339e-003 0.
    0. 5.80330016e-005 5.15310885e-003 9.42731800e-004 0. 0.
    -2.18775080e-004 -1.63379809e-004 0. -7.08501029e-004
    1.84704177e-003 0. 1.52253872e-003 0. 0. 0. -6.90760717e-005
    1.35206617e-003 -4.83542914e-004 0. 3.39657464e-003 0.
    -1.51995232e-003 1.43282802e-003 0. 0. 0. 0. 0. 2.47966079e-003 0.
    0. 0. 0. 1.29519217e-002 0. 0. 8.07558931e-003 0. 0. 0. 0.
    4.09623282e-003 0. 2.70700455e-003 0. 1.03895098e-003
    9.29811876e-003 2.79674679e-003 0. 0. 0. 0. 3.03856214e-003
    4.82395943e-003 0. 0. 0. 9.56504839e-004 0. 0. 0. 0. 6.64862059e-003
    1.82325928e-003 3.97069100e-003 0. 2.49930378e-003 2.89258058e-003
    1.37347681e-003 0. 0. 2.65824283e-003 0. 1.40095886e-003
    8.68647266e-003 0. 0. 5.65694226e-003 0. 2.08201446e-003
    1.86771422e-003 0. 1.78435468e-003 0. 0. 1.03857750e-002 0.
    3.55027872e-003 0. 0. -2.25293380e-003 0. 0. 0. -1.29008072e-003 0.
    6.06859452e-004 0. 2.09025806e-003 5.19230322e-004 0. 0. 0. 0. 0. 0.
    0. 0. 9.61858500e-003 0. 1.59775873e-003 0. 0. 0. 0.
    -8.50097043e-004 0. 0. 0. -6.00033032e-004 0. 0. 0. 2.72333715e-003
    2.94074696e-003 3.35348025e-003 1.70201971e-003 2.77295406e-003
    -2.82771420e-003 1.27789448e-003 0. 0. 5.56865707e-003
    3.07639479e-003 0. 0. 0. 0. 3.66314943e-003 0. 0. 0. 0. 0. 0. 0.
    8.83039975e-005 0. 0. 6.10287716e-005 0. 0. -1.08560687e-003 0. 0.
    2.80393800e-003 4.15437156e-003 0. 8.13384948e-004 0. 0. 0. 0. 0. 0.
    9.20200162e-003 0. -4.54259338e-003 0. 0. -5.74133708e-004 0. 0.
    -3.08319635e-004 1.18915429e-002 0. 4.45139222e-003 0.
    2.02468084e-003 0. 0. 7.56757101e-004 -2.56021996e-003 0. 0. 0. 0.
    0. 2.53876275e-003 8.14252719e-003 1.09900627e-003 0. 0.
    2.37550726e-003 5.52977296e-003 0. 0. 0. 0. 1.12338569e-002 0. 0. 0.
    0. 6.89118262e-003 0. 0. 0. 0. 3.07236589e-003 2.07152870e-003 0. 0.
    0. 0. 0. 0. 7.63097705e-005 0. 7.52373179e-003 0. 0. 0. 0.
    2.47910898e-003 8.61004461e-003 -1.17747702e-004 0. 0. 0. 0.
    1.56306708e-003 0. 0. 1.82679528e-003 9.00829036e-004
    1.60071105e-002 0. 0. 0. 3.78171285e-003 7.12161046e-003 0. 0.
    -2.88976207e-005 0. 0. 8.25874857e-004 0. 0. 0. 0. 2.72566685e-003
    2.47408939e-003 0. 0. 0. 0. 0. 0. 0. 3.80160171e-003 0. 0.
    -6.11744821e-004 -1.03137537e-003 0. 0. 0. 0. 0. 0. 0. 0. 0. 0. 0.
    0. 0. 4.49237227e-003 0. 0. 0. 0. 0. 0. 0. 0. -2.38341256e-003 0. 0.
    0. 0. 1.78594142e-003 0. -2.30380497e-003 0. 0. 0. 0. 0. 0. 0. 0. 0.
    0. 0. 0. 0. 0. 0. 0. 0. 0. -8.88131384e-004 0. 0. 0.
    -4.05190774e-004 0. 0. 0. 3.89768369e-003 0. 0. 0. 0.
    1.59946049e-003 0. 0. 0. 9.49818734e-003 0. 2.81450944e-003 0.
    8.60181265e-003 0. 0. 0. 0. 0. 0. 0. 0. 0. 0. -1.16095587e-003 0. 0.
    0. 0. 5.26097231e-003 2.92848866e-003 -5.22854971e-004
    3.16007691e-003 0. 0. -4.77438618e-004 -4.73135238e-004
    1.40525354e-003 0. 3.55271646e-003 0. 0. 0. 0. 3.47999681e-004 0. 0.
    3.23281088e-003 0. 0. 4.01112856e-003 0. 0. 6.04890636e-004 0. 0. 0.
    0. 0. 0. 3.56978690e-003 2.53070192e-003 0. 0. 2.34081782e-003 0. 0.
    0. -6.61228609e-004 0. 0. 0. 0. 0. 0. 0. 0. 0. 0. 0. 1.31355319e-003
    0. 0. 0. 1.26739377e-002 7.04630947e-005 0. 0. 1.67017846e-004
    3.14530591e-003 0. 3.96596873e-003 5.31673571e-003 0.
    1.73967460e-003 0. 5.31172287e-003 4.24589030e-003 2.70089949e-003
    0. 0. 0. 0. 0. 2.23399349e-003 0. 0. 3.35527607e-003 4.19679983e-003
    0. 2.75646267e-003 0. 0. 0. 0. 0. 0. 2.07391265e-003 0. 0. 0. 0. 0.
    0. 4.86320490e-003 6.38323743e-003 0. 0. 0. 0. 0. -5.63182170e-004
    -2.17140361e-004 1.73142347e-002 0. 0. 0. 0. 0. -2.20331945e-003 0.
    0. 0. 2.91836285e-003 0. 0. 0. -2.25695618e-003 3.57268751e-003
    4.27943096e-003 0. 0. 0. 2.58465833e-003 0. 0. 0. 0. 8.20092205e-003
    -3.89959634e-004 1.95755111e-003 0. 0. 0. 0. 1.75371254e-003
    -1.83852637e-004 -2.82652280e-003 0. 0. 0. 0. 0. 0. 0.
    4.73014778e-003 0. 2.49568350e-003 0. 1.18669891e-003 0. 0.
    -1.51688163e-003 0. -1.12219295e-003 0. 0. -6.13152189e-003
    -5.78471736e-006 -2.28063506e-003 0. 0. 0. 0. 1.48229988e-003 0.
    1.91503612e-003 0. 0. 0. 0. 2.70766160e-003 0. 0. 0. 0. 0. 0.
    2.31143227e-003 0. 0. 0. 1.48924021e-003 0. 0. 0. 2.19393778e-003 0.
    6.50758203e-003 0. 7.12282956e-004 0. 0. 1.40947662e-003 0.
    1.73253415e-003 1.35138992e-003 0. 1.23804808e-002 0.
    1.47695793e-003 0. 0. 0. 1.10732121e-002 2.04687449e-003
    3.87762534e-003 0. 0. 0. 3.27652809e-003 9.77910357e-004 0.
    5.70875406e-003 0. 1.85221415e-002 0. 0. 0. 0. 4.23466001e-004 0. 0.
    4.94870497e-003 2.30575865e-003 0. 0. 0. 0. 0. 1.28758524e-003
    1.99275208e-003 2.02907505e-003 0. 0. 0. 0. 0. 0. 0.
    -2.61916663e-004 4.36522160e-003 0. 2.58372189e-003 3.89348413e-003
    4.01641987e-003 4.00173618e-003 0. 0. 0. 0. 6.05000787e-005 0.
    -1.45742315e-005 0. 2.89803999e-003 0. 0. 0. 5.19134058e-003 0.
    5.23658283e-003 0. 0. 1.03785787e-002 0. -1.18529715e-003 0.
    -2.39321636e-003 5.37486165e-004 0. 0. 0. 0. 4.96093277e-003 0. 0.
    1.13473390e-003 0. -1.54770422e-003 3.90481600e-003 0. 0. 0. 0. 0.
    0. 0. 0. 1.32721197e-002 0. 0. 0. 0. 0. 0. -8.43181624e-004
    3.26203532e-003 0. 0. 0. 8.01684055e-003 6.27617259e-003 0.
    2.07129936e-003 1.94080530e-005 2.44519324e-003 0. 0. 0.
    4.36578365e-003 0. 0. 0. 0. 2.48788577e-003 1.24447537e-003
    7.79336551e-003 0. 0. 0. 3.36698839e-003 4.97189490e-003 0.
    7.39981188e-003 7.92474020e-003 4.23702039e-003 3.97690386e-003 0.
    2.86502461e-003 -3.60917067e-003 0. 0. 0. 0. -6.32640789e-004
    3.19646951e-003 0. 0. 0. 0. 5.86894061e-003 0. 0. 0. 0.
    1.52863481e-003 0. 2.59928731e-003 1.25715078e-003 0.
    8.70013237e-003 0. 0. 0. 9.28137545e-003 0. 0. -1.65031070e-003 0.
    0. 4.40852484e-003 0. 0. 0. 0. 0. 0. 0. 4.80678957e-003 0.
    -3.95567296e-003 0. 8.42192909e-004 0. 0. 0. 0. 0. 0. 0. 0.
    5.94905345e-003 0. 1.09939063e-002 0. 0. 0. 0. 0. 0. 0.
    4.55079740e-003 0. 0. 0. 1.81812409e-003 0. 0. 0. 0. 0.
    4.92034294e-003 9.18106758e-004 0. 0. -8.24629737e-004
    1.75901328e-003 0. 0. 0. 0. 0. 9.25236568e-003 0. 0. 3.00825923e-003
    0. -8.39441142e-004 0. 0. 1.67266547e-003 0. 9.86458734e-004 0. 0.
    1.45675649e-003 0. 1.16449567e-002 0. 3.63477855e-004 0. 0. 0. 0. 0.
    0. 1.45058765e-003 3.03940312e-003 0. 0. 0. 0. 2.34221201e-003
    1.14380301e-003 0. 1.00154299e-002 0. 8.60007852e-003
    4.14516265e-003 -1.24155486e-004 0. 0. 0. 1.06920174e-003 0.
    2.93557253e-003 1.03442196e-003 0. 1.88408513e-003 -7.65820092e-004
    0. 2.97608017e-003 0. 0. 0. 0. 0. 0. 7.61443225e-004 0. 0.
    5.28881792e-003 5.49786491e-003 0. -5.26147056e-003 0.
    6.14766590e-003 2.08875118e-003 8.99467617e-004 4.85186436e-004 0.
    0. 0. 2.08821874e-002 0. 0. 0. 0. 0. 0. 0. 8.60499963e-003 0.
    7.83384952e-004 0. 0. 3.83557240e-003 0. 0. 0. 0. 0. 0. 0. 0. 0. 0.
    4.89721016e-004 0. 0. 3.66209378e-003 0. 0. 0. 2.13493477e-003 0.
    -1.04113529e-003 0. -9.87990526e-004 5.02919033e-003 0.
    9.35173521e-005 0. 0. 5.33950329e-003 0. -9.51217138e-004 0. 0. 0.
    0. 0. 0. 0. -5.74140577e-004 0. 0. 0. 0. 0. 1.95770189e-002
    6.10440131e-003 0. 0. 1.19378651e-002 0. 0. 4.97578178e-003 0.
    1.18485198e-003 0. 3.24315485e-003 3.45164072e-003 2.55149719e-003
    4.56450973e-003 1.33844267e-003 0. 2.81653018e-003 0. 0. 0. 0. 0. 0.
    0. 0. 0. 3.98393814e-003 0. 0. 0. 0. 1.66181533e-003 0. 0. 0. 0. 0.
    7.44469464e-004 0. 0. 0. 0. 0. 0. 0. 0. 0. 0. 1.81992748e-003 0. 0.
    0. 3.29741882e-003 3.71254631e-003 1.17763702e-003 7.67066889e-003
    0. 6.79703709e-003 0. 0. 0. -1.79282669e-003 0. 0. 0. 0.
    4.00036486e-004 0. 0. 0. 5.66890510e-003 0. 4.07910161e-003
    4.25780332e-003 1.29581802e-003 0. 0. 0. 0. 3.39248171e-003
    1.67194777e-003 0. 0. 6.10322645e-003 0. 0. 3.79401911e-003 0. 0.
