<?xml version="1.0"?>
<opencv_storage>
<imageDescriptor type_id="opencv-matrix">
  <rows>1</rows>
  <cols>1000</cols>
  <dt>f</dt>
  <data>
    0. 4.25410457e-003 0. 0. 2.50498159e-003 6.06878567e-003 0. 0. 0. 0.
    5.08304045e-004 0. 0. 0. -2.29883706e-003 0. 0. 0. 0. 0.
    3.10808513e-003 4.86736390e-005 0. 0. 0. 2.39825528e-003
    3.75151401e-003 0. 0. 1.57881516e-003 2.07325281e-003
    2.06340128e-003 0. 2.84363050e-003 3.10414238e-003 0. 0. 0. 0. 0.
    -1.09455723e-003 0. 0. 7.77170528e-003 0. 0. 0. 0. 0. 0. 0.
    6.06766436e-003 7.44001067e-004 0. 0. 1.24350889e-003 0.
    1.31328707e-004 4.12342977e-003 -1.93842314e-003 8.55880417e-003
    6.44963235e-003 0. 0. 0. 0. 3.57433362e-003 0. 0. 0. 0.
    -3.14203138e-003 0. 0. 1.87121204e-003 0. -1.37090287e-003 0.
    3.21246404e-003 4.67341219e-004 1.15883164e-003 8.67690798e-003 0.
    1.03268263e-004 0. 0. 0. 0. 0. 0. 0. 0. 9.13005264e-004
    -3.08519491e-004 0. 0. 0. 0. 0. 5.95844723e-003 0. 8.56403727e-003
    0. 1.07837273e-002 0. 0. 0. 0. 0. 7.87886791e-003 0. 0. 0.
    4.03366890e-003 -1.04106986e-003 2.89474754e-003 6.00765413e-003 0.
    0. 5.43419854e-004 1.86069333e-003 0. 4.57241479e-003 0. 0.
    1.02747642e-002 -4.53751651e-004 0. 1.53986260e-003 0. 0. 0. 0. 0.
    0. 0. 0. 2.92906747e-003 -2.35503842e-003 0. 0. 2.23650900e-003 0.
    0. 0. 4.00544237e-003 0. 0. 0. -8.83067027e-004 0. -8.92825599e-004
    0. 0. 0. 0. 0. 6.62396383e-003 1.97600084e-003 2.30815029e-003 0. 0.
    0. 2.61807605e-003 2.93659628e-003 0. 3.31479148e-003 0. 0. 0. 0.
    1.91306404e-003 0. 1.34972902e-002 0. 0. 0. 0. 0. 4.86698747e-003
    4.09655186e-004 0. 0. 4.70206869e-004 0. 1.60077261e-003
    1.28013571e-003 0. 0. 0. 4.26195649e-004 4.01934283e-003 0. 0. 0.
    9.94711998e-004 0. -4.66108881e-003 0. 7.08549889e-003
    2.41280464e-003 0. 0. 2.55658850e-003 0. -2.27975706e-003
    6.65262714e-003 0. 1.03162536e-002 0. 0. 0. 0. 6.14983868e-003 0. 0.
    5.12119965e-004 3.54751176e-003 1.55038352e-003 0. 0. 0. 0. 0. 0. 0.
    0. 0. 0. 0. 1.86932627e-002 0. 0. 0. 3.65205808e-003
    -1.28246075e-003 0. 0. 0. 0. 1.07467582e-004 0. 0. 1.79043249e-003
    0. 0. -8.72268356e-006 3.29528539e-003 0. 8.09363462e-003 0.
    6.21959683e-004 0. 8.06425582e-004 5.53480408e-004 0. 0. 0.
    3.26996180e-003 1.91088277e-003 0. 6.93940790e-003 0.
    -5.05591801e-004 0. 0. 8.56102910e-003 1.20896113e-003 0. 0.
    3.09263356e-004 0. 8.44849739e-003 0. 0. 0. 3.90605070e-003 0. 0. 0.
    0. 4.59081307e-003 -1.47841685e-003 0. 0. 0. 2.44808453e-003
    6.40727696e-004 0. 0. 3.13903019e-003 0. 0. 0. 5.33580780e-003 0. 0.
    2.76406907e-004 1.89142604e-003 0. 0. 0. 0. 4.40951763e-003 0.
    2.20244518e-003 0. 0. 1.60092674e-003 5.55910449e-003 0.
    2.47190404e-003 0. 0. 0. 0. 0. 3.87935736e-003 0. 6.71914022e-005
    6.96154684e-003 0. 0. 0. 1.39967713e-004 1.55396690e-003 0. 0. 0.
    -1.30084180e-003 0. 0. 0. 0. 0. 0. 0. 0. 0. 0. 0. 0. 0. 0.
    2.96487939e-003 0. 0. 0. 0. 1.53957761e-003 0. 0. 0. 1.17615340e-002
    0. 0. 0. 0. 0. 0. 0. 0. 0. 0. 0. 0. 8.83364677e-003 0. 0. 0. 0. 0.
    0. 0. 0. -4.29356209e-004 0. 1.11587741e-003 0. 9.01484583e-003 0.
    -3.82842663e-005 0. 0. 2.19810940e-003 0. 0. 0. 2.55784974e-003 0.
    3.17714456e-003 1.05114921e-003 5.78744477e-003 2.71266955e-003
    1.77535904e-003 0. 1.81162800e-003 0. 0. 0. 0. 0. 0.
    -3.92369600e-003 0. -3.47483507e-003 0. 0. 0. 0. 0. 0. 0. 0. 0.
    1.08234514e-003 0. 0. 3.33892414e-004 -3.28597333e-003
    2.01093033e-003 7.97913759e-004 0. 0. 7.10514514e-003
    3.36100953e-003 -2.52082641e-003 0. 0. 0. 2.25452450e-003
    3.99464695e-003 0. 0. 0. 1.23496624e-002 0. 1.88437104e-003 0. 0. 0.
    0. -1.77771319e-003 0. 0. 0. 0. 2.54067453e-003 0. 0. 0. 0.
    8.24206334e-004 0. 3.77560244e-003 0. 0. 5.96570829e-003 0. 0. 0.
    1.13609189e-003 2.75597442e-003 0. 0. 0. 1.20982872e-002 0. 0.
    1.07676175e-003 0. 0. -9.97900381e-004 0. 0. 0. -5.05293254e-004
    7.04425434e-003 0. 9.04809590e-003 5.26240189e-003 0. 0. 0.
    1.10269645e-002 0. 0. 0. 0. 1.87054574e-002 0. 0. 0.
    -3.22260289e-003 0. 8.52492172e-003 0. 0. -4.47459723e-004 0.
    4.73249145e-003 -4.24009952e-004 1.10380696e-002 0. 0.
    7.52974185e-004 0. 0. 0. 0. 0. 0. 0. 0. 2.85380217e-003 0. 0. 0. 0.
    1.33775137e-002 0. 3.57839372e-003 0. 0. 0. 0. 0. 0. 1.56948168e-003
    0. 0. 0. 0. 0. 1.21298467e-003 -2.96307553e-004 0. 0. 0. 0. 0. 0. 0.
    1.27832114e-003 1.50980894e-003 0. 4.11301618e-003 0. 0. 0. 0. 0.
    7.52049731e-004 5.21799317e-003 3.13362177e-003 0. 0. 0. 0. 0. 0. 0.
    -9.28921043e-004 0. 2.68878089e-003 0. 8.87015834e-003
    2.26797932e-003 0. 2.71854200e-003 0. 0. 6.15695026e-003 0. 0. 0. 0.
    0. 0. 0. 0. 4.09402046e-003 8.94522853e-003 2.99521489e-003 0. 0. 0.
    0. 0. 0. 0. 0. 0. 0. 0. 0. 2.91709160e-003 0. 0. 0. 9.80983823e-005
    0. 0. 1.61511125e-003 0. 5.48297120e-003 0. 5.97381219e-003 0. 0. 0.
    0. 3.58798046e-004 0. 0. 0. 0. 0. 0. 0. 0. 0. 3.04742903e-003 0.
    4.92644217e-003 0. 0. 0. 4.03266028e-003 0. 0. 6.63516624e-003 0.
    3.79454601e-003 0. 0. 6.80504041e-003 3.04853660e-003
    1.07097439e-003 5.52234007e-004 0. 1.13781064e-003 0. 0.
    1.60594354e-003 0. -3.44416872e-003 1.01251972e-004 0. 0. 0.
    3.20383371e-003 -3.49506794e-004 2.59787519e-003 1.01192351e-002 0.
    0. 1.01021506e-004 0. 8.35356489e-003 0. 0. 0. 9.14684788e-004
    3.69728310e-003 0. -4.49125841e-003 0. 0. 4.28110920e-003
    1.09471660e-003 1.23338995e-003 0. 0. 8.79085448e-004
    7.85078155e-004 5.39686019e-003 0. 0. 0. -2.40844814e-003 0.
    3.03151505e-003 0. 0. 9.91345849e-004 0. 1.63094210e-003 0.
    1.23308203e-003 1.71760563e-003 2.83040316e-003 0. 2.24625389e-003
    0. 2.35030238e-004 0. -5.20996284e-004 1.86600210e-003 0. 0. 0. 0.
    0. 4.40679118e-003 0. 0. 5.69967274e-003 3.42520094e-003 0. 0. 0. 0.
    2.22818926e-002 0. 0. 0. 7.28088105e-003 0. 2.15118547e-004 0.
    3.22315632e-003 0. 0. 0. 0. 1.41305849e-003 -3.17359925e-004 0. 0.
    0. 0. 0. 0. 0. 1.93437701e-003 3.83598730e-003 -3.81000736e-003
    1.38752128e-003 0. 0. -5.62063791e-003 3.30695068e-003
    2.81333388e-003 2.83246837e-003 5.74981188e-003 -8.74038495e-004 0.
    0. 0. 0. 0. 0. 0. 1.86928222e-003 9.66642983e-003 0. 0. 0. 0. 0. 0.
    0. 0. 0. 3.35962698e-003 0. 0. -2.71940429e-004 0. 0. 0. 0. 0. 0. 0.
    0. 0. 7.23227952e-003 0. 1.57016143e-003 0. 3.04853282e-004
    1.05007924e-003 2.41124304e-003 0. 0. 0. -9.76221112e-004 0. 0. 0.
    1.19030718e-002 0. 0. 1.10530369e-002 2.69083120e-003
    3.49999755e-003 -1.35490706e-003 -1.56250526e-003 0. 1.89004710e-003
    0. 0. 0. 4.97323321e-003 2.07509263e-003 0. 0. 0. 3.18546407e-003
    1.91279023e-003 0. 0. 0. 0. 3.30740982e-003 2.50863582e-002
    4.44402685e-004 0. 0. -1.00466073e-003 1.84828255e-004 0. 0. 0. 0.
    0. 0. -3.49347334e-004 4.22077207e-003 -3.26397676e-005 0. 0. 0. 0.
    0. 0. 0. 0. 0. 0. 0. 0. 1.29972482e-002 0. 0. -7.97345885e-004
    4.44654562e-003 0. -1.23383547e-003 0. 2.07226141e-003 0.
    1.06513931e-003 0. 4.51746210e-003 2.82921083e-003 0. 0. 0.
    3.29794758e-003 0. 0. 0. 4.62531723e-004 1.13218296e-002
    2.63662497e-003 1.52602943e-003 3.80642159e-004 5.78527059e-003 0.
    0. 6.97332947e-003 0. 0. 2.21265899e-003 4.54860390e-004 0. 0. 0.
    -9.74338618e-004 0. 0. 3.25603667e-003 1.49408518e-003 0. 0. 0. 0.
    0. 0. 0. 0. 0. -4.94721637e-004 0. 0. 3.36998259e-003 0. 0. 0. 0.
    9.07877553e-003 0. 0. -1.28012802e-003 0. 0. 0. -1.12698786e-003 0.
    8.42926209e-004 0. 0. 0. 0. 0. 5.18238870e-003 0. 0. 0. 0. 0.
    1.42516696e-003 3.45510518e-004 5.53151767e-004 0. 0.
    2.21982924e-003 5.14139934e-003 1.13225484e-004 3.33822984e-003 0.
    0. 0. 0. 0. 0. 0. 0. 0. -3.37798242e-003 0. 0. 8.76007974e-003 0.
    7.77753128e-004 0. 0. 0. 0. 2.21361616e-003 0. 3.64787178e-004 0. 0.
    0. 0. 0. 0. 0. 0. 6.53703650e-003 0. 1.55605885e-004 2.45669927e-003
    3.86355305e-003 3.50558432e-003 8.08430091e-003 0. 0. 0. 0. 0. 0.
    2.24688044e-003 0. 0. 0. 0. 0. 0. 3.44558014e-003 0.
