<?xml version="1.0"?>
<opencv_storage>
<imageDescriptor type_id="opencv-matrix">
  <rows>1</rows>
  <cols>1000</cols>
  <dt>f</dt>
  <data>
    0. 0. 2.13685003e-003 1.05070381e-003 0. 0. 2.99476902e-003 0.
    6.58723467e-004 2.47418974e-003 0. 0. 7.44801620e-003 0. 0. 0.
    3.03279888e-003 0. 6.12953538e-003 0. 0. 7.05783372e-004 0. 0. 0.
    6.28264016e-003 0. 0. 0. 4.55252966e-003 0. 0. 1.23633782e-003
    4.59660729e-003 0. 0. 0. 0. 0. 0. 0. 3.40070692e-003
    -3.62800522e-004 2.47075758e-003 0. 8.62865057e-003 0.
    2.37076567e-003 0. 0. 1.17455598e-003 0. 0. 0. 0. 2.07746495e-003
    1.29839755e-003 3.83621897e-004 0. 0. 0. 0. 3.42767360e-003 0.
    1.81052973e-003 0. 0. 0. 0. 3.27526592e-003 0. 0. -1.76185174e-004
    0. 0. 0. 0. 4.97354381e-003 0. 0. 0. 0. 0. 0. 0. 3.51137342e-003 0.
    -1.62699580e-004 0. 0. 6.52487623e-004 0. 8.63739662e-003 0. 0.
    4.28608339e-003 0. 0. 0. 0. 0. 0. 0. 0. 0. 0. 4.12171707e-003 0. 0.
    0. -1.31347133e-002 0. 0. 0. 0. 0. 0. 1.22699025e-003 0. 0. 0. 0. 0.
    -7.50824576e-003 4.28441027e-003 0. 0. 0. 0. 0. 0. 0. 0.
    1.93641824e-003 3.60064092e-003 0. 2.47837533e-003 -1.86240755e-003
    9.56469029e-003 0. 1.58311352e-002 1.12047151e-003 0.
    5.03984280e-003 4.34795767e-003 0. 0. 2.74585444e-003 0.
    7.22788740e-003 0. -2.12960527e-003 -4.23488702e-004 0.
    1.02298725e-002 0. 0. 0. 0. 0. 1.12809828e-002 0. 2.73829815e-003 0.
    2.15794146e-003 0. 0. 2.35695203e-004 0. 0. 0. 0. 0. 0. 0. 0.
    1.19600892e-002 0. 1.12363102e-003 0. 0. -2.90783192e-003 0. 0. 0.
    9.79056233e-004 1.64976511e-002 0. 0. 0. -6.94083050e-003
    4.25988948e-003 0. 6.82596816e-003 0. 0. 1.08342466e-003 0. 0. 0.
    9.15889628e-003 4.23466880e-003 0. 6.90973643e-003 0.
    4.89677722e-003 0. 0. 2.86573381e-003 0. 0. 0. 1.93495490e-003 0. 0.
    0. 5.38288523e-003 5.54803526e-003 0. 0. -1.32335816e-003 0. 0. 0.
    4.10426874e-003 1.34574156e-003 0. 0. 0. 0. 0. 0. 0. 3.53391073e-003
    4.46836976e-003 0. 8.31459928e-003 0. 0. 1.31217053e-003 0. 0.
    1.36302330e-003 1.55311543e-004 0. -6.24812441e-003 0. 0. 0. 0. 0.
    0. 1.60828826e-003 0. 0. 0. 0. 2.10097496e-004 0. 0. 0. 0. 0. 0. 0.
    0. 0. 0. 0. 0. 0. -1.51892845e-003 1.14443563e-002 0. 0.
    -3.16312257e-003 2.45901570e-003 0. 0. 0. 1.49599416e-002
    1.69727035e-004 0. 0. 4.00662050e-003 0. 0. 0. 0. 0. 0.
    2.23930902e-003 0. 2.95621008e-002 0. 0. 0. 0. 4.56637383e-004 0. 0.
    1.16149778e-003 0. 0. 5.34573861e-004 0. 0. 0. -1.39581889e-003
    -1.76520005e-003 0. 0. 0. 0. 0. 0. 0. 0. 0. 0. 0. -2.08792611e-004
    3.91943473e-003 0. 0. -5.17034158e-003 0. 0. 0. 0. 0.
    7.86965247e-003 3.02605471e-003 0. 3.45705985e-003 0. 0.
    3.31036095e-003 0. 2.20375415e-003 0. 0. -1.64399017e-003
    4.94456245e-003 0. 0. 0. 0. 0. 1.18076615e-002 0. 0. 4.06168198e-004
    -7.10466062e-004 0. 0. 0. 1.37416564e-003 0. 0. 0. 0. 0. 0. 0.
    3.28307459e-003 7.88570289e-003 -1.34483259e-003 0. -1.64981070e-003
    0. 1.46877591e-003 1.71824906e-003 0. 0. 0. 0. -9.85375518e-005 0.
    0. 9.37649701e-003 0. 0. -1.84730429e-003 0. 0. 0. 0.
    3.40204756e-003 4.29286994e-003 0. 0. 3.55517142e-003 0. 0.
    -6.69301720e-003 0. 0. 0. 0. 3.83162941e-003 0. 0. 0. 0.
    4.62395605e-003 0. 0. 0. 0. 0. 0. 0. 0. 0. 0. 2.74024648e-003
    1.81879215e-002 0. 0. 0. 0. 0. 0. 2.70785554e-003 0. 0. 0.
    3.50638438e-004 7.40209967e-003 0. 0. 0. 0. 0. 0. 0. 2.07789941e-003
    1.42996246e-003 0. 0. 0. 0. 0. 0. 0. 3.77844763e-003 0.
    3.67467105e-003 0. 0. 0. 0. 0. 0. 0. 0. 0. 1.07307907e-003 0. 0. 0.
    4.10528295e-003 0. 0. 0. 6.27427641e-003 0. 0. 0. 0. 0. 0.
    6.75417436e-003 2.08139848e-002 0. 0. 0. 0. 0. 2.36902013e-003 0.
    6.11284655e-003 0. 0. 4.46837163e-003 0. 2.76392465e-003 0.
    7.31201610e-003 0. 0. 0. 0. 0. 0. 0. -1.01555255e-003
    9.44587030e-003 0. 0. 0. 0. 0. 0. 0. 0. 0. 2.07187695e-004 0. 0.
    1.36655464e-003 0. 0. -5.35772275e-003 0. 0. 0. 1.63727291e-002 0.
    -5.79022104e-004 -3.77750839e-003 3.85534018e-003 4.73625446e-003 0.
    0. 0. 1.09765111e-002 2.85629299e-003 0. 0. 0. 1.73157714e-002
    1.08076097e-003 0. 3.15955863e-003 0. 0. 0. 2.25091004e-003 0. 0. 0.
    6.46337052e-004 0. 0. 0. 3.44802073e-004 0. 0. 0. 0. 0.
    -3.13112367e-004 0. 0. 0. 0. 0. 0. 1.15725258e-002 1.43571268e-003
    0. 0. 0. 0. 0. 0. 0. 0. 1.01652066e-003 0. 0. 0. 0. 5.82211418e-003
    0. 6.18101750e-003 4.47603554e-004 0. 0. 5.01251454e-003 0. 0.
    6.35716645e-003 5.37151657e-003 4.63203155e-003 0. 0.
    1.12242894e-002 0. 0. 0. -7.85062730e-004 0. 0. 0. 0. 0. 0. 0. 0. 0.
    7.61207147e-003 0. 2.11573183e-003 0. 0. 0. 0. 0. 1.24972477e-003 0.
    5.01281722e-003 0. 0. 1.15070269e-002 0. 4.43958852e-004 0. 0.
    2.82662804e-003 0. 3.47762951e-003 0. 0. 0. 2.51489924e-003
    5.88001497e-003 1.74317637e-003 3.41601227e-003 0. 0. 0. 0.
    1.51501186e-002 0. 0. 0. 0. 1.02833321e-003 5.53194201e-003
    3.26203136e-003 0. 0. 0. 0. 0. 8.92773387e-004 0. 9.96835437e-003 0.
    2.00782940e-002 0. 0. 0. 2.64693587e-003 5.38258953e-003
    3.58135602e-003 -3.61670041e-003 0. 3.54835112e-003 0. 0. 0.
    2.89013353e-003 0. 1.27032876e-003 0. 5.88458497e-003
    1.01852359e-003 0. 0. 0. 0. 0. 0. 0. 0. 0. 3.85246100e-003 0. 0. 0.
    -1.98723539e-003 0. 3.28915101e-003 3.03777494e-003 0. 0. 0. 0. 0.
    1.23905316e-002 0. 0. 0. 0. 0. 0. 0. 1.59749365e-003 0. 0.
    1.93037980e-004 1.13927955e-002 5.03470562e-003 0. 0. 0. 0. 0. 0. 0.
    0. 2.67521758e-003 1.36722939e-003 0. 0. 0. 0. 0. 1.84502755e-003 0.
    0. 1.24371669e-003 0. 0. 0. 0. 1.40933460e-003 0. 4.81415214e-003 0.
    3.23142740e-003 0. 0. 0. 0. 0. 0. 0. 4.64680744e-003 7.76623096e-003
    0. 0. 0. 3.05066933e-003 0. 0. 0. 0. 0. 0. 4.69365669e-003
    3.47580109e-003 2.39434652e-003 0. 0. -4.27573593e-003
    3.53024947e-003 0. 0. 0. 0. 0. 0. 0. 0. 0. 0. 0. 0. 1.79979281e-004
    0. 0. 0. 0. 3.60165583e-003 0. 0. 0. 0. 0. 0. 0. 0. 0. 0. 0. 0. 0.
    0. 4.66117961e-003 0. 5.83055848e-003 7.69163715e-003 0.
    7.81925768e-003 0. 0. 0. 3.10439966e-003 0. 2.12303665e-003 0. 0. 0.
    0. -1.45540922e-003 0. 0. 0. 0. 0. 1.85474800e-003 0. 0. 0. 0. 0. 0.
    0. 0. 0. 3.00191389e-003 8.46256386e-004 0. 0. -7.39934621e-004
    3.13180010e-003 0. 0. 0. 0. 0. 0. 0. 0. 0. 0. 4.74317418e-003 0.
    3.64633719e-003 0. 6.67584222e-003 0. 0. 0. 2.59278039e-003 0. 0.
    4.26240219e-003 0. 0. 0. 0. 0. 0. 0. 3.75876087e-003 1.60461059e-003
    0. 0. 0. 0. 0. 4.35361260e-004 6.17375597e-003 -1.99393299e-003 0.
    -3.93163133e-003 0. 0. 0. 5.94487460e-003 0. -9.27409041e-004 0. 0.
    0. 2.03564996e-003 0. 9.65338014e-003 2.78539141e-003
    -2.43940929e-004 -5.05913747e-003 0. 5.64517500e-003 1.94580329e-003
    0. 0. 1.02206250e-003 0. 0. 3.66908731e-003 0. 0. 0. 0. 0.
    4.97374777e-003 0. 0. -2.55832495e-003 0. 0. 6.79090573e-003
    2.49440852e-003 4.23410442e-003 0. 0. 0. 5.60262101e-003 0. 0. 0. 0.
    2.24478333e-003 0. 0. 0. 0. 0. 3.26785189e-003 0. 2.15753843e-003
    9.27674584e-003 0. 0. 0. 0. 0. 0. 0. 0. 1.90576294e-003 0. 0. 0. 0.
    4.67827806e-004 0. 0. 0. 1.10567117e-003 0. 0. 0. 0. 0.
    4.04941058e-003 0. 9.31996386e-004 8.05256132e-004 0. 0.
    5.01271151e-003 3.79898027e-003 0. 0. 2.67714122e-003
    -8.11183010e-004 0. 0. 0. 0. 7.88576156e-003 0. 0. 2.18297448e-003
    -2.26803328e-004 0. 0. 5.30604552e-003 0. 0. 0. 1.45703170e-003
    8.16725381e-003 0. 0. 1.15677458e-003 0. 0. 0. 0. -3.37309879e-003
    0. 0. -7.44837671e-005 0. 9.42941755e-003 0. 2.90541095e-003 0.
    2.51538935e-004 0. 0. -1.11363316e-003</data></imageDescriptor>
</opencv_storage>
