<?xml version="1.0"?>
<opencv_storage>
<imageDescriptor type_id="opencv-matrix">
  <rows>1</rows>
  <cols>1000</cols>
  <dt>f</dt>
  <data>
    0. 5.94038796e-003 0. 2.03275727e-003 0. 0. 0. 0. 0. 0. 0. 0.
    -1.72269635e-003 0. 0. 9.16437304e-004 2.48123612e-003 0.
    2.79495330e-003 0. 1.00666157e-003 1.76355231e-003 6.39604987e-004
    0. -1.86445098e-003 0. 3.03946203e-004 0. 0. 0. 0. 1.53239937e-002
    0. 0. 1.75800500e-003 0. 1.99288619e-003 2.30064709e-003
    2.92410585e-003 0. -1.10162981e-003 0. 1.28619913e-002 0.
    8.19816813e-003 0. 0. 0. 0. 0. 0. -2.12444947e-003 9.92115005e-004
    8.86400230e-003 0. 2.70356634e-003 0. 0. 1.31268473e-003
    -4.00850642e-003 3.19442898e-003 0. 1.21685804e-003 5.07257273e-003
    1.09100074e-003 0. 0. 0. 2.29748874e-003 1.28837558e-003 0. 0. 0. 0.
    5.16623724e-003 0. 0. 2.63343682e-003 0. 5.67707873e-004 0.
    3.08943418e-004 4.73349495e-003 1.15115312e-003 0. 7.49607012e-003
    2.39822097e-004 7.60864117e-004 0. 0. 0. 2.00642878e-003
    1.20286760e-003 0. 1.10079383e-003 0. 0. 0. -1.62397744e-004 0. 0.
    0. 0. 0. 9.78407217e-004 4.91510518e-003 0. 1.29637821e-003 0.
    -6.33222007e-005 4.85647749e-003 0. 0. 0. 0. 0. 0. 0. 0.
    3.29877925e-003 3.12791532e-003 0. 5.54475817e-004 1.22058426e-003
    0. 0. 1.51914475e-003 0. 8.89980816e-004 0. 0. 0. 8.54838232e-004
    3.70853161e-003 0. 4.02481249e-003 1.89942389e-003 0.
    6.18156139e-003 0. 0. 0. 0. 0. 0. 0. 0. 3.07642482e-003 0.
    2.25984165e-003 0. 0. 3.41465930e-004 7.14426907e-003
    2.18196400e-003 1.11513876e-003 5.76628745e-003 3.34736746e-004 0.
    0. 0. 0. 5.63782116e-004 1.80673890e-003 0. 0. 0. -1.33604335e-003
    1.39415520e-003 0. 0. 0. 0. 4.46555729e-004 -3.84411804e-004 0. 0.
    0. 0. 3.20513477e-003 0. 0. 1.95467984e-003 1.18458678e-003 0. 0. 0.
    5.30193420e-003 3.63255758e-003 0. 0. 0. 0. 3.18726432e-003
    1.91364274e-003 0. 2.77034263e-003 -1.98690570e-003 2.85235420e-003
    0. 0. 1.51638489e-003 7.34180911e-003 -2.31338636e-004
    3.34731047e-003 1.39283715e-003 0. 0. 0. 1.95781048e-003
    2.07445957e-003 2.07633766e-005 0. -1.34686532e-003 0. 0.
    8.02184339e-004 0. 0. 0. 6.27983129e-004 0. -6.21593965e-004
    4.52038948e-004 0. 8.06036871e-003 1.92261161e-003 0. 0.
    4.23510885e-003 0. 3.92381474e-003 0. -5.41368080e-003
    2.38183257e-003 0. 0. 0. 5.44694904e-003 0. 0. 0. -1.32807589e-003
    2.20726687e-003 1.05470244e-003 0. 6.61496632e-003 4.39114025e-004
    0. 0. 2.40232213e-003 1.22062874e-003 1.33356005e-002 0.
    7.17126240e-004 2.43214285e-003 0. 0. 1.10438350e-003 0.
    1.27272122e-003 0. 0. 3.22215771e-003 0. 0. 1.72671548e-003
    3.31092114e-003 6.39834534e-003 5.93092851e-003 0. 0. 0.
    -1.00019865e-003 0. 0. 8.66963901e-003 -1.70360599e-003 0.
    1.76333706e-003 0. 0. 4.49321792e-003 0. 0. 0. 0. 1.96472718e-003 0.
    0. 3.54994810e-003 0. 0. -6.87363674e-004 0. 3.57958232e-003
    9.53209354e-004 0. 0. 0. -6.42339637e-006 0. 0. 0. 5.68735786e-003
    0. 0. 4.01459372e-004 6.37397054e-004 0. 0. 9.55911237e-004 0.
    2.79725017e-003 0. 4.84987441e-003 0. 0. 0. 0. 0. 0. 0. 0. 0.
    -5.75284823e-004 0. 0. 5.17332368e-003 5.12654602e-004
    1.63012813e-003 5.18409535e-004 0. -4.29401611e-004 1.71479548e-003
    0. 0. 2.82675424e-003 6.86772773e-003 6.91736722e-003
    3.11619532e-003 5.58222504e-003 0. 8.45561642e-003 0. 0. 0. 0. 0. 0.
    2.85757589e-004 0. 0. 2.01767404e-003 0. 0. 0. 1.09456561e-003 0. 0.
    5.68627554e-004 -3.36469857e-005 0. 0. 9.81880352e-003 0. 0.
    2.24296306e-003 1.10842485e-003 1.71612035e-002 0. 2.22159293e-003
    1.77964626e-003 0. 3.00361076e-003 0. 0. 0. 9.84535902e-004 0. 0. 0.
    0. 6.24812674e-003 0. 0. 0. 0. 4.48643276e-003 0. 0. 3.20810592e-003
    1.07822532e-003 0. 0. 4.70898161e-003 0. -1.99888818e-004 0.
    3.15390504e-003 0. 0. 1.15450421e-004 1.52057894e-002 0.
    1.93363731e-003 0. 0. 0. 0. 5.67042734e-004 0. 0. 0. 0.
    3.17327795e-003 -1.87648274e-003 0. 0. 1.44299190e-003
    2.22243648e-003 2.77468306e-003 8.44233553e-004 5.43496280e-004
    4.71352320e-003 5.63486828e-004 0. 0. 0. 5.81818819e-003 0.
    6.53894059e-003 3.60681617e-004 0. 1.15570519e-003 0. 0.
    1.82329793e-003 0. 6.53093355e-003 0. 1.38090588e-002
    5.61437104e-004 0. 0. 0. 0. 0. -2.94725806e-003 0. 0. 0.
    2.31559505e-003 0. 7.45918602e-004 0. 0. 0. 8.11000762e-004
    1.17557694e-003 0. 0. 1.88707013e-003 0. 0. 4.48920531e-003
    4.44920530e-004 -1.98190304e-004 0. 2.89607584e-003 0.
    6.46115455e-004 0. 0. 9.56771721e-004 3.05299996e-003 0. 0.
    2.77502812e-003 0. 0. 0. 0. 2.90676230e-003 7.87954254e-004 0.
    4.42597084e-004 0. 0. 0. 1.65288441e-003 2.25249038e-004 0. 0. 0.
    2.38217157e-003 0. 2.63378466e-003 0. 0. 0. 0. 0. 0. 0. 0.
    1.47033553e-003 0. 1.23377028e-003 -1.25860897e-004 0.
    1.70321669e-003 0. 1.34717836e-003 -3.81189282e-004 0. 0. 0. 0. 0.
    1.55439451e-002 1.12503872e-003 0. 1.35758880e-003 2.81158689e-004
    0. 2.74123764e-003 1.85544579e-003 0. 0. 0. 0. 1.70953001e-003
    1.89791992e-003 0. 2.63530645e-003 7.43251434e-003 2.01498042e-003
    0. 5.52017300e-004 0. 5.17359818e-004 0. 0. -7.22018558e-006 0.
    6.37585716e-003 0. 3.34735750e-003 2.44146353e-003 0. 0. 0.
    1.97040237e-004 0. 0. 0. -6.30289374e-004 3.86691396e-003
    5.09172864e-003 0. 1.41558051e-003 0. 0. 1.33651879e-003
    9.16348537e-004 6.82551647e-004 0. 7.77826572e-005 0. 0. 0.
    4.50386805e-003 0. 0. 0. 0. 0. 1.88556465e-003 8.25960771e-004 0. 0.
    5.69198141e-003 0. 0. 0. -1.28700852e-003 2.08832277e-003 0. 0. 0.
    1.63224456e-003 0. 0. -2.95676407e-004 1.23076059e-003 0. 0.
    1.25974673e-003 1.61483418e-003 1.91684335e-003 0. 0. 0. 0. 0.
    9.36930592e-004 3.50645831e-004 2.46887584e-003 0. 0. 0. 0.
    7.80533359e-004 2.48721009e-003 0. 0. 3.48399440e-003
    5.63687354e-004 0. 2.84968689e-003 2.48726993e-003 0. 0. 0. 0. 0.
    6.55192928e-003 1.08900317e-003 0. 0. 1.83853076e-003 0. 0.
    4.39076498e-003 3.45905242e-003 1.18325092e-003 0. 1.61034672e-003
    0. 0. -1.05587021e-003 0. 0. 7.01462093e-004 7.91195896e-004 0.
    7.02227000e-003 3.90717573e-003 -6.56315475e-004 2.07946287e-003
    5.76535612e-003 0. 6.97002932e-003 0. 2.33251881e-003 0. 0.
    1.96784735e-003 1.10144005e-003 2.13974062e-003 0. 0.
    1.08424434e-003 0. 0. 1.39568560e-003 8.47876654e-004 0. 0.
    -3.15277348e-003 0. 0. 0. 2.11507035e-003 0. 4.13743686e-003
    4.25709113e-005 3.50910268e-004 0. 0. 0. 9.53074265e-003 0.
    3.95710254e-003 6.09697821e-003 0. 0. 0. 0. 1.98976486e-003 0. 0. 0.
    1.78678893e-003 9.84546915e-003 0. 3.25205619e-003 0.
    -1.24596385e-003 0. 6.34009950e-003 2.36528879e-003 1.26304070e-003
    8.46638065e-003 1.52953190e-003 0. 0. 0. 0. 0. -9.51699738e-004
    4.95489687e-003 -5.86129609e-004 0. 0. 0. 2.60424311e-003
    1.58896390e-003 0. 1.08724891e-003 -7.82591640e-004 0. 0. 0.
    1.73143810e-003 0. 0. 9.64920130e-003 3.58646526e-003
    1.06281275e-003 0. -5.75208920e-004 0. 0. 4.66123834e-004 0. 0.
    6.69933204e-003 0. -1.41479843e-003 0. 3.50066740e-003 0. 0.
    -3.87932407e-004 0. 3.94694600e-003 0. 2.42777332e-003 0. 0. 0.
    4.60091745e-003 -1.73795770e-003 4.96613467e-003 0. 0.
    -6.40145619e-004 0. 0. 0. 0. 3.03437642e-004 0. 5.44680422e-003
    2.41639768e-003 0. 0. 0. 0. 8.96017882e-004 9.57430631e-004
    2.77847110e-004 3.08590301e-004 0. 0. 0. 3.69940116e-003 0.
    4.13714256e-003 0. 0. 0. -1.57792238e-003 0. 0. 5.27021650e-004
    3.66577157e-003 0. 0. 0. 1.61560392e-003 0. 0. -8.53096426e-005
    6.81510800e-003 0. 0. -4.69506223e-004 2.57892511e-003
    3.76372668e-003 6.05251919e-003 1.82515045e-003 0. 0. 0.
    1.19678378e-004 0. 0. 8.92511569e-004 0. 4.08430758e-004
    1.42140838e-003 8.59208172e-004 2.32937819e-004 -2.10130180e-004 0.
    3.70014156e-003 0. 0. 0. 0. -1.06323780e-004 0. 0. 5.04155236e-004
    0. 0. 0. 0. 0. 4.98080626e-003 0. 4.25003935e-003 2.82689987e-004 0.
    -4.64132725e-004 3.57194664e-003 1.33015914e-004 2.23982567e-003 0.
