<?xml version="1.0"?>
<opencv_storage>
<imageDescriptor type_id="opencv-matrix">
  <rows>1</rows>
  <cols>1000</cols>
  <dt>f</dt>
  <data>
    0. 0. 0. 0. -5.43071888e-004 -1.74000801e-003 -1.61406409e-003 0.
    -1.13209430e-003 0. 0. 1.44509075e-003 -3.69521033e-004 0.
    1.46221858e-003 1.47268781e-003 -5.10969112e-005 0. 0. 0. 0. 0.
    6.95462292e-003 0. 5.08122379e-003 3.47835664e-003 0.
    3.05668497e-003 0. 0. 1.36245638e-002 1.06619101e-003
    5.24117961e-004 3.57273663e-003 0. 1.46012273e-004 7.56925961e-004
    0. 0. 1.15245767e-003 9.00631770e-004 0. -1.01978148e-004 0. 0.
    7.30206445e-003 0. 0. 1.90629773e-002 7.41683366e-003 0.
    1.28097844e-003 0. 1.78211578e-003 0. 1.59836770e-003
    6.77396136e-004 0. 1.47072482e-003 3.94457811e-003 2.13955063e-003
    0. 0. 1.25828125e-002 0. 7.95853790e-004 1.30181503e-003
    1.68482505e-003 0. 3.72728286e-003 4.45490004e-003 0.
    4.83858370e-004 1.88294216e-003 1.01530924e-002 2.10653758e-003
    4.04921127e-003 0. 6.79587899e-003 5.70199592e-003 1.51735928e-003
    0. 5.16859931e-004 5.38576394e-004 0. 2.72790436e-004 0.
    -7.03222060e-004 4.25793463e-004 0. 0. 0. -1.04083866e-003 0. 0. 0.
    8.17356538e-003 1.80108380e-003 1.82678376e-003 0. 2.52326048e-004
    7.19563477e-003 5.14753722e-003 2.02069385e-003 0. 0. 0. 0. 0.
    1.60367868e-003 0. 0. 2.35173712e-003 4.05940227e-003
    4.62335953e-003 0. 4.43482539e-003 0. 0. -9.58234945e-004
    1.63048028e-003 0. 0. 0. 0. 0. 3.97035619e-005 0. 0. 0. 0.
    5.26650995e-003 1.38547923e-003 0. -1.37049728e-005 4.21023602e-003
    2.49521597e-003 2.50090612e-004 0. 9.07114986e-003 3.05174454e-003
    7.36777904e-003 1.99945853e-003 0. 0. 5.44866826e-003 0.
    -7.12705660e-004 -1.38489413e-003 0. 6.67776098e-004 0. 0. 0.
    1.31779618e-003 0. 6.47906039e-004 3.40499071e-004 -2.01383955e-003
    3.83737544e-003 -2.35955091e-003 0. 0. 3.42149148e-003 0. 0. 0.
    2.20556604e-003 0. 0. 1.35205302e-003 0. 0. 0. 0. 5.85370278e-003 0.
    0. 7.96182605e-004 0. 0. 0. 0. 0. 0. 0. 1.01995771e-003
    7.55013491e-004 0. 0. 0. 0. 0. 1.49119110e-003 0. 1.53390213e-003
    3.51624144e-003 0. 0. 7.57389280e-005 0. 8.50986317e-003
    2.00005481e-003 3.08331265e-003 -9.61747137e-004 5.03574451e-003
    5.35376696e-003 5.18570538e-004 0. 0. 0. 0. 3.04652844e-003
    2.44263862e-003 0. 2.82457890e-003 9.01677064e-004 0. 0.
    7.14673521e-003 0. 0. 0. 2.94820103e-003 8.33121967e-003
    -2.01357622e-003 0. 0. 0. 7.50701409e-004 3.04312707e-005 0.
    2.69306824e-003 6.77326578e-004 0. 0. 1.91527826e-003 0. 0. 0.
    -1.14737230e-003 4.22048802e-003 0. 0. 0. 0. 0. 0. 0. 0. 0. 0.
    6.92855986e-003 2.60706036e-003 0. 0. 0. 0. 0. 0. 0. 1.24237919e-003
    0. -5.32558879e-005 0. 4.47581848e-003 -7.06790233e-005
    4.18914016e-004 0. 0. -1.06960644e-004 2.94166827e-003 0. 0. 0. 0.
    1.06230646e-003 2.08217488e-003 0. 1.00586284e-003 0. 0. 0.
    2.58937711e-003 0. -5.81786990e-005 8.43908545e-003 0. 0.
    3.96252051e-003 1.27707061e-003 -5.09896025e-004 -3.29733314e-003
    1.37910619e-002 0. 0. 0. 1.16420183e-002 2.60588410e-003
    1.20252771e-002 6.95304433e-003 0. 0. 5.03800984e-004 0.
    2.33768416e-003 0. -7.38939387e-004 6.62128266e-004 1.64617097e-003
    0. 0. 2.02909880e-003 -4.02900856e-004 5.38004038e-004 0.
    -6.32082345e-004 0. 0. 0. 0. 0. 0. 0. 0. 0. 0. -1.95197831e-003 0.
    1.21067441e-003 0. 0. 0. 0. 0. 5.48888044e-003 5.34275267e-003 0. 0.
    0. 0. 0. 0. 0. 6.77004177e-003 0. 3.50433332e-003 0. 0. 0. 0.
    1.05249707e-003 0. 0. 0. 0. 1.75203837e-003 1.56416849e-003 0. 0. 0.
    0. 3.67234694e-003 0. -1.02513746e-004 1.47054752e-003
    1.33114145e-003 -7.53083350e-006 2.55325693e-003 0. 7.81736150e-003
    0. 0. 0. 0. 1.97567698e-003 0. 1.24718528e-003 2.27829185e-003 0. 0.
    0. 0. 0. 0. -5.90377022e-004 1.21693173e-003 0. 2.65401579e-003
    -6.30079710e-004 1.78124872e-003 0. 0. 0. 5.07432921e-003
    2.69919424e-003 1.10225764e-003 0. 0. 7.49872066e-003 0.
    4.58687544e-003 -2.03467510e-003 1.83665357e-003 3.14690778e-003
    3.52412718e-003 2.92598270e-003 0. 0. 2.12040823e-003 0. 0. 0. 0. 0.
    0. 0. 0. 0. 2.14676815e-003 7.57132366e-004 0. 5.73289348e-004 0. 0.
    0. 0. 0. 0. 0. 0. 0. 1.02174031e-002 -2.94072757e-004
    -2.46278569e-003 8.21942405e-004 0. 0. 3.45276901e-003 0. 0. 0.
    -1.61055941e-003 0. 0. 0. 0. -8.40455934e-004 1.21037557e-003 0.
    -7.53061904e-004 0. -2.25358526e-003 0. 0. 0. 1.53133692e-003
    -6.48606743e-004 0. -4.26235521e-004 0. 1.03092811e-003 0. 0.
    2.51923827e-003 0. 1.25499023e-003 0. 0. 0. 0. 1.19612494e-003 0.
    8.74890480e-003 0. 0. 0. 0. 3.42231360e-003 0. -5.63373847e-004 0.
    4.25220840e-003 6.86230429e-004 0. 0. 9.13923257e-004 0. 0. 0. 0.
    -6.35328412e-004 3.81123449e-004 2.53762049e-003 2.50993762e-003
    3.58779915e-003 0. 0. 1.57573130e-002 1.04954524e-003 0. 0.
    -1.30716921e-003 0. 0. 4.43803059e-004 3.10851121e-003 0.
    1.15227792e-002 0. 0. 3.24107660e-003 1.29082604e-004 0. 0. 0. 0.
    5.18291490e-003 8.08834657e-003 0. 0. 4.04028967e-003 0.
    1.83570827e-003 1.29514188e-003 0. 0. 0. 1.20273593e-003 0. 0.
    7.87077530e-004 5.85600035e-004 0. 8.82096402e-003 0.
    2.34072492e-003 0. -1.42019067e-003 0. 3.74943134e-003
    3.63822933e-003 2.75231141e-004 4.06057201e-003 0. 0. 0. 0.
    4.46098950e-003 0. 0. 0. 1.97009486e-003 0. 0. 8.60468764e-003
    2.56333500e-003 0. 3.74476949e-004 0. 0. 4.85299015e-003
    1.24143530e-003 0. 0. 2.88290461e-003 0. 0. 0. 0. 4.06064186e-003
    -4.62379045e-004 0. 1.75505097e-003 0. 0. 1.53982910e-004 0. 0.
    6.18322147e-003 0. 0. 0. 0. 0. 5.95946005e-003 0. 4.66265669e-003 0.
    2.47032149e-004 -4.77341906e-004 1.83235144e-003 0. 0.
    -2.08690690e-004 5.90548338e-003 0. 0. 0. 0. 0. 0. 0. 0. 0. 0. 0. 0.
    3.54053453e-003 2.10420834e-003 2.18552048e-003 0. 0.
    1.78065279e-003 0. 0. 2.44858256e-003 7.80483894e-003 0.
    1.06376363e-003 4.38986393e-003 0. 0. 0. 6.90943620e-004
    2.32901517e-003 0. 0. 0. 0. 0. 6.63573109e-003 0. 0. 0.
    1.01061340e-003 -8.27155964e-005 0. 0. 1.51455624e-003 0. 0.
    4.90991492e-003 0. 0. 3.36626288e-003 0. 0. 0. 5.35048661e-004 0. 0.
    9.61825810e-003 6.07099151e-004 1.95302116e-003 0. 1.82468828e-003
    1.72885892e-003 -3.20141227e-003 0. 6.36332389e-003 0. 0. 0. 0. 0.
    0. 0. 5.41972974e-003 0. 8.69463477e-003 0. 0. 0. -2.16056942e-003
    0. 0. 0. 0. 0. 0. 2.95432656e-005 0. 0. 0. 0. 0. 0. 0. 0.
    4.91146045e-003 0. 3.10704159e-003 0. -1.72790489e-004 0.
    8.30266438e-003 0. 0. 0. 1.44349446e-003 0. 0. 0. -1.29862630e-003
    0. -9.32327064e-004 0. 0. 5.07784716e-004 0. 0. 0. 0. 0. 0.
    -5.65498931e-006 -1.58310495e-003 0. 0. 0. 0. 0. 0. 7.99286924e-003
    0. 0. 0. 4.07344569e-003 0. 2.26680611e-004 0. 0. 4.33391798e-003
    5.87263750e-003 0. 0. 6.06695330e-003 0. 0. 0. 3.08860443e-003 0. 0.
    0. 0. 0. 0. 0. 6.66773273e-003 0. 5.37087733e-004 1.49598392e-003 0.
    -1.39034947e-003 0. 0. 5.70239499e-003 1.51647185e-003 0.
    3.90101341e-003 0. 7.40852533e-003 1.31936569e-003 0.
    3.70159722e-003 0. 0. 3.76866455e-003 0. 0. 2.05857889e-003
    1.82433007e-003 0. 0. 0. 0. 0. 4.91691381e-003 0. 0. 0. 0. 0. 0. 0.
    0. 0. 0. -7.65273755e-004 1.37189520e-003 0. 0. 2.31653661e-003 0.
    4.23455099e-003 0. 3.74557567e-005 0. 0. 0. 0. 7.53130764e-003
    1.28736778e-003 0. 0. 0. 0. 0. 0. 2.01228075e-003 0. 0. 0.
    2.39057658e-006 0. 7.47301523e-003 0. 0. 0. 0. 9.26977675e-003 0. 0.
    0. 0. -2.30395561e-003 -2.16654080e-004 0. 0. 0. 0. -1.83095864e-004
    0. 0. 0. 0. 0. 0. -4.77317837e-004 0. 0. 0. 1.41161471e-003
    8.58855993e-003 -8.83147295e-004 0. 1.90633733e-003 -4.22137743e-003
    0. 2.16789497e-003 0. 0. 0. 2.83673964e-003 1.36697793e-003 0. 0.
    3.14411893e-003 0. 0. 1.71292084e-003 6.73736155e-004 0. 0. 0.
    3.63157666e-003 9.45542939e-004 1.18324254e-003 5.17202169e-003
    1.74757764e-002 -6.02445041e-004 0. 5.87369781e-004 0.
    7.85715587e-004 0. 0. 0. 3.93266464e-003 -6.16179779e-004
