<?xml version="1.0"?>
<opencv_storage>
<imageDescriptor type_id="opencv-matrix">
  <rows>1</rows>
  <cols>1000</cols>
  <dt>f</dt>
  <data>
    0. 0. 0. 0. 0. -1.97102891e-005 0. 3.55360378e-003 0. 0. 0.
    1.41901535e-003 0. 0. 7.07613654e-004 0. 0. 0. 0. 1.97262596e-003 0.
    1.41131633e-003 -2.73371174e-004 0. 0. 0. 0. 0. 0. -1.25188802e-004
    2.55224691e-003 7.17604719e-003 0. 1.07725360e-003 2.32021208e-004
    0. -9.21047386e-003 -2.97630730e-004 -1.83757089e-004 0. 0.
    1.21182494e-003 9.76531825e-004 8.35677856e-005 0. 0.
    5.10270474e-004 0. 5.14006999e-004 6.70009525e-004 0. 0. 0. 0.
    -3.76639073e-004 0. 3.72121506e-003 4.25522536e-004 5.61771798e-004
    0. -9.38913960e-004 4.00137575e-003 0. 0. 0. 0. 0. 0.
    5.69427539e-005 0. 0. 0. 1.02937699e-003 7.88821955e-004 0. 0.
    5.18113317e-004 5.70033118e-003 0. -4.02638601e-004 1.42542820e-003
    0. 0. 0. 2.42902111e-004 1.55405479e-003 0. 7.40685326e-004
    5.03871415e-004 2.17885477e-003 2.83693080e-004 0. 0.
    1.12095056e-002 0. 0. 0. 1.41377957e-003 0. 9.57761891e-003
    1.62041851e-003 1.43110170e-003 0. 1.06349715e-003 0. 0. 0. 0. 0.
    -3.20185150e-004 2.42488808e-003 0. -3.38077574e-004 0.
    6.51571492e-004 3.74857779e-003 2.01779208e-003 1.02786580e-002 0.
    1.87553221e-003 0. 0. 3.13643366e-003 4.29072753e-002 0. 0.
    2.53418984e-004 1.82185769e-002 0. 5.51123230e-004 1.31258683e-003
    1.60284864e-003 -3.93098639e-003 0. 0. 6.14213466e-004 0.
    1.01377675e-003 3.14939360e-004 0. 0. 6.58325444e-005 0. 0.
    9.70638997e-004 0. 0. 6.37957826e-004 0. 3.86028201e-004
    -6.28097041e-005 1.33689083e-002 0. 1.33158406e-003 0.
    4.39438707e-004 0. 0. 0. 0. 2.22971546e-003 0. 3.36041674e-003
    7.77638517e-004 1.47952663e-003 0. 0. 0. 0. 0. 8.85250978e-004 0. 0.
    0. 5.88621711e-003 0. 4.72268695e-003 -1.08083093e-003 0.
    8.64262576e-004 4.70606348e-004 0. 0. 1.27414335e-003 0.
    3.06487968e-003 2.29878770e-003 0. 0. 0. -7.11461180e-004 0. 0.
    8.85571819e-003 3.70059279e-004 4.08408558e-003 1.68834973e-004
    7.35300966e-003 0. 1.22626370e-003 3.16154747e-003 4.69311923e-002
    0. 0. 2.03297683e-003 -1.41372648e-003 0. 0. 0. 0. 0. 0.
    1.75537472e-003 0. -6.77743752e-004 0. 3.16813379e-003
    6.44412078e-003 1.32249878e-003 3.73216253e-003 0. 0. 0. 0. 0.
    5.12499316e-003 5.50801575e-004 0. 0. 1.99530332e-004
    -1.81211182e-003 0. 1.06734643e-003 0. 0. 0. 0. 1.37156027e-003 0.
    0. 0. 2.35347589e-003 3.90501996e-003 1.79701380e-003
    3.09752468e-002 1.07562542e-003 0. 0. 0. 0. 0. -1.82936928e-005
    -4.53242508e-004 -1.17570965e-003 8.59377091e-004 0. 6.37681151e-005
    0. 6.55166805e-004 4.77007544e-003 2.41237856e-003 0.
    6.13281224e-003 9.66332038e-004 0. 4.29367035e-004 0. 0.
    1.09201799e-004 0. 0. 9.77042364e-004 -7.77743408e-005
    7.65304547e-003 5.54283243e-003 2.68653414e-004 0. 3.70291760e-003
    0. 9.30229959e-004 -1.29100968e-004 0. 0. 1.33297150e-003
    -2.72471196e-004 0. 1.21574383e-003 2.48931668e-004 0. 0.
    2.65266607e-003 0. 0. 0. 3.21098464e-003 3.39995348e-003 0. 0.
    1.46262289e-003 0. 2.08621449e-003 0. 2.15202541e-004
    9.36513592e-004 7.90701655e-004 5.16787579e-004 0. 1.22266100e-003
    0. 0. 0. 5.19119960e-004 0. 0. 0. 8.79264669e-004 0. 0.
    1.39137486e-003 5.57284337e-003 4.68111277e-004 0. 7.87960831e-004
    4.86105855e-004 0. 0. 7.43058219e-004 0. 0. -6.35276607e-004 0.
    1.65802659e-003 0. 0. 0. 0. 3.76323145e-003 0. 0. 0. 0. 0.
    6.26102730e-004 0. 1.98447658e-003 0. -1.03454353e-004
    2.42267532e-004 0. 8.91950040e-004 0. -5.52184007e-004
    1.80331862e-003 0. 9.78014315e-004 -3.26442212e-004 0.
    3.94577766e-003 0. 0. 0. 0. 0. -9.75760748e-004 0. -7.24960846e-005
    5.43839764e-004 4.77438996e-004 5.81971079e-004 5.55675430e-003 0.
    0. 0. 2.94320565e-003 2.56303209e-003 1.34051731e-002
    7.83028896e-004 0. 8.53152759e-003 0. 0. 2.25076126e-003 0. 0.
    2.74900021e-003 3.47156334e-003 0. 0. 9.65615967e-004 0. 0.
    2.16494570e-003 1.58902109e-002 0. 2.14712811e-003 0.
    2.23129801e-003 3.80130863e-004 4.38627647e-003 0. 6.23178435e-004
    0. 5.19476132e-003 0. 1.31091848e-003 0. 0. 0. 4.79290233e-004
    2.97558238e-003 0. 0. 5.58393425e-004 0. 0. 0. 0. 0.
    -7.68957398e-006 -1.87690242e-003 5.51744015e-004 0. 6.52693270e-004
    0. 2.00464297e-003 -1.23176002e-003 -2.93673918e-004 2.27732514e-003
    -9.07063077e-005 4.87135083e-004 0. 2.82759895e-003 3.88766581e-004
    0. 0. 6.84009923e-004 1.23850920e-003 0. 0. 0. 0. 3.02858395e-003 0.
    8.54773156e-004 2.57845386e-003 -1.82668690e-003 3.58169666e-003
    1.16543076e-003 0. 0. 0. 7.16525083e-003 0. 0. 0. 2.39810038e-006 0.
    2.24030786e-003 0. 0. 0. 6.23619650e-004 4.87071084e-004 0.
    5.95422834e-003 0. 0. 0. 7.87561992e-004 0. 0. 3.01872590e-003
    1.09688430e-004 1.35334441e-002 0. 0. 4.52069158e-004 0.
    1.16963778e-003 9.59395140e-004 4.30410670e-004 2.97912466e-003 0.
    0. 0. 0. 0. 0. 0. 2.98202597e-003 2.12934637e-003 1.38768379e-003 0.
    3.19914683e-003 0. 3.69955553e-003 1.04534556e-003 0. 0.
    -2.59509264e-003 0. 0. 0. -1.22615625e-003 0. 3.86561762e-004 0.
    2.02331808e-003 0. 0. 1.34472706e-004 6.56570541e-004 0.
    2.02749111e-003 -2.47694319e-004 0. 1.17695157e-003 0.
    1.66533704e-004 -2.08090595e-003 0. 1.92382012e-003 4.29601083e-003
    8.71171651e-004 0. 0. 4.11701668e-003 0. 2.37488607e-003 0. 0.
    -1.30326126e-003 3.19508836e-004 -6.33597490e-004 5.66373128e-005 0.
    0. 0. 0. 3.78664583e-003 2.41255434e-003 4.65248449e-005
    6.87241205e-004 0. 0. 1.80163805e-003 -5.53917838e-004 0.
    -3.05602734e-004 0. 1.41979742e-003 2.50968128e-003 0.
    1.74063572e-003 3.03465012e-003 0. 0. 0. 2.04820913e-004
    2.28571752e-003 0. 0. 0. 0. 0. 0. 4.06515738e-003 6.88292319e-004 0.
    0. 0. 9.00920015e-003 0. 0. 0. 0. 0. 0. 0. 0. 1.84167933e-003 0.
    6.37509627e-004 1.40078703e-003 0. 3.04792658e-003 0.
    8.66095361e-004 0. 1.17523619e-003 -7.44909979e-004 0. 0.
    -3.59877507e-004 0. 4.51776711e-003 0. 3.46820947e-004
    1.54259731e-003 1.76057648e-002 1.35241041e-003 0. 0.
    2.63068848e-003 0. -4.65589156e-003 9.16909717e-004 0. 0. 0.
    -4.66545316e-004 0. 0. 0. 0. 2.94585223e-003 0. 0. 0. 0.
    5.01615112e-004 0. 5.51179168e-004 0. 3.88467481e-004
    7.49165483e-004 1.07009884e-003 0. 0. 0. 2.15564063e-003 0.
    2.98382877e-003 1.13136997e-003 0. -2.98317900e-004 -2.58037966e-004
    1.71939566e-004 0. 3.35286866e-004 0. 0. 0. 5.21561306e-004
    2.40754872e-003 0. 2.72550527e-003 -2.03373050e-003 0. 0.
    -7.29327847e-004 0. 1.83363329e-004 0. 9.82404337e-004 0. 0.
    4.38669557e-003 0. 8.30100151e-004 2.90046562e-004 0. 0. 0. 0. 0.
    -6.21170620e-005 -2.59793276e-004 0. 6.88348315e-004 0. 0. 0.
    7.14320166e-004 0. 3.20801535e-003 3.01488792e-004 4.35559126e-003
    0. 2.33323299e-004 3.16692628e-002 1.55253299e-002 0. 0.
    2.56479695e-003 2.37140618e-003 0. 4.61651332e-004 0.
    -1.32437772e-003 2.87346728e-003 1.20833586e-003 0. 0. 0. 0. 0. 0.
    0. 7.58608163e-004 0. 0. 0. 1.19954500e-004 4.96522407e-004 0. 0. 0.
    5.23117487e-004 0. 0. 8.34831881e-005 0. 0. -2.50325538e-003
    2.55281082e-003 0. 8.19777953e-004 0. 3.19248601e-003
    -5.34625025e-004 0. 0. 0. -6.25128392e-004 0. 0. 0. 0. 0.
    1.03501405e-003 0. 1.22445740e-003 0. 0. 5.26370667e-003
    2.77736946e-003 -1.23187923e-003 0. 0. 0. 0. 3.59279523e-003 0. 0.
    3.40910599e-004 4.22460167e-003 9.99868615e-004 2.75943279e-002
    1.11641770e-003 4.07404359e-003 0. 1.05820538e-003 2.97807250e-003
    1.82812521e-003 0. 0. 0. 6.84360275e-004 2.37374613e-003
    6.94281189e-003 2.73665908e-004 4.85048350e-003 1.49564317e-003
    1.60538405e-003 -1.78519927e-004 3.24176624e-003 0. -1.83017095e-004
    -9.02438012e-004 0. 9.19464219e-004 0. 0. -7.44051940e-004 0.
    2.02676328e-003 0. 6.34641852e-004 0. 1.54214362e-002
    8.32826598e-004 0. 3.11130978e-004 1.68182561e-003 0. 0. 0.
    9.98058007e-004 6.77141943e-005 0. 0. 0. 0. 0. 0. 0. 0.
