<?xml version="1.0"?>
<opencv_storage>
<imageDescriptor type_id="opencv-matrix">
  <rows>1</rows>
  <cols>1000</cols>
  <dt>f</dt>
  <data>
    0. 1.59989193e-003 1.80028025e-002 0. 0. 0. 0. 7.69550097e-004 0. 0.
    1.67300797e-003 0. 0. 0. 2.42260098e-003 3.05297482e-003
    1.42185437e-003 2.44824425e-003 -3.77319567e-003 0. 0.
    1.45782321e-003 1.19485066e-003 1.68259547e-003 0. 0. 0. 0. 0.
    1.44787575e-003 0. 0. 0. 0. 4.67632525e-003 0. 0. 6.51560640e-006
    3.19287094e-004 1.14476285e-003 0. 0. 0. 6.87607983e-003 0. 0. 0. 0.
    6.77410327e-003 0. 0. -8.72829696e-004 -7.76399276e-004
    -6.25921122e-004 -3.66342021e-004 0. 1.27517863e-003 0.
    3.22616100e-003 0. 0. 0. 2.67850817e-003 4.56777913e-003 0. 0.
    4.62557795e-003 0. 0. 0. 0. 0. 3.80814564e-003 -1.60655496e-003
    1.03652372e-003 0. 0. 0. 2.86399061e-003 -1.06393720e-003 0. 0.
    5.20050526e-004 0. 0. -8.44861264e-004 7.31147965e-003
    1.46579917e-003 2.35367916e-003 0. 0. 7.27904821e-003
    -2.86135380e-003 -1.19113817e-003 1.76476547e-003 0. 3.60084279e-003
    0. 1.97429257e-003 1.45202326e-002 5.07773133e-003 9.29924776e-004
    0. 2.07232945e-002 1.21581159e-003 0. 0. 4.97256964e-003 0.
    2.46132934e-003 4.80257999e-003 -4.35242488e-004 0. 0. 0. 0. 0. 0.
    0. 0. 6.97255041e-003 0. 0. 0. 2.85585038e-003 0. 0. 2.10080342e-003
    0. 5.49687911e-003 0. 0. -1.53705711e-003 3.22369393e-003 0. 0.
    1.98461697e-003 1.51655660e-003 0. 0. 0. 0. 0. 7.97242043e-004
    5.91467367e-003 0. 1.97823835e-003 0. 0. 0. 5.77430532e-004 0. 0. 0.
    0. 2.91937939e-003 0. 0. 3.55929806e-004 3.38382111e-003
    -1.18523510e-003 0. 0. 0. 3.23935389e-003 3.43059236e-003
    1.08623309e-002 0. 7.22082006e-003 0. -1.01901212e-004 0.
    -1.16393005e-003 0. 1.97669584e-003 0. 0. 0. 0. 1.19478581e-003
    2.06843368e-003 -1.59118278e-003 0. 4.08835802e-003 1.53647317e-003
    5.86257363e-003 8.34931899e-003 0. 0. 0. 0. 0. 6.17880898e-004 0. 0.
    0. 6.82933722e-003 0. 0. 2.64312490e-003 1.60082604e-003 0.
    1.95075211e-003 0. 0. 0. 0. 0. 0. 5.62392594e-003 1.70056859e-003 0.
    0. 0. 0. 2.62133894e-003 0. 0. 0. 1.02884704e-002 0. 0.
    5.75902825e-003 -7.34004600e-004 0. 3.37023695e-004 0. 0. 0. 0.
    -1.63773890e-004 1.04547944e-002 0. 0. 0. -1.05423536e-002 0. 0. 0.
    0. 0. 0. 1.41938997e-003 0. 0. 1.45954231e-003 0. 6.52547833e-003 0.
    3.54082417e-003 0. 0. 0. 9.15174652e-003 1.42368037e-004 0.
    -3.44384741e-003 0. 0. 1.14482241e-002 4.94338572e-003 0. 0. 0. 0.
    8.00057489e-004 0. 0. 0. 0. 1.30936550e-003 0. 1.84779882e-003
    1.41126113e-002 1.60207041e-003 0. 5.13547845e-003 0. 0. 0.
    4.67431062e-004 0. 0. 9.46374086e-004 0. 0. 1.99600169e-003 0. 0.
    -5.15751017e-004 0. 1.50476670e-004 0. 3.58351460e-003 0.
    2.02899566e-003 1.47171854e-003 0. 0. 0. 0. -1.95173291e-003 0.
    4.27440880e-003 2.12162524e-003 0. 0. 0. 0. 5.91639010e-003
    2.13848031e-003 0. 0. 0. 1.84547226e-003 0. 0. -1.20454119e-003 0.
    0. 1.06114969e-002 0. 0. 8.88983137e-004 0. 4.63466218e-004 0.
    5.65286912e-003 6.12916797e-003 0. 0. 0. 1.17817207e-003 0. 0.
    3.84561514e-004 0. 4.66803228e-003 0. 2.73986487e-003 0. 0. 0. 0.
    7.32183689e-004 1.00248947e-003 0. 3.87301412e-003 0. 0. 0.
    -3.30395834e-003 3.67687759e-003 4.30718064e-003 0. 8.33567139e-003
    0. 0. 0. 2.26412900e-003 -5.14295418e-004 0. 0. 0. 0. 0. 0.
    5.82314096e-004 0. -1.74234458e-003 5.03346184e-003 2.04875204e-003
    2.22061388e-003 0. -2.92292971e-004 1.15004450e-003 -7.93230138e-005
    2.88604852e-003 2.00323272e-003 0. 0. -5.46739670e-004 0.
    9.04144894e-004 0. 0. 9.88245942e-003 0. 0. 0. 0. 2.11541518e-003 0.
    6.68343669e-003 0. 0. 0. 0. 1.83360756e-003 0. 2.26572086e-003
    1.41897646e-003 0. 0. 5.19807683e-003 0. 0. 1.99411549e-002 0.
    5.29578596e-004 0. 0. 7.97219458e-004 4.03233292e-003 0.
    7.41181895e-003 0. 0. 4.83550830e-003 -4.84369026e-004 0. 0. 0. 0.
    0. 0. -8.06650030e-004 4.48185392e-003 0. 0. 0. 0. 0. 0. 0.
    2.75819236e-003 5.50793391e-003 0. 0. 2.16828004e-004 0.
    -6.04325731e-004 0. 0. 0. 0. 8.54564598e-004 0. 0. 0. 0. 0. 0.
    2.52019428e-003 9.18375386e-004 0. 2.03984114e-003 -5.08806109e-003
    0. 1.09606981e-003 0. 0. 0. -5.07419638e-004 0. 0. 0. 0. 0. 0. 0.
    -1.06698892e-003 0. 0. 0. 0. 0. 0. 1.71859991e-002 2.44489568e-003
    0. -3.17508564e-003 6.34217123e-003 0. 1.54443237e-003 0.
    5.67090837e-003 1.30058406e-002 -1.75518519e-003 0. 0. 0. 0.
    1.57373154e-003 1.77364587e-003 -7.22860079e-003 0. 0. 0. 0. 0.
    -8.59249907e-004 0. 0. 0. 0. 0. 0. 1.44851313e-003 0. 0. 0. 0. 0.
    3.49485409e-003 0. 0. 3.73851252e-003 0. 0. 0. 0. 0. 0. 0. 0. 0.
    -1.11984916e-003 0. 0. 0. 0. 0. 1.48062245e-003 5.40632941e-003
    4.53321636e-003 0. 3.93096125e-004 0. 8.67945142e-003
    5.33398334e-003 0. -9.31407558e-005 1.24438817e-003 0.
    3.76485434e-004 0. -9.15434095e-004 3.88071686e-003 8.97519663e-003
    0. 5.24200546e-003 4.00439458e-004 5.86060993e-003 0. 0.
    2.19261623e-003 7.09327345e-004 -2.47559720e-003 0. 0. 0.
    9.71434359e-003 3.64166009e-003 8.95895704e-004 1.25346025e-002
    5.75329829e-003 0. 0. 0. 0. 0. 0. 0. 0. 0. 0. 0. 0. 0. 0.
    7.28658075e-003 0. 0. 3.54027469e-003 0. 0. 0. 1.00682927e-002 0. 0.
    0. 0. 0. 0. 0. 1.16801925e-003 -6.56241435e-004 1.42194005e-003 0.
    0. 8.36386438e-003 -9.39457794e-004 0. 0. 0. -2.03576747e-005
    4.00556903e-003 6.30954187e-003 0. 0. 1.52551406e-003
    1.47716806e-003 2.87410663e-003 0. 0. 0. 0. 0. 0. 0. 0. 0. 0. 0.
    2.03699106e-003 0. 0. 0. 0. 0. 0. 1.96349481e-003 0. 0. 0. 0. 0. 0.
    -1.08792055e-005 7.19958777e-003 0. 1.23991573e-003 0.
    3.76475113e-003 0. 1.02283666e-002 0. 1.41046161e-003 0.
    3.10892612e-003 0. 0. 1.92770374e-003 0. 0. 3.52994562e-003 0. 0.
    -1.82943663e-003 6.46178785e-004 0. 3.37799953e-004 0. 0. 0.
    1.79909205e-003 0. 3.15372134e-003 -8.91526346e-004 0. 0. 0.
    -2.14391551e-003 0. 3.92292207e-003 2.18051462e-003 2.13803328e-003
    2.82530719e-003 -9.43926862e-004 0. 0. 0. 0. 0. 1.65748387e-003 0.
    0. 6.45914581e-004 0. 0. 0. 9.17174271e-004 0. 0. 7.98927341e-003 0.
    0. 0. 0. 2.59309425e-003 0. 0. 2.25187559e-003 0. 0. 0. 0. 0. 0. 0.
    0. 0. 0. -3.41904163e-003 1.10831438e-003 3.27144493e-003
    3.87767213e-003 0. 9.25837271e-003 6.00615516e-004 0. 0. 0. 0. 0. 0.
    9.03934590e-004 0. 0. 0. 2.97186640e-003 0. 0. 0. 0. 1.13166170e-002
    -3.92858128e-005 0. 0. -1.52093021e-003 0. -7.38879142e-004
    3.41642159e-003 2.61728512e-003 3.72044579e-003 -1.27052108e-003 0.
    0. 0. 0. 4.10109106e-003 0. -2.61244643e-003 -1.92834577e-003 0. 0.
    0. 0. 0. 9.19190422e-003 0. 8.17485212e-004 0. 0. 2.59339926e-003 0.
    2.87659210e-003 0. 0. 0. 0. 0. 0. 0. 0. 2.17854977e-002
    9.25471541e-003 4.52917628e-003 0. 0. 0. 0. 8.45046714e-003
    7.00042490e-003 0. 0. 0. 0. 0. 0. 0. 4.23238194e-003 0. 0. 0. 0.
    1.93306501e-003 0. 2.39854003e-003 0. 0. 1.12239772e-003
    3.09696281e-003 0. 0. 0. 0. 0. 9.70107270e-004 8.26844480e-003 0. 0.
    2.10076501e-003 1.75561546e-003 0. 0. 0. 0. 6.69351546e-003
    4.66644019e-003 0. 0. 5.89834235e-004 0. 0. 0. 5.06981160e-004 0. 0.
    0. 0. 2.08895491e-003 0. 0. 0. 0. 0. 0. 0. 0. 0. 0. 0. 0.
    1.24878623e-002 0. 1.53621926e-003 0. 0. 0. -2.90187472e-003
    -1.08545611e-003 2.28657271e-004 0. 0. 1.87993562e-003
    -1.58395618e-003 0. 0. 0. -5.09781356e-004 0. 0. 0. 0.
    9.19080630e-004 0. 0. 0. 0. 4.64864681e-003 0. 0. 2.73395749e-003 0.
    0. 0. 0. 0. 1.87319762e-003 0. 0. 0. 0. 0. 0. 0. 0. 0. 0. 0. 0. 0.
    0. 0. 7.31082400e-003 -2.49568751e-004 0. 0. 0. 2.17616488e-003 0.
    0. 0. 1.85515161e-003 9.92605090e-003 0. 0. 0. -3.49152857e-003 0.
    0. 0. 0. 0. 0. 0. 0. -1.96363847e-003 0. 0. 3.39755113e-003 0.
    4.01192671e-003 0. 6.20196399e-004 0. 0. 0. 0. 0. 0. 0. 0. 0.
    2.27976847e-003 7.75001990e-003 0. 0. 0. 5.36134932e-004 0. 0. 0. 0.
    0. 1.05961994e-003 0. 0. 0. 0. 2.39169691e-003 0. 3.97788972e-004 0.
    0. 4.11073957e-003 6.19999692e-003 0. 7.45845679e-003
