<?xml version="1.0"?>
<opencv_storage>
<imageDescriptor type_id="opencv-matrix">
  <rows>1</rows>
  <cols>1000</cols>
  <dt>f</dt>
  <data>
    0. 0. 5.50350116e-004 2.96491710e-003 6.42926991e-003
    1.33307290e-003 0. 0. 0. 0. 2.92419549e-003 0. 1.27140875e-003 0.
    3.38510657e-003 0. 2.92336917e-003 0. 0. 6.70707738e-003 0. 0. 0. 0.
    0. -1.75453082e-003 0. 0. 0. 1.93682848e-003 0. 1.56753420e-004 0.
    0. 0. -4.15400276e-003 6.15591940e-004 0. 0. 0. 0. 1.49691838e-003
    0. 2.61141267e-003 9.08216741e-003 0. 9.76396352e-003
    1.35504990e-003 0. 0. 7.06325576e-004 0. 0. 0. 1.91051827e-003
    2.85328977e-004 0. 0. 6.80867909e-003 1.22852381e-002 0. 0. 0.
    -1.60257646e-003 -1.14324782e-003 0. 0. 0. 0. 9.14773438e-003 0. 0.
    9.10752104e-004 0. -4.61732561e-004 2.56051845e-003 0. 0. 0.
    2.57549342e-003 1.26786791e-002 0. 3.35029908e-003 0.
    -2.93998979e-003 0. 0. -1.31583901e-003 -1.10075483e-003
    1.61871985e-002 1.35284979e-004 1.96631327e-002 0. 0. 0.
    2.45799404e-003 0. 0. 0. 0. 5.76015445e-004 0. 0. 0. 0.
    -1.29504153e-003 -1.32398482e-003 8.19661561e-003 -5.11948299e-003
    0. 0. 0. 4.74401488e-004 0. 8.45970027e-003 2.57631321e-003 0.
    3.83179705e-003 0. 0. 0. 2.49776151e-003 1.96392462e-003 0.
    1.56685116e-003 1.11752879e-002 5.51616366e-004 1.45749412e-002 0.
    0. 3.51220439e-003 0. 0. 0. 0. 0. 0. 2.17838655e-003 0.
    8.52267351e-003 0. 0. 0. 0. 0. -3.45820584e-003 1.36421947e-002 0.
    -2.65582069e-003 0. 0. 0. 0. 0. 1.26701943e-003 -2.16539411e-004
    8.24188720e-003 0. 0. 0. 0. 2.52247136e-003 0. -1.36082654e-003
    -3.60250160e-005 3.36165121e-003 0. -7.05258222e-004 0. 0. 0.
    2.63575139e-003 2.19112099e-003 0. 8.44746421e-004 9.82340192e-004
    0. 0. 0. 1.48838141e-003 2.13559857e-003 3.11073707e-003 0.
    3.27374134e-003 0. 0. 0. 0. 0. 8.47108196e-003 0. 0. 0. 0. 0. 0. 0.
    0. 1.35290984e-003 1.27254790e-002 0. 0. -5.35217463e-004 0. 0. 0.
    0. 0. 0. 0. 0. 9.82478168e-003 0. 0. 0. 1.02175465e-002 0. 0. 0. 0.
    0. 0. 9.89593379e-003 0. 7.44524086e-003 1.82256497e-006
    4.60702984e-004 2.08265684e-003 0. 0. 1.88275846e-003 0. 0. 0. 0. 0.
    0. 0. 0. 0. 0. 0. 4.91003785e-003 0. 0. 0. 1.37153305e-002 0.
    3.52449692e-003 1.58526818e-004 4.24710102e-004 0. 0.
    -3.40053695e-003 0. 0. 0. 0. 0. 0. 0. 0. 1.66001497e-003 0.
    8.71146470e-003 0. 0. 0. -4.76312416e-004 3.97723773e-003 0.
    1.70394697e-003 0. 1.38831383e-004 -6.10095100e-004 0. 0.
    -1.47438713e-003 0. 1.44096892e-002 0. 0. 0. 4.83458443e-003 0. 0.
    0. 0. 0. 1.54616381e-003 -9.37113073e-005 0. 0. -1.52348389e-003
    -3.72694808e-006 5.54182380e-003 0. -1.35351554e-003 0. 0. 0.
    1.99923851e-003 0. 0. 0. 0. 8.64188001e-003 0. 9.07161459e-003 0.
    -7.51980988e-004 0. 2.12988444e-003 0. 3.12301243e-004 0.
    1.07793743e-003 3.11375572e-003 -2.44871771e-004 0. 0. 0. 0.
    4.30315826e-003 0. 0. 1.77967086e-004 0. -1.77235098e-003
    -1.06210886e-004 0. 0. 0. -1.12434383e-003 0. 0. 0. 0.
    2.43234425e-003 0. 0. 1.83814962e-003 2.23478256e-003 0.
    1.15743373e-003 0. -5.34875784e-003 2.55180589e-006 -4.22041456e-004
    -1.55914167e-003 0. 0. 7.54996436e-004 8.07613786e-003 0.
    5.17112156e-003 0. 0. 0. 0. 0. 4.20653773e-003 0. 0. 4.14344203e-003
    0. 0. 7.54528912e-004 0. 0. 0. -1.40593605e-004 0. 9.56513546e-003
    1.38452509e-003 0. 0. 0. 0. 0. 0. 0. 0. 0. 1.65803090e-003 0. 0.
    -1.84227130e-004 0. 0. 0. 0. 0. 0. 5.33033535e-003 3.48064560e-003
    6.50418770e-007 0. 0. 0. 0. 0. 0. 0. 0. 0. 2.19936064e-003
    3.05168983e-003 0. 0. 0. -1.54707779e-003 0. 0. 0. 0.
    -3.20888386e-004 0. 3.52645828e-003 0. 0. 0. 0. 0. 1.56061456e-003
    0. 1.02247251e-002 0. 0. 0. 0. 0. 0. 0. 0. 0. 0. 0. 0. 0.
    2.11676094e-003 0. 4.66160430e-003 2.61949887e-003 0.
    1.41123735e-006 1.36941569e-002 0. 2.03158488e-004 0. 0. 0. 0.
    1.81871670e-004 0. 0. 0. 0. 0. 0. 4.70424769e-003 0. 0. 0. 0. 0. 0.
    0. 2.67721550e-003 0. 0. 0. 0. 0. 6.31107530e-003 0. 0.
    4.10801312e-003 8.72145314e-003 0. 0. 0. 9.78115387e-003 0.
    3.27287358e-003 0. 0. 0. 0. -5.14536398e-004 0. 1.87951699e-003 0.
    1.95248183e-002 3.45581910e-003 0. 0. 0. 0. 0. 4.95340733e-004 0. 0.
    0. 2.83287233e-003 0. 6.35867240e-004 0. 0. -6.13798911e-004 0. 0.
    0. 4.37665684e-003 0. 0. 0. 0. 0. 8.09627213e-003 0. 0. 0. 0. 0. 0.
    1.77952386e-002 0. -2.24597799e-003 0. 0. 8.87645874e-003
    -5.21830923e-004 -8.90240481e-004 0. 3.44805256e-003 0.
    1.45999913e-003 0. 0. 0. 0. 0. 3.41828261e-003 0. 1.71426090e-003 0.
    0. 0. 0. 0. 0. 0. 8.04333854e-003 0. 2.42215310e-006 0.
    2.22362671e-003 9.89674125e-004 0. 0. 5.18629653e-003
    1.77435356e-003 0. 0. 0. 0. 8.31376016e-003 0. 0. 0. 0. 0. 0. 0.
    1.23994614e-004 0. 0. 0. 0. 2.27620592e-003 0. 0. 0. 0. 0. 0. 0.
    -1.82583884e-004 1.11626061e-002 0. 0. 9.49414819e-003 0.
    -3.39581817e-003 0. 0. 7.23697231e-005 0. 1.20435527e-003 0. 0. 0.
    0. 0. 0. 0. 0. 1.84296467e-003 6.16916339e-004 0. 0. 8.46885890e-003
    -2.17774723e-004 1.66281674e-003 0. 0. 0. 0. 0. 0. 6.40713470e-003
    0. 0. 0. 1.52937922e-004 0. -7.05716026e-004 0. 9.87772000e-005 0.
    0. -8.87593895e-004 0. 0. 0. 0. 1.09396139e-002 2.58505321e-003
    2.47429241e-003 7.72215542e-004 1.41181413e-003 3.24822008e-003 0.
    2.23327288e-003 0. 0. 0. 0. -7.92849343e-004 0. 0. 0. 0.
    2.26633297e-003 6.72119157e-003 0. 0. 1.61190834e-002 0.
    2.23410618e-003 0. 0. 0. 0. 0. 0. -1.59794290e-003 0. 0. 0. 0. 0. 0.
    0. 0. 0. 0. 0. 0. 0. 0. 0. 9.94861708e-004 0. 0. 0. 0. 0. 0. 0. 0.
    0. 0. 0. 0. 0. 0. 0. 2.37402084e-004 0. 0. 0. 0. 0. 0.
    1.19873183e-003 1.36288046e-003 5.29305404e-003 0. 0. 0. 0. 0.
    7.82392826e-003 0. 0. 2.30212021e-003 0. 0. -1.48144271e-003 0. 0.
    0. 0. 0. 0. 0. -4.51330096e-003 0. 0. 2.98051047e-004 0.
    1.08633125e-002 0. 7.36716262e-004 0. 0. 0. 0. 4.41692362e-004 0. 0.
    0. 0. 1.11874761e-002 0. 0. 0. 0. 0. 0. 0. 0. 0. 0. 0. 0.
    1.80106405e-002 -4.09858767e-003 0. 4.95634787e-003 0. 0.
    1.00546805e-002 0. 0. 0. 0. 1.37440218e-002 -9.31063783e-004 0.
    1.98817393e-003 0. 8.06155987e-003 0. 0. 0. 0. 0. 0. 0. 0. 0. 0.
    7.95015018e-004 0. 0. 2.03969069e-002 0. 0. 3.03136976e-003 0.
    1.41651118e-002 0. 0. 0. 0. 0. -7.22876983e-004 1.28100452e-003
    -3.83142498e-004 8.43878090e-003 0. 0. 0. 0. 0. 1.07150758e-002 0.
    0. 0. 0. 0. 0. 0. 1.16689317e-003 0. -1.88453523e-005 0. 0. 0. 0. 0.
    7.53052707e-004 0. 0. 0. 0. 0. 0. 0. 0. 0. 0. 0. 0. 0.
    1.08621195e-002 0. 0. 0. 0. 2.93012429e-003 0. 0. 0.
    -5.82495122e-004 0. -2.03660852e-003 0. -3.40105500e-003
    5.76159218e-004 0. 1.05725406e-002 0. 0. 0. 0. 0. 0. 6.35526422e-003
    0. -8.84435663e-004 0. 0. 0. 0. 0. 0. 0. 0. 0. 0. 0. 0. 0.
    9.72405658e-004 0. 0. 0. 0. 0. 0. 0. 0. 0. 7.89092015e-003 0. 0. 0.
    0. 0. 0. 4.83411597e-003 0. 0. 2.61585135e-003 6.01260830e-003 0.
    4.00936790e-003 0. 0. 0. 0. 0. 0. 0. 0. 0. 0. 1.37200579e-003 0. 0.
    0. 0. 8.94401036e-003 0. 0. 0. 0. 1.62041339e-003 0. 2.87808711e-004
    0. 3.50991031e-003 0. 0. 0. 0. 0. 0. 8.27281183e-005 1.46181299e-003
    0. 6.24108827e-004 0. 0. 0. -8.51061370e-004 0. 0. 0. 0. 0. 0.
    -3.50015616e-004 0. 1.50985536e-004 0. 0. 0. 0. 0. 0. 0. 0. 0. 0.
    4.63038450e-003 9.21405386e-003 7.92159117e-004 0. 0.
    2.33682641e-003 0. 0. 1.99869499e-002 0. 3.93232796e-003 0. 0. 0. 0.
    0. 0. 0. 2.10725255e-002 0. 0. 1.29373628e-003 0. 0. 0. 0. 0. 0. 0.
    0. -4.40382464e-005 0. 1.14210518e-002 0. 0. 9.55955964e-003
    4.90231812e-003 0. 0. 0. 2.46378779e-003</data></imageDescriptor>
</opencv_storage>
