<?xml version="1.0"?>
<opencv_storage>
<imageDescriptor type_id="opencv-matrix">
  <rows>1</rows>
  <cols>1000</cols>
  <dt>f</dt>
  <data>
    1.97427510e-003 7.66919646e-003 0. 0. 0. 5.40320948e-003
    1.68533844e-003 0. -4.09178087e-004 0. 0. -1.77840632e-003 0. 0. 0.
    2.85245507e-004 1.67763280e-003 2.41224142e-003 0. 0. 0. 0.
    1.83460733e-003 2.60281784e-004 0. 1.55867310e-004 0. 0. 0.
    -9.12440009e-004 0. 0. 3.19259474e-003 0. -7.19145872e-004 0. 0. 0.
    0. 2.52265832e-003 -1.26379752e-003 0. 0. 0. 0. -5.91108401e-004
    1.85890275e-003 0. 0. 5.45357401e-003 0. 0. 6.46685949e-004
    1.47904633e-004 -1.52396635e-004 0. 2.67355749e-003 1.58015394e-003
    0. 1.11227960e-003 0. 3.16473772e-003 0. 2.91209505e-003
    2.26718117e-003 0. 8.61720182e-005 0. 0. 0. 0. 2.15533702e-003
    3.28395888e-003 0. 0. 0. 3.55212553e-003 0. 0. 4.67345631e-003 0. 0.
    0. 0. 0. 0. 0. 2.88782525e-003 6.27529249e-003 7.97142740e-004
    1.42134400e-003 9.17464131e-005 7.94750580e-004 0. 1.41521404e-003
    0. 2.87809875e-003 0. 0. 0. 0. 1.92043348e-003 0. 0. 0.
    9.96888988e-003 0. 0. 0. -1.06123346e-003 0. -1.03738764e-003 0. 0.
    -5.77892642e-004 5.57218795e-004 3.81539203e-003 0. 3.89083498e-003
    1.88653858e-003 1.85903208e-003 0. 0. 9.97615233e-003 0. 0. 0. 0.
    -8.90750904e-004 0. 0. 0. 0. 0. 0. 3.24174482e-003 0. 0.
    3.78870149e-003 2.01333687e-003 2.29124445e-003 2.63778213e-003 0.
    -1.16002874e-003 4.44228807e-003 2.81813554e-003 8.52627959e-003
    2.38652970e-003 0. 3.02903168e-003 -1.02849572e-003 1.01555593e-003
    -3.24342924e-004 9.04878508e-003 0. 2.50567170e-003 8.36518302e-004
    0. 7.42620497e-004 0. 0. 1.45767047e-003 0. 0. 0. -3.00117186e-004
    0. 8.47956457e-004 3.48758325e-003 0. 0. 4.66567697e-004 0. 0. 0.
    -1.44933478e-003 0. 0. 4.29702317e-003 1.97162619e-004 0.
    1.66692759e-003 1.13244390e-003 4.96595399e-004 1.70299390e-005
    1.05544494e-003 1.63791585e-003 1.84562209e-003 -7.25173682e-004
    2.85504945e-003 0. 1.03748497e-003 0. 0. 7.02042831e-004 0. 0. 0.
    1.35801220e-003 0. -9.80847326e-005 0. 0. 1.21792720e-003 0. 0. 0.
    0. 0. 0. 0. 1.83275982e-003 4.32413304e-004 0. 0. 0. 0.
    5.68902539e-003 0. 0. -1.90533956e-005 4.58908128e-003 0. 0. 0. 0.
    0. 0. 0. 1.22314412e-003 4.34106885e-004 4.06084070e-003
    5.21873264e-003 7.76901667e-004 3.36969271e-003 0. 9.60225798e-003
    0. 0. 3.62545368e-003 0. 0. 0. 0. 8.87494255e-003 2.75175134e-003 0.
    1.70697668e-003 0. 7.19067128e-003 3.79630947e-003 9.19042970e-004
    9.30011971e-004 0. 5.02322277e-004 3.30667407e-003 0.
    -5.96844649e-004 0. 3.13312793e-003 0. 0. 0. 2.31349980e-003
    1.91818888e-003 0. 0. 2.54246319e-004 0. 0. 0. 0. 6.38619298e-003
    2.72984081e-003 0. 1.23945216e-003 -1.02525472e-003 0.
    9.94525151e-004 0. 0. 0. 2.46470235e-003 5.98817132e-003 0. 0. 0.
    2.01749615e-003 3.95194720e-003 3.80335050e-003 0. 1.79374925e-004
    3.82193201e-003 0. 0. 0. 0. 0. 8.16250395e-004 0. 6.21356815e-003 0.
    1.77152525e-003 5.28932875e-003 1.12689636e-003 0. 0. 0. 0.
    -2.72917765e-004 7.77310051e-004 1.38312299e-003 0. 0. 0. 0.
    9.41523176e-004 0. 0. 0. -8.70343298e-004 1.24998426e-003 0. 0.
    5.89034241e-003 0. 0. 0. 7.85080425e-004 0. 1.13799877e-003 0. 0.
    5.38897060e-004 0. 1.34237541e-003 0. 1.20858464e-003
    4.79286164e-003 1.98572432e-003 -3.46293644e-004 0. 4.95504937e-004
    2.59752106e-003 4.31001745e-003 1.87931245e-003 7.05970079e-003 0.
    2.11635814e-003 3.44135961e-003 0. 0. 3.01704416e-003 0.
    1.46981201e-003 5.09909296e-004 0. 0. 0. 0. 8.89950548e-004 0. 0. 0.
    0. 0. 1.65980507e-003 0. 0. 2.68885656e-003 0. 0. 0. 0.
    1.40285614e-004 2.70283129e-003 1.40572118e-003 0. 0.
    2.14614067e-003 1.55688450e-003 2.38536601e-003 -9.92853660e-004 0.
    0. 0. -1.26778893e-003 0. 0. 0. 3.91113292e-003 0. -6.53440482e-004
    0. 0. 0. 0. 6.19162805e-004 0. 0. -4.51207219e-004 0.
    1.03647297e-003 -8.58870102e-004 1.30840892e-003 0. 2.37241201e-003
    5.78787411e-004 0. 0. 2.08297721e-003 1.19788190e-002 0.
    8.78413767e-003 4.05010208e-003 4.83894721e-003 3.17806494e-003
    7.93559756e-003 0. 0. 0. 4.29789489e-003 8.01255088e-003 0.
    1.08637463e-003 0. 0. 0. 0. 0. 1.80288265e-003 0. 0. 0. 0.
    1.18630810e-003 3.47665302e-003 0. 0. 0. -6.38615747e-004
    3.54177714e-003 0. 0. 0. 0. 0. 1.19178579e-003 -1.55502476e-003
    2.06364854e-003 0. 6.66374527e-003 0. 8.60796659e-004 0. 0. 0. 0.
    3.21468315e-003 7.83186592e-003 0. 3.70248524e-003 1.22545601e-003
    1.15780998e-003 -5.34960593e-004 -5.11318620e-004 0. 1.29699343e-004
    3.77902528e-003 6.68885233e-003 1.77988387e-003 7.75568094e-003 0.
    0. 6.74366718e-004 7.96125550e-003 2.61287810e-003 1.71828864e-003
    1.97551749e-003 0. 0. 5.96964150e-004 -1.52360284e-004 0. 0.
    2.18022475e-003 1.80656626e-003 1.03541287e-002 0. 6.31556241e-003
    0. 0. 0. 2.45159538e-003 0. 8.24922754e-004 0. 0. 0. 0.
    3.09719658e-003 0. 0. -1.20730685e-004 0. 8.22545611e-004 0.
    8.54120648e-004 0. 3.70851689e-004 9.01862164e-004 0.
    1.40012719e-003 2.19642906e-003 0. 4.45947982e-003 0. 0.
    1.43852225e-003 2.52427475e-004 0. 0. 0. 0. 0. 0. 1.37497263e-003
    4.34316229e-004 -8.61819717e-004 0. 7.45125173e-004 0. 0. 0. 0. 0.
    -8.92247190e-004 0. -5.85975475e-004 9.11755895e-004 0. 0.
    4.26097261e-003 1.47902616e-003 1.57343328e-003 0. 0. 0.
    1.70794607e-003 0. 5.16059750e-004 0. 0. 0. 0. 0. 1.34531886e-003 0.
    -1.50693930e-003 -1.05841702e-003 0. -2.91727623e-003 0.
    4.08486492e-004 0. 0. -7.98255205e-004 0. 5.00658480e-003 0.
    3.11494200e-003 6.04417466e-004 2.11475929e-003 -5.53507743e-005 0.
    0. 0. 2.74530485e-005 2.43109957e-004 0. 0. 0. 0. 2.81971850e-004
    1.28130999e-003 7.14155904e-004 0. 9.83255683e-004 1.02615287e-003
    0. 2.53563677e-003 5.05160308e-003 0. 0. -1.54900632e-003
    5.33258368e-004 -1.86025479e-003 0. -6.19024795e-005 7.68514292e-005
    0. 0. 0. 0. -7.88391742e-004 0. 7.33541325e-004 0. 6.67210296e-003
    7.74871558e-003 1.43957708e-003 0. 0. 1.64557525e-004 0. 0. 0. 0. 0.
    6.65608095e-003 0. 0. 9.04687215e-004 7.65953097e-004 0. 0.
    1.39154622e-003 0. 1.89340813e-003 5.26760845e-003 1.13349047e-003
    0. 9.09898838e-004 1.87798240e-003 0. 6.41683117e-004 0.
    3.71370511e-003 0. 0. 0. 0. 0. 0. 0. 0. 1.51375818e-004 0.
    8.13827012e-003 1.49018469e-003 0. 0. 4.20269836e-003 0. 0. 0. 0. 0.
    1.02972065e-003 3.26652103e-003 1.55397714e-003 0. 0. 0.
    2.49915500e-003 1.40447658e-003 0. 0. 0. 0. 1.96671393e-003
    1.35834026e-003 0. 4.26360266e-003 1.97866866e-005 3.84622079e-004
    1.21781114e-003 0. 0. 0. 0. 0. 4.60222177e-003 0. 0. 0. 0. 0. 0.
    2.93452846e-004 0. 7.38790026e-003 0. 0. 0. 5.15163760e-004 0.
    1.58916845e-003 1.40079635e-003 4.94389283e-003 -7.03236496e-004 0.
    8.54728103e-004 -2.54085899e-004 0. 0. 0. -1.05430954e-003
    4.53001773e-003 -1.46059785e-003 1.03033870e-003 1.57283118e-003
    -8.88355309e-004 0. 0. 0. 2.30094913e-004 0. 2.68356642e-003
    -2.17323308e-004 0. 4.62572975e-003 0. 0. 0. 1.92626816e-004 0.
    -6.81278587e-004 0. 0. 1.10552157e-003 0. 1.47399842e-003
    3.51059553e-003 3.63823748e-003 1.58473279e-003 2.07086001e-003 0.
    7.78474030e-004 0. 2.25545652e-002 1.85607758e-003 4.10906132e-003
    0. 2.10803817e-003 0. 8.17354943e-004 0. 6.16673613e-003 0.
    -3.77729826e-004 0. -2.63263995e-004 0. 1.50668086e-003
    -4.49350104e-004 2.99905729e-003 0. 0. 0. 1.17230206e-003 0.
    1.47986959e-003 0. 0. 0. 0. 1.43685483e-003 0. 7.55624438e-004
    4.35886951e-003 1.58750836e-003 0. 0. 0. -6.69029250e-005 0.
    2.05078279e-003 2.26232619e-003 0. 6.02978631e-004 0. 0. 0.
    4.51268302e-003 -1.22642421e-004 0. 0. 0. 0. 6.71501178e-003
    -4.71815467e-004 0. -1.63928795e-004 -6.46933040e-004
    2.05157418e-003 0. 0. 0. 3.96577222e-003 0. 5.44764055e-003
    1.08665787e-003 8.17420986e-003 0. 5.15356241e-003 2.26750295e-003
    6.32931478e-003 1.80500397e-003 9.45417210e-004 0. 9.26476205e-004
