<?xml version="1.0"?>
<opencv_storage>
<imageDescriptor type_id="opencv-matrix">
  <rows>1</rows>
  <cols>1000</cols>
  <dt>f</dt>
  <data>
    0. 0. 0. 0. 0. 0. 0. -4.78275033e-004 0. 0. 0. 6.63092360e-004 0. 0.
    8.67830939e-004 0. 0. 0. 0. 0. 0. 0. 0. 0. 0. 2.36429228e-003 0. 0.
    0. 0. 1.46705844e-003 0. 0. 8.28527263e-004 0. 0. 0. 0.
    1.03198271e-003 0. 7.94832420e-004 2.11780937e-003 0.
    3.26018175e-003 0. -1.14903938e-004 6.73277304e-004 0. 0. 0. 0.
    -3.82889761e-003 0. -4.35572583e-003 7.52069661e-003
    -6.55383978e-004 0. 0. 6.48866175e-004 4.01270855e-003 0.
    1.48014259e-003 3.73968878e-003 4.68076067e-003 0. 0.
    8.57188366e-004 2.44111550e-004 0. 6.48127450e-003 0. 0. 0.
    1.85511704e-003 1.55284640e-003 1.21492415e-003 2.20900774e-003 0.
    1.32205139e-003 -6.09175127e-004 0. 0. 3.50576686e-003 0. 0. 0.
    -1.09185989e-004 1.04560209e-002 4.40993113e-003 0. 6.39164355e-003
    4.02410515e-003 -3.30887735e-004 0. 0. 9.42234416e-003 0.
    -2.83212238e-003 1.64235849e-003 1.01635829e-002 3.78454220e-003
    9.81384772e-004 0. 5.16896183e-003 0. 0. 0. 1.94633799e-003 0.
    6.09173765e-003 0. 2.92167743e-003 0. 0. 1.66363257e-003 0. 0.
    2.27662269e-003 0. 0. 0. 0. 0. 0. 0. 1.11815135e-003 8.85115657e-003
    2.01860699e-003 0. 0. 0. 0. 0. 2.83678295e-003 0. 0. 8.06147326e-003
    0. 0. 0. 3.78974667e-003 0. 0. 0. 1.56125694e-004 0. 0.
    1.26009074e-003 7.28664629e-004 1.12436544e-002 -1.22932205e-003 0.
    3.83383711e-004 0. 0. -4.51782369e-004 0. 4.38310381e-004
    2.28877831e-003 4.41364804e-003 2.66726338e-003 0. 0.
    7.42136326e-004 0. -1.05345287e-004 4.55403002e-003 0. 0.
    -4.73938097e-004 0. 3.96582205e-003 0. 1.41117326e-003 0. 0. 0.
    2.86418392e-004 0. 2.11471645e-003 0. 1.38352134e-005
    3.78709985e-003 4.09938581e-003 0. 0. 3.06086917e-003 0. 0.
    2.13117874e-003 8.53510632e-004 0. 3.33161443e-003 -4.32712771e-003
    0. 0. 0. 0. 0. 7.09528290e-003 4.39489307e-003 0. 0. 0.
    8.07041768e-004 2.70056748e-003 0. 0. 1.26018247e-003
    1.73784269e-003 0. 2.24280311e-003 0. 0. 0. 0. 0. 0. 3.43890511e-003
    0. 7.79970782e-004 5.05131669e-003 0. 3.79915815e-004 0. 0.
    1.21345036e-002 1.57114398e-003 0. 0. 0. 0. 0. -3.10372183e-004
    6.92595029e-003 1.22214973e-004 8.61966610e-003 1.43522536e-003 0.
    0. 0. 1.34299311e-003 0. 0. 3.57289496e-003 0. 0. 0. 0.
    1.32919487e-003 -1.10000852e-004 0. -3.89014778e-004 1.40658102e-003
    1.57660549e-003 0. 0. 0. 5.18746069e-003 2.95751938e-003 0. 0.
    2.50632729e-004 3.06813139e-003 0. 0. 1.21601406e-004 0. 0. 0. 0.
    2.03989190e-003 5.06221829e-003 1.10493205e-003 -4.81702591e-004 0.
    0. 9.60232411e-003 0. 0. 4.81199007e-003 1.39283820e-003 0.
    1.47588179e-003 1.26166234e-003 0. 3.18924489e-004 4.24728915e-003
    0. 0. 0. 0. 0. 0. 0. 0. 2.27985135e-003 -4.30526212e-004 0. 0.
    1.81656971e-003 2.13958602e-003 0. 0. 3.94501770e-003 0. 0.
    4.11003921e-003 0. 0. 1.36782881e-003 1.66046829e-003 0. 0.
    1.64003228e-003 0. 4.86539619e-004 1.26473354e-002 0.
    4.18076850e-003 1.53410612e-002 0. 0. 5.43132983e-003 0. 0. 0.
    2.47387844e-003 0. 1.05570713e-002 0. 2.90188519e-003
    2.95698480e-003 0. 0. 0. 7.07729347e-003 8.36484251e-004 0. 0. 0. 0.
    0. 0. 3.42834834e-003 0. 3.78349767e-004 1.16695212e-002 0. 0. 0. 0.
    0. 3.97750363e-003 1.03380224e-002 0. 0. -7.76942295e-004
    2.40137591e-003 0. 0. 0. 0. 0. 0. 0. 1.52847031e-003 0.
    -6.68287277e-004 4.03202977e-003 0. 9.85182077e-003 0.
    2.64507951e-003 -8.40140929e-005 0. 1.06154447e-002 0. 0. 0. 0. 0.
    0. 0. 0. 5.07836323e-003 0. 0. 0. 0. 0. -6.58618374e-005
    -3.74542363e-003 3.11593106e-003 0. 0. 7.60744140e-003 0.
    7.23540271e-003 -7.05164275e-005 0. 0. 2.98611377e-003
    4.14408650e-003 0. 0. 0. 5.30729769e-003 0. 0. 3.72891605e-004 0.
    1.56552775e-003 0. 0. 5.38249919e-003 0. 6.18499098e-003
    1.76514359e-003 0. 0. 5.65961469e-003 0. 4.47094534e-003 0.
    2.54302612e-003 8.74233991e-003 0. 0. 0. -7.24802841e-004 0.
    6.30425382e-003 0. 0. 5.06211910e-003 5.18004890e-005
    -3.85302282e-003 0. 0. 0. 1.36867817e-003 0. 0. 0. 1.37723295e-003
    0. 0. 0. 3.49134998e-003 0. 6.70315651e-003 0. 0. 1.48573960e-003
    3.58693302e-003 0. 6.43293140e-004 0. -2.74217012e-003 0. 0. 0. 0.
    0. 0. 0. 0. 0. 0. 0. 0. 4.42686258e-003 0. 0. 0. 0. 0.
    5.83876274e-004 0. 0. 5.89441275e-003 1.23097573e-003 0.
    1.91792159e-003 0. 0. 0. 0. -1.26956950e-003 0. 1.66889664e-003 0.
    4.07656515e-003 4.00606310e-003 -2.96167098e-003 0. 0.
    1.27361184e-002 0. 0. 2.16433732e-003 0. 0. 0. 0. 7.09418952e-003 0.
    0. 0. 4.51167719e-003 0. 0. 0. -2.57352222e-004 0. 0.
    6.13621378e-004 2.96524377e-004 0. 0. 0. 3.87499365e-003
    1.26564060e-003 0. 0. 6.58057351e-003 0. 1.01840794e-002
    7.04313861e-003 0. 8.02716240e-003 2.35735159e-003 0. 0.
    -2.55293038e-004 0. 0. 2.25398061e-003 0. 0. 1.39449956e-003
    4.46987478e-003 1.01634499e-003 0. 1.65388000e-003 3.10565787e-003
    0. 1.82281137e-002 6.21307828e-003 0. 0. 0. 1.27440586e-003
    1.46899815e-003 0. 0. 2.99368217e-003 0. 0. 1.87556155e-003 0.
    1.20737043e-003 9.01553896e-004 5.76258823e-003 0. 0. 0. 0. 0. 0.
    2.05012131e-003 0. 0. 6.93809183e-004 0. 0. 0. 0. 7.48166291e-004 0.
    3.77782853e-003 0. 0. 0. 0. 0. 0. 0. 0. 0. 0. 0. 1.06312730e-003
    2.64757517e-004 0. 0. 0. 0. 0. 0. 2.45886040e-003 0.
    -3.18298652e-003 0. 0. 1.04338964e-002 0. 0. 0. 0. -9.57312528e-004
    0. 0. -1.14523771e-003 0. 0. 0. 1.17136713e-003 0. 0.
    2.57917936e-003 1.02994835e-003 0. 1.46037585e-003 0.
    6.20507542e-003 0. 0. 0. 0. 0. 0. -6.32656331e-004 0. 0.
    5.13032265e-003 2.31354381e-003 0. 5.95210819e-003 0. 0. 0. 0.
    -1.92399032e-003 0. 3.02952155e-003 0. 0. 0. 1.48571783e-003 0. 0.
    0. 0. 0. 3.03124217e-003 0. 1.19585148e-003 0. 0. 3.44189699e-003 0.
    0. 0. 0. 1.06017785e-002 0. 0. 4.46379650e-003 0. 0. 0.
    -6.02477812e-004 0. -7.72261701e-004 2.67296075e-003 9.02287196e-003
    0. 0. 0. 4.42967191e-003 1.12175196e-003 0. 1.17290090e-003
    1.70630380e-003 0. 0. 0. 0. 0. 0. 1.84491393e-003 0. 0.
    3.37017846e-004 0. 0. 0. 0. 0. 0. 0. 0. 0. 0. 0. 1.91284367e-003 0.
    0. 2.31498899e-003 1.88066752e-003 0. 0. 5.70546370e-003 0. 0.
    -7.12671725e-004 0. 0. 1.23664585e-003 0. 0. 0. 0. 0. 0. 0. 0. 0.
    -5.63658657e-004 2.92099058e-003 1.70564372e-003 0. 0. 0. 0.
    1.88215636e-003 7.62190018e-003 2.08778423e-003 7.15103047e-003 0.
    0. 0. -1.64447515e-003 3.23719345e-003 -3.76626151e-004 0. 0. 0. 0.
    0. 0. 2.73495773e-003 -1.08030836e-004 0. 0. 6.41816109e-003 0. 0.
    0. 0. 3.35809542e-004 0. 0. 0. 0. 3.71887372e-003 -1.69207132e-003
    0. 0. 0. -4.33167443e-004 0. 0. 0. 0. 0. -6.94546557e-004
    3.37590068e-003 0. 0. 1.97368744e-003 8.91539175e-003
    4.26383549e-003 0. 0. 0. 0. -2.09875777e-003 0. 0. 5.65097854e-003
    0. 0. 5.44915721e-003 0. 0. 2.07857462e-003 0. 0. 0.
    -9.46733751e-004 0. 0. 0. 0. 0. 0. 0. 4.01410460e-003
    -1.12871965e-003 2.74734478e-003 -2.35574204e-004 -9.11372539e-004
    0. 0. -1.52186956e-003 2.80356733e-003 0. 8.72495584e-003 0. 0.
    2.16760673e-003 0. 0. 0. 3.68313515e-004 4.80877701e-003 0. 0. 0. 0.
    0. 2.43105623e-003 0. 0. 0. 0. 0. 0. 0. 0. 0. 2.97164707e-003
    1.08407252e-002 0. 1.58162101e-003 0. 0. 6.99966156e-004 0. 0. 0. 0.
    0. -5.85580245e-004 0. -9.70655878e-004 0. 2.95338966e-003
    7.06639560e-003 0. 2.35009077e-003 0. 0. 0. 0. 0. 0. 6.80601271e-003
    1.01082353e-003 3.92493466e-003 2.92184483e-003 0. 0.
    2.45136354e-004 0. 0. 0. 0. 0. 0. 0. -2.42837530e-004
    6.86711282e-004 1.35037280e-003 0. 0. 0. 0. 0. 3.30483331e-003 0. 0.
    0. 0. 0. 6.09570742e-003 0. 0. 0. 0. 2.59418180e-003 1.31166785e-003
    0. 0. 0. 0. 0. 2.69803521e-003 3.21094203e-003 0. 0. 0. 0. 0.
    1.00409286e-003 0. 0. 8.71954602e-004 4.60268464e-003 0. 0. 0. 0.
    6.99441123e-004 0. 3.27375205e-003 0. 0. 0. 0. -2.07856554e-003 0.
    0. 6.83837710e-003 0. 0. -8.40891735e-004 0. -2.52111978e-003 0.
