<?xml version="1.0"?>
<opencv_storage>
<imageDescriptor type_id="opencv-matrix">
  <rows>1</rows>
  <cols>1000</cols>
  <dt>f</dt>
  <data>
    0. 1.15319360e-002 0. 0. 0. 1.40346568e-002 7.82626565e-004
    1.02453008e-002 0. 0. 0. 1.13579235e-003 -4.27064765e-003
    1.36116939e-003 3.91830318e-003 1.22378138e-003 -2.54353654e-004 0.
    -1.91433367e-003 0. 0. 0. 0. -9.71769972e-004 0. 0. 0. 0. 0. 0.
    6.91910507e-004 0. 0. 6.19687431e-004 -3.92682938e-004
    1.16806785e-002 1.76522939e-003 0. 0. 0. 1.26924168e-003 0.
    -1.55318331e-003 0. 0. 5.57857472e-003 3.08836182e-003
    1.49439392e-003 0. 0. 6.23807032e-003 4.79149749e-004 0. 0.
    1.02529512e-003 1.17386912e-003 1.31779874e-003 2.18169088e-003
    -2.93851271e-003 0. 0. 0. 0. 0. 0. 0. 0. 8.89219809e-003 0.
    1.84769009e-003 0. 3.07949260e-003 0. 0. 1.32552616e-003
    2.15696613e-003 0. 0. 7.43754767e-003 -1.08001746e-004 0. 0. 0. 0.
    -7.18604482e-004 1.70822057e-003 0. 0. 0. 0. 0. 0. 0.
    2.34989915e-003 9.26396169e-004 4.90439869e-003 0. 0. 0. 0. 0. 0. 0.
    0. 0. 0. 0. 0. 8.32993817e-003 0. 0. 0. 0. 2.00443133e-003 0. 0. 0.
    0. 0. 4.94736340e-003 0. 0. 0. 0. 0. 0. 0. 0. 5.98450704e-003
    3.61232762e-003 -8.87926784e-004 0. 3.61723418e-004 -2.32586972e-004
    0. 2.09995802e-003 0. 6.09286653e-004 0. 3.95298796e-003
    5.67310082e-004 0. 2.59592867e-004 0. 0. 1.38114078e-003 0. 0.
    -5.02604875e-004 2.67429068e-003 -3.33963521e-003 0. 0. 0. 0. 0. 0.
    0. 2.42910953e-003 2.97662523e-003 7.90938362e-003 9.23312560e-004
    0. -5.73018845e-003 0. 0. 1.92403467e-003 0. 0. 0. 1.34044373e-003
    0. 0. 0. 7.28010526e-003 0. 0. 2.47749081e-003 0. 0. 0.
    5.72649878e-004 3.81798577e-003 1.37224700e-003 1.07500413e-002
    8.14254687e-004 0. 1.54116668e-003 0. 0. 0. 0. 0. 7.82549754e-003 0.
    0. 4.78466088e-003 0. 0. 0. 1.48791755e-002 0. 0. 0. 1.39093748e-003
    0. 0. 5.50965499e-003 0. 0. 0. 3.15799052e-003 0. 0. 0.
    6.79263147e-003 0. 1.02631212e-003 3.02342535e-003 -2.83388770e-003
    0. 0. 0. 8.12672824e-003 0. 0. 3.81653453e-003 6.92718755e-003 0. 0.
    0. 0. -7.09016284e-004 0. 0. 0. 0. 0. 2.89986935e-003
    1.21000211e-003 1.56812801e-003 0. 0. 0. 0. 0. 2.24603945e-003 0. 0.
    2.98069674e-003 0. 0. 7.75345194e-004 -1.43547193e-003 0.
    8.92685726e-003 0. 0. 0. 0. 6.03032357e-004 5.80560043e-003 0. 0.
    -3.07148002e-004 0. 0. 0. 0. 0. 6.85567269e-004 0. 8.31865612e-003
    0. 0. 2.31963350e-003 3.35094664e-004 0. 2.27155816e-002 0. 0. 0.
    8.10224749e-003 0. 0. 0. 1.45808756e-002 0. -6.35314907e-004 0. 0.
    0. 0. -1.05556287e-003 0. 0. 6.86297053e-003 6.14603423e-003
    -8.72625460e-005 3.78138828e-003 0. 0. 0. 0. 0. 0. 0.
    1.28167321e-003 0. 0. 0. 6.60988211e-004 2.87037832e-003 0.
    2.22959672e-003 2.39044358e-003 0. 0. 0. 8.96356348e-003
    4.75822482e-003 0. 0. 0. 0. 0. 8.34566250e-004 0. 0.
    -5.91279124e-004 0. 0. 0. 0. -2.97778693e-004 -2.53817393e-003 0. 0.
    0. 0. 0. 0. 0. 0. 0. 0. 0. 0. 0. 0. 0. 2.27715750e-003 0. 0. 0. 0.
    0. 6.27322262e-003 2.22286745e-003 0. 0. 0. 1.13616639e-003 0. 0. 0.
    0. 0. 0. 0. 3.42773297e-003 0. 1.09369855e-003 0. 0. 9.96948872e-003
    0. 4.53641725e-004 0. 0. 0. 0. 0. 0. 3.22275120e-003
    -2.07069796e-003 0. 0. 4.86010191e-004 0. 0. 0. 0. 5.39198343e-004
    0. 2.62263697e-003 0. 0. 0. 1.33006321e-003 0. 0. 0. 0.
    3.08503653e-003 0. 0. 0. 0. 0. 0. 0. 0. 5.02725551e-003 0. 0. 0.
    2.13320344e-003 0. 0. 3.22347484e-003 0. -3.25272878e-004 0. 0. 0.
    -1.70344149e-003 0. 2.91252485e-003 1.72118079e-002 2.17230758e-003
    4.56523616e-004 0. 0. 5.93682751e-003 2.62766436e-004 0. 0. 0. 0. 0.
    0. 1.76959150e-002 0. 0. 0. 0. 0. 0. 1.16686244e-003 0. 0. 0.
    3.45175411e-003 0. 0. 0. 2.77529034e-004 7.29637966e-003
    5.52398706e-005 0. 0. -1.27082202e-003 0. 0. 0. 0. 0. 0. 0. 0. 0. 0.
    0. 0. 0. 0. 0. 4.17860877e-003 0. 0. -8.54972925e-004 0.
    -9.90673318e-004 0. 4.01421310e-003 0. 0. 0. 0. 0. 1.48138951e-003
    0. 0. 3.93421715e-003 0. 0. 0. -1.41877180e-003 2.30187154e-003 0.
    0. 0. 0. 3.63201136e-003 0. 1.26419438e-003 0. 2.12855008e-003 0. 0.
    0. 0. 0. 0. -2.68982630e-003 0. -1.25570747e-003 0. 0. 0.
    7.21403444e-003 8.26345012e-003 2.21702084e-003 2.95880660e-002
    1.42380432e-003 0. 4.07439936e-003 0. 0. 0. 1.90579414e-003 0. 0. 0.
    0. 0. 0. 1.59774628e-003 0. 1.15297940e-002 2.75293109e-003 0.
    1.24812825e-004 0. 3.49233439e-003 0. 0. 3.80809815e-003
    2.63189967e-003 -1.75608939e-003 0. 0. 0. 0. 0. 0. 0.
    2.38748267e-003 0. 0. 0. 0. 0. 1.36911683e-003 -3.10950680e-003 0.
    0. 5.60277142e-003 8.56916979e-003 0. 0. 0. 4.43064095e-003 0. 0. 0.
    2.40600039e-003 0. -1.81166746e-003 0. 2.68906262e-003 0. 0.
    -7.35514550e-005 3.51576251e-003 0. 0. 0. -2.91758822e-003 0. 0. 0.
    0. 3.74582969e-003 0. 5.85309928e-003 0. 3.47435684e-003
    1.11012710e-002 0. 1.78205525e-003 0. 8.31535726e-004 0. 0. 0. 0. 0.
    0. 0. 0. 0. 1.86205283e-003 0. 0. 0. 0. 2.47533969e-003
    1.32472138e-003 0. -6.54596777e-004 0. 0. 0. 0. 0. 0.
    1.88068370e-003 0. 0. 0. 0. 0. 8.73826386e-004 1.18257049e-002 0. 0.
    0. 2.29886238e-004 0. 1.09991869e-002 0. 1.82388304e-003 0. 0. 0. 0.
    0. 0. 1.67190505e-003 1.02707134e-004 0. 0. 8.91746953e-004 0. 0. 0.
    -6.02570712e-004 0. 0. 0. 0. 0. 0. 1.53877412e-003 0. 0.
    2.48478749e-003 0. 0. 0. -4.03873669e-003 1.10567026e-002 0. 0. 0.
    5.86060851e-005 0. 0. 0. 0. 3.25687672e-003 0. 0. 0. 0. 0. 0. 0. 0.
    2.60472111e-003 1.16434358e-002 0. 0. 0. 0. 4.83479258e-003 0.
    2.93829408e-003 4.37572366e-003 0. 5.64808259e-003 0. 0.
    4.88864072e-003 0. 0. 2.35162955e-003 7.18287285e-003 0. 0. 0. 0. 0.
    0. 5.36054547e-004 1.02617955e-002 0. 0. 0. 0. 0. 1.60336189e-004 0.
    0. 0. 0. 0. 0. 0. -2.49117473e-003 0. 0. 0. 0. 0. 0. 0. 0. 0. 0. 0.
    0. 5.41691948e-003 0. 4.98607708e-003 0. 9.29933134e-003
    6.74703717e-003 0. 0. -1.51532260e-003 8.38976528e-004 0.
    1.17727800e-003 0. -4.93228249e-003 2.69682868e-003 0.
    5.35429339e-004 0. 0. 0. 0. 5.12730097e-003 0. 4.65695467e-003 0. 0.
    0. 0. 0. 0. 0. -1.80089287e-003 0. 0. 3.59628793e-005 0.
    1.38924504e-003 0. 0. 7.61662750e-003 0. 0. 0. 0. 0.
    -1.91422575e-003 1.34390942e-003 0. 9.29602329e-003 -1.40213803e-003
    0. 2.86649587e-003 3.52820195e-003 0. 0. 0. 4.35366808e-003
    8.81211273e-003 8.31844751e-004 0. 0. 0. 0. 0. 1.06509943e-002
    1.97938542e-004 0. 0. 9.79521684e-003 0. 8.54203198e-003 0. 0. 0. 0.
    0. 0. 0. 0. 0. 1.26794772e-002 0. -2.34285928e-003 0.
    1.10200997e-002 0. 0. 0. -8.44405673e-004 0. 0. 1.62691809e-003
    1.46344993e-002 -7.18408322e-004 1.41856703e-003 0. -5.69384487e-004
    0. 0. 0. 0. -5.53171989e-003 0. 0. 2.93206214e-003 -6.25865883e-004
    9.59208794e-003 4.00449475e-003 1.16582762e-003 0. 2.29933159e-003
    2.15356325e-004 0. 0. 0. 0. 0. 0. 7.07088504e-003 0. 0. 0.
    3.51974671e-003 0. 0. 0. 0. 0. 0. -1.04365125e-003 0.
    8.45717965e-004 0. 0. 0. 0. 0. 1.19307553e-002 0. 0. 0.
    7.80711824e-004 0. 6.39112294e-003 0. 4.16594418e-003 0.
    1.06373681e-002 0. 0. 0. 0. 0. 0. 9.60521679e-003 -6.03160588e-004
    0. 0. 0. -6.63676765e-004 0. 1.28980670e-002 0. 0. 0. 0. 0. 0.
    8.86860117e-003 8.26112833e-003 0. 0. 9.20867268e-003
    5.47219627e-003 0. 0. 0. 0. 0. 0. 0. 0. 1.98772340e-003 0. 0. 0. 0.
    0. 0. 0. 3.27255274e-003 0. 1.89491385e-003 0. 3.68913892e-003
    2.90549430e-003 0. 0. 0. 0. 1.15271902e-003 0. 0. 0. 0. 0.
    2.48001446e-003 0. 0. 0. 0. 0. 0. 0. 0. 0. 0. 1.53093936e-003 0.
    -9.02213040e-004 2.36111376e-002 0. 1.66345970e-003 0. 0. 0. 0. 0.
    0. 0. -1.67244347e-003 0. 0. 0. 0. 0. 0. 0. 0. 0. 0. 0. 0. 0. 0. 0.
    0. 0. 0. 0. 0. 0. 4.83816257e-004 0. 1.75046106e-003 0.</data></imageDescriptor>
</opencv_storage>
