<?xml version="1.0"?>
<opencv_storage>
<imageDescriptor type_id="opencv-matrix">
  <rows>1</rows>
  <cols>1000</cols>
  <dt>f</dt>
  <data>
    -2.83207698e-003 -1.18700787e-003 -8.76084494e-004 3.09491908e-004
    3.24074901e-003 0. 0. 0. 1.02791442e-002 0. 0. 0. 0. 1.01189816e-003
    1.03260726e-002 0. 3.99291655e-003 0. 0. -6.47865352e-004
    1.17457798e-002 0. 1.21269580e-002 6.32948615e-003 0.
    1.20192394e-002 1.94991694e-003 0. 3.23659717e-003 -2.07087793e-003
    0. 2.45304382e-003 0. 0. 9.40351654e-003 0. 0. 0. 0. 0.
    1.35952386e-003 2.75130454e-003 0. 8.87414161e-003 5.86044369e-003
    1.45185879e-003 2.47192825e-003 -1.19194109e-003 0. 0.
    5.83943212e-004 7.20995991e-003 0. 0. 0. 0. 0. 0. 9.28161386e-003
    -2.30505306e-004 3.23292006e-005 0. 0. 0. 6.02296903e-004 0. 0.
    7.21144769e-003 -1.61014113e-003 8.52704223e-004 0. 0. 0. 0.
    1.25433700e-002 1.16880862e-002 2.50964484e-004 7.18024094e-004 0.
    0. 2.17726594e-003 0. 2.38614273e-003 0. 0. 0. 0. -2.49134330e-003
    0. 0. -5.56029554e-004 0. 0. 0. 0. 6.09590090e-004 -1.37695926e-004
    5.49001060e-003 2.65329750e-003 -4.37511771e-004 0. 4.40618343e-004
    0. 0. 0. 1.81030924e-003 6.53066952e-003 0. 3.25730373e-003
    5.43743977e-003 1.06742400e-005 1.95024756e-003 3.29434406e-004 0.
    7.00629968e-003 1.34619651e-004 1.56040525e-003 0. 8.67357943e-003
    0. 7.78403739e-003 6.71077939e-003 0. 0. -1.40829885e-003 0.
    1.24427967e-003 4.70254198e-003 0. 0. 1.60679268e-003 0.
    2.15827907e-003 0. 6.62428699e-003 1.16741573e-002 1.94399664e-003
    3.33815743e-003 0. 6.95015350e-003 0. 0. 0. -1.08778465e-003 0. 0.
    3.99614871e-003 0. 0. 6.88868249e-003 0. 2.47425429e-004 0. 0.
    1.13245449e-003 1.39325194e-003 6.87532220e-003 0. 3.42410663e-003
    0. 0. 0. 0. 0. 5.72845107e-004 -2.99453712e-003 0. 1.97693799e-003
    0. 1.45463541e-003 0. 0. 0. 0. 0. 0. 0. 3.02690500e-003
    2.51508690e-003 -1.36319094e-003 -2.48466339e-003 0. 1.17040258e-002
    0. 0. 0. 0. 0. 0. 0. 0. 0. 1.70511857e-003 0. 0. 0. 0. 0. 0. 0. 0.
    0. 1.25728436e-002 0. 0. 0. 0. 0. 0. 2.50016281e-004 0.
    5.76470746e-003 1.13289198e-002 0. 0. 0. 0. 1.08634958e-006 0.
    1.09804980e-003 3.95167759e-003 0. 0. 1.12292906e-002
    -3.98476329e-003 0. 8.34359229e-003 0. 0. 3.31234373e-003 0. 0. 0.
    0. 0. 5.76223154e-003 -1.21247096e-004 0. 0. 0. 0. 0.
    1.61771849e-003 0. 0. 0. 0. 0. -3.78823560e-003 0. 0. 0. 0.
    -2.33394327e-003 0. 0. 0. 0. 0. 9.82773723e-004 0. 0. 0. 0.
    1.49584806e-003 -2.58808548e-004 0. 0. -1.03524153e-003 0. 0.
    5.42717706e-003 -1.00981770e-003 0. 2.72645801e-003 -7.10007269e-004
    0. 8.14630403e-005 0. 0. 4.52755066e-003 0. 0. 4.75648791e-004 0. 0.
    0. -4.19392309e-004 0. 0. 2.77791778e-003 1.59856433e-003 0. 0. 0.
    -7.22193904e-003 0. 1.59732380e-003 2.13275007e-006 0. 0. 0. 0. 0.
    0. -5.84400119e-003 0. 0. 0. 0. -3.26362927e-003 0. 2.39325874e-003
    0. 0. 0. 5.87430969e-003 2.99442350e-003 -1.06169819e-003 0.
    -5.11539911e-005 0. 0. 0. 0. 0. 5.63756184e-005 0. 0.
    -3.38736310e-004 2.43193936e-003 0. 0. 1.18978294e-002 0. 0. 0. 0.
    0. 0. 0. 0. 0. 0. -2.25532276e-005 2.00121873e-003 0. 0. 0.
    3.94967012e-003 0. 0. 0. 0. 0. 1.51056889e-003 3.13296448e-003
    9.80313867e-004 2.55144481e-003 0. 0. -1.05266785e-003
    -1.11010519e-003 0. 7.37970788e-003 0. -1.18750986e-003
    2.81252596e-003 0. 0. 1.16586976e-003 0. 0. 1.56896398e-003 0. 0. 0.
    0. 1.58779288e-003 0. 0. 5.54373721e-003 3.90439440e-004 0.
    1.12705231e-002 0. 0. 9.38028283e-003 3.81038710e-003
    4.05718805e-003 0. 1.48109160e-003 0. 0. 0. 2.42143730e-003 0. 0. 0.
    1.02986069e-003 0. 0. 0. 0. 0. 1.50857703e-003 0. 0. 0.
    7.64538860e-003 0. -7.19933817e-003 0. 0. 5.52981114e-003
    -1.13002432e-004 -5.14645642e-003 0. 8.11628439e-003 0. 0. 0.
    -1.70951721e-003 0. 0. 0. 0. 0. 0. 0. 0. 0. 0. 0. 0. 0. 0. 0.
    -8.73302270e-005 0. 3.18881380e-003 0. -4.14556265e-003 0.
    1.70131214e-002 2.46084441e-004 6.13685814e-004 0. 7.72283456e-005
    0. 0. 0. 0. 0. 0. 0. 6.26134512e-004 0. 0. -1.93152484e-003 0. 0. 0.
    0. 0. 0. 6.48835499e-004 0. 0. 0. 0. 8.34156387e-003 0. 0. 0. 0. 0.
    1.46941002e-003 -9.10972769e-004 1.35953678e-003 0. 0.
    1.12171909e-002 -2.74262950e-003 5.40841185e-003 0. 7.81152165e-003
    0. 0. 1.98679321e-004 0. 0. 0. 0. 1.68126461e-003 0. 3.25235585e-003
    0. 0. -1.92727544e-004 4.85841697e-003 0. 0. 0. 0. 7.34483916e-003
    0. 0. 0. 0. 0. 0. 0. 0. 9.38271079e-003 0. 0. 0. 0. 0. 0. 0.
    3.13146226e-003 1.80498895e-003 0. 0. 1.13168061e-002 0. 0. 0. 0.
    9.89776012e-003 0. 0. 0. 0. 0. 0. 0. 0. 0. 0. 0. 0. 2.57367897e-003
    0. 0. 0. 0. 0. 0. 0. 0. 0. 0. 0. 0. -1.60140757e-004 0. 0. 0.
    -3.10272956e-003 3.87058331e-004 0. 0. 0. 0. 8.29636678e-003 0. 0.
    0. 0. 0. 0. 0. 0. 1.58775569e-004 0. 0. -2.36841843e-005
    2.24730093e-002 1.44304021e-003 0. 3.04428278e-003 0.
    3.60919931e-003 0. 0. 2.15743040e-003 0. 0. 0. 8.17394000e-004 0.
    9.25904047e-003 0. 0. 0. 0. 0. 1.56636932e-004 0. 0. 0. 0. 0. 0.
    6.96440169e-004 8.07401817e-003 5.49695163e-004 0. 0. 0. 0. 0. 0. 0.
    0. 0. 0. 0. 0. 0. 0. 1.09960986e-002 8.51498742e-004 0. 0. 0.
    9.44056455e-003 0. 0. -2.43745488e-003 0. 0. 0. 7.39295315e-003 0.
    -3.04408808e-004 3.23197083e-003 2.02960009e-003 0. 0. 0. 0. 0. 0.
    0. 0. 0. 0. 0. 0. 0. 1.33078452e-003 0. -1.39199372e-003 0. 0.
    8.05058423e-003 1.23101929e-002 0. 0. 0. 0. 0. 0. 4.82610054e-003
    2.85988604e-003 0. 0. 0. 9.88657959e-003 2.95638968e-003 0.
    8.50091595e-003 0. -4.99924703e-004 0. 0. 0. 0. 7.44408788e-003 0.
    1.43275112e-002 8.98534898e-003 -2.55751985e-007 0. 0.
    7.11893570e-003 0. 4.05356660e-003 0. 0. 0. 0. 0. 3.38869262e-003 0.
    0. 0. 0. 0. 0. 0. 0. 8.69434699e-003 0. 0. 0. 0. 0. 0. 0. 0. 0. 0.
    3.06576421e-003 0. 0. 2.00283551e-003 0. 0. 7.06202257e-003 0. 0. 0.
    0. 6.60029147e-003 0. 0. 0. 0. 0. 0. 0. 5.63861802e-004
    -1.76669753e-004 -7.96439941e-004 0. 2.27174326e-003 0. 0. 0.
    9.24133696e-003 1.00764697e-002 3.11001763e-003 0. 7.98812974e-003
    0. 0. 2.52715498e-003 0. 0. 0. 0. 0. 0. 0. 0. 0. 0. 0. 0. 0. 0. 0.
    0. 0. 0. 9.32324911e-004 7.51294661e-003 3.76868085e-003 0.
    1.06638605e-002 1.26753643e-003 0. -1.73874316e-003 0. 0. 0.
    1.54564588e-003 0. 1.40930072e-003 5.06204320e-004 0. 0. 0. 0. 0. 0.
    0. 3.93395429e-004 0. 0. 0. 0. 9.94772767e-004 2.94224778e-003 0. 0.
    0. 9.35725635e-004 0. 0. 0. 0. 8.32871720e-003 -2.46447540e-004 0.
    0. 0. 0. 0. 0. 0. 5.29992918e-004 0. 5.33956685e-004 3.11133801e-003
    2.42927519e-004 0. 0. 0. 6.74645882e-003 0. 0. 0. 0. 0.
    -4.91419400e-004 0. 0. 0. 1.09873561e-003 0. 2.88130227e-003 0. 0.
    0. 3.77133198e-004 0. -7.96739419e-004 0. 0. 0. 0. 0. 0.
    9.64130857e-004 -1.35551835e-003 0. 0. 2.84664263e-003 0. 0. 0. 0.
    2.42176210e-003 0. 0. 1.25808530e-002 0. 1.28194399e-003
    -3.26593115e-004 0. 6.65641390e-003 0. 0. 1.70544849e-003
    1.19774032e-003 0. 0. 0. 0. 1.62250991e-003 2.39991280e-003 0. 0. 0.
    0. 1.48185156e-002 -3.09313065e-004 0. 0. 0. 0. 0. 0. 0. 0. 0.
    -1.23488659e-003 0. 8.33906233e-003 1.49354874e-003 0.
    7.61832576e-004 0. 5.10262791e-003 1.17547286e-003 0. 0. 0. 0. 0. 0.
    0. 9.13425907e-003 1.27939256e-002 3.95510858e-003 0. 0. 0. 0. 0.
    -1.05785120e-005 0. 2.17614055e-004 2.57896795e-003 0.
    1.90410670e-003 0. 0. 1.55949624e-006 0. 0. 2.46639410e-003 0. 0. 0.
    0. 0. 0. 0. 1.43181719e-002 0. 0. 0. -3.89938359e-004 0. 0. 0. 0. 0.
    0. 0. 0. -1.15621457e-004 0. 0. 0. 0. -5.99615509e-004
    1.05775136e-003 0. 0. -6.16740610e-004 0. 0. 0. 1.40281906e-002 0.
    0. 0. 1.45091466e-003 0. 0. 0. 1.08729210e-002 0. 0.
    -1.30415196e-003 2.45665968e-003 0. 0. 0. 6.79347338e-003 0. 0. 0.
    0. 0. 0. 0. 0. 0. 0. 0. 0. 0. 0. 0. 0. 0. 9.46072303e-003 0. 0. 0.
    0.</data></imageDescriptor>
</opencv_storage>
