<?xml version="1.0"?>
<opencv_storage>
<imageDescriptor type_id="opencv-matrix">
  <rows>1</rows>
  <cols>1000</cols>
  <dt>f</dt>
  <data>
    1.83839898e-003 2.58204597e-003 0. -6.97945652e-005 1.94299105e-003
    3.48800997e-004 0. 3.77401174e-003 9.29681584e-003 0. 0. 0.
    3.03862966e-004 0. 0. 0. 0. 0. 0. 0. 6.68991869e-003 0.
    -2.30237097e-003 0. 2.54118303e-003 0. 0. 0. 0. 0. 0.
    9.46742855e-003 0. -1.74656670e-004 2.38507474e-003 2.90185772e-003
    0. 0. 0. 1.65299280e-003 0. 1.00472430e-003 1.18366461e-002
    1.67507993e-003 9.36216966e-004 0. 0. 0. 9.68870125e-004 0.
    3.08200391e-003 -9.27255955e-004 0. -2.31086538e-004 3.22476635e-003
    -9.34019481e-005 1.60886397e-004 -8.05862655e-004 1.40480115e-003
    -1.92467531e-003 3.04761273e-003 3.41444611e-005 0. 2.81800632e-003
    2.45764269e-003 0. 0. 0. -2.19379785e-003 1.30674613e-004 0. 0.
    8.84501031e-004 5.86081842e-006 -4.22124402e-004 0. 3.41301458e-003
    2.80488143e-003 0. 2.00566952e-003 1.24139537e-004 0.
    3.25465272e-003 -2.21083639e-003 4.15788498e-003 0. 5.36944193e-004
    1.80998657e-004 1.90635561e-003 4.83336160e-003 0. 2.45356932e-004
    0. 0. 7.26686185e-003 0. 0. 1.95941259e-003 0. 6.85599539e-003 0. 0.
    0. -1.37708368e-004 0. 1.88894931e-003 5.25190588e-003
    7.24616548e-005 1.62876138e-004 0. 0. 0. 0. 0. 4.49047890e-003 0.
    -2.63923517e-004 1.29056600e-004 1.10541216e-004 0. 0. 0.
    -1.39839205e-004 0. 0. 2.68202159e-003 0. 1.53582555e-003 0.
    4.74405382e-003 1.82299188e-003 6.86617289e-003 0. 0. 0. 0.
    5.66360634e-003 1.09203113e-003 -3.06635164e-003 6.79491262e-004 0.
    6.04235940e-003 0. 0. 2.75639421e-003 0. 9.42532090e-004
    -1.18754478e-003 1.41494581e-003 0. 0. 0. 2.05756491e-003
    1.51439593e-003 0. 0. 0. 0. 0. -3.26884328e-005 1.43342186e-003 0.
    0. -9.17526020e-004 0. 1.09166640e-003 1.12747206e-004
    1.86304422e-003 2.70205690e-003 0. 1.58218190e-003 0. 0. 0. 0.
    1.35814969e-003 3.05029354e-003 0. 1.46661780e-003 2.97688670e-003
    0. 0. 0. 6.99954922e-004 0. 1.06963539e-003 0. 2.77625932e-003
    2.85600382e-003 6.19153725e-004 0. 0. 0. 4.24743490e-003
    -4.36188275e-004 0. -6.43533771e-004 1.37148786e-003 4.86451620e-003
    4.41707671e-003 0. -3.15351092e-004 0. 1.98694877e-004 0.
    1.00354245e-003 0. 0. -4.82376257e-004 1.23892224e-003 0.
    2.28900858e-003 0. 0. 3.17957276e-003 0. 3.17883678e-003
    8.40544002e-004 9.16599389e-003 2.21505039e-003 0. 6.64937252e-004
    0. 0. 0. -1.16207416e-003 1.55081542e-003 2.75881728e-003
    6.78871060e-004 2.01349217e-003 3.08494433e-003 0. 0.
    -1.51090370e-003 0. 0. 0. 0. 1.87128177e-003 2.12109392e-003 0. 0.
    2.11633672e-003 0. 0. 0. 1.24225114e-002 5.13004081e-004
    5.03236428e-003 0. 4.97298315e-004 0. 2.82932795e-003 0.
    7.69868318e-004 3.33760842e-003 2.67514028e-004 0. 0. 0. 0. 0. 0. 0.
    0. 0. 8.74173420e-004 1.59392381e-004 0. 0. 4.42333939e-003
    -1.65397907e-003 0. 1.18300656e-003 -7.39320705e-004 0.
    1.27854627e-002 0. 1.73267198e-003 0. 0. 0. 0. -9.48169618e-005 0.
    0. 1.21835584e-003 0. 0. 0. 3.47380014e-003 0. 0. 0. 0. 0.
    3.28801153e-003 2.84174900e-003 1.41169818e-003 1.16843497e-003 0.
    1.63336750e-003 3.94150091e-004 0. 0. 1.15449470e-003
    1.61545700e-003 3.61364381e-003 1.16461993e-003 0. 2.57164170e-003
    4.46844613e-004 6.78084616e-004 0. 0. 1.48432823e-002 0. 0.
    3.08213203e-004 0. 0. 7.66940694e-003 0. 2.86800531e-003 0.
    3.62479687e-003 0. -9.48710775e-004 0. 0. 1.98133406e-003 0. 0. 0.
    1.44651416e-003 0. 0. 1.74952566e-003 8.85803602e-004 0. 0.
    3.21841915e-004 1.81028491e-003 1.33449677e-003 -1.98740372e-003 0.
    0. 0. 0. 0. 3.08116036e-003 0. 3.62106296e-003 -9.46610468e-004
    -1.83663541e-003 0. 0. 1.26921141e-003 -4.66078520e-004 0.
    2.70209770e-004 -2.67477124e-003 2.72439350e-003 1.02246217e-002
    8.60876124e-003 0. 1.46356330e-003 0. 0. 1.99287970e-005 0.
    4.70831641e-004 1.49452919e-003 0. 1.26226933e-003 0.
    1.55063963e-003 0. 0. 5.78289328e-004 0. 0. 0. 0. 0. 0.
    5.11011761e-003 4.93762083e-004 0. 0. 0. 7.62899872e-004 0.
    9.94299189e-004 1.28698889e-002 5.09477453e-003 2.24881037e-003
    1.24751555e-003 0. 1.52007292e-003 0. 0. 1.32264721e-003 0. 0.
    5.71727939e-003 0. 0. 0. 4.82799346e-003 3.10570002e-004
    2.18779035e-003 0. 1.15223369e-002 0. 5.24473935e-003 0. 0.
    1.43631396e-003 0. 0. 0. 0. 5.40159550e-003 0. 9.83610167e-004
    1.02772738e-003 0. 7.94336013e-003 0. 3.27117229e-003
    5.23670577e-004 0. 0. 3.52906622e-003 0. 0. 1.11943518e-003
    8.70840903e-003 2.03848537e-003 1.86047121e-003 3.08484421e-004 0.
    0. 2.06476706e-003 2.86420994e-003 0. 0. -1.10831182e-003 0.
    1.59063120e-003 0. 0. 0. 2.28290679e-003 0. 2.11030571e-003
    2.81933905e-003 0. 1.55129575e-003 0. 0. 0. 3.11300950e-003
    4.60272841e-003 0. 0. 0. 0. -1.10591075e-003 0. 4.58572153e-003
    2.15151394e-003 1.47887003e-002 0. 2.14734417e-003 2.95657897e-003
    0. 0. 8.20812013e-004 0. -3.55108758e-004 0. 0. 0. 0. 0. 0.
    4.12591174e-003 1.62195426e-003 0. 0. 2.07484770e-003 0.
    2.28535547e-003 0. 1.22158055e-003 2.45645200e-003 4.77057853e-004
    4.05728613e-004 2.94181309e-003 3.65781551e-003 0. 0. 0.
    -4.82904470e-005 0. 0. 3.46423429e-003 0. 0. 0. 0. 1.05014921e-003
    1.33330375e-003 1.04476279e-003 0. -1.94249093e-004 0.
    1.34351873e-003 0. 0. 2.53279717e-003 1.97997596e-003 0.
    6.91824080e-003 5.70303760e-004 0. 0. 0. 0. 0. 0. 1.33368629e-003
    3.04677477e-003 2.23308499e-003 0. 0. 1.60330872e-003
    -9.37488512e-004 3.19714262e-003 0. 0. 6.34108146e-004
    2.95017759e-004 2.11726030e-004 1.65308395e-003 0. 2.33013765e-003
    5.36227878e-003 0. 4.57178662e-003 0. -7.96171313e-004 0. 0. 0.
    1.14855403e-003 2.30091368e-003 7.50470906e-004 2.38254922e-003
    3.89633817e-003 1.20225060e-003 0. 1.28425052e-003 2.59699044e-003
    0. 0. 0. 0. 2.20172387e-003 0. 0. 0. 0. 2.31236476e-003
    1.00228796e-002 3.37381801e-003 2.59329635e-003 0. 0. 0. 0. 0. 0.
    -5.81685104e-004 8.96391983e-004 0. 0. -6.49030029e-004
    1.35122886e-004 0. 0. -2.65619345e-003 0. -1.84684759e-004 0.
    1.17399683e-003 0. 1.93296885e-003 1.02301594e-003 6.37945661e-004
    2.00508325e-003 1.81369332e-003 1.53133727e-003 0. 0.
    2.12130573e-004 2.79069389e-003 0. 2.18601665e-003 0. 0. 0.
    1.93595755e-004 -2.05497432e-004 6.95867580e-004 4.10159664e-005
    4.04717261e-003 0. 1.82822556e-003 -1.39501964e-004 0. 0. 0. 0. 0.
    0. 3.48162092e-003 0. 0. 0. 0. 0. 5.78883104e-004 -3.11725074e-004
    0. 0. 0. 9.59106907e-003 0. -1.63011064e-004 0. 0. 0. 0.
    1.53017230e-002 6.49119145e-004 1.10992393e-003 0. 0.
    1.59770995e-003 3.32189724e-003 5.82483190e-004 1.67171122e-003 0.
    0. -3.41720210e-004 1.49841106e-003 0. 0. 0. 2.61055515e-003 0. 0.
    3.23809311e-003 1.17150848e-004 7.76849221e-004 0. 4.01663873e-003
    3.55728599e-003 0. 0. -1.90536282e-003 0. 0. 0. 0. 3.20788636e-003
    0. 0. 2.65254173e-003 0. 0. 4.82336665e-003 7.85807671e-004
    -2.19539375e-004 0. 1.55149272e-003 3.27892369e-003 5.65488939e-004
    3.00246174e-004 0. 6.45278255e-004 0. 3.25394678e-004
    4.03506588e-003 -7.67853810e-004 0. 0. 0. 0. -6.84928746e-005
    2.67418823e-003 -1.36929273e-004 0. 1.69210671e-003 0.
    1.73017825e-003 1.05658837e-003 2.76664575e-003 0. 2.28701159e-003
    -2.12614448e-003 8.06179771e-004 0. 0. 2.64042732e-003 0.
    1.14232325e-003 1.53290457e-003 7.34267663e-003 0. 5.34059759e-003
    0. 0. 2.00357614e-003 0. 2.02297559e-003 0. 9.78284748e-004
    5.08047920e-003 3.07672599e-004 6.61686016e-003 1.50251982e-003
    2.71912361e-003 0. 0. 2.03104760e-003 0. 1.20667752e-003 0.
    4.36652452e-003 1.20650895e-003 1.60526100e-003 0. 2.16404675e-003
    -1.12868473e-003 0. 1.50718726e-003 0. 0. 0. 1.90552813e-003
    7.26742204e-003 0. 0. 0. 1.27716009e-002 1.37384297e-004 0.
    2.06579268e-003 0. 1.31562620e-003 1.59926352e-003 2.98574753e-003
    2.91977864e-004 0. 1.25591573e-003 0. 0. 2.42430088e-003 0.
