<?xml version="1.0"?>
<opencv_storage>
<imageDescriptor type_id="opencv-matrix">
  <rows>1</rows>
  <cols>1000</cols>
  <dt>f</dt>
  <data>
    5.74246515e-003 1.43846450e-003 1.07027618e-002 5.27975208e-004
    4.28995205e-004 0. 0. 7.51386676e-003 1.43236923e-003 0. 0. 0. 0.
    2.76792748e-003 9.14707966e-003 1.05765322e-003 2.71753804e-003
    1.47056187e-006 0. 0. 2.91078445e-003 0. -8.33423808e-004 0.
    6.26966881e-004 -1.10289687e-003 -7.16962444e-004 1.17011718e-003 0.
    9.40311656e-005 1.63073558e-003 4.80317185e-003 1.04431924e-003 0.
    0. 0. 1.24846096e-003 0. 0. 0. 5.69063297e-004 3.01689678e-003 0.
    1.06547251e-002 -2.86350539e-003 3.93728958e-003 -7.85896846e-004 0.
    0. 1.43942249e-003 0. 0. 0. 4.19140700e-003 0. 9.33618343e-004
    5.22891944e-003 1.08034827e-003 1.27291784e-003 1.68323424e-003 0.
    3.80419777e-007 0. 1.35802208e-002 0. 0. 5.26506174e-003 0.
    1.58155127e-003 6.56837597e-004 7.48154358e-004 0. 0. 0.
    9.73927137e-003 -3.38293379e-004 0. 0. 0. 1.61904772e-003
    2.98465556e-003 0. 0. 0. -1.27685873e-003 3.96987470e-003 0.
    5.93231106e-003 3.95538751e-004 0. 5.74514596e-003 2.10401253e-003
    0. 0. -9.91320587e-004 -1.65443448e-003 0. -1.26897241e-003 0.
    2.44563824e-004 4.01741080e-003 0. 1.98185330e-006 0. 0.
    1.72693725e-003 1.29343488e-003 7.67746754e-003 1.51948549e-003
    9.78226191e-004 0. 0. 2.14976346e-004 4.88133082e-004
    2.51359935e-003 7.81940587e-004 5.19810617e-003 7.35151675e-003
    1.51815731e-003 0. 0. 8.30619945e-004 0. 7.57571030e-003 0.
    6.80857897e-003 0. 0. 4.16910305e-004 2.89230957e-003 0. 0. 0.
    1.52513396e-003 1.38707212e-004 1.88668184e-002 0. 5.11773303e-003
    0. 0. 0. 0. 0. 2.92060617e-003 0. 0. 0. 0. 7.69094413e-007 0.
    2.96610106e-005 7.46935140e-004 0. 5.94817614e-003 0. 0.
    5.90323424e-003 0. 4.37931856e-003 5.29558805e-004 0. 0. 0.
    7.31787179e-004 0. 2.07274244e-003 6.22784952e-003 5.44569688e-003
    5.76351630e-003 1.92995195e-003 0. 6.58761058e-003 9.08116519e-004
    -1.18561757e-005 0. 7.09918386e-004 1.33176451e-003 6.15943503e-003
    0. 9.95550770e-004 0. 1.18674757e-003 3.98057484e-004 0.
    1.97748072e-003 5.47306670e-004 5.30990539e-003 0. 0.
    4.76601504e-004 7.35792518e-003 1.72488554e-003 0. 4.28270636e-004
    0. 0. 0. 4.76055342e-004 0. 5.78944199e-003 0. 0. 0. 0.
    1.86717021e-003 0. 0. 0. 0. -1.37167040e-003 0. 8.50928249e-004 0.
    0. 0. 2.24459567e-003 0. 6.75871829e-003 0. 1.63652934e-003
    5.83037672e-006 0. 0. 0. 6.15361612e-003 1.73134822e-003
    1.31184724e-003 9.72069858e-004 1.02162044e-002 0. 1.13992870e-003
    0. 0. 0. -6.76079871e-005 -2.60298210e-003 5.87436138e-004 0. 0. 0.
    2.08615116e-003 0. 2.07628077e-003 0. 0. 0. -6.21655257e-004
    8.74752819e-004 -1.20798266e-002 0. 4.83132928e-004 0. 0. 0. 0. 0.
    -1.78735543e-004 0. 0. 1.27525581e-003 0. 0. 0. 0. 1.88361490e-004
    -1.22862402e-003 0. 0. 0. 0. 3.91807640e-003 6.19315589e-003
    5.41111827e-003 0. 1.20339394e-002 5.69720753e-004 0.
    8.46185535e-003 0. 1.74830842e-003 0. 0. 0. 0. 0. 0. 3.02584353e-003
    8.37908447e-005 -2.95898732e-004 0. 0. 0. 2.60334508e-003
    7.07202032e-003 0. 2.64283526e-003 1.06149341e-003 -1.09103019e-003
    0. 0. 0. 2.00469047e-003 2.27029296e-003 0. 0. 0. 0.
    -4.08029504e-004 7.38689618e-004 5.44285355e-003 0. -2.12160219e-003
    0. 0. 9.80063900e-003 0. 1.27295498e-003 -2.20735813e-003
    1.06280134e-003 0. 1.69558707e-003 0. 0. 5.54759474e-003 0.
    -2.07876976e-004 1.85015367e-003 0. 0. -1.64733955e-003
    -1.03482191e-004 0. 0. 0. 1.62579271e-003 0. 6.58685341e-003
    -5.03724277e-006 3.89060425e-003 6.19981263e-004 0. 0.
    8.59246822e-004 0. 3.96788761e-004 0. 2.65369844e-003
    1.00846728e-003 -7.43440003e-004 1.11390615e-003 0. 0. 0.
    3.23067815e-003 0. 0. 1.67318399e-003 0. 3.85574601e-003 0. 0. 0.
    -9.10048955e-004 0. -1.94742787e-003 0. 0. 0. 0. 8.60245316e-004
    5.02731476e-004 0. 0. 2.62816437e-003 0. 0. 0. 8.39809421e-003 0. 0.
    0. 2.90941889e-003 1.43765705e-003 0. 1.63905714e-002 0. 0.
    8.59635242e-004 1.57405203e-003 2.63085030e-003 0. 0. 0. 0.
    1.70075614e-003 0. 0. 0. 0. 0. 0. 0. 0. 0. 3.71224899e-003 0. 0. 0.
    0. 0. 0. -1.21857214e-003 0. 0. 0. 0. 6.40362175e-003 0.
    7.48869497e-003 -1.41606410e-003 0. 0. 0. 0. 0. 0. 1.40736543e-003
    0. 0. 0. 0. 1.75950828e-003 0. 0. 0. 0. 0. 0. 6.64349645e-004 0.
    -2.93242629e-004 0. -3.20836785e-004 1.55676040e-003 0. 0.
    3.41215194e-003 0. -1.35655107e-004 0. 7.01870071e-003 0. 0.
    5.33555867e-003 0. 0. 5.69311576e-003 -5.11137419e-004 0.
    1.35175290e-003 0. 0. 0. 0. 5.08550042e-003 0. 0. 0. 0. 0.
    3.09469318e-003 6.69362373e-004 0. 7.71987543e-004 0.
    6.77311793e-003 0. 0. 2.80093169e-003 0. 1.01814966e-003 0. 0.
    2.04562629e-003 -1.11095515e-005 0. 1.79406416e-004 0. 0.
    3.57928872e-003 0. -2.16967528e-004 0. 0. 3.34460987e-003 0. 0. 0.
    0. 0. 1.43679334e-002 0. 0. 0. 4.16753441e-003 6.20058458e-003
    -1.69890060e-003 0. -9.91673674e-004 1.72293128e-003 0. 0. 0.
    1.16275763e-003 1.99242058e-004 0. 1.20544003e-003 0. 0. 0.
    -3.51333583e-004 0. 0. 0. 2.72051455e-003 0. 4.56713000e-003 0. 0.
    0. 0. 0. 0. -1.01581631e-004 0. 5.86439623e-003 0. 0. 0.
    -2.72482197e-004 0. 0. 0. 1.58300903e-003 0. 4.39945562e-003 0. 0.
    0. 0. 0. 0. 0. 0. 0. 0. 0. 0. 0. 0. 0. -3.16293514e-003
    -1.69797378e-004 0. 4.03822679e-003 0. -1.27067411e-004
    1.29432871e-003 0. 6.66663516e-004 0. 0. 0. 2.48327444e-004 0. 0.
    -1.39296160e-003 0. 1.14278845e-003 0. 0. 0. 0. 0. 0.
    8.21002934e-004 1.90765073e-003 0. 1.80040253e-004 1.41455187e-003
    0. 0. 0. 0. 0. 0. 7.81475042e-004 0. 0. 5.94454817e-004 0. 0.
    5.32051316e-004 7.92152528e-003 2.05314835e-003 4.43394325e-004 0.
    0. 4.72429022e-003 2.59433384e-003 0. 0. 0. -2.44526687e-004 0. 0.
    0. 8.39741714e-003 0. 0. 0. 2.93420162e-003 0. 0. 2.35313107e-003
    5.33301267e-004 0. 8.01689643e-003 0. -1.41489611e-003 0. 0.
    5.63348585e-005 7.03909714e-003 0. -3.88156128e-004 0.
    -1.31875405e-003 8.71043373e-003 3.26394150e-003 0. 2.27379310e-003
    1.71200058e-003 0. 0. 0. 0. 0. 0. 0. 0. 0. 0. 0. 3.36892717e-003 0.
    0. 0. 0. 0. 2.26557674e-003 0. 0. 0. 0. 0. 0. -8.02636787e-004
    -5.59033302e-004 0. 0. 0. 0. 0. 8.45240708e-003 0. 0. 0.
    1.29243813e-003 0. 1.39537803e-003 0. 0. 0. 1.28184957e-003
    -4.14980605e-004 2.81468080e-003 0. 0. 0. 0. 5.56955487e-003 0. 0.
    0. 0. 6.57088216e-003 1.20283652e-003 0. 0. 0. 0. 0. 0. 0.
    3.43712250e-004 0. 2.39126431e-003 -3.77623626e-004 2.49986351e-003
    0. 0. 0. 0. 0. 0. 0. 0. 0. 0. 1.79540692e-003 0. 0. 3.27227404e-003
    0. 0. 0. 0. 4.33689589e-003 0. 0. -2.20127008e-003 0. 0. 0. 0.
    -2.28966912e-003 0. 0. 0. 1.52946161e-002 0. 0. 0. 0. 0.
    7.31933920e-004 0. -1.23987917e-003 7.71859894e-003 1.84398459e-003
    0. 5.70737058e-003 9.92601737e-004 0. 0. 0. 0. 0. 1.55772921e-003 0.
    7.75575172e-004 0. 0. -4.23366175e-004 2.12408733e-004 0. 0. 0.
    1.82336429e-003 3.41826421e-003 0. 5.84350945e-003 0.
    1.18882759e-002 6.87125884e-003 0. 7.29830842e-003 5.96293574e-003
    0. 0. 1.80619245e-003 6.14328962e-003 -1.17611210e-003
    4.92576975e-003 0. 0. 0. 0. 6.95197785e-004 0. 0. 0. 0.
    5.78151876e-003 0. 0. 0. 7.81925977e-004 0. 0. 1.23195152e-003 0. 0.
    1.32750010e-003 0. -7.03865197e-004 0. 0. 0. 8.17442872e-003 0. 0.
    5.35835570e-004 0. 0. 1.83688663e-003 8.44496209e-003
    1.58963527e-003 0. 1.46380404e-003 0. 1.66680329e-002 0.
    2.60527618e-003 7.08200736e-003 0. 0. 3.04934219e-003 0.
    1.22736639e-003 0. 1.17847731e-003 -1.11446629e-004 1.59741554e-003
    0. 0. 1.56470865e-004 0. 0. 5.14325337e-004 0. 0. 0. 9.14404634e-003
    1.01640029e-002 9.29914764e-004 1.42478582e-003 0. 7.39371963e-003
    7.03350408e-003 9.67226177e-003 0. -1.12115592e-003 0. 0. 0. 0. 0.
    0. 0. 2.24976172e-003 0. 0. 0. 0. 0. 0. 0. 1.21729414e-003 0. 0. 0.
    0. 0. 1.23764912e-003 0. 0. 0. 4.68182901e-004 0. 3.55435797e-004 0.
