<?xml version="1.0"?>
<opencv_storage>
<imageDescriptor type_id="opencv-matrix">
  <rows>1</rows>
  <cols>1000</cols>
  <dt>f</dt>
  <data>
    0. 0. 0. 0. 0. 0. 1.12683326e-002 0. 0. 0. 0. 2.61824648e-003 0. 0.
    2.06823368e-003 0. 0. 0. 7.15272268e-003 1.84646202e-003 0. 0. 0. 0.
    0. 0. 0. 0. 2.41410616e-003 0. 0. 0. 0. 0. 0. 0. 2.68473662e-003
    8.82323273e-003 1.47707039e-003 0. 2.62257340e-003 0. 0. 0. 0. 0.
    -1.62820076e-003 5.83286211e-003 0. 0. 0. -2.42394046e-003
    -4.39647585e-003 7.45679718e-003 0. 0. 3.17629892e-003 0.
    7.30024301e-004 0. 5.29848272e-004 0. -4.53155953e-003
    6.04751008e-003 0. 0. 0. 0. 0. 0. 0. -8.45956092e-004 0.
    4.11728222e-004 3.21655348e-003 0. 0. 2.23261537e-003
    5.27041359e-003 4.21546213e-003 8.78795749e-004 0. 2.81053921e-003
    -7.13492511e-004 0. 0. 0. 0. 0. 2.55133910e-003 4.01169294e-003
    5.23953093e-003 0. -1.29817985e-004 9.42566490e-004 0.
    -9.54949297e-003 3.44713894e-003 1.39722517e-002 1.70601928e-003
    -6.81475387e-004 0. 0. 0. 6.65477419e-004 0. 0. 0. 0.
    -9.16381949e-004 4.02515568e-003 0. 7.32082524e-004 0.
    8.37576110e-004 5.48808230e-003 1.23056711e-003 0. 1.08103722e-003
    0. 3.03998752e-003 0. 0. 0. 9.20142047e-003 2.02412321e-003 0.
    1.35238864e-003 0. 0. 0. 0. 0. 0. 0. -5.53283375e-004 0. 0. 0. 0.
    2.29232991e-003 2.94006802e-003 1.58943573e-003 0. 1.86134188e-004
    0. 1.05702709e-002 0. 0. 8.26041587e-003 0. -3.60853062e-003
    2.82766740e-003 0. 0. 5.63897239e-003 0. 0. 0. 6.47613080e-003 0. 0.
    1.84152904e-003 0. 0. 4.65699891e-003 0. 0. 0. 0. 6.97418582e-003 0.
    0. 8.20206071e-004 -3.44770786e-004 0. 0. 1.15032378e-003 0. 0. 0.
    -9.01041436e-004 0. 4.31378931e-003 6.78496901e-003 0.
    7.43204216e-003 0. 0. 0. 0. 0. 0. 0. 0. 6.09243242e-003
    6.54070266e-003 9.96755669e-004 0. 0. -2.96396029e-004 0. 0.
    1.57964497e-003 -7.87991972e-004 0. 6.37607742e-003 0.
    9.95639432e-003 5.96563239e-003 0. 0. 0. 0. 0. 2.77527282e-003
    -2.28052726e-003 0. 0. 0. 0. 0. 8.64014088e-004 7.66072888e-003 0.
    0. 4.05594800e-003 0. 0. 0. 3.02042672e-003 0. 6.40271418e-003
    2.52237972e-002 6.61791069e-003 3.52537190e-003 3.93540773e-004 0.
    0. 0. 0. 6.15668343e-003 0. 0. 0. -6.25483372e-005 0. 0. 0.
    1.82198535e-003 0. 0. 0. 0. 0. 0. 0. 2.71766912e-003 9.30669834e-004
    5.00981277e-003 0. 0. 0. 8.92865378e-003 0. 0. 3.37164593e-003 0. 0.
    0. 0. 0. 0. -1.11537159e-003 0. 0. -2.56546307e-004 0. 0. 0.
    7.00782402e-004 8.31875950e-005 0. 2.29646708e-003 2.28735292e-003
    0. -5.42147318e-004 0. 0. 0. 0. 0. 0. 0. 2.90033699e-004 0.
    4.57257777e-003 0. 0. 0. -1.37982180e-003 -8.56059662e-004 0. 0.
    2.73946044e-003 3.90089815e-003 0. 2.14233971e-003 0. 0. 0. 0. 0. 0.
    -1.78199785e-003 0. 0. 0. 0. 0. 0. 0. 0. 0. 1.94973720e-003
    3.52911913e-004 4.72686812e-003 0. 0. -6.30244380e-004 0. 0.
    2.10404466e-003 0. 0. 0. 0. -2.76637866e-006 0. 0. 0. 0.
    2.11732998e-003 0. 0. 0. 0. 0. 0. 0. 1.10447186e-003 7.80275324e-003
    0. 1.06836064e-002 2.71879090e-003 0. -2.16170028e-003 0. 0. 0.
    -2.96575320e-003 -1.43458764e-003 0. 1.84880977e-003 0. 0. 0. 0. 0.
    5.09696431e-004 0. 0. 3.94718983e-004 0. 0. 0. -1.77801889e-003 0.
    0. 0. 0. 0. 0. 0. 0. 0. 0. 0. 2.25407560e-003 0. 0. -8.88780633e-005
    -3.09059373e-003 4.26364038e-003 1.30940380e-003 0. 0. 0. 0. 0. 0.
    0. 4.04334220e-004 0. 0. 0. 0. 2.63975747e-003 2.84171803e-003
    -1.78093486e-003 4.30603325e-003 7.12278415e-005 6.01185346e-003 0.
    2.04939209e-003 1.96654047e-003 0. 1.18090017e-002 0. 0.
    2.92223832e-003 0. 0. -9.17914906e-004 0. 0. 3.19652678e-003 0. 0.
    0. 0. 6.68865105e-004 6.98929606e-003 0. 0. 2.86787841e-003 0. 0.
    2.30184267e-003 0. 0. 0. 0. 2.27276189e-003 2.09520012e-003 0. 0. 0.
    0. 0. 0. 0. 0. 7.98201747e-003 2.62639858e-003 6.79793069e-003
    7.23125553e-003 0. 0. 7.06868304e-004 0. 0. -3.18882085e-004 0.
    8.90952593e-004 0. 5.26711531e-003 0. 0. 0. 0. 4.76169866e-003
    -2.81520479e-004 0. 0. 0. 2.23305286e-003 0. 7.28182858e-005 0.
    1.75502582e-003 0. 4.11779853e-003 5.69887809e-004 -2.12021335e-003
    0. 0. 0. 4.12112102e-003 1.00638149e-002 0. 0. 0. 0. 1.87152787e-003
    0. 2.51036719e-003 0. 5.36318682e-003 0. 0. 0. -3.60663398e-004
    2.67000101e-003 0. 0. 0. 0. 0. 0. 0. 0. 0. 0. 6.26826286e-003 0.
    1.32008723e-003 2.07441277e-004 0. -8.41354951e-004 8.63814028e-004
    0. 1.71597749e-002 7.12359929e-003 0. -4.87692596e-004
    -2.98387301e-003 0. 0. 0. 0. 0. 6.07376453e-003 0. 0.
    -5.49126635e-005 0. -1.91046472e-003 0. 9.27592278e-004
    9.66650026e-004 0. 0. -4.99086920e-003 0. 0. 7.88642280e-003 0. 0.
    2.08326709e-003 1.02161430e-002 5.57010295e-003 0. 3.44292214e-003
    -1.58183067e-003 0. 0. -1.19038520e-003 -1.66655378e-003 0.
    1.25254516e-003 0. 4.59402520e-003 -7.81797979e-004 0. 0. 0.
    -5.56498417e-004 0. 0. 2.10628775e-003 3.30831762e-003
    3.53114377e-003 0. 0. 0. 0. 0. 0. 2.73206667e-003 0. 1.48394273e-003
    6.45677978e-003 0. 0. 0. 0. 0. 1.97004573e-003 1.84216813e-004 0. 0.
    0. 0. 0. 0. 0. 0. 0. -2.91263248e-004 0. 1.54362898e-003 0.
    -4.35435865e-003 1.71547718e-002 0. 1.88025169e-003 0. 0. 0.
    4.25025634e-003 0. 2.05110107e-003 1.27491905e-004 0. 0. 0.
    9.62871782e-005 0. 3.88251327e-004 0. 7.72174401e-003 0.
    2.84651574e-003 0. 2.01046365e-004 0. 0. 1.26696588e-003 0. 0. 0. 0.
    -1.08164742e-004 0. 0. 4.15675202e-003 0. 1.64039768e-004
    6.00619335e-003 0. 0. 0. -1.83251989e-003 2.44600629e-003 0. 0.
    2.55050363e-005 1.74904533e-003 0. 0. 0. 0. 0. 0. 0. 0. 0.
    5.02796937e-003 3.56287672e-003 2.02763150e-003 1.05769914e-002 0.
    5.46903536e-003 0. 0. -1.10563322e-003 0. 0. 2.89370329e-003 0. 0.
    5.22951735e-003 0. 9.04192624e-004 0. 1.05992574e-002
    1.42195076e-003 0. 0. 5.93936024e-003 0. 0. 0. 5.78160631e-003
    1.52704190e-003 0. 0. 0. 0. 0. 0. 2.12765974e-003 0. 0. 0. 0.
    5.33183375e-005 1.19129028e-002 0. 1.32602011e-003 0.
    3.54487798e-004 0. 0. 0. 0. 0. 1.32052973e-003 0. 0. 0. 0. 0. 0. 0.
    0. 2.60807388e-003 0. -6.47600624e-004 0. 2.33795471e-003 0. 0.
    -4.22765122e-004 0. 0. 8.43566656e-003 0. 0. 0. 1.75161671e-003
    4.27682977e-003 8.70415661e-003 0. 0. 0. 6.00600708e-003 0. 0.
    2.52012722e-003 7.93669024e-004 -4.13851580e-003 0. 2.50288728e-003
    3.11059994e-003 1.43457786e-004 0. 0. 0. 0. 0. 0. 0. 0. 0.
    2.52906699e-003 6.35975215e-004 0. 0. 4.50012041e-003 0.
    -6.53580355e-004 0. 0. 7.80581636e-003 1.27987692e-003
    2.13504257e-003 0. 0. 0. 0. 0. 0. 0. 0. 0. 0. 0. 0. -2.76987441e-003
    0. 0. 1.52828870e-002 -1.95788802e-003 0. 5.75589482e-004
    5.29363658e-003 0. 0. 0. 5.10418834e-003 0. 0. 0. 2.53265537e-003
    1.51760131e-003 0. 1.20838382e-003 2.96268321e-004 0. 0. 0. 0. 0. 0.
    -3.24609078e-004 0. 0. 1.43945601e-003 0. 0. 0. -9.36586235e-004 0.
    7.40330620e-003 5.49477758e-003 0. 0. 2.48921080e-003
    2.56699650e-003 1.18499342e-002 0. 0. 2.80246750e-004 0. 0.
    7.04571954e-004 0. 4.95850574e-004 0. 0. 0. 0. 0. 0. 0.
    9.05847643e-003 0. 2.68371496e-003 0. 0. 0. 0. 0. 8.88206647e-004 0.
    0. 0. 0. 0. 2.17443472e-003 0. 8.38938355e-003 7.82895740e-003 0. 0.
    0. 0. 0. 8.22818198e-004 7.63465825e-004 0. 0. 0. 2.51985178e-003 0.
    0. 0. 0. 4.79609519e-003 7.16799684e-003 0. 0. 3.40544432e-003 0.
    2.78742355e-003 0. 0. 0. 2.10593245e-003 0. 0. 1.03162453e-002 0. 0.
    0. 0. 0. -6.22724241e-004 0. 0. 0. 0. 0. 0. 0. 2.64392793e-003
    1.26641616e-003 0. 0. 2.67265295e-003 6.77803881e-004 0.
    1.30535895e-003 0. 0. 0. 0. 0. 0. 0. 0. 0. 4.57911659e-003 0.
    7.33875931e-005 0. 8.65702610e-003 0. 2.88065814e-004
    1.37406727e-003 0. -1.89836463e-003 0. 1.62198115e-002 0. 0. 0. 0.
    2.01899721e-003 0. 1.20844170e-002 -1.73332961e-003 0. 0. 0. 0. 0.
    0. 0. 3.82935395e-003 4.21676598e-003 0. 4.74759704e-003
    -1.05069147e-003 0. 0. 0. 0. 5.29351353e-004 0. 5.59180044e-004 0.
    0. 4.86585172e-003 5.85241767e-004 7.88518135e-003 2.17099907e-003
