<?xml version="1.0"?>
<opencv_storage>
<imageDescriptor type_id="opencv-matrix">
  <rows>1</rows>
  <cols>1000</cols>
  <dt>f</dt>
  <data>
    -9.58609962e-005 0. 2.76242639e-003 -3.01362411e-003 0.
    1.72653073e-003 0. 9.15664306e-004 0. 0. 5.25383698e-003
    -2.20249582e-004 1.99482939e-003 6.39051897e-004 2.23430223e-003 0.
    -5.49485230e-005 0. -7.33873574e-004 0. 2.73195817e-003 0.
    4.78514703e-003 -7.64652679e-004 1.22913322e-003 8.07370432e-003
    7.52026075e-003 7.98683707e-003 0. 0. 0. 0. 3.67764407e-003 0. 0. 0.
    2.88349343e-003 0. 4.61308286e-003 0. 0. -3.86084255e-004
    9.27131448e-004 6.01279642e-003 1.05851358e-002 0. 1.34660248e-002
    8.43458518e-004 0. 0. 0. 6.88367523e-003 0. 7.00246589e-003 0.
    -1.52254372e-003 2.41338462e-003 0. -6.96268980e-004 1.26650149e-004
    0. 0. 0. 0. 1.24004846e-002 2.29934533e-003 0. 0. -2.33904622e-003
    5.84994629e-003 0. 0. 2.20722798e-003 1.04577793e-002 0. 0. 0.
    1.26637658e-003 0. 0. 1.30183548e-002 1.70828775e-003 0.
    -6.36507408e-004 -5.05245244e-003 0. 0. 0. 4.99789603e-003
    1.50489854e-003 0. 2.16912641e-003 6.37914846e-003 0.
    -5.01281256e-003 3.30832880e-003 0. 0. 0. 0. -8.04578129e-004
    2.26591248e-003 0. 0. 0. 6.73361775e-003 -8.84476874e-004 0. 0. 0.
    4.26782324e-004 0. 1.37688788e-002 2.09422829e-003 0.
    9.74096823e-004 0. 0. 0. 0. 0. 0. 0. 0. 0. 6.76007057e-003
    -9.08476592e-004 -1.62498653e-003 8.72229412e-003 0.
    -1.14335050e-003 0. 1.66699570e-002 0. -6.32770170e-005
    1.10545019e-002 0. 0. 0. 1.46138417e-002 0. 0. 9.45763104e-003 0. 0.
    0. 0. 0. 0. 0. 1.38188601e-002 0. 0. -4.22328856e-004 0. 0.
    2.63720304e-002 3.90705769e-004 0. 0. 0. 1.18960394e-002 0. 0.
    -1.29975541e-003 0. 0. 0. 3.80953308e-004 0. 0. 0. 3.40767764e-003
    0. 0. 1.12729436e-002 7.69206381e-004 0. 0. 3.87642067e-003 0. 0.
    7.54676247e-003 0. 0. -2.39097135e-004 -3.35872028e-004 0. 0.
    1.87334267e-003 0. 0. 0. 0. 0. 0. 0. 4.99235874e-004 9.25434753e-004
    0. 2.81572784e-003 0. 0. 0. 0. 0. 1.80245412e-003 0. 0. 0. 0.
    3.99818318e-003 0. 0. -1.17703679e-003 0. 0. 6.31426601e-003
    1.01790449e-003 7.55944103e-003 -1.09097559e-003 1.34934869e-003 0.
    0. 2.84153922e-003 7.22110458e-003 -1.54152664e-003 0. 0. 0. 0.
    2.41465299e-004 0. 0. 0. 8.63022506e-005 0. 0. 0. 0. 1.98873249e-003
    0. 3.55266524e-003 0. 0. 7.29641411e-004 0. 6.29736390e-003
    -6.12841512e-004 0. 0. 0. 0. 0. 0. 0. -6.30312250e-004 0. 0.
    1.70610694e-003 0. 0. 0. 5.05224103e-003 -5.35687851e-003
    9.19184554e-003 0. 0. 5.68245363e-004 -2.24085088e-004
    1.08801981e-003 0. 0. 0. 6.84593292e-003 -6.11638534e-004 0.
    -9.57505486e-004 0. 0. 0. 0. 0. 7.54814595e-004 -2.23757816e-004 0.
    0. 0. 0. 0. -7.44273770e-004 0. -4.35849470e-005 6.05927967e-003
    8.02152557e-004 -1.10525487e-003 7.96260603e-004 -2.98800180e-004 0.
    0. 0. 0. 5.21879178e-003 0. 0. 3.62293009e-004 -9.99991607e-005
    2.83200853e-003 0. -4.04135062e-004 3.54864006e-003 1.57373855e-004
    0. 0. 1.50523684e-003 0. 0. 2.37265229e-003 0. 0. 0. 0. 0. 0. 0.
    1.42538536e-003 -7.13155430e-004 0. 0. -8.15915351e-004
    3.57614568e-004 0. 0. -1.46411650e-003 0. 0. 0. 0. 1.66014279e-003
    9.44234803e-003 0. 3.01136402e-004 -6.07769434e-005 0. 0. 0.
    -1.69259124e-003 0. 5.52848820e-003 2.49770260e-003 0. 0. 0.
    -3.19921062e-004 -9.63296741e-004 1.70487532e-004 -3.93274659e-003
    0. 4.82469011e-004 0. 0. 3.99965234e-003 7.21339462e-003 0. 0. 0. 0.
    0. 0. 8.78451951e-003 0. 0. 0. 0. 0. 6.26786263e-004 0. 0. 0. 0. 0.
    0. 0. 0. 1.71847530e-002 8.35844688e-003 0. 6.64572290e-004 0.
    5.24262781e-004 0. 8.11070856e-003 0. 0. 0. 0. 4.75098891e-003 0. 0.
    0. 0. 0. 0. 0. 0. 0. 0. 0. 0. 0. 0. 6.07763708e-004 0. 0. 0. 0. 0.
    0. 0. 0. 0. 0. 0. 0. 1.41706818e-003 1.03646163e-002 0. 0. 0. 0. 0.
    0. 0. 0. 0. 0. 0. 0. 9.75560118e-003 0. 1.14200974e-003
    8.53733253e-003 3.62615130e-004 0. 0. 0. -1.84342548e-006 0. 0. 0.
    -6.51245413e-004 0. 0. 0. 0. 0. -2.06917361e-003 0. 0.
    7.43118580e-004 2.61897012e-003 0. 0. 0. 0. 9.25309397e-003 0. 0.
    -8.14890838e-004 8.46448075e-003 8.24667979e-003 7.46209593e-003
    7.19309924e-003 0. 8.14312045e-003 -9.29390138e-004 8.70918948e-003
    -5.03148767e-004 0. 1.86356076e-003 6.78037235e-004 0.
    6.18926622e-003 1.24598369e-002 0. 0. 0. 8.51253886e-003 0. 0. 0.
    -3.95072828e-004 0. 0. -4.84183620e-005 0. 0. 0. 0. -4.50770662e-004
    6.80175703e-003 0. 0. 2.30847322e-003 5.13881771e-003
    -3.82879749e-004 8.24907143e-003 0. -8.32716585e-004 0.
    1.01879938e-002 0. 6.22624066e-004 0. 0. 0. 0. 0. 0. 0. 0. 0. 0. 0.
    0. 0. -1.11810479e-003 0. 7.94267908e-005 0. -1.54441944e-003
    -8.83526445e-005 1.60272710e-003 -8.31171928e-004 2.63903919e-003
    4.83206706e-003 1.30261248e-003 0. 0. 1.65114121e-003 0.
    1.44054633e-004 0. 0. 0. -2.01093098e-005 0. 0. 3.30346578e-004 0.
    0. 3.43472627e-003 0. 0. 0. 0. 0. 1.15965214e-003 0. 0.
    3.25792865e-003 1.84135721e-003 0. 0. 0. 0. 1.32242013e-002 0.
    -1.45014073e-003 2.27250997e-003 0. 0. 0. 3.13186226e-003 0.
    2.54357001e-004 0. 0. 0. 0. 0. 5.59139822e-004 0. 3.80790420e-003
    1.10093213e-003 -5.95054531e-004 0. 1.95506564e-003 1.02761034e-002
    0. 0. 1.49305246e-003 -7.04921724e-004 0. 0. 0. 0. 0. 0. 0.
    5.07538265e-004 0. 0. 0. -4.83259297e-004 0. 0. 0. 0.
    1.04097812e-003 0. 3.15940852e-004 5.67913009e-003 -1.55251473e-003
    0. 0. 0. 0. 0. 0. 0. 2.15723854e-003 1.02195458e-003 0. 0. 0. 0.
    2.06752447e-003 0. 0. 0. 0. 1.30872335e-003 0. 3.85665684e-004
    2.79539381e-003 1.26758311e-003 0. 0. 0. 0. 7.77332485e-003 0. 0.
    1.48940717e-006 0. 0. 0. 0. 0. 0. 0. 0. 0. 6.01727003e-003
    2.28679505e-006 -1.52518987e-004 0. 2.15541445e-006 0.
    -1.12579099e-003 0. 0. 0. 0. 0. 0. 0. 0. 0. 0. 0. 2.04592966e-003 0.
    0. 0. 0. 0. 3.66297027e-004 0. 0. 1.21417432e-003 0. 3.56905048e-007
    4.97224042e-004 -8.64201065e-005 3.03472439e-003 -2.07428681e-003 0.
    3.72336898e-003 0. 5.72956307e-003 0. 0. 5.74855832e-003 0. 0.
    -1.33923336e-003 0. 0. 0. 0. 3.29384254e-003 0. 0. 0. 0. 0.
    9.62322578e-004 0. 0. 0. 0. 0. 0. 0. 0. 1.01712644e-002 0. 0.
    6.70463825e-003 0. 0. 1.33748492e-003 0. 0. 2.94485304e-004 0. 0. 0.
    -9.25964327e-004 -2.14440734e-004 0. 0. 0. -1.49591558e-003
    1.87944376e-003 0. -7.77020294e-004 6.54238183e-003 -6.07655209e-004
    0. 0. 0. 8.42453633e-003 0. 0. 0. 3.98526574e-003 8.10277555e-003 0.
    3.25546338e-004 9.08064772e-004 1.21217582e-003 0. 0. 0. 0. 0. 0. 0.
    -3.53107054e-004 0. 0. 0. 0. 0. 0. 0. 0. 1.05620909e-003 0. 0. 0.
    3.04088322e-003 0. 0. 1.41490682e-003 0. 0. 0. -1.21862069e-003 0.
    0. 4.72944183e-003 0. 0. 6.18476362e-004 6.61007734e-003 0. 0.
    -5.17947425e-004 0. 0. 0. 0. 0. 0. 1.74604845e-003 7.46633578e-003
    -5.26825257e-004 0. -9.79446457e-004 0. 0. 0. 0. 0. 0. 0. 0. 0. 0.
    0. 0. 0. 0. 5.43153891e-003 0. 8.46269913e-003 -2.71667959e-004 0.
    0. 0. -1.44421341e-004 0. 0. 0. 0. 0. 0. 0. 1.44233194e-003 0. 0. 0.
    0. -1.13611424e-003 0. 0. 1.03360286e-003 6.89518452e-003
    6.95561105e-003 1.34600792e-003 -1.02942844e-003 1.20405084e-003
    -5.39312547e-004 8.80458858e-003 1.22516835e-003 -2.33713840e-003 0.
    1.97172025e-003 0. 3.49755073e-003 0. 0. 0. 0. 0. 0. 0.
    6.87722233e-004 1.80866360e-003 0. 0. 0. 0. 9.25323647e-003 0. 0.
    1.48709062e-002 0. 0. 0. 0. 5.50063653e-003 0. 0. 0. 0. 0.
    -2.27579055e-003 0. 0. 0. 0. 0. 0. 3.77898081e-003 0. 0. 0.
    5.60489902e-003 0. 2.15274340e-004 -5.60367305e-004 0.
    8.16343911e-003 0. 0. 0. 0. 0. 0. 0. 0. -1.47102377e-003 0. 0. 0. 0.
    0. 0. 0. 0. 0. 8.99672229e-003 0. 8.04985035e-003 3.36608873e-003 0.
    7.78466463e-003 0. 0. -6.61870406e-004 5.28513733e-003 0.
    4.73420834e-003 1.81504409e-003 0. 0. 1.60852665e-006 0.
    -2.65051640e-004 0. 4.64332057e-003 5.11249620e-003 0. 0. 0. 0.
    1.83386274e-003 0. 8.09313077e-003 0. 0. 0. 0. 3.08852759e-003 0. 0.
