<?xml version="1.0"?>
<opencv_storage>
<imageDescriptor type_id="opencv-matrix">
  <rows>1</rows>
  <cols>1000</cols>
  <dt>f</dt>
  <data>
    0. 3.70871567e-004 0. -1.76056696e-003 1.50683231e-003
    1.25214560e-002 0. 0. 0. 0. 0. 2.25943676e-003 1.94757432e-003 0.
    1.96788087e-003 0. 0. 9.28190816e-003 1.72085303e-003 0.
    1.17797614e-003 0. 3.23574943e-003 0. 1.08917768e-003 0. 0.
    -1.04704488e-003 -2.39055068e-003 2.03002215e-004 -1.77715637e-003
    -7.15071161e-004 -2.23292084e-003 0. 1.62108487e-003 1.74661481e-003
    0. 0. 0. 1.44385733e-003 2.29835277e-003 0. 0. -5.47454285e-004 0.
    0. 0. 1.12973875e-003 0. 0. 0. 0. 0. 2.74880137e-003 0.
    1.56263460e-003 4.96393722e-003 2.08105473e-003 0. -1.09158189e-003
    9.62568083e-006 2.01909407e-003 0. 0. 0. 0. 0. 0. 0. 8.48844822e-004
    0. -1.48823322e-003 1.38263346e-003 2.19880068e-003 0.
    1.74789084e-003 0. 0. 0. 0. 4.91682906e-004 0. 0. 4.58599953e-003 0.
    8.58085044e-003 0. 0. 0. 0. 4.83041210e-003 -2.33100704e-003 0.
    2.54534837e-003 0. 0. 0. 5.26527036e-003 2.89348466e-003 0. 0. 0.
    1.75692420e-003 9.16292018e-004 0. 0. 1.25991157e-003
    1.37590682e-002 0. 3.46085825e-003 2.83649913e-003 0.
    4.16448945e-003 0. 1.00087503e-003 0. 0. 0. 0. 2.36286316e-003 0.
    -6.70017558e-004 0. 4.09226306e-003 4.04458353e-003 -3.81664286e-004
    0. 2.66572065e-003 1.94142829e-003 0. 2.37207813e-003
    1.04591819e-002 6.16603764e-003 0. 0. 0. 1.74126384e-004
    4.30103159e-003 2.75566918e-003 6.43937150e-004 2.16877041e-003 0.
    2.69485847e-003 0. 3.14134290e-003 0. 0. -1.31677010e-003 0. 0.
    2.26487569e-003 -5.02119889e-004 1.42638164e-003 3.02771991e-003 0.
    -4.82755626e-004 5.51587855e-003 0. 1.22505305e-002 -1.36409944e-003
    -7.91435770e-004 -7.71792140e-003 0. 8.14014405e-004 0.
    2.07307196e-004 0. 0. 0. 0. 0. 0. 3.39828781e-003 2.00736825e-003 0.
    7.86821067e-004 0. 1.56949565e-003 1.15280307e-003 2.48906063e-003
    0. 0. -9.02411703e-004 5.58346976e-003 6.71634357e-003 0.
    5.33417379e-003 9.55893425e-004 7.66446022e-003 -3.86796572e-004 0.
    3.53748491e-003 3.87717970e-004 0. 4.86866850e-003 0.
    5.59279462e-004 -1.87414954e-003 0. 1.43165910e-003 1.37138204e-003
    0. 0. 0. 0. 0. 0. 0. 0. 0. 0. 0. 4.54282621e-003 4.14765673e-003 0.
    0. 0. 0. 0. 3.05381720e-003 0. 4.91253473e-003 2.52614822e-003
    1.40546053e-003 0. 0. 4.33750963e-003 0. 0. 4.16338036e-004
    2.05572182e-003 0. 0. 0. 0. 8.91646487e-004 6.95149461e-003
    5.34248678e-003 0. 0. -8.36801133e-004 0. 0. 1.44201145e-003
    4.32731491e-003 -9.56526201e-004 6.75273594e-003 0. 0. 0. 0.
    1.28000192e-002 3.35059315e-003 1.29657611e-003 0. 5.57966239e-004
    6.63036772e-004 0. 0. 0. 0. 0. 0. 0. 0. 3.36045888e-003
    4.20877244e-004 0. 8.35800602e-005 3.09361727e-004 5.29285753e-003
    3.60797811e-003 2.19240901e-003 2.78025796e-003 0. 0.
    4.94148070e-003 -3.36594600e-003 3.96820065e-003 2.08188500e-003
    5.86195569e-003 0. 0. 0. 5.38283377e-004 0. 2.22263718e-003
    -2.96000828e-004 5.30425971e-003 0. 0. 0. 2.97098402e-002 0. 0.
    1.66113919e-003 0. 8.46746657e-003 0. 6.00681291e-004
    -1.05842913e-003 0. 0. 2.37921136e-003 0. 7.96680630e-004
    -8.71395969e-005 0. 0. 0. -2.29650899e-003 0. 0. 0. 2.29990249e-003
    0. 0. 0. 2.61808396e-003 0. 0. 4.24693013e-003 3.78959742e-003
    1.93801161e-003 0. 1.84690696e-003 0. 2.59120204e-003 0.
    -1.84643315e-003 0. 0. 0. 2.93697789e-003 -7.41664669e-004 0. 0. 0.
    0. 1.71134621e-003 2.56200437e-003 0. -6.13699201e-004 0.
    5.25878556e-003 5.80205466e-004 0. 5.04344190e-003 0.
    -7.90927617e-004 4.91958018e-003 0. 2.06725043e-003 1.34165655e-003
    0. 0. 1.72088761e-003 0. 4.55393596e-003 0. 5.61427325e-003 0.
    1.49801569e-002 0. 3.14324349e-003 0. 8.51226505e-004
    4.97183588e-004 0. 0. 0. 0. 0. 0. 1.22095188e-002 0. 0. 0. 0. 0. 0.
    0. 0. 0. -3.54101486e-003 0. 1.37850246e-003 0. 0. 0. 0.
    3.80135560e-003 0. 1.40491070e-003 1.48432818e-003 6.47117849e-003
    0. 1.71594834e-003 0. 6.73316559e-003 0. 0. 0. 0. 0. 2.63437931e-003
    0. 0. 0. 0. 6.85966806e-003 1.25841668e-003 -1.24425249e-004
    5.15129534e-004 0. -4.69388469e-004 0. 0. 0. 2.27814587e-003 0. 0.
    0. 0. 7.56922411e-003 1.90589868e-004 0. -5.44172712e-004 0.
    -1.80484867e-003 0. -5.93494391e-004 -1.32734620e-003 0.
    2.09770259e-003 0. 4.02643252e-003 0. 5.80138760e-003
    -3.37796577e-004 0. 3.51857767e-003 0. 0. 1.56439014e-003 0. 0.
    -3.01029737e-004 0. 0. 0. 0. 1.11472199e-003 2.08045216e-003 0.
    2.75624427e-003 0. 0. 1.40587206e-003 0. 0. -3.21812229e-004 0.
    5.22221439e-003 0. 0. 0. 0. -5.39114932e-004 2.79791863e-003 0.
    1.32836844e-003 0. 7.91311730e-004 0. 0. 3.17467819e-003 0. 0. 0. 0.
    -9.33989068e-004 9.19140875e-004 0. -4.93138272e-004 0.
    1.60898792e-003 0. 0. 0. 0. 1.82780845e-003 3.80658614e-003 0.
    5.07239858e-003 1.62858822e-004 6.36757992e-004 0. 0. 0.
    -4.96695975e-005 -1.57948307e-004 3.15042282e-003 0. 9.79979406e-004
    0. 0. 0. -2.42224341e-004 0. 0. 0. 0. 0. 0. 0. 0. 3.75708635e-003
    -5.27251745e-004 0. 3.42124305e-003 0. 2.14625639e-003
    1.90722931e-003 0. 5.36266156e-003 1.12909090e-003 2.82089645e-003
    0. 0. 0. 3.47751216e-003 0. 4.28464124e-003 0. 0. 0.
    -2.45176046e-003 0. 1.36178290e-003 0. 1.68660877e-003 0.
    -1.95036773e-004 0. 0. 0. 0. 1.67813606e-003 0. 0. 0. 0. 0.
    2.10503768e-003 0. 0. 0. 1.50903105e-003 0. 0. 0. 0. 0.
    1.04932692e-002 0. 0. 1.31921703e-003 -1.19774370e-003
    5.99216577e-003 4.52970329e-004 -6.43329171e-004 0. 4.17988840e-003
    0. 0. 0. -2.32352671e-004 1.48081360e-003 0. 1.35454210e-003 0. 0.
    -7.70014187e-004 0. 0. -8.97157006e-004 0. 1.21959869e-003
    4.73624142e-003 0. 0. 0. -8.24512506e-004 0. 0. 0. 0. 0. 0.
    -1.94116484e-003 0. 3.54490802e-003 0. 1.22250407e-003 0.
    1.93844535e-004 0. 3.02842143e-003 4.00399650e-003 0. 0. 0. 0.
    5.04022901e-005 0. 1.09792303e-003 0. 0. 0. 8.75873026e-003 0.
    -1.90565386e-003 0. -1.69052032e-003 4.50959138e-004 0.
    1.94808166e-003 1.31970027e-003 -1.82481250e-004 9.38131489e-005
    -1.06213312e-003 0. 0. -1.35019829e-003 2.34081340e-003 0. 0.
    -7.97495537e-004 6.07827445e-003 1.92753854e-003 0. 0.
    4.95635439e-004 0. 2.09937338e-003 0. -9.54763498e-004 0.
    -8.58085870e-004 0. 0. 1.65177381e-003 1.38288445e-003 0. 0.
    4.34185192e-003 0. 3.32019711e-003 4.08932799e-003 3.39163817e-003
    0. 0. 0. 4.93354257e-003 0. 0. 0. 2.01245584e-003 3.12911579e-003
    4.02515335e-003 0. 3.98377888e-003 0. 0. 0. 0. 0. 6.16905699e-003
    3.41220805e-003 1.18435069e-003 0. 7.20261736e-003 0.
    1.29305571e-003 5.51855797e-003 5.16878208e-004 0. 0. 0. 0.
    1.51001234e-002 0. 0. 1.84119085e-003 0. -6.84395374e-004
    -8.97729304e-004 0. 1.44395875e-002 0. 0. 0. 0. -6.14920864e-003 0.
    0. 1.91981194e-003 0. 3.06367571e-003 2.62591289e-003 0. 0.
    1.43099844e-003 0. 0. 0. 0. 1.09840976e-002 0. 1.51818013e-003
    3.33294459e-003 0. 0. 6.79034638e-005 0. 3.44948465e-004 0. 0.
    6.89199287e-003 2.70944583e-004 0. 8.18166789e-003 1.14325318e-003
    0. 5.31449681e-004 0. 0. 0. 0. 1.92028249e-003 0. -1.31630150e-005
    0. 0. -1.62056030e-003 0. 0. 1.81299506e-003 -7.61535775e-004
    -5.79648768e-004 0. -7.40111864e-004 5.52515220e-003
    -5.75912045e-003 5.41797979e-003 -1.12089713e-003 0. 3.52319819e-003
    0. 0. 1.87092787e-003 0. 2.21090228e-003 0. -1.54805044e-003 0.
    1.36254067e-002 0. 5.68599324e-004 4.12616460e-003 3.24197393e-003
    0. 5.06723905e-003 0. 5.02833398e-003 0. 0. 7.19198608e-004 0. 0.
    9.60009813e-004 0. -7.24097772e-004 4.03339043e-003 0.
    1.02182815e-003 2.87887035e-003 2.53101648e-003 0. 0. 0.
    5.59179299e-003 3.87299946e-003 0. 0. 0. 0. 0. 3.12769017e-003
    2.21931562e-003 1.21751532e-003 0. 8.97712423e-004 0. 0.
    2.64844345e-003 1.59570074e-004 1.01172749e-003 0. 3.57245235e-003
    5.12183970e-003 0. 0. 0. 0. 1.82099361e-003 3.90377216e-004
