<?xml version="1.0"?>
<opencv_storage>
<imageDescriptor type_id="opencv-matrix">
  <rows>1</rows>
  <cols>1000</cols>
  <dt>f</dt>
  <data>
    0. 7.18827080e-003 0. 0. 0. 0. 0. 2.44407333e-004 7.21336401e-004 0.
    0. 0. 0. 0. 0. 0. 0. 1.84500916e-003 -1.44416618e-003 0. 0.
    -6.95719791e-004 6.98294025e-003 0. 0. 5.50049404e-003 0.
    1.90760791e-002 0. -1.32950826e-003 0. 0. 2.24722107e-003
    2.63365498e-003 2.84291315e-003 5.79680374e-004 0. 0.
    1.71099382e-003 1.43323443e-003 0. 2.23866264e-005 0. 0. 0.
    1.90141564e-003 -1.02489616e-003 1.41175161e-003 0. 0. 0.
    6.46584958e-004 3.42991436e-003 0. 3.66833806e-003 0.
    1.16321654e-003 0. 5.14582265e-003 0. 5.97703690e-003
    5.75489365e-004 -3.64822638e-003 0. 0. 1.31252932e-003 0. 0. 0.
    1.76495509e-004 0. 5.12579409e-003 -6.17364247e-004 0.
    -2.02768645e-003 0. 0. 0. 0. -2.84517464e-005 -9.87467705e-004 0.
    3.22828209e-003 -2.33706378e-005 0. 2.79192952e-003 0. 0. 0. 0.
    7.94169959e-003 7.86075369e-003 -4.61156393e-004 0. 0.
    3.37513251e-004 2.61029275e-003 1.88787910e-003 5.66773722e-003 0.
    1.06904597e-003 2.24597432e-004 0. 1.96129549e-004 0.
    1.42716803e-003 0. 0. 0. 0. 9.78265773e-004 -1.59900251e-003 0. 0.
    7.53104745e-004 4.94002923e-003 0. 0. 3.42419080e-004 0.
    2.20726919e-003 0. -6.22529769e-004 0. 1.92017620e-003 0.
    4.45047952e-003 6.05546869e-004 0. 4.68996906e-004 1.22320857e-002
    -1.42677058e-003 0. 0. 0. 0. 2.13411776e-003 0. 1.53356220e-003 0.
    0. 0. 5.48953051e-003 2.20047869e-003 -3.51848244e-003 0. 0. 0.
    7.73952529e-003 0. 3.35341506e-003 3.14122095e-004 5.47657488e-004
    1.53587968e-003 1.60642655e-003 0. 0. 0. 0. 1.58057921e-002
    6.30521821e-003 0. 0. 0. 0. 0. 2.00532889e-003 0. 0. 1.78926694e-003
    0. 0. 1.43795123e-003 0. 7.27818441e-003 0. 0. 6.89130509e-003 0.
    9.31109302e-004 0. 2.18276691e-004 2.36899010e-003 3.84752871e-003
    0. 6.89135212e-003 1.54607242e-003 0. 0. 0. 7.55024841e-004 0.
    5.33213886e-003 0. 0. 7.95742217e-003 -1.95075420e-003
    1.11647591e-003 0. -2.54834624e-004 -1.92541513e-003 0.
    9.37735313e-004 -1.56830915e-003 0. 0. 0. 0. 0. 2.01011286e-003
    7.19542033e-004 7.72348896e-004 0. 0. 2.11965363e-003 0. 0.
    3.22569907e-003 0. 0. 0. 0. 0. 0. 0. 0. 0. 8.25717347e-004 0.
    5.85141080e-003 6.08354807e-003 1.05900841e-003 0. 1.87346875e-003
    0. 1.50039652e-003 0. 3.84611893e-003 0. 0. 0. 4.15281253e-003
    3.31480731e-003 0. -9.82583966e-004 0. 0. 5.88082429e-003 0. 0.
    2.45904573e-003 6.39964885e-004 -1.28741632e-003 -3.15850670e-003 0.
    0. 1.64479099e-003 4.78687325e-005 0. 0. 2.01654504e-003
    2.31714197e-003 9.05708148e-005 0. 0. 6.63476670e-003
    6.56397548e-003 4.08227388e-005 0. 7.11079396e-004 -1.28772575e-004
    2.36782408e-003 2.32734455e-004 1.82874147e-002 4.87162732e-003 0.
    2.60300003e-004 7.98676256e-003 0. 0. 3.25668836e-003
    1.02545030e-003 3.90762137e-003 0. 2.91431532e-003 0. 0.
    8.00976809e-003 0. 0. 0. 7.71078863e-004 0. 0. 0. 1.10256264e-003 0.
    -6.38577098e-004 4.62154113e-003 0. 0. 3.76524800e-003
    7.62273441e-004 0. 3.54758231e-003 -2.44363328e-004 0. 0. 0. 0. 0.
    0. 0. 0. 0. 0. -2.40958505e-003 1.25556451e-003 0. 0.
    2.96170898e-002 0. 0. 1.18814614e-005 -4.65663557e-004
    -1.20123930e-003 6.34812238e-003 1.78705691e-003 -1.03023885e-004
    1.36471284e-003 1.16306590e-003 0. 0. 0. 0. 1.12843867e-002 0.
    2.31516943e-003 0. 0. 1.97181781e-003 0. 8.94442759e-003 0.
    3.33162141e-003 0. 3.70867504e-003 3.81215196e-003 0. 0. 0.
    4.42672800e-003 1.25294982e-003 0. 0. 0. 0. 0. 0. 0. 3.04009789e-003
    0. 0. 4.52580582e-003 0. 0. 9.32052266e-004 9.84647311e-004
    1.17484760e-003 -1.03385781e-003 3.22570006e-004 0. 8.47289630e-004
    0. 2.86592310e-003 0. -1.06578169e-003 0. 0. 0. 0. 0. 0.
    2.04107468e-003 1.75569125e-003 0. 0. 0. 0. 0. 0. 0. 3.69921979e-003
    0. 7.10001041e-004 5.32234204e-004 -2.09648526e-004 0.
    -1.21117092e-003 0. 0. 0. 0. 1.16061773e-002 2.04542838e-003 0. 0.
    0. 0. 5.49166230e-004 0. 1.85308943e-003 4.87494981e-003
    2.68308725e-003 0. 2.24934029e-003 0. 3.44922906e-003
    3.27765173e-003 4.48790845e-004 6.35932572e-003 0. 0. 0.
    -4.68477985e-004 0. 0. 6.82568061e-004 2.86611146e-003 0. 0.
    2.67872307e-003 0. 1.27751962e-003 -1.01412483e-003 0. 0.
    -2.30612150e-005 0. -1.65801714e-004 0. 7.85356201e-003
    3.44563881e-003 0. 0. 0. -9.03411419e-004 0. 0. 0. 6.67936925e-004
    6.97036693e-003 0. 0. 0. 0. 6.90144161e-003 -1.82752113e-003
    2.37750169e-003 0. 3.82176440e-005 6.90170738e-004 1.09452929e-003
    0. -3.95456242e-004 0. 1.91370060e-003 0. 0. 3.72679962e-004
    6.63339626e-003 1.48123727e-004 1.28894078e-003 0. 0.
    5.24972891e-003 5.93375368e-003 0. -5.78394283e-005 0. 0.
    1.87170180e-003 0. 0. 0. 0. 1.47993187e-003 5.28077944e-004 0. 0. 0.
    0. 0. 0. 2.19217129e-003 3.96299036e-003 0. 0. -6.28674810e-004 0.
    -1.79756409e-003 1.23325118e-003 0. 8.86087830e-004 0. 0.
    4.06003703e-004 0. 0. 0. 0. 0. 0. 6.81403466e-003 8.14255141e-003 0.
    2.36811838e-003 2.08635768e-003 2.53779185e-003 0. 0. 0.
    1.69671886e-003 0. 5.87252295e-003 0. 0. 0. 7.60766072e-003 0. 0. 0.
    0. -6.03255694e-006 1.65208383e-003 8.93893652e-003 0.
    -6.71374255e-006 0. 5.33539522e-003 4.38274955e-003 1.50849333e-003
    4.57720459e-003 2.19548144e-003 0. 0. -1.11740350e-003
    8.65335925e-004 4.07575443e-003 0. -2.06274190e-003 1.49518289e-002
    0. 1.83550175e-003 -1.93434907e-003 0. 1.12986378e-002 0.
    1.67065090e-003 0. 6.16308395e-003 0. 2.41619721e-003
    -8.15292355e-004 0. 1.77577476e-003 6.47163659e-004 0. 0. 0. 0.
    1.49154477e-003 0. 0. 1.01475196e-003 1.89016759e-003 0. 0. 0.
    -3.94647650e-004 2.01687682e-003 5.31657087e-003 0. 1.41527737e-003
    0. 5.58847154e-004 3.36698839e-003 0. 0. 0. 1.00251911e-002 0. 0. 0.
    0. 0. 0. 3.61096812e-003 0. 3.32322181e-003 0. 0. 0.
    -1.49427645e-003 0. 0. 1.71750481e-003 0. 0. 0. 1.87930476e-003 0.
    4.64616081e-004 0. -1.68298627e-003 0. 1.45724113e-003 0. 0. 0.
    9.58814271e-005 0. 5.23082737e-004 0. 0. 0. 0. 1.38369540e-003 0. 0.
    0. 2.23518629e-003 0. 0. 1.21623429e-003 1.00298683e-004
    1.08008564e-003 1.45188207e-003 0. 0. 0. 0. 0. 0. 3.90655547e-003 0.
    0. -3.58209800e-004 0. 0. 0. 0. 0. 2.20671645e-004 3.30764870e-003
    0. 0. 0. 0. 2.12122523e-003 0. 0. 0. 0. 0. -4.05554711e-005 0. 0. 0.
    0. 0. 9.01340623e-004 0. 1.37772725e-003 -1.51653338e-004 0.
    2.01356667e-003 0. 0. 0. 0. 0. 0. 0. 1.68929389e-003 0.
    1.87434012e-003 0. 1.99847994e-003 0. 6.46900327e-004 0.
    1.64760579e-003 0. 0. 0. 0. 1.08115980e-003 0. 2.53431895e-003 0. 0.
    0. 0. 0. 0. 0. 0. 0. 0. 4.10213508e-003 1.35093811e-003 0. 0.
    3.01113381e-004 1.79450121e-003 0. 7.80057115e-003 0. 0.
    -1.88210572e-004 1.66602596e-003 0. 0. 0. 5.96605521e-003 0.
    -6.32463431e-004 0. 0. 0. 0. 0. 1.46936870e-003 0. 1.63634995e-003
    2.06804182e-003 1.09296190e-002 6.11899607e-003 2.78339314e-004
    2.10822304e-003 0. -8.03129375e-003 0. 1.36152312e-005
    2.49037379e-003 0. 0. 0. 0. 0. 0. -6.95112161e-004 0. 0.
    4.02845535e-003 0. 4.91625909e-003 0. 0. 0. 0. 2.87002604e-003
    1.31051836e-003 0. 0. -6.68519118e-004 0. -1.07905152e-003
    -1.22211687e-003 0. 0. 0. 1.41261960e-003 0. 2.06233584e-003
    1.19024273e-002 3.54374922e-003 0. 0. 0. 2.56313453e-003 0. 0.
    4.14412752e-005 5.53841353e-004 0. 0. -8.05334072e-004
    -4.18120157e-003 -2.50551617e-004 0. -2.05925526e-003 0. 0.
    1.62364030e-003 7.76230183e-004 0. 4.55921842e-003 7.21525750e-004
    0. 0. 2.40445501e-004 1.19674148e-003 -3.93159979e-004
    1.88965269e-003 0. 5.78919658e-003 0. 0. 8.76309350e-003
    1.47854094e-003 0. 0. -3.58642731e-003 -9.92572051e-004 0.
    1.16166025e-002 0. 3.84568400e-003 0. 2.50682607e-003 0. 0. 0. 0. 0.
    -4.84035554e-004 0. 4.28556977e-003 0. 0. 0. -2.33863277e-004 0. 0.
    2.02921871e-003 0. 0. 0. 9.33997799e-005 -1.03607005e-003 0. 0. 0.
