<?xml version="1.0"?>
<opencv_storage>
<imageDescriptor type_id="opencv-matrix">
  <rows>1</rows>
  <cols>1000</cols>
  <dt>f</dt>
  <data>
    2.13051611e-003 0. 4.25717328e-003 0. 7.01674318e-004 0. 0.
    -1.23360381e-003 5.15552424e-003 7.71856052e-004 4.12870338e-003
    7.47636240e-003 1.19275530e-004 0. 0. 3.01086879e-003
    2.63968046e-004 4.63053904e-004 4.49113268e-003 0. 2.18707020e-003
    0. 6.57652365e-003 0. 0. 2.27462311e-004 0. 0. 0. 2.26526847e-003 0.
    1.03533380e-002 0. 0. 1.45946955e-003 -6.29418879e-004 0.
    1.92659942e-003 0. 7.31977820e-003 -2.85323713e-005 1.09724351e-003
    1.11651951e-002 4.87721199e-003 -3.65528744e-003 0. 0.
    1.56513089e-003 0. 1.85899320e-003 0. 0. 0. 0. 0. 0. 2.12836359e-003
    -1.30329536e-005 0. 6.78094896e-003 5.68321382e-004 0. 0. 0.
    1.03692384e-002 8.63823690e-004 0. 0. -9.74293798e-004 0.
    2.48768763e-003 4.17468662e-004 1.64081971e-003 -5.47317264e-004 0.
    0. 1.65227754e-003 0. 6.88531436e-003 1.40674610e-003 0.
    2.46490771e-003 -5.45247749e-004 -1.31259160e-003 0.
    -1.11312768e-003 1.63421570e-003 0. 7.19781406e-003 0. 0.
    1.76615268e-003 0. 1.16861856e-003 0. 0. 0. 1.78952201e-003
    3.84342321e-003 5.20322821e-004 0. 0. 3.06375179e-004
    1.71861297e-003 0. 0. 4.95240930e-003 8.99193401e-004 0.
    -1.85297758e-004 -1.57531269e-003 0. 1.69143861e-003 0.
    1.25143013e-003 -6.39040445e-005 0. 0. 2.34883954e-003 0. 0.
    2.03798618e-003 2.49127508e-003 0. 0. 0. 0. 1.35955634e-003 0.
    2.22387700e-003 5.02680079e-004 9.56172217e-003 3.65217146e-003 0.
    0. 0. 0. 0. -6.82447222e-004 0. 6.76393509e-004 0. 6.47948775e-003
    0. 1.17022509e-003 1.68185856e-003 0. 1.04841916e-002
    2.57250783e-003 0. 3.50084435e-003 4.08434821e-003 0.
    1.16657163e-003 0. -1.85861660e-004 -7.07452768e-004 0. 0. 0. 0. 0.
    -7.45225465e-004 2.41802190e-003 0. 0. 0. 0. 0. 2.17306823e-003 0.
    0. 2.29126937e-003 -2.00926559e-003 0. 0. 0. 0. 0. 0.
    1.14099872e-004 8.71928467e-004 3.35833523e-003 0. -2.47477251e-003
    0. 0. 0. 4.24001087e-003 0. 0. 0. 0. 0. 2.62354763e-004 0.
    4.14938753e-004 0. 1.61772012e-003 8.77936080e-004 1.76152179e-003
    -1.72023301e-003 1.66650314e-003 3.62741924e-003 2.51573441e-003 0.
    9.75871633e-004 0. 0. 2.47739907e-003 4.70525993e-004 0.
    1.70276372e-003 0. 0. 0. 0. 1.67867786e-003 2.86704442e-003
    5.83250634e-003 0. 0. 1.29389809e-002 4.17259289e-004 0.
    8.88826267e-004 8.37828149e-004 0. 2.38926942e-003 1.98802492e-003
    8.34955368e-004 0. -4.00169636e-004 3.83898430e-003 0.
    2.06503575e-003 1.21308106e-003 0. 0. 0. 0. 0. 5.01597347e-003 0.
    1.66331258e-004 1.08130575e-004 9.21865925e-003 -1.15123170e-003 0.
    0. 0. 0. 4.29408578e-003 0. 6.48321118e-003 0. 1.84170646e-003 0.
    2.65584886e-003 0. 1.60359859e-003 0. -1.49618112e-003 0. 0. 0. 0.
    0. 0. 0. 2.07662187e-003 4.39587806e-004 1.59434183e-003
    -1.27814442e-003 0. 1.17188956e-005 8.44458956e-003 3.58396466e-003
    0. 0. 0. 2.37339293e-004 0. -8.01469374e-004 0. 0. 0.
    3.75467981e-003 0. -5.67170617e-004 1.91985315e-003 8.28382967e-004
    0. 3.12459143e-003 0. 0. 1.10922998e-003 0. 0. 1.13421620e-003
    2.10592151e-003 0. 0. 1.49121333e-003 0. 0. 2.86716549e-003 0. 0.
    2.75320979e-003 0. 0. 4.89715859e-003 0. 6.77092560e-003
    1.14710559e-003 0. 6.63502468e-003 0. -5.10080892e-004 0. 0.
    7.83889787e-004 0. 1.37243595e-003 -1.00692909e-003 0. 0. 0.
    3.67109617e-003 0. 0. 1.86514779e-004 1.16716826e-003
    4.10855934e-003 1.32970314e-003 3.65573476e-004 6.46401756e-003 0.
    8.84572277e-004 0. 0. 2.23124423e-003 3.69861140e-003
    1.07113170e-002 3.05748242e-003 0. 9.93427821e-004 0. 0. 0.
    1.42026099e-003 6.45460270e-004 0. 0. 0. 0. 4.95493412e-003 0. 0.
    1.86574936e-003 -5.36441803e-006 5.28848125e-003 3.14397621e-003
    2.05467362e-003 0. 1.01767038e-003 3.22035607e-003 0.
    8.88414681e-004 2.29967316e-003 1.36457104e-003 0. 0.
    1.41027644e-002 9.67556704e-003 0. 0. 0. 9.13215277e-004 0. 0. 0.
    3.21510760e-003 9.80316181e-005 0. 0. 0. 0. 0. 3.48474976e-004 0. 0.
    1.78831741e-002 0. -1.89317646e-003 6.64985413e-003 0.
    6.04985747e-004 -1.37252756e-003 1.47380517e-003 3.61631811e-003 0.
    0. 0. 2.07015313e-003 0. 1.61469448e-003 0. 0. -4.72884742e-004 0.
    0. 9.17843427e-004 0. 3.52144963e-003 -1.27662835e-003 0.
    2.12679617e-003 0. 1.71783275e-003 0. -9.84700047e-004 0. 0. 0. 0.
    0. 0. 0. 3.12273856e-003 0. 6.93387864e-003 0. 0. 0. 0. 0. 0.
    1.30891378e-004 1.41267129e-003 1.82644511e-003 0. -4.71915409e-004
    0. 0. 0. 5.33338264e-003 0. 0. -1.06046605e-003 0. 1.16066413e-003
    0. 1.02061999e-003 0. 2.99642212e-003 0. 0. 0. 0. 0. 0.
    3.55741195e-003 2.47208169e-003 1.34709105e-003 0. 0.
    -2.62881920e-004 0. 5.46940323e-003 0. 4.85097233e-004 0. 0.
    8.38851411e-005 0. 0. 0. 7.62339041e-004 1.96623686e-003
    2.39631324e-003 7.74072204e-003 2.34717247e-003 0. 7.86255579e-003
    3.55712231e-003 0. 0. 0. 0. 1.08217646e-003 3.48524028e-003 0. 0. 0.
    0. 1.93811068e-003 8.02053080e-004 0. 0. -1.01253262e-003
    1.59260153e-003 5.02703385e-003 0. 4.43424040e-004 0.
    4.77008754e-003 -1.77707610e-004 0. 0. 0. 0. 1.18209899e-003 0. 0.
    0. 3.19157145e-004 0. 3.91098252e-003 3.73190362e-003
    1.65754557e-003 0. 0. 3.46915168e-003 5.93956327e-004
    1.80013024e-003 0. 4.59937844e-003 1.08531513e-003 0.
    -2.72444857e-004 -1.75283451e-004 0. 0. 0. 8.25200602e-003
    -3.72380455e-004 1.42993929e-003 0. 0. 0. 0. 0. 0. 0. 0.
    2.95794162e-004 0. 0. 0. 0. 0. 4.11883375e-004 1.54385436e-003 0.
    3.34575213e-003 0. 0. -1.89905765e-003 0. 0. 0. -9.71406116e-004
    6.03171205e-003 0. 3.12639197e-004 5.45318762e-004 0.
    8.77878256e-003 4.06695151e-004 2.13531125e-003 0. 1.92916929e-003
    0. -4.51273139e-004 5.46998996e-003 0. 0. 1.83415064e-003 0. 0.
    1.00673246e-003 1.98519882e-003 5.86101844e-004 1.16729795e-003
    1.90842908e-003 2.94026313e-006 0. 2.80263904e-003 0. 0. 0.
    1.85536465e-003 9.41804552e-004 4.97119362e-003 0. 3.80427134e-003
    0. 0. 0. -4.61403601e-004 0. 0. 0. -9.66953638e-004 3.52631859e-003
    0. 0. 5.45448251e-003 0. -4.92252351e-004 3.67318676e-003 0.
    3.83313512e-003 1.11424725e-003 0. -1.08487024e-004 -1.42740516e-003
    0. 4.91023855e-003 -1.52244023e-003 4.45118494e-004 0. 0. 0. 0. 0.
    0. 2.05676566e-004 0. 2.50656344e-003 1.71362481e-003
    -4.24786094e-006 2.60637538e-003 1.66676450e-003 -5.17987573e-005
    -6.02566591e-003 0. 0. 4.12266655e-003 0. 3.04700981e-004 0. 0. 0.
    -2.05998425e-003 0. 0. -1.56541937e-004 7.99639616e-003
    8.44854582e-003 0. 0. 0. 0. 1.41218130e-003 2.89958715e-003
    2.63720425e-003 0. 0. 0. 0. 6.29665956e-005 1.24981510e-003
    5.41332003e-004 0. 1.78755057e-004 1.50090165e-003 0.
    1.90394069e-003 1.90022925e-003 2.88701477e-003 0. -8.77341736e-005
    0. 4.93051577e-003 1.60276971e-003 1.48786344e-002 2.81306752e-003
    0. 6.11951528e-003 6.38737809e-003 0. 0. 0. 9.09375120e-003 0. 0. 0.
    6.74525416e-003 4.48028790e-004 1.40443805e-003 1.98117668e-005 0.
    0. 3.48368631e-004 -3.14188772e-003 0. 0. 0. -1.54604146e-004
    -1.05512084e-003 0. 3.39155970e-003 0. 0. 0. 0. 0. 6.41028804e-004
    -4.90639824e-004 0. 0. 2.65872106e-003 0. 0. 0. 1.41208048e-003 0.
    4.70845262e-004 4.98295808e-003 -2.42127059e-003 0. 8.61821580e-004
    2.60024564e-003 0. 0. 0. 0. 3.04843066e-004 2.09443341e-003 0. 0.
    1.04340480e-003 1.17183110e-004 0. 0. 0. 0. 0. 0. 1.38290809e-003
    5.73596684e-004 0. 3.53821117e-004 0. -3.56948818e-004
    9.13831289e-004 1.37421740e-002 1.39825512e-003 -1.27342273e-003 0.
    9.30476410e-004 2.40377267e-003 6.28580514e-004 0. 8.79329338e-004
    1.42842182e-003 2.77511007e-003 0. 3.55656748e-003 0. 0. 0. 0. 0.
    9.32732073e-004 0. 0. 0. 0. 2.01898091e-003 0. 2.94488901e-003
    1.58674025e-004 0. 0. 5.56977699e-003 0. -3.88198416e-004 0. 0.
    4.48808307e-003 0. 0. 4.47418680e-003 2.42121634e-003 0.
    9.49383713e-004 3.42207677e-005 0. 0. 8.69568903e-004 0. 0.
