<?xml version="1.0"?>
<opencv_storage>
<imageDescriptor type_id="opencv-matrix">
  <rows>1</rows>
  <cols>1000</cols>
  <dt>f</dt>
  <data>
    0. 0. 0. 0. 0. 7.53356330e-003 0. 6.79582823e-003 0. 0. 0. 0.
    1.87185092e-003 0. 2.65465397e-003 0. -9.11420851e-004
    2.81642750e-003 0. 0. 2.01904774e-003 3.85465194e-003 0. 0.
    7.98326544e-003 0. 8.47421866e-003 0. 0. 0. 0. 4.01045047e-002
    -1.50326581e-004 0. 0. 0. 4.59052011e-004 0. 0. 0. 0.
    1.82380865e-003 0. 0. 0. 0. 4.23615891e-003 -1.38495248e-004 0. 0.
    0. 0. 7.42314477e-003 6.73824968e-003 1.35115581e-003 0.
    -4.10276465e-004 -1.93220901e-003 0. 0. 1.57923333e-003
    2.53541954e-003 0. 1.76371238e-003 0. 2.33928309e-004 0.
    2.47218623e-003 0. 0. 7.67250499e-003 0. 2.23394390e-003 0.
    2.74593756e-003 -3.62503815e-005 0. 0. 0. 1.37108815e-004 0.
    1.03334780e-003 0. 0. 4.55055013e-003 8.38739891e-003 0. 0.
    5.24338335e-003 0. 0. 0. 0. 0. 3.52195697e-004 0. 0. 1.60261150e-003
    0. 0. 0. 1.65654626e-003 0. 0. 0. 0. 0. 0. 0. 5.57669009e-005 0. 0.
    0. 0. 0. 0. 0. 0. 0. 0. 1.69332128e-003 0. 2.53071659e-003 0. 0. 0.
    0. 0. 3.86220054e-004 0. 2.23341701e-003 0. 0. 0. -3.37351230e-003
    0. 2.26015435e-003 0. 0. 0. 0. 0. 1.94938539e-003 0. 0. 0.
    1.36295261e-004 1.45443846e-004 0. 6.74601970e-003 0. 0. 0. 0. 0. 0.
    3.58533347e-004 -2.14323823e-004 0. 1.40749360e-003 1.19608757e-003
    -5.18702691e-005 1.56337523e-003 -2.56109750e-003 0. 0. 0.
    -1.41243348e-004 0. 1.39881007e-003 0. 5.25165722e-003 0. 0. 0. 0.
    0. 1.04964001e-005 0. 0. 0. 0. 6.64324209e-004 -5.94795973e-004 0.
    0. 0. 4.82862117e-003 0. 0. 0. 0. 1.78384129e-003 -1.56319886e-003
    0. 0. 5.06933592e-003 0. 1.14240067e-003 4.50665335e-004 0. 0. 0. 0.
    0. 0. 0. 0. 3.70507641e-003 0. 1.84093346e-003 6.35640370e-003
    1.07029574e-002 4.64692042e-004 0. 0. 5.10807324e-004 0.
    3.81574198e-003 0. 4.02744301e-003 0. 0. 0. 0. 1.43199752e-003
    3.30203306e-003 0. 0. 6.68174773e-003 1.51953911e-002
    4.51989290e-005 0. 5.44194551e-003 0. 0. 7.68850232e-003
    -2.59264139e-003 1.75860096e-002 0. 0. 2.42755911e-003
    -3.88403889e-004 1.06881559e-003 0. -4.84404882e-004 0. 0.
    5.25795761e-003 0. 1.80552830e-003 1.10536125e-002 0. 0. 0. 0.
    5.90959564e-003 0. 5.54083427e-003 -1.03722047e-003 2.04616273e-003
    3.55234137e-004 2.64716491e-005 5.86059131e-003 0. 0. 0. 0. 0. 0. 0.
    0. 1.03314947e-002 2.42879381e-003 2.73921015e-003 2.12664320e-003
    2.20827898e-003 2.83800112e-003 3.97051033e-003 0. 0.
    2.08719028e-003 8.62425566e-003 0. 0. 0. 0. 9.84640792e-004 0.
    5.06193750e-003 0. 0. 0. 0. 0. 0. 1.02506997e-003 0. 0. 0. 0. 0. 0.
    0. 1.84659974e-003 0. -1.24042606e-004 0. -1.13321548e-005 0.
    5.41193038e-003 0. 0. 1.03600940e-003 3.23745399e-003
    3.25192581e-004 0. 0. -6.14575285e-004 0. 1.99495535e-003 0. 0. 0.
    0. 0. 0. 0. 8.07491411e-003 0. -6.81178935e-004 0. 0.
    5.28789172e-003 0. 0. 2.04411265e-003 4.59250575e-003 0.
    7.73437787e-003 -9.90626402e-004 0. 0. 1.27299558e-002
    3.45613947e-003 0. 0. 0. 1.41824468e-003 8.31205049e-004 0. 0. 0. 0.
    0. 9.04943037e-004 1.26755319e-003 -5.51114033e-004 1.60003989e-003
    3.49508412e-003 0. 2.44504714e-004 -1.26397971e-003 0. 0. 0. 0.
    1.38333887e-002 3.54575715e-003 2.30386201e-003 4.26617824e-003
    9.02042072e-003 0. 0. 8.24931730e-003 4.28537838e-004 0. 0. 0. 0. 0.
    0. 0. 0. 0. 0. 7.64655997e-004 0. 0. 0. 3.13957850e-003
    1.17572385e-003 -4.16554045e-004 0. 5.61952242e-004 -5.90902055e-004
    3.15142190e-003 3.29445093e-003 2.17442703e-003 0. 0.
    -1.04319665e-003 0. 0. 1.87550031e-003 -1.57210662e-003
    2.59875995e-003 0. 0. 0. -4.44295205e-004 8.91994499e-003 0. 0. 0.
    0. -2.11025984e-003 0. -1.03943504e-003 0. 3.96921067e-003
    5.14371460e-003 0. 1.55562628e-003 1.80273410e-003 2.46117706e-003
    0. 9.60256380e-004 0. 7.10121123e-003 1.67729780e-002
    -2.84189219e-003 0. 0. -2.23802461e-004 0. 0. -5.50044933e-004 0. 0.
    0. 0. 1.36575475e-002 0. 0. 0. 6.25970447e-003 4.36828472e-003 0. 0.
    0. 3.88132292e-004 0. 0. 1.39390747e-003 0. 0. 0. 3.18886968e-003 0.
    0. 0. 0. 0. 3.04203597e-004 1.23068653e-002 0. 0. 0. 2.44633819e-004
    7.87392899e-004 2.51358491e-003 0. 0. 8.01059604e-003
    4.42956900e-003 0. 0. 0. 2.37182877e-003 0. 0. 0. 4.10844525e-003
    4.37867158e-004 3.80975287e-003 0. 0. 2.04474782e-003
    1.12090120e-003 1.49242813e-003 0. 0. 0. 0. 0. 0. 8.07115575e-004 0.
    -2.07652105e-003 8.46184324e-003 0. 1.35153020e-003 5.88220125e-003
    2.28663278e-003 2.26467941e-003 0. 0. 1.00515801e-002 0. 0. 0. 0.
    -1.11759422e-004 0. 0. 0. 7.55604822e-004 0. 0. -1.13664137e-003
    2.02635024e-003 0. 0. 0. 0. 8.73671751e-003 -5.63008907e-005 0. 0.
    0. 0. 0. -1.86747231e-003 0. 0. 0. 0. 9.48135648e-003
    6.34183409e-004 0. 0. 0. 0. 0. 0. 0. 4.27018618e-003 4.44074115e-003
    0. 0. 4.01688088e-003 0. 2.01232033e-003 0. 8.77864484e-004 0.
    2.83406442e-003 2.21704179e-003 0. 0. 0. 0. -9.69087763e-004 0.
    3.32620763e-003 3.01822182e-003 2.41275574e-003 7.74779182e-004
    -2.10070238e-003 0. 0. 0. -5.19431997e-005 0. 0. 0. 8.68482399e-004
    4.68128221e-003 0. 0. 0. 6.14449987e-003 0. 0. 0. 0. 8.62131419e-005
    0. 0. 3.41920042e-003 0. 0. 0. 6.20929711e-003 9.22021281e-005 0. 0.
    0. 0. 0. 0. 0. 6.14557532e-004 0. 0. 0. 0. -1.52858661e-003 0. 0. 0.
    0. 0. 0. 0. 0. 0. 1.93387351e-003 0. 0. 7.76141707e-004 0.
    3.02179600e-003 0. 0. 0. 5.78255765e-003 1.00330431e-002 0. 0. 0. 0.
    0. 0. -2.73181964e-003 0. 0. 6.03447855e-003 2.49545090e-003 0. 0.
    1.39606011e-003 0. 0. 6.46049762e-003 0. 0. 2.95946817e-003
    2.88677751e-003 1.02557871e-003 0. 0. 6.28113467e-003 0. 0. 0.
    1.56990823e-003 0. 1.46640965e-003 0. 0. -1.60623167e-003
    4.19662363e-004 0. 0. 2.61127157e-003 6.58393279e-003
    3.96824500e-004 9.24775435e-004 0. 0. 0. -8.01793009e-004 0. 0. 0.
    0. 1.90135546e-003 3.58418259e-003 0. 0. 2.12918152e-004 0. 0.
    1.43038970e-003 2.18579778e-003 4.06301208e-003 2.06968328e-003
    3.37365223e-003 6.86271908e-003 6.35667588e-004 0. 0. 0. 0.
    2.81023933e-003 -5.02732117e-004 1.46715029e-003 3.90725816e-003
    1.47392356e-003 0. 0. 0. 0. 0. 0. 0. -3.16614351e-005 0.
    7.81635463e-004 4.25248314e-003 0. 0. 3.66746145e-003
    5.24052978e-003 0. 0. 0. 0. 0. 0. 0. 3.28796939e-003 0. 0. 0.
    8.44760856e-004 0. 0. 3.21871671e-003 0. 0. 0. 0. 0. 0.
    2.71289353e-003 3.03256745e-003 0. 0. 5.71319426e-004 0.
    3.58558889e-003 2.32950691e-003 0. 4.18688264e-003 0. 0.
    8.17598891e-004 3.23467725e-003 0. 0. 0. 2.01275968e-003 0. 0. 0. 0.
    0. 0. 0. 0. 0. 0. 0. 0. 0. 0. 4.83257696e-003 2.34981091e-003 0. 0.
    4.77451482e-004 -1.46744802e-004 2.33307760e-003 7.19870673e-003 0.
    4.07255813e-003 2.32847943e-003 2.94871815e-003 0. 0.
    -1.33759447e-003 0. 1.38041214e-003 9.03293316e-004 0.
    4.09138203e-003 0. 0. 0. 0. 2.28965608e-003 2.57459795e-003
    -3.89280263e-004 4.44611721e-003 7.78686837e-004 4.92737722e-003 0.
    0. 1.05105829e-003 0. 0. 0. 0. 7.00954988e-004 0. 0.
    -5.48914686e-005 0. 0. 1.26120169e-003 0. 3.62973055e-003
    1.48796593e-003 0. 0. 2.95874244e-003 0. 0. 0. 0. 6.08877093e-003 0.
    0. 0. 2.16813921e-003 0. 0. 0. 0. 9.01057094e-004 0. 0. 0.
    3.98192788e-003 1.75917312e-003 -8.75949743e-004 1.25110755e-003 0.
    0. -2.10355807e-004 2.83483276e-003 2.98137753e-003 0.
    4.89650061e-003 0. 0. 4.86035860e-004 0. 0. 1.61874061e-003
    2.02837144e-003 -1.39345112e-003 7.44512631e-003 0. 1.06794341e-003
    0. -3.28920991e-003 0. 0. 6.22886815e-004 0. 0. -2.27296492e-003
    1.89773331e-003 7.58836686e-004 0. 0. -1.90168654e-003
    1.51701923e-003 0. 0. -3.58244666e-004 0. 5.53935301e-004 0. 0.
    3.26368003e-003 0. 0. 2.46412982e-003 1.84727134e-003 0.
    4.82749613e-003 0. 0. 2.21860851e-003 -3.56240853e-005 0. 0. 0. 0.
    0. 0. 9.21954575e-004 5.14992606e-003 0. 0. 0. 0. -1.60303229e-004
    0. 0. 0. 0. 3.74169867e-005 0. 1.65401271e-003 0. -2.81148893e-003
