<?xml version="1.0"?>
<opencv_storage>
<imageDescriptor type_id="opencv-matrix">
  <rows>1</rows>
  <cols>1000</cols>
  <dt>f</dt>
  <data>
    0. 8.94672237e-004 0. 6.97872136e-003 0. 0. 2.89521157e-003 0. 0.
    1.88759761e-003 1.31407252e-003 1.49030499e-002 0. 0.
    2.41784751e-003 0. 0. 4.70905798e-003 0. 0. 0. 0. 0. 0. 0.
    -6.32119074e-004 1.94450829e-003 0. -2.57414789e-003
    -2.04942538e-003 5.46434568e-003 6.19543064e-003 0. 0.
    3.50354193e-003 0. 0. 5.16740198e-004 -1.60702236e-003 0.
    1.96691579e-003 0. 0. 0. 1.18292766e-002 2.63626873e-003 0. 0. 0.
    -2.02249107e-003 2.37336638e-003 2.95502809e-003 0. 0. 0. 0. 0.
    -3.94250592e-003 0. -1.54592539e-003 7.41191860e-003 0. 0. 0. 0. 0.
    7.95305707e-003 0. 2.88532628e-003 0. 0. -1.98310404e-003 0.
    5.02372859e-004 0. 0. 0. 0. 0. 0. 0. 0. 0. 0. 0. -7.73509964e-004 0.
    0. 1.22428476e-003 0. 0. 0. 0. 0. 0. 0. 0. 5.84419526e-004 0. 0. 0.
    0. 0. 0. 0. 0. 0. 0. 6.87234511e-004 0. 0. 4.53461334e-003 0. 0. 0.
    0. 0. 0. 0. -1.91905734e-003 0. 0. 9.49409138e-003 0. 0. 0.
    6.68042107e-004 0. 0. 0. 0. 0. 0. -3.02797795e-004 0. 0. 0. 0. 0. 0.
    0. 0. 0. -1.16073905e-004 0. 0. 7.76191475e-004 0. 6.47758506e-003
    1.72344793e-003 0. 0. 0. 0. 0. 1.27012888e-002 0. 0. 0. 0.
    2.02680449e-003 0. 0. 0. -1.00680161e-003 3.72164097e-004 0. 0. 0.
    0. 0. -5.71486598e-004 8.47439980e-004 8.05688789e-004 0.
    2.87930644e-003 0. 8.12829752e-003 0. 0. -2.08128433e-004 0. 0.
    1.92036969e-003 7.24129053e-003 1.11959374e-003 0. 2.80583138e-003
    1.49749801e-003 0. 0. -7.36558868e-005 0. 0. 0. 0. 6.71349699e-003
    0. 0. 1.75015279e-003 -1.39872299e-003 2.87501636e-004
    7.17117626e-004 2.93908583e-004 7.90299568e-003 1.54590020e-002 0.
    0. 0. 0. 0. 0. -3.00898173e-005 0. 5.29559511e-005 1.27831288e-002
    1.55856053e-003 1.82416185e-003 0. 0. 0. 2.55000591e-003 0. 0. 0.
    1.19089498e-003 7.48144649e-003 0. 0. 0. 4.38967161e-003 0. 0. 0. 0.
    0. 0. 0. 0. -2.17675348e-003 1.99573254e-003 0. 0. 0.
    -5.13973995e-004 0. 0. 0. 0. 8.69676657e-003 0. 3.98672791e-003
    2.85913469e-003 4.24857935e-005 1.18853140e-003 0. 0. 0. 0. 0. 0. 0.
    -5.08975354e-004 1.47277315e-003 1.33190793e-003 0. 9.22815743e-005
    0. 0. 0. 0. 0. 8.25510419e-004 0. -3.84542713e-004 0. 0. 0. 0. 0. 0.
    0. 0. -4.09364142e-003 0. 3.95840453e-003 0. 0. 0. 0.
    8.00448749e-003 0. 0. 0. 0. 8.93126649e-004 1.45569956e-002 0.
    2.95804138e-003 0. 5.36116399e-003 1.74253481e-003 0.
    9.82603058e-003 0. 0. 0. 0. 9.32611641e-004 0. 0. 3.39091010e-003 0.
    -6.83451770e-004 0. 0. 0. 3.29872570e-003 2.97225546e-003 0. 0. 0.
    0. 0. 6.01107953e-003 0. 9.58941970e-003 5.70429675e-003 0. 0. 0. 0.
    1.43539847e-003 0. 0. 1.00732618e-003 1.04277190e-002 0. 0. 0. 0.
    -3.00590764e-003 0. 3.41707584e-003 0. 0. 0. 0. 0. 0. 0. 0. 0. 0.
    -3.14858486e-003 1.06319012e-002 1.88049197e-003 0. 1.61985063e-003
    6.60376507e-004 1.26717507e-003 0. 8.72986671e-003 0. 0.
    8.67871509e-004 0. 0. 0. 0. 0. 0. 0. 1.62645411e-002 2.03420129e-003
    1.04627907e-002 3.78106697e-003 0. 0. 0. 2.03430303e-003 0. 0. 0. 0.
    0. 0. 0. 0. 0. 0. 3.25947627e-003 0. 4.00002627e-003 3.71052897e-006
    0. 0. 0. 0. 0. 0. 8.02817475e-003 0. 3.74499854e-004 8.86698253e-003
    0. 3.68612679e-003 8.93960614e-003 0. 4.59664920e-003
    9.33352672e-003 0. 0. 1.54895626e-003 2.06661108e-003 0. 0.
    2.82020913e-003 0. 3.17633006e-004 0. 0. 0. 2.02994887e-003
    4.66171792e-003 0. 0. 0. 0. 0. 2.04998814e-003 1.16540212e-002
    1.66903588e-003 0. 0. 0. 0. 0. 1.13206648e-003 0. 0. 0.
    1.39792319e-002 0. 4.92784753e-003 0. 0. 0. 0. 0. -6.41996041e-004
    3.80137237e-003 7.02475384e-003 3.46341589e-003 0. 0. 0. 0. 0. 0.
    8.21829773e-003 0. 0. 0. 2.11538514e-003 2.64389496e-002 0. 0. 0.
    -7.58439885e-004 0. 0. 3.45512968e-003 0. 0. 0. 0. 0. 0. 0. 0.
    9.17541422e-003 0. 2.82717682e-003 0. 3.23024375e-004
    -1.22846905e-004 5.17365616e-003 0. 1.19111338e-003 0.
    8.35631450e-004 0. 0. 0. 0. 2.94759776e-003 0. 0. 0. 0. 0.
    2.18252535e-003 4.03965870e-003 0. 0. 0. 0. 0. 0. 0. 0.
    -2.48481752e-003 0. 0. 0. 0. 2.70834635e-003 0. -8.07840086e-004 0.
    0. 0. 0. 0. 3.36388522e-003 0. 6.78005803e-004 0. 0. 0.
    1.66532234e-003 0. 0. 7.36168760e-004 0. 0. 0. 1.77653553e-003 0. 0.
    0. 0. 0. 0. 0. 0. 0. 0. 0. 0. 0. 2.90088891e-003 0. 2.13955739e-003
    0. 5.65662122e-005 0. 0. 2.43913569e-003 0. 6.92400523e-003 0. 0.
    7.12505309e-003 0. 0. 0. 0. 1.17680458e-002 0. 0. 0. 0. 0. 0. 0. 0.
    8.61208304e-004 7.43797841e-003 0. 0. 0. 0. 7.82669988e-004
    -6.91035457e-005 1.95682351e-003 0. 0. 0. 1.11582072e-003 0. 0. 0.
    1.99229713e-003 0. 0. 0. 0. 0. 0. 6.46737777e-003 0. 0. 0. 0. 0. 0.
    2.64078565e-003 0. 0. 0. 0. 5.74042462e-003 0. 0. -3.99515033e-003
    0. 0. 2.09792238e-003 3.13822017e-003 3.00497026e-003 0. 0. 0. 0. 0.
    0. 0. 0. 7.23124202e-003 0. 0. 0. 0. 0. 0. 0. 0. 0. 9.05935245e-004
    0. 1.71092190e-002 0. 0. 0. 1.17352826e-003 0. 2.88697332e-003
    4.69967723e-004 0. 0. 1.62828469e-003 -8.10141559e-004 0. 0. 0. 0.
    0. 0. 0. 1.53781837e-002 0. 8.16154014e-003 0. 0. 0. 0.
    4.07293811e-003 -6.00295607e-004 0. 0. 5.25108073e-003 0. 0. 0. 0.
    0. 0. -5.98466606e-004 7.27438484e-004 -2.89663998e-003 0.
    1.39697758e-003 0. 0. 0. 0. 0. 0. 0. 8.68663751e-003 0. 0. 0.
    3.10770236e-003 0. 0. 0. 4.88152727e-003 0. 0. 0. 0. 0.
    4.23799828e-003 8.49253905e-004 6.52395305e-004 0. 0. 0.
    1.03048165e-003 0. 0. 0. 9.50621907e-004 0. 0. 0. 0. 0. 0. 0. 0.
    9.02839098e-003 0. 2.75020790e-003 0. 0. 0. 0. 5.16753003e-004 0. 0.
    0. 0. 0. 0. 0. 0. 0. 0. 8.69681593e-003 1.23124372e-003 0.
    1.93375128e-003 3.09363566e-003 0. -1.48853450e-003 0. 0. 0. 0. 0.
    0. 0. 0. 0. 1.30300066e-002 2.89445207e-003 3.68621177e-003 0.
    -9.76953233e-005 0. 1.71839865e-003 0. 0. 0. 7.26345635e-004
    5.32815652e-003 0. 0. 0. 0. 0. 0. 2.00222223e-003 1.12282513e-002 0.
    0. 0. 0. 9.70019610e-005 0. 0. 0. 0. 0. 6.32060179e-003
    -6.69587462e-004 0. 0. 1.00536719e-002 1.19089580e-003 0. 0. 0.
    1.63053861e-003 7.40838563e-003 0. 1.86776766e-003 0. 0.
    8.42663366e-003 2.18111579e-003 0. 1.06886798e-003 1.74319744e-003
    0. 0. 0. 0. 1.61073729e-003 0. -4.92935441e-003 0. 0.
    -4.54822981e-007 0. -3.31410626e-003 1.17673283e-003
    -3.24739795e-003 4.50281985e-003 0. 0. 4.98371257e-004 0.
    -8.48596566e-004 9.71919671e-003 0. 0. 0. 5.17038752e-005 0.
    3.95560218e-003 1.85242225e-003 0. 4.60231863e-003 0. 0. 0. 0.
    2.03051767e-003 0. 0. 0. 0. 0. 0. 5.72861265e-003 2.04209308e-003
    1.21039525e-002 0. 0. 0. 0. 0. 7.46851147e-004 0. 0. 2.65082787e-003
    7.36259017e-003 0. 0. 0. 0. 0. 0. 0. 1.09793188e-003 0. 0.
    1.09318122e-002 0. 9.23477020e-003 1.23011768e-002 0. 0. 0.
    2.32257438e-003 0. 0. -1.21402112e-003 3.73715162e-003 0.
    1.08856792e-002 7.92402588e-003 2.65647075e-003 0. 0. 0. 0. 0.
    8.75377748e-003 0. 0. 0. -3.23005999e-003 0. 0. 0. 0.
    -9.83446953e-004 0. 0. 0. 0. 0. -5.23620285e-004 7.99535029e-003 0.
    0. 0. 0. 0. 0. 0. 0. 1.21816131e-003 4.65503428e-003 0. 0. 0. 0. 0.
    -1.29588495e-003 0. 3.05700290e-004 0. 0. 0. 0. 0. 0.
    6.54867210e-004 0. -9.23229032e-004 0. 0. 3.10058333e-003
    3.00292647e-003 0. 0. 2.28029210e-003 0. 0. 2.66441563e-003 0.
    3.06431903e-003 3.18525941e-003 0. 0. 0. -7.53052824e-004 0.
    2.15801038e-003 0. 0. 0. 0. 0. 0. 2.06637289e-003 0. 3.78023228e-003
    0. 0. 6.74771098e-003 2.78515066e-003 0. 0. 3.79417720e-003 0. 0. 0.
    2.42292974e-003 0. 0. 0. 0. 0. 3.14941257e-003 0. 0. 0. 0. 0. 0. 0.
    7.94940046e-004 0. 0. 0. 0. 0. 8.11248925e-003 0. 5.01531037e-003 0.
    0.</data></imageDescriptor>
</opencv_storage>
