<?xml version="1.0"?>
<opencv_storage>
<imageDescriptor type_id="opencv-matrix">
  <rows>1</rows>
  <cols>1000</cols>
  <dt>f</dt>
  <data>
    0. 4.34912322e-003 0. 0. 0. 0. 0. 0. 0. 0. 3.62959248e-003 0. 0.
    1.33985851e-003 0. 4.49548056e-003 0. 6.01098081e-003 0. 0. 0. 0. 0.
    0. 0. 0. 0. 0. 1.27588504e-003 0. 0. 5.80342719e-003 0.
    1.20371776e-002 0. 0. 3.01801553e-003 0. 0. 0. 0. 0. 0.
    2.75385613e-003 0. 5.07146493e-003 0. 0. 0. 3.13952263e-003 0.
    3.59841553e-003 3.98394605e-003 -3.45898792e-004 0. 5.34411706e-003
    1.74182031e-004 0. 0. -1.59066054e-003 0. 0. 0. 0. 1.73753861e-003
    0. 0. 0. 0. 0. 9.34866816e-003 0. 0. 0. 0. -2.29757209e-003 0.
    4.00132826e-003 0. 0. 0. 0. 0. 1.09195830e-002 0. 0. 0. 0.
    1.34509802e-003 0. 1.95210625e-003 1.77643728e-003 0.
    9.68851987e-003 0. 8.65439698e-003 0. 1.76378014e-003 0. 0. 0. 0. 0.
    0. -1.41754595e-003 0. -1.35761069e-003 3.25996941e-003
    6.84111891e-003 6.64593698e-003 -4.29780222e-003 0. 8.60578474e-003
    0. 1.36678701e-003 0. 2.45981268e-003 0. -7.29671447e-004 0. 0. 0.
    0. 2.05855002e-003 0. 8.26540403e-003 0. 0. 0. 0. 0. 7.07434956e-003
    6.60001813e-003 0. 0. 0. 0. 0. 0. -4.09650995e-004 0. 0. 0. 0.
    1.43902958e-003 0. 0. 3.91143747e-003 0. 0. 0. 1.49937376e-004 0. 0.
    0. 2.25954177e-003 0. 0. -4.33154928e-004 0. 0. 0. 0. 0. 0.
    1.02818366e-002 0. 0. 0. 1.05754414e-003 0. 0. 0. 0. 0. 0.
    4.81103733e-003 0. 0. 0. 0. 0. 0. 0. 1.14656100e-003 3.43410997e-003
    0. 0. 0. 0. 0. 3.81961395e-003 4.13566187e-004 -3.10147821e-004 0.
    2.24024849e-003 0. 0. 0. 0. 5.35362214e-003 0. 5.20028640e-004 0.
    2.38141743e-003 0. 0. 0. 0. 0. 1.26970711e-003 0. 0. 0. 0. 0. 0. 0.
    0. -1.06443325e-003 4.57406929e-003 0. 0. 0. 0. 0. -9.28820402e-004
    0. 0. 0. 0. 6.63253086e-005 0. 1.73709635e-003 0. 0. 2.15995149e-003
    0. 0. 0. 0. 0. 0. 0. 0. 0. 0. 0. 0. 7.26900762e-003 0.
    3.76010896e-003 0. 0. 5.74336201e-003 0. 0. 0. 1.94660854e-004
    -2.62644677e-003 4.46003675e-003 0. 0. 0. 0. 0. 4.27517528e-003
    2.37078778e-003 0. 0. 0. 4.50903969e-003 0. 0. 0. 9.87823820e-004 0.
    0. 9.03906487e-003 0. 1.37884519e-003 0. 0. 0. 0. 0. 0. 0.
    7.77562894e-003 -9.73440183e-004 1.84387481e-003 0. 0.
    2.87509914e-002 0. 0. 0. 0. 0. 0. 0. 0. 0. 0. -2.52483576e-003 0. 0.
    0. 0. 2.25821673e-003 0. 3.01581598e-003 0. 0. 0. 0.
    -4.48075938e-004 0. 0. 2.69234902e-003 1.55973667e-003 0.
    -3.15879413e-004 0. 5.59076434e-003 1.55133521e-003 0. 0.
    3.12513765e-003 -3.50926537e-004 0. 0. 0. 0. 4.84573701e-003
    -2.65888008e-003 1.74445880e-003 0. 2.36105570e-003 0. 0. 0. 0.
    5.80171496e-003 8.50358326e-003 9.63355135e-003 0. 0. 0.
    5.71053382e-003 0. 7.99906906e-004 0. 9.37171804e-004
    -2.20760331e-003 8.07587709e-003 2.71387585e-003 0. 0. 0. 0. 0.
    1.37688464e-003 5.60249807e-003 1.15158716e-002 -2.17385427e-003 0.
    0. 3.07826186e-003 0. 0. 0. 0. 0. 0. -1.14335376e-003 0.
    -4.05617262e-004 5.04198624e-003 1.72823330e-003 0. 0. 0. 0. 0. 0.
    0. 0. 2.72495835e-003 0. 0. 0. 5.13491407e-003 7.00884615e-004 0.
    2.78532133e-003 2.14782986e-003 -6.83311722e-004 1.02175334e-002 0.
    0. -3.15881713e-004 0. 0. 0. 0. 0. 2.53386388e-004 0. 0.
    4.47313255e-003 0. 0. 0. 0. 1.06218420e-002 0. 1.11631292e-003 0. 0.
    0. 2.94015720e-003 0. 0. 2.72204215e-003 0. 0. 1.46017317e-002 0.
    2.66160350e-003 0. 0. 4.45082923e-003 0. 0. 0. 3.87556793e-004 0. 0.
    0. 0. 0. 0. 1.83341443e-003 -6.27683301e-004 0. 0. 0. 0.
    3.90129117e-003 0. 0. 0. 0. 0. 0. 1.13413180e-003 0. 0. 0.
    5.53433876e-003 0. 0. 0. 0. 0. 0. 0. 0. 0. 0. 0. 0. 0. 0. 0. 0. 0.
    3.84118711e-003 -3.95536772e-004 6.72407402e-003 0. 0. 0.
    1.15099549e-003 -2.24587624e-004 0. 0. 0. 0. 0. 0. 5.61038777e-003
    0. 0. 0. 7.39687867e-003 0. 1.52352976e-003 0. 1.57975673e-003
    6.44418877e-003 0. 0. 0. 0. 0. 0. 0. 0. 0. 3.60581372e-003 0. 0. 0.
    0. 0. 0. 0. 3.04844999e-003 4.30345582e-003 0. 0. 7.06835045e-003 0.
    7.64079951e-003 0. 1.05590350e-003 -2.77483177e-005 1.24826748e-003
    0. 0. 0. 0. 0. 0. 0. 0. 0. 5.35402028e-003 0. 2.08582706e-003 0. 0.
    0. 0. 0. 0. 0. 0. 0. 0. 0. 8.40621651e-004 0. 6.42250571e-003
    3.15678735e-005 0. 1.31619314e-003 0. 0. 0. 0. 0. 0. 2.18823599e-003
    0. 0. 2.60963035e-003 0. 2.04055500e-003 5.03727328e-003 0.
    -2.48937286e-003 6.22668164e-003 0. 0. 0. 1.09802419e-003 0. 0.
    3.85588501e-003 0. 1.15151796e-002 0. 1.34622550e-003 0.
    5.29551227e-003 0. 0. 0. 0. 0. 8.87318340e-004 1.20562653e-003 0. 0.
    5.96521143e-003 0. 0. 0. 0. 0. 0. 7.17825163e-003 -1.06140762e-003
    0. 0. 0. 0. 3.27113667e-003 -2.38585024e-004 0. 0. 0. 0. 0. 0. 0. 0.
    0. 7.24427635e-004 7.05170096e-004 0. 0. 2.39323569e-003
    5.06722368e-004 2.43133749e-003 0. 0. 0. -5.40990557e-004 0.
    2.55258114e-004 0. 0. 0. 1.29602589e-002 0. 3.02745588e-003 0. 0.
    2.90028495e-003 0. 0. 9.51009523e-003 0. 0. 3.18497396e-003 0. 0. 0.
    0. 0. 0. 4.58831340e-003 0. 0. 0. 8.61256476e-003 3.02011566e-003 0.
    0. 0. 0. 0. 0. 0. 3.06607969e-003 2.70246342e-003 0. 0.
    2.39951443e-003 0. 1.15123270e-002 0. 0. 1.97070721e-003
    1.36632966e-002 1.15379365e-003 -2.73003593e-006 0. 9.87794599e-004
    0. 0. 0. 0. 0. 0. 0. 0. 0. 0. 5.26699005e-003 0. 3.15264263e-003 0.
    0. 0. 1.01015996e-002 0. 1.87095569e-003 0. 0. -2.54100165e-003 0.
    -1.66781479e-003 0. 1.47304067e-003 0. 0. 0. 0. 0. 0.
    1.02665764e-003 0. 3.74391582e-003 9.29364935e-003 0.
    8.86942446e-003 0. 4.49074106e-003 0. 2.42581661e-003
    -5.93985664e-004 0. 1.82613602e-003 0. 0. 0. 0. 4.18080017e-003 0.
    3.03917238e-003 0. 1.11569045e-003 0. 0. 0. -2.20915349e-003 0. 0.
    0. 0. 4.87497542e-004 0. 0. 0. 0. 2.45893374e-003 0. 2.25684582e-003
    3.80911725e-003 -1.54479488e-003 0. 0. 0. 1.22747123e-002 0. 0. 0.
    2.21232348e-003 0. 0. 0. 6.54970389e-003 -3.43048922e-003
    1.18761128e-002 0. 0. 0. 0. 3.26678855e-004 0. 1.60382017e-002 0. 0.
    0. 0. 0. 0. 0. 0. 2.12743296e-003 0. 0. 0. 0. 0. 0. 0.
    1.68953708e-003 0. 3.54411686e-003 0. 4.59771464e-003
    1.44832965e-003 0. 6.51203562e-003 0. 0. 0. 0. 0. 0. 2.77808891e-003
    0. 1.26828428e-003 3.21360450e-004 4.94329305e-003 0.
    4.61366406e-004 3.35114030e-003 0. 0. 0. 7.32352026e-003 0.
    -1.74515427e-003 0. 0. 0. 0. 0. 0. 0. 0. 0. 0. 0. 0. 3.82270734e-003
    0. 0. 4.55497624e-003 0. 0. -5.36035234e-003 0. 0. 0. 0.
    3.54530243e-003 6.94477512e-003 0. 0. 0. 0. -1.67266990e-003 0.
    4.75961808e-003 1.52086164e-003 0. 0. 0. 0. 7.52217311e-004
    2.93278811e-003 0. 3.32373846e-003 0. 0. 0. 8.24372657e-003 0.
    7.33522093e-003 4.34994837e-003 0. 0. 4.09115339e-003 0. 0. 0. 0. 0.
    0. 0. 0. 1.98902772e-003 0. 0. 4.53896262e-003 0. 4.03601769e-003 0.
    0. 0. 6.17554353e-004 7.13090226e-003 0. 0. 0. 1.06950197e-003 0.
    6.21153833e-003 0. 0. 0. -8.42461246e-004 0. 0. 0. 0.
    1.37729698e-003 0. 0. 2.59605586e-003 3.56333447e-003
    3.47772241e-003 0. 0. 3.99046764e-003 0. 0. -4.32637287e-003
    3.70709551e-003 0. 0. 0. 4.25177580e-003 0. 3.06672440e-003 0. 0.
    1.44512823e-003 0. 5.32798329e-003 9.59519949e-003 0.
    -2.40164180e-003 0. 0. 2.92026880e-003 0. 2.78344378e-003 0. 0. 0.
    2.18180986e-003 0. 0. 0. 0. 0. 0. 0. 0. -9.44484127e-005 0. 0. 0. 0.
    0. 4.91354242e-003 3.05803865e-003 0. 0. 0. 0. 0. 1.25692561e-002 0.
    0. 4.48581204e-003 2.08170898e-003 -3.20843334e-004 0. 0.
    2.57550320e-003 0. 4.38406179e-003 0. 0. 3.10892216e-003 0. 0.
    1.42916664e-003 -3.13978456e-003 0. 8.63153022e-003 0.
    6.28683716e-004 0. 0. 0. 0. 0. 3.63651570e-003 2.60214531e-003
    2.95439246e-003 4.19020234e-003 0. 0. 0. 0. 0. 0. 0. 0.</data></imageDescriptor>
</opencv_storage>
