<?xml version="1.0"?>
<opencv_storage>
<imageDescriptor type_id="opencv-matrix">
  <rows>1</rows>
  <cols>1000</cols>
  <dt>f</dt>
  <data>
    4.47844015e-003 2.06705998e-003 0. 0. 0. 0. 0. 2.55072396e-003
    9.45337757e-004 0. 0. 8.70778691e-003 -6.42756233e-004
    -6.13003387e-004 0. 7.32310291e-004 0. 6.41572231e-004 0. 0.
    4.07521985e-003 5.44461072e-004 0. 0. 1.53704066e-004 0. 0. 0. 0. 0.
    0. 2.58041103e-003 0. 1.02920469e-003 -1.57975432e-004 0. 0.
    1.20537274e-003 0. 1.79041189e-003 0. 0. 1.93849043e-003
    1.13313261e-003 1.20167900e-003 0. 1.48559059e-003 3.06017045e-003
    0. 2.51376326e-003 3.50802415e-003 0. 1.96973258e-003
    3.83873424e-003 2.25574287e-004 2.31385650e-003 -2.79901229e-004
    -1.02974987e-003 0. 5.40336332e-005 0. 1.73135044e-003
    3.61937168e-003 0. 5.61646651e-004 0. 0. 1.64459832e-003
    1.12378818e-003 0. 2.87096598e-004 0. 1.90284918e-003 0.
    8.30729608e-004 0. -6.84386687e-005 1.41260028e-003 0. 0. 0. 0. 0.
    3.28862271e-003 0. 2.51348596e-003 1.17487530e-003 0.
    2.44300725e-004 1.98635296e-003 0. 0. 0. 5.47366589e-003
    1.01451774e-003 0. 0. 0. 1.88338873e-003 0. 0. 1.09691021e-003 0. 0.
    0. 0. 9.26443492e-004 0. 0. 1.29761919e-003 0. 0. 1.18071120e-003 0.
    0. 0. 3.52023006e-003 4.50019911e-003 1.38974399e-003
    2.27160184e-004 1.28892006e-003 -1.26328232e-004 0. 0.
    1.78159226e-003 0. 0. 0. 0. 2.97342427e-004 3.67290783e-003 0. 0. 0.
    -3.49647162e-005 0. 1.48805289e-003 5.95987542e-003 -1.25979912e-003
    3.82093084e-003 9.56333708e-004 0. 3.57951713e-003 0.
    2.83126719e-003 0. 0. -3.03307199e-004 -1.42639270e-003 0. 0. 0. 0.
    8.53291713e-004 0. -1.30853872e-003 1.95956416e-003 1.57951901e-003
    5.86766796e-003 1.90166850e-003 1.03002379e-003 0. 0.
    4.36829729e-003 0. 0. 0. 1.36822672e-003 -3.16442543e-004
    1.23132591e-003 2.40160222e-003 0. 0. 0. 0. 0. 1.93651742e-003
    2.88556842e-003 1.50034903e-003 3.12109711e-003 9.52014793e-003 0.
    1.24920672e-003 -7.00570527e-004 5.19841118e-003 1.57721268e-004
    2.33491510e-003 3.17253778e-003 0. -2.76642440e-005 0. 0.
    -3.76962475e-004 0. 0. 0. 0. -1.16266904e-003 0. 0. 0. 0.
    1.78743896e-004 3.49006732e-003 1.30072003e-003 0. 4.76652989e-003
    1.11145477e-004 0. 0. 8.46793264e-005 0. 0. 1.11764553e-003
    1.46100344e-003 0. 0. 2.94167409e-003 0. 1.47190318e-003
    3.93149164e-003 3.22044385e-003 9.43458406e-004 0. 1.18230877e-003
    1.38056057e-003 0. 0. 0. 6.65849680e-003 1.66651164e-003 0. 0.
    3.92176770e-003 0. 0. 0. 2.35420256e-003 0. 0. 8.17711465e-004 0.
    2.63093407e-005 1.64774538e-003 0. 2.58330139e-004 0. 0. 0.
    8.98627215e-004 1.52001635e-003 1.33057684e-002 2.71273614e-003 0.
    0. -8.75369515e-005 0. 0. 7.79377762e-004 2.31049047e-003 0. 0. 0.
    0. 0. 0. 0. 0. 5.36155049e-003 0. 1.07154332e-003 0. 1.92970759e-003
    2.10357131e-003 0. 0. 1.15632601e-002 4.53304005e-004 0. 0. 0. 0.
    3.24915338e-004 3.40418366e-004 0. 5.01789711e-003 0. 0. 0.
    4.62070061e-003 1.98253267e-003 2.58199987e-004 0. 0.
    8.38621520e-004 0. -5.82034772e-005 0. 0. 0. 2.61664018e-003 0.
    6.90609915e-004 4.19131201e-003 -4.89604659e-004 -4.99788031e-004 0.
    1.16577069e-003 0. 0. 1.25789514e-003 0. 0. 0. 1.90969819e-004 0. 0.
    0. 0. 0. 7.09919899e-004 0. 1.99270877e-003 0. 0. 8.71789583e-004 0.
    0. -8.87167756e-004 1.74277509e-003 2.68729590e-003 -5.96431142e-004
    0. 1.99403055e-003 0. 0. 0. 1.84914935e-003 0. 1.80200732e-003 0.
    1.80361839e-003 2.58013420e-003 0. 2.95930803e-002 9.63108963e-004
    7.92300515e-003 0. 0. 3.89944343e-003 3.96751595e-004
    3.95724783e-003 0. 1.19836454e-003 0. 0. 0. 3.40628857e-003
    2.03915522e-003 0. -7.82711257e-004 0. 0. 5.25418716e-003
    6.35599205e-003 1.12339819e-003 5.36159333e-003 1.32574723e-003 0.
    0. 0. 0. 0. 0. 4.00193874e-003 -2.14001164e-003 0. 0.
    4.89027705e-003 2.81026075e-003 6.77269185e-004 0. 2.17601983e-003
    6.02674345e-003 1.37345400e-003 3.10910237e-003 0. -3.47704889e-004
    1.63894030e-003 8.21280264e-005 0. 1.58387388e-003 0.
    -2.16258442e-004 5.81533241e-004 1.04152793e-002 0. -1.32603641e-003
    0. 9.31812078e-003 0. 0. 7.59903050e-004 0. 3.46458098e-003
    6.39188290e-003 0. 1.42646302e-003 0. 0. 0. 0. 5.17088920e-003 0. 0.
    2.14712997e-003 -1.83349941e-004 0. 0. 4.33141971e-003 0. 0. 0. 0.
    0. 0. 0. 0. 0. 0. -1.03984715e-003 4.14676964e-003 9.21536796e-003
    0. 0. 2.44518649e-003 1.81209855e-003 3.66693363e-003 0. 0. 0.
    -3.67048015e-005 1.08490733e-003 9.56605189e-004 2.48639565e-003
    1.52111752e-003 0. 0. -1.04673090e-003 0. 1.99660542e-003
    8.74409452e-004 1.15415518e-004 0. 0. 0. 6.88355722e-005 0.
    3.10771662e-004 0. 0. -1.54485658e-003 7.43740238e-004 0.
    1.12469750e-003 5.25960792e-003 0. 0. -4.07167157e-004
    8.53400561e-004 0. 2.55283760e-003 0. 0. 3.04876617e-003 0.
    2.03012736e-004 0. 0. 8.49099539e-004 1.94950530e-003
    1.46806007e-003 4.30534966e-003 1.10709947e-003 1.36174932e-002
    1.89064431e-003 4.24691522e-003 0. 3.48656002e-004 0.
    1.87906204e-003 -8.12168932e-004 1.57951936e-003 1.63451023e-003
    3.91622772e-003 4.71594540e-004 2.15631677e-003 0. 0. 0.
    1.96797060e-004 0. 2.95440829e-003 5.81687898e-004 1.21531589e-003
    0. 3.92520771e-004 -1.94657914e-004 -4.05361818e-004 0. 0.
    2.33146944e-003 0. 4.09382302e-003 0. 1.36307173e-003 0.
    1.17750629e-003 1.23227795e-003 0. 1.82539516e-003 0.
    6.11988246e-004 0. 1.94155599e-003 0. 1.29365490e-003
    3.31384339e-003 0. 0. 3.21725056e-005 0. 3.56672186e-004 0. 0. 0. 0.
    9.71583126e-004 1.47362938e-003 0. 0. 0. 0. 0. 5.57916425e-003 0.
    8.67107708e-004 0. 3.58844642e-003 4.32970887e-003 9.07727226e-004
    7.98448571e-004 3.02614586e-004 0. 0. 0. 0. 6.88877481e-004
    -3.75535659e-004 -1.10595087e-004 0. 3.71102709e-003 0. 0. 0.
    3.36859841e-003 4.09344444e-003 0. 4.72207926e-003 5.62938536e-003
    1.99544313e-003 3.58945108e-004 0. 2.19563488e-003 0.
    3.87199200e-003 0. 0. 0. 0. 9.78304073e-004 0. 6.97515556e-004 0.
    1.36802834e-003 0. -1.77318288e-004 0. 3.80995171e-003 0. 0. 0. 0.
    7.82674085e-003 0. 0. 0. 0. 9.82754631e-004 0. 0. 6.03219494e-004 0.
    0. -1.27897784e-003 0. 1.23210927e-003 9.06446658e-004
    7.95127562e-005 0. 0. 0. 0. 0. 3.31819610e-004 0. 4.09615599e-003 0.
    0. 0. 3.90207395e-003 0. 0. 9.46352782e-004 0. 1.06756040e-003 0. 0.
    0. -9.31855873e-004 1.71935116e-003 -1.64904469e-003 0. 0. 0. 0. 0.
    6.87324733e-004 0. 2.82338791e-004 0. -1.20256620e-003
    1.35408889e-003 1.81219389e-003 0. 4.53457236e-003 3.08750663e-003
    4.34321770e-003 3.69507377e-003 0. 2.05152831e-003 0. 0.
    8.20598751e-003 -1.80884521e-003 1.26089051e-003 0. 1.30357128e-003
    -1.02130917e-003 0. 5.48560114e-004 0. 0. 0. 0. 0. 2.73021474e-003
    0. 7.87218381e-003 0. 5.47402655e-004 0. -1.59315008e-003
    3.84912780e-003 1.59917737e-003 0. 6.24965457e-003 1.04779878e-003
    2.50613713e-003 3.56125762e-003 1.98448962e-003 -1.23783786e-004
    4.88979416e-003 1.00662117e-003 0. 4.02097078e-003 2.70741968e-003
    0. 1.55029434e-003 2.62104580e-003 2.20988179e-003 -1.42708060e-003
    0. 0. 0. -1.63070136e-003 0. 9.32235387e-004 0. 0. 0.
    -1.09339846e-004 8.09157966e-004 1.57848443e-003 8.73018056e-003
    1.63799513e-003 0. 1.33248791e-003 0. 0. 4.36382834e-003 0.
    1.65284891e-003 1.74373446e-003 0. 0. 0. 3.68255307e-003
    3.79330106e-003 0. 1.02529593e-003 -1.35526061e-003 -7.79329566e-004
    0. 0. 0. 0. 0. 0. 0. 3.05204443e-003 0. 0. 8.40907451e-003
    9.63166298e-004 1.09489437e-003 0. 0. 0. 1.08609814e-003 0.
    1.83628668e-004 2.87788198e-003 0. -4.47643310e-004 0. 0. 0.
    1.76091911e-003 1.03134010e-002 1.20386458e-003 0. 1.12306140e-002
    0. -1.18889473e-003 0. 0. 6.94091991e-003 4.64025838e-003 0.
    2.08270014e-003 6.53249619e-004 0. 0. 4.52214526e-003
    7.97280751e-004 1.96335744e-003 0. 0. 0. 0. 7.78285379e-004 0.
    1.75731489e-003 7.19906436e-003 2.02332321e-003 0. 2.15598033e-003
