<?xml version="1.0"?>
<opencv_storage>
<imageDescriptor type_id="opencv-matrix">
  <rows>1</rows>
  <cols>1000</cols>
  <dt>f</dt>
  <data>
    0. 0. 8.09298269e-003 1.54487463e-003 0. 0. 0. 0. 0. 0.
    2.55354773e-003 0. 0. 9.20446299e-004 0. 2.13050609e-003 0. 0. 0. 0.
    6.36609923e-003 3.74060916e-003 -1.22296880e-003 0. 6.59893791e-004
    4.56337875e-005 0. 8.09655874e-004 1.92096678e-003 0. 0. 0. 0. 0. 0.
    0. -2.12028762e-003 0. 1.76801218e-003 0. 0. 5.21590235e-003 0.
    2.04793317e-003 0. 1.43774739e-003 1.00453664e-003 0.
    4.47824178e-003 0. 0. 0. 0. 0. 2.62090890e-003 -7.35236972e-005
    2.72925664e-003 0. -4.16228053e-004 9.74236173e-004 0.
    -1.14293140e-003 9.73839022e-004 4.13133577e-003 3.17387958e-003 0.
    1.75607181e-003 0. 0. 1.22191850e-003 0. 0. -2.62269098e-003
    2.62578879e-003 0. 0. 0. 0. 0. -2.18381896e-003 2.53730617e-003 0.
    2.83874618e-003 3.29133705e-003 -9.55764612e-004 0. 0. 0. 0. 0.
    4.72739991e-003 3.64339357e-004 2.95837387e-003 8.34988547e-004 0.
    0. 0. -7.60841358e-004 0. 3.36388219e-003 0. 1.63329542e-002 0.
    7.41472351e-004 0. 3.19385726e-004 0. 0. 1.36281119e-003
    1.11679675e-003 0. 0. 0. 0. 4.40292712e-003 0. 0. 5.54119051e-003 0.
    2.03517778e-003 0. 0. 1.92994456e-004 0. 0. 0. 0. 0. 0.
    5.35458652e-003 0. 0. -4.90054139e-004 0. 0. -1.31990251e-004 0. 0.
    4.37581493e-003 0. -6.45976106e-004 6.73272973e-003 0. 0.
    -6.60061778e-004 2.66955205e-004 2.57020583e-003 0. 3.63401137e-003
    1.51596162e-002 0. 5.02227386e-003 -8.88611132e-004 -1.49613561e-003
    -1.17412687e-003 -1.27186504e-004 -7.57047601e-005 7.17371376e-003
    5.21361595e-003 3.25696566e-003 5.50663052e-003 0. 0.
    1.12658199e-002 0. 0. 1.81389134e-003 0. 0. 3.12841893e-003
    -1.04371086e-003 -5.19539870e-004 0. 2.40208185e-003 2.32433109e-003
    0. 2.61417520e-003 1.61920651e-003 0. 3.70939350e-004 0. 0. 0.
    1.64785725e-003 0. 0. 0. 0. 0. 2.95064703e-004 -1.01767466e-004 0.
    -1.75843943e-005 0. 0. 8.33680481e-003 0. 0. 0. 2.52583018e-003
    3.99617618e-003 0. 0. 2.23949435e-003 0. -1.62526197e-003
    3.08804773e-003 0. 4.75252792e-003 0. 0. 0. 0. 0. 0. 0.
    1.42939237e-003 2.34884256e-003 0. 3.01705382e-004 0.
    1.78962457e-003 -1.68445939e-003 0. 0. 0. 0. 0. 6.39679050e-003 0.
    0. 5.17113088e-003 0. 0. 1.62716315e-003 5.31084510e-003
    4.18863841e-004 0. 0. 0. 0. 0. 0. 8.71620700e-003 4.24451660e-003 0.
    0. 4.29522991e-003 1.21557142e-003 6.08551363e-003 -3.03591456e-004
    0. -1.75742258e-003 -1.06390228e-003 3.57338903e-003 0.
    4.55333898e-003 3.09806346e-004 2.30024965e-003 9.35129821e-004 0.
    -1.46707403e-003 0. 0. 6.57503027e-003 0. 6.18074276e-003 0. 0.
    6.40452513e-003 1.10833661e-003 0. 4.72067809e-003 5.00031572e-004
    -6.09409530e-004 4.21796227e-003 -5.05738659e-004 1.37013663e-003
    1.89417740e-003 4.54849284e-003 4.87138005e-003 5.31260530e-003 0.
    1.01741194e-003 0. 0. -6.32582232e-003 0. 0. 0. 0. 2.62109935e-003
    1.32024696e-003 0. 0. 0. 0. 4.51171392e-004 8.43215908e-004 0.
    8.17585620e-004 3.85897933e-003 0. 0. 3.72902979e-003
    3.90628632e-003 0. 0. 0. 1.19074667e-003 0. 0. 0. 0.
    -1.47549657e-003 0. 0. -1.12172426e-003 0. 0. 4.97676665e-003 0.
    1.35978544e-003 3.34037258e-003 0. -1.96971348e-004 0. 0.
    4.49064001e-003 0. 0. 8.03725678e-004 1.77256414e-003 0.
    2.85548704e-005 0. 0. 8.82277964e-004 1.03183789e-003 0.
    -7.81072944e-004 0. 1.10408885e-003 0. 2.05054600e-003 0. 0.
    2.05627340e-003 4.66697291e-003 0. 0. 0. 2.95276707e-003 0. 0. 0.
    6.33479620e-004 0. 1.52792397e-003 -1.77492489e-004 -2.21928558e-003
    -9.30914830e-004 0. -1.22269685e-003 0. 0. 0. 0. 5.08997240e-004
    6.39443658e-003 0. 1.18109130e-003 6.49516238e-003 0. 0. 0.
    4.01471072e-004 1.67507248e-003 0. 1.47178285e-002 4.41349111e-004
    0. 0. 0. 2.20495509e-003 0. 0. 0. 0. 0. 5.02664642e-003
    9.53011774e-003 -1.72570150e-003 9.98339336e-003 3.53948504e-004
    5.65999188e-003 2.00015493e-003 0. 3.37232719e-003 0. 0. 0. 0.
    4.52568260e-004 0. 0. 0. -1.47507747e-003 0. -1.39911787e-003
    2.01789103e-003 3.17208050e-003 9.27935541e-003 0. 4.91432613e-003
    -8.81813176e-004 0. 6.44872012e-003 2.75503355e-003 6.86550979e-004
    0. 0. 0. 0. 7.21673993e-003 1.10088603e-003 0. -4.54869325e-004 0.
    0. 1.94284436e-003 1.17231812e-003 6.68237777e-003 0.
    3.09651997e-003 1.23760686e-003 3.84001830e-003 0. 0. 0. 0. 0.
    1.54296346e-002 3.31122149e-003 -4.17853327e-004 0. 0. 0. 0.
    3.84723628e-003 0. 0. 0. 0. 0. 3.02712736e-003 0. -1.17846497e-003
    2.58132815e-004 2.50003464e-003 0. -2.30045989e-004 9.59377358e-005
    0. 0. 1.04593125e-003 0. 2.18056579e-004 1.41804246e-002 0. 0.
    -3.50019149e-003 0. 6.23965811e-004 0. 0. 0. 0. -3.19067563e-004 0.
    0. 2.41278764e-003 -5.53415564e-004 0. 0. 0. 0. 0. 0.
    2.04265141e-003 0. 5.33843413e-003 1.47582137e-003 1.47499703e-003
    5.06861252e-004 -1.06890616e-003 3.65850260e-003 0. 0. 0. 0.
    3.61202518e-004 8.17190041e-004 0. 0. 6.19345065e-003 0.
    -1.14233396e-003 0. 0. 2.49630795e-003 8.46336246e-004 0. 0. 0. 0.
    1.06518716e-003 0. -5.39055909e-004 9.91637725e-003 0.
    7.34853838e-003 0. 0. 0. 0. 2.89011892e-004 0. 2.36641453e-003 0.
    1.60674972e-003 0. 0. 0. 0. 9.91926435e-003 -4.00219840e-004
    -2.19523231e-003 1.32498634e-003 1.73233042e-003 0. 1.19814668e-002
    0. -2.76053441e-003 2.03310861e-003 1.22962205e-003 1.23573095e-003
    -5.38807712e-004 0. 0. 0. 0. 1.11646811e-003 -1.76448945e-003
    3.95080354e-003 0. 0. -9.73901595e-004 0. 0. 4.77303332e-003
    1.56724616e-003 0. 1.51165680e-003 0. 0. 1.37007155e-003
    -9.55073279e-004 0. 0. 0. 6.80664089e-004 0. 0. 0. 0.
    2.36892863e-003 0. 0. 6.20165898e-004 2.86978844e-004 0.
    -1.04850007e-003 1.24546187e-003 0. 1.04822626e-003 0.
    2.41459557e-003 0. 0. -3.99639684e-004 0. 0. 0. 0. 0. 0. 0. 0.
    -1.41096383e-003 -6.16657897e-004 0. -1.43310160e-003
    3.36822448e-003 0. 1.97606068e-003 2.30813137e-004 0. 0. 0. 0.
    1.57556240e-003 0. 0. 6.98081451e-004 3.20976280e-004 0.
    1.09349117e-002 1.59815175e-003 0. 0. 0. 4.29842767e-004 0.
    5.86470356e-003 7.63416465e-004 0. 0. 0. 0. 6.63656136e-003 0. 0.
    1.20297847e-002 8.83265864e-004 4.86347766e-004 0. -4.72898246e-004
    0. -2.02584255e-004 0. -7.33258144e-004 -3.42667336e-004
    8.77861225e-004 8.12008686e-004 1.48362492e-003 -2.32860004e-003
    3.71153525e-004 0. -7.96738386e-005 0. 4.38125432e-003 0.
    1.13240606e-003 3.78424046e-003 0. 0. -1.42737373e-003 0.
    9.80909332e-004 4.88717761e-003 3.91811784e-003 0. 0. 0. 0.
    -2.22793271e-004 7.94629101e-004 -8.56927189e-004 1.93052168e-003 0.
    0. 0. 0. 0. 6.81578997e-004 8.55297549e-004 5.82611654e-004 0. 0. 0.
    2.08413322e-003 2.22217035e-003 0. 7.05456187e-004 0. 0.
    4.89400327e-003 0. 9.14020173e-004 0. 0. 0. 4.67519602e-003 0. 0. 0.
    -3.99148470e-004 0. 0. 0. 0. 1.93694350e-003 2.73655169e-003
    -3.23663226e-005 0. 0. 1.76849938e-003 3.63599462e-003 0. 0.
    3.73521959e-003 0. 0. -5.91729302e-004 4.31837660e-004
    -1.87379785e-003 0. 0. 2.98977684e-004 -8.18638073e-005 0. 0. 0.
    5.56687871e-003 1.16908632e-003 0. 0. 0. 0. 6.95921597e-004 0.
    2.01784773e-003 0. 4.38066619e-003 0. -9.72049194e-004 0.
    4.09177068e-004 0. 0. -2.16305093e-003 1.65125926e-003 0. 0. 0.
    6.11515390e-003 0. 0. 1.64229027e-003 0. 0. 0. 4.81510814e-003 0. 0.
    3.16811283e-003 3.63796041e-003 4.54650167e-003 4.88967355e-003 0.
    0. 4.06376412e-003 0. 1.46840373e-003 7.07102381e-003
    -2.15333159e-004 0. 2.48938682e-003 0. 5.28381392e-003 0.
    1.05471471e-002 0. 0. 5.77060564e-004 0. 0. 0. 2.35583764e-004 0.
    3.94869689e-003 0. 0. 0. 1.78144721e-003 2.46224317e-005
    3.62276868e-003 -7.64820434e-004 2.32241233e-003 0. 2.23938539e-003
    -3.66377499e-004 0. 0. 6.96688984e-003 0. 0. 1.86439452e-003
    3.14806384e-004 0. 2.45236472e-004 -7.10285211e-004 0. 0.
    9.09252383e-004 2.87636486e-003 0. 0. 0. 2.49625510e-003 0.
