<?xml version="1.0"?>
<opencv_storage>
<imageDescriptor type_id="opencv-matrix">
  <rows>1</rows>
  <cols>1000</cols>
  <dt>f</dt>
  <data>
    3.62751284e-003 0. 1.14427861e-002 0. 4.89415601e-003
    -5.30842110e-004 1.99007522e-003 0. 0. 0. 0. 1.58278202e-003
    2.20159744e-003 0. 0. -4.56514623e-004 -2.04942469e-003
    4.29669162e-003 0. 1.20752049e-003 0. 0. 0. 0. 4.02577966e-003 0. 0.
    0. 0. 0. 0. -3.17681290e-004 -1.80569230e-004 0. 0. 0.
    4.54002712e-003 0. 0. 0. 4.01984202e-003 0. 6.52337354e-003
    -9.91334946e-006 3.76352156e-003 2.49936199e-003 0. -1.15256920e-003
    0. 0. 0. 6.35936565e-004 0. -1.00424059e-003 0. 0. 4.26614843e-003
    2.22704769e-003 1.43485027e-003 1.19472004e-003 1.08549942e-003 0.
    0. 0. 0. 0. 0. 0. 3.16783902e-003 -1.26747866e-004 0. 0. 0.
    5.67338604e-004 5.43982070e-003 0. 0. 3.66149168e-003 0. 0. 0. 0. 0.
    0. 0. 0. 2.83800904e-003 2.40428187e-003 0. 3.46201909e-004
    1.76490452e-002 3.62647790e-003 0. 0. 0. 0. 2.91367969e-003 0. 0. 0.
    6.82484545e-003 1.76566560e-003 0. 8.14178586e-003 0.
    3.10928142e-003 5.86607214e-003 2.39646598e-003 0. 0. 0. 0. 0. 0. 0.
    6.65719574e-003 0. 0. 0. 0. 0. 0. 0. 0. 0. 0. -9.17516998e-004 0.
    5.52473473e-004 0. 1.99609948e-003 0. 0. 0. -1.80352770e-003
    4.77613136e-003 0. 2.55832169e-003 0. 6.87157561e-004 0.
    2.56362604e-003 4.95265098e-003 4.00706474e-003 0. 0. 0. 0.
    5.20494359e-004 4.06236900e-003 0. 0. 0. 0. 0. 4.22625290e-003
    1.33271725e-003 0. 0. 0. 0. 2.80978298e-003 0. 0. 0. 4.95378533e-003
    0. 2.06435588e-003 0. 6.39942987e-003 0. 0. 4.91035543e-003 0. 0. 0.
    9.10202332e-004 1.58111355e-003 2.37269327e-003 1.94679806e-003 0.
    -2.78700376e-003 0. 1.80649513e-003 0. 0. 1.46412966e-003 0. 0.
    6.03076583e-003 0. 0. 5.38404007e-003 0. 0. 0. 7.16427667e-003 0.
    2.76488974e-003 0. 0. 0. 1.96288092e-005 0. 0. 0. 0. 0.
    6.79840916e-004 0. 0. 0. 0. -9.17666941e-004 3.09107150e-003
    1.46849360e-003 -2.11024075e-003 3.51349125e-003 1.95310928e-003 0.
    0. 0. 0. 1.45964033e-004 -1.06352428e-003 0. 0. 0. 0. 0. 0.
    3.92864039e-003 -1.07132981e-003 5.26974164e-003 0. 0. 0.
    4.86550992e-003 0. 0. 0. 0. 3.59720853e-003 0. 0. 6.88711880e-003 0.
    1.56890741e-003 -6.37704361e-005 0. 0. 0. 0. 4.30559739e-003 0. 0.
    0. 0. 0. 0. 0. 0. 0. 0. 0. 0. 0. 0. 3.00865038e-004 0.
    1.52526761e-003 1.32300463e-002 2.27542478e-003 -3.72446422e-003
    3.86823667e-003 0. 0. 3.62415565e-003 0. 0. 0. 0. 0. 0. 0. 0.
    3.45820189e-003 0. 0. 0. -1.02665043e-003 -4.76759364e-004 0. 0. 0.
    0. 0. 0. 0. 0. 6.16592588e-003 0. 3.81973502e-003 0. 1.65211176e-003
    0. 0. 0. 0. 7.38180388e-005 -1.26320950e-003 0. 9.72659234e-003
    1.89534365e-003 0. 3.37956648e-004 0. 0. 0. 0. 0. 0. 4.05547861e-003
    0. -1.88851228e-003 8.55618715e-003 0. 0. 0. 0. 0. 0. 0. 0. 0.
    5.57551207e-003 0. 0. 0. 6.59541576e-004 1.05947927e-002
    2.44572456e-003 0. 0. 0. 5.22440393e-003 0. 0. 0. 0. 3.68750567e-004
    0. 0. 0. 0. 0. 0. 0. 0. 3.85179301e-003 4.47782734e-003
    6.77395798e-003 6.40554936e-004 5.22936508e-003 3.58978147e-003 0.
    0. 0. 5.20497607e-003 0. 0. 0. -2.04895111e-003 0. 0. 0. 0.
    2.83423276e-003 0. 0. 0. 0. 4.27460810e-003 0. -2.35558045e-003 0.
    0. 1.45104167e-003 0. 0. 0. 1.89869909e-003 0. 0. 7.81010662e-004
    7.54147721e-003 0. 0. 0. 0. 2.48721754e-003 5.17755141e-003 0. 0.
    1.78017619e-003 0. 0. 0. 0. 0. 0. 0. 0. 0. 0. 3.43168993e-003 0. 0.
    0. -2.62032775e-003 0. 0. 5.98430261e-003 0. 0. 0. 0.
    5.29974932e-003 0. 0. -9.21523431e-004 1.39140489e-003
    3.76546034e-003 -1.12542405e-003 0. 0. 0. 3.11839161e-003
    2.77635013e-003 0. 0. 0. 7.63542950e-003 -2.44919414e-004 0.
    3.19266517e-004 6.39092363e-003 0. 5.33753028e-003 4.03534714e-003
    -5.22100250e-004 0. 2.51407060e-003 2.25743325e-003 0.
    2.95426860e-003 0. 0. 0. 0. 0. 0. 0. 0. 0. 1.32196154e-002 0.
    -7.75928493e-005 0. 2.67785974e-004 0. 6.10605767e-003 0. 0.
    2.83714812e-002 0. 0. 3.80860851e-003 -7.82287563e-004
    -2.13052193e-003 0. 0. 1.51356414e-003 0. 0. 0. 4.93315188e-003 0.
    2.77537340e-003 0. 1.57465376e-002 0. 0. 0. 0. -3.71250964e-004
    4.58778022e-003 0. 0. 5.43288188e-003 2.12139427e-003
    -1.36436021e-004 0. 0. 0. 0. 0. 4.83044283e-003 2.90470663e-003
    4.80174413e-003 0. 0. 0. 0. 0. 0. 0. 2.21121730e-003 1.39104680e-003
    1.15815236e-003 0. 0. 1.43229903e-003 0. -7.04410253e-004
    8.12420854e-004 0. 0. 0. 2.43851915e-003 2.35319533e-003 0.
    1.87029876e-003 0. 0. 0. 0. 0. 0. 3.89208412e-003 0. 2.57170247e-003
    0. 0. 1.48420804e-003 0. -3.67562490e-004 6.19823998e-003 0. 0. 0.
    6.48477906e-003 0. 6.81212870e-003 0. 0. 0. 0. 0. 2.00443203e-003
    7.17538083e-003 0. 0. 0. 0. 0. 0. 8.19160370e-004 0.
    -3.96164716e-004 0. 0. 0. 0. 0. 1.80950577e-004 0. 0.
    2.41799117e-003 0. 4.36928170e-003 0. 1.01790400e-002 0.
    6.43016887e-004 0. 0. 0. 0. 0. 0. 0. 0. 8.18699715e-004
    5.35591040e-003 3.38645332e-004 0. 0. 0. 3.42977757e-004 0.
    3.23478715e-003 0. 2.25689029e-003 0. 0. 0. 0. -3.81063600e-003 0.
    0. -7.98369700e-004 6.03734748e-003 2.50971061e-003 6.55366806e-003
    5.49471239e-003 1.61357399e-003 0. 4.25147777e-003 1.39887433e-003
    0. 0. 0. 0. 0. 0. 0. 2.06553913e-003 0. 0. 0. 0. 0. 0. 0. 0.
    7.48861581e-004 4.23154654e-003 0. 0. 8.04149604e-004 0. 0.
    6.90054672e-004 0. 0. 0. 1.36429525e-003 0. -8.55376245e-004
    -7.01988116e-004 9.59286699e-004 0. 0. 0. 3.12447059e-003
    3.57296085e-003 1.04854209e-002 0. 0. 0. 2.52047228e-003 0. 0. 0.
    2.87892786e-003 9.89015913e-004 0. 0. -7.61750038e-004
    5.28484816e-003 0. 3.15685105e-003 0. 0. 0. 0. 5.21231443e-003 0. 0.
    0. 0. 5.48409903e-003 0. 3.93727515e-003 0. 7.17070373e-003 0. 0. 0.
    6.23411266e-003 0. 0. 0. 2.82836310e-003 0. 0. 1.32891221e-003
    3.16950330e-003 0. 0. -6.47187931e-004 0. 0. 0. 0. 0. 0. 0.
    1.99627643e-003 0. 1.60956336e-003 1.07412587e-003 5.37405722e-004
    0. 0. 1.68253423e-003 0. 0. 0. 0. 0. 0. 0. 0. 0. 0. 0. 0. 0. 0. 0.
    0. 0. 1.99644826e-003 0. 0. 0. 0. 0. -2.08200561e-003 0.
    4.17935615e-003 0. 3.04115796e-003 7.20303913e-004 1.53506105e-003
    0. 0. -3.62649281e-003 0. 0. 2.74689868e-003 4.14379314e-003
    -1.31916211e-004 0. 0. 0. 1.69302349e-003 0. 0. 0. 1.88188918e-003
    0. 1.74424006e-003 0. 0. 0. 0. 0. 4.86861356e-003 1.61907019e-003 0.
    0. 6.95070159e-003 3.19449790e-002 2.05081794e-003 0. 0. 0. 0. 0. 0.
    7.69053586e-003 0. 0. 0. 0. 0. 0. 0. 3.81032645e-004 0. 0.
    2.70740292e-003 3.66589194e-003 0. 3.56494193e-003 3.46291694e-003
    0. 9.51345195e-004 0. -1.91723439e-003 0. 1.80178124e-003 0. 0. 0.
    0. 9.12187900e-003 0. 0. 3.34782875e-003 -2.24150554e-003
    2.29171338e-003 0. 0. 0. 0. 0. 0. 0. 0. 0. 2.23407173e-003
    7.85791315e-003 0. 6.14867685e-003 1.44072704e-003 0. 0. 0. 0.
    2.78423564e-003 2.80583254e-003 -3.60603881e-004 1.71477965e-003 0.
    -3.11000622e-003 -7.20488722e-004 4.40272456e-003 7.14819320e-003
    5.63581125e-004 2.73320451e-003 0. 0. 1.05895975e-003 0.
    3.09300702e-003 0. 0. 8.19003303e-003 6.45001139e-003 0.
    1.30292459e-003 0. 0. 0. 5.85109694e-003 8.36733438e-004 0. 0.
    -8.39731423e-004 0. 3.27794882e-003 4.05069324e-004 1.09609067e-002
    0. 0. 0. 1.24011247e-003 0. 0. 0. 0. 0. 0. 0. 6.79766294e-004
    6.20876625e-003 0. 0. 0. 0. 0. 0. 1.21316325e-003 3.47055867e-003 0.
    0. 0. 0. 0. 0. 0. 0. 0. -1.06617890e-003 0. 0. 0. 3.71110952e-003 0.
    2.02984037e-003 2.57922290e-003 1.64775841e-003 0. 0. 0. 0. 0. 0. 0.
    7.98307534e-004 0. -1.00922668e-002 4.44358680e-003 2.13376898e-003
    9.42949858e-003 0. 0. 6.28121954e-004 0. 0. 0. 0. 1.55837985e-003
    3.40236991e-004 6.58652512e-004 0. 0. 1.12611856e-002 0. 0. 0. 0. 0.
    0. 0. 9.78483912e-003 0. -1.73704035e-003 0. 0. 0. 2.88295327e-003
    2.04442684e-002 1.87831558e-003 0. -6.41082806e-005 6.15737343e-004
    0. 0. 5.37775166e-004 0. 4.42552671e-004 2.34068488e-004
    7.26311991e-004 6.76858425e-003 -2.06751851e-004 0. 0.
