<?xml version="1.0"?>
<opencv_storage>
<imageDescriptor type_id="opencv-matrix">
  <rows>1</rows>
  <cols>1000</cols>
  <dt>f</dt>
  <data>
    1.28499279e-003 0. -2.41467520e-003 0. 0. -6.29516086e-004 0. 0.
    2.34967723e-004 0. 0. 0. 0. 1.12546713e-003 -1.74970634e-003 0.
    2.26001143e-002 0. 0. -2.65596551e-003 2.45300587e-003
    4.78149625e-003 0. 0. 6.43193163e-003 1.86147692e-003
    7.62547366e-004 8.34418647e-003 0. 1.20118316e-002 0.
    -2.58050073e-004 -2.16908127e-004 0. 0. 3.97940457e-004
    -4.92678955e-004 0. 0. 0. 0. 5.11751568e-004 0. 7.67937582e-003
    1.36423204e-002 1.63955265e-003 3.85051267e-003 4.65213927e-003 0.
    0. 0. -1.52778369e-003 0. 1.16030248e-002 0. -1.79755106e-003 0.
    3.54089221e-004 -2.09126365e-003 2.11469224e-003 0. 0. 0.
    1.55424548e-003 1.44424115e-003 0. 0. 0. -2.50921305e-003 0. 0. 0.
    1.89367943e-002 0. 0. -3.34743847e-004 0. 2.67456332e-003 0.
    -1.42823707e-003 1.96150853e-003 0. 0. 5.39297936e-003 0. 0. 0. 0.
    0. 0. -3.52532865e-004 0. 1.38823711e-003 0. 0. 0. 0. 0.
    2.42476421e-003 -3.14892604e-005 0. 0. 0. 0. 0. 5.44071954e-004 0.
    0. 1.10641227e-003 4.76453127e-003 0. 0. 0. 0. 1.68667524e-004
    4.94146766e-003 5.92262857e-003 2.17734789e-003 3.29997041e-003 0.
    1.50106673e-003 -6.33478491e-003 0. 0. -1.18959718e-003
    -8.45718387e-005 -5.72334684e-004 0. 5.49027976e-003 1.39546662e-003
    7.81039009e-004 0. 2.78667227e-004 -2.87604635e-004 1.96827319e-003
    1.72048844e-002 0. 4.32174839e-003 0. 4.24479367e-004 0. 0.
    6.74885139e-003 0. 1.78787712e-004 0. 0. 0. 0. 0. 1.35550080e-002 0.
    1.20323175e-003 6.83106435e-003 -7.57218571e-004 9.13485826e-004
    6.36781519e-003 0. 5.44666173e-003 0. -4.82015545e-004 0.
    1.37486286e-003 6.61008945e-003 -9.80473473e-004 0. 0. 0.
    2.50092195e-003 0. 6.86658605e-004 3.33465177e-005 0.
    8.60081892e-003 0. 1.59516407e-003 0. 0. 0. -2.69812270e-004
    -2.63297581e-003 0. 2.12075002e-003 0. 0. 3.22974753e-003
    4.07108688e-004 2.34494219e-003 0. 0. 0. 1.15851242e-006 0.
    7.96537148e-004 0. 0. 0. 2.62632780e-003 0. 0. 0. 1.75782701e-003 0.
    7.99779221e-003 5.82108973e-004 0. 0. 0. 1.95337506e-003 0. 0.
    -6.03116816e-004 3.27030476e-003 0. 0. 0. -5.70496428e-004
    2.64444738e-003 0. 0. 0. 0. 7.71327410e-004 0. -9.97203751e-004
    2.16087676e-003 1.33703661e-003 5.95835445e-004 0. 0. 0. 0. 0. 0.
    1.02479672e-002 -1.33035379e-003 1.36056915e-003 0. 0. 0. 0.
    -7.02561112e-004 1.34664506e-003 0. 0. 0. 0. -4.84072044e-003
    3.57707124e-003 0. -2.16303556e-003 0. 0. 0. 0. 0. 0. 0. 0. 0. 0.
    7.70838652e-003 1.61309093e-002 8.40529217e-004 8.10775819e-005
    1.20106444e-003 0. 0. 2.28725345e-004 1.70103821e-003
    1.33902009e-003 0. 1.22402178e-003 0. 1.10463109e-002
    -3.71013972e-004 0. 8.19414490e-005 0. 1.37244561e-003 0. 0. 0.
    4.97101923e-004 0. -1.79515930e-003 1.14906637e-003 5.62786078e-003
    3.71416518e-003 0. -7.56351685e-004 0. 3.99564765e-003 0. 0. 0.
    3.99410166e-003 0. 0. 0. 0. 0. 2.35055981e-004 0. 8.72475095e-004 0.
    0. -1.37285198e-004 0. 0. 0. 1.03943422e-003 0. 1.69598823e-003
    2.35260301e-003 0. 1.26837119e-006 -9.44431114e-004 0. 0.
    -9.36958415e-004 0. 0. 0. 0. 0. -2.07597026e-004 0. 8.39374086e-004
    3.59200104e-003 0. -7.75587978e-004 9.09997732e-004 -1.49616227e-003
    4.51571727e-003 0. 0. 0. 0. 0. 0. 0. 0. 0. 0. 0. 0. 1.48519990e-003
    1.02164950e-002 1.89322513e-003 8.88630108e-004 0. 0. 0.
    5.63896447e-003 0. 5.44509294e-006 0. 2.30681663e-003 0. 0.
    1.78078888e-003 3.87401495e-004 0. 0. 0. 4.49065631e-003
    2.72160606e-003 0. 0. 0. 0. 0. 7.22333440e-004 0. 0. 0. 0. 0.
    2.81777728e-004 1.65999588e-002 -8.74723992e-005 3.83384642e-004
    1.59803964e-003 8.73176288e-003 2.13507772e-003 0. -5.21332026e-003
    4.44029644e-003 -6.39403705e-004 0. 0. 0. 0. 2.14996422e-003 0. 0.
    0. 2.79425574e-003 6.57115364e-004 0. -1.33578942e-004 0. 0.
    7.88950070e-004 1.55500718e-003 1.41762500e-003 0. 0.
    2.80704480e-005 0. 5.56285842e-004 0. 1.65930274e-003 0.
    4.17011965e-004 2.58042477e-003 0. 5.33416448e-003 4.85974015e-004
    0. 0. 0. -1.03040482e-004 8.66907835e-003 9.09654144e-003 0. 0. 0.
    0. 0. 0. 0. 0. 8.16205284e-004 0. 8.52596387e-003 0. 0. 0. 0. 0.
    3.00793420e-003 0. 0. 0. 0. 1.70253275e-003 8.89309274e-004 0.
    -1.68311805e-003 0. 0. 6.90834969e-003 6.81419484e-003
    7.60646723e-003 -7.67918071e-004 1.30971242e-003 1.73702522e-003
    1.68549251e-002 4.38739918e-003 0. 0. 6.32066512e-003 0. 0.
    2.26515462e-003 0. 0. 0. 6.82604453e-003 1.40645588e-003
    7.94705935e-003 0. 0. -6.15311263e-004 0. 1.57047296e-003 0. 0.
    1.68856113e-005 0. 3.50136380e-003 4.56059864e-003 1.71560139e-004
    0. 1.95288099e-002 1.39008211e-002 0. 0. 0. 4.98595327e-005
    1.73275790e-003 1.22913055e-003 3.33936739e-004 0. 0. 0.
    1.83884217e-003 8.99997912e-003 6.26139482e-003 0. 0. 0. 0.
    1.13130687e-003 0. 0. 1.59181328e-003 1.48825638e-003
    1.73622253e-003 0. 9.80322133e-004 2.22255383e-003 7.42442033e-004
    0. 0. 0. 0. 0. 0. 0. 0. 0. 0. 2.51051830e-003 -1.25446764e-003 0.
    -1.92787149e-003 1.33202912e-003 8.85984104e-004 -1.00180297e-003 0.
    0. 0. 0. 3.20599554e-003 0. 0. 0. -5.19899149e-005 1.32023660e-003
    0. 3.45258880e-003 0. 5.78848121e-004 0. 0. 0. 0. 0. 2.60657421e-003
    0. 7.75028486e-003 0. 0. 0. 0. 0. 0. 0. 3.83687392e-003
    2.53242347e-003 0. 0. 0. 2.33376026e-003 4.90889046e-003
    8.55072809e-004 0. 0. 5.82103734e-004 1.50660379e-003
    8.62308498e-003 0. 0. 0. 0. 0. 0. 0. 0. 0. 1.84573094e-006
    7.18398904e-003 8.53803358e-004 -5.96556565e-005 0. 0. 0. 0. 0.
    -2.12799932e-004 0. 7.93548767e-003 1.93338667e-003 -1.84029888e-003
    0. 0. 4.12772315e-005 0. 0. 0. 0. 6.50196569e-004 0. 0. 0.
    1.74781214e-003 0. 0. 0. 2.87144631e-003 1.24060328e-003 0. 0. 0. 0.
    0. 0. 0. 6.54129405e-003 0. 6.94647012e-003 0. 3.99179407e-004 0. 0.
    0. 0. 0. 0. 1.23850070e-004 0. 0. 3.52343457e-004 0. 1.71793660e-003
    0. 0. 1.28985383e-003 0. 1.95283419e-003 0. 0. 0. 3.07868095e-003 0.
    0. 2.50911270e-003 0. 6.74243877e-003 0. 0. 3.23558482e-003
    6.61763886e-004 7.72783253e-003 0. 0. 0. 4.28570574e-003 0. 0. 0. 0.
    0. 0. -1.85198951e-004 -2.54512852e-004 8.25914182e-003 0. 0.
    2.81900959e-003 0. 0. 2.29079020e-003 0. 0. 2.41206842e-003 0. 0.
    -2.40694004e-004 0. 0. 0. 6.95678405e-003 9.67058353e-003
    1.71472656e-003 0. 2.66269222e-003 0. 6.53232308e-003 0. 0. 0. 0.
    4.24887636e-004 -4.13797935e-003 0. 0. -2.50548444e-004 0.
    5.90100978e-003 2.07842281e-003 0. 0. 0. 1.98482987e-004
    -7.55338930e-004 0. 0. 0. 0. 0. 0. 0. 0. 0. 0. 0. 3.97982402e-003 0.
    0. 6.07651193e-003 0. 0. 9.33764875e-003 0. 3.81967984e-003 0.
    1.62572693e-002 -3.97479562e-005 0. 0. 1.10414741e-003
    -6.08970062e-004 0. 0. -1.75803294e-003 0. 3.82087240e-003 0. 0.
    2.15683784e-003 0. 0. 0. 0. 2.46605766e-003 0. -1.86085032e-004
    3.62735777e-003 1.39645778e-003 0. 0. 0. 0. 8.25940538e-003 0. 0. 0.
    1.12990825e-003 0. 0. 2.17195530e-003 0. 7.58595997e-004 0. 0.
    1.22268395e-002 0. 0. 0. 0. 1.29967381e-003 0. 0. 0.
    -3.32850177e-004 0. 0. 1.99607247e-003 0. 0. 0. 0. 1.66067468e-006
    0. 1.37728453e-003 0. 0. 0. 1.27847215e-005 -9.34636744e-004 0. 0.
    0. 0. -2.89789378e-003 0. 0. 0. 0. 0. 0. 0. 0. 0. 0. 0. 0. 0. 0. 0.
    0. 0. 0. 7.96450954e-003 0. 4.55294875e-003 0. 0. 0. 0.
    2.52022804e-003 0. 0. 0. 8.05993285e-003 0. 0. 0. 1.23544305e-003
    1.01801408e-004 1.05287728e-003 0. 0. 0. 0. 0. 4.99628903e-003 0. 0.
    0. 2.51874188e-003 6.54230267e-003 0. 1.56169781e-003
    8.71098321e-003 -8.78639228e-004 0. 0. 0. 4.94835619e-003
    2.87621166e-003 0. 0. 0. 1.21018593e-003 0. 0. -1.05402363e-003 0.
    0. 3.96323763e-003 0. 0. 0. 0. 0. 4.83597349e-003 0. 0. 0. 0. 0.
    7.57313613e-003 0. 0. 0. 0. 0. 0. 0. 9.59151133e-004 0. 0.
    6.86593400e-003 0. 9.59806424e-003 0. 0. 1.60668266e-003 0.
    3.87242995e-003 0. 0. 1.63520407e-002 0. 0. 0. 0. 0. 0. 0. 0.
