<?xml version="1.0"?>
<opencv_storage>
<imageDescriptor type_id="opencv-matrix">
  <rows>1</rows>
  <cols>1000</cols>
  <dt>f</dt>
  <data>
    0. 1.44013875e-005 2.46567477e-004 9.38097655e-004 1.96984503e-003
    0. 0. 0. -9.00725892e-004 0. 0. 0. 5.63915703e-004 0. 0. 0.
    4.22523636e-003 0. 0. 0. -1.60342519e-004 8.01906735e-003
    1.18919066e-003 0. 4.46120184e-003 0. 0. 0. 0. 2.84849131e-003 0. 0.
    1.46475306e-003 0. 4.29158608e-005 0. 0. 0. 0. 2.45649577e-003 0. 0.
    8.39142362e-004 7.49015191e-004 0. 2.04849336e-003 0.
    1.03277992e-003 0. 0. 9.14397242e-004 0. 0. 4.21816390e-003 0.
    3.67835164e-003 0. -9.94812464e-004 0. 2.24454701e-003 0. 0.
    2.32993020e-003 2.76948791e-004 0. -9.49186579e-005 0. 0.
    1.16346142e-004 8.49933177e-003 0. 5.44982438e-004 0.
    6.88588072e-004 1.02431211e-003 0. 1.15875085e-003 2.84169381e-003
    0. 0. 0. 0. 2.14907603e-004 -7.63165241e-004 0. 0. 0.
    3.75594897e-003 0. 0. 5.32970531e-003 0. 4.16912808e-005 0. 0. 0.
    8.98180704e-004 3.02172313e-003 4.24821721e-003 3.04113841e-003 0.
    0. 0. 0. 0. 0. 2.25199410e-003 1.07868761e-003 0. 0. 1.06807813e-004
    -1.02743716e-003 0. 0. 0. 2.51271436e-003 0. 0. 0. 1.64621347e-003
    0. 2.43900460e-003 5.46346128e-005 5.02050761e-003 0. 0.
    4.73080174e-004 0. 8.49926262e-004 2.15535774e-003 4.70197527e-003
    0. 0. 0. 0. -2.75999802e-004 0. 5.57095418e-003 -3.07713728e-003
    -9.98736243e-004 3.76890326e-004 0. 0. 0. 0. 0. 0. 1.23832200e-003
    0. 0. 0. 0. 0. 0. 1.21782243e-003 2.78404425e-003 0. 0. 0. 0. 0.
    -9.29812901e-004 0. -5.89799427e-004 2.52619991e-003 1.39662425e-003
    0. -8.29517376e-004 4.34336346e-003 3.79987829e-003 0. 0.
    6.48559676e-003 0. 2.99234805e-003 0. 0. 7.18272524e-003 0. 0. 0.
    4.24206071e-003 0. 3.28552886e-003 0. 1.44832954e-003 0.
    6.14307215e-003 0. 0. 1.46347692e-003 2.77290324e-004
    -8.54340906e-004 0. 0. 0. 1.54402468e-003 3.20942345e-004
    1.90057070e-003 0. 6.15245802e-003 3.80095653e-003 0.
    2.39380938e-003 6.97510957e-004 0. 1.16596767e-003 0.
    2.57819454e-004 8.70510004e-004 -3.40025313e-003 3.52920615e-004
    1.39700267e-002 1.95096759e-003 1.68519281e-003 0. 2.09056889e-003
    8.82815220e-004 4.27491817e-004 3.35918763e-003 0. 0.
    -2.83332629e-004 2.29802309e-003 1.96761545e-003 3.20016872e-003
    1.00712141e-003 0. 1.82273495e-003 0. 0. 0. 0. -1.30775268e-003 0.
    9.03853914e-004 0. 0. 0. 2.76259310e-003 0. 0. 1.09354802e-003
    2.37680669e-003 0. 0. 0. 0. 0. 8.69916053e-004 4.84110322e-003 0.
    5.90043748e-003 0. 0. 0. 4.57470398e-003 2.05564150e-003 0.
    1.90741295e-004 0. 0. -1.20641023e-004 4.75586671e-003 0.
    3.60283116e-003 4.01922385e-004 0. 4.12403606e-003 0. 0.
    3.23809730e-003 1.10207582e-002 0. 0. -1.52979352e-004
    4.46619047e-003 -9.42805375e-004 1.34037423e-003 0. 0. 0.
    1.47902954e-003 0. 0. 0. 0. 0. 0. 0. 0. 1.58507377e-003
    1.10310083e-003 4.62147361e-003 0. 0. 5.42143127e-003
    1.55773028e-004 0. 0. 0. 0. 0. -1.96910507e-004 2.56636902e-003 0.
    2.27279146e-003 5.84506895e-003 0. 3.56014766e-006 0.
    -6.83859456e-004 0. 1.45034178e-003 4.92192712e-003 0. 0. 0.
    -1.77941693e-004 0. 7.39780837e-004 0. 0. 8.82424228e-003
    1.96714583e-003 0. 0. 1.32052612e-003 7.16677750e-004 0. 0.
    6.04342949e-003 1.76395744e-003 0. 0. 0. 3.64003092e-004 0. 0. 0.
    2.16192985e-003 2.69412575e-003 0. 1.77765673e-003 9.51988716e-003
    6.56427024e-003 0. 3.27947852e-003 0. 2.51168851e-003 0. 0.
    1.54815696e-003 1.29048643e-003 3.46673769e-003 0. 0.
    8.71208264e-004 1.25949597e-003 1.33468409e-003 0. -2.11658212e-003
    0. 2.31537665e-003 0. 0. 8.38049338e-004 8.09589773e-003
    -4.15693299e-004 -5.50014258e-004 0. 0. 0. 0. 3.33794462e-003
    1.31666753e-003 0. 0. 0. 0. 3.79349408e-003 0. 3.43763107e-003
    1.84261389e-002 1.76119234e-003 0. 6.78228121e-003 6.83982391e-004
    0. 0. 9.68204869e-004 0. 1.17942330e-003 0. 6.02402084e-004
    5.68688149e-003 -1.38069841e-003 2.25909450e-003 0. 0. 0. 0. 0.
    6.39603427e-003 1.32632838e-003 8.44510738e-003 0. 1.82881032e-003
    0. 0. 1.53996039e-003 8.57194699e-003 0. 2.68130643e-005 0.
    -1.80311769e-003 0. 1.13104202e-003 1.99218700e-003 0.
    -1.01239909e-003 0. 1.19892461e-003 2.44706171e-003 -3.77042161e-004
    1.50677643e-003 0. 0. 0. 5.66570600e-003 5.31679764e-003
    -1.52207771e-003 -3.97302036e-004 0. 6.52395701e-003 0. 0.
    5.99037996e-003 0. 0. 1.37497706e-003 4.66322061e-003 0. 0. 0. 0. 0.
    5.61417895e-004 -1.84267224e-003 0. 0. 0. 0. 1.14992354e-003 0. 0.
    5.49438701e-004 0. 3.49002937e-003 0. 0. 2.57735001e-003 0. 0.
    3.79349478e-003 3.72365612e-004 0. 4.24346840e-003 9.95471259e-004
    6.02653343e-003 3.08593758e-003 1.10866455e-002 0. 4.51531913e-003
    1.21362589e-003 4.88072308e-003 -5.37668711e-005 3.60972341e-003
    2.16012076e-003 1.18306931e-003 4.63766698e-003 0. 0. 0. 0.
    1.59973430e-003 0. 4.90706938e-004 0. 0. 0. 0. 4.40719508e-004 0. 0.
    0. 0. 0. -1.33903843e-004 -2.86039570e-003 0. 8.81324988e-003 0. 0.
    0. 0. 4.71579423e-003 0. -5.47793228e-004 7.18526018e-004
    3.76393204e-003 4.31573763e-003 0. 0. 2.50598532e-003
    6.52749976e-003 0. 3.07048368e-003 1.50634930e-003 0.
    1.35322688e-002 -2.12178667e-004 -1.45206915e-003 0. 3.33654665e-004
    0. 1.71238126e-003 -1.71071864e-004 0. 1.31521572e-003 0. 0.
    1.62841671e-003 1.98234804e-003 0. 8.27533309e-004 6.16381131e-003
    2.00072839e-003 0. 1.13256043e-003 0. -1.12353673e-003 0.
    -1.40035746e-003 0. 0. 6.24760985e-004 0. 7.90488964e-004
    1.07626151e-003 0. 0. 0. 2.82261870e-004 0. 1.71663216e-003 0. 0.
    3.20963562e-003 0. 5.03470562e-003 3.46327526e-003 4.49720584e-003
    8.00651556e-004 0. 2.00184458e-003 0. 4.57277289e-003
    -3.54094809e-004 1.34864662e-004 0. 1.58668251e-003 1.23086134e-002
    0. 1.70610670e-003 0. 0. 1.74796337e-003 -2.93305464e-004 0. 0.
    8.29696655e-003 3.54313728e-004 0. 0. 0. 3.89065011e-003
    4.16941987e-003 0. 0. 0. 0. 0. 0. 1.57822110e-003 0. 0. 0. 0. 0. 0.
    0. 0. 5.85320638e-004 0. -1.11179852e-005 0. 0. 2.29726266e-003 0.
    1.64098525e-003 -1.82520991e-004 -3.70985763e-005 0. 0. 0. 0.
    2.18053450e-004 2.15692073e-003 0. 4.00186563e-003 8.15461448e-004
    0. 0. 0. 0. 0. 7.81100383e-003 4.73875698e-004 1.66998210e-003
    1.87721511e-003 -7.02946156e-004 0. 0. 0. 0. 0. 3.87836073e-004
    2.83061201e-003 1.02108934e-004 0. 0. 2.33241910e-004 0.
    7.13941548e-003 3.53132538e-003 1.12828589e-003 7.72287531e-005
    3.63910198e-003 5.66532894e-004 0. 0. 0. 7.34944770e-004 0. 0. 0. 0.
    0. 0. 0. 4.43196716e-003 0. 0. 0. 3.62208055e-004 -1.96894016e-005
    5.10206912e-003 0. 0. 3.70139867e-004 3.38995457e-003
    -2.72010773e-004 1.06537761e-003 2.69905757e-003 0. 1.02188357e-003
    -1.61775562e-003 1.52241017e-004 0. 0. 0. 1.60213851e-004 0. 0.
    1.90023007e-003 -1.57941179e-003 5.64175309e-004 2.27738358e-003 0.
    0. 4.82831569e-003 1.55130064e-003 9.94535279e-004 0.
    2.26361863e-003 0. 6.74696919e-003 0. 0. 2.85834610e-003 0.
    -2.18492211e-003 0. 0. 1.06133775e-004 0. 0. -8.04995536e-004 0. 0.
    5.05410309e-004 7.49760424e-004 -8.86790163e-004 0. 0. 0.
    9.94571950e-004 0. 1.61116026e-004 0. 3.76984407e-003 0.
    2.86300178e-003 1.97394472e-003 0. 0. 0. 1.56206754e-003
    8.09187628e-003 -2.95544683e-004 0. 1.66570477e-003 4.21021087e-003
    0. 0. 0. 1.55082508e-003 0. 0. 1.61617249e-003 0. 1.84033276e-003 0.
    1.12158677e-003 -2.93828547e-003 0. 0. 0. 0. 0. 6.31656963e-003 0.
    1.86005677e-003 0. -4.41063545e-004 0. 0. 2.33130832e-003
    2.10227957e-003 0. 0. 0. 0. 1.15708087e-003 0. 0. -1.97927919e-004
    1.60351698e-003 1.27273716e-003 0. 3.39535112e-003 0.
    1.80736009e-003 0. 2.47682561e-003 0. 0. 5.40372962e-003 0. 0. 0. 0.
    1.58740883e-003 8.25418858e-004 0. 5.93810808e-004 2.87594070e-004
    2.54560541e-003 0. -6.56221237e-005 9.46376123e-004 0. 0.
    5.19574666e-003 0. 1.20059366e-003 -3.00971587e-004 1.13405322e-003
