<?xml version="1.0"?>
<opencv_storage>
<imageDescriptor type_id="opencv-matrix">
  <rows>1</rows>
  <cols>1000</cols>
  <dt>f</dt>
  <data>
    0. 0. 0. 0. 9.57733300e-003 0. 6.57781260e-004 0. 1.39031676e-003
    2.62251403e-003 3.34804645e-003 2.17336765e-003 1.58292952e-003
    8.38404894e-003 0. 2.22631190e-002 3.06091853e-003 -4.93764121e-004
    4.05283505e-003 1.03323031e-002 5.32383053e-003 7.05569983e-003
    1.35105057e-003 -1.29732827e-003 2.69316166e-004 0. 1.03761535e-003
    0. 0. 5.26065414e-005 2.64759059e-004 0. 1.03676703e-003
    3.17397411e-004 0. 0. 1.64949091e-003 0. 0. 0. 0. 0.
    -7.67830526e-004 5.38125576e-004 8.86329333e-004 8.62236321e-003
    -1.30050210e-003 7.10081169e-003 -2.55351490e-003 0. 0. 0.
    1.36770762e-003 0. 3.20856954e-004 6.07643230e-003 4.94288374e-003
    0. 0. 0. 1.84837799e-003 7.57135404e-003 0. 0. -1.75977999e-003 0.
    0. 1.63923565e-003 4.18835611e-004 -1.27701089e-003 0.
    -9.82884201e-004 1.71347172e-003 1.63891923e-003 0. 5.40008477e-004
    0. 0. 0. 0. 0. 0. 0. 1.39791509e-002 5.67134749e-003 0.
    5.45274280e-003 0. 0. 0. 0. 0. 2.90790014e-003 0. 0. 0.
    1.69640370e-002 0. 1.36646312e-002 5.54966915e-004 1.06115667e-002
    3.21555533e-003 0. 8.11084080e-003 0. 0. 0. 0. 0. 0. 5.98384673e-003
    0. 6.49567880e-003 5.28493081e-004 0. 0. -3.64293391e-003 0. 0. 0.
    0. -7.19129530e-005 0. 5.90956863e-003 7.59590417e-003
    -6.40242069e-004 -1.43093488e-003 0. 0. 0. 1.56482006e-003
    4.30892315e-003 8.21472961e-004 1.37256604e-004 0. 0.
    9.45567881e-005 1.38412730e-003 2.19818787e-003 0. -1.24482973e-003
    0. 1.88667429e-004 1.87873922e-003 0. 1.00478437e-003 0. 0. 0.
    1.86159508e-003 7.63919624e-003 0. 0. 4.03268496e-004 0.
    4.13591508e-004 2.45984091e-004 1.11161976e-003 1.61065918e-003 0.
    0. 4.70824540e-004 6.20366912e-003 0. 0. 0. 0. 0. 0.
    -4.71790205e-004 2.90141994e-004 5.12674032e-003 4.20663133e-003
    2.58759316e-003 0. 0. 0. 0. 4.06382559e-003 0. 0. 0. 6.85660285e-004
    7.99326808e-004 5.21513913e-003 0. 0. 0. 0. 0. 0. 0. 0. 0.
    9.28471796e-004 -1.62945056e-004 1.33572018e-003 0. 0.
    4.78067389e-003 1.81478029e-003 -1.13509560e-003 0. 0. 0. 0. 0.
    1.38390018e-003 -8.42021254e-004 4.24662232e-003 4.31558304e-003 0.
    0. 0. 4.72473854e-004 5.52673498e-003 3.73111712e-003
    3.03566747e-004 -8.76173202e-004 0. 0. 0. 0. 8.41207220e-005
    3.15559068e-004 0. 1.37099187e-006 0. 1.33373844e-003
    7.17682182e-004 0. 0. 0. 0. 0. 0. 1.54232606e-003 0. 0. 0. 0. 0.
    2.54266732e-003 0. 0. 2.48742662e-003 0. 1.99483079e-003 0.
    6.05131406e-003 -3.51204351e-003 3.54391662e-003 1.74773403e-003 0.
    0. 0. 0. 0. 1.00652990e-003 0. 0. 3.25788249e-004 2.35934462e-003 0.
    1.96521636e-003 0. 1.06813537e-003 -2.70316406e-004 0. 0.
    1.16645545e-003 4.11713496e-003 0. 4.57827281e-003 4.96603781e-003
    1.54069066e-002 0. -1.03002950e-003 2.31724908e-003 -4.09630447e-004
    0. 3.88314528e-003 1.08359300e-003 0. 9.47860186e-004 0.
    -1.44392089e-003 0. 0. 2.04741792e-003 0. 1.40508008e-003 0. 0.
    1.92977046e-003 6.61082286e-003 6.65139578e-006 -4.53614659e-004 0.
    0. -2.25382671e-003 0. 0. 9.88143729e-004 -2.39204819e-004 0. 0.
    1.49366853e-003 0. 0. 0. 9.26801877e-004 5.36316831e-004 0. 0.
    -8.29763769e-004 0. 0. 0. 1.18009234e-003 0. 0. 0. 0. 0. 0. 0. 0. 0.
    6.01033820e-003 2.47352826e-003 2.76565319e-004 2.42505292e-003
    -1.68573402e-004 0. 6.23141229e-003 0. 1.14628405e-003 0.
    1.82055216e-003 0. 0. -1.01446849e-003 0. 0. 0. 0. 0. 0. 0.
    4.01463854e-004 -2.59378256e-004 1.17783039e-003 0. 0. 0. 0. 0.
    1.55843515e-002 5.63482608e-005 0. 0. 0. 0. 5.18357055e-003
    1.62662601e-003 0. 0. 0. 0. 0. 1.61015266e-003 0. 0. 8.53189209e-004
    0. 1.40613236e-004 0. 5.89879276e-003 0. 0. 0. 7.97436666e-003 0.
    1.64630450e-003 1.13390125e-002 -2.53516017e-004 0. -1.57374563e-003
    0. 0. 0. 2.39514583e-003 0. 0. 9.29715636e-004 0. 0. 8.04603659e-003
    0. 0. 4.98024840e-003 0. 9.03530221e-004 2.35909829e-003
    1.82991091e-003 0. 1.88333087e-003 0. 0. 0. 0. 0. 0. 0. 0.
    1.24520284e-005 0. 3.92703776e-004 1.34501262e-002 -3.43704480e-004
    6.11550513e-006 0. 5.82284993e-003 4.67413059e-003 0. 0.
    1.29893702e-003 2.26749107e-003 5.98726096e-003 0. 0.
    1.93667685e-004 0. 0. 1.63201988e-003 1.23143883e-003
    1.08764563e-002 1.21134588e-004 0. 0. 6.72135619e-004 0. 0.
    4.22966573e-003 0. 0. 0. -1.50481844e-003 0. 3.15460772e-003 0. 0.
    0. 0. 2.14498281e-003 1.27626117e-003 0. 0. 1.29489880e-003 0.
    4.51126695e-003 0. 0. 0. -3.50765913e-004 0. -6.73911782e-005 0. 0.
    3.21503030e-003 1.03180890e-003 0. 0. 3.08600441e-003
    6.64156803e-004 0. 0. -3.09043506e-004 9.52646136e-004 0.
    6.03494118e-004 0. 0. 0. 1.94630251e-004 0. 0. 0. 0. 0.
    1.59782579e-003 0. 2.28070933e-003 0. 7.02625001e-003
    3.23219574e-003 6.95787556e-003 0. 0. 0. 0. 0. 2.16311356e-003
    -1.91358980e-004 0. 7.99251429e-004 0. 0. 8.10527988e-003 0. 0. 0.
    1.73125986e-003 0. 0. 0. 0. 7.19843199e-003 0. 5.40908333e-003
    6.99902512e-003 0. 1.39487453e-003 -6.42758911e-004 0.
    1.32545584e-003 0. 4.23313631e-003 7.36301663e-005 0. 0.
    -5.73666533e-004 0. 1.07999449e-003 0. 8.48048076e-004 0.
    2.22303323e-004 0. 1.46177749e-003 0. 1.20834017e-003 0. 0. 0. 0. 0.
    0. 4.66803648e-003 -1.31181628e-003 0. 0. 0. 0. 2.86633789e-004 0.
    4.37661679e-003 0. 4.07264102e-004 -1.07429712e-003 1.51298859e-003
    0. 0. 0. 6.96546910e-003 0. 3.81988753e-003 0. 1.24639901e-003
    2.96196179e-003 0. 0. 9.89353866e-004 0. 0. 2.87320768e-003
    5.98916505e-003 0. 0. 0. 0. 0. 0. 0. 1.97552587e-003
    -1.98251815e-004 0. 2.73445109e-003 0. 0. 0. 2.29861797e-003
    1.70541811e-003 1.95009902e-003 0. 0. 0. 0. 0. 0. 0.
    -7.84658710e-004 2.41431827e-003 7.29226333e-004 1.89762504e-003 0.
    3.28951865e-003 0. 0. 5.60262706e-003 0. 0. 0. 0. -1.77685433e-004
    0. 0. 0. 2.92855687e-003 0. 5.26391622e-003 4.60025715e-003
    2.21178215e-003 5.81362285e-003 -3.35996319e-003 -1.26618752e-003 0.
    0. 0. 7.38825044e-003 1.56556666e-002 0. -4.94353590e-004
    1.29902801e-002 0. 0. 0. 1.36820844e-003 7.29530724e-003
    2.08619796e-003 2.97968159e-003 1.04028662e-003 0. 1.33252513e-006
    0. 0. 0. 0. 0. 4.85591078e-003 2.31282320e-003 0. 0. 1.21239934e-003
    0. 8.20352696e-003 3.72991012e-003 0. 1.08036083e-005
    3.14943423e-003 1.42304366e-003 0. 2.04161252e-003 4.11092723e-003
    2.29765777e-003 3.87449446e-003 1.54726254e-003 0. 0.
    1.24474510e-003 2.24118936e-003 0. 2.09480386e-005 5.36005385e-003
    0. -4.19358956e-004 0. 0. -1.03642512e-003 -3.52095696e-004
    -1.15065362e-004 1.23377377e-003 -7.22258046e-005 0. 9.08155367e-003
    1.28890120e-003 0. 0. 0. 0. 0. 0. 0. 0. 0. -2.45809415e-003 0.
    2.38765427e-003 0. 0. 0. 0. 0. 6.30774489e-003 4.47949255e-003 0. 0.
    1.77460359e-004 0. 0. 0. 0. 0. 0. 0. 0. 0. 0. 0. 2.30306806e-003
    5.02217701e-003 -1.64033863e-005 0. 1.51938759e-003 -2.60660634e-003
    6.95680937e-005 0. 0. -1.11015560e-003 0. 0. 1.64446930e-004 0. 0.
    3.60538391e-003 0. 5.39958710e-005 1.43055848e-004 0. 0. 0.
    5.83614036e-003 0. 0. 0. 1.72880609e-004 0. 0. 0. 0. 0.
    -1.22020429e-003 0. 0. 0. 3.65548243e-004 0. 0. -1.34207890e-004
    8.08141753e-003 0. 0. 4.43988247e-003 1.40438997e-003
    5.07143326e-003 1.76785886e-003 8.23706505e-004 0. -3.46962945e-004
    6.25015935e-003 0. 1.78545411e-003 0. 0. 0. 0. 0. 0. 1.44359679e-003
    0. 0. 0. 2.99880141e-003 0. 0. 0. -1.68195076e-003 0. 0.
    -8.84979963e-004 -2.40011560e-003 0. 5.66663966e-003 0. 0.
    1.61815016e-003 2.01466362e-004 0. 0. 0. 0. -8.11014231e-003 0. 0.
    0. 3.98064777e-003 6.83642458e-003 0. 1.62179011e-003 0. 0.
    1.04572170e-003 0. 9.54683346e-004 -8.25914831e-005 0. 0.
    1.97120174e-003 0. 0. 0. 0. 0. 1.67700136e-003 0. 1.13065203e-003
    1.56085019e-003 0. 0. 0. 0. 0. 0. 1.16278639e-003 0. 0. 0. 0. 0.
    4.33050358e-004 -1.56510912e-004 0. 0. 0. 0. 1.21160876e-003 0.
