<?xml version="1.0"?>
<opencv_storage>
<imageDescriptor type_id="opencv-matrix">
  <rows>1</rows>
  <cols>1000</cols>
  <dt>f</dt>
  <data>
    9.15711559e-003 0. 3.37399263e-003 2.21774378e-003 0.
    5.94030088e-003 0. 3.92488379e-004 0. 5.37454290e-003 0. 0. 0. 0. 0.
    0. 4.14455862e-004 -2.26792705e-004 0. 3.04152095e-003
    -2.79636844e-003 0. 0. 0. 2.49254494e-003 1.46557612e-003 0.
    -3.57474806e-003 0. 0. 0. 2.39348244e-002 1.51904020e-003
    1.44483766e-003 1.26923551e-003 0. 1.70354694e-002 5.80843631e-003
    2.59563024e-003 0. 0. 3.19790351e-003 2.67631025e-003
    -1.93853129e-003 1.03879208e-003 0. 0. 3.09216266e-004 0.
    6.15991943e-004 0. -1.14198995e-003 0. 1.69597622e-002 0. 0. 0.
    1.06855284e-003 0. 6.29407354e-003 7.28937751e-003 2.97856168e-003
    0. 3.14814341e-003 0. 0. 0. 0. 0. 0. 0. 0. 1.49599672e-003 0.
    3.31878220e-003 0. 0. 0. 0. 0. 0. 0. 0. -1.27570366e-003 0.
    -1.25507393e-003 -6.12698612e-004 0. 0. 0. 0. 0. 0. 0.
    1.02442247e-003 6.65770657e-003 6.33090269e-003 0. 7.97039072e-004
    0. 0. 0. 0. 4.64577897e-004 0. 2.51316978e-003 0. 0. 0. 0. 0.
    4.42004483e-003 0. 0. 8.04372691e-003 0. 0. 0. 0. 2.87458464e-003 0.
    1.76393252e-003 6.33170456e-003 0. 4.88035101e-003 -1.29315036e-003
    2.46887142e-003 4.30817017e-005 0. 0. 4.19512670e-003 0.
    1.51948712e-003 1.29985425e-003 -8.59107124e-004 3.67296254e-003 0.
    -2.41002953e-003 -6.74241222e-004 0. -1.23885018e-003 0. 0. 0. 0. 0.
    5.25242370e-003 9.36162006e-003 5.32277918e-004 2.58212606e-003 0.
    0. 0. 0. 0. 0. 9.47954040e-003 0. 0. 0. 2.45429599e-003 0.
    5.95001876e-003 0. 0. -1.84662745e-003 2.81790225e-003
    7.79837952e-004 7.71118840e-003 0. 0. 0. 0. 0. 3.03010386e-003 0. 0.
    0. 0. 0. 0. -2.40221783e-003 1.42051349e-003 0. 0. 8.23959708e-004
    0. 1.35644549e-003 2.12776032e-003 0. 0. 0. 0. 0. 0. 0. 0.
    -3.66067776e-004 0. 0. 0. 0. 1.76755781e-003 0. 0. 1.13422668e-003
    4.96990047e-004 0. 0. 0. 0. 0. 1.89481059e-003 1.69405108e-003
    2.58517964e-003 0. 0. -5.97406994e-004 2.20096926e-003 0.
    2.78085866e-003 0. 0. 1.24917156e-003 0. 7.42112985e-004 0. 0. 0.
    5.43250656e-003 0. 0. 2.07413174e-003 1.07249115e-002
    5.01165027e-003 3.83662037e-003 0. 0. 0. 0. 0. 0. 6.94938563e-003 0.
    3.03813256e-004 6.52486982e-004 0. 0. 2.10793782e-003
    1.56762800e-003 0. -1.95670989e-003 8.54756858e-004 0.
    2.88867415e-003 0. 3.80015536e-003 0. 0. 0. 0. 0. -2.70472094e-003
    6.56598993e-003 5.88440802e-003 1.69204257e-003 0. 6.10363786e-004
    1.67275441e-003 0. 0. 0. 4.75203793e-004 0. 1.91014283e-003 0.
    5.36126830e-003 0. 1.80670212e-003 0. 0. 0. -2.71223580e-005 0. 0.
    0. 0. 3.12655326e-003 1.24419760e-003 1.38920650e-003 0. 0.
    2.87149986e-003 0. 0. 0. 2.47034687e-003 0. 0. 0. 0. 0. 0. 0. 0. 0.
    0. 0. 0. 8.85715650e-004 0. -2.29506404e-003 3.09796352e-003 0. 0.
    1.05065957e-003 7.09664728e-003 0. 0. 0. 4.67291754e-003 0.
    3.15889972e-003 4.18763235e-003 0. 0. 0. 0. 2.40698108e-003
    2.00138334e-003 0. 3.62142827e-003 0. 0. 0. 0. 0. 1.00740958e-002 0.
    1.43674631e-002 0. 7.87136517e-003 -1.56609900e-003 7.66032562e-003
    0. 0. 4.17276146e-003 0. 0. -1.92793179e-003 0. 2.32787197e-003 0.
    0. 1.55535759e-004 0. 0. 0. 0. 0. 0. 0. -1.50282437e-003 0.
    1.61753118e-003 2.68256920e-003 0. -1.35462719e-003 -1.73787458e-003
    4.79113776e-003 0. 0. 8.38109234e-004 0. 3.23099527e-003
    2.41049123e-003 0. 0. 2.03884509e-003 2.51933467e-003 0. 0. 0.
    8.71133117e-004 0. 0. 2.49891309e-004 2.29797559e-003 0. 0. 0. 0. 0.
    0. 0. -4.47615888e-003 0. 0. 0. 0. 0. 1.34058297e-003 0. 0. 0.
    3.49271973e-003 0. 0. 4.16691648e-003 5.64293528e-004
    2.87158345e-003 0. 0. 8.94508412e-005 0. 0. -9.38966591e-003
    2.68399902e-003 0. 0. 1.13484520e-003 1.05361757e-003
    -1.14572921e-003 2.27777869e-003 2.21810350e-003 1.51460350e-003 0.
    0. 0. 1.66658051e-002 -2.24277930e-004 0. 1.50617666e-003
    -8.12911021e-004 5.32321120e-003 0. 0. 0. 0. 2.86252797e-003 0.
    5.36222802e-003 3.15752259e-004 1.84293860e-003 0. 0. 0.
    4.63969249e-004 0. 0. 0. 8.22624075e-004 5.91150136e-004 0.
    5.76602586e-004 0. 3.99982883e-003 0. 0. 0. 3.07882694e-003
    9.28589143e-004 0. 2.32439628e-003 6.28118811e-004 1.68621242e-002
    0. 3.62731703e-003 0. 5.38105099e-003 0. 0. 0. 0. 2.68206140e-003 0.
    -2.09385817e-005 0. -4.13141352e-005 0. 7.17621529e-004
    4.73029306e-003 5.74858859e-004 0. 0. 2.54416163e-003
    5.41680260e-004 1.56047335e-003 0. 1.80284330e-003 0. 0. 0. 0.
    7.99669186e-004 1.74176984e-003 1.03737123e-003 0. 1.48128509e-003
    1.31244713e-003 0. 0. 2.24464783e-003 -2.00448776e-004 0.
    1.78321870e-003 0. 0. 0. 0. 0. 6.94827817e-004 1.79262273e-003
    1.10529468e-003 -6.81216246e-004 0. 0. 0. 2.34774640e-003 0. 0. 0.
    0. 0. 0. -1.94740563e-003 0. -2.58123642e-003 0. -4.29010281e-004
    2.03699525e-003 0. 4.52378439e-003 0. 0. 0. -5.04600874e-004
    1.43205596e-003 0. 0. 0. 0. 0. 0. 0. 0. 0. 0. 5.18403656e-004 0. 0.
    3.17466445e-003 0. 0. 0. 7.86321238e-004 0. 3.52937565e-003 0.
    1.15957181e-003 0. 1.09957857e-002 0. 0. -2.78049544e-003 0.
    1.86531281e-003 -3.38683091e-003 2.36544423e-004 4.13738517e-003
    7.60299293e-003 5.08886948e-003 0. -1.20067049e-003 0. 0.
    3.02465446e-003 1.08361582e-003 -1.61748100e-003 3.33140534e-003 0.
    0. 3.24390200e-003 0. 0. 0. 6.35487901e-004 -8.77807324e-004 0.
    6.71491027e-003 0. 0. 0. 1.26800542e-005 7.40992371e-003
    1.66854984e-003 0. -2.04857715e-004 0. 1.87575025e-003 0. 0. 0. 0.
    0. 0. 2.46930798e-003 0. 6.72204071e-004 0. 0. -8.01120710e-004 0.
    0. 1.82794349e-003 1.42788549e-003 0. 4.70565027e-003 0.
    7.46364612e-003 0. -1.63501201e-004 3.31107527e-003 -1.66875415e-003
    9.00813472e-003 0. 4.36925766e-004 5.22922445e-003 1.01513145e-002
    0. 0. 0. 0. 0. 0. 1.58547889e-004 1.88060105e-003 0. 0. 0.
    7.23673962e-003 7.85680531e-005 9.03216284e-003 0. 0. 0. 0. 0. 0. 0.
    1.43293140e-003 0. 0. 0. 0. -1.70817904e-004 0. 0. 1.06300479e-002
    0. 0. 3.15991207e-003 7.45930767e-004 0. 5.13222720e-003
    3.69081460e-003 0. 0. 0. 9.32066352e-004 1.57335191e-003 0.
    3.14355246e-004 0. 0. 0. 0. 1.21085218e-003 6.32948801e-003 0. 0. 0.
    0. 3.61902383e-003 0. 0. 5.46522718e-003 0. 0. 0. 3.26877506e-003 0.
    -8.60586006e-004 -1.90247700e-003 0. 5.70114842e-003 0. 0. 0.
    1.50690414e-003 0. 1.98815041e-003 0. 0. -9.30850365e-005
    9.86073352e-003 3.41701973e-003 -3.50522605e-005 0. 0. 0.
    3.14029329e-003 -2.89812824e-003 -2.14797654e-003 6.82467711e-004
    4.23115445e-003 1.02470303e-003 0. -6.62722101e-004 3.53551307e-003
    0. 0. 0. 0. 3.29929753e-004 2.12452165e-003 0. 0. 2.43815570e-003 0.
    1.06881559e-003 0. 0. 0. 3.87219043e-004 0. 0. 0. 1.08881074e-003 0.
    -1.89076620e-003 0. 0. 0. 0. 3.63857718e-003 2.08546128e-003 0. 0.
    0. 2.96095316e-003 0. 0. 5.89787355e-003 -2.24583154e-003 0.
    5.37609449e-003 -6.89312816e-004 1.11320456e-002 5.21465729e-004 0.
    -9.20790946e-004 1.18564826e-003 0. 0. 2.03565974e-003 0. 0. 0. 0.
    0. 9.63853090e-004 0. -1.58077688e-003 4.24125465e-003 0.
    2.98691075e-003 0. -1.47510174e-004 0. 0. 0. 0. 3.65237636e-003
    -5.34743886e-004 0. 0. 2.41765520e-003 -3.04303598e-004 0. 0. 0. 0.
    -2.51371949e-003 0. 0. 0. 0. 0. 0. 0. 0. 0. 7.35751726e-003 0.
    3.92411975e-003 0. 0. 7.59661896e-004 8.76288302e-003 0.
    3.02288611e-003 0. 1.30636536e-003 0. 2.34196358e-003 0.
    9.57107265e-003 0. 0. 0. 1.25348289e-003 0. 0. 0. -8.06819939e-004
    2.53132358e-003 3.94348428e-003 0. 0. 6.41818915e-004 0. 0.
    1.36755081e-003 5.19438600e-003 0. 0. 0. 6.11375179e-003
    4.17166809e-003 1.54897443e-003 -1.09970523e-003 0. -5.88978641e-003
    0. 0. -1.00207434e-003 0. 0. 0. 9.19388980e-003 0. 7.24821724e-003
    0. 0. 3.16065433e-003 0. 0. -9.42383311e-004 6.23244050e-005
    -1.38850906e-003 0. 0. 0. 0. 0. 0. 5.25368517e-003 0.
    2.62309704e-003 0. 0. 1.68657035e-003 3.32339387e-003 0.
