<?xml version="1.0"?>
<opencv_storage>
<imageDescriptor type_id="opencv-matrix">
  <rows>1</rows>
  <cols>1000</cols>
  <dt>f</dt>
  <data>
    0. 0. 2.68390286e-003 0. 4.36075637e-003 0. 0. 1.73659518e-003 0. 0.
    3.12469294e-003 0. 1.10654649e-003 0. 0. 0. 0. 0. 0. 0. 0. 0.
    2.00771634e-003 0. 0. 6.59826118e-003 1.99478772e-003
    1.71432330e-003 1.03332917e-003 0. 3.51400464e-003 3.35320900e-003
    2.42112274e-003 0. 2.56087258e-003 -1.62277604e-003 1.63654354e-003
    0. 5.78889949e-003 0. 5.71315130e-003 2.02574884e-003
    7.36438204e-003 1.10490934e-003 0. 0. 0. 0. 0. 3.94515973e-003 0. 0.
    0. -1.88800518e-003 0. 0. 0. 9.43933206e-004 0. -1.94679131e-004
    6.10265275e-003 0. 0. 0. 0. 2.18891329e-003 0. 2.76356726e-003 0. 0.
    0. 8.18672357e-004 0. 0. 1.84792804e-003 5.69047814e-004 0.
    4.60646721e-003 1.92287425e-003 0. 0. 0. 0. 1.48469163e-003
    -2.22830870e-003 0. 1.58838788e-003 0. 0. 0. 0. 6.28645066e-003 0.
    1.65016460e-003 0. 2.44993344e-003 1.15623605e-003 0. 0. 0.
    3.38653359e-003 0. 0. 0. 0. 0. 0. 0. 0. 7.34175032e-004 0. 0. 0. 0.
    6.59260666e-003 0. 7.85932527e-004 0. 0. 0. 5.00826212e-003 0. 0. 0.
    1.28739362e-003 0. 2.06113164e-003 0. 0. 5.55043481e-003 0. 0. 0. 0.
    0. 0. 0. 0. 0. 0. 0. 0. -3.66248703e-003 0. 8.98316409e-003 0. 0.
    -1.55173693e-004 1.75051503e-002 3.95032670e-003 6.20786392e-004 0.
    0. 0. 3.32152960e-003 0. 0. 0. 4.35483791e-002 1.00144639e-003
    3.11017095e-004 0. -7.16347771e-004 1.43623096e-003 0. 0.
    4.05458908e-004 -5.80105116e-004 0. 3.85299791e-003 0.
    1.39617978e-003 3.66001768e-004 0. 4.37828153e-003 3.52379307e-003
    1.46136037e-003 0. 3.09065823e-003 0. 1.16848096e-003
    3.73993046e-003 5.78488130e-003 -8.16753309e-004 3.54964839e-004
    1.61835598e-003 0. 0. 2.93471618e-003 -1.94722996e-003 0.
    9.80006810e-003 0. 0. 0. 0. 4.61584609e-003 3.62951867e-003 0.
    -1.63218402e-003 0. 1.27686067e-002 0. 1.85328466e-003 0. 0. 0. 0.
    0. 0. 3.07935057e-003 0. 7.31178094e-003 0. 3.27537325e-003 0. 0. 0.
    2.26294645e-003 3.81759903e-003 4.66072495e-004 0. 0.
    4.22265660e-003 0. 0. 8.66891444e-003 0. 1.38572906e-003
    3.33452947e-003 0. -2.71703175e-004 1.90309377e-003 -2.56499392e-003
    0. 1.14789454e-003 -9.99899232e-004 0. 0. 6.25723216e-004
    2.45196698e-003 0. 4.55718138e-004 0. 0. 0. 1.66137979e-004 0. 0. 0.
    1.12972443e-003 0. 2.24734447e-003 0. 0. 0. 0. 1.83166971e-003 0.
    5.62058820e-004 0. 0. -2.67228228e-004 2.57998590e-006 0. 0. 0. 0.
    0. 0. 0. 6.78633666e-003 2.56221532e-003 -2.79144407e-003 0. 0.
    6.53177919e-003 0. 1.64896448e-003 0. 0. 0. 0. 0. 0.
    -1.11290698e-004 0. 0. 0. 0. 1.27747504e-003 1.36958482e-003
    2.50036269e-003 6.26449473e-004 1.48758746e-003 2.40993849e-003
    2.59957439e-003 -3.20419756e-004 1.61144766e-003 0. 3.58572230e-003
    0. 6.94186310e-004 3.51638324e-003 0. 5.35161374e-003
    3.73883435e-004 0. 0. 4.34556510e-003 0. 0. 0. 3.94757371e-003
    6.94307557e-004 0. 1.51598407e-003 0. 0. 2.54074438e-003 0. 0.
    3.31193162e-003 0. 0. -3.43746080e-007 3.55226453e-003
    1.52212533e-003 2.67856731e-003 0. 0. 0. 0. 4.05994151e-003 0. 0.
    1.25796464e-003 0. 5.92469145e-003 4.19525290e-003 7.85096141e-004
    0. 2.72373133e-003 1.06380368e-002 0. 2.89449631e-003 0. 0. 0. 0. 0.
    1.82770239e-003 0. 4.56497585e-003 0. 0. 0. 0. 1.94778002e-003
    7.26599188e-004 1.35245360e-003 0. 0. 0. 0. 0. 0. 0. 0. 0.
    2.00227019e-003 3.51983937e-003 0. 0. 4.11340082e-003
    1.42357126e-003 0. 0. 0. -6.30730879e-004 3.14314361e-003 0. 0.
    1.93190481e-005 0. 0. 0. 0. 0. 0. 1.36021001e-003 0. 0.
    7.43835932e-003 0. 1.52405433e-003 0. 4.17351071e-003
    6.39640144e-004 2.14876002e-003 0. 3.64617701e-003 1.18163927e-003
    1.75817020e-003 0. 7.07364967e-003 0. 1.78428803e-004 0. 0. 0.
    8.14406725e-004 4.88053495e-003 0. 0. 0. 4.98144189e-004 0. 0. 0.
    -1.59464823e-003 5.23144985e-003 0. 5.38937573e-004 0. 0. 0.
    -2.07915995e-003 0. 4.12989967e-003 4.97607281e-004 0.
    1.72976259e-004 5.53872017e-003 0. 0. 0. 0. 0. 0. 0. 1.32138550e-003
    0. 5.21474169e-004 0. 0. 0. -3.46312590e-004 4.15598741e-004 0. 0.
    0. 1.82561995e-003 0. 3.32186604e-003 0. 2.05372390e-003 0. 0.
    2.31679901e-003 4.77843033e-003 1.66400208e-003 2.74594128e-003
    4.43596533e-003 0. 0. 0. 0. 0. 9.32039926e-004 0. 0. 0. 0. 0. 0. 0.
    0. 1.03430968e-004 0. 0. 0. -2.30923388e-003 9.55236889e-003
    7.90424272e-003 0. 2.48561059e-006 0. 0. 0. 8.30242876e-003
    3.93575378e-004 0. 0. 0. 2.10725982e-003 0. 0. 1.14174734e-003
    4.35713399e-003 0. 0. 6.78032637e-004 0. 0. 0. 0. 1.52857474e-003
    -5.34229475e-005 0. 3.38919251e-003 0. 1.39062235e-003
    6.86794636e-004 7.13944784e-004 -5.37999731e-004 0. 0. 0. 0.
    1.10454997e-003 1.50104810e-003 -2.28238845e-004 4.21881163e-003
    2.37590470e-003 0. 0. 0. -1.32313976e-003 0. 1.61540834e-003
    4.07526596e-003 -1.85942592e-003 6.19252399e-003 4.92806593e-003 0.
    1.37556018e-003 -3.10461293e-003 0. 0. 0. 1.93483953e-003 0.
    1.01298036e-003 5.26060176e-004 0. 1.11185899e-003 3.34168319e-003
    0. 0. 0. 0. 0. 4.45634220e-003 -2.17837849e-004 0. 6.29009306e-003
    0. 0. 0. 0. 0. 0. -2.53007292e-005 0. 0. -4.26956569e-004
    3.77305993e-003 1.06768450e-003 0. 0. 3.64915025e-003 0.
    1.64355303e-003 1.69589510e-003 0. 0. 4.91470657e-003
    2.87143537e-003 0. -1.31399115e-003 0. 0. 3.17467842e-003 0.
    2.59410636e-003 0. 0. 1.70376408e-003 2.98859365e-003 0. 0. 0.
    -1.08506717e-003 0. 1.89469883e-003 0. 0. 1.01463947e-005
    5.42638917e-003 0. 0. 0. 4.93550440e-003 1.22086157e-003 0.
    2.18401616e-003 0. 0. 9.51941474e-004 0. 0. 2.43197288e-003 0. 0. 0.
    0. 0. 0. 0. 0. 0. 4.76221461e-003 0. 0. 0. 1.90319098e-003
    3.15260794e-003 0. 1.56130944e-003 3.08613438e-004 8.94257682e-004
    0. 0. -1.13930774e-003 -3.16008722e-004 6.40232116e-004
    -1.59413868e-003 0. 2.97584618e-003 2.13467167e-003 0. 0.
    2.59217806e-003 0. 1.67855201e-003 0. 4.97024739e-003
    4.59738029e-003 -1.67601072e-004 0. 0. 5.50259720e-004
    3.38794570e-003 0. 3.39099788e-003 0. 7.79557886e-005
    2.43615080e-003 6.37028413e-003 0. 2.06427276e-003 -2.05721403e-003
    0. 1.53043878e-003 3.45022324e-003 0. 5.63299283e-004
    6.44168176e-004 0. 3.74250300e-003 5.67828363e-004 3.73592088e-003
    -1.81515847e-004 3.88116168e-004 0. 2.80493335e-003 0.
    -9.56567645e-004 0. 4.50583408e-003 5.52950008e-003 0. 0.
    4.98511689e-003 0. 0. 0. 1.93343265e-003 0. 0. 3.26996460e-003
    1.79784745e-003 0. 0. 0. 0. 3.18359671e-004 0. 0. 3.24604125e-003 0.
    1.27295009e-003 0. 1.12057328e-002 0. 0. -1.74265285e-003
    9.47161112e-004 1.43851282e-003 0. -4.67719685e-004 -1.21458259e-003
    1.91829284e-003 3.61514860e-004 0. 0. 0. 0. 0. 4.24268830e-004
    7.91608635e-003 -9.12455318e-004 7.58662820e-004 0. -2.71259720e-004
    0. 0. 0. 1.04538677e-002 1.37522246e-003 0. 1.48914708e-003
    2.72411597e-003 2.46183277e-004 4.59871750e-004 0. 0. 0. 0.
    1.74795697e-003 0. 0. 0. 0. 0. 0. 1.08565940e-002 0. 0. 0. 0.
    -8.19611130e-004 0. 5.12429373e-003 1.02006365e-002 0. 0.
    8.12660251e-003 -3.77268204e-003 8.57482082e-004 0. 0. 0. 0. 0.
    2.63204565e-003 0. 0. 8.82390421e-003 0. 0. -4.25871898e-004 0. 0.
    0. 0. 0. 0. 0. 0. 0. 7.42557982e-004 1.13128582e-002 0. 0. 0. 0.
    5.28726028e-003 4.26930981e-003 1.29187503e-003 0. 1.03030715e-003
    8.67341552e-003 0. 0. 5.04142605e-003 0. -8.57111067e-004 0.
    3.98109056e-004 3.12586944e-003 2.40421179e-003 3.20922059e-004 0.
    2.31584487e-003 0. 0. 2.78789829e-003 1.92027679e-003
    1.06622081e-003 0. 0. 0. 0. 0. 0. 0. 0. 0. 0. 0. 0. 1.99879915e-003
    0. -2.94222904e-004 6.11972820e-004 0. 0. 0. 4.08471050e-003 0. 0.
    0. 4.31550760e-003 1.62082352e-003 2.30837683e-003 0.
    -5.43538656e-004 1.34004268e-003 -3.98090415e-005 0. 0. 0. 0. 0. 0.
    -5.34853956e-004 8.92864447e-003 0. 0. 0. 0. 0. -7.55234330e-004 0.
    1.66388473e-003 -1.23997149e-003 1.52167096e-003 2.01215944e-003 0.
