<?xml version="1.0"?>
<opencv_storage>
<imageDescriptor type_id="opencv-matrix">
  <rows>1</rows>
  <cols>1000</cols>
  <dt>f</dt>
  <data>
    0. 0. 3.19618708e-003 3.65695171e-003 2.91443802e-003 0. 0. 0.
    6.54997057e-005 9.30027629e-004 1.95926824e-003 9.95218405e-004 0.
    0. 0. 0. -3.52922082e-003 1.60579535e-003 2.26848107e-003 0.
    -1.58304276e-004 3.67334415e-003 1.23543870e-002 0. 1.16701110e-003
    0. 0. 0. -2.75217579e-004 1.94325563e-004 0. 0. 0. 0.
    2.89074681e-003 0. 2.23936368e-004 0. 0. 7.67590431e-003
    -6.26391484e-005 0. 0. 5.27769094e-003 -1.58628577e-003 0.
    -2.27324618e-003 2.68385117e-003 7.91411847e-003 5.10865776e-003
    3.07156937e-003 0. 0. 1.37139845e-003 3.01355426e-003 0.
    6.96968799e-003 8.74645368e-004 0. 0. -2.45445315e-003 0. 0.
    1.82127685e-003 0. 0. 1.34309419e-004 0. 1.13700604e-004
    5.77327504e-004 0. 3.17587913e-003 1.15771720e-003 0. 0. 0. 0. 0. 0.
    1.13154436e-003 0. 5.22739603e-004 1.38733318e-004 0.
    2.63424916e-003 0. 0. 4.10804339e-003 5.85137028e-003
    -5.22514863e-004 1.41237793e-003 8.23368726e-004 1.19534582e-002
    3.30702588e-003 2.73566227e-003 1.32526539e-003 3.13418894e-003 0.
    0. 0. 0. 3.75317119e-004 1.50960463e-003 0. 0. 0. 0. 1.13157462e-003
    4.24297806e-003 4.97139350e-004 0. 7.24069541e-004 0. 0. 0. 0. 0.
    7.78758476e-005 0. 9.35913704e-004 -1.76934176e-003 0. 0. 0. 0. 0.
    0. 0. 0. 6.93637552e-003 0. 0. 0. 0. 0. -8.71913275e-004 0.
    1.50799996e-003 1.11478614e-003 3.95102287e-003 0. 0. 0.
    -1.32063357e-003 4.50381590e-003 0. 0. 0. 8.06161109e-003
    7.80080969e-004 0. 3.31958127e-003 0. 2.03005131e-003 0.
    4.45345556e-003 2.08424847e-003 0. 0. 0. 0. 6.27037138e-003
    7.39097246e-004 7.73172639e-003 0. 4.44991347e-005 0. 0. 0. 0. 0. 0.
    -1.50727923e-003 0. 9.87130869e-003 0. 0. 9.94061818e-004
    8.70113168e-003 0. 0. -4.33759589e-004 9.76005802e-004
    7.44636636e-003 0. 0. 8.77526216e-003 2.38024467e-003 0. 0. 0.
    -6.21926447e-004 0. 0. 7.26353843e-004 0. 8.42511002e-003 0. 0.
    1.87776610e-003 1.33497408e-003 7.36965856e-004 0. 0. 0.
    9.79531650e-003 -1.23260752e-003 0. 6.96882140e-004 0. 0.
    2.17197812e-003 6.76997472e-004 0. 2.18051602e-003 8.67459178e-003
    0. 1.01343344e-003 0. 0. 5.45496354e-003 2.87424889e-003 0.
    4.29228460e-003 0. 1.47520108e-002 2.51301494e-003 0. 0. 0. 0.
    4.43247333e-003 0. 0. 4.64918278e-003 0. 0. 0. 0. 4.49282955e-003 0.
    0. 0. -1.84126548e-004 9.65697225e-004 2.75787688e-003 0. 0. 0. 0.
    4.83624171e-003 1.12530007e-003 1.66755670e-003 0. 0. 0. 0.
    -1.82442076e-004 0. -4.11071815e-004 2.88473268e-004 0. 0.
    8.16890318e-003 1.16836641e-003 0. 0. 0. 0. 1.20198587e-003 0. 0. 0.
    0. 0. 0. 8.87955446e-003 0. 0. 3.53923300e-003 4.62402683e-003 0. 0.
    0. 1.78983703e-003 0. 0. 5.01001999e-003 0. 0. 0. 0. 6.22079987e-003
    1.41215371e-003 0. 0. 0. 3.81324324e-003 2.19270517e-003
    5.67355950e-004 0. 0. 3.92886577e-003 0. -1.46653689e-003 0. 0. 0.
    0. 0. 7.65137884e-005 9.97897796e-003 0. 1.26643688e-003 0. 0.
    1.24116731e-003 3.77114420e-003 0. 0. 0. 5.83701294e-005 0.
    -1.74725871e-003 0. 0. 0. 1.58512953e-003 -1.38599207e-004 0.
    3.77789722e-003 -1.65738468e-003 0. 0. 0. 0. 0. 6.45931752e-004
    1.48530863e-003 3.72740161e-003 2.27908161e-003 0. 0.
    4.28259885e-003 6.41972804e-003 1.03544164e-003 1.80610840e-003 0.
    3.29328654e-003 2.95865722e-003 0. -2.54945247e-003 0. 0.
    5.47154865e-004 1.90809916e-003 0. 0. 0. 0. 0. -2.85737828e-004 0.
    0. 0. 0. -5.49474848e-004 5.62657253e-004 0. 0. 5.22682793e-004
    -1.30479108e-004 -4.59345104e-003 0. 6.01379247e-003 8.53252888e-004
    0. 0. 0. 0. -5.26386255e-004 -1.32132103e-004 -5.57479740e-004 0. 0.
    0. 0. 0. 0. 0. 0. 0. -2.87734874e-004 6.72573736e-003 0. 0.
    4.91284207e-003 0. 0. 0. -1.26357749e-003 3.10874125e-003 0.
    -1.00404897e-003 0. 0. 0. 0. 0. 0. 3.77692096e-003 0. 0.
    7.47223338e-003 3.42207472e-003 1.86111347e-003 2.06737639e-003
    -2.86474358e-003 0. 0. 7.29971565e-003 0. 0. 0. 0. 0. 0.
    8.90854839e-003 0. 1.31863949e-003 1.31695019e-003 0. 0. 0. 0. 0. 0.
    0. 0. 0. 1.39854825e-003 0. 0. 0. 0. 0. 0. 0. 2.37679644e-003 0.
    1.19126157e-003 0. 5.00174719e-005 0. 0. 0. 0. 0. 0. 0. 0. 0.
    6.90173940e-004 0. 0. 0. 1.32891187e-003 0. 0. 1.68766105e-003 0.
    1.95552055e-002 0. -7.17284507e-004 1.40995616e-002 3.56322061e-003
    0. 0. 1.48713050e-004 0. 0. 0. 6.69380324e-003 0. -1.03439663e-004
    1.78701524e-003 2.81704799e-003 0. 0. 0. 0. 0. 0. 0.
    -7.62635027e-004 1.49734237e-003 0. 0. 1.49682455e-003 0. 0. 0. 0.
    4.70107794e-003 0. 0. 3.86848417e-003 6.05344540e-003 0.
    -2.10068974e-004 2.14557839e-003 0. 0. 2.63698585e-003
    6.10831939e-003 0. 0. 0. 0. 0. 0. 0. 0. 0. 0. 0. 0. 0. 0. 0.
    1.05379650e-003 0. 4.10913548e-004 0. 0. 4.18639928e-003 0. 0. 0.
    9.17401072e-003 0. 0. 0. 5.95450867e-003 0. 0. 4.43801284e-003 0.
    -2.63685663e-003 4.53568500e-004 0. 0. 0. 0. 0. 0. 0.
    -3.21149448e-004 0. 0. 0. 0. 0. 0. 1.26279460e-003 1.65199151e-003
    7.77234929e-003 -1.15315570e-003 0. 2.94526294e-003 0.
    5.15940087e-003 0. 4.99341451e-003 0. 1.32576423e-003
    5.08330122e-005 0. 5.28127654e-003 0. 0. 0. 0. 4.41905158e-003
    1.84618239e-003 0. 0. 2.37211632e-003 2.80754804e-003 0.
    2.89932080e-003 3.75508622e-004 -2.10745173e-004 5.26175881e-003
    -1.12584746e-003 0. 6.17218995e-003 4.62938193e-003 7.14629015e-004
    0. 0. 4.93352255e-003 8.85188812e-004 0. -3.43942898e-003
    -1.19472372e-006 1.15320401e-003 0. 7.54919485e-004 2.84318323e-003
    -6.38636993e-004 0. 4.69270721e-003 0. 0. 8.18329956e-003 0. 0. 0.
    0. 0. 1.25826092e-003 -5.15879772e-004 0. 0. 0. 0. 0.
    1.10343122e-003 6.96460763e-003 5.12112910e-003 4.59588598e-004
    9.99897905e-003 0. 0. 0. 0. 5.33908512e-003 0. 0. 0. 0. 0.
    2.45063595e-004 0. 0. -9.00874438e-004 0. 0. 9.56173288e-004 0. 0.
    0. 1.78645714e-003 0. 0. 1.07622368e-003 2.12928769e-003
    6.07069023e-003 -2.76840612e-004 0. 0. 0. 0. 0. 0. 0. 0.
    1.18328445e-003 0. 0. 0. 0. 0. 8.25008319e-004 -7.18730851e-004
    3.94842494e-003 0. 0. 0. 7.07524072e-004 0. 0. 0. 2.29693064e-003
    5.81866734e-005 0. 0. 2.10321229e-003 0. 0. 7.67911493e-004 0. 0. 0.
    3.08311661e-003 0. -4.74403473e-003 1.41174521e-003 0.
    -2.08839006e-003 0. 0. -1.03455246e-003 5.14854584e-003 0. 0.
    1.12251297e-003 4.35872190e-003 1.15468549e-002 0. -2.54107203e-004
    2.49616103e-003 3.38144264e-006 0. 0. 3.51616734e-004
    2.27580220e-003 0. 1.07233915e-002 1.90059934e-003 4.27388493e-003
    3.68923036e-004 0. 0. 1.14303688e-003 0. 0. -7.09693297e-004 0. 0.
    6.07509073e-003 0. 8.95805564e-003 4.50438878e-004 -1.64585677e-003
    0. 0. 0. 5.40982699e-004 0. -5.35348256e-004 1.43753446e-003 0.
    1.03089027e-002 9.12389951e-004 8.69434152e-004 0. 2.99042510e-003
    0. 8.48478288e-004 6.56540086e-003 7.81813450e-003 0.
    -1.73662871e-003 0. 2.84699537e-003 0. 0. 0. 0. 0. 0. 0. 0. 0. 0. 0.
    0. 0. 0. 0. 0. 0. 0. 5.98931732e-003 0. 7.85403140e-003 0.
    4.35860362e-003 1.49088854e-003 -8.86298076e-004 0. -1.34214328e-003
    0. -7.71651685e-004 0. 0. 8.95691197e-003 0. 0. 1.86603353e-003 0.
    2.94199982e-003 0. 0. 4.50964412e-003 0. 5.40530309e-003 0. 0.
    1.33890426e-003 0. 0. 7.50226155e-003 0. 1.47284416e-003 0. 0.
    1.15159382e-004 2.91003054e-003 -7.68428086e-004 0. 0. 0. 0. 0. 0.
    0. 0. 0. -1.38688844e-003 0. 0. 0. 0. 0. 0. 0. 0. 0. 0. 0. 0. 0. 0.
    0. 0. 0. 0. 2.49779364e-003 -2.51714548e-004 0. 1.36330875e-003
    -1.14311930e-004 1.11877231e-003 0. 0. 0. 0. 0. 0. 0.
    7.62909243e-004 0. 0. 1.74640538e-003 0. 5.72370272e-003 0.
    8.18181876e-003 0. 0. 9.70704481e-004 0. -1.28855871e-003
    8.94598663e-003 0. 0. 0. 0. 3.05417995e-003 7.70125445e-003
    2.37238433e-004 1.80586206e-003 0. 0. 0. 4.95592225e-003 0. 0.
    7.00671808e-004 0. 0. 0. 0. 3.11269145e-003 1.14019751e-003
    4.73791128e-003 5.96003328e-003 0. 0. 0. 0. 0. 2.61929678e-003 0.
