<?xml version="1.0"?>
<opencv_storage>
<imageDescriptor type_id="opencv-matrix">
  <rows>1</rows>
  <cols>1000</cols>
  <dt>f</dt>
  <data>
    0. 3.40047735e-003 0. 0. 0. 0. 1.07993814e-003 2.33611208e-003
    -6.94339222e-004 0. 5.91858337e-003 0. 0. 0. -1.69216888e-003 0. 0.
    0. 1.95088272e-003 6.26422558e-003 0. 0. 1.42507459e-004 0.
    9.49384272e-003 0. 3.76689387e-003 0. 0. 1.74433377e-003 0. 0.
    9.87382955e-004 0. 0. 0. 5.04867081e-003 0. 0. 0. 0. 0. 0.
    3.73785594e-003 0. 0. 0. 0. 0. 7.38171674e-003 0. -1.50499295e-003
    1.18495722e-003 -1.81114580e-003 9.65778367e-004 1.43877778e-003 0.
    0. -2.70271674e-004 4.47000051e-003 0. 3.07517895e-003
    2.86264671e-003 5.55747305e-004 2.71933130e-003 0. 0. 0. 0.
    8.42853822e-003 0. 0. 0. -2.41408078e-003 5.30427555e-003 0. 0. 0.
    6.74770214e-004 7.88152800e-004 7.60896539e-004 0. 0.
    -3.83801525e-005 -1.70994236e-003 0. 1.53780950e-003 0.
    2.10276735e-003 0. 0. 0. 2.09428486e-004 0. 5.34424698e-003
    -3.66450578e-004 1.62011646e-002 0. -2.34198966e-003 5.80832129e-004
    0. 0. 0. 2.37592007e-003 0. 0. 0. 0. 0. 1.73873024e-003
    -1.91970752e-003 0. 0. 0. 0. 0. 0. 9.07333847e-003 0. 0.
    1.43434096e-003 0. -2.09831953e-004 0. 0. 0. 0. 5.39866602e-003 0.
    0. 0. 0. 9.35803982e-004 5.50031802e-003 0. 0. 0. 1.32272672e-003 0.
    0. 0. 0. 0. 0. 7.38684204e-004 2.20484170e-003 0. 0. 0. 0.
    5.60664199e-003 7.30329938e-003 1.15340324e-002 0. 0.
    3.58733069e-003 0. 1.76776177e-003 0. 4.84676380e-003
    3.12815816e-003 0. 0. 0. 2.58004246e-003 -3.71342234e-004 0. 0.
    -5.82834240e-004 0. 1.52478763e-003 0. -5.52919228e-004 0. 0. 0.
    1.44886470e-003 0. 0. 0. 7.05054554e-004 -1.12555594e-004 0. 0.
    1.70180225e-003 1.19862345e-003 1.43026575e-001 0. 1.70985342e-003
    0. 0. 0. 4.77162946e-004 2.67191580e-003 0. 8.81142076e-003
    2.65552662e-003 2.03311886e-003 0. 1.22539967e-003 2.69614020e-003
    0. 0. 0. 0. 0. 0. 0. 0. 0. 0. 2.59635039e-003 4.91677644e-003
    6.90251449e-003 1.03553059e-003 1.36125670e-003 8.31108599e-004 0.
    -2.55434687e-004 9.32732970e-003 0. 0. -3.88978818e-003 0. 0. 0. 0.
    0. 1.17631163e-003 0. 0. 3.00064683e-003 0. 0. 0. 2.83069443e-003 0.
    5.51656168e-003 3.71349743e-003 0. 0. 2.56040064e-003
    2.03372934e-003 0. -1.78567483e-003 0. 6.48552901e-004
    5.26740169e-003 0. 0. 2.99968116e-004 0. 0. 6.14624657e-003
    4.12304280e-003 0. -8.47652263e-004 0. 1.95979513e-003 0.
    1.31690118e-003 0. 0. 7.20381970e-004 0. 0. 4.60179988e-003 0. 0. 0.
    0. 0. 3.99003131e-003 9.17528814e-004 1.80285145e-003 0.
    2.43053911e-003 1.98672339e-003 0. 1.22814986e-003 3.13006276e-005
    0. 0. 2.32225773e-003 0. 0. -1.15431333e-003 0. 0. 0. 0.
    2.77746259e-003 0. 0. 0. 1.60645053e-003 0. 5.08357119e-003
    2.60465173e-003 7.03770143e-004 3.37858358e-003 0. 0. 0.
    1.00537390e-003 7.78311340e-004 0. 5.71925612e-003 0. 0.
    2.52523314e-004 0. 0. 0. 5.16460685e-004 1.76930975e-004
    1.31584052e-003 0. 0. 1.54987420e-003 2.51857284e-003
    2.61741527e-003 -4.99885937e-004 8.13587394e-004 0. -6.67579952e-005
    3.33796814e-003 0. 0. 1.49408844e-003 4.34359210e-003 0. 0.
    -3.30331665e-003 8.62082932e-003 0. 0. 0. 0. 0. 7.65799196e-004 0.
    2.04540743e-003 0. 2.98829703e-003 0. 0. 0. 1.22822894e-004
    -9.92443180e-004 0. 4.15466726e-002 -2.38319146e-004 0. 0.
    9.10814013e-003 2.84288690e-004 0. 0. 5.85834088e-004
    2.71080900e-003 1.01919193e-002 0. 0. 0. 0. 1.35839998e-003
    1.11222202e-002 0. 4.85362764e-003 2.14019790e-003 2.55690189e-003
    0. 7.30334898e-004 2.47618067e-003 0. 0. 0. 0. 7.31092528e-004
    5.41125657e-004 0. 0. -2.38323933e-004 0. 0. 0. 0. 6.76688598e-003
    0. -2.36486807e-003 6.04820489e-005 0. 3.23008746e-004 0. 0. 0. 0.
    5.86685026e-003 5.52321319e-004 0. 7.66147801e-004 4.12435085e-003
    3.57536180e-003 0. 0. 0. 0. 0. 0. 3.35124996e-003 0. 0.
    7.74758635e-004 0. 2.84580339e-004 0. 0. -1.36145856e-004
    1.04268629e-003 1.69384235e-003 1.08930818e-003 3.07301455e-003 0.
    0. 0. -5.72933714e-005 2.45054159e-003 0. 0. 1.62713404e-005
    1.61547423e-003 0. 0. 2.30642036e-003 7.94036500e-003
    -3.04222514e-004 3.77735496e-003 8.40148015e-004 -1.05166982e-003
    3.04415153e-005 0. 6.77782204e-003 1.37956243e-003 1.52115501e-003
    0. 0. 0. 7.12319976e-003 0. 0. 2.36988161e-003 0. 0. 0.
    -1.32872083e-003 0. 0. 4.14339267e-003 4.41494538e-003 0.
    3.86042637e-003 1.31982833e-003 0. 0. 0. 2.42469693e-003 0. 0.
    5.19840920e-004 0. -1.92881818e-003 0. 0. 0. 0. 0. 0.
    8.19490699e-004 2.08535371e-003 1.46796112e-003 5.50428359e-003 0.
    0. 9.55124269e-004 0. 1.83583191e-003 -9.30959242e-004 0.
    4.60950920e-004 0. 0. 0. 0. 8.89813621e-003 0. 1.52527555e-005 0.
    5.18631097e-003 0. 0. 0. 4.95705800e-003 5.62786125e-003 0. 0. 0. 0.
    0. 0. 0. 1.98809896e-003 0. 0. 7.90722761e-003 0. 0. 0. 0. 0. 0.
    6.89266529e-003 0. 1.18581590e-003 0. 0. 0. 1.85899658e-003 0. 0.
    3.91261047e-003 1.20754680e-003 0. 1.36902032e-003 0.
    3.91791761e-003 -2.03047108e-004 -1.12784049e-003 0. 0.
    1.63564691e-003 0. 3.22121079e-003 7.81726267e-004 4.09918837e-003
    0. 0. 0. 0. -1.73269783e-003 -1.69840585e-002 4.59954645e-005 0. 0.
    0. 0. 0. 0. -2.32926640e-003 0. 2.53782910e-003 0. 1.23542489e-003
    2.88842153e-003 3.10267857e-003 0. 0. 2.40996969e-003 0. 0. 0. 0. 0.
    0. 0. 0. 0. 0. 0. 0. 0. 0. 1.15681964e-003 0. 0. 0. 0. 0.
    -1.72381161e-003 0. 0. 3.76356096e-004 0. 0. 4.40991251e-003 0. 0.
    7.62057607e-004 0. 0. -6.27034344e-004 0. -3.40474508e-004
    -1.65787118e-003 0. -2.42976152e-004 2.78520456e-004 0. 0. 0. 0. 0.
    0. 1.64504885e-003 0. 0. -1.11454842e-003 0. 0. 8.91397940e-004 0.
    0. 0. 0. 2.11241818e-003 0. 0. 0. 0. 0. 0. 0. 0. 0. 8.46566865e-004
    0. 0. 5.35586369e-005 0. 3.69542919e-004 0. 0. 0. 0. 1.05777681e-002
    0. 0. 0. 0. 9.31667630e-004 -3.71462054e-004 0. 0. 6.37926534e-003
    0. 0. 6.96750265e-003 0. 4.82642232e-003 3.55851604e-003
    4.24056692e-004 0. 2.90833018e-003 1.20193569e-003 0.
    6.18630322e-003 1.71416602e-003 0. 1.41833373e-003 1.35558203e-003
    0. 0. 5.39702503e-003 1.40858011e-003 -6.18966529e-004 0.
    1.16809380e-004 2.83192086e-004 2.16247723e-003 0. 6.03804039e-003
    2.67808512e-003 0. 0. 0. 2.43384019e-003 0. 0. 1.93891721e-003 0. 0.
    0. 0. 0. 0. 1.50504260e-004 0. 0. 0. 0. 0. 1.80420687e-003 0. 0. 0.
    0. 0. 2.93945218e-003 0. 1.70488795e-003 0. -1.68386323e-003 0. 0.
    -7.48320716e-004 3.73178255e-003 5.92324603e-003 5.92289318e-004 0.
    0. 0. 0. 0. 0. 0. 0. 0. 1.76089210e-003 0. 0. 0. 2.13920698e-003 0.
    0. 0. 0. 5.63021516e-004 0. 0. 0. 0. 0. 4.62870765e-003
    5.97510836e-004 -2.66469736e-003 0. 0. -1.83942364e-004 0. 0. 0. 0.
    0. -3.87092959e-003 0. 0. 3.39499675e-003 1.71347009e-003 0. 0. 0.
    1.64115767e-003 0. 0. 0. 0. 0. 0. 0. 0. 0. 0. 0. 1.16405499e-005 0.
    0. 2.64072744e-003 8.87211598e-003 1.11916440e-003 1.02621852e-003
    0. 0. 0. 0. -1.90594252e-002 0. 6.10208081e-004 0. -3.04718531e-004
    5.94011694e-003 0. 1.52990604e-002 7.44825834e-003 0. 0. 0. 0. 0. 0.
    -3.93197034e-003 0. 0. 0. 3.09559680e-003 -2.78174324e-004 0. 0.
    3.61375191e-004 0. 5.36764646e-003 0. -1.33479852e-003 0. 0. 0.
    1.29977067e-003 0. 1.17148301e-002 0. 9.26622842e-003 0.
    1.07850146e-003 0. 0. 1.36756117e-003 0. 0. -8.91412783e-004
    4.79090586e-003 0. 0. 0. 1.19730853e-003 0. 0. 0. 0. 0. 0. 0. 0. 0.
    2.53446633e-003 0. 0. 3.51875788e-003 0. 0. 0. -5.88841911e-004
    2.29231128e-003 6.53281016e-003 4.06290201e-004 0. 9.18730948e-005
    0. 0. 8.06413684e-003 4.22019453e-004 0. 0. -5.92754630e-004 0. 0.
    0. -8.95862933e-004 2.33027642e-003 0. 3.63281416e-003
    3.76213714e-003 2.21545197e-004 -3.49290203e-004 -9.90596949e-004
    7.93709606e-003 2.59554503e-003 0. 1.20087666e-003 0. 0. 0. 0. 0.
    -8.23180133e-004 -1.17090647e-003 0. 0. 0. 0. 0. 4.06008307e-003 0.
    -5.76745777e-004 5.91668882e-004 0. 0. 5.65208495e-003 0.
