<?xml version="1.0"?>
<opencv_storage>
<imageDescriptor type_id="opencv-matrix">
  <rows>1</rows>
  <cols>1000</cols>
  <dt>f</dt>
  <data>
    0. 0. 9.82910860e-004 1.70672243e-003 0. 0. 0. 0. 0. 0.
    8.98270402e-003 9.94001050e-004 0. 0. 0. 1.08465028e-003
    -1.93128898e-003 8.81808883e-005 1.13477593e-003 6.81543397e-003
    1.96218141e-003 7.83163495e-003 0. 0. 0. 1.07344128e-002 0. 0.
    5.22491522e-003 6.88525895e-003 0. 0. 0. 0. 0. 0. 4.87758429e-004 0.
    -2.66019546e-004 0. 6.25757850e-004 0. 2.89000891e-004
    8.07247404e-003 3.82138486e-003 0. 1.01850601e-003 4.61392221e-004
    9.05638002e-003 7.00558885e-004 0. 0. -2.73352780e-004
    1.93499029e-003 -2.34534359e-003 0. 0. 2.64169089e-003 0. 0. 0.
    2.53940234e-003 0. 0. 3.83215211e-003 6.93619251e-003 0.
    2.04784214e-003 -7.29219391e-005 -2.04703747e-003 1.43840874e-003
    8.82950379e-004 -3.13771052e-005 4.37623682e-003 0. -5.59586406e-005
    0. 0. 0. 0. 0. 3.70303256e-004 1.39197027e-002 4.42479597e-003
    1.57802820e-003 7.10469112e-003 0. 6.52517844e-003 3.06968956e-004
    2.22323625e-003 1.70020433e-003 0. 1.92269959e-004 0. 0.
    1.75072392e-003 0. 0. 1.36350471e-004 6.51221629e-003
    1.51491235e-003 1.43214483e-002 3.06689576e-003 0. 0.
    2.72367615e-003 0. -3.12938029e-003 2.29477626e-003 0. 0.
    3.64837097e-003 3.00091389e-003 0. 1.27899658e-003 -8.23068433e-004
    0. 0. -1.69134248e-004 0. -5.67752577e-004 0. 1.25387125e-003 0. 0.
    0. 0. 0. 0. 0. 6.13502983e-004 0. 0. 2.04696995e-003 2.36388901e-003
    0. 0. 3.61836911e-003 0. 0. 2.33343802e-003 0. 0. 1.48562680e-003 0.
    0. 0. 1.57300965e-004 2.29664016e-004 2.44613225e-003 0.
    -1.58090412e-003 1.00034999e-003 0. 0. 5.06345509e-003
    -3.33539583e-003 -1.39251759e-003 1.97008485e-003 0. 1.51867614e-004
    0. 2.01515458e-003 0. 0. 4.65802336e-003 0. 0. 0. 0. 0.
    1.50338525e-003 1.21066661e-003 0. 2.69336882e-003 0. 0.
    1.89643737e-003 1.58824807e-003 2.43743788e-003 0. 1.03118466e-002
    0. 9.36020515e-004 0. 0. 9.60713811e-003 -8.79522529e-004
    -1.10679225e-003 0. 1.86050532e-003 0. 0. 0. 0. 0. 0. 0.
    1.06585212e-003 9.85890394e-004 0. 0. 0. 0. 0. -2.45085888e-004
    -7.19402451e-004 0. 0. 0. 0. 5.77882724e-003 0. 1.64102283e-004 0.
    0. 0. 2.21344875e-003 0. 0. 2.35305677e-004 0. 1.35231228e-003
    2.46635755e-003 6.74720563e-004 0. -6.81900303e-004 0.
    1.47820672e-003 -4.12477239e-004 1.81979476e-003 0. -2.07771035e-003
    0. -1.02338544e-003 -7.84109638e-004 0. 0. 0. 0. 2.36455773e-004 0.
    0. 0. 0. 2.80876155e-003 2.32492411e-003 0. 0. 1.89625274e-003
    2.23767362e-003 1.49728882e-003 1.96484919e-003 9.16988589e-004
    4.36314673e-004 0. 6.65492052e-003 0. 0. 1.34991081e-002
    2.38143417e-004 0. 0. 4.80956893e-004 0. 0. 2.05647596e-003 0. 0. 0.
    0. 1.36226881e-004 0. 1.53512679e-004 0. 1.77857943e-003
    -1.16731785e-003 0. 0. 1.81401044e-003 0. 4.09534114e-004 0. 0.
    -2.93619145e-004 0. -5.70042816e-004 1.64687133e-003 0. 0. 0. 0.
    -2.45739619e-004 1.88004691e-003 0. 0. 0. 0. -1.89916973e-004
    1.03120855e-003 0. 2.30624399e-004 0. 0. -7.70794228e-004 0.
    3.30388173e-003 -4.31735098e-004 0. 0. 0. 8.45822215e-004
    1.74292119e-003 -2.15592096e-003 0. 0. 0. 0. 0. 0. 0.
    -1.45350595e-003 0. 0. 0. 0. 0. 0. 3.17198294e-003 4.56709240e-004
    0. 0. 0. 0. 0. 0. 0. 2.27052509e-003 8.21690448e-003 0. 0.
    6.76203007e-003 0. 8.61112121e-003 -1.16417787e-005 0.
    3.21773416e-003 0. 2.58476995e-002 0. 1.79987517e-003
    5.56203490e-003 0. 5.97330229e-003 0. 0. 0. 0. 2.16489588e-003 0. 0.
    0. 4.44097561e-004 0. 5.60677378e-004 7.37222936e-003
    1.06876707e-002 0. -2.49492121e-003 0. 0. 0. 0. 0. 9.24367690e-004
    1.32372079e-003 0. 0. 0. 0. 0. 0. 0. 0. 0. 0. 3.14195920e-003
    4.32708272e-004 0. 0. 0. 0. 0. 3.27290525e-003 0. 0. 0. 0. 0. 0.
    5.56024723e-003 0. 0. 0. 1.08236831e-003 0. 0. 0. 0. 1.32217153e-003
    -7.72601459e-004 -2.31684957e-004 9.66496672e-003 3.69309098e-003
    9.45909508e-003 0. 0. -8.82199151e-004 0. 0. 0. 1.48664505e-004
    7.19938369e-004 0. 0. -9.42937739e-004 0. 1.07849238e-003
    9.20257124e-004 0. 0. 0. 0. 7.54510798e-003 1.13987988e-002
    9.24699195e-003 1.34716195e-003 2.53548002e-004 0. 1.65396064e-004
    0. 2.68587493e-003 0. 0. 1.57512873e-002 0. 2.09618337e-003
    1.14539033e-003 0. 0. -2.14599000e-004 0. 0. 0. 9.52884555e-004 0.
    1.41007698e-003 0. 0. 0. 4.19398624e-004 0. 0. 0. 4.94837004e-004 0.
    0. 6.71288092e-003 0. 1.72206629e-002 4.05591680e-004 0. 0. 0. 0.
    -9.46470900e-005 -4.89506274e-005 1.38369796e-003 0. 0. 0.
    3.27750016e-003 1.15912769e-003 0. 0. 3.26621812e-004
    2.19101412e-003 2.23096227e-003 0. 0. 0. 0. 1.58777810e-003
    3.61157628e-003 0. 4.24164487e-003 9.19528864e-003 0. 0. 0.
    1.64813816e-003 1.71794160e-003 0. 6.25937944e-003 1.27547747e-002
    0. 0. 0. 3.25011532e-003 1.70654412e-002 -1.77684263e-003 0.
    -5.36172127e-004 0. 0. 0. 3.36742285e-003 0. 0. 0. 1.36836199e-003
    -9.06161324e-004 1.88337860e-003 0. 0. 0. 0. 0. 0. 3.88241513e-003
    1.41159771e-003 2.11285567e-003 0. 0. 7.97448505e-004
    1.77799945e-003 5.50355902e-003 1.04482623e-003 0. 3.87022807e-003
    0. 0. 2.16911128e-003 0. 0. 0. 0. 6.56512845e-003 -2.44867639e-004
    -7.91583443e-004 1.40081788e-003 0. 3.52883898e-003 0. 0.
    7.37759809e-004 4.70283348e-003 0. 0. 5.22309076e-003 0.
    2.96818302e-003 1.60947896e-003 0. 0. 0. 0. -1.81991537e-003
    1.65298313e-003 4.05156927e-004 0. 3.28557054e-003 1.56228116e-003
    4.38937772e-004 2.30541034e-003 1.55638705e-003 0. 1.28805533e-003
    1.31775311e-003 0. 0. 0. 4.52096760e-003 0. 9.53783467e-003
    6.35537668e-004 0. 1.69933913e-003 -7.05751590e-004 2.27724318e-003
    0. 0. 0. 0. 7.81042327e-004 0. 6.60137972e-003 0. 0. 0.
    1.81665923e-003 0. 0. 0. 1.25635194e-003 0. 1.40959502e-003 0. 0. 0.
    1.44204113e-003 5.37891348e-004 2.82776635e-003 3.49672651e-003 0.
    0. 0. -8.24824150e-004 0. 0. 7.27939536e-004 0. 0. 0. 0.
    1.26686227e-003 2.27072206e-003 0. 0. 3.49485804e-003 0. 0. 0. 0.
    -5.72907273e-004 3.95961711e-003 0. 0. 0. 1.90284243e-003 0. 0. 0.
    1.11213143e-004 3.06998333e-003 6.95693947e-004 5.18417684e-003 0.
    0. 7.05252495e-003 0. -6.70540088e-004 0. -1.45905942e-003 0.
    4.81135154e-004 0. 0. 8.88774171e-004 8.17705039e-003 0. 0. 0. 0. 0.
    0. 0. 0. 1.80894232e-004 0. 1.24213204e-003 0. 0. 0. 4.54748428e-004
    0. 9.15915822e-004 0. 5.30255912e-003 6.69126050e-004
    3.80163034e-003 0. 1.67880172e-003 0. 9.71838832e-004
    1.76089245e-003 5.19308634e-003 0. 0. 1.51847780e-003 0. 0. 0. 0.
    5.81412157e-003 0. -1.08438707e-003 7.36351183e-004 0. 0. 0. 0.
    7.37841110e-005 -2.55399477e-003 0. 0. 0. -3.42614308e-004 0.
    1.00821890e-004 1.16948448e-002 3.89957079e-003 0. 0. 0. 0.
    1.55335874e-003 5.88859140e-004 1.55281246e-004 0. 1.91661040e-003
    0. 8.50449596e-003 0. 0. 4.54698224e-003 0. 0. 1.00885052e-003 0.
    1.78257251e-004 -2.25563170e-004 2.71394453e-003 0. 0.
    -1.78145233e-003 -1.24039000e-003 0. 1.07629495e-002 3.78371030e-003
    3.35224625e-003 0. 0. 0. 7.85926823e-004 -7.11897912e-004
    2.08589528e-003 0. 0. 1.22985581e-003 0. 7.26572890e-003 0. 0.
    1.72530150e-003 0. -2.37822486e-003 4.97957133e-003 0. 0.
    3.02442047e-003 0. 0. 0. 0. 4.84994520e-003 0. 0. 0. 0.
    8.00148118e-003 0. 0. 0. 0. 0. 0. 0. 0. 1.36173773e-003 0.
    -7.41968513e-004 0. 0. 3.82740493e-003 3.20434337e-003
    5.23812929e-003 0. 0. 0. 0. 1.89478474e-003 0. 4.97449934e-003
    6.35181693e-003 0. 0. 0. 7.64431758e-003 3.97878466e-005 0.
    4.79296921e-003 0. 4.06862423e-003 0. 0. -4.13585018e-004 0. 0. 0.
    -3.07737035e-004 2.76211137e-003 3.90054937e-003 1.14416741e-002
    1.45395822e-003 0. 0. -1.14996475e-003 0. 0. 0. 0. 2.12504785e-003
    6.19954430e-003 1.49559160e-003 0. 5.77057363e-004 0. 0.
    3.99382086e-003 0. 1.97833707e-003 0. 0. 8.34331568e-003 0. 0.
    8.28655716e-003 0. 0. 1.27848261e-003 0. 0. -3.71224782e-003
