<?xml version="1.0"?>
<opencv_storage>
<imageDescriptor type_id="opencv-matrix">
  <rows>1</rows>
  <cols>1000</cols>
  <dt>f</dt>
  <data>
    -4.70252184e-004 4.98750620e-003 0. 0. 0. 0. 2.83083273e-003 0.
    2.71531218e-003 0. 0. 0. -2.09989710e-004 2.64990143e-003
    1.61959082e-002 2.22321809e-003 0. 0. 0. 3.50706489e-003
    3.73464706e-003 0. 0. 0. 2.54091294e-003 0. 0. 1.50663527e-002
    3.79018323e-003 1.11797499e-003 5.30651305e-003 0. 0.
    7.63613079e-003 0. 3.12366709e-003 6.49076886e-003 0. 0. 0.
    1.04812486e-002 0. 4.20208999e-005 0. 0. 4.60069365e-004 0. 0. 0. 0.
    0. 8.56366009e-004 0. 0. 1.02503467e-002 0. 0. 2.41632992e-003
    -5.60990244e-004 0. 0. 1.83176633e-003 -1.37415121e-003
    -4.88855271e-003 0. 0. 0. 0. 4.07422613e-003 0. 8.69893483e-005 0.
    5.43670403e-003 0. -7.21003744e-004 4.19204216e-003 0.
    6.19659293e-003 1.57298788e-003 -8.42875961e-005 5.31247770e-003 0.
    0. 0. 7.15944770e-005 1.65201572e-003 0. 1.35710009e-003 0. 0.
    -6.68324588e-004 0. 3.93164111e-003 -4.02020151e-003 0. 0.
    2.79047783e-003 0. 0. 0. 3.79134528e-003 0. 0. 0. 0. 0. 0.
    7.88686890e-003 0. 0. -3.45713063e-003 0. 0. 0. 0. 0. 0. 0.
    1.44426525e-002 0. -3.15297442e-003 0. 9.07643640e-004
    5.67923300e-004 0. 0. 5.80973504e-003 0. 0. 1.06789218e-003
    -5.32364829e-005 0. 3.66380089e-003 -3.51825329e-005 0. 0. 0.
    2.95328768e-003 1.42690493e-003 0. -3.14002275e-003 5.73247066e-003
    0. 0. 0. 3.78572010e-003 8.10267986e-004 3.64779611e-003
    3.68088554e-003 0. 5.70596749e-005 0. 0. 1.61606469e-003 0.
    5.61578898e-003 1.89540489e-003 0. 0. 2.28997855e-003
    6.62904792e-003 0. 1.03427039e-003 1.09769462e-003 1.25942321e-003
    3.35167791e-003 7.10214721e-004 3.91500024e-003 0. 0. 0.
    2.40308139e-003 9.86265484e-004 0. 0. -1.08481513e-003 0.
    7.03870738e-003 0. 0. 2.28888937e-003 0. 0. 0. 0. 5.09688281e-004 0.
    2.24161005e-004 0. 0. 0. 0. 1.10090070e-003 0. 3.22202384e-003 0.
    5.95527934e-004 0. 0. 0. 4.66516148e-003 -1.08257215e-003
    4.55162674e-003 0. 0. 0. 0. 0. 0. -2.65816430e-004 0.
    6.30617421e-003 9.26505600e-004 0. 0. 0. 0. 0. 0. 7.24828010e-003 0.
    0. 3.12500284e-003 0. 2.46477313e-003 0. -4.92679246e-004 0. 0. 0.
    -2.65316630e-004 0. 0. 0. 0. 0. 0. 2.70750490e-003 0. 0. 0.
    1.64973475e-002 0. 0. 0. 0. 7.15383887e-003 4.89070837e-004
    4.85127419e-003 0. 0. 0. 0. 0. 0. 0. 0. 0. 0. 4.68760962e-003 0. 0.
    0. 0. 8.83127679e-004 3.88357812e-003 0. 5.14834654e-003
    1.32087944e-003 0. 0. 6.03107456e-003 -4.30294918e-003 0. 0. 0. 0.
    3.02247307e-003 6.03392813e-003 3.40135768e-003 0. 8.52141147e-006
    0. 0. 0. 5.99240419e-003 7.04987999e-003 0. 0. 0. 1.46594120e-003
    -3.02594574e-003 0. 1.90743676e-003 0. -1.76544546e-003
    1.31988863e-003 0. 0. 0. 1.56894773e-002 6.01118477e-003
    1.65896035e-005 0. 0. 0. 0. 0. 0. 0. 0. 0. 7.95314787e-004
    3.20715597e-003 0. 2.44122974e-004 0. 2.47221091e-003
    3.97310592e-003 8.20893887e-003 7.55927816e-004 0. 1.21479628e-004
    1.01326769e-002 3.53473774e-003 0. 7.91798520e-004 1.79989333e-003
    0. 0. 3.72602185e-003 0. 4.46321536e-003 7.83116557e-003 0.
    3.82846128e-003 0. 3.03632114e-005 0. 0. 0. 0. 0. 0. 0. 0. 0. 0. 0.
    0. 0. 0. 0. 0. 0. 0. 2.17828876e-003 9.79315024e-003 0. 0. 0. 0.
    5.55534661e-003 0. 0. -9.72133304e-004 -2.62240384e-004 0.
    1.65061397e-003 0. 0. 0. 9.13861368e-005 0. 0. 0. 0. 0.
    8.44511855e-003 0. 0. 0. 5.13654295e-003 8.14942177e-003 0. 0. 0.
    7.70397577e-003 8.60180007e-005 -9.65001062e-004 0. 7.72155588e-004
    7.00926222e-003 0. 0. 0. 0. 0. 0. 1.41107105e-003 0. 2.20748363e-003
    2.87751947e-003 0. -7.23509234e-004 0. 0. 6.45911379e-004 0. 0.
    4.37891018e-003 0. 0. 0. 5.15497429e-003 0. 0. 8.93987424e-004 0. 0.
    3.14309774e-003 0. 0. -8.90875293e-004 -7.03702026e-005 0. 0. 0.
    2.39330786e-003 1.17617762e-002 0. 0. 5.62174188e-004
    2.36119074e-003 4.01953963e-004 0. 1.95452827e-003 0.
    -3.62303597e-003 0. 0. 0. 1.81651942e-003 0. 0. 0. 0. 0. 0. 0.
    7.66838528e-003 0. 5.63523572e-005 0. 1.99870221e-004
    1.86293002e-003 0. 6.69674482e-004 1.96766248e-003 1.47455209e-003
    0. 1.21775211e-003 0. 2.02833046e-003 -5.72730845e-004
    1.08485147e-002 5.36692329e-003 0. 0. 0. 0. 0. 1.59714893e-002 0. 0.
    0. 6.28122967e-003 0. 0. 0. 0. 0. 0. 8.65621213e-003 1.60784312e-002
    1.50841457e-004 0. 0. 0. 0. 0. 0. 0. 0. 3.64388106e-003
    1.29783351e-004 0. 0. 3.27146053e-003 0. 0. 1.88872800e-003 0. 0.
    3.71725240e-004 0. -1.17317587e-003 0. -1.27028243e-003 0.
    9.78314504e-003 0. 0. 0. 0. 1.55446155e-003 8.40774388e-004
    4.23596799e-003 2.42921244e-003 0. 0. 0. 0. 2.90731643e-003 0. 0.
    7.30763946e-004 0. 1.56862196e-003 7.52727687e-003 0. 0. 0. 0. 0. 0.
    0. 0. 2.38639209e-003 0. -1.92128518e-003 0. 8.10113212e-004
    8.55595921e-004 1.01822475e-003 -1.86965463e-003 0. 0. 0. 0. 0. 0.
    0. 0. 0. 0. 7.96564296e-003 0. 0. 0. 0. -5.19717112e-004
    -2.28824024e-003 0. 0. 2.94888602e-003 1.89634580e-002 0.
    6.71668211e-003 0. 1.30772707e-003 6.63242827e-004 1.42050534e-003
    0. 0. 0. 5.96937863e-003 8.73476733e-003 0. 0. 0. 0. 0. 0. 0.
    3.56303505e-003 2.26341025e-003 0. 0. -2.76612380e-004 0. 0.
    1.11216120e-003 0. 0. 0. 0. 0. 1.56549690e-003 0. 0. 1.90622115e-003
    0. 4.10556234e-003 0. 0. 0. 1.97953219e-003 -1.90203806e-004
    2.24983273e-003 0. 0. -6.14621677e-004 0. 0. 0. 5.53918583e-003
    1.09097513e-003 -3.74618830e-004 0. 0. 0. 0. 5.89023577e-003 0. 0.
    0. 1.42629109e-002 1.33871939e-003 0. 3.36278789e-003 0.
    2.28597014e-003 0. 0. 0. 0. 0. 0. -4.81578114e-004 0. 0.
    1.09046116e-003 2.56686285e-003 0. 0. 0. 0. 0. 2.15392167e-004 0.
    1.17899338e-003 0. 0. 0. 1.94187439e-003 3.45822028e-003 0. 0. 0.
    1.43806601e-003 0. 0. 0. -1.61902746e-003 0. 0. 0. 5.39607892e-004
    1.37764299e-002 0. 0. 0. 0. 0. 0. 0. 0. 0. -4.13620233e-004 0. 0.
    2.22019549e-003 0. 0. 0. 0. -8.72459146e-004 -2.19353416e-004 0. 0.
    0. 9.38266050e-003 0. 0. 0. 6.98061718e-004 0. 0. 0. 0. 0.
    6.65258197e-003 0. 0. 0. 0. 0. 0. 1.08829304e-003 0. 0. 0. 0.
    1.21242437e-003 3.16090387e-004 1.01086805e-002 0. 0. 0. 0. 0. 0. 0.
    -1.44435419e-003 7.50020728e-004 0. 0. 0. 1.13130096e-004
    4.10591578e-003 9.10721254e-004 0. 0. 0. 0. 0. 6.85256580e-003
    -2.04354036e-003 0. 0. 0. 0. 0. 5.11469971e-003 3.81454127e-003
    2.11501657e-003 0. 0. 8.70688586e-004 0. 0. 2.82815937e-003
    3.61791812e-003 3.66755901e-003 0. 0. 3.97346728e-003
    1.38433501e-002 0. 5.52477641e-003 0. 0. 0. 0. -1.63990975e-004
    1.53416744e-003 3.58974747e-003 3.96294473e-003 0. 0.
    4.18370916e-003 1.87569822e-003 0. 0. 0. -2.22798367e-003 0.
    -4.46415390e-004 0. 0. 2.75988434e-003 0. 0. 0. 0. 0. 0. 0.
    -2.67359312e-003 -1.20976858e-003 0. 0. 9.33371764e-003 0. 0. 0.
    5.38586313e-003 0. 0. 0. 0. 2.62021064e-003 0. 0. 0. 0. 0. 0. 0. 0.
    0. 0. 0. -3.85434623e-003 0. 0. 0. 0. 8.01536778e-004 0. 0. 0. 0.
    9.77896154e-003 0. 0. -4.29570937e-004 0. 0. 2.38022790e-003
    8.02382885e-004 0. 0. 0. 0. 0. 0. 0. 1.08819432e-003 0.
    1.20009965e-004 0. 0. 0. 0. 0. 0. 2.30550021e-003 4.01050784e-003 0.
    0. -7.32340151e-004 8.36856663e-004 0. 0. 0. 4.05106368e-003 0. 0.
    2.61001196e-003 0. 0. -1.50704279e-003 0. 2.79406132e-003 0. 0. 0.
    0. 0. 0. 0. 1.71371386e-003 0. 0. 0. 1.92111568e-003 5.87612204e-003
    0. 0. 1.10623920e-002 5.15856605e-004 0. 0. 0. 0. 9.15990118e-003 0.
    0. 0. 0. 0. 1.00678392e-002 1.51160301e-003 1.31519348e-003 0.
    9.89136565e-003 2.78119161e-003 0. 0. 0. -1.89618079e-003 0. 0. 0.
    0. 2.11451738e-003 0. 0. 1.47383625e-003 0. 2.75052013e-003 0. 0. 0.
    1.45335309e-003 1.38099989e-004 0. 0. 0. -4.77655558e-004 0. 0. 0.
    0. 6.64108014e-003 0. 0. 0. 0. 0. 0. 2.06342712e-003 0. 0.
    1.20639910e-004 0. 0. -9.27289773e-004 -1.14804425e-003 0. 0. 0. 0.
    0. 0. 0. -6.78096285e-006 0. 1.46358721e-002 0. 9.19043738e-003 0.
    0. 0. 0. 0. -6.96502742e-004 2.80382577e-004 2.62616901e-003 0. 0.
