<?xml version="1.0"?>
<opencv_storage>
<imageDescriptor type_id="opencv-matrix">
  <rows>1</rows>
  <cols>1000</cols>
  <dt>f</dt>
  <data>
    6.51741959e-003 0. 0. -1.22031081e-003 3.73459118e-003
    1.63203431e-003 1.31025224e-003 1.08894194e-003 0. 2.75035482e-003
    0. 0. 0. 0. 0. -2.98259663e-003 1.58385246e-003 2.93088902e-004
    5.16511593e-003 0. 0. 2.30484246e-003 0. 0. 0. 5.63177746e-004
    1.16931798e-003 0. 1.98358041e-003 0. 0. 2.76188925e-003 0.
    4.03195014e-003 0. 5.99063421e-003 2.79309228e-003 -2.09856476e-003
    0. 0. 6.05760433e-004 1.34522084e-003 0. 0. 0. 1.18044845e-003
    2.11048569e-003 0. 0. 1.96391740e-003 3.61129944e-003 0.
    -7.89817132e-004 0. 2.94892909e-003 1.03787351e-002 0. 0.
    2.07204465e-003 0. 2.33492884e-003 5.39821666e-003 0.
    3.78100696e-004 -3.66459426e-004 0. 0. 3.09459356e-005
    3.28224502e-003 0. 5.87835639e-005 -8.27222830e-004 0. 0. 0.
    7.59283721e-004 5.22043230e-003 0. 9.44005733e-004 3.95829882e-003
    3.62364895e-004 0. 0. 7.36525701e-003 0. 0. 0. 5.43211913e-003 0. 0.
    0. 1.04624499e-002 8.75762943e-003 0. 0. 3.31899704e-004 0.
    4.17915435e-004 6.46592258e-003 0. 0. 0. 1.25159649e-003
    2.51361076e-003 2.07578484e-003 0. 0. 2.83854781e-003 0. 0.
    1.84491149e-003 0. 7.11325440e-004 0. 5.98897692e-004 0. 0. 0.
    -1.86087878e-003 0. -1.02594669e-003 0. 0. 0. 0. 0. 0. 0.
    1.36529224e-003 0. 5.70354937e-003 1.29939476e-003 3.79425171e-003
    -1.02525961e-003 0. 0. 0. 0. 0. 0. 2.25224812e-003 0. 0. 0.
    5.27412980e-004 -7.45424884e-004 4.48947633e-003 2.12267856e-003
    -1.03449286e-003 0. 0. 0. 0. -1.15242857e-003 1.95286155e-003
    3.04292934e-003 0. 0. 8.04237032e-004 9.40601982e-004
    1.03056454e-003 2.37415405e-003 0. 0. 2.39811908e-003 0.
    1.81213242e-003 7.18379044e-004 4.32611816e-003 0. -5.78392821e-004
    3.06053407e-004 6.50387490e-004 0. 0. 0. 0. 3.51148262e-003 0. 0. 0.
    0. 7.13500241e-003 1.47178455e-003 4.15277388e-003 0.
    2.99237343e-003 4.45345789e-003 4.72328793e-005 8.87171132e-004
    2.22341996e-003 -1.60832031e-004 4.71746316e-004 -6.83558406e-004
    1.57645904e-003 0. 0. 4.31368081e-003 2.09568590e-002
    2.97724991e-003 2.01126980e-003 -2.28398480e-004 3.78670311e-003
    5.25671244e-003 0. 7.65913865e-003 0. 0. 4.12343442e-003 0. 0.
    1.97797921e-003 5.85439382e-003 1.58146999e-004 0. 0.
    2.50639813e-003 8.07150733e-004 0. 0. 0. 0. 4.48577775e-004
    1.56668224e-003 0. -3.97901487e-004 3.39413318e-003 0.
    1.21374428e-003 0. 1.06106210e-003 -7.57879345e-004 0. 0.
    1.77988922e-003 0. 0. -4.17727046e-004 2.11915630e-003
    -8.50793149e-004 1.30300375e-003 0. 0. 2.95789889e-003
    2.07521347e-003 0. 6.76899101e-004 0. 0. 4.28768666e-003 0. 0. 0.
    4.70583141e-003 0. 3.38741520e-004 0. 0. 0. 7.24851992e-003
    3.29919881e-003 1.59325334e-003 4.47946164e-004 2.73186364e-004
    6.94830786e-004 0. 0. 1.04909146e-003 0. 2.45845382e-004 0.
    2.98672239e-004 -1.58897179e-004 1.96797797e-003 0. 2.62879505e-004
    7.72580039e-004 0. 0. 7.25171156e-003 0. 1.91389711e-003 0.
    1.37751149e-005 0. 0. 2.89558573e-003 0. 0. 0. 0. 0. 0. 0. 0. 0. 0.
    1.66826148e-003 -6.59660320e-004 0. 1.86913565e-003 0.
    -1.30007428e-003 0. 2.48189055e-004 0. 0. 6.23901561e-003
    1.77851541e-003 0. 8.28985311e-003 2.43840157e-003 1.20544224e-003
    0. -7.77473382e-004 2.87443982e-003 1.14878314e-003 1.07226418e-002
    0. 3.28548229e-003 1.86284969e-003 0. 1.02039299e-003 0. 0. 0.
    2.90612224e-004 0. 5.55206742e-003 0. 0. 0. 1.63333409e-003
    4.17288020e-003 0. -1.13479188e-003 0. 0. 1.21669867e-003 0.
    3.82883917e-003 1.82565162e-003 0. 0. 2.44588614e-003
    1.26774205e-004 3.46811349e-003 0. 0. 7.33511429e-003 0.
    7.42248492e-004 0. 0. 0. -6.17850106e-004 2.13689310e-003 0. 0. 0.
    1.44783256e-003 0. 2.09320278e-004 2.05214345e-003 1.50742207e-003
    -3.12878765e-005 0. 2.74922582e-003 0. 0. 2.12364597e-003
    5.45721222e-003 5.14849322e-004 0. 0. 0. -1.76461326e-004
    2.89364776e-004 7.51601160e-003 0. 0. 0. 2.26104772e-003 0. 0.
    6.87396200e-003 0. 0. 0. 5.42086549e-003 0. 0. 0. 0. 0.
    1.56128057e-003 9.53391078e-004 0. 0. 0. 0. 0. 0. 0. 0. 0. 0.
    2.15069726e-004 6.17364515e-003 0. 0. 0. 0. -1.19260920e-003
    4.94526979e-003 0. 1.24046649e-003 0. 0. -1.45028497e-003 0. 0. 0.
    0. 1.08347763e-003 0. 1.14809629e-003 0. 0. 0. 1.32309692e-003
    4.85493743e-004 1.54394051e-002 7.06966501e-003 0. 1.83689594e-003
    5.65680303e-003 6.77109638e-004 2.94163497e-003 0. 1.79061678e-003
    0. 1.01207802e-003 0. 0. 0. 0. 0. 0. 4.49376367e-003 0. 0.
    5.03654941e-004 0. 0. 0. 0. 1.34150265e-003 0. 0. -4.42550925e-004
    0. 0. 0. 0. 0. 1.03380042e-003 0. 0. 1.87709869e-003 5.17057721e-003
    0. 5.44933020e-004 0. 0. 0. 0. 0. 0. 3.55672004e-004 0.
    -7.08348292e-004 0. 0. 0. 0. 7.12168752e-004 2.00687815e-003 0. 0.
    0. 0. 0. 0. 0. 2.51338957e-003 0. 2.54441053e-003 0. 0.
    -2.22083088e-003 1.59275380e-003 0. 8.41122121e-004 0.
    2.79953843e-003 -2.76129722e-004 3.36589478e-003 0. 8.27396661e-003
    0. 2.75789830e-003 0. 0. 0. 0. 0. 0. -1.45726837e-004
    1.55821838e-003 0. 0. 4.95121989e-004 0. 0. 2.38135713e-003 0.
    1.08334457e-003 0. 0. 0. 1.31829828e-003 0. 3.59330256e-003 0.
    8.45714181e-004 2.14843545e-003 -6.02024375e-004 5.95727062e-004
    1.67081133e-003 0. 0. 1.73704128e-003 0. 0. 0. 0. -1.19191001e-003
    -3.57494224e-004 4.55150288e-003 0. 0. 0. 8.85642803e-005
    -1.52448728e-003 0. 0. 3.97780997e-004 0. 1.57602713e-003 0. 0. 0.
    0. 0. 0. 1.01850154e-002 0. 0. 0. 0. 1.35736295e-003 0. 0.
    1.16611726e-003 0. 2.02388782e-003 2.07206048e-003 0. 0. 0.
    5.98496711e-003 2.30253660e-004 4.84312419e-003 0. -1.32592139e-003
    6.02065492e-003 1.95858837e-003 0. 0. 1.21478655e-003
    4.75487672e-004 0. 7.45321973e-004 4.59348317e-003 0. 0.
    2.61786464e-003 3.53576569e-003 0. 0. -7.09569023e-004
    6.17530337e-003 4.34629947e-005 0. 6.88742846e-004 8.99942778e-003
    0. 0. 0. 0. 0. 1.36463763e-003 0. 3.26105714e-004 2.01370008e-003
    5.75224450e-003 8.60976696e-004 0. 0. 0. 1.82680553e-003 0.
    -4.71844280e-004 3.50427465e-003 0. 3.48062883e-003 2.46744859e-003
    0. 0. 0. 0. 6.23381604e-003 0. 4.19151317e-003 6.05659094e-003 0. 0.
    0. 4.89950005e-004 2.11456325e-003 6.25840185e-005 2.68746377e-003
    1.18691195e-003 1.20873190e-003 0. 0. 2.22123857e-003 0. 0. 0. 0. 0.
    6.36971463e-003 2.45323149e-003 0. 1.81769032e-003 0.
    2.37811939e-003 1.24132587e-002 0. 0. 0. 0. 4.58283303e-003 0.
    9.66158404e-004 4.02385881e-003 -6.92476693e-004 1.50419510e-004 0.
    0. 1.79051340e-003 0. 0. 0. 2.31305929e-003 1.80047529e-003 0.
    1.59963907e-003 0. 2.65276176e-003 0. 0. 0. 0. 0. 1.68242352e-003 0.
    0. 0. 1.21042260e-003 5.36789521e-005 6.09971164e-003
    2.21996102e-003 0. 0. 9.69419256e-003 3.56895907e-004 0. 0. 0. 0. 0.
    3.93722032e-004 1.17029669e-003 0. 1.40212546e-003 0.
    1.93209830e-003 5.34839695e-003 4.69135732e-004 6.55304361e-003 0.
    0. 1.44210935e-003 0. 0. 0. 3.27400654e-003 0. 8.88919458e-003 0.
    1.12998113e-003 3.61587293e-003 1.23516878e-003 7.33744772e-003
    5.20152680e-004 0. 0. 0. 0. 8.19399394e-003 0. 1.75635668e-003
    1.19036075e-003 0. 0. 1.57417741e-003 4.29033907e-003 0. 0. 0.
    -3.93952825e-004 0. 0. 0. -3.48171598e-004 0. 0. 0. 0.
    2.26653952e-004 0. 0. 0. 6.26743445e-003 0. 1.06886274e-003
    3.55175743e-003 0. 0. 3.59146460e-003 6.08776347e-004 0. 0. 0. 0.
    4.21175780e-003 0. 0. -4.22341313e-004 0. 1.97214354e-003
    -1.34934869e-003 -6.26280962e-004 9.90027841e-003 -2.28039455e-004
    0. 3.24729190e-004 1.12352828e-002 3.43725929e-004 9.92747606e-004
    0. 8.31457786e-004 0. 0. 9.36102879e-004 0. 0. 0. 0.
    -8.62655346e-004 2.70259473e-003 1.74218172e-003 -5.04690397e-004 0.
    2.97783804e-003 9.85532999e-003 1.99759542e-003 4.55572677e-004 0.
    0. 0. 0. 0. 0. 6.76607899e-003 4.06717823e-004 0. 6.12621428e-004 0.
    1.86601933e-003 0. 0. 6.61817088e-004 0. 0. 2.49226252e-003
