<?xml version="1.0"?>
<opencv_storage>
<imageDescriptor type_id="opencv-matrix">
  <rows>1</rows>
  <cols>1000</cols>
  <dt>f</dt>
  <data>
    0. 0. 0. 1.54776766e-003 0. 6.20927941e-003 4.63688653e-003
    6.46070438e-003 0. 6.62412494e-003 0. 0. 4.69306578e-005
    3.67809692e-003 0. 2.00881227e-003 7.14966387e-004 0.
    1.33031113e-002 1.08554037e-002 0. 0. 2.12498853e-004 0. 0.
    2.89068464e-003 0. 3.33039003e-004 0. 0. -1.45327346e-003 0. 0.
    3.16403713e-003 0. 6.68572146e-004 0. 1.27390795e-003
    4.56976332e-003 0. 3.63705703e-003 0. 0. 0. 1.39062712e-003 0. 0. 0.
    0. 0. 0. 0. 6.56104181e-003 0. 0. 6.00838452e-004 0. 1.13314381e-002
    4.16348252e-004 0. 9.05491039e-003 1.74517662e-003 -5.73552272e-004
    0. 0. 0. 0. 2.88455840e-003 2.61425776e-005 0. 3.18217790e-004 0. 0.
    0. 0. 0. 0. 0. 0. 0. 0. 6.20132266e-003 8.75557773e-004 0.
    -4.01378027e-004 0. 0. 0. 0. 0. 0. 0. 4.34936816e-003
    4.53082705e-003 0. 1.23159832e-003 7.33489171e-003 4.44073026e-004
    -1.18476665e-003 1.00375582e-002 0. 1.17486166e-002 0. 0. 0. 0. 0.
    7.15301884e-003 1.02224341e-003 0. 0. -9.11701645e-004
    1.04438711e-003 0. 0. 0. 3.00759752e-003 0. -4.11108631e-004
    3.11260647e-003 9.54409130e-003 0. 0. 0. 1.11786295e-002
    1.92212069e-003 3.00146150e-003 0. 0. 1.09476794e-003 0.
    2.36298935e-003 -1.95598972e-004 3.98023520e-003 4.79942933e-003
    1.88474543e-003 0. 0. 4.24811337e-003 0. 0. 0. 0. 0. 0. 0.
    2.00059125e-003 3.56960483e-003 -3.48573638e-004 0. 0. 0.
    3.46076908e-004 0. 0. 1.78952946e-003 0. -1.80471654e-003
    5.16724586e-003 0. 0. 2.14179046e-003 1.89507194e-003 0.
    9.73202195e-003 0. 0. 0. -1.10845896e-003 7.90649373e-003
    -1.80229676e-004 0. 2.18662224e-003 0. 0. 0. 1.22348806e-002
    3.07966002e-005 0. -1.14643830e-003 0. 0. 0. 2.74962629e-004
    1.03727228e-003 2.23908713e-003 0. 0. 6.32506562e-003 0.
    1.04930461e-003 -3.41265905e-003 0. 3.72108934e-003 0. 0. 0. 0. 0.
    0. 0. 9.81737208e-003 0. 0. 3.08117992e-003 7.57379923e-003
    -1.15515944e-003 1.34574366e-004 2.17474299e-003 0. 0.
    4.54604946e-004 3.16166948e-003 0. 0. 0. 0. 0. 0. 0. 0. 0.
    1.80155606e-004 8.27918481e-003 0. 0. 0. 0. 2.18861015e-003 0.
    4.77368524e-003 0. 0. 1.80054543e-004 2.92138732e-003 0.
    7.82903051e-004 0. 1.91020183e-004 2.15316657e-003 0. 0. 0. 0. 0. 0.
    0. 0. 0. 1.75900497e-002 0. 0. 0. 0. 0. 0. 0. 0. -2.03737989e-003
    1.65995606e-003 0. 0. 0. 0. -9.11732262e-004 0. 0. 0. 0. 0.
    2.35823682e-003 1.19059370e-003 3.23548238e-003 3.88851226e-003 0.
    0. 0. 0. 0. 0. 0. 0. 0. 8.16148124e-004 0. 0. 0. 0. 0. 0. 0. 0. 0.
    0. 0. -1.10272958e-003 0. 0. 4.78603784e-003 0. 0. 4.60759969e-003
    1.79493835e-003 0. 0. 0. 0. 0. 0. 1.87590369e-003 0. 2.28542113e-003
    2.12310092e-003 0. 0. 0. 0. 1.57155434e-003 0. 0. 2.66985619e-004 0.
    0. 0. 0. -2.67763739e-003 0. 0. 1.43502699e-002 0. 0. 0.
    1.17583091e-004 0. 0. 0. 0. 1.14305718e-002 1.97555148e-003 0. 0.
    7.38590723e-004 0. 1.46452338e-002 0. -1.52992120e-003
    9.65915807e-003 0. 0. 0. 1.85457617e-002 0. 5.84294833e-003
    2.21263617e-003 2.92691111e-004 7.39079854e-003 0. 0.
    4.06441191e-004 0. -1.53253408e-004 0. 1.24059396e-003 0. 0. 0. 0.
    0. 0. 0. 0. 8.10061814e-004 0. 0. 0. 0. 0. 0. -5.49377687e-003 0.
    1.40628114e-003 0. 0. 0. 0. 4.01223172e-003 7.98170164e-004 0.
    1.00583641e-003 0. 0. 0. 0. 0. 0. 0. 0. 0. 0. 0. 0. 1.19196950e-003
    0. -9.52079892e-004 0. 2.07938883e-003 0. 0. 0. 0. 0. 0. 0.
    1.14221461e-002 0. 1.12278026e-003 1.25541189e-003 0.
    2.51599238e-004 0. 0. 2.93575088e-003 0. -3.87952488e-004 0. 0.
    9.30312264e-004 -1.04671228e-003 0. 0. 1.44983502e-003
    4.45190864e-003 1.07612438e-003 6.67194463e-003 0. 0.
    -1.22841063e-003 0. 0. 0. 0. 0. 0. -3.30661773e-004 4.07643325e-004
    0. 0. 0. 0. 1.52618368e-003 0. 0. 3.35557474e-004 4.19154484e-003 0.
    9.02355649e-003 0. 2.82700243e-003 0. 0. 2.61594495e-003
    6.09200040e-004 1.66934961e-003 0. 7.42630614e-003 0. 0.
    2.46098056e-003 3.59159918e-003 0. 0. 0. 0. 8.92178062e-003 0. 0.
    2.17099604e-003 0. 7.97181111e-003 3.23298504e-003 0.
    6.27196394e-003 0. 0. 0. 0. 0. 4.77587618e-003 0. 0. 4.65609832e-003
    7.65944179e-003 0. 0. 4.82230540e-003 0. 0. 5.74273430e-003 0. 0. 0.
    0. 1.70491019e-003 -1.40501023e-003 0. 0. -1.17291161e-003 0. 0. 0.
    4.35239309e-003 1.12077233e-003 0. 0. 0. 0. 4.50565945e-003 0. 0. 0.
    0. 0. 0. 3.42918240e-004 0. 0. 0. 0. 0. 0. 0. 0. 0. 0.
    -2.78723380e-003 0. 7.79082626e-003 7.89386686e-003 0. 0. 0.
    -3.24602384e-004 5.85899642e-003 3.14207515e-003 3.27971159e-003 0.
    -1.72711292e-003 0. 4.37836954e-003 0. 0. 0. 0. 5.57523174e-003
    -2.58393050e-003 6.55425526e-003 0. 0. 1.80949573e-003 0. 0. 0. 0.
    -5.03382937e-004 0. 0. 9.08330921e-003 0. 0. 0. 4.95589012e-003
    8.40481464e-003 0. 0. 0. 7.25298701e-003 0. 0. 0. 0. 0.
    1.57183141e-003 0. 0. 0. -4.94018244e-003 0. 0. 3.49081447e-003
    1.27733033e-003 6.80596195e-003 0. 0. 0. 2.80833483e-004
    -1.34378846e-003 0. 6.51181908e-004 0. 5.63223148e-003 0.
    -4.21112316e-004 0. 0. 0. 0. 2.67077878e-004 0. 0. 0. 0. 0. 0.
    -1.34766172e-003 2.97950488e-003 0. -7.26634462e-004 0. 0. 0.
    -7.59525341e-004 0. 0. 0. 5.03823301e-003 0. 0. 0. 0. 0. 0.
    9.13863070e-003 1.49750500e-003 0. 0. 0. -3.19008506e-003 0.
    1.18370750e-003 0. 1.05275726e-002 -7.07971398e-004 2.78211129e-003
    0. -3.29606875e-004 0. 0. 2.25332542e-003 1.03170592e-002
    -3.12323566e-003 0. 0. 0. 1.40533631e-003 0. 1.99327967e-003
    5.42911468e-003 0. 0. 0. 0. 0. 1.81222233e-004 0. 0. 0. 0. 0. 0.
    6.05769269e-003 3.76163214e-003 0. 1.87831538e-004 9.43050254e-003
    0. 0. 0. 5.28523279e-003 0. 0. 0. 0. 0. 0. 8.19994416e-003
    1.01912126e-003 0. 0. 0. 0. 0. 9.06029018e-004 0. 1.20134884e-002 0.
    0. 0. 3.04630050e-003 -1.68184820e-003 0. 0. 5.28421067e-003 0. 0.
    0. 0. 0. 0. 0. 0. 0. 1.14072831e-002 0. 0. 0. 0. 0. 0. 0. 0. 0. 0.
    0. -3.63001222e-004 2.40338827e-003 0. 0. 6.46943133e-003 0.
    3.37834843e-003 0. 0. 2.88621080e-003 -2.90840573e-004 0.
    -1.94852857e-003 0. 6.93817576e-003 0. 0. 0. 0. 0. 0.
    7.63583323e-003 5.45965880e-003 0. 5.63405873e-003 2.53136223e-003
    0. 0. 0. 0. 0. 9.53660533e-003 0. 0. 0. 0. 0. 0. 0. 4.39565862e-003
    0. 0. 8.81321914e-003 0. 9.64001811e-004 0. 0. 0. 8.85546149e-004
    -1.38187956e-003 0. 0. 2.92691775e-003 0. 1.30369724e-003 0. 0.
    -8.65260517e-005 0. 0. 1.18526991e-003 0. 0. 0. 0. 0.
    1.65871123e-003 0. 3.59929493e-003 0. 0. 9.13212250e-004 0. 0.
    1.24438787e-002 0. 0. 0. 0. 5.09462785e-004 9.00103711e-003
    1.89327949e-003 0. 0. 0. 0. 0. 2.38424819e-003 0. 0. 1.14102743e-003
    0. 0. 0. 0. 0. -2.14058813e-003 0. -5.42417960e-003 0.
    3.21121770e-003 -3.21390195e-004 0. 0. 0. 0. 0. 2.40158523e-003 0.
    0. 0. 0. -1.20925542e-003 0. 2.61157006e-003 0. 0. 9.40377824e-004
    0. 0. 2.97137024e-003 0. 0. 0. 0. 3.12328525e-003 0. 1.21628661e-002
    0. 7.69367535e-003 0. 1.99002493e-003 0. 0. 1.69365481e-003 0. 0.
    6.36497920e-004 0. 0. 4.48964594e-004 7.31216930e-003 0. 0. 0. 0. 0.
    0. 0. 0. 0. 0. -7.81201466e-004 0. 0. 0. 0. 0. 4.11900878e-003
    2.10951548e-003 0. 0. 0. 4.14528511e-003 0. 0. 0. 3.21284402e-003 0.
    0. 1.92035025e-003 0. 0. -4.04902647e-004 0. 0. 0. 0. 0. 0. 0. 0. 0.
    0. 0. 0. 0. 0. -2.09842389e-003 0. 1.63618766e-003 0.
    1.20113487e-003 1.00105617e-003 0. 0. 2.38119252e-003 0. 0. 0.
    3.91486147e-003 2.77040666e-003 0. 1.37400697e-003 0. 0.
    2.79744645e-003 0. 3.20531358e-003 0. 0. 0. 2.14663893e-003 0. 0. 0.
    0. 0. 3.02446773e-003 0. 4.07834724e-003 0. 3.66086210e-003 0.
    -4.28237690e-004 2.36558286e-003 0. 6.77541888e-004 0.
    1.03525985e-002 2.30954634e-003 0. 3.43869487e-003 -8.96456826e-004
    0. 0. 0. 0. 2.96481536e-003 0. 0. 4.07064334e-003 1.01215234e-002 0.
    0. 0. 0. 0. 0. 9.91906854e-004 0. 0. 0. 0. 0. 0. 0. 0. 0. 0. 0.
    5.12487721e-003 0. 0. 0. 0. -3.86255269e-004 0. 0. -7.44260964e-004
