<?xml version="1.0"?>
<opencv_storage>
<imageDescriptor type_id="opencv-matrix">
  <rows>1</rows>
  <cols>1000</cols>
  <dt>f</dt>
  <data>
    0. 1.23094453e-003 0. 0. 6.98870223e-004 0. 0. 0. 0. 0. 0.
    1.81933269e-002 0. 0. 1.16572517e-003 0. 0. 0. 7.51502858e-003 0. 0.
    0. 0. 0. 0. 5.13033336e-003 0. 0. 0. 1.52820011e-003 0. 0. 0. 0.
    2.85609765e-003 0. 1.08679594e-003 1.21248420e-003 1.53692113e-003
    0. 0. 3.51225305e-003 0. 6.45488501e-004 0. 0. 1.64163287e-003 0. 0.
    0. 0. 0. 5.21031106e-005 5.65921701e-003 0. 0. 0. 0. 5.36350301e-003
    0. 0. 0. 8.80592037e-004 9.51189548e-003 0. 0. 0. 0. 4.85829893e-004
    2.26820051e-003 0. 0. 5.34067163e-004 0. 0. 0. -2.30069435e-003 0.
    6.21654966e-004 8.15593114e-004 1.76601193e-003 0. 0.
    -3.95129930e-004 0. 0. 0. 0. 0. 6.25053700e-003 0. 0.
    1.32361276e-003 3.84354056e-003 0. 0. 1.18680333e-003
    1.50359161e-002 1.10012328e-003 1.10091753e-002 0. 0. 0.
    6.24126056e-003 -1.36464625e-003 0. 0. 0. 7.93680549e-003 0.
    4.54540737e-003 7.66946375e-003 0. 0. -1.83176562e-005
    7.52152828e-003 0. 0. 0. 0. 0. 0. 0. 0. 2.02553300e-003 0. 0. 0.
    2.85238377e-003 -5.92096825e-004 0. 0. 1.47602556e-003 0. 0. 0. 0.
    0. 1.17665110e-003 0. 0. 0. 8.47670995e-003 0. 7.18435692e-003 0. 0.
    0. 0. 0. 0. 1.36284800e-002 4.88695968e-003 0. -2.54535698e-004
    9.03900899e-003 0. 0. -6.83744089e-004 2.55991030e-003 0. 0. 0. 0.
    0. 0. 3.04143857e-002 0. 0. 0. 8.10579490e-003 0. 0. 0.
    2.97528750e-004 0. 0. 0. 0. 1.57313887e-003 0. 0. 0. 0. 0. 0. 0. 0.
    0. 1.69295492e-003 0. 0. 5.32545522e-003 1.80149125e-003 0.
    5.60305174e-003 0. 4.74261865e-003 0. -8.03930394e-004 0. 0.
    2.31240923e-003 1.21287681e-004 0. 0. 5.61140187e-004 0.
    3.45879630e-003 0. 0. 0. 0. 0. 3.06413742e-003 0. 0. 4.19685012e-003
    0. 0. 1.76090770e-003 7.85717741e-003 0. 0. 0. 0. 0. 0.
    6.49002660e-003 0. 4.16612951e-003 0. 0. 7.83702731e-003
    2.53453385e-004 0. 2.51794769e-003 0. 0. 0. -4.33795969e-004
    1.37287825e-002 2.49578804e-003 0. 0. 1.32828054e-003 0.
    2.18596356e-003 0. 2.39295210e-003 0. 0. 0. 5.41550340e-004 0. 0. 0.
    0. 1.98627495e-005 0. 0. 0. 0. 4.88719810e-003 0. 0. 6.66012755e-004
    0. 0. 0. 0. 5.59669035e-003 0. -5.29880030e-003 0. 0. 0. 0.
    4.98900597e-004 0. 1.06223458e-002 0. 0. 2.83744908e-003 0. 0. 0. 0.
    2.95212888e-003 0. 0. 0. 0. 0. 0. -3.01297114e-004 -1.84116035e-003
    1.13311887e-003 1.02740887e-003 0. 0. -2.43150210e-003 0. 0.
    6.80978526e-004 2.16151960e-003 0. 0. 0. 1.76357233e-003 0. 0. 0. 0.
    0. 7.38453399e-003 0. 1.74937979e-003 0. 0. 3.06109455e-003 0. 0.
    2.35507337e-004 0. 1.11594109e-003 0. 2.78333446e-005 0.
    1.28448207e-003 4.60894266e-003 0. 0. 0. 1.84498820e-003
    1.78490614e-003 1.05563086e-003 0. 3.27987643e-003 0. 0. 0. 0. 0. 0.
    0. 1.90064276e-003 0. 1.53180456e-003 0. 0. 4.96573839e-003 0.
    1.82341393e-002 0. 0. 0. 7.02465361e-004 4.87315236e-004
    -7.02727702e-005 1.65397814e-003 0. 0. 0. 0. 0. 0. 0. 0.
    1.10250264e-002 9.34616290e-003 0. 0. 3.60956625e-003 0. 0. 0. 0. 0.
    1.13378011e-003 -3.07845324e-003 9.32868477e-003 0. 4.18138551e-003
    2.35010451e-003 1.15396595e-002 0. 0. 1.30662406e-002 0. 0. 0.
    -4.44309553e-003 0. 0. 0. 3.16103781e-003 0. 0. 0. 0. 0. 0.
    3.05853930e-004 0. 0. 0. 0. 0. 0. 0. 0. 1.20223053e-002 0. 0.
    -2.36943434e-003 2.96407007e-003 0. -4.89260070e-004
    -7.94695050e-004 0. 0. 0. 5.78874536e-003 0. -3.18496907e-003
    -1.25230895e-003 0. 0. 0. 0. 4.07535210e-003 3.35186627e-003 0. 0.
    0. 1.78702513e-003 -1.41130213e-003 1.32178678e-003 0. 0.
    2.41129147e-003 0. 0. 0. 0. 0. 0. 0. 0. 0. 0. 0. 1.11497338e-005 0.
    0. 0. 2.82352921e-002 0. 7.29797455e-003 0. 0. 0. 0. 0. 0.
    3.68658133e-004 0. 0. 0. 0. -1.58957497e-003 -1.73192180e-003
    2.41844682e-003 0. 0. 0. 0. 5.92137687e-003 0. 2.37886939e-004 0. 0.
    1.35844690e-003 -1.19849364e-003 0. 0. 0. 0. 0. 0. 0. 0.
    4.93436586e-003 0. 5.68994321e-003 0. 0. 3.36034829e-003 0.
    3.58828623e-003 1.48937793e-003 0. 0. 0. 0. 0. 0. 0. 0. 0. 0.
    -7.35978683e-005 0. 0. 0. 0. 0. 1.25243748e-003 0. 2.65732734e-003
    0. 0. 0. 0. 0. 0. 3.80915531e-004 0. 1.31902786e-003 0. 0. 0.
    -8.81712767e-004 1.45843206e-003 0. 0. 4.85153403e-003
    -6.28764974e-004 0. 1.89842109e-003 0. 0. -5.83884399e-003
    2.39116466e-003 2.47051287e-003 9.32693714e-004 0. 0.
    6.39158720e-003 -3.05197947e-003 0. 0. 1.36769188e-004 0. 0. 0. 0.
    1.39865058e-003 0. 2.84527941e-003 3.30185890e-003 5.79458801e-003
    2.50426168e-003 0. 0. 0. 2.53241789e-003 0. 0. -5.81561215e-003
    3.19080427e-003 0. 0. 0. 0. 0. 0. 0. 0. 0. 0. 3.34862966e-006 0. 0.
    0. 0. 0. 1.18457926e-002 0. 8.84833687e-004 0. 3.58869079e-006
    8.43985239e-004 0. 5.02831582e-003 1.03448406e-002 0. 0.
    3.28277866e-003 0. 0. 0. 0. 0. 0. 9.58408462e-004 0. 0. 0. 0. 0. 0.
    0. 0. 0. 2.37994455e-003 0. 0. 0. 0. 1.89769571e-003 0. 0. 0. 0. 0.
    0. 6.70662057e-003 0. 0. 0. 0. 3.42926732e-003 0. 2.20026518e-003
    2.50237202e-003 0. 1.16192754e-002 0. 0. 0. 0. 1.44177710e-003
    2.13968360e-005 0. -2.72602960e-003 0. 0. 4.12762305e-003 0. 0. 0.
    1.38415908e-003 0. 0. 0. 6.64473737e-006 0. 0. 0. 0. 0.
    1.23146491e-003 0. 1.92854751e-003 7.03340815e-003 4.30882350e-003
    1.46828836e-003 0. 1.64456712e-003 0. 0. 9.24189342e-004 0.
    -1.39002019e-004 -1.35465560e-003 0. 0. 0. 0. 0. 0. 0.
    1.73835119e-003 0. 0. 0. 0. 3.60608776e-003 0. 0. 0. 1.09530683e-003
    0. 0. 0. 0. 1.92660873e-003 0. 0. 0. 0. 0. 8.23875482e-004 0. 0.
    1.24870660e-003 0. 0. 0. 0. 0. 0. 1.15493024e-002 7.64011638e-003 0.
    5.82039217e-003 0. 4.76274919e-003 3.71744623e-003 -1.22035795e-003
    0. 0. 7.65363825e-003 0. 0. -8.88502575e-004 0. 0. 0. 0. 0.
    2.72941403e-003 0. 0. 0. 4.14023362e-003 0. 0. 0. 0. 8.41994304e-003
    0. 0. 0. 0. 2.07464327e-003 0. 0. 0. 0. 0. 0. 0. 0. 0.
    8.11454374e-004 0. 0. 1.39244960e-003 9.00085922e-003 0. 0.
    3.49932117e-003 0. 0. 0. -6.10160583e-004 0. 9.16885503e-004 0. 0.
    0. 0. 0. 2.75944313e-003 1.29044158e-002 0. -6.41210354e-004 0. 0.
    0. -1.55996252e-003 2.50034826e-003 4.23514051e-003 8.62851087e-003
    2.95189861e-003 -7.93025596e-004 0. -1.34176877e-003 0. 0. 0. 0.
    1.84748005e-002 0. 0. 0. -1.08335342e-003 0. 1.06128142e-003 0. 0.
    1.44902372e-003 5.12048951e-004 0. 3.90701345e-004 0.
    9.41542629e-003 0. 1.54404780e-002 1.08421026e-002 0. 0.
    4.93664341e-003 5.92414197e-003 3.32517340e-003 0. 1.63198297e-003
    0. 0. 0. 0. 7.83501752e-003 0. 0. -3.69547750e-004 0. 0. 0. 0. 0. 0.
    0. 0. 0. 0. 0. 1.79158209e-003 0. 0. 0. 0. 0. 1.01907374e-002 0. 0.
    0. 0. 0. 0. 0. 3.21461959e-003 0. 0. -9.70922993e-004 0.
    4.89737722e-004 0. 0. 4.03140060e-004 7.49201979e-003 0. 0.
    -3.14009795e-003 0. 0. 0. -6.58337303e-005 -6.76224008e-004 0. 0. 0.
    0. 0. 1.33528083e-003 0. 0. 0. 0. -6.55759184e-004 1.86689827e-003
    0. 1.03332726e-002 5.80056978e-004 0. 0. 0. 0. 0. -9.83853170e-005
    0. 0. 0. 0. 0. 0. 0. 0. 0. 0. 0. 3.95624666e-003 0. 0. 0. 0. 0. 0.
    0. 8.12618062e-004 0. 0. 0. 0. 0. 0. 0. -1.40889169e-004 0.
    2.37483308e-002 0. 0. 2.42508994e-003 0. 0. 0. 0. 0. 0. 0.
    1.08387405e-002 0. 0. 0. 3.10856896e-003 0. 0. 0. 0. 0.
    4.77572344e-003 9.32543771e-004 0. 0. 2.19780952e-003 0. 0. 0. 0. 0.
    0. 0. 0. 0. 5.49115939e-003 -5.56642713e-004 2.07684492e-003 0. 0.
    0. 0. 0. 8.78780498e-004 0. 7.38351839e-003 0. 2.04489843e-004 0.
    3.46136070e-003 0. 2.37241131e-003 0. 5.89458412e-003 0.
    -2.37283413e-004 0. 0. 0. 9.18142032e-003 0. 2.39596167e-003 0. 0.
    -7.98511319e-004 1.57571444e-003 0. 0. 2.29580933e-003 0. 0.
    1.89830246e-003 8.06410972e-004 8.12903862e-004 0. 1.04588745e-002
    0. 0. 9.15347657e-004</data></imageDescriptor>
</opencv_storage>
