<?xml version="1.0"?>
<opencv_storage>
<imageDescriptor type_id="opencv-matrix">
  <rows>1</rows>
  <cols>1000</cols>
  <dt>f</dt>
  <data>
    0. 0. 0. 0. 2.21565412e-003 0. 7.32324133e-003 3.19296820e-003 0.
    2.53783818e-003 2.02930300e-003 6.46033604e-003 0. 0.
    5.35129977e-004 4.12614224e-003 0. 2.65606795e-003 0.
    1.81889604e-003 1.47968822e-003 -8.99758830e-004 0. 0.
    5.78057079e-004 -3.53163341e-003 0. 0. 0. 0. 0. 1.33169524e-003
    4.89803730e-004 4.98442119e-003 0. 1.43075304e-003 -5.18618617e-004
    0. 0. 0. 4.72640293e-003 9.54523392e-004 4.28797631e-003 0.
    3.94363422e-003 0. 0. 0. 0. 0. 0. 8.16037820e-004 7.78832985e-003 0.
    0. 0. 0. 0. 0. 0. 0. 8.57967883e-004 0. 2.97249557e-004
    3.92038468e-003 0. 0. 1.50371296e-003 0. 1.79637072e-003
    2.06266833e-003 -5.43436874e-003 0. 0. 0. 3.03259632e-003
    3.77964065e-003 0. 0. 1.69771665e-003 0. 0. 0. 0. 1.08812703e-003
    3.35750461e-004 0. 0. 0. 0. 0. 0. 3.31250660e-004 1.15723663e-003
    -8.34160543e-004 0. 0. 0. 1.20180403e-003 0. 0. 5.12531400e-003
    2.99846783e-004 1.39151269e-003 0. 0. 0. 0. 1.27685198e-003
    1.87763653e-003 0. 5.64261945e-003 0. 1.98478182e-003 0. 0.
    -3.56957200e-004 0. 1.49846179e-004 2.38281256e-003 -2.27966462e-004
    0. 0. 0. 0. 3.87374731e-003 0. 0. 0. 0. 6.61819195e-003
    1.96123240e-003 2.53532035e-003 1.90348679e-003 1.00776693e-003 0.
    3.46257119e-003 2.07729917e-003 0. 0. 1.17207773e-003 0.
    4.56386385e-003 0. 0. -3.63854313e-004 1.27220908e-002
    1.13111483e-002 0. 0. 0. 0. 0. 0. 2.29031523e-003 0. 0.
    -1.50424486e-004 3.84207931e-003 1.07891035e-004 0. 0. 0. 0.
    1.35311228e-003 0. 8.73549189e-003 3.24037694e-003 1.06876716e-003
    0. 5.62005350e-003 0. -2.06656684e-003 0. 0. -4.29991109e-004
    3.41372588e-003 -1.87788159e-003 0. 1.42387173e-003 0.
    3.60344478e-004 1.94451504e-003 2.66457745e-003 1.32619950e-003 0.
    2.95908959e-003 0. 1.83644891e-002 8.04556534e-003 0.
    8.59771913e-004 0. 1.04658815e-004 0. 0. 0. 2.52210349e-003 0. 0.
    1.22228451e-003 0. 1.02922851e-002 0. 0. 2.44900421e-003 0. 0.
    2.55493168e-003 0. 0. 0. 0. 3.77587345e-003 0. 0. 0. 0.
    7.13936239e-003 -5.94246609e-004 0. 0. 1.76145136e-003
    2.86251074e-003 0. 0. 1.16063710e-002 0. 9.17310768e-004 0.
    1.54500618e-003 7.15262583e-003 0. 1.37446709e-002 2.85144808e-004
    0. 0. 3.18116072e-004 0. 8.45095702e-003 0. 0. 0. -1.09565526e-003
    0. 0. 0. 0. 0. 2.81801354e-003 2.12071231e-003 0. 0. 8.43150658e-004
    2.07284209e-003 3.16449022e-003 0. 0. 2.90573412e-003 0.
    3.13331606e-003 0. 1.76632486e-003 3.97929875e-003 7.90854567e-004
    0. 0. 0. 0. -1.87149458e-003 4.63863090e-003 0. 0. 6.23919116e-003
    0. 1.81863015e-003 2.41426329e-004 0. 0. 0. 0. 0. 0. 2.44225911e-003
    0. 6.29396411e-003 0. 1.32193125e-003 0. 0. 2.66311807e-003 0. 0. 0.
    0. 4.50289546e-004 0. 6.40992308e-003 0. 0. 7.22937891e-003
    1.69503991e-003 0. 1.58193742e-003 0. 0. 0. 5.69283729e-004 0. 0.
    5.24229044e-003 0. 3.42140975e-003 1.09709110e-002 0.
    8.95321311e-004 0. 8.60558450e-003 0. 0. 0. 0. 0. 6.85807143e-004
    3.40261613e-003 -5.03797503e-003 0. 0. 8.95190239e-003 0. 0. 0. 0.
    4.83335834e-003 0. 0. 0. -1.11615718e-005 0. 2.84021930e-003 0.
    6.07990334e-003 1.04956410e-003 6.73449086e-003 9.37454402e-003
    9.72369511e-004 -5.14386105e-004 0. 0. 0. 0. 7.23807723e-004 0. 0.
    -1.41961081e-003 2.18118588e-003 0. 0. 0. 0. 0. 0. 0. 0. 0.
    1.74271525e-003 1.89612748e-003 6.80378964e-003 0. 0. 0. 0.
    4.90893098e-003 6.40314611e-005 0. -8.74398102e-004 0.
    1.01083505e-003 0. 7.66965793e-004 -1.55906251e-003 0. 0. 0. 0. 0.
    1.86871015e-003 0. 3.83286271e-003 0. 0. 0. 0. -6.73539354e-004 0.
    0. 0. 0. 0. 0. 0. 0. 0. 0. 1.38281484e-003 0. 0. 0. 0. 0. 0. 0. 0.
    0. 1.08978525e-003 0. -3.25283688e-003 0. 0. -1.99544709e-003
    2.75503937e-003 0. 0. -3.90726113e-004 0. 0. 3.99853615e-003 0. 0.
    0. 1.06184662e-003 0. 2.41324748e-003 0. 0. 2.16806517e-003
    4.18353453e-003 7.71101657e-003 7.93498402e-005 0. 0. 0. 0. 0.
    3.18652979e-004 0. 0. 0. 0. -5.43449016e-004 0. 0. 2.27826112e-003
    0. 0. 6.76245691e-006 0. 0. 0. 0. 0. 0. 0. 0. 0. 0. 0.
    4.88969916e-003 0. 0. 4.88702848e-004 0. -4.37060633e-004 0. 0.
    2.51962710e-003 8.64321017e-004 0. 0. 1.22961996e-003
    8.11111648e-003 0. 0. 0. 0. 0. 0. 0. 0. 0. 0. 7.29116984e-003 0. 0.
    0. 0. 7.24992016e-004 7.65256700e-004 0. 0. 0. 0. -2.33392639e-004
    4.07044590e-003 0. 0. 0. 2.59000133e-003 0. 5.09791449e-003 0. 0.
    1.41075405e-003 0. 0. 2.47038109e-003 0. 0. 1.61273207e-003 0. 0. 0.
    -4.30179993e-004 0. 0. 0. 2.96970271e-003 0. -1.31118146e-003
    1.43971480e-003 0. 0. 0. 0. 0. 0. 0. 2.97643011e-003
    -1.31933915e-003 0. 0. 0. 0. 0. 0. 1.49403401e-002 6.37080241e-003
    0. -6.56723394e-004 2.02357001e-003 0. 0. 0. 7.66468525e-004
    -1.19337975e-003 0. 7.25909311e-004 0. 0. 5.22513082e-003
    9.60988167e-004 0. 0. 0. 1.12591304e-004 0. -3.67882050e-004 0. 0.
    2.09096610e-003 0. 9.30295046e-003 0. 0. 0. 0. 1.52916415e-003 0. 0.
    9.50358924e-004 2.43608886e-003 3.88437416e-003 9.55067575e-003 0.
    2.23953952e-003 0. 2.27046010e-004 0. 4.03223420e-003 0. 0.
    5.59546333e-003 6.76829950e-004 1.60095515e-003 0. 6.31696254e-004
    0. 0. 0. 0. 1.22760772e-003 0. 1.37677067e-003 1.66266877e-003 0. 0.
    0. 1.00592023e-003 0. -2.45284064e-005 0. 0. 0. 0. 3.10973823e-003
    5.15449140e-003 -1.85618433e-003 4.66753775e-003 0. 2.81716138e-003
    0. 1.82371994e-003 2.41719373e-003 3.02787707e-003 9.53132194e-003
    0. 2.76148948e-003 0. 1.12109038e-003 0. 6.69658548e-005 0. 0. 0.
    5.96570130e-003 0. 0. 1.41141773e-003 0. 0. 3.84460509e-006
    3.39449686e-003 8.02371593e-004 0. 0. 1.27927947e-003
    2.18015490e-003 -2.52006366e-003 0. 0. 0. 0. 0. -1.28658226e-004 0.
    6.06121903e-004 0. 0. 0. 0. 1.34995929e-003 4.19336749e-004 0. 0. 0.
    0. 0. 0. 0. 2.77398969e-003 0. 0. 0. 0. 0. 0. 0. 0. 0. 0.
    9.22854757e-004 0. 0. 0. 7.55747955e-004 0. 0. 0. 0. 0. 0. 0. 0. 0.
    0. 0. 0. 0. 0. 4.89642378e-003 0. 0. 0. 0. 0. 2.57769949e-003
    7.50448206e-004 3.12199420e-003 0. -6.14745892e-004 -1.16297777e-003
    5.45715739e-004 -1.79251685e-004 0. 1.98288681e-003 2.15409254e-003
    0. 0. 0. 0. 0. 0. 0. 6.11858582e-003 0. -1.34665682e-003
    1.41459552e-003 1.41185825e-003 0. 0. 0. 0. 0. -3.50704446e-004 0.
    3.39030288e-003 0. 0. 0. 8.64243426e-004 0. 0. 6.67858170e-003 0.
    -1.01000525e-003 -2.25921813e-003 0. -9.36185461e-005
    3.17165884e-003 2.23424681e-003 0. 0. -2.12470908e-003 0.
    2.81206123e-003 0. 0. 0. 1.55258330e-003 2.40364624e-003
    -2.06769124e-004 0. 6.41073799e-004 0. 0. 0. 0. 3.44135042e-004 0.
    0. 0. 5.42762782e-003 2.44792062e-003 0. -1.49968357e-004 0.
    1.25278684e-003 1.74650725e-003 0. 0. 7.79902050e-003 0.
    -2.75445171e-004 4.30937391e-003 0. 0. 0. 0. 0. -1.09125662e-003
    1.08807441e-002 1.86150521e-003 0. -1.78953423e-003 4.42437781e-003
    1.21155602e-003 1.58211254e-002 0. 8.18126602e-004 1.06099318e-003
    0. 0. 0. 1.36630691e-003 1.33561296e-002 0. 0. -2.80941342e-004 0.
    0. 0. 1.71114900e-003 0. 0. 0. 0. 0. 4.16240795e-003 0.
    4.15577367e-003 0. -2.10745842e-003 3.09963012e-003 0. 0.
    1.01068197e-002 0. 0. 0. 0. 0. 0. 5.56237204e-003 0. 0. 0. 0. 0. 0.
    0. 2.46989983e-003 1.49276646e-004 0. 2.14723381e-003
    -4.97648609e-004 0. 0. 7.62523012e-003 0. 0. 1.06835032e-005 0. 0.
    0. 5.35444263e-003 -2.11053668e-003 3.93447001e-003 5.52453473e-003
    0. 8.59881379e-003 0. 0. 0. 0. 0. 0. 0. 0. 0. 6.35210518e-003
    -1.07042037e-003 5.06392634e-003 0. -5.12636383e-004 1.08196354e-002
    0. 0. 0. 9.02448595e-003 0. 0. 1.66587342e-004 2.26012873e-003 0. 0.
    7.83397467e-004 2.26474134e-003 0. 0. 0. 0. 0. 0. 7.62951619e-004
    1.60659116e-003 0. -7.93607673e-004 0. 7.39935273e-003
    6.21397467e-003 0. -1.38435257e-003 0. 0. -4.43410157e-004
    3.15619982e-004 0. 6.06439635e-003 4.25761566e-004 0. 0.
