<?xml version="1.0"?>
<opencv_storage>
<imageDescriptor type_id="opencv-matrix">
  <rows>1</rows>
  <cols>1000</cols>
  <dt>f</dt>
  <data>
    0. 0. 0. 0. -1.00893737e-003 3.16793518e-003 0. 0. 0. 0.
    1.48425542e-003 0. 4.66684869e-004 0. 0. 1.90949976e-003 0. 0.
    9.61062731e-004 2.71286163e-003 0. 9.83081372e-006 3.00945784e-003
    0. 1.69834355e-003 0. 2.97475490e-003 -1.14186155e-003 0.
    1.60852214e-003 0. 3.17695062e-003 2.37676292e-003 0. 0.
    -1.14648556e-003 1.77578279e-003 0. 0. 9.72936861e-003
    9.54809785e-003 -2.18163570e-003 0. 0. 0. 3.77698988e-003
    -6.44687330e-004 0. -1.38533651e-003 0. 0. 0. 0. 0. 0. 0.
    -2.75332510e-004 0. 0. 1.64941489e-003 5.70652494e-003
    1.85926491e-003 0. 0. -4.36801417e-003 0. 0. 0. 0. 0. 0.
    5.61621040e-004 0. 0. 0. 0. 0. 0. 4.77540214e-003 0.
    -3.25601245e-003 0. 7.06028193e-003 0. 0. 1.54247815e-002 0.
    2.11688763e-004 0. 0. 0. 2.21819311e-004 0. 8.18220340e-003 0. 0.
    5.58878435e-003 0. 0. 0. 0. 4.59144870e-003 2.16683000e-003 0. 0. 0.
    4.76983283e-003 9.74631112e-004 0. -1.64845982e-003 6.29887858e-004
    9.67425003e-004 0. 0. 2.57282401e-003 0. 8.43208283e-004
    1.77933101e-003 5.29949320e-003 4.18095413e-004 0. 0.
    1.91639049e-003 2.71783886e-003 0. 0. 2.68232252e-004 0.
    4.20682831e-003 0. 0. 0. 0. 0. 1.94533123e-003 0. 0. 0. 0. 0. 0. 0.
    0. 3.27983126e-003 1.00867439e-003 0. 0. 0. 1.11409964e-003
    1.32653327e-003 1.20645640e-002 0. 0. 1.24606835e-002 0.
    3.83815099e-003 0. -6.38978090e-004 0. 0. 0. 0. 5.01115434e-003
    3.97130090e-004 0. 0. 0. 0. 0. 0. 0. 4.76062123e-004 1.82116625e-003
    0. 0. 0. 0. 0. 4.27059364e-003 0. 0. 0. 0. 0. 0. 0. 2.21050158e-003
    2.62385071e-003 0. 0. 0. 0. 0. 0. 1.66808942e-003 0. 0. 0. 0.
    9.93484911e-003 3.68570363e-005 0. 0. 0. 0. 0. 0. 0. 0.
    1.47158490e-003 0. 0. 0. 0. 0. 0. 0. 4.66255983e-003 1.19235279e-004
    0. 4.00751410e-003 0. 0. 0. 0. -2.01970385e-003 0. 2.18464597e-003
    0. 0. 1.99167966e-003 0. -3.29013215e-003 0. 0. 0. 0. 0. 0.
    1.23303821e-002 0. 0. 2.64064502e-003 0. 0. 0. 0. 0. 0. 0.
    7.60982512e-004 0. 1.41532451e-003 7.74605526e-003 6.90886052e-004
    1.70067861e-003 0. 0. 0. 3.58170667e-003 0. 0. 0. 2.05204752e-003 0.
    2.99474807e-003 0. 0. 0. 0. 0. 0. 0. 0. 0. 0. 0. 0. 4.77564894e-003
    0. 1.23922769e-002 1.15089142e-003 -8.48464319e-004 0.
    -1.08284387e-003 3.46175116e-003 0. -9.23314365e-004 2.55012838e-003
    0. 1.37098460e-003 0. 0. -1.08431117e-003 0. 0. 0. 7.21704355e-003
    0. 3.12642450e-003 0. 0. 0. 0. 0. 0. 0. -1.19977060e-003 0.
    1.80138415e-003 0. 2.34766654e-003 0. 0. 0. 0. 2.46039988e-003
    1.89666240e-003 -1.61834934e-003 0. 9.00283083e-003 0. 0. 0. 0. 0.
    0. 0. 0. 6.27407385e-003 -6.15473778e-004 0. 7.55710201e-003 0. 0.
    0. 3.58776585e-003 0. 2.17307475e-003 1.47613855e-002
    -1.61321822e-003 0. 0. 6.27047615e-003 0. 0. 1.86165457e-003 0. 0.
    0. 9.25533380e-003 0. 1.68010797e-002 0. -1.26498484e-003 0.
    1.11324079e-002 1.90326117e-003 0. 0. -4.01697383e-004 0.
    3.55381402e-004 7.21081102e-004 2.34711473e-003 0. 1.74884463e-003
    0. 0. 7.88590591e-003 0. 0. 0. 7.72976549e-003 0. 0. 0. 0. 0. 0. 0.
    0. 0. 0. 0. 0. 1.53786514e-003 3.28706531e-003 0. 0. 0. 0. 0. 0. 0.
    0. 1.08115869e-002 4.66334168e-003 1.42616022e-003 0.
    3.57358553e-003 0. 9.85854212e-003 3.13070347e-003 0.
    1.42703028e-002 1.55469251e-003 2.68538063e-003 0. 0. 0.
    1.33658806e-003 0. 6.54522970e-004 0. 0. 7.66108884e-003 0.
    3.98071064e-003 0. 0. 0. 1.42685953e-003 0. 0. 1.05439248e-002
    -1.00487168e-003 2.82526156e-003 9.89335531e-005 0. 0. 0.
    3.57124000e-003 0. 0. 0. 9.57277312e-004 4.16786317e-003 0.
    -1.93664699e-003 0. 7.55553693e-003 0. 2.57790321e-003 0. 0. 0.
    4.04142821e-003 0. 0. 0. 0. 3.05082911e-004 0. 0. 4.92389919e-003 0.
    0. 2.79333931e-003 -1.81900943e-003 0. 0. 0. 0. 0. 0. 0. 0. 0.
    3.53005296e-003 0. 0. 0. 2.02257559e-003 1.43559102e-003 0. 0.
    2.09182524e-003 0. 0. 0. 0. 0. 0. 1.27226449e-004 3.60222504e-004
    6.27508061e-003 0. 0. 0. 0. 0. 7.29048764e-003 0. 0.
    -2.58357439e-004 0. 0. 0. 4.94274916e-003 1.18644647e-002
    4.33762232e-003 7.77334324e-004 6.37352327e-003 2.62886919e-002 0.
    0. 5.20551286e-004 -5.04925381e-004 0. 2.95546162e-003
    2.25218432e-003 6.15924736e-003 0. 0. 0. 2.08444730e-003 0. 0. 0. 0.
    -1.23407121e-003 0. 0. 1.08472910e-003 0. 0. -1.61339750e-003 0.
    3.02993576e-003 8.13983148e-004 0. 0. 0. 0. 0. 0. 0. 0. 0. 0. 0. 0.
    0. 4.47311578e-003 6.85597910e-003 1.13824336e-003 0.
    1.24359177e-003 1.26217457e-003 0. 9.46947001e-003 0. 0. 0. 0. 0. 0.
    0. 0. 1.29045092e-003 -5.36195294e-004 0. 0. -1.04189377e-004 0. 0.
    0. 4.88057453e-003 0. 4.99629043e-003 2.17614230e-003 0.
    -1.06186036e-003 5.04077924e-003 0. 0. 2.86842673e-003
    -1.35207636e-004 2.49056052e-003 0. 8.64283938e-004 -6.81592524e-003
    0. 0. 0. 2.36199377e-003 0. 0. -6.14836972e-005 0. 0. 0. 0.
    -5.07807406e-003 0. -2.45241448e-003 -1.03585527e-003
    1.69350975e-003 0. 0. 0. 4.95918002e-003 0. 0. -6.65186826e-006 0.
    0. 0. 0. 5.57422079e-003 3.08484654e-003 0. 2.25664992e-002 0. 0. 0.
    0. 0. 0. 0. 0. 1.49811280e-003 0. 0. -1.48160825e-003 0. 0. 0. 0. 0.
    0. 0. 0. 0. 1.56791427e-003 0. 0. 0. 4.93927160e-003 3.23578017e-003
    0. 0. 0. 0. 5.38172061e-003 4.00560396e-003 0. 0. 0. 4.60795267e-003
    0. 0. 0. 0. 0. 0. 0. 1.50126275e-002 0. 0. 0. 0. 0. 0.
    2.51812860e-003 0. 0. 0. 0. 0. 0. 0. 0. 6.46433677e-004
    4.32630116e-003 1.39263598e-002 5.22449426e-003 0. 7.46991020e-003
    0. 0. -1.59139722e-003 0. 0. 0. 0. 0. 6.95882132e-004 0. 0. 0. 0. 0.
    0. 7.41682772e-004 0. 6.93580182e-003 0. 0. 0. 0. 5.54953469e-003 0.
    0. 0. 0. 0. 4.53065755e-003 -3.43567051e-004 -4.26436309e-003
    3.07097426e-003 0. -4.40873118e-004 1.34811562e-003 0.
    4.56102611e-003 0. -1.79874781e-003 3.41567444e-003 1.27276126e-003
    8.02296400e-003 0. 1.92958617e-003 2.30123289e-004 0.
    2.44687777e-003 0. 0. -1.84421171e-003 0. 5.88678475e-003
    2.44145631e-003 0. 0. 1.70536397e-003 0. 2.59343884e-003 0.
    9.57776676e-004 0. 7.16282055e-004 2.98796501e-003 8.36028159e-003
    0. 0. 9.25385859e-003 0. 0. 1.96043658e-003 7.03412108e-003 0.
    1.40479614e-003 0. 3.58963967e-003 0. 0. -2.16864981e-003 0. 0. 0.
    0. 2.47788476e-003 0. 0. 3.20607610e-003 0. 0. 0. 0. 0.
    1.58010959e-003 0. 0. 0. 0. 0. 0. 9.93902504e-005 0. 0.
    6.27048546e-003 0. 0. 0. 0. 2.66716321e-004 -6.34526368e-004 0. 0.
    0. 0. 0. 8.71165004e-003 5.18445275e-004 1.53689384e-002 0. 0. 0. 0.
    0. 0. 7.58946454e-003 7.38667184e-003 2.80738052e-004 0. 0. 0.
    -1.41284592e-003 0. 9.69675370e-004 -6.94577466e-004
    -4.08280361e-003 0. -1.78926252e-003 0. 0. 2.36129947e-003 0.
    2.58838292e-003 0. 0. 0. 3.61522567e-003 0. 1.06632570e-002
    2.50837911e-004 0. 0. 2.30709338e-004 0. 0. 0. 0. 0. 0. 0. 0.
    4.70531406e-003 0. 3.54977208e-003 0. 2.96581769e-003 0.
    9.91181703e-004 1.16740353e-003 0. 0. 0. 0. 0. 0. 0. 0. 0. 0.
    3.66139272e-003 -1.64462865e-004 0. 0. 0. 1.73564896e-003 0.
    1.91506476e-003 0. 0. -2.11376161e-003 3.37381940e-003
    1.09536119e-003 0. 4.08779457e-003 0. 3.06416443e-003 0. 0.
    6.23623701e-003 0. 0. -1.55856216e-003 0. 0. 0. 0. 6.16630598e-004
    0. 0. 7.44209334e-004 0. 1.54671073e-003 0. 0. 1.96365081e-003 0. 0.
    0. 7.10980827e-003 0. 0. 0. 1.57115865e-003 0. 0. 0. 0.
    8.69748939e-004 -3.30308359e-003 0. 0. 6.43156411e-004 0. 0. 0.
    2.03838060e-003 0. 0. 0. -9.11535346e-004 0. 0. 0. 3.42491257e-004
    1.01143643e-002 0. 0. 0. 0. 0. 5.55024948e-003 0. 2.08327966e-003
    -3.79199308e-004 0. 0. 0. 0. 0. 0. 0. 0. 0. 8.64248630e-003 0. 0. 0.
    1.90839055e-003 0. 0. 8.49925168e-003 0. 0. 0. 8.33539851e-003
    5.45374351e-003 0. 0. 0. 0. 0. 2.54698819e-003 4.10181517e-003 0. 0.
    4.26416518e-003 0. -7.87386147e-004 6.16067788e-003 0. 0. 0. 0. 0.
    0. 0. 0. 0. 0. 0. 0. 0. -1.84482778e-003 0. 0. 0. 0. 0.
