<?xml version="1.0"?>
<opencv_storage>
<imageDescriptor type_id="opencv-matrix">
  <rows>1</rows>
  <cols>1000</cols>
  <dt>f</dt>
  <data>
    3.61737970e-004 0. 6.84134371e-004 6.14840770e-004 1.18634989e-002
    -4.60212119e-004 0. 0. 8.96374695e-003 2.08219653e-003
    9.59191844e-003 0. 1.15687231e-004 1.92589345e-004 -2.90485192e-003
    0. 2.87534366e-003 0. 0. 2.88319483e-004 0. 0. 8.11578706e-003 0. 0.
    8.57529882e-003 0. 0. 0. 2.37424998e-003 0. 1.71036250e-003 0. 0. 0.
    1.99199189e-003 1.06066221e-003 0. 0. 0. 0. 2.77650426e-003
    2.35449942e-003 7.54796481e-003 0. 0. 0. -9.72902577e-004 0. 0.
    1.01724882e-002 0. 0. 0. 0. 0. 0. 0. -1.21784199e-003
    -3.72664872e-005 0. 1.02712288e-002 0. 4.59597167e-003
    1.14228437e-003 0. 0. 0. 0. 3.97156546e-004 0. 1.70518120e-003 0. 0.
    -1.00040413e-003 -1.09997854e-005 0. 2.30759382e-003 0. 0. 0.
    1.22874137e-002 5.52036241e-003 4.26540384e-003 8.75103101e-003 0.
    0. 8.52056127e-003 0. 2.46948237e-003 1.49086048e-003 0. 0. 0. 0. 0.
    1.44319003e-003 0. 0. 0. 1.69767090e-003 0. 0. 1.90225244e-003 0. 0.
    0. 9.93947592e-003 -2.41289483e-004 0. 2.41085654e-003 0.
    7.20609492e-003 7.16334151e-004 -9.16978577e-004 0. 1.58373057e-003
    0. 9.29226074e-003 0. 1.14612645e-002 -2.98815174e-003
    1.64215416e-002 0. 0. 0. 0. 0. 0. 1.21491998e-002 -1.32888532e-003
    0. 9.14855162e-004 0. 0. 0. 0. -2.73511483e-004 0. 2.16336898e-003
    0. 0. 2.22986608e-004 0. 0. 0. 0. 0. 0. 0. 2.90486403e-003 0. 0. 0.
    0. 0. 1.00250626e-002 0. 0. 0. 0. 2.04110588e-003 0. 0.
    -7.91720115e-004 0. 0. 3.72584234e-003 -6.11664203e-004 0. 0.
    1.58675620e-003 5.81497839e-003 0. 0. 0. 4.25040722e-004 0. 0. 0. 0.
    0. 3.10516916e-004 0. 0. -9.84204933e-004 7.05183193e-004 0.
    1.04069375e-002 3.82507872e-003 0. 0. 8.45480710e-004 0.
    1.04102250e-002 0. 0. 0. 0. 7.19099713e-004 0. 0. -3.77126795e-004
    0. 0. 0. 0. 0. 0. 0. 0. -4.65793652e-004 0. 9.72393714e-003
    2.27848231e-003 0. 1.68238272e-004 0. -5.07389428e-004 0. 0. 0. 0.
    0. -6.98415935e-003 0. 0. 0. 0. 0. 0. 0. 0. 0. 0. 2.50291685e-003 0.
    0. 0. 1.88387255e-003 0. 0. 0. 0. 0. 1.34774833e-003
    -8.12570681e-004 4.67911130e-004 -2.41102185e-003 0. 0. 0. 0.
    5.14573418e-003 2.35056831e-003 0. -8.81382497e-004 0. 0.
    -4.37943556e-004 1.31746149e-003 8.79221829e-004 2.77137919e-003 0.
    1.61347422e-003 0. 0. 0. 8.12567479e-004 -1.24534033e-003 0. 0. 0.
    0. 0. 3.00825387e-003 0. -4.45009675e-004 0. 0. 0. 0.
    2.02845875e-003 0. 0. 0. -9.59995086e-004 0. 0. 0. 2.28026809e-004
    0. 0. 0. -9.47289809e-004 -7.03530153e-003 3.05509893e-004
    9.63044353e-003 0. 0. 2.16791319e-004 0. 1.58227589e-002 0.
    7.74066895e-003 0. 0. -3.06583242e-004 0. 1.00253280e-002 0.
    2.03930726e-003 7.36359833e-003 3.94035760e-006 0. 0. 0.
    -2.82614003e-003 0. 0. 6.87477877e-004 0. 0. 0. 9.18789953e-003 0.
    0. 0. 9.03766230e-003 0. 1.01508666e-003 0. -5.04309661e-004
    6.03692885e-003 1.75915919e-002 0. -2.64989329e-004 0.
    3.51995393e-003 0. 0. 0. 1.62376172e-003 1.03578754e-002
    1.47894979e-003 0. -1.86212268e-003 0. 0. 5.44212409e-004 0.
    1.49655598e-003 0. 3.26548377e-003 0. 5.13816299e-003
    5.78283146e-003 0. 0. 0. 0. -1.23110600e-004 0. 2.05005705e-003
    -1.98923796e-003 1.07172206e-002 0. 1.74506661e-003 0.
    3.47236777e-003 0. 0. 0. -4.13872208e-003 6.94322516e-004 0. 0. 0.
    0. 0. 0. 0. 0. 0. 8.36634936e-005 8.44638888e-003 0.
    -1.99005823e-003 0. 6.82329293e-003 0. 0. 0. 0. 8.83685984e-003 0.
    0. 0. 1.77326368e-003 -3.59729631e-003 0. 0. 0. 0. 0. 0. 0. 0. 0.
    5.43912523e-004 0. 0. 0. 0. 0. 0. 0. -6.46468601e-004 0.
    -4.46569058e-004 2.20426600e-002 0. 4.02625557e-003 0. 0.
    3.52382055e-003 0. 0. 0. 0. 0. 0. 0. 3.63611587e-004 9.09810141e-003
    8.63784645e-003 3.95364081e-003 1.70175508e-002 0. 0.
    5.06068533e-003 0. 4.81843483e-003 0. 0. 0. 1.11929839e-003 0. 0. 0.
    4.96590603e-003 0. 0. 2.62282742e-003 0. 0. 2.51053600e-003
    2.57676095e-003 0. -1.28175877e-003 8.48625507e-003 3.32065462e-003
    0. 0. -1.37437088e-003 0. 0. 0. -1.47946586e-003 6.40973076e-003 0.
    0. 0. 1.22404024e-002 0. 8.68836534e-004 0. 0. 0. 1.91948737e-003
    -3.10693460e-004 0. 1.43215316e-003 0. 0. 0. 0. 0. 0.
    -2.16534501e-003 0. 0. 0. -1.65941950e-004 -4.04510647e-004 0. 0.
    3.06598330e-003 0. 4.45995829e-004 0. 4.02110163e-003 0. 0.
    1.71941938e-003 0. 0. 0. 1.19865788e-002 1.22067216e-003 0. 0.
    -7.89932848e-004 4.93413163e-003 4.66791796e-004 0. 0. 0.
    1.13664533e-003 0. 4.02874313e-004 0. 0. 0. 0. 0. 1.62558194e-006 0.
    0. 4.13871324e-003 5.03648212e-003 0. 0. 1.18665677e-003 0. 0.
    6.14416902e-004 0. 0. 0. 0. 0. 0. 0. 0. -1.16332190e-003 0. 0. 0.
    8.04364681e-003 0. 0. 0. 0. 0. 9.55758058e-003 0. 1.95032805e-002 0.
    0. 4.44311043e-003 0. 0. 0. 0. 0. 0. 0. -5.56507264e-004 0. 0. 0.
    2.35216692e-003 2.46044656e-004 0. 0. 8.86620209e-003 0.
    1.08032441e-002 1.11231906e-002 0. 0. 0. 1.44191785e-002 0. 0. 0. 0.
    0. 0. 0. 9.55400232e-004 0. 0. 2.12942064e-003 3.45244189e-005 0. 0.
    0. 7.47342873e-003 0. 1.56668737e-003 0. 0. 0. 0. 0. 0.
    3.66590056e-003 0. 0. 0. 0. 0. 8.05479102e-003 0. 0. 0. 0.
    1.09167900e-002 0. 0. 0. 0. 0. -1.33150094e-003 0. 1.77865708e-003
    0. -1.12387247e-003 0. 0. 2.35852931e-004 0. 0. 1.09218701e-003 0.
    0. 0. 7.53374724e-003 0. 0. 0. 0. 1.25681015e-003 0. 1.00341477e-002
    0. 0. 0. 0. 0. 0. 0. 0. 0. 8.38295743e-003 0. 0. 0. 0. 0. 0. 0. 0.
    0. 0. 0. 9.38545633e-003 0. 1.07060059e-003 2.33669154e-004 0. 0. 0.
    9.55580175e-003 0. 0. 9.50801652e-003 0. 0. 0. 0. 2.98510445e-003 0.
    0. 1.55041423e-002 -6.26179948e-003 0. 1.53624150e-003 0. 0. 0. 0.
    0. 0. 4.18542069e-004 -1.79769914e-003 0. -1.98795693e-003 0. 0.
    1.88405439e-002 0. 0. 0. 0. 7.33445119e-003 -9.66766616e-004
    5.51118841e-003 -9.14244447e-004 0. 0. 0. 0. 0. 0. 5.77575061e-003
    0. 0. 0. 0. 0. 0. 0. 0. 0. 0. 3.28831421e-003 0. 0. 5.87701390e-004
    0. 0. 1.83611526e-003 5.89265861e-003 0. 0. -5.91508695e-004 0. 0.
    0. 0. 0. 0. 1.02912467e-002 0. 0. -5.89023577e-004 0. 0.
    3.26272659e-003 0. 0. 0. 0. 0. 0. 7.67760258e-003 3.17071448e-003
    3.40772327e-003 0. 0. 0. 1.85457407e-003 0. 0. 2.73861631e-004 0. 0.
    -2.68925913e-004 0. 0. 0. 0. 0. 0. 7.13287480e-003 0. 0.
    2.11821953e-006 0. 0. 0. -1.72257642e-005 0. 0. 0. 2.06489721e-003
    2.58169090e-003 0. 0. 1.25242368e-004 4.16874274e-004
    1.64198910e-003 0. 0. 0. 3.07991682e-003 2.08101279e-004 0.
    9.26264504e-004 0. 0. 0. -6.23649219e-004 0. 1.75158202e-003 0. 0.
    1.79102074e-003 -4.12996178e-006 0. 0. 0. 0. -1.67364161e-003 0.
    -1.09849218e-003 0. 9.04055126e-003 1.10266963e-004 0. 0. 0. 0.
    1.03714189e-003 0. 0. 2.67312280e-003 6.11527218e-003 0.
    1.79908937e-003 -2.37974498e-004 0. 0. 9.96533222e-003
    -1.42740348e-004 0. 0. 1.14497822e-002 3.66090913e-004
    3.37529881e-003 0. -6.19740225e-004 0. 0. 4.35239822e-003 0.
    5.00279129e-004 3.23319455e-006 -7.16944560e-005 0. 1.24160387e-003
    0. 0. 0. 7.75031140e-003 0. 0. 0. 0. 0. -3.16251942e-004 0. 0. 0. 0.
    0. 0. 0. 0. 0. 0. 0. 0. 0. 0. 0. 0. 0. 0. 0. 0. 0. 0. 0. 0. 0. 0. 0.
    0. 0. -6.51830458e-004 0. 0. 0. 0. 0. 0. 2.80769821e-003 0. 0. 0. 0.
    0. 6.39843661e-003 0. 0. 1.87761039e-002 0. 0. 0. 0. 0. 0. 0. 0.
    7.98653346e-003 7.73648906e-004 0. 0. 0. 4.53682238e-004 0. 0. 0.
    6.97278650e-004 0. 0. 0. 0. 0. 0. 0. -9.66092222e-004 0.
    -9.90582397e-004 0. 0. 0. 0. 0. 0. 0. 0. 3.32032656e-003
    6.87899580e-003 -1.66701106e-003 0. 0. 0. 0. 4.84538078e-003 0.
    -4.56612324e-005 0. 0. 0. 0. 0. 5.93269302e-004 0. 0. 0.
    -1.56394322e-003 0. 2.48291600e-003 0. 0. 0. 0. 0. 0. 0.
    3.64716951e-004 -4.36039758e-004 0. 0. 6.27364172e-003
    8.07312026e-004 0. 0. 0. 0. 0. 2.23918934e-003 0. 0.
    -1.53869245e-004 0. 0. 5.48782118e-004 0. 0. 0. 0. 0. 0. 0.</data></imageDescriptor>
</opencv_storage>
