<?xml version="1.0"?>
<opencv_storage>
<imageDescriptor type_id="opencv-matrix">
  <rows>1</rows>
  <cols>1000</cols>
  <dt>f</dt>
  <data>
    0. 9.23793588e-004 1.28969143e-003 0. 0. 8.62793357e-004 0.
    6.95109076e-004 0. 1.14275317e-003 0. -9.62441336e-005 0.
    -3.89552733e-004 0. 3.06024705e-003 0. 0. 0. 0. 0. 0. 0. 0. 0.
    1.27961335e-003 0. 7.95267915e-005 0. 1.93263148e-003 0. 0.
    4.28762927e-004 -9.07293361e-005 2.14278954e-003 0. -5.14267304e-005
    0. 0. 1.93000434e-003 0. 0. 0. 3.36652203e-003 9.46712913e-004 0. 0.
    0. 0. 0. -2.76380172e-003 7.07477622e-004 0. -1.18474381e-004
    3.31147481e-003 1.17293291e-003 0. -3.98458214e-004 0.
    2.21144781e-003 3.43986088e-004 -1.10681111e-004 0. 8.92086173e-005
    0. 0. 0. 0. 0. -5.61228808e-005 2.38438181e-004 2.05353694e-003
    7.57185323e-003 0. 0. 0. 0. 0. 1.51780900e-003 0. 6.58775773e-003 0.
    2.42706784e-003 0. 0. -7.89223355e-004 0. 0. 0. 2.83961417e-004 0.
    0. 0. 0. 0. 4.87216574e-004 3.99002759e-003 0. 0. 0. 0.
    2.16421857e-003 0. -5.16012460e-006 3.52465035e-003 4.56979265e-003
    -1.27810621e-004 6.37729361e-004 0. 1.06131705e-003 9.09509137e-003
    0. 0. 0. 1.80145726e-003 0. 0. 0. 0. 0. -2.52996018e-004
    -4.53650544e-004 -8.88768758e-004 0. 1.84383348e-003 0. 0.
    1.42990251e-003 1.15878507e-003 0. 0. 5.09447302e-004
    4.10555815e-003 0. 1.84968463e-003 0. 0. 0. -8.57320498e-004
    -2.43690400e-003 3.57543025e-003 0. 3.21302772e-003 0.
    1.16970390e-003 1.61253463e-003 0. 7.20916549e-003 0. 0. 0.
    2.45758332e-004 1.48306985e-003 0. 0. 5.69171319e-003 0.
    5.32800681e-004 1.32350053e-003 -3.71373841e-004 7.05561321e-003
    2.37317034e-003 -2.06645840e-004 0. 8.05296702e-004 -1.28175277e-004
    0. 0. 4.16890811e-003 0. 2.52000848e-003 0. 0. 5.51235443e-003
    -1.75028050e-003 0. 0. 0. 0. 0. 0. -6.38041005e-004 2.83508236e-003
    5.12100244e-003 0. 0. 6.39636768e-003 0. 0. 1.92575308e-003 0.
    9.43869643e-004 0. 0. 5.73045248e-003 4.97281225e-003
    3.09879309e-003 0. 0. 3.48628801e-003 0. 4.52730479e-003
    1.93960092e-003 4.45373822e-004 1.14089416e-004 1.39446615e-003
    2.35396251e-003 0. 0. 0. -3.55805183e-004 0. 0. 0. 0. 0. 0.
    1.01386756e-003 0. -1.28028099e-003 4.36648028e-003 0.
    3.79955769e-003 0. 0. 1.30299712e-002 1.59698061e-003 0.
    2.40062806e-003 5.11029596e-003 2.25437828e-003 -1.40324759e-003 0.
    -6.96712034e-003 4.33532335e-003 0. 6.10292470e-003 -1.18369027e-003
    -7.25560880e-004 0. 0. 8.11802875e-003 -3.97202093e-003 0.
    1.92689011e-003 -1.54392474e-004 0. -1.60874368e-003 0.
    8.57782317e-004 0. 2.57467182e-005 -5.93707839e-004 0. 0.
    7.28795130e-004 -5.30088495e-004 5.27077634e-003 -1.46637671e-004
    3.33067868e-003 0. 0. 0. 7.79245468e-003 0. 0. 4.06742981e-003
    8.39535031e-004 0. 0. 0. 7.36557459e-003 0. -1.29971874e-003
    9.39281844e-003 0. 1.27136859e-003 1.53767562e-003 0. 0.
    4.03449824e-003 8.06588586e-003 0. 1.41299306e-003 0.
    2.18597730e-003 0. 0. 0. -1.44356373e-003 0. 0. 0. 0. 0. 0. 0. 0.
    2.08991719e-003 0. 6.40318263e-003 1.66998932e-003 7.38623727e-004
    3.64941196e-003 2.43989588e-003 0. 2.31634616e-003 1.88952067e-003
    1.20872864e-003 0. 0. 1.04261376e-003 0. 0. 2.73585645e-003 0.
    -7.54718902e-004 0. 0. 0. 0. 0. 0. 0. 1.31324644e-003
    1.76212250e-003 2.21273256e-003 0. 5.58923511e-003 2.75668572e-003
    0. 0. -3.55672615e-004 1.19178486e-003 0. 1.38897740e-003
    1.38548017e-003 2.97354942e-004 0. 1.30450202e-003 0.
    5.34885982e-003 8.30483914e-004 2.72691697e-002 0. 3.94668803e-003
    -8.83689208e-004 0. 0. 0. 0. 4.64490056e-003 2.56790710e-003
    1.26632361e-003 2.80916784e-003 0. 0. 0. 4.47116280e-003
    1.26589404e-003 0. 0. 7.31603708e-003 0. 0. 3.99131607e-003 0.
    8.15288909e-003 4.60103387e-003 0. 1.01521295e-002 0.
    5.16149739e-004 0. 1.47106848e-003 7.50986720e-003 -6.10607793e-004
    2.00517965e-003 0. 0. 3.18663637e-003 0. 0. 8.59226391e-004
    2.39497307e-003 0. 3.46640148e-003 7.65456527e-004 2.05171295e-003
    0. 4.22407873e-003 0. 0. 2.05546594e-003 0. -1.37802202e-003 0.
    -4.40614385e-004 0. 0. 0. 0. 0. 0. 0. 9.56241693e-003
    2.76859297e-004 2.86561134e-003 1.71131501e-003 0. 4.51427512e-003
    4.40212927e-004 0. 0. 2.63963779e-003 1.01521867e-003 0.
    6.81836624e-003 0. -9.28872032e-005 -2.79541506e-004 0. 0.
    -7.48160935e-004 2.07405025e-003 3.48130055e-003 0. 2.28026323e-003
    1.56185078e-003 0. 9.81433201e-004 0. 0. 0. 0. 0. 1.01101480e-003
    9.34055774e-004 0. 0. 0. 3.85541306e-003 1.14868593e-003 0. 0. 0.
    5.44082199e-004 2.31409515e-003 1.04937807e-003 0. 0.
    -6.32321287e-004 1.07591785e-003 -2.13158943e-004 0. 0. 0.
    2.85266084e-003 0. -9.21257306e-004 0. 1.55502849e-003 0. 0. 0.
    2.75363610e-003 4.52030590e-003 1.26731710e-003 0. 0. 0.
    1.83825591e-003 0. 0. 3.70988017e-003 2.28299221e-004 0.
    1.05106374e-002 -9.81391757e-004 0. 0. 1.30946888e-003 0. 0. 0. 0.
    3.89213115e-003 6.53842930e-003 0. 0. 5.71252313e-003 0.
    5.81834419e-003 1.60965999e-003 0. 7.27227714e-004 0.
    1.79179292e-003 3.98334442e-003 0. 0. 0. 0. 0. 0. 0. 0.
    2.78606894e-004 0. 0. 4.85275057e-004 0. 0. 0. -6.84069935e-004 0.
    0. 0. 0. 0. 0. 3.50838783e-003 2.11612112e-003 0. 4.64774342e-003
    2.61006923e-003 0. 5.29542798e-003 0. 5.41718211e-003 0. 0. 0.
    2.64216657e-003 0. 9.64948995e-005 5.72225219e-003 0.
    9.12286807e-004 0. 0. 0. 9.04716202e-004 1.38772547e-003 0. 0. 0.
    1.32538378e-003 2.48333765e-003 0. 1.34758733e-003 3.36784334e-003
    0. 0. 0. 1.44456618e-003 0. 0. 0. 1.78126758e-003 0. 0.
    1.13770447e-003 0. 1.45706686e-003 0. 0. 3.14586773e-003
    -1.55165442e-004 -3.59137397e-004 2.62827566e-003 0. 3.75757087e-003
    4.16673021e-003 0. 0. 0. 0. 1.76684163e-003 0. 0. 0. 0. 0.
    2.21458334e-003 1.55243394e-003 0. 0. 0. 5.24096075e-004 0.
    2.78103095e-003 0. 2.22816155e-003 2.01398763e-003 0. 0. 0.
    -1.09118409e-003 -5.81126602e-004 1.31434351e-002 7.39418063e-003 0.
    0. 0. 1.80771062e-003 0. 2.97167455e-003 3.69850837e-004 0.
    3.16280569e-003 0. 0. 1.10192935e-003 -7.14102178e-004
    1.28923694e-003 4.39748680e-003 -1.43263943e-003 -1.37628452e-003 0.
    2.84234207e-004 0. 7.18778931e-004 6.01960486e-003 1.70558656e-003
    0. 0. 1.63588382e-003 0. 6.39258418e-003 2.18775612e-003 0. 0. 0. 0.
    1.90516072e-003 0. 0. 0. 0. 0. 0. 1.75208040e-003 0. 2.52470793e-003
    0. 0. 0. 1.11904473e-003 0. 2.96682166e-003 1.41896424e-003
    2.80921184e-003 0. 0. 2.99955951e-004 0. 0. 1.74423028e-003
    1.90123590e-003 1.57690351e-003 1.21066580e-003 0. 2.55046599e-003
    0. 7.08507234e-003 0. 0. 1.47113274e-003 4.40628221e-003 0. 0.
    1.01548596e-003 0. 1.79544475e-003 0. 0. 0. 3.11971083e-003
    8.12339538e-004 0. 0. 6.69435505e-003 1.59908296e-003
    -9.38342360e-004 2.35025934e-003 3.13882926e-003 0. 0. 0.
    1.76126056e-003 1.34340557e-003 0. -1.23877509e-003 0.
    4.70122497e-004 2.30938615e-003 7.36103102e-004 0. 9.97407734e-003
    2.64703599e-003 7.90816906e-004 0. 0. -4.19104612e-003
    6.04769681e-004 0. 0. 5.84497210e-003 0. 0. 1.40366144e-003 0.
    8.07232223e-004 0. 0. 0. 6.38462603e-003 0. 2.96291173e-003 0. 0.
    5.63269807e-003 8.76963662e-004 0. 6.39235135e-004 0. 0. 0. 0.
    -1.72566914e-004 2.54665664e-003 0. 0. 5.54112310e-004 0. 0.
    2.55958317e-003 0. 0. 0. 0. 0. 9.82454745e-004 0. 5.46574825e-004
    2.45163124e-003 2.37940997e-003 1.17460685e-003 4.92250896e-004 0.
    0. 0. 1.66479347e-003 8.86714831e-003 0. 8.28664983e-004 0. 0.
    8.97096743e-006 4.02993895e-003 2.97442428e-003 0. 0.
    -3.28157446e-004 0. 1.34922867e-003 8.91159929e-004 0. 0. 0. 0. 0.
    0. 0. 2.16838112e-003 2.65167304e-003 4.71753115e-003
    8.17601220e-004 2.54952163e-003 0. 0. 0. 5.18063316e-004 0.
    2.51813233e-003 0. -2.57430394e-004 0. 0. 1.91769144e-003
    1.97400129e-003 0. 1.06301031e-003 0. 7.54715293e-004
    6.54598093e-003 1.44582463e-003 -2.73706217e-004 1.17271708e-003
