<?xml version="1.0"?>
<opencv_storage>
<imageDescriptor type_id="opencv-matrix">
  <rows>1</rows>
  <cols>1000</cols>
  <dt>f</dt>
  <data>
    0. 6.07511215e-003 0. 0. 0. 0. 0. 2.21021194e-003 1.19959784e-003 0.
    0. 0. 0. 0. -7.58126704e-003 0. 0. 0. 0. 1.51312519e-002 0. 0. 0. 0.
    0. 0. 0. 0. 0. 0. 0. 0. -6.16397709e-004 0. 2.26761191e-003 0. 0. 0.
    1.90683722e-003 0. 0. 1.84343616e-003 0. 4.33187932e-003 0. 0. 0.
    5.62453689e-003 0. 7.75284832e-003 0. 1.29877677e-004
    1.05936721e-003 0. 0. 0. 0. 0. 1.63962634e-003 1.44000154e-003 0.
    -2.65131798e-003 0. 0. 0. 2.62597646e-003 1.14542367e-002 0. 0. 0.
    0. 0. 1.07354848e-002 8.57136585e-003 0. 0. 0. 0. 2.75468011e-003
    1.27605032e-004 -1.15931535e-003 4.88756970e-003 0. 0. 0. 0. 0. 0.
    0. 0. 0. 0. -6.03555760e-004 0. 3.34487995e-003 0. -1.84070508e-004
    0. 2.86002737e-003 -2.14418487e-005 2.30127550e-003 5.24594029e-003
    0. 9.03556473e-004 -7.43743090e-004 0. 0. 0. 0. 0. 8.88617244e-004
    5.17676538e-003 0. 0. 0. 0. 0. 2.58942135e-003 0. 0. 0. 0. 0. 0. 0.
    1.43068924e-003 0. 0. 0. -2.42192415e-003 8.36824707e-004 0.
    9.08325383e-005 0. 0. 0. 0. 2.82262708e-003 8.61182995e-003 0. 0. 0.
    1.13633438e-003 0. 1.45670620e-003 0. 1.30123564e-003 0. 0.
    9.16354475e-004 3.03936494e-003 0. 2.13265722e-003 0. 0. 0. 0. 0.
    1.99825224e-003 3.47654382e-003 2.09500524e-003 0. 0. 0.
    2.71977251e-003 0. 0. 0. 0. 0. 0. 0. -8.44960741e-004 0. 0. 0. 0. 0.
    9.40293772e-004 0. 0. 1.69360952e-003 0. 0. 0. 0. 1.85804829e-001 0.
    0. 0. 0. 4.18696599e-003 0. 0. 1.30247732e-003 0. 0. 2.72899680e-003
    2.01893551e-003 0. 3.41467210e-003 0. 0. 0. 1.02236785e-003
    8.74293386e-004 0. 0. 0. 0. 0. 0. 0. 0. -1.74759363e-003 0. 0. 0. 0.
    0. 1.46794284e-003 0. 0. 0. 7.61762355e-003 0. 0. 0. 0. 0.
    6.25162153e-003 2.26823823e-003 0. -5.80432767e-004 0.
    2.30044097e-005 0. 3.51622235e-003 0. 0. 0. 3.72082228e-003 0.
    3.31760128e-003 0. 2.39533000e-003 2.47006933e-003 5.48613723e-004
    0. 2.74934433e-003 0. 0. 0. 0. 0. 0. 2.99995090e-003 2.50092521e-003
    1.35541172e-003 0. 0. 0. 0. 2.51333532e-003 0. 0. 0. 0. 0.
    3.13051831e-004 0. 0. 1.51051953e-003 0. 0. 0. 0. 0. 7.96416716e-004
    3.37232742e-003 9.85441846e-004 0. 0. 3.61051597e-003
    5.06539876e-003 0. -2.85586272e-003 0. 0. 0. 0. 0. 0.
    5.88400941e-003 2.37608864e-003 2.37150770e-003 0. 0. 0. 0.
    5.37350867e-003 1.73266372e-003 0. 1.39730342e-003 0. 0. 0. 0.
    4.61666612e-003 0. 0. 0. 0. 0. -2.81793444e-004 3.34159518e-003 0.
    0. 0. 0. 0. 0. -3.54068266e-004 1.12115825e-003 1.62826583e-003 0.
    -1.59207077e-004 0. 1.32277783e-003 -6.06097674e-005
    -6.23773958e-004 2.98612891e-003 0. 0. 8.01111292e-003 0. 0.
    4.13667818e-004 0. 0. -1.16619980e-003 0. 0. 0. 3.68633680e-003 0.
    0. 1.01629831e-002 1.31119299e-003 8.99036787e-003 6.19614497e-003
    2.89760754e-002 0. 7.06906617e-003 -4.54266963e-004 4.68243845e-004
    0. 0. 0. 0. 8.26147385e-004 -6.56382006e-004 0. 4.37480817e-003 0.
    0. 0. 3.60851518e-005 3.20676551e-003 1.00123622e-002 0. 0. 0.
    7.80447328e-004 -1.22815929e-003 0. 0. 0. 0. -1.88997330e-003 0.
    1.64875668e-003 -1.82880220e-004 9.72187147e-003 0. 0. 0. 0.
    3.00921430e-003 0. 0. 0. 0. 0. 2.40239408e-003 0. 0. 0. 0. 0. 0. 0.
    0. 3.88229173e-003 0. 0. 0. 2.70176353e-003 0. 0. 0. 0.
    1.62228325e-003 -9.38699814e-004 0. 2.42380262e-003 0. 0. 0.
    7.19025207e-004 0. 0. 0. 0. 0. -4.84353397e-004 1.88960356e-003
    -4.67900332e-004 0. 0. 2.01696949e-003 0. 0. 1.63226365e-003
    2.53198575e-003 1.31676178e-002 3.79447220e-003 5.19288564e-003 0.
    0. 0. 0. 0. 1.53523998e-003 4.71468986e-004 0. 0. 0. 0. 0. 0. 0. 0.
    -7.11218687e-004 0. 0. 0. 7.01069366e-004 0. 0. 2.35462096e-003
    9.54207312e-003 0. 0. 0. 0. 0. 0. 0. 0. 0. 6.88870205e-003 0. 0. 0.
    0. 0. 0. 5.56964718e-004 0. 0. -2.46514883e-005 0. 0.
    5.23850927e-003 0. 4.21172893e-003 0. 3.94634344e-003
    -1.11935462e-003 0. 2.04591919e-003 0. 0. 1.01607607e-003 0.
    -3.29406495e-004 0. 7.23160570e-003 0. 0. 0. 0. 0. 0. 0. 0. 0. 0. 0.
    0. 0. 0. 0. 0. 0. 0. 0. 6.55557611e-004 0. 0. 2.21829787e-002 0. 0.
    0. 8.60826927e-004 7.54237128e-003 0. 0. 0. 0. 0. 0. 0.
    -1.32275699e-003 7.92377978e-004 0. 6.42386684e-003 0.
    -3.37681733e-004 0. 0. 3.83193791e-003 0. 0. 4.62609692e-004 0. 0.
    2.13418226e-003 0. -5.48653584e-003 1.00018410e-002 -7.37672788e-004
    0. 7.38457718e-004 0. 0. 0. -1.11613525e-002 0. 0. 0. 0. 0. 0. 0. 0.
    2.38414877e-003 0. 0. 0. 9.78081720e-004 -3.21071391e-004 0. 0.
    7.15719885e-004 0. 0. 0. 0. 0. 2.11856980e-003 0. 0.
    -4.50842315e-004 0. 3.03186313e-003 0. 0. 0. 0. 0. 0. 0.
    -2.55055376e-004 0. 0. 0. 0. 0. 1.28369862e-002 6.66306168e-003 0.
    -1.65446464e-003 3.03383474e-003 5.88249182e-004 0. 0. 0. 0. 0. 0.
    0. 6.44148840e-003 0. 0. 5.67905651e-003 0. 0. 0. 0. 1.99837913e-003
    1.99114811e-003 0. 0. 0. 0. 0. 0. 0. 0. 0. 0. 1.74540246e-003
    -2.32652924e-003 0. 0. -2.47718510e-003 0. 0. 7.63009768e-003 0. 0.
    4.84780496e-004 0. 8.82289000e-003 1.51136087e-003 0. 0.
    1.87336514e-003 0. 1.94508946e-004 5.30613726e-003 -5.36676787e-004
    2.90018157e-003 0. 0. 0. 1.69471966e-003 1.52529508e-003 0. 0. 0.
    -9.59253754e-004 0. 6.46730419e-003 -2.45572790e-003 0. 0. 0. 0. 0.
    0. 0. 0. 0. 0. 6.22497685e-003 0. 0. 7.19499029e-003 6.67172531e-003
    0. 0. -1.23393035e-003 0. 0. 0. 0. 0. 0. 0. 0. 0. 0. 1.88619902e-004
    0. 0. 3.47500667e-003 5.16759185e-003 0. -5.90019918e-004 0. 0. 0.
    0. 0. -9.63548722e-004 0. 0. 0. 0. 0. 0. -8.80448264e-004
    9.77740064e-003 3.46900825e-003 0. 0. 2.51112785e-003 0.
    5.33683412e-003 0. 6.17701933e-003 5.12238545e-003 0. 0. 0. 0. 0. 0.
    0. 0. 0. 0. 0. 0. 0. 0. 4.05341666e-003 0. 0. -8.53131711e-003 0. 0.
    0. 1.48749887e-003 2.41579767e-003 0. 0. 0. 0. 0. 1.21111132e-003
    2.14337764e-004 0. 0. 7.52381608e-003 1.80283631e-003 0. 0. 0. 0. 0.
    0. 5.35957050e-004 0. 0. 0. 0. 0. 0. 0. 0. 0. 0. 9.00346134e-003 0.
    0. 0. 0. 0. 0. 0. 9.00027063e-003 0. 0. 1.46795728e-003
    2.24737218e-004 0. 0. 0. 0. 0. 0. 0. 0. 0. 0. 4.80352622e-003
    1.32066163e-003 0. 0. 1.03059616e-002 0. 1.06045592e-003 0. 0. 0.
    8.22470337e-003 5.01351664e-004 0. 0. 1.99860381e-003
    1.14242593e-003 0. 0. 0. 0. 0. 1.22989051e-003 0. 0. 0. 0. 0. 0. 0.
    0. 0. 0. 2.47953553e-003 0. 0. 0. 0. 0. 0. 0. 0. 0. 0. 0. 0. 0. 0.
    3.93195543e-003 2.89944769e-003 0. 0. 0. -3.96554824e-005 0. 0.
    1.33061444e-003 2.31139245e-003 0. 0. 1.44535070e-003 0. 0.
    1.90699974e-003 -8.91249569e-004 9.63370316e-004 0. 7.50194117e-003
    0. 0. 0. 0. 0. 0. 6.98783528e-003 5.50891878e-003 0. 0.
    -8.51968944e-004 0. 0. 0. 3.28052882e-003 3.52457142e-003
    3.31417611e-003 -1.19898829e-003 1.77300454e-003 0. 0. 0. 0. 0. 0.
    3.32038337e-003 0. 0. 1.21323369e-003 5.44961728e-003 0.
    -2.82439520e-003 0. 0. 0. 0. 0. 0. 2.99254991e-003 1.07623707e-003
    -3.07547918e-004 0. 0. 0. 0. 0. 0. 0. 0. 0. 0. 0. 0. 0. 0.
    1.86854438e-003 -8.91572970e-004 0. 3.14363418e-003 0. 0. 0. 0. 0.
    0. 0. 0. 1.86558580e-003 1.20981345e-002 0. 3.16089997e-003 0. 0.
    1.68580748e-002 0. 0. 0. 0. 0. 1.09887673e-002 0. 0. 0.
    1.20822724e-003 0. 0. -4.53638349e-004 0. 1.00215035e-003 0.
    6.25425950e-004 0. 0. 0. 0. 0. 8.81258491e-003 3.20337107e-003 0.
    1.20404782e-003 6.30133413e-003 0. 1.62124925e-003 0.
    2.73125968e-003 3.69065558e-004 0. 0. 6.03613444e-003 0. 0. 0.
    7.79285620e-004 0. 2.58798385e-003 0. 0. 0. 1.47728587e-003 0. 0. 0.
    0. 2.19799438e-003 0. -5.66757575e-004 0. 2.39537773e-003 0. 0. 0.
    3.47305671e-003 2.69602519e-004 0.</data></imageDescriptor>
</opencv_storage>
