<?xml version="1.0"?>
<opencv_storage>
<imageDescriptor type_id="opencv-matrix">
  <rows>1</rows>
  <cols>1000</cols>
  <dt>f</dt>
  <data>
    0. 0. 1.55696424e-003 1.10505067e-003 0. 2.65036873e-003 0. 0. 0.
    1.10913662e-003 0. 0. 0. 0. 0. 8.93151853e-003 -3.84920952e-003
    1.96419144e-003 0. 1.29602477e-003 0. 0. 0. 1.36998261e-003 0. 0. 0.
    0. 5.60760731e-003 0. 0. 0. 0. 0. 0. 0. 2.33467110e-003 0.
    -4.44077014e-004 -1.58356081e-004 1.02017331e-003 0. 0.
    -6.84111961e-004 0. 1.65809091e-004 1.14011834e-003 2.14765151e-003
    6.78768894e-003 0. -1.48106308e-003 5.31917722e-005 4.98813950e-003
    0. 0. 0. 0. 0. 1.26261665e-002 0. 0. 2.23974022e-003 1.87642721e-003
    0. 0. 0. 4.75969864e-003 2.03670049e-003 2.96998449e-004 0. 0.
    4.50084172e-003 0. 0. 1.30126206e-003 0. 2.49343459e-003
    6.42257789e-003 0. 0. 0. 0. 0. 1.87085778e-003 -2.53358507e-003
    2.25999975e-003 2.53710710e-003 0. 0. 0. 0. 0. 0. 0. 0.
    7.93589931e-003 0. 0. 0. -3.98408808e-003 0. 1.63202430e-003
    5.29283099e-003 0. 0. 0. 0. 0. 0. 0. 0. 0. 0. 0. 2.25864886e-003 0.
    6.83698710e-003 0. 1.28147239e-003 0. 0. 0. -1.36159430e-003
    -1.69112568e-003 0. 0. 0. 0. 0. 1.62871357e-003 0. 0. 0.
    6.02997746e-003 0. 0. 0. 0. 4.89416486e-003 0. 6.06825436e-003
    2.25531566e-003 2.69491202e-003 0. 0. 0. 7.78983673e-003
    1.44199273e-002 0. -6.75608753e-004 3.26506328e-003 0. 0. 0.
    5.20628272e-003 0. 4.56134643e-004 0. -2.63767462e-004
    1.45188009e-003 -2.35735159e-003 0. 0. 1.96878542e-003
    2.35262839e-003 0. 0. 0. 0. 0. 0. -9.71411821e-004 0.
    9.37762391e-003 9.36645269e-003 0. 0. 0. 0. 0. 0. 0. 8.80817825e-004
    0. 0. 1.45245972e-003 0. 4.25767060e-003 0. 0. 0. 0. 0. 0. 0. 0.
    4.96735936e-003 0. 0. 3.40186147e-004 0. 0. 0. 3.90491285e-003
    3.71894473e-003 0. 0. 4.57389433e-005 0. 0. 0. 1.15992629e-003
    4.86768270e-003 -2.41271779e-003 0. 2.58012488e-003 0. 0. 0.
    3.78231285e-003 0. 0. 0. 0. 0. 9.69169848e-003 0. 0. 0. 0.
    1.81499275e-003 0. 7.24519021e-004 0. 0. 0. 0. 0. 1.24186277e-002 0.
    1.51647173e-003 0. 0. 0. 3.71878291e-003 1.23412907e-002
    -4.19767806e-003 1.78378690e-002 0. 1.20753748e-002 9.76367854e-003
    0. 0. 0. 0. 0. 0. 0. 0. -7.67703808e-004 0. 0. 7.39365024e-003 0. 0.
    -5.32169128e-003 5.40525012e-004 0. 0. 0. 0. 0. 1.49115571e-003 0.
    0. 1.82383275e-003 0. 0. 0. 1.95414224e-003 0. 0. 0. 0. 0.
    4.43757465e-003 0. 0. 0. 0. 1.05871037e-002 3.38699180e-003
    1.20406016e-003 0. 2.60799169e-003 1.07341744e-002 0.
    2.86250701e-003 0. 0. 0. 0. 0. 8.70267674e-003 0. 0. 0. 0.
    2.16346886e-003 2.32977630e-003 2.28722068e-003 0. 0. 0.
    1.07232165e-002 0. 0. 1.24122226e-003 0. 0. 0. 0. 0. 0.
    5.17610228e-003 0. 0. 1.03469682e-003 0. -1.69567973e-003 0. 0. 0.
    0. 0. 0. 8.02734867e-003 0. 0. 0. 6.15439704e-003 2.74437713e-003 0.
    2.80488608e-003 0. 0. 0. 4.80176555e-003 0. 8.60114757e-004
    2.27629393e-002 0. 3.30979284e-003 0. 0. 0. 0. 0. 9.43615567e-004 0.
    0. 0. 0. 0. 0. 4.93575446e-003 0. 0. 3.08070495e-003 0.
    -6.88238489e-003 0. 0. 0. 0. 2.14865827e-003 1.91363075e-003 0. 0.
    0. 0. 0. 0. 2.23724125e-003 0. 0. 3.23567935e-003 0. 6.16063084e-003
    0. 0. 0. 0. 0. 2.21810048e-003 -2.27570441e-003 0. 6.51071221e-003
    2.72499793e-003 0. 0. 1.91746192e-004 0. 1.54056924e-003 0.
    4.52199718e-003 0. 8.61109141e-003 5.07042836e-003 0. 0. 0. 0. 0. 0.
    3.37955402e-003 3.15034273e-003 0. 1.02856650e-003 0. 0. 0. 0.
    -2.42841546e-004 0. -1.95532758e-003 2.29433086e-003 9.39783698e-004
    0. 1.80031103e-003 1.05653470e-002 0. 0. 1.32384745e-003 0. 0.
    9.38978046e-004 4.53726971e-004 0. 0. 0. 7.21634497e-005
    1.22887106e-003 0. 0. 0. 0. 0. 0. 0. 1.91657767e-002 0.
    4.27018106e-003 0. 0. 0. 1.14770262e-002 0. 0. 0. 0. 0. 0.
    4.88113333e-003 0. 0. 0. 0. 0. 0. 5.50940260e-003 0. 0. 0. 0. 0.
    5.04645379e-003 0. 1.45382052e-002 0. 0. 3.73805349e-004 0. 0. 0.
    9.33609065e-003 1.26954261e-003 0. 3.31527379e-004 0. 0. 0. 0. 0. 0.
    0. 0. 1.79212552e-003 0. 0. 2.20370921e-003 0. 1.67581893e-003 0. 0.
    0. 0. -1.72194777e-004 0. 7.94613326e-004 0. 0. 2.99373409e-003 0.
    0. 0. 5.00269094e-003 0. 0. 0. 0. 1.66342850e-003 9.25514940e-003
    -1.21847459e-003 6.62527652e-003 0. 0. 1.91075506e-003 0.
    4.53158456e-004 0. 0. 0. 0. 1.97288371e-003 1.01149771e-002
    -1.15129142e-003 0. 0. 0. 1.02140522e-002 6.61130715e-003 0. 0. 0.
    1.12036783e-002 0. 0. 0. 3.74128250e-003 -2.90460041e-004 0. 0. 0.
    0. 0. 0. 0. 1.35449274e-003 0. 0. 0. 0. 0. 8.03499110e-003 0. 0.
    7.81261455e-003 1.37309509e-003 0. 1.24726342e-002 0. 0. 0. 0. 0. 0.
    0. 0. 7.00290687e-003 0. 0. 1.29696797e-003 0. 0. 0. 0. 0.
    6.83616474e-003 -4.65476303e-004 0. 3.75234266e-003 0. 0.
    9.11033433e-003 0. 0. -1.37719535e-003 0. 0. 0. 0. 0. 0. 0. 0. 0. 0.
    0. 0. 5.50461700e-005 0. -6.85923878e-005 -3.40113463e-003
    3.77680128e-003 0. 4.65606293e-003 0. 0. 0. 0. 3.12631875e-002 0.
    2.07491987e-003 0. 5.64964302e-003 0. -2.37539853e-003 0. 0.
    4.69487114e-003 2.25965865e-003 0. 0. 0. 0. 0. 0. 1.14053003e-002
    1.57013501e-003 0. -1.51602295e-003 7.71853747e-003 0. 0. 0. 0. 0.
    0. 0. 0. 0. 7.13326223e-003 0. -1.95319229e-003 2.14053388e-003 0.
    0. -6.28876314e-003 0. 0. 7.86809833e-004 5.89410658e-004
    1.37292221e-002 0. 6.19260455e-003 0. 0. 0. 0. 0. 0. 0. 0.
    1.82589833e-002 0. 0. 4.18629171e-003 0. 0. 1.17632905e-002
    1.50339138e-002 1.16177313e-002 0. 1.16491353e-003 0.
    2.57862289e-003 0. 0. 0. 0. 0. 0. 0. 0. 0. -3.48670525e-004
    -3.34605621e-003 0. 0. 0. -1.01696141e-003 7.32140522e-003
    2.29055830e-003 0. 0. 0. 2.77731498e-003 0. 0. 0. 0. 0. 0. 0. 0.
    -2.75654573e-004 0. 4.89316066e-004 8.98847450e-003 5.10743586e-004
    1.30771985e-003 0. 0. -2.11617723e-003 0. 0. 9.33305419e-004
    -2.99376715e-003 6.42548548e-004 1.24968495e-003 2.07468824e-004
    1.23349968e-002 0. 1.33558759e-003 0. 6.97417010e-004 0. 0. 0. 0. 0.
    7.18756113e-003 7.04230915e-004 8.26587249e-003 0. 0. 0. 0. 0. 0. 0.
    0. 0. 0. 0. 0. -4.57294256e-004 3.99624323e-003 0. 0. 0.
    2.64700199e-003 1.10714952e-003 0. -1.62440690e-003 6.07172085e-004
    -9.91699635e-004 0. 0. 0. 0. 0. 0. 0. 4.72570909e-003
    1.54911785e-003 4.29278327e-004 -5.99948573e-004 0. 0. 0.
    3.07226880e-003 -6.52669056e-004 0. 0. 0. 0. 0. 0. 0. 0.
    -5.27493365e-004 0. 0. 1.73945271e-003 0. -1.50013843e-003 0. 0.
    4.91940323e-003 1.37208030e-003 4.44166269e-003 1.04099531e-002 0.
    0. 0. 0. 0. 0. 0. 0. 0. 0. 0. 0. 0. 0. 6.90110680e-003
    3.14389355e-003 0. 0. 4.67442721e-003 -1.77636291e-004
    2.54737725e-003 0. 0. 1.78018271e-003 0. 0. 0. 1.85386802e-003 0. 0.
    0. 0. 0. 1.13393797e-003 4.51996271e-003 0. 0. 0. 0. 0. 0. 0.
    1.29153777e-003 0. 5.33580175e-003 0. 0. -5.02039678e-003 0. 0. 0.
    1.57886662e-003 0. 1.55072950e-003 3.83119308e-003 0. 0.
    2.07078131e-003 1.12262461e-003 -8.46938463e-004 0. 0. 0. 0.
    1.20036805e-003 0. 0. 0. 0. 0. 0. -3.68739071e-004 0.
    1.79724640e-003 0. 0. -2.71721394e-003 0. 0. 0. 1.94728177e-003 0.
    0. -1.27982721e-003 0. 3.87335545e-003 0. 0. 1.46313396e-003
    4.97938972e-003 0. -2.92847661e-004 0. 0. 6.30688109e-003 0.
    4.21324233e-003 0. 0. 0. 0. 0. 0. 0. 0. 0. 0. 0. 0. 4.42187395e-003
    4.74068010e-003 0. 0. 0. 0. 0. 0. 0. 0. 0. 0. 0. 0. 0. 0. 0. 0. 0.
    0. 0. 1.66347565e-003 0. 0. 0. 0. 0. 0. 0. 0. 0. 0. 0. 0. 0. 0. 0.
    6.93709264e-003 0. 0. 0. 0. 0. 0. 0. -5.96266589e-004 0. 0. 0. 0. 0.
    -1.66846591e-003 0. 0. 0. 0. 0. 0. -1.24576341e-004 0. 0. 0. 0. 0.
    0. 0. 0. 0. 0. 0. 0. 0. 0. 0. 0. -4.62035602e-003 0. 0. 0. 0. 0. 0.
    0. 0. 0. 6.58995379e-003 0.</data></imageDescriptor>
</opencv_storage>
