<?xml version="1.0"?>
<opencv_storage>
<imageDescriptor type_id="opencv-matrix">
  <rows>1</rows>
  <cols>1000</cols>
  <dt>f</dt>
  <data>
    0. 1.51085900e-003 0. 0. 7.68230157e-003 2.95171887e-003
    8.62672366e-003 4.01215209e-003 0. 4.20927070e-003 0. 0.
    2.34359084e-003 0. 0. 0. -1.07777221e-002 0. 0. 0. 2.74173776e-003
    1.70917541e-003 0. 0. 0. 3.55495373e-003 0. 1.97344297e-003
    -7.71938649e-005 0. 3.30181140e-003 0. 0. 0. 0. 8.81550019e-004 0.
    0. 0. 1.17054116e-002 0. 0. 2.04704423e-003 0. 6.14413657e-005 0. 0.
    0. 0. 0. 0. 0. 0. 0. 0. 0. 0. 0. 0. 0. 0. 1.00730290e-003 0. 0.
    4.93205944e-003 0. 0. 0. 0. 1.95818511e-003 0. 0. 0. 0. 0. 0.
    8.41719843e-003 0. 0. 0. 0. 1.43283617e-003 2.08372064e-003
    5.52281039e-003 2.63629155e-003 2.07891664e-003 2.68950430e-003 0.
    0. 0. 0. 0. 0. 2.11613346e-003 0. 0. 0. 6.92817615e-004
    4.71469900e-003 0. 0. 3.74692259e-003 2.19247141e-003 0. 0. 0. 0.
    4.82966751e-003 0. 2.48801126e-003 0. 1.61789742e-003 0. 0. 0. 0. 0.
    9.14752949e-004 3.69602727e-004 -1.44168371e-004 0. 0.
    5.39020228e-004 0. 1.80653553e-003 0. 0. 1.77051988e-003 0.
    2.45984853e-003 1.15488505e-003 0. 0. 3.62997409e-003
    4.38690279e-003 0. 2.50153197e-003 3.56895779e-003 2.37055030e-003
    0. 8.37418542e-004 0. 0. 0. 0. 0. 0. 4.59744642e-003 0.
    1.51226984e-003 0. 3.23484512e-003 1.73296477e-003 0.
    2.53564003e-003 0. 0. 0. -1.39123737e-003 0. 0. 8.95354804e-003 0.
    4.43434296e-003 4.04808205e-003 0. 1.32628003e-004 2.43489607e-003
    0. 1.10688154e-003 0. 2.06667930e-003 0. 0. 0. 0. 7.96058308e-003
    6.21546060e-005 0. 0. 1.94094796e-003 3.93812225e-004 0. 0.
    -1.52631942e-003 2.89343065e-003 0. 0. 0. 0. 0. 0. 0.
    6.00292464e-004 0. 0. 7.28682207e-004 0. 0. 3.71075911e-003
    4.32579685e-003 1.59103540e-003 2.05080304e-003 6.20050728e-003 0.
    0. 1.25118834e-003 3.60387098e-003 0. 0. 8.56774952e-003
    4.58819675e-004 9.40874743e-004 1.50832045e-003 0. 0.
    1.25897257e-003 1.93408132e-003 0. 0. 0. 0. 3.08045559e-003 0.
    8.00011307e-003 0. 0. 0. 0. 0. 0. 0. 6.66819746e-003 0. 0. 0. 0. 0.
    0. 0. 0. 9.34026029e-004 2.12555118e-002 -1.99004062e-004 0. 0. 0.
    3.69675783e-003 -2.39286819e-004 0. 0. 0. 0. 0. -3.91084817e-004
    1.88371443e-004 3.57397576e-003 0. 0. 5.08543663e-003 0. 0.
    1.15242861e-002 0. 0. 0. 0. -1.30625593e-003 0. 0. 0. 0. 0.
    1.47405593e-003 0. 9.49254842e-004 -2.89696472e-004 0. 0. 0. 0.
    6.05664123e-003 5.44302957e-003 0. 0. 0. 7.88326748e-003 0. 0.
    1.98284797e-002 9.04281973e-004 0. -4.43842495e-004 0.
    1.89073652e-003 3.34700174e-003 5.16010821e-003 0. 3.94805480e-004
    0. 0. 0. 0. 0. 0. 2.23004632e-003 0. 0. 4.22039520e-005
    2.68173899e-004 0. 2.09125387e-003 0. 0. -1.10388792e-003 0.
    4.61306097e-003 0. 0. 9.41577135e-004 0. 0. -3.71659844e-004 0. 0.
    0. 0. 7.30160682e-005 4.29052720e-003 -7.80118862e-004 0. 0.
    -9.51914990e-005 5.27355587e-003 0. 0. 0. 1.00511741e-002
    -2.48519529e-004 0. 0. 1.46988616e-003 1.92702806e-003 0.
    1.71133579e-004 0. 0. 3.88255430e-004 0. 1.38365210e-003
    -1.96573674e-003 0. 0. 6.64112531e-003 6.98000542e-004 0. 0. 0. 0.
    0. 0. 0. 0. 1.55569578e-003 0. 7.48881744e-003 0. 1.84187270e-003 0.
    0. 0. 0. 0. 0. -1.00628611e-004 0. 0. 0. 5.83702279e-003
    1.29014335e-003 1.83969387e-003 0. 0. 2.83681182e-003
    2.69247522e-003 0. 0. 0. 5.72690554e-003 0. 0. 0. 1.88302877e-003 0.
    4.25759819e-004 -1.73492753e-003 0. 1.03590672e-003 2.44582281e-003
    0. 0. 0. 1.37079775e-003 0. 0. 2.83141853e-003 0. 0. 0. 0. 0.
    4.03217273e-003 0. 0. 0. 0. 0. 0. 5.28556248e-003 3.32100620e-003
    1.09810494e-002 0. 0. 0. 0. 6.50426955e-004 0. 2.64073443e-003 0. 0.
    1.05594136e-002 0. 0. 5.25275944e-004 0. -1.33782404e-003
    1.92892586e-003 6.16803020e-003 0. 0. 1.54824031e-003
    2.30308319e-003 3.93289095e-003 0. 0. 1.69424817e-003 0.
    8.68525472e-004 2.95090536e-003 2.24425644e-003 0. 0.
    4.79874713e-003 0. 0. 0. 2.14495650e-003 -5.53637001e-005 0. 0. 0.
    0. 0. 0. 2.54023029e-003 -9.72534588e-004 0. 0. -6.04781439e-004 0.
    0. 0. 1.99873140e-003 0. 4.03539278e-004 -1.24931597e-004 0.
    2.44578044e-003 -3.46746482e-003 4.68298933e-003 -1.82481075e-003
    -1.41571881e-003 0. 0. 2.04015267e-003 1.21158746e-003
    8.55201564e-004 0. 0. 4.18162090e-004 0. 0. 0. 2.38299952e-003 0.
    2.69044453e-004 0. 0. 2.87840754e-004 0. 1.47945387e-003
    1.42407732e-003 0. 0. 0. 3.26561020e-003 -4.96425724e-004 0.
    1.74950075e-003 0. 0. 0. -8.01227521e-004 0. 0. 0. 0.
    2.69300002e-003 -2.41181478e-004 3.89805529e-004 0. 0.
    4.79461858e-003 -2.64250790e-004 0. 0. 6.78859185e-003
    3.27964406e-003 1.49573665e-003 0. 0. 0. 0. 7.00753240e-004
    5.10716127e-005 1.88084529e-003 0. 0. 0. 2.06631422e-003
    1.26053288e-003 0. 5.17940288e-003 0. 6.23294665e-003
    3.61553277e-003 0. 1.05046295e-002 1.54036260e-003 0.
    -3.87599925e-004 0. 0. 2.31526815e-003 -5.78235136e-004 0.
    1.88560996e-004 -2.82406603e-004 -1.75286783e-004 0. 0. 0. 0.
    7.95033469e-004 0. 1.52559916e-003 6.89752912e-003 0. 0.
    6.54571364e-003 0. 0. 0. 0. 4.35396889e-003 5.52821206e-004
    4.93696937e-003 0. 0. 2.27509392e-003 -9.51614929e-004 0. 0. 0.
    1.24024898e-002 0. 3.43902828e-003 7.55639863e-004 0. 0.
    8.37956788e-004 0. 0. 1.79903395e-003 0. 3.31512303e-003 0.
    3.84389516e-003 0. 0. 6.63325423e-003 1.12656353e-003 0.
    2.37780949e-003 6.78095268e-003 0. 0. 6.21126615e-004
    4.87061357e-003 0. 0. 2.06427462e-003 0. 0. 3.39652877e-003 0. 0. 0.
    4.82769124e-003 1.81429903e-003 0. 1.35894655e-003 0. 0. 0. 0. 0.
    6.17632503e-003 0. 0. 1.78829621e-004 0. 0. 0. 0. 0. 0.
    -6.26266992e-004 0. 0. 0. 0. 3.44048301e-003 0. 0. 0. 0.
    1.59134041e-003 -3.06316465e-003 0. 0. -1.67144218e-003 0. 0.
    1.26844668e-003 0. 0. 1.19653624e-003 6.22979272e-003 0.
    3.15166847e-003 0. 3.99367977e-003 0. 0. 3.89582664e-003
    -1.20952864e-004 0. 0. 1.67304964e-003 -6.71291200e-004 0.
    5.45210298e-003 2.82214279e-003 0. 0. 0. 8.45448289e-004
    8.83044850e-004 0. 6.78993482e-003 0. 0. 0. 0. 3.58102215e-003
    1.41404080e-003 0. 0. 7.97394430e-004 0. 0. 0. 1.39227347e-003
    2.80691922e-004 0. 0. 9.55464027e-004 1.17460499e-002 0. 0. 0.
    2.17656809e-004 4.42757364e-003 8.61443207e-003 0. 1.10924081e-003
    0. 0. 0. 6.28729910e-003 -1.44217076e-004 0. 1.68188033e-003
    4.15055454e-003 2.08918471e-003 0. 0. 0. 2.38458044e-003 0. 0.
    3.20357364e-003 0. 3.03751236e-004 5.85038157e-004 3.81626585e-003
    0. 0. 4.50411299e-003 1.89739687e-003 3.10364901e-003
    1.15631819e-002 0. -2.15760709e-004 0. 1.85400958e-003
    3.63146211e-003 0. 0. 6.68058288e-004 0. -2.54272297e-003 0. 0. 0.
    0. 0. 0. 0. 0. 0. 0. 0. 2.76030786e-003 0. 0. 3.15807411e-005
    2.39610462e-003 0. 2.49188673e-003 0. 2.53590383e-006 0. 0. 0.
    2.33714818e-003 0. 0. 0. 0. 1.21715572e-003 0. 0. 7.41672469e-003
    1.21231880e-002 0. 0. 2.74538435e-003 0. 0. 0. 0. 0. 0.
    2.66022421e-003 7.65424082e-003 2.94245128e-003 0. 0.
    1.52555341e-003 2.29464332e-003 0. 0. 0. 0. 0. 1.88661623e-003 0. 0.
    2.27440614e-003 0. 8.09714664e-003 6.00043801e-004 0.
    3.95518495e-003 0. 1.12415082e-003 0. 8.33465456e-005
    5.18500165e-004 0. 1.56860170e-003 3.70279606e-003 1.29847159e-003
    0. 0. 0. 0. 1.26917998e-003 2.83586443e-004 0. 0. 6.92255422e-003 0.
    0. 1.52239518e-003 6.51096983e-004 0. 0. 0. 8.97796475e-004 0. 0.
    -1.49752805e-003 0. -8.24636198e-004 1.69237470e-003
    -3.96931823e-003 0. 0. 0. 0. -6.52391091e-003 2.54358584e-003 0. 0.
    0. 4.17725137e-003 0. 0. 2.83121201e-003 2.07712626e-004
    2.11657071e-003 0. 0. 3.92648531e-003 0. 0. 1.60560629e-003 0.
    2.74306908e-003 1.32104068e-003 3.75075336e-003 0. 0. 0. 0. 0. 0. 0.
    0. 0. 0. 0. 0. 0. 0. 0. 0. 0. 1.08896522e-003 1.02853589e-003 0. 0.
    0. 0. 1.17551477e-003 0. 0. 0. 2.70987744e-003 0. 1.65504019e-003 0.
    4.82684234e-003 0. 0. 0. 1.37942703e-003 0. 2.94103927e-004 0. 0.
