<?xml version="1.0"?>
<opencv_storage>
<imageDescriptor type_id="opencv-matrix">
  <rows>1</rows>
  <cols>1000</cols>
  <dt>f</dt>
  <data>
    0. 0. 0. 0. 1.41267723e-003 6.62830751e-003 1.20319449e-003 0. 0. 0.
    0. 0. -1.84909193e-004 0. 0. 6.77754695e-004 2.45199748e-003 0. 0.
    1.18420934e-002 1.10031851e-003 5.44260116e-003 0. 0. 0.
    4.47746087e-003 0. 0. 0. 2.39872164e-003 0. 7.47341244e-003 0. 0.
    1.67499471e-003 5.96082886e-004 0. 0. 0. 1.87252008e-003 0. 0.
    2.56086723e-003 0. 2.13601254e-003 1.32391760e-002 0. 0. 0.
    5.03451265e-005 2.27650598e-004 0. 2.85167969e-003 0. 0. 0. 0. 0. 0.
    0. 2.96585378e-003 0. -6.14474062e-004 0. 0. 0. 0. 3.70031269e-003
    8.16048309e-003 0. 0. -9.72830821e-005 5.71468938e-003 0. 0. 0. 0.
    1.47507456e-003 0. 0. 4.27490706e-003 0. 2.42603221e-003 0. 0.
    -2.01003836e-003 -1.31819642e-003 0. 1.64334057e-003 0. 0. 0.
    -1.94798433e-003 0. 5.13644423e-003 0. 2.92617548e-003
    5.34541672e-003 4.51435056e-003 0. 0. 0. 0. 9.29690490e-004 0. 0. 0.
    0. 0. 0. 2.04637423e-002 4.82339133e-003 0. 0. 0. 0. 3.20675876e-003
    0. 1.80495169e-003 7.40093528e-005 1.43899885e-003 0. 0.
    6.96653454e-003 3.49954847e-004 0. 0. 3.42058507e-003 0. 0.
    8.35168920e-003 -3.54961446e-003 -2.20730994e-003 0. 2.90103024e-003
    0. -8.34648381e-004 1.64794939e-004 0. 0. 0. 0. 0. 0. 0.
    2.90445139e-004 5.00556268e-003 0. 0. 0. 0. 0. -1.25951960e-003 0.
    0. 0. 1.07691130e-002 1.55304780e-003 0. 0. 0. 0. 0. 2.94921012e-003
    4.17150185e-003 0. 4.82193747e-004 2.61990353e-003 0. 0. 0. 0. 0. 0.
    0. 2.46355310e-004 1.41179282e-002 2.41239788e-004 0.
    2.23321281e-003 0. 0. 0. 3.26704397e-003 0. 1.27409876e-003 0. 0.
    3.90677061e-003 0. 0. 1.54190429e-003 2.66297143e-002
    -8.02870840e-004 0. 0. 0. 0. 0. 3.61876749e-002 0. 0.
    3.16485739e-003 0. 7.92279840e-003 0. 0. 0. 3.91905801e-003 0. 0.
    3.45607428e-003 -2.84417206e-003 9.41179111e-004 0. 2.70156562e-003
    -3.11113603e-004 1.37437135e-003 0. 0. 0. 0. 1.40751032e-002
    -4.96654119e-003 0. 0. -1.63236726e-003 0. 1.19858859e-002 0. 0. 0.
    0. 6.50124624e-003 0. 0. 0. 0. 0. 2.83574639e-003 3.17441253e-003 0.
    0. 0. 0. 0. 6.13310654e-003 0. 0. 4.93225176e-004 0. 7.89146032e-003
    0. 0. 0. 0. 0. 0. 0. 0. -1.37736625e-003 0. 0. 0. 6.14859688e-004
    -6.36135635e-004 0. 0. 0. 0. 0. 0. 0. 0. 0. 0. 0. 2.04178481e-003 0.
    -4.34051221e-003 0. 1.11632340e-003 2.42623291e-003 0. 0.
    3.06090526e-003 0. 0. 3.16003898e-005 0. 0. 0. 0. 0. 8.75604153e-003
    0. -8.67362891e-004 0. 0. 0. 0. 1.66257867e-003 0. 0. 0. 0. 0. 0. 0.
    0. 0. 0. 0. 7.60919694e-003 0. 6.55855099e-003 0. 5.21539431e-003
    7.93344155e-003 0. -1.09062006e-003 2.05533160e-003 -7.05696177e-004
    5.05488971e-003 0. 6.09286176e-003 0. 0. 0. 0. 0. 0. 0.
    1.36277091e-003 1.48932333e-003 5.87718561e-004 0. -1.34969852e-003
    4.53290809e-003 2.86843581e-003 0. 0. 0. 7.45467516e-003 0. 0.
    2.84974976e-003 5.00227138e-003 0. 0. 4.67430428e-003
    1.60225143e-003 0. 1.04400911e-003 0. 0. 0. 0. 0. 0. 0. 0. 0. 0.
    -6.10412608e-005 0. 0. 0. 0. 0. 0. 4.43299999e-004 1.07966072e-003
    0. 0. 1.41781243e-003 0. 0. 8.52851605e-004 1.25466194e-003
    2.17217277e-003 0. 0. 1.12417724e-003 0. 0. 0. 0. 0. 3.18512553e-003
    9.78992786e-003 0. 0. 1.53586036e-002 0. 0. 3.13138589e-003 0.
    6.74684066e-003 0. 0. 0. 0. 2.90166843e-003 2.19978916e-004
    -1.02535612e-003 0. -1.12831115e-003 0. 9.80588607e-004
    9.82838334e-004 0. 0. 0. -5.76518383e-003 0. 0. 0. 2.46566581e-003
    0. 3.70359840e-003 -1.22710725e-003 0. 0. 0. 0. -2.11920589e-003 0.
    0. 0. 1.11396816e-002 4.16552089e-003 3.79881385e-004
    1.71626313e-003 1.30944536e-003 0. 0. 0. 0. -3.64614942e-004 0. 0.
    0. 5.88285644e-003 0. 0. 0. 0. 0. 2.03403435e-003 0. 0.
    1.45342702e-003 9.71663685e-004 0. 0. 0. -4.60242503e-004 0.
    1.82069911e-004 0. 4.27990966e-003 0. 0. 0. 0. 7.95553531e-003 0. 0.
    0. 0. 0. 0. 0. 0. 5.06435102e-003 3.01513309e-003 0. 0. 0. 0. 0.
    1.01467492e-002 1.71115045e-002 0. 0. -1.20667845e-003 0. 0. 0. 0.
    4.34241490e-003 0. 0. 0. 3.53702670e-003 0. 0. 0. 0.
    -1.11844288e-002 8.93721008e-004 0. 0. 0. 0. 2.53742631e-003 0. 0.
    0. 0. 0. 0. 0. 6.36338443e-003 0. 0. -8.90831347e-004
    3.09108268e-003 2.14391984e-002 0. 0. 0. 0. 0. 0. 0. 1.20924006e-003
    0. 3.66528239e-003 0. 2.45984271e-003 0. -1.77982263e-003 0. 0.
    -6.09762901e-005 4.38802643e-003 0. 0. 0. 0. 0. 0. 0. 0.
    2.18475400e-003 2.20292644e-003 0. 2.61953357e-003 2.11342378e-003
    0. 0. 0. 0. 0. 9.49912355e-004 0. 0. 0. 2.07938184e-003 0. 0. 0.
    1.15319956e-002 0. 2.15990213e-003 0. 0. 0. 0. 0. 0. 0. 0. 0.
    3.63041973e-003 0. 0. 0. 9.34712868e-003 1.09042935e-002 0. 0. 0.
    3.65807908e-004 5.59293572e-003 0. 6.23140950e-003 5.49129909e-003
    0. 0. 0. 0. 5.02057932e-003 0. 0. 5.94302779e-004 0. 0. 0. 0. 0. 0.
    0. 0. 0. 0. 0. 0. 0. 0. 0. 0. 0. 0. 0. 8.68447497e-003
    -8.13359220e-004 1.06638845e-003 0. 0. 0. 0. 0. 0. 0. 0. 0.
    3.43022752e-003 0. 0. 0. 0. 0. 0. -2.66948424e-004 0. 0. 0. 0.
    4.50242194e-004 -1.04692110e-004 2.32651667e-003 0. 6.81902654e-003
    0. -6.47761626e-004 0. 1.55801196e-002 0. 0. 0. -2.64930283e-003
    4.63344948e-003 0. 0. 0. 0. 0. -8.20914502e-005 -1.67110213e-003 0.
    0. 7.00702076e-004 1.17979674e-002 0. 2.13876204e-003 0. 0. 0. 0. 0.
    0. 0. 0. 0. 6.70867041e-003 -1.00088434e-003 2.89755728e-004 0. 0.
    0. -7.44679593e-004 0. 0. 2.02362332e-003 7.82120740e-004 0. 0. 0.
    1.80366612e-003 0. 1.10985646e-002 8.88004433e-004 0.
    2.85740430e-003 0. 0. 1.96051830e-003 0. 0. 0. 0. 1.09442929e-002 0.
    0. 4.32243710e-003 0. 0. 0. 0. 0. 1.23447925e-003 0. 0.
    3.25438124e-003 2.61334050e-003 0. 2.81165144e-003 0. 0. 0.
    8.32591206e-003 -3.16991354e-004 0. 0. 0. 0. 1.07457512e-003 0. 0.
    0. 0. 1.31328730e-003 0. 0. 0. 0. 0. -2.14116037e-004 0.
    1.19145459e-003 0. 2.29920130e-004 0. 0. 7.22871535e-003
    -8.06366152e-004 0. 0. 0. 0. 0. 0. 0. 0. 0. 3.12837912e-003 0. 0. 0.
    0. 0. 0. 0. 0. 1.90999464e-003 0. 0. 0. 0. 0. 1.32261880e-003 0.
    -7.48722232e-004 0. 2.10747914e-003 0. 4.57306218e-004 0.
    -6.04288827e-004 0. 0. 0. 0. 0. -2.02060468e-003 0. 0. 0. 0.
    6.48658816e-003 0. 0. 0. 0. 0. 0. 6.39522402e-003 0. 0.
    9.57647711e-003 0. 1.22431689e-003 0. 0. 0. 0. 0. 0. 0. 0. 0. 0. 0.
    0. 4.13071504e-003 0. 0. 0. 0. 0. 0. 0. 0. 0. 0. 0. 0. 0. 0. 0. 0.
    0. 8.73914175e-003 0. 5.55002457e-003 0. 0. 2.76020641e-004
    4.57187137e-003 1.49566936e-003 0. 0. 0. 0. 0. 0. 0. 0.
    2.22360948e-003 1.07274414e-003 0. 0. 0. 0. -1.10543054e-003 0.
    6.18960767e-004 0. -2.83124828e-005 0. 0. 0. 0. 0. 0. 0. 0.
    2.32378347e-003 -4.17778781e-003 0. 0. 0. 0. 4.11174027e-003 0. 0.
    0. 0. 0. 0. 0. 0. 8.28154944e-003 0. 0. 0. 1.06994035e-002 0. 0. 0.
    0. 1.65964069e-003 1.97503436e-003 1.50499528e-003 0. 0.
    -1.69754995e-003 0. -7.57923815e-004 1.27961813e-003 0.
    2.99272756e-003 7.61328451e-003 0. 0. 2.74467701e-003
    8.45091417e-003 2.55250046e-003 0. 0. 0. 0. 2.54477578e-004 0. 0. 0.
    0. 0. 0. 0. 2.29184050e-003 0. 2.18215268e-002 -8.82071268e-004
    2.12118123e-003 0. 0. 0. 0. 0. 0. 1.12823481e-002 0. 0. 0.
    6.09631417e-003 0. 0. 0. 0. 1.37931099e-002 0. 3.57156619e-003 0.
    2.77610263e-003 -4.93379950e-004 0. 0. 0. -1.47586549e-003
    -4.28107509e-004 1.17876485e-003 0. 0. 5.18652471e-003
    2.16801860e-003 0. 0. 7.11793685e-003 3.77857429e-003
    -5.49728342e-004 0. 2.04926729e-003 4.12044348e-003 0.
    1.92007597e-003 0. 1.02179660e-003 0. 0. 0. -3.64075619e-004 0. 0.
    0. 0. 0. 7.58910924e-003 0. 4.37100790e-003 0. 0. 0. 2.37285043e-003
    0. 0. 0. 0. 0. 0. 0. 0. 0. 0. 9.11180116e-003 0. 0.</data></imageDescriptor>
</opencv_storage>
