<?xml version="1.0"?>
<opencv_storage>
<imageDescriptor type_id="opencv-matrix">
  <rows>1</rows>
  <cols>1000</cols>
  <dt>f</dt>
  <data>
    -1.60330464e-003 0. 0. 3.69355184e-005 6.65472005e-004 0.
    -9.78767057e-004 0. -4.65080448e-005 0. 0. 0. 2.16929987e-003
    7.35528627e-003 1.13371888e-003 0. 1.03193289e-003 4.11469769e-003
    3.87059757e-004 0. 0. 0. 6.08440861e-003 0. -6.27325207e-004
    2.17852858e-003 1.45353493e-003 4.79555875e-003 0. 0.
    -3.52578441e-004 0. 2.78934068e-003 -1.40934438e-003 0.
    1.24057801e-003 0. 0. 1.74791692e-003 1.16704160e-003
    -1.71331296e-004 6.50464324e-004 0. 0. 0. -6.66149892e-004 0. 0. 0.
    7.64510594e-004 -5.64124901e-004 -4.27638559e-004 0. 7.45888473e-003
    8.23414512e-003 4.10088059e-003 0. 0. 7.02364696e-003 0. 0. 0.
    3.87931126e-003 6.13771495e-004 0. 1.03998918e-003 3.00829229e-003
    4.89489455e-003 0. 3.51712946e-003 0. 1.35301123e-003 0. 0. 0. 0. 0.
    5.71205106e-004 -1.19059079e-003 1.28103059e-003 0. 0. 0. 0. 0.
    -5.77985193e-005 9.78551107e-004 8.89764726e-003 0. 0. 0. 0. 0.
    1.13191223e-002 4.18888696e-004 1.71689331e-004 0. 0. 0.
    -1.15608927e-004 1.57052255e-003 0. -1.00294559e-003 0. 0.
    4.76664165e-003 1.08375389e-003 0. 0. 0. 1.69971492e-003
    3.41109443e-003 0. 6.35552919e-003 0. 1.10737933e-003 0. 0.
    5.83947694e-004 4.57737362e-003 1.01996271e-003 4.08375217e-003
    3.11706122e-003 0. 0. 0. 1.02407986e-003 2.58759456e-003
    8.92505574e-004 4.33273008e-003 0. 2.28704419e-003 0. 0.
    4.19754442e-003 6.18500030e-003 7.52868503e-003 5.49005694e-004
    2.23525707e-003 2.63980357e-003 1.35239912e-004 4.41172300e-003
    2.32587755e-003 0. 3.32005532e-003 -5.20097383e-004 3.90181463e-004
    -7.99293863e-004 3.11534852e-003 0. 0. 0. 3.98005079e-003 0. 0.
    3.24670505e-003 0. 2.30296119e-003 0. 0. 3.43122811e-004 0. 0.
    6.64613163e-003 0. 1.40698801e-003 0. 0. 5.48306853e-003
    2.47037411e-003 -1.79460330e-003 0. 0. 0. 0. 3.61873023e-003 0.
    6.37893984e-003 1.66749279e-003 0. 1.27060281e-003 0.
    3.90811265e-003 0. 0. -1.63268286e-003 0. 6.20886683e-003 0. 0. 0.
    0. 1.58457924e-003 2.87225400e-003 0. 0. -2.97971675e-003 0. 0.
    1.32459716e-003 0. 1.80086601e-004 2.00981111e-003 3.80930863e-003
    0. -4.86989826e-004 3.89918615e-003 0. 0. 6.98665809e-003 0. 0. 0.
    -2.02379728e-004 0. 0. 0. 0. 0. 1.58949615e-003 2.12916988e-003 0.
    0. 7.71822594e-003 -6.37267804e-005 0. -1.11941260e-003 0. 0. 0. 0.
    3.50866723e-003 0. -1.34047121e-003 0. 0. 0. 0. 4.39634593e-003
    1.23194803e-003 0. 1.38699473e-003 0. 0. -1.08499888e-004 0.
    -5.49787132e-004 0. 7.32243946e-003 0. 1.61218231e-005
    1.69093255e-003 0. 2.27573863e-003 0. 3.37924063e-003 0. 0. 0. 0. 0.
    1.59253564e-003 0. 0. 0. -2.98927305e-004 -3.67183500e-004
    2.57331092e-004 2.14018830e-004 2.39179246e-002 0. 0. 0.
    6.42147847e-004 0. 6.03062159e-004 0. 3.10886954e-003
    2.47741374e-003 7.91636121e-004 0. 1.17879536e-003 0.
    1.13500992e-003 0. 1.07353227e-003 2.28755898e-003 0. 0.
    2.21013604e-003 0. 0. 0. 0. 0. 0. 5.60107222e-003 7.86139339e-004
    -8.29747150e-005 0. 2.59491405e-003 5.64095972e-004 2.94724456e-003
    4.53902874e-003 5.06974012e-003 6.02435181e-003 0. 0.
    1.53014751e-003 0. 0. -2.09999882e-004 0. 0. 1.04477478e-003
    1.77779386e-003 0. 4.28039115e-003 0. 0. 0. 0. 1.89160870e-003 0.
    -4.16555471e-004 0. 0. 2.46691867e-003 0. 1.16689468e-003 0. 0. 0.
    -1.16082549e-004 1.69888634e-004 0. 0. 0. 0. 0. 1.35595049e-003
    1.21369469e-003 0. 2.30254931e-003 8.54331069e-003 1.91001978e-003
    5.06076962e-004 0. 0. 6.24467572e-003 3.46866110e-003 0. 0. 0. 0. 0.
    4.60026693e-003 9.25037544e-004 0. 0. 0. 2.58119893e-003
    -1.44420599e-004 0. 0. 3.01609072e-003 0. 1.11799117e-003
    4.06299997e-003 0. 0. 0. 0. 4.51598968e-003 1.62170362e-003
    3.32972081e-003 0. -8.25812458e-004 3.73318698e-003 0.
    1.82290981e-003 0. 0. 2.23130407e-003 0. 4.64387180e-004 0. 0.
    1.10427674e-004 1.17366633e-003 0. 6.76210504e-003 0. 0.
    4.14396357e-003 -2.31106838e-004 0. 0. 0. -1.17916369e-003
    2.84928665e-003 1.41836470e-003 0. -9.24695923e-005 2.91013042e-003
    0. -1.07825967e-003 8.38314823e-004 0. 0. 8.81965365e-003 0. 0.
    2.01707799e-003 0. 0. 3.74712655e-003 4.92670573e-003 0. 0. 0. 0.
    2.19425376e-004 1.20106922e-003 3.72030190e-003 0. 0. 0.
    2.00074515e-003 6.74823415e-004 0. -1.00948638e-003 1.04661370e-002
    1.07247371e-003 2.70903972e-003 1.42784312e-003 3.21674068e-003 0.
    1.61924846e-002 0. 0. 1.76662044e-003 0. 0. 6.15958124e-003 0. 0.
    -2.14650831e-003 1.98681606e-003 1.08937873e-003 2.01420835e-003 0.
    4.79747134e-004 0. 1.85355218e-003 0. 0. -5.88636089e-004 0.
    3.38730402e-003 0. 1.00850372e-003 0. 5.37195755e-003
    4.02258243e-003 0. 2.50091485e-004 9.58097691e-004 -2.23532006e-005
    0. 0. 0. 0. 1.06754585e-003 3.82131501e-003 0. -5.86626935e-004
    1.82644522e-003 9.62331053e-003 0. 1.38654737e-002 0. 0.
    8.49867472e-004 0. -9.58992401e-004 -1.39620074e-003 0. 0. 0. 0. 0.
    0. 4.52934951e-003 1.16582133e-003 0. 0. 0. 1.81139132e-003 0. 0.
    5.78626859e-005 1.15066429e-003 0. 8.52310564e-003 3.31090065e-003
    -8.11503502e-004 0. 2.65585491e-003 -2.92028789e-003 0.
    -1.48301257e-003 5.35939471e-004 0. 0. 0. 0. 0. 2.90483981e-003 0.
    0. 1.34311558e-004 3.25731211e-003 5.61911287e-003 -2.79412093e-003
    0. 1.31800096e-003 4.72456031e-003 1.03939057e-003 1.74286100e-003
    9.58389952e-004 2.78425589e-003 2.92030117e-003 0. 0. 0. 0. 0.
    5.48893446e-003 0. 1.80111674e-003 1.14901701e-003 5.44765079e-003
    7.77810230e-004 7.76546658e-004 0. 0. 0. 0. 0. 0. 0. 0. 0.
    1.05238170e-003 7.70276296e-004 0. 0. 2.56957277e-003 0.
    3.97046300e-004 5.30164875e-003 0. 0. 0. 5.22405049e-003
    4.39659413e-003 7.75320397e-004 0. 0. 1.57234457e-003
    6.41878787e-003 0. 1.50922453e-004 0. -1.22200989e-004
    7.98448175e-003 0. 0. 1.26726821e-003 0. 0. 3.70987528e-003 0. 0. 0.
    0. 2.97430577e-003 4.19662829e-004 -9.45270061e-004 8.69555282e-004
    7.29339058e-003 2.50597857e-003 0. 0. 0. 6.96077663e-003
    3.92943015e-003 3.29056382e-003 8.87114182e-003 0. 6.51044946e-004
    4.67592711e-003 0. 0. 1.47316465e-003 0. 1.52009970e-003 0. 0. 0.
    -1.84817953e-004 5.07568009e-003 -1.76703883e-003 0. 1.09932758e-003
    -5.25789161e-004 0. 0. 0. 0. -5.29185170e-004 0. 0. 0. 0. 0.
    3.02654284e-004 0. 9.86411702e-004 0. 1.28731190e-003 0.
    7.48749881e-004 4.13323240e-003 0. 0. 0. 0. 0. 0. 0. 2.92403903e-003
    1.43466820e-003 0. 1.49480929e-003 0. 0. 0. 5.07732155e-004 0.
    1.91033620e-003 7.83803815e-004 4.93822037e-004 0. 0. 0.
    2.50516762e-003 0. 1.33736606e-003 1.37975644e-002 0. 0. 0. 0.
    5.23287454e-005 0. 0. 0. 3.01075168e-003 2.53555970e-003
    4.38420102e-003 0. 0. -2.67296308e-003 1.87606108e-003 0.
    3.74261499e-003 0. 1.83267181e-003 0. 0. 3.54430918e-003 0. 0.
    8.98514525e-004 0. 0. 0. 0. 0. 0. 0. 0. 0. 0. 1.36840914e-003
    1.53438619e-003 0. 0. 2.13911477e-003 0. -3.81376100e-004
    8.95778183e-004 -1.94260705e-004 3.01807327e-003 9.52180068e-004 0.
    0. 2.68446660e-004 0. 0. 0. 1.83689489e-003 0. 0. 6.68636698e-004 0.
    0. 0. 0. 0. 0. 0. -9.09933005e-004 0. 0. 0. 0. 8.71607976e-004 0.
    5.22600953e-004 0. 3.23948497e-003 1.48973439e-003 0. 0.
    4.14696010e-003 1.35772955e-003 0. 0. 0. 2.57559749e-003
    4.50349791e-004 4.34461399e-004 0. 2.42269435e-003 0. 0.
    8.09553079e-003 0. 5.36017236e-004 0. -1.48421736e-004
    6.66172244e-003 0. 0. 3.93470703e-003 1.15374262e-002 0.
    -7.22911616e-004 0. 1.88747072e-005 3.49617703e-003 -4.17099363e-004
    0. 3.45835637e-004 -3.43070642e-005 -1.95776680e-004 0. 0. 0.
    4.00125980e-004 0. 0. -6.42643950e-004 2.60262354e-003 0.
    -3.32164600e-005 -9.30738053e-004 0. 7.56628986e-004 0.
    -2.92832544e-003 6.09536050e-003 0. 0. 0. 0. -9.83898135e-005
    4.27541044e-003 0. 0. 0. 0. 9.56108037e-004 0. 3.36749828e-004 0. 0.
