<?xml version="1.0"?>
<opencv_storage>
<imageDescriptor type_id="opencv-matrix">
  <rows>1</rows>
  <cols>1000</cols>
  <dt>f</dt>
  <data>
    -3.81764700e-003 0. -1.03710569e-003 -1.30143960e-003
    8.28596391e-003 0. 0. 0. -7.87922327e-005 -1.63541758e-003 0.
    5.54578030e-004 3.62276442e-005 -1.65132471e-004 0. 0.
    2.86843930e-003 2.49381992e-003 0. 5.06702287e-004 0.
    4.50668298e-003 0. 0. 0. 1.08643656e-003 0. 0. 1.34911691e-003 0. 0.
    0. 0. 0. 0. -1.18389062e-003 0. 0. 0. 0. -7.00563483e-004
    2.68412870e-003 6.18657656e-003 0. 1.17628078e-003 0. 0.
    -2.00896553e-004 0. 0. 0. 8.52164405e-004 7.25852384e-004 0. 0.
    5.94680314e-004 0. 0. 3.52960592e-003 0. 5.10951737e-003
    3.89646098e-004 0. 0. 4.52155806e-003 0. 1.44991381e-002 0.
    1.19489140e-003 0. 0. -3.53711599e-004 2.32249731e-003 0.
    1.52888731e-003 4.56653815e-003 0. 4.02066507e-004 0. 0.
    5.05382521e-003 2.41927598e-002 2.62160995e-003 0. -4.42672201e-004
    0. 0. 1.14580942e-002 1.50979485e-003 1.05421676e-003
    4.47718147e-003 0. 0. 7.99372233e-003 7.85153999e-004 0. 0. 0. 0.
    9.00765081e-005 3.49628855e-003 0. 6.38093147e-003 5.43488935e-003
    0. 3.02440429e-004 0. 0. 1.01301959e-003 0. 7.39536481e-003 0.
    -3.69024783e-004 -5.82120440e-004 7.17421295e-004 0. 0. 0.
    4.01222351e-004 1.91695627e-003 6.78512827e-003 -3.47310049e-003
    4.66225378e-004 0. 4.94731637e-003 -5.43032365e-004 0.
    1.49259157e-003 0. 6.63425447e-003 7.94058375e-004 0.
    4.56655445e-003 0. 0. 6.43124664e-003 2.42898217e-003 0. 0. 0.
    1.55440503e-004 0. 1.01656502e-003 0. 0. 2.14927786e-004 0. 0. 0. 0.
    5.82289463e-003 0. -6.65821717e-004 6.94176834e-003 1.78038829e-003
    0. 0. 0. 0. 0. 7.18175317e-004 2.63133016e-003 0. 4.26297635e-003 0.
    7.17706716e-005 7.99371116e-003 -8.08907964e-004 -5.09631673e-006
    -7.00666220e-004 1.37819524e-003 1.16034748e-003 4.41595353e-003
    -1.26184628e-003 0. 0. 2.31705187e-003 0. 0. 0. 7.91655574e-003 0.
    -2.19518389e-003 1.03949255e-003 5.56156912e-004 -2.53492221e-003
    1.13442703e-003 1.70656212e-003 0. 5.61844790e-003 0. 0.
    1.53350888e-003 0. 0. 0. 0. 0. 0. 1.84683292e-003 0. 6.55988604e-003
    0. 0. 0. 0. 0. 0. 0. 4.03492653e-004 7.48634664e-003 0. 0. 0. 0. 0.
    7.83425011e-003 0. 0. 8.01812275e-005 0. 0. 0. 0. 4.28372016e-003
    1.31640886e-003 -1.12332101e-003 1.55456353e-003 0. 0.
    1.72439900e-006 8.33099242e-004 0. 2.12694611e-003 0.
    -1.29154674e-003 0. 0. 0. 0. 2.07734178e-003 0. 6.65678596e-003 0.
    0. 0. 0. -1.06303301e-003 0. 0. 0. 0. 0. 0. -1.48443636e-004 0. 0.
    0. 0. 0. 0. 6.36114215e-004 0. 0. 8.09979334e-004 6.90816785e-004 0.
    0. 0. 3.76184471e-003 1.85601856e-003 0. 0. 7.99420476e-003 0.
    2.75554843e-002 9.98260803e-004 0. 0. 7.08707550e-004 0. 0. 0.
    5.16844401e-003 6.61492581e-003 0. 0. -1.22333947e-003
    2.61303969e-003 0. 0. 0. 0. 9.20241640e-004 0. 1.31295505e-003 0.
    1.53131336e-002 0. 0. 0. 0. 0. 0. 6.83259312e-003 0. 0. 0. 0.
    4.93694935e-003 6.94116810e-004 0. 8.26687901e-004 5.12531679e-003
    0. 0. 0. 9.31076892e-003 0. 0. 0. 0. -4.08723863e-004 0. 0. 0.
    2.47648056e-003 1.72991335e-004 0. 0. 0. 1.24953699e-003
    1.42417662e-003 0. 1.27664674e-003 0. 1.85695899e-004 0.
    1.49511881e-002 0. 0. 0. 1.05290848e-003 0. -2.00723321e-003 0.
    4.62361243e-007 0. 0. 9.42129991e-004 4.94893733e-003 0. 0. 0. 0. 0.
    -1.70951732e-003 0. 7.42818770e-007 0. 0. 1.85588451e-005
    5.25484513e-003 6.36099698e-003 -2.87640258e-004 0. 2.84276204e-004
    0. 0. 4.09094198e-003 0. 1.79606559e-006 0. 0. 0. 0. 0. 0. 0. 0. 0.
    1.82543334e-003 0. 0. -7.92491774e-004 0. 0. -1.46686813e-004 0.
    -2.91387201e-003 0. 0. 0. 0. 7.27050379e-003 0. 2.37961952e-003 0.
    5.71301952e-003 0. 1.93821138e-003 0. 0. 0. 3.59335006e-003 0. 0.
    1.48126378e-003 0. 0. 0. -1.25941832e-003 -3.37402045e-004
    5.42556215e-003 0. 6.33167243e-003 2.49091350e-002 0. 0.
    3.78516223e-003 -6.97218697e-004 -7.07017316e-004 1.50297442e-003 0.
    9.65515245e-003 -4.79227630e-004 0. 0. 0. 7.99490698e-003 0.
    6.43716054e-003 2.14437791e-003 4.97987354e-003 0. 8.06281436e-003
    2.12049438e-003 0. 0. 0. 0. 0. -8.53399455e-004 0. 0. 0.
    -1.88102608e-003 9.90922214e-004 0. 0. 0. 0. 1.03347178e-003
    4.72668372e-003 0. 0. 9.47855937e-004 7.03455554e-003 0.
    5.84567478e-003 2.53193099e-002 3.65300980e-006 0. 0.
    4.48457571e-003 0. 3.08678648e-003 0. 0. 0. 0. 0. 1.63242294e-004
    3.36615136e-003 0. 0. 0. 0. 2.77196777e-005 5.17587131e-003
    -1.85291888e-003 0. 7.74172368e-004 8.86105583e-004 0. 0. 0. 0. 0.
    1.59406126e-003 0. 0. 0. 5.68713294e-004 0. 6.92426413e-003 0. 0. 0.
    0. 1.87515398e-003 0. 0. 0. -1.86432141e-003 7.78196147e-004
    -2.69740296e-004 0. 4.74000350e-003 6.57832075e-004 0. 0.
    3.29021085e-003 1.30041540e-002 1.61657648e-004 0. 0. 0.
    5.71572222e-004 0. 6.33922406e-003 0. 0. 0. 0. 0. -2.15525320e-003
    0. 2.35682583e-005 0. 0. 5.86222857e-003 0. 0. 0. -1.95019107e-004
    0. 0. 0. 0. -8.19955196e-004 0. 0. 5.78948809e-003 0.
    -8.15151958e-004 0. 0. 0. 1.50616486e-002 0. 0. 0. 6.61363639e-003
    1.59107253e-003 0. 0. 0. 0. 0. -1.00286168e-004 0. 0. 0.
    2.51295627e-003 0. 0. 0. 1.50256199e-006 0. 0. 5.79241570e-003
    1.47327705e-006 0. 0. 0. 0. 0. 2.79143453e-003 0. 0. 0. 0.
    1.03839487e-002 1.11091591e-003 0. 0. 0. 0. 0. 0. 1.96849206e-003 0.
    0. 1.28208520e-002 1.26460590e-003 8.37797951e-003 0. 0.
    3.22752655e-003 0. 2.35161016e-004 2.57181190e-003 0. 0.
    7.14051211e-003 0. -3.35468794e-004 0. 0. 0. 2.09089764e-003
    3.26916925e-003 -3.58019839e-003 0. 0. 0. 0. 0. -4.33476467e-004
    5.35162492e-003 0. 0. 7.87942950e-003 3.24597489e-003
    1.66159018e-003 0. 6.86805928e-004 0. 8.24636954e-004 0. 0.
    -1.87211693e-003 0. 0. 1.95305760e-003 6.91682799e-004 0. 0. 0.
    1.57815657e-006 0. 1.65228837e-003 0. 0. 0. 0. 1.35671180e-002 0.
    1.37276144e-003 0. 0. 0. 0. 3.19260871e-003 0. 5.16127271e-004 0. 0.
    1.99269108e-003 3.12778022e-004 0. 0. 0. 0. 0. 0. 0. 0. 0.
    3.25168273e-003 3.46390251e-003 2.47529504e-004 0. 4.29984299e-004
    1.70497829e-003 2.33401777e-003 0. 0. 0. 0. 0. 0. 0. 0.
    1.35300809e-003 5.24684507e-003 1.27307707e-002 0. 0.
    7.99486972e-003 0. 0. 9.42045241e-004 8.55138712e-003 0. 0.
    -4.05090442e-003 5.96059661e-004 0. 6.58791279e-003 0.
    5.93452808e-003 2.15186650e-004 0. 0. 0. 0. 0. 0. 0. 0. 0. 0. 0. 0.
    0. 0. 3.28814611e-003 0. 5.09689795e-004 9.62303206e-003 0.
    7.78573158e-005 0. 0. 0. 0. 2.47525075e-003 0. 0. 0. 0. 0. 0. 0.
    5.48614073e-004 0. 3.85224615e-004 0. 1.91881310e-003 0. 0. 0. 0.
    3.52696585e-003 0. 0. 5.32571832e-003 0. 0. -5.93157578e-003
    1.91902963e-003 0. 0. 0. 0. 0. 1.03990943e-003 -1.59486663e-004 0.
    -1.03773118e-003 0. 0. 0. 0. 0. 8.01139418e-003 0. 0.
    9.51608818e-004 1.09278224e-003 0. 0. 0. 0. 0. -2.81208428e-003
    5.57294115e-003 0. 0. 0. 5.91131044e-004 0. 0. 0. 0. 0.
    1.01248838e-003 6.08360744e-004 0. 0. 0. -1.77436240e-003
    5.88260964e-003 0. 0. 0. 2.07115686e-003 0. 2.55402853e-003 0. 0. 0.
    0. 1.61985552e-003 0. 0. 5.59069635e-003 0. 0. 0. 0. 2.32239789e-003
    0. 0. 0. 0. 0. 0. 4.32915706e-003 0. 1.54903708e-002 0.
    4.15104162e-003 2.08653882e-003 8.48070346e-003 0. 0. 0. 0. 0.
    -2.89221352e-004 0. 0. 0. 0. 7.00100465e-003 0. 0. 1.38592348e-003
    -7.02540274e-004 0. 0. -2.86494876e-004 0. 0. 3.36847128e-003 0. 0.
    0. 4.75994637e-003 1.31029543e-003 4.13063634e-003 0. 0. 0. 0. 0. 0.
    0. 0. 0. 1.89515378e-003 0. 0. 0. 0. 0. 7.79198192e-004 0. 0. 0. 0.
    0. 0. 0. 0. 2.42615424e-004 8.99847364e-005 0. 0. 0. 1.33994006e-004
    0. 0. 0. 0. 4.06319788e-003 0. 0. 0. 2.29750806e-003 0. 0. 0. 0.
    -2.07676407e-004 0. 0. 8.67493625e-004 0. 0. 7.99591653e-003 0. 0.
    2.23969761e-002 -4.99067071e-004 0. 0. 0. 2.21901154e-003 0. 0. 0.
    0. 8.38451611e-004 8.48939118e-004 -2.21516727e-003 0. 0.
    3.73346265e-004 0. 0. 0. 2.64357333e-003 0. 1.19779303e-004 0.
