<?xml version="1.0"?>
<opencv_storage>
<imageDescriptor type_id="opencv-matrix">
  <rows>1</rows>
  <cols>1000</cols>
  <dt>f</dt>
  <data>
    0. 0. 0. 0. 0. 4.64294804e-004 3.33553483e-003 0. 6.25199522e-004
    6.82995829e-004 0. 0. 6.33811753e-004 3.51821142e-003 0. 0.
    -2.46710912e-003 0. -9.01463864e-005 0. 0. 0. -2.35104399e-005 0. 0.
    0. 9.52949107e-004 0. 9.33298143e-004 5.02655108e-004 0.
    2.23619328e-003 0. 1.36228837e-003 5.10808139e-004 1.72542385e-003
    3.17583908e-003 1.48880051e-003 5.69167081e-003 2.51138024e-003 0.
    8.42945476e-004 1.96441822e-003 4.21673805e-003 0. 0. 0.
    7.30712141e-004 0. 0. 8.36256659e-004 0. -1.01280888e-003
    2.74638552e-003 1.26313663e-003 0. 7.74429878e-004 0. 0.
    1.63142290e-002 -2.87393323e-005 0. 6.25188113e-004 0. 0.
    1.90519774e-003 0. 0. 9.79478122e-004 1.73347385e-003
    8.14372860e-003 0. 0. 4.30711126e-003 0. 1.39789263e-004
    4.65120189e-003 4.03721584e-003 0. 0. 7.87606928e-004 0.
    1.45440712e-003 1.50208082e-003 5.58802439e-003 -3.66847310e-003 0.
    -1.05613668e-004 0. 6.01353124e-004 0. 2.03833356e-003
    1.47710356e-003 0. 3.10926768e-003 2.30230717e-003 3.53594543e-003
    0. 2.36618496e-003 2.20651552e-003 0. 0. 0. 1.57575926e-003
    -4.15825198e-004 4.04729974e-004 6.24827808e-004 4.39581415e-003 0.
    -3.76467433e-005 0. 7.40309421e-004 0. 0. 3.63807171e-003 0. 0.
    1.03937031e-003 0. 1.02241558e-003 3.70457466e-003 0.
    1.08219404e-003 0. 1.40068971e-003 1.89490092e-003 0. 0.
    3.55946436e-003 3.10149416e-003 9.34303831e-003 4.26908024e-003
    3.90305440e-003 0. 0. 0. 1.26776681e-003 0. 6.98976498e-003
    3.29530751e-003 0. 0. -6.78975048e-005 0. 1.47046393e-003 0. 0. 0.
    5.69640147e-003 8.21643975e-003 0. 0. 1.84153696e-003 0.
    -7.30246713e-004 1.43072486e-003 8.50120792e-004 1.17862178e-003 0.
    0. 2.35410267e-003 0. -1.32931411e-004 0. 0. 1.21413439e-003
    9.79940756e-004 8.92060716e-003 -1.26245315e-004 1.90784363e-003
    1.27493381e-003 -4.10995126e-004 0. 0. 0. 0. 3.98852833e-004
    1.20011391e-003 0. 2.28241738e-003 0. 0. 2.11303192e-003
    1.21986610e-003 0. 1.23573688e-003 0. 6.51168590e-003
    2.42073066e-003 0. 1.78693255e-004 0. 0. 1.36459351e-003 0. 0.
    -8.32833059e-004 2.07058014e-003 -1.04650226e-003 1.36893184e-003 0.
    5.62308524e-005 0. 1.30995514e-003 -2.34687279e-004 0. 0. 0. 0. 0.
    0. -6.73582545e-005 9.29814472e-004 1.17247389e-003 2.23802286e-003
    0. 5.14957355e-004 1.38552021e-003 3.79080907e-003 8.57489416e-004
    6.68234599e-004 0. 0. 4.84148134e-003 0. 0. 0. 0. 0. 6.35951851e-003
    0. 0. 3.04932910e-004 4.49579878e-004 0. 0. 0. 7.59521732e-004
    1.34846347e-003 1.05976244e-003 0. 0. 7.22786225e-003
    1.16263540e-003 0. 0. 4.66737757e-003 0. 2.43246136e-003
    1.48388406e-003 0. 1.01081599e-002 3.60440044e-003 0. 0. 0.
    8.58495594e-004 8.83072428e-003 0. 0. 0. 0. 6.59536046e-004 0. 0. 0.
    0. 1.18487061e-003 0. 2.22175429e-003 1.70143973e-003
    -1.05788046e-003 1.69620512e-003 0. 4.04847378e-004 1.49184873e-003
    -4.43833601e-003 -6.97454598e-005 3.45122023e-003 0. 2.77406117e-003
    0. 4.42831870e-003 4.95161954e-003 -4.58774390e-004 0.
    2.72079441e-003 3.99808446e-003 4.44182754e-003 1.75496901e-003
    7.10998487e-004 0. 0. 0. -3.51220253e-004 0. 8.62772984e-004 0. 0.
    2.01568496e-003 0. 3.73530900e-003 0. 5.31348074e-003
    1.47038663e-003 0. 1.07753032e-003 1.17273687e-003 0. 0.
    -4.12255147e-004 2.10275990e-003 0. 0. -3.65058877e-005 0. 0.
    3.79542867e-003 0. 0. 4.24292265e-003 0. 1.30754881e-004 0. 0.
    6.83300756e-003 4.05037217e-003 5.97487844e-004 4.11923602e-003 0.
    0. 0. 0. 0. 0. 0. 0. 0. 0. 0. 2.03838269e-003 0. 0. -1.47077674e-003
    1.46177935e-003 0. 0. 0. 0. 9.25243483e-004 0. -1.04789411e-004 0.
    0. 3.47403635e-004 0. 0. 0. 7.68032565e-004 0. 0. 0. 1.14478706e-003
    -1.99827016e-003 9.67098400e-003 2.35094875e-003 0. -9.37103818e-004
    2.69811833e-003 -1.43013394e-003 0. 0. 5.22746099e-003 0.
    5.01303643e-004 4.28984175e-004 3.32234660e-003 9.57533426e-004 0.
    0. 0. 0. 2.87568709e-003 5.00222342e-003 -4.39316791e-005 0.
    -8.44463648e-005 2.24160356e-003 1.51685590e-003 1.21323706e-003 0.
    2.99415970e-003 2.16502650e-003 0. 0. 9.57782962e-004 0.
    1.12488214e-003 3.02407704e-003 0. 3.50865675e-003 0.
    2.19433988e-003 0. 9.27589252e-004 2.00487586e-004 4.45531972e-004
    0. 0. 0. 0. 1.09248178e-003 0. 5.99953253e-003 0. 0. 2.37529632e-004
    3.86982597e-003 2.97901570e-003 0. 0. 0. 2.02354556e-003
    3.70201166e-003 0. 0. 0. 0. 2.98615894e-003 6.17860875e-004
    7.37795001e-003 2.42548413e-003 3.63440672e-003 0. 1.03459693e-003
    1.72209879e-003 0. 0. 0. 0. 6.93017198e-003 0. 2.93766637e-003
    -1.41438562e-003 -6.67345303e-004 0. 0. 0. 0. 0. -1.18804141e-003
    1.51064841e-003 1.08273851e-003 -4.71147068e-004 1.69375807e-003 0.
    0. 0. 0. 1.34054583e-003 0. 2.92864931e-003 0. 3.18225799e-003
    1.56002515e-003 0. 0. 1.19497837e-003 -9.10862291e-005
    6.99636061e-004 0. -4.86437581e-004 0. 2.03210511e-003
    6.97939051e-003 0. 0. 6.68042281e-004 -2.03018702e-004 0. 0.
    -3.22173233e-004 1.29808544e-003 0. 3.29537899e-003 -3.65743501e-004
    0. 5.90042095e-004 0. 0. 0. 9.60891892e-004 1.33762311e-003
    -5.49406162e-004 0. 1.96858682e-003 0. 1.84436573e-003 0.
    -1.10707479e-003 -1.90508948e-003 0. 0. 6.12260716e-004 0. 0. 0. 0.
    3.58999870e-003 1.70869869e-004 0. 0. 0. 0. 4.60581039e-004 0. 0. 0.
    1.24664837e-003 0. 1.10486922e-004 0. 0. 1.59301294e-003
    4.34853975e-003 0. 1.38952117e-003 -3.73415387e-004 0. 0. 0. 0. 0.
    5.07771457e-003 0. 4.63024131e-004 0. 3.10767319e-007
    7.17626838e-003 2.53363699e-003 0. 0. 0. 0. 1.92235530e-004 0. 0.
    1.36435917e-003 4.35315398e-003 7.41363736e-004 8.98562430e-004
    3.01025086e-003 0. 6.74643263e-004 0. 0. 0. 0. 2.16552010e-003 0. 0.
    0. 4.17086622e-003 0. 8.49838834e-004 0. 0. 6.25107612e-004
    7.32314354e-003 0. 0. 0. 0. 0. 0. 2.16430184e-004 4.99635423e-003
    1.77364785e-003 0. 0. 0. 0. 1.48519583e-003 0. 1.08381166e-004 0.
    -1.58520986e-003 0. 4.91665909e-003 0. 9.91155626e-004 0. 0. 0.
    1.34327565e-003 -3.90318419e-005 0. 0. 3.97157593e-004 0.
    2.77210202e-004 0. 0. 0. 0. 0. 0. 1.37697672e-003 4.42299497e-004 0.
    0. -2.02189040e-004 -1.76865811e-004 0. 4.11139661e-003
    3.08553246e-003 0. 0. 4.90325969e-003 0. 0. 0. 0. 0. 2.59286928e-004
    0. 0. 4.83875908e-003 0. 9.49884066e-004 -7.43401702e-004
    3.32231075e-003 0. 8.24779680e-004 9.67655156e-004 1.75520219e-003
    0. 0. 4.21850756e-003 0. 2.37491354e-003 3.80595075e-003
    3.84938030e-004 0. 1.34297553e-003 5.06479200e-003 2.72338162e-003
    0. 1.05619263e-002 0. 0. 0. 5.74281788e-004 0. 0. 0. 0.
    3.10091255e-003 0. 0. 2.02155788e-003 1.41294126e-003
    2.00741901e-003 3.59495985e-003 0. 1.62157300e-003 0.
    5.06657758e-004 0. 2.03225296e-003 1.52219698e-004 5.61445602e-004
    1.63343002e-003 3.22343828e-003 3.28941061e-003 0. 0. 0. 0.
    -5.87272843e-005 0. 0. 1.01589039e-003 0. 3.90997250e-003
    1.08120881e-003 3.82690458e-003 2.46982812e-003 0. 3.80566157e-003
    0. 1.78507017e-003 3.70983907e-004 2.01575109e-004 0.
    2.79993215e-003 4.53064684e-004 -2.94927537e-004 1.90994178e-003
    1.10728515e-003 0. -9.07926471e-004 0. 3.48743936e-003 0. 0.
    3.51517950e-003 0. 1.32383220e-003 0. 5.62657230e-003
    2.00358126e-003 -1.97555128e-004 4.91849473e-003 9.66399210e-004
    6.52962262e-005 0. 0. 1.71852927e-003 0. 0. 4.75258753e-003
    -1.08635744e-004 3.69773526e-003 4.72338870e-004 1.13120815e-003 0.
    0. -8.75677273e-004 0. 0. 0. 0. 5.51575504e-004 1.16095401e-003 0.
    0. 3.93518014e-003 0. 0. 6.69849920e-004 0. 0. 5.88580035e-003 0.
    8.36306892e-004 0. 0. 2.39393208e-003 0. 0. 0. 3.66433780e-003
    1.58468378e-003 2.95662461e-003 4.65847924e-003 1.88335241e-003
    1.29852886e-003 1.77497347e-003 0. 3.35604302e-004 4.26702201e-003
    0. 0. 2.87643471e-003 0. 0. 0. 0. 2.75498722e-004 0. 4.02002409e-003
