<?xml version="1.0"?>
<opencv_storage>
<imageDescriptor type_id="opencv-matrix">
  <rows>1</rows>
  <cols>1000</cols>
  <dt>f</dt>
  <data>
    0. 0. 0. 0. 0. 9.00585111e-003 3.27889691e-003 0. 1.00421486e-003
    4.20128345e-004 0. 3.91673326e-004 0. 0. 0. 0. 0. -9.37423029e-004
    0. 3.84535547e-003 0. 0. -2.49416055e-003 8.64926260e-003
    -2.53070542e-003 0. 0. 0. 0. 0. 0. 2.18324992e-003 0.
    7.53561850e-004 1.48397288e-003 0. -1.66421640e-003 6.64740941e-003
    0. 0. 0. 4.36353777e-003 0. 0. 0. 8.09194404e-004 0. 0. 0. 0.
    4.12756344e-003 1.40320824e-003 0. 0. 4.14924463e-003
    1.55188050e-003 0. 7.82547612e-003 0. -2.57305710e-005 0.
    1.13052391e-002 5.09128859e-003 0. 0. 1.84166536e-003
    3.12212808e-003 0. 0. 1.58183160e-003 0. 0. 0. 0. 6.47625001e-003 0.
    2.62526719e-005 6.77814661e-003 0. 0. 0. 0. 0. 0. 0. 0.
    1.36978703e-003 0. 0. 0. 1.31632872e-002 3.47805396e-003
    4.09044884e-003 0. 0. 0. 0. 0. -3.00574000e-004 0. 0. 0. 0. 0. 0. 0.
    0. 0. 0. 2.85148062e-003 0. 0. 0. 0. -1.05659664e-003 0. 0.
    2.22377037e-003 0. 0. -1.14760408e-003 0. 0. -5.82918525e-004
    -1.82210759e-004 1.72064744e-003 0. 0. 0. 5.48683153e-003 0. 0.
    5.13871107e-003 0. 0. 2.77239550e-003 0. 0. 0. 0. 0. 0. 0. 0. 0. 0.
    0. -5.81833709e-004 0. 0. 0. 1.31210790e-003 0. 1.44370261e-003 0.
    0. 0. 0. 0. 5.78747969e-003 3.43842246e-003 0. 0. 0. 5.05326840e-004
    3.71228275e-003 1.05170615e-003 0. 0. 4.26437147e-003 0. 0. 0. 0. 0.
    0. 1.13794031e-002 3.15366616e-003 4.64028213e-004 -1.96430995e-003
    0. 0. 0. 0. 0. 0. 2.25465023e-003 0. 2.45717354e-003 0.
    7.89178594e-004 0. 0. 0. 0. 0. 0. 0. 0. 3.83081334e-003
    3.02434928e-004 0. 7.34896748e-004 4.22509300e-004 0. 0. 0. 0. 0. 0.
    3.06040910e-003 0. 0. 0. 0. 0. 0. 6.14512106e-003 0. 5.48176467e-003
    0. 0. 0. 0. 0. 0. 0. 0. 0. 0. 0. -2.06058292e-004 0. 1.19130139e-003
    0. 0. 3.46568134e-003 0. 1.08365400e-003 0. 0. 0. -1.38077256e-003
    0. 2.78062257e-003 0. 0. 8.35421216e-003 0. 6.26254687e-003
    4.59240610e-003 0. 0. 0. 0. 0. 0. 1.61031098e-003 0. 0.
    5.46989171e-003 0. 0. 1.65214241e-002 6.75718952e-003 0. 0.
    2.59471196e-003 2.94883782e-003 0. 0. 0. 7.41427764e-003 0. 0. 0.
    3.69217363e-003 0. 0. 0. 1.99947343e-003 0. 6.09567994e-003 0. 0. 0.
    0. 3.32662067e-003 -1.22387987e-003 0. 0. 0. 0. 0. 0. 0. 0.
    8.43252055e-003 0. 1.35111576e-003 6.06913585e-003 0. 0.
    1.36146555e-002 3.16846347e-003 0. 0. 0. 6.10966235e-003 0. 0. 0. 0.
    2.15054536e-003 0. 0. 0. 0. 4.71355673e-003 0. 0. 0. 1.66822784e-003
    4.82774759e-003 0. 4.27143974e-003 0. 0. 0. 0. 0. 0. 0.
    1.01926783e-002 0. 0. 0. 2.19656248e-003 0. 1.98743884e-002 0.
    9.01303161e-003 1.63830593e-002 8.34268518e-004 0. -3.20532010e-004
    0. 0. 0. 0. 0. 0. 0. 3.19797336e-003 0. 0. 0. 3.81066161e-003 0. 0.
    0. 8.17977561e-005 0. 0. 1.86984485e-003 7.51545047e-003
    8.79228246e-005 1.88011269e-003 1.30591297e-003 0. 1.62871846e-003
    0. 0. 0. 2.04038769e-002 3.68122803e-003 0. 9.17080615e-004 0.
    -1.19175366e-003 0. 0. 0. 0. 3.43086128e-003 0. 0. -1.39669678e-003
    0. 1.82784814e-003 0. 1.82263833e-003 0. 0. 8.23636423e-004
    6.13654265e-003 5.60312241e-004 0. 7.53769511e-003 0. 0.
    7.25431368e-003 0. 0. 0. 0. 0. 0. 0. 0. -1.64539157e-003 0.
    6.80882367e-005 0. 4.49268846e-003 4.48824046e-003 -5.38458349e-003
    1.16463928e-002 0. 0. 0. 0. 1.08921225e-003 0. 8.67962604e-004 0. 0.
    2.85335560e-003 1.79892138e-003 9.17484052e-003 0. 1.06930919e-002
    1.67267292e-003 3.40459170e-003 6.60944905e-004 0. 0. 0. 0. 0. 0.
    -1.36715418e-003 0. 0. 0. 0. 0. 3.00762616e-003 2.33627344e-003 0.
    1.66295981e-003 0. 0. 2.78047286e-003 0. 6.21351006e-004 0. 0.
    4.68380237e-003 0. 0. 0. 1.47596058e-002 0. 0. 7.48842896e-004 0.
    1.38571579e-003 5.77713875e-003 0. 0. 0. 2.26407242e-003 0. 0. 0. 0.
    0. 1.04367721e-003 0. 4.74703917e-003 2.23554801e-002
    -2.33253720e-003 2.26183282e-003 0. 0. 0. 0. 0. 0. 0. 0. 0.
    2.10554199e-003 0. 8.61379318e-003 0. 1.47817796e-003 0. 0. 0.
    -3.12254648e-003 0. 0. 0. 1.97456055e-003 0. 0. -2.27794959e-003
    3.31820454e-003 9.45807435e-003 6.18186314e-003 1.59912754e-003 0.
    -3.76998883e-004 0. 0. 0. 0. 0. 0. 4.99634258e-003 0.
    4.85884352e-003 0. 1.44500949e-003 0. 0. 0. 0. 6.25722483e-003 0. 0.
    0. 0. 0. 0. 0. 0. 0. 0. 0. 0. 0. 0. 0. 1.20271230e-003 0. 0. 0. 0.
    0. 0. -1.26557588e-003 0. 0. 0. 0. 0. 0. 0. 0. 0. 0.
    -1.29657355e-003 0. 0. -2.99668522e-003 0. 0. 0. 9.65854560e-004 0.
    0. 0. 9.45013203e-003 2.80520460e-003 1.99196581e-003
    3.62665392e-003 0. 0. 3.43536236e-003 0. 0. 0. 0. 4.00458975e-003 0.
    0. 6.55033626e-003 0. 0. 0. -9.05561540e-003 0. 7.52972148e-004 0.
    0. 0. 4.77205776e-003 0. 0. 2.40355288e-003 1.85422122e-003 0.
    -1.91499037e-003 0. 0. 5.54284314e-003 0. 0. 0. 5.04010997e-004
    5.26098302e-003 6.33986946e-003 0. 9.19680053e-004 0. 0. 0. 0. 0.
    1.48920156e-003 0. 0. 4.63904056e-004 0. 4.01273603e-003 0. 0. 0.
    8.31083022e-003 0. 0. 8.40031821e-003 0. -4.33499081e-004 0. 0. 0.
    4.17132769e-003 0. 2.51453283e-004 0. 0. 3.76581168e-003
    2.89703184e-003 1.66667881e-003 -3.74394818e-003 0. 0.
    7.34874234e-003 8.98971048e-004 0. 0. 0. 1.76155020e-003
    -3.74332827e-004 4.95531783e-003 0. 0. 0. 0. 0. 0. 1.08786253e-002
    0. 1.31449325e-003 0. 2.04291265e-003 2.90094467e-004 0. 0.
    -1.62384356e-003 8.48899479e-004 0. 0. 0. 1.24942390e-002
    9.36008804e-003 0. 0. 0. 0. 4.05804999e-003 4.51801403e-004 0.
    4.50068666e-003 0. 0. 0. -3.00031534e-004 0. 9.19460319e-003 0. 0.
    0. 0. 0. 1.03040999e-002 0. 0. 0. 0. 6.58799987e-003 0. 0.
    -2.45990325e-003 0. 0. 0. 2.75959424e-003 0. 3.87495063e-004
    -7.05696642e-004 0. 0. 0. 7.96126842e-004 0. 0. 0. 0. 0. 0.
    2.97128386e-003 0. 0. 0. 0. 0. 0. 0. 0. -2.74672476e-003 0. 0. 0. 0.
    0. 0. 2.68270518e-003 0. 0. 0. 0. -2.40714476e-003 0. 0. 0. 0.
    7.97091110e-004 7.33538938e-004 0. 9.56630986e-003 0. 0. 0.
    1.61007140e-002 0. 0. 0. 8.35697865e-004 0. 0. 0. 0. 6.51055342e-003
    0. 0. 6.51599048e-003 0. 0. 0. 1.24549156e-003 0. 0. 0.
    7.58361211e-003 0. 0. 0. 0. -3.24118912e-004 0. 0. 0. 0. 0. 0. 0. 0.
    0. -1.79624197e-003 0. 0. 7.82030541e-003 2.81869923e-003 0. 0. 0.
    -8.11645819e-004 0. 1.16331165e-003 0. 0. 0. 0. 0. 6.61059655e-003
    0. 0. 1.79669273e-003 0. 0. 4.83351806e-003 0. 1.85052305e-003 0. 0.
    6.97033480e-003 0. 0. 0. 2.57453159e-003 0. 8.89762596e-004 0. 0. 0.
    0. 0. 0. 0. 0. 8.47612857e-004 0. 0. 0. 0. 0. 6.43594610e-003
    -4.07618936e-003 6.39473926e-003 0. 0. 5.77345304e-003 0. 0.
    2.60082004e-003 0. 0. -6.27852976e-004 0. 0. 6.61504176e-003 0. 0.
    0. -2.89000431e-003 1.58287026e-003 0. 9.41811071e-004 0.
    1.18078021e-002 0. 0. 0. 2.56521441e-003 2.70933239e-003
    -1.14269438e-003 1.62372808e-003 0. 0. 0. 0. 8.71364842e-004 0. 0.
    0. 0. 0. 0. 3.36333783e-003 0. 0. -9.30501090e-004 1.05975643e-002
    0. 0. 0. 0. 1.78769906e-003 0. 0. 0. 4.76353429e-003 7.81091861e-003
    0. 0. 0. 0. 0. 0. 2.20429465e-005 0. 0. 0. 1.29186804e-003 0. 0. 0.
    -2.12664274e-003 0. 0. 0. 1.44608013e-004 -2.23746267e-003 0.
    2.70973844e-003 0. 0. 0. 0. 0. 1.92963425e-002 0. 2.01209215e-003 0.
    0. -1.98401138e-003 0. 0. 4.13609017e-003 0. 1.33231678e-003
    4.47887601e-003 0. 0. 1.24839623e-003 0. 0. 1.38803292e-003 0. 0. 0.
    0. 0. 7.42017617e-003 0. 0. 0. 0. 0. 0. 0. 2.43859692e-003 0. 0. 0.
    1.97992870e-003 1.01980707e-002 0. 0. 0. 0. 0. 0. 0. 0. 0.
    -8.22374495e-005 0. 0. 0. 0. 0. 0. 0. 0. 0. 0. 0. 0.
    -6.75449381e-003 -2.46567954e-003 0. 4.43797326e-003 0.
    7.39576295e-003 -1.18904060e-003 0. 0. 0. 4.60565556e-003 0.
    -2.52531236e-003 0. 6.59298291e-003 0.</data></imageDescriptor>
</opencv_storage>
