<?xml version="1.0"?>
<opencv_storage>
<imageDescriptor type_id="opencv-matrix">
  <rows>1</rows>
  <cols>1000</cols>
  <dt>f</dt>
  <data>
    0. 0. 0. 4.19231085e-003 0. 0. 0. 0. 8.60437192e-003 0. 0. 0.
    -4.31583874e-004 0. 0. 0. -3.36693437e-003 0. 0. 0. 0.
    4.38131113e-003 3.34865646e-004 0. -1.18014356e-003 0.
    -1.18478504e-003 2.49193603e-004 0. 0. 4.76835296e-003
    2.45318096e-002 0. 0. -1.00524968e-003 5.07141405e-004 0. 0.
    2.68531637e-003 0. 0. 5.34570077e-004 0. 0. 0. 9.45935899e-004 0. 0.
    0. 0. 5.01773227e-003 -1.77239906e-003 0. 5.56670362e-003 0.
    2.59304326e-003 -6.25050394e-004 -2.47111521e-003 -2.35025960e-004
    -2.55554379e-003 8.44077393e-003 0. 3.61686852e-003 0.
    9.87563655e-003 1.88390247e-003 0. 3.95781454e-003 -2.07057293e-003
    0. 0. 0. 0. 0. 0. 0. 6.59116136e-004 0. 0. 0. 0. 1.89209206e-003 0.
    1.26419400e-004 9.21803177e-004 0. 0. 0. 0. 0. 1.27538759e-003 0. 0.
    0. 1.24264124e-003 2.98258709e-003 0. 0. 2.53968523e-004
    1.45314669e-003 0. 2.26116390e-003 0. 1.13200687e-003 0. 0.
    6.12364011e-003 7.72828888e-003 0. 2.66134460e-003 0.
    1.04320433e-003 0. 0. 0. 0. 6.42756990e-004 0. -1.00941106e-003
    6.01198662e-005 0. 0. 3.44659388e-003 6.68396521e-003 0. 0. 0. 0.
    3.92659334e-003 1.38192263e-003 7.20406231e-003 0. 0. 0. 0.
    1.50919741e-003 6.35404093e-003 0. 9.56993143e-004 0. 0.
    4.72034421e-003 0. 4.30897949e-003 3.76544404e-003 0. 0.
    -3.25945485e-003 6.89590408e-004 4.57582483e-003 0. 1.98823493e-003
    2.79238517e-003 1.81297166e-003 1.77838991e-003 0. 5.18626301e-003
    0. 0. 0. 0. 0. 0. 0. 2.43367511e-003 0. 1.98132382e-003 0. 0. 0.
    1.04093069e-005 0. 0. 0. 0. 0. 0. 1.77223003e-003 -3.60564352e-003
    0. 0. 0. 0. 3.73065844e-003 2.71012122e-003 0. 0. 4.14255867e-003 0.
    2.38654343e-003 0. 0. 0. 2.22057966e-003 0. 0. 1.42358243e-004
    4.24279831e-003 0. 0. 0. 0. 0. 0. 4.08372522e-004 6.70612557e-003 0.
    0. 0. 0. 6.53289165e-003 0. 1.07185764e-003 0. 2.89697386e-003 0.
    3.44445789e-003 -5.01450209e-004 3.59311397e-003 0. -8.92609591e-004
    0. 0. 1.68304797e-003 0. 0. 0. 0. 4.09413502e-003 -1.60498067e-003
    0. 0. 0. 3.65605764e-003 0. 0. 0. 0. 8.34400707e-004 0. 0. 0.
    1.32950963e-002 0. 0. 0. 0. 6.83314120e-003 1.00541217e-002 0.
    4.58115572e-003 0. 0. 0. -6.10432762e-004 0. 0. 1.72954999e-004 0.
    1.63701340e-003 5.95750380e-003 0. 1.03043648e-003 0.
    2.00107507e-003 0. 0. -5.84810805e-005 0. 0. -9.08636022e-004 0.
    8.45077820e-003 0. 0. 0. 5.19523630e-003 4.72651096e-003
    2.17238930e-003 0. 3.87364789e-003 0. -6.20593969e-003 0.
    1.63928326e-003 0. 3.06943478e-003 0. 0. 3.45990853e-003
    8.33544880e-003 0. 0. 0. 0. 0. 0. 0. 0. 0. -3.30240768e-003
    2.76488159e-003 0. 0. 0. 0. 0. 0. 0. 0. 0. 0. 6.58102380e-003 0. 0.
    -5.73478406e-004 0. 8.02871305e-003 2.38865061e-004 2.42978917e-003
    0. 2.70696077e-003 0. 0. 0. 0. 0. 4.27780719e-003 0. 0. 0. 0.
    5.99576277e-004 0. 0. 0. 0. 7.41627067e-003 1.02507174e-002 0.
    8.18979647e-003 0. 0. 1.46195488e-002 4.65392787e-003 0. 0. 0. 0.
    1.22738990e-003 -5.59918044e-005 0. 1.93916587e-003 -2.90003984e-004
    -1.16871495e-004 0. 0. 5.25863888e-003 -8.79917992e-004
    2.42861407e-003 0. -8.99588224e-004 0. 2.76597240e-003
    1.26596326e-002 -2.04990129e-003 0. 3.33208707e-003 -1.66621606e-003
    6.18001167e-003 0. 0. 1.11613714e-003 0. 0. 3.84433125e-003
    1.39610714e-003 0. 1.97367650e-003 5.41372411e-003 6.52726507e-004
    0. 0. 3.04230419e-003 0. 0. 7.09761298e-005 -1.22694555e-003
    8.63258610e-004 0. 0. 7.38508627e-003 2.69951089e-003 0. 0.
    -8.76680948e-003 0. 0. 0. 0. 4.76755388e-003 0. 0. 0.
    9.52889910e-004 1.28010544e-003 1.57174224e-003 2.48858868e-003 0.
    0. 2.76647229e-003 2.97603593e-003 0. 4.18547774e-003 0.
    5.98396827e-003 0. 0. 3.75106814e-004 -2.11366662e-003
    -1.37305225e-003 2.39440077e-003 0. 0. 0. 1.86118484e-003 0. 0.
    1.52441524e-002 0. 2.49869889e-003 6.61095604e-003 1.78275618e-003
    0. 0. 0. 0. -9.60866164e-004 4.72719781e-003 0. 8.26585281e-004
    5.40847075e-004 1.09224941e-003 0. 0. 0. 0. 0. 0. 0. 0. 0. 0. 0. 0.
    0. 0. 1.61201961e-003 1.78026012e-003 0. 0. 3.50893894e-003
    2.49150046e-003 2.12360895e-003 5.81200980e-003 0. 2.94985482e-003
    2.33207340e-003 0. 1.81492569e-003 2.01153266e-003 -6.94770191e-004
    -2.62928125e-003 0. 3.20800580e-002 0. 8.87110829e-004 0. 0.
    -4.97460365e-004 0. 5.23396826e-004 -1.07695209e-003 6.56378834e-005
    1.52606645e-003 0. 0. 0. 0. 2.25450553e-004 0. 5.40371379e-003 0.
    -3.45488719e-004 1.95740373e-003 0. 0. 1.38497190e-003
    2.64525320e-003 0. 0. 0. 0. 0. 0. 0. 0. 0. -3.81742255e-004 0. 0.
    1.94284960e-003 0. 0. 0. -6.79049408e-004 0. 1.71374250e-003 0. 0.
    2.69083166e-003 0. 8.01351678e-004 0. 1.17334037e-003 0.
    2.27851607e-003 0. 0. 0. 1.06601208e-003 0. 7.98401015e-004
    -8.67211638e-005 2.63828970e-003 0. 4.26226901e-003 0. 0.
    3.33589758e-003 0. 0. 0. 6.44312589e-004 0. 0. 0. 0. 0.
    4.16750321e-003 0. 0. 0. -1.03408261e-003 4.75839712e-003 0. 0.
    1.09992793e-003 -1.54731725e-003 2.38043838e-003 0. 2.15425948e-003
    0. -8.08861922e-004 0. -2.57458923e-005 1.32131507e-003 0. 0.
    6.82009337e-003 -8.44377937e-005 4.66723519e-004 8.25967523e-004 0.
    0. 1.18900952e-003 0. 5.92840777e-004 1.57967664e-003 0. 0. 0.
    2.81069404e-003 1.07655977e-003 2.29808991e-003 0. 6.61042519e-003
    0. 0. 0. 0. 0. 0. 0. 0. 0. 0. 0. 0. 0. 2.48213392e-003 0. 0. 0.
    2.67027318e-003 0. 0. 4.00085142e-003 1.85737351e-003 0.
    3.76792834e-003 1.43550418e-003 0. 0. 0. 0. 0. 7.20272656e-004
    -1.02851505e-003 0. 0. 3.32879461e-003 1.13575225e-004 0. 0. 0. 0.
    0. 0. 0. -1.14496413e-003 -1.51602435e-003 1.81880896e-003 0. 0. 0.
    0. 0. 7.71831535e-003 0. 3.82801722e-004 0. 0. 6.55534584e-003 0.
    6.08016679e-004 7.33302487e-003 3.48320138e-003 0. 1.37881178e-003
    0. 0. 0. 0. 1.30820705e-003 0. 0. 9.60201491e-004 0. 0. 0.
    3.88343260e-003 0. 0. 6.38053287e-003 7.87928177e-004 0. 0. 0.
    1.59808225e-003 -3.14941700e-003 0. 0. 2.32616137e-003
    1.47527864e-003 0. 0. -2.78333348e-004 2.97316946e-002
    1.33409316e-003 0. 0. 4.61400690e-004 0. 0. 0. 9.72341339e-004
    7.68624071e-004 0. 0. 0. 5.10185491e-004 0. 0. 0. 2.28817808e-003 0.
    2.40021734e-003 8.17541673e-004 0. 0. -1.40644074e-003 0. 0.
    1.26256486e-002 0. 0. 0. 1.53376942e-003 0. 0. 0. 1.12613337e-003
    8.18711612e-003 0. 0. 1.17369462e-003 0. 0. 1.14141835e-003 0.
    3.56635917e-003 0. 0. 7.49035226e-003 2.67839013e-003 0. 0. 0. 0.
    3.78480810e-003 0. 0. 0. 7.43223762e-004 0. 0. 0. 0. 0. 0. 0. 0.
    6.27263798e-005 0. -1.07983651e-003 2.79654516e-003 0. 0.
    7.61184096e-003 0. 0. -5.79309883e-004 2.10300833e-003
    4.03690198e-003 0. 0. 0. 4.02338505e-002 7.50124129e-003 0. 0. 0. 0.
    0. 2.14316812e-003 1.32795819e-003 0. 0. 0. 0. 1.44887331e-003 0. 0.
    4.10285965e-003 0. 0. 0. 0. 0. 0. 0. 0. 1.31714728e-003 0.
    3.06378282e-003 0. 2.28308840e-003 2.21053534e-003 -1.95799250e-004
    0. 0. 4.79488121e-003 0. 0. 0. 0. 0. 0. 0. 0. 0. 2.88572325e-003
    -6.97573822e-004 0. 0. 0. 0. 0. 0. 0. 1.25468243e-003 0.
    7.76231522e-004 3.07006179e-003 0. 0. 0. 0. 0. 0. 0. 0.
    5.13205864e-003 0. 1.77215715e-003 0. 0. 0. 1.30571111e-003 0.
    2.02142773e-003 0. 0. 3.23191960e-003 3.75591172e-003
    1.97172209e-004 5.53833786e-003 0. 1.25534658e-003 0.
    7.16497144e-003 -2.88535142e-003 0. 0. 0. 0. 0. 0. 0. 0.
    5.39893704e-003 3.88028543e-003 0. 0. 0. 0. 2.57568108e-003 0. 0. 0.
    0. 1.71000184e-003 0. 0. 0. 3.06676305e-003 0. 5.59512619e-003
    1.32624235e-003 0. 0. 0. 0. 0. 2.12867209e-003 0. 0. 0.
    1.93109713e-003 0. 3.32629425e-003 0. 0. 0. -1.93423301e-003
    3.97186988e-004 1.23594108e-003 0. 0. -1.82457455e-003 0. 0.
    2.36162962e-003 0. 1.64623751e-004 0. 0. 8.59388616e-003 0. 0. 0. 0.
    0. 8.44113471e-004 2.76591652e-003 0. 0. 0. 9.08492017e-004
    3.86223663e-003 1.93786272e-003 0. 1.76446280e-003 0. 0. 0.
