<?xml version="1.0"?>
<opencv_storage>
<imageDescriptor type_id="opencv-matrix">
  <rows>1</rows>
  <cols>1000</cols>
  <dt>f</dt>
  <data>
    0. 6.97536394e-003 2.54199328e-003 0. 1.13091804e-003
    2.19847495e-003 0. 4.60535899e-004 0. 0. 0. 3.44850612e-003 0. 0. 0.
    0. 0. 2.79624644e-003 0. 0. 4.00397694e-003 0. 9.80078912e-005 0. 0.
    0. 1.55561138e-003 0. 0. 0. 2.71393638e-003 0. 0. 0. 8.64853675e-004
    1.67335573e-004 3.83811246e-004 0. 0. 0. 0. 0. 3.60783585e-003 0.
    5.55788307e-003 0. 0. 0. 0. 0. 0. 0. 0. 9.23370104e-003
    1.50993257e-003 0. 0. 0. 0. 2.10652733e-003 0. 6.26604306e-003 0.
    7.80107034e-003 0. 2.49913079e-003 0. 0. 0. 0. 2.27038749e-003
    9.03211403e-005 1.26497797e-003 0. 0. 2.32052640e-003 0. 0.
    5.61662437e-003 8.03056697e-004 0. 0. 0. 0. 0. 0. 0. 0.
    2.13687890e-003 0. 0. 0. 0. 4.51468572e-004 1.07526220e-003
    6.57558721e-003 0. 0. 0. 0. 0. 0. 0. 1.19277509e-003 0.
    2.36465153e-003 0. 3.96531587e-003 0. 4.79380880e-003
    -1.66268228e-003 0. 0. 0. 0. 3.32323788e-003 0. 0. 5.66504663e-003
    0. 0. 0. 0. -8.21908296e-004 0. -1.67129829e-003 0. 5.30424388e-003
    0. 0. 4.50788625e-003 0. 0. 2.07376387e-003 0. 8.24152201e-004 0. 0.
    0. 0. 1.17877289e-003 0. 7.01769430e-004 0. 0. 0. 0. 0. 0. 0. 0.
    -6.74363750e-004 3.05041508e-003 3.47718038e-003 0. 6.22604450e-004
    0. 0. 8.91299825e-003 0. -2.75067799e-003 2.74305348e-003
    6.26737485e-003 6.22117100e-003 0. 0. 0. 0. 0. 3.57472833e-004 0. 0.
    0. -3.61862214e-004 0. 0. 0. 4.10505245e-003 0. 0. 0. 0. 0. 0. 0.
    -1.90919102e-003 0. 4.77812113e-003 0. 0. 0. 0. 1.08370115e-003 0.
    0. 0. 0. -5.91669705e-005 0. 0. 0. 0. 3.93663952e-003 0. 0. 0. 0. 0.
    0. 0. 0. 0. 0. 0. 5.21166483e-003 0. 0. 1.09442836e-003 0.
    1.13814780e-002 -5.34851244e-003 0. 0. 0. 0. 0. 5.68278227e-003
    3.77904181e-003 0. 0. 2.07319949e-003 0. 2.39289179e-003
    -2.92590214e-003 7.33678648e-003 2.92901974e-003 1.26930354e-002 0.
    0. 4.57356637e-003 0. 2.78561120e-003 0. 0. 0. 0. 0. 9.55811527e-004
    0. 0. 0. 5.28116361e-004 0. 0. 0. 0. -2.56066764e-004 0. 0. 0. 0.
    1.63249183e-003 4.12857160e-004 5.48688788e-003 0. 0. 0. 0.
    3.77516728e-003 0. 0. 1.02947531e-002 0. -1.63290533e-003 0. 0. 0.
    5.22503164e-003 -1.19589153e-003 7.56480265e-003 1.32884935e-003 0.
    0. 0. 0. 0. -6.32033276e-004 0. 1.30939288e-002 0. 0. 0.
    2.30965600e-003 9.05817095e-003 0. 0. 0. 0. 1.94495928e-003
    8.12261715e-004 -5.02416864e-003 0. 0. 0. 0. 3.05009447e-003
    8.54581688e-003 -1.10862986e-003 2.15122430e-003 2.84558488e-003
    1.26080541e-003 0. 0. 0. 1.24145637e-003 0. 0. 0. 1.66238844e-003 0.
    0. 4.60100779e-003 0. 0. 0. 0. 0. 0. 2.28453428e-003 0. 0.
    2.79630651e-003 6.94088591e-003 0. 0. 0. 1.82691636e-003
    -4.62319731e-004 1.74825150e-003 0. 0. 0. 2.18315097e-003
    5.67273935e-003 0. 7.59864342e-004 0. 0. 0. -1.06883980e-003
    9.92499478e-003 0. 0. -3.78278142e-004 0. 4.99943912e-004 0. 0.
    6.82580657e-003 0. 0. -3.94792622e-003 7.42777484e-003 0. 0. 0. 0.
    7.11111911e-003 2.71902466e-003 0. 4.61681420e-003 0. 0. 0. 0. 0.
    6.54698396e-003 0. 0. 3.01170768e-003 0. 0. 0. 0. 0. 0. 0.
    -7.67020567e-004 0. 0. 1.12582464e-003 0. 0. 0. 0. 0. 0.
    -9.77011048e-004 1.41472521e-003 0. 0. 7.21448334e-004 0. 0.
    1.75336830e-003 2.77108233e-003 0. 0. 0. 0. 0. -1.09752518e-005 0.
    0. 0. 0. 0. 6.97118323e-003 0. 0. 0. 0. -7.08835665e-004
    1.46014523e-003 0. 2.87205476e-004 0. 1.18644778e-002 0. 0. 0. 0. 0.
    8.56137555e-003 0. 0. 0. 0. 0. 3.39205400e-003 0. 0. 0. 0.
    -1.27710856e-003 0. 0. 0. 0. 0. 0. 0. 1.27934736e-005 0. 0. 0. 0. 0.
    0. 0. 2.48578331e-003 2.01785471e-003 0. -9.21903236e-004 0. 0. 0.
    2.06910190e-003 0. 0. 0. 0. 0. 0. 0. 0. 3.30677582e-003
    3.15410201e-004 -1.60915626e-003 0. 0. 0. 2.35907417e-002 0.
    -6.55524083e-004 0. 7.93313235e-003 1.76474557e-003 0. 0.
    2.67188251e-002 7.57867238e-003 0. 0. 0. 1.85259408e-003 0. 0. 0.
    2.47951015e-003 4.15681279e-004 0. -4.24144149e-004 0. 0.
    8.67993385e-003 0. 0. 0. 0. 0. 0. 0. 0. 5.57990000e-003 0. 0. 0. 0.
    0. 1.13431085e-002 4.08570952e-004 -4.12486726e-003 0.
    8.35120771e-003 0. 0. -4.28345939e-003 0. 0. 5.00627619e-004 0. 0.
    0. 1.23131997e-003 0. 0. 0. 0. 3.51555366e-003 0. 0. 0.
    -2.12836149e-003 -3.90880927e-003 0. 0. 0. 3.21011827e-003 0.
    1.29245315e-003 3.51170218e-003 0. 0. 2.20582932e-002 0.
    -1.00697181e-003 4.00100090e-003 0. 0. 6.96243858e-003 0. 0. 0. 0.
    6.99556200e-003 0. 0. 0. 0. 0. 0. 0. 0. 5.09624928e-003 0.
    5.28440392e-003 -8.29185534e-004 0. 6.75284443e-003 0. 0. 0.
    -1.25185715e-003 3.26856622e-003 0. 0. 0. 1.11242896e-003
    1.80192513e-003 5.53378928e-003 -2.90463143e-003 0. 0. 0.
    1.65432796e-003 0. 4.78795310e-003 0. 2.27913074e-003
    -6.22054620e-004 0. 0. 0. 0. -5.77684783e-004 0. 4.28338023e-003 0.
    0. 0. 1.44664920e-003 0. 0. 0. 0. 0. 0. 0. 0. 0. 0. 4.54143947e-003
    2.90673226e-003 0. 0. 0. 0. 3.57113859e-005 6.19542878e-003 0. 0. 0.
    0. 0. 0. 0. 0. 0. 0. 0. 0. 0. 0. 0. 0. 0. 2.03867494e-005
    -7.26497208e-004 0. 1.83023757e-003 0. 0. 0. 0. 1.98092964e-003
    1.20534992e-003 -2.01358390e-003 0. 1.52460821e-002 0. 0. 0.
    3.22425948e-003 0. 0. 0. 0. 0. 0. 1.35609283e-004 0. 2.48760148e-003
    0. 0. 0. 0. 3.04071093e-003 0. 0. 3.19963112e-003 0. 1.68926839e-003
    0. 0. 0. 0. 0. 1.10637052e-002 0. 6.38955086e-003 2.93480378e-004 0.
    -2.28711474e-003 0. 0. 0. 0. 0. -8.53771227e-004 2.48844340e-003 0.
    0. 0. 0. 0. 0. 0. 0. 0. -1.59273273e-003 0. 5.76580269e-003 0.
    7.47965788e-003 2.43251468e-003 2.32015830e-003 1.77490693e-002
    -2.33460637e-003 0. 2.95232236e-003 6.35638228e-003 1.94123983e-002
    0. -1.81642536e-003 6.42982428e-004 0. 0. 0. 8.99079815e-003
    2.88906437e-003 0. 0. 0. 0. 0. 0. 4.21832548e-003 0. 0. 0. 0. 0. 0.
    0. 1.15099060e-003 0. 0. 0. -2.07030890e-003 0. 0. 0. 0. 0.
    3.05484678e-003 0. 5.71864843e-003 0. 2.71908147e-003 0. 0. 0. 0.
    9.68015473e-003 1.08649372e-003 0. 3.72514199e-003 0.
    1.43959292e-003 3.58160702e-003 0. 0. 0. 0. 1.58464871e-002 0. 0.
    1.06950598e-002 0. 3.99460085e-003 1.06180664e-002 2.39917217e-003
    0. 0. 0. 0. 0. 0. 0. 0. 4.56686318e-003 3.92382033e-003
    1.55889057e-003 0. 0. 1.39836466e-003 0. 0. 0. 0. 0. 0. 0.
    2.62732757e-003 1.11325504e-003 0. 0. 3.00918240e-003
    8.35157000e-003 0. 0. -1.75209623e-003 8.61491251e-004
    -8.68953590e-004 0. 0. 0. 4.33108816e-003 0. 0. 0. 0. 0. 0.
    5.85756311e-003 0. 3.03040654e-003 0. 0. 5.72122401e-003 0. 0. 0. 0.
    0. 0. 0. 7.17082876e-004 0. 0. 0. 0. 0. 0. 0. 0. 0. 0.
    3.33241699e-003 2.09747581e-003 0. 0. 1.60759396e-003 0. 0.
    -2.28321151e-004 8.15779902e-003 0. 0. 1.37959176e-003
    2.40233424e-003 0. 4.00524325e-004 0. 0. 0. 0. 0. 0. 0. 0. 0. 0. 0.
    0. 0. -1.08573167e-003 0. 0. 0. 4.13055532e-003 1.32688251e-003 0.
    0. 0. 0. 2.99103861e-003 5.62129030e-003 1.18065672e-003
    3.26228701e-003 0. 0. 0. 0. 4.33584023e-003 0. 7.99531874e-004 0.
    -5.67628667e-005 0. 0. 0. 0. -3.32680857e-003 0. 0. 0.
    2.53536575e-003 0. 0. 3.08981538e-003 0. 0. 0. -3.43061564e-003 0.
    0. 0. 0. 0. -1.21539197e-004 9.42418631e-003 0. 0. 0.
    2.79136142e-003 0. 1.28495246e-002 0. 7.98153505e-003 0. 0. 0.
    4.83918964e-004 3.67815606e-003 0. 0. 0. -3.39609716e-004 0.
    1.88039208e-004 0. 0. 0. 8.53640900e-004 0. 0. 1.58099644e-003 0. 0.
    9.81394015e-003 0. 0. 7.11620273e-003 0. 3.73326853e-004 0. 0.
    8.70845467e-003 -1.40621408e-003 1.06996717e-002 0. 0. 0. 0.
    1.24706542e-002 0. 1.66244130e-003 0. 0. 3.32306908e-003 0. 0.
    -1.29877561e-004 0. 0. 3.78125417e-003 0. 1.02825859e-003
    7.25593604e-003 1.48205669e-003 0. 0. 0. 2.03018729e-003 0. 0.
    2.74733291e-003 5.13202790e-003 0. 0. 0. 0. 8.56077590e-004 0. 0. 0.
    0. 0.</data></imageDescriptor>
</opencv_storage>
