<?xml version="1.0"?>
<opencv_storage>
<imageDescriptor type_id="opencv-matrix">
  <rows>1</rows>
  <cols>1000</cols>
  <dt>f</dt>
  <data>
    0. 0. 0. 0. -3.63021018e-003 0. 0. 3.59173911e-003 0. 0.
    3.84285988e-004 0. 0. 0. 0. 0. 5.22817892e-004 0. 0. 1.44968182e-003
    -1.34189369e-003 0. 0. 0. 0. 0. 0. 0. 0. 0. 0. 0. -2.32492224e-003
    1.07347465e-003 0. 1.25839771e-003 0. 0. 6.61204511e-004
    -4.86775025e-005 0. 2.58435844e-003 0. -7.04973179e-004 0.
    5.07078832e-004 4.21302114e-003 0. -1.60231406e-003 1.13496948e-002
    0. 0. 0. 0. 0. 1.05157227e-003 0. 0. -3.08136368e-004
    1.53196824e-003 3.10200034e-003 2.28819996e-003 2.79794680e-003 0.
    9.48988949e-004 -1.02692330e-003 6.01065869e-004 0. 4.45699273e-003
    0. 2.02432740e-003 1.76279142e-003 0. 5.95911127e-003 0.
    1.04457662e-002 0. 0. 2.44155969e-003 0. 0. 0. 0. -1.83757322e-004
    1.66570500e-003 7.77183857e-004 0. 0. 3.11906519e-003 0.
    5.79586811e-003 0. 0. 0. 0. 0. 0. 1.94705150e-003 0. 0.
    3.16977105e-003 0. 0. 0. 0. 0. 0. 0. 1.75150722e-004 0. 0. 0.
    4.76674922e-003 0. 0. 0. 0. 2.88587180e-003 0. 0. -2.58127274e-003
    -1.72362267e-003 3.75353126e-003 0. 0. 0. 0. 0. 0. 0. 0.
    3.78961413e-004 0. 1.77771179e-003 9.75916814e-003 0.
    8.10433831e-003 0. 1.87609158e-003 0. 0. 0. 6.89516135e-004 0.
    5.59429405e-003 0. 0. 0. 0. 0. 0. 1.48908654e-003 0. 1.77324726e-003
    0. 5.06114494e-003 1.20747148e-003 -3.69002740e-003 0.
    1.44448364e-003 3.58790322e-003 1.15140462e-002 1.33545848e-003
    9.19596700e-004 0. 0. 0. 0. 0. 1.07711484e-003 3.14836740e-003
    -2.73877755e-003 3.29333096e-004 0. 0. 0. 0. 0. 0. 0.
    -5.03564952e-004 0. 0. 0. 2.81883567e-003 0. 8.57728941e-004 0. 0.
    1.36607978e-002 0. -4.96987603e-004 0. 0. 0. 3.53652122e-003
    4.14432120e-003 0. 0. 0. 0. 0. 0. 0. 4.80019487e-004 3.13065108e-003
    0. 0. 0. 0. 0. 5.80845808e-004 0. -1.42843707e-003 0. 0. 0.
    3.03859520e-003 1.66687113e-003 0. 6.78852387e-003 1.79289631e-003
    0. 0. 0. 0. 0. 0. 0. 0. 0. -5.54606435e-004 1.95695437e-003 0. 0. 0.
    -8.83924775e-004 3.57385026e-003 -1.63840028e-004 0. 2.16267328e-003
    0. 1.32792338e-003 0. 8.83685518e-003 0. 2.18035001e-003 0. 0. 0.
    7.76299648e-003 2.72602844e-003 0. 0. 0. 3.69895902e-003 0. 0.
    2.28956738e-003 2.52393860e-004 0. 0. 3.63326655e-003 0.
    5.27270185e-003 0. 0. 0. 3.15105799e-003 0. 0. 0. 0. 0. 0. 0. 0. 0.
    5.83025976e-004 6.58430206e-003 0. 0. 0. 0. 1.10426806e-002 0. 0. 0.
    0. 0. 0. 5.89484069e-003 0. 5.93786070e-004 0. 0. 0. 0. 0.
    6.84050668e-004 3.58289713e-003 0. 0. 0. 0. 0. 1.09344709e-003 0. 0.
    3.74262244e-003 1.88341923e-003 1.02944986e-003 0. 7.33097317e-003
    0. 2.32044864e-003 0. 0. 0. 1.08096353e-003 2.25944538e-003
    3.91783239e-003 1.21170550e-003 0. 0. 0. 0. 0. -7.91464234e-004 0.
    7.79231254e-004 0. 0. 0. 0. 2.80736294e-003 0. 0. 0. 3.71790607e-003
    5.78078954e-003 0. 0. 0. 1.36505987e-003 2.17447965e-003
    5.71454037e-003 0. 2.20893970e-004 4.53453464e-003 0.
    -4.54666559e-004 0. 0. -9.17774916e-004 2.15863784e-005 0. 0. 0.
    1.05974684e-003 0. 0. 4.36014310e-003 0. 0. 0. 0. 1.36809715e-003 0.
    0. 4.15256806e-003 2.36682477e-003 3.65693262e-003 0. 0.
    -2.86604045e-003 0. 3.37538123e-003 0. -3.78083880e-003
    -1.73165079e-003 5.03938831e-003 2.01432756e-003 0. 0. 0. 0. 0. 0.
    0. 0. 0. -1.70888074e-004 0. 2.51480518e-003 0. 1.33868563e-003
    5.54591184e-003 0. 0. 0. 0. 0. 0. 0. 0. 0. 0. 0. 0. 2.89511983e-003
    1.87855866e-002 1.45615044e-003 1.37307309e-003 0. 0. 0.
    -1.50801684e-003 0. 0. 0. 0. -3.19140032e-004 0. 2.83231167e-003 0.
    0. 6.81595271e-003 0. 1.38973817e-003 1.75182568e-003
    4.03469289e-003 0. 3.27575137e-004 0. 0. 0. 2.45769531e-003
    2.93339905e-003 0. 0. 4.06710693e-004 0. 0. -1.80678588e-004 0.
    3.53784242e-004 0. -1.04765338e-003 0. 0. 0. 4.05991916e-004 0. 0.
    0. 0. 0. 5.31975320e-003 1.50906537e-002 0. 1.26977987e-003 0. 0.
    9.00721876e-004 0. 0. 1.11916708e-003 0. 0. -4.35289956e-004 0.
    7.58745184e-004 1.80278381e-004 7.67036295e-003 0. 7.76820723e-003
    5.89977670e-003 -2.57765030e-004 0. 0. 0. 8.73418897e-003 0.
    -4.22589073e-004 -7.35338661e-004 0. 1.08984287e-003 0. 0. 0. 0.
    1.87417283e-003 1.07071102e-002 -3.18522885e-004 0. 0. 0. 0. 0.
    2.44075828e-003 0. 0. 1.33867539e-003 -2.77376748e-005 0. 0.
    1.27228419e-003 0. 0. 0. 0. -1.38102390e-003 5.56635961e-004 0. 0.
    0. 0. 0. 0. 0. 9.33683186e-004 1.12353144e-002 0. -2.33944142e-004
    0. 0. 7.27989362e-004 9.61287599e-003 0. 0. 0. 0. 0. 0. 0.
    3.85506405e-003 2.69633834e-003 0. 2.71719741e-003 5.43637155e-003
    0. 0. 1.45083992e-003 0. 0. 0. 0. 5.02483314e-003 0. 0. 0.
    -6.52622548e-004 0. 0. 0. 4.94776154e-003 1.66734797e-003 0. 0. 0.
    0. 5.48054641e-006 3.67955887e-003 2.78070383e-003 0. 0. 0.
    9.41535737e-003 0. -5.05209027e-004 1.04210163e-002 2.29926384e-003
    0. 0. 0. 0. 0. 2.17808047e-004 0. 1.24848271e-002 0. 9.55040380e-003
    0. 0. 0. 0. 0. -6.73397619e-004 0. 0. 0. 0. 1.60359498e-003
    -1.61887764e-003 0. 1.92440010e-003 0. -5.39950794e-003
    8.53187311e-003 0. 1.34930830e-003 0. 2.79982551e-003 0. 0.
    7.26536557e-004 0. 0. 0. 5.22570591e-003 0. 0. 1.70609001e-002 0. 0.
    0. 1.36272609e-003 0. 2.07369286e-003 0. -2.04482395e-003 0. 0. 0.
    0. 2.94329575e-003 0. 4.25088545e-003 0. 0. 0. 6.46446971e-003 0. 0.
    3.07269441e-003 0. 0. 0. 0. 0. 0. 0. 1.36199442e-003 4.83907526e-003
    -2.08202633e-003 1.54047727e-003 0. 0. 0. 1.63875520e-003
    6.03652617e-004 0. 2.52013560e-003 0. 1.87614036e-003 0.
    2.92476732e-003 4.77319001e-004 2.38635717e-003 5.54243615e-003 0.
    1.88022107e-003 0. 0. 0. 0. 0. 6.98845088e-003 0. 0. 1.27655955e-003
    0. 0. 8.08352046e-003 0. 3.09803756e-003 0. 0. 0. 3.47413495e-003 0.
    -2.18079286e-003 1.59798667e-003 3.44416010e-003 0. 3.93154332e-003
    0. 0. 2.19129189e-003 0. 1.86553225e-003 0. 0. 4.52595204e-003
    2.58626463e-003 0. 0. 2.19765562e-003 5.56536764e-003
    1.46634178e-003 0. 0. 0. 9.93223861e-003 0. 0. 1.90161413e-003 0.
    -1.37205177e-003 0. 6.94692973e-003 0. 1.36053737e-003 0. 0. 0. 0.
    0. 0. 6.04424486e-003 7.59663386e-003 0. 7.86681543e-004 0. 0.
    2.17109118e-004 6.37011975e-003 0. 0. 1.76376128e-003 0.
    9.35980584e-004 0. 2.21430673e-003 0. 2.69422191e-003 0. 0.
    -1.63277157e-003 0. 0. 7.32821552e-003 6.01784792e-003 0. 0.
    8.32965306e-004 0. 6.38386887e-003 0. -7.51533662e-004 0. 0. 0. 0.
    0. 0. 0. 0. 0. 1.79774640e-003 0. 0. 0. 1.12842377e-002 0. 0. 0. 0.
    0. 0. 0. 0. 0. 0. 0. 0. 0. 6.11660862e-003 0. 0. 0. 0. 0. 0. 0. 0.
    3.82974348e-003 0. 0. 0. -2.59604072e-003 0. 1.18788693e-003 0.
    2.90679652e-003 -3.89834866e-004 4.61172964e-003 9.91213974e-003 0.
    0. -2.10310007e-003 0. 0. 0. 0. 6.11727778e-003 0. 0. 0.
    1.94826361e-003 5.33354096e-003 1.41112041e-003 0. 0. 0. 0.
    7.57385883e-003 0. 0. 0. 0. 0. 0. 0. 1.80938281e-003
    -1.74820237e-003 0. 0. 0. 0. 7.33301369e-003 0. 0. 0. 0. 0. 0.
    1.77877359e-002 0. 0. 2.04643025e-003 0. 3.69225140e-003 0.
    4.10504034e-003 0. 0. 0. 0. 0. 3.19677871e-004 0. 0. 0. 0.
    1.69286784e-003 0. 0. 0. 0. 0. 0. 0. 0. -2.55575927e-004 0. 0.
    1.69328286e-003 1.65699064e-004 0. 0. 1.32058747e-003 0. 0. 0.
    1.16851721e-002 0. 2.98072846e-004 5.92000224e-003 4.55374038e-003
    0. 0. 1.06309913e-002 -3.37002333e-004 -3.25365050e-004
    -5.64243062e-004 2.27896706e-003 -2.79105408e-003 3.62299453e-003 0.
    0. -8.62445566e-004 0. 3.77337961e-003 0. 0. 2.02856562e-003
    2.31602928e-003 0. 0. 0. 0. 0. 1.93887285e-003 0. 0. 3.32774105e-003
    0. 0. 0. 0. 8.82987399e-003 0. 0. 0. 1.05835712e-002 6.63867174e-003
    0. 0. 9.49645508e-003 6.09043578e-004 0. 0. 0. 1.76596711e-003 0.
    1.94812939e-003 0. 2.13189889e-003 3.25654447e-003 0. 0. 0.
    3.06831999e-003 0. 0. 0. 0. 0. 0. 0. 0. 0. 0. 0. 0. 8.92448414e-004
    0. 3.96956736e-003 3.17561510e-003 0. 0. 1.53471227e-003 0. 0. 0.
