<?xml version="1.0"?>
<opencv_storage>
<imageDescriptor type_id="opencv-matrix">
  <rows>1</rows>
  <cols>1000</cols>
  <dt>f</dt>
  <data>
    0. 4.96378634e-004 5.20909159e-003 0. 2.21393839e-003
    6.18724944e-003 1.27541262e-003 6.70125568e-003 3.84159503e-003 0.
    0. 1.13229791e-003 1.42535155e-005 1.72644202e-003 0. 0.
    1.15189643e-003 1.16681901e-003 0. 3.05969408e-003 1.25911785e-003
    1.25453260e-003 4.46187472e-003 2.09255354e-003 0. 3.08235502e-003
    5.83123823e-004 0. 0. -1.09511522e-004 0. 0. -1.65052142e-003
    -6.75501127e-004 1.48485671e-003 1.44315371e-003 2.66472297e-003
    4.93415806e-004 0. 0. -2.32866732e-004 1.74316729e-003
    2.50294502e-003 1.23001880e-003 0. 3.06313718e-003 0.
    7.40304124e-003 1.02835766e-003 0. 0. 3.91506543e-003
    1.32674584e-003 1.67338364e-003 1.21963408e-003 0. -1.15671079e-004
    0. 9.52605216e-004 0. 0. 1.18152751e-003 2.26634066e-003 0. 0. 0. 0.
    0. 0. 2.01210519e-003 1.65996898e-003 0. 6.28774986e-003 0. 0. 0. 0.
    3.05110286e-003 0. 4.31732129e-004 0. 0. 5.12957200e-003
    1.55204942e-003 6.02799293e-004 1.68870063e-003 3.82531807e-003 0.
    -2.51572579e-004 1.23267388e-003 0. 1.35957508e-003 0.
    -1.52405060e-003 0. 2.64563621e-003 3.88266868e-003 3.58109735e-003
    6.44309213e-003 4.77280089e-004 4.20599617e-003 5.67439012e-004 0.
    0. 0. -6.45022810e-005 0. 0. 3.67132685e-004 2.00950890e-003
    4.64151660e-003 0. 0. 0. 1.24202715e-003 0. 6.18950755e-004
    8.14671803e-004 0. -1.05312502e-003 0. 5.51517645e-004
    7.96313025e-003 2.14573019e-003 2.77851988e-003 -1.00051530e-003
    2.20838323e-004 1.29625516e-003 5.12070069e-003 -5.60941058e-004 0.
    0. 0. 2.02415674e-003 1.17075117e-003 1.63500116e-003
    1.80775882e-003 -1.31614995e-003 1.14052428e-003 6.79138640e-004
    -8.16938991e-005 -5.74582264e-005 0. -1.24504359e-003 0. 0. 0.
    1.66686240e-003 2.05570436e-003 0. 0. 0. 0. 0. 0. 2.51601031e-003 0.
    1.08786323e-003 8.41064539e-005 2.46834732e-003 3.10607458e-004 0.
    1.09581498e-003 2.90271780e-003 1.48233131e-003 -1.46521445e-004
    -6.79123114e-005 1.51983043e-003 0. 4.92889946e-003 0. 0.
    2.48705409e-003 2.98164971e-003 1.45021651e-003 1.97116472e-003
    -1.15253543e-003 3.09305894e-003 1.05014327e-003 1.80248695e-003
    1.47539075e-003 -9.83326245e-005 0. 1.02498673e-003 0.
    3.16053303e-003 0. 0. 0. 0. 0. 0. 1.70887180e-003 1.09642942e-003
    6.98200951e-004 0. 2.88229575e-003 1.29203917e-003 4.39352851e-004
    0. 7.57674628e-004 4.01509972e-003 0. -7.45139085e-004
    1.87481323e-003 0. 0. 0. 1.49253767e-003 0. 4.51768702e-003 0. 0. 0.
    2.18214304e-003 0. -4.21216799e-004 5.10059297e-004 9.56827600e-004
    0. 2.24672235e-003 0. -4.17592819e-004 3.69873550e-003
    3.53897689e-003 1.98604027e-003 0. 1.20300869e-003 0.
    -1.21356883e-004 0. -8.15899239e-006 3.62329278e-003 1.19092211e-003
    0. 0. 2.65364675e-003 2.43272353e-003 5.20491099e-004 0. 0. 0.
    1.77956524e-003 3.19561479e-003 6.77742297e-004 0. 2.75331526e-003
    1.65438280e-004 2.32146960e-003 5.46910288e-003 1.60801923e-003 0.
    2.13326184e-005 0. 0. 0. 5.27027238e-004 3.11339367e-003 0.
    -8.53949750e-005 1.57473562e-003 0. 7.04539008e-004 1.38788240e-003
    0. 1.06384233e-003 0. 5.89774339e-004 0. 1.37335784e-003
    4.78201197e-004 1.82126218e-003 1.13320956e-003 5.36949141e-003 0.
    0. -7.69325183e-004 0. 0. 0. 9.99044394e-004 0. -1.36169815e-003 0.
    5.56287682e-003 0. 0. 0. -1.11518579e-003 2.18289299e-003
    1.42183003e-003 1.04432157e-003 1.91862148e-003 0. 1.46706717e-003
    6.11708208e-004 2.14542123e-003 0. 0. 1.61854904e-002
    3.46189342e-003 3.08844051e-003 0. 2.11773347e-003 0.
    1.01094088e-003 3.03972838e-003 0. 0. 4.08070715e-004 0.
    3.28857079e-003 1.77075574e-003 2.17618444e-003 0. 0.
    9.02446453e-004 0. 0. 1.14129507e-003 0. 2.55639246e-003 0.
    1.77815044e-003 0. 2.38687522e-003 1.63200707e-003 1.40663469e-003
    4.68722219e-003 8.67485185e-004 0. 1.10583159e-003 -3.54278571e-004
    2.55863438e-003 -8.29014170e-005 0. 1.43095604e-004 3.38600576e-003
    2.69710016e-003 0. 0. 0. 0. 2.14551901e-003 2.90133595e-003 0.
    3.78398196e-004 0. 0. 0. 0. 4.06380605e-005 0. 1.84194709e-003
    1.35064102e-003 0. 0. 3.56017088e-004 0. 1.31144805e-003
    2.44842563e-003 2.59060948e-003 1.47318142e-003 5.49619459e-003
    -2.95563688e-004 0. 1.45577674e-003 0. -7.84862670e-004
    1.49610138e-003 4.86860488e-004 1.10430375e-003 -9.35451302e-004 0.
    -2.57157280e-005 0. 0. 0. 6.21235056e-004 1.39309384e-003 0. 0. 0.
    -2.31388272e-004 0. 0. 1.22007367e-003 -7.91408354e-004
    8.81489541e-004 0. 0. -8.14869185e-004 1.31456775e-003
    1.55836658e-003 1.24904420e-003 1.21193123e-003 1.41611241e-003
    3.25948745e-003 5.21851191e-003 9.20076505e-004 0. 0.
    -2.64695816e-004 0. 0. 5.70353540e-003 0. 1.72414107e-003
    3.46496818e-003 2.22917437e-003 2.02890113e-003 1.16957701e-003
    1.04235334e-003 0. 1.70363742e-003 3.15815996e-004 9.22530133e-004
    0. 7.59306859e-005 1.19951430e-004 2.29187636e-003 1.33071817e-003
    0. 0. 0. 1.17199146e-003 0. 2.02672833e-004 0. 1.90392032e-003
    3.70488968e-003 1.01478351e-003 4.25385358e-003 1.22336112e-003 0.
    0. 2.59857916e-004 -2.76919076e-004 3.82355065e-004 -1.24541367e-003
    1.73583254e-003 -5.47255913e-004 8.16604646e-004 0. 0. 0.
    2.70204432e-003 3.19794461e-004 0. -1.29886786e-004 0.
    2.53419508e-003 3.75591917e-005 3.35264107e-004 1.39367068e-003 0.
    0. 1.42151187e-003 0. 1.58284302e-003 0. 4.23855009e-003 0.
    1.29023509e-003 0. 2.61025783e-003 9.78276227e-003 1.76583522e-003
    2.40758527e-003 0. 1.45981240e-003 0. 7.28614512e-004 0.
    2.97459308e-003 0. 1.26924645e-003 0. -1.03589264e-003
    9.14102071e-004 0. 4.93614294e-004 -4.52544511e-004 1.08739000e-003
    4.05764207e-004 0. 1.03885331e-003 1.29728438e-003 0. 0. 0. 0.
    9.72628623e-005 0. 0. 1.28760864e-003 0. 0. 1.15815538e-003
    -1.98046197e-004 1.16980157e-003 0. 0. 0. 3.04419693e-004 0.
    2.02407525e-003 0. 1.29352813e-003 2.42573675e-003 5.78657724e-004
    1.50009058e-003 4.82295081e-003 0. 2.29211198e-003 6.69962668e-004
    0. 0. 0. 0. 3.79798096e-003 1.84878439e-003 4.34693706e-004
    2.76314560e-004 9.66520805e-004 0. 1.74477871e-003 0.
    1.61443627e-003 1.11665262e-003 5.47341630e-003 2.55681225e-003
    -2.87276373e-004 2.15111277e-003 0. 0. 7.53452885e-004 0.
    3.65767372e-003 8.89294874e-003 0. 3.16654448e-003 0. 0.
    -5.77675877e-004 0. 0. 0. 0. 0. 4.07705037e-003 2.86551192e-003 0.
    1.64045021e-004 1.57998793e-003 0. 0. 8.25729454e-004
    1.46098591e-005 0. 0. 2.00989773e-003 7.95172702e-004 0.
    9.83521022e-005 5.96216787e-003 1.35745166e-003 2.86497036e-003
    -5.72970835e-004 7.28831207e-003 1.04591250e-003 0. 0.
    1.06383981e-004 0. 3.09018331e-004 0. 4.92694962e-004 0. 0.
    3.50070390e-004 0. 7.40086148e-003 0. 0. 1.70102657e-003
    6.72945241e-003 1.74041581e-003 0. 3.40885832e-003 0.
    2.94930395e-003 0. 2.11351085e-003 1.22685960e-004 0. 0. 0. 0. 0.
    4.98787616e-004 0. 0. 8.09220481e-004 4.43428149e-003 0.
    1.95249659e-003 3.46937613e-003 1.16019556e-002 6.81397432e-005
    -7.38627787e-005 0. 0. 0. 0. 0. 2.48521275e-004 0. 0. 0. 0. 0.
    4.03849920e-003 0. 2.36448692e-003 0. 1.02879829e-003
    1.07531175e-002 -5.69925644e-004 1.98309985e-003 0. 1.97888049e-003
    2.53545376e-003 0. 4.91058873e-003 0. 9.28412424e-004
    1.15357072e-003 6.41245744e-004 7.40457384e-004 1.60001765e-003
    2.88061361e-004 0. 0. 7.64054537e-004 2.90797907e-003
    1.06255431e-003 1.06099178e-003 0. 4.62184486e-004 0. 0. 0.
    4.47254023e-003 0. 3.95275746e-003 0. 1.89481338e-003
    1.17341487e-003 2.44445051e-004 2.29934556e-003 1.08874647e-003
    1.98808475e-003 0. 0. 1.17254292e-003 3.47433682e-003 0. 0.
    -6.47959299e-004 5.17836632e-003 1.34565274e-003 1.67383754e-003
    5.99938445e-004 1.55544351e-003 0. 4.58513480e-003 0.
    9.35766380e-004 9.56974749e-004 2.22078199e-003 1.10270153e-003
