<?xml version="1.0"?>
<opencv_storage>
<imageDescriptor type_id="opencv-matrix">
  <rows>1</rows>
  <cols>1000</cols>
  <dt>f</dt>
  <data>
    0. 0. 0. 0. -2.05232482e-003 0. 0. 0. 2.85725971e-003
    2.07024417e-003 0. 0. -1.86613353e-003 0. 2.73713749e-003 0. 0. 0.
    0. 0. 2.42410507e-003 0. 0. 0. 0. -7.32958375e-004 3.54480441e-003
    0. 4.12692782e-003 0. 1.76214532e-003 0. 5.97699021e-004 0. 0.
    -3.69794009e-007 0. 0. 4.55515366e-003 3.68673867e-003 0.
    -3.30291712e-003 0. 1.27494696e-003 0. 9.03174374e-003
    3.51531152e-003 0. 0. 0. 0. 0. 0. 0. -6.86456042e-004 0.
    2.69998959e-003 0. 0. 0. 0. 0. 3.47826909e-003 -3.75771400e-004 0.
    8.00702441e-003 2.64564343e-003 0. 8.68896581e-003 0.
    4.82260669e-003 0. 0. 0. 0. 0. 5.27034327e-003 0. 3.10340547e-003 0.
    0. 0. 0. 2.59807869e-003 0. 1.52081694e-003 0. 3.11327330e-003 0. 0.
    1.03782332e-002 0. 0. 0. 4.03724704e-003 0. -6.35502278e-004 0.
    5.49089862e-003 7.75495963e-003 5.77001134e-003 1.68251619e-003 0.
    4.95736208e-003 0. 0. 8.27987958e-003 4.76270216e-003 0. 0.
    7.17090536e-003 2.56976997e-003 0. 0. 1.88814255e-003 0.
    4.30832570e-003 0. -3.85696092e-003 0. -8.48147494e-004 0. 0.
    7.21523911e-003 1.98438670e-003 2.01911223e-003 0. 0.
    2.63182377e-003 0. 6.65302738e-004 0. 0. 3.61695001e-003
    8.14585667e-003 0. 7.32236449e-003 0. 0. -8.58402127e-005 0. 0. 0.
    0. 2.70566763e-003 0. 0. 7.00098812e-004 0. 0. -5.19840338e-004 0.
    1.57311675e-004 0. 0. 0. 5.73155889e-003 0. 0. 0. 0. 0.
    -3.08353221e-004 0. 0. 0. 0. 0. 4.19266941e-003 1.07585103e-003 0.
    8.62785056e-003 0. 0. 3.86225875e-003 0. 2.74831150e-003
    4.98938793e-003 4.40307253e-004 0. 0. 0. 0. 0. 0. 0. 0.
    2.51254230e-003 2.53331196e-003 0. 0. 0. 0. 9.49603505e-003 0. 0. 0.
    0. 6.98983727e-004 -2.66125682e-003 5.76674333e-003 0. 0.
    5.77181438e-003 0. 0. 0. 0. 2.98905349e-003 0. 0. 0. 0. 0. 0. 0. 0.
    0. 0. 0. -4.27921594e-004 0. 0. 1.95248472e-003 0. 0.
    6.71392540e-003 0. 0. 3.92463244e-003 0. 0. 0. 0. 0. 0.
    -7.62954471e-004 0. 0. 8.76219827e-004 3.15628131e-004 0. 0. 0. 0.
    0. 0. 0. 0. 0. 0. 0. 0. 7.98871182e-003 0. -7.17851624e-004 0. 0.
    2.45314301e-003 0. 0. 0. 0. 2.77241156e-003 0. 0. 3.26707656e-003 0.
    0. 1.01212051e-003 0. -1.61811488e-003 0. 5.26251178e-003 0. 0. 0.
    0. 0. 0. -1.72860117e-003 0. 2.07334617e-003 2.15978851e-003
    2.51193182e-004 5.86998183e-004 0. 0. 0. 0. 0. 0. 0.
    -3.53115611e-005 0. 0. 0. 4.31690365e-003 3.17781838e-003
    2.23533507e-003 1.66355241e-002 -2.06767488e-003 2.04859581e-003 0.
    2.27194582e-003 4.38776612e-003 3.49414040e-004 0. 0. 0. 0. 0. 0.
    8.89393780e-003 0. 0. 0. 2.98699830e-003 0. 0. 0. -5.91706659e-004
    0. -2.77704303e-003 1.81236432e-003 0. 0. 0. 0. 0. 0.
    4.18776646e-003 0. 0. 0. 0. 0. 0. 0. 9.27223638e-003 3.26244789e-003
    0. 1.15801999e-003 0. 0. 0. 0. 0. 0. 8.62696616e-005 6.94084540e-003
    0. 0. 0. 0. 6.91749481e-003 1.42807886e-002 0. 0. 2.13688705e-003 0.
    3.75818578e-004 0. 7.42164161e-003 0. 1.13382144e-002
    2.98263319e-003 0. 0. 4.93908674e-003 0. 0. 0. 4.42069402e-004 0. 0.
    6.03890512e-004 0. 4.40079113e-003 0. 0. 0. 0. 4.49626474e-003 0. 0.
    -4.47995466e-004 0. 0. 0. 0. 0. 5.12693136e-004 0. 0. 0. 0.
    8.85333633e-004 0. 0. 0. 0. 0. 0. -2.21662180e-004 0.
    4.74175578e-003 0. 0. 1.38834761e-002 0. 0. 0. 0. 0. 0. 0. 0. 0. 0.
    0. 1.94669736e-003 7.85990898e-003 1.11572035e-002 0. 0. 0. 0. 0.
    6.68420107e-004 0. 0. 0. 4.07165382e-003 0. 0. 7.22950906e-004 0. 0.
    9.82581638e-004 0. 3.60763841e-003 0. 0. 0. 0. 1.12433033e-002 0.
    -1.28825859e-003 0. 0. 0. 3.71346762e-003 0. 0. 0. 0. 0. 0. 0. 0. 0.
    0. 0. 0. 9.57379490e-003 0. 8.75312428e-004 0. 1.03941793e-002
    1.57710572e-003 0. 0. 0. 0. 0. 0. 0. -2.26659770e-003 0. 0. 0.
    -7.49115541e-004 0. 0. 0. 0. 0. 0. 0. 0. 0. 1.00861415e-002 0. 0.
    8.64865910e-003 0. 0. 1.52323314e-003 0. 3.76201561e-003 0. 0.
    6.45888329e-004 8.17763526e-003 0. 0. 0. 2.01872340e-003 0.
    -3.96060618e-003 0. 5.33477694e-004 -7.80375703e-005 0.
    1.01097953e-003 0. 0. 0. 0. 0. 5.72078954e-003 0. 0. 0. 0. 0. 0. 0.
    0. 0. 0. 0. 0. 0. 0. 2.85157398e-003 0. 0. 0. 0. 1.23820605e-003
    8.96940380e-003 0. 3.45109589e-003 0. 0. 0. 1.41358636e-002 0. 0. 0.
    9.94941147e-005 0. 2.20292970e-003 0. -9.33944946e-004 0. 0.
    9.07122251e-003 2.82300054e-004 -1.04246964e-003 0. 0.
    1.15932608e-002 0. 0. 0. 1.17355026e-002 0. 0. 0. 1.38416723e-003
    5.41447988e-003 3.54380975e-003 3.71298473e-003 0. -3.06347501e-003
    1.03449711e-004 0. 1.25330838e-003 0. 3.52902105e-003 0. 0. 0. 0. 0.
    0. 0. 0. 1.08384229e-002 2.75355764e-003 0. -4.60374722e-004 0.
    1.94622634e-003 0. 0. 5.90541353e-003 0. 0. 0. 0. 1.71991088e-003
    9.62882768e-004 1.97597174e-003 0. 0. 0. 0. 2.50209286e-003 0. 0. 0.
    7.87100638e-004 0. 0. 0. 1.13228324e-003 3.53982649e-003 0. 0. 0. 0.
    0. 0. 0. 0. 0. 4.45445720e-003 0. 0. -2.11321190e-003
    5.89946983e-003 0. 0. 0. 0. 0. 9.58063174e-003 0. 0. 2.78256368e-003
    0. -6.44911896e-004 -1.89077004e-003 0. 1.01750260e-002 0. 0.
    -2.20829225e-003 0. 0. 0. 6.05840283e-003 0. 0. 0. 8.37376341e-004
    1.33399013e-003 0. 0. 0. 0. 0. 0. 0. 0. 1.42472126e-002 0.
    2.50543142e-003 0. 0. 0. 0. 0. 2.37622717e-003 0. 1.05726207e-003 0.
    0. 0. 0. 0. 0. -2.00538034e-005 0. 0. 0. 0. 5.73923171e-004 0.
    4.26768418e-003 1.41415251e-002 3.89667344e-003 8.89818650e-003
    -1.67898764e-003 0. 0. 0. 0. 0. 0. 2.52462254e-004 0. 0. 0. 0.
    -1.52519601e-003 0. 1.72951538e-002 -1.13856199e-003 1.07598060e-003
    0. 0. 0. 0. 0. 0. 0. 1.43865729e-002 0. 0. 0. 0. 0. 0. 0.
    -3.68601270e-003 0. 0. 1.59888121e-003 0. 3.33650940e-004 0.
    -2.65832199e-003 0. 6.06596610e-003 -2.64484843e-004 0. 0.
    3.44821322e-003 4.95087914e-003 0. 0. 1.92387751e-003 0.
    3.24912765e-003 3.70520167e-004 0. 0. 7.95705337e-003 0.
    2.89527606e-003 2.74521112e-003 0. 0. 2.75670178e-003 0. 0. 0. 0. 0.
    3.24401911e-003 3.25385039e-003 4.60203830e-003 0. 0.
    -5.25529147e-004 0. 2.59214733e-003 0. 0. 0. 0. 0. 0. 0. 0. 0.
    9.50342044e-004 0. 0. 6.74277777e-003 0. 0. 0. 3.34777753e-004 0. 0.
    5.43921604e-004 0. 0. 0. 0. -3.15741333e-003 0. 0. 2.34462577e-003
    0. 1.07523589e-003 0. -2.35304446e-003 1.89864787e-003 0. 0. 0. 0.
    0. -5.65388706e-004 0. 0. 0. 0. 7.38114875e-004 0. -1.60419720e-003
    0. 0. 0. 0. 0. -2.70757871e-003 0. 0. 0. 0. 0. 0. 0. 0. 0. 0. 0.
    1.09680202e-002 0. 0. 0. 0. 1.23753515e-003 0. 0. 0. 0.
    7.00135576e-003 0. 4.89641260e-003 0. 1.19381072e-003 0. 0. 0. 0. 0.
    9.95403901e-003 9.74253193e-003 1.53925726e-002 0. 1.39739393e-004
    0. 0. 0. 0. 0. 0. 0. 9.55152558e-004 4.04499704e-004 1.32336118e-003
    0. 4.37688373e-004 0. 0. 0. 2.34881649e-003 -7.40763266e-004 0.
    9.34499595e-003 9.22462321e-004 6.21598447e-003 0. 8.11350881e-004
    0. 0. 0. -3.25159868e-003 1.49831350e-003 8.02724529e-003
    8.37137457e-003 0. 0. 5.87146776e-003 0. 0. 0. 0. 0. 0. 0. 0. 0.
    2.49545556e-003 0. 1.33266265e-003 1.95608154e-004 0.
    8.69887322e-003 1.39654484e-002 0. 0. 0. 0. 0. 0. 0. 0. 0. 0. 0.
    2.43650307e-003 0. 0. 0. 0. 0. 0. 0. 0. 0. 0. 0. 0. 3.31560080e-003
    1.14697376e-002 0. 0. 0. -9.20288090e-004 0. 0. 0. 5.47567615e-003
    0. 0. 8.64801276e-003 0. 0. 0. 0. 1.56185811e-003 0. 0. 0. 0. 0.
    7.51719461e-004 0. 0. 0. 0. -1.36752764e-003 0. 0. 0.
    -2.68589519e-003 3.07190395e-003 0. 6.86201639e-003 0. 0. 0.
    2.28364044e-003 2.63426430e-003 0. 2.76695378e-003 0. 0.
    3.42965778e-003 8.61387234e-003 0. 2.43048227e-004 0. 0. 0.
    -3.67839326e-004 2.09573493e-003 0. 7.76403816e-004 -8.43451591e-004
    2.20204325e-004 0. 0. 7.52570434e-003 5.15409338e-004 0. 0. 0. 0. 0.</data></imageDescriptor>
</opencv_storage>
