<?xml version="1.0"?>
<opencv_storage>
<imageDescriptor type_id="opencv-matrix">
  <rows>1</rows>
  <cols>1000</cols>
  <dt>f</dt>
  <data>
    0. 1.04359314e-002 1.74447405e-003 4.95179277e-003 0. 0. 0.
    1.23114530e-002 -1.24289840e-003 0. 0. 0. 0. 0. 0. 3.79156973e-003
    0. 2.72204448e-003 0. 0. -1.58809673e-003 6.47944806e-004
    9.45530552e-003 0. 0. 0. 1.59231701e-003 0. 2.56438134e-003 0. 0.
    -3.77099705e-003 -2.79369019e-003 4.98653040e-004 1.75217725e-003
    4.69848141e-003 0. 0. 0. 0. 0. 0. 0. 1.95911643e-003 0.
    7.12582783e-004 0. 1.00473908e-003 0. 1.04877271e-003
    4.24533989e-003 -2.62685330e-003 0. 5.25257643e-003 0. 0.
    6.85159490e-003 7.64426193e-004 0. -7.80003669e-004 1.82775781e-003
    0. 0. 0. 0. 0. 0. -1.42152852e-003 0. 0. 0. -1.47322367e-003
    1.93407922e-003 0. 4.44476167e-003 0. 0. 0. 0. 2.39771209e-003 0.
    2.25448213e-003 0. 2.76025385e-003 -4.28999600e-004 6.94113784e-003
    0. 0. 0. 0. 0. 4.36929893e-003 0. 0. 0. 0. 0. 0. 6.82858517e-003
    1.75581768e-003 0. -6.90373941e-004 0. 0. 0. 0. -1.02136284e-003
    1.24100791e-002 0. 0. 2.70461052e-004 0. 0. 0. 0. 0. 9.19545419e-004
    5.32957085e-004 0. 0. 1.48446998e-003 0. -1.11407100e-003
    -8.83175308e-005 4.01182985e-003 1.19345810e-003 0. 0.
    8.77494458e-005 -1.18254349e-004 0. 0. 0. 0. 0. -1.11644063e-003 0.
    0. 3.88669735e-003 3.57653666e-003 8.75114836e-003 2.11853045e-003
    0. 4.20461874e-003 -1.34325982e-003 0. 0. 1.40499119e-002
    4.02118452e-003 0. 1.98132358e-003 0. 0. 0. 0. -2.62337038e-003
    3.59539269e-003 0. 0. 5.55618946e-003 0. -1.10276137e-003 0.
    -1.36240944e-003 8.45714967e-005 0. 1.27597782e-003 0. 0. 0.
    1.94280443e-003 1.05402572e-003 -9.33106821e-006 8.11893318e-004 0.
    7.59465666e-003 8.10762111e-004 0. 4.38432395e-003 -5.21892216e-004
    0. 3.09949671e-003 0. 1.06632197e-003 0. 0. 0. 0. 1.50000688e-003 0.
    -1.13558874e-003 0. 2.21492187e-003 2.73022219e-003 0. 0.
    6.91131596e-003 0. 0. 1.60569791e-003 1.63843491e-004
    2.89671426e-003 0. -8.70849879e-004 2.01841016e-004 0. 0. 0. 0.
    1.66132522e-003 0. -1.50989706e-003 0. 2.72444496e-003 0. 0.
    -1.10797504e-004 0. 6.24880008e-003 1.66879836e-004 2.62885331e-003
    1.93425606e-003 -2.26413940e-005 0. 0. 0. -6.99598691e-004 0. 0. 0.
    0. 0. 0. -3.02263210e-003 0. 0. 0. 0. 3.36870900e-003
    1.44577911e-003 0. 0. 0. 5.34029352e-003 0. 2.76838988e-003
    3.20054067e-004 3.30147496e-003 2.47298134e-003 0. 0.
    8.24945513e-003 2.07690732e-003 0. 0. 0. 3.82291898e-003 0.
    2.45440984e-003 0. 6.43761689e-003 0. -4.61115688e-003 0.
    -3.84692219e-004 1.47751544e-003 2.24156491e-003 0. 0.
    4.22138488e-003 0. 0. 2.91629951e-003 0. 0. 0. 6.08956954e-003
    3.84480227e-004 2.05699401e-003 1.18689204e-003 5.77092986e-004
    2.28191726e-003 0. 0. 0. 4.55179345e-003 0. 0. 6.59795711e-004 0.
    6.02882914e-003 0. 1.47223063e-002 0. 3.92786134e-003 0.
    1.24957005e-003 7.26720411e-003 2.43206508e-003 0. 0. 0. 0. 0.
    2.00499524e-003 0. 0. 0. 3.12334974e-003 2.44902517e-003 0.
    3.15410737e-003 0. 0. 3.84692794e-005 0. 3.99677316e-003
    5.67506591e-004 1.51267310e-003 0. 0. -1.18437177e-003
    1.20843365e-003 0. 0. 0. 0. 0. 6.56381890e-004 0. 0. 0. 0.
    9.52011254e-003 0. 0. 0. 0. 1.66718732e-003 0. 2.71877716e-003 0.
    1.31867379e-002 6.64794259e-003 3.96747747e-003 -1.23699219e-003 0.
    0. 0. 0. 0. 0. 0. 5.12832543e-003 5.66259772e-003 0. 0. 0. 0. 0. 0.
    -1.84202427e-003 0. 0. 6.77979842e-004 0. 0. 2.65115732e-003 0. 0.
    0. 0. 5.62766613e-003 0. 2.13284255e-003 0. 0. 0. 0. 5.75711438e-003
    -2.42640934e-004 0. 0. 3.55794007e-004 1.96785782e-003 0.
    -3.28621099e-004 0. 0. 1.52437191e-003 8.12198617e-004 0.
    8.68897943e-004 0. 2.11147824e-003 8.62912450e-004 0.
    -2.39638798e-003 0. -1.37877010e-003 0. 0. 3.34322173e-003 0. 0.
    1.03235496e-002 8.79382715e-003 -2.25922442e-003 0. 0. 0.
    4.22383565e-003 0. 0. 0. 1.06039708e-002 0. 0. 0. 0. 0.
    -5.25650277e-004 0. 2.81865941e-003 0. 1.82820053e-003 0. 0. 0.
    8.30610981e-004 1.81987032e-003 0. 0. 0. 2.22896086e-003
    5.37923165e-003 0. 0. 2.66810809e-003 0. 0. 0. 0. 3.28309368e-003
    3.99894547e-003 0. 2.42280238e-003 -1.37186039e-003 0.
    4.19976842e-003 0. 3.37023703e-005 0. 0. 0. 0. -2.73618731e-003 0.
    0. 2.91031064e-003 6.40380429e-004 0. 0. 0. 1.82136908e-004 0.
    4.04289877e-003 2.12579544e-004 1.06369401e-003 0. 0. 0. 0. 0. 0. 0.
    0. -3.55585735e-006 0. -1.22941635e-003 0. 3.14119016e-003
    1.40239624e-003 0. 0. 0. 1.66765554e-003 0. 9.69277986e-004
    1.31824380e-003 0. 0. 3.61820130e-004 0. -1.17775681e-003 0. 0.
    6.49924576e-003 3.96681391e-003 3.65012744e-003 3.85542167e-003
    1.22207846e-003 -1.59817294e-003 0. 0. 0. 0. 1.80599780e-003
    2.77194730e-003 0. 0. 0. 0. 0. 0. 0. 0. 0. 1.03502469e-002
    -1.37477124e-003 3.74148553e-003 0. 4.20802552e-003 1.61092856e-003
    3.36843194e-003 3.16240452e-003 6.29687868e-003 0. 0.
    7.53210741e-004 0. 0. 0. 0. 0. 0. 1.54100510e-003 0. 2.60320166e-003
    2.53813597e-003 0. 0. 0. 0. 0. 0. 6.12363173e-003 0. 0.
    1.66347425e-003 -1.80710608e-003 0. 0. 0. 1.67931794e-004 0.
    1.60475785e-003 1.32320577e-003 2.26170989e-003 0. 5.94518473e-003
    0. 0. 3.26101808e-003 6.54158881e-004 0. 0. 0. 2.06330980e-004 0.
    -2.54635513e-003 0. 0. 0. 0. 8.51490907e-003 1.52951316e-003 0. 0.
    0. 2.39129295e-003 0. 5.00513474e-003 0. 0. 0. 2.32421025e-003 0. 0.
    -8.55467573e-004 0. 0. 0. -3.00892559e-003 0. 0. 0. 0. 0.
    1.39533193e-003 0. 0. 0. 0. 0. 4.06335777e-004 3.04752402e-003 0. 0.
    0. 9.62951221e-003 -1.29123928e-003 0. 0. 7.43394659e-004 0. 0. 0.
    0. 0. 0. 2.06475519e-003 3.68879968e-003 0. 0. 0. 0. 5.03701111e-003
    0. 0. 4.95277625e-003 1.62591052e-003 0. 0. 3.93402326e-004
    6.10855277e-005 0. 4.97957086e-003 1.66780944e-003 1.66063022e-003
    0. 1.91586150e-003 0. 0. 0. 8.22216098e-004 1.25113521e-002
    8.14272743e-003 0. 3.78774689e-003 7.07240868e-003 0. 0. 0.
    -5.10341255e-004 0. 0. 1.89267565e-003 -1.32115895e-003 0. 0. 0. 0.
    0. 1.09254904e-002 0. 0. 0. 9.25308466e-003 0. 0. 0. 0.
    3.78337782e-003 2.41754635e-004 0. 5.28510334e-003 0.
    6.40110159e-003 0. 0. 0. 8.40237271e-003 0. 9.92268324e-004 0.
    2.18924601e-004 0. 0. 0. 0. 6.39156147e-004 0. 6.34416193e-003
    1.27546059e-003 3.63080180e-003 0. 1.18317618e-003 2.39969883e-003
    0. 0. 7.66040059e-004 0. 0. 1.47136599e-002 1.53825118e-003
    4.33972664e-003 0. 0. 7.43991602e-003 0. 1.29059493e-003
    1.07619341e-003 5.52542740e-003 0. 0. 0. -1.95268425e-003
    2.15893541e-003 0. 0. 2.02816911e-003 1.93917926e-003 0.
    3.54733807e-003 0. 2.41450104e-003 0. 0. 0. 0. 0. 5.38141234e-004 0.
    0. 2.89594173e-003 0. 0. 0. 0. 0. 1.71791157e-003 0. 0.
    -3.28180671e-004 3.17997276e-003 0. 1.58261752e-003 0.
    2.72423518e-003 0. 0. -6.74509385e-004 6.44709868e-003 0. 0.
    1.51537138e-003 0. 7.46903103e-003 3.52899055e-003 0. 0. 0.
    1.70212972e-003 6.89643959e-004 4.69598221e-003 0. 6.45636767e-003
    0. 2.21402152e-003 1.91645254e-003 0. 0. 0. 0. 3.04796337e-003 0. 0.
    6.38231449e-003 0. 0. 0. 0. 0. 0. 0. 0. 2.22500414e-003
    -4.84895369e-004 0. 0. 0. 0. 0. 0. 1.95734343e-003 0. 0.
    7.61679141e-003 2.88281729e-003 0. 0. 5.59279812e-004 0. 0. 0.
    7.26519059e-003 0. 0. 0. 0. 3.40718823e-003 0. 1.52557774e-003
    5.30690793e-003 0. 0. 0. -6.41981896e-005 0. 7.78103760e-003 0.
    9.12409916e-004 3.46518494e-003 0. 0. 0. -7.53495697e-005 0. 0. 0.
    0. 1.74292247e-003 0. 8.93878471e-003 2.83676689e-003
    3.43595340e-004 0. -3.10619082e-003 8.77668615e-003 0. 0.
    8.27575626e-004 0. 0. 0. 2.61304202e-003 1.24334404e-003 0.
    9.08649527e-003 0. 0. 0. 0. 0. 0. -3.06607690e-005 0. 0.
    -5.25164651e-003 7.07669824e-004 8.40875134e-003 0. 0. 0. 0. 0. 0.
    4.86311823e-004 1.88122131e-003 -2.43003480e-003 1.62933872e-003
    1.58811267e-003 0. 5.27915137e-004 0. 2.23259884e-003 0.
    3.88182234e-004 0. 0. 0. 1.13325688e-004 0. 0. 0. -5.15797874e-004
