<?xml version="1.0"?>
<opencv_storage>
<imageDescriptor type_id="opencv-matrix">
  <rows>1</rows>
  <cols>1000</cols>
  <dt>f</dt>
  <data>
    1.29949022e-002 1.09089995e-002 0. 0. -8.11504107e-003 0. 0.
    1.12375421e-002 8.97017482e-004 0. 0. 0. 0. 0. 0. 0. 0. 0.
    2.63974350e-003 0. 0. 0. 0. 0. 0. 0. 0. 1.13971168e-002
    -1.42882497e-003 0. 0. 1.78248389e-003 0. 0. 0. 8.14216305e-003 0.
    0. 6.24255929e-003 5.97909419e-003 1.67865865e-003 0. 0.
    3.03258514e-003 -1.47355895e-003 0. 0. 0. 0. 0. 0. 0. 0. 0.
    8.43771826e-003 0. 2.10630894e-003 0. 0. 0. 2.89860577e-003 0. 0.
    7.88330846e-003 0. 0. 0. 0. 1.44466013e-003 -4.46548249e-004 0. 0.
    0. 0. 0. 0. 0. 0. 0. 0. 0. 0. -1.24181982e-003 2.14796793e-003 0.
    -2.43964465e-003 0. 0. -1.13906339e-003 0. 1.28098577e-003 0. 0. 0.
    3.32588889e-002 0. -9.85577208e-005 -1.15392788e-003 0. 0.
    8.23396351e-003 0. 0. 2.72720121e-003 0. -2.57900427e-003
    3.22702993e-003 0. 8.32626130e-003 -3.10710078e-004 0. 0. 0. 0. 0.
    2.74819991e-004 2.54266919e-003 0. 8.58515967e-003 0.
    7.11335614e-003 5.74952690e-004 -1.43358729e-005 2.54092249e-003 0.
    0. 0. 0. 0. 7.15399208e-003 0. 0. 0. 0. 2.34893113e-002 0.
    9.33459960e-003 0. 0. 2.36855843e-003 0. 0. 1.42423008e-002 0. 0. 0.
    0. 0. -4.28158819e-004 -1.53141632e-003 0. 0. 0. 0. 0.
    1.62301539e-003 1.06907962e-003 0. -2.16972292e-003 0. 0.
    1.04214707e-002 0. 0. 0. 0. 0. 0. 0. 0. 8.23899172e-003
    -2.18482758e-003 -4.95652712e-005 0. 0. 0. 0. 0. 0. 0. 0. 0. 0. 0.
    0. 0. 0. 1.52580831e-002 1.12409098e-002 0. 5.87210990e-003 0. 0.
    -6.58237550e-005 -9.12880467e-004 0. 1.81428995e-003 0.
    -6.55242067e-004 1.98096875e-003 0. 0. 0. 0. 0. -5.49960823e-004 0.
    0. 0. 0. 0. 0. 0. -3.15200794e-003 0. 0. 0. 0. 1.32500732e-004
    3.97186214e-003 1.18128373e-003 0. 2.10347609e-003 0.
    3.38281877e-003 -2.80569249e-004 0. 0. 0. 3.29174683e-003 0. 0. 0.
    2.61956453e-003 0. 0. 0. 0. 0. 0. 5.11730975e-003 3.51946917e-004
    3.17614689e-003 0. 0. 0. 0. 0. 0. 4.48404840e-004 0. 1.06700584e-002
    0. 4.32205247e-003 0. -5.60689252e-004 0. -2.22966028e-003 0.
    1.88009988e-003 0. 0. 0. 2.66127638e-003 0. 2.41622911e-003 0. 0. 0.
    0. 0. 5.20203670e-004 0. 0. 4.97607328e-003 0. 8.44094809e-003 0.
    9.63693426e-004 0. 0. 0. 2.62463256e-003 4.18017572e-003
    1.37663102e-002 0. 0. 0. 0. 0. 0. 3.54584097e-003 0. 3.05147041e-005
    0. 0. 1.41610205e-003 0. 0. 0. 0. 0. 0. 0. 2.05692928e-002 0. 0. 0.
    0. 0. 0. 0. 2.90071312e-003 0. 1.29601546e-002 0. 0. 0. 0. 0.
    -2.00084643e-003 0. 0. 0. 0. 0. 0. 0. -2.30470509e-003 0.
    -1.69474492e-003 -5.66956995e-004 0. 0. 0. 1.41957600e-003 0. 0.
    7.42322241e-004 3.24487570e-003 0. 0. -3.57702468e-003 0.
    -1.86420756e-003 0. 0. 0. 0. 0. 1.11703454e-002 0. 0. 0.
    -4.36291855e-004 0. 0. 0. 1.93508586e-003 0. 0. 0. 0. 0.
    4.80012968e-003 0. 0. 0. 0. 0. -6.49968453e-004 0. 9.57970478e-005
    0. 0. 0. 0. 0. 0. 0. 0. 0. 0. 2.73661735e-003 0. 0. 0.
    1.28313701e-003 0. 0. 0. 0. 0. 0. 2.05623475e-003 0. 2.17406836e-004
    4.47460078e-003 0. 0. -2.60071829e-004 0. 0. 0. 0. 0.
    -8.05877207e-005 0. 0. 0. 0. 0. 0. 5.37752872e-003 -4.26120823e-004
    2.11077812e-003 0. 0. 7.39946961e-003 0. 0. 9.79575212e-004
    -6.70712034e-004 0. 0. 0. 0. 0. 7.75488932e-003 0. 0. 0. 0.
    8.29047803e-003 0. 0. 6.77254656e-003 -5.72003599e-004 0. 0. 0. 0.
    4.16972907e-003 1.25488988e-003 0. 0. 0. 0. 0. 0. 0. 1.19593809e-003
    0. 0. 0. -3.98784922e-003 0. 0. 0. -2.19974885e-004 0. 0. 0. 0.
    3.66802257e-003 0. 0. 0. 0. 2.25675991e-003 -4.94381879e-004
    2.82521942e-003 0. 1.70913222e-003 7.75668072e-004 0.
    1.75703538e-003 0. 0. 0. 2.17098207e-003 0. 0. 0. 1.21193670e-003 0.
    0. 0. 0. 0. 1.14155943e-002 0. 0. 0. 0. 0. 0. 3.14302812e-003 0. 0.
    0. 0. 0. 0. 2.09044106e-003 0. 0. 0. 5.08400658e-003 1.14524306e-003
    0. 0. 0. 0. 0. 0. 0. 0. 0. 6.44414453e-003 9.02602170e-003 0.
    3.13988887e-003 0. 0. 0. 0. 0. 3.80578730e-003 0. 0. 0. 0. 0. 0. 0.
    3.13959992e-003 0. -1.14966696e-003 0. 2.96559976e-003 0.
    -1.75813690e-003 1.50381029e-003 0. 0. 2.20296308e-004 0. 0. 0. 0.
    4.42602485e-003 0. 0. 0. 0. 0. 0. 0. 0. 0. 0. 3.37564456e-003 0.
    1.15298945e-003 5.23781811e-004 0. 2.89632846e-003 0. 0.
    2.70288461e-003 0. 0. 1.02309824e-003 0. 0. -4.61658608e-004 0. 0.
    0. 0. 0. 5.08770067e-003 0. 0. 0. 0. 0. -3.15092877e-003 0. 0. 0.
    1.48637325e-003 1.02583244e-002 5.93635414e-005 0. 0. 0.
    1.21587096e-002 0. 0. 0. 2.28110584e-003 0. 6.97284937e-004 0.
    7.19220334e-005 0. 0. 0. 0. 0. 0. 0. 0. 2.76615284e-003 0. 0. 0. 0.
    0. 0. 0. 0. 0. 0. 0. 0. 0. 0. -5.28653152e-004 0. 2.37645232e-003 0.
    0. 5.61046414e-003 0. 0. 0. 0. 0. 0. 0. 1.69915557e-002 0. 0. 0. 0.
    3.39503912e-003 0. 0. 0. 0. -7.41886965e-004 0. 0. 4.15540813e-003
    0. 1.27441874e-002 0. 0. 0. 0. 0. 0. 0. 0. 0. 1.06137926e-002 0.
    8.22538603e-003 0. 0. 0. -9.50345275e-005 0. 7.25058746e-003 0. 0.
    0. 2.90663098e-003 0. 1.12554701e-002 0. -2.86815525e-003 0. 0. 0.
    0. 7.07779359e-003 0. 0. 0. 9.81245842e-003 0. 1.21944828e-003
    3.64311622e-003 1.19353430e-002 0. 0. 0. 0. 2.99812434e-003 0.
    1.16285286e-003 0. -2.00525348e-004 0. 0. 7.15162139e-003 0. 0.
    9.43953544e-003 0. 1.13761949e-003 0. 1.38835493e-003
    -1.85910775e-003 8.57489649e-004 8.10456742e-003 2.97684106e-003 0.
    0. 0. 0. 0. -8.91092466e-004 -9.45180887e-004 5.15474530e-004 0.
    -5.88180905e-004 1.04518945e-003 0. 0. 6.08119415e-004 0. 0. 0. 0.
    0. 0. 9.91349079e-005 -2.00347416e-003 1.24727450e-002 0. 0.
    -7.34402041e-004 0. 2.07678019e-003 1.79378735e-003 4.19301010e-004
    0. 0. 0. 0. 0. 0. 1.66894810e-003 0. 0. 0. 0. 8.67412018e-004
    1.52464677e-003 0. 0. -3.41337011e-003 0. 0. 0. 0. 0. 0. 0. 0.
    2.10233801e-003 -3.47200286e-004 0. 0. 0. 1.57679734e-003
    1.28564313e-002 0. 0. 0. 0. 1.38146663e-003 0. 0. -3.67634711e-005
    0. 0. 0. 0. 0. 0. 0. 0. 1.07042287e-002 8.73208046e-003 0. 0.
    1.21229729e-002 6.90978440e-003 0. 0. 0. 0. 0. 0. 6.04589796e-003
    5.83353825e-003 -1.60272128e-003 0. 1.85340946e-003 0. 0.
    1.24109350e-002 0. 0. 0. 2.98544508e-003 0. 0. 0. 0. 0. 0. 0.
    1.18218558e-002 1.94850634e-003 0. 0. 0. 3.38194706e-003 0. 0. 0. 0.
    0. 1.42512575e-003 0. 6.06511487e-004 0. 1.06307054e-002
    1.16141443e-003 3.63839604e-003 0. 0. 0. 1.37493415e-002 0.
    3.23110446e-003 0. 0. 0. -1.64301367e-003 -4.93947184e-004 0. 0. 0.
    -6.02453132e-004 0. 0. 0. 7.51979882e-004 6.40724972e-003 0.
    1.53083391e-002 9.24337376e-003 -7.83710100e-004 0. 0.
    9.17331968e-003 0. 0. 2.47228006e-003 0. 0. 0. -4.19154158e-003 0.
    -4.20457145e-005 1.06403474e-002 4.86235088e-003 0. -3.75075685e-003
    0. 0. 0. 0. 0. 0. 0. 0. 0. 0. 7.69988867e-004 0. 0. 8.14573187e-003
    0. 0. 0. 0. -1.47728855e-003 0. 0. -1.70395919e-003 0. 0. 0. 0. 0.
    0. 0. -9.52060218e-004 0. -2.11481540e-003 0. 0. 1.10911671e-003
    6.07668841e-003 7.00132397e-004 2.35973811e-003 -9.62029808e-005 0.
    -3.73211922e-004 0. 0. 0. 0. 0. 0. 3.88528057e-003 -7.47751561e-004
    0. 6.15370111e-004 9.89455171e-003 0. 0. 5.54841477e-003 0. 0.
    -1.01973128e-003 0. 0. 7.30679091e-003 0. 0. 0. 2.18966068e-003 0.
    0. 0. 0. 0. 0. 0. 0. 0. 2.16968148e-003 0. 0. -7.33303546e-004
    6.80919178e-003 0. 0. 9.86741483e-003 0. 9.89136193e-003 0.
    1.77785533e-003 0. 0. 8.65329895e-003 0. 1.30577497e-002
    1.24786701e-003 1.11155782e-003 0. -1.66306342e-003 0. 0. 0. 0. 0.
    0. 0. -1.21865631e-003 0. -7.32306740e-004 0. 0. 0. 5.10251382e-004
    1.78971415e-004 0. 6.15149271e-003 0.</data></imageDescriptor>
</opencv_storage>
