<?xml version="1.0"?>
<opencv_storage>
<imageDescriptor type_id="opencv-matrix">
  <rows>1</rows>
  <cols>1000</cols>
  <dt>f</dt>
  <data>
    0. 0. 4.59989358e-004 0. 0. 1.12936366e-003 0. 8.27958866e-004
    3.42220337e-005 0. 0. -7.75139022e-004 0. 0. 1.36066217e-003
    1.02663832e-003 1.98677368e-003 6.04025030e-004 8.62270070e-004 0.
    0. -2.26237302e-004 2.20785174e-003 0. 0. 0. 0. 0. 0. 0. 0.
    1.27326208e-003 9.53457609e-004 0. 6.71731774e-004 2.48076720e-003
    -2.40756478e-003 0. 4.08621883e-004 0. 7.20295997e-004 0. 0.
    1.79957494e-003 3.76694894e-004 1.91445951e-003 8.62794812e-004 0.
    0. 4.52015694e-004 1.32794294e-003 -5.97082719e-004 3.20134539e-004
    -8.59096297e-004 7.02084362e-005 0. 3.78804188e-003 0.
    -1.89688973e-004 6.05234969e-003 4.50452138e-003 0. 0.
    2.29673053e-004 9.76282696e-004 0. 0. 1.36241491e-003 0. 0.
    1.30827364e-004 -1.21950688e-004 6.43400359e-004 0. 0. 0.
    -3.40292863e-005 1.81354792e-003 1.22004328e-003 6.23052532e-004
    5.15702879e-003 0. 1.55837496e-003 2.08871439e-003 3.89634602e-004
    0. 1.29030587e-003 0. 3.91886802e-003 0. 7.87432131e-004 0. 0. 0. 0.
    0. -3.35378177e-003 3.50933545e-003 0. 2.16647494e-003
    1.11025181e-002 1.51214404e-002 1.86122232e-003 2.36774344e-004 0.
    0. 0. 3.25824483e-003 0. -8.21252062e-004 -4.13442613e-008
    -3.74019321e-004 0. 0. 0. 0. 0. 5.63834049e-003 0. 0.
    1.72824610e-003 5.15911030e-004 -2.18913956e-005 0. 1.14612732e-004
    0. 3.64541239e-003 3.37576168e-003 0. 0. 0. -1.87512673e-003 0.
    2.59276899e-003 0. 0. 6.00678322e-004 0. 1.83092721e-004 0.
    1.82401459e-003 1.85154867e-003 -4.50708263e-004 0. 0. 0. 0.
    1.32811908e-003 0. 1.13180350e-003 3.72108351e-003 1.02923028e-002
    0. 0. 1.47332100e-003 0. 0. 0. 2.58289580e-003 2.55767512e-003 0. 0.
    0. 2.34009422e-004 -2.57066160e-004 1.05183700e-003 3.00071971e-003
    0. 0. 8.81390471e-004 0. 0. 0. 4.93084127e-003 1.80837268e-003 0. 0.
    -5.09378850e-004 0. 0. -6.97521959e-004 -1.51861657e-003 0.
    1.62639038e-003 2.24053650e-003 0. 0. 0. 3.23824026e-003 0.
    4.08880660e-005 0. 1.47195114e-003 8.84814654e-003 2.56309044e-002
    1.63813345e-002 -7.13166810e-005 7.00328732e-003 0. 3.29822302e-003
    9.35326796e-003 0. 0. 1.17564318e-003 0. 0. 3.98670178e-004 0. 0.
    1.15279527e-002 5.00095019e-004 0. 0. 1.40621816e-003
    3.80064390e-004 0. 3.44790681e-003 -7.60979892e-004 0.
    7.18332222e-003 0. 0. 1.11935672e-003 0. 0. 0. 0. 0. 0. 0.
    2.23079440e-003 0. 3.56637314e-003 0. 0. -2.23766940e-004
    -6.97794894e-005 0. 0. 0. 0. 0. 9.57623299e-004 5.99825149e-003
    1.26968240e-002 0. 0. 3.72398295e-003 0. 0. 3.34191043e-003 0.
    2.67202500e-003 7.00487709e-003 0. 0. 5.24636591e-003 0.
    7.86393008e-004 9.99017619e-003 2.29962682e-003 4.41331090e-003 0.
    0. 0. 0. 1.03027432e-003 0. 0. 0. 0. 5.46019990e-003 5.84490458e-003
    1.40560362e-002 6.35475898e-003 0. 0. 2.77463929e-003 0. 0.
    -2.29570433e-004 0. 0. 1.65019487e-003 3.36313923e-003 0.
    7.92302366e-004 0. 0. -1.22998504e-003 8.36285937e-004 0.
    2.19485327e-003 0. 0. -2.45812931e-004 3.30534927e-003
    6.42814906e-004 0. 0. 0. 8.44808237e-004 0. 0. 2.60612904e-003
    2.83447490e-003 0. 6.62430376e-003 0. 0. 1.56427443e-003
    6.74103037e-004 7.20021315e-004 0. 0. 2.59553874e-003
    -1.11005362e-003 3.12576594e-004 0. 2.89360108e-003 6.51576091e-004
    0. 5.39455446e-004 5.27020078e-004 0. 4.86898061e-004 0.
    -1.01591845e-003 7.97089841e-003 6.45676279e-004 0. 0. 0. 0.
    1.88847457e-003 2.42680544e-003 0. 3.60301323e-003 0. 0.
    4.33453871e-003 0. 1.26243511e-003 0. -8.59082502e-004 0. 0. 0. 0.
    0. 0. 1.58402720e-003 0. -6.25045432e-005 -1.56720598e-005 0. 0. 0.
    0. 0. -1.57863123e-003 0. 0. 6.22687768e-003 0. 0. 0.
    7.55743869e-003 0. 3.84415919e-003 1.72865321e-003 0.
    5.68981841e-003 1.84556888e-003 3.68254667e-004 1.61541509e-003
    3.40274564e-004 0. 1.39362167e-003 8.50888086e-004 6.21872139e-004
    0. 0. 2.77540018e-003 0. 2.57423817e-004 0. 0. 0. 0. 1.71943754e-003
    0. 1.04842661e-003 3.00773582e-003 0. 0. 2.77480856e-003 0.
    1.39604313e-002 0. 0. 0. 0. 6.00476109e-004 0. 0. 0. 1.19122108e-002
    0. -1.41913863e-003 1.41622988e-003 1.50138710e-003 0.
    2.05539982e-003 0. 2.30813399e-003 0. 1.55829813e-003
    -2.76208809e-003 0. 0. 0. 0. 0. 0. 5.76618267e-003 -4.02532256e-004
    7.09674030e-004 0. 0. -1.20558788e-003 4.17293003e-003 0.
    -1.50485212e-004 0. 1.10071050e-002 1.21716781e-004 0. 0. 0. 0.
    1.93548331e-003 3.31009622e-003 -1.41315826e-003 1.58078014e-003 0.
    0. 0. 0. 0. 0. 1.33038196e-003 0. 0. 0. 3.52606084e-003 0.
    1.07398303e-002 0. 7.10339053e-004 0. 0. 0. 0. 0. 3.23899486e-003
    1.54500606e-003 0. 0. 0. 0. 0. 1.42733427e-003 0. 0. 6.62874547e-004
    0. 0. 0. 0. 1.66317762e-003 3.82437930e-003 -5.58073771e-005 0.
    1.09582744e-003 0. 0. 4.28817375e-003 1.20188703e-003
    -1.11584971e-003 0. 1.22703216e-003 2.63771544e-005 0.
    2.02101888e-003 2.58904649e-003 0. 0. 0. 0. 0. 0. 1.90275954e-003
    4.20870166e-003 1.33188441e-003 2.77591706e-003 0. 0. 0. 0. 0. 0. 0.
    0. 1.16265118e-002 0. -6.39326230e-004 6.74776733e-004
    1.64934725e-003 0. 0. 4.30600904e-003 -2.09918639e-004 0. 0. 0.
    -3.18417442e-003 0. 1.43116980e-003 0. 2.88462895e-003
    -4.12054220e-003 0. 0. 0. 9.89562459e-003 0. 2.96561600e-004 0.
    -4.85614757e-004 0. 0. 0. 8.23017210e-004 0. 2.79672444e-003 0.
    7.86968274e-004 0. 2.24894797e-003 1.10989320e-003 0. 0.
    2.00635823e-003 1.76277887e-002 0. 8.59516207e-004 0.
    8.81468004e-004 3.09735560e-003 2.37772032e-003 0. 2.91439868e-003
    1.85471040e-003 2.53385166e-003 0. 1.09426361e-002 -3.94704490e-004
    0. 0. 0. 6.97976328e-004 1.45875814e-003 0. 0. 0. 0. 0. 0.
    1.26483827e-003 0. -1.34024740e-004 -4.86544275e-004
    -8.28064163e-004 0. 2.23477301e-003 4.25900973e-004 6.30677561e-004
    4.09772573e-003 0. 5.37197618e-003 0. 0. -5.92410914e-004
    1.34479697e-003 0. 1.12732721e-003 0. 0. -2.51113717e-003 0.
    4.78360150e-003 -1.84455526e-003 4.08671144e-003 0. 0.
    1.66132580e-003 0. 0. 1.66854262e-003 7.33658671e-004 0.
    3.51920282e-003 0. 0. 0. 6.39242295e-004 4.47105290e-003 0. 0. 0. 0.
    0. -1.71812414e-003 0. 1.31675147e-003 2.36826157e-003 0.
    8.27642682e-004 0. 7.91732408e-003 0. 0. 0. 0. 1.97959575e-003
    6.01302949e-004 1.69104023e-003 0. 0. 0. 0. 0. 1.46346469e-003
    -5.51499252e-004 1.44317863e-003 -7.65163917e-004 3.33954522e-004
    1.59984478e-003 2.56606704e-003 1.04084058e-004 4.93756961e-003 0.
    0. 4.86173248e-003 0. 0. 0. 1.04129093e-003 0. 9.66193984e-005 0.
    -3.47242370e-004 1.11528276e-003 0. 0. 4.11554676e-004
    1.72485795e-003 -3.88494635e-004 2.16769497e-003 5.86637761e-004 0.
    0. 1.02685450e-003 -1.04316256e-004 5.10673854e-004 1.18530635e-003
    0. 0. 0. 2.86010047e-003 2.66680121e-003 0. 0. 0. 0. 0.
    1.55065791e-003 0. 1.35773222e-003 7.03289779e-003 0. 0.
    8.26409319e-004 0. 0. 0. 0. 0. 1.80765381e-003 0. 0. 0.
    2.44159182e-003 0. 0. 0. 6.07972732e-003 4.82442789e-003 0.
    5.94747369e-004 2.09744391e-003 0. 0. -2.45566992e-003 0. 0. 0. 0.
    0. 7.25561986e-004 0. 0. 1.28842227e-003 0. 0. 0. 0. 0. 0. 0. 0.
    3.56648862e-003 4.31708107e-003 2.22468702e-003 0. 2.70449696e-003
    0. 8.61963257e-003 3.28297820e-003 0. 0. 6.28030486e-003 0. 0.
    7.79127097e-003 6.05958980e-003 0. 0. 0. 0. 1.79485290e-003 0.
    7.42102601e-003 0. 1.79337163e-003 4.00814228e-004 0. 0.
    3.97214200e-003 0. 0. -8.39920307e-004 0. 1.07984152e-002
    3.41363507e-003 1.46342686e-003 6.85626082e-003 0. 0.
    3.27229354e-004 0. 0. 2.28189956e-003 1.24660367e-003
    4.12998162e-003 -3.58113102e-005 0. 0. 2.21093395e-003 0. 0. 0. 0.
    0. 0. 5.01644099e-004 1.52492791e-003 0. 1.01931207e-002 0. 0. 0.
    4.94105462e-003 0. 1.97335915e-003 0. 2.28145509e-003 0.
    6.19108498e-004 0. 0. 0. 1.22441305e-003 0. 0. 2.33661360e-003 0. 0.
    0. 1.93639053e-003 2.84729002e-004 0. 7.13005569e-003
