<?xml version="1.0"?>
<opencv_storage>
<imageDescriptor type_id="opencv-matrix">
  <rows>1</rows>
  <cols>1000</cols>
  <dt>f</dt>
  <data>
    0. 5.59594773e-004 2.69439444e-003 1.96491741e-003 0.
    -1.83665848e-004 0. 0. 9.91181587e-004 0. 1.12908334e-003 0. 0. 0.
    7.50766892e-004 7.40824826e-003 -6.71215705e-004 0. 0.
    3.61108384e-003 4.13288269e-003 0. 3.24542844e-003 0. 0.
    -1.39538979e-003 7.82728661e-004 1.98408053e-003 2.08559679e-003 0.
    0. 3.72324907e-003 3.61650297e-003 0. 4.77485359e-003 0.
    9.74290725e-003 0. 0. 0. 3.63930152e-003 0. 2.47906847e-003
    1.80639606e-003 2.21061683e-003 -5.41292422e-004 0. 6.48943521e-003
    -3.52620875e-004 0. 0. -2.71767261e-004 0. 1.56280752e-002 0. 0.
    2.06624228e-003 -1.00300030e-003 -5.78534207e-004 -2.38221997e-004
    1.10451621e-003 2.33128248e-003 0. 0. 6.71315414e-004
    2.16158107e-003 0. -2.78192281e-004 -1.18723547e-003 3.37123103e-003
    0. 0. 0. 1.74445030e-003 1.28244585e-003 0. 0. 2.91179214e-003
    5.57448575e-003 1.06658554e-003 3.27721192e-003 6.91760040e-004 0.
    6.00931744e-005 7.58124329e-003 0. 3.03205475e-003 0.
    1.72018714e-003 0. 3.95349413e-003 0. 0. 4.81853867e-003 0.
    -2.23777562e-004 0. 4.74549690e-003 5.66096464e-003 9.94124217e-004
    0. 0. 0. 1.48536800e-003 0. 0. 2.30109855e-003 2.28194869e-003 0. 0.
    1.45073992e-003 0. 0. 0. 8.62111978e-004 1.05112221e-003 0. 0. 0. 0.
    0. 0. 0. 9.61103768e-004 3.03542765e-004 0. 0. 0. 4.09000320e-003
    2.51975725e-003 2.41336136e-004 0. 0. 0. 0. 0. 1.39383238e-003
    1.96850928e-003 2.01163790e-003 1.45525555e-003 0. 3.76461794e-005
    0. 1.61850417e-003 2.75596889e-004 0. 0. 2.22904538e-003
    1.08510768e-003 0. 0. 0. 5.26716188e-003 0. 0. 0. 0. 3.97758471e-004
    3.34005198e-003 0. 0. 0. 3.76729411e-003 1.94975699e-003
    1.84866728e-003 1.41265476e-003 -2.72923615e-004 2.51436722e-003
    1.83742016e-003 2.29555694e-003 2.39289948e-003 0. 6.08896231e-003
    0. 0. 8.90277675e-004 0. 0. 0. 3.24723148e-003 0. 4.23015002e-003
    1.71718874e-003 2.12303596e-003 0. 0. 0. 0. 0. 0. 8.47126823e-004 0.
    6.99602300e-004 3.00742243e-003 0. 0. 0. 0. 0. 0. 0. 7.93536776e-004
    1.81607227e-003 9.63684230e-004 5.65165014e-004 0. 2.09323457e-003
    0. 0. 0. 0. 1.63491839e-003 -1.90677369e-004 2.31133448e-003 0. 0.
    3.76616808e-004 0. 5.21380408e-003 0. -1.24775269e-003 0. 0. 0.
    3.25906975e-003 0. 5.07318974e-003 0. 0. 0. 2.07326515e-003 0.
    7.75721809e-003 1.42425497e-003 0. 2.20039612e-004 0.
    -2.04317714e-003 -4.25528677e-004 0. 0. 0. 1.01046113e-003
    2.98146694e-003 -1.32230416e-004 0. 0. 4.56646783e-003 0.
    2.62328843e-003 0. 3.69890383e-003 9.19291656e-003 0. 0. 0. 0.
    2.30139424e-003 0. 1.57325878e-003 0. 0. 3.49227781e-003 0. 0. 0. 0.
    2.65503372e-003 2.68197292e-003 1.13237137e-003 0. 3.30364075e-003
    6.17119437e-003 -2.57144379e-003 8.80571199e-004 0. 6.54278323e-003
    0. 0. 0. 0. 0. 0. 5.61728375e-005 1.43701513e-003 1.96390683e-004
    -2.89766147e-004 5.16901817e-003 0. 6.59770594e-005 1.35844317e-003
    2.87546864e-004 0. 5.72643802e-003 0. 0. 0. 1.59825932e-003
    3.24214692e-003 3.46486131e-003 1.06860744e-003 3.02451663e-004 0.
    3.75863235e-003 0. 0. -2.37005326e-004 0. -5.12778468e-004
    4.54646954e-003 0. 2.37283075e-005 1.22460641e-003 0.
    3.15260375e-003 0. 0. 1.63470686e-003 3.33672884e-004
    1.11940503e-003 8.10204912e-003 1.62619934e-003 0. 0.
    3.62382689e-003 0. 6.64213067e-003 0. 1.46120531e-003 0. 0.
    6.24304218e-003 0. 1.38745457e-003 0. -8.71213153e-004
    5.96553960e-004 2.30433466e-003 0. 3.17085022e-003 0. 0.
    1.67071389e-003 8.62511527e-003 4.86116449e-004 -5.22440812e-003 0.
    0. 0. 0. 0. 1.30237767e-003 2.03971780e-004 1.43954868e-003
    1.22372271e-003 0. 0. 0. 2.51447409e-003 1.77832658e-003 0.
    2.82046421e-005 0. 0. 0. -1.35766750e-003 0. -6.78991782e-004 0.
    -2.37129326e-003 0. 0. 0. 0. 2.30425154e-003 0. 2.23463262e-003 0.
    1.42342353e-003 0. 0. 0. 0. 1.37425018e-002 0. 1.37160404e-003 0.
    2.44411919e-003 1.31791353e-003 0. 0. 0. -3.42070562e-004
    4.33285255e-003 0. 0. 0. 2.44400115e-003 0. 4.21078689e-003 0. 0.
    6.22420479e-003 2.49847420e-003 0. 8.09161400e-004 7.97219327e-005
    -6.07470884e-006 0. 0. 3.07686580e-003 2.04157596e-003
    3.36029613e-003 1.72220985e-003 0. -7.28275510e-004 -3.42778803e-004
    0. 9.02429922e-004 1.88400119e-003 0. 0. 0. 4.47258167e-003
    3.75618972e-003 0. 0. 1.31507241e-003 0. 0. 1.00306247e-003 0.
    6.36655325e-003 0. 0. 0. 0. 4.76648705e-003 0. 0. 1.04826514e-003
    8.61571403e-004 0. 0. -7.27896171e-004 2.26094434e-003 0.
    3.09930125e-004 -1.71950829e-004 0. 2.08225986e-003 1.04115217e-003
    0. 0. 0. 0. 0. 7.53981469e-004 0. 0. 0. 1.12989999e-003 0.
    3.77930491e-003 -8.87015078e-004 0. 4.54589119e-003 0.
    3.26225534e-003 0. 1.84237410e-003 3.74426087e-003 2.05235370e-003
    2.02796143e-003 1.04796828e-003 0. -2.23052077e-004 0. 0. 0.
    2.62161274e-003 0. 0. 1.20147085e-003 0. 0. 1.00453768e-003
    8.66616901e-004 2.98522180e-003 0. 3.57468845e-003 8.44693452e-004
    0. 0. 9.32608964e-004 0. 0. 0. 9.87211941e-004 7.26391620e-004
    -1.86402001e-003 9.56552394e-004 0. 1.16429765e-005 0. 0.
    2.99653574e-003 0. 0. 2.47690664e-003 1.15508283e-003
    2.57603562e-004 0. 0. 0. 2.76122941e-003 0. 4.08403197e-004
    3.39459511e-003 -7.94795691e-004 -2.80699896e-004 1.13144261e-003
    -2.93128600e-004 -1.62818120e-003 0. 0. 5.95066510e-003
    4.30260785e-003 3.52217397e-003 1.58655597e-003 0. 0.
    2.19213939e-003 8.70296673e-004 7.16298260e-003 0. 7.96001288e-004
    2.99909315e-003 1.50744896e-003 1.48334145e-003 -3.22589476e-004
    -1.00818188e-005 0. 0. 0. 0. 0. 8.55312916e-004 0. 0.
    4.03952273e-003 7.07615691e-004 0. 0. 1.46033301e-003
    3.72538739e-003 0. 8.94765486e-004 7.48900580e-004 2.32089846e-003
    0. 0. 0. 0. 0. 2.42781383e-003 0. 3.19912378e-003 0. 1.46358018e-003
    -2.27507879e-003 0. 0. 2.52849073e-003 1.56808598e-003 0.
    5.18142851e-003 2.65056337e-003 0. 0. -2.55726074e-004 0. 0.
    1.78978126e-003 -2.34381077e-004 0. 5.16940560e-003 -2.12444318e-003
    0. 0. -1.07509631e-003 0. 0. 0. 0. 0. 0. 2.03914358e-003 0. 0. 0. 0.
    0. 0. 4.60725976e-003 4.10099654e-003 0. 1.78537774e-003 0. 0.
    3.67498910e-003 0. 3.12004634e-003 -1.01803720e-003 0. 0.
    3.02072056e-003 0. 4.36688482e-004 1.17577903e-003 1.83658022e-003
    -4.12466470e-004 0. 0. 0. 0. 1.57259766e-003 4.39620781e-004 0.
    5.21980971e-003 0. 0. 0. 0. 0. 3.55481607e-004 0. 7.67451595e-004
    7.52047519e-004 1.46691699e-003 0. 4.58806317e-004 3.15984432e-003
    0. 3.78332828e-004 -6.55207376e-004 9.74922907e-004 5.28837554e-003
    -2.47075479e-003 8.47781892e-004 0. 0. 0. 0. -1.62758678e-003 0.
    9.87380510e-004 1.98141951e-003 0. 2.71880953e-003 1.32179854e-003
    9.63501574e-004 0. 0. 0. 0. 1.54033280e-003 1.50721846e-003 0.
    7.43329874e-004 8.90021620e-004 0. 3.38865374e-003 2.29627802e-003
    0. 0. 3.28913517e-003 0. 7.34120421e-003 7.55984336e-003
    9.34643205e-004 1.55873853e-003 0. 0. 0. 0. 0. 0. 0. 3.24544962e-003
    0. 0. 0. 0. 0. 1.09344907e-003 0. 0. 0. 5.12950262e-003
    3.64928204e-003 2.65546911e-003 -1.23981875e-003 4.86338791e-003
    4.38323990e-003 1.98255503e-003 2.42288900e-003 0. 4.85869154e-004
    0. 2.34722113e-003 8.20262474e-004 0. 2.16367212e-003
    2.77423090e-003 0. 7.97565881e-005 1.12767087e-003 0. 0.
    1.70467980e-003 1.67995866e-003 8.64595268e-003 2.05812301e-003
    -2.54042912e-004 1.27172447e-003 0. 0. 0. 3.39249778e-003
    1.80706149e-003 0. 7.59960804e-003 0. 9.73774659e-005
    6.82358921e-004 8.68576812e-004 0. 2.91822897e-003 0. 0. 0. 0. 0.
    2.59984937e-003 0. 0. 0. -6.85941020e-004 1.65381830e-003 0. 0. 0.
    0. 1.05665354e-002 0. 0. 0. 3.82955768e-003 0. 8.99777224e-004
    1.10492145e-003 0. 8.75590078e-004 4.03777231e-003 0.
    2.20683939e-003 0. 2.81396392e-003 0. 2.28530401e-003
    2.24534143e-003 1.91968109e-004 0. 8.12452286e-004 2.15264177e-003
