<?xml version="1.0"?>
<opencv_storage>
<imageDescriptor type_id="opencv-matrix">
  <rows>1</rows>
  <cols>1000</cols>
  <dt>f</dt>
  <data>
    0. 0. 0. 0. -4.28411964e-004 7.64841959e-003 0. 8.45375471e-003 0.
    0. 0. 2.14062468e-003 0. 0. 0. 6.35056943e-003 8.51734891e-004
    6.04335358e-003 0. 0. 0. 0. 0. 0. 0. 0. 0. 2.66189716e-004 0. 0. 0.
    -2.34433357e-003 -3.77129560e-004 1.04958110e-003 8.02469614e-004
    2.94485688e-003 1.57267263e-004 -1.05048041e-003 3.06681776e-003 0.
    0. 0. 0. 0. -3.09698051e-003 0. 3.27160303e-003 0. 0. 0. 0.
    9.91756842e-003 0. 0. 0. 2.53668148e-003 0. 0. 6.55693421e-003 0.
    -1.73036370e-003 0. 0. 0. 0. 0. 0. 0. 0. 0. 0. 2.33031809e-003
    2.71947216e-003 0. 0. 0. 0. 7.01212278e-003 -1.53981871e-003 0. 0.
    5.90721238e-003 1.77990890e-003 0. 2.03558570e-003 0.
    -2.92057148e-003 0. 0. 0. 0. 1.02220930e-003 1.66100878e-002
    1.66696664e-002 0. 0. 0. 0. -1.66293920e-003 0. 0. 0. 0.
    6.95107505e-004 0. 4.44385718e-004 0. 2.44998047e-003 0. 0. 0. 0. 0.
    0. 5.07648522e-003 0. 0. -7.28154322e-004 0. 3.75359622e-003
    2.91972584e-003 0. 0. 0. 0. 3.11291427e-003 1.36372866e-002 0. 0. 0.
    0. 0. 0. 2.72578164e-003 0. 0. 0. 0. 0. 0. 3.34762060e-003 0. 0. 0.
    3.91344354e-003 -2.94546946e-003 0. -3.78850149e-004 1.24185137e-003
    -2.46357056e-003 0. 0. 0. 0. 0. 0. 0. 0. -1.17188832e-003 0.
    5.14026731e-003 0. 0. 0. 0. 2.77592265e-003 0. 0. -2.89804593e-005
    -1.95568078e-003 0. 0. -1.14533328e-003 -2.24778615e-003
    3.60166864e-003 1.30603192e-002 0. 0. 0. 1.37456198e-004 0. 0.
    8.98581930e-004 3.40080028e-003 0. 0. 0. 0. 0. 0. 0. 0. 0.
    -2.54411390e-003 0. 0. 0. 0. 0. 0. 0. -8.61700042e-004 0. 0.
    1.01517923e-002 0. 1.32230145e-003 0. 0. 0. 0. 0. 0. 8.43042787e-003
    0. 0. 6.49504596e-003 0. 0. -8.52651952e-004 1.02299056e-003
    5.92245813e-003 2.07279845e-005 0. 0. -6.55955519e-004 0.
    1.71977386e-003 0. 7.22329947e-004 2.60632671e-003 -1.27264741e-003
    0. 0. 2.65630218e-003 0. 0. 0. 5.62346587e-003 0. 0. 0. 0. 0.
    7.57639995e-003 0. 1.16297172e-003 1.44109351e-003 0. 0. 0.
    1.54168310e-003 0. 0. 5.44611970e-003 4.63544717e-003 0. 0.
    1.05324527e-003 0. 7.01809675e-003 0. 3.32364789e-003 0.
    1.12314371e-003 -4.10876470e-004 0. 0. 0. 0. 0. 0. 2.27250950e-003
    3.02826730e-003 0. 0. 0. 0. 1.22762786e-003 0. 0. 0. 0. 0. 0. 0.
    4.20110859e-003 2.47644866e-003 -6.38883852e-004 0. 0. 0.
    8.18515010e-003 0. 0. 0. 0. 0. -5.39312168e-005 0. 0. 0.
    2.25434974e-002 0. 0. 0. 0. 5.29283797e-003 0. 0. 9.02907283e-004 0.
    0. 0. 0. 0. 0. 3.20646958e-003 0. 0. 0. 4.13096417e-003
    1.43604365e-003 -7.34517991e-004 2.16027964e-002 8.98297149e-005 0.
    0. 0. 0. 9.53709427e-003 0. 0. 0. 0. 0. 0. 0. 0. 0. 0. 0. 0. 0.
    3.51600640e-004 0. 9.48023051e-003 2.05536885e-003 1.77941227e-003
    0. 0. 0. 0. 0. 0. 0. 0. 0. 0. 0. 3.37857637e-003 0. 0.
    1.14643723e-002 0. 1.79586385e-003 0. 9.32208076e-003 0.
    1.61295850e-003 0. 7.33276771e-004 5.87314041e-003 0. 0. 0.
    6.30178023e-003 0. 1.95907094e-002 9.73660208e-004 0. 0. 0.
    2.89742998e-003 0. 0. 1.95876230e-003 0. 4.49547637e-003 0. 0. 0. 0.
    1.47476571e-003 0. 0. 0. 0. 0. 0. 0. -4.26174985e-004 0. 0. 0. 0.
    2.22171331e-003 1.63785834e-003 0. 0. 0. 3.30792740e-003 0.
    6.14212826e-003 2.57170107e-003 0. 1.18573224e-002 0. 0.
    6.52615679e-003 0. 0. 0. 0. 0. 2.91925739e-003 0. 0. 0.
    8.48594704e-004 0. 5.27312746e-004 -1.96300354e-003 0.
    -4.72015468e-004 0. 0. 1.36522565e-003 3.71293793e-003 0. 0. 0. 0.
    0. 0. 0. 0. -1.98014872e-003 0. 1.28588686e-002 0. 1.00711947e-002
    0. 0. 0. 3.76697863e-003 0. 0. 0. 0. 3.79267638e-003 0. 0. 0. 0. 0.
    0. 0. 0. 0. 0. 0. -1.56596478e-004 0. 2.71657296e-003 0. 0. 0. 0.
    -3.72974144e-004 0. 3.48834693e-003 0. 0. 0. 0. 2.60715815e-003
    5.43241389e-003 0. 0. 7.13176839e-003 3.74590792e-003 0.
    1.25020870e-003 0. 0. 0. 9.98122152e-004 0. 0. 0. 0. 3.15225963e-003
    0. 0. 3.90998507e-003 2.16615782e-003 2.78056087e-003 0. 0. 0.
    4.63190116e-003 0. 0. 0. 0. 0. 0. 0. 0. 0. 0. 0. 0. 0. 0. 0. 0. 0.
    0. 0. 0. 0. -1.03862386e-003 -1.01590494e-003 8.11433326e-003 0. 0.
    0. 0. 0. -8.53701844e-004 0. 0. 0. 3.91008751e-003 6.93398761e-003
    0. 0. 0. 0. 0. 0. 2.59762560e-003 3.06596444e-003 0. 0. 0. 0. 0.
    2.42448389e-003 1.36480632e-003 0. -4.76486690e-004 0. 0.
    1.66989472e-002 0. 3.32150073e-003 0. -8.81433487e-004
    6.22841180e-004 5.29581390e-004 5.78559993e-004 0. 0. 0.
    5.20318607e-003 0. 0. 0. 0. 1.77526963e-003 0. 0. 0. 0.
    3.39473784e-003 0. 0. 0. 0. 0. 0. 0. 0. 0. -2.65013718e-004 0.
    9.96450661e-004 0. 0. -5.16726112e-004 4.60678805e-003
    2.31883838e-004 0. 0. 0. 0. 8.90990440e-003 2.99076503e-003 0. 0. 0.
    0. 0. 2.81293853e-003 0. 1.39060766e-002 3.90582578e-003
    7.73049379e-003 0. 0. -1.96464173e-003 0. 0. 0. 1.43376703e-003
    1.72187563e-003 9.25695058e-004 0. 0. 2.95802858e-002 0. 0. 0.
    2.22187676e-003 0. 0. -9.06675530e-004 0. 0. 2.39111111e-003 0.
    8.51420278e-004 0. 1.13931550e-002 0. 0. 0. 0. 6.64416980e-003 0. 0.
    8.28217063e-003 1.43172254e-003 -9.81570920e-004 0. 2.49280706e-002
    2.93682935e-003 0. 0. 0. 0. 7.87574053e-003 0. 0. 1.33330757e-002 0.
    2.39198445e-003 2.50699860e-003 0. 0. 0. 1.63454853e-003
    4.34452406e-004 6.12534292e-004 -2.34926189e-003 1.50866457e-003
    -5.60957880e-004 0. 0. 6.22354128e-005 9.47343826e-004 0.
    7.47614121e-003 0. 5.40295104e-003 0. 0. 0. 0. 0. 3.74525879e-003
    8.94723576e-004 0. 0. 0. 3.26497294e-003 0. 0. 0. 3.48679983e-004 0.
    0. 0. 0. 7.97110889e-003 0. 0. 0. 0. 0. 0. 5.84462145e-003 0.
    4.77884896e-003 0. 0. 0. 4.50183637e-003 0. 0. 0. 0. 1.31374924e-003
    -1.76258356e-004 2.15430907e-003 1.34301493e-002 0. 0. 0. 0.
    3.78303998e-003 1.78794912e-003 -9.62363614e-004 0. 0. 0. 0. 0. 0.
    6.40544575e-003 -6.51152397e-004 0. -2.54054531e-003 0. 0. 0.
    2.40173726e-003 0. 0. 0. -6.16478559e-004 0. 0. 0. 0. 0. 0. 0. 0. 0.
    0. 0. -1.34852447e-003 0. 0. 0. 0. 0. 1.54251931e-003 0. 0.
    1.90386258e-003 3.61304265e-004 0. 1.67136444e-004 1.57343538e-003
    9.05891822e-004 1.33613497e-003 0. 4.47544316e-003 1.84757193e-003
    0. 1.89806160e-004 0. 0. 0. 2.78414949e-003 0. 0. 0. 0.
    -1.83810468e-003 9.10076487e-004 -1.09006127e-003 9.31558898e-005
    -1.65813160e-003 3.00881220e-003 0. 3.49858357e-003 0. 0. 0. 0.
    1.68260396e-003 5.36395935e-003 1.47202266e-002 0. 1.10538229e-002
    3.78883048e-003 2.11874978e-003 0. 1.17994042e-003 2.69205472e-003
    9.69692701e-005 6.93741968e-005 6.73809042e-003 0. 0. 0. 0. 0.
    -1.01837073e-003 0. 0. 2.00875755e-003 0. 0. 0. 0. 0. 0. 0.
    1.71258266e-003 0. -8.02049006e-004 0. 0. 8.61949008e-003 0. 0.
    7.31942710e-004 0. 5.14645129e-003 0. 0. 0. 0. 0. 0. 0.
    1.48608792e-003 3.30470526e-003 0. 0. 0. 6.57320628e-003 0. 0. 0. 0.
    0. -1.38202449e-003 0. 0. 0. 7.45169446e-003 1.92428811e-003 0. 0.
    0. 0. 0. 1.67860836e-003 0. 0. 4.39571636e-003 0. 6.73797913e-004 0.
    5.02302486e-004 0. 0. 0. 1.03806180e-003 0. 0. 0. 0. 0. 0. 0. 0. 0.
    0. 0. 0. 0. 0. 0. 0. 0. 0. 0. 0. -1.25092827e-003 3.92855192e-003
    1.29822278e-004 0. -3.53284902e-003 -1.95387076e-003 0. 0.
    4.23958787e-004 0. 0. 0. 2.54348619e-003 1.06851775e-002 0. 0. 0. 0.
    0. 0. 0. 0. 0. 1.67813618e-003 0. 0. 0. 0. 0. 0. 0. 1.47819694e-004
    0. 1.06015056e-002 0. 0. 0. 0. 0. 1.17238576e-003 0. 4.50563431e-003
    -1.60967757e-004 0. 0. -2.38630164e-004 9.53939371e-003 0. 0.
    6.94880867e-003 0. 0. 2.40332261e-003 0. 0. 0. 0. 2.19021738e-003 0.
    1.30537874e-003 1.23962481e-003 0. -1.31039042e-003 0. 0.
    -1.73273229e-003 0. 6.94088964e-003 0. 0. 0. 2.85637012e-004
    5.65804401e-003 2.12389091e-003 7.88041041e-004 0. 0. 0.
    1.49663934e-003 0. -2.26882432e-004 0. 3.23279557e-004
    3.12742614e-003 0. -9.02745116e-004 1.20015466e-003 2.59203720e-003
    0. 0. 0. 0. 0.</data></imageDescriptor>
</opencv_storage>
