<?xml version="1.0"?>
<opencv_storage>
<imageDescriptor type_id="opencv-matrix">
  <rows>1</rows>
  <cols>1000</cols>
  <dt>f</dt>
  <data>
    0. 0. 0. 0. 0. 0. 0. 2.87390896e-003 0. 0. 2.66546803e-003 0. 0.
    -2.63577735e-004 0. 6.22163340e-003 0. 8.34119972e-004 0. 0.
    7.91528611e-004 2.59843003e-003 0. 0. 4.61911637e-004
    -1.48282255e-004 0. 0. 3.85846681e-004 0. 0. 0. 2.01008236e-003 0.
    0. 0. 0. 6.93488168e-004 1.09274045e-003 0. 0. 0. 1.09859218e-003
    1.78012834e-003 0. 0. 0. 0. 1.28698623e-004 0. 2.51606889e-005
    -2.32603471e-003 0. 0. 0. 0. 0. 0. 1.46441080e-003 1.08249765e-003
    1.44232484e-003 5.22997463e-004 -1.94127706e-003 3.96377081e-003 0.
    0. 0. 1.98072265e-003 0. 0. 2.01181974e-003 7.68219726e-003
    9.63106519e-004 1.06094033e-003 0. 0. 0. 0. -1.54348754e-003
    3.96725256e-003 8.43067002e-003 7.36137899e-003 1.80764880e-003
    1.76029454e-003 3.62501666e-003 0. 0. 5.10801142e-003
    -1.38726740e-004 0. 0. 0. 0. 5.26163087e-004 4.38077282e-003
    7.33425550e-004 0. 4.36764816e-003 0. 2.68703996e-004
    1.00844372e-004 2.38233292e-003 0. 1.77450536e-004 4.93876287e-004
    2.77130445e-003 0. 0. 0. 0. 0. 2.82841711e-003 4.21508029e-003 0.
    6.56967517e-004 0. 0. 0. 0. 0. 3.22157075e-003 9.11252946e-003
    6.89917849e-003 0. 0. -1.54969958e-003 0. 0. 0. 1.69094687e-003
    1.48942694e-003 0. 0. 0. 0. -1.67383463e-003 0. -4.80097660e-005
    3.94894416e-003 0. 0. 1.74749247e-003 0. 0. 0. 0. 0. 9.78595461e-004
    0. 0. 0. 4.67487518e-003 4.95985849e-003 1.88477105e-003 0.
    5.11412625e-004 0. 0. 4.21009166e-003 4.69306426e-004 0. 0. 0.
    -7.11645407e-004 4.53874469e-003 -1.08484423e-003 8.83357041e-003 0.
    0. 3.60999024e-003 9.08632576e-003 0. -1.30363600e-003
    2.64653098e-003 4.10596980e-003 0. 5.93428267e-003 0. 0.
    1.24520995e-003 0. 9.20105434e-004 0. 5.00339316e-004
    2.36269971e-003 0. 0. 0. -5.64993752e-005 1.53221190e-003
    4.78830934e-003 0. 0. 1.71579269e-003 0. 5.03126113e-003
    -2.76515144e-003 0. 0. 0. 0. 0. 1.51608326e-003 4.41522663e-003
    5.34599507e-003 0. 0. 0. 0. 0. 0. 1.56692613e-003 0.
    -1.46635095e-004 -1.02159451e-003 0. 1.93416094e-003 0. 0.
    -5.03617302e-005 4.44517063e-004 0. 0. 0. 0. 0. 0. 1.46123301e-003
    -2.25153752e-004 0. 1.40023546e-003 0. 0. 0. 0. 1.20911072e-003
    1.56253250e-003 0. 0. 0. 2.49628647e-004 0. 0. 5.68895019e-004
    7.89740065e-004 -3.01509025e-003 4.22201678e-003 0. 2.14006519e-003
    2.91307195e-004 2.14128592e-003 -2.04543132e-004 -4.99275455e-004
    -4.79417620e-004 4.37667593e-003 0. 3.12380609e-003 4.89659980e-003
    1.01497397e-003 2.13605678e-003 0. 8.54463491e-004 0. 0. 0.
    1.46120228e-003 0. -6.50205911e-005 0. 0. 0. 0. 0. 0.
    1.52008021e-002 0. -8.42157078e-006 3.52573674e-003 0.
    5.38266380e-004 -8.58809974e-004 1.78088783e-004 1.89322641e-003
    3.92046338e-003 0. -1.45964923e-005 4.41227620e-003 6.98054559e-004
    0. 0. 1.87063811e-003 0. 2.37546908e-003 0. 0. 0. 2.20081629e-003 0.
    -1.58304302e-003 0. 0. 2.94274505e-004 0. 0. 0. 5.01002651e-003
    1.75680697e-003 -8.35868879e-004 2.22345558e-003 0. 0.
    2.41644215e-003 1.00932475e-002 0. 1.35916355e-003 1.82611344e-003
    0. 0. 0. 0. 3.76144727e-003 0. 0. 0. 0. 2.33461871e-003 0.
    -1.76479144e-003 5.33746788e-003 6.72146212e-004 0. 0. 0. 0.
    -4.27686347e-004 1.10685837e-003 3.72920511e-003 0. 0. 0.
    1.56096264e-003 0. 0. 0. 2.05960590e-003 0. 2.76216143e-003
    1.39885023e-003 0. 3.81577993e-003 1.48860330e-003 0. 0. 0. 0. 0.
    1.67013277e-004 0. 0. 6.98826974e-003 0. 3.59516661e-003 0. 0. 0.
    4.93663130e-004 0. 0. 0. 1.24497395e-002 0. 0. 1.22205645e-003
    2.35719737e-004 0. 0. 0. 3.47007415e-003 0. 7.76074594e-004
    5.44881623e-004 3.54679534e-003 0. 0. 2.39829207e-003 0. 0. 0. 0. 0.
    5.27520804e-003 7.87042174e-003 -7.88973935e-004 0. 0.
    1.31194119e-003 5.40895620e-003 0. 1.80217880e-003 6.68229244e-004
    0. -1.63102177e-005 -8.93732504e-005 -3.32375057e-004
    1.59205287e-003 -8.33949656e-004 0. 0. 5.57910511e-003 0. 0. 0. 0.
    0. 0. 0. 3.54038842e-004 8.49654619e-003 3.06312740e-003
    3.97177180e-003 0. 2.32172967e-003 0. 0. 9.82421800e-004
    3.84852244e-003 0. 0. 0. 4.38424665e-003 4.37163888e-003
    2.70163873e-004 0. 7.73736043e-004 5.59340464e-003 1.24331389e-003
    -2.51316116e-004 0. 0. 9.86319128e-003 0. 0. 0. 4.08973405e-003
    -1.27808726e-003 0. 0. 0. 0. 6.00185758e-003 0. 0. 0. 0. 0.
    1.10089626e-004 0. 1.56864364e-004 4.38994961e-003 4.75719897e-003
    0. 0. 0. 0. 1.52232894e-003 5.69907855e-003 2.05812231e-003 0. 0. 0.
    0. 1.23427599e-003 0. 0. 0. 0. 1.03218062e-003 0. -8.51317192e-004
    0. 0. 3.38940695e-003 0. 4.27465094e-003 -2.82340188e-004
    8.75941187e-004 2.77071935e-003 0. 1.75198901e-003 -3.95162555e-004
    0. 7.20008451e-004 0. 4.88173123e-003 0. 3.56234203e-004 0. 0. 0.
    1.28097332e-003 0. -1.66739439e-004 4.62894375e-003 0. 0.
    8.73261713e-004 1.09640986e-003 1.13556767e-003 1.86398730e-003 0.
    1.54961715e-003 1.92722294e-003 1.12622906e-003 0. 0.
    4.17238887e-004 2.74468702e-003 0. 1.42094609e-003 1.14689313e-003
    3.20625748e-003 1.22802169e-003 0. 0. 0. 0. 1.13869905e-002 0. 0. 0.
    1.19643649e-002 1.43750513e-003 0. 0. 0. 3.76502401e-003 0. 0.
    7.28347979e-004 6.39935303e-003 5.43683348e-003 0. 0.
    4.34892048e-004 0. -2.11663981e-004 0. 4.02780669e-003 0. 0. 0.
    2.32146773e-003 0. 6.78007305e-003 9.02184099e-003 0. 0. 0.
    2.23998353e-003 1.28052849e-003 0. 0. 3.35693266e-003
    8.38254765e-003 0. 0. 9.39673744e-003 2.73247203e-003 0. 0. 0.
    -4.53550711e-005 7.97327317e-004 0. 0. 0. 0. 0. 1.42072011e-002 0.
    2.51279119e-003 -1.12205604e-003 9.40685999e-003 5.73823974e-003 0.
    0. 0. 4.01067222e-003 2.02294695e-003 0. 4.57412796e-003 0.
    -1.71463529e-004 0. 1.32209831e-003 0. 0. 0. 0. -7.93728163e-004
    -2.47377466e-004 0. -7.67129881e-004 3.14356177e-003 0.
    7.41184573e-004 1.01220643e-003 3.73766711e-003 0. 0. 0. 0.
    -4.33611625e-004 0. 0. 0. 5.19443012e-004 0. 4.23180824e-003 0.
    1.34180288e-003 0. 0. 7.74780056e-004 0. 4.97294124e-004
    3.57746775e-003 2.11580377e-003 9.49385227e-004 0. 0. 0. 0. 0. 0. 0.
    -1.86307321e-003 -1.17763923e-003 0. 2.11390643e-003 0.
    5.46596712e-005 0. -2.98792234e-004 2.36400869e-003 0.
    7.83460506e-004 -1.36453123e-003 0. 7.65398052e-003 -4.88104677e-004
    3.46060912e-003 0. 0. 2.12175399e-003 0. 0. 2.64916639e-003
    1.33900275e-003 7.97236245e-003 0. 0. 2.72124773e-003
    2.14348634e-004 0. 0. -2.16008397e-003 0. -4.25001344e-005 0.
    8.82343203e-003 0. 0. 7.04195118e-004 0. 0. 0. -1.53975131e-003 0.
    0. 0. -1.18729258e-004 0. 0. 0. 0. 0. -2.12879130e-003 0.
    5.46025811e-003 0. 0. 0. 1.77020545e-003 0. 0. 0. 9.36432625e-004
    2.05834536e-003 0. 0. 2.51466385e-003 0. 0. 0. 0. 0. 3.18636443e-003
    1.17257913e-003 0. 0. -7.41933763e-004 7.13817077e-003 0.
    1.08754879e-003 1.86685624e-003 0. 0. 0. -9.64349310e-004 0.
    6.98008633e-004 0. 1.83669166e-004 0. 7.76307145e-003 0.
    -5.02433337e-004 0. 1.40186574e-004 0. 0. 0. 0. 0. 7.47665239e-004
    8.10190663e-003 1.61874644e-003 -4.54703782e-004 0. -2.10003986e-004
    1.28118051e-002 -7.14623166e-005 0. 3.63680563e-004 0.
    4.44461548e-005 1.80238171e-003 0. -1.10712100e-003 0. 0.
    -4.89578641e-004 -1.08584540e-003 0. 0. 2.58051162e-003 0.
    5.61053818e-003 6.89103780e-003 0. 2.09835148e-003 1.69660593e-003
    0. 1.11878035e-003 4.40382306e-003 0. 2.87803076e-003 0.
    -5.48965298e-004 4.06812091e-004 0. 7.94555992e-003 0.
    7.53550965e-004 1.60341500e-003 1.66214176e-003 0. 4.39469906e-004
    0. 0. 2.11024843e-003 0. 3.03301815e-004 0. 2.28859135e-003 0. 0.
    -2.24934728e-003 8.54741968e-003 0. 4.51009395e-003 0.
    7.46550132e-003 0. 1.43097166e-003 0. 0. 6.60936988e-004 0. 0.
    4.44727950e-003 6.46765984e-004 0. 3.40671884e-003 1.41284929e-003
    1.25310360e-003 0. 0. 1.93668180e-003 0. 0. 0. 0. -1.07202749e-003
