<?xml version="1.0"?>
<opencv_storage>
<imageDescriptor type_id="opencv-matrix">
  <rows>1</rows>
  <cols>1000</cols>
  <dt>f</dt>
  <data>
    0. 2.13609403e-003 0. -3.57269222e-004 2.36509833e-003
    1.86187041e-003 2.58613331e-003 5.43036767e-005 7.70627894e-003 0.
    1.30897982e-003 8.74580292e-004 1.77875313e-003 1.56201073e-003
    9.28148103e-004 0. 7.51921209e-004 1.30211364e-003 0. 0.
    4.07880143e-004 0. -6.22449035e-004 0. 0. 0. 2.22276826e-003
    1.17198902e-003 0. 0. 0. 2.42104055e-003 0. 2.84370012e-003
    2.68381234e-004 0. -5.12833765e-004 6.50799077e-004 1.81911711e-003
    0. 0. -3.24974390e-004 7.12744752e-003 2.42587109e-003
    1.34756928e-003 6.17787382e-003 1.01703953e-003 2.16260087e-003 0.
    0. 1.45075249e-003 2.85735982e-003 0. 4.25660564e-003
    2.65590264e-003 0. 3.01651238e-003 0. 0. 3.11394059e-003
    4.03216435e-003 5.77867613e-004 1.24991318e-004 0. 0.
    2.49935489e-004 0. 0. 4.46082372e-003 2.46753613e-003 0.
    3.48698371e-003 2.16092705e-003 0. 1.90935703e-003 4.58522816e-004
    3.77593708e-004 0. 4.66881460e-003 8.33675731e-004 2.64375028e-003
    0. 3.76941607e-004 2.24806881e-003 -1.78928691e-004 0.
    2.46688421e-003 5.46269235e-004 6.84394152e-004 4.93833388e-004
    3.33515141e-004 1.70990403e-004 0. 4.85544762e-004 3.51157831e-003
    0. 0. 0. 5.76599175e-003 5.53771853e-003 1.41393451e-003
    9.99402720e-004 0. 0. 1.11099356e-003 7.03178532e-003
    -2.34473194e-003 4.85415912e-005 3.21025704e-003 2.95562111e-003
    2.21866462e-003 0. 8.00705864e-004 0. 0. 0. 0. 6.75483886e-003
    1.97283784e-003 5.58839832e-003 0. -3.55430966e-005 0. 0.
    1.59772331e-004 -8.25388342e-005 6.38124999e-003 0. 0. 0.
    2.41955393e-003 2.27370579e-003 4.12608357e-003 0. 1.72013312e-003
    -4.12046007e-004 3.60030541e-003 1.20392023e-003 1.12630269e-002
    2.00796663e-003 0. 2.14597979e-003 3.49080004e-003 0.
    6.93176233e-004 7.71994179e-004 0. 2.34175823e-004 8.39636079e-004
    0. 1.04032957e-003 -1.53701450e-003 0. 9.88253392e-004 0. 0.
    4.52972110e-003 1.90685224e-003 1.78475064e-004 7.84954929e-004
    3.86336644e-004 0. 7.08822452e-004 1.34328438e-003 0.
    1.15487061e-003 7.59293442e-004 0. 0. 0. 3.95328412e-003 0.
    -5.11107035e-004 0. 0. 1.60127296e-003 2.90325843e-003
    1.21353939e-003 0. 3.25583247e-003 3.45905952e-004 1.04918214e-003
    -4.21075965e-005 2.00671307e-003 0. 2.05533020e-003 0.
    6.70737587e-004 0. 0. 0. 6.39623264e-004 0. 1.23714586e-003
    5.32214122e-004 0. 4.26697115e-005 3.77428648e-003 2.54515652e-003
    0. 2.15848020e-004 2.14724173e-003 8.54621991e-004 -1.85719327e-004
    4.33697947e-004 0. 0. 4.44432953e-003 1.45899889e-003
    1.97973312e-003 2.19248832e-004 0. 1.22588919e-003 0. 0. 0.
    9.44854226e-004 0. -9.71847548e-005 3.68780806e-003 9.67599568e-004
    0. 1.12222659e-003 2.98661855e-003 0. 5.65388147e-003 0. 0. 0.
    1.57690072e-003 0. 1.96421426e-003 5.44953579e-003 -7.85499215e-005
    0. 0. 9.50609706e-003 3.37694678e-003 0. 0. 0. -3.76036856e-004
    8.30666220e-004 -1.04435625e-004 0. 0. 1.74911413e-003
    -9.29121394e-004 0. 8.57012288e-004 0. 9.88712418e-004
    4.78264643e-003 0. 0. 1.91983490e-004 6.66678138e-003
    1.95535924e-003 0. 1.65742438e-003 2.28962814e-003 0.
    1.72754831e-003 0. 1.92682270e-003 4.01765201e-003 0.
    5.47189964e-004 0. 3.13868071e-003 0. 0. 0. 1.15727063e-003
    5.33361128e-003 0. 3.52595304e-003 3.53566883e-003 0. 0. 0.
    5.69729717e-004 1.37955300e-003 1.62346789e-003 8.08034558e-004 0.
    0. 7.01905636e-004 0. -2.31679034e-004 6.04386255e-003 0.
    1.95407076e-003 0. 3.57093452e-003 8.30648816e-004 0.
    1.32065883e-003 0. 9.05370619e-003 2.70985765e-003 -1.78281276e-004
    1.34572352e-003 0. 3.41772358e-003 0. 8.24315124e-004 0.
    1.65443798e-003 0. 0. 2.54249154e-003 0. 2.19200365e-003
    3.50243552e-003 4.13591368e-003 0. 0. 0. 0. 1.21988960e-004 0.
    1.29720743e-003 2.13770592e-003 1.12484093e-003 1.36172632e-003 0.
    0. 7.44986953e-003 1.17733015e-003 0. 0. -1.11030065e-003 0. 0. 0.
    0. 4.00618708e-004 0. 0. 1.12915132e-003 2.09616017e-004 0.
    3.20550753e-003 0. 0. 3.29783722e-003 0. 0. 7.81117633e-005 0.
    1.64484186e-003 1.31146156e-003 5.79728221e-004 -4.68805723e-004 0.
    1.34913507e-003 0. 0. 0. 0. -2.02405429e-003 2.62910547e-003
    5.57325920e-003 3.65293678e-003 0. 9.63154715e-004 1.38532382e-003
    0. -1.61026302e-003 0. 0. 8.42857698e-005 0. 3.73250875e-003
    2.90367473e-003 0. 1.24224648e-003 0. 2.35892693e-003 0. 0. 0.
    -8.80775857e-004 1.95413362e-003 0. 4.83594398e-004 0.
    8.56550597e-003 -4.56849317e-004 3.91800981e-003 0. 2.77210237e-003
    0. 0. 4.90517647e-004 6.91552693e-003 6.16344856e-003
    5.10492653e-004 2.66057369e-003 0. 0. 3.06193903e-003 0. 0.
    6.78068213e-003 0. 1.79804803e-003 0. 0. 8.48948257e-004
    2.58162763e-004 5.58175612e-004 3.55487969e-003 0. 0. 0. 0.
    1.45385729e-003 -1.13395893e-003 7.26310723e-003 9.27170040e-004
    -1.90898671e-003 -8.71266820e-004 -2.89475953e-004 -4.94991022e-004
    0. 0. 5.25409123e-004 4.36232006e-003 2.83475500e-004 0.
    4.94909193e-003 0. 0. 3.56137352e-005 1.70737825e-004
    -2.50542915e-004 9.21881350e-004 0. 9.93558671e-004 -8.69512849e-004
    3.75483767e-003 3.91740214e-005 1.91799738e-003 0. 1.68048625e-003
    0. 0. 0. 0. 0. 0. 0. 0. 3.64626152e-003 0. -1.81068710e-004 0. 0. 0.
    1.34372886e-003 0. 1.64494338e-003 3.62629606e-003 2.85654998e-004
    1.75110612e-003 3.08502815e-003 0. 0. 1.80092733e-003
    1.14813668e-003 7.87173212e-003 3.08601535e-003 0. 0. 0. 0.
    6.15123077e-004 0. 0. 3.15547036e-003 -6.57735276e-004 0. 0. 0. 0.
    1.04832451e-003 2.53067445e-003 0. 0. -8.35221799e-005 0.
    2.73138314e-004 0. -2.59578781e-004 0. 2.82266083e-005
    3.00723314e-003 2.12849258e-003 7.58135211e-005 -1.67945458e-003 0.
    -8.77860992e-004 0. 0. 0. 0. 5.37280319e-003 1.02512515e-003
    1.77018228e-004 1.75723049e-003 0. -1.25770930e-005 1.93319481e-003
    6.45251805e-003 0. 0. 5.68632619e-004 0. 0. 0. 0. 1.75998849e-003 0.
    0. 0. 0. 0. 0. 0. 1.30994560e-003 0. 0. 0. 3.54196271e-003 0.
    1.36909622e-003 0. 1.71573262e-003 0. 0. 0. 0. -3.11818221e-005
    1.14805321e-003 0. 0. 0. 0. 3.14771314e-004 0. 0. -8.89953808e-004
    9.83199943e-003 -2.82072724e-004 0. -4.85043456e-005 4.53845598e-003
    7.93303084e-003 1.07786793e-003 5.26778866e-003 0. 0. 0.
    4.75816941e-003 0. 1.63735624e-003 -6.34054537e-004 2.93533807e-003
    1.25323306e-003 0. 0. 0. 0. 4.11324482e-003 9.26979724e-003
    2.76089669e-003 0. 0. -1.40698219e-003 2.07326096e-003
    1.99994445e-003 0. 4.05947538e-003 -7.57539994e-004 3.62575008e-003
    -1.64435571e-003 2.47661443e-003 0. 2.68278830e-003 6.19802217e-004
    0. -1.83299271e-004 5.10111358e-003 3.59334005e-003 0. 0.
    -6.15485595e-004 3.13766790e-003 5.12883591e-004 1.85902615e-003 0.
    7.95804197e-004 0. 0. -1.11516609e-004 3.81088560e-003
    -1.42588033e-005 0. 0. 7.50818115e-004 2.17191735e-003 0.
    3.67472158e-003 7.45527563e-004 2.10829638e-003 -8.96150770e-004 0.
    7.52142048e-004 0. 1.39989716e-003 -5.29035278e-005 0. 0. 0. 0. 0.
    0. 1.07907539e-003 0. -2.54247338e-004 0. -9.67535307e-005
    2.65330425e-004 0. 0. 7.94104126e-004 1.53505814e-003 0.
    2.44144630e-003 1.32042030e-003 0. -1.22595666e-004 5.26109571e-003
    0. 5.73116308e-003 0. 1.89574814e-004 5.23188093e-004 0.
    4.21539444e-004 0. 1.52138493e-003 2.88155256e-003 3.66996205e-003
    3.35277640e-003 2.23296718e-003 0. -9.97149618e-004 -2.41137110e-004
    -2.30648671e-004 -1.93621090e-004 0. 3.48820747e-003 0. 0. 0.
    1.38773106e-003 1.30052585e-003 6.16764929e-003 1.23430614e-003 0.
    -7.22462428e-004 3.17332591e-003 0. 8.67523951e-004 1.98048796e-003
    9.94648217e-005 0. 0. 2.86631263e-003 0. 0. 1.69087376e-003
    1.42613228e-003 -5.51967591e-004 0. 0. 3.72234453e-003 0. 0.
    1.27132714e-003 0. 2.53021950e-003 2.24819430e-003 7.02118859e-006
    1.00826239e-003 1.32946414e-003 0. 1.87022006e-003 8.74431571e-004
