<?xml version="1.0"?>
<opencv_storage>
<imageDescriptor type_id="opencv-matrix">
  <rows>1</rows>
  <cols>1000</cols>
  <dt>f</dt>
  <data>
    0. 0. 0. 0. 0. 1.29878183e-003 0. 0. 4.27512964e-003 0.
    1.94264890e-003 0. -2.07145745e-003 0. 0. 0. 2.26838281e-003
    3.28405201e-003 4.38091252e-003 0. 1.54467439e-003 9.25747771e-003
    0. 7.27397809e-003 -2.74791037e-005 -1.94848573e-003 0. 0. 0. 0. 0.
    7.40324007e-003 0. 0. 0. 1.57857267e-003 0. 0. 0. 5.59084699e-004
    2.47376226e-003 0. 0. 0. 0. 1.57497218e-003 2.37556431e-003
    9.49846697e-004 -9.85915103e-005 2.11196122e-004 0. 0.
    1.03844760e-003 3.81223462e-003 0. 0. 0. 8.18935572e-004 0. 0.
    4.33860440e-003 0. -1.42535556e-003 0. 0. 6.14204025e-003 0. 0. 0.
    5.70928818e-003 6.30994188e-003 1.10766729e-002 2.29350873e-003 0.
    3.62626277e-003 0. 0. 0. -1.33687735e-003 0. 0. 1.27526419e-003 0.
    0. 0. 1.03109458e-003 -2.83047440e-003 4.12497931e-004
    -1.51758816e-003 0. 0. 0. 1.31226960e-003 -1.52930443e-003 0. 0. 0.
    2.49871612e-003 0. 0. 3.04225716e-003 -5.06450934e-003 0.
    8.80510604e-004 0. -3.91282723e-004 0. 0. 0. 9.45619866e-003 0. 0.
    0. 0. 0. 2.63075461e-003 -1.50071632e-004 0. 3.19960271e-003
    1.60455122e-003 0. 2.06153654e-003 0. -3.00403277e-004 0. 0. 0. 0.
    1.35053480e-002 0. 0. 0. 0. 0. 0. 2.43031318e-004 0. 0.
    4.79679462e-003 1.81875227e-003 0. 0. 3.75824282e-003
    1.36041222e-002 -4.66462487e-004 0. 0. 8.27367418e-003
    4.95343655e-003 4.61970968e-003 -1.86414027e-003 1.47928413e-005 0.
    0. 0. 1.00357877e-002 0. 0. 0. 0. 0. 2.58633983e-003 0.
    1.95344840e-003 4.66218172e-003 0. 0. 0. -6.20158273e-004
    -8.71913449e-004 5.67979179e-003 4.31234250e-003 8.67081806e-004
    3.53406533e-003 0. 0. 9.64225270e-004 6.62777340e-003
    2.93345796e-003 0. 0. 2.06044572e-003 4.64690384e-003 0. 0.
    -1.72496343e-003 0. 2.31956888e-004 0. 0. 4.53133369e-003 0. 0.
    -5.32210106e-004 2.18136259e-003 0. 0. 0. 0. 0. -1.79873826e-003 0.
    0. 0. 0. 0. -6.95514318e-004 0. 0. 0. 0. 4.96018026e-003
    6.54370897e-003 0. 0. 6.77233736e-004 0. -2.63506221e-003 0.
    3.65957897e-003 6.50830509e-004 1.25183794e-003 1.57897230e-002 0.
    0. -7.46429723e-004 0. 0. 0. 0. 2.16974528e-003 5.83837554e-003 0.
    0. 0. 0. 0. 4.89296624e-003 0. 0. 0. 1.22503983e-003 0.
    6.34953286e-003 2.41019647e-003 7.65586505e-003 0. 0. 0.
    2.90685770e-004 1.65708922e-003 0. 0. 0. 0. 0. 0. 0. 0.
    2.36445991e-003 0. 0. 0. 6.67443639e-003 0. 0. 1.02582490e-002 0. 0.
    0. 0. 0. 0. 0. 3.56041346e-005 0. -5.80838707e-004 0.
    7.89425895e-003 0. 2.16540741e-003 0. -2.08526850e-003 0.
    2.27000355e-003 2.75016949e-003 0. -6.11257041e-004 0. 0. 0.
    1.59107428e-003 0. -9.94039583e-004 0. 0. 9.52958595e-004 0.
    1.92794029e-003 0. -3.38450976e-004 1.29846425e-003 0. 0. 0. 0. 0.
    1.03891501e-003 0. 0. 0. -2.43886909e-003 0. 0. 0. 0. 0. 0. 0. 0. 0.
    9.41774528e-003 0. 6.65907562e-003 0. 0. 0. 0. 1.23635889e-003 0.
    2.10997788e-003 4.06724494e-003 0. 0. 0. 0. 0. 0. 0. 5.44540072e-003
    0. 0. 3.50911380e-003 0. 0. 0. 8.64063477e-005 0. 0. 0. 0. 0.
    6.35025557e-003 0. 9.10044855e-006 0. 2.10535887e-004 0. 0. 0. 0.
    3.68773501e-004 0. 4.40225296e-004 0. 0. 0. 0. 0. 5.36918640e-003 0.
    6.21234253e-003 2.16621440e-002 1.38960115e-003 0. 4.04811371e-003
    8.10651854e-003 0. 0. 1.11673994e-003 2.28452613e-003 0. 0. 0. 0. 0.
    0. 0. 0. 0. 1.96309853e-003 0. 0. 8.91902542e-004 0. 0. 0.
    2.79279216e-003 0. 0. 2.39719381e-003 0. 0. 1.75459718e-003 0. 0. 0.
    0. 0. 0. 4.52560605e-004 0. 0. -1.17869279e-003 6.82297023e-003 0.
    0. -2.94805272e-003 0. 0. 3.06146522e-003 0. 2.72249035e-003 0. 0.
    -2.26818118e-003 0. 0. 0. 0. 0. 0. 5.78038907e-003 2.13323650e-003
    0. 0. 0. 0. 0. 0. -5.02030780e-005 0. 0. 0. 0. 0. 1.37260752e-002
    6.30896422e-004 4.72554937e-003 3.86478123e-003 0. 0.
    9.08581947e-004 0. 0. 1.37634203e-003 0. 0. 0. 0. 0. 0.
    2.82786321e-003 4.00740840e-003 6.95347739e-003 2.27833353e-003
    2.07322324e-003 0. 1.04965828e-003 -1.13202049e-003 0.
    -1.38651137e-003 0. 0. 7.30495201e-003 0. -2.11041552e-004
    7.64582132e-004 -3.08420090e-003 0. 6.83757523e-003 0. 0. 0.
    3.52556235e-003 7.41388765e-004 0. 0. 0. 0. 0. 0. 2.14483659e-003 0.
    0. 1.14031008e-003 0. 0. 1.35180796e-003 0. 0. 0. 0. 0.
    1.92531943e-003 0. 0. 8.19148205e-004 0. 1.02230336e-003
    1.39183411e-003 8.63228273e-003 3.28425691e-003 0. 0. 0. 0. 0. 0. 0.
    0. 0. 0. 0. 0. 0. 0. 0. 0. -2.57453561e-004 0. 0. 0. 2.50442093e-003
    0. 0. 8.62792484e-004 0. 0. 0. 0. 0. 1.31701613e-002 2.03287555e-003
    0. 0. 0. 0. 1.41139142e-002 2.70983699e-004 0. 0. 0. 0. 0. 0.
    1.73668598e-003 0. 0. 6.73982361e-003 2.65032589e-003 0. 0.
    4.72258916e-003 2.50707730e-003 6.20886590e-003 0. 0. 0.
    6.66952692e-003 0. 0. 0. 0. 3.67349340e-003 4.40271897e-003 0.
    -2.27219565e-003 -7.25616817e-004 0. 9.41258157e-004 0. 0.
    2.63619865e-003 5.50192688e-003 2.59840558e-003 1.73667748e-003 0.
    0. 0. 4.16811975e-003 9.42623522e-003 0. 0. 1.35712349e-003 0. 0.
    1.93720032e-002 0. 5.10008587e-003 0. 0. 0. 0. -1.06050086e-003
    7.87381176e-003 0. 0. -1.65510617e-004 0. 0. 0. 0. 0.
    3.52467364e-003 0. 0. 0. 0. 9.29854251e-003 0. 1.38713280e-003
    1.53491064e-003 2.19354522e-003 0. -5.92669530e-004 0. 0.
    2.94657052e-003 0. 0. 0. 2.06402456e-003 0. 0. 6.07382227e-003
    1.35243488e-002 0. 0. 2.66554113e-003 0. 0. 0. 0. 9.05821938e-003 0.
    0. 0. 0. 0. 0. 0. 0. 0. 0. 0. 0. 4.15929360e-003 0. 0.
    5.23550389e-003 0. 1.75383885e-003 0. 0. 0. 0. 0. 0. 3.50734481e-004
    0. 0. 0. 0. 0. 0. 0. 0. 0. 1.40719144e-002 0. 0. 3.48323979e-003 0.
    0. 0. 0. 0. 0. -1.68793951e-004 0. 3.13497242e-003 0. 0.
    2.49551479e-002 0. 0. 1.30742893e-003 0. 0. -4.23757592e-004 0.
    3.13695590e-003 2.33742804e-003 0. 0. 0. 0. 0. 3.28196469e-003
    1.39506599e-002 1.30079186e-003 0. 4.24663909e-003 0. 0. 0.
    -1.48988049e-003 9.24428180e-003 0. 0. 0. 0. 0. 0. 0. 0. 0. 0.
    1.48474155e-002 2.03048679e-004 1.63961231e-004 6.58222148e-003 0.
    0. -7.19624004e-005 2.60668481e-003 0. 0. 0. 0. 0. 0. 0.
    3.19566083e-004 0. 0. 0. 0. 0. -3.11371405e-003 1.05260080e-002 0.
    0. 4.14937494e-005 0. 0. 0. 0. 0. 3.18039674e-004 0. 2.12896476e-003
    0. 0. 4.23314981e-003 1.77109626e-003 0. 0. 0. 0. 0. 2.72282842e-003
    0. 0. 0. 0. 0. 0. 0. 1.96753885e-003 8.21212865e-003 0. 0. 0.
    1.35554583e-003 0. 0. 0. 0. 0. -3.02196876e-003 0. 0. 0.
    1.48768874e-003 0. 0. 1.29780406e-003 0. 0. 1.34885088e-002
    8.37733154e-004 1.61568448e-002 0. 0. 2.92769377e-003 0. 0.
    5.41447056e-003 0. 0. 4.68511228e-003 0. 0. 0. 0. 0. 1.19676488e-005
    0. 0. 0. 0. 0. 0. 0. 0. 0. 0. 0. 0. 0. 0. 0. 9.57896060e-004 0.
    8.89000390e-003 0. 0. 0. 0. 0. 5.79754170e-003 5.51475026e-003 0. 0.
    0. 0. 0. 0. 0. 0. 2.49557034e-003 0. 0. 0. 0. -2.76270614e-004 0. 0.
    0. 0. 0. 1.48227636e-003 1.10773626e-003 8.99726059e-004 0. 0.
    -2.46484950e-003 0. 6.48999773e-003 0. 6.01595966e-003
    -1.33212889e-004 0. 1.18389530e-002 0. 9.67221335e-003
    -1.96342869e-003 1.33127091e-003 0. 0. 0. 0. 0. 0. 3.62406834e-003
    0. 0. 0. 0. 0. 0. 0. 0. 0. 0. 3.98998242e-003 0. 2.16823630e-003 0.
    0. -3.92298726e-003 0. 0. 0. 0. 1.74666883e-003 0. -2.77878833e-004
    0. 0. 2.01638299e-003 1.97367743e-003 1.44223985e-003
    1.26775820e-003 0. 0. 0. 1.70043134e-003 3.37887119e-004 0. 0. 0. 0.
    0. 0. 0. 0. 0. 6.77703368e-003 0. 0. 0. 0. 0. -3.02025187e-003 0. 0.
    0. 0. 0. 0. 0. 0. 0. 6.57113211e-004 0. 0. 0. 6.70518726e-003
    1.77169882e-003 8.50451645e-003 0. 0. 0. -3.39555484e-003 0.
    4.22164239e-003 0. 0. 0. 0. 3.29756713e-003 0. 0. 0. 0. 0. 0. 0.
    2.84551922e-003 0. 0. 2.24235049e-003 2.78725778e-003 0. 0.
    1.99528574e-003 2.66709295e-003 0. 8.55210877e-004 0. 0. 0. 0.
    1.86626834e-003 0. 0. 0. 0. 0. 0. 5.60569623e-003 0. 0.
    1.66032137e-003 0. 0. 0.</data></imageDescriptor>
</opencv_storage>
