<?xml version="1.0"?>
<opencv_storage>
<imageDescriptor type_id="opencv-matrix">
  <rows>1</rows>
  <cols>1000</cols>
  <dt>f</dt>
  <data>
    1.76074752e-003 0. -3.16553545e-004 -2.87085772e-004 1.53572159e-003
    9.28722881e-003 0. 2.74635083e-003 0. 2.61503854e-003 0.
    2.28715502e-003 1.16053782e-003 0. 0. 3.15978425e-003 0. 0.
    1.80018949e-003 2.12854287e-003 1.99621776e-003 1.02507602e-003
    4.26729256e-003 0. 1.96622196e-003 5.58449537e-004 0. 0.
    5.20465721e-004 1.47645571e-003 0. 8.16982880e-004 3.56374985e-005
    2.07799510e-003 7.55265879e-004 1.68104982e-003 0. 5.22792526e-003
    0. 0. 9.89026390e-004 0. 1.50317408e-003 2.24066572e-003
    1.97055307e-003 7.49415893e-004 0. 0. 0. 1.35869009e-003
    -8.42673908e-005 -6.80674042e-004 0. 1.31607649e-003 0.
    6.60942122e-003 0. -2.44281115e-003 2.28864118e-003 2.44936236e-004
    5.68388088e-004 3.00143426e-003 -3.32493328e-005 1.72971399e-003
    7.22785573e-003 0. 0. 0. 1.90863316e-003 4.34435951e-003 0.
    -1.40734701e-004 0. 0. 2.46766140e-003 3.68291442e-003 0. 0. 0.
    1.13725918e-003 2.55031115e-003 0. 0. 1.63525494e-003 0. 0. 0.
    2.98966351e-003 3.04922833e-005 1.42618513e-003 1.26221369e-003
    4.31016699e-004 -9.96791641e-004 0. 0. 0. 0. 8.37674655e-004
    1.75191406e-002 0. 5.24196366e-004 4.69671609e-003 1.31185027e-003
    1.03307022e-004 0. 0. 2.06249976e-003 6.02718582e-003 0.
    -2.52324302e-004 0. 0. 0. 1.42882473e-003 1.00927171e-003
    9.52180300e-004 1.45401713e-003 0. 0. 0. 5.61090885e-004
    8.27517943e-006 0. -2.58639746e-004 -4.90692328e-005 0. 0.
    1.26103917e-003 9.77498014e-004 5.29022131e-004 5.95983025e-003 0.
    1.65561773e-003 0. -3.49432754e-004 5.00755559e-004 0. 0. 0. 0. 0.
    0. 5.28363511e-003 0. -1.69152580e-003 0. 2.91877962e-003
    6.34155702e-003 3.93853663e-003 -6.58461009e-004 7.74926366e-003
    -3.04286578e-003 0. 4.55890549e-005 -3.45729059e-004
    -7.53275617e-006 4.12775064e-003 1.00311846e-003 1.56973221e-003 0.
    1.58827053e-003 -1.88267545e-003 0. 3.05286935e-003 1.33189675e-003
    0. 0. 0. -8.03732721e-004 5.56605170e-004 -2.60078930e-004 0.
    3.39334190e-004 8.92370532e-004 0. 2.24283431e-003 4.16592648e-003
    0. 9.28822992e-005 0. 0. 0. 1.23148202e-003 3.66588574e-005
    -3.01920081e-004 9.59775527e-004 0. 0. 0. 0. 0. 2.56452616e-003
    -1.26415014e-003 5.44574624e-003 3.22113920e-004 0. 0. 0. 0.
    4.89186612e-004 1.27929472e-003 3.80115258e-003 3.69013334e-003
    1.10140676e-003 0. 3.75223637e-004 0. 0. 8.14411673e-004 0. 0.
    6.30241062e-004 0. 1.42145087e-003 0. 0. 1.64616550e-003 0.
    -2.92892597e-004 0. 0. 8.66192277e-004 1.70538947e-003
    4.05274797e-004 0. 2.84091895e-003 0. 0. 0. 3.57292453e-003 0. 0. 0.
    2.97971442e-003 0. 0. 5.80834830e-003 -1.13231567e-004
    1.35249528e-003 0. 0. 2.10641930e-003 7.82706367e-004
    2.99854932e-004 0. 0. 0. -4.58744384e-004 0. 3.06854979e-003 0. 0.
    0. 0. 0. -5.78990985e-005 2.23346567e-003 0. 4.69317863e-004 0. 0.
    0. 1.30927679e-003 0. 0. 0. 1.70581019e-003 0. 3.54996911e-004 0. 0.
    0. 4.37407847e-003 1.76320423e-003 0. 4.12061764e-003
    1.19760894e-004 4.22121584e-003 3.66338645e-004 1.26420730e-003
    -4.44603211e-004 5.14652580e-003 0. 8.43707589e-004 0. 0. 0.
    1.46006641e-003 1.28470990e-003 0. 0. -9.27761837e-004
    6.26446074e-003 0. 4.54602670e-003 0. 0. 3.24856839e-003 0.
    6.70328271e-003 3.14001250e-003 3.32542753e-004 0. 0. 0. 0.
    -1.02314493e-003 0. 0. 3.47871333e-004 0. 3.56747373e-003 0. 0.
    1.60114327e-003 2.80428585e-003 7.13927380e-004 1.28464086e-003
    8.64190108e-004 0. 1.66690769e-003 0. 2.50550656e-004 0. 0.
    -5.39657311e-004 0. 1.79450482e-003 2.09076656e-003 0. 0. 0. 0. 0.
    0. -3.44597589e-004 0. 6.74087089e-003 6.65627012e-004 0. 0.
    4.22097422e-004 -1.25815882e-003 -9.58316203e-004 1.53629174e-002
    1.29103416e-003 0. 1.90191180e-003 0. 6.64740044e-004
    -1.00733259e-005 8.28209682e-004 0. 0. 4.95267777e-005 0. 0.
    -2.06721117e-004 0. 0. 0. -1.69498101e-003 2.70456029e-003
    1.64218154e-003 1.29132299e-002 3.87190055e-004 4.29390115e-004
    -5.39636065e-004 -2.53834354e-004 1.22691982e-003 3.91791528e-003 0.
    1.32737076e-003 0. 2.63014971e-003 1.01456174e-003 1.17397797e-003
    0. 1.46899244e-003 5.64647547e-004 0. 0. 0. -4.00912511e-004
    3.40401777e-004 0. 9.57001187e-003 7.36582675e-004 2.33625108e-003
    0. 7.45244324e-003 7.82122253e-004 9.73593968e-004 8.64010828e-004
    0. -1.30281190e-003 0. 0. 7.23433972e-004 0. 5.18506533e-003
    1.66126946e-003 3.03416373e-003 0. 0. 5.94486657e-004
    6.26035966e-003 0. 2.68235058e-003 2.40856758e-003 -1.24669750e-003
    0. 2.74615595e-003 7.03618221e-004 3.99388446e-005 2.75965035e-003
    0. 1.24735245e-003 1.33466802e-003 2.20420377e-004 0. 0.
    1.34335458e-003 0. 0. 0. 0. 9.46347427e-005 0. 0. 3.01016099e-003
    -1.59763847e-003 1.15377479e-003 8.10730853e-004 3.11643863e-003
    -9.38237572e-005 0. 1.63660164e-003 0. 3.64510133e-003
    -8.18317698e-004 1.02149881e-003 0. 3.80184501e-004 0. 0. 0.
    9.06444679e-004 -2.11298326e-003 2.43982836e-003 2.57824478e-003
    1.28187693e-003 2.36982340e-003 0. 0. 1.23669312e-003
    1.12811557e-003 0. 1.73845468e-003 0. 0. 0. 0. 1.18637853e-003
    4.19791369e-003 1.42191409e-003 0. 0. 1.25689164e-003 0. 0.
    3.37029528e-003 3.01863346e-003 0. -8.24911462e-004 1.40334631e-003
    1.01421494e-003 0. 4.55429436e-005 -6.09419018e-004 9.82094277e-003
    2.94121797e-003 6.67857646e-004 0. 0. -6.21341023e-005
    2.07182649e-003 0. 0. 0. 2.04540603e-003 -1.03103148e-003
    1.04602950e-003 0. 0. 3.87087144e-004 0. 0. 0. 0. 0. 0.
    -8.43055663e-004 0. 0. 0. 0. 0. 1.69822713e-003 0. 0. 0.
    3.40742478e-003 4.52580117e-003 0. 2.19791522e-003 0.
    8.33557453e-004 0. 8.40210356e-004 1.11482758e-002 0. 0. 0.
    1.69055944e-003 0. 0. 2.99305678e-003 0. 0. 0. 9.47776251e-004
    7.27442210e-004 3.03141936e-003 0. 6.35368167e-004 0.
    2.52675707e-003 0. -1.45546859e-003 0. 6.58072706e-004 0. 0.
    1.47401227e-003 0. 0. 0. 0. 0. -4.55111061e-004 2.14598374e-003 0.
    0. 0. 4.88688762e-004 0. 3.36049940e-003 0. 9.77440272e-004 0.
    3.05533968e-003 0. 1.72692095e-003 0. 0. 0. 5.63299691e-004
    1.16788596e-003 0. 0. 0. 0. 1.28132850e-003 0. 0. 3.67443520e-003 0.
    0. 0. 0. 0. 7.02569308e-003 1.52138539e-003 0. 0. 1.08102232e-003 0.
    -7.52462365e-004 4.85317130e-003 0. 1.60388346e-003 0. 0.
    2.62353825e-003 2.17502541e-003 0. 2.05699384e-004 0. 0.
    1.28515647e-004 0. 7.05572485e-004 1.41631637e-003 1.40425295e-003
    0. 2.12561310e-004 2.24222871e-003 1.17965904e-003 0. 0.
    2.92353157e-004 0. 0. 1.41531206e-003 0. 9.91491950e-004
    -1.21236117e-004 5.92847005e-004 0. 0. 1.48549257e-003
    2.65140226e-003 0. 0. 0. 0. 7.74998916e-003 0. 0. 0. 2.76102405e-003
    0. 1.43838068e-003 0. 0. 0. 2.43336530e-004 0. 0. 4.02704999e-003
    8.99141014e-004 0. 8.40297202e-004 6.81587378e-004 2.45454721e-003
    0. 1.14560174e-002 9.19964514e-004 0. 2.58990144e-003
    1.38738833e-003 0. -2.97501567e-004 4.11983521e-004 5.18597953e-004
    9.88689717e-004 -2.10029597e-004 3.28213209e-004 -1.23178482e-003 0.
    0. 3.51427542e-003 3.81173054e-003 0. -5.31712903e-005
    5.00893779e-003 2.80573964e-004 2.01124488e-003 1.97921321e-003 0.
    0. -1.98365582e-004 0. 6.70587993e-004 0. 0. 0. 7.01138657e-003
    6.82461308e-004 2.49281130e-003 7.88247492e-003 7.19698472e-003
    4.30180738e-003 0. -3.78686993e-004 4.42005461e-003 0. 0.
    2.25227396e-003 0. 1.11089749e-002 2.06224225e-003 2.64024187e-004
    0. 1.06127502e-003 0. -2.60308571e-003 0. 1.06787472e-003 0.
    -8.88674695e-005 1.61425245e-003 0. 2.22354755e-003 -6.83941646e-004
    -2.41546120e-004 0. 0. 0. 1.46857672e-003 1.73701090e-003
    -5.19760128e-004 0. 0. -6.49280264e-004 7.01345387e-004
    1.27368839e-003 0. 0. -3.48197151e-004 0. 1.78412616e-003
    1.39638700e-003 2.11157184e-003 1.19752076e-003 0. 1.33696187e-003
    0. 0. 3.51497228e-003 7.68352416e-004 0. 0. 5.26754535e-004 0.
