<?xml version="1.0"?>
<opencv_storage>
<imageDescriptor type_id="opencv-matrix">
  <rows>1</rows>
  <cols>1000</cols>
  <dt>f</dt>
  <data>
    0. 6.96914271e-003 0. 2.58646789e-003 1.63624319e-003 0.
    -3.64576350e-003 0. 3.89434281e-003 3.39956162e-003 0. 0. 0. 0.
    1.56333740e-003 0. 3.76135833e-003 0. 0. 0. 0. 0. 0. 8.36003758e-003
    0. 0. 0. 0. 0. 0. 3.80852143e-003 0. 0. 1.65874907e-003 0.
    -4.12660564e-004 3.82100116e-003 0. 0. 0. 2.93967128e-003 0. 0.
    1.60524913e-003 0. 0. 2.08522263e-003 3.75510775e-003 0.
    2.27422803e-003 0. 0. 1.32709583e-002 2.04245234e-003 0.
    1.17966323e-003 0. 0. -5.18600980e-004 -2.82194419e-003 0. 0. 0. 0.
    0. 0. 0. 1.33843801e-003 1.81733572e-003 0. 0. 0. 0. 0.
    2.99551524e-003 6.17866963e-003 3.39006679e-003 0. -8.18521832e-004
    -3.83182429e-003 1.95903471e-003 0. 0. 8.15712498e-004
    -9.65912361e-004 2.94562965e-003 0. 0. 0. 0. 0. 2.68159527e-003 0.
    4.65560611e-003 0. 0. 0. 4.26922599e-003 0. 6.62716432e-003
    7.00406265e-004 0. 2.76222156e-004 0. 3.35333776e-003 0. 0. 0. 0. 0.
    0. 0. 0. 8.71463213e-003 0. 0. 0. 0. 0. 0. 5.04067866e-003 0. 0. 0.
    0. 0. 0. 0. 0. 0. 0. 0. 0. 7.16303149e-003 8.45660921e-003 0. 0. 0.
    0. 0. 0. 2.78700679e-003 7.63881812e-003 0. 0. 3.77210579e-003 0.
    -8.55545397e-004 0. 0. 5.01393923e-004 0. 0. 0. 0. 0.
    6.16421597e-003 0. 4.57686279e-003 0. 0. -2.64396821e-003 0. 0. 0.
    0. 6.52324467e-004 4.28458583e-003 0. 4.15991293e-003
    5.37069188e-003 0. 3.25119612e-003 0. 8.96505080e-003 0. 0. 0. 0.
    4.15130565e-003 0. 0. 5.34617016e-003 0. 0. 0. 1.24041438e-002 0. 0.
    0. 0. 0. 1.81426003e-003 1.37996236e-002 0. 0. 0. 0. 0.
    4.61099530e-003 0. 3.46681743e-004 0. 6.11331314e-004 0. 0.
    5.63824177e-003 0. 0. 0. 0. 2.05137790e-003 3.35539039e-003
    2.01956904e-003 0. 1.73762795e-002 0. 0. 0. 0. 2.33448786e-003 0. 0.
    0. 0. 0. 0. 0. 0. 2.60467059e-003 5.76227903e-003 0. 0. 0. 0. 0. 0.
    0. 3.70573136e-003 0. 0. 0. 0. 0. 0. 0. 0. 0. 0. 0. 1.18653022e-003
    0. 8.21458455e-003 8.19226727e-003 0. 1.08867267e-003 0. 0. 0.
    9.03797976e-004 0. 0. 0. 0. 0. 7.10373139e-003 2.05700379e-003 0. 0.
    0. 0. 6.85796747e-003 0. 0. 0. 0. 0. 1.80276646e-003 0. 0. 0. 0. 0.
    0. 0. 0. 0. 0. 0. 0. 1.88150199e-003 0. 3.49193113e-003 0. 0. 0. 0.
    3.74215841e-003 0. 8.83552013e-004 0. 7.05649052e-003 0.
    -3.76588177e-005 0. 3.53105570e-004 0. 0. 0. 7.38900900e-003 0.
    5.05030667e-003 0. -6.31530769e-004 0. 2.20285798e-003
    3.68938805e-003 0. 4.68674907e-003 0. 0. 0. 0. 0. 1.22977153e-003 0.
    0. 3.84031795e-003 0. 0. 2.46403785e-003 0. 0. 0. 0. 3.29608191e-003
    -6.19164784e-004 0. 0. 0. 0. 0. 0. 0. 2.17735447e-004 0. 0. 0. 0. 0.
    0. 0. 0. 0. 0. 0. 0. -2.21530301e-003 2.26869574e-003
    4.86522494e-003 0. 0. 0. 0. 7.58776721e-003 0. 0. 0. 3.15834582e-003
    0. 0. 0. 0. 0. 6.01512659e-003 0. 0. -9.77680102e-005
    -1.77850758e-004 0. 0. 0. 2.07035467e-002 0. 0. 1.62635592e-003
    1.66930142e-004 1.43739372e-003 0. 0. 0. 1.36725232e-003 0. 0. 0. 0.
    0. 0. 0. 0. 0. -1.76212855e-003 -2.28264905e-003 0. 6.90224953e-003
    1.11964217e-003 7.36317784e-003 0. 0. 0. 3.98520753e-003 0. 0.
    -9.48638597e-004 0. 0. 1.24609808e-003 6.75006770e-003 0. 0. 0.
    3.27157497e-004 9.18709394e-003 0. 1.99458376e-003 0.
    -1.26460334e-003 0. 0. 0. 2.46317382e-003 0. 0. 0. 0.
    -8.62418849e-004 0. 0. 0. 1.04882875e-002 0. 0. 0. 0. 0. 0. 0.
    2.20574322e-003 0. 0. -3.22247623e-004 3.64976143e-003
    -2.38743401e-003 0. 0. 0. 3.88704153e-004 1.97159778e-003
    2.64434889e-003 -1.48384192e-003 0. 1.42728211e-003 0. 0. 0. 0.
    3.62080452e-003 0. 0. 0. 0. 0. 0. 0. 0. 0. 0. 2.48205941e-003 0. 0.
    -3.53048177e-004 0. 0. 0. 0. 0. 8.27234983e-003 0. 0. 0. 0. 0. 0.
    -5.92333148e-004 0. 0. 0. 8.68497416e-004 0. 0. 0. 0. 0. 0. 0. 0. 0.
    0. -2.63861311e-003 9.84262116e-003 7.75684312e-004 0. 0. 0.
    1.39278464e-003 0. -2.63478752e-004 4.28555766e-003 0. 0. 0.
    1.31182512e-002 3.46093206e-003 1.24823174e-003 0. 0. 0. 0. 0. 0. 0.
    -2.83085625e-003 0. 0. 0. 6.45923615e-003 0. 0. 1.55991232e-002 0.
    2.19454779e-003 0. 0. 3.61974072e-003 0. 0. 0. 0. 5.10426564e-003 0.
    9.01344977e-003 0. 0. 0. 0. 0. 0. 0. 0. 0. 0. 0. 4.36659995e-003 0.
    0. 3.18808923e-003 1.30804405e-002 0. -1.74050889e-004
    1.24885922e-003 0. 0. 0. -1.85971905e-003 0. 0. 0. 6.07995223e-003
    0. 0. 0. 0. 0. 3.16259800e-003 1.80915685e-003 1.66065600e-002 0. 0.
    0. 4.72012121e-004 1.59122201e-003 0. 0. 0. 0. 0. 0. 0. 0. 0. 0. 0.
    0. 5.29247895e-003 1.37694238e-004 0. 0. 2.58997153e-003 0.
    1.52720162e-003 0. 0. 0. 0. 0. 9.15933750e-004 0. 0. 0. 0. 0. 0. 0.
    0. -2.79730582e-003 0. 0. 0. 8.23561288e-003 0. 1.88803184e-003
    2.80818250e-003 0. 5.83503256e-003 0. 9.31597874e-003
    5.03450690e-004 0. 0. -3.02948710e-003 0. 0. 0. 0. 0. 0. 0. 0.
    1.01447152e-002 0. 6.57541037e-004 1.16046183e-002 0.
    2.66938601e-002 3.22473398e-003 2.40019918e-003 0. 0.
    2.24115746e-003 0. 0. 1.89475308e-003 9.13034542e-004 0. 0. 0. 0. 0.
    0. -9.93423746e-005 7.14513659e-003 0. 2.05298141e-003 0. 0.
    -2.64692795e-003 0. 0. 0. 0. 0. 0. 0. 0. 1.11494411e-003 0. 0. 0. 0.
    0. 0. 0. 0. 0. -4.72704589e-004 0. 0. 8.10893951e-004 0. 0. 0. 0.
    6.72212744e-004 0. 0. 9.95562528e-004 5.46703173e-004 0. 0.
    4.33339644e-003 0. 0. 0. 1.16770319e-003 0. 0. 0. 0.
    -2.96315644e-004 0. 0. 3.29516106e-003 0. 5.56477904e-003 0. 0. 0.
    0. 0. 8.65566253e-004 0. 4.07241634e-004 0. 1.10468140e-003 0. 0. 0.
    2.37436360e-003 0. 0. 0. 0. 0. 0. 0. 0. 3.10127682e-004 0. 0.
    1.14158951e-002 3.21820425e-003 0. 1.99087523e-003 -1.68904103e-003
    2.04058946e-003 0. 0. 2.27794773e-003 0. 0. -2.16943258e-003 0.
    1.05254268e-002 0. -7.27217353e-004 0. 0. -6.02272979e-004
    6.33995095e-003 0. 2.40765372e-003 -1.61905331e-003 0. 0. 0.
    5.54320822e-003 0. 0. 0. 2.99772224e-003 3.29222949e-003 0. 0.
    8.75273347e-003 0. 1.23441755e-003 0. 0. 0. 0. 2.14101258e-003 0. 0.
    0. 0. -1.52042799e-003 0. 6.34648930e-003 0. 0. 2.78005376e-003
    -1.11736893e-003 0. 0. 0. 8.25607777e-003 0. 0. 0. 0.
    1.00735500e-002 -8.91672098e-005 0. 0. -4.90145944e-003 0.
    6.26592245e-003 1.21968426e-003 1.83511386e-003 0. 0.
    8.13982449e-004 0. 0. 0. 0. 0. 0. 0. -2.93307239e-003 0. 0. 0. 0. 0.
    1.50498247e-003 0. 2.73820595e-003 1.73601985e-003 5.95608901e-004
    0. 0. 0. 0. 4.24850918e-003 0. 0. 0. 0. 0. 4.13398864e-003 0. 0. 0.
    9.69456043e-003 0. 0. 0. 2.27456801e-002 0. 2.23738514e-003
    8.01716559e-003 8.14099051e-003 -9.48567875e-004 0. 0. 0. 0. 0. 0.
    0. 0. 0. 0. 6.08909060e-004 1.78554642e-003 0. 0. 2.90040881e-003 0.
    0. 5.46825165e-003 0. 0. 6.75962167e-003 6.19221595e-004
    1.46128563e-002 -2.04140716e-003 3.34307714e-003 0. 0. 0.
    1.30880310e-003 0. 4.14527627e-003 0. 0. 0. 1.07575720e-003
    4.20732796e-003 6.42502774e-003 0. 0. 0. 1.96732511e-003
    6.15471508e-003 0. 0. 0. 0. 0. 0. 4.39510652e-004 7.62594072e-003 0.
    0. 0. 0. 0. 1.05730061e-004 0. 5.96122723e-003 0. 0.
    -4.71400272e-004 0. 0. 0. 0. 8.80295353e-004 0. 0. 0. 0.
    1.25825533e-003 0. 0. 1.39363026e-002 0. 0. 5.21815475e-003 0. 0.
    -2.88788602e-003 0. 0. 0. 0. 9.25975107e-003 0. 3.00284359e-003 0.
    0. 0. 0. 1.33954519e-002 0. 0. 0. 0. 0. 0. 0. 0. 8.01116694e-004 0.
    0. 0. 0. 0. 0. 0. 3.88215925e-003 4.48878622e-003 0. 0.
    9.06274468e-003 0. 0. 0. 0. 0. 0. 0. 1.61927601e-003 0.
    7.85502663e-004 0. 0. 0. 0. 0. 1.92362699e-003 0. 0. 0. 0. 0. 0. 0.</data></imageDescriptor>
</opencv_storage>
