<?xml version="1.0"?>
<opencv_storage>
<imageDescriptor type_id="opencv-matrix">
  <rows>1</rows>
  <cols>1000</cols>
  <dt>f</dt>
  <data>
    0. 0. 0. 1.37922558e-004 0. 0. 0. 6.40474784e-004 1.31328199e-002
    3.55661707e-003 0. 0. -1.39412179e-003 0. 0. 0. 1.09399459e-003
    4.25445661e-003 4.40929364e-003 0. 1.91204948e-003 0. 0. 0. 0.
    5.36474690e-004 4.42065857e-003 0. 0. 0. 0. 1.52163371e-003 0. 0.
    2.04847520e-003 0. -4.02353238e-004 -1.50312262e-003 0. 0.
    1.32259186e-002 0. 1.04030734e-002 -1.04258605e-003 6.40107552e-003
    5.31842932e-003 2.26930575e-003 6.99944678e-004 6.42687082e-004
    -4.95524378e-004 -2.36135931e-003 0. 0. 0. 0. 1.34640289e-002 0. 0.
    1.47746154e-003 0. 1.02999099e-002 0. 5.94415003e-004 0. 0. 0. 0. 0.
    0. 0. -5.66120900e-004 3.57738161e-003 1.95229368e-003 0. 0.
    8.98526981e-003 3.87605955e-003 2.14997702e-003 3.07813007e-003 0.
    5.76737337e-004 0. 0. 0. -1.41722383e-003 2.30724807e-003
    5.70394145e-003 2.85177911e-003 2.11363728e-003 0. 0.
    8.16630898e-004 7.93169346e-003 1.16033631e-003 5.62903588e-004 0.
    0. 2.19910312e-003 0. 0. 0. 0. 0. 0. 3.84598330e-004 3.90632637e-003
    0. 7.02898949e-003 0. 0. 4.84631956e-003 6.29390415e-004
    -9.28040681e-005 0. 1.87171763e-003 1.91658433e-003 0. 0. 0. 0.
    -5.56002022e-004 0. 0. 2.54111644e-003 0. 3.44998529e-003 0. 0.
    1.52013851e-002 0. 0. 0. 6.64157374e-003 7.25828402e-004 0.
    1.62978738e-003 1.04581460e-003 -2.61880050e-004 0. 0. 0.
    2.89718434e-003 0. 1.95700838e-003 0. -5.26598282e-003
    8.38851789e-004 -5.67966017e-005 0. 0. 1.61995541e-003 0.
    -9.29951028e-004 1.64591381e-003 2.76121660e-003 5.60474023e-003 0.
    8.89985822e-004 1.57316821e-003 0. 0. -1.29265175e-003 0. 0. 0. 0.
    4.60011372e-003 0. 4.46171919e-003 -3.07631795e-003 0.
    1.77129533e-003 0. 0. 0. 4.24568192e-004 -1.60048215e-003
    5.72723569e-004 0. 8.72276351e-003 0. 0. 0. -1.63865602e-003 0.
    -3.67035303e-004 0. 0. -3.03917588e-003 0. 0. 0. 0. -8.42432783e-004
    0. 0. 0. 0. 0. 0. 0. 0. 3.51724937e-003 -5.77409344e-004 0.
    -3.01496102e-003 0. 5.99267008e-003 1.22657744e-003 8.95583362e-004
    0. 1.03338491e-002 -5.56241197e-004 2.00184528e-003 0. 0.
    2.06224178e-003 0. 1.54126639e-004 0. 0. 0. 2.20850599e-003 0. 0. 0.
    0. 0. 0. 0. 0. 0. 0. 7.01274257e-003 0. 0. 6.82952488e-003
    4.00068890e-003 0. 9.76916961e-003 2.05140770e-003 0.
    3.49422544e-003 0. 1.06601715e-002 0. 5.06612891e-003 0.
    5.90453739e-004 4.76823916e-004 0. 0. 0. 0. 0. 0. 0. 0.
    1.40978547e-003 0. 1.29722469e-002 1.85818190e-003 0. 0.
    -5.66711242e-004 1.86425983e-003 0. 0. 0. 0. 3.31259752e-003 0. 0.
    0. 0. 0. -1.93040108e-003 6.40137179e-004 2.34258431e-003 0. 0. 0.
    1.66802929e-004 0. 0. 1.07768523e-002 5.94150915e-004
    5.80453454e-003 1.81026221e-003 0. 0. 0. 0. 0. 1.24945063e-002 0. 0.
    3.09789740e-003 9.52993927e-004 0. 0. 0. 0. 0. 1.05428905e-003 0. 0.
    0. 0. 0. 1.42837018e-002 -8.78667750e-004 5.32564288e-003 0. 0. 0.
    0. 9.76540428e-003 5.44371456e-003 0. 5.69493859e-005 0.
    1.63050205e-003 3.74265714e-004 0. 2.36577558e-004 0. 0.
    -5.19294525e-004 0. 0. 0. -1.65414496e-003 0. 0. 2.05711555e-003 0.
    -6.98516902e-004 0. 0. 0. 3.95510695e-004 0. 2.54994398e-003 0. 0.
    4.40324610e-003 2.48969928e-003 -3.27181799e-004 0. 6.34188624e-003
    0. 0. 2.93931866e-004 0. 0. 0. 6.24009233e-004 0. 2.85363686e-003 0.
    1.32156443e-002 7.33973982e-004 1.22860621e-003 1.20719522e-003
    6.41559577e-003 0. 4.14032629e-003 0. 4.14220244e-003 0. 0.
    7.22809986e-004 0. 6.99721929e-003 2.79484611e-005 5.51920757e-003
    8.67982395e-003 1.23791881e-002 0. -6.64486142e-004 0. 0. 0. 0. 0.
    5.11169946e-003 0. 0. 0. 0. 0. 0. 0. 1.10990666e-002 0.
    9.08091199e-003 0. 3.76555399e-004 0. 0. 0. 0. 1.83791143e-003
    3.44981952e-003 8.64898041e-003 0. 0. 0. 0. 0. 0. 0.
    -1.59022561e-003 4.33932245e-003 0. 3.68602085e-003 0. 0.
    1.22734187e-002 2.25628517e-003 0. 0. 1.16895349e-003 0.
    -6.89218403e-004 0. 0. 0. 0. 0. 0. 3.50128231e-003 2.16130429e-004
    -2.95903388e-004 0. 0. 0. 0. 0. 0. 0. 0. 0. 2.49600783e-003 0. 0. 0.
    0. -1.43683830e-003 1.34429766e-003 0. 0. 0. 0. 0. 0.
    1.44920370e-003 0. 2.89029093e-004 0. 0. 0. 2.11050455e-003 0. 0.
    6.90143462e-003 0. 0. 4.41492209e-003 8.04413389e-003 0. 0. 0. 0. 0.
    0. 0. 0. 0. 0. 1.97623740e-003 8.14316142e-003 0. -1.85059698e-003
    0. 0. 4.98627964e-003 0. 0. 0. 1.29381358e-003 0. 0. 0.
    4.75922134e-004 1.65924383e-003 0. 0. 0. 0. 0. 0. 0. 0. 0. 0.
    4.64011915e-003 0. 0. 0. 0. 0. 9.61037702e-004 2.64251698e-003 0. 0.
    5.04602538e-003 0. 1.85391412e-003 0. 0. 0. 0. 0. 6.77799806e-003
    5.91839664e-003 0. 0. 4.29884298e-003 2.06844346e-003
    -5.59903681e-004 0. 3.39311990e-003 -3.83927347e-003 0. 0.
    -2.16824980e-003 7.68133160e-003 0. 0. 0. 9.14453471e-004 0.
    3.36487289e-003 -1.42972590e-003 0. 0. 4.46603727e-003 0. 0. 0. 0.
    4.30156058e-003 0. 0. 0. 0. 2.73138867e-003 0. 0. 0. 0. 0. 0. 0.
    -2.40077451e-003 0. 0. 0. 0. 8.09609238e-003 3.72828986e-003 0. 0.
    0. -1.07217021e-003 0. 0. 0. 0. 1.20697333e-003 0. 8.69947835e-005
    0. 0. -2.03622924e-003 0. 0. 8.66969116e-004 0. 0. 0. 0. 0. 0. 0. 0.
    2.09511211e-003 0. 0. 0. 0. 0. 0. 0. 1.06822606e-002 0. 0. 0. 0. 0.
    0. 0. 2.29124026e-003 -8.86292139e-004 0. 7.08941370e-003 0. 0. 0.
    0. 0. 0. 0. 0. 1.44492183e-002 1.19148858e-003 0. 0. 4.89080977e-003
    0. 4.45466256e-003 0. 0. 0. -1.13586197e-003 0. 0. -2.16422239e-004
    0. 0. 1.29876204e-003 0. 0. 1.45260745e-003 0. 0. 1.45965279e-003
    4.68420221e-005 1.87288236e-003 0. 1.94914103e-003 0.
    3.97101603e-003 1.85646361e-003 0. 9.09500668e-005 0.
    1.11594819e-003 0. 0. 0. 0. -1.58772594e-003 6.33085333e-003
    4.96330089e-004 1.91883548e-004 0. 0. 0. 0. 0. 0. 0.
    -1.28310334e-004 0. 0. 2.83222226e-003 1.09025615e-003 0. 0.
    1.04341505e-003 1.22012883e-004 0. 0. 1.65547617e-003 0. 0.
    2.21861387e-003 0. 5.18851867e-003 0. 0. 3.59409605e-004 0. 0. 0.
    1.72647170e-003 0. 2.35028495e-003 0. 0. 0. 0. 0. 6.47068548e-004
    1.93899951e-003 0. 1.83284115e-002 0. 1.21944607e-003 0. 0. 0.
    1.14126725e-003 0. 0. 0. 0. 0. 0. 0. -7.92107458e-005
    2.11273145e-004 0. 1.12552184e-003 5.49864210e-003 5.40273613e-004
    0. 3.67608061e-003 0. 0. 1.50174147e-003 -1.57152140e-003
    5.13642999e-006 0. 0. 0. 0. 0. 0. -2.94311380e-004 0. 0. 0. 0. 0.
    5.71619021e-003 1.58215605e-003 0. 0. 0. 1.60318962e-003
    1.53169630e-003 0. 1.09866157e-003 0. 8.69497191e-004
    3.45944869e-003 1.86621572e-003 3.90865316e-004 0. 5.87759947e-004
    2.28416710e-003 0. 0. 0. 0. 0. 0. 2.59633455e-003 0. 4.18402115e-003
    0. 5.53172831e-005 0. -1.86942960e-003 0. -1.38243893e-004
    3.22404318e-003 0. 8.59669410e-003 0. 0. 0. 0. 2.23833238e-004 0. 0.
    0. 0. 0. 3.67810309e-004 3.58840008e-003 5.10367798e-003
    3.71320243e-003 0. 0. 5.55775361e-004 0. 1.21327424e-002 0. 0.
    1.64881092e-003 0. 0. 0. 2.27486272e-003 0. 0. 1.36743234e-002
    -5.94258490e-005 0. 2.20102840e-003 1.82961673e-003 0.
    9.49287787e-003 1.83864718e-003 6.16716361e-003 0. 1.38797821e-003
    0. 0. 2.76177283e-003 2.41074580e-004 0. 1.38903642e-002
    7.99238030e-003 0. 0. 0. 0. 0. 0. 9.87551524e-004 0. 3.58044798e-003
    0. 0. 6.32499624e-003 2.38765706e-003 0. 0. 8.76278558e-004
    8.63122637e-004 0. 0. 0. 2.16619298e-003 0. 0. 1.70901685e-003 0.
    4.07372741e-003 1.55796658e-003 0. 0. 0. 4.94888984e-004 0.
    1.17294956e-003 0. 0. 0. 2.01777439e-003 0. 0. 0. 0. 0.
    -2.93162023e-003 0. 0. 3.11747356e-003 -4.98646696e-004 0. 0.
    1.66689791e-003 -7.12125679e-004 8.74540186e-004 0. 0. 0. 0. 0.
    6.73004775e-004 0. 0. 8.96886643e-003 0. 0. 0. 2.18047551e-003 0. 0.
    1.31074544e-002 -9.56952106e-004 0. 0. 0. 7.20676593e-003 0. 0. 0.
    0. 0. 0. 0. 9.56820417e-003 0. -1.74353691e-003 0. 1.92606077e-003
    0. 2.11937237e-003 4.06594994e-003 0. 0. 7.63142889e-005 0. 0. 0. 0.
