<?xml version="1.0"?>
<opencv_storage>
<imageDescriptor type_id="opencv-matrix">
  <rows>1</rows>
  <cols>1000</cols>
  <dt>f</dt>
  <data>
    0. 0. 0. 0. 0. 3.81595502e-003 -5.52997633e-004 8.02309951e-004
    9.55479743e-004 6.28501060e-004 -9.16038873e-004 0. 0. 0. 0. 0. 0.
    4.24662186e-003 0. 0. 1.64773816e-003 1.14088674e-004
    2.23579351e-003 0. 0. 0. 0. 0. 1.82380085e-003 0. 0. 0. 0.
    2.71461136e-003 1.46578811e-003 0. 0. 0. 0. -8.96369165e-004 0. 0.
    0. 1.17576048e-002 4.14973730e-003 0. 0. 0. 2.05044053e-003 0. 0.
    2.19206163e-003 0. 2.55859504e-003 -7.25337304e-004 0.
    2.23581772e-002 0. 1.05274154e-003 8.06119200e-003 0. 0.
    5.75084239e-004 0. 0. 0. 9.85592138e-004 0. 0. 0. 0. 1.99720077e-003
    0. -1.81758805e-005 7.23879272e-003 2.17921566e-003 0. 0. 0.
    1.09343720e-003 0. 0. 0. 0. 7.28667947e-003 0. 0. 0. 1.20460463e-003
    0. 0. 0. 1.85280398e-004 0. 0. 1.56247790e-003 1.12136884e-003 0. 0.
    1.33190840e-003 1.98749662e-003 1.30170025e-002 0. 0.
    -1.61765027e-004 0. 0. 0. 0. 1.85568247e-003 1.36803882e-003
    1.49064669e-002 0. 0. 0. 6.29976252e-003 0. 5.10544330e-003
    5.92387095e-003 8.49040167e-004 3.82729340e-003 0. 8.69985233e-005
    0. 0. 3.68777360e-003 3.19434633e-003 0. 7.27268751e-004
    7.81029835e-003 0. -4.10045078e-003 0. 6.70808414e-003 0. 0. 0.
    2.30602018e-004 0. 0. 0. 0. 9.87789477e-004 0. 0. 0. 0. 0. 0.
    7.73463282e-004 -1.79685000e-003 7.12073408e-004 3.55273066e-003
    4.20784717e-003 4.55155689e-003 0. -2.53837812e-003 0.
    5.42419869e-003 1.37285434e-003 3.35068302e-003 0. 0. 0. 0. 0. 0. 0.
    0. -3.56198754e-004 0. 0. 0. 0. 3.04815639e-003 0. 8.85467883e-003
    0. 0. 3.60261602e-003 5.78476756e-004 0. 0. 0. 0. 0. 7.41684856e-003
    0. 0. 1.08678898e-004 0. 0. 0. 5.71167562e-004 0. 6.44475129e-003
    3.34959295e-005 6.43466180e-003 0. 2.86881276e-003 -9.40471131e-004
    0. 0. 0. 3.75996064e-003 -2.79740919e-003 8.44209280e-004 0. 0. 0.
    0. 1.43249927e-003 0. 0. 0. 0. 0. 4.69514256e-004 0. 0. 0. 0.
    1.88669236e-003 0. 0. 0. 0. 0. 1.86884031e-003 0. 0. 0. 0. 0.
    2.25669588e-003 -2.22318922e-003 0. 0. 0. 1.33855734e-003 0.
    9.02706664e-003 0. 3.63508146e-003 0. 0. 0. 4.84527182e-003
    1.71425438e-003 2.03882533e-004 0. 0. 3.47490917e-004
    1.20031191e-002 0. 0. 4.75991704e-003 1.16662204e-003
    3.85045749e-003 7.84306973e-003 2.66812928e-003 2.16757553e-003
    -2.76003528e-004 0. 0. 0. 2.39518820e-003 7.63448467e-003 0. 0. 0.
    4.31085099e-003 0. -1.23365794e-003 -4.65430319e-004 0.
    3.31827137e-003 6.40502945e-003 2.30545318e-003 0. -4.21656849e-004
    -2.51268997e-004 3.93826840e-003 5.67237148e-003 3.84761021e-003 0.
    0. 0. 0. 0. 1.18201808e-003 3.02635366e-003 0. 0. 0. 0. 0.
    1.64169830e-003 9.10451345e-004 0. 1.45555381e-003 0. 0. 0. 0.
    1.75116968e-003 0. 1.40883576e-003 0. 0. 0. 0. 0. 0. 0.
    1.50300609e-003 7.88298156e-003 3.18004959e-003 4.32800123e-004
    1.49567588e-003 4.13076486e-003 0. 0. 0. 0. 0. 0. 2.60216463e-003 0.
    0. 0. 7.20896758e-004 0. -8.58970743e-005 0. 0. 4.57726372e-003
    3.38354474e-003 0. 0. -1.53531891e-003 0. 0. 0. -5.78517465e-005 0.
    0. 4.60099755e-003 0. 0. 3.57830431e-004 1.32913142e-003
    1.32864551e-003 5.73714904e-004 1.49482477e-003 0. 7.89685291e-004
    0. 0. 5.66094695e-003 0. 0. 0. 0. 0. 0. 0. 0. 0. 9.68136068e-004 0.
    6.60256250e-004 0. 1.01188468e-002 8.21358990e-003 0.
    3.92809184e-003 7.59264920e-003 0. 7.26435287e-003 0.
    9.70144116e-004 0. 0. 0. 6.89325796e-004 1.58380030e-003 0.
    2.56873458e-003 -2.93803078e-005 0. 0. -9.42474813e-004
    8.92040227e-003 2.31181015e-003 0. 1.96069665e-003 0. 0. 0. 0. 0.
    -8.64148722e-004 4.46898805e-004 0. 0. 0. 4.20418894e-003 0. 0. 0.
    8.77006853e-004 2.03166832e-003 1.80749851e-003 0. 0.
    4.84115939e-004 2.55269231e-003 -7.77555397e-003 0. 0. 0. 0. 0. 0.
    -1.36047008e-003 0. 1.20399275e-003 9.02340922e-004 0.
    -3.15439102e-005 5.27177844e-003 1.10022016e-002 0. 0. 0. 0.
    6.45872345e-003 0. 0. 0. 2.19916419e-005 0. 0. 1.23034487e-003 0.
    3.58408317e-004 0. 0. 0. 0. 0. 0. 0. 0. 3.72270867e-003 0.
    6.44690404e-003 4.50987369e-003 0. 1.72145350e-003 0.
    1.91019441e-003 9.35426157e-004 0. 0. 6.44212682e-003 0. 0. 0.
    1.51896907e-003 -4.02351608e-003 7.27471570e-003 0. 0.
    3.15384567e-003 4.80635371e-003 0. -2.05590809e-003 4.98582143e-003
    1.34417452e-002 1.65729062e-003 3.39075853e-003 0. -5.51623059e-004
    2.70109158e-004 4.55835543e-004 1.85082469e-003 0. 3.98131320e-003
    0. 0. 0. 5.98446559e-003 6.93421904e-003 0. 5.22585399e-003 0. 0. 0.
    0. 4.64015262e-004 0. 0. 0. 0. 0. 0. 0. 0. 0. 0. 0. 0. 0. 0.
    3.85726755e-003 -2.16612732e-003 3.75919882e-003 7.39526562e-003
    3.32639040e-003 5.08666737e-003 0. 4.37000347e-003 0. 0.
    8.04554671e-003 6.86459767e-004 0. 0. 0. 0. 0. 0. 1.82520412e-003
    7.50537962e-003 0. 0. 0. 0. 0. 0. 0. 0. -1.66546018e-003
    1.01877889e-002 1.16320595e-003 -1.21007359e-003 7.58938026e-003
    4.33455734e-003 -1.94992195e-003 5.53693529e-003 -6.90778135e-004
    4.47695516e-003 1.10420980e-003 2.60599959e-003 0. 0.
    3.49637150e-004 0. 6.97676605e-003 0. 3.23755294e-003
    1.79806480e-003 0. 0. 3.83390822e-002 7.15810631e-004 0. 0. 0.
    6.52183779e-004 0. 0. 0. 0. 0. 0. 0. 4.11587348e-003 0. 0.
    3.26015684e-003 0. 0. 1.47453859e-003 0. 6.76698401e-004
    3.32552101e-003 -5.78527921e-004 0. 0. 0. 1.56423066e-005 0. 0.
    6.57361350e-004 0. -8.23946146e-004 -5.82267414e-004 0.
    4.52920794e-003 0. 2.41369475e-003 0. 0. 4.02440224e-003 0. 0. 0. 0.
    3.91857279e-003 0. 0. 0. 0. 0. 0. 0. 0. 2.63683614e-003
    1.72677566e-003 0. 7.94479437e-003 -9.68811626e-004 8.97820806e-004
    0. 0. 0. 0. 0. 0. 0. 4.26217867e-003 0. 0. 0. 1.12609321e-003 0. 0.
    0. 0. 4.06461477e-004 0. 0. 0. 1.07120806e-002 1.41823769e-003 0. 0.
    1.65366707e-003 1.22043719e-004 0. 0. 2.45749741e-003 0. 0.
    -1.12492451e-003 0. 0. 0. 0. 0. 0. 0. 0. -3.90417385e-003
    1.56324659e-003 0. -9.47855224e-005 0. 0. -3.90013913e-004
    -1.50872418e-003 -1.31437695e-003 0. -3.26887442e-004 0. 0. 0. 0.
    1.93930219e-003 9.11962939e-004 0. 0. 5.83089236e-003 0.
    1.73557829e-003 0. 1.99742895e-003 0. 1.29579403e-003 0.
    4.57677743e-006 0. 0. 0. 0. 4.05014172e-004 0. 1.63162930e-003
    2.21803239e-005 1.01873116e-003 0. 0. 0. 0. 0. 0. 0. 0. 0. 0. 0. 0.
    3.54100438e-003 6.43246050e-004 0. 0. 0. 3.75438691e-003 0. 0. 0.
    7.93813728e-003 0. -7.33065535e-004 0. 0. 0. 0. 0. 6.12522522e-003
    0. 5.22862747e-003 0. 3.01128393e-003 4.49427590e-003
    2.03339220e-003 0. 4.93527972e-004 -1.71426669e-004 4.97681368e-003
    0. 0. 0. 3.51591175e-003 0. 0. 0. 0. 2.84934440e-003 0. 0.
    -5.97200007e-004 -6.56951626e-004 1.07722438e-003 1.07803964e-003 0.
    0. 0. 0. 2.94441683e-003 0. 0. 2.14372948e-003 1.17219554e-003
    4.77713579e-003 6.44974702e-004 1.56013726e-003 0. 0.
    8.41317931e-004 0. 2.39313347e-004 0. -1.06885203e-003
    2.15068995e-003 0. 1.47932337e-003 4.87540010e-003 0.
    6.56374684e-003 1.18424662e-003 -2.57273950e-003 0. 0. 0. 0.
    2.71581742e-003 0. 1.02263014e-003 -5.81731547e-005 3.27925547e-003
    0. -1.51514469e-004 5.20444475e-004 0. -1.61346703e-004
    2.30115745e-003 1.24367292e-003 7.69996643e-003 -9.00881889e-004 0.
    0. 0. 0. 0. 0. 8.38911626e-004 -2.63045367e-004 6.32414958e-005 0.
    0. 0. 0. 1.71362970e-003 -2.65459530e-004 0. 7.22062821e-003 0.
    1.63427868e-003 0. 0. 0. 0. 0. 2.87977164e-003 0. 0. 0. 0.
    1.08356890e-003 0. 0. 0. 8.35520565e-004 0. 0. 0. 0. 0. 0. 0. 0.
    1.80597638e-003 1.63575774e-003 2.34151771e-003 6.14930457e-003
    3.79558769e-003 2.91288691e-003 2.03352235e-003 0. 1.28781667e-003
    5.16081136e-003 0. 3.12589272e-003 1.58031832e-003 0. 0. 0.
    3.52806482e-003 1.07630168e-003 1.07358175e-003 0. 0. 0. 0.
    4.00552526e-003 3.28967872e-004 1.02993986e-002 2.68759206e-003 0.
    0. 0. 0. 0. 0. 0. 0. 2.70184968e-003 4.03588027e-004 1.56874862e-003
