<?xml version="1.0"?>
<opencv_storage>
<imageDescriptor type_id="opencv-matrix">
  <rows>1</rows>
  <cols>1000</cols>
  <dt>f</dt>
  <data>
    -7.90545237e-005 6.34832354e-003 0. 0. 0. 0. 0. -1.96542800e-003
    1.79094495e-004 0. 0. 0. 0. 1.54969946e-003 0. 0. 3.31037852e-004
    1.48741354e-003 3.45648034e-003 0. 4.35856543e-003 0.
    7.79463910e-003 0. 0. 1.08172931e-003 0. 0. 0. 0. 0. 1.20772179e-002
    -8.78186838e-004 3.24358093e-003 0. -1.04393170e-003 0. 0.
    3.34303244e-004 0. 1.66707463e-003 0. 1.61236431e-003
    7.29643914e-004 4.41515213e-003 0. 8.13476858e-004 1.41420530e-003
    0. 0. 0. -9.43172956e-004 0. -8.73185752e-004 -1.79282870e-004
    7.72609701e-003 0. -2.45592720e-003 0. 5.76098077e-003 0.
    1.34041463e-003 0. 0. 0. 2.85090553e-003 0. 1.43386296e-003 0.
    3.43930279e-003 0. 4.02651541e-003 0. 1.69671280e-003 0.
    1.57934299e-003 5.50103141e-004 8.49663047e-004 0. 0.
    2.39851675e-003 -5.62224654e-004 0. 6.32572873e-003 0.
    -2.92295218e-003 0. 0. 1.23742968e-003 -7.87775032e-004 0.
    3.52250226e-003 0. 5.84768306e-004 0. 0. 0. 9.65412764e-004
    4.72861901e-003 0. 0. -1.63390778e-003 0. 0. 1.05694681e-003
    1.11605600e-003 0. 8.30704253e-003 0. 3.57216131e-003
    1.53074204e-003 0. -9.46253305e-004 0. 4.37239604e-003 0. 0. 0.
    3.06647294e-003 0. 0. 0. 0. 0. 0. 4.93885623e-003 0. 2.69220816e-003
    -4.95611690e-004 3.49927199e-004 0. 0. -1.43621757e-003 0. 0.
    2.32384191e-003 0. 0. 0. 0. 5.99634834e-004 7.03157915e-004 0.
    1.80539035e-003 1.24850415e-003 0. 1.89670559e-003 1.74430525e-003
    0. 0. 9.64542292e-003 1.77701621e-003 0. 5.27213374e-003
    1.64748239e-003 7.38804811e-004 0. -1.11494614e-004 2.12353971e-002
    0. 8.35520588e-003 0. 0. 3.05300741e-003 0. 0. 1.56011840e-003 0.
    1.50978041e-003 0. 3.78919300e-003 0. 0. 7.97840883e-004 0. 0.
    4.50380798e-003 0. 1.39270164e-003 0. 1.77040696e-003 0. 0. 0. 0.
    1.31713843e-003 5.75683371e-004 4.22940357e-004 0. 0. 0. 0.
    4.86024655e-003 0. 0. 0. 0. 0. 0. 0. 1.61314220e-003
    -8.77168379e-004 4.58341185e-003 -5.79462619e-004 9.29163769e-004
    -2.81784538e-004 0. 0. 0. 0. 3.42219416e-003 0. 0. 0.
    -1.67906968e-004 0. 0. 0. 0. 1.43754680e-003 -4.09293862e-004
    4.90784505e-003 1.94928271e-003 0. 6.11057552e-003 0.
    -7.94119027e-004 0. 0. 0. 0. 0. 0. 1.12087559e-002 0. 0.
    -6.77004891e-006 0. 0. 2.81475158e-003 0. 0. 3.78038455e-003 0.
    2.60680774e-003 2.23720237e-003 0. 0. 0. 0. 0. 0. 0. 0.
    2.94576352e-003 0. -7.38204166e-004 0. 0. 0. 0. 2.39344174e-003 0.
    1.65563065e-003 0. 0. 0. 0. 0. 3.89655936e-003 3.03171901e-003
    -4.84482123e-004 2.20243470e-003 -1.35893445e-003 0. 0.
    -2.71753932e-004 1.51902775e-003 0. 1.07388024e-003 2.60148733e-003
    1.50510867e-004 2.84722098e-003 0. 0. 0. 0. 0. 1.92651723e-003 0. 0.
    3.65777779e-003 0. 0. 0. 6.09062938e-003 1.78332208e-003 0.
    2.65359110e-003 0. 2.23938213e-003 8.71125725e-004 2.87087518e-003
    4.04740078e-003 -1.53530680e-004 -5.89522999e-004 0. 3.50304553e-003
    0. 0. -7.89644313e-004 0. 0. 0. 0. 0. 0. 0. 1.61785644e-003
    4.44191787e-003 0. 0. 0. 0. 0. 4.18775110e-003 0. 0. 0.
    2.40947265e-004 0. 0. 1.32742943e-003 -3.52230971e-004 0. 0. 0.
    1.24345743e-003 0. 0. 0. 7.29650608e-004 0. 0. 3.26769636e-003
    1.16463029e-003 0. -8.19274108e-004 0. 0. -1.98530906e-004 0.
    -1.08444779e-004 5.37658809e-003 0. 0. 0. 1.30333016e-002
    1.78900559e-003 4.44534561e-003 0. 0. 7.09621992e-004
    3.43761919e-003 2.17047450e-003 -1.43021124e-003 1.84903882e-004
    1.58435549e-003 1.57139520e-003 2.26996490e-003 0. 0.
    4.75540815e-004 9.19292332e-004 2.52424949e-003 0. 0. 0. 0.
    9.44743399e-004 6.40436308e-003 0. 0. 1.47983478e-003 0. 0. 0.
    4.07987172e-005 0. 1.02966756e-003 0. 0. 1.68411864e-003
    -1.30396249e-004 0. 7.77352462e-003 0. 0. 3.23708588e-003 0. 0. 0.
    0. 0. 0. 3.20338272e-003 0. 0. 5.44523820e-003 0. 1.61339052e-003
    1.32412417e-003 0. 0. 0. -4.01249330e-004 0. 0. 7.87458033e-004 0.
    0. 0. 0. 0. 0. 0. 0. 0. 0. 8.42371839e-004 0. 0. 1.64823863e-003
    4.81602969e-003 0. 0. 0. 0. 0. 0. 0. -3.48855974e-004 0. 0. 0. 0.
    2.00033234e-003 3.74727091e-003 1.85710401e-003 5.22059621e-003
    1.44644629e-003 0. -3.81789258e-004 0. 0. 0. 0. 4.72153304e-003
    5.42314025e-003 3.21310596e-003 2.07070424e-003 4.43279184e-003
    2.88087665e-003 0. -1.13539502e-003 0. 0. 1.76971452e-003
    2.90560769e-003 0. 7.18921376e-003 0. 0. 0. 0. 0. 3.19389417e-003 0.
    2.58899597e-003 0. 7.08696665e-003 1.51539152e-003 2.45508272e-003
    1.29939127e-003 1.17136294e-003 0. 1.60554389e-003 0. 0. 0.
    1.66602265e-002 0. -8.89960793e-005 0. 1.43908476e-003 0. 0.
    2.12907139e-003 0. 0. 3.28498916e-003 2.62594386e-003
    2.07136478e-003 0. 4.48364066e-004 0. 0. 1.33587641e-003
    1.36688119e-004 -8.49564502e-004 0. 0. 1.08538207e-003
    -7.63213029e-004 -2.55295588e-003 0. 0. 0. 0. 5.55187056e-004
    1.24060661e-002 0. 0. 0. 1.62416452e-003 5.18555520e-003
    8.58013576e-004 0. 0. 1.02903845e-003 1.97688956e-003 0.
    9.31233284e-004 8.26781383e-004 2.43749077e-004 0. -1.21932756e-003
    4.13064333e-003 0. 0. 0. 0. 0. 1.32681406e-003 0. 0. 1.75891723e-003
    0. 0. 0. 0. 0. 1.09122659e-003 0. 0. 0. 2.79680570e-003
    5.10420650e-003 0. 0. 0. 0. 0. 1.80151849e-003 0. 0. 0. 0.
    2.94276350e-003 9.66980821e-004 0. 1.46633631e-003 2.18367972e-003
    0. 0. 0. 0. 0. 2.92601739e-003 0. 4.37590061e-004 0. 0. 0. 0. 0.
    -7.08322332e-004 3.92090902e-003 0. 3.00964271e-003 1.12815957e-004
    1.59752520e-003 0. 6.79227570e-003 0. 5.26794407e-004 0.
    1.27547624e-004 0. 0. 0. 2.55850377e-003 1.75648823e-003
    -1.90584117e-003 4.85777250e-003 0. 1.20818638e-003 0.
    3.59303347e-004 0. 6.04131492e-003 4.20103827e-003 0.
    3.02105589e-004 6.63017901e-003 0. 0. 8.75455211e-004
    2.63682776e-003 9.66357824e-004 5.34660835e-003 8.62901565e-003
    -2.02475186e-003 0. 0. 0. 1.16551563e-003 3.21824057e-003 0. 0. 0.
    7.27507286e-004 -1.90917508e-005 1.96546386e-003 1.28797442e-003 0.
    0. 6.04067417e-003 0. 0. 0. 0. 2.40061549e-003 1.09925726e-002
    8.25672061e-004 2.74601160e-003 0. 2.69964384e-003 -2.18250882e-003
    1.22889923e-003 0. 7.73210020e-004 0. 0. 0. 0. 0. 0. 0.
    2.11122772e-003 0. 0. 0. 2.45554186e-003 0. 0. 0. 0. 2.36638985e-003
    9.90730594e-004 2.78874347e-003 0. -9.15353012e-004 4.13818611e-003
    2.09426551e-004 0. 0. 0. 5.21115772e-003 4.96772071e-003
    1.28736917e-003 2.97852443e-004 0. 0. 0. 0. 1.61231647e-003 0.
    1.87096000e-003 0. 0. 1.43612153e-003 6.39083143e-003 0.
    2.65113194e-003 0. -4.38018120e-004 0. 2.05751974e-003
    3.82987806e-003 0. 5.98661788e-003 0. 2.26647709e-003
    4.54300689e-003 0. 2.15555541e-003 0. 0. 0. 1.24059676e-003
    4.14417870e-003 0. 0. 0. 0. 0. -1.21495128e-003 0. 4.32109646e-003
    1.44472963e-003 -1.26851746e-003 2.50376738e-003 0. 1.08481888e-002
    0. 0. 0. 0. 0. 0. 1.71632227e-003 -6.45342458e-004 0. 0.
    1.52604969e-003 3.32000735e-003 1.63407344e-003 2.59999046e-003 0.
    4.02415200e-004 1.35570241e-003 0. 3.19133163e-003 0.
    -7.67601086e-005 0. 2.51447875e-003 -9.86853731e-004 4.51993849e-003
    8.30427452e-004 5.08437573e-004 2.55540013e-003 0. 8.96950159e-003
    0. -1.64847111e-003 7.29048066e-003 4.39468218e-004 0.
    3.66870174e-003 0. 1.55074941e-003 0. 0. 0. 0. 4.74060746e-003 0.
    3.32006463e-003 0. 0. 4.38224245e-003 1.67988427e-003 0. 0. 0. 0.
    2.64702458e-003 0. 1.94797482e-004 3.73775209e-003 0. 0. 0.
    6.67601125e-004 0. 5.62234502e-003 0. 4.38467134e-003 0. 0. 0.
    5.69849857e-004 0. 0. 3.00061167e-003 1.59863126e-003
    3.97938443e-003 3.54354316e-003 2.04828312e-003 0. 0.
    1.82952266e-003 0. 2.73998198e-003 0. 0. 0. 2.88233184e-003 0. 0. 0.
    1.13880979e-002 0. -3.38485843e-004 0. 7.44628662e-004
    3.28048388e-003 -1.29925116e-004 0. 0. 0. 0. 2.21287925e-003 0. 0.
    0. -1.85438723e-004 3.87918460e-003 0. 0. 0. 3.05059738e-003
