<?xml version="1.0"?>
<opencv_storage>
<imageDescriptor type_id="opencv-matrix">
  <rows>1</rows>
  <cols>1000</cols>
  <dt>f</dt>
  <data>
    0. 6.99785119e-003 0. 0. 2.26708318e-004 1.10483328e-002
    -1.81385185e-004 6.22027670e-004 0. 0. 0. 1.23314571e-003 0. 0. 0.
    9.76863084e-004 0. 0. 0. 0. 0. 0. 3.20375053e-004 0. 1.66396461e-002
    3.32065206e-003 0. 0. 0. 0. 0. 0. 5.88851329e-003 0. 9.13720019e-003
    0. 8.11818521e-003 0. 2.15381326e-004 2.75741401e-003 0.
    4.06506297e-004 0. 0. 2.48631532e-003 0. 0. 0. 1.61881617e-003
    2.60311691e-003 0. 0. 0. 0. 0. 0. 0. 0. 0. 0. 4.83072392e-004 0. 0.
    1.68458046e-003 4.75517474e-003 0. 0. 0. 0. -1.38547606e-004 0. 0.
    0. 0. 0. 0. 1.06954705e-002 0. 0. 0. 0. 5.64170396e-003 0.
    2.04121787e-003 0. -6.47895329e-004 0. 0. 1.08525641e-002 0. 0.
    8.06874596e-003 2.62581673e-003 1.42119396e-002 0. -5.45625167e-004
    1.25762529e-003 7.21065095e-004 0. 4.59925085e-003 0. 0. 0.
    7.17645511e-004 0. 0. -1.71776235e-004 2.65723350e-003 0.
    3.24006099e-003 6.87770732e-003 0. 0. 0. 0. 0. 0. 2.30923225e-003 0.
    0. 1.96555769e-003 -1.26369845e-003 3.00573302e-003 8.75093974e-004
    0. 0. 0. 6.91729831e-004 2.43868516e-003 2.60254834e-003
    2.34334543e-003 0. 1.37540244e-003 0. -2.64265668e-003
    2.89325602e-003 0. 0. 0. 6.48329908e-004 0. 0. 0. 0. 1.28765649e-003
    0. 0. 0. 1.41779357e-003 0. 0. 0. 3.09113995e-003 0. 0.
    8.28439277e-003 0. 0. 0. 0. 5.72934805e-004 0. 1.19006699e-002 0.
    -5.15174237e-004 4.38097352e-003 0. 0. 0. 0. 0. 3.78419016e-003 0.
    9.95977316e-004 0. 0. 3.84651707e-003 0. 1.35586283e-003 0. 0.
    2.43776754e-004 0. 0. 0. 0. 1.60040986e-003 0. 2.48810044e-003 0. 0.
    3.03730788e-003 -1.70468108e-003 0. 0. 0. 0. 0. 2.33784202e-003
    1.97410886e-003 -2.34225168e-004 3.13014886e-003 -1.68987049e-003
    -4.26736195e-003 1.35697832e-003 4.40358301e-004 0. 1.18954934e-003
    4.48219758e-003 0. 0. 0. 0. 0. 0. 0. 4.91199666e-004 1.03690405e-003
    0. 0. 0. 0. -1.04905321e-005 5.43799065e-003 1.68406742e-003
    -8.77662445e-004 -5.64593705e-004 0. 0. 0. 3.79271316e-003 0.
    5.30125434e-003 0. 0. 0. 2.34069163e-003 2.73126899e-003 0. 0. 0. 0.
    1.28872832e-003 0. 0. 0. 0. 9.12548567e-004 0. 0. 0. 7.97529053e-003
    2.19346955e-003 0. 4.94143413e-003 0. 0. 3.33555951e-003 0. 0. 0.
    1.50684023e-003 0. 0. -1.24241604e-004 -9.37203295e-004 0.
    1.10165356e-003 8.14885600e-004 0. 6.71117683e-004 0.
    3.99735011e-003 -1.89634587e-003 0. 0. 2.12455285e-003
    3.41882487e-003 1.38234231e-003 3.22595099e-003 0. 0.
    -7.55907968e-004 1.27676548e-003 1.18116813e-003 0. 0. 0. 0.
    -1.18049607e-003 0. 0. 0. 0. 0. 0. 2.38676718e-003 0. 0. 0.
    2.31599915e-004 0. 0. 1.10541144e-003 -4.36441088e-003 0.
    1.21977017e-003 0. 0. 0. 8.75011319e-004 0. 0. 0. 0. 0. 0. 0.
    1.86380895e-003 0. 0. 2.09475611e-003 4.60725802e-004 0. 0.
    3.85771156e-003 0. 9.94513370e-003 2.66828854e-003 5.08117373e-004
    -1.47062456e-004 0. -5.34124440e-004 0. 0. 0. 0. 0. 0.
    3.07270791e-003 4.78622876e-003 3.73862404e-003 0. 1.80513994e-003
    0. 0. 1.70201110e-003 0. 0. 5.50488336e-003 1.81430287e-003
    5.11415116e-003 8.12468864e-003 3.36181070e-003 2.26531224e-003 0.
    0. -2.71173758e-005 1.97608746e-003 0. 4.82463045e-003 0.
    8.67816911e-004 0. 0. 0. 3.90994968e-003 2.00506039e-002
    2.62060366e-003 0. 0. 0. 1.71765371e-003 0. 5.10557264e-004 0.
    5.55002538e-004 0. 9.49064095e-004 7.14971451e-003 3.72264953e-003
    0. 0. 0. 0. 0. 0. 6.41645119e-003 0. 0. 1.18008618e-004
    -2.38888751e-004 1.92688801e-003 0. 0. 8.36093386e-005 0.
    -1.54275983e-003 7.78075948e-004 0. 0. 1.91373483e-003
    3.06492415e-003 1.23423140e-003 0. 0. 9.30873677e-003 0. 0. 0.
    1.61073066e-003 0. 0. 1.56259246e-003 0. 8.38465290e-004
    -1.40175980e-003 0. 9.62048955e-003 0. 0. 0. 0. 0. 7.33315432e-003
    0. 0. 0. 0. 5.57311054e-004 1.51765638e-003 5.10292780e-003 0.
    5.19246422e-003 0. 0. 0. -2.69688945e-003 3.43582872e-003 0. 0. 0.
    2.14609434e-003 1.82684965e-003 0. 0. 0. 0. -1.68845453e-003
    1.43389567e-003 0. 0. 2.10988126e-003 0. 0. 0. 0. 0. 0. 0. 0.
    4.92905267e-003 9.97331180e-003 0. 0. 1.23185785e-002
    9.51587595e-003 6.07942650e-003 0. 1.72561582e-003 1.38867495e-003
    3.72435106e-003 6.88172644e-003 0. 7.40446558e-004 7.07760628e-004
    0. 5.94489917e-004 8.19833585e-005 0. 4.50504292e-003 0.
    4.88603488e-004 0. 0. 0. 8.58278188e-004 0. 0. 0. 1.44690135e-003 0.
    0. 0. 0. 0. 0. 0. 0. 0. -6.34446566e-004 -2.52454192e-004 0. 0. 0.
    0. 3.46665992e-003 0. 0. 0. 0. 2.35336204e-003 0. 0. 0.
    1.83189032e-003 0. 0. 0. 0. 2.50875601e-003 0. 0. 2.63617770e-003
    -2.65482673e-003 0. 0. 0. 0. 4.11283271e-003 2.12364932e-004
    9.33795120e-004 0. 0. 2.95347348e-003 0. 0. 0. 0. 0. 0.
    3.16280662e-003 0. 0. 5.84278069e-003 0. -7.25056336e-004
    1.74480129e-003 7.61741831e-004 -1.37366995e-003 0. -1.22377276e-003
    0. 8.34350823e-004 0. 4.48755547e-003 1.15420041e-003
    1.22281222e-003 4.70744539e-003 1.39453146e-003 0. 0. 0.
    4.88068629e-003 2.87772133e-003 0. 0. 2.57417746e-003
    4.56760405e-004 0. 0. 0. 0. 0. 0. 1.79899519e-003 1.83774135e-003 0.
    0. 4.69489285e-004 0. 0. 0. -1.80526846e-003 2.79750046e-003 0. 0.
    0. 0. 0. 4.75903181e-003 0. 3.05564562e-003 2.08805082e-003 0. 0. 0.
    6.60194689e-003 0. 0. 2.97088013e-003 0. 0. 1.49839325e-003 0. 0. 0.
    0. 1.98064232e-003 0. 0. 1.30326301e-003 0. 7.24302977e-003 0.
    9.31647432e-004 0. 1.17610162e-003 0. 2.03925115e-003 0. 0. 0. 0. 0.
    0. 1.02057653e-002 9.20261350e-003 1.10514602e-002 4.05295240e-003
    3.81727616e-004 0. 2.57581752e-003 0. 0. 2.66516046e-003 0. 0.
    1.90889259e-004 0. 2.08422868e-003 3.90260201e-003 0. 0. 0.
    1.86902320e-003 0. 3.18254577e-003 1.23219378e-002 1.61669566e-004
    -1.00116408e-003 0. 0. 0. -7.38052477e-004 0. 2.03491584e-003
    2.28326954e-003 7.32201035e-004 0. 0. 0. 0. 1.34571176e-003
    2.76117073e-003 2.53076758e-003 1.88101688e-003 0. 0. 0. 0.
    4.49541258e-003 2.81960983e-003 1.13276893e-003 0. 0. 0. 0. 0.
    4.24465584e-003 0. 0. 7.56722176e-004 0. 0. 2.26536999e-003
    6.05009915e-003 0. 0. 0. 7.50273932e-003 -2.14013644e-003 0.
    1.30819227e-003 0. 2.06327299e-003 0. 0. 0. 0. 2.63170595e-003
    4.99458890e-003 0. 0. 2.49906303e-003 7.86407385e-003 0. 0. 0.
    1.95796695e-003 2.45285453e-003 -1.13901519e-003 1.57728256e-003 0.
    0. 1.87981734e-003 0. 1.32012041e-003 0. 0. 5.02599776e-003 0.
    -1.34019589e-004 0. 0. 0. 0. 1.08247106e-004 2.36214930e-003 0. 0.
    0. 0. 3.38349515e-003 1.33799028e-003 0. 0. 0. 1.65929657e-003 0. 0.
    0. 2.57788831e-003 0. 3.87040898e-003 3.94611713e-003
    -1.48277113e-003 0. 2.48667318e-004 9.76214651e-004 8.44620168e-004
    0. 0. 0. 1.78411463e-003 0. 2.14848900e-003 8.51243385e-004 0.
    -1.14875453e-004 2.14680377e-003 0. 0. 0. 0. 0. 4.48499137e-004 0.
    0. 0. 1.95398997e-003 0. 0. -5.91707474e-004 1.48707622e-004 0. 0.
    0. 2.48965994e-003 0. 0. 1.78473501e-003 0. 0. 0. 0. 0. 0.
    1.34011696e-003 0. -2.48667342e-003 -2.15981796e-004 0.
    3.52956675e-004 0. 1.60151732e-003 3.25017096e-003 2.40655011e-003
    0. 0. 0. 0. 0. 2.39018118e-003 0. 4.28997708e-004 0. 0.
    -8.09418445e-004 0. 0. 0. -3.04651621e-004 0. 2.76313652e-003
    1.22635812e-002 2.89175718e-004 0. 0. 0. 2.05514347e-003 0. 0. 0. 0.
    6.46058423e-003 0. 0. 0. 3.30975163e-003 1.83825591e-003 0. 0. 0. 0.
    0. 2.18648883e-003 0. 7.06339069e-003 0. 0. 0. 0. -3.30204098e-003
    0. 0. 0. 0. 0. 1.21527864e-003 4.50864108e-003 3.91336158e-003
    2.37601390e-003 1.08318776e-003 6.95948838e-004 4.66893101e-003
    8.52877554e-003 0. -6.16098929e-004 0. 3.33029922e-004 0. 0. 0.
    -1.35625259e-003 0. 6.32332871e-003 2.07102741e-003 0. 0. 0.
    2.58340989e-003 0. 0. 0. 0. 1.87648798e-003 1.23712292e-003 0. 0. 0.
    0. 7.75630446e-003 0. 0. 0. 0. 4.72670980e-003 0. 2.62044650e-003 0.
    0. 5.27380034e-003 0. 0. 1.39161630e-003 0. 8.09151505e-004 0.
