<?xml version="1.0"?>
<opencv_storage>
<imageDescriptor type_id="opencv-matrix">
  <rows>1</rows>
  <cols>1000</cols>
  <dt>f</dt>
  <data>
    4.11820086e-003 0. 0. 0. 0. 8.30375962e-003 3.41397780e-003 0.
    3.48987826e-003 0. 0. 3.07061453e-003 4.11832007e-003 0.
    2.15533143e-003 0. 0. 0. 0. 0. -1.37976126e-003 5.40816865e-004 0.
    0. 6.07795361e-003 4.03020857e-003 0. 2.85035884e-003 0. 0. 0.
    2.88640186e-002 0. 0. 2.84578768e-003 4.30425256e-003 0.
    2.78400187e-003 0. 2.92204740e-003 0. 1.78482966e-003
    -7.70840852e-004 0. -2.95182690e-003 2.44381395e-003 6.49420486e-004
    2.35147495e-003 0. 0. 5.69029711e-003 0. 0. 1.79938378e-003
    4.91349585e-003 0. 0. -6.13265322e-004 0. -9.03862761e-004 0. 0. 0.
    0. 0. 0. 4.26167436e-003 0. 0. 0. 0. 0. 0. 8.36043805e-003 0. 0. 0.
    0. -3.78157391e-004 8.65945069e-004 0. 0. 0. -1.96116930e-003
    2.82341242e-003 0. -4.60545096e-004 0. 4.55387961e-003 0. 0. 0. 0.
    0. 1.51235517e-003 0. 0. 0. 4.47717583e-004 4.06816835e-003 0.
    2.39545130e-003 5.32129197e-004 0. 0. 1.47022714e-003
    -8.64491158e-004 5.11565246e-003 0. 2.14816956e-003 4.01422288e-003
    0. 0. 0. 0. 0. 0. 0. 4.89335507e-003 0. 4.76672454e-003 0.
    2.48391298e-003 0. 8.82723089e-003 0. 0. 0. 0. 0. 1.69075802e-002 0.
    0. 0. 0. 2.25902232e-003 3.08868312e-003 0. -2.74383812e-003
    -2.87190382e-003 2.21798755e-003 -8.74792051e-004 0. 2.00658338e-003
    0. 0. 0. -3.48618161e-003 0. 0. 8.83171626e-004 0. 1.17126445e-003
    0. 1.41361507e-003 0. 5.21614542e-003 0. 0. 4.64458106e-004 0. 0.
    -3.25904088e-003 1.05605682e-003 0. 0. 0. 0. 0. 1.87512708e-003
    4.83882381e-003 0. 0. 0. 1.55991747e-003 0. 0. 1.64015597e-004
    4.95321024e-003 0. 0. 0. 0. 2.38505681e-003 0. 9.56884003e-004
    1.23586925e-003 1.13630854e-002 0. 0. 0. 0. 0. 1.83341035e-003 0. 0.
    5.58496732e-003 0. 0. 0. 1.77897024e-003 0. 8.55314173e-003
    -2.07892939e-004 7.03590456e-003 3.02570104e-003 0. 0.
    1.37496530e-003 0. 0. -4.27350227e-004 0. 1.29083265e-003 0. 0. 0.
    0. 3.39264423e-003 -1.65293273e-003 3.57258506e-003 0. 0.
    1.46942784e-003 0. 0. 5.72230760e-003 0. 0. 1.44404417e-003 0.
    6.53713243e-004 2.22562975e-003 -3.76525638e-003 0. 0. 0.
    -2.62166490e-004 0. 0. 0. 0. 0. 2.21455167e-003 1.43483456e-003 0.
    0. 0. 0. 9.81879653e-004 0. 0. 1.83576420e-002 0. 0. 0. 0. 0. 0.
    1.84820232e-003 1.53447257e-003 0. 1.62099174e-003 0.
    2.36082938e-003 2.81538954e-003 0. -2.97716269e-005 0. 0.
    3.62752558e-004 -8.60216853e-004 4.03612852e-003 3.09045776e-003
    3.05188796e-003 0. 9.44481976e-003 0. 2.49680527e-003 0. 0. 0. 0. 0.
    2.97437911e-003 0. 3.66500695e-003 9.73636983e-004 3.92294442e-003
    1.22429198e-003 0. 0. 2.35305214e-003 0. 0. 0. 0. 3.40327481e-003 0.
    0. 1.21820928e-003 0. 9.90234036e-003 0. -2.03793962e-003 0. 0. 0.
    0. 0. 0. 0. 0. 1.84062391e-003 0. 1.33060396e-003 0. 0. 0. 0. 0.
    4.02253063e-004 0. 0. 0. -4.91273776e-003 0. 6.16564241e-004 0. 0.
    0. 0. 0. 0. 0. 0. 9.22012492e-004 0. 4.63431468e-003 3.49567551e-003
    0. 0. 0. 0. 7.76346214e-003 0. 0. 3.52507085e-003 0. 0. 0. 0. 0. 0.
    0. 0. 0. 0. 1.21128593e-004 0. 0. 0. 0. 5.70962811e-003
    6.89910399e-003 -3.76381868e-005 6.30582776e-003 1.79326581e-003
    2.04273383e-003 9.11951298e-004 0. 4.29332769e-003 0. 0.
    -2.60860706e-003 0. 0. 0. 0. 0. 2.88897939e-003 0. 6.93564722e-003
    3.22836405e-003 1.47744548e-002 0. 5.80108911e-003 7.13180285e-003
    0. 0. 0. 1.04466304e-002 0. 0. -1.60658034e-003 0. 0. 0. 0. 0. 0. 0.
    0. 0. 2.83605914e-004 0. 3.58793768e-003 4.85502044e-003 0. 0.
    -1.26187704e-004 0. 3.28042731e-003 4.49108520e-005 0.
    1.18231564e-003 4.10625199e-003 0. 0. 5.41547255e-004
    4.40613274e-003 0. 0. 0. 0. 3.32026789e-003 0. 0. 5.75885503e-003 0.
    -1.11734538e-004 -9.12721385e-004 6.60430314e-003 0. 0.
    1.17685634e-003 0. 9.47942724e-004 1.36687804e-003 0.
    6.89096341e-004 0. 0. 0. 1.13123492e-003 0. 0. 0. 6.50081609e-004 0.
    0. 0. 0. 0. 0. 9.60931275e-003 2.14317301e-003 2.70280684e-003
    2.03617173e-003 3.69432761e-004 0. 0. 0. 6.23187330e-003 0. 0. 0.
    2.25700252e-003 2.34978332e-004 0. 0. 3.59090930e-003 0.
    3.59778875e-003 5.93892823e-004 -5.22174450e-005 0. 0. 0. 0. 0.
    3.22633050e-003 0. 0. 0. 0. 0. 0. 0. 0. 0. 0. 0. 0. 0.
    1.95116008e-004 1.32047292e-003 0. 2.91839708e-003 0. 0. 0. 0. 0.
    1.01735257e-002 0. 0. 0. 7.03012850e-003 2.45663640e-003 0. 0. 0. 0.
    0. 0. 0. 0. 0. 0. 3.13224900e-003 0. -2.66211038e-003
    5.46766585e-003 0. 0. 0. 0. 0. 0. 1.11904007e-003 0. 0. 0. 0. 0. 0.
    0. 0. 1.10577047e-002 0. 0. 0. 1.27164542e-003 0. 0. 0.
    1.14501396e-003 0. 0. 0. 0. 0. -3.58643266e-003 0. 0.
    1.91728724e-003 0. 7.15481164e-003 3.38043645e-003 0.
    2.34993012e-003 0. 4.74153785e-003 0. 1.18145638e-003 0. 0. 0. 0.
    1.64409794e-004 0. 1.60168903e-003 0. 0. 7.63308769e-003
    1.27933116e-003 0. 0. 0. 0. 0. 5.47502190e-003 1.63050834e-003 0. 0.
    0. 0. 0. 3.54258297e-003 1.76652463e-003 0. 0. -2.72794510e-003 0.
    0. 0. 0. 0. 0. 0. 0. 0. 0. 0. 0. 1.02510408e-003 0. 0. 0. 0. 0. 0.
    3.08070867e-003 1.01202051e-003 0. 0. 0. 0. 0. 0. 0. 8.49386706e-005
    0. 0. 0. 0. 0. 0. 0. 0. -7.51455198e-004 -1.39983429e-003 0. 0. 0.
    0. 0. 3.40291276e-003 3.72175244e-004 0. 0. 5.61464811e-004 0.
    2.38387496e-003 0. 8.24031048e-003 4.84981341e-003 0.
    -9.05598921e-004 0. 0. 0. -1.25206588e-003 0. 7.87585741e-004 0.
    -2.28872802e-003 1.96025497e-003 0. 8.33762996e-003 3.40480078e-003
    0. 0. 0. 5.17621730e-003 1.35016965e-003 1.31428195e-003
    2.07075290e-003 0. 0. 0. 0. 2.48401705e-003 0. 0. 0. 0.
    5.46033401e-003 0. 3.75234219e-003 3.12616327e-003 0. 0. 0.
    -2.71524559e-003 0. 0. 0. 0. 3.39205586e-003 -4.62606549e-004 0.
    -4.70277941e-004 0. 7.39428727e-003 5.55061211e-004 3.16713774e-003
    0. 3.53808608e-003 0. 2.91564805e-003 0. 1.59210013e-003
    6.16619037e-003 0. 2.60442472e-003 0. 0. 0. 0. 0. -1.26947649e-003
    -3.46610672e-003 0. 0. 1.77915045e-003 0. -2.01837718e-003 0. 0. 0.
    0. 0. 0. 6.64932886e-003 4.32833331e-003 2.49612075e-003 0. 0.
    -1.17194420e-003 0. 2.09751143e-003 0. -9.51108814e-004 0. 0. 0. 0.
    0. 0. 0. 0. 0. 0. 3.52678192e-003 1.24796042e-002 0. 1.81795360e-004
    7.98611064e-003 0. 0. 3.37118655e-003 1.20688798e-002
    6.62140548e-003 4.76026256e-003 0. 0. 0. 0. 0. 0. 0. 0. 0. 0. 0.
    2.11533019e-003 0. 0. 9.34517419e-004 0. 0. 1.36429409e-003
    6.57978980e-003 9.90070868e-003 0. 0. 0. 0. 0. 0. 0. 0.
    1.08585358e-002 2.34452588e-003 1.00619637e-003 0. 0.
    -1.39593647e-003 1.23467366e-003 0. 0. 1.72053324e-003 0. 0. 0.
    2.34793499e-003 7.41187017e-003 0. 0. 0. -1.48605509e-003
    1.10331632e-003 3.25430138e-003 3.37502593e-003 0. 0. 0.
    2.47004768e-003 3.91336530e-003 0. 0. -4.21603123e-004
    -1.14302698e-003 0. 0. 5.17369364e-004 0. 0. 0. 0. 0.
    2.24772491e-003 1.44066580e-003 0. 1.49784912e-003 1.58732722e-003
    5.48978755e-003 0. 0. 4.69651679e-003 0. 0. 6.81135862e-004
    1.93788335e-002 0. 0. 0. 0. 0. 2.61464098e-004 -1.27655070e-003
    -8.32260493e-003 0. 0. 0. 0. 0. 0. 0. 0. 2.70917197e-003 0. 0. 0. 0.
    2.32469989e-003 0. -9.17347963e-004 1.14799477e-003 6.82789925e-003
    0. 0. 3.17314873e-003 0. 2.97842338e-003 0. 0. 0. 1.87429541e-003 0.
    3.95250460e-003 0. 0. 1.68756058e-003 0. 3.60303908e-003 0.
    2.72869383e-005 0. 2.44546123e-003 0. 0. 0. 0. 0. 7.74811662e-004 0.
    0. 0. 0. 0. 1.89620827e-003 2.77803801e-002 0. 0. 0. 2.88450182e-003
    0. 0. 0. 0. 0. 0. 0. 1.59258652e-003 0. 0. 0. 1.44937029e-003
    4.71653277e-003 0. 0. 0. -1.03086780e-003 0. 9.29069519e-003 0. 0.
    0. 0. 0. 2.56737461e-003 0. 1.07486816e-002 0. 0. 0. 0.
    6.13378361e-004 0. 0. 0. 0. 0. -2.52090953e-003 0. 3.30585614e-003
    0. 0. 2.23341724e-003 0. 0. 0. 0. 0. 3.57373944e-003 8.86516296e-004
    0. 3.18019581e-003 0. 0. 0. 0. 0. -2.79562455e-003 3.55368154e-003
    1.25677837e-002 0. -3.96314217e-003 0. 2.69070175e-003 0. 0. 0.
