<?xml version="1.0"?>
<opencv_storage>
<imageDescriptor type_id="opencv-matrix">
  <rows>1</rows>
  <cols>1000</cols>
  <dt>f</dt>
  <data>
    0. 5.74016012e-004 0. 9.86100174e-004 1.39789027e-003
    -1.37348461e-003 0. 0. 0. -7.57401402e-004 -5.57819847e-004 0.
    1.54877454e-002 0. 0. 0. 0. 0. 2.31506838e-003 0. 0. 0. 0. 0. 0. 0.
    -9.55555588e-004 0. 0. 2.57468550e-003 8.55914596e-003 0.
    1.73980847e-003 0. 2.10584886e-003 7.41866941e-004 0. 0. 0. 0.
    -9.49124224e-004 1.05438353e-002 0. 0. 0. 0. -1.39434484e-003 0. 0.
    4.79053985e-003 0. 0. 0. 1.62619073e-003 0. 8.50639865e-003 0. 0.
    2.06782203e-003 -6.58834702e-004 1.25391828e-003 0. 0.
    -5.13462932e-004 0. 0. 1.35328816e-002 0. 0. 1.31298264e-003
    -1.15647978e-004 0. 0. 0. 0. 1.64149108e-003 1.61964155e-003 0. 0.
    0. 0. 0. 0. 0. 0. 0. 0. 4.08349885e-003 7.61291524e-003 0. 0.
    -2.37337939e-004 0. 0. 0. -6.42242085e-004 0. 0. 0. 0. 0. 0.
    3.07183305e-004 0. 1.68272445e-003 0. 7.52625009e-003 0. 0. 0. 0.
    4.44427505e-003 0. 0. 0. 1.78474421e-003 0. 0. 0. 0. 4.50268062e-003
    0. 0. 0. 0. 0. 0. 0. 3.25339031e-003 1.63092688e-002 0.
    2.33359286e-003 0. 0. 0. 0. 0. 0. 0. 0. 0. 0. 0. 6.31340023e-004 0.
    0. 0. 0. 0. 0. 0. 7.66860787e-003 0. 0. 0. 5.37631894e-003
    3.72608262e-003 0. 0. 0. 0. 0. 3.70944547e-003 0. 0. 0. 0. 0. 0.
    -5.21741313e-005 0. 0. 8.78484789e-005 -9.38402081e-004 0.
    9.93297668e-004 0. 0. 5.81876095e-003 0. 0. 0. 0. 2.74352240e-003 0.
    0. 0. 1.09787500e-002 0. 0. 4.61422699e-003 0. 0. -1.78155745e-003
    5.94874984e-003 0. 0. 0. -2.40299874e-003 0. 3.98971327e-003
    2.93133198e-003 0. 0. 0. 0. 0. 0. 0. 0. 0. 3.88439558e-003
    2.24440196e-003 0. 0. 9.50052124e-003 0. 1.38033237e-002
    3.41455522e-003 0. 2.90977187e-004 0. 0. 0. 0. 0. 0. 0.
    -1.81440660e-003 0. 0. 5.70468232e-003 0. 0. 0. 0. 4.57829377e-003
    3.94960074e-003 0. 5.79674356e-003 0. 0. 1.17579838e-002
    -5.61744149e-004 0. 0. 0. 0. 0. 1.94561505e-003 -5.82022499e-003
    -9.55413154e-004 7.25627923e-003 0. 0. 0. 0. 0. -3.08190793e-004
    4.31726454e-003 2.55250037e-002 0. 7.79375946e-003 1.87708833e-003
    0. -1.75378961e-003 0. 0. 0. 0. 0. -1.76718156e-003 0. 0. 0. 0.
    2.64531351e-003 1.09193381e-002 0. 4.88483626e-003 0.
    6.43903576e-003 0. 0. 0. -2.95296847e-003 0. 0. 0. 0. 0.
    7.44066550e-004 0. -2.56508868e-003 0. 0. 2.35397299e-003 0.
    1.17217414e-002 0. 0. 0. 0. 0. 0. -8.04140873e-004 0. 0. 0. 0.
    -2.69046635e-003 0. 0. 2.60022050e-003 0. 0. 0. 8.13172490e-004
    -5.35664381e-004 2.17528567e-002 0. 0. 0. 0. 0. 0. 1.24847831e-003
    1.11088762e-002 0. 3.97528382e-003 9.82379634e-003 2.38737441e-003
    0. 0. 0. 0. 0. 0. -7.55081826e-004 1.22113328e-003 0.
    -4.07741463e-004 0. 0. 0. 0. 0. 0. 0. 6.63058739e-003 0. 0. 0. 0.
    5.03711589e-003 0. 0. 0. 3.18304892e-003 -1.92862717e-005
    -1.43736787e-003 0. 0. 0. 0. 0. 8.80318787e-003 5.14831347e-003
    1.90188980e-003 0. 0. 0. 0. 1.33229448e-002 0. -4.66985744e-004 0.
    0. 1.30236347e-003 0. -5.58569736e-004 1.35906332e-003 0. 0. 0. 0.
    -1.41053853e-004 0. 0. 1.86518161e-003 9.36489785e-004
    7.89456128e-004 0. 0. 1.00062387e-002 0. 1.24414554e-002 0.
    1.12883595e-003 2.39551393e-003 1.79409911e-003 0. 0.
    -6.43051462e-004 0. 0. 0. 1.45371945e-003 0. 0. 0. -1.02137995e-003
    0. 0. 0. 0. 1.34163015e-002 0. 0. 0. 0. 0. 0. 0. 0. 0.
    1.03427086e-003 0. 1.30332285e-003 0. 6.58684969e-003 0. 0. 0.
    4.72157076e-003 0. 0. 0. 0. 0. 1.31111091e-003 0. 0.
    -4.78968228e-004 0. 0. 0. 0. 9.06455610e-003 0. 0. 1.63456239e-003
    0. 1.23703538e-003 0. 0. 0. 0. 2.29156017e-003 0. 0. 5.96930180e-003
    0. 0. 3.16356751e-003 1.09551055e-002 0. 0. 0. 0. 0. 0. 0.
    7.76265806e-004 0. 0. 0. 0. 0. 0. 1.16779609e-002 0. 0. 0.
    7.57694710e-003 8.46597273e-003 1.27475127e-003 0. 1.11612573e-003
    0. 0. 0. 0. 0. 0. 1.16093308e-002 0. 0. 2.02955725e-003 0. 0. 0. 0.
    0. 1.58741721e-004 0. 0. 0. 0. 0. 2.59462919e-004 2.36297213e-003
    2.25408073e-003 0. 0. 0. 0. 0. 0. 0. 4.23913589e-003 0. 0. 0.
    -9.23640502e-004 0. 0. 0. 2.64765020e-003 0. 0. 0. 0. 0. 0. 0.
    2.23163143e-003 0. 0. 5.19270357e-003 1.26299518e-003
    7.17451563e-003 0. 4.03023930e-003 0. 7.42087374e-003
    -1.03022356e-003 0. 0. 0. 0. 0. 0. 0. 3.89461708e-003 0.
    2.72252888e-004 0. 0. 0. 7.04618683e-003 0. 0. 0. 3.13691166e-003 0.
    0. 0. 0. 5.36637381e-003 7.01622665e-003 0. 0. 0. 0. 0.
    4.05180594e-003 0. 0. 0. 0. 0. 0. 7.13493489e-003 4.70501976e-003 0.
    0. 2.53281929e-003 0. 9.99799557e-003 4.31188801e-003 0.
    2.90445023e-004 1.33366464e-003 2.11114646e-003 0. 1.05306115e-002
    0. 0. -5.96847734e-004 0. 9.36853420e-003 7.54916249e-003 0. 0.
    3.26915947e-003 0. 0. 0. 0. 1.57487905e-003 0. 8.16223770e-003 0. 0.
    0. 0. 0. 0. 0. 0. -5.10080892e-004 0. 0. 0. 4.18289565e-003 0.
    8.75149271e-004 2.71527166e-003 6.13647467e-003 0. 0. 0.
    2.05271086e-003 0. 2.51914118e-003 0. 0. 0. 0. 0. 0. 3.56808305e-003
    0. 0. 0. 0. 0. 1.98948849e-003 0. 0. 0. 0. 0. 0. 0. 0. 0. 0. 0. 0.
    0. 0. 0. 0. 0. 0. 0. 2.38861307e-003 -2.26904347e-004 0. 0. 0.
    -8.31272511e-004 -3.22123920e-003 0. 5.53938374e-003 0. 0. 0. 0. 0.
    0. 0. 0. 0. 0. 0. 0. -3.30478419e-004 0. 0. 2.99675856e-003 0. 0. 0.
    5.06474543e-003 3.04145599e-003 0. 0. 0. 0. 0. 0. 0. 0.
    2.14409060e-003 0. 0. -6.76928437e-004 -1.45616604e-003
    6.35399995e-003 0. 3.59467883e-003 9.89926979e-004 0. 0.
    -3.43994494e-003 -6.86963787e-004 -4.19455115e-004 0.
    3.89722642e-003 0. 0. 4.23361361e-003 0. 0. -5.35669620e-004 0. 0.
    0. 0. 0. 0. 0. 0. 1.11092685e-003 0. 1.08056465e-005 0. 0. 0.
    -1.74638582e-003 1.13662228e-003 0. 0. 0. 0. 0. 0. -1.86462852e-003
    0. 0. 0. 0. 0. 0. 1.62407209e-003 3.32502741e-003 0. 0. 0. 0. 0. 0.
    0. 3.07428394e-003 0. 0. 0. 0. 0. 2.40426254e-003 0. 0.
    1.12886690e-002 0. 1.14350002e-002 0. 0. 3.21349781e-003
    1.61435045e-002 1.10731311e-002 0. 1.40234886e-003 0. 0.
    2.91836704e-003 0. 0. 0. 0. 0. 1.10218331e-004 1.47465467e-002 0. 0.
    6.86295005e-003 -1.65834918e-003 3.48910200e-003 0. 8.09963979e-003
    0. 3.03972280e-004 -4.87047546e-005 0. 0. 0. -7.91221217e-004
    7.57273193e-003 0. 2.09498825e-003 0. 0. 0. 6.49950793e-003 0.
    1.53458150e-005 0. 2.50328891e-003 0. 0. 0. 0. 0. 1.12350110e-003 0.
    0. 0. 0. 0. 0. 0. 0. 0. 0. 0. -1.27448468e-003 7.65955076e-003 0. 0.
    0. 0. 0. 0. 5.23629897e-005 0. 0. 0. 0. 0. 0. 0. 0. 0. 0.
    -2.00013770e-003 7.06682738e-004 -1.44904910e-003 0. 0.
    1.89200591e-003 1.84279680e-003 -2.58849259e-003 0. 0.
    -1.95819442e-003 0. 2.24647985e-004 2.46928632e-003 0. 0.
    -5.66038070e-004 0. 0. -4.76663437e-004 0. 7.92729261e-004 0. 0.
    3.60379391e-003 0. 0. 0. 5.49654476e-003 0. 0. 0. 0. 0. 0.
    3.38122644e-003 0. 0. 0. 3.26780276e-003 4.11395123e-003 0.
    3.36075854e-003 0. 0. 0. 1.51679141e-003 0. 0. 3.35745583e-003 0.
    -2.04176269e-003 -2.72823730e-004 0. 0. 0. 0. 1.12577912e-003 0.
    1.52178202e-003 0. 0. 0. 0. 0. 0. 0. 0. 0. 0. 0. 1.62253547e-002 0.
    -1.08363386e-003 0. 0. 1.10242870e-002 -8.34713108e-004 0.
    2.10619112e-003 0. 5.27437194e-004 0. 0. 0. 0. 0. 0. 7.92392530e-003
    0. 0. 9.40250605e-003 8.19957990e-004 0. 4.10017790e-003
    1.63424260e-003 0. 1.07954480e-002 0. 0. 0. 0. 0. 3.97726987e-003 0.
    4.97653382e-004 0. 1.52684306e-003 0. 1.74075365e-003 0.
    2.41597765e-003 1.22840784e-003 0. 0. 0. -1.15189620e-003 0. 0.
    1.71338730e-002 0. 1.59679528e-003 0. 3.75151937e-003 0. 0.
    4.18352243e-003 0. 0. 0. 0. 0. 8.32842314e-004 0. -2.59084208e-003
    0. 0. 1.01580215e-003 0. 0. 3.87877575e-003 0. 4.15769499e-003 0.</data></imageDescriptor>
</opencv_storage>
