<?xml version="1.0"?>
<opencv_storage>
<imageDescriptor type_id="opencv-matrix">
  <rows>1</rows>
  <cols>1000</cols>
  <dt>f</dt>
  <data>
    0. 0. 0. 0. 5.05283196e-003 1.63159310e-003 2.97575234e-003
    1.30307523e-003 3.56287858e-003 -4.43118479e-004 -8.25239578e-004 0.
    0. 1.43539847e-003 0. 0. 0. 0. 2.84694741e-003 0. 2.92215566e-003 0.
    3.25804460e-003 0. -7.78761867e-004 0. 0. 0. 0. 0. 0. 0. 0. 0. 0. 0.
    0. 4.75679291e-003 9.52170044e-003 0. 0. 4.50314907e-003 0.
    8.05909373e-003 0. 0. 0. 5.40631078e-003 4.10961825e-003 0. 0. 0.
    2.65211100e-003 6.55105244e-003 0. 3.18425568e-003 8.29784293e-003
    6.03775727e-004 3.90944071e-003 2.03095376e-003 2.45507597e-003
    2.63785641e-003 -1.80058087e-005 5.51338424e-004 0. 0. 0. 0. 0. 0.
    0. -1.32373860e-003 9.50458925e-003 8.02935247e-005 -4.07196535e-003
    0. 6.97217137e-003 0. 0. 9.12399701e-005 0. 2.36242404e-003 0.
    1.21421018e-003 0. 2.19653521e-004 2.15715077e-003 -9.64929350e-004
    0. 0. 0. 0. 8.24139174e-003 1.36937317e-003 9.46724787e-003 0. 0.
    -6.84915227e-004 4.27218620e-003 8.30058008e-004 -2.89296935e-004 0.
    0. 8.96255672e-003 0. 0. 0. 0. 0. 0. 1.74531303e-002 0.
    1.51982252e-003 5.50783379e-003 0. 0. 0. 1.03417179e-003 0. 0. 0. 0.
    1.07536407e-003 0. 2.79087666e-003 0. 0. 0. 0. 0. 1.69932842e-002
    -3.94254876e-003 0. 0. 0. 9.90689499e-004 0. 0. -1.59795396e-004 0.
    6.23198133e-003 0. 1.62871310e-003 0. 9.19258106e-004 0. 0. 0. 0. 0.
    1.15421321e-003 0. 5.67266485e-004 1.83314108e-003 1.03160751e-003
    -3.98497470e-003 0. 0. 0. 1.38978958e-002 -4.74172964e-004 0.
    2.29738839e-003 0. 0. 0. 0. 0. 0. 0. 1.17020980e-002 9.21856728e-004
    0. 0. -7.93748586e-006 2.00948166e-003 3.86744412e-003 0.
    2.34522484e-003 0. 0. -2.95103132e-003 0. 0. 0. 0. 0.
    1.19825024e-002 0. 2.12786230e-003 0. 0. -3.07886658e-004
    6.30324334e-003 0. 0. 1.04953337e-003 0. 0. 0. 1.11991838e-002 0. 0.
    0. 1.45091524e-003 8.93029571e-003 0. 0. 0. 0. 0. 0. 0. 0. 0.
    7.97480287e-004 0. 0. 9.75306146e-004 0. 0. 0. 0. 0. 0. 0. 0.
    1.87511835e-003 0. 0. -1.83046423e-003 0. 0. 0. 0. 0. 0. 0. 0. 0. 0.
    0. -1.55853922e-003 2.05995794e-003 0. -5.03997901e-004 0.
    -1.03907473e-003 0. 0. 8.61260574e-004 0. 0. 0. 0. 0. 0. 0. 0.
    1.34882182e-002 3.59408930e-003 0. 2.80927215e-003 2.64100241e-003
    0. 0. 0. 0. 0. 0. 0. 1.76583510e-003 2.02269224e-003 1.00534782e-002
    4.76436364e-003 0. 1.60060939e-003 0. 0. 0. 0. 0. 4.64649452e-003
    7.39884679e-004 9.07855853e-003 0. 0. 0. 0. -1.32674049e-003
    5.95810707e-005 0. 1.48150499e-003 0. 0. 7.58797256e-003 0.
    1.81111856e-003 1.45859588e-002 1.38111440e-002 0. 0.
    1.71171356e-004 8.08509067e-004 -2.48454249e-004 0. 0. 0. 0. 0.
    1.83068297e-003 0. 0. 0. 1.35835563e-003 1.18479123e-002 0. 0. 0.
    2.94214184e-003 9.87349357e-003 8.17984156e-003 8.32953863e-003 0.
    0. 0. 0. 4.40348405e-003 1.05634741e-002 0. 0. 9.35800560e-003 0. 0.
    0. 0. 0. 0. 0. 0. 1.09992214e-002 0. 0. 0. 0. 0. 0. 0.
    4.30705957e-004 0. 8.35719705e-003 2.97780614e-003 0. 0.
    3.45067214e-003 0. 0. 0. 6.99989079e-003 1.17355573e-003 0.
    8.28145165e-003 0. 6.23002823e-004 0. 0. 0. 0. 0. -9.64206527e-004
    0. 0. 0. 4.74014599e-003 0. 0. 0. 0. 0. 0. 0. 1.76243926e-003 0. 0.
    0. 0. 0. 0. 0. 0. 2.94336188e-003 -1.20207784e-003 4.60072700e-003
    0. 0. 0. -6.12564618e-004 0. 1.10382668e-003 0. 0. 2.06698570e-003
    -2.51641672e-004 0. 0. 0. 0. 0. 0. 0. 1.34218938e-003 0. 0.
    3.03673721e-003 1.07774709e-003 6.72872353e-004 0. 0.
    1.00169796e-002 0. -2.47285818e-003 1.15228188e-003 0. 0. 0.
    6.97841984e-004 0. 0. 0. 0. 5.44944359e-003 0. 3.20610451e-003
    2.59353692e-005 0. 0. 0. -2.52031081e-004 0. 0. 0. 1.02964439e-003
    0. 0. 0. 0. 0. 7.10932165e-003 0. 3.60374781e-003 0. 0. 0.
    2.30514258e-003 2.78233062e-003 6.63584424e-003 4.14110534e-003
    -2.32569128e-003 0. 1.53590413e-003 0. 0. 0. 0. 0. 0.
    -3.43211577e-005 0. 0. 0. 1.43388333e-003 7.90813379e-003 0. 0.
    3.42344958e-003 0. 8.64518061e-003 0. 0. 0. 0. 0. 0. 0.
    8.61668144e-004 0. 0. 0. 0. 0. 0. 0. -6.25861634e-004
    2.94496072e-003 0. 1.41046220e-003 0. 0. 8.16500105e-005 0.
    2.69232853e-003 5.93461934e-003 0. 1.39284669e-003 0. 0.
    -1.77631108e-003 0. 0. 0. 0. 0. 0. 2.71368884e-002 -2.31332655e-004
    5.32657490e-004 0. 0. 0. 0. 3.38763371e-003 1.81976089e-003
    2.94039864e-003 0. 0. 0. 0. 0. 2.08859402e-003 0. 0. 0. 0. 0. 0.
    1.65211724e-003 0. 2.01776609e-004 2.22537341e-003 0. 0. 0.
    4.32321243e-003 0. 0. 7.56322499e-003 2.46777607e-004
    2.25060224e-003 2.28737318e-003 7.45042879e-003 0. 2.16351193e-003
    1.37016585e-004 0. 8.30462575e-003 0. 0. 0. 0. 0. 0. 0. 0. 0.
    -9.06161382e-004 0. 0. 8.81098490e-003 0. 0. 0. 1.31812308e-003
    4.03819559e-003 6.93972630e-004 0. 6.91585825e-004 0. 0. 0. 0. 0.
    1.88650005e-003 3.14252032e-003 5.43682254e-004 1.94785325e-003 0.
    0. 0. 0. 0. 0. 0. 0. 0. 1.61906378e-003 0. 0. 0. 0. 0.
    5.87541610e-003 6.99856412e-003 7.17988750e-003 3.43337096e-003
    4.02966049e-004 0. 1.16787329e-002 0. 0. 0. 1.90849393e-003
    -1.02513947e-003 6.98201312e-003 0. 0. 0. 6.54916148e-005 0. 0. 0.
    0. 7.08267186e-003 0. 0. -4.14196355e-003 0. 0. 0. 0. 0. 0. 0. 0.
    1.59448455e-003 0. 0. 3.34518543e-003 0. 0. 0. 0. 2.53723329e-003 0.
    3.92497471e-003 -7.62911281e-003 0. 1.14862714e-003 3.73105798e-003
    0. 1.79007580e-003 0. 1.69326155e-003 2.67597474e-003
    -1.39509188e-003 0. 0. 0. 0. 1.24689937e-003 4.29203705e-004 0. 0.
    0. -2.28936944e-004 0. -2.27348763e-003 2.91176955e-003
    1.25446101e-003 0. 0. 0. 2.11965223e-003 0. 1.03668275e-003
    2.22164113e-003 0. 0. 0. 0. 0. 2.86399294e-003 1.21888984e-003 0. 0.
    0. -6.48263434e-004 0. 0. 0. 1.71197846e-003 0. 0. 0. 0. 0. 0. 0. 0.
    7.73988373e-004 0. -8.53861420e-005 2.42386013e-003 0.
    1.75204210e-003 0. 0. 0. 0. 0. 0. 0. 0. 0. 0. -3.07655218e-003 0. 0.
    0. 0. 0. 2.22710893e-004 0. 0. 3.37641360e-003 -4.67532314e-004 0.
    0. 0. 0. 0. -1.26951665e-003 8.11898708e-003 0. 1.31841591e-002 0.
    0. 0. 0. 0. 1.31304923e-003 2.68714828e-003 0. 2.16192543e-003 0. 0.
    0. 0. 0. 0. 0. 0. 0. 6.88477536e-004 2.35147541e-003 5.60487970e-004
    9.44090541e-003 7.23208813e-003 0. 0. 0. 0. 0. -4.69472865e-003 0.
    0. 0. 0. 0. -7.35750597e-004 0. 0. 0. 5.62712271e-003 0. 0. 0.
    2.27327715e-003 3.37367272e-003 0. 0. 0. 0. 0. -2.31238385e-003 0.
    3.71737266e-003 0. 0. 0. 0. 0. 6.78654574e-003 0. 0. 0. 0. 0. 0. 0.
    0. -6.88213739e-004 1.93741056e-003 6.51576649e-003 0. 0.
    2.15902971e-003 0. 0. 0. 0. 4.99598868e-003 0. 0. 2.12686090e-003 0.
    0. 6.95664901e-003 0. 2.22237362e-003 -6.83735777e-003
    4.28846944e-003 0. 0. 0. 4.35469719e-003 0. 0. 0. 1.27069000e-003 0.
    0. 6.14804355e-003 0. 0. 0. 0. 2.36937683e-003 0. 0. 0. 0. 0. 0. 0.
    7.66068837e-003 0. 0. 0. 0. 0. 0. -4.13440634e-004 0.
    -5.60855726e-004 0. 0. 0. 7.90722377e-004 0. 0. 0. 8.32186081e-003
    6.22855406e-003 -1.08278776e-003 0. 0. 0. 0. 0. 1.57156168e-003
    -5.67122537e-004 -4.75973589e-004 0. 0. 1.81010272e-003 0.
    -1.61480479e-004 0. 0. 0. 0. 0. 0. 3.72662814e-003 0. 0. 0. 0. 0. 0.
    0. 4.19195229e-003 0. 0. 0. 0. 0. 5.47171757e-003 2.06303503e-003 0.
    0. 0. 5.74069284e-003 0. 0. 0. 0. 0. 1.56660890e-003 0. 0. 0.
    -9.62195627e-004 0. 0. 2.24520243e-003 7.16960011e-003 0. 0. 0. 0.
    0. 2.62176758e-003 0. 0. 0. 7.55053246e-004 0. 0. 0. 1.90345990e-003
    1.01435147e-002 0. 5.46819437e-003 0. 0. 5.58721414e-003 0. 0. 0. 0.
    0. 0. 0. 0. 3.74449324e-003 0. 2.16170540e-003 0. 2.14116415e-003 0.
    0. 0. 0. 0. 0. 0. 0. 0. 8.33773240e-003 0. 9.38391779e-003
    9.25499015e-004 -8.00421811e-004 0. 3.11845425e-003 -1.34842738e-003
    0. 2.41106981e-003 -2.20053538e-004 9.25505534e-003 2.36364926e-004
    1.24902986e-002 0. -9.32998606e-004 0. 0. 0. 2.72016204e-003 0.
    1.90133869e-003 0. 1.19103526e-003 0. 0. 0. 0. 0. 0. 0.
