<?xml version="1.0"?>
<opencv_storage>
<imageDescriptor type_id="opencv-matrix">
  <rows>1</rows>
  <cols>1000</cols>
  <dt>f</dt>
  <data>
    0. 0. 0. 0. 0. 9.21307784e-003 1.51047087e-003 1.80102870e-004 0. 0.
    0. 0. 0. 0. 0. 0. 0. -1.90826104e-004 0. 0. 2.81422678e-003 0.
    3.50933825e-003 0. 0. 0. 9.32189636e-003 0. 0. 0. 0. 0. 0. 0.
    2.19172658e-003 0. 0. 0. 0. 0. 0. 0. 0. 1.18812062e-002 0. 0.
    1.99248130e-003 0. -1.38389569e-005 2.45780102e-003 1.56591937e-003
    0. 0. 9.50999092e-003 0. 0. 5.61749469e-003 0. 1.09009573e-003 0. 0.
    6.01927470e-003 -1.60572381e-004 0. 1.47807866e-003 0. 0.
    2.43662129e-004 0. 0. 5.80171868e-003 1.06935680e-003 0. 0.
    2.45575584e-003 -7.53463886e-004 0. 0. 4.78678802e-003
    1.10415714e-002 3.04724835e-003 0. 0. 7.45524652e-004
    1.40262058e-003 0. 1.57748326e-003 1.50428992e-002 6.96260901e-003
    0. -8.52334604e-004 1.85631041e-003 0. 0. 0. 0. 0. 3.94149777e-003
    0. 2.16490384e-002 0. -1.99351623e-003 8.00996437e-004 0.
    4.16386547e-003 0. 0. 0. 0. 0. 0. 6.51572505e-003 2.17576325e-003 0.
    1.25441412e-002 0. 1.65148824e-003 0. 0. 1.40766613e-003
    1.91381131e-003 7.14673009e-003 2.89352913e-003 5.15936874e-004 0.
    0. 0. 0. 5.90881275e-004 0. 0. -1.81023544e-003 7.04012578e-004 0.
    0. -1.03280705e-003 0. 7.92860170e-004 -1.14071369e-003 0.
    1.30013062e-003 2.26917746e-003 0. 8.83300090e-004 1.22850540e-003
    -5.57715073e-004 2.77430005e-003 0. 5.69346640e-003 0.
    -5.28949220e-003 2.37662112e-003 0. 0. -5.76232909e-004
    1.87731581e-003 0. 0. 5.59126539e-003 5.69188409e-003
    2.28039711e-003 0. 1.41400262e-003 8.49644560e-003 -4.93924075e-004
    -1.30723041e-004 0. 0. 2.67887581e-003 0. 0. 5.33852633e-003
    2.30106176e-003 5.51120647e-005 0. 0. 1.02558326e-004 0. 0.
    -2.74421123e-004 0. 0. 1.25336892e-003 1.93862128e-003 0. 0. 0. 0.
    0. 0. -2.96621671e-004 0. 3.38171516e-003 1.65079045e-003 0. 0.
    1.47900672e-003 -5.26382937e-004 0. 2.81132758e-003 -8.39954894e-003
    0. 0. 8.56467348e-004 1.66112452e-003 -1.37730630e-003
    1.20549453e-002 0. 0. 0. 1.66696019e-003 0. 7.61759700e-004 0. 0. 0.
    2.14870647e-003 0. 0. 5.04934054e-004 8.16007494e-004 0.
    -6.14526274e-004 0. 0. 0. 0. 0. 6.48668502e-003 0. -7.53437635e-003
    0. 0. 0. 0. 7.29274377e-003 7.73198856e-003 2.04534526e-003 0. 0.
    1.37667672e-003 0. 1.83554337e-004 4.73106373e-003 0. 0. 0.
    3.08840675e-003 9.41407518e-004 4.51071467e-003 0. 0. 0.
    3.60311533e-004 0. 0. 0. 0. 0. 1.17947133e-002 -5.59525273e-004
    9.52361710e-003 1.86835427e-003 4.76623420e-003 0. 2.28030141e-003
    0. 3.66466725e-003 0. 0. 0. 0. 0. -6.77357987e-003 -3.65359650e-004
    3.07760946e-003 0. 2.36452604e-003 0. 0. -1.15427747e-003
    -2.20286194e-004 0. 2.27678241e-003 0. 0. -7.30842585e-004 0. 0. 0.
    0. 0. 0. 0. 8.19422025e-003 2.34571612e-003 -1.08026073e-003
    1.21915924e-004 0. 1.32097528e-004 0. 0. 0. 8.11518228e-004
    1.29032414e-004 0. 2.18616333e-003 0. 0. 1.28123129e-003 0.
    -3.56483797e-004 4.64929733e-003 0. 0. 5.21324249e-003 0. 0. 0.
    6.85351621e-003 -7.43092911e-004 0. 0. -3.10963194e-004
    1.75515702e-003 7.15933216e-004 0. 0. 0. 0. 0. 0. 0. 1.73038361e-003
    1.84396072e-003 0. 0. -2.95825652e-004 0. 0. 4.78971517e-003 0. 0.
    0. 6.13490306e-003 0. 0. 4.23085847e-004 0. 0. 0. 0. 0.
    -2.15940666e-003 1.12916937e-003 0. 0. 9.99551732e-004
    1.12572234e-004 2.71315919e-003 0. 1.11722958e-003 2.73993751e-003
    0. 0. 0. 5.15753578e-004 0. 0. 1.49060623e-003 0. 5.11106802e-003
    3.93672031e-004 0. 0. 0. 0. 3.76996142e-003 0. 5.15760574e-003
    1.40311965e-003 1.53146544e-003 -2.54506886e-004 0. 0. 0. 0. 0.
    9.51221911e-004 0. 0. 0. 0. 4.18273453e-003 0. 0. 0. 0. 0.
    -8.53303529e-004 0. 0. 0. 0. 0. 0. -8.99316277e-003 -1.84316491e-003
    0. 1.19554426e-003 0. 0. 0. 0. 0. 7.06128369e-004 1.71026227e-003 0.
    9.27197374e-003 0. 0. 1.36502748e-002 0. 0. 0. 2.62258411e-003 0.
    2.95865582e-003 2.47983704e-003 1.36445626e-003 0. 0.
    2.38779746e-003 0. 1.46503921e-003 0. 7.47601734e-003 0. 0.
    4.88846190e-003 0. 0. 0. 2.76839174e-003 0. 0. 0. 0. 9.81428893e-004
    2.79661547e-003 0. 0. 0. 0. 0. 0. 0. 2.30447240e-002 5.81507920e-004
    0. 0. 0. 4.57727676e-003 0. 0. 3.15799331e-003 0. 0. 0.
    2.11042911e-003 0. 4.01324651e-004 2.45493534e-003 0. 0. 0. 0. 0.
    1.49362732e-003 0. 0. 2.47905031e-003 0. 3.06177093e-003
    -1.78660193e-004 0. 2.82962434e-003 1.61709974e-003 5.22963749e-003
    1.32409274e-003 0. 4.44871467e-003 0. 0. -2.08674907e-003
    9.71273333e-003 9.25779110e-004 3.21569368e-002 0. 2.99763959e-003
    0. 1.94210000e-003 1.51289336e-003 0. 0. 3.45100707e-004 0.
    1.37550221e-003 0. 0. 0. 0. 2.39387620e-003 0. 0. 0.
    -1.28924311e-003 0. 0. -5.34984807e-004 0. 1.97625835e-003 0. 0.
    3.45600303e-004 0. 1.03962564e-004 0. 0. 0. 4.13121283e-003 0.
    1.54859142e-003 0. 0. 0. 0. 0. 0. 0. 2.11668992e-003 1.90803804e-003
    0. -1.76048104e-003 2.85891932e-003 0. 0. 0. 0. -8.95928883e-004 0.
    0. 0. 6.27224380e-003 0. 8.79656756e-004 6.69769652e-004 0. 0. 0.
    1.75321091e-003 -1.32072237e-004 4.52332385e-003 1.05343541e-004 0.
    0. -2.04391341e-004 3.37280356e-003 -3.29226488e-004 0. 0. 0. 0. 0.
    0. 0. 1.56851846e-003 0. 0. 0. 0. 5.17580193e-003 7.25150481e-003
    -4.62675380e-004 1.68367638e-003 0. 8.76966026e-003 0.
    3.98334023e-003 7.81179406e-004 0. 1.07359883e-004 -1.46140461e-003
    0. 2.00357242e-003 0. 0. 0. 1.81402406e-003 0. 1.42058381e-003
    -1.12974714e-003 0. 0. 0. 4.49702330e-003 0. 2.60232692e-003 0. 0.
    0. 4.07910580e-003 1.47278933e-003 0. 1.85038894e-003 0. 0. 0.
    1.87722349e-003 0. 0. 0. 1.18802278e-003 0. 3.25930002e-003 0. 0. 0.
    6.24799496e-003 2.44902004e-003 0. 0. 0. 0. 4.56039049e-003
    4.83696815e-003 3.41125717e-003 1.00938017e-002 -1.67683189e-004 0.
    3.90632194e-004 0. 0. 5.25062624e-003 1.10925734e-003 0.
    1.06543917e-002 3.38270655e-003 1.89685088e-003 0. 0. 0. 0. 0.
    3.10898181e-002 9.93850408e-004 0. -2.56511295e-004 0. 0. 0.
    1.31744891e-003 0. 4.81269741e-003 6.31474797e-003 2.10747612e-003
    2.44042347e-003 3.21138185e-003 -3.05814960e-004 0. 3.00253829e-004
    0. 0. 5.00770379e-003 0. 1.00517052e-003 0. 1.51935255e-003 0.
    1.64236547e-003 0. 3.46159562e-003 0. 0. 3.85705061e-004 0. 0.
    2.88312323e-003 0. 5.50802937e-003 7.03631144e-004 -5.82366411e-005
    0. 1.02485926e-003 0. -6.22574764e-004 0. 8.66572838e-003 0. 0. 0.
    5.63260866e-003 0. 0. -3.16215213e-004 1.39837910e-003 0. 0. 0. 0.
    0. 0. 0. 0. 1.32815363e-002 0. 0. 4.70242434e-004 0. 0. 0. 0. 0. 0.
    0. 0. 5.59674634e-004 0. 0. 0. 4.52352175e-003 0. 1.12635072e-003 0.
    6.09896146e-004 1.07727444e-003 1.90493988e-003 -2.81287753e-003
    4.60781995e-003 1.14732503e-003 0. 7.70520978e-003 0.
    1.16929424e-003 9.61017155e-004 0. 0. 0. 0. 0. 0. 7.94182811e-003 0.
    6.79799588e-004 0. -6.23431581e-004 0. 7.89292040e-004 0. 0. 0. 0.
    1.99744268e-003 0. 0. 1.27229665e-003 0. 3.60190100e-003 0. 0. 0. 0.
    -1.77970171e-004 0. 0. 3.18718934e-003 0. 0. 0. 5.90258162e-004 0.
    9.14525939e-004 0. 0. 9.28242167e-004 0. 7.72980880e-003
    5.57512743e-004 6.80526951e-004 0. 1.51838630e-003 5.93312318e-004
    -6.04152796e-004 0. 0. 0. 0. 0. 1.46366633e-003 0. 0.
    1.11130939e-003 0. 0. 0. 0. 0. 0. 0. 0. 0. 0. 0. 0. 0.
    4.23182175e-003 1.71986164e-003 0. 0. 0. 1.07025204e-003 0. 0. 0.
    5.77692408e-003 0. 0. -1.40786439e-003 -1.36501098e-003
    2.32910112e-004 0. 0. 6.58804271e-003 0. 0. 0. 0. 3.06140585e-003 0.
    0. 0. 0. 0. 0. 0. 1.45624753e-003 4.22078976e-003 8.66796297e-004 0.
    -5.07757068e-004 4.93824575e-003 5.86086093e-003 0. 0. 0. 0.
    2.54013715e-003 7.02148490e-003 0. 0. 0. 0. 0. 0. 0. 2.90010870e-003
    0. 0. -7.39018578e-005 0. 1.05717042e-002 0. 0. 0. 0. 0.
    -6.58133707e-004 0. 0. 0. 2.27780081e-003 0. 0. 6.83114119e-003
    6.81521778e-005 0. 0. 0. 0. 0. 3.93956713e-003 0. 0. 0. 0.
