<?xml version="1.0"?>
<opencv_storage>
<imageDescriptor type_id="opencv-matrix">
  <rows>1</rows>
  <cols>1000</cols>
  <dt>f</dt>
  <data>
    0. 5.49943605e-003 0. 0. 1.05773332e-003 0. -8.13979495e-005
    8.09239515e-004 0. 0. 0. 5.65705355e-003 0. 9.68008186e-004
    7.98590854e-003 5.57928020e-003 0. 0. 3.78212170e-003 0.
    5.36682433e-004 0. 0. 0. 0. 0. 0. 0. -3.27962713e-004
    -8.69399926e-004 0. 0. 2.06702808e-003 1.13587291e-003 0. 0.
    5.40765701e-004 0. -1.17474228e-004 0. -1.09271531e-003 0. 0.
    9.91329318e-004 0. 0. 0. 0. 0. 0. 0. 0. 7.68060051e-003
    1.62551412e-003 1.76005752e-003 1.40984496e-003 2.41268445e-002 0.
    0. 1.09803863e-003 0. -2.16238666e-003 -1.03842176e-003
    2.31701415e-003 0. 0. 6.12695061e-004 0. 0. 0. 1.28719315e-003
    7.71322614e-003 4.96581197e-003 0. 1.52426236e-003 1.76880276e-003
    2.31671124e-003 0. 0. -1.24910264e-003 0. 7.08446372e-003
    1.01613591e-003 1.19482516e-003 5.54349972e-004 -5.28437027e-004
    1.54574565e-003 0. 0. 0. 0. 0. 0. 1.26190204e-003 1.99070619e-003
    1.99592998e-003 -1.47794625e-002 0. 3.43883550e-003 3.70213325e-004
    9.31084994e-003 4.36185533e-003 0. 4.69353842e-003 0. 0. 0. 0. 0. 0.
    0. 0. 0. 3.04879807e-003 0. 1.86145795e-003 0. 0. 0. 0.
    2.30869930e-003 0. 1.76312458e-002 0. 0. 4.06996842e-004 0.
    3.03243124e-003 0. 0. 0. -5.65835787e-003 0. 7.38626393e-003 0.
    -6.67814384e-005 1.05520280e-003 2.17164168e-003 2.11006007e-003 0.
    0. 0. 4.42498550e-003 0. 0. 0. 0. 0. 0. 7.84508977e-003
    -2.53659859e-003 1.50527735e-003 8.34827515e-005 0. 0.
    1.29434353e-004 0. 1.60928338e-003 1.09226129e-003 -1.29949336e-003
    0. 0. 0. 0. 0. 0. 0. 0. 0. 7.78056914e-004 2.43232003e-003
    4.73109353e-003 0. 0. 0. 0. 0. 0. 0. 0. 0. 1.64804957e-003
    5.43126836e-003 2.98222643e-004 0. 7.32109277e-003 5.65178506e-003
    8.19585053e-004 2.26728548e-003 0. 5.52573707e-004 0. 0. 0. 0.
    1.04361661e-002 -5.10394224e-004 0. 4.59498493e-004 4.19038377e-004
    2.02196024e-004 0. 4.66356752e-003 0. -3.59000369e-005
    -9.93325375e-003 0. 0. 0. 6.83338789e-004 0. 5.38674137e-003 0. 0.
    0. 4.56285896e-004 5.98628912e-003 0. 0. 1.87063520e-003
    5.39824832e-003 0. 5.59453527e-003 0. 0. 2.57269689e-003 0. 0. 0. 0.
    -1.03170204e-003 0. 0. -1.36576046e-003 0. -2.39000004e-003 0. 0. 0.
    0. 0. 0. 0. 6.49234047e-003 4.53774584e-003 0. 0. -6.70810405e-004
    2.09776033e-003 2.58878130e-003 -6.90225163e-004 0. 0.
    -3.73350433e-003 0. 0. 0. 0. 5.83794154e-003 2.85424734e-003
    1.42586487e-003 -1.38072122e-003 -1.24587247e-003 0. 0. 0.
    3.21584707e-003 0. 0. 0. 2.65288865e-003 0. 9.46116727e-003
    6.97343005e-003 0. 0. 1.43219333e-003 2.78500514e-003 0. 0.
    3.33597045e-003 4.47915681e-003 8.23413022e-004 3.61160724e-003 0.
    0. 3.51239997e-003 0. 0. -3.20022809e-004 5.51585387e-003 0. 0. 0.
    0. 0. 0. 0. 3.44955735e-003 0. 5.12340711e-003 0. 8.80077365e-004 0.
    2.51199002e-003 2.44680559e-004 0. 1.26271823e-003 0. 0. 0. 0.
    1.83757907e-003 0. 0. 0. 5.64243831e-003 1.42680632e-003 0.
    8.25036597e-003 9.38228564e-004 0. 8.50756536e-004 0. 0.
    4.02088556e-003 0. 0. 2.13356479e-003 0. 1.04138930e-003
    3.65669350e-003 0. 0. 0. 0. 1.42425741e-003 2.18925322e-003
    2.19871639e-003 0. 0. 0. 0. 0. 3.47521505e-003 0. 1.25057690e-004 0.
    0. 0. 0. 9.01386421e-003 0. 5.44279674e-003 0. 0. 0. 0. 0. 0. 0. 0.
    0. 4.90718707e-003 0. 0. 2.05019591e-004 1.14351232e-003 0.
    -6.08091708e-003 0. 0. 0. 2.55927048e-003 -2.49006785e-004
    3.38511309e-003 1.00242218e-003 0. 0. 0. 2.83689529e-004
    3.11678974e-003 0. 1.67004280e-002 0. 0. 0. 0. 2.37382157e-003 0. 0.
    9.87257110e-004 -1.50211144e-003 1.55975262e-003 0. 0. 0. 0.
    5.10285958e-004 0. 0. 0. 3.57210706e-003 -3.00857180e-004 0.
    3.58834979e-003 0. 2.73285806e-003 0. 0. 0. 1.62818981e-003 0.
    2.24276073e-003 0. 4.56193276e-003 4.18698182e-003 0.
    3.11278529e-003 0. 0. 4.05564019e-003 0. 1.30855606e-003 0.
    1.16052676e-003 -2.28814715e-005 0. 6.88526034e-003 0.
    1.15400960e-003 0. 9.08343866e-003 1.25520374e-003 0.
    -8.29903700e-004 3.95469088e-003 1.58855170e-002 0. 0. 0. 0.
    2.37556035e-003 0. 0. 0. 2.11563916e-003 0. 0. 0. 2.29651341e-003
    4.81547962e-004 0. 5.21187019e-003 0. 0. 6.32743305e-003
    -4.42796247e-003 0. 6.87548949e-004 0. 3.55809432e-004
    -8.60442873e-004 0. 0. 0. 0. 0. 0. 0. -3.13543278e-005
    1.09272534e-002 3.29473551e-004 0. 0. 0. 0. 0. 0. 0. 6.46704622e-003
    6.37209555e-003 0. 0. 2.50038458e-003 0. 0. 0. 0. 0. 0. 0. 0. 0. 0.
    4.44964319e-003 0. 0. 0. 0. 0. -1.83392855e-004 0. 4.92549129e-003
    0. 0. 4.72778687e-003 0. 0. 0. 0. 0. 0. 2.32640328e-003
    1.03662638e-002 0. 0. 6.44801091e-003 0. 2.60109198e-003 0. 0. 0. 0.
    -2.31009180e-004 0. 4.98076947e-003 3.15269199e-003 0. 0. 0.
    -7.10163149e-005 0. 0. -1.32153439e-003 8.52849393e-004
    -1.78859147e-004 -6.20845240e-004 0. -4.26833576e-004 0. 0.
    1.55328901e-003 -2.00538291e-003 0. 4.89692390e-003 0. 0.
    1.10427570e-003 2.31123925e-003 0. 1.76793733e-003 2.54582940e-003
    0. 4.16288897e-003 0. 0. 0. 1.31461595e-004 0. 1.74595031e-003 0.
    2.41914741e-003 0. 0. 1.16190722e-003 2.36235186e-003 0. 0. 0.
    -9.12044197e-004 7.03391619e-004 3.01785418e-003 0. 0. 0. 0. 0. 0.
    5.76633448e-003 0. 0. 0. 0. 0. -6.10919727e-004 0. 0. 0. 0.
    3.77873168e-003 0. 0. 0. 0. 0. 5.36728231e-003 0. 0.
    -2.62773567e-004 0. 0. 1.54993578e-003 0. -5.92121098e-004
    6.14886219e-003 0. 1.07269017e-002 0. 0. 6.49874040e-004 0.
    1.04681146e-003 0. 0. 0. 0. 0. 0. 0. 7.75328721e-004 0. 0. 0. 0. 0.
    0. 0. 0. 1.34183210e-003 0. 0. 0. 0. 0. 0. 3.30239884e-003 0. 0.
    8.40645842e-003 0. 0. 0. 1.53955678e-003 2.44188093e-004 0.
    4.39027278e-003 0. 0. 0. 2.35730945e-003 0. 0. -1.82734197e-003 0.
    0. 0. 0. 0. 2.80237314e-003 4.46960767e-004 0. 0. 0. 0. 0.
    2.53866473e-003 0. 0. -4.11876172e-005 0. 2.65866518e-003
    9.49464447e-004 1.15301656e-002 0. 0. -8.31200159e-004 0. 0.
    3.38501413e-003 0. 1.10607296e-002 0. 2.77648633e-003 0. 0. 0.
    4.14249342e-004 0. 1.08987698e-003 0. 0. 0. 0. 0. 0. 0.
    8.09773616e-003 1.17077108e-003 3.22072022e-003 0. 0. 0. 0. 0. 0. 0.
    -9.11586802e-004 0. 0. 0. 0. 0. 0. 3.48100998e-003 1.89875846e-003
    0. 0. 0. 0. 1.14957278e-003 0. 0. 0. -4.90482722e-004 0.
    8.60016979e-003 0. 0. 0. 0. 0. 4.67306469e-004 0. 0. 0.
    -2.62720464e-003 5.08187851e-003 0. 0. 0. 0. 5.52804209e-003 0. 0.
    1.68599444e-003 0. 2.64946278e-003 0. 3.55487131e-003 0.
    3.07031878e-004 0. 1.15119165e-003 9.80492099e-004 1.42666191e-004
    0. 1.94276287e-003 0. 3.04444693e-003 0. 0. 0. 0. 0. 2.07654503e-003
    0. 0. 9.54401155e-004 5.22379938e-004 0. 0. 2.26532854e-003
    5.45527693e-003 0. 0. 5.95125183e-003 0. 0. 4.13121516e-003 0. 0.
    -4.71068110e-004 4.97468654e-003 6.57744426e-003 0. 0. 0. 0.
    -2.82446708e-004 1.75159192e-003 0. 1.29749542e-002 0. 0. 0. 0. 0.
    0. 1.16950236e-002 0. 0. 2.54125171e-003 2.84271990e-003 0. 0.
    -9.46982764e-004 0. 0. 1.56239560e-003 1.82794733e-003
    8.81071028e-004 0. 0. 3.79909761e-003 4.00428940e-003
    1.01875374e-002 0. 0. 7.18556996e-003 0. 2.38512666e-003 0.
    6.88988424e-004 8.98229703e-003 0. 0. -7.98620167e-004 0. 0.
    6.40609907e-003 0. 1.00153836e-003 0. 0. 0. -1.02939038e-003
    2.56172963e-003 0. 0. 4.44925949e-003 0. 0. 8.50660633e-003
    2.21565552e-003 2.91408133e-003 0. 0. 0. 0. 0. 5.94191626e-003 0.
    1.91684894e-003 0. 0. 1.10726980e-002 0. 0. 0. 3.57906520e-003
    -2.26746872e-003 1.79646246e-003 0. 0. 2.63900030e-003 0. 0. 0.
    8.48062264e-005 1.88836129e-003 9.77164251e-004 0. 0.
    5.70722157e-003 0. 4.53256443e-003 0. 0. 0. 0. 1.26998476e-003
    5.92971314e-003 0. 6.57410780e-003 0. 0. 0. 0. 4.50607389e-003 0.
    -3.01020482e-004 2.93980376e-003 0. 0. 3.02273803e-003 0.
    3.54034198e-003 0. 0. 0. 0. 0. 0. 1.85823860e-003 0. 7.71822268e-003
    0. 2.14966945e-004 0. -1.98526704e-003 0. 0. 0. 2.40512635e-003 0.
