<?xml version="1.0"?>
<opencv_storage>
<imageDescriptor type_id="opencv-matrix">
  <rows>1</rows>
  <cols>1000</cols>
  <dt>f</dt>
  <data>
    0. 5.18922519e-004 -3.11590586e-004 9.90569475e-004 2.00890331e-003
    4.04013554e-004 0. 1.61140109e-003 1.54094538e-003 1.58464175e-003
    9.09758173e-003 8.03005940e-004 -2.22947425e-003 1.68089260e-004 0.
    0. 9.90130845e-003 1.44999120e-002 0. 0. 0. 0. 0. 1.54290698e-003
    1.58789486e-003 2.32119506e-004 8.85960739e-003 0. 0.
    4.77461424e-003 6.57340232e-003 1.50245440e-003 1.14423910e-003 0.
    0. 1.21103935e-002 0. 0. 1.83733751e-003 0. 5.56130253e-004
    6.70384988e-003 0. 6.68618246e-004 -1.11537520e-005 0. 0. 0. 0. 0.
    -4.98350768e-004 -1.30325661e-003 5.18113980e-003 -6.57579047e-004
    2.48199376e-006 -6.99326120e-005 0. 0. -1.45724742e-003
    2.21077586e-003 1.41424418e-003 2.78309686e-003 0. 4.99879662e-003
    0. 0. 0. 8.22207949e-005 0. 9.71006113e-004 0. -6.03611639e-004 0.
    -8.55099497e-005 0. -2.90835480e-004 0. 0. 0. 4.25517093e-003
    -1.35418738e-003 0. 1.90472265e-003 5.27086295e-003 3.94884410e-004
    0. 2.67041358e-003 -2.10208050e-003 4.88171063e-004 1.29565736e-003
    4.49092186e-005 0. 0. 0. 1.96252903e-003 7.07407249e-004
    1.74761075e-003 -1.74954461e-004 0. -7.15195260e-004 5.87087299e-004
    1.60594028e-003 1.48928585e-003 0. 0. 3.57803423e-003
    3.82328348e-004 0. 0. 0. 1.45697748e-004 0. 6.97635766e-003 0.
    1.63680190e-004 3.76288942e-003 -8.51409204e-005 0. 0. 0.
    9.76597425e-004 -1.97956408e-003 0. 0. 1.46193826e-003
    1.19697120e-006 4.45919606e-004 3.17107351e-003 -1.26934465e-004
    -4.17097559e-004 0. 0. -9.51400216e-005 -1.07128895e-003
    5.78125799e-003 -9.09529161e-004 4.86444123e-003 7.77339970e-004 0.
    1.38408388e-003 4.51758411e-003 0. 0. 4.98000719e-003
    -2.04686381e-004 0. 8.35246593e-003 0. -2.28822581e-003
    -2.81209621e-004 0. 1.63056317e-003 4.69517749e-004 3.90570424e-003
    0. 3.27927468e-004 3.18822660e-003 0. -1.94122782e-003
    6.18137978e-003 0. -2.91137258e-004 0. 9.77571122e-004
    6.14969898e-003 -2.29171384e-003 0. 4.91517177e-003 3.90363391e-004
    0. 0. 0. 0. 0. 0. -8.09115125e-004 0. -2.33463106e-005 0.
    8.21116567e-003 -2.30473257e-003 0. 1.41543387e-006 7.45292567e-003
    6.60148263e-003 0. 7.38852541e-004 1.10507375e-002 0.
    -7.82276853e-004 0. 1.74620806e-003 5.08307898e-003 -9.33501462e-004
    0. 0. 0. 1.63581944e-003 4.48520202e-003 -6.22179243e-004 0.
    3.00055859e-003 1.45736733e-003 0. 0. 0. 0. 0. 0. -5.11529870e-005
    0. 1.67489110e-003 0. 0. 0. 4.25217580e-003 2.93040043e-003 0.
    -1.75655397e-004 5.90269221e-004 2.04314548e-003 6.57472014e-003
    1.59025763e-003 0. 2.34995224e-003 2.87436857e-003 0.
    1.09582581e-003 0. 0. 0. 0. 0. 5.43095684e-003 0. 3.01936315e-003
    9.95778828e-004 -7.27125735e-004 0. 0. 5.39369602e-003
    3.34240147e-003 4.96874982e-003 0. 0. 8.28564982e-004
    5.14994269e-007 0. 1.07960089e-003 1.97394262e-003 1.77483582e-006
    1.30573233e-006 1.88597292e-003 0. -5.96178106e-005 0.
    1.31391583e-003 0. 7.45963771e-004 6.04117988e-003 0.
    2.33284489e-004 0. 0. 5.46824420e-003 0. 2.56484404e-004 0.
    -1.44377758e-004 1.39187754e-003 -2.17731009e-004 0. 0. 0.
    -8.15621461e-004 1.87708752e-003 0. -2.40975944e-003 0. 0. 0.
    1.96486968e-003 0. 1.77414285e-003 5.34567283e-003 0.
    5.76077541e-003 -1.10513251e-003 9.65549203e-004 0. -3.82165774e-004
    6.42456813e-003 0. 0. -1.50355755e-003 1.62118450e-002
    7.90631806e-004 4.61213058e-004 0. 0. 3.43295105e-004 0.
    1.05588324e-003 0. 0. 1.18872186e-003 0. 0. 2.14998890e-003 0.
    -1.68175447e-007 -1.72655535e-004 0. 0. 4.26598173e-003 0.
    4.09103977e-003 8.52356025e-004 0. 0. 0. 0. 4.33912268e-004
    2.31688586e-003 0. 0. 6.78261975e-003 0. 0. 8.00052099e-003
    4.24015801e-003 9.77152586e-003 0. 2.48312461e-003 0. 0.
    1.18001582e-004 0. 0. 0. 1.24369864e-003 0. 3.60587938e-003
    5.85723552e-004 0. 0. 1.81079260e-003 1.68830610e-003
    -1.98058970e-003 5.08682756e-003 0. 0. 0. 7.26239581e-004
    -5.68134637e-005 -8.73758807e-004 8.98033788e-004 1.14908349e-003
    -4.26690094e-004 0. 0. 5.58007043e-003 -9.57974407e-004 0.
    4.47275408e-004 0. 3.24979861e-004 -7.90794264e-004 0. 0. 0. 0. 0.
    -3.74709547e-004 0. 0. 0. 0. 0. 0. 0. 0. 0. 0. 1.79490598e-006 0.
    1.13688456e-003 4.03529499e-003 1.31379254e-002 5.47670526e-003
    -3.44557775e-004 0. 5.01267286e-003 0. 1.02115877e-003
    1.19127263e-003 1.99330636e-004 5.60767949e-003 0. 0. 0.
    -8.82805791e-004 0. 0. 0. 4.89073398e-004 0. 3.54925869e-004
    5.21143083e-004 -8.95019111e-005 1.02586334e-003 7.66254403e-003 0.
    0. 0. 0. 2.85128568e-004 0. 5.69710601e-003 0. -3.77530348e-004
    4.94399015e-003 2.67918608e-006 8.46321287e-004 3.46944644e-003 0.
    6.37479546e-003 0. 0. 0. 0. 0. 6.49501744e-004 0. 0. 0.
    5.23347233e-004 0. 5.50288893e-003 0. 3.35281109e-003 0.
    -7.52342283e-004 0. 8.38197593e-004 0. 0. 2.24525598e-003
    -4.07573913e-004 0. 0. 0. 0. 1.96469686e-004 8.05906765e-003 0.
    4.29352606e-003 4.46000835e-003 1.96006219e-003 1.23649351e-002
    2.87698768e-003 4.58774412e-006 0. 0. 1.81299483e-003 0. 0. 0.
    7.68570276e-003 0. 1.04286347e-003 0. 0. 0. 5.35514439e-004 0.
    2.00605718e-003 0. 1.37379963e-003 0. -8.09666584e-004
    7.14691402e-003 7.16886343e-003 -1.49203034e-003 0. 0.
    8.90654104e-004 1.23133406e-003 0. 6.06449414e-003 0. 0. 0. 0.
    -8.16646614e-004 5.62041067e-004 0. 0. -4.14681526e-005 0.
    1.04693975e-003 0. 0. 0. -2.64406344e-003 -2.25091528e-004
    -2.27481403e-004 0. 2.40650377e-003 0. 0. 0. 0. 0. 0. 0. 0. 0. 0. 0.
    6.45458000e-004 0. 0. 0. 0. 8.59749690e-003 0. 8.55143066e-004
    7.46590598e-003 0. 0. 0. 7.12997839e-003 -3.84898204e-003 0.
    7.71476887e-003 0. 0. 0. 0. 0. 0. 0. 0. 7.30018737e-003 0. 0. 0. 0.
    0. 0. 0. 0. 0. 5.59552712e-003 0. 0. 1.42873672e-003 8.56153376e-004
    7.79425027e-003 9.86403879e-003 0. 6.09281415e-004 0.
    7.29581248e-003 0. 2.77276826e-003 -2.26068287e-003 0. 0. 0. 0.
    7.04419275e-004 0. 0. 1.18221808e-003 1.53430985e-004 0. 0.
    5.45675540e-003 0. 4.51997574e-003 0. 2.12637271e-004 0. 0.
    1.46541847e-002 0. 1.43662537e-003 1.81350450e-003 0. 0. 0.
    1.46211917e-002 0. 0. 5.50557394e-003 0. 0. 5.19854482e-003 0.
    1.07115146e-003 0. 0. 7.28342868e-003 0. 0. 0. 2.95429607e-003 0. 0.
    6.10020012e-004 0. -4.90436330e-004 0. 0. 0. 0. 6.57536462e-003 0.
    5.68566145e-004 6.98384643e-003 0. 5.75613172e-004 6.49098190e-004
    -4.34311252e-004 0. 1.58170087e-003 0. 1.47562614e-003 0. 0.
    2.14976026e-003 0. 0. 1.78730965e-003 0. 0. 2.55381595e-003
    1.64947577e-003 0. 0. 5.21737791e-004 3.80498153e-004 0. 0.
    1.90913130e-003 0. 0. 0. 6.57500746e-003 6.88783126e-003 0. 0.
    9.39733628e-003 0. 0. 0. 6.20319042e-003 1.42544945e-004
    -7.93523679e-004 7.83487863e-004 0. 0. 0. 0. 5.93406893e-003 0.
    -1.15397634e-004 0. 1.40344829e-003 0. 6.91027439e-004 0. 0.
    2.23190244e-003 0. 0. 0. 0. 6.57453435e-003 0. 0. 4.94004518e-004
    1.23898208e-004 -3.79706362e-005 1.62658701e-003 0. 0.
    7.26781494e-004 0. 1.54668803e-003 0. 5.71964076e-003
    4.41274897e-004 0. 0. -1.11170369e-003 0. -1.11038890e-003
    1.78627626e-004 0. 0. 0. 0. 0. 1.82405277e-003 5.86683676e-003 0.
    3.47392139e-004 0. 1.38429389e-003 0. -9.30367605e-006 0. 0.
    6.15540147e-003 3.23662139e-003 0. 6.07124716e-003 0. 0. 0.
    -2.40373061e-004 0. 0. 2.51769158e-003 0. 9.30665759e-004 0.
    2.54063198e-004 2.94691097e-004 6.57477137e-003 0. 0.
    6.63313258e-005 1.12037931e-003 0. -2.55812134e-004 5.36972610e-003
    -5.72230725e-004 0. 0. 0. 0. 0. 0. 0. 1.90787355e-003 0.
    1.04243503e-004 -8.97694554e-004 0. 0. 0. 0. 0. 0. 8.69894959e-003
    3.63994087e-003 6.57434016e-003 4.70490748e-004 0. 6.13406161e-003
    0. 0. 0. 0. 0. 3.97744589e-003 3.84532660e-003 0. 0. 0.
    6.46718370e-004 0. 0. 0. 0. 6.47275569e-003 0. 0. 8.21461994e-003
