<?xml version="1.0"?>
<opencv_storage>
<imageDescriptor type_id="opencv-matrix">
  <rows>1</rows>
  <cols>1000</cols>
  <dt>f</dt>
  <data>
    0. 0. 0. 0. 0. 1.09109301e-002 0. 0. 0. 0. 0. 3.90320364e-003
    1.38957426e-003 0. 0. 4.31905407e-003 9.03998269e-004
    4.18093055e-004 8.66677030e-004 7.79212685e-003 2.56032683e-004 0.
    0. 0. 0. -3.48649570e-003 0. 3.37765017e-003 0. 7.74625083e-003 0.
    -1.43141006e-004 0. 0. 1.77797035e-003 0. 0. 0. 0. 1.96309108e-003
    0. 0. 0. 0. 3.19628255e-003 0. 0. 0. 3.64815467e-003 3.00814095e-003
    -1.02224934e-003 0. 0. 0. 0. 0. 0. 1.56379037e-003 0. 0.
    7.25021446e-003 3.18064615e-002 -3.15602869e-003 0. 7.03178206e-003
    0. 0. 3.73013830e-003 0. 0. 1.04861322e-003 1.61998835e-003 0. 0. 0.
    1.37785031e-002 0. 6.85417186e-003 0. 0. 3.78419855e-003 0.
    4.61185863e-003 0. 0. 3.70661286e-003 0. 2.59156572e-003 0. 0.
    1.33573078e-003 0. 2.64482340e-003 0. 0. 2.12965487e-003 0. 0. 0. 0.
    0. 0. 0. -5.79761865e-004 0. 4.74357978e-004 0. 0. 2.64328416e-003
    0. 8.19016434e-003 4.45493218e-003 0. 0. 0. 0. 1.77804788e-003 0. 0.
    2.62113940e-003 0. 5.89337293e-003 0. 0. 0. -4.07209620e-003
    5.78239374e-003 0. 8.81116837e-003 0. 0. 1.98731711e-003 0. 0. 0. 0.
    0. 0. 0. 0. 0. 0. 0. 0. 0. 0. 0. 9.90353245e-003 9.45808366e-004 0.
    0. 0. 0. 0. 2.96730781e-003 0. 0. 0. 0. 0. 0. 5.16718859e-003
    5.87719027e-003 1.06732058e-003 0. 8.63352045e-003 0.
    6.25737011e-003 1.86446577e-003 0. 2.59794807e-003 -1.18087255e-003
    0. 0. 0. 0. 3.04548978e-003 -7.16804061e-004 0. 0. 0.
    1.12505024e-003 0. 0. 0. 0. 0. 0. 9.62806516e-004 6.57976663e-004 0.
    3.66574648e-004 -9.85493883e-004 -4.31464147e-003 3.02515982e-004 0.
    0. 0. 0. 0. 0. 0. 0. 0. 3.40619264e-003 1.05800675e-002
    3.73890949e-003 0. 0. 0. 6.00485539e-004 0. 2.10452033e-003
    1.99109875e-003 -1.93948171e-003 0. 0. 0. 0. 0. 2.31378875e-003 0.
    0. -2.65592040e-004 0. 4.55299771e-004 1.53308304e-003
    5.51597634e-003 0. 0. 1.16237719e-002 0. 0. 0. 0. 0. 0. 0. 0.
    -8.84025008e-004 1.06732163e-003 0. 2.06304784e-003 0. 0. 0.
    8.35539028e-003 0. 0. 0. 0. 0. 9.42478582e-005 0. 1.79144100e-003 0.
    0. 8.18949775e-004 0. 0. 2.74429214e-003 0. 0. -3.68510420e-003 0.
    0. 0. 0. 0. 0. 0. 0. 3.00275139e-003 0. 2.81045982e-003 0. 0. 0. 0.
    9.46823880e-003 0. 0. 0. 1.65390305e-003 7.02306628e-004
    2.42778426e-003 0. 1.02217309e-002 0. 0. 1.61721501e-002 0. 0. 0.
    2.04260857e-003 1.03281939e-003 3.43297725e-003 0. 0. 0.
    5.03120886e-004 7.58721260e-004 0. 4.48005507e-003 0. 0.
    2.54886108e-003 0. 0. 0. 5.44539187e-003 0. 0. -6.22126739e-004 0.
    0. 5.86165057e-004 5.07340720e-003 0. 0. 0. 6.50518050e-004 0.
    3.52945016e-003 -1.56674499e-003 4.00985917e-003 0. 0. 0. 0. 0. 0.
    5.02530206e-003 2.73350626e-003 2.75875704e-004 0. 7.19876774e-003
    0. 2.12080035e-004 0. 0. 1.70921220e-003 0. 0. 0. 6.23829401e-005 0.
    0. 4.83518488e-005 0. 2.17393343e-003 0. 0. 0. 3.91698536e-003
    6.16959436e-003 3.05198762e-003 0. 0. 0. 0. 0. 0. 0. 0. 0.
    3.16022453e-003 0. 2.79493467e-003 0. 0. 3.66175454e-003 0. 0. 0. 0.
    2.11042520e-002 0. -2.60075042e-003 0. 1.89515273e-003 0. 0. 0.
    -4.18493175e-004 0. 2.78853741e-003 0. 0. 5.35926083e-003 0. 0.
    1.50719676e-002 0. 2.73432396e-003 0. 2.41311919e-003 0. 0. 0.
    -1.78831615e-004 8.98921955e-003 0. 3.99843557e-003 8.59472668e-004
    0. 1.30813255e-003 0. 0. -1.26840349e-003 1.15490064e-003 0.
    1.49973712e-004 -7.13268993e-003 0. 0. 0. 0. 0. -2.44769081e-003 0.
    0. 0. -6.07971277e-004 1.54284539e-003 0. 1.43408380e-003 0. 0.
    7.87268952e-003 0. 0. -2.46955850e-003 0. 0. 0. 3.05522978e-003 0.
    5.61402831e-003 1.11702224e-003 0. 0. 0. 0. -4.08741995e-004 0. 0.
    3.96746723e-003 0. 0. 0. 0. 3.02465144e-003 2.56863632e-003 0.
    1.32666063e-003 0. 0. 0. 0. -4.06146469e-003 0. 0. 0. 0. 0.
    8.85429443e-004 0. 0. 0. 0. 6.36770483e-003 0. 0. 0. 0. 0. 0. 0.
    3.18606151e-004 0. 0. 1.96377491e-003 0. 0. 0. 9.57254437e-004
    1.45909935e-003 7.11419666e-003 0. 1.13422854e-003 6.42934116e-003
    3.00743291e-003 1.65727179e-004 2.70902016e-003 0. 0. 0. 0. 0. 0. 0.
    7.63489166e-004 0. 0. 0. 3.04216682e-003 5.40528726e-003 0.
    1.47809577e-003 0. -1.89999980e-003 -3.13968142e-003 2.43796897e-003
    0. 0. 3.90134170e-003 0. 0. 2.45661242e-003 0. 1.30164844e-003
    2.06367411e-002 2.81083467e-003 0. 0. 4.54845326e-003
    -2.30348925e-003 4.00165049e-003 7.69515568e-003 0. 0. 0.
    4.00258519e-004 6.65109605e-004 0. 0. 2.35349499e-003
    1.65700563e-003 0. 0. 2.81464960e-003 0. 6.14794437e-003 0.
    -4.80733579e-004 0. 0. 0. 1.42214203e-003 0. -8.17115535e-004 0.
    3.73062165e-003 2.58064159e-004 0. 2.27528950e-003 0. 0. 0. 0.
    1.99601310e-003 0. 8.98413826e-003 0. 0. 0. 0. 0. 0.
    -5.10513142e-004 0. 0. 2.31135706e-003 0. 0. 0. 0. 0. 0. 0.
    7.08271423e-003 0. 8.52445699e-003 0. 2.68581876e-004
    8.95770965e-004 0. 0. 1.75266189e-003 0. 0. 0. 0. 0. 0. 0. 0. 0.
    9.32036247e-003 0. 0. -4.50560474e-005 2.42586015e-003 0. 0.
    2.05287011e-003 3.03307781e-003 0. 0. 0. 0. 0. 0. 0.
    -1.33814150e-003 0. 0. -4.62899130e-004 3.85536486e-003
    4.37229266e-003 3.04787210e-003 0. 3.70787131e-003 0. 0.
    7.32573681e-003 1.64529996e-003 0. -5.02001902e-004 1.35235256e-003
    0. 0. 0. 0. 0. 0. 0. 0. 0. 3.30966688e-003 0. -2.31813639e-003 0. 0.
    0. 0. 0. 2.50443304e-003 9.30455513e-004 0. 0. 3.96636315e-003
    1.16693871e-002 0. 0. 0. 0. 1.73370577e-002 0. 0. 0. 0.
    3.99263995e-003 -1.32333930e-003 0. 0. 1.36540039e-003 0.
    5.61189419e-003 0. 0. 0. 3.30603402e-003 0. -1.46565703e-003 0.
    1.18079979e-003 0. 0. 0. 5.67639293e-003 2.61358335e-004 0.
    3.29508469e-003 -3.80442973e-004 0. 0. 0. 0. 8.20809859e-004 0.
    9.71057918e-003 0. 0. 0. 0. 0. 0. 0. 0. 0. 0. 0. 0. 0. 0. 0. 0. 0.
    0. 0. 0. 0. 7.91695807e-003 6.19669491e-003 0. 0. 0. 1.32744759e-003
    0. 0. 0. 0. 9.48927645e-003 2.03615874e-002 1.68299396e-003 0. 0. 0.
    0. 0. 2.73020728e-003 0. 0. 5.06780285e-004 0. 0. 0. 0. 0. 0.
    9.58892866e-004 1.56076800e-003 0. 0. 0. 0. 7.36861257e-004 0. 0. 0.
    0. 0. 0. 0. 0. 0. 7.50889536e-003 0. 2.66117416e-003 7.10006570e-004
    6.22776104e-003 0. 0. 0. 0. 0. -3.73654155e-004 0. 0. 0. 0. 0.
    1.73119432e-003 0. 0. 0. 0. 1.08334492e-003 0. -7.77037872e-004 0.
    0. 0. 0. 6.42513297e-003 0. 0. 0. 0. 0. 0. 0. 0. 0. 0.
    -4.56565205e-004 3.40263615e-003 1.29377737e-003 0. 0. 0.
    1.01799355e-003 1.63636298e-003 0. 0. -3.02090746e-004 0. 0. 0. 0.
    0. 0. 0. 0. 0. -1.60851527e-003 0. 0. 0. 1.05255027e-003
    2.13362160e-004 0. 9.72749185e-005 0. 0. 0. 1.64052844e-002 0. 0. 0.
    7.43442727e-003 0. 0. 0. 0. 3.77825752e-004 0. 0. 4.56476863e-003 0.
    0. 6.58896577e-004 2.36876588e-003 0. 0. 0. 4.10316745e-003 0. 0.
    7.54523883e-003 0. 2.90939352e-003 3.10316961e-003 3.25294584e-003
    3.17667073e-005 3.11344536e-003 0. -1.63318240e-004 3.59188020e-003
    0. 0. 0. 0. 1.12649137e-002 0. 0. 0. 0. 0. 9.59811150e-004 0.
    4.85774683e-004 8.03411845e-003 0. 0. 0. 5.89054124e-003 0.
    -8.39182758e-004 0. 3.97172116e-004 0. 0. 0. -3.71208473e-004
    -1.63235504e-003 1.72162414e-004 0. 0. 0. 0. 9.34128370e-003
    1.45774381e-002 0. 0. 1.85657956e-003 0. 0. 2.37659039e-003 0. 0. 0.
    5.68314223e-003 0. 0. 0. 1.65433902e-003 4.95309429e-003
    7.67866988e-003 0. 6.27904478e-003 0. 0. 1.88498583e-003 0. 0. 0. 0.
    -5.01614588e-004 0. 8.46171565e-003 0. 3.99278360e-004 0. 0. 0.
    5.11593232e-003 4.05248953e-003 0. 0. 0. 0. 3.07253865e-003 0. 0. 0.
    -8.38661625e-004 5.44676557e-004 1.00637507e-003 2.91006826e-003 0.
    0. 0. 1.69834646e-003 -9.85926948e-004 0. -2.52740365e-003
    7.51158688e-004 0. 0. 0. 0. 0. 0. 5.56170649e-004 0. 0.
    7.58883543e-004 0. 0. 0. -1.23257516e-004 2.67568161e-003
    2.92422506e-003 9.31549910e-003 3.86631931e-003 0. 0. 0.
    -1.54808199e-003 0. 1.35886949e-003 0. 0. 0. 0. 0. 0. 0.
    4.87149518e-004 0. 2.54194555e-003 0. 2.50960467e-004
