<?xml version="1.0"?>
<opencv_storage>
<imageDescriptor type_id="opencv-matrix">
  <rows>1</rows>
  <cols>1000</cols>
  <dt>f</dt>
  <data>
    0. 0. 0. 0. 1.71807921e-003 0. 4.12881980e-003 2.37184926e-003 0. 0.
    0. 0. 0. 0. 0. 0. 0. 0. 5.29842963e-003 0. 0. 0. 4.35540546e-003 0.
    4.19394625e-003 2.92443263e-004 0. 0. 0. 2.93746265e-003
    -3.97346390e-004 0. -6.34580356e-005 0. 0. 0. 1.43458135e-003
    1.30771252e-003 0. 0. 2.57435697e-003 0. 1.18871499e-002 0.
    7.66739016e-003 6.25120592e-004 0. 2.87828059e-003 0. 0. 0. 0. 0.
    4.38321102e-003 0. 5.23537071e-003 3.95915937e-004 0. 0.
    3.85224354e-003 0. 3.80096631e-003 0. 1.44896121e-003 0. 0. 0. 0.
    -1.83107192e-003 0. 0. 1.48563711e-002 0. 0. 0. -1.76553591e-003 0.
    0. 0. 0. 0. 0. 2.28678319e-003 0. 0. -1.23042599e-004 0. 0. 0. 0.
    8.27448815e-003 9.64801386e-003 2.84356042e-003 0. 0. 0.
    -1.70576165e-003 0. 0. 0. 1.17771036e-003 1.32126259e-002
    5.13325445e-003 0. 5.76336810e-004 4.21684096e-003 0. 0. 0.
    3.49795591e-004 9.19076242e-003 6.71073236e-003 0. 0. 0. 0.
    1.26822689e-003 0. 0. 0. -3.14246390e-005 5.02242893e-003
    4.34718269e-004 3.36377788e-003 0. 0. 1.83944730e-003
    1.13170012e-003 1.37907977e-003 0. 0. 0. 0. 0. 0. 4.12692968e-003 0.
    0. 1.27290096e-003 0. 0. 2.63384008e-003 1.49135641e-003 0.
    3.17855948e-003 0. 0. 1.87298551e-003 0. 1.78650313e-003
    1.74253911e-003 0. 0. 0. 0. 6.16172794e-003 0. 0. 1.20677729e-003 0.
    2.04682304e-003 6.30453043e-003 0. 7.98339583e-003 0. 0.
    2.32614577e-003 0. 2.46655941e-003 0. 0. 0. 0. 0. -1.53927924e-003
    0. 1.00021297e-003 7.30286818e-003 -8.57645646e-004 0.
    2.55786185e-003 0. 7.41444109e-003 0. 3.76697211e-003 0. 0. 0. 0.
    1.23064192e-002 0. 2.35731690e-003 2.00207368e-003 0.
    1.07678131e-003 0. 1.42530771e-002 2.33422659e-004 0. 0.
    5.32981008e-003 0. 0. 0. 4.74321751e-005 0. 0. 0. 0. 6.39115181e-003
    0. 5.16256737e-003 0. 0. 0. 0. 0. 2.32187659e-003 5.25108364e-004 0.
    2.68543814e-003 2.30993913e-003 4.58815543e-004 0. 0.
    2.04755412e-003 -6.90913061e-004 0. 1.42636709e-003 2.34040641e-003
    0. 0. 0. 0. 0. 0. 0. 0. 1.12134707e-003 5.90893487e-003 0.
    9.97959170e-004 0. 0. 1.84577890e-003 0. 0. 0. 0. 8.80845299e-004 0.
    6.57230709e-003 0. 0. 0. 0. 9.40498081e-004 0. 1.27187639e-003 0. 0.
    0. 3.83279263e-003 0. 0. 2.56280391e-003 -1.23588112e-003
    8.38372289e-005 0. 0. -8.39392538e-004 0. -9.85934166e-005
    1.08447461e-003 1.31547311e-003 0. -9.98608535e-004 7.43497978e-004
    5.98594360e-003 0. 0. 5.26975782e-004 0. 0. 0. 0. 6.29194593e-003 0.
    -2.30396353e-003 -1.86613516e-003 0. 1.82714502e-004 4.83315322e-004
    0. 0. 0. 0. 3.15231015e-003 0. 5.09973965e-004 2.11589644e-003 0. 0.
    1.07645104e-002 0. 0. 0. 4.43265866e-003 0. 0. 0. 0. 0. 0.
    7.05433823e-003 3.20504978e-003 0. 0. 0. 0. 0. 1.67999009e-003 0. 0.
    0. 0. 0. 3.43117234e-003 0. 0. 0. 0. -5.76773542e-004 0. 0. 0. 0.
    1.21375534e-003 0. 0. 5.59765613e-003 1.30835094e-003 0. 0. 0.
    4.81239840e-004 0. 3.60128563e-003 0. 1.59027858e-003
    1.40159170e-003 1.06293033e-003 0. 0. 0. 0. 0. 8.24759016e-004 0. 0.
    7.49973173e-004 1.13231700e-003 5.24498150e-003 0. 2.47401791e-003
    3.47257126e-003 0. 1.67692569e-003 -4.82003856e-003 -1.98217295e-003
    3.26212402e-003 0. 0. 0. 0. 0. 1.10902463e-003 5.06578805e-003 0. 0.
    4.09975089e-003 0. 0. 0. 0. 0. 0. 9.78636555e-004 0. 1.49898755e-003
    0. 3.08745587e-003 -5.49671066e-004 3.59802577e-003 0.
    2.00859015e-003 4.87571210e-003 0. 0. 0. 0. 0. 0. 3.77038913e-003 0.
    -4.82387049e-003 2.16799392e-003 1.51113479e-003 0. 0.
    3.64742271e-004 0. 0. 0. 0. -9.48542496e-004 -1.35162740e-003 0. 0.
    0. 9.38172918e-004 0. -2.17638630e-003 0. 0. 0. 0. 0. 0.
    2.57391320e-003 0. 4.57546115e-003 2.62860232e-003 0. 0. 0. 0. 0.
    5.52969286e-003 0. 0. 5.28503035e-004 0. 1.28251594e-003 0. 0. 0.
    3.74542386e-003 0. 7.99783785e-003 0. 0. 0. 0. 0. 0. 7.98037916e-004
    0. 1.25193065e-002 3.51687218e-003 0. 2.70552840e-003 0.
    4.78661014e-003 1.49624667e-003 0. 1.67369703e-003 0. 0.
    7.07343221e-003 1.05108926e-002 0. 0. 0. 1.88401132e-003 0.
    -6.28445356e-004 4.69940994e-003 4.57133778e-004 3.69467260e-003
    5.11763198e-003 0. 7.82761723e-003 0. -6.09215873e-004 0. 0.
    -1.59658678e-003 0. 0. 1.95363886e-003 0. 2.36402545e-003 0. 0. 0.
    0. 1.84913841e-003 0. 1.72175176e-003 0. 0. 0. 5.95632195e-003 0. 0.
    3.32492345e-004 0. 2.18750210e-003 0. 0. 0. 8.09866819e-004 0. 0. 0.
    0. 0. 0. -5.56845800e-004 -4.88185528e-004 -1.96271343e-004 0. 0. 0.
    0. 0. 0. 5.51760022e-004 0. 0. 0. 4.89019789e-003 0. 0. 0.
    1.90728111e-003 4.29187855e-003 0. 0. 0. 0. 0. -2.53314455e-003
    2.54436536e-003 0. 0. 0. 4.09717858e-003 0. 0. 0. 0. 0. 0.
    1.38694840e-003 6.94657851e-004 0. 0. 0. 0. 1.64999452e-003 0. 0.
    -1.49971107e-003 0. 0. 0. 0. 0. -5.33315702e-004 0. 0.
    7.89132842e-004 0. 0. 0. 5.50212432e-003 0. 3.76279675e-003 0. 0. 0.
    6.04831334e-003 0. 0. 0. 0. 0. 0. 0. 8.62821122e-004 0.
    1.20944262e-003 5.47480397e-003 0. 0. 0. 0. -1.01660262e-003
    3.65136249e-004 0. 0. 2.22372983e-004 0. 0. 0. 1.04671007e-003 0. 0.
    0. 0. 4.31258697e-003 0. 2.37372168e-003 0. 0. 6.81824563e-003 0. 0.
    0. 3.26215080e-003 0. 0. 1.28748519e-002 3.27033503e-003
    9.74959042e-003 4.57991008e-003 2.85207503e-003 5.75932267e-004 0.
    -1.80259848e-003 0. 6.75866753e-003 0. 5.26287407e-003
    2.15682550e-003 0. 0. 0. 0. 0. 1.33246882e-004 2.88977590e-003 0. 0.
    0. 0. 1.12018303e-003 0. -3.92258051e-004 5.69261797e-003
    9.43019812e-004 0. 0. 0. 3.15970322e-003 0. 0. 5.84922545e-003 0.
    1.55621872e-003 0. 0. 0. 0. 0. 0. 0. 1.27309072e-003 0. 0.
    1.16641039e-003 1.23583106e-003 0. 0. 2.72069545e-003 0.
    1.02068102e-002 0. 4.82753525e-003 1.23055081e-003 0. 0.
    1.00238749e-003 0. 7.24196015e-003 3.19155678e-003 0. 0.
    7.43410876e-003 0. 0. 0. 0. 0. -1.82860461e-003 0. 0. 0. 0. 0.
    3.30065726e-003 0. 0. 5.56455576e-004 0. 0. 6.58382894e-004 0. 0.
    6.37444295e-003 1.41904585e-003 0. 0. 0. 0. 2.48645060e-003 0. 0. 0.
    0. 9.24421381e-003 0. 0. 4.40477423e-004 0. 4.66110837e-003
    2.69736745e-004 1.15895793e-002 3.36103584e-003 5.35569678e-004 0.
    0. 0. 0. 7.87486974e-003 0. 5.14052168e-004 0. 2.77800555e-003 0. 0.
    4.24175290e-003 0. 0. 5.12412423e-003 0. 1.92241720e-003
    1.25202956e-003 0. 0. 0. 0. 0. 0. 0. 3.07632814e-004 0.
    2.17731344e-003 0. 0. 0. 1.80464529e-003 0. 0. 0. 4.85580647e-003 0.
    0. 0. 0. 0. 2.45987484e-003 0. 4.17450164e-003 0. 0. 2.55708187e-003
    0. 0. 4.16327181e-004 0. 2.19487748e-003 0. 0. 0. 3.65548744e-003 0.
    0. 0. 0. 0. -1.34241593e-003 0. 1.17902341e-003 0. 0. 0. 0. 0. 0.
    -5.39855333e-003 0. 0. 0. 0. 0. 2.20264192e-003 0. 0. 0. 0.
    4.34783241e-003 3.67102795e-003 6.54933555e-003 0. -1.00442418e-003
    2.33255350e-003 0. 0. 0. 0. 4.25545359e-003 0. 1.81356887e-003 0. 0.
    0. 0. 0. 0. 0. 0. 0. 0. 0. 0. 8.47660063e-004 0. 0. 0.
    7.15005386e-004 -7.80251517e-004 0. 0. 0. 0. 0. 1.14910747e-003
    1.02541158e-002 0. 1.01438956e-003 0. 0. -1.86534342e-003 0.
    -3.80876916e-003 -1.41845476e-005 0. 0. -1.47844653e-003
    1.51239813e-003 0. 9.30732023e-003 0. 2.14946899e-003 0. 0. 0. 0. 0.
    4.59949137e-004 0. 0. 1.89899222e-003 0. 0. 0. 0. 0. 4.15470591e-003
    6.81624399e-004 4.39973455e-003 0. 0. 6.33396255e-003
    7.38803670e-003 0. 1.43895461e-003 0. 0. 0. 0. 3.35465907e-003
    -1.49321932e-004 0. 1.19716562e-002 0. 0. 0. 0. 0. 0.
    2.43375497e-003 0. 0. 1.27294357e-003 6.73278992e-004 0.
    3.10577569e-003 0. 0. 0. 0. 0. 0. -5.61516092e-004 1.54578220e-002
    2.39233091e-003 0. 0. 1.82157877e-004 0. 0. 1.94075843e-003
    4.65652999e-003 0. 1.29418285e-003 0. 0. 0. 0. 0. 1.11777871e-003
    3.94774647e-003 1.68537430e-003 0. 0. 2.48371786e-003 0. 0.
    1.14117260e-003 0. 1.15361223e-002 0. 0. 0. 0. 3.52242682e-003 0. 0.
    0. 2.71123857e-003 0. 0. 0. 0. 0. 0. 0. 2.09825411e-002
