<?xml version="1.0"?>
<opencv_storage>
<imageDescriptor type_id="opencv-matrix">
  <rows>1</rows>
  <cols>1000</cols>
  <dt>f</dt>
  <data>
    0. 2.16679671e-003 6.10251119e-003 0. 0. 6.04338339e-003
    3.72454547e-003 1.50787516e-003 1.90797739e-003 0. 0. 0. 0.
    9.80756944e-004 0. 0. 6.60823053e-003 0. -1.67648995e-003 0. 0.
    1.77720853e-003 2.90212268e-003 0. 0. 0. 0. 9.21397121e-004
    -8.40339417e-005 1.67593348e-003 0. -2.37505394e-003 3.06016905e-003
    0. 0. 2.16641091e-003 2.73718685e-003 0. 0. 0. 0. 0. 0. 0. 0.
    4.85916680e-004 3.33600474e-004 0. 1.76656549e-003 0. 0.
    3.24935559e-003 0. 0. -1.79369279e-004 0. -1.88225778e-004
    9.49802576e-004 0. 8.17309250e-004 0. 0. 0. 0. 0. 0. 5.08933840e-003
    1.03163216e-002 2.54440587e-003 0. 9.02913511e-004 8.76475777e-003
    4.90166293e-003 0. 2.26568605e-004 0. 5.81077486e-003
    1.93379307e-003 1.91930297e-003 3.28493101e-004 -2.14600703e-004 0.
    2.70989025e-003 0. 0. 0. 1.56700599e-003 2.90368800e-003 0.
    2.74021906e-004 0. 0. 0. 1.34451361e-003 1.32657180e-003
    6.23905659e-003 2.43431446e-003 -3.78303346e-004 8.32698832e-004 0.
    0. 0. 0. 0. 0. 0. 1.38754770e-003 1.12931302e-003 0. 7.20038253e-004
    0. 0. 0. 0. 3.12878750e-004 0. 0. 0. 0. 3.02165700e-003 0. 0.
    4.79722116e-003 0. 9.60224308e-004 1.67372799e-003 0. 0.
    4.07648692e-003 0. 6.17762515e-003 0. -2.14877611e-004 0.
    -1.16691308e-003 0. 0. 0. 1.69269461e-003 0. 0. 0. 0. 0. 0. 0. 0.
    1.05191274e-002 0. 2.73367506e-003 1.14736240e-003 0. 0. 0.
    9.11659328e-004 0. 0. 0. 1.94681864e-002 0. 0. 2.81897211e-003
    5.58659714e-003 4.81307413e-003 9.51527152e-004 0. 0. 0. 0. 0. 0. 0.
    0. 0. 0. 2.99410266e-003 0. 0. 0. 1.34977244e-003 0. 3.51545517e-003
    7.97998218e-004 0. 0. 0. 1.15533196e-003 0. 0. 0. 5.87190152e-004
    5.67199488e-004 0. 5.09443169e-004 0. 0. 4.59015486e-004
    4.99688275e-003 0. 1.41268130e-003 0. -1.59867713e-003 0.
    -1.21950929e-003 1.98562699e-003 0. 0. 0. 0. 9.27804154e-004
    9.58553050e-003 0. 0. 3.44333966e-005 0. 0. 5.10872807e-003
    1.87770568e-003 -9.39192192e-004 0. -7.18964357e-003 0.
    7.66158220e-004 0. 7.63859600e-003 0. -7.61619129e-004
    2.15708627e-003 2.74804421e-003 -4.49268264e-004 0. -5.23513474e-004
    0. 1.06910467e-002 0. 0. 0. 0. 2.06719525e-003 0. 0. 0.
    1.21646270e-003 0. 0. -1.44851406e-003 0. 0. 0. 6.64768275e-003
    1.05178205e-003 3.64576839e-003 0. 0. 0. 0. 2.41631991e-003
    4.00656229e-003 0. 0. 2.11236929e-003 0. 0. 0. 0. 0. 1.10591785e-003
    0. 0. 0. 0. 0. 0. 7.19192205e-003 0. 0. 0. 1.48683344e-003
    1.88063725e-003 0. 0. 0. 0. 0. 0. 1.24578853e-003 0. 0.
    -7.96005595e-004 0. 0. 6.82656653e-003 0. 0. 0. 0. 0. 0.
    2.24257330e-003 5.45787998e-003 -2.76552280e-003 0. 7.38117320e-004
    0. 0. 0. 0. 0. 7.16177747e-004 2.53139995e-003 0. 2.51244614e-003 0.
    0. 0. 5.06622950e-003 -1.15428225e-003 0. 0. 0. 0. 0. 0. 0. 0. 0. 0.
    0. 0. 0. 3.23245325e-003 0. 5.49448421e-003 0. 0. 0. 1.08807592e-003
    -1.15066080e-003 0. 0. 0. 0. 0. 6.44734083e-003 -1.24703441e-003 0.
    0. 4.28094249e-003 0. 0. 0. 0. 2.30247460e-004 2.28314823e-003
    2.72144959e-003 0. 0. 1.99106131e-002 0. -8.98016078e-005 0.
    -2.23110523e-003 3.86172207e-003 -1.74482097e-003 5.89799043e-003 0.
    0. 3.38225655e-004 0. 7.04952097e-003 0. 0. 4.10432665e-004 0.
    2.02988251e-003 0. 4.86824987e-003 1.64704956e-002 1.51052268e-003
    6.08976977e-003 4.27477015e-003 0. 0. -2.06426121e-004 0. 0.
    -6.78718032e-004 2.67157052e-003 6.47122459e-003 3.03975167e-003 0.
    0. 8.83031287e-004 0. 0. 0. 0. 9.34353191e-003 0. 0. 0. 0. 0.
    2.52330559e-003 1.69670081e-003 6.54807454e-003 -6.70430833e-004 0.
    0. 0. 1.97747519e-004 3.48473346e-004 0. 0. 0. 7.02949910e-006 0.
    1.19448304e-002 3.09995003e-003 0. 0. -1.16845954e-003 0. 0. 0.
    2.03008228e-003 0. 1.31288718e-003 0. 0. 1.74169522e-002 0. 0.
    1.15826423e-003 0. 0. 0. 0. 0. 0. 1.98108726e-003 0. 6.54008822e-004
    0. 0. 0. 0. 0. 2.22928706e-003 0. 0. 0. 0. 0. 0. 0. 0. 0.
    -7.18164316e-004 0. 9.04247572e-004 0. 1.32612209e-003
    3.44841625e-003 6.00844668e-003 9.06950980e-003 0. -2.45114847e-004
    0. -1.46657752e-004 1.52569599e-002 0. 0. 0. 1.08135852e-003 0.
    5.80386550e-004 2.36718589e-003 2.05139117e-003 0. -2.73156213e-004
    0. -7.89633370e-004 0. 0. 0. 4.51250095e-003 0. 0. 6.27092272e-003
    -5.61575347e-004 2.32387311e-003 0. 0. 0. 0. 2.35535926e-003 0.
    -4.36061854e-003 0. 2.24746487e-004 0. 0. 4.50508809e-003 0. 0.
    2.33204500e-003 0. 5.08877158e-004 4.79588890e-003 0.
    1.68011209e-003 0. 0. 0. -1.19395240e-003 0. 2.47888872e-003 0. 0.
    0. 0. -2.67903367e-003 0. 0. 0. 0. 0. 0. 0. 0. 0. 9.19066370e-004
    9.26969666e-003 0. 0. 0. -1.94579805e-003 2.61501689e-003
    3.05748219e-003 0. 4.18607146e-004 2.26556510e-003 2.22347141e-003
    -2.39393604e-003 0. 0. 0. 0. 2.23845383e-003 6.14935113e-003 0.
    7.16340402e-003 0. 0. 2.09460198e-003 0. 4.68373066e-003 0. 0. 0.
    1.32598775e-003 0. 0. -4.45534708e-004 5.78981638e-003 0. 0. 0.
    1.88167137e-003 5.08117303e-003 0. 0. 7.51841301e-003 0. 0. 0. 0. 0.
    0. 0. 0. 0. 0. 0. 4.01074241e-004 4.26217588e-003 0. 0. 0. 0. 0. 0.
    0. -3.74094583e-004 0. 0. 1.94663496e-003 0. 1.19810353e-003 0. 0.
    0. 0. 0. 0. 0. 2.56599230e-003 5.30786859e-003 0. 4.27673105e-003 0.
    0. 2.70046853e-003 0. 2.38343491e-003 1.44921837e-003 0.
    1.27464125e-004 0. 0. -3.10138188e-004 -9.50380869e-004
    2.65895552e-003 0. 0. 0. 1.02825202e-002 0. 0. 0. 6.89295027e-003
    2.98904633e-004 0. 0. 0. 5.24527533e-003 0. 0. 0. 0. 0. 0. 0. 0.
    8.58499901e-004 1.91431923e-003 0. 0. 0. 5.06092282e-003
    3.35742283e-004 4.16234182e-003 0. 1.56408292e-003 0. 0. 0.
    3.68859852e-003 5.37740299e-003 0. 2.34291540e-003 0. 0. 0.
    4.97807423e-003 0. 0. 0. 4.11268324e-003 0. 0. 1.21736585e-003 0. 0.
    0. 0. 0. 0. -6.77264878e-004 0. 0. 0. 0. 7.43763114e-004 0. 0. 0.
    1.48699342e-004 0. 0. -1.72912411e-003 3.93039919e-003
    -9.40480176e-003 9.80936224e-004 0. 0. 3.20689799e-003 0.
    -1.33442982e-005 7.56798661e-004 0. 0. 0. 0. 1.76962360e-003
    -1.14538951e-003 0. 2.09585647e-003 0. 0. 0. 0. 4.09777276e-004 0.
    0. 0. 0. 0. 0. 0. 0. 0. 1.01540040e-003 6.67618995e-004 0. 0. 0. 0.
    0. 0. 0. 0. -3.94667702e-004 0. 0. 4.62899264e-003 0.
    1.00821746e-003 0. 0. 1.64974271e-003 7.24935718e-003 0. 0. 0.
    1.16151734e-003 0. 0. 2.59478576e-003 0. 0. 0. 2.98975781e-003
    1.79015321e-003 0. 0. 0. 0. 4.25522262e-003 0. 0. 7.62463838e-004 0.
    0. 0. 4.22723620e-004 0. 0. 0. 0. 0. 2.00998830e-003 1.98283093e-003
    0. 0. 0. 0. 6.84125582e-003 0. 0. 3.16568986e-002 0. 0. 0. 0. 0. 0.
    1.60132907e-003 0. 1.52874901e-003 0. 0. 0. 0. 0. 2.90904380e-003
    1.89191033e-003 0. 0. 0. 5.36253610e-005 5.64769795e-003 0.
    1.91016868e-003 0. 0. 0. 0. 0. 0. 6.13800366e-004 9.53221228e-004
    2.25619203e-003 0. 0. 0. 0. 1.45614229e-003 -3.08957882e-004
    1.24073802e-002 0. 0. 1.14712184e-002 0. 8.31282046e-003 0. 0.
    1.72151637e-003 0. 0. 0. 0. 0. 0. -3.56153614e-004 -1.49696448e-003
    0. -3.07803904e-003 0. -6.24580774e-004 0. 0. 0. 1.51152222e-003 0.
    0. 0. 0. 2.45512510e-003 1.94854406e-003 0. 0. 0. 6.43989444e-003
    -9.83825140e-003 0. 2.27587391e-003 0. 9.91988229e-004
    -2.48208642e-003 1.06977136e-003 1.58341439e-003 0. 8.26097210e-004
    7.06697302e-003 7.18761934e-003 0. 0. -1.71748095e-003
    2.93352106e-003 0. 0. 0. 6.21401065e-004 6.27846504e-003 0. 0. 0. 0.
    0. 0. 5.67690004e-003 2.27972819e-003 0. 0. 0. 7.38829491e-004 0.
    1.92713272e-003 1.95353618e-003 0. 5.63882478e-003 0. 0. 0. 0.
    3.38113937e-003 3.80926940e-004 0. 0. 2.62375665e-003 0. 0.
    4.01098887e-003 0. 0. 0. -1.92344523e-004 0. 0. 0. 1.33435894e-003
    3.72401881e-003 1.74279662e-003 0. 0. -2.80704768e-003 0.
    2.08767387e-003 4.82993992e-003 -1.79683417e-003 -9.57308046e-004 0.
    4.80484450e-003 0. 5.85695449e-003 0. 0. 0. 0. 0. 5.41917095e-003 0.
