<?xml version="1.0"?>
<opencv_storage>
<imageDescriptor type_id="opencv-matrix">
  <rows>1</rows>
  <cols>1000</cols>
  <dt>f</dt>
  <data>
    -4.95084375e-003 -2.55397044e-005 8.67700553e-004 -1.66420755e-003
    5.77067141e-004 3.50163551e-004 0. 0. 3.98999400e-004
    -2.47603020e-004 0. 0. -7.83993455e-005 9.28847157e-007
    6.34893484e-004 0. 3.16130091e-003 7.73823587e-004 0.
    -1.56801206e-003 0. 0. 1.36928295e-003 -1.16049530e-004
    5.84716443e-004 7.24125654e-003 0. 0. 0. 0. 0. 0. -1.06875808e-003
    8.25781748e-003 0. 6.33746444e-004 0. 2.72879424e-006 0.
    8.14297644e-004 0. 5.36681060e-003 8.63928534e-003 -1.22369453e-003
    -1.76025482e-004 -6.84622501e-004 0. -9.33426199e-004 0. 0.
    1.35947380e-003 -1.19084364e-003 8.31573489e-005 0. 0. 0.
    -5.96723694e-004 0. 0. 0. 8.84183124e-003 8.58330727e-003 0.
    1.19162598e-006 9.98589094e-004 0. 7.21843680e-003 0.
    -1.27309340e-003 -2.30230173e-004 0. 0. 0. -1.08793865e-004
    3.23862769e-003 1.29500131e-006 0. 1.05669377e-002 0.
    1.10763373e-004 -1.76076754e-003 6.11089356e-003 1.91858457e-003 0.
    0. -8.87330563e-004 8.07340723e-003 -6.20608509e-004 2.94781901e-004
    7.53769360e-004 0. 0. 1.21493498e-003 2.02145975e-006
    1.49116409e-003 5.97880734e-003 0. -1.28930574e-003 1.69195175e-006
    2.50123162e-003 0. 8.03831313e-003 6.79420074e-003 0. 0. 0. 0. 0.
    -1.67221145e-003 7.58503631e-007 0. 0. -7.70310871e-004
    1.03123998e-002 8.42668395e-003 0. 0. 0. 1.71746872e-003
    6.28222944e-004 1.01012271e-003 0. 0. 0. 0. 0. 1.06395071e-003 0. 0.
    7.98254274e-003 2.00695853e-004 0. 0. -2.92241835e-004 0.
    5.84621623e-004 6.68637874e-003 0. 0. 1.80395773e-006
    9.69344750e-003 0. 2.81778148e-006 6.51913404e-004 9.67936311e-003
    -3.12091364e-003 0. 0. 9.36083309e-003 0. 5.05609019e-003 0.
    6.54379546e-004 0. 0. 0. 2.09488887e-002 -3.94281815e-004
    2.08170808e-004 0. -1.20626623e-003 1.37184397e-004 0.
    -2.06639222e-003 -6.85931707e-004 -8.71606055e-004 0.
    9.62620310e-004 6.95065653e-004 -4.52591514e-004 1.05368933e-002 0.
    -1.58344011e-003 0. 0. -6.89543185e-007 -8.10932906e-005 0.
    8.25759862e-003 -5.97012462e-004 0. 0. 1.12023304e-006 0. 0.
    2.19985959e-003 2.58215325e-004 0. 0. -1.83742365e-003 0.
    2.59998546e-004 -2.63054215e-004 -7.95587548e-004 0. 8.25862214e-003
    8.33214447e-003 7.50498008e-003 0. 4.93179134e-004 0.
    1.05909109e-002 0. 0. 0. 0. 0. 0. 0. 0. 0. 0. 2.35162559e-003 0. 0.
    0. 1.03936929e-006 0. 0. 0. 0. 0. -9.19980885e-005 0.
    2.52633006e-003 0. 0. 0. 0. 8.74358322e-003 0. 8.13194085e-003
    8.25957954e-003 0. 0. 0. 0. 0. 0. 0. 0. 0. -3.17663350e-003
    7.96639640e-003 0. 0. 0. 4.68990672e-003 5.13498951e-003 0. 0. 0. 0.
    4.01606201e-007 0. 0. 8.53435509e-003 8.25918093e-003 0.
    4.04390477e-004 -1.96733934e-004 6.24926155e-003 0. 1.69693085e-003
    -9.55618732e-003 8.87709786e-004 0. 0. 4.44932113e-004
    1.45375798e-003 0. 1.48744118e-006 8.63163557e-004 0.
    -6.31010334e-004 -1.95516483e-003 8.02064128e-003 1.01702451e-003 0.
    0. 0. 8.25932994e-003 0. 0. 0. 0. -1.94674137e-003 -2.80101929e-004
    6.04148349e-003 1.03577861e-006 0. 0. -6.63863966e-006
    6.46096523e-005 0. 0. 0. 0. 0. 1.61203519e-002 9.21122322e-004 0. 0.
    1.42561441e-006 4.60286532e-003 0. 0. 1.00746553e-003 0.
    7.97502976e-003 0. 2.32046986e-007 0. -8.17393709e-004
    5.87516872e-004 0. 0. 1.72161963e-002 3.65483313e-004 0.
    1.83461905e-002 0. 0. -1.06204045e-003 0. -1.60195064e-004
    -9.98858013e-005 0. 0. 5.04198717e-004 -7.76595669e-004
    4.76241013e-007 8.81712232e-003 9.99636017e-003 0. 0.
    6.95103372e-004 0. 9.26465378e-004 2.39069300e-006 -4.07020329e-004
    0. 9.10299364e-003 0. 1.08869998e-002 0. -7.45041820e-004 0.
    -5.65604889e-004 -1.88518679e-004 0. 0. -3.55108088e-004
    -4.78777452e-004 -3.37274541e-004 0. 1.02873298e-003 1.73674827e-003
    0. 0. 0. 6.38218690e-003 -4.11553250e-004 8.38168897e-003 0. 0.
    6.88366592e-004 8.76839273e-003 8.25922191e-003 1.08202349e-003 0.
    0. 0. 0. 8.69679917e-003 7.49174622e-004 3.90600917e-006 0. 0.
    1.20194363e-006 0. 0. 0. 8.25879723e-003 -1.95399407e-004
    5.73274330e-004 0. 0. -8.71915196e-004 -1.24470110e-003
    8.60750303e-003 0. 0. 2.19089566e-006 7.22704048e-004
    7.59318238e-004 9.56120493e-005 0. 0. 8.95929174e-004
    8.25930201e-003 0. 0. 8.25930759e-003 0. 0. 0. 0. 0. 0. 0.
    7.40638562e-003 1.75132584e-002 -5.34867577e-004 5.95068000e-003 0.
    -5.13904728e-004 0. 0. 0. 0. 1.66098196e-002 1.35688049e-006 0. 0.
    -3.68562207e-004 -1.17487076e-003 0. 0. 0. 0. -7.74858869e-004
    8.94877966e-003 8.25832691e-003 1.64901765e-004 -7.52271560e-004 0.
    7.31067499e-004 0. 0. -8.44516966e-004 0. -1.34537800e-003 0.
    1.15735395e-006 0. 1.16410630e-003 0. -7.54421126e-005 0. 0. 0. 0.
    4.08942904e-003 0. 0. 1.06057164e-003 1.04317889e-002 0.
    4.84708790e-003 0. 0. 0. 0. 0. 0. 0. 0. 0. 0. 0. 0. 0. 0. 0. 0.
    1.52638415e-003 0. 8.83395958e-004 8.53723474e-003 0. 0.
    8.60196131e-004 -2.28398530e-005 0. 8.25867057e-003 0.
    2.35969754e-004 0. 0. -8.65946873e-004 0. 0. 0. 5.01337834e-003 0.
    0. 0. -1.21758506e-003 0. -3.58319201e-004 0. 7.80984573e-003 0.
    1.05123105e-003 1.92486274e-004 0. 0. 0. 6.32435840e-004 0. 0.
    1.56220460e-006 0. 0. 0. 0. 0. 1.96722294e-006 0. 1.87927026e-006 0.
    8.25852156e-003 0. 7.61493528e-003 0. -1.21401987e-004
    1.65719015e-004 -3.01697815e-004 -1.71147205e-003 7.28646154e-003 0.
    0. -1.42432819e-003 3.65572894e-004 2.87264178e-004 7.88470090e-004
    0. 0. 0. 1.33023877e-003 2.86899332e-004 1.13293277e-006
    9.74553730e-003 -3.45457374e-004 -8.78336898e-004 0. 0. 0. 0. 0.
    -9.11523064e-004 0. 7.99487898e-005 0. 0. 8.03326908e-003 0. 0. 0.
    0. -2.57982058e-004 0. 0. 0. 0. 0. 0. 7.42425071e-003 0. 0. 0. 0. 0.
    0. -8.77105747e-004 5.93160838e-003 0. 1.72455384e-006 0. 0.
    -1.68256141e-004 0. 1.68257116e-004 0. 0. 0. 0. 0. 0. 0. 0. 0. 0.
    8.68427102e-003 4.13027825e-004 -3.73086368e-004 -7.92888459e-004 0.
    -8.22974427e-004 0. 8.30323249e-003 -1.53750146e-003
    -6.01045787e-004 0. -2.80901644e-004 0. 0. 3.92741757e-003 0.
    -7.70568266e-004 0. 0. 2.78369174e-004 2.19407525e-006
    8.25866498e-003 7.74304150e-004 0. 0. 0. 0. 1.25727477e-003 0. 0.
    -5.71927638e-004 0. 0. -4.23845224e-004 3.53639922e-003
    -1.36529515e-003 0. 0. -1.39196031e-003 0. 8.25844612e-003 0. 0. 0.
    1.10023830e-003 5.63696725e-003 2.99472740e-004 9.66414064e-003
    5.23067312e-004 0. 0. 8.26013461e-003 2.07524067e-006
    1.59937059e-004 0. 0. 0. 0. 0. 0. 6.86881877e-003 0. 0. 0.
    1.71352190e-006 8.35833885e-003 -6.63050334e-004 0. 8.25934857e-003
    0. 8.26001354e-003 0. 0. 6.70632406e-004 -1.02953520e-003 0. 0.
    2.06766953e-003 -5.38157183e-004 0. 0. 0. 6.35282660e-004 0. 0. 0.
    0. 0. 0. 7.72288069e-003 0. 3.88561981e-003 1.97764067e-003
    -2.97269115e-004 0. 1.14532315e-006 0. 0. 0. 0. 1.64971254e-006
    8.25938117e-003 8.02273396e-003 -5.80314463e-007 8.63267574e-003 0.
    0. 8.59747408e-004 -3.74777522e-003 1.09353175e-006 0. 0. 0.
    -1.09741744e-003 0. 0. 1.62668266e-006 1.96487806e-003
    7.98579399e-003 0. 0. 0. 0. 0. 0. 2.03519062e-006 0. 8.44638888e-003
    0. -1.23889255e-003 0. 0. 0. 0. 7.71107734e-004 0. 0.
    5.10864239e-003 0. 0. 0. 0. 0. 0. 0. 0. 0. 0. 0. 0. 6.29427377e-004
    2.20410249e-004 0. 0. 0. 0. 1.24407620e-006 -9.66535124e-004
    9.14368895e-004 0. 0. 0. 0. 0. 7.54934881e-005 -1.82662089e-003 0.
    -4.09820386e-005 0. 0. 0. 1.93727668e-004 0. -3.27174581e-004 0. 0.
    0. 0. 3.19950341e-005 0. 2.29180465e-003 0. 0. 0. 1.56753902e-006 0.
    0. 1.20821432e-003 0. 0. 0. 0. 0. 0. 5.26827935e-004 2.44353781e-003
    8.25830270e-003 1.07917574e-003 0. -3.55251279e-004 7.35657336e-003
    0. 0. 0. 1.60944485e-003 0. 4.69338789e-004 0. 0. 0. 0.
    2.53954018e-003 0. 0. -1.99411850e-004 0. 0. 0. 0. 0. 0.
    8.25893041e-003 9.52333503e-005 0. 0. 3.64674837e-003 0. 0. 0. 0.
