<?xml version="1.0"?>
<opencv_storage>
<imageDescriptor type_id="opencv-matrix">
  <rows>1</rows>
  <cols>1000</cols>
  <dt>f</dt>
  <data>
    2.18375190e-003 0. 2.08766200e-003 0. -5.20735397e-004
    4.08948772e-003 0. 4.77104262e-003 0. 0. 0. 0. 3.00099934e-003
    1.33914535e-003 0. -5.75884420e-004 7.17924733e-004 0. 0. 0. 0.
    3.48937325e-003 2.05226312e-003 0. 0. 0. 1.55776658e-003 0.
    6.18634420e-003 0. 0. 1.51381576e-002 -3.38168902e-004
    3.20767937e-003 0. 0. 0. 0. 1.06609694e-003 0. 0. 0. 0. 0.
    2.85809580e-003 2.54975003e-003 0. 3.03721661e-003 2.82556098e-003
    0. 1.49858289e-003 0. 0. 0. 3.82507220e-003 1.90192729e-003
    5.40062273e-003 -1.84832793e-003 5.01977222e-004 2.38587760e-004
    7.31923524e-003 0. 0. 0. 0. 0. 0. 0. 3.15413275e-003 1.88159512e-003
    3.83138098e-003 3.00635910e-003 3.56280291e-003 0. 0. 0.
    7.44869886e-003 0. 2.95344577e-003 1.37424632e-003 0.
    3.26312496e-003 0. 7.21764460e-004 0. 8.20297189e-003
    1.39889924e-003 6.38213998e-004 0. 2.96531897e-003 0.
    3.54040461e-003 0. 0. 0. 0. 0. 0. 1.21766690e-003 3.50431399e-003 0.
    0. 1.50309288e-005 0. 0. 6.98450534e-003 0. 0. 1.19138171e-003 0. 0.
    0. 0. 0. 4.26524552e-003 0. 3.40520777e-003 0. 0. 2.79169210e-004 0.
    -7.59555551e-004 0. 1.11839932e-003 2.27419590e-003 0. 0. 0. 0.
    1.81146708e-004 0. 0. -1.55088503e-003 0. 2.77009502e-004
    2.54959264e-003 0. 0. 0. 1.53981836e-003 0. 0. 1.82138686e-003 0.
    2.88608181e-003 0. 0. 9.79251880e-003 0. 0. 0. 0. 0. 4.75274399e-003
    0. 0. 0. 1.39690132e-003 0. 1.02138647e-003 0. -7.24842306e-004
    1.88659027e-003 -1.39088009e-003 3.42306378e-003 0. 0.
    -1.53984479e-003 -3.20877909e-004 0. 0. 0. 0. 0. 0. 0.
    2.74537830e-003 0. 7.35679525e-004 1.16023293e-003 0. 0.
    -3.59958183e-004 2.42485199e-003 2.52121710e-003 1.08360418e-003 0.
    6.93274895e-003 0. 0. 0. 0. 0. 0. 0. 0. 0. 0. -2.32487638e-003
    4.07906668e-003 1.28866837e-003 6.46103267e-003 0. 0. 0. 0. 0.
    1.28208229e-003 0. 0. 0. 0. 1.20217144e-003 4.52351570e-003 0.
    5.05191926e-003 0. 0. 0. 1.05159008e-003 2.67278054e-003
    2.04734784e-003 2.95185833e-003 0. 0. 3.34267388e-003 0.
    1.65539468e-003 0. 0. 2.28325510e-003 0. 0. 1.00636724e-002 0. 0. 0.
    0. 0. 0. 0. 0. -1.91271771e-003 0. 0. 0. 0. 7.25742721e-004 0.
    -2.54048058e-003 0. -9.70273453e-004 0. 0. 0. 0. 0. 0.
    8.76854931e-004 9.41057515e-004 2.53280392e-003 2.04244279e-003 0.
    0. 9.83945327e-004 1.18378201e-003 -1.04251050e-003 8.44450784e-004
    0. 0. 0. 0. 0. -7.51381158e-005 1.23928161e-003 -4.03981510e-004
    2.70685833e-003 0. 0. 0. 0. 0. 1.15016964e-003 1.16344786e-003 0.
    1.96066010e-003 0. 1.58467318e-003 -3.14646168e-004 2.72249593e-003
    0. 0. 1.21661313e-002 0. 0. 0. 0. 3.40048247e-003 7.66454684e-003
    7.55906943e-003 5.07483771e-003 2.19082320e-003 4.01420519e-003 0.
    -8.56894476e-004 0. 1.54796755e-003 0. 2.16104649e-003 0. 0. 0. 0.
    3.18736490e-003 1.76318327e-003 0. 2.22423160e-003 5.15606545e-004
    2.15637009e-003 0. 0. 0. 0. 0. 0. 0. 0. 3.10830958e-003 0. 0. 0. 0.
    0. 1.09559787e-003 0. 0. 1.78601465e-003 5.35208965e-003 0.
    3.53154354e-003 0. 1.32230495e-003 -3.51835322e-003 0. 0.
    5.75069431e-003 0. 1.67414290e-003 0. 0. -2.06590490e-003
    7.54734152e-004 4.18039598e-003 0. 0. 0. 0. 0. 0. 1.89700909e-003
    2.15386506e-003 0. 3.27187969e-004 0. 0. 0. 0. 0. 1.89137354e-003 0.
    0. 0. 0. 2.68844014e-004 3.35073937e-003 -1.75006629e-003 0. 0.
    1.35636050e-003 1.78168784e-003 0. 0. 0. 0. 2.88303057e-003 0.
    2.02093367e-003 1.31175052e-002 5.11511276e-003 1.72408868e-003 0.
    0. 0. 4.78847791e-003 0. 1.91938318e-002 0. 0. 0. 0. 0. 0.
    1.55575189e-003 0. 0. 7.86907796e-004 0. 0. 0. 1.17825228e-003 0. 0.
    1.77802960e-003 2.40019127e-003 0. 8.12791754e-003 1.15286939e-005
    2.25264207e-003 5.28829126e-003 3.48154316e-003 0. -5.31544385e-004
    4.58892807e-003 -2.99572159e-004 -8.15617619e-004 1.25811039e-003 0.
    3.06053390e-003 0. -9.49195528e-004 0. 2.87026586e-003 0.
    3.64317140e-003 0. 1.90767180e-003 0. 1.52175536e-003 0. 0.
    1.35065382e-003 1.21440366e-003 8.44061002e-003 5.47049008e-003 0.
    0. 0. 7.31477933e-003 0. 4.63356869e-003 0. 0. 0. 1.35332590e-003 0.
    0. 2.44733819e-004 1.55005720e-003 0. 0. 0. 0. 0. 0. 0.
    2.52004527e-003 4.77974582e-003 0. 0. 7.99809955e-003
    7.81301688e-003 0. 0. 4.66176774e-003 1.17261859e-003 0. 0. 0. 0. 0.
    0. 0. 1.91149104e-003 3.55193345e-003 -1.36791682e-003
    7.71373510e-003 8.06363183e-004 0. 0. 2.50215339e-003
    8.79708864e-003 6.79311715e-003 0. 0. 0. 0. 0. 0. 0. 1.41869998e-004
    5.11829462e-003 0. 0. 0. 0. 0. 0. 2.07723980e-003 -1.28716324e-003
    7.54620123e-004 0. 0. 0. 0. 0. 1.90913491e-003 0. 1.72308937e-003 0.
    0. 0. 0. 0. 1.22723915e-003 5.58870938e-003 0. 1.37118122e-003 0. 0.
    1.84356933e-003 8.47378280e-004 0. 0. 0. 0. 0. 7.31366640e-003
    6.81382418e-003 8.47932044e-003 0. 0. 0. 0. 0. -2.96571525e-004 0.
    0. 6.76647120e-004 1.87248550e-002 0. 1.57305948e-003 0. 0. 0. 0. 0.
    0. 5.49409259e-003 0. 0. 9.70290101e-004 0. 0. 0. 6.88207452e-004 0.
    0. 2.35601910e-003 0. 2.65450915e-003 0. 0. 0. 0. 1.83767360e-003 0.
    4.67703328e-004 1.28571177e-004 7.04641733e-003 0. 0. 0. 0.
    1.93123007e-003 0. 1.99266663e-003 2.15715103e-004 -1.11321476e-003
    2.31799786e-003 9.83235426e-003 0. 0. 0. -9.57654731e-004 0. 0. 0.
    0. 2.91138003e-003 0. -2.32470280e-004 0. 0. 0. 0. 0. 0.
    8.84793699e-004 6.93524024e-004 0. 0. 1.43895275e-003 0. 0.
    -1.81717929e-004 0. 6.72010053e-003 6.83475693e-004 3.23547772e-003
    0. 0. 0. 5.00449818e-003 0. 0. 0. 0. 0. 0. 0. -1.02170382e-003
    -5.27253433e-004 0. -6.86952902e-004 0. 4.51340433e-003
    1.39891705e-003 -7.66965037e-004 1.24500669e-003 2.45989114e-003 0.
    0. 4.40477859e-003 4.21020575e-003 0. 1.35175148e-002
    1.77697372e-003 7.55414949e-004 0. 5.05562825e-003 0. 0. 0.
    1.77177682e-003 1.14464248e-003 0. 0. 0. 0. 0. 0. 0. 1.54241628e-003
    0. 0. 1.95838953e-003 0. 0. 0. 0. 0. 0. 0. 1.75965426e-003 0. 0. 0.
    1.73148618e-003 0. 0. 1.52844214e-003 -6.02450746e-004
    1.42919796e-003 0. -2.89469463e-004 0. 0. 2.16996227e-003 0.
    1.65015191e-003 1.78654073e-003 0. -1.17989455e-003 0.
    2.28689006e-003 0. 1.81474345e-004 -7.42680044e-004 0.
    1.27784593e-003 1.59061980e-003 -1.46643724e-003 7.04100239e-004
    3.48120322e-003 0. 2.43466366e-005 1.03033567e-003 0. 0. 0.
    9.70073394e-004 2.08628247e-003 1.57329591e-003 0. 0. 0. 0. 0. 0. 0.
    0. 0. 2.90568169e-005 0. 0. 0. 0. 0. 0. 0. 0. 0. 1.28926442e-003 0.
    0. 0. 0. 0. 0. 0. 0. 0. 0. 0. 0. 9.42976912e-005 0. 0.
    4.47117537e-003 0. 0. 0. 0. -1.63553306e-003 1.23486738e-003 0.
    5.55776409e-004 0. 0. 0. 2.17165146e-003 0. 3.41825327e-003
    5.27041918e-003 2.93607055e-003 2.96409312e-003 2.59645749e-003
    9.26229078e-003 0. 0. 0. 0. 0. 1.18580589e-003 -2.58772616e-005 0.
    3.41178547e-003 0. 2.80943257e-003 0. 0. 2.03836281e-002 0.
    4.94367955e-003 5.17497829e-004 0. 0. 5.07586310e-003
    8.98735831e-004 0. 1.25569815e-003 0. 1.57024816e-003
    2.36474164e-003 0. 0. 9.34551936e-004 2.87600840e-003
    2.32782518e-003 5.56195294e-003 0. 0. 1.53646327e-003 0. 0. 0.
    1.53830231e-004 0. 0. 7.95247499e-003 0. 0. 3.14556132e-003
    1.51140867e-002 0. 0. 1.69059518e-003 0. 0. 0. 2.08567435e-005 0. 0.
    0. 4.57156124e-003 5.26354183e-003 0. -6.51165959e-004
    2.18197540e-003 0. 2.73954566e-003 0. 7.20571494e-004 0. 0. 0.
    3.29829310e-003 0. -8.67722672e-004 0. 0. 3.48597975e-003 0.
    3.56906280e-003 0. 2.96649407e-003 0. 0. 0. 2.38153455e-003 0. 0.
    9.54227173e-004 0. 0. -2.63909780e-004 0. -1.28166948e-003
    2.25202693e-003 -1.33151084e-003 0. 4.16317862e-003 1.52752420e-003
    0. 0. -5.94200101e-004 0. 4.11787070e-003 0. 1.22165447e-003 0. 0.
    0. 0. -3.78701923e-004 1.70685467e-003 0. 0. 0. 0. 0. 0.
    4.58025699e-003 0. 0. -3.45838582e-003 6.16315426e-003 0. 0. 0.
