<?xml version="1.0"?>
<opencv_storage>
<imageDescriptor type_id="opencv-matrix">
  <rows>1</rows>
  <cols>1000</cols>
  <dt>f</dt>
  <data>
    0. 0. 0. 0. 0. 1.27935025e-004 0. 6.93391683e-003 0. 0. 0. 0. 0. 0.
    0. 0. 0. 0. 0. 0. 0. -1.79897455e-004 0. 0. 1.45950133e-003
    1.49319635e-003 1.93960685e-003 0. -6.83200429e-004 -2.09396053e-003
    -1.30390807e-004 1.59712019e-003 0. 0. 7.47319660e-004 0.
    1.53340877e-003 0. 0. 0. 0. 0. 0. -4.09756275e-003 0.
    1.59723894e-003 1.38797332e-003 0. 9.76641197e-003 2.55022873e-003
    0. 1.07843883e-003 0. 0. -1.79851381e-003 0. 1.86500183e-004 0. 0.
    2.20450480e-003 3.30203539e-003 0. 0. 0. 2.03929353e-003 0. 0.
    1.51012617e-003 0. 0. -1.41179329e-003 0. 4.96276363e-004
    3.64838954e-004 0. 0. 0. 0. 0. 1.09670532e-003 -3.16797901e-004 0.
    0. 4.83973883e-003 7.40233017e-003 0. 1.75533537e-003
    2.60790437e-003 4.69284423e-004 0. -6.50657341e-004 -2.07350022e-005
    4.77869005e-004 0. 0. 4.86651203e-003 -4.44070844e-004
    2.71411473e-003 4.03150334e-004 5.22806868e-003 1.23746856e-003
    -9.69997549e-004 0. -2.82725808e-003 0. 0. 0. 0. 0. 0.
    5.64479793e-004 0. 0. 0. 1.55094843e-002 0. 0. 5.63883339e-004 0.
    1.63512200e-003 0. 0. 4.74981527e-004 0. 0. 0. 0. 0. 0.
    1.83977521e-004 0. 0. 7.13058806e-004 0. 0. 2.13620893e-004
    2.66924821e-004 5.69841708e-004 -1.51991704e-003 0. 0.
    2.77720694e-003 1.71196088e-003 0. 7.86921708e-004 2.60836771e-003
    0. 9.40673170e-004 0. 0. 1.48276231e-004 3.13139777e-003
    1.93453045e-003 0. 0. -8.63033929e-005 0. 0. -3.80206417e-004 0.
    1.13209933e-002 0. 0. 1.11529129e-002 -2.27340078e-003 0. 0. 0.
    -5.50263445e-004 0. 1.44455920e-003 0. 7.13914214e-003
    -6.66371896e-004 0. 0. 0. 2.34111445e-003 0. 8.55559856e-003 0. 0.
    3.39668291e-003 0. 6.25652354e-003 0. -2.25916319e-003
    3.10189626e-003 0. 6.30142679e-003 0. 2.63167638e-003
    2.92444020e-004 3.24487407e-003 0. 0. 0. 1.59630959e-003 0. 0.
    1.42669654e-003 0. 0. 0. 0. -8.64524685e-004 7.77348550e-003 0. 0.
    0. 0. 1.68909365e-003 0. 0. -1.71198044e-004 0. 1.40866695e-003
    1.90903113e-004 0. 7.20448210e-004 0. 0. 3.38783045e-003
    6.35212346e-005 0. 1.32859987e-003 2.71233264e-004 0. 0.
    1.91670202e-003 4.03722888e-003 2.16840929e-003 2.24186457e-003
    1.94239418e-003 -3.19463608e-004 1.22558940e-005 7.61991320e-003 0.
    0. 0. 3.55672382e-004 3.18448152e-003 2.85342406e-003
    2.42846683e-004 0. 2.60916451e-004 0. 0. 0. 1.14953623e-003 0.
    2.41295970e-003 4.70087136e-004 -7.25974445e-004 0. 0.
    2.96506099e-003 5.33763506e-003 0. 1.32939883e-003 1.98080251e-003
    0. 0. 0. 0. 0. 0. 0. 0. 0. -7.61850504e-004 3.71063640e-003
    1.28625636e-003 0. 0. 0. 0. 4.31263912e-003 0. 0. 0.
    -2.57176114e-003 0. -1.27658190e-003 0. 0. -1.13152200e-003
    9.51172260e-005 0. 0. 2.86578480e-003 0. 0. 0. 0. 0. 3.13283992e-004
    1.04100965e-002 -5.19923167e-004 0. 0. 0. 0. 0. 0. 1.29997788e-003
    1.28662889e-003 2.61205947e-003 3.27307440e-004 1.68574275e-004
    6.30325172e-004 0. 8.17163265e-004 0. 0. 0. 4.60069714e-004 0.
    2.68047885e-003 0. -6.59658632e-004 8.89129750e-003 4.44123615e-003
    0. -3.61189537e-004 0. 0. 0. 7.04624050e-004 1.60315097e-003 0. 0.
    0. 0. 0. 0. 0. 0. 0. 0. 0. 0. 0. 0. 0. 0. 0. 4.61237133e-003
    1.77778106e-003 0. 0. 8.87484197e-003 1.26051100e-003
    -1.66059192e-003 0. 1.99594349e-003 2.27434910e-003 -1.26249215e-003
    -3.04122712e-003 9.83449863e-004 2.29611923e-003 0. 0.
    6.86229765e-003 0. 0. 0. 0. 5.13669744e-004 2.38298671e-003 0. 0. 0.
    4.61818418e-003 0. 3.13751749e-003 0. 0. 0. 0. 0. 1.46856597e-002 0.
    0. 5.79345133e-003 -1.30657025e-003 1.04344040e-002 0.
    1.95043010e-003 5.12171304e-004 0. 2.53364258e-003 6.75967243e-003
    0. 2.67018564e-003 0. 0. 0. 5.90698142e-003 0. 0. 0. 0. 0.
    -2.84073246e-003 0. 0. 2.94073531e-003 0. 0. 0. 0. 0. 0. 0. 0.
    4.62669443e-004 7.22348224e-004 8.74343514e-003 1.43633666e-003 0.
    0. 0. 1.77773321e-003 7.72002526e-003 5.14902407e-003 0.
    1.58279762e-003 7.71097257e-004 0. 0. 0. 0. 0. 3.02404934e-003 0. 0.
    5.43207768e-003 2.15135631e-003 6.05239766e-003 0. 0.
    -8.28648335e-004 0. 0. 0. 2.36200355e-003 0. 0. 9.49400710e-004 0.
    7.95405416e-004 2.27308739e-003 4.75940906e-004 0. 5.04236016e-003
    0. 3.52605246e-003 2.71890219e-003 0. 0. 0. -8.19612178e-004 0.
    7.26928818e-004 -1.97300906e-004 0. 0. 0. 1.71483506e-003
    3.41466803e-004 5.54657960e-003 0. 0. 0. 0. 0. 0. 8.71748198e-003 0.
    2.87926872e-004 4.59126104e-003 0. 0. 2.65800091e-003
    2.01951154e-003 0. 4.32621036e-003 0. 8.41383543e-003 0.
    -1.80932926e-003 0. 0. 0. 1.33704266e-003 1.27119105e-003 0.
    2.71587307e-003 0. 4.36276384e-003 1.01908417e-002 2.80102668e-003
    0. 0. 4.94031608e-003 0. 0. 0. 0. 0. 0. 0. 5.54625876e-003
    2.99285166e-003 1.75896555e-003 5.93919959e-003 0. 0.
    4.58724145e-003 8.70714616e-003 0. 0. 0. 8.07591248e-003 0.
    9.57601995e-004 0. -7.29289313e-004 6.35458203e-003 5.17879333e-003
    3.62570956e-003 0. 0. 0. 5.46650821e-003 0. 3.44940857e-003
    -2.42876515e-004 7.41431070e-003 0. 1.30765175e-003 0. 0.
    1.50997995e-003 6.03092508e-003 1.12562859e-003 4.23516985e-003
    1.95657206e-003 0. -1.61819265e-003 0. 0. 0. 6.04459178e-003 0. 0.
    0. 3.94985313e-003 0. 0. 2.32035294e-003 0. 4.75466065e-003
    2.24553514e-003 0. 5.93064073e-003 5.33322617e-003 5.98584711e-006
    0. 0. 2.33613327e-003 0. 0. 0. 0. 0. 0. 0. 0. 5.76411898e-004 0.
    1.86269451e-003 -4.76884779e-005 0. 8.79130093e-004 9.26008506e-004
    0. 2.51159631e-003 9.84301325e-003 -5.31012251e-004 0.
    3.13624245e-004 -2.95832899e-004 0. 0. 2.03344296e-003 0. 0.
    2.28573335e-003 0. 0. 3.57845856e-004 4.94198827e-003 0.
    5.72538693e-006 0. 0. 0. 0. 0. 0. 0. 0. 3.74608790e-003 0.
    -1.15798095e-004 8.99945502e-004 0. 0. 2.97885691e-003 0. 0.
    1.30483403e-003 1.12611975e-003 -1.14151182e-004 0. 0. 0. 0. 0. 0.
    0. 2.34146509e-003 5.67603111e-003 1.17674507e-002 6.74173469e-004
    4.90627252e-003 0. 0. 0. 1.48140686e-003 0. 5.30338427e-003
    9.74501367e-004 7.32800690e-003 -1.10319862e-003 3.39643098e-003 0.
    0. 5.55566372e-003 3.35074216e-003 0. 0. -2.56815227e-004 0. 0. 0.
    0. 0. 0. 0. 2.91493768e-003 0. 0. 0. 0. 5.54540660e-003
    4.09595435e-003 4.27796505e-003 0. 0. 0. 0. 0. -4.10347304e-004
    3.78785393e-004 -1.54101651e-003 0. 0. 0. 4.08239616e-003 0. 0. 0.
    0. 0. 9.46541596e-003 6.57810410e-003 2.27515236e-003 0. 0. 0. 0. 0.
    0. 0. 0. 0. 0. 0. 0. 0. 0. -6.60350663e-004 0. 0. 2.88928999e-003 0.
    0. 0. 4.95663099e-003 0. 0. 0. 0. 0. 4.03685728e-003 0. 0.
    3.79653904e-003 0. 0. 0. 6.38245093e-003 6.64295256e-003 0.
    1.21951068e-003 0. 0. 1.18027655e-002 0. 1.09077175e-003 0. 0. 0.
    2.42406735e-003 2.50469171e-003 3.47534637e-003 -7.50827021e-004
    -4.38531250e-004 1.52983768e-002 0. 0. 0. 6.60879537e-003
    2.16793315e-003 0. 0. 6.09056791e-003 0. -3.54342665e-005 0.
    1.55282030e-002 0. 0. 3.59232165e-003 0. 0. 0. 1.30543800e-003 0.
    3.82614229e-003 0. 0. 5.86243114e-003 0. 0. 3.99377226e-004 0. 0. 0.
    6.46182615e-003 0. 1.05562469e-003 3.41898226e-003 2.90424936e-003
    0. 0. 0. 1.19968748e-003 0. 0. 1.73046975e-003 0. 1.21136356e-004
    3.31862271e-003 2.22805911e-003 1.44031132e-003 -1.37158524e-004 0.
    0. 0. 0. 0. 2.42000143e-003 0. 0. 8.22761562e-003 0. 1.63714886e-002
    2.14335020e-003 -2.82734865e-004 0. 0. 0. 0. 0. 0. 0. 0.
    4.81638912e-004 0. 0. 2.22041016e-003 0. 0. 0. 0. -5.33250168e-005
    1.60110218e-003 1.85453601e-003 1.19956059e-003 1.13515754e-003 0.
    0. 0. -1.94600923e-003 4.80588339e-003 0. 0. 0. 2.79205129e-003 0.
    9.07496957e-004 0. 0. 0. 0. 0. 2.14548223e-003 7.69372890e-003
    5.11188572e-003 0. 0. 0. 0. 7.97958055e-004 0. 0. 3.67640430e-004 0.
    8.34630046e-004 0. 3.60038743e-004 0. 0. 2.26194644e-003
    1.26517343e-003 0. 0. 0. 0. 0. 0. 0. 0. 0. 8.69425479e-003
    2.07186467e-003 2.93947314e-003 0. 0. 0. 0. 0. 0. 0. 0. 0. 0. 0.
