<?xml version="1.0"?>
<opencv_storage>
<imageDescriptor type_id="opencv-matrix">
  <rows>1</rows>
  <cols>1000</cols>
  <dt>f</dt>
  <data>
    0. 1.25678291e-003 0. 0. 2.13920081e-004 0. 4.13240690e-004
    2.01446679e-003 3.16737150e-003 0. 1.05608208e-003 4.06152615e-003
    0. 0. 0. -2.79997155e-004 -1.46310194e-004 6.43143104e-003 0. 0. 0.
    2.52042082e-003 0. 0. 0. 0. -5.47534262e-004 1.60522945e-003 0.
    6.83849864e-003 0. 0. 7.08131585e-003 -1.74750190e-003
    2.78197275e-003 2.87029683e-003 2.04964168e-003 0. 1.65425183e-003
    0. 3.20451637e-003 2.98153912e-003 0. 0. 1.54474946e-002
    1.63670294e-002 0. 0. 0. 3.98411136e-003 0. 0. 3.85633786e-004
    1.22467440e-003 6.62291469e-003 6.70514628e-003 0. 0.
    4.24569153e-004 0. 0. 7.43254693e-003 2.57049920e-003 0.
    6.85190968e-003 0. 2.04960350e-003 2.00930564e-003 1.82682287e-003
    4.03892482e-004 -3.39002960e-004 -1.56302308e-003 -1.10022363e-003
    0. 0. 5.31140016e-003 0. 0. 2.26723053e-003 4.39214520e-004
    3.59531282e-003 0. 1.16489606e-003 1.17901684e-004 2.68388516e-003
    1.09425345e-002 0. 0. 2.10261787e-003 0. 0. 0. 6.65387372e-003 0. 0.
    1.98673108e-003 0. 9.06931469e-004 1.14958477e-003 9.78918397e-004
    0. 0. 1.53673801e-003 0. 0. 0. 0. 1.62706419e-003 0. 0.
    1.15890498e-003 9.21060971e-004 0. 0. 5.00873837e-004
    4.67622274e-004 -5.47681062e-004 -1.41054756e-004 0. 2.42847746e-004
    0. 0. 0. 0. 4.36711125e-003 -1.20919442e-003 0. 0. 0. 0. 0. 0. 0. 0.
    4.92045656e-003 0. 7.69021502e-003 0. 0. 0. 0. 0. 6.83694519e-003 0.
    5.68989723e-004 5.84219233e-004 1.64598343e-004 9.39801335e-003
    3.28425580e-004 0. 0. 0. 1.73191761e-003 0. 0. 9.84864775e-004 0.
    8.16073807e-005 -1.29798811e-003 0. 0. 2.10238690e-003
    6.14886172e-004 3.17908614e-003 0. 0. 2.64610304e-003 0.
    5.29552111e-004 0. 7.04762875e-004 4.78460127e-003 0.
    5.07795112e-003 0. 0. 2.33533373e-003 4.71418636e-004 0.
    1.44601415e-003 -3.88099346e-004 0. 3.96126322e-003 1.29076792e-002
    0. 0. 0. 0. 0. 0. 0. 4.42020188e-004 6.43595960e-003
    -2.13489379e-003 0. 1.97278871e-003 7.29230652e-003 0. 0.
    2.63944105e-003 6.07447559e-003 -6.33524789e-004 0. 0.
    4.72228415e-003 9.24649835e-003 0. 0. 5.88660920e-003 0. 0. 0. 0.
    8.25978990e-004 0. 0. -1.44915038e-003 0. 0. 0. 0. 0.
    2.37342459e-003 0. 0. -2.91062082e-004 1.23558880e-003 0.
    1.07898028e-003 0. 1.31930865e-003 3.75939952e-003 0.
    -7.54773733e-004 0. 0. 0. 0. 0. 8.02270230e-003 0. 0.
    -2.90447637e-003 0. 0. 0. -1.91029499e-003 0. 0. 3.18414462e-003 0.
    0. 0. 0. 0. 0. 5.44009323e-004 0. 1.42334122e-003 0. 1.55920722e-002
    3.97578813e-003 0. 0. 1.56023947e-003 -1.74036068e-005 0. 0. 0.
    3.63911572e-003 0. 0. 2.93127960e-004 0. 0. 9.87393898e-004 0. 0. 0.
    -4.29606182e-004 0. 0. 1.97697408e-003 2.83556804e-003 0. 0. 0. 0.
    2.73645477e-004 0. 0. 0. 0. 0. 0. 0. 0. 3.57117620e-003 0. 0. 0.
    1.85689225e-003 5.34461252e-003 0. 0. 0. 0. 5.33783343e-003 0.
    4.51914221e-003 0. 0. 0. 0. 0. 0. 0. 1.79737546e-002 2.03892821e-003
    2.35308963e-003 0. 7.12400954e-003 4.52853565e-004 0.
    3.86598264e-003 -5.50006225e-004 0. 0. 0. 0. 0. 0. 0. 0.
    1.19053503e-003 0. -4.25096398e-004 0. 0. 0. 0. 0. 0. 0. 0.
    -1.30931003e-004 0. 0. 3.75475443e-004 3.83484294e-003
    7.33459881e-003 0. 3.38715524e-003 0. 0. 3.64311249e-003 0. 0.
    2.98794213e-004 0. 0. 0. 0. 0. 0. 0. 0. 5.38584031e-003 0. 0. 0.
    -5.44102630e-004 0. 4.19982476e-003 1.14499155e-004 -8.29262252e-004
    6.59520389e-004 0. -1.01909193e-003 2.93084653e-003 0.
    1.42245414e-003 0. 1.45701822e-002 0. 1.50160355e-004
    1.08122928e-002 0. 0. 3.79049755e-003 0. 0. 0. 0. 0. 0. 0. 0. 0. 0.
    2.99694343e-003 1.76984956e-003 0. 0. 4.37763549e-004
    1.32013932e-002 0. 0. 0. 0. 2.59808410e-004 1.51511421e-003 0.
    -1.60287356e-003 0. 0. 1.68486126e-003 0. 0. -7.61136820e-004 0. 0.
    0. 0. 0. 0. 0. -5.29303565e-004 1.61073986e-003 0. 3.04076239e-003
    0. 0. 0. 2.60911649e-003 4.44085657e-004 0. 6.53921161e-003 0. 0. 0.
    0. 2.36692955e-004 0. -3.63545725e-004 0. 0. 0. 0. 0.
    1.40921259e-002 0. 0. 0. 0. 0. 0. -6.16997539e-004 0. 0.
    4.43135528e-003 0. 1.49425818e-003 0. 0. 0. 0. 0. 8.24635569e-003 0.
    0. 0. 4.86381527e-004 9.73400252e-004 0. 3.13642947e-003 0. 0. 0. 0.
    0. 0. -1.44154090e-003 0. 0. 0. 0. 1.06872460e-002 0.
    5.75272320e-003 0. 8.83996487e-004 2.32379837e-003 2.73835752e-003
    1.38001272e-003 1.97146181e-003 1.50684454e-003 1.27080793e-003 0.
    0. 5.31988777e-003 0. 0. 2.82146293e-003 9.49426554e-003 0. 0. 0. 0.
    4.17194050e-003 0. 2.66432436e-003 0. 0. 6.13558758e-003 0. 0. 0. 0.
    0. 0. 0. 0. 0. 0. -1.86570932e-003 0. 0. 2.19529122e-003 0. 0. 0. 0.
    0. 7.39802199e-004 1.32748783e-002 3.20161250e-003 9.75146177e-005
    0. 0. 0. 1.36998133e-003 0. 0. 0. 0. 0. 0. 0. 4.06964857e-004
    2.07137899e-003 0. 0. 0. 0. 0. 0. 0. 0. 0. 0. -2.13160238e-004 0.
    -4.55943140e-004 0. 5.51842561e-004 0. 0. 0. 0. 0. 4.13531763e-003
    0. 0. -1.04453368e-003 0. 0. 0. 1.87705376e-003 -2.08560377e-004
    -1.15944433e-003 0. 7.41706509e-003 1.14869338e-003 4.78694128e-004
    0. 0. 4.56501124e-003 5.02405362e-003 5.17295953e-003 0. 0. 0. 0. 0.
    5.14508924e-004 0. 0. 0. 0. 0. 0. 0. 0. 0. 2.66896514e-003
    1.47474809e-002 0. 0. 0. 1.15738343e-003 0. 0. 0. 4.59335698e-003
    9.68388375e-003 0. 0. 1.43056654e-003 -1.36698585e-003
    4.15568851e-004 4.64856718e-003 0. 0. 0. 4.77036601e-003
    -4.14356065e-004 -2.89698364e-004 0. 0. 4.83255775e-004 0.
    2.69238395e-003 0. 4.51696059e-003 0. 0. 0. 0. 1.57997958e-004
    2.37632869e-003 0. 0. 0. 0. -9.50127491e-004 0. -6.20415260e-004
    1.75647461e-003 -1.37442735e-003 0. 5.48814889e-003 -6.80115365e-004
    9.76930093e-003 0. 0. 0. 0. 2.85411079e-004 6.71734684e-004
    9.28710029e-003 0. 0. 2.18577753e-003 1.11914112e-003
    3.96162250e-005 1.56157278e-003 -1.29457610e-003 1.33398985e-002 0.
    0. 0. 0. 0. 0. 6.26120076e-004 1.17240718e-003 1.68430770e-003 0.
    9.60241377e-005 0. 5.58779389e-003 0. 0. 1.51388394e-003 0. 0. 0. 0.
    0. 0. 0. 0. 0. 0. 0. 0. 0. 0. 0. 0. 0. 0. 0. 0. 8.81690066e-003 0.
    3.28820036e-003 0. 0. 0. 1.14555261e-003 0. 0. 0. 0. 0.
    1.86631121e-004 0. 0. 9.21646482e-004 0. 0. 0. 0. 0. 0. 0. 0. 0. 0.
    0. 0. 2.61423201e-003 0. -1.11708313e-003 0. 0. 0. 0. 0. 0.
    1.71170686e-003 4.23374027e-003 0. 2.09247028e-005 1.84221426e-003
    0. 1.03329809e-003 2.01650616e-003 0. 0. 0. 1.94962393e-003
    2.88436509e-004 0. 0. 0. 0. 0. 2.88727053e-004 0. 0. 1.85872999e-003
    0. 0. 0. 1.24772172e-003 0. 0. 0. 3.30148265e-004 0. 0. 0.
    8.52700230e-003 0. -1.19268452e-003 0. 0. 3.64194275e-003
    -1.11429580e-003 0. 1.68419152e-003 0. 0. 0. 5.49030781e-004 0. 0.
    0. 0. 0. 0. -1.83083571e-003 7.90541247e-003 6.06111484e-004
    7.84977432e-003 -1.62867713e-003 1.36790238e-002 0. 0.
    5.74555760e-003 -1.45943079e-004 0. 6.04550261e-003 0. 0. 0.
    -2.62680667e-004 0. 0. 0. 0. 0. 3.80316953e-004 0. 7.61136238e-004
    0. 0. 0. -2.76122650e-004 0. 6.59642741e-003 0. 0. 0.
    5.58188790e-003 2.17904593e-003 0. 0. 0. 0. 0. 0. 0. 0.
    3.82476812e-003 0. 0. 2.04547960e-003 4.40241478e-004 0. 0. 0. 0. 0.
    0. 0. -3.84465326e-003 1.99633185e-003 9.80572123e-003
    4.19345219e-004 0. 0. 0. 6.44213613e-003 5.43038500e-003 0.
    -4.46746253e-006 8.51327274e-003 0. 0. 0. 0. 0. 0. 0. 0. 0. 0.
    3.42193083e-003 0. -2.94830673e-003 0. 0. 0. 0. 5.63070504e-003 0.
    7.47529371e-003 -1.40810444e-003 3.97283235e-004 0. 0.
    -2.91900680e-004 0. -2.48474156e-004 0. 0. 0. 0. 6.31055282e-003
    4.09180252e-003 0. 0. 0. 2.72699283e-003 0. 5.67184668e-003 0.
    4.28626605e-004 -6.22321386e-004 0. 5.61010092e-004 4.83522424e-004
    4.41612763e-004 2.62814923e-003 8.28378834e-003 6.73505804e-003 0.
    0. 0. -1.04475045e-003 0. 6.20074430e-003 0. 0. 9.89139196e-004 0.
    4.52387286e-003 1.06256129e-003 0. 7.66659342e-003 0. 0.
    5.38757164e-003 1.73177366e-004 -2.53068196e-004 0. 0.
