<?xml version="1.0"?>
<opencv_storage>
<imageDescriptor type_id="opencv-matrix">
  <rows>1</rows>
  <cols>1000</cols>
  <dt>f</dt>
  <data>
    0. 0. 0. 0. -1.52028530e-004 4.01365524e-003 0. -2.84695096e-004 0.
    9.69713321e-004 0. -1.05452060e-003 0. 0. 0. 0. 0. 0. 0. 0.
    3.35906795e-003 8.35523824e-004 8.18320084e-004 3.73123400e-003
    3.46084335e-003 8.38852196e-004 2.79838894e-003 1.54887210e-003 0.
    0. 0. -5.90539188e-004 3.62702552e-003 1.18564768e-002
    1.26758800e-003 0. 9.78007563e-004 -3.04855290e-004 0. 0.
    9.01098072e-004 0. 0. 0. 1.22280908e-003 0. 0. 0. 0. 0.
    -4.15025308e-004 9.20951774e-004 7.94381252e-004 0. 0.
    -1.99114060e-004 0. -1.05044164e-003 1.13116449e-003 0. 0. 0.
    5.91944763e-003 0. -1.25185819e-003 0. -2.85529968e-004
    1.19968143e-003 2.53150193e-003 7.31616747e-003 4.95670538e-004
    5.47781179e-004 -1.59240887e-003 0. 0. -1.36861108e-005 0. 0. 0.
    4.78972303e-004 6.01141015e-003 5.87604300e-004 5.90582895e-005
    3.78254364e-004 -1.12238945e-003 1.23119901e-003 0. 7.09386822e-003
    2.16083063e-004 4.19099443e-003 0. 1.23090076e-003 0.
    3.49457865e-003 0. 1.66981237e-003 0. 2.19257688e-003
    2.94783968e-004 0. 0. 0. 3.20430147e-003 3.04987095e-003
    2.00660452e-002 2.02072365e-003 0. 2.96766590e-003 1.15564407e-003
    5.25454618e-003 3.25435656e-004 6.12971955e-004 1.73837849e-004
    2.52913986e-003 7.86203542e-004 0. 2.82399968e-004 0. 0. 0.
    2.67126947e-003 0. 1.53335265e-003 6.32232754e-004 0.
    1.20009074e-003 -5.21064794e-005 0. 0. 7.45670497e-003 0.
    -8.06149677e-004 2.27325028e-004 0. 1.78210053e-003 1.01248710e-003
    1.21426675e-003 0. 7.28079025e-003 2.40965327e-003 4.03556414e-003
    -1.45169126e-003 1.63232646e-004 9.35229298e-004 3.07000894e-003
    3.16841668e-003 5.78732695e-003 0. 0. 1.55970792e-003
    4.81229881e-003 0. 2.21512619e-005 6.19263947e-003 0. 0. 0.
    1.30791599e-002 6.41095638e-003 0. 6.84063241e-004 3.82109050e-004
    1.03958976e-003 0. 2.82605388e-003 5.57117979e-004 2.10167695e-004
    7.15251197e-004 0. -6.79538061e-004 0. 0. 1.41996599e-003
    7.98567489e-004 -1.17579196e-003 1.03534886e-003 1.63584854e-003 0.
    0. 1.06355769e-003 5.11072250e-003 7.34520610e-003 0.
    -4.23131417e-003 0. 0. 0. -6.10536197e-004 2.22961855e-004
    2.70686578e-004 -6.10392482e-004 1.92064581e-005 6.27008360e-003
    1.53065368e-003 0. 0. -2.13639141e-004 -2.07778256e-004
    5.78970090e-003 7.51680043e-003 0. 0. 8.20891582e-004 0.
    1.57721131e-003 0. 0. 0. 5.29018743e-003 2.93399411e-004 0. 0.
    3.27310496e-004 3.59640049e-004 1.35793723e-003 -5.82566310e-004
    1.90456212e-003 1.14954100e-003 0. 5.81062539e-003 1.01875921e-003
    0. 0. -1.18651323e-003 0. 2.63013574e-003 8.59038439e-004 0.
    4.18511219e-003 8.88774928e-004 -3.77768956e-005 1.26413419e-003 0.
    0. 4.76289279e-004 0. -1.16283445e-004 0. 0. -3.02873639e-004
    8.86923808e-004 6.84076862e-004 4.65270877e-003 0. 2.55582295e-003
    1.73825002e-003 -1.27865979e-003 0. 0. 6.31292397e-003 0. 0.
    -1.97426343e-004 5.65576134e-003 -3.61985905e-004 2.83878599e-003
    3.16226808e-003 6.84524747e-003 0. -1.26406457e-003 1.24838343e-003
    0. 1.95709243e-003 4.64795827e-004 0. 0. 0. 0. 4.42632381e-003 0. 0.
    2.87983124e-003 0. 2.24324735e-003 2.02602195e-003 4.33699414e-003
    0. 1.25388138e-003 5.21376671e-004 7.23988609e-003 3.82389153e-005
    1.39036262e-003 0. 2.71743792e-003 0. 0. 0. 3.44483153e-004 0.
    6.29067747e-003 0. 0. 1.26216188e-003 0. 0. -2.89072399e-004
    3.90045025e-004 1.43472734e-003 -4.08816570e-003 0. 0. 0. 0.
    3.64284939e-003 1.06159120e-003 0. 1.37548859e-003 8.24444462e-004
    0. 0. 2.61111138e-003 9.12592281e-003 3.01805092e-003 0.
    4.44075279e-003 0. 3.32059641e-003 0. 5.72842953e-004
    4.38646413e-003 4.51811822e-003 1.16821972e-003 2.81372177e-003 0.
    3.21887177e-003 -7.43785815e-004 0. 4.04630136e-003 0. 0.
    1.78678485e-003 8.35154578e-003 3.94731993e-004 0. 3.96905147e-004
    1.54824229e-003 3.26089188e-003 1.61259028e-003 1.20339717e-003 0.
    0. 2.56954716e-003 1.98236448e-004 1.79950264e-003 0.
    3.01665231e-003 0. 3.29412497e-003 0. 2.07092450e-003
    6.41908031e-004 2.28849892e-003 0. 0. 0. 4.93880548e-003 0. 0.
    3.16846417e-004 4.76350571e-004 0. 0. 3.71546921e-004 0.
    1.37128578e-002 0. 0. 0. 0. -1.62629149e-004 1.12966099e-003 0.
    1.52856373e-004 1.04722497e-003 1.58785784e-003 2.84217822e-004
    9.47256456e-004 -3.46967136e-005 -2.55802064e-003 3.53387557e-003 0.
    0. 1.33924338e-003 9.19823721e-003 4.36933042e-005 0.
    2.77920335e-004 0. 1.91096697e-004 2.00094655e-003 0.
    4.37934138e-003 0. 7.08450680e-004 0. 0. 7.42277771e-004 0.
    3.06511926e-003 0. 0. 7.60521041e-004 1.28418882e-003 0.
    -2.32186471e-003 0. 9.75011033e-004 0. 9.82244848e-004 0.
    1.35651452e-003 5.05284288e-006 0. 0. 3.98740312e-003 0.
    3.85966641e-003 0. 0. -2.60567176e-003 0. 0. 1.92002219e-004
    1.18116406e-003 5.71442815e-003 2.25429190e-003 0. 4.30881325e-003
    1.15436700e-003 0. 0. 1.26322184e-003 7.56306853e-003 0.
    -1.04607176e-003 0. 0. 0. 0. 0. 0. 0. -1.13198918e-003
    2.90007272e-004 0. 0. 0. 8.66691698e-004 3.18571413e-003
    8.11158039e-004 0. 0. 1.54115714e-003 5.83787449e-004 0. 0. 0. 0. 0.
    9.79677774e-004 -1.48018938e-003 3.00937262e-003 1.00788136e-003
    1.51502294e-003 9.57334414e-005 8.10775382e-005 0. 3.69635737e-003
    0. 0. 4.57779970e-003 0. -3.05154966e-003 0. 4.96524898e-003
    1.32153195e-003 1.91892905e-005 0. 0. 1.76195274e-004
    5.09428652e-003 1.14729663e-003 0. 5.14800055e-003 2.75741122e-003
    0. 0. 0. 0. 2.33120270e-004 0. 7.50653155e-004 0. 0. 0.
    -1.45890319e-003 0. 0. 0. 0. 1.40386634e-003 0. 0. 3.81777412e-004
    5.14841580e-004 0. 5.18306217e-004 1.34085095e-003 0. 0. 0. 0.
    1.57805183e-003 0. 0. 0. 1.11692830e-003 0. 1.07990135e-003
    -1.64096325e-003 7.15934439e-004 0. 0. 0. 0. 0. 0. -8.44531460e-004
    0. 0. 1.19355717e-003 5.26732579e-003 0. 0. -4.30361921e-004
    4.00886079e-003 1.68725627e-003 0. -4.58978640e-004 4.21372562e-004
    2.91341008e-003 4.95241839e-004 0. 9.31043236e-004 6.53814292e-004
    7.70233432e-003 0. 0. 0. 0. 0. 2.62602326e-003 4.74003097e-003
    -6.38523954e-004 -2.83376663e-004 0. 2.77543324e-004 0.
    2.35548452e-003 0. 0. 5.62527566e-004 1.38834643e-003 0. 0.
    5.74140053e-004 0. 0. 0. 0. 9.77877527e-004 0. 0. 0. 1.02111546e-003
    0. 0. 4.57421783e-003 9.62700753e-004 0. 0. 0. 1.05643738e-003 0.
    -2.37677683e-004 2.27483530e-002 0. 0. 0. 7.84813252e-004 0. 0.
    3.26730171e-003 0. 3.61441704e-003 0. 5.98687679e-004 0. 0. 0. 0.
    -2.42660899e-004 1.05398439e-003 4.62668855e-003 4.28075204e-003
    5.22442569e-004 0. 0. 1.50261365e-003 9.88387255e-005 0.
    4.04655281e-003 0. -1.13750284e-003 0. -1.42653269e-004
    4.14868147e-004 4.73747117e-004 0. -1.28579559e-003 0. 0. 0.
    3.92934104e-004 0. 0. 6.51266018e-004 5.49400342e-004
    1.44869392e-003 0. 6.70353940e-004 1.09296455e-003 0. 0.
    -6.63414365e-004 0. 0. 0. 8.08574609e-004 0. 5.23080060e-004
    1.09862909e-003 1.83870771e-003 0. 5.58974105e-004 0.
    8.08434634e-005 1.53693801e-003 0. 3.50256497e-003 0. 0.
    3.69896553e-003 0. 8.50292295e-003 8.01601855e-004 5.25139412e-003
    0. 1.48088264e-003 1.90225500e-003 -1.56072772e-003 0. 0. 0.
    2.95122294e-003 0. 9.15165292e-004 0. 9.65177605e-004
    -1.90218480e-003 3.98303941e-003 0. 0. 3.27519118e-003
    2.38311966e-003 0. -2.13153544e-004 0. 0. 0. 1.08197459e-003 0.
    5.78976143e-003 1.14648743e-003 -2.91255303e-004 4.14137542e-003
    1.32827379e-003 -5.53083490e-004 4.43257904e-003 0. -1.50927680e-003
    0. 0. 1.75891409e-003 0. 0. 4.51189786e-004 0. 0. 1.08737593e-004
    1.82791753e-003 0. 1.68838224e-003 0. 0. 4.12569987e-003 0. 0.
    2.56438903e-003 0. 6.04395336e-003 2.08350108e-003 0.
    1.25496869e-003 0. 0. 0. 4.25261632e-003 0. 6.17333630e-004 0.
    6.35878860e-006 0. 9.22943349e-004 8.14278028e-004 6.84049854e-004
