<?xml version="1.0"?>
<opencv_storage>
<imageDescriptor type_id="opencv-matrix">
  <rows>1</rows>
  <cols>1000</cols>
  <dt>f</dt>
  <data>
    0. 0. 0. 9.12398624e-004 0. 1.96983063e-004 0. 7.77907111e-003 0. 0.
    0. 0. 2.06581363e-003 0. 0. 8.36470909e-003 -3.06800153e-004 0. 0.
    0. 0. 0. 1.96283665e-002 0. 0. 0. 0. 0. -1.05577645e-004 0. 0.
    1.85430428e-004 0. 0. 0. 0. 0. 0. 0. 0. 3.83430906e-003 0. 0.
    -2.03690887e-003 0. 6.59732521e-003 0. 0. 1.10147940e-002 0. 0.
    1.35250622e-002 1.17085874e-002 7.92789040e-004 1.46073783e-002 0.
    1.31271151e-003 2.02530017e-003 0. 2.43885233e-003 0. 0. 0.
    2.87651853e-003 0. 0. -1.78008946e-003 0. -8.00246489e-004
    -1.90602755e-003 0. 4.23235506e-005 1.74278987e-003 0. 0.
    -2.47225926e-005 -1.88885513e-003 0. 0. 1.10090408e-003 0.
    3.18633416e-003 0. 0. 0. 2.78212829e-003 0. 0. 6.77753519e-003
    3.51759302e-003 0. 0. 0. 0. 3.12429550e-003 0. 0. 0. 0. 0. 0. 0. 0.
    0. -1.58766110e-003 -4.64165059e-004 0. 1.15516807e-004
    1.73167628e-003 -1.28957559e-003 1.21566700e-003 0. 1.17176468e-003
    0. 0. 0. 0. 0. -1.02455483e-003 0. 2.06686929e-003 0. 0. 0. 0.
    1.17344130e-002 0. 0. 0. 0. 3.89148970e-003 0. 0. 0. 0.
    -1.95746659e-003 0. 3.53025738e-004 0. 1.48715728e-004 0. 0. 0. 0.
    0. -8.92277967e-005 -8.34903913e-004 2.06358940e-003 0. 0. 0. 0. 0.
    -9.52976523e-004 0. 0. 0. 1.71631959e-003 0. 0. 0. -9.10918519e-004
    0. 1.23455115e-002 1.29514746e-002 0. 0. 0. 0. 0. 1.94677617e-003 0.
    0. 1.01049838e-003 0. 0. 0. 0. 1.09696051e-003 0. 0.
    -1.27918459e-003 0. 0. 0. 0. 7.19203707e-003 -1.86690257e-003
    1.13214005e-003 6.09653187e-004 -7.06591236e-004 0. -5.89877251e-004
    0. 0. 0. 4.28645266e-003 0. 0. 0. 0. 8.14439729e-004 0. 0. 0. 0. 0.
    0. 1.03871280e-003 2.35908106e-003 3.19920620e-003 0. 0.
    2.95388117e-003 0. 3.09465430e-003 0. -2.42534420e-003 0.
    1.10016847e-002 0. 1.53514254e-003 0. 0. 0. 0. 0. 2.11499073e-003 0.
    2.18363991e-003 6.07784255e-004 0. -3.50084389e-003 4.43800163e-005
    -3.35107211e-006 0. 1.44088706e-002 0. 8.37500673e-003 0. 0. 0. 0.
    0. 0. 1.28551871e-002 0. 4.64784307e-003 0. 3.53587209e-003
    2.03324039e-003 0. 2.43260013e-003 2.48013251e-003 0. 0. 0. 0. 0.
    1.39797106e-003 0. 8.20297748e-004 0. 0. 0. 0. 0. 0. 0. 0. 0. 0. 0.
    -1.35060970e-003 0. 0. 0. 0. 0. -8.36009203e-005 9.48533561e-005 0.
    0. 0. 1.29769708e-003 0. 1.11388303e-002 0. 0. 2.28349213e-003 0.
    -6.30818075e-004 0. 0. 1.14537850e-002 0. 0. 0. 0. 0. 0.
    2.08034617e-004 0. 0. 0. 0. -1.64924038e-003 -1.45033712e-003 0. 0.
    0. 1.53950276e-003 0. 0. 0. 8.13085213e-003 3.05519835e-003 0. 0. 0.
    1.15830556e-003 0. 0. 0. 2.03911285e-003 0. 0. 0. 0. 0.
    5.50140254e-003 0. 0. 0. 0. 0. 0. 0. 0. -4.69806721e-004 0. 0.
    2.47249566e-003 0. 7.58742157e-004 0. 0. 0. 1.37536265e-002
    4.24063811e-003 0. 3.76572600e-004 0. 0. 1.94354705e-003 0. 0. 0.
    -4.54418878e-005 0. -3.78255063e-005 0. 0. 0. 0. 0. 0.
    1.00543001e-003 0. 0. 0. 7.46119628e-003 0. -7.61641073e-004 0. 0.
    7.41235167e-003 0. 0. 8.73136707e-003 0. 0. -3.78013984e-003 0. 0.
    0. 5.06636352e-005 0. 0. 0. 0. 0. 5.79946768e-003 0. 0. 0. 0.
    1.09875565e-002 1.14076922e-003 0. 0. 0. 0. 1.58423895e-003 0. 0.
    1.14855375e-002 6.59531681e-003 0. 1.36882055e-003 9.52910559e-005
    0. 0. 0. 0. 0. 0. 0. 0. 0. 0. 0. -5.50335681e-004 0. 0.
    5.55750029e-003 0. 0. 0. 0. 0. 0. 0. 9.56112519e-003 0. 0. 0. 0.
    2.41827941e-003 0. -1.69546300e-004 5.28864330e-003 1.45116756e-002
    0. 0. 0. 0. 1.81825002e-004 0. 1.66818092e-003 0. 0. 0.
    7.67714949e-003 0. 0. 0. 0. 0. 2.28258525e-003 0. 0. 0. 0. 0. 0. 0.
    1.07354275e-003 1.94438430e-003 -1.11595367e-003 0. 0. 0.
    1.64062670e-003 0. 0. 0. 0. 0. 0. 0. 0. 0. 0. 0. 0. 0.
    1.87342498e-003 0. 0. 9.32156760e-003 1.06176147e-002 0. 0. 0. 0. 0.
    0. 0. 0. 0. 4.24263952e-003 0. 0. -1.30949426e-003 0.
    1.08588198e-002 0. 4.15883260e-003 0. 0. 0. 1.11371418e-002 0. 0. 0.
    2.45712772e-002 0. -1.87159877e-003 1.15063656e-002 3.80662433e-003
    7.95724709e-003 -8.20099434e-004 0. 7.16802571e-003 0.
    2.98091513e-003 0. 5.55385090e-003 0. 0. 9.83367208e-004
    3.48622468e-003 0. 0. 0. 9.98256914e-003 0. -1.20277714e-003
    1.45747815e-003 0. 0. 0. 1.07961459e-004 5.64955408e-003
    1.17342714e-002 0. 0. 1.55846018e-003 1.09849349e-002 0. 0.
    -6.10334537e-005 2.70111836e-003 0. 0. -1.26009225e-003 0.
    7.79011287e-003 0. 0. -5.37171494e-003 0. 0. 1.05554448e-003 0. 0.
    9.54988354e-004 8.33733659e-003 0. 0. -5.71710942e-003 0. 0. 0. 0.
    0. 0. 0. 0. 1.60412266e-004 7.86530727e-004 8.49923026e-003 0.
    1.30348111e-004 0. 0. 0. 0. 1.56567700e-003 0. 0. -2.28931685e-003
    5.48842072e-004 0. 8.07971170e-004 0. 4.78184130e-003
    -2.39026244e-003 0. -2.47000949e-003 0. 0. 0. 0. -2.09229154e-004 0.
    1.29139014e-002 0. 0. 0. 0. 0. 0. 0. 0. 0. 1.20315319e-002 0. 0. 0.
    0. 0. -1.28468953e-003 0. 0. 3.57346900e-004 0. 0. 1.06446855e-002
    0. 1.09706237e-003 0. 0. -7.62834679e-004 0. 0. 0. 0. 0. 0. 0. 0. 0.
    0. 0. 1.65788384e-004 0. 0. 0. -2.80426373e-003 0. 0. 0. 0. 0. 0.
    1.86345787e-004 0. 0. -6.11128111e-004 0. -2.16526072e-003
    1.41895693e-002 0. 0. 0. 0. 0. 0. 0. -1.33751926e-003 0. 0.
    5.75205358e-003 0. 0. 0. 0. 0. 0. 0. 0. 0. 5.66011528e-004 0.
    1.08621934e-004 1.39412861e-002 0. -1.59663591e-003 0.
    2.62955390e-003 0. 8.52639042e-003 0. 0. 5.58880391e-003 0. 0. 0. 0.
    -1.18385768e-003 0. 1.46229425e-003 0. 0. 0. 2.56018387e-003 0. 0.
    1.94590725e-002 1.96456397e-003 0. -2.58795172e-003 2.04301719e-003
    0. 1.49131170e-003 1.08886641e-002 0. 0. 0. 0. 9.41183884e-003 0.
    1.14711048e-003 2.57683941e-003 0. 1.09346723e-003 0.
    -1.05517695e-003 0. 0. 5.29894605e-003 0. -7.68237514e-003
    6.62891753e-003 0. 0. 0. -1.46413033e-004 1.67934713e-003 0. 0. 0.
    4.10717330e-004 0. 0. 0. 4.52295732e-004 -2.64906068e-003 0. 0. 0.
    0. 1.84453896e-003 0. -6.60842168e-004 0. 0. 0. 1.11740537e-003
    1.17151951e-002 2.57146312e-003 0. 0. 0. -8.77454877e-004 0.
    1.13858171e-002 0. 3.77338333e-003 -1.63669162e-003 0. 0. 0. 0. 0.
    0. 1.37527362e-002 0. 0. 0. 0. 9.20653692e-004 0. 1.51247196e-002
    -1.49078632e-003 0. 0. 0. 0. -5.70200291e-003 1.15254540e-002 0. 0.
    0. 0. 1.28860527e-003 0. 0. 0. 0. -2.00775382e-003 0. 0. 0. 0.
    7.29408953e-003 0. 4.40915901e-004 -1.40795577e-003 0. 0.
    9.64866206e-003 0. 1.08150335e-003 0. 0. 0. 0. 0. 0. 0. 0. 0. 0. 0.
    0. 1.24212736e-002 0. 0. -2.71351437e-005 0. 8.64429981e-004
    3.13706958e-004 0. 2.68130354e-003 -1.28341420e-003 0. 0. 0. 0.
    -1.40256085e-003 -1.22710341e-003 0. 0. 0. 0. 0. 0. 3.85274529e-003
    0. 0. -2.35784377e-004 0. 0. 1.15130155e-003 0. 0. 5.31423651e-003
    -1.85317628e-003 1.12649724e-002 5.66162751e-004 0. 0.
    -1.39704661e-003 7.16887414e-003 0. 0. 0. 0. 0. 4.75503359e-004
    2.11358551e-004 0. -8.52582802e-004 1.42264608e-002 0. 0. 0. 0. 0.
    0. -5.81580680e-004 0. 0. 4.46477119e-004 4.47220542e-003
    -1.74483249e-003 0. 0. -1.98718626e-004 1.70214777e-003 0. 0. 0.
    3.47226579e-003 0. 0. 0. -1.37591211e-003 0. 0. 0. -1.37756963e-003
    0. 5.07761550e-004 0. -5.34383813e-004 1.25495754e-002
    3.64071433e-003 0. 1.13167822e-004 0. 0. 0. 0. 0. 1.14337569e-002 0.
    2.18667905e-003 0. 0. 8.99340492e-003 0. 6.77928329e-003
    7.04264967e-003 0. 0. 0. 1.26489932e-002 0. 0. 0. 0. 0.
    -1.09373510e-003 0. 0. 0. 0. 0. 0. 0. 0. 0. 0. 0. 0. 0.
    -2.40042619e-003 0. 0. 0. 0. 3.32832831e-004 9.64190345e-003
    1.17094386e-002 3.73602903e-004 0. 2.40935036e-003 -2.90643377e-003
    0. 1.28800161e-002 0. 0. 0. 1.05422148e-002 0. 0. -7.92676728e-005
    0. 0. 0. 0. 3.22972075e-003 0. 0. 0. -4.93788903e-005 0.
    -8.97729956e-003 0. 0. 1.01463012e-002 0. 5.83691895e-003
    1.60320650e-003 0. -1.20833341e-003 0. 0. 0. 8.97607824e-004
    1.89438032e-003 3.33821494e-003 0. 1.23554899e-004 0. 0.</data></imageDescriptor>
</opencv_storage>
