<?xml version="1.0"?>
<opencv_storage>
<imageDescriptor type_id="opencv-matrix">
  <rows>1</rows>
  <cols>1000</cols>
  <dt>f</dt>
  <data>
    8.38735898e-004 0. 2.06140522e-003 2.59270513e-004 0.
    -1.78012473e-003 1.14667485e-003 0. 6.45027636e-003 1.16960285e-003
    0. 0. 0. 6.56088931e-004 9.75813135e-004 0. 3.98260960e-003
    3.63799976e-003 1.38614536e-003 -2.03489605e-003 4.65029647e-004
    6.36240467e-004 0. 0. 0. 8.12771730e-004 0. 0. 0. -3.26347654e-004
    3.42639326e-003 0. 0. 8.86720547e-004 0. 0. 0. 0. 2.76190299e-003
    2.89531611e-003 -1.66888209e-003 1.01794815e-002 8.99979088e-004 0.
    0. 0. 4.48736921e-003 2.60739168e-003 -5.79954241e-004
    2.12713843e-003 3.04501783e-003 0. 0. 0. 8.42872309e-004 0. 0. 0. 0.
    0. 0. 0. 0. -3.14646959e-003 3.40693118e-003 5.66761754e-003
    9.28965118e-003 0. 2.05870275e-003 5.74553385e-003 7.41318450e-004
    4.16227477e-003 0. 0. 0. 0. 0. 5.40135289e-003 1.23009071e-004 0.
    2.66854255e-003 1.44509766e-002 4.00259123e-005 1.17176969e-003 0.
    9.92951449e-003 0. 9.99678159e-004 1.79282785e-003 2.98519182e-004
    9.67309345e-004 9.99101670e-004 8.86354782e-003 3.98232398e-004
    4.66283225e-003 2.43007136e-003 -1.26616098e-004 0. 1.27035601e-003
    0. 4.11464926e-003 -3.29940784e-004 1.25349651e-003 3.27936001e-003
    0. 0. 7.11634930e-004 5.05561568e-003 0. -7.28384766e-004 0. 0.
    9.17421014e-004 1.25254109e-003 2.81055062e-003 8.30306846e-004
    5.07304398e-003 0. 0. 0. 1.09453313e-003 2.66051688e-003 0. 0. 0. 0.
    0. 2.14741376e-005 0. -2.25980626e-003 0. 0. 0. 0. 0.
    6.57657918e-004 0. 0. 4.82559903e-003 0. -6.45895139e-004 0. 0.
    7.55528454e-003 0. -3.44282319e-003 9.99780023e-004 -1.16949435e-003
    3.04992893e-003 0. 1.72416412e-003 0. 0. 0. 9.99859534e-004
    1.01209781e-003 0. 5.45067247e-003 0. 2.16174987e-003
    2.57937447e-003 -3.08185437e-004 3.30272620e-003 -1.31083798e-004
    4.98284865e-003 7.07314722e-003 0. -1.67011714e-003 0.
    5.48229646e-003 -2.05530901e-003 0. 0. 5.75677259e-003 0. 0. 0.
    1.27971417e-003 6.64721243e-004 0. 0. 0. 5.69498698e-005
    1.14397018e-003 1.11481547e-003 1.59691554e-002 0. 0. 0. 0.
    3.91267473e-004 0. 7.06200115e-003 1.29506621e-003 1.27874222e-003
    2.40734220e-003 0. 0. 5.40369656e-004 0. -6.23221218e-004 0.
    6.16776990e-004 0. 0. 0. 0. 6.15597120e-004 0. 5.16475178e-003 0. 0.
    1.33362680e-003 0. 0. 1.02933915e-003 4.46071010e-003 0. 0.
    2.97020585e-003 7.36016256e-004 0. 9.54482937e-004 -1.83456257e-004
    2.03684927e-003 0. -1.86770293e-003 3.78291901e-007 0.
    -3.78406094e-003 4.55939630e-003 3.44791985e-003 2.11387849e-003 0.
    0. 0. 0. 1.34901598e-003 0. 4.01276367e-004 0. 0. 0. 0.
    3.35248042e-004 1.68312760e-003 0. 7.01341021e-004 0.
    6.36861380e-003 8.29294324e-003 1.37987302e-003 0. 0. 0.
    -1.30554326e-004 0. 0. 0. 0. 3.26557411e-003 0. 3.00700637e-003
    5.59960678e-003 0. -2.33643077e-005 1.21107337e-003 0. 0.
    4.87060845e-003 0. 0. -9.71030677e-004 0. 0. 0. -6.34619559e-004
    1.53811846e-003 0. 5.01809176e-003 0. 1.78058411e-003 0. 0.
    2.32204236e-003 -5.50372934e-004 5.44319535e-003 0. 4.41642990e-003
    -2.36721753e-004 -3.14787496e-004 -8.00114649e-004 0. 0.
    9.55899304e-004 0. -3.23858869e-004 0. 5.80794597e-003
    2.79061520e-003 0. 3.65905667e-004 3.87100386e-003 4.14492888e-003
    1.23402325e-003 0. 1.55704678e-003 0. 6.51419628e-003 0. 0. 0.
    3.78227374e-003 0. 5.84434601e-004 6.89704844e-004 0.
    -1.24479190e-003 2.99015683e-005 3.06277070e-003 1.42781588e-003
    3.54922400e-003 5.48794260e-003 0. 1.52461522e-003 0.
    3.19074001e-003 5.90918446e-003 0. 3.51822749e-003 0.
    3.65968957e-003 8.39991309e-003 0. 8.52424093e-003 0.
    -9.08616494e-005 5.70645265e-004 0. 4.21010330e-003 0. 0.
    1.48040568e-003 0. 0. 0. -5.63872978e-004 6.54706266e-003 0.
    9.97021561e-004 -4.94377280e-004 1.16073212e-003 2.29656856e-004
    1.82033761e-003 2.02467735e-003 0. 7.65352568e-004 0. 0.
    2.84384633e-003 5.06044040e-003 1.61893631e-003 4.52563260e-003
    -5.60842163e-004 2.29826523e-003 3.95181682e-003 0. -7.77825655e-004
    0. 0. 0. 0. 0. 0. 0. 9.10218689e-004 -2.79691914e-004 0.
    1.04271830e-003 0. -1.44584943e-003 0. 7.68418133e-004 0. 0. 0. 0.
    0. 3.59336124e-003 0. 0. 0. 0. 0. 6.28938526e-003 -8.03975679e-004
    0. 0. 0. 0. 0. -3.33457574e-004 0. 2.33184127e-003 3.86014907e-003
    0. 0. 0. 0. 3.11261462e-003 6.76535477e-004 0. 1.43537286e-003
    2.93425837e-004 4.89445124e-003 0. 6.56043354e-004 0. 0. 0. 0. 0. 0.
    3.64012551e-003 -5.07819059e-004 0. -7.02894002e-004 1.85148185e-003
    6.37838896e-003 1.76934444e-003 0. 0. 1.60626054e-003
    7.24371639e-004 4.33523254e-003 0. 3.09476512e-004 9.51501541e-004
    7.61503121e-004 0. 0. 0. 4.15629800e-003 0. 0. 0. 2.16300134e-003
    2.27633351e-003 0. 7.34628644e-004 1.40541131e-004 0.
    3.33236251e-003 9.48891044e-004 3.27981031e-003 0. -1.15143790e-004
    0. 0. 0. 0. 0. 2.37752713e-004 5.69383102e-003 0. 3.09279957e-003
    -6.57646160e-004 8.46411753e-003 3.87195754e-003 0. 0.
    6.35230914e-003 0. 0. 0. 0. 2.63829995e-003 0. -3.38592101e-003 0.
    0. 1.84040546e-004 0. 9.09340044e-004 0. 0. 3.82028427e-003 0.
    9.84610408e-004 0. 1.60838629e-003 1.34537788e-006 2.71303114e-003
    8.32518330e-004 0. 5.73078450e-003 0. 0. -1.16702891e-003 0. 0.
    4.66286321e-004 0. 0. -4.49739018e-004 0. 0. 5.66715491e-004
    -2.09057907e-004 1.22025225e-003 0. 5.03502146e-004 0. 0. 0.
    4.29327646e-003 0. 0. 0. 3.03126569e-003 9.23845160e-004 0. 0.
    -7.78260990e-004 1.16203038e-003 3.80641752e-004 1.46097783e-003 0.
    0. 1.42550888e-003 -2.04102718e-004 2.72239698e-003 -5.19322173e-004
    0. 3.99786187e-003 8.19470035e-004 -1.07726303e-003 0.
    1.41554826e-003 5.59509825e-003 0. 0. 0. 0. 5.64518210e-004 0.
    5.70471771e-003 0. 4.04250901e-003 0. -1.47844572e-003
    -1.24035415e-003 1.50232122e-003 0. 5.95219573e-003 0. 0. 0.
    -5.91176271e-004 0. 0. 0. 1.46654714e-003 -1.01834163e-003
    3.25543433e-003 0. 0. 0. -1.53253449e-003 0. 0. 1.61260818e-004
    1.15860882e-003 2.68136989e-003 0. 0. 3.58465314e-003
    1.85153482e-003 0. 0. 0. 0. 0. 0. -3.57909361e-004 8.05908628e-003
    1.80049299e-003 -1.61538501e-005 0. 6.29781373e-003 0. 0. 0. 0.
    6.10034331e-004 0. 4.26487625e-003 5.83377085e-004 7.66998529e-003
    2.83253728e-003 0. 2.91578262e-003 0. 0. 3.06947716e-003 0. 0. 0.
    1.10550448e-002 1.81435875e-003 0. 6.75398763e-003 0.
    1.92002195e-003 0. 0. 5.63924725e-004 0. 0. 0. 1.01978867e-003
    -2.48133135e-003 0. 0. 0. 1.74726290e-003 0. -3.50022106e-004 0.
    1.10715919e-003 7.45310448e-003 0. 0. 0. 3.24545521e-003
    2.88820826e-004 3.13087297e-003 0. 0. -2.01948523e-003 0.
    9.40818049e-004 7.65575096e-003 0. 4.30430798e-003 0.
    6.16896292e-003 0. 0. 4.70888102e-004 0. 0. 7.07112777e-004
    3.12588015e-003 0. 1.91126973e-003 -1.31372316e-003 0.
    1.47568702e-004 5.58634568e-003 0. 4.51684091e-003 0. 0. 0.
    1.60537590e-003 0. 0. 0. 3.71614145e-003 0. 4.01927828e-004 0. 0.
    4.40077856e-003 0. 5.62914414e-003 0. 0. 3.60390730e-003 0. 0. 0. 0.
    1.41486863e-003 4.32906789e-004 4.69359895e-003 0. 0. 0.
    2.07698159e-003 0. 3.84965766e-004 0. 9.76255571e-004 0.
    6.11353782e-004 0. 0. 2.82137585e-003 -4.43559838e-004 0.
    7.17962277e-004 0. 5.98528283e-003 0. 0. 5.09099336e-003 0. 0. 0.
    1.08111405e-003 0. 0. 0. 0. 0. 3.95923387e-003 0. 0. 1.95343469e-004
    0. 0. 9.65750776e-004 -1.79077411e-004 3.03182239e-003 0.
    7.54060503e-003 3.79781841e-006 0. 5.07585239e-004 0. 0.
    5.33612119e-003 3.59383848e-004 0. 0. 4.45365487e-003 0. 0. 0. 0.
    1.61543246e-002 -1.23684225e-003 0. 0. 1.43928100e-005
    5.04678406e-004 1.15498144e-003 0. 0. 0. 0. 4.72278334e-005
    1.62097369e-003 0. 4.32792073e-003 2.65079900e-004 0. 0.
    3.75766377e-003 0. 0. 4.80039482e-004 0. -5.04340627e-004
    4.93507180e-003 2.61603529e-003 0. 6.56250305e-003 3.20646842e-003
    0. 7.52999098e-004 4.70317481e-003 1.55797310e-003 0. 0. 0.
