<?xml version="1.0"?>
<opencv_storage>
<imageDescriptor type_id="opencv-matrix">
  <rows>1</rows>
  <cols>1000</cols>
  <dt>f</dt>
  <data>
    1.44331960e-003 0. 0. 2.68746866e-003 0. 0. 3.80468508e-003 0.
    1.30846584e-003 0. 0. 1.12187397e-003 0. 0. 0. -1.35798600e-005 0.
    0. 0. 0. 3.44262482e-003 0. 9.30918322e-004 1.79356441e-003 0. 0. 0.
    2.30937917e-003 1.96360471e-003 0. 0. 0. 0. 3.04850307e-003 0. 0.
    2.40666163e-003 0. 1.88704382e-003 0. -9.21522209e-004
    2.04546493e-003 0. 0. 0. -9.67320288e-004 1.60181616e-003 0. 0. 0.
    1.50501577e-003 -9.70596215e-004 0. 0. 5.86441951e-004 0. 0. 0. 0.
    0. 1.81400592e-005 4.64395760e-003 0. 0. 0. -2.27778219e-003
    6.72315760e-003 -2.19211029e-003 0. 0. 0. 0. 1.26504265e-002 0. 0.
    2.32140021e-003 0. 0. 7.09954416e-004 -2.77577172e-004
    -1.62791155e-004 0. 0. 0. 0. 0. 0. 0. 0. 0. -1.63158076e-003 0.
    2.40681984e-004 2.89183063e-003 2.29494413e-003 6.02593925e-003 0.
    0. 2.25713998e-002 0. 0. 0. -1.89381256e-003 0. 2.21917103e-003 0.
    8.79906863e-003 1.63418762e-002 0. 0. 0. 0. 0. 1.87038060e-003
    1.19247930e-002 0. 0. 4.48414171e-003 0. 0. 6.73924689e-004
    -1.79882743e-003 6.72380812e-003 -1.95638058e-004 0. 0. 0. 0. 0.
    1.68182813e-002 0. 0. 0. 0. 2.54702801e-003 0. 0. 0. 5.34162158e-004
    0. 0. 9.69204307e-003 0. 0. 4.40863732e-006 0. -3.04914569e-003
    1.23220328e-002 0. 8.10606778e-003 -2.32285797e-003 0. 0.
    2.23676325e-005 0. 0. 2.13051890e-003 0. 0. -2.37116101e-003 0. 0.
    0. 0. 2.80807074e-003 0. 0. 2.71380134e-003 0. 4.55848873e-003 0.
    5.95397141e-004 0. 0. 0. 0. 0. 0. -1.16332944e-006 2.18329439e-003
    0. 3.06504755e-003 6.40275236e-003 0. 0. 0. 0. 3.73321190e-003
    2.69015483e-003 0. 0. 0. 4.64700116e-003 0. 4.44443151e-003
    1.65171467e-003 2.28933827e-003 0. 0. 0. 1.56495866e-004 0. 0.
    2.49785557e-003 2.30442337e-003 0. 0. 2.17374624e-003 0. 0. 0. 0.
    1.38378108e-003 0. 0. 6.58173533e-003 0. 0. 0. 0. 0. 0. 0. 0.
    1.61660882e-003 2.63391674e-004 0. 0. 0. -4.33962385e-004 0. 0. 0.
    4.91319457e-003 0. 1.62685523e-003 0. 0. 0. 0. 4.57026064e-003 0. 0.
    0. 0. 0. -1.57928583e-003 5.06127602e-004 0. 1.10119879e-002 0.
    -5.30966849e-004 1.27715559e-003 0. 0. 1.16673205e-002 0.
    3.60399601e-003 1.29480641e-002 1.70024205e-002 5.81193622e-003 0.
    0. 0. 5.90040162e-003 -2.99731689e-003 0. 1.36145286e-003
    2.67546973e-003 0. 1.39833055e-002 4.86894278e-003 3.64780339e-004
    6.19250769e-003 3.90178524e-003 1.40030333e-003 0. 0. 0.
    2.58344077e-002 0. -4.06530016e-004 1.28301283e-004 0.
    8.23972654e-003 -1.57267880e-003 1.57947629e-003 0. -2.16876459e-003
    0. 5.56321058e-004 0. 1.90159457e-003 3.51334526e-003 0. 0.
    7.36521848e-004 0. 9.50677413e-003 0. 0. 0. 8.25403913e-005 0.
    5.64472924e-004 0. 2.43085111e-003 0. 3.69753386e-003 0.
    3.12883453e-003 1.30825327e-003 0. 4.86778980e-003 4.16086009e-003
    0. 0. 0. 1.80061348e-002 0. 3.25917243e-003 0. 0. 1.61391147e-003
    4.67057712e-003 0. 0. 0. 0. 0. 0. 0. 0. 0. 0. 2.97768600e-003
    -4.70372361e-005 0. 0. 0. 0. 1.28214108e-003 0. 0. 0. 0.
    6.24266127e-003 1.08477511e-002 0. 0. 1.89379498e-003 0.
    5.37484128e-004 1.57736230e-003 1.76987101e-004 0. 0.
    4.07034671e-003 0. 0. 0. 6.71380665e-003 0. 0. 0. 4.01925342e-003 0.
    0. 0. 0. 8.68287752e-004 0. 8.38428643e-003 0. 1.02151057e-003 0.
    2.27032844e-002 0. 0. 0. 0. 0. 0. 0. 0. 0. 0. 0. 0. -1.29070098e-003
    0. 0. 0. 4.69268998e-003 1.75855460e-003 0. 0. 0. 0. 0. 0. 0.
    -1.48736639e-003 0. 0. -2.90362397e-003 0. 0. 0. 3.27732065e-003 0.
    0. 1.50242250e-003 8.65442038e-004 0. 5.17480960e-003 0.
    1.66689814e-003 0. 1.89395882e-002 0. 0. 0. 0. 2.23888177e-003
    -1.42783776e-003 0. 0. -3.57888360e-003 0. 0. 0. 0. 5.33506181e-003
    7.08335370e-004 0. -4.19112714e-003 0. 0. 0. 0. 6.56563742e-003
    1.06098631e-003 0. 0. 0. 0. 0. 0. 0. -2.13609333e-003
    6.56654767e-004 2.00987817e-003 4.88760241e-004 0. 0. 0.
    1.85200269e-003 0. 0. 0. 0. 0. 9.67663061e-003 0. 0. 1.10102654e-003
    1.98641676e-003 0. 0. 0. 0. -1.25159742e-004 5.83323790e-003 0. 0.
    0. 0. 2.80685839e-003 1.71682029e-003 0. -2.92582990e-005 0.
    5.18660666e-003 0. 9.43418778e-003 0. 0. 0. 0. 0. 1.00577064e-003 0.
    0. 0. 0. 0. 1.18876831e-003 3.28090228e-003 0. 0. 0.
    -8.94969795e-004 0. 0. 0. 0. -1.81090238e-003 0. 2.35135271e-003 0.
    2.68143747e-004 0. 0. 0. -5.37586864e-004 3.50262201e-003 0.
    1.09072053e-003 5.75816305e-003 0. 2.43360340e-003 0. 0. 0. 0. 0. 0.
    3.75066092e-003 9.19750985e-003 2.68733274e-004 0. 0. 0. 0.
    -2.77049578e-004 5.01782913e-003 1.89766381e-003 0. 0. 0.
    8.43311567e-003 0. 0. 0. 7.66072990e-005 0. 0. 0. 6.61532441e-003 0.
    0. 5.89764491e-003 0. 0. 1.54507114e-003 7.36349542e-003
    1.81620975e-003 0. 0. 0. 0. 5.13811270e-003 0. 0. -1.71302585e-003
    0. 5.16071741e-004 0. 0. 0. 0. 0. 0. 0. 7.50541640e-003
    -6.00277621e-004 1.85808097e-003 0. -2.31644022e-004 0.
    7.48058828e-003 0. 0. 0. 0. 8.90283566e-003 0. 4.38406831e-003 0.
    2.44781986e-004 0. 0. 0. 0. 0. 0. 4.07814095e-003 0. 0. 0.
    1.18127209e-003 0. 0. 0. 0. 0. 0. 0. -2.57956883e-004 0. 0.
    1.55922002e-003 0. 0. 0. 0. 0. 0. 4.35945476e-005 0. 0. 0. 0.
    2.92684999e-003 0. 4.88057872e-003 1.38702709e-003 4.17399593e-003
    0. 3.37326224e-003 1.46840010e-002 0. 0. 0. 5.04457718e-003 0. 0. 0.
    -3.52812727e-004 0. 0. 0. 0. 0. 6.56888122e-004 0. 0. 0. 0. 0. 0. 0.
    2.57857749e-003 0. 0. 0. 0. 1.31954039e-005 0. 7.59968068e-004 0. 0.
    0. 0. 0. 0. 0. 1.53961070e-002 0. 0. 0. 1.09370891e-002
    2.01012683e-003 0. 2.56125117e-003 0. -1.39664277e-004 0. 0. 0. 0.
    0. 0. -9.07939975e-004 0. 9.11449490e-004 -1.96295837e-003 0. 0.
    7.08457665e-004 0. 0. 0. 0. 0. -3.81858350e-004 0. 0. 0. 0. 0. 0. 0.
    0. 0. 7.56531488e-004 0. 0. 0. 1.20593852e-003 3.89289390e-003 0.
    -3.09152994e-004 6.07073307e-003 6.59427838e-003 0. 1.53627957e-003
    6.75173942e-003 0. 8.16115120e-004 0. 0. 0. 0. 0. 0. 0.
    3.20804468e-003 4.76230681e-003 0. 0. 0. 0. 7.46956840e-003 0. 0. 0.
    0. 0. 0. 0. 2.67353375e-003 1.50890171e-003 0. 1.88346040e-002 0.
    2.49331631e-003 0. 0. 0. -3.48678092e-004 0. 0. 0. 0. 0. 0. 0. 0.
    -1.54866633e-004 0. 9.09133931e-004 9.48174042e-004 0. 0. 0.
    2.99857277e-003 0. 0. 0. 0. 0. 0. 0. 0. 1.17222569e-003 0. 0. 0.
    2.90712947e-003 1.16482321e-002 2.03926815e-003 0. 0. 0. 0.
    2.14713998e-003 2.57864711e-003 0. 0. 0. 0. 3.15288757e-003 0.
    8.36095598e-004 0. -3.08283546e-004 0. 0. 3.75744025e-003
    1.51706173e-003 0. 1.81134674e-004 0. 3.65733460e-004 0. 0. 0. 0.
    7.10557029e-003 0. 0. 0. 0. 0. 0. 0. 0. 0. 0. 0. 9.11464973e-004
    5.72220702e-003 0. 3.93746793e-003 0. 0. 0. 3.74417310e-003 0. 0. 0.
    0. -6.99312380e-003 0. 0. 1.87617016e-003 2.78537249e-004 0. 0. 0.
    0. 0. 2.81819113e-004 -3.63646401e-003 -2.54672341e-004 0.
    6.46839663e-003 0. 0. 0. 0. 0. -1.20262394e-003 0. 0. 0. 0. 0. 0. 0.
    0. 3.29294545e-003 0. 0. 2.73303618e-003 0. 2.47109565e-003 0. 0. 0.
    7.65660894e-004 0. 0. 2.81843776e-003 0. 0. -1.91468163e-003 0.
    1.53543148e-003 0. 0. 2.67682876e-003 0. 0. 0. 0. 0. 7.54728026e-005
    1.23886159e-004 0. 0. 0. 1.13914756e-003 0. 0. 1.76684861e-003
    9.88150295e-003 0. 1.37841795e-002 0. 1.01198547e-003 0. 0. 0. 0. 0.
    0. 0. 1.49330515e-002 0. -3.63755185e-004 0. 9.12422687e-003 0.
    -2.55133811e-004 0. 0. 0. 0. 0. 0. 0. 0. 0. 0. 0. 0. 0. 0. 0. 0. 0.
    0. 0. -3.18187886e-005 0. 0. 6.43250719e-003 0. 0. 0.
    5.61677059e-003 0. 0. 0. 0. 0. 0. -1.83667068e-003 1.02713110e-003
    -7.60748517e-004 8.86209367e-004 0. 2.98467977e-003 0. 0.
    2.07377528e-003 0. 0. 0. 6.07564929e-004 0. 2.58057634e-003 0. 0. 0.
    0. 0. 0. 0. 0. 0. 6.69855531e-003 0. 0. 0. 0. -1.43154903e-004 0. 0.
    0. 3.00696120e-003 0. 0. 0. 0. 0. 0. 3.65748280e-003 0. 0. 0.
    2.01951666e-003 1.91460573e-003 0. 0. 0. 0.</data></imageDescriptor>
</opencv_storage>
