<?xml version="1.0"?>
<opencv_storage>
<imageDescriptor type_id="opencv-matrix">
  <rows>1</rows>
  <cols>1000</cols>
  <dt>f</dt>
  <data>
    0. 0. 0. 1.97649025e-003 0. 5.57294209e-003 0. 2.04227539e-003
    2.49715545e-003 1.41288969e-003 0. 0. 4.14862094e-004 0. 0.
    2.40853825e-003 -1.54635287e-004 0. 0. 2.80688982e-003 0. 0. 0. 0.
    2.28358037e-003 0. 0. 2.37851776e-003 0. 0. 1.03921245e-003
    1.89735420e-005 1.39466007e-004 -7.98337103e-004 0. -1.07097742e-003
    0. 5.00214798e-003 0. 0. 4.07901639e-003 3.87168489e-004
    1.78851781e-003 0. 6.87912293e-003 0. 0. 0. 0. 6.58217119e-004 0.
    2.62032263e-003 0. 2.60968180e-003 7.45619473e-004 0. 0.
    8.10714337e-005 0. -8.56136438e-004 1.96229015e-003 0. 0. 0. 0. 0.
    0. 0. 0. -2.29305541e-003 0. 0. 0. 0. 2.94691022e-003
    -4.86594538e-004 0. 0. 0. 0. 1.47534197e-003 1.53903279e-003 0. 0.
    1.49685075e-003 3.18910484e-003 -4.05761297e-004 0. 1.18236979e-002
    1.95027888e-003 0. 9.68688109e-004 1.91017357e-003 -2.80198222e-003
    4.55359666e-004 2.37481529e-003 0. 0. 8.96224380e-003
    3.97055317e-003 0. 0. 0. 0. 1.41983759e-003 -1.09544897e-003 0. 0.
    0. 3.45606403e-003 0. 0. 0. 2.43631913e-003 0. 3.36559024e-003
    7.07909639e-004 0. 0. 0. 0. 0. 0. 6.65309548e-004 0. 0. 0. 0. 0. 0.
    0. 0. 0. 0. 1.57035189e-003 0. 1.08352443e-003 0. 2.19963095e-003
    2.99701758e-004 0. 0. -3.12816468e-004 0. 0. 0. 1.44507387e-003 0.
    0. 0. 4.38599382e-003 0. 0. 0. 0. 1.06814504e-003 2.27123266e-003
    3.63798649e-003 -9.47580324e-004 0. 1.73880253e-003 4.36229212e-003
    1.63439766e-003 0. 0. 0. 3.31667019e-004 0. 0. 0. 0. 3.90104856e-003
    0. 2.08077277e-003 0. 2.41642492e-003 4.27813036e-003 0. 0. 0. 0. 0.
    0. 6.56973803e-003 5.53126622e-004 0. 3.30103631e-003
    5.12494240e-003 0. 0. 1.41658285e-003 8.27689655e-004 0. 0.
    -2.67313072e-003 0. 0. 8.03126674e-003 0. -1.11497997e-003
    1.28844113e-003 0. 1.33444462e-003 2.43098522e-003 0. 0. 0.
    4.17887513e-003 3.33470199e-003 1.33366790e-003 0. 0. 0. 0. 0. 0. 0.
    0. 5.84552530e-004 -7.64390104e-004 0. 2.20896793e-003
    7.31208944e-004 0. 6.61383197e-003 0. 8.79571540e-004 0. 0.
    -2.81185820e-003 1.23817218e-003 0. 8.18269886e-003 2.20988877e-004
    0. 1.82795012e-003 4.74873232e-003 0. 0. 0. 0. 0. -7.11106521e-004
    0. 4.60648630e-003 5.46894968e-004 0. 0. 0. 0. 4.14450979e-003
    4.44613723e-003 0. 0. 0. 0. 0. 0. 0. 0. 0. 0. -1.21494487e-003 0.
    9.47163813e-003 0. -1.82447373e-003 0. 2.26491975e-004 0. 0.
    -1.01003039e-003 5.77333057e-003 2.51176447e-004 0. 0.
    5.20223752e-003 2.72118789e-003 2.27977638e-003 0. 4.94106626e-003
    0. 4.50450275e-003 2.77948566e-003 0. 0. 0. 0. 0. 1.44962326e-003
    -5.24334901e-004 0. -7.20691751e-004 0. 0. 0. 0. 0. 0. 0. 0. 0.
    2.51386710e-003 0. 2.25880439e-003 0. 1.19154027e-003
    4.39212541e-004 0. 0. 2.60402192e-003 1.10342598e-003 0.
    1.36097649e-003 0. 0. 0. 0. 2.26754905e-003 0. 0. 0. 2.04241090e-003
    0. 1.46811572e-003 0. 0. 0. 2.79995799e-003 -6.89838489e-004 0.
    2.34132912e-003 0. 0. 0. 0. 0. 0. 1.66222209e-003 -6.78989978e-004
    4.14068607e-004 4.53042286e-003 0. 0. 0. 0. 0. 3.30287381e-004 0. 0.
    5.96509501e-003 2.77698762e-003 0. 3.85787198e-003 1.11713437e-002
    0. 0. 3.76440841e-003 5.32850530e-003 0. 0. 0. 5.97067038e-003 0. 0.
    3.13731784e-004 0. 7.33117922e-004 0. -1.45988597e-003 0. 0. 0.
    5.16659254e-003 0. 0. 0. 0. -3.57309676e-004 4.52402950e-004 0. 0.
    0. 1.06972232e-002 0. 0. -1.63351907e-003 4.07338026e-004 0. 0. 0.
    0. 1.89750106e-003 1.76509400e-003 0. 0. 0. 0. 4.62386943e-003
    1.69658847e-003 0. 4.12744330e-003 0. 0. 0. 0. 2.29491596e-003 0. 0.
    0. 2.56055413e-004 0. 0. 9.39992082e-004 1.46659312e-003 0.
    4.21189563e-003 2.18825252e-003 0. 1.62710145e-004 0. 0.
    -3.77708275e-005 0. 6.17900805e-004 2.12560780e-003 0.
    1.38057780e-003 0. 0. 3.00008163e-004 3.71951237e-003
    2.87614483e-003 2.41864123e-003 0. 0. 0. 0. 0. 3.90531309e-003 0. 0.
    4.07717889e-003 0. 1.17184296e-002 0. 0. 0. 0. 0. 0. 4.37116995e-003
    7.91375525e-003 0. 0. 0. 0. 2.79571698e-003 0. 7.81492796e-003 0. 0.
    1.12215197e-003 1.12796633e-003 0. 0. 0. 0. 0. 0. 0. 0. 0.
    2.84033129e-003 -3.50241055e-004 9.14845208e-004 0. 0.
    9.05425660e-003 0. 0. 0. 0. 3.19655798e-003 5.96641155e-004 0.
    1.01602450e-003 -1.19583763e-003 0. 3.87250143e-003 0.
    -3.55147873e-004 5.28197223e-003 0. 0. 0. 0. 0. 0. 0.
    3.56949633e-004 0. 4.53920709e-003 0. 0. 0. 1.06849661e-003
    1.30942464e-003 7.21077947e-003 3.18676746e-003 0. 0. 0. 0.
    -1.05474086e-003 0. 0. 0. -1.90327968e-003 0. -1.41358015e-003
    1.31888073e-002 0. 5.63471531e-003 0. 0. 0. 6.13986887e-003
    1.65090302e-003 0. 0. 9.97984782e-003 2.62907892e-003
    6.69518672e-003 7.26373354e-003 0. 0. 0. 0. 0. 1.82606466e-003 0. 0.
    0. 0. 2.90153758e-003 2.64210277e-004 0. 1.57219870e-003 0. 0. 0. 0.
    0. 0. 0. 3.43336584e-003 3.15123727e-003 7.28813873e-004 0. 0.
    1.20194536e-003 2.30206968e-003 0. 6.05412293e-003 0.
    2.85866554e-003 0. 1.34650816e-003 4.52630129e-003 9.11822950e-004
    0. 7.93776766e-004 -3.28753144e-003 0. 0. 4.07212443e-004 0.
    2.75474088e-003 6.22838736e-003 -1.22118660e-003 7.50947103e-004 0.
    0. 2.48246850e-003 0. -3.57278390e-004 0. 0. 2.43034144e-003 0. 0.
    0. 4.60400246e-003 2.25206534e-003 0. 0. 3.84804211e-003 0. 0.
    1.41355151e-003 0. 0. 0. 2.30782456e-003 4.75897081e-003 0. 0. 0. 0.
    0. 1.45623472e-003 0. 4.84010298e-003 6.94711227e-003 0. 0. 0.
    1.20360067e-003 0. 0. 3.27102549e-004 3.05530848e-003 0. 0.
    2.23709317e-003 1.64213264e-003 1.71712134e-003 0. 0.
    3.92411323e-003 0. 0. 0. 1.52207667e-003 3.28270090e-003
    -3.12310158e-006 0. 0. 6.84986007e-004 0. 3.19735194e-003
    -2.50938843e-004 -5.50638535e-004 0. 0. 0. 5.26560703e-003
    1.25720224e-003 1.42588513e-003 0. 0. 5.17842826e-003
    4.90862783e-003 3.42672644e-003 0. 0. 3.74945090e-003 0. 0. 0. 0. 0.
    0. 0. 5.96954999e-003 0. 2.11666990e-003 0. 0. 0. 0. 4.31341585e-003
    1.37617544e-003 2.02975655e-003 0. 0. -2.47979275e-004
    2.21456750e-003 0. 0. 4.17666772e-004 2.72968877e-003 0. 0.
    -7.56023685e-003 0. 0. -1.10335334e-003 -1.59614792e-004
    2.25247722e-003 2.92739831e-003 0. -3.12094647e-003 2.69113458e-003
    0. 0. -2.74683644e-005 0. -3.81020969e-003 0. 1.07546360e-003 0.
    8.31774261e-004 1.32397958e-003 3.78530147e-003 0. 0. 0.
    2.54934700e-003 0. 0. 1.63928699e-003 1.32755097e-003 0. 0. 0. 0. 0.
    1.09394488e-003 6.26266375e-003 0. -1.57887198e-003 1.50638027e-003
    0. 0. 0. 1.18558831e-003 0. 0. 1.27724884e-002 0. 0. 2.44408962e-003
    0. 0. 0. 0. 0. 3.55982990e-003 3.54288239e-003 1.01572706e-003
    4.59238561e-003 3.80041660e-004 0. 8.37430451e-003 1.19275274e-003
    0. 2.13103974e-003 -1.86968455e-003 0. 0. 0. 0. 7.64355669e-003
    3.45470058e-003 0. 0. 0. 0. 0. -2.75022839e-003 0. 0.
    2.19283369e-003 3.75080598e-003 6.73663849e-003 0. 3.00366688e-003
    0. 1.82595686e-003 2.69055413e-003 1.12738425e-003 1.93731079e-003
    0. 9.38245654e-003 0. 0. 0. 2.94002984e-003 0. 0. 0.
    -1.43144382e-004 0. 0. 0. 0. 0. 0. 1.48126215e-003 0.
    4.09111474e-003 8.50002980e-004 0. 0. 2.08135741e-003
    7.59946590e-004 2.31473357e-004 3.17716243e-004 0. 0. 0. 0. 0. 0. 0.
    4.12197970e-003 3.09603103e-003 0. 0. 0. 0. 4.44465477e-005 0.
    1.20148696e-002 0. 0. 0. 1.34684448e-003 0. 0. 1.91615277e-003
    -3.27240356e-004 2.43677874e-003 0. 0. 0. 0. 0. 0. 0.
    2.62326817e-003 2.44633085e-003 4.78821821e-005 0. 6.87174359e-003
    0. -4.59465850e-003 0. 1.48877548e-002 0. 2.05126871e-005
    2.06888886e-003 0. 0. 0. 0. 0. 0. 0. 6.59557572e-003 2.00546579e-003
    0. 0. 2.29752529e-003 0. 0. 0. -7.84032629e-004 4.24288592e-005
    1.04886429e-004 0. 7.12192152e-004 0. 0. 7.69844977e-003 0. 0.
    1.91868181e-004 0. 0. 5.32506147e-006 0. 1.89810991e-003 0.
    1.62031245e-003 0. 3.01773078e-003 1.39586779e-003 0. 0.
    2.90499837e-003 0. 1.44353963e-003 0. 3.22614587e-003
