<?xml version="1.0"?>
<opencv_storage>
<imageDescriptor type_id="opencv-matrix">
  <rows>1</rows>
  <cols>1000</cols>
  <dt>f</dt>
  <data>
    0. 3.93865723e-003 -3.19146930e-004 1.43122813e-003 0. 0.
    2.25298965e-004 3.82418814e-003 0. 0. 0. 2.69195251e-003
    5.59410267e-003 4.58845374e-004 0. 0. 9.56710486e-004 0.
    6.30681985e-004 2.80189631e-003 1.56197895e-003 1.54825335e-003 0.
    0. 2.22167955e-003 0. 1.70213706e-003 9.86156613e-003
    -1.13359338e-003 0. 1.46933564e-003 0. 2.58016656e-003
    8.95967986e-003 -9.30810580e-004 -1.28424972e-005 0. 0.
    1.60989328e-003 1.99704571e-003 -5.45244024e-004 1.54423551e-003 0.
    -1.57565519e-003 1.93702849e-003 6.72619033e-004 1.45311449e-002 0.
    6.91067334e-003 4.03298531e-003 0. -9.85674560e-004 0.
    8.08673911e-004 0. 2.39263522e-003 0. 1.87970162e-003 0.
    8.60647473e-004 2.06392864e-003 3.77974752e-003 0. 3.18584702e-004
    0. 4.40724485e-004 2.51603010e-003 -9.18563863e-004 0. 0.
    9.69527406e-004 2.83276592e-003 0. 3.44053796e-003 3.61726456e-003
    -1.06988160e-003 0. 0. -6.17694925e-004 0. 7.02234963e-003 0. 0.
    -2.20473055e-004 0. 7.70303814e-005 0. -6.33667805e-004
    4.19389363e-003 -1.17921118e-004 0. 1.71908597e-003 9.67704982e-004
    5.54255676e-003 0. -1.87326979e-004 0. 4.30808123e-003 0. 0. 0. 0.
    3.07853404e-003 -4.18129232e-004 0. 0. 0. 0. -1.84882269e-003
    9.12349205e-004 0. 0. 0. 0. 0. 6.59712314e-005 6.05932961e-004 0.
    8.29824945e-004 1.89175352e-003 2.58213608e-003 -3.75347998e-004 0.
    0. 0. 0. 0. 0. 3.88291385e-003 0. 0. 0. 2.01947032e-003 0.
    1.14429696e-003 1.52959593e-003 0. 0. -5.68617717e-004 0.
    6.75872015e-003 0. 0. 0. -2.57111387e-003 0. 5.91747055e-004
    1.45601183e-002 7.21037807e-003 0. 0. 3.09999654e-004 0.
    4.09106258e-004 0. 0. 1.00977840e-002 0. 1.25688885e-003
    3.96901369e-003 2.54242960e-003 -5.30620629e-004 -1.02234364e-003
    1.87531317e-004 0. 0. 0. 0. 0. 7.47670559e-003 -7.31057798e-006 0.
    6.42980856e-004 0. 1.95608288e-003 3.92114744e-003 9.03336331e-004
    0. 0. 0. 0. 9.14090313e-003 0. 4.58270265e-003 9.52417217e-003
    4.43262327e-003 0. 1.28207146e-003 0. 1.21130397e-004
    2.77306465e-003 3.22370348e-003 7.90401828e-004 0. 0.
    -3.19472194e-004 0. -3.69716814e-004 0. 0. 0. 0. 1.34106539e-003 0.
    0. 3.33062652e-003 0. 0. 2.88706366e-003 4.98778746e-003
    3.39347986e-003 0. 3.87546094e-003 0. 0. 0. 0. 0. 0. 0.
    7.63287023e-003 1.53941999e-003 4.11632797e-003 0. 3.09162075e-004
    0. -8.21495953e-004 7.39615585e-004 0. 0. 0. 0. 0. -8.81320506e-004
    0. -7.47838858e-005 5.54174837e-003 1.01028876e-002 3.34872841e-003
    0. 2.70324759e-003 0. 0. 0. 0. 4.20113932e-003 0. 0. 0.
    -3.95526207e-004 0. -2.80170469e-003 -7.35013571e-004
    -1.25861506e-003 0. 1.41373673e-003 0. 2.68719345e-003 0. 0. 0. 0.
    2.43317825e-003 0. 0. 0. 0. 3.46306269e-003 1.34657152e-004 0. 0. 0.
    0. -2.86339433e-003 4.83357289e-004 0. 4.87900572e-003 0.
    6.39281655e-003 0. 1.25444334e-004 0. 5.82737755e-003
    9.95092327e-004 0. 0. -2.30234800e-004 8.87613103e-004
    -2.15829816e-003 9.52220813e-004 0. 0. 0. 0. 0. 1.00476749e-003
    1.05122221e-003 0. 0. 0. 4.45792731e-003 0. 0. 3.37270112e-003 0. 0.
    0. 0. 0. 0. -6.15882745e-004 6.12031156e-003 0. 0. 0.
    8.18181038e-003 1.53466326e-003 0. 4.55030799e-003 2.80378433e-003
    6.62377512e-004 -7.89109981e-005 0. 0. 5.45361778e-003 0. 0. 0. 0.
    0. 0. 1.37866358e-003 0. 1.31847034e-003 3.56636918e-003 0.
    1.67188735e-003 2.19135010e-003 0. 0. 6.33987598e-003
    -2.01964780e-004 2.72766640e-003 4.97149164e-003 4.80288785e-004
    -5.57283929e-004 0. 9.19240899e-003 0. 0. 0. 0. 0. 0.
    1.90852967e-003 3.76993767e-003 0. -8.47844640e-004 4.69130371e-003
    5.78474393e-003 0. 4.42450779e-004 9.56203439e-004 0.
    1.16524834e-003 1.33971241e-003 1.99335627e-003 0. -4.62741795e-004
    0. 0. 0. 0. 0. 0. -1.12159294e-003 0. 8.87717411e-004
    -2.58194690e-004 0. 0. 0. 0. 0. 1.90533162e-003 0. 0. 0. 0.
    1.02415751e-003 2.23244983e-003 -4.60488198e-004 0. 5.97660476e-003
    0. 5.64966863e-003 0. -1.58675120e-003 0. 4.09209263e-003
    3.60572175e-003 0. 0. 0. 0. 0. 2.35277461e-004 0. 0. 0.
    1.39014004e-003 1.18510266e-004 0. 4.96553082e-004 0.
    3.38849088e-004 0. 3.25069739e-003 0. 6.54405798e-004 0.
    1.00072776e-003 -2.64208385e-004 0. 0. 0. 0. 4.64560231e-003 0.
    2.22503697e-003 -2.73205386e-003 -4.99476795e-004 1.46282942e-003
    7.09875999e-003 3.56533378e-003 0. 1.60904310e-003 0. 0. 0. 0.
    9.14837117e-004 0. 4.95329732e-003 3.34819022e-004 1.69775169e-003
    4.53629764e-003 2.28719553e-003 -2.13688152e-004 1.14234770e-003
    -1.51471479e-003 2.38834647e-003 1.81285932e-003 1.07128732e-003 0.
    0. 1.52028864e-004 0. 0. 0. 0. 1.11402082e-003 0. 2.63488037e-004
    4.32610803e-004 3.53637943e-003 0. 0. 0. 0. 1.71069836e-003
    1.26019397e-004 0. 8.90641822e-004 0. 0. 0. 0. 2.84442934e-003 0.
    -2.42841648e-004 -1.53178815e-003 2.39318516e-003 0. 0.
    1.25293841e-003 8.49519018e-003 1.99630577e-003 0. 8.80001858e-003
    1.03817247e-002 0. 0. 0. 0. 0. 0. -1.04586559e-003 1.20688917e-003
    0. 3.95147363e-004 1.69545691e-003 0. 0. 4.92154481e-003 0.
    8.74643039e-004 0. 4.91560623e-003 9.39221354e-004 0.
    2.75055238e-004 0. 0. -2.91109784e-004 0. 2.16420600e-003
    3.58560518e-003 0. 9.99978627e-004 -7.47312675e-004 2.11749552e-003
    0. 4.44636535e-004 1.20968558e-003 8.79347418e-003 0. 0. 0. 0. 0.
    2.79623084e-003 0. -2.00730065e-004 5.31135499e-003 1.07367607e-002
    5.14390366e-003 0. 0. 0. 0. -4.82388336e-004 0. 0. 1.64626457e-003
    0. 8.93091958e-004 0. 4.15551383e-003 4.25931625e-003 0. 0.
    2.91160308e-003 0. 4.20523575e-003 0. 4.93953098e-003
    -4.74006491e-004 0. 5.16665401e-003 0. 2.60304339e-004 0.
    3.35749122e-003 1.27131271e-003 0. 3.24988877e-003 0. 0.
    1.06131996e-003 5.55451086e-004 2.09119334e-003 0. 0. 0. 0.
    8.71201395e-004 0. 8.82891647e-004 0. 0. 0. 0. 1.88872116e-004
    3.44874366e-004 0. 2.28404510e-003 -1.46266865e-003 0.
    1.24418223e-003 0. -7.65054651e-008 0. -6.94081071e-004 0. 0. 0. 0.
    0. 0. 0. -3.50298884e-004 1.33387139e-002 0. 0. -2.37398097e-004 0.
    0. 1.22251385e-003 0. 2.99562933e-004 0. 0. 0. 5.62754832e-003
    1.20700439e-002 6.10222481e-003 0. 0. 0. 1.52050948e-003 0.
    5.21473761e-004 0. 3.19818314e-003 0. 0. 0. -4.05961677e-004
    2.27664365e-003 0. 1.10990496e-003 6.51530130e-003 8.24254192e-003
    1.21754571e-003 0. 1.02575915e-003 1.68995420e-003 0.
    2.53383296e-005 3.49255139e-003 0. 0. 3.85675789e-003 0.
    -8.89852352e-004 0. 0. 0. 0. 3.11855902e-003 0. 0. -9.98873656e-006
    1.48823985e-003 0. 0. 2.66358047e-003 0. -5.09309059e-004 0. 0. 0.
    1.59279234e-003 0. 4.16718220e-004 0. 0. 0. 4.96866368e-003 0. 0.
    -1.03966997e-003 -2.49808189e-004 0. 0. 0. 4.21356922e-003 0.
    2.13684980e-003 0. -8.57833948e-004 0. 2.12529805e-004
    3.15762707e-003 0. 5.87663008e-003 0. 0. 2.56185915e-004 0. 0.
    1.70009141e-003 5.21163107e-004 0. 0. 0. 0. 0. 1.91006728e-003
    2.35181465e-003 -6.36905432e-004 -1.61402114e-003 0. 2.49165110e-003
    0. 1.28102191e-002 0. 6.74911682e-003 0. 0. 0. 0. 0.
    -2.01581468e-004 -5.45359799e-004 0. 6.26243092e-003 2.55913078e-003
    0. 6.99773431e-003 -1.96059045e-004 5.07938734e-004 0.
    3.10125854e-003 0. 0. 1.19358328e-005 0. 2.39775889e-003 0. 0.
    5.49773453e-004 0. -1.95508148e-003 1.17483200e-003 7.35768536e-003
    5.47724497e-003 0. 1.13550741e-002 6.08394574e-003 0. 0.
    -1.08480267e-003 1.06599741e-003 0. 1.39048067e-003 0.
    2.46667536e-004 0. 4.74906759e-003 0. -1.17389578e-003
    1.30425137e-003 -2.27333454e-004 3.05571331e-004 7.99321802e-004
    3.44196567e-003 2.70732609e-003 -2.12472281e-004 0. 0.
    5.56917116e-003 0. 0. 0. 0. 5.94522525e-003 0. 7.92643870e-004 0. 0.
    0. 0. 0. 0. 1.47027243e-003 0. 0. 0. 0. 1.67078655e-002 0.
    2.51109921e-003 0. 3.94518342e-004 0. 1.64868252e-004 0. 0. 0.
