<?xml version="1.0"?>
<opencv_storage>
<imageDescriptor type_id="opencv-matrix">
  <rows>1</rows>
  <cols>1000</cols>
  <dt>f</dt>
  <data>
    2.79182405e-003 0. 7.37615256e-003 0. 0. 3.44545115e-003 0.
    2.87964009e-003 0. 0. 0. 3.50121362e-003 0. 0. 0. 5.34025021e-003
    7.00169289e-003 3.82590503e-003 0. 0. 2.41667428e-003
    8.76073632e-003 0. 0. 5.31908497e-003 0. 0. 0. 1.44335849e-003 0. 0.
    2.52513308e-003 7.11408537e-003 3.66535899e-003 0. 0.
    1.16092302e-002 6.45570282e-004 0. 0. 0. 0. 2.83698970e-003 0. 0. 0.
    3.11494269e-003 0. 0. 0. 0. 3.12278187e-003 0. 0. 0. 0.
    1.09294867e-002 0. 0. 0. 0. 0. 0. 0. 0. 0. 0. 0. 0. 0.
    2.03197263e-003 0. 0. 0. 0. 2.14016554e-003 2.50657299e-003 0. 0.
    3.27596464e-003 4.23638237e-004 0. 6.81471778e-003 0. 0.
    5.84423821e-003 0. 0. -9.62750870e-004 2.44544400e-003 0.
    3.12759983e-003 6.76564127e-003 2.13092077e-004 0. 3.11495014e-003
    7.82391615e-003 0. 0. 0. 0. 0. 0. 5.40641043e-003 0. 0. 0. 0. 0.
    3.71519499e-003 0. 0. 4.72245319e-003 0. 0. 0. -2.69443286e-003 0.
    0. 4.60129045e-003 0. 9.42189433e-003 0. -1.78408972e-003 0. 0. 0.
    0. 0. 0. 0. 0. 0. 3.47603392e-003 1.63851783e-003 0. 0. 0. 0. 0. 0.
    0. 0. 0. 0. 0. 7.06333807e-003 1.16860494e-003 2.33953306e-003 0. 0.
    1.71693997e-003 5.35191130e-003 0. 2.80973664e-003 4.40023281e-003
    0. 0. 0. 0. 2.18013977e-003 1.79546187e-004 -4.51476267e-003 0.
    4.25899681e-003 9.33078397e-003 0. 3.67913675e-003 -4.48504230e-004
    0. 0. 0. 0. -3.38702666e-004 0. 0. 0. 3.26600089e-003
    7.54611241e-003 0. 0. 1.93552475e-003 0. 2.43739528e-003
    9.92775988e-003 0. 0. 0. 1.34908641e-003 1.53462670e-003 0. 0. 0. 0.
    0. 0. 0. 0. 0. 3.57679161e-003 0. 0. 0. 0. 0. 3.83395865e-003 0.
    9.35506076e-003 0. 0. 0. 5.79376565e-003 0. -1.62520169e-004
    7.02119805e-003 3.94731032e-004 0. 0. 0. 1.01360318e-003
    1.46877849e-002 0. 0. 0. 7.38390582e-003 0. 2.17875699e-003 0. 0.
    -3.56200337e-003 0. 0. 0. -1.71471125e-004 4.94397571e-003
    7.03426078e-004 0. 2.94984155e-003 0. 9.08358255e-004 0. 0.
    5.80680044e-003 0. 0. 4.18754108e-003 0. 0. 0. 1.10334123e-003 0.
    9.38556681e-004 0. 0. 0. 0. 0. 0. 1.26703270e-003 0. 0. 0. 0. 0. 0.
    0. 0. 0. 0. 0. 0. 8.41770880e-003 0. 4.74021258e-003 0. 0. 0. 0. 0.
    0. 0. 0. 5.90601424e-003 8.08313210e-003 7.75658758e-004 0. 0.
    2.45388714e-003 0. 0. 0. 3.19108809e-003 1.96670741e-003 0. 0.
    5.00116497e-003 0. 0. 0. 0. 0. 0. 0. 0. 2.40842416e-003 0. 0. 0.
    -3.49098817e-003 1.28312409e-003 0. 4.74732806e-005 3.48409219e-003
    2.55385553e-003 2.11432041e-003 1.05606962e-003 8.23507493e-004
    7.79642665e-004 0. 0. 9.91663896e-003 0. 0. 3.30395089e-003 0. 0. 0.
    0. 6.06632000e-003 0. 2.57044751e-002 0. 0. 7.81412981e-003
    1.88804488e-003 0. 2.14934978e-003 0. 6.48540212e-004 0.
    7.33461650e-003 -1.97561938e-004 0. 1.53807667e-003 8.47801566e-003
    -1.24284858e-003 6.43272419e-003 0. 0. 1.44187827e-003 0.
    2.84710596e-003 0. 0. 1.70649507e-003 0. 0. 0. 7.29213585e-004
    3.41524393e-003 0. 7.36908289e-003 2.20558213e-004 1.00669579e-003
    2.99956184e-003 0. 0. 1.11265685e-002 0. 0. 0. 7.05688028e-004 0. 0.
    0. 0. 0. 0. 0. 0. 0. 0. 1.26757950e-003 0. 0. 0. 2.91402382e-003
    7.87311327e-003 0. 0. 0. 0. 6.48768619e-005 0. 0. 0. 0.
    2.71063042e-003 0. 0. 0. 0. 0. 6.35701371e-003 0. 3.73321492e-003 0.
    0. 0. 1.39354868e-003 2.50512874e-003 0. 0. 1.22908573e-003 0. 0.
    5.48192393e-003 6.07789122e-003 0. 0. 0. 0. 1.10482017e-003 0.
    3.10877734e-003 0. 0. 8.62716325e-003 0. 1.08667882e-003 0.
    -2.03648652e-003 0. 0. 1.45678548e-002 0. 0. 0. 2.95974291e-003 0.
    0. 2.78092804e-003 0. 0. 0. 0. 0. 0. -4.16880939e-004 0.
    -1.63992983e-004 0. 0. 0. 0. 0. 0. 0. -3.59655969e-004 0. 0. 0.
    4.74822056e-003 0. 0. 8.00146628e-003 0. 9.25056229e-004
    3.28251539e-004 0. 0. 0. 0. 0. 1.55024203e-002 2.94218375e-003 0.
    3.26580717e-003 0. 0. 0. 0. 3.79747897e-003 0. 2.53485306e-003
    1.10795861e-003 0. 0. 0. 2.07230658e-003 5.22878440e-003
    8.52345256e-004 0. 0. 0. 0. 1.47098966e-003 0. 0. 0.
    -1.57231279e-003 0. 0. 8.90288909e-004 0. 0. 0. 5.01371361e-003
    3.12482333e-003 -2.61049857e-003 0. 1.11672460e-004 -1.03808218e-003
    0. 0. 0. 0. 5.63780358e-003 5.14865015e-003 0. 0. 4.67547070e-004 0.
    0. 1.76018046e-003 0. 0. 0. 0. 0. 0. 4.21630265e-003
    -4.25111456e-003 7.85416365e-003 0. 0. 0. 0. 0. 0. 0. 0. 0. 0. 0. 0.
    1.66016107e-003 0. 9.69023723e-003 0. 0. 6.96282182e-003 0. 0. 0. 0.
    0. 0. 0. 0. 0. 0. 0. 0. 0. 0. -1.56956038e-003 0. 0. 5.96362120e-003
    0. 0. 1.05345501e-002 3.15432553e-003 1.46863353e-003 0. 0. 0. 0.
    4.52267285e-003 1.26780324e-005 0. 0. 0. -1.34934299e-003 0.
    2.37870542e-003 0. 0. 0. 0. 0. 0. 0. 0. 0. 0. 6.37745857e-003 0.
    -3.77345481e-004 8.11630860e-004 0. 0. 0. 0. 0. 0. 0.
    -6.22631051e-003 0. 0. 0. 0. 0. 0. 0. 0. 0. -4.69162595e-003 0. 0.
    -1.30465359e-003 0. 1.04179969e-002 0. 3.42919282e-003 0.
    -5.97835344e-004 2.05268920e-003 0. 3.21006519e-003 0. 0. 0. 0. 0.
    0. 0. 2.83699809e-003 1.90104858e-003 0. 1.27594487e-003 0. 0. 0.
    9.17443322e-005 0. 6.68128813e-003 7.51919718e-003 2.76105898e-003
    5.69718075e-004 0. 0. 0. 1.55205827e-003 0. 0. 0. 0. 0. 0.
    4.03886894e-003 0. 6.18855376e-003 0. 0. 0. 0. 3.42127332e-003 0. 0.
    1.06942898e-003 -1.41930446e-004 0. 0. 0. 0. 4.48865071e-003 0. 0.
    0. 0. 1.37673679e-003 8.68322700e-003 0. 1.36787759e-003 0. 0.
    2.96701398e-003 0. 4.13229829e-003 3.65528231e-003 3.26581649e-003
    0. 6.94567338e-004 0. 0. 0. 0. 3.46996752e-003 2.80870334e-003 0. 0.
    5.32176346e-004 0. 0. 2.90610525e-003 0. 3.68575985e-003 0. 0. 0. 0.
    0. 0. 4.22792044e-003 0. -2.46658851e-003 0. 5.32462844e-004 0. 0.
    0. 0. 0. 0. 0. 0. 0. 0. 0. -5.33559825e-004 1.55937660e-003 0. 0. 0.
    2.49077822e-003 0. 0. 0. 0. 0. 2.56493199e-003 3.10360291e-003 0. 0.
    1.90012623e-003 0. 0. 0. 0. 0. 0. 0. 0. 0. 0. 0. 0. 0. 0. 0.
    1.60137797e-003 0. 0. 6.92379801e-003 0. 7.66791694e-004
    6.55728672e-003 0. 0. 0. 0. 5.72664430e-003 0. 0. 0. 0.
    -2.16894993e-003 2.16852338e-003 2.00362061e-003 1.08824167e-002
    1.55437663e-002 0. 0. 6.37247134e-003 2.25150795e-003 0. 0. 0. 0. 0.
    2.43249629e-003 0. 1.73957483e-003 0. 4.39325202e-004 0. 0. 0. 0. 0.
    0. 3.68816918e-003 0. 0. 1.46781013e-003 0. 4.66383249e-003 0. 0. 0.
    5.94297983e-003 6.58434164e-003 0. 0. 0. 0. 3.08510993e-004 0. 0. 0.
    0. 0. 0. 0. 4.06555955e-005 0. 0. 0. 2.96234293e-003 0. 0. 0. 0. 0.
    0. 2.52430909e-003 -2.11184635e-003 0. 0. 9.22212750e-003 0.
    -1.07066811e-003 0. 0. 0. 0. 0. 9.94406641e-003 0. 0. 0.
    2.24457495e-003 0. 0. 0. 0. 0. 0. 0. 0. 0. -1.10355648e-003 0.
    1.69283617e-003 0. 2.09443877e-003 0. 0. 0. 0. 0. 1.80544367e-003
    9.58945602e-004 0. 0. 0. 4.65567166e-004 0. 3.74093466e-003 0.
    1.27123296e-003 0. 6.01393590e-003 0. 0. 0. 0. -5.32499398e-004
    -4.41028242e-005 0. 0. 0. 0. 0. 0. 1.14689460e-002 0.
    5.20287955e-004 0. 4.27045580e-003 0. 0. -4.15438641e-004
    -2.62246537e-003 0. 0. 0. 5.43202553e-003 0. 0. 0. 2.76050973e-003
    0. 0. 0. 0. 0. 0. 0. 0. 0. 7.39877578e-003 -8.31121906e-006 0. 0. 0.
    3.73956072e-003 0. 4.08641621e-003 0. -1.40562523e-004 0. 0. 0.
    3.04867374e-003 0. 0. 6.97836746e-003 1.66275073e-003 0. 0. 0.
    -9.93700814e-005 -8.53489211e-004 0. 0. 0. 0. 0. 0. 0. 0.
    4.62404569e-005 0. 0. 0. 0. 0. -2.67144269e-003 2.36310414e-003 0.
    0. 1.76139781e-003 0. 0. 0. 1.38081808e-003 0. 0. 6.96087303e-003
    2.45993631e-003 1.40738511e-003 3.67649272e-003 0. 0.
    9.92198591e-004 0. 4.94589447e-004 0. 0. 0. 0. 0. 0. 0.
    -1.63040345e-003 0. 0. 0. 0. 6.33672578e-004 0. 0. 0.
    1.00651495e-002 0. 1.55765256e-002 -9.23692132e-004</data></imageDescriptor>
</opencv_storage>
