<?xml version="1.0"?>
<opencv_storage>
<imageDescriptor type_id="opencv-matrix">
  <rows>1</rows>
  <cols>1000</cols>
  <dt>f</dt>
  <data>
    0. 3.07344476e-006 0. 0. 0. 0. 0. 3.55073391e-003 2.64228741e-003
    2.84843799e-003 9.79095232e-003 0. 1.48250349e-002 2.58052466e-003
    0. -6.09526120e-004 0. 0. 3.13239929e-004 -1.05991028e-003 0.
    3.06129805e-003 0. 8.92520323e-003 0. 4.66706697e-003 0.
    3.15763988e-003 0. 0. 0. 3.37582140e-004 6.00010529e-003
    1.16144866e-003 3.11362860e-003 0. 2.01300588e-002 0.
    1.57873854e-002 0. 0. 5.46723325e-003 0. 2.15997803e-003
    6.94548804e-003 0. 2.57784710e-003 0. 0. 0. 0. 3.99668515e-003 0. 0.
    0. 0. 0. 0. 5.72124356e-003 0. 6.09083509e-004 0. 0. 1.68975990e-003
    0. 0. 0. 0. 0. 0. 0. 0. 3.45757348e-003 1.04403938e-003 0. 0.
    2.18740455e-003 0. 7.48545644e-005 0. 0. 3.60817794e-004 0.
    3.27648199e-003 0. 2.75591481e-003 0. 1.62059185e-003
    1.76146801e-003 1.47863160e-004 0. 0. 0. 0. 0. 0. 1.48759864e-003
    3.34596843e-003 0. 0. 3.37916031e-003 6.53609307e-003 0. 0. 0. 0. 0.
    0. 0. 0. 0. 2.21952144e-003 0. 7.36862840e-003 0. -3.35308630e-003
    -7.54101435e-004 0. -6.45418186e-004 7.03724287e-003 7.71018560e-004
    0. 1.18632959e-002 0. 0. 4.85015800e-003 0. 0. 0. 0. 0.
    1.88593485e-003 6.36869622e-003 0. 2.06350000e-003 0. 0.
    9.24276654e-003 0. 0. 1.17616892e-005 1.00042776e-003 0. 0.
    -1.06090843e-003 1.51643483e-003 0. 0. 3.65060219e-003 0.
    6.13905350e-003 3.86100495e-003 0. 0. 0. 3.43674235e-003
    -2.69230246e-003 0. 0. 0. 0. 0. 0. 0. 1.64271425e-003 0. 0. 0.
    1.12718507e-003 1.23824365e-002 0. 9.97539703e-003 1.78657491e-002
    6.28482783e-003 0. 4.30304650e-003 0. 0. 8.33746325e-003 0. 0. 0. 0.
    3.03540728e-003 1.49446621e-003 0. 3.06826574e-003 1.00933691e-003
    1.89093947e-002 -9.98267089e-004 3.24887806e-003 0. 0. 0.
    1.46810580e-002 8.20027606e-004 0. 0. 5.66752977e-004
    2.75861210e-004 0. 0. 0. 0. 0. 0. 8.86478752e-004 0. 0. 0. 0. 0.
    2.59494735e-003 1.06829042e-002 0. 0. 0. 2.60890287e-004 0. 0.
    1.04180295e-002 0. 3.41817201e-003 0. 0. -8.89492105e-004
    1.26915304e-002 6.40309323e-003 2.52350001e-003 0. 0. 0. 0. 0. 0.
    3.93574039e-004 0. 0. 3.58265731e-003 0. 0. 0. 2.59444816e-004
    1.41321227e-003 0. 0. 3.07469949e-004 0. 3.01638199e-003
    1.11766416e-003 0. 0. 0. 3.27976141e-003 0. 0. 5.41728409e-003 0. 0.
    5.07037947e-003 0. 0. 2.56855879e-003 0. 1.63662410e-003 0.
    -1.75236946e-003 0. 0. 3.09668179e-003 0. 0. 0. 0. 0.
    7.53609790e-003 0. 0. 0. 5.39268274e-003 1.86176418e-004
    -8.98512604e-004 0. 0. 2.57282937e-003 -1.45548955e-003 0. 0. 0.
    2.59327848e-004 0. 0. 0. 1.45165517e-003 5.55206649e-003
    9.60910972e-003 0. 0. 0. 0. -1.41048600e-004 0. 0. 0.
    1.52110318e-002 0. 4.36137849e-003 0. 0. 9.53173172e-003 0.
    -1.97124784e-003 -2.27280427e-003 0. 0. 8.71127192e-003
    9.61792655e-003 2.02683033e-003 0. 0. 1.33582472e-003
    7.46596977e-003 0. 0. 0. 0. 0. 0. 7.47511454e-004 0. 0.
    3.38122179e-003 0. 0. 0. 4.76707879e-004 0. -1.26716215e-003
    1.31696858e-003 3.17045278e-003 0. 0. 0. 0. -2.48929416e-003 0. 0.
    0. 0. -4.92297171e-004 0. 0. -1.20419958e-004 0. 0. 0.
    6.11806894e-003 7.40899937e-004 0. 0. 1.72795937e-003 0. 0. 0.
    -3.36879137e-004 0. 0. 0. -1.02236751e-003 5.30758500e-003 0.
    3.55391321e-003 2.70155055e-004 0. 0. 1.64251719e-002 0. 0. 0. 0.
    2.33928929e-003 0. 0. 2.89621559e-004 0. 0. 0. 3.32632125e-003 0. 0.
    0. 0. 9.81290545e-003 0. 1.55750185e-003 0. 0. 0. 0. 0. 0. 0. 0. 0.
    9.60118975e-003 0. 0. 0. 0. 0. 0. 2.88726995e-003 5.33473119e-003 0.
    0. 0. 0. 0. 0. 0. 0. 0. 1.65213756e-002 0. 0. 0. 0. 0. 0. 0. 0. 0.
    0. 0. 1.60644215e-003 0. 0. 0. 2.42374628e-003 0. 1.57582411e-003
    9.63352795e-004 0. -2.13029701e-003 0. 0. 2.63375393e-003 0.
    -7.39574200e-004 0. 2.42923647e-002 0. 0. 0. 0. 0. 1.85354691e-006
    0. 0. 0. 1.76966714e-003 -1.20475551e-003 0. -5.73427997e-006
    1.37811806e-003 0. 0. 0. 0. 9.66103398e-004 0. -7.84103817e-004
    1.56530482e-003 -1.88489488e-004 0. 0. 0. 0. 0. 0. 0. 0. 0. 0. 0.
    2.05476978e-003 0. 0. -1.38481148e-004 -4.97827400e-003 0. 0. 0.
    -3.38688097e-003 0. 0. 0. 0. 0. 0. 0. -9.24685795e-004 0. 0. 0. 0.
    -4.52904700e-004 0. 0. 3.28431022e-004 -2.99327890e-003 0. 0.
    3.98995774e-003 -5.41866211e-005 3.57408600e-004 0. 0. 0. 0.
    7.09389057e-003 -2.42845598e-003 4.02519573e-003 2.74807261e-003
    3.52940080e-003 0. 0. 0. 4.88912920e-003 0. 0. 0. 0. 0. 0. 0. 0. 0.
    0. 4.44036582e-003 0. 0. 1.37605211e-002 0. 1.36211496e-002 0.
    1.04757417e-002 0. 0. 7.06564868e-004 9.96893155e-004 0.
    3.92359123e-003 1.08518172e-002 0. -6.42912276e-003 2.80682789e-003
    0. 0. -1.63492950e-005 0. 2.40866300e-002 -1.31263211e-003 0.
    5.38623473e-003 0. 0. 0. 0. -3.88523843e-003 1.88864232e-003 0.
    6.69849291e-003 2.16365908e-003 0. 0. 2.32490897e-003
    1.54805707e-003 0. 0. 3.02207598e-004 1.78376050e-003
    2.22418597e-003 -5.28736964e-005 0. 1.65765686e-003 9.21388215e-004
    0. -2.16663419e-003 0. 4.57725080e-004 0. 0. 0. 0. 0.
    1.79853092e-003 0. 4.20348078e-004 0. -2.30281404e-003
    3.34847323e-003 0. 0. 2.45259539e-003 0. -1.74007576e-003
    2.57997913e-003 0. 0. 2.11544894e-003 4.44902247e-003 0. 0. 0. 0. 0.
    0. 0. 0. 5.32545964e-004 0. 0. 0. 0. 0. 0. 9.03197099e-003 0. 0. 0.
    0. 1.85014005e-003 1.36850111e-003 0. 0. 1.23148225e-003 0. 0. 0.
    1.59031304e-003 0. 0. -1.69391243e-003 1.18967490e-002
    2.40503401e-002 8.25416704e-004 3.97752709e-004 9.34976561e-004 0.
    9.94303729e-003 2.38439097e-004 0. -3.86141444e-004 0. 0. 0. 0.
    -1.02008157e-003 0. 0. 0. -2.56970106e-005 0. 0. 0. 0. 0. 0. 0. 0.
    4.46173549e-003 0. 0. -3.66027514e-003 0. 0. 0. 0. 3.08237574e-003
    0. 0. 0. 0. 0. 0. 0. 0. 0. 0. 0. 0. 0. 0. 4.71485982e-004 0. 0. 0.
    0. 0. 0. 5.55714406e-003 3.34379467e-004 0. 0. 0. 0.
    -4.26000124e-003 2.10969569e-003 0. 0. 0. 1.53457673e-004 0. 0. 0.
    0. -1.14037120e-003 0. 3.33472691e-003 0. 0. 0. 3.05288727e-003 0.
    0. 0. 0. 0. 1.24848343e-003 -1.14950631e-003 0. 1.39913824e-003
    5.20097185e-003 0. 0. 0. 0. 0. 0. 0. 0. -2.31287268e-004 0. 0.
    7.43844779e-004 0. 0. 0. 1.01186354e-002 1.67153426e-003 0. 0. 0. 0.
    0. 0. 2.15521781e-003 0. 0. 0. 0. -7.97376223e-003 0. 0. 0. 0.
    1.69772585e-003 1.98063208e-003 0. 7.38324889e-004 0. 0. 0. 0. 0. 0.
    5.69366990e-003 0. 0. 4.32790583e-003 -2.99897115e-003 0.
    1.34024099e-002 0. 0. 0. 0. 0. 0. 0. 0. 0. 6.42898784e-004
    7.51605304e-003 0. 0. 1.50807574e-003 0. 0. 0. -1.51292933e-003 0.
    -1.27816654e-003 1.55844574e-003 0. 0. 0. 0. 0. 2.27370393e-003
    1.43006286e-002 -1.19348615e-003 0. 0. 5.98324975e-003 0. 0. 0. 0.
    0. 0. 0. 2.41888824e-006 6.43655483e-004 0. 0. 1.38809008e-003 0.
    -3.22067202e-003 0. 1.85645826e-004 0. 1.34449976e-003 0. 0. 0. 0.
    0. 0. 0. 2.88738497e-003 0. -1.04421913e-003 0. 0. 0. 0. 0. 0. 0. 0.
    6.15269924e-003 7.63186952e-004 0. 0. 0. 0. 0. 0. 7.49341119e-003 0.
    0. 8.87734815e-003 -4.77704198e-005 5.04009053e-003 1.57989023e-004
    0. 1.90051142e-004 0. 0. 0. -4.74999484e-004 0. 0. 0. 0. 0. 0.
    2.73158730e-006 -3.93917551e-003 0. 0. 0. 0. 0. 0. 0. 0.
    4.19618702e-003 0. 1.15830789e-003 1.85737488e-004 0. 0. 0. 0. 0. 0.
    0. 0. 5.84949879e-003 -7.09302723e-004 0. 1.61495048e-003 0. 0.
    1.11940103e-002 0. 0. 0. 0. 0. 0. 0. -5.73305937e-004 0. 0. 0. 0.
    1.96317956e-003 0. 0. 0. 0. 3.25767556e-003 0. 0. 0.
    -8.96816433e-004 0. 0. 0. 1.12872003e-002 0. 0. 0. 0. 0. 0. 0. 0. 0.
    0. 0. 0. 0. 0. 0. 0. 0. 0. -1.20130007e-003 0. 0. 0. 5.31491823e-003
    0. 4.67722333e-004 0. 0. -5.20008907e-004 0. 0. 0. -1.32196897e-003
    0. -8.96316342e-005 1.89405214e-002 7.15812854e-003 0. 0. 0.
    -1.17627904e-003 0. 0. 0. 0. 0. 0. 0. 0. 0. 0. 0. 0. 2.12103687e-003
    0. 3.96528188e-003 0. 0. 0. 0. 6.81250449e-003 0. 4.32323955e-004 0.
    4.30504605e-003 1.40819442e-003 0.</data></imageDescriptor>
</opencv_storage>
