<?xml version="1.0"?>
<opencv_storage>
<imageDescriptor type_id="opencv-matrix">
  <rows>1</rows>
  <cols>1000</cols>
  <dt>f</dt>
  <data>
    0. 0. 4.60490305e-003 6.29381137e-003 0. 6.87398901e-003 0.
    1.80395674e-002 0. 0. 0. 4.07575339e-004 0. 0. 0. 0. 0. 0.
    2.44452665e-003 0. 0. 0. -5.87122224e-004 0. 3.18695384e-004 0.
    6.29625563e-003 -1.68342190e-003 0. 0. 8.90416210e-004
    4.01176373e-003 -1.13835465e-003 0. 0. 1.06096244e-003 0. 0. 0. 0.
    2.49870494e-003 0. 1.01150796e-002 7.18583586e-003 6.30491355e-004
    0. 0. 0. 0. -4.04973951e-004 0. 3.19828815e-003 0. 0.
    2.73854309e-003 0. 0. -6.58723642e-004 0. 5.20645455e-003
    1.37220183e-003 4.45859972e-003 1.49169902e-003 0. 1.21032936e-003
    0. 0. 0. 0. 0. 0. 1.29238260e-003 0. 1.20668591e-003 8.93998658e-004
    0. 0. 0. 0. 0. 0. 2.44753715e-003 0. 1.34146516e-003 0. 0. 0. 0.
    1.64798740e-003 -1.31242967e-003 0. 2.51491065e-003 -2.40915411e-004
    6.65065972e-003 0. 1.11740979e-003 8.30363203e-003 3.00205988e-003
    0. 0. 6.86613424e-003 3.63200525e-004 1.21593279e-004 0. 0. 0.
    2.14737817e-003 0. 0. 7.27522001e-003 1.22863706e-003 0. 0. 0. 0. 0.
    0. 0. 0. 0. 1.34907325e-003 -5.55874176e-005 1.74222770e-003 0. 0.
    8.95328936e-004 -2.79556867e-003 1.98615622e-003 0. 0. 0.
    6.97979936e-003 -2.15658190e-004 2.39273533e-003 2.88366864e-004 0.
    0. 1.33845978e-003 0. 0. 0. 4.44764795e-004 0. 2.79428856e-003 0. 0.
    0. 6.75769174e-004 0. 0. 0. 0. 0. 0. 0. 0. 7.59441697e-004
    1.09194880e-004 6.24278933e-003 0. 0. 6.40685263e-004 0. 0.
    2.06084829e-003 -4.63582517e-004 0. 6.53069606e-003 0.
    3.67957144e-003 0. 0. -1.05211325e-003 0. 0. 0. 0. 0.
    4.51852800e-003 0. 0. 4.59860952e-004 0. 1.34457892e-003 0. 0.
    3.18677397e-003 0. 0. 0. 3.06903431e-003 8.89593328e-004 0.
    -1.00822689e-003 0. 4.89607407e-003 0. 4.32169670e-003
    4.13109257e-004 0. 0. 0. 5.75523998e-004 0. 7.43255834e-004 0.
    7.74528715e-004 1.57840434e-003 -6.47043169e-004 0. 0. 0. 0.
    -1.75851252e-004 3.37903970e-003 0. 2.20421259e-003 2.24631070e-003
    -1.42435974e-003 0. 0. 0. -8.98933155e-004 -1.73125463e-003
    5.99868642e-003 8.83501896e-004 0. 0. 1.94708235e-003 0.
    1.61169260e-003 7.71199237e-004 0. 1.41195045e-003 0. 0. 0. 0. 0. 0.
    0. 0. 0. 1.22355856e-003 3.19429254e-003 1.43729278e-003 0.
    -7.11487199e-004 0. 4.14336147e-003 2.63752951e-003 0.
    -8.24753253e-004 0. 1.08538782e-002 0. -3.65246611e-004
    -9.39351776e-006 1.31532317e-003 0. 6.22077100e-003 0.
    6.03602210e-004 0. 0. 0. 1.71085016e-003 0. 0. 0. 0. 1.02256332e-003
    2.58693215e-003 1.22900847e-002 0. 0. -1.32144836e-003 0.
    2.65887636e-003 5.50539000e-004 0. 2.45791464e-003 0. 0.
    6.57263561e-004 0. 4.28196450e-004 0. 1.08753168e-003
    3.04536708e-003 0. 0. 4.32879664e-003 0. 0. 0. 0. -7.82918360e-004
    5.29719575e-004 1.48643483e-003 -1.03553582e-003 0. 2.47972412e-003
    0. 0. 3.50488746e-003 -1.97763694e-003 0. 0. -1.42023573e-003 0. 0.
    0. 0. 2.76904297e-003 0. 0. 0. 0. 4.24083933e-004 4.07006638e-003 0.
    5.78778563e-003 0. 0. 6.38554455e-004 0. 3.67255509e-003
    -3.60274664e-003 0. 0. 0. 0. 4.92572843e-004 2.53197504e-003 0.
    -2.92511570e-004 1.93692232e-003 2.65721418e-003 0. 0. 0. 0.
    3.26048641e-004 1.72636297e-003 -8.86459020e-004 -1.02974463e-003 0.
    0. 0. -8.89879360e-004 0. 0. 0. 5.82084991e-003 0. 8.36026971e-004
    0. 9.93234222e-004 1.91143330e-003 0. -2.13936693e-003
    -8.94999364e-004 4.97349398e-003 0. 0. 1.28186971e-003 0.
    1.84761942e-003 4.39233240e-003 -6.63904590e-004 1.96635281e-003
    1.47295906e-003 0. 4.80278023e-003 0. 1.26966916e-003 0.
    6.29765959e-003 2.49742588e-004 0. 0. 2.66869739e-003
    -9.92896035e-004 0. 0. 0. 0. 7.87909317e-004 0. 6.03339821e-003 0.
    4.60636616e-003 0. 0. 2.06897222e-003 0. 6.01475220e-003 0. 0. 0. 0.
    0. 3.20260203e-003 0. 4.80200537e-003 2.72715511e-003 0. 0. 0.
    8.41689575e-003 0. 0. 0. 0. 3.63287004e-003 0. 0. 0. 0. 0.
    5.65248169e-003 2.50854273e-003 0. 0. 0. 0. 0. 0. 8.81674234e-004 0.
    0. 8.67271051e-003 0. 1.26048387e-003 0. 1.75981899e-003 0. 0. 0. 0.
    6.21762825e-003 0. 1.32275303e-003 0. 2.04006024e-003 0.
    5.03050513e-004 3.71461199e-003 1.20425248e-004 4.40653646e-003
    1.76633708e-003 3.46457516e-003 0. 0. 1.56202633e-003
    2.76614935e-003 0. 0. 0. 0. 0. 0. 0. 5.87761123e-003 0. 0. 0. 0. 0.
    0. 0. 0. 0. 0. 0. 1.13266672e-003 1.99687737e-003 7.65491161e-004 0.
    0. -1.98182825e-004 0. 0. 1.24764931e-003 0. 2.39716168e-003 0. 0.
    3.93542135e-003 2.26583239e-002 9.32348426e-004 2.84371967e-003 0.
    0. -3.23042652e-004 2.05080211e-003 0. 3.75320925e-003
    5.12539002e-004 0. 1.49246329e-003 2.60490668e-003 0. 0. 0.
    7.96062872e-003 0. 0. 0. 0. 0. 9.55400610e-005 0. 0.
    -7.20835465e-004 0. 0. 0. 2.67013395e-003 4.09741100e-004 0. 0. 0.
    0. 1.94693776e-003 0. 0. 1.71840028e-003 0. 0. 0. 0. 5.05299447e-003
    0. 0. 0. 0. 0. 4.07154788e-004 2.26419745e-003 0. 0. 0. 0.
    4.65087185e-004 3.84270935e-003 0. 0. 0. 0. 1.03661628e-003 0.
    4.44920268e-004 -2.61438021e-004 0. 0. -9.05863417e-004 0. 0. 0. 0.
    1.06226944e-003 5.10086247e-004 0. 0. 0. 0. 5.66132693e-003 0.
    2.47874507e-003 1.49215257e-003 2.54527899e-003 1.83227251e-003 0.
    0. 1.20807008e-003 1.57233961e-002 0. 1.93154521e-003
    1.06921676e-003 0. 0. 0. 1.10077625e-002 1.26773946e-003
    2.68215942e-003 0. 0. 0. 0. 0. 0. 0. 0. 0. 0. 0. 0. 0. 0.
    3.54492874e-003 3.30529991e-003 0. 3.99326300e-003 5.42015489e-003
    4.26363759e-003 8.10366910e-005 0. 0. 4.95299790e-003
    3.78549285e-003 1.18066138e-003 0. 0. 2.45378329e-003
    9.64155828e-004 0. 0. 0. 0. 0. 8.71157460e-003 0. 0. 0. 0.
    4.83050430e-003 1.62033277e-004 0. 3.89914436e-004 4.31118859e-003
    5.80523396e-004 0. 5.92181413e-003 -3.21450457e-003 0. 0. 0. 0.
    9.61019006e-003 0. 1.78760744e-003 2.53646402e-003 -7.78511167e-004
    5.16395969e-003 0. 0. 0. 0. 4.22330620e-003 0. 0. 0. 0.
    -3.68747016e-004 0. 0. 0. 0. 2.91319215e-004 0. 1.02318253e-003
    2.67093210e-003 0. 0. 0. 0. 0. 0. 2.19515478e-003 0. 5.82054490e-004
    0. 9.80598573e-003 0. 0. 0. 1.51532060e-002 5.37474826e-003 0. 0. 0.
    0. 0. 0. 5.56665054e-003 0. 0. 0. 3.15844221e-003 0. 4.99704061e-003
    0. 0. 8.79429653e-003 -6.56432472e-004 0. 5.35939913e-003
    -2.14622560e-004 0. 0. 0. 4.10989299e-003 -7.62167387e-004
    1.10689970e-003 9.72960610e-004 0. 0. 0. 0. 1.66623341e-003 0. 0. 0.
    0. 2.38936581e-003 0. 0. 0. 0. 6.01931335e-003 0. 0. 3.03572416e-003
    0. 0. 0. 0. 1.29124625e-002 0. 0. 1.19824498e-003 0. 0. 0. 0. 0. 0.
    0. 0. 0. -8.61414999e-004 1.01173506e-003 1.57928979e-003
    4.28785774e-004 3.16185690e-003 -2.29350611e-004 1.51733030e-003 0.
    3.30430898e-003 1.30099000e-003 0. 0. 4.95755998e-003 0. 0. 0.
    3.17784585e-003 0. 0. 5.46324067e-003 5.59418520e-004 0. 0. 0. 0.
    1.60585449e-003 0. 0. 0. 2.44746450e-004 0. 0. 0. 3.75243090e-003 0.
    0. 3.23618692e-003 0. 0. 6.48900983e-004 0. 5.31095685e-003 0.
    2.67792773e-003 0. 0. 3.38350446e-003 0. 2.55491934e-003 0. 0. 0. 0.
    0. 0. 0. 0. 2.80826027e-003 0. 0. 0. 0. 0. 0. 0. 0. 1.38001831e-003
    6.05627056e-003 0. 1.15742395e-003 0. 3.56042082e-003 0. 0.
    1.90069177e-003 0. 2.23805569e-003 2.78652064e-003 0.
    2.82228040e-003 0. 0. 2.14302796e-003 0. 0. 0. 0. 0. 0.
    2.78383866e-003 3.78098991e-003 0. 0. 0. 0. 0. 0. 3.72366374e-003 0.
    0. -1.20998442e-003 3.61975352e-003 0. 0. 0. 0. 0. 0. 0.
    8.21674825e-004 3.01155658e-003 1.10593531e-002 0. 0. 0.
    1.26058806e-003 0. 4.04408202e-003 3.03523964e-003 3.22747021e-003
    0. 0. 3.12684709e-003 0. 7.32476241e-004 0. 0. 0. 2.53169821e-003 0.
    -4.72023065e-004 0. 5.43090887e-003 0. 0. 1.78700336e-003
    -9.71256173e-004 0. 0. 1.91174645e-003 1.98238902e-003 0. 0.
    1.59237664e-002 1.26516214e-003 3.35049746e-003 3.17029469e-003 0.
    0. 2.81378371e-003 0. 0. 0. 0. 4.18969477e-003 0. 1.51292828e-003 0.
