<?xml version="1.0"?>
<opencv_storage>
<imageDescriptor type_id="opencv-matrix">
  <rows>1</rows>
  <cols>1000</cols>
  <dt>f</dt>
  <data>
    1.02760606e-002 0. -8.13512073e-004 5.61487675e-003 1.92634482e-003
    1.23443259e-002 -1.82417629e-004 5.82084665e-003 -5.17972861e-004 0.
    7.08834501e-003 -6.63146784e-004 0. 0. -2.75357801e-004 0. 0.
    1.38962234e-003 2.41215387e-003 5.73344808e-003 0. 0. 0.
    5.57591626e-003 0. -5.53654791e-005 0. 2.79601826e-003 0. 0.
    8.80818069e-003 0. 0. 0. 0. 0. 4.29215701e-003 7.65888137e-004 0.
    -3.62139690e-004 0. -1.03013252e-003 0. 4.06858802e-004 0.
    6.19910890e-003 5.43095544e-003 0. 3.98417749e-003 6.20349951e-004
    5.63035998e-003 1.09115231e-003 0. 6.42536161e-003 0. 0. 0.
    -1.35917240e-003 0. 0. 0. 0. 0. 4.40178439e-003 0. 0. 0. 0.
    7.84576754e-004 2.64545553e-003 0. 0. 7.46053923e-003 0. 0.
    -1.14988165e-004 8.71284807e-004 0. 0. 6.95908396e-003 0. 0. 0. 0.
    9.36956052e-003 0. -7.51789717e-004 4.90833819e-003 0.
    2.20347010e-003 0. 1.78709091e-003 -5.33108541e-004 1.78561849e-003
    0. 0. -1.86574482e-003 3.25500895e-003 0. 6.97709108e-003 0. 0.
    6.02976372e-003 0. 8.39522283e-004 1.96806178e-003 0.
    3.53301456e-003 0. 3.66010616e-004 3.93517606e-004 0.
    9.73798160e-005 0. 4.32546576e-003 0. 4.45085997e-003
    1.03296572e-003 0. 0. 0. 0. 0. 1.20817125e-002 0. -1.36717828e-003
    0. 0. 0. 0. 1.77080778e-003 5.01960097e-003 0. 0. 0. 7.19933596e-004
    1.91466964e-003 0. 6.42908318e-003 0. 0. 0. 0. 0. 0. 0. 0. 0. 0.
    -1.18780161e-004 2.67355912e-003 1.98036991e-003 0. -5.32869075e-004
    -2.89769773e-003 0. 0. 9.76664480e-004 5.63305686e-004 0. 0. 0. 0.
    0. -8.61486013e-004 1.16605696e-003 8.95301171e-004 1.05907628e-002
    5.83588204e-004 7.71799535e-007 0. 0. 0. 3.12211178e-003
    -1.55505096e-003 1.92067702e-003 1.07735884e-003 3.15237441e-004 0.
    6.58590463e-004 0. 0. 1.26225094e-003 1.15554244e-003 0. 0.
    5.10308845e-003 1.92753959e-003 1.19905872e-003 0. 9.18810954e-004
    7.97988847e-003 0. -9.11301409e-004 5.29085239e-003 0.
    -1.26182020e-003 1.22843927e-003 3.76339623e-004 1.71757257e-003 0.
    -5.43003262e-004 0. 0. 0. 0. 0. 0. 0. 0. 0. -1.83970924e-003 0. 0.
    4.86410921e-004 0. 7.33992842e-004 0. 4.81132977e-003 0. 0.
    1.51933206e-003 0. 0. 2.45812093e-003 0. -9.87470266e-004
    2.52231699e-003 0. 0. 0. 9.45979031e-004 1.17069413e-003 0.
    -1.69028388e-003 0. 0. 0. 0. 0. 0. -1.41160237e-003 -2.93178309e-004
    0. 5.98752638e-003 1.87264767e-003 -1.07333797e-003 9.04891081e-003
    4.22948925e-003 1.56439655e-003 4.19927615e-004 2.00114795e-003
    9.09027352e-004 7.34053319e-003 1.77558907e-003 7.42525386e-004
    4.45109326e-003 6.16608560e-003 0. 0. 3.50485020e-003
    4.90302127e-003 0. 1.81904761e-004 0. 0. 8.95254954e-004 0. 0. 0.
    2.03535100e-003 0. 6.38629426e-004 0. 4.59016487e-003 0. 0. 0.
    2.85535119e-003 0. 5.01749164e-004 0. 2.52419431e-003 0. 0.
    6.29993016e-003 1.04408083e-003 6.52549439e-004 3.92370764e-003
    2.56657880e-003 1.50544650e-003 0. 0. 0. 0. 5.08548599e-003
    1.84930745e-003 1.65724801e-003 0. 1.66285422e-003 0.
    3.92667775e-004 0. -2.50244164e-004 -1.74641889e-003 0. 0.
    7.28086743e-004 5.89251809e-004 0. 0. 8.40440975e-004 0. 0. 0.
    9.84041253e-004 1.02817663e-003 0. 0. -1.67224428e-003 0. 0. 0. 0.
    1.04845990e-003 0. 0. 2.15679267e-003 0. 0. 0. 0. 1.28870446e-003
    -2.73369136e-004 0. -5.33150858e-004 2.46417592e-003 0.
    2.18869932e-003 0. 9.39114660e-004 0. 5.71878672e-007 0.
    2.59327539e-003 0. 2.11125356e-003 0. 3.31170195e-005
    2.04621442e-003 0. 0. 9.29473481e-006 2.67957407e-003 0. 0. 0.
    -5.58426662e-004 0. 0. 7.52209511e-004 0. 0. -2.37908005e-003
    1.72694959e-003 1.05362281e-003 3.87875619e-003 2.42630974e-003
    3.57318833e-003 0. 0. 0. 0. 0. 0. 2.60687200e-003 2.34096940e-003 0.
    5.81751985e-004 0. 9.11779515e-003 -7.60773313e-004 6.19232282e-003
    0. 2.13242974e-003 0. 0. 0. 0. 1.18510257e-002 0. 5.11275278e-003 0.
    -5.02586889e-004 0. 1.43677182e-003 -1.59424345e-003 0.
    -6.80372876e-004 0. 0. 0. 0. 0. 0. 0. 1.12683256e-003 0.
    7.58254144e-004 0. 9.17375874e-005 0. 2.78235530e-004 0. 0.
    7.34510459e-003 0. 0. 2.47702096e-003 0. 6.60962844e-003 0.
    -7.92144914e-004 0. 0. 6.28638023e-004 0. 4.57058940e-003
    7.89409387e-004 0. 0. 0. 6.51210733e-003 0. 3.68985790e-003
    2.67931027e-004 3.04513541e-003 0. 2.03837804e-003 -1.16268573e-004
    0. 3.30877490e-003 1.39694661e-003 0. 0. 0. 0. 0. -6.46536588e-004
    8.03375896e-003 4.36326256e-003 3.00111220e-004 0. 0. 0. 0.
    1.47244881e-003 3.61817540e-004 0. 1.39968181e-002 0. 0.
    2.84511689e-003 0. 6.07170630e-003 6.10549049e-003 0.
    7.62273907e-004 0. 0. 7.39079260e-004 0. 0. 0. -4.91490820e-004
    -2.67430267e-004 0. 0. -1.42643694e-003 1.41033041e-003 0.
    -1.40861794e-003 0. 0. 0. 3.38971079e-003 0. 4.14073747e-003
    1.31263456e-003 0. 0. 1.83413469e-003 0. 4.93128039e-003
    4.55522537e-003 1.60377438e-003 -8.75633676e-004 1.68694509e-003 0.
    0. -1.35656213e-003 0. 0. 0. -9.95354203e-005 1.77004852e-003 0. 0.
    1.52286171e-004 4.16712416e-003 0. 0. 0. 0. 2.86720722e-004 0.
    4.93376050e-004 0. 0. 3.47155845e-003 0. 5.51584642e-003 0.
    8.57188459e-003 0. 0. 0. 0. 2.21349474e-004 0. 0. 2.59181694e-003 0.
    -1.47834755e-004 7.91599101e-004 4.07893583e-003 3.82078695e-003
    -8.83831817e-004 7.66894897e-004 -5.56749059e-004 3.21454881e-003
    3.06876353e-003 0. 0. 0. 0. 0. 3.01921065e-003 -2.38635205e-003 0.
    1.65668153e-003 0. 0. 6.89282268e-003 0. 0. 0. 8.80394728e-005
    1.55842258e-003 -8.73708632e-005 4.79473639e-003 0. 0.
    -1.33261189e-003 2.01942539e-003 -1.69418912e-004 7.40239490e-003 0.
    0. 1.86366565e-003 2.98410829e-004 0. 0. 0. 0. 3.42412759e-003 0. 0.
    8.09519179e-003 0. 0. -5.04908268e-004 3.82796838e-003 0.
    1.68645149e-003 5.04934182e-003 -3.27062269e-004 0. 9.45972919e-004
    6.13322901e-003 0. 1.48683563e-002 -9.67108062e-004 1.71129708e-003
    0. 0. 0. 1.41213601e-003 1.10092666e-003 0. -9.17745056e-004 0. 0.
    0. 0. 2.61931634e-003 0. 0. 0. 0. 0. 0. 0. 0. 0. 0. 0.
    5.91383502e-003 0. 0. 6.38149097e-004 0. 0. 4.75273794e-003 0.
    5.94190136e-003 -2.07694434e-003 0. 0. -2.98327970e-004 0. 0. 0.
    6.00107480e-004 6.65144529e-004 0. -3.43535765e-004 0.
    4.95871296e-003 0. 0. 0. 0. 0. 3.14062345e-004 6.37582876e-003 0. 0.
    0. -7.26221770e-004 0. 1.32240914e-003 1.23713817e-003 0. 0. 0.
    5.44670550e-003 2.70036934e-003 4.99557843e-003 0. -9.45861611e-005
    0. 0. 2.85952538e-003 3.43776075e-003 -5.33256447e-004 0. 0.
    6.72130613e-004 0. 0. -4.90610080e-004 1.98697136e-003
    2.00349558e-003 1.48337532e-003 1.14893727e-003 4.32582945e-003 0.
    0. 0. 4.58122086e-004 3.87612707e-003 0. 0. 0. 5.82766626e-003
    1.15526491e-003 0. 3.91172245e-003 0. 5.66057861e-003 0.
    2.82788416e-004 0. 0. 7.21246516e-003 0. 2.63120793e-003
    -3.84905987e-004 2.63226630e-005 0. 0. 0. 0. 0. 0. -6.47975656e-004
    0. 0. 0. -4.60502597e-005 0. -1.55894741e-004 0. 6.64609531e-003
    9.99966142e-005 0. 0. 0. 0. 1.47316628e-003 0. 0. 8.01160408e-004
    -1.67523930e-003 2.34628376e-003 0. 2.47787288e-003 5.05919289e-003
    -6.04750169e-003 0. 0. 0. 0. 0. -6.54036470e-004 0. -3.76882934e-004
    0. 0. 0. 0. -1.72170359e-004 1.30143100e-002 0. 0. 0. 0.
    4.22950881e-003 0. 1.56530004e-003 0. 0. 5.36122127e-003 0. 0.
    -2.68257398e-004 0. 0. 2.14938400e-003 3.42129776e-003 0.
    9.76571348e-003 0. 0. 0. 1.56818260e-003 0. 1.75681256e-003 0.
    -1.69687602e-003 0. 0. 1.09171066e-002 0. 0. 1.39733008e-003 0. 0.
    0. 0. 0. 1.38822536e-003 4.43372037e-003 0. 0. 0. -1.17115409e-003
    0. 0. 0. 5.59596112e-003 0. 0. 0. 0. 2.32984219e-003 1.42222166e-003
    0. 0. 0. 0. 1.19785285e-002 6.49138214e-003 0. 0. 0. 7.10502779e-003
    0. 5.27940974e-005 0. 0. 1.50368810e-002 0. 4.97088674e-003 0.
    8.25438256e-005 0. 1.28708628e-003 8.35598633e-003 0. 0.
