<?xml version="1.0"?>
<opencv_storage>
<imageDescriptor type_id="opencv-matrix">
  <rows>1</rows>
  <cols>1000</cols>
  <dt>f</dt>
  <data>
    5.55634615e-004 1.19545618e-002 0. 0. 0. -3.56450590e-004
    -2.00493610e-003 7.41480663e-003 0. 0. 0. 0. 0. 0. 0.
    1.69766112e-003 2.47108750e-003 0. 0. 0. 0. 2.28074859e-004 0.
    9.10269155e-004 0. 0. 0. 0. -2.02519484e-004 0. 0. -4.29578678e-004
    1.28338579e-003 4.15328145e-003 0. 9.20201361e-004 1.09348667e-003
    4.84280149e-003 0. 2.72110687e-003 5.86027373e-003 9.15471744e-003
    1.28723942e-002 0. 0. 8.81834712e-004 5.14848810e-003 0. 0. 0.
    3.70499911e-003 -1.31649757e-003 0. 0. 5.58757689e-003 0. 0. 0. 0.
    0. 0. 0. 0. 0. 0. 1.60253886e-002 -3.10848467e-003 0. 0. 0. 0.
    7.48900406e-004 3.59705929e-003 2.72195507e-003 0. 0.
    2.22426513e-003 0. 2.90313805e-003 3.55503848e-003 1.72577461e-003
    0. 0. 0. 2.98318482e-004 0. 0. 0. 0. 0. -2.27145362e-003 0.
    4.24704142e-003 0. 0. -1.09212147e-003 1.91926002e-003
    5.19661279e-003 0. 0. 0. 0. 0. -1.33156870e-003 2.14556814e-003 0.
    3.21331230e-004 0. 2.97799153e-004 0. 0. 0. 0. 0. -4.27604391e-004
    0. 0. 0. 0. 0. -1.09223544e-003 1.61727925e-003 0. 1.44129372e-004
    0. 0. -1.79501949e-003 0. 0. 2.74559204e-003 0. 1.59749249e-003
    4.13349480e-004 0. 2.36659311e-002 4.36781486e-003 0. 0.
    1.96456863e-003 0. 1.84144673e-003 4.57407068e-003 2.35730084e-003
    0. 7.24722195e-005 0. 7.90358894e-003 -1.06465525e-003 0.
    1.79215986e-003 2.07814458e-003 0. 0. 0. 0. 2.08681147e-003 0.
    -2.22551331e-004 0. 4.17858455e-003 0. 7.06412829e-003 0. 0.
    1.13102896e-002 7.62530789e-003 1.19565695e-003 0. 0. 0.
    5.99067472e-003 0. 0. 0. 0. 0. 0. 3.99871171e-003 5.87158231e-003 0.
    0. 0. 1.42278953e-003 0. 0. 4.46746405e-003 0. 2.69162585e-003 0. 0.
    0. 0. 0. 0. 6.45192480e-003 0. 0. 2.93668848e-003 0. 0.
    5.03314892e-003 0. 3.92628461e-003 0. 0. 7.92214822e-004 0. 0. 0. 0.
    0. 1.77245040e-003 0. 0. 1.01620471e-002 0. 0. 0. 0. 0. 0. 0. 0. 0.
    0. 0. 0. 4.58753109e-003 0. 0. 0. 3.56628443e-003 -3.95972794e-003
    4.97573463e-004 0. 3.26003414e-003 2.43930306e-004 0. 0.
    -2.95417878e-004 0. 1.50094158e-003 0. 0. 0. 0. 2.68919254e-003
    9.85147525e-003 2.08781706e-003 1.54796464e-003 1.49091883e-002 0.
    2.97634368e-004 2.98391824e-004 0. -2.33091554e-003 0. 0.
    3.46414163e-003 0. 0. 0. 2.39268271e-003 0. -9.11801180e-004 0. 0.
    0. 5.52297523e-003 0. 2.98222946e-003 0. 8.03646445e-003
    -1.13770983e-003 0. 0. 0. 0. 0. 1.09766498e-002 0. 0. 0.
    -1.24757132e-003 0. 0. 0. 0. 0. 0. 1.69001764e-003 0.
    2.84343900e-004 4.51869657e-003 1.46915449e-003 0. 2.10669008e-003
    0. -1.80838536e-003 0. -1.26885890e-003 0. 0. 0. 2.68564909e-003
    2.16426654e-003 0. 0. 1.13091373e-003 0. 0. 0. 4.69903322e-003
    -2.90248054e-003 0. 1.31413399e-003 -4.44300612e-003 0.
    2.20801285e-003 0. 0. -1.42294040e-004 0. 3.93813336e-003 0. 0. 0.
    0. 0. 0. 0. 0. 1.06359795e-002 0. 0. 0. 0. 1.92402652e-003 0. 0. 0.
    0. 0. 0. 9.33260948e-004 0. 3.34138586e-003 0. 0. 0. 2.69757351e-003
    9.10544011e-004 0. 6.22936338e-003 0. 0. 0. 2.30668971e-004 0. 0. 0.
    1.10606430e-002 0. 0. 0. 0. 0. 0. 0. 5.41425310e-003 0. 0. 0. 0. 0.
    0. 0. -9.07780428e-004 0. 0. 9.09804949e-004 0. 0. 0. 0. 0. 0. 0. 0.
    0. 0. 0. 0. 0. 0. 1.39250082e-003 4.16954135e-004 -1.69666178e-004
    0. 0. 0. 0. 0. -1.37937127e-003 3.78282066e-003 0. 0.
    -8.27510317e-004 1.46900502e-003 1.44415814e-002 9.05852707e-004
    2.65047536e-003 0. 1.58843747e-003 0. 7.45680276e-003 0. 0.
    1.37688738e-004 0. 0. 1.30035856e-003 1.56322389e-003 0.
    1.32503000e-003 1.79607305e-003 0. 0. -9.16293240e-004
    -4.98705369e-004 2.29056505e-003 0. 0. 2.38340185e-003
    1.44276151e-003 1.65270048e-003 7.14541366e-003 4.58622910e-003
    -9.61140267e-006 0. 0. 3.65657033e-003 9.51807946e-003 0. 0. 0. 0.
    0. 0. 1.19512307e-003 3.21860961e-003 0. 0. 8.31851445e-004
    4.74235183e-003 0. 1.68980949e-003 3.70484497e-003 0.
    1.91381876e-003 0. 0. 9.64654982e-003 -2.07108489e-004
    4.56391275e-003 0. 5.40917926e-003 0. 0. 0. 0. 0. 4.42988647e-004 0.
    0. 0. -5.69109572e-004 0. 5.05283126e-004 2.34236452e-003
    3.11182789e-003 0. 0. 0. 0. 0. 3.66057549e-003 0. 0. 0.
    1.33735931e-003 0. 0. 0. -9.21430939e-004 0. 0. 0. 0. 0. 0. 0. 0. 0.
    0. 2.66596302e-003 4.70600184e-003 -1.21442962e-003 0.
    -3.83822317e-003 0. 2.33305548e-003 0. 0. 0. -1.44038378e-004
    1.26913106e-002 2.54494284e-004 0. 0. 1.49200682e-003
    1.14476271e-002 0. 2.41269893e-003 0. 0. 0. 0. 0. 4.53729089e-003 0.
    0. 0. 0. 0. 0. 6.99938100e-004 0. 0. 0. 0. 1.69484760e-004 0. 0.
    2.81631128e-005 0. 0. 0. 0. 0. 2.94074509e-003 0. 8.17477936e-004 0.
    0. 0. 0. 0. 1.51930656e-003 0. 1.93957076e-003 2.73562549e-003 0. 0.
    0. 0. 0. -4.00704972e-004 0. 1.97092677e-003 0. -8.63843015e-004
    2.77293916e-003 1.22275524e-004 5.22985263e-003 3.84214963e-003
    1.27251225e-003 3.61275161e-003 2.16618134e-003 4.06125560e-003 0.
    0. 0. 0. 5.71259484e-003 0. -3.57557001e-004 4.42811241e-003 0. 0.
    0. 0. 9.02663334e-004 0. 3.57450708e-003 0. 0. 0. 0. 0. 0.
    1.56337966e-003 0. 0. 2.18435260e-003 0. 0. 6.87366631e-003 0.
    5.84026985e-003 0. -5.00829250e-004 0. 0. 0. 0. 0. 1.55841035e-003
    0. 7.12260138e-003 0. 0. 0. 2.68518506e-003 1.63578559e-002
    4.14280035e-003 0. 2.91070831e-003 0. 0. 0. -3.52032878e-003 0. 0.
    0. 4.39624349e-003 0. 0. 0. 0. 0. 0. 3.06595000e-003 0.
    2.99703539e-003 2.21341359e-003 0. 0. 0. 0. 0. 2.10702466e-003 0.
    2.33660243e-003 9.00873635e-003 1.94751716e-003 0. 0.
    -1.70679495e-003 2.51427246e-003 0. 1.29394280e-003 0. 0. 0.
    -1.43337966e-004 0. 0. 0. 0. 1.03434362e-003 0. 1.38705177e-003 0.
    2.85468623e-003 0. 0. 3.28026223e-003 0. 0. 0. 0. 0. 3.06349248e-003
    0. 3.52230133e-003 2.49099522e-003 1.86322979e-003 0. 0. 0. 0. 0. 0.
    0. 0. 5.23791183e-003 -3.00971675e-004 0. 0. 0. 0. 0. 0. 0. 0.
    3.79145471e-003 0. 1.31309777e-003 0. 0. 0. 5.15610585e-003 0. 0.
    1.63329858e-003 4.96145990e-003 2.59682559e-003 0. 0. 0. 0. 0. 0. 0.
    3.95179819e-003 0. 0. -1.11145526e-003 7.38561212e-005
    -2.72002566e-004 0. 0. 0. 0. 0. 0. 0. 0. 1.84809056e-003 0. 0.
    4.71197709e-004 0. 0. 0. 0. 0. 5.87844849e-003 -2.48713023e-003 0.
    0. 0. 0. 0. 0. 0. 1.59664471e-002 -3.27742659e-004 0. 0. 0.
    6.23329030e-003 0. 0. 1.05730919e-002 2.14873720e-003
    1.52165350e-003 0. 0. 3.08749662e-003 0. 0. 0. 0. 7.07482977e-004 0.
    0. 2.32485379e-003 2.54842453e-004 0. 2.60795787e-004
    1.09217479e-003 1.36613362e-002 0. 0. 0. 0. 3.06104030e-003
    5.32704685e-003 0. 0. 0. 0. 0. -8.76626927e-006 1.31141033e-003 0.
    0. 0. 0. 6.28450932e-003 0. 2.73572584e-003 0. 0. 0. 0. 0.
    9.71480552e-003 8.65882169e-003 0. 0. 2.67568999e-003
    4.70340066e-003 1.84116501e-003 0. 0. 0. 0. 7.15470780e-003
    2.31556059e-003 5.26160421e-003 0. 1.06291613e-003 0. 0.
    1.23528764e-003 0. 0. 0. 0. 0. 0. 7.54616107e-004 0. 0. 0.
    -3.17500834e-003 0. 0. 0. 0. 0. 0. 4.07688459e-003 1.82730367e-003
    0. 4.76982357e-004 1.29031134e-003 0. 0. 0. 0. 0. 0. 0.
    7.93666299e-003 -3.52947594e-004 0. 0. 0. 0. 7.98511028e-004 0. 0.
    8.73641204e-003 1.57814310e-003 0. 0. 0. 0. 4.91193263e-003 0. 0. 0.
    0. 0. 6.09353138e-003 0. 0. 0. 0. 0. 2.93155410e-003 0. 0.
    4.80779214e-003 0. 7.04666739e-003 1.39549393e-002 0.
    7.38934055e-003 2.68817367e-003 -1.31477567e-003 0. 0. 0.
    -8.36199208e-004 -7.06742634e-004 0. 1.80106889e-002 0. 0. 0. 0. 0.
    0. 0. 0. 6.70674816e-003 0. -3.12729739e-004 0. 1.01914874e-003
    6.99986238e-003 1.98032823e-003 0. 0. 0. 0. 1.17810182e-002 0. 0. 0.
    0. 0. 0. 0. 0. 0. 0. 0. 0. -9.37534060e-005 0. 7.12223025e-003 0. 0.
    -2.92099919e-003 6.45388570e-003 0. 3.18396115e-003 0. 0. 0. 0. 0.
    0. 0. 0. 5.24724182e-003 0. 0. 0. 0. 0. 0. 0. 0. 0. 0.
    2.63697095e-003 0. 0. 0. 0. 0. 0. 0. 0. 0. 0. 0. 2.55510071e-003 0.
