<?xml version="1.0"?>
<opencv_storage>
<imageDescriptor type_id="opencv-matrix">
  <rows>1</rows>
  <cols>1000</cols>
  <dt>f</dt>
  <data>
    0. 2.02597957e-003 2.89159850e-003 0. -6.53077790e-004 0. 0.
    9.71772184e-004 2.44528241e-003 0. 0. 0. -7.98420224e-004
    2.85611558e-003 0. 0. 1.94133283e-003 0. 0. 0. 0. 0. 1.49408868e-003
    0. 2.44247867e-003 1.15318887e-003 0. 0. 2.75571551e-003 0. 0.
    4.72922716e-003 0. 9.18228272e-003 0. 1.59073214e-003 0. 0. 0. 0. 0.
    0. 0. 1.54553889e-003 1.38223433e-004 0. 0. 2.43771402e-003 0. 0.
    7.76056026e-004 0. 0. 0. 0. 5.43528702e-003 0. -1.28426298e-004
    -5.75858052e-004 2.47931271e-003 8.56748316e-004 0. -1.48496925e-004
    0. -1.03622086e-004 0. 0. 0. 0. 0. 0. 0. 0. 6.14782050e-003
    1.68737641e-003 2.25039851e-003 2.39249365e-003 3.18021514e-003 0.
    0. 4.35199402e-003 0. 5.92662068e-003 6.85769692e-003
    3.75875086e-003 0. 2.35081138e-003 0. 2.72041862e-003
    3.67546943e-003 -5.87994000e-004 6.53768016e-004 0. 7.21504737e-004
    0. 2.28077359e-003 -2.05706092e-004 0. 2.29151594e-003
    5.95240807e-003 0. 0. 3.51136667e-003 0. 0. 2.84384587e-003 0.
    1.70035346e-003 1.04400632e-003 9.23626940e-004 3.94701114e-004
    3.47882044e-003 3.43921385e-003 0. 1.66706217e-003 0.
    -2.01431918e-003 2.92152911e-003 2.00155409e-004 0. 4.80337255e-003
    2.33037677e-003 0. 0. 0. 1.88799470e-003 0. 3.10310046e-003 0.
    9.59841476e-004 1.70882512e-002 0. 0. 0. 0. 0. 0. 4.31223027e-003 0.
    0. 2.44857953e-003 0. 0. 3.54926829e-004 1.56376662e-003 0. 0.
    1.27493944e-002 0. 0. 1.46216876e-003 1.11675018e-003
    1.25543762e-003 2.75653205e-003 0. 0. -8.31751240e-005
    2.66464980e-004 7.22868554e-003 0. -1.22749794e-003 5.19085769e-003
    0. 0. 0. 0. 1.21320016e-003 1.52832770e-003 0. 2.68054940e-003
    -1.21009990e-003 0. 0. 2.00630369e-004 0. -8.77168262e-004
    1.25586390e-002 2.30409997e-003 5.26275579e-003 7.57613266e-003 0.
    -6.18421705e-004 0. -5.71782439e-005 4.82881581e-003 1.65719294e-003
    0. 0. 0. 2.55436567e-003 0. 0. 4.66946186e-003 0. 0. 0.
    5.38622681e-003 0. 2.44257343e-003 0. 2.33829115e-003
    1.05936197e-003 -3.63502931e-003 0. 0. -5.26422285e-004
    1.95404887e-003 0. 2.66157417e-003 0. -6.87590858e-004 0.
    2.94606644e-003 0. 3.09350411e-003 0. 0. 0. 1.07477105e-003 0.
    6.30994095e-003 0. 0. -1.16176123e-003 0. 0. 6.32809661e-003 0. 0.
    2.07975064e-003 0. 3.72858881e-003 1.11829061e-002 1.76737225e-003
    0. 0. -2.37357512e-004 0. 0. 0. 0. 0. 0. 0. 7.61477451e-004 0.
    7.20416254e-004 -1.71222468e-003 0. 0. 9.36915458e-004 0.
    4.67885344e-004 0. 0. 4.01836849e-004 0. 0. -8.38540611e-004 0.
    2.16556364e-003 0. -4.32174304e-004 0. 1.31220999e-003 0. 0. 0. 0.
    0. 0. 3.21586826e-003 0. 0. 0. 0. 0. -9.51792812e-004
    -4.88051191e-005 1.67402124e-003 8.77636310e-004 0. 0. 0. 0. 0. 0.
    -4.78112401e-004 0. 2.17629340e-003 0. 0. 1.75208633e-003 0.
    1.71525299e-003 0. 0. 0. 0. 1.83286576e-003 0. 0. 1.22663134e-003
    -3.75012925e-004 0. 0. 8.08178505e-004 0. 0. 0. 0. 1.66188355e-003
    0. 0. 3.43746459e-003 0. 1.24338467e-003 0. 0. 1.31609139e-003 0.
    5.36809501e-004 0. 0. 5.00042550e-003 0. 0. 0. 0. 1.69054884e-003 0.
    2.68663373e-003 0. 0. 0. 0. 0. 0. 0. 0. 5.22178225e-003 0.
    3.68939387e-003 -1.98531453e-003 1.79469946e-003 0. 0. 0. 0. 0.
    2.74147606e-003 1.00169482e-003 1.10187204e-004 0. 3.21459956e-003
    0. 0. 5.38037857e-003 0. 0. 1.93889719e-003 -2.86908634e-003 0. 0.
    3.16646369e-003 0. 0. 2.21903203e-003 -3.44755768e-004 0. 0. 0. 0.
    2.80998601e-003 0. 0. 8.58708518e-004 0. 0. 0. 5.52668283e-003 0. 0.
    0. 0. 0. 3.27866036e-003 4.34122194e-005 0. 0. 0. 4.27823886e-003 0.
    0. 0. -3.18312459e-003 0. 0. 2.70688254e-003 6.03016373e-003 0. 0.
    0. 0. 6.19184459e-003 0. 1.10274414e-003 0. 3.99796013e-003 0.
    4.04563406e-003 0. 0. 1.36285229e-003 0. -1.21832720e-003 0.
    1.65772513e-002 3.54337483e-003 3.48115060e-003 0. 0.
    1.91265089e-003 0. 0. 0. 0. -1.88465056e-003 0. 0. 1.94433965e-002
    2.79236282e-003 8.97009019e-003 5.78445150e-003 0. 0. 0. 0. 0. 0.
    1.68101702e-004 0. 1.33767724e-004 0. 1.27671857e-003 0. 0.
    1.01572636e-003 4.52518143e-004 0. 0. 0. 2.46182922e-003 0. 0.
    1.49802526e-003 0. -3.07021430e-004 0. 0. 0. 0. 0. 0.
    2.18030717e-003 0. 2.75040884e-003 0. 2.79807532e-003 0.
    7.39207084e-004 6.51621306e-003 0. 0. 0. 0. 0. 3.37257143e-003
    1.97574170e-003 0. 0. 0. 0. 1.33983197e-003 1.08859700e-003
    1.82957780e-002 2.46283511e-004 0. 0. -1.49179119e-004
    3.02747922e-005 1.20225386e-003 2.32745241e-003 4.35230089e-003 0.
    9.28228139e-004 0. 1.25596102e-003 -2.15336611e-003 0. 0.
    4.71789762e-003 2.79017002e-003 1.03973807e-003 0. 0. 0. 0. 0.
    3.63908266e-003 4.39275103e-003 0. 0. 2.66213669e-003 0. 0. 0. 0.
    3.78189201e-004 1.93844351e-003 0. 0. 0. -9.70627007e-004
    2.79233675e-003 0. 4.83665243e-003 0. 1.84599927e-003
    5.14002703e-003 0. 2.89430865e-003 0. 2.46992288e-003 0. 0.
    3.53127299e-003 -4.98263806e-004 0. -7.59298040e-004 0.
    3.72394547e-003 0. 0. -1.81457377e-004 0. 0. 9.20963648e-004 0. 0.
    0. 0. 0. 0. 0. 0. -6.50917471e-004 3.79560702e-003 2.55500735e-003
    0. 0. 5.42492513e-003 0. 0. 2.79917778e-003 2.50660814e-003
    4.63410374e-003 0. 0. 1.78957789e-003 0. 0. 3.02068936e-003 0.
    2.65950128e-003 0. 9.55132954e-003 1.21699728e-003 0. 0. 0. 0.
    2.93074548e-003 0. 3.84061551e-003 0. 5.02724573e-003
    -3.93730123e-003 2.16913037e-003 0. 4.94066742e-004 0. 0.
    8.66098609e-003 5.97711466e-003 0. 0. 0. 0. 1.03700638e-003
    1.58051890e-003 0. 0. 4.03240323e-003 5.23210177e-003 0. 0. 0. 0. 0.
    0. 0. 3.40786320e-003 1.01042155e-003 1.68287870e-003 0. 0. 0.
    1.93538552e-003 0. 1.52351493e-002 0. 0. 0. 0. 0. 0. 5.65560209e-003
    0. 0. 0. 5.83939138e-004 0. 5.01187006e-003 0. 0. 0. 0. 0. 0. 0. 0.
    0. 9.84297294e-005 0. 0. 1.07706385e-003 5.34648681e-003 0. 0.
    3.56174773e-003 0. 0. 0. 0. 0. 0. 0. 0. 6.30380725e-003
    5.35687525e-003 0. 0. 1.70787005e-003 0. 1.77696592e-003 0.
    1.94845756e-003 0. 0. 0. 0. -2.44870898e-003 0. 0. 0. 0. 0.
    -2.89054413e-004 0. 1.60930783e-003 7.05973618e-003 1.00727621e-002
    0. 0. -2.31192214e-003 -5.86180191e-004 0. 0. 1.38233276e-003 0.
    2.52582692e-003 1.14828553e-002 -4.72585298e-003 0. 5.74293314e-003
    0. 9.35867708e-003 0. 0. 6.56899938e-004 1.55885972e-003
    1.70880300e-003 0. 1.74390979e-003 1.64893491e-003 1.78561942e-003
    8.69379262e-004 4.80925191e-005 0. 9.62849124e-004 5.06933220e-003
    -2.12002592e-003 0. 0. 0. 0. 0. 0. 7.17199175e-004 3.80799756e-004
    2.51927692e-003 1.06624393e-002 0. 7.35603925e-003 0. 0. 0. 0. 0. 0.
    2.42351019e-003 8.72111507e-003 0. 4.10948694e-003 0.
    4.55579255e-003 0. 0. 0. 0. 0. -9.26321882e-005 0. 0. 0.
    2.83633848e-003 0. 0. 1.55107409e-004 0. 0. 0. 0. 0. 0.
    1.92912936e-004 0. 0. 0. 1.51329441e-003 6.65033236e-004
    4.41783248e-003 0. 0. 1.04540389e-003 0. 0. 0. 8.31232290e-004
    2.70289485e-003 0. 0. -9.77481366e-004 -3.04225570e-004
    6.08459697e-004 2.15013348e-003 0. 2.69816350e-003 1.56916108e-003
    0. 4.49324353e-003 0. 1.31922949e-003 8.09185952e-003
    3.78769240e-003 3.35501344e-003 0. 0. 0. 3.88951448e-004 0. 0.
    6.06276910e-004 0. 0. 0. 2.01991037e-003 6.57420722e-004 0.
    5.27916849e-003 0. -1.09686062e-003 0. 0. -4.69605322e-004
    2.63928599e-003 0. 0. 2.89948680e-003 0. 0. 0. 0. 0. 0. 0. 0. 0. 0.
    0. 0. 0. 2.81364266e-002 0. 2.29397742e-003 0. 0. 0. 1.70997181e-003
    0. 0. 0. 0. 0. 1.22996350e-003 7.81119987e-003 0. 0. 0. 0. 0.
    -2.21623588e-004 0. 1.43282441e-003 0. 0. 2.72724219e-003 0. 0. 0.
    3.30518582e-004 4.25273506e-003 1.75094162e-003 0. 0. 0.
    4.25084820e-003 0. -1.40220008e-003 1.71980020e-004 0.
    1.17812317e-003 5.17125754e-003 0. 5.58468420e-003 -2.74459453e-004
    0. 2.80720904e-003 0. 3.64266825e-003 0. 0. 0. -6.02115586e-004 0.
    0. 0. 0. 1.71015490e-005 1.37874694e-003 0. 5.08562371e-004 0. 0. 0.
