<?xml version="1.0"?>
<opencv_storage>
<imageDescriptor type_id="opencv-matrix">
  <rows>1</rows>
  <cols>1000</cols>
  <dt>f</dt>
  <data>
    1.75104171e-004 0. 0. 0. 6.75574935e-004 1.14620791e-003 0.
    8.61433742e-004 6.94992254e-004 0. 0. 1.17297680e-003 0. 0. 0.
    -3.71179602e-004 0. 4.84413700e-003 0. 0. 3.21298582e-003
    7.56867230e-004 0. 0. 0. -1.02069008e-003 3.71967413e-004 0. 0. 0.
    3.47539992e-003 3.30409780e-003 0. 6.38975622e-003 5.81154739e-003
    1.85529003e-003 1.84263813e-003 3.11704073e-003 2.21933564e-003 0.
    -6.70996553e-004 0. 0. 5.48009877e-004 -8.47662814e-005 0.
    3.16805067e-003 0. 0. 3.36488080e-003 2.86116061e-004
    8.75518483e-004 -5.92194963e-004 3.43392254e-003 0. -2.26606673e-004
    0. -5.31613419e-004 2.26453855e-003 0. 1.49183965e-003
    2.22393009e-003 0. 1.13652076e-003 4.61207097e-003 0.
    3.77464690e-003 0. 1.63792435e-003 5.42611629e-003 2.32664961e-003
    -1.21044205e-003 0. 0. 5.43154543e-003 3.02245095e-003 0.
    2.15934264e-003 0. 0. 8.72435485e-005 0. 1.29322492e-004
    5.49802789e-003 2.83888821e-003 -1.45408849e-004 0. 3.37414909e-003
    1.64864166e-003 0. 0. 0. 7.85982411e-004 5.58149815e-003
    -1.42882593e-004 1.76282879e-003 4.19211481e-003 9.61116748e-004
    -1.69866567e-003 3.06483149e-003 6.36560144e-004 8.09226185e-004
    1.19406897e-004 3.84867727e-003 0. 0. 0. -5.66104682e-005 0.
    1.32693367e-006 8.58440762e-004 -2.64967763e-004 1.23992155e-004
    6.53057778e-003 -4.34072899e-005 8.01105890e-003 8.72939127e-005
    3.02025722e-003 4.41904995e-004 1.09252695e-003 4.04285180e-004
    4.01642465e-005 1.37652364e-003 0. 0. 3.59982415e-003
    4.24949685e-003 0. 0. 0. 0. 0. -3.36435274e-004 3.48165398e-004
    1.26730744e-003 1.21929299e-003 0. -6.06494868e-005 5.33401454e-003
    2.13342207e-003 0. 1.92481838e-003 0. 0. 0. 2.42166687e-003
    6.59125450e-004 0. -2.92816258e-005 5.71854645e-004 0. 0. 0. 0. 0.
    0. 0. 2.75159534e-003 8.13784427e-004 0. -9.06316796e-004 0.
    1.74647477e-003 0. 4.32716496e-003 1.33303436e-003 1.57560559e-003
    5.18722809e-004 3.41328152e-004 -1.14432024e-003 0. 6.05018949e-003
    1.33954047e-003 0. 0. 4.75851150e-004 0. 0. 0. 1.59765396e-003
    1.16507057e-003 1.51491875e-003 0. -2.48152507e-003 1.08157005e-003
    1.36428408e-003 0. 0. -9.22661548e-006 6.50135335e-003
    -2.87397369e-003 -3.05397029e-004 5.40466048e-003 -1.09926926e-003
    4.01015772e-004 4.63002856e-004 0. -2.33795436e-004 9.34813917e-003
    1.71051081e-003 3.19331861e-003 -1.27763115e-003 1.28433364e-003 0.
    2.88465293e-003 1.66387751e-003 0. 3.21239396e-003 1.98030518e-003
    1.68610844e-004 0. 0. 4.34138812e-003 1.73023820e-003 0. 0.
    8.60911794e-004 0. 0. 1.35809800e-003 0. 0. 3.95008922e-003
    4.96631162e-003 0. 3.09359003e-003 0. 2.27855542e-003 0.
    1.71839842e-003 9.31457544e-005 0. 0. 9.79089295e-004
    4.61411523e-003 0. 0. 1.64936436e-003 0. 0. 4.10185239e-005 0.
    1.76283123e-003 7.22159108e-004 4.59997170e-003 0. 3.53783864e-004
    3.58366477e-003 0. 4.67424048e-003 0. 6.85938110e-004
    4.82674863e-004 3.17950523e-003 1.36855734e-003 9.16714052e-005
    1.04173901e-003 0. -7.80317001e-004 1.39832264e-004 0. 0.
    -3.50368180e-004 6.23947382e-003 0. 0. 0. 0. 0. 0. 0. 0.
    1.60746439e-003 9.18874459e-004 3.10773496e-003 3.43051855e-003 0.
    0. 0. 3.45171732e-003 0. 0. -6.63009196e-005 0. 0. 0.
    3.42355832e-003 2.16395385e-003 0. 0. 3.92827578e-003 0. 0. 0.
    3.85665242e-003 4.40047646e-004 0. 8.54460231e-004 6.86280953e-004
    0. 5.67839993e-003 1.25919748e-003 1.15780474e-003 0. 0. 0. 0.
    3.73541152e-005 -1.30144367e-003 0. 0. 8.34136095e-004 0.
    -7.63167860e-004 -5.55727980e-004 0. 5.78857120e-003 3.12363001e-004
    2.17100629e-003 0. 0. 5.51065546e-004 1.15353325e-002
    1.75009610e-003 4.38118447e-003 0. 1.55313604e-003 2.83147860e-003
    2.10799207e-003 0. 0. 2.91971257e-004 6.85890345e-003
    4.36489610e-003 0. 0. 1.91951415e-003 -2.14454616e-004
    1.14980864e-003 1.14598253e-003 0. 0. 0. 0. 0. 0. 1.26156420e-003 0.
    1.16902549e-004 0. 9.72020731e-004 2.78083165e-003 5.26188815e-004
    0. -8.37073952e-004 5.61395311e-004 5.35423635e-004 0. 0.
    9.84901912e-004 0. 0. 1.17528171e-003 5.38510270e-003 0. 0.
    9.47049703e-005 6.42450119e-004 3.99525184e-003 3.59056564e-003
    7.02410180e-005 9.10949369e-004 2.21131882e-003 0. 0.
    1.97840083e-004 3.16677918e-003 0. 1.48577187e-002 2.39013252e-003
    0. 0. 0. 7.89295696e-003 0. 5.36000705e-004 -7.76646426e-004
    1.09789032e-003 1.61095336e-003 0. 0. 1.31439371e-003
    4.23026877e-003 0. 3.19927931e-003 0. -6.70195732e-005 0. 0. 0.
    1.39958411e-003 0. 0. 0. 2.99724005e-003 0. 0. 4.09706583e-004
    4.01242357e-003 1.01231970e-004 2.78954976e-004 1.29574782e-003 0.
    0. 8.14249448e-004 0. 5.54191507e-003 5.28141530e-003 0.
    9.77335847e-004 0. 2.47964403e-003 0. 2.25816621e-004
    2.47026968e-004 2.59507122e-003 2.13299660e-004 0. 0.
    9.93225351e-003 2.25123321e-003 1.81525305e-004 0. 0.
    1.09927391e-003 0. -8.88907351e-004 1.42004166e-003 -1.01931153e-004
    -5.99825464e-004 0. 0. 0. 4.17865580e-004 1.00795308e-003 0.
    4.53102775e-003 1.09163194e-003 0. 0. 5.72200748e-004 0.
    2.37226812e-003 1.40493654e-003 0. 0. 0. 6.39001187e-003
    9.74074763e-004 2.12147459e-003 3.43260332e-003 5.80121018e-003
    4.61896067e-004 0. 0. 0. 3.08151799e-003 9.65095125e-004 0. 0. 0. 0.
    1.24716409e-003 0. 0. 0. -4.84368502e-004 0. 0. 0. 0.
    1.31839406e-004 0. 0. 8.70172516e-004 2.94330274e-003
    6.81630627e-004 4.74480068e-004 0. 1.61545642e-003 0.
    7.02230819e-003 0. 4.80050128e-003 0. 0. 0. 0. 0. 0. 2.42073508e-003
    0. 6.39535254e-003 0. -1.38036063e-004 -4.18642448e-005
    -2.68530624e-004 1.15371088e-003 0. 2.71137711e-003 0.
    9.12219775e-007 3.32788361e-004 0. 0. 0. -1.10428559e-003 0.
    5.28439181e-004 4.23618499e-003 1.65864523e-003 1.16154121e-003
    8.58446510e-005 0. 0. 0. 0. 1.35964632e-003 0. 6.73794374e-003
    2.30194745e-003 0. 0. 0. 4.93239379e-003 1.24337466e-003
    8.06255674e-004 0. 0. 4.11887607e-003 0. -2.51370599e-003
    2.59322207e-003 8.45632399e-004 0. 0. 0. -1.26612559e-003
    -5.68607240e-004 0. 0. 8.39508895e-004 0. 1.49197655e-003
    4.21430636e-003 2.22134474e-003 0. 0. 0. 0. -7.56912923e-005 0.
    4.72273538e-003 0. 0. 2.06665951e-004 -2.77079351e-004 0.
    7.95274682e-004 0. 1.12921791e-003 0. 2.88139773e-003 0. 0. 0. 0.
    -1.06342733e-004 3.42808751e-004 0. 3.50857177e-003 2.00622599e-003
    0. 4.50017862e-004 0. 9.78727825e-004 5.40378969e-003 0. 0.
    -2.90647545e-003 0. 0. 5.99956606e-004 0. 1.15090061e-003
    1.26440311e-003 0. 0. 0. 2.01709499e-003 3.22077097e-003
    1.36216299e-003 8.39472981e-004 1.40413363e-002 1.33651379e-003
    2.35305657e-003 0. 0. 0. 0. 1.51170278e-003 0. 7.75653811e-004
    2.04208982e-003 1.04124388e-002 0. 3.24460794e-003 0. 0.
    7.64659664e-004 1.02635741e-003 0. 0. -9.64545878e-004 0. 0.
    -4.72720887e-004 8.04329873e-004 1.69633317e-003 5.12992789e-004 0.
    9.32092604e-004 1.06299750e-003 0. 1.23314140e-003 7.34728342e-003
    0. 0. 0. 0. 0. 2.21024454e-003 3.06564081e-003 1.33793952e-003 0.
    1.82163448e-003 8.87412985e-004 0. 5.86556213e-004 2.23697023e-003
    0. 0. 2.39843549e-003 4.18107398e-003 4.85320808e-003 0.
    3.39883822e-003 0. 5.96239325e-003 0. 2.04749708e-003
    1.15485408e-003 0. -2.39651694e-004 6.76575955e-003 0.
    3.36593366e-003 1.21284556e-003 1.31039845e-003 7.30336469e-004
    4.21493984e-004 3.45879840e-003 0. 0. 9.16189398e-004
    1.06740533e-003 8.60161439e-004 -8.23261726e-005 8.68528674e-004
    5.07791853e-003 8.71705916e-003 1.01771136e-003 3.07352631e-003
    6.35232637e-003 5.05112763e-003 1.05665962e-003 0. 5.39060624e-004
    -2.99459934e-004 0. 0. 0. 0. 0. 1.29965530e-003 0. 0. 0. 0. 0. 0.
    1.45969365e-003 0. 6.70623151e-004 0. 5.24676405e-003 0. 0.
    3.08013265e-003 0. 0. -1.74343481e-003 0. 0. 6.44954271e-004
    5.77998580e-004 0. 2.57783249e-004 9.96985123e-004 0. 0. 0.
