<?xml version="1.0"?>
<opencv_storage>
<imageDescriptor type_id="opencv-matrix">
  <rows>1</rows>
  <cols>1000</cols>
  <dt>f</dt>
  <data>
    0. -1.73649995e-003 0. 0. 0. 1.08925877e-002 0. -4.51542292e-004
    -1.85441622e-003 4.50396241e-004 0. 6.76315045e-004 0. 0. 0. 0. 0.
    0. 0. 0. -3.32445379e-005 0. 2.98252970e-004 2.03312701e-003 0. 0.
    0. 0. 1.55614614e-002 0. 3.12570482e-003 0. 5.89366676e-003 0.
    1.16233714e-003 2.14928924e-003 6.15337770e-003 0. 0.
    4.74059954e-003 2.99507636e-003 6.12235582e-003 0. 2.33917250e-004
    0. -1.23612140e-003 1.63662725e-003 0. 1.41528388e-002
    -1.40448764e-003 0. 0. 0. 0. 0. 0. 0. 0. 0. 0. 0. 0. 0.
    1.57548441e-003 -9.27126152e-004 -2.12914124e-003 1.59925278e-002 0.
    0. 0. 0. 2.48753605e-003 0. 0. 0. 0. 0. 0. 0. 0. 0. 0. 0. 0. 0.
    4.11019847e-003 0. 8.21020082e-003 7.15240231e-003 0. 0. 0. 0. 0. 0.
    0. 4.26162471e-004 0. 0. 0. 0. 1.21874101e-002 0. 1.83369394e-003 0.
    6.59019104e-004 5.35479886e-003 0. 0. 0. -6.62815582e-004
    3.34547902e-003 0. 0. 1.78320523e-004 -4.56265989e-004
    2.17465591e-003 7.28195824e-004 7.91453384e-003 2.11998937e-003 0.
    0. 0. 1.82713009e-003 0. 4.94956179e-003 8.19147564e-003 0. 0. 0. 0.
    2.00221344e-004 0. 0. 9.23757383e-004 9.32377239e-004 0.
    -2.10351660e-003 0. 1.26793445e-003 0. 0. 0. 3.53477022e-004
    4.94490145e-003 7.81638082e-004 0. 9.65383463e-003 1.09633268e-003
    0. -2.56199783e-005 2.57136696e-003 1.83738978e-003 0. 0. 0.
    8.43840931e-003 -1.25694450e-003 5.86034218e-003 -1.26489939e-003 0.
    0. 0. 5.05947974e-003 0. -3.34083522e-003 2.90424400e-003 0. 0. 0.
    2.46508024e-003 -7.34230329e-004 0. 5.57595538e-003 0. 0. 0.
    6.26670523e-003 0. 0. 0. -9.33711533e-004 0. 0. 1.38045626e-003 0.
    1.48069970e-002 8.93525605e-004 0. 0. 9.20854683e-004 0. 0.
    8.09796620e-003 0. 0. 0. 0. 0. 2.16202787e-003 -1.71932625e-003 0.
    0. 0. 1.36567242e-002 1.59430332e-004 9.31456592e-003 0.
    9.36310366e-003 0. 6.84471242e-003 0. 0. 3.15292412e-003 0.
    6.10712217e-003 1.95941771e-003 0. 2.11609202e-003 0. 0. 0.
    -8.68523319e-004 0. 0. 0. 4.52215504e-003 0. 0. 0. 0.
    1.50175265e-003 0. 0. 0. 0. 0. 0. 1.55184278e-003 2.44354876e-003 0.
    9.15017503e-004 0. 0. 1.42322050e-003 0. 0. 2.79032579e-003 0.
    2.82355445e-003 0. 0. 0. 0. 0. 0. 0. 0. 0. 0. 0. 0. 0.
    4.96880896e-003 3.89238773e-003 0. 0. 0. 0. -1.59180514e-003
    3.24433739e-003 4.46991203e-003 0. 0. 0. -1.69569132e-004 0. 0.
    4.30216314e-003 0. 1.37141719e-003 0. -9.57393728e-004
    6.78926939e-003 0. 0. 0. -9.95648210e-004 8.52145627e-003
    -2.39621848e-003 0. 3.68585438e-003 0. -9.84212616e-004 0. 0. 0.
    -4.61488555e-004 0. 0. 0. 0. 0. 0. 0. 1.64686935e-003 0. 0. 0. 0.
    2.16692162e-004 0. 3.80717684e-003 0. 0. 0. 1.98882492e-003 0. 0. 0.
    0. 0. 1.13464601e-003 2.84775719e-003 0. 7.46889738e-003
    5.58365230e-003 0. 0. -1.92574284e-003 -2.77826824e-004
    6.48058194e-004 0. 0. 0. 0. 0. 0. 4.52590757e-004 0. 1.90919067e-003
    0. 0. -2.94891797e-004 0. 6.24837494e-003 0. 0. 0. 2.29416811e-003
    0. 1.44957530e-003 0. 0. 7.78323680e-004 0. 0. 7.31630297e-003 0.
    9.47227469e-004 8.97892658e-003 3.87726445e-003 2.15539383e-003 0.
    0. 0. 8.39530898e-004 0. 0. 7.78589689e-004 0. -1.90216687e-003 0.
    4.77920799e-003 0. 0. 0. 0. 2.69008946e-004 0. 8.64646208e-005
    2.65095546e-003 1.85965549e-003 0. 0. 0. 0. 2.95685395e-003 0. 0. 0.
    6.38346362e-004 -2.39220564e-003 7.96992972e-004 0. 0. 0.
    5.36758569e-004 0. 0. 3.07811628e-004 0. 0. 5.67619689e-004
    -7.12423818e-004 0. 2.08990066e-003 0. 0. 0. 0. 2.46447278e-003 0.
    0. 2.82329880e-003 1.53908774e-003 0. 0. 0. 1.41018897e-003 0. 0.
    2.21922272e-003 0. 0. 0. 3.61477421e-003 1.59658818e-003 0.
    3.72846681e-003 0. 0. 6.59417780e-003 1.21681998e-003 0.
    4.60676244e-003 0. 3.40471836e-003 0. 0. 0. 2.72555021e-003 0. 0. 0.
    0. 3.81795759e-003 0. 0. 0. 0. 2.97744712e-003 0. 0. 0.
    8.71982484e-004 0. 0. 0. 8.20480287e-003 0. 9.51378897e-004
    3.20148747e-003 0. 3.30563262e-003 0. 4.41278797e-003 0. 0. 0.
    3.83408065e-003 0. 5.16126491e-003 0. 7.43802357e-003 0. 0. 0.
    2.52618268e-003 0. 0. 4.74472903e-003 3.57781071e-003 0. 0.
    9.94521566e-003 0. 0. 0. 0. 0. 1.90970110e-004 1.28680072e-003
    1.78678951e-004 3.43893422e-003 1.02310870e-002 0. 0. 0. 0.
    9.64722410e-003 0. 0. 4.04081028e-003 0. 0. 0. 0. 0. 2.66756467e-003
    3.91448790e-004 0. 6.58542244e-003 0. 0. 1.26703382e-002 0.
    3.05137737e-003 0. 0. -1.48408108e-005 2.94849533e-003
    1.00439775e-003 0. -1.31519930e-003 0. 6.76971488e-003 0.
    4.47574677e-003 0. 0. 0. 0. 0. 2.13019736e-003 0. 9.34402866e-004
    1.88826269e-003 8.65683309e-004 0. 0. 6.12030271e-003 0. 0. 0. 0. 0.
    0. 2.26105489e-002 0. 0. 0. 0. 0. 0. 0. 0. 0. 2.57832394e-003 0.
    1.87367538e-003 -5.23513881e-003 0. 0. 4.51774511e-004 0. 0.
    -1.81847461e-003 3.78185720e-003 1.43303419e-003 1.74163692e-002
    -1.17674691e-003 0. 0. 0. 0. 0. 2.30604550e-003 0. 0. 0. 0. 0. 0.
    1.21555256e-003 0. 1.28884218e-003 0. 0. 0. 0. 0. 1.62831862e-002 0.
    -3.28091519e-005 9.83077800e-004 1.21421588e-003 0. 0. 0. 0. 0.
    1.69949583e-003 0. 0. 0. 2.03553145e-003 0. 2.66744872e-003
    5.58515731e-003 0. 0. 0. 3.06458888e-003 8.00629053e-003 0. 0. 0. 0.
    2.66508223e-003 8.76412913e-003 0. 0. 0. 0. 4.00046178e-004 0. 0. 0.
    0. 0. 0. 0. 1.48792297e-003 0. 0. 0. 0. 0. 2.07565143e-003 0. 0. 0.
    -3.69407237e-004 0. 0. 0. 3.65577475e-003 4.59937844e-003 0.
    -1.58424908e-003 1.73057930e-003 4.09363210e-003 0. 0. 0. 0. 0. 0.
    0. -1.82136917e-003 0. 0. 0. 0. 0. 0. 8.86844378e-003 0. 0. 0.
    4.22997726e-003 0. 0. 0. 0. 8.08395213e-004 0. 0. 0. 0. 0.
    -3.47185734e-004 0. 0. 0. 0. 0. 2.17615440e-003 2.72367120e-004 0.
    9.90426983e-004 0. 5.95075428e-004 -1.56204347e-004 9.51003749e-003
    9.43796884e-004 0. 2.53132288e-003 0. 0. 0. -8.18910426e-004
    1.00487536e-002 0. 2.05224170e-003 0. 0. 5.13957255e-003
    3.86679196e-003 0. -2.61792185e-004 0. -3.93991388e-004
    1.97666674e-003 0. 0. 0. 0. 0. 0. 3.75290663e-004 0. 0. 0. 0. 0. 0.
    -4.50286228e-004 0. 0. 3.11051938e-003 1.96264917e-003 0.
    2.74547120e-003 1.67632215e-002 1.35984353e-003 5.24706615e-004
    6.02125307e-004 2.07278016e-003 0. 0. 0. 0. 3.30061506e-004
    4.96387074e-004 1.30513567e-003 0. 0. 0. 1.38013274e-003
    3.57537926e-003 0. 0. 6.91205543e-003 2.72655103e-004
    -7.80935807e-004 0. 6.18613791e-004 0. 0. 0. 0. 0. 0. 0.
    -2.60558416e-004 0. 0. 2.41651171e-004 0. 0. 0. 0. 0.
    3.09087976e-004 6.08545169e-003 2.04112590e-003 0. 0. 0.
    1.16869423e-003 0. 0. 0. 0. 0. 1.25837710e-003 0. 4.44900105e-003 0.
    -1.08709687e-003 0. 1.01340716e-004 3.16629373e-003 0. 0. 0. 0. 0.
    0. 0. 0. 0. 0. 0. -1.68294681e-003 5.07924892e-003 0. 0. 0. 0. 0. 0.
    4.47174767e-003 0. 3.03554162e-003 0. 0. 0. 5.08636562e-003 0. 0. 0.
    0. 0. 0. 0. 0. 1.88464159e-003 1.54482224e-003 0. 0. 0. 0. 0. 0. 0.
    0. 0. 1.89102881e-004 0. 0. 7.03965221e-003 0. 0. 0. 1.37687183e-003
    0. 5.34941209e-004 0. 0. 0. 0. 0. 0. 2.51789554e-003 0. 0. 0.
    2.41818445e-004 8.25481839e-004 4.55970468e-004 -4.71001287e-004 0.
    -2.24538893e-003 2.32583494e-003 9.62653104e-003 8.68011732e-003 0.
    1.05383666e-003 1.58986216e-003 0. 2.14567943e-003 0. 0.
    1.80157332e-003 0. 7.22962851e-003 9.76394978e-004 2.26183169e-004
    0. 0. 0. 0. 1.97890960e-002 3.34597513e-004 0. 0. -1.33827305e-003
    0. 0. 0. 0. 6.82071969e-003 0. 1.16029917e-003 0. 0. 0. 0. 0.
    5.95361507e-003 0. 0. 0. 0. 0. 0. 0. 0. 0. 1.18796946e-002 0. 0.
    1.09027699e-003 0. 0. 0. -2.72315840e-004 0. 0. 0. 0. 0. 0. 0. 0. 0.
    2.07277201e-003 7.03940773e-003 -1.51937746e-003 1.32266351e-003
    2.39947159e-003 0. 0. 0. -3.36861354e-004 0. 1.75641049e-002 0. 0.
    0. 1.45337009e-003 1.95971131e-003 0. 0. 0. 0. 0. 0. 0. 0.
    -5.75431215e-004 0. 1.64584816e-003 0. 0. 0. 0. -4.81367024e-004
    8.73249257e-004 0. 3.23366211e-003 -7.40063610e-004 0. 0.
