<?xml version="1.0"?>
<opencv_storage>
<imageDescriptor type_id="opencv-matrix">
  <rows>1</rows>
  <cols>1000</cols>
  <dt>f</dt>
  <data>
    0. 0. 0. 0. 0. 0. 1.91201537e-003 -2.53818289e-004 0.
    4.89507383e-003 0. 3.05655994e-003 3.03381064e-004 -4.64158889e-004
    1.54105509e-002 1.43643077e-002 -8.20376270e-004 0. 0. 0.
    3.63935321e-003 0. 1.01737969e-003 0. 0. 2.02164217e-003 0.
    1.33342575e-003 0. 9.60925408e-003 -1.00704399e-003 0. 0. 0.
    -3.03515606e-003 7.31734093e-003 0. 0. 1.35255908e-003 0.
    -1.01477967e-003 0. 1.08086562e-003 0. 5.59359277e-003
    2.18957500e-003 0. 0. 2.34377966e-003 4.70481953e-003 0. 0. 0.
    2.43159011e-003 0. 1.05305901e-002 2.29312642e-003 -2.09774496e-003
    0. -2.22827937e-003 0. 0. 0. 0. 0. 0. 0. 1.70886796e-003 0. 0. 0. 0.
    0. 0. 0. 1.60053419e-003 0. 0. 3.12961568e-003 0. 0. 0.
    2.31565279e-003 0. 3.80974077e-003 1.66686121e-004 0. 0. 0.
    5.71777695e-004 0. 0. 1.80906849e-003 -1.75819488e-003 0.
    1.03239168e-003 4.17989120e-003 0. 0. 0. 0. -7.78662914e-004
    3.27010429e-003 1.68110244e-003 0. 0. 0. -7.84572447e-004 0.
    1.14173046e-003 0. 0. 0. 0. 0. 0. -5.74717007e-004 0.
    5.47730457e-003 0. 0. 0. 7.73923006e-004 -9.72907408e-004 0.
    6.75806252e-004 6.62058941e-004 0. 0. 0. 0. 1.60591083e-003
    -4.12758061e-004 0. 0. 2.20478722e-003 0. 2.71673105e-003
    -2.89662741e-003 0. 0. 0. 2.35308381e-003 1.04769017e-003 0. 0.
    8.87197908e-003 0. 0. 0. 0. -1.90282031e-003 0. 1.12037128e-003 0.
    -1.42356061e-004 0. 3.21519887e-003 4.65461705e-003 0.
    1.11218542e-002 -6.93538226e-004 -6.67822023e-004 1.90789602e-003
    1.00857532e-003 0. 0. 0. 0. 1.98971038e-003 0. 9.43392806e-004 0.
    5.15991775e-003 3.08485609e-003 1.46066560e-003 0. 0. 0. 0. 0. 0. 0.
    0. 5.26352040e-003 1.97931612e-003 4.14916221e-003 3.97625798e-003
    0. 0. 2.19333358e-003 2.52950067e-005 0. 0. 0. 0. 0. 0. 0. 0.
    -2.14574765e-003 0. 0. -7.52476102e-004 7.08445383e-004
    3.75250750e-003 5.19862445e-003 4.82831709e-003 0. 0. 0.
    -1.43796788e-003 0. 0. 0. 0. 0. 0. 0. 0. 0. 7.79068447e-004 0.
    8.17268796e-004 8.47193506e-003 0. -1.87248830e-003 0. 0. 0. 0.
    -1.16802228e-004 0. 0. 0. 4.77236370e-003 2.66845964e-005 0. 0.
    3.88016552e-003 0. 0. 0. 0. 0. -1.63982110e-003 0. 4.04898747e-004
    0. 2.44666520e-003 0. 0. 5.61959948e-003 3.30881821e-003 0. 0.
    -1.89482715e-004 0. 3.68352886e-003 0. 1.86793425e-003 0. 0. 0.
    3.39002861e-003 3.58489808e-003 2.97742710e-003 1.59311830e-003 0.
    0. 0. -7.46548583e-004 1.69769779e-003 -8.86352733e-003 0.
    5.19732945e-004 0. 0. 6.91415044e-003 0. 3.31214862e-003 0.
    5.60683152e-003 9.47973283e-004 0. -1.17212441e-003 0. 0.
    8.45684437e-004 7.76888477e-003 0. 5.18731633e-003 0. 0. 0.
    4.25485428e-003 0. 3.00142681e-003 1.96659425e-003 0.
    9.60815884e-003 0. 0. 0. 1.41119774e-004 0. 0. 1.66508683e-003 0.
    5.51710604e-003 0. 0. 0. 0. 2.06247624e-003 0. 0. 0. 0.
    -5.17115055e-004 0. 0. 1.54301652e-003 5.86284033e-004
    4.00213175e-004 0. 0. 0. 0. 0. 0. 0. 0. 0. -1.14656286e-003 0. 0. 0.
    0. 2.95136444e-004 -1.72656321e-004 1.10383157e-003 0. 0.
    3.01512214e-003 -6.72579836e-003 0. 0. 0. 2.53729313e-003 0. 0. 0.
    0. 0. 0. 0. 0. 0. 8.13460816e-003 1.40763586e-003 0. 6.85673114e-003
    3.95688694e-003 3.76403029e-003 9.80938319e-003 0. 0. 0.
    1.64165546e-003 0. 0. 0. 6.71371538e-003 0. 9.61776474e-004
    4.45649959e-003 3.05788917e-003 2.86149490e-003 0. 5.19582210e-003
    0. 0. 5.48455911e-003 -7.68586935e-004 0. -5.63215348e-004 0. 0.
    8.65535345e-003 3.42484534e-004 0. 0. 4.16443916e-004 0.
    -2.59527657e-003 0. 0. 0. 1.67788751e-003 1.15461298e-003 0.
    1.70668564e-003 1.61074393e-003 0. -7.72668631e-004 5.60505083e-003
    0. 0. 1.29190070e-004 0. 0. -4.34895075e-004 0. 0. 6.22256557e-005
    5.15409326e-003 0. 1.80877943e-003 0. 0. 0. 1.74735207e-003 0. 0.
    2.08235360e-004 0. 0. 0. 4.57401900e-003 0. 0. 7.93017796e-004 0. 0.
    1.14578204e-002 0. 0. 0. 0. 0. 1.87118910e-003 0. 3.03781452e-003
    6.47567154e-004 0. -2.27192044e-003 1.58787449e-003 1.77519431e-003
    0. 1.30166672e-003 0. 1.15784742e-002 0. 0. 0. 3.24189407e-003 0. 0.
    0. 1.67734397e-003 1.05035556e-002 0. 0. 0. 5.00142924e-004 0. 0. 0.
    0. 0. 0. 0. 0. 3.80693877e-004 -1.10953499e-003 0. -1.14980205e-004
    0. 0. 3.29223345e-004 2.29205354e-003 7.62625015e-004
    3.01378150e-003 4.22676746e-003 0. -8.68602481e-004 1.15992757e-003
    2.26748595e-003 0. 1.14122750e-002 2.03728350e-003 1.03901364e-002
    0. 0. 2.27818964e-003 0. 0. 0. 0. 0. 0. 4.34015132e-003 0.
    3.47244262e-004 0. 0. 9.37030092e-003 -7.93422689e-004
    -5.94311976e-004 0. 0. 0. 0. 0. 6.44030934e-003 0. 0.
    2.04801513e-003 -5.47078496e-004 0. -2.08251481e-003 2.41822301e-004
    0. 4.08057962e-003 2.17631995e-003 0. 3.86602967e-003
    1.40217226e-003 0. 6.42463379e-003 0. 0. 0. 0. 0. 0. 6.36008554e-005
    5.26748411e-003 0. 0. 0. 0. 0. 1.28007017e-003 0. 0. 0. 0. 0. 0. 0.
    0. -2.32403167e-004 0. 2.62468634e-003 -8.06033495e-004
    2.44919490e-003 0. 0. 0. 1.53741438e-003 0. 0. 0. -8.22608883e-004
    0. 0. 0. 5.12397056e-003 2.12273607e-003 2.94957939e-003
    1.73243950e-003 0. 0. 0. 0. -5.68405911e-003 1.37208868e-003
    2.97110155e-003 -6.35537754e-006 6.96049817e-003 3.67072527e-003
    1.72043894e-003 0. 1.37083335e-002 0. 5.26698679e-003 0. 0. 0.
    -8.60028085e-004 0. 8.87155067e-003 0. 0. 0. 2.19577982e-004 0. 0.
    0. 1.57239160e-003 0. 0. 5.83843933e-003 3.90105112e-003
    1.41893732e-004 0. 1.19179476e-003 6.06796425e-003 0.
    -2.44948693e-004 0. 0. 6.43189019e-003 0. 4.54696454e-003 0. 0.
    1.52590021e-003 0. 0. -2.99215387e-003 0. 0. 0. 2.24135089e-004 0.
    0. 0. 0. 0. 1.04032457e-003 1.77547208e-003 4.24579019e-003
    3.75162257e-004 0. 5.80977241e-004 0. 3.73603943e-005 0. 0. 0. 0.
    6.67586108e-004 7.01675381e-005 0. 3.25474376e-003 0.
    1.08248079e-002 0. 2.02176161e-003 0. 0. 3.92316468e-003 0. 0.
    1.13730307e-003 2.35639978e-003 5.68915671e-003 0. 0.
    2.03440785e-002 1.41288061e-003 5.95306233e-003 1.77150278e-003
    -1.03144057e-003 0. 5.41711983e-004 -2.75572616e-004 0. 0.
    -1.01011922e-003 0. 3.81139084e-003 0. 0. 6.34661061e-004 0.
    -9.04937973e-004 1.79175963e-003 9.74498282e-004 0. 0.
    2.34166021e-003 0. 0. 1.07645930e-003 1.49705651e-004 0.
    2.43979809e-003 0. 0. 0. 3.10914620e-004 0. 0. 0. 1.17544760e-003
    3.42321116e-004 7.39734911e-004 2.46331445e-003 5.73126017e-004 0.
    0. 1.49185990e-003 0. 0. 0. 0. 0. 1.48224854e-003 -1.91294530e-003
    1.03141991e-002 0. 8.67026858e-004 0. 0. 1.92456623e-003
    -1.45173632e-003 5.10186935e-003 3.67360609e-003 -1.48658291e-003 0.
    5.12125203e-003 1.89028960e-003 0. 6.54361676e-003 8.66290007e-004
    9.73416120e-003 -5.28114499e-004 0. 3.65487533e-004 0. 0. 0.
    2.89376802e-003 7.85548065e-004 0. 0. -1.54472142e-003
    -1.32649776e-003 0. 3.26434174e-003 2.80419481e-003 0. 0. 0.
    2.66348827e-003 0. 2.59413570e-003 0. 0. -4.25993185e-003 0.
    1.32789335e-003 0. 2.15929784e-002 1.23548126e-002 0. 0.
    3.55543592e-003 0. 0. 0. 8.84374138e-004 0. 1.16946222e-002
    3.49432789e-003 0. 0. 0. 0. 5.42436307e-003 0. 9.58538707e-003
    1.06255442e-003 0. 0. -1.50548108e-003 0. 0. 0. 5.80871105e-003
    2.17049662e-003 0. 0. 0. 0. 0. 0. 0. -3.11973272e-004 0. 0. 0. 0. 0.
    0. -6.94678340e-004 0. 0. 1.56172167e-003 1.18513627e-003 0.
    2.17401027e-003 2.69636139e-003 0. 0. -1.46117224e-003 0. 0. 0. 0.
    -1.41099095e-003 -1.05364321e-004 1.77446971e-004 9.13298689e-004
    4.26488137e-003 2.27838941e-003 6.19126149e-005 1.28870900e-003 0.
    0. 0. 0. 0. 6.35941571e-004 1.86491373e-003 0. 0. -1.05828256e-003
    0. 4.86160628e-003 2.02288246e-003 0. 0. 0. 0. 0. 0. 0.
    1.56031875e-003 2.96459021e-003 0. 2.18886440e-003 0.
    2.90449429e-003 0. 1.50731513e-002 3.46799660e-003 0.
    7.86261517e-004 0. 0. 0. 1.27284159e-003 6.00474561e-003
    6.18910184e-003 0. 1.57645822e-003 7.73000903e-003 2.01383745e-003
