<?xml version="1.0"?>
<opencv_storage>
<imageDescriptor type_id="opencv-matrix">
  <rows>1</rows>
  <cols>1000</cols>
  <dt>f</dt>
  <data>
    0. -1.73315511e-003 0. 7.74014881e-003 2.68128724e-003
    -3.69085086e-004 0. 5.78028266e-004 3.24345380e-003 4.35637077e-003
    -7.59564209e-005 4.16650716e-003 0. 0. 0. 0. 1.62397264e-004
    5.05532883e-003 6.24435814e-003 -5.78236533e-004 3.33799631e-003 0.
    0. 5.70426753e-004 0. 6.24553021e-003 5.57277678e-003 0. 0.
    -2.07279198e-004 2.92903231e-003 2.71525048e-003 3.58238281e-003
    5.96524775e-003 0. 2.67604343e-003 1.59950694e-004 3.39916721e-003
    0. 6.68867840e-004 1.02770692e-002 8.79898958e-004 0. 0. 0.
    -9.43558844e-005 2.77590472e-003 0. 3.59417638e-003 0.
    8.95827834e-004 0. 0. 2.45953025e-003 0. 0. 5.53875044e-003 0. 0.
    -5.23267139e-004 2.45288364e-004 4.56597190e-003 2.33270996e-003
    3.18131945e-003 1.32276258e-003 -1.02816406e-003 0. 3.65666277e-003
    -3.55682073e-006 3.63516243e-004 0. 9.26261710e-004 0. 0. 0.
    5.75207174e-004 3.94062418e-003 0. 0. 3.41523485e-003
    1.09221968e-004 9.97783965e-004 0. 0. -6.30861497e-004
    3.37959151e-004 1.35260590e-004 0. 4.90185397e-004 0. 0.
    -3.69240151e-004 0. 0. 2.51859543e-003 4.46450990e-003
    3.72022274e-004 0. 3.83640872e-004 8.69503361e-004 3.99846147e-004
    2.80131935e-004 0. 0. 1.46302383e-003 0. 0. 2.10976624e-003
    5.46896411e-003 3.85750062e-003 0. 0. 0. 1.29003474e-003 0.
    5.73136238e-003 0. 0. 0. 1.52002822e-003 3.97149241e-003
    3.32841813e-003 6.74234645e-004 4.50610463e-003 0. 0. 0.
    8.81836342e-004 -4.15420727e-005 0. 0. 1.24483462e-003
    2.84969294e-003 0. 4.12587216e-003 1.64296781e-003 2.94471538e-004
    1.66141428e-003 0. 0. 6.89715706e-003 4.08066856e-003 0.
    8.13982449e-003 4.21762140e-003 0. 0. 0. 5.16476855e-003
    2.61317356e-003 0. 0. 1.32515572e-003 0. 0. -5.32665290e-004
    -1.00904680e-003 3.71319195e-003 -2.06114288e-004 0. 1.62025739e-003
    2.14777282e-003 6.23239437e-003 -5.69084341e-006 0. 1.06590043e-003
    0. 0. 0. 1.72662251e-002 1.62780925e-003 0. 0. 1.03285594e-003
    1.62262633e-003 0. 6.62580016e-004 0. -2.68100528e-004
    1.14710652e-003 0. 0. 1.40595471e-003 1.48333970e-003 0. 0.
    1.43035059e-003 -4.91844199e-004 1.24942313e-003 9.75990435e-004
    1.24426396e-003 9.65777598e-003 0. 0. 5.22326503e-004
    3.59691074e-003 4.95922228e-004 0. 0. 7.96533935e-003
    1.36495987e-003 -1.52210574e-004 0. 2.26465520e-003 0. 0.
    2.36775167e-003 0. 0. 0. 4.97469911e-004 0. -4.81243042e-004 0.
    3.10713454e-004 0. 0. -5.56159357e-004 6.02909224e-003
    6.32829638e-003 8.00833106e-004 1.93800672e-003 0. 0.
    5.41633833e-003 0. 1.71039108e-004 0. 9.58120741e-004
    9.98463016e-004 -1.08977547e-003 4.26851853e-004 -4.09682252e-005
    2.39746505e-003 0. 3.19057668e-004 0. 3.12929304e-004
    2.94130365e-003 3.27741937e-003 1.03836588e-003 1.33950869e-003
    3.08478688e-004 0. 0. 4.10214905e-003 2.36002263e-003
    3.44458094e-004 1.76191563e-003 4.16235212e-004 0. 0.
    -5.18738816e-004 0. 0. -2.50501023e-003 7.66958343e-004
    1.81750002e-004 2.80697900e-003 2.63536582e-003 3.09998612e-003
    1.87427236e-003 0. 6.13568816e-003 0. 2.58249277e-003
    2.71008979e-003 1.45435438e-003 4.92143724e-003 2.00950657e-004 0.
    -9.32333292e-004 0. 8.99042934e-004 0. 4.92090872e-003 0. 0.
    1.03934808e-003 6.05595810e-003 7.72189989e-004 3.09694675e-003
    1.58719148e-003 1.80878793e-003 0. 0. 1.48842446e-004
    -2.04389286e-003 1.53397967e-003 1.23916054e-003 0. 0.
    5.42546296e-003 -1.63680420e-003 2.46500038e-003 0. 6.58130506e-003
    0. 7.15259986e-004 0. 4.31418157e-004 1.77425845e-003
    -5.20997273e-004 0. 9.49082838e-004 0. 2.04794342e-003 0. 0.
    2.68272287e-003 0. 5.83833549e-004 0. 4.58158960e-004
    5.28738427e-004 0. 9.73994192e-003 0. 0. 0. 5.35971019e-003
    1.26234943e-003 0. 0. 0. 0. 1.69101951e-003 0. 0. 1.36030614e-002
    -1.58739553e-004 0. 0. 2.24393373e-003 0. 6.58838253e-005 0.
    1.60366145e-003 5.61468594e-004 0. 3.77547462e-003 0.
    -4.26465878e-004 4.87410370e-003 1.69520779e-003 0. 0. 0. 0.
    1.44489214e-003 2.01689894e-003 0. 0. 1.30427349e-003
    -6.90529298e-004 0. 0. 0. 0. 1.23252452e-003 0. 1.48477568e-003 0.
    0. 3.30602285e-003 0. 2.35382421e-003 6.46026572e-004 0. 0. 0.
    7.52250152e-003 0. 0. 1.91558013e-003 8.84756621e-004
    1.52982248e-003 0. 1.22729805e-003 -4.73907130e-004 2.89297244e-003
    1.11961435e-003 0. 0. 0. 2.58320151e-003 0. 0. 0. 4.63836454e-003
    4.89400607e-003 2.42626746e-004 2.51018122e-004 9.99926683e-003 0.
    0. 0. 3.53287614e-004 0. 0. 0. 8.83241557e-003 0. 0. 0.
    1.62405812e-003 0. 1.18872419e-003 0. 8.03207979e-004 0.
    1.85339668e-004 1.10106263e-003 1.62011851e-003 1.01778074e-003 0.
    0. 2.49338802e-003 0. 0. 0. 0. 2.46988749e-003 0. 0.
    -1.13368698e-003 0. 0. 0. 0. 0. 5.62182395e-003 1.18580670e-003 0.
    0. 5.07675461e-004 8.98366445e-004 0. 0. 1.03920233e-003 0.
    1.83076062e-003 0. 0. 0. 0. 3.18059768e-003 0. 0. 0. 3.82534391e-003
    0. 4.59599483e-004 0. 0. 1.26446143e-003 2.79422151e-004 0.
    1.04645244e-003 -7.63582182e-004 0. 5.75226638e-003 8.17058957e-004
    6.82046171e-003 0. 0. 3.28451046e-004 3.32618569e-004
    5.26783580e-004 5.26844466e-004 8.04543961e-004 0. 4.77392366e-003
    4.19933395e-003 -2.77879990e-005 0. 0. 0. 4.58762236e-003 0. 0.
    1.27510610e-003 0. 1.02138030e-003 2.22475224e-004 1.14250625e-003
    0. 0. 0. 1.34294876e-003 0. 0. 1.03464071e-003 0. 2.15685833e-003 0.
    0. 0. 7.44687673e-003 0. 0. 6.36885595e-003 0. 0. 0. 0. 0.
    1.03869778e-003 1.07994513e-003 0. 0. 0. 0. 5.51439030e-003 0.
    6.13203563e-004 0. 0. 0. 0. 0. 0. 0. 0. -1.11789734e-004 0. 0. 0. 0.
    4.09622397e-003 0. 4.41311719e-003 7.15205492e-003 3.73483961e-003
    6.79979974e-004 0. 0. 1.79426745e-003 3.12940381e-003
    -6.31016621e-004 0. 5.53421630e-003 0. 0. 1.57307927e-003 0. 0. 0.
    -1.27253926e-003 0. 0. 0. 0. 1.15841278e-003 1.41416816e-003
    -1.30187650e-003 0. 4.99480916e-003 2.61568325e-003 1.44658517e-003
    0. 0. 4.59207129e-003 0. -1.42294120e-005 1.01769145e-003 0.
    -5.74933802e-005 1.66418334e-003 0. -1.76405534e-003 0. 0.
    6.82812824e-004 2.59782188e-003 0. 0. 3.09347897e-003
    2.37741787e-003 0. 2.05196254e-003 0. 0. 0. 2.97694793e-003
    5.60681894e-003 0. 0. 2.65707867e-003 0. 0. 1.77130371e-003
    6.49809139e-004 3.15615116e-003 2.91736389e-004 2.89779622e-003
    1.05931994e-003 3.66397318e-003 0. -3.91073962e-004 -4.27427294e-005
    0. 0. 0. 0. 5.70232922e-004 2.46129755e-004 0. 8.00561684e-004
    3.37061618e-004 -1.38403091e-003 0. 0. 3.10334435e-004
    1.59920298e-003 0. 0. 5.43001434e-003 0. 0. 0. 0. 4.50054603e-003 0.
    0. 3.35069373e-003 1.19417859e-003 1.54897221e-003 1.36275485e-003
    4.12199693e-003 0. 0. 3.95287760e-003 0. -9.37296776e-004 0. 0.
    -9.87010892e-004 0. 8.04605428e-004 0. 0. 0. -8.39955683e-005 0.
    1.08417694e-003 2.82681803e-003 0. 2.75808130e-003 0.
    -8.58343614e-004 0. 0. 1.32842804e-003 2.66730320e-004 0.
    5.69625665e-003 0. -5.37513581e-004 1.14151801e-003 9.32583585e-004
    0. 0. 1.77148823e-003 6.49613852e-004 0. 0. 0. 1.25663739e-003 0. 0.
    0. 0. 2.00113119e-003 -3.11688229e-004 1.68998225e-003 0. 0. 0.
    5.91932656e-003 0. 0. 5.25221787e-003 0. 2.25009135e-004 0.
    2.07280368e-003 0. -1.19574317e-004 1.82040234e-003 0. 0.
    8.14575877e-004 1.22289872e-003 0. 0. 2.05219327e-003 0.
    3.88478138e-003 0. 7.78039393e-004 0. 0. 0. 0. 0. 8.95959092e-004
    2.08854815e-003 0. 8.24943010e-004 4.93829255e-004 0. 0. 0. 0.
    1.60625705e-003 2.72115634e-004 -3.08995281e-004 4.93427913e-004
    2.52156693e-004 0. 0. 0. 0. 2.61248229e-003 0. 0. 1.26507285e-003 0.
    1.36950333e-003 7.40791904e-004 -3.84860556e-004 0. 0.
    -4.08093707e-004 -1.32283487e-003 2.26025423e-003 2.23590527e-004 0.
    1.56228419e-003 1.30080350e-003 1.28807791e-004 1.10712380e-003
    1.31405226e-003 2.89369351e-003 0. 3.14894458e-003 0. 0.
