<?xml version="1.0"?>
<opencv_storage>
<imageDescriptor type_id="opencv-matrix">
  <rows>1</rows>
  <cols>1000</cols>
  <dt>f</dt>
  <data>
    2.92320678e-004 0. 0. -2.89737975e-004 2.03321385e-003
    6.49645284e-004 2.96855858e-003 4.53135557e-003 -2.04423995e-004
    -1.85850440e-004 1.78432954e-003 3.76242766e-004 0. 0. 0. 0.
    6.64483639e-004 1.11255038e-003 4.47280286e-003 -6.31428557e-004
    8.23582895e-003 0. -1.71185599e-003 9.06204456e-004 2.21856125e-003
    1.23982050e-003 1.01258315e-003 -2.68708303e-004 0. 7.26221071e-004
    0. 4.19861963e-003 5.81160979e-003 1.62820087e-003 0.
    6.75468356e-004 2.37648305e-003 4.60991869e-004 0. 0.
    6.28105772e-004 5.13120368e-003 0. 4.66634985e-004 2.34605232e-003
    -3.41585343e-004 1.18794141e-003 2.22025998e-003 4.34322935e-003 0.
    1.32672349e-003 0. 0. 0. 1.38559577e-003 2.27999943e-003
    3.93229886e-004 1.15579972e-003 1.47991045e-003 3.77886440e-003 0.
    0. -3.08069284e-005 4.86145640e-004 1.39612879e-003 -1.36844305e-004
    3.73501913e-003 3.82099970e-004 1.33456185e-003 5.72985969e-004 0.
    2.54300958e-003 0. 8.28487799e-004 3.57324444e-003 0.
    3.44728539e-003 -1.85975595e-003 4.20291489e-003 2.67671334e-004
    2.77973199e-003 0. 0. 0. 9.57362703e-004 0. 2.08380492e-003
    2.98741506e-004 9.51301306e-004 1.62946957e-003 0. 2.09312959e-004
    1.40594004e-003 2.25769426e-003 6.67915074e-003 0. 0.
    4.66905395e-003 1.07086042e-003 0. 0. 3.62540712e-003 0.
    3.84477177e-003 0. 0. 0. 0. 1.97409172e-004 0. 5.67446346e-004
    5.80922759e-004 3.10549745e-004 1.61847367e-003 3.70924012e-003 0.
    3.87885235e-003 0. 9.90877859e-004 2.59586656e-003 3.82880075e-003
    2.08555302e-003 1.39456708e-003 0. 0. 7.43260421e-003
    2.06423504e-003 0. 0. 6.54753880e-004 0. 1.27811055e-003
    2.54369574e-004 3.03195417e-003 0. 1.97207904e-003 3.91823566e-003
    2.01354036e-003 -2.97011313e-004 1.44695363e-003 2.72698863e-003
    3.49461171e-003 1.50588341e-004 1.33534381e-003 0. 2.62759416e-003
    0. 3.25390534e-003 -2.28195277e-004 4.32716496e-003 0. 0.
    4.95892670e-003 0. 1.04990446e-004 1.04285614e-003 -2.53123086e-004
    2.69129756e-003 3.23738204e-003 2.72730220e-004 4.68575023e-003 0.
    -4.01313673e-006 0. 2.55323225e-003 0. 0. 0. 0. -1.91599524e-004
    1.05165783e-003 0. 0. 4.18922491e-003 4.67667775e-003
    9.33043892e-004 3.15816631e-003 -4.31581604e-004 -3.75179341e-004
    1.84138888e-003 1.17248262e-003 1.18677435e-003 1.20074686e-003 0.
    3.04618524e-003 1.88524614e-003 0. -5.34706225e-004 0. 0.
    1.53379911e-003 2.20776442e-003 0. 3.92336259e-003 1.18099758e-003
    1.47963467e-003 -1.49862817e-003 2.28231540e-004 8.55813152e-004 0.
    5.07889129e-003 6.08699396e-004 0. 1.86661188e-003 7.66085519e-004
    0. 1.13036623e-003 3.92610120e-004 0. 4.80820570e-004 0.
    4.27925820e-003 0. 0. 1.06112775e-003 0. 1.50412391e-003
    4.80395462e-003 1.74038869e-004 9.54204123e-004 0. 1.45543297e-003
    1.60638453e-003 0. 3.07979085e-003 -8.75819533e-004 6.36543101e-003
    8.80432781e-004 0. 0. 0. 0. 0. 0. 0. 2.15139240e-003 2.62680789e-003
    0. 0. 4.73445142e-003 0. 0. 0. 4.25804697e-004 0. 7.57682021e-004
    9.09336726e-004 9.22525360e-004 7.98006251e-004 0. 8.93389340e-004
    2.68339505e-003 0. 0. 0. 0. 0. 1.48604554e-003 9.19375801e-004
    6.05750305e-004 2.43002942e-004 3.69266910e-003 4.00842633e-003 0.
    5.24766417e-003 0. 4.53858683e-003 1.38071598e-003 4.58630361e-003
    0. 0. 5.27326309e-004 9.56505770e-004 2.77195591e-003
    5.71799371e-003 -1.14092494e-004 0. -8.89584539e-004 1.51923843e-004
    3.67718004e-003 0. -1.62223412e-003 9.87328473e-004 0. 0.
    3.17686750e-003 5.22266328e-003 0. 0. 1.30789424e-003
    -9.24335036e-004 -6.30522118e-005 1.97774800e-003 0.
    -6.38754500e-005 2.15147063e-003 4.46068775e-003 3.91565292e-004 0.
    0. 0. 1.13259873e-003 0. 2.14387453e-003 2.01088100e-004
    9.30515584e-004 7.69327016e-006 0. 5.38226450e-004 0.
    4.25814232e-003 0. 3.42655648e-003 0. 0. -1.31732307e-003
    2.87726917e-003 3.58478486e-004 1.42288208e-003 1.59420504e-003
    3.74813797e-004 0. 2.90255994e-003 0. 0. 0. 1.67320529e-003 0.
    2.32993858e-004 8.47492076e-004 2.81154946e-003 1.73825189e-003
    -1.83307391e-004 3.11118155e-003 5.93225355e-004 2.62595573e-003
    1.93564233e-003 1.91223260e-003 6.69476634e-004 2.40962923e-004 0.
    8.80141277e-003 -7.16187118e-004 0. 1.03927345e-003 0.
    2.94557097e-003 4.49151295e-004 0. 0. 1.02624777e-004
    -8.78362800e-004 0. 2.70193472e-004 1.37873681e-003 0. 0.
    1.11574517e-003 1.81347050e-003 1.13963899e-004 1.41116942e-003 0.
    0. -1.03514513e-003 8.59472901e-004 1.37578440e-003 7.76682864e-004
    1.81117444e-003 -3.43587861e-004 4.32232890e-004 0. 0. 0. 0.
    1.48391223e-003 5.73631027e-004 1.45449571e-003 0. -5.49699529e-004
    2.07468634e-003 0. 3.69735830e-003 -1.00066318e-004 1.09950919e-003
    1.10595324e-003 7.27579696e-004 1.26533501e-003 2.04882747e-003
    -1.62988043e-004 3.02420789e-003 2.12114188e-003 7.42991862e-004
    -4.81053139e-005 1.33809156e-003 7.23360718e-005 0. 0. 0.
    1.72729569e-003 0. 0. 1.27381075e-003 0. 4.82237025e-004 0. 0.
    5.24553889e-003 0. 0. 0. 8.64007790e-003 0. 0. 0. 0. 0. 0. 0.
    1.15372823e-003 0. 7.27800652e-004 0. 0. 3.33676022e-003
    5.51873469e-004 0. 0. 0. 3.13966069e-003 1.91739644e-004
    2.26433412e-003 5.29662007e-003 3.49125429e-003 1.46946590e-003 0.
    6.26946508e-004 0. 1.61489542e-003 -3.53170581e-005 0.
    9.57124960e-003 9.31240502e-004 9.39995050e-003 3.37354402e-004
    1.27156440e-003 0. 0. 0. 3.36425891e-003 3.52469017e-003
    -6.90127263e-006 4.40505275e-004 0. 7.62364187e-004 4.23588883e-003
    1.88715686e-003 6.45511784e-003 5.11494698e-004 4.13696375e-003
    1.40015152e-003 0. 0. 4.13384085e-004 0. 8.91366799e-004
    2.73534330e-004 0. 0. 3.36229429e-003 0. 3.56110232e-003 0. 0.
    -4.36350747e-005 3.65510420e-003 3.65014607e-003 -1.96958147e-003
    1.30154681e-003 0. 0. 0. 3.39152385e-003 0. 0. 0. -5.32386184e-005
    0. 7.20826560e-004 8.39088112e-003 1.00063859e-003 1.13721052e-003
    5.68799395e-003 0. 0. 1.34595204e-003 7.65559636e-003 0. 0. 0. 0.
    5.91471372e-003 0. 7.38900853e-004 8.04956304e-004 0.
    7.20140897e-003 0. 0. 2.90375296e-003 0. 0. 1.98262540e-004 0.
    5.73229918e-004 0. 0. 0. 0. 3.03765852e-003 9.79735400e-004
    -1.66828604e-003 1.72306760e-003 0. 1.16588641e-003 1.84684061e-003
    0. 1.61271542e-004 2.05402868e-003 2.21561175e-003 0. 0.
    -8.88074399e-004 1.83378439e-003 -8.90868076e-004 0. 0.
    1.72329927e-003 3.84792103e-003 -6.92225352e-004 0. 0.
    2.23682774e-003 3.61218397e-003 0. -2.64720031e-004 7.23084714e-003
    0. 6.69235655e-004 2.30575167e-003 8.97050893e-004 0.
    1.54892288e-004 0. 8.46424664e-004 0. 6.54276228e-003
    3.54467775e-003 7.02299224e-003 3.42306681e-004 8.79104773e-004
    2.72233272e-004 3.86074709e-004 0. -2.66537827e-004 1.52105105e-003
    0. 0. 9.58974240e-004 0. 3.36422864e-003 9.89070442e-003 0.
    -1.54774520e-004 1.13665918e-003 0. 2.77985050e-003 -5.72760997e-004
    2.46965268e-004 -3.92644783e-004 2.98441242e-004 0. 2.98078358e-003
    2.37156142e-004 5.03095624e-004 0. 0. 5.02617157e-004
    1.24558702e-003 5.74970525e-003 8.06643162e-004 4.51619970e-003
    2.66219547e-004 -2.27782666e-003 -8.01996357e-005 0. 0. 0. 0.
    2.74309423e-004 0. 3.64469690e-003 -8.14392348e-004 0.
    6.68134890e-004 1.29435153e-003 0. 0. 0. 3.92224686e-003 0. 0. 0.
    4.67009959e-004 9.11284587e-004 0. 4.87103156e-004 0.
    3.28655035e-004 0. 2.02755560e-003 2.37296196e-003 0.
    -3.56505880e-005 0. -7.25225196e-004 0. -1.37862412e-003 0.
    3.62483901e-003 1.71895302e-003 0. -4.39637166e-004 -1.86262798e-004
    0. 0. 0. -4.14355774e-004 0. 2.05681939e-003 0. -2.81151879e-004 0.
    0. -6.06411741e-005 1.64946890e-003 1.70600053e-003 7.40459771e-004
    0. 1.03916391e-004 1.16633344e-002 0. 0. 0. 0. 0. 7.58249429e-004
    -2.05032586e-004 5.37755480e-003 0. 0. -2.48313154e-004 0. 0.
