<?xml version="1.0"?>
<opencv_storage>
<imageDescriptor type_id="opencv-matrix">
  <rows>1</rows>
  <cols>1000</cols>
  <dt>f</dt>
  <data>
    0. 0. 0. -7.23423553e-004 0. 0. 1.55216258e-003 2.94511695e-003
    5.40937996e-004 0. 0. 0. 0. 1.45252526e-003 0. 8.97728081e-004 0. 0.
    8.34148028e-004 2.32874183e-003 1.97917619e-003 4.75268811e-003
    5.27698919e-003 0. 2.93458090e-003 0. 0. 0. 0. 0. 0. 2.70671919e-002
    0. 1.24050421e-003 4.25559614e-004 5.53135946e-003 0. 0.
    2.85108760e-003 3.55570018e-003 2.75935419e-003 7.02707563e-004
    9.71194124e-004 7.26677198e-003 2.21777125e-003 0. 0. 0.
    2.09313910e-003 3.56864231e-003 4.79798211e-004 4.96819010e-003 0.
    5.07072918e-003 0. 5.22676809e-003 2.53135175e-003 1.40555180e-003
    0. 7.72611378e-003 0. 2.65476853e-003 0. -2.04070192e-003
    5.54587785e-003 0. 0. 0. 0. 0. 0. -2.40495661e-003 0.
    8.62857851e-004 0. 1.53175974e-003 0. 2.56731431e-003 0.
    2.90571887e-004 4.21888754e-003 0. -1.22397338e-004 1.99906644e-004
    0. -1.39160280e-003 0. 0. 0. 0. 0. 1.18707633e-003 0. 0. 0.
    2.30716239e-003 0. 1.61728624e-003 6.24452904e-003 1.52739708e-003
    0. 3.25369206e-003 3.04130372e-003 0. 6.69953530e-004 0. 0.
    7.10592794e-005 0. 1.54744589e-003 5.51758148e-003 0. 0. 0.
    3.10979178e-003 1.19757457e-002 -8.96734477e-004 0. -4.47849568e-004
    0. 0. 3.59747396e-003 2.38019857e-003 0. 0. 0. 3.09025054e-003 0.
    -2.63218157e-004 1.20893295e-003 0. 0. 0. 0. 3.46290320e-003
    7.75047159e-003 0. 0. 0. 2.76540220e-003 -9.62779683e-004
    3.87655152e-003 0. 0. 3.98914330e-003 0. 2.13783071e-003 0.
    2.03981181e-003 1.94665394e-003 9.73750546e-004 1.98544189e-003
    2.41103512e-003 0. 8.76168546e-004 0. 7.14355847e-003
    6.62289269e-004 0. 1.05539337e-003 0. 1.07520642e-002
    2.25272495e-003 0. 3.51740775e-004 0. 0. 0. 4.28619096e-004 0. 0. 0.
    0. 0. 6.93224778e-004 5.63485641e-003 0. 0. 0. -5.06761426e-004 0.
    1.81355677e-003 9.96293500e-004 0. 1.13520352e-003 5.92405302e-003
    0. 0. 0. 0. 1.17481206e-004 1.18612582e-002 0. 1.65716733e-003 0. 0.
    1.51753164e-004 7.02923117e-003 0. 0. 4.30486025e-003 0.
    1.88119442e-003 0. 2.18541687e-003 0. 2.66723754e-003 0. 0. 0.
    1.96998846e-003 -8.12604208e-004 9.82502126e-004 0. 1.61714433e-005
    0. 0. 2.02097534e-003 0. 1.17326307e-003 0. 0. 0. 0. 0.
    4.30940185e-003 0. 1.50505232e-003 0. -8.40038003e-004 0.
    2.48893397e-003 3.38158337e-003 -2.63843453e-003 0. 0.
    1.58808776e-003 -2.39838148e-003 0. 0. 5.02656354e-003 0. 0. 0. 0.
    0. 4.83635766e-003 0. 1.58875168e-003 2.16419203e-003 0.
    2.95490463e-004 0. 0. 1.94860142e-004 1.38356129e-003 0. 0.
    3.63544584e-003 0. 0. 1.92194164e-003 -5.75454091e-004 0.
    8.58455198e-004 0. 8.33509024e-003 3.58026801e-003 0. 0. 0.
    1.83951610e-003 0. 0. 2.10049422e-003 0. -4.78557264e-003
    6.18488574e-003 0. 0. -1.41286931e-003 0. 0. 1.57544529e-003
    9.94663569e-004 0. 3.19234631e-003 0. 2.18886463e-003 0.
    -9.97552765e-004 0. -1.50309305e-003 0. 0. 5.29561192e-003 0.
    2.23595696e-003 0. 1.32658810e-003 0. 0. 0. 0. -2.15536426e-003 0.
    0. 0. 3.54012498e-003 0. 0. 0. 0. 0. 0. 1.73496152e-003 0. 0.
    8.50607548e-003 4.91884479e-004 0. 0. 0. 0. 3.93103156e-003
    1.64598110e-003 0. 1.19327230e-003 1.57758745e-003 0. 0. 0. 0. 0. 0.
    2.57633673e-003 0. -1.21520110e-003 7.17756432e-003 8.31960142e-003
    3.48665664e-004 8.01502028e-004 0. 1.28362130e-003 1.42479064e-002
    0. 0. 1.99344917e-003 0. -8.72294069e-004 0. 1.61917019e-003 0. 0.
    -2.21666764e-003 1.86184316e-003 0. 0. 3.28589376e-004 0.
    1.32758473e-003 3.52947856e-003 0. 0. 4.40243352e-003 0. 0.
    3.40259820e-003 0. -5.06549841e-004 0. 0. 0. -4.79139504e-004
    5.86291496e-003 0. -7.46365462e-004 0. 1.04128150e-004
    8.15862883e-003 0. 0. 0. 1.61136244e-003 1.22395984e-003 0. 0. 0.
    1.70861383e-003 0. 0. 0. 1.90510950e-003 0. 0. 0. 1.42602820e-003 0.
    0. 0. 5.76043501e-003 0. 2.33214232e-003 0. 0. 4.32006503e-003
    2.57796841e-003 0. 3.22138658e-003 3.00057844e-004 0.
    -1.52511944e-004 1.63581641e-003 -6.24032458e-004 6.42039930e-004
    2.16006115e-003 -6.31698128e-003 3.62580904e-004 0. 4.17170580e-003
    0. 0. 0. 1.75601989e-003 3.68266203e-003 0. 0. 0. 0.
    -1.11883704e-003 0. 3.30904586e-004 -9.24933469e-004 1.32901361e-003
    0. 0. 0. 3.54650593e-003 0. 0. 7.17900635e-004 2.57940870e-003 0. 0.
    4.28440841e-003 0. 0. 0. 0. 8.97132093e-004 3.64818517e-003
    3.82459117e-003 0. 1.74452062e-003 0. 1.19777642e-005 0. 0.
    1.16547022e-003 0. 0. 0. 0. 0. 0. 1.02733582e-004 0. 0. 0. 0.
    1.04987412e-003 0. 1.08074688e-003 0. 0. 6.70709880e-003 0.
    4.99052228e-003 0. 4.30826936e-003 3.31808405e-004 -8.22866059e-005
    -2.14680302e-004 0. 9.63973871e-004 -5.78925828e-004 0. 0.
    1.21963723e-003 1.70947154e-004 5.75263985e-003 2.79465364e-003
    6.96347747e-003 0. 8.66288494e-004 0. 2.47317576e-003 0. 0.
    -5.56160405e-004 0. 0. 3.90013889e-003 0. 4.34394460e-003 0. 0. 0.
    1.95459859e-003 0. 0. 1.98539183e-003 0. 0. 3.96008231e-003 0. 0.
    4.91012215e-005 4.28708224e-003 -2.73265206e-004 -9.64261941e-004 0.
    0. 0. 9.43210721e-003 2.08772672e-003 2.30818521e-003 0.
    5.88993216e-003 0. 0. 0. 0. 9.60900274e-004 0. 3.79863591e-003
    1.99333159e-003 0. 1.35978055e-003 2.08876678e-003 0.
    6.49474934e-003 0. 0. 0. -7.41785218e-004 0. 9.30695329e-004
    3.98945389e-003 8.04721657e-003 2.55123479e-003 5.06696058e-004 0.
    -1.74189976e-003 0. 0. -7.03108017e-005 1.04767806e-003
    7.37335999e-003 0. 0. 0. 0. 0. 0. 1.92585588e-003 0. 2.40835897e-003
    2.15673409e-002 0. 0. 1.32095895e-003 2.51887063e-003 0. 0. 0.
    2.73176492e-003 0. 0. 0. 0. 0. 1.42373276e-004 2.24941224e-003 0. 0.
    -2.33964482e-003 0. 0. 0. 0. 0. 0. 0. 1.39557896e-003
    3.07745463e-003 0. 0. 0. 0. 1.37109484e-003 0. 6.50491333e-004 0. 0.
    0. 2.77612358e-003 0. 0. 0. 0. 3.58370540e-004 7.10932771e-004 0.
    6.00040751e-003 0. 2.28181412e-003 1.45798002e-003 0. 0.
    1.86706439e-003 2.67901807e-004 0. 0. 0. 0. 0. 0. 0. 0.
    8.34560837e-004 1.13877957e-003 8.73110606e-004 0. 0. 0. 0.
    2.41572014e-003 0. 1.61453185e-003 0. 0. 1.35015836e-003 0.
    -2.67688447e-004 1.89484435e-003 9.16060247e-003 2.08870298e-003
    4.57816524e-003 0. 0. 0. 0. 0. 0. 0. 3.16650304e-003 0.
    2.10919930e-003 0. 0. 0. 1.86064758e-003 9.36950964e-004
    2.33446760e-003 4.51750500e-004 0. 0. 0. 2.51894747e-003 0.
    3.37234279e-003 3.46339424e-003 4.03504673e-004 0. 0. 0. 0.
    3.75145464e-003 5.50350596e-005 0. 5.92028606e-004 0. 0.
    5.22611255e-004 2.38748756e-003 9.01705411e-004 2.72984873e-003 0.
    0. 0. 0. 0. 1.69571687e-003 0. 1.75863318e-003 0. 0. 0.
    -8.96613055e-004 1.86500803e-003 0. 0. 0. 1.34279784e-002 0. 0. 0.
    0. 0. 0. 0. -1.05396810e-003 -7.95968284e-004 0. 0. 1.21880893e-003
    -9.05385823e-004 0. 3.19949351e-004 0. 0. -3.21252667e-003
    -2.09479666e-004 4.94974945e-003 1.55236071e-003 4.23401158e-004
    1.83160882e-003 0. 0. 0. 4.73111309e-003 0. 0. 0. 1.68183004e-003 0.
    0. 1.22455833e-003 0. 0. 0. 0. 0. 1.84463093e-003 -1.51275817e-004
    0. 0. 5.45117771e-003 1.09258981e-003 0. 0. 0. 2.24842248e-003
    1.43573177e-003 0. 0. 4.16944735e-003 1.65941415e-003
    2.71771452e-003 0. 0. 2.38161208e-003 0. 2.19989615e-003
    9.71240737e-003 0. 1.72462733e-003 1.17766403e-003 3.76622396e-004
    1.43831130e-003 0. 0. 4.71762801e-003 6.82682078e-003
    4.64388495e-003 9.95828398e-003 0. 1.98305678e-003 2.81164190e-003
    0. 0. 0. 0. 0. 3.83560546e-003 -1.41751976e-003 9.48222587e-004
    6.96935458e-003 0. 3.55621247e-004 -4.51249827e-004 0. 0. 0. 0. 0.
    0. 2.49616895e-003 2.95232981e-004 -1.48376115e-004 0. 0.
    2.65609815e-005 9.33039701e-004 0. 1.43764680e-003 1.07798481e-003
    0. 1.42727338e-003 1.66558637e-003 0. 2.80869333e-003
    4.35723644e-003 0. 0. 0. 4.03736252e-003 0. 0. 2.48157745e-003 0. 0.
    -1.25073397e-003 0. -2.20420567e-004 0. -1.39572506e-003 0. 0. 0. 0.
