<?xml version="1.0"?>
<opencv_storage>
<imageDescriptor type_id="opencv-matrix">
  <rows>1</rows>
  <cols>1000</cols>
  <dt>f</dt>
  <data>
    0. 0. 0. 0. 0. 4.73465188e-004 0. 7.14811846e-004 0.
    -4.87393205e-004 0. 1.45412589e-004 0. 0. 0. 1.58469542e-003 0.
    -2.39438901e-004 0. 0. 2.46147253e-003 1.04525090e-004 0. 0. 0.
    2.31388630e-003 5.17613720e-003 0. 0. 0. 5.61928656e-003
    1.82223564e-003 8.23607494e-004 2.23601237e-003 -3.16249461e-005 0.
    0. 3.83008481e-003 3.91377928e-003 0. 6.13920449e-004 0.
    1.72860757e-003 -6.44533065e-005 3.97203956e-003 1.12799846e-003
    4.43543866e-003 0. -7.06516803e-005 0. 1.06970631e-002
    7.03689817e-004 8.21558351e-004 0. 0. 1.13207544e-003 0.
    -3.62811703e-003 1.08560070e-003 0. 0. 0. 7.23311864e-003 0.
    3.30881728e-003 0. 0. 5.92794921e-003 5.20024449e-004
    -8.15832405e-004 2.92193890e-003 1.53952138e-003 7.29961204e-004
    -1.64293603e-003 0. 1.19057600e-003 0. 0. -3.25366163e-005 0.
    1.37538082e-004 0. 1.95138471e-003 1.98132149e-003 0. 0.
    4.17872710e-004 4.25889069e-004 0. 0. 0. 0. 4.01830301e-003 0. 0.
    5.22948452e-004 3.43252294e-004 4.86680074e-003 -4.75768931e-004 0.
    0. 0. -2.92085751e-004 3.33383726e-003 0. 1.07296521e-003 0. 0. 0.
    4.99245431e-003 1.14694843e-003 9.20685008e-004 0. 0.
    -2.91791075e-004 5.36699826e-003 3.37687001e-004 7.06997409e-004
    -1.06317794e-003 0. 1.43320707e-003 -3.08124261e-004 0.
    3.05725902e-004 0. -1.81322370e-003 1.19495299e-003 7.11370783e-004
    0. 0. 0. -2.26792134e-003 -2.54787097e-004 0. 0. 0. 0.
    7.29973381e-003 4.35555965e-004 0. 0. 1.63229604e-004 0.
    4.40593954e-004 4.55747778e-003 4.33173322e-004 0. -8.55781778e-004
    6.74340772e-005 4.88720415e-003 4.92762355e-003 3.30655999e-003 0.
    5.37565676e-003 3.24106589e-003 1.23464118e-003 0. 1.75279344e-003
    0. 4.56975214e-003 -8.40715773e-004 9.32299811e-003 1.40113384e-003
    0. 7.48104067e-004 8.17263499e-005 1.67139689e-003 1.47452741e-003
    1.87666295e-003 0. 0. 0. 0. 2.15490325e-003 0. 0. 8.59059510e-004 0.
    1.28105830e-003 1.52228447e-003 0. 0. 0. 1.44287571e-003 0. 0. 0.
    3.49183218e-003 1.79695094e-003 3.17619392e-003 -1.33182068e-004 0.
    0. 0. 3.75607167e-004 2.97278678e-003 0. 0. 6.18832698e-003
    1.38090318e-003 0. 0. 0. 9.13712289e-003 1.22236200e-002
    9.77632822e-004 0. 1.34052848e-003 -1.01506535e-003 4.35046339e-003
    5.84309269e-003 1.13149500e-003 1.84649637e-003 0. 1.10042572e-003
    0. 2.05126591e-003 0. 5.39086713e-003 7.19932897e-004
    2.94989604e-003 0. 0. 8.68340605e-004 4.81075048e-003 0.
    -2.45793854e-005 -1.40101265e-003 1.23947405e-003 1.01817166e-003 0.
    1.37009413e-003 0. 1.56080688e-003 8.41750298e-004 0.
    3.96775024e-004 3.74070136e-003 4.14823275e-003 5.73557219e-004
    -4.33146575e-004 0. 2.68852594e-003 8.25928699e-004 2.59043154e-004
    1.88370526e-003 -1.57091685e-003 0. 0. 1.02230452e-003
    3.42950720e-004 0. 2.74720043e-003 9.98746371e-004 0.
    1.54479290e-003 0. 0. -2.09049182e-003 0. 0. 0. 8.40605586e-004 0.
    6.03654748e-003 0. 0. 6.44692045e-004 1.27734728e-002 0. 0.
    1.13884155e-002 -3.81771871e-003 0. 0. 0. 0. 1.09752929e-002
    1.46745169e-003 -1.97492889e-003 1.46526913e-003 0. 0.
    4.47754655e-003 0. 1.50512636e-003 5.53891528e-003 -1.14964067e-004
    4.14721668e-003 0. 0. 0. 4.48557921e-003 0. 0. 4.12448030e-003 0. 0.
    0. 0. 0. 0. 4.27563488e-003 0. 0. 0. 0. 5.26386998e-007
    1.17022227e-002 0. 0. 1.33026182e-003 5.06406557e-003
    2.32755532e-003 8.90409690e-004 9.59568017e-004 6.46588905e-003
    -8.53155681e-004 0. 0. 1.95945511e-004 4.82885980e-007
    -3.97143303e-004 0. 0. 0. 0. 0. 0. 5.65854833e-003 0. 0.
    -1.04230872e-004 1.58008144e-004 0. 0. 3.70039401e-004 0. 0.
    3.32871714e-004 0. 0. 0. 1.27060362e-003 3.05523211e-003 0. 0. 0. 0.
    0. 2.61160918e-003 0. 0. 0. 4.98502050e-003 1.47836632e-003 0.
    3.46225034e-003 0. 0. 1.04639668e-003 0. 0. 0. 0. 3.69787449e-003 0.
    0. 0. -1.28649466e-003 3.11665959e-003 -4.62975906e-004 0.
    1.92156178e-003 0. -8.62151210e-005 -7.17620132e-004 2.23709131e-003
    4.52335691e-003 2.66391784e-003 2.97177071e-003 9.57567303e-004 0.
    1.56374043e-003 0. 2.57326500e-003 0. -3.65884858e-004 0. 0. 0. 0.
    5.89195930e-004 2.96670524e-003 4.91178175e-003 0. 3.12829390e-003
    3.86797983e-005 0. 0. 0. 2.09293468e-003 4.49687522e-003
    4.67640115e-003 3.77542223e-004 0. 0. 7.60225253e-003
    -2.62627291e-004 0. 0. 8.75412766e-003 1.39705548e-002 0.
    1.14131637e-003 0. 6.02750666e-003 0. 0. 0. 0. -1.13344961e-003 0.
    7.92171049e-004 2.66865734e-003 1.27971638e-003 0. 3.42825253e-004
    0. 1.96772558e-003 0. 0. -1.57875614e-003 0. 0. 0. 3.60265630e-003
    3.42562213e-003 -7.95801327e-007 5.05948626e-003 2.12979503e-003 0.
    1.42453716e-003 1.03810290e-003 1.87234161e-003 0. 0. 0. 0.
    5.76893101e-004 0. 0. 1.05511735e-003 6.59163168e-004 0. 0. 0.
    -1.18678370e-004 0. 2.99360766e-003 0. 0. 0. -4.42023762e-003 0.
    2.25090398e-003 0. 1.61966926e-003 0. 0. 9.99790500e-004
    1.98404916e-004 -1.32577913e-003 0. 6.48135459e-003 1.49076572e-003
    9.80541576e-004 1.55498646e-003 0. 0. 4.91560297e-003 0.
    -9.53677751e-004 0. 0. 1.87704060e-003 4.22591314e-004
    1.12631905e-003 0. 0. 0. 0. 0. 4.44968045e-003 0. 1.06948486e-003 0.
    4.62230062e-003 1.88740157e-003 0. 0. 0. -8.90001771e-004 0.
    -4.19412099e-004 -2.42761074e-004 0. 0. 0. 3.58818070e-004 0.
    4.66606300e-003 6.72025562e-005 0. 0. 0. 0. -1.98525406e-004
    7.91595376e-004 -1.68409184e-004 0. 0. 3.35114682e-003 0. 0. 0. 0.
    5.40380832e-003 -9.83444392e-004 0. -4.69283666e-004 0.
    8.06797820e-004 8.14273860e-003 0. 0. 0. 1.64780219e-003 0.
    1.09804305e-003 0. 2.60887132e-003 0. 1.30482041e-003 0. 0. 0.
    6.25993533e-004 4.66968678e-003 -5.30538440e-004 1.12698739e-003
    2.38922366e-004 3.64673120e-004 0. 0. 3.21640400e-003
    8.14558181e-004 3.53175029e-003 0. 0. -4.48725477e-004 0.
    1.48249397e-004 -1.91493527e-004 0. 0. -8.91520292e-004 0.
    1.83807162e-003 0. 1.30974644e-004 0. 0. 0. 6.87185768e-003 0.
    -1.19316763e-004 0. 0. 0. -1.65037136e-003 0. 0. 0. -2.80406384e-004
    -8.49860255e-004 8.02378345e-005 0. 0. -1.05535357e-004 0. 0. 0. 0.
    0. 3.74227576e-003 0. 0. 0. 0. -3.28538881e-004 -2.37483834e-003
    3.52863176e-003 2.61254118e-005 0. 1.73201459e-003 8.54806509e-004
    8.70713592e-003 0. 0. 0. 0. 0. 1.50405057e-003 0. -1.64365512e-003
    0. 6.04158035e-003 1.54291221e-003 9.12590735e-007 0. 0. 0.
    9.69264074e-004 8.05765216e-004 0. 6.31385250e-004 4.34303004e-003
    1.41224556e-003 1.12090769e-004 0. 0. 2.65228236e-003
    3.20717390e-003 0. 0. 0. 0. 0. 0. 0. 5.14667947e-003 6.59573963e-003
    0. 4.05144831e-003 0. 0. 4.45507059e-004 4.48290305e-003 0. 0. 0.
    4.78792330e-003 6.66557578e-003 0. 3.11585702e-003 7.01635669e-004
    0. 9.42054391e-003 3.62987909e-003 0. 0. 3.61160003e-003 0.
    -1.86294274e-004 0. 2.32032640e-003 0. 6.92399219e-003
    1.11875841e-002 6.96570566e-003 0. 0. 0. 1.20287892e-004 0. 0.
    7.68064929e-004 0. 6.40638545e-003 0. 3.59742367e-003
    6.72150170e-003 2.37363600e-003 0. 0. 2.97554769e-004
    -1.00444676e-003 0. 0. 2.72802101e-003 4.10401612e-004
    2.65542814e-003 3.35504953e-003 0. 0. 2.07422627e-003
    1.32412673e-003 0. 0. 0. 0. 0. 0. 0. 1.94772278e-004 4.00399184e-003
    -1.97470990e-006 0. 0. 1.38918473e-003 0. 9.90752946e-004 0.
    3.35444137e-003 0. 0. 0. 0. 2.31942325e-003 0. 2.60842661e-003 0.
    -3.22858134e-004 -2.08813464e-004 0. 0. 3.25928465e-003
    5.36900898e-003 0. 0. 0. 3.20965820e-003 0. 0. -9.97911920e-005 0.
    -1.36561564e-003 1.73182879e-003 9.71909394e-005 1.99326198e-003 0.
    5.36211533e-004 0. 2.54572439e-003 2.10446701e-003 7.39196956e-004
    2.01436065e-004 -3.60186561e-004 6.25784916e-004 6.16934244e-003 0.
    -2.23142779e-004 6.90521859e-003 0. 0. 0. 0. 0. 0. 3.91022023e-003
    8.40666689e-005 -4.03682527e-004 7.51652124e-007 0. 0. 0. 0.
