<?xml version="1.0"?>
<opencv_storage>
<imageDescriptor type_id="opencv-matrix">
  <rows>1</rows>
  <cols>1000</cols>
  <dt>f</dt>
  <data>
    0. 0. 0. 0. 0. 0. 0. -1.44483871e-003 0. 0. 0. 0. -1.97851332e-004
    0. 0. 3.26958089e-003 0. 0. 1.52703107e-003 2.03536008e-003
    -5.07051554e-005 1.77107926e-003 6.10121817e-004 0. 1.52450101e-003
    0. 0. 4.21277061e-003 5.44001698e-004 0. 0. 3.29908775e-003 0. 0. 0.
    3.87698621e-003 3.05224513e-003 0. 9.59816331e-004 3.81786074e-003
    1.31448125e-003 0. -6.12352233e-006 0. 1.34240754e-003
    2.55907723e-003 1.48615777e-003 0. 0. 2.66352016e-003 0.
    -7.66840007e-004 0. -5.64758666e-004 9.60228499e-004 1.56258780e-003
    0. 2.94028362e-003 0. -1.47374684e-003 0. 1.19134574e-003 0.
    1.90010469e-003 -2.33522107e-004 1.64692337e-003 0. 1.13480724e-003
    6.29636925e-005 0. 0. 0. 0. 0. 0. 8.45325179e-004 0. 0.
    1.82000746e-003 0. 0. 0. 0. 2.31162575e-003 0. -1.12894538e-003 0.
    0. -6.56555349e-004 6.19038998e-004 0. 0. 0. 5.39733388e-004
    1.58517889e-003 2.98060011e-003 2.13516899e-003 0. 3.49791674e-003
    0. 0. 0. 0. 1.36230513e-003 0. 0. 0. 0. 4.99033742e-003
    4.26333025e-003 1.56680844e-003 0. 0. 0. 0. 0. 3.20419413e-003
    1.39792752e-003 0. 0. 0. 1.46682037e-003 0. 4.84756543e-004
    4.03696159e-003 1.36441493e-003 -4.55899019e-004 0. 0. 0. 0. 0.
    1.80212921e-003 3.47646116e-003 1.57551933e-003 6.43288530e-003 0.
    0. 0. 1.04851578e-003 0. 0. 8.05710617e-004 0. 2.89937598e-003 0. 0.
    0. 0. 0. 0. 0. 0. 3.15408921e-003 0. 0. 0. 0. -5.63188631e-004 0. 0.
    0. 1.50783209e-003 9.08304937e-003 1.06693245e-003 2.13466142e-003
    0. -2.36597215e-003 0. 0. 0. 0. 0. 0. 2.41957302e-003
    3.79745080e-003 3.12612695e-003 0. 1.78079354e-003 0. 0.
    -1.34450354e-004 -7.13003101e-004 7.29803636e-004 3.71488626e-004 0.
    0. 0. 0. 7.53131171e-004 -2.14052343e-004 5.76117495e-003
    1.16716052e-004 0. 0. 8.70004646e-004 0. 0. 0. 0. 3.68961575e-003 0.
    3.11391283e-004 0. 0. 0. 0. 0. 0. 1.54276437e-003 0. 0.
    3.97072081e-003 -8.04453681e-004 0. 0. 0. 0. 1.39634148e-003 0. 0.
    2.29661306e-003 0. 1.19315868e-003 0. 0. -1.70872349e-003 0. 0.
    4.16619499e-004 0. 0. 0. 9.42028884e-004 0. 0. 2.71364907e-003 0.
    8.17691162e-003 4.73384076e-004 0. 0. 0. 0. 0. 0. 0. 0. 0.
    1.97773357e-003 0. 1.92437191e-002 1.32136862e-003 0. 0. 0. 0.
    -6.78119977e-005 0. 6.55825902e-003 2.82925158e-003 0.
    3.13644973e-003 0. 1.91650353e-003 5.36757754e-003 2.61530542e-004
    -1.04293437e-003 -1.16229940e-005 0. 0. 0. -8.15735781e-004
    1.18074153e-004 0. 0. 0. 0. 3.57098691e-003 4.14919108e-003
    2.79140030e-003 0. 0. 0. 0. -1.18681963e-003 1.05583004e-003
    3.34857381e-003 9.98916849e-003 1.62062657e-004 0. 0. 0. 0. 0. 0. 0.
    0. 1.72607729e-003 0. 3.59604578e-003 1.72661815e-003 0. 0.
    4.21929453e-003 0. 3.01548629e-003 0. 0. 2.16623954e-003 0. 0. 0. 0.
    2.33909814e-003 0. -4.90009028e-004 0. 5.22060436e-004
    1.06423197e-003 0. 1.43207225e-003 0. 0. 0. 0. 0. 1.57929934e-003
    -1.57880562e-003 0. -3.22437962e-004 3.28503636e-004 2.83020129e-003
    1.17357692e-003 0. 2.73540779e-003 7.33710185e-004 2.34117801e-003
    4.36081784e-003 1.02606100e-004 0. 8.98367260e-003 0.
    -2.02849088e-003 1.04591846e-002 -4.77717200e-004 0. 2.89699971e-003
    0. 1.55173228e-004 0. 2.98129022e-003 0. 0. 0. 0. 0. 0. 0. 0. 0. 0.
    3.17393616e-003 0. 0. 1.23252941e-003 0. 4.93754912e-003
    4.39423695e-003 0. 0. 0. -1.06837472e-003 0. 1.25934498e-003 0. 0.
    2.88506504e-003 0. 3.52295442e-003 0. 0. 0. 3.23401880e-003
    -6.23188098e-004 0. 9.63648956e-004 1.74620398e-003 1.42264151e-004
    0. -1.01126684e-003 0. 0. 0. 0. 3.09363822e-003 1.07549538e-003 0.
    3.59778572e-003 -1.64636062e-003 1.57177285e-003 8.74537043e-003 0.
    5.36768604e-003 0. 2.74096383e-003 1.73657970e-003 0. 0. 0. 0. 0.
    1.77371374e-003 0. 0. -4.17353120e-003 0. 2.22841161e-003
    1.53173832e-003 1.10161095e-003 0. 0. -2.72453111e-003 0. 0.
    1.00640673e-003 0. 1.08609572e-002 1.47862174e-003 0.
    -6.03492197e-004 0. 4.07698331e-003 3.88048938e-004 0.
    2.79941247e-003 0. 4.46684950e-004 0. 0. 0. 3.59227095e-004 0.
    -2.48525687e-003 0. 0. 0. 4.75811493e-003 5.49021503e-003 0.
    2.87325517e-003 0. 0. 2.70119356e-003 0. 0. 0. 0. 0. 0.
    3.28866154e-004 0. 6.78887882e-004 4.70803026e-003 1.19056308e-003
    5.54458378e-003 0. 6.98389544e-004 1.86028250e-003 1.57563784e-003
    -1.54286972e-003 0. 0. 0. 0. 4.02205391e-003 0. 0. -2.82160146e-003
    -1.72680840e-004 6.98893191e-003 0. 0. 0. 0. 5.13496436e-003
    8.05382791e-004 4.73187910e-003 0. 9.05254204e-003 0.
    1.01074623e-003 5.22817252e-003 9.21392231e-004 1.44070992e-003 0.
    0. 0. 2.42835755e-004 0. 0. -7.29677035e-004 8.54216702e-003
    -2.14291201e-003 0. 0. 0. 1.06958230e-003 0. -1.01357885e-003 0.
    4.06699907e-003 0. 0. -1.13989820e-003 0. 0. 0. 0. 8.51034652e-003
    1.35987636e-003 -5.87802089e-004 6.48944988e-004 0. 0.
    4.85054636e-003 0. 0. 2.03387812e-004 0. 1.36083702e-003
    2.01135920e-003 0. 5.38902311e-003 0. 0. 3.39526054e-003
    1.88351178e-003 9.76596959e-003 5.59616892e-004 0. 0. 0. 0. 0.
    9.80376173e-003 0. 1.09790999e-003 0. -5.01853880e-004 0. 0. 0.
    1.06221596e-004 0. 1.11729605e-003 -1.25681225e-004 0.
    4.31638537e-003 0. 0. 1.84097991e-003 0. 9.14920773e-003
    1.02357555e-003 1.42368558e-003 9.08118580e-003 1.88786129e-003
    2.20766570e-002 0. 6.94566173e-003 -8.53646838e-004 0.
    5.52953861e-004 0. 2.51754909e-003 0. 6.25939108e-003
    7.45918788e-003 0. 1.09874515e-003 1.07010116e-003 0.
    5.30953577e-004 0. 0. 6.39729900e-004 0. 0. 0. 0. 0. 0. 0.
    5.64769749e-003 2.15710234e-003 0. 4.38495120e-003 0. 0. 0.
    1.57566031e-003 0. 7.62089738e-004 2.48723663e-003 1.51379310e-004
    4.39259270e-003 0. 4.94867621e-004 3.36468872e-003 2.60713440e-003
    1.49961549e-003 0. 0. 0. 0. 1.30442064e-003 -7.25133345e-004 0. 0.
    0. 0. 6.22152642e-004 0. 0. 0. 3.33581469e-003 3.67280142e-003 0.
    1.90734118e-003 4.60420130e-003 3.04201897e-003 1.25799198e-002
    8.81273299e-003 2.45643570e-003 5.85039437e-004 9.43317369e-004 0.
    0. 0. 0. 0. 0. 7.40252994e-003 2.96050590e-003 8.02689523e-004 0. 0.
    9.05546919e-003 -4.15260351e-004 2.37712171e-003 5.64841693e-003 0.
    0. 5.86693361e-003 1.63048308e-003 1.45125878e-003 -4.82988631e-004
    0. 0. 0. 0. -3.72520153e-004 0. 5.47340373e-003 0. 0.
    3.02259857e-003 3.05948290e-003 0. 0. 0. -3.51767614e-003 0.
    -1.41429820e-003 0. 0. 3.96653428e-004 1.07865278e-002
    -1.53720332e-003 0. 0. 1.30290643e-003 0. 4.44950187e-004 0. 0.
    1.17606227e-003 5.04966779e-003 0. 5.74010331e-003 0. 0.
    2.96900398e-003 0. 0. 0. 0. 0. 4.13495256e-003 0. 1.52250845e-003
    2.27291952e-003 0. -2.43288511e-003 0. 0. 0. 3.33105144e-003 0. 0.
    0. 9.10263101e-004 0. -1.47689079e-007 0. 3.94437741e-003 0. 0. 0.
    2.81236623e-003 0. 0. 0. 3.33832088e-003 0. 0. 1.06330903e-003 0. 0.
    0. 0. 0. 0. 0. 2.12536121e-004 0. 1.66192790e-003 0. 0.
    -1.07861089e-003 0. 0. 0. 0. 0. 0. 1.08312946e-002 -7.28086336e-004
    7.48579297e-003 1.56667852e-003 4.51303879e-003 0. 1.39982847e-003
    3.65730585e-003 0. 0. 0. 5.21545578e-003 0. 0. 1.22703693e-003
    3.30036762e-003 0. 1.53682439e-003 0. 0. 2.20798398e-003
    4.13430296e-003 3.02975974e-003 0. 0. -2.85994494e-003
    1.21178222e-003 4.14640468e-004 -5.57567168e-004 0. 0.
    7.67954800e-004 0. 0. 3.32576246e-003 0. 0. 0. 6.74913608e-005 0.
    3.40613211e-003 0. 1.59888552e-003 4.05191240e-004 0.
    5.65982009e-005 0. 0. 0. 0. 0. 4.96820954e-004 0. 3.09431599e-003 0.
    0. -1.18169060e-003 0. 0. 7.45118130e-003 0. 6.90936670e-003 0.
    8.97064805e-004 -2.91475462e-005 0. 1.88881950e-003 -3.82339058e-004
    0. 0. 0. 1.45567849e-003 0. 0. 0. 4.45634266e-003 0. 0. 0. 0. 0. 0.
    0. -3.60003352e-004 -1.64149242e-004 3.29301140e-004 0.
    1.35218573e-003 0. 3.80203524e-003 0. -7.25072157e-003 0. 0. 0.
    3.14101041e-003 0. 3.80388298e-003 0. 0. 2.52833171e-003 0.
