<?xml version="1.0"?>
<opencv_storage>
<imageDescriptor type_id="opencv-matrix">
  <rows>1</rows>
  <cols>1000</cols>
  <dt>f</dt>
  <data>
    1.82643742e-003 0. 2.03994615e-003 -4.96604946e-004 -6.55795957e-005
    6.93988462e-004 8.44391156e-003 0. 5.50839491e-003 0. 0. 0. 0.
    7.05696875e-004 2.29499931e-003 1.47050217e-004 2.08287966e-003
    4.49701736e-004 2.12539453e-003 5.26303286e-003 2.60004285e-003
    -1.36033123e-004 1.46210834e-003 2.00985800e-004 0. 2.08888538e-004
    0. 0. 8.13149323e-004 0. 0. 2.01300043e-003 0. 1.60325877e-003 0.
    -6.72198134e-004 0. 6.37710109e-005 1.07470274e-004 2.28629960e-003
    0. 2.69177975e-003 6.68764673e-003 1.28012430e-003 0.
    8.95970908e-004 1.12009223e-003 8.25222232e-004 0. 2.01239163e-004
    0. 0. 0. 0. 0. 0. 0. 0. 0. -2.74019223e-003 4.55788383e-003
    3.16717266e-003 2.46543251e-003 -1.17598544e-003 5.72315557e-003
    3.22103873e-003 0. 1.74555651e-004 0. 1.84466457e-003
    6.65174157e-004 0. 6.45909051e-004 6.13067241e-004 3.18221049e-004
    5.58628468e-003 3.18894791e-003 2.71436316e-003 8.04717536e-004 0.
    2.81137624e-003 1.19617651e-003 0. 0. 3.13569768e-003
    1.94671622e-003 6.56879216e-004 1.37825395e-004 0. -1.22030440e-004
    4.91127837e-003 0. 2.25635758e-003 0. 9.72652866e-004
    1.50596199e-003 1.22473727e-003 0. 6.65973348e-004 1.80594740e-003
    0. 0. 0. 3.68023245e-003 9.99549753e-004 0. 0. 3.88511864e-004 0.
    5.05212229e-004 0. 0. 0. 1.66832295e-004 1.36816525e-003 0.
    1.35986111e-003 0. -2.74869060e-004 3.83332372e-003 2.51172576e-003
    0. 0. 5.01834613e-004 0. 0. -1.30994624e-004 8.92554584e-004
    2.03728821e-004 3.86926578e-004 0. -4.53598215e-004 0.
    3.56341922e-003 2.17199023e-003 3.02825915e-003 4.84244316e-004
    8.80338717e-004 0. 0. 2.80719833e-003 9.57379583e-004
    -8.67246708e-005 0. 4.77841590e-003 7.50340708e-003 3.14877881e-003
    0. 4.45112819e-003 2.20606965e-003 5.44897921e-004 2.06581014e-003
    0. 1.59599085e-003 0. 6.00360846e-003 3.97063000e-003 0. 0. 0.
    -1.14201954e-004 0. 0. 0. 2.80539040e-003 8.37794796e-004
    1.34835136e-003 0. 0. 0. 7.25468574e-003 5.94562734e-004 0. 0.
    2.47837021e-003 1.85904594e-003 0. 5.39296132e-004 1.05226636e-002
    1.70484604e-003 0. 6.51036913e-004 3.75965796e-003 0.
    2.95109767e-003 -6.70402893e-004 2.70547951e-003 3.35353287e-003 0.
    0. 0. 0. 0. -2.75932805e-004 0. 0. 1.34091382e-003 4.94648889e-003
    8.56724218e-004 1.86244826e-004 3.51005211e-003 1.21845142e-003 0.
    2.75207427e-003 0. 2.51022307e-003 6.73272472e-004 0. 0. 0. 0.
    2.37634871e-003 -4.42466291e-004 0. 1.53049652e-003 1.20160182e-003
    0. 0. 0. 3.46597726e-003 0. 1.49535609e-003 2.22911971e-004
    1.56682485e-003 2.66112853e-003 0. -4.53969988e-004 5.32343984e-003
    0. 1.04636245e-004 1.30708667e-003 2.30087363e-003 0.
    3.39172082e-003 0. 0. 0. 0. 1.84248667e-003 2.62512849e-003
    -6.73804141e-004 -4.15459275e-004 1.15184637e-003 9.61765356e-004
    3.40042141e-004 4.09444532e-004 3.49659729e-003 1.73193112e-003
    3.17062112e-003 4.21859120e-004 0. 2.28223647e-003 2.47802731e-004
    5.17637003e-004 0. 1.86099391e-003 0. -7.74400018e-004
    1.84125733e-003 7.74006883e-004 0. 1.30163028e-003 0.
    3.00597254e-004 1.05499430e-003 1.09547551e-003 0. 0.
    5.98632311e-003 8.68657429e-004 2.86140153e-003 -4.50736610e-004 0.
    9.77558084e-004 2.47923541e-003 2.67732120e-003 1.59359269e-003 0.
    0. 6.24577980e-003 0. 9.88195650e-004 0. 7.92246254e-004 0. 0. 0. 0.
    -2.67900177e-004 3.00883519e-004 1.08931877e-003 1.10238185e-003
    1.34173082e-003 2.98670423e-003 5.84871450e-004 1.73700406e-004
    2.92280642e-003 2.11372087e-003 0. 0. 1.93792177e-004
    9.60623147e-004 0. 4.42942604e-004 4.34204098e-003 6.05631969e-004
    9.02536849e-004 6.81549776e-004 1.03278714e-003 -6.27441623e-004 0.
    1.11912284e-003 4.87961079e-004 2.76964693e-003 5.60957822e-004
    2.38603703e-003 4.19512065e-003 3.70654464e-003 1.17378391e-003
    -6.04309062e-005 4.97693953e-004 0. 0. 0. 0. 2.51838914e-003
    3.25940968e-003 0. 0. 8.06521100e-004 0. 0. 0. 1.60332455e-003 0.
    3.63239017e-003 1.73389586e-003 1.86268508e-003 0. 0. 0.
    1.86749187e-003 4.16611647e-003 0. 0. 4.11580876e-003
    4.11698781e-003 0. 0. 0. 1.03461824e-003 -1.99045317e-005
    3.54979141e-003 5.98699832e-003 2.87826685e-003 0. 8.95984049e-005
    1.77934766e-003 1.20961934e-003 0. 0. 5.94137982e-003 0. 0. 0. 0.
    3.27411224e-003 -1.22990320e-003 0. 3.78568424e-003 0. 0.
    2.42536562e-003 0. 1.08877546e-003 1.37221836e-003 1.63562526e-003
    0. 8.00509297e-004 0. 0. 0. 0. 4.04080329e-003 0. -1.60726813e-005
    0. 7.02428952e-006 1.94523687e-004 1.52020960e-003 4.12140787e-003
    0. 0. 5.47543680e-003 2.29063421e-003 0. 1.62843615e-003 0.
    3.30904801e-003 8.90729483e-004 0. 3.04474612e-004 4.25336603e-003
    1.41751789e-003 7.60912779e-004 0. 0. 1.11340312e-003
    -1.82147243e-003 5.55875129e-004 -9.27988731e-005 0. 4.04320518e-003
    7.45378761e-003 5.37911314e-004 4.11802297e-003 0. 5.65831270e-003
    1.82508864e-003 0. 2.99752946e-003 0. 0. 1.92244444e-003 0.
    -8.01771588e-004 6.26434060e-003 0. -2.78018473e-004 1.11517031e-003
    0. 0. 1.93400274e-003 5.37911104e-003 1.97746721e-003
    1.52613653e-003 2.24502198e-003 9.06499662e-003 -1.05900737e-003 0.
    6.21499377e-004 4.83420998e-004 -2.67696509e-004 2.09948612e-005 0.
    0. 0. 0. 1.36309140e-003 -9.73255082e-004 0. -5.64274727e-004
    4.81829140e-003 1.55881571e-004 4.46687103e-004 0. 0.
    4.69859317e-003 6.07700925e-003 7.10547378e-004 0. 1.90287980e-003
    1.00538391e-003 0. 4.24988568e-004 0. -4.93316402e-005
    4.10207734e-003 0. 0. 0. 2.43741996e-003 3.67186801e-003 0. 0.
    6.30084251e-004 1.80311524e-003 1.09055778e-003 3.75596806e-003 0.
    0. 0. 0. 3.42124584e-003 0. 2.46591284e-003 7.80341681e-003 0.
    5.00595779e-004 2.81391549e-003 0. 0. 5.59321954e-004 0. 0.
    3.78911244e-003 0. 0. -4.71783860e-005 0. 2.50324910e-003 0.
    1.63272940e-004 0. 0. 9.51733324e-004 9.59507015e-004
    7.63855269e-003 0. 5.39712491e-004 1.14605622e-003 -4.45819969e-005
    0. 1.65982381e-003 0. 1.29188737e-003 3.51645576e-004 0.
    8.46597482e-004 1.07346033e-003 0. 1.33464318e-002 4.44489327e-004
    -1.50554965e-003 1.10542006e-003 3.58713471e-004 0. 0.
    1.36611587e-003 0. 8.51507357e-004 1.13678141e-003 1.18010270e-003
    0. 0. 0. 8.11192207e-003 0. 0. 0. 1.82738248e-003 2.00540362e-005
    1.76255853e-004 -3.86337662e-004 0. 0. 7.52291118e-004 0. 0. 0.
    -1.99512884e-004 0. 2.94737169e-003 0. -1.98736743e-004
    -3.52561183e-005 8.08842771e-004 0. -1.00938145e-004 0.
    5.80109097e-003 0. 7.19896227e-004 2.31030677e-003 2.27578077e-003
    0. 2.31827749e-003 1.18585816e-003 1.08838780e-003 9.51671798e-004
    0. 0. 1.20278948e-003 -2.01857343e-004 1.42314355e-003
    1.40474632e-003 0. -1.79227456e-004 0. 0. 0. 2.70555727e-003 0. 0.
    1.43442745e-003 0. -3.66518274e-004 0. 0. 0. -2.24369694e-003 0. 0.
    0. 0. 0. 0. 8.61286302e-004 5.52418781e-003 5.93700918e-007 0.
    9.64563631e-004 5.70194854e-004 -3.48208472e-004 0. 1.28297519e-003
    1.86397345e-003 6.12525677e-004 4.32560360e-003 0. 2.15934822e-003
    1.40671816e-003 0. 0. 0. 6.63619314e-004 1.30491459e-003
    9.02375265e-004 2.35642976e-004 2.55700364e-003 0. -6.75109390e-004
    0. 1.09200017e-003 0. 4.19791136e-003 7.76030356e-004
    3.14891222e-003 0. 3.90642742e-003 0. 4.62851400e-004
    3.61124356e-003 1.43785274e-003 0. 1.66207974e-004 0.
    -4.56916518e-004 0. 1.67756143e-003 0. 1.65526569e-003
    -1.97816640e-004 0. 1.94510049e-003 1.18279911e-003 0. 0.
    1.10811216e-003 1.34545134e-003 0. 0. 1.19188847e-003 0.
    4.76995436e-003 7.47666578e-004 1.09228236e-003 0. -1.23260042e-003
    0. 7.60188443e-004 0. 0. 2.01847241e-003 0. 2.71124812e-003 0.
    4.29815892e-003 3.34985345e-003 0. 1.74859364e-003 0.
    2.39325847e-004 1.00629823e-003 -4.36102826e-004 2.41539045e-003 0.
    1.76515197e-003 0. 9.67233093e-004 0. 0. -1.10841229e-005
