<?xml version="1.0"?>
<opencv_storage>
<imageDescriptor type_id="opencv-matrix">
  <rows>1</rows>
  <cols>1000</cols>
  <dt>f</dt>
  <data>
    0. 0. 1.24752487e-003 0. 0. 0. 0. 2.88827368e-003 0. 3.20303231e-003
    0. 0. 1.93287371e-004 2.16038618e-003 0. 6.99463941e-004 0.
    3.25276353e-003 0. 0. 4.81902016e-003 0. 0. 0. 0. 1.19571239e-002 0.
    0. 0. 0. 0. 1.51085970e-003 0. 3.78278689e-003 0. 6.77517662e-003 0.
    0. 3.14278575e-003 -9.18353559e-004 0. 0. 0. 0. 0. 0. 0. 0. 0.
    5.77111542e-003 3.62917024e-004 0. 0. 0. 0. 1.30707920e-002
    -1.80868583e-003 5.61334100e-003 0. 2.98482482e-003 0.
    3.03965365e-003 9.38700978e-004 0. 0. 0. 0. 0. 0. 0. 0.
    -2.86499038e-003 0. 0. 0. 0. 2.13741255e-003 1.30621064e-002 0.
    1.59544882e-003 3.15235998e-003 0. 0. 0. 0. 0. 0. 0.
    -2.27236160e-004 7.80315371e-003 0. 1.61643419e-003 0. 0. 0. 0.
    -8.31012905e-004 0. 0. 0. 0. -8.05095333e-005 0. -3.07183852e-003
    1.82230037e-003 0. 1.88140234e-003 0. 5.92234964e-003
    2.52460875e-003 2.87334854e-003 0. 0. 0. 0. 1.68526266e-002 0.
    4.48691333e-003 6.50032377e-003 0. 0. 0. 0. 1.79163227e-003 0.
    9.63556208e-003 0. 0. -3.34029924e-003 6.42731669e-004
    2.74793850e-003 0. 0. -7.23230070e-004 8.50627664e-003 0. 0. 0.
    -9.09343420e-004 0. -1.29721453e-003 0. 5.68155665e-004 0. 0. 0. 0.
    3.15794977e-003 0. -1.02914509e-003 0. 7.33066211e-003
    5.86181879e-004 0. 0. 6.35466445e-003 2.81340006e-004 0.
    5.97305770e-004 0. -1.84932910e-003 -2.26029777e-003 0.
    5.01223048e-003 0. 0. 0. 1.99252157e-004 0. 0. 1.22253867e-002 0. 0.
    1.65721052e-003 0. 0. 5.26117999e-003 4.31864569e-003
    1.34691526e-003 0. 0. 0. 0. 0. 0. 2.95303878e-003 3.77894292e-004 0.
    0. 0. 0. 1.81544269e-003 0. 0. 0. 0. 0. 5.65127935e-003 0.
    1.81738078e-003 0. 0. 0. 0. 0. 3.59922968e-004 2.07805051e-003 0. 0.
    4.68406873e-003 0. 0. 1.06238322e-002 0. 0. 0. 0. -2.67105619e-003
    0. 1.68020220e-003 0. 1.27864513e-003 0. 1.58265326e-003 0.
    -1.42463157e-003 0. 0. 0. 0. 4.17611655e-003 0. 0. 0. 0. 0.
    1.73890237e-002 3.96804558e-003 0. 5.30732272e-004 0. 0. 0. 0.
    1.82877714e-003 1.97982159e-003 0. 0. 0. 4.24608681e-003 0. 0.
    2.18559196e-003 2.81026424e-003 0. 0. 0. 0. 2.80855712e-003 0. 0. 0.
    0. 0. 0. 5.83517645e-003 0. 1.65151013e-003 3.75795411e-003 0. 0. 0.
    0. 3.46712768e-003 0. 7.88544863e-003 8.85012280e-003
    -1.71734439e-003 3.98731465e-003 4.10392461e-003 1.51372992e-003
    2.39095557e-003 0. 0. 0. 0. 0. 0. 1.04616256e-002 2.68171215e-003 0.
    0. 1.07656447e-002 0. 0. 1.79369014e-003 2.48544081e-003
    4.23565228e-003 4.59138397e-003 0. 3.84743558e-004 -1.57301011e-003
    0. 3.36619606e-003 0. 0. 0. 0. 0. 1.65181991e-003 0. 0. 0. 0.
    2.58149602e-003 2.04844377e-003 0. 0. 0. 0. 0. 0. 5.56905463e-004
    1.34776428e-003 1.50273868e-003 -7.34036323e-003 1.71381072e-003
    2.24930188e-003 -9.85534462e-006 0. 0. 0. 0. 8.50048475e-003 0. 0.
    0. 0. 0. 0. 0. 0. 1.38967021e-004 0. -7.75743043e-004
    6.96957484e-003 0. 4.37147310e-003 0. 0. 0. 9.32356110e-004 0. 0.
    4.09111194e-003 0. 0. 3.30936117e-003 6.42347208e-004 0. 0. 0. 0. 0.
    0. 0. 0. 0. 0. 0. 0. 0. 0. 8.09667818e-003 1.87525377e-002
    -6.62502483e-004 0. 0. 0. 6.91739187e-005 -5.36239764e-004 0. 0.
    2.45620427e-003 2.66915886e-003 2.61232909e-003 -9.27282672e-004 0.
    0. 0. 8.88247043e-003 0. -1.16617513e-004 2.74973782e-003 0.
    4.71243821e-003 0. 0. 0. 0. 2.82937288e-003 0. 0. 0. 1.83517346e-003
    5.49815968e-003 6.69325143e-003 0. 0. 0. 3.35244182e-003
    -1.43922842e-003 0. 0. 0. 5.05774282e-003 0. 0. 0. 0. 0. 0. 0. 0. 0.
    0. 0. 7.31835887e-003 -7.50914856e-004 0. 0. -1.12074357e-003 0. 0.
    0. 5.65772410e-003 0. 0. 0. 0. 0. 1.84445817e-003 0.
    -5.44730399e-004 0. 0. 0. 0. 0. 6.24229386e-003 -1.63880948e-004 0.
    0. 1.11275073e-002 0. 2.22643837e-003 0. 4.50081937e-003
    1.05696148e-003 -1.93406153e-003 0. 0. 0. 0. 0. 0. 3.10897990e-003
    0. -7.13192101e-004 0. 1.00130225e-002 0. 0. 0. 0. 0. 0.
    6.19243656e-004 -6.42352214e-004 0. 0. 4.80272109e-003
    1.01932863e-004 0. 0. 2.52779201e-003 0. 0. 0. 2.84272875e-003 0. 0.
    1.51363769e-004 1.19168917e-003 4.16658353e-003 0. 4.96480381e-003
    0. 0. -1.43813353e-003 0. 0. 0. 0. 0. 0. 0. 0. -3.48200847e-004
    3.86259239e-003 0. 0. 6.00151764e-003 0. 0. 0. 0. 1.36464499e-002 0.
    0. 0. 0. 0. 5.12362516e-004 0. 1.27510503e-002 0. 2.59081280e-004 0.
    7.02558085e-003 0. 0. 0. 1.66337169e-003 0. 3.39493318e-003
    7.11963628e-004 0. 0. 0. 0. 0. 0. -2.50631222e-003 0. 0. 0.
    1.35075708e-003 0. 1.95533293e-003 5.53509081e-003 0. 0. 0. 0.
    -1.36790413e-003 4.26033558e-003 9.07421228e-004 0. 8.80035805e-004
    0. 0. 0. -4.81614727e-004 -7.11278873e-004 0. 0. 0. 0. 0.
    6.67170738e-004 -3.03780218e-003 -1.78092159e-003 1.95412454e-003 0.
    0. 0. 0. 1.56663847e-003 0. 0. 0. 0. -6.42008265e-004
    1.94068486e-003 0. 0. 0. 5.72659010e-005 7.86983222e-003 0. 0. 0.
    4.99261729e-003 0. 0. 0. 0. 0. 0. 0. 0. 1.56271286e-004 0. 0.
    1.24588772e-003 0. 0. 0. 0. 0. 3.50419246e-003 0. 0. 8.45249277e-003
    0. 9.07618552e-003 0. 0. 0. 2.62041157e-003 0. -3.03710368e-003
    2.82938662e-003 0. 0. 0. 0. 2.47725961e-003 6.05160650e-003
    1.64372043e-003 -8.22398462e-004 3.53346206e-003 0. -5.51321078e-004
    -1.08186051e-003 0. 2.49118172e-003 0. 0. 2.38875719e-003 0. 0.
    1.52907276e-004 0. 0. 0. 0. 9.15472023e-003 1.61015138e-003
    1.00457971e-003 3.16772028e-003 0. 1.61563791e-003 0. 0. 0.
    2.26885313e-003 7.34794792e-003 -1.88417791e-003 0. 0.
    4.52290382e-003 0. 4.46938584e-003 0. 0. 0. 0. 6.23669941e-004
    7.64494180e-004 0. 0. 0. 0. 0. 0. 0. 2.11427291e-003
    -1.14133244e-003 1.75144139e-003 0. 2.40793498e-003 0. 0.
    -1.58065418e-003 4.39741276e-003 0. 4.75111837e-003 0. 0.
    -7.90155958e-004 0. 5.67948399e-003 0. 0. 0. 0. 0. 1.29895040e-003
    0. 0. 0. 0. 3.68525763e-003 2.14785454e-003 0. 0. 0. 0. 0. 0. 0. 0.
    0. 0. 0. 0. 5.43143647e-003 3.50521295e-003 3.42098065e-003 0.
    8.00593756e-003 0. 0. 0. 0. 0. 0. 8.13103840e-003 0. 0.
    3.27001000e-003 0. -2.34452123e-003 0. 2.09428743e-003 0. 0. 0.
    3.26000416e-004 0. 5.40336408e-003 2.00948655e-003 0.
    2.86076567e-003 1.22635392e-002 -1.07721193e-003 3.67094600e-003 0.
    1.13623892e-003 0. 0. 4.27441671e-004 -3.66615807e-003 0.
    6.10659597e-004 0. 6.39690406e-005 1.28008146e-003 0. 0.
    -5.02541552e-005 0. 0. 0. 0. 5.80529543e-003 3.26433056e-003 0. 0.
    0. 0. 2.24864879e-003 0. 0. 0. 1.63560535e-003 9.14373668e-004 0.
    3.88954533e-004 3.15881334e-003 0. 7.70969084e-004 9.59733594e-003
    0. 0. 7.63028162e-003 0. 0. -1.42181409e-003 8.03769508e-004
    2.82681477e-003 2.60558445e-003 0. 0. -9.63359897e-004
    1.01944420e-003 0. 1.47757150e-004 0. 0. 0. 7.70553423e-004 0. 0.
    1.16644043e-003 0. 0. 2.46208115e-003 9.43302992e-004 0. 0.
    1.19065894e-002 5.00140246e-003 0. 1.98424514e-003 0. 0. 0. 0.
    2.92698806e-003 0. 0. 0. 0. 0. 0. 0. 0. 0. -4.95023734e-004
    3.27148708e-003 4.12854878e-003 0. 6.26021158e-003 1.22335996e-003
    0. 0. 3.59051675e-003 6.66099950e-004 3.25632468e-003
    -7.89419631e-004 0. 0. 0. 0. 2.17705034e-003 2.61369999e-003
    5.93903381e-003 0. 2.94060027e-003 0. 0. 0. -5.89333591e-004
    2.13336456e-003 1.23543025e-003 3.19906347e-003 0. 8.72081204e-004
    2.59799836e-003 0. 2.84460187e-003 0. 0. 3.21830926e-003
    -1.76312251e-003 0. -2.33274791e-003 1.02203768e-002 0.
    4.36657248e-003 0. 0. 0. 0. 0. 9.00772493e-003 0. 0. 0.
    2.35407031e-003 0. 0. -1.52596983e-003 1.11804693e-004 0. 0.
    3.52819287e-003 2.27705878e-003 4.03345283e-003 0. 0.
    1.56092737e-003 1.43797696e-003 1.28720759e-003 0. 0.
    1.88196066e-003 0. 0. 0. 0. 2.34619505e-003 0. 0. 0. 0. 0.
    2.32412829e-003 2.36913026e-003 0. 3.86055326e-004 0.
    -2.28317338e-003 0. 0. 0. 0. 0. 0. -4.22435394e-003 6.00853795e-003
    0. 6.97912043e-003 0. 0. 1.15886657e-003 1.16248522e-003
