<?xml version="1.0"?>
<opencv_storage>
<imageDescriptor type_id="opencv-matrix">
  <rows>1</rows>
  <cols>1000</cols>
  <dt>f</dt>
  <data>
    0. 0. 4.73481882e-003 4.92353458e-003 3.28391301e-003 0. 0.
    2.15184176e-003 3.62355565e-003 0. 0. 0. 3.65631934e-003 0. 0. 0.
    1.29759300e-003 3.64053034e-004 0. 1.02797430e-003 1.55660673e-003
    0. 0. 0. 0. 6.77266764e-003 0. 2.84232618e-003 0. 0. 1.64114195e-003
    8.97242781e-003 -1.01550983e-003 -6.96107105e-004 -4.63394790e-005
    0. 1.55431300e-003 0. 0. 2.19612801e-003 4.11353481e-004 0.
    6.45587128e-003 3.90348583e-003 0. 0. 0. 0. 0. -1.57942693e-003 0.
    0. 0. 0. 0. -1.46181509e-003 2.72653857e-003 -1.92341744e-004 0.
    2.42566876e-003 0. -1.22725591e-003 0. 0. 0. 0. 0. 0.
    -1.04660704e-003 0. 0. 1.31643668e-004 0. 0. 0. 3.15027754e-003
    3.09316209e-003 0. 3.82082956e-003 2.92322293e-005 0. 0.
    5.56711853e-003 0. 0. 0. 3.91217181e-003 0. 0. 7.45895645e-003 0. 0.
    -1.12143054e-003 0. 0. 6.68950961e-004 0. 0. 0. 0. 0.
    2.43779691e-003 2.25966447e-003 0. 0. 0. 0. 0. 1.51158380e-003 0.
    2.02144403e-003 0. 0. 0. 6.01844862e-003 0. 0. 0. -1.59502588e-003
    2.72722659e-003 0. 0. 1.76697562e-003 0. 6.89015910e-003 0. 0.
    3.58217140e-003 -3.63921106e-004 0. 8.65040929e-004 5.62935323e-003
    1.04201317e-003 0. 0. 1.90143823e-003 0. 0. 0. 2.07745470e-003
    1.18278731e-002 0. 2.17275601e-003 0. -3.82186892e-003 0.
    -4.12463094e-004 3.61322798e-003 0. 6.21666387e-003 2.55696708e-003
    5.15551213e-003 0. 0. 0. 0. 2.47828243e-003 0. 0. 0. 6.60554133e-003
    0. 1.92178017e-003 -4.64370882e-004 0. 0. 2.59647355e-003 0. 0. 0.
    0. 0. 2.91153381e-004 0. 7.13970105e-004 0. 0. 0. 4.14736150e-003 0.
    0. 1.14461081e-003 0. 8.40601220e-004 4.20537282e-004 0. 0. 0. 0. 0.
    0. 0. 4.91707306e-003 0. 0. 1.06036756e-003 0. 0. 0. 3.08715831e-003
    1.45566603e-003 -1.17897376e-004 3.55120399e-004 0. 0.
    1.16587768e-003 0. 4.42052633e-003 -2.39278353e-003 1.23489159e-003
    8.48661829e-003 0. 0. 0. 0. 0. 0. 0. 0. 5.47263632e-003
    2.52296962e-003 0. 0. 0. 3.31210275e-003 0. 0. 0. 0. 1.58134184e-003
    0. 0. 4.91699204e-004 -5.96268685e-004 0. 0. -2.09702272e-003 0.
    1.26517680e-003 0. 0. 0. -6.12961245e-004 0. 0. 0. 0. 0.
    7.06461782e-004 2.31351517e-003 3.29961709e-004 0. 9.55266994e-004
    0. 2.64662551e-003 0. -8.10771133e-004 1.81452499e-003
    7.39748776e-003 0. 3.52150854e-003 0. 0. 0. 0. 3.38663254e-003
    1.44518178e-003 0. 0. 0. 0. -1.39250071e-003 0. 8.66657030e-003 0.
    1.00181345e-002 3.95142520e-003 0. 2.80855596e-003 1.70001830e-003
    1.59105230e-002 0. 0. 4.16843733e-003 0. 0. 4.74142050e-003
    1.90151599e-003 9.31807968e-004 0. 0. 0. 2.48198770e-003
    9.81623307e-003 0. 0. 1.41891011e-003 2.24363641e-003
    2.76495400e-003 0. 1.60424423e-003 0. 0. 0. -4.06399486e-004 0. 0.
    0. 0. -2.57221836e-004 0. 7.63343705e-004 0. 0. 0. -8.75428610e-004
    4.85134404e-003 3.86363035e-003 0. 1.81269064e-003 9.40523387e-005
    0. 0. 1.78452302e-003 4.31254180e-003 0. 2.52230745e-003 0. 0.
    2.66140327e-003 0. 5.26468642e-003 0. 0. 0. -3.02452245e-005 0.
    2.73514027e-003 3.75384116e-003 1.55202812e-002 0. 1.76857589e-004
    -7.49921252e-004 2.99772713e-004 0. -1.49426272e-003 0.
    2.89489655e-003 0. 0. 0. 3.38914571e-003 0. 0. 0. 2.76008993e-003
    -1.60773995e-003 5.27908839e-003 0. 0. 0. -1.51763542e-003
    7.39967072e-005 8.65313748e-004 0. 0. 4.96382220e-003
    4.41141287e-003 0. 0. 0. 0. 0. 0. 2.57194717e-003 0. 0.
    2.21809396e-003 9.17235762e-003 4.47290810e-003 3.10605014e-004 0.
    0. 0. 7.27525167e-003 0. -1.24649901e-003 0. 0. 0. 2.70067947e-004
    3.55444907e-004 0. -6.07546302e-004 0. 2.60376115e-003 0. 0.
    8.66688264e-004 0. 0. 0. 0. 8.31103139e-003 0. 6.88657805e-004 0.
    -1.40382024e-003 0. 0. 9.97412950e-004 -1.09666330e-003 0. 0. 0.
    4.57851728e-003 5.85109601e-003 0. 0. 0. 0. 0. 0. 0. 4.52834833e-003
    0. 0. 0. 0. 7.23790610e-003 1.08281663e-002 0. 0. 0. 1.33103607e-002
    3.06286756e-003 0. 1.01573055e-003 -8.94060475e-004 0.
    4.65176860e-003 4.45557525e-003 0. 1.04318168e-002 2.98369117e-003
    0. 0. 0. 0. 0. 7.95938913e-003 0. 0. 0. 0. -5.68701944e-004 0. 0. 0.
    3.18714255e-003 7.21281860e-004 0. 0. 1.29568041e-003 0. 0. 0.
    4.94808005e-003 0. 0. 8.41398723e-003 0. -3.36828089e-004 0.
    6.68954896e-003 0. 0. 0. 5.51140285e-004 0. 0. -6.20469509e-004
    1.95935788e-003 -7.82098970e-004 0. 1.77169894e-003 -6.71467162e-004
    0. 4.91812243e-004 1.85377209e-003 1.73370703e-003 0.
    2.40326859e-003 0. 0. 0. 0. 0. -1.46038691e-003 0. 0. 0.
    2.36860057e-003 0. 3.13685229e-003 0. 0. 0. 8.80351663e-003 0. 0. 0.
    0. 0. 0. 5.35225961e-004 0. 0. 1.73616305e-003 0. -1.16810738e-003
    0. -1.02488487e-003 2.98828469e-003 4.38485341e-003 2.26968506e-004
    0. 0. 0. 1.52481953e-003 0. 1.05025654e-003 -4.24594400e-005 0. 0.
    0. 0. 2.75581586e-003 0. 0. 0. 2.81250686e-003 0. 0. 3.20743443e-003
    -6.04390807e-004 0. 3.35640740e-003 0. 0. 1.26805920e-002 0. 0.
    -4.81138741e-005 0. 0. -4.06597275e-004 -5.05544769e-004 0.
    3.77465738e-003 0. 0. 3.11776670e-003 0. 1.79645990e-003
    2.27420591e-004 0. 0. 0. 8.70498770e-004 0. 5.00948075e-003 0.
    8.27427604e-004 2.47405050e-003 0. 4.99153975e-004 1.07149556e-002
    0. 0. 0. 0. 0. 2.19753082e-003 0. 0. 0. 0. 0. 3.18577630e-003 0. 0.
    0. 3.47620551e-003 0. 0. 0. 5.78633929e-003 0. 0. 0. 0.
    1.56060560e-003 0. 0. 0. 1.28236343e-003 0. 0. 2.16652686e-003
    3.54196830e-003 0. 0. 0. 0. 0. 3.43962049e-004 -1.02930667e-003
    2.72877776e-004 0. 0. 0. 1.08927512e-003 0. 0. 9.68091656e-004
    2.74390844e-003 0. 5.03501482e-003 1.85184740e-003 0. 0.
    3.01189051e-004 2.57301866e-003 1.35861048e-002 2.41798954e-003 0.
    0. 7.42043601e-003 0. 1.72025303e-003 0. 0. 3.99679295e-004
    3.50900553e-003 0. 9.81108285e-003 2.58133700e-003 0.
    3.01368069e-003 2.54920241e-003 0. 0. 5.57440624e-004
    -8.51424236e-004 0. 1.24259014e-002 0. 3.38757498e-004
    6.50061062e-004 0. 0. 7.16058491e-003 3.98458913e-003
    5.99116180e-003 2.53729546e-003 0. 0. 0. 8.02941446e-004 0. 0. 0. 0.
    0. 0. 0. 0. 0. 0. 0. 0. 0. 0. 0. 0. 0. 2.26826593e-003 0. 0.
    7.94813095e-005 7.88263715e-005 2.89942883e-003 1.19145564e-003 0.
    0. 0. -3.60810151e-003 1.70798169e-003 0. 0. -8.44648184e-006 0.
    1.19880750e-003 8.87491647e-003 0. 0. 3.00520193e-003 0.
    9.58706893e-004 0. 0. 0. -5.65419765e-003 0. 9.81001998e-004 0. 0.
    -3.37427628e-004 0. 0. 4.00290563e-004 2.45168107e-004 0. 0. 0. 0.
    0. 6.88148546e-004 0. 0. -2.34323088e-003 0. 0. 0. 0.
    2.22320389e-003 0. 0. 0. 0. 0. 0. 0. 1.53995433e-003 0. 0.
    1.88416522e-003 0. 0. 1.77900714e-003 0. 0. 0. 8.27161409e-003
    1.52328121e-003 -4.88144811e-004 2.18140543e-003 0. 7.41007365e-003
    0. 2.05565337e-003 2.64110300e-003 0. 0. 0. 0. 0. 0. 2.16321042e-003
    0. 0. 2.14367337e-003 2.45299074e-004 0. 0. 0. 0. 0. 0. 0. 0. 0. 0.
    0. 1.37258752e-003 0. 0. 2.20622565e-003 0. 0. 0. 0. 3.65065131e-003
    0. 0. 1.05691899e-003 0. 1.82464044e-003 0. 8.67241062e-004 0. 0.
    9.70675435e-004 0. 0. 0. 0. 0. 4.15020157e-003 1.65245414e-003 0. 0.
    9.17762984e-003 0. 4.75770514e-003 0. 0. 0. 1.51501352e-003 0. 0. 0.
    1.04155689e-002 0. 0. 0. 0. 0. 5.78851614e-004 0. 0. 2.58037099e-003
    4.36394662e-003 0. 2.15560291e-003 0. 0. -1.46529102e-003 0.
    1.38125056e-003 0. 0. 0. 7.86554813e-003 0. 0. 0. 1.00524751e-002
    5.26800798e-003 -6.28091162e-004 0. 0. 0. 0. -1.15701766e-003 0.
    6.85221935e-003 0. 3.12568527e-003 0. 0. 1.93964620e-003
    9.70555411e-004 0. 0. -1.05612725e-003 -1.60637591e-003 0.
    9.39821650e-004 0. 0. 0. 0. 0. 2.83627352e-003 0. 0.
    -5.74245292e-004 0. 2.79096351e-003 -1.88701111e-003 1.25297261e-002
    1.33245846e-003 1.20698835e-003 4.86261072e-003 -1.10597454e-003
    -1.45369279e-003 0. 0. 1.58957543e-003 0. 0. -6.72141550e-006 0. 0.
    6.94406219e-003 0. 0. 0. 0. 0. 1.00704134e-002 0. 0. 0. 0. 0. 0. 0.
