<?xml version="1.0"?>
<opencv_storage>
<imageDescriptor type_id="opencv-matrix">
  <rows>1</rows>
  <cols>1000</cols>
  <dt>f</dt>
  <data>
    4.82994335e-004 0. 2.29734273e-004 8.46481882e-003 1.94504403e-003
    0. 3.29892104e-003 1.82036345e-003 1.19634066e-003 -1.73322202e-004
    0. 5.73997931e-005 0. 0. 6.94502098e-003 1.75845739e-003 0.
    6.00596031e-005 0. 0. 0. 5.44555951e-003 3.16171721e-003 0.
    2.34162086e-003 6.48212328e-004 0. 1.20239891e-003 1.45341910e-003
    1.90799888e-002 0. 2.00426746e-002 -5.79734624e-004 5.45069063e-003
    5.81268629e-004 -4.04335617e-004 1.45001907e-003 5.56287216e-003
    4.92987782e-003 1.14812714e-003 0. 0. 0. -2.46818643e-004 0. 0.
    1.38384756e-004 -7.85796205e-004 0. 0. 0. 0. 2.71568750e-003 0. 0.
    0. 1.76925049e-003 -1.98964379e-003 3.37506994e-003 1.15998392e-003
    0. -3.12588818e-004 1.71082339e-003 0. 5.07462630e-003
    1.10760135e-004 0. 3.28845344e-003 5.79079730e-004 0. 0. 0. 0.
    3.63603141e-003 3.41737497e-004 0. 0. 2.35194317e-003
    1.17734098e-003 1.48648348e-006 0. 2.92661920e-004 0. 0. 0. 0.
    1.33053446e-003 1.02393271e-003 0. 7.57525617e-004 5.98488317e-004
    2.27614585e-003 6.01432810e-004 1.04991882e-003 2.96220020e-003
    -5.58196371e-006 0. 0. 3.66252405e-003 4.40293178e-003 0.
    1.29846495e-003 0. 0. 0. 0. 0. 3.21587850e-003 0. 3.99635057e-004
    -2.50710757e-003 -2.69428245e-004 0. 0. 0. 0. 0. 0. -8.05686053e-004
    2.16826680e-004 6.74228882e-004 1.70563429e-003 8.27645563e-005 0.
    1.15291812e-004 1.63300300e-003 -1.14669740e-004 0. 0.
    7.28771440e-004 0. 1.33236498e-003 -6.06312009e-004 -6.45975349e-004
    0. -4.30170185e-004 0. 0. -9.40846512e-005 0. 0. 3.65333003e-003
    -1.51472061e-003 0. 2.13514781e-003 9.50385409e-004 1.51292421e-004
    3.77904682e-004 1.13792461e-003 0. -3.38444457e-004 -6.00444109e-005
    2.48862570e-003 -4.05931087e-006 6.39005390e-004 0. 4.16493363e-004
    0. 6.40054001e-003 3.14777461e-003 1.08626751e-004 0.
    -1.02208660e-003 4.14299686e-003 0. 0. -5.29633253e-004
    4.51981003e-004 0. 0. 4.64709185e-004 1.55295711e-003 0. 0. 0.
    8.66411719e-004 2.48717656e-003 0. 2.63350178e-003 1.73197908e-003
    1.17330940e-003 -2.02981592e-003 2.08708644e-003 0. 0.
    -1.88307095e-004 2.06734403e-003 5.96427475e-004 0. 3.62135400e-003
    0. 0. 6.56460878e-004 -7.00355449e-004 0. 0. 1.82933931e-004
    9.13477689e-003 -1.90834646e-004 2.01745541e-003 0. 6.74159324e-004
    -1.05626939e-004 -4.36091999e-004 0. 8.95452627e-004 0.
    -2.50335434e-004 -1.72586821e-004 0. 0. 3.49043083e-004
    1.30601402e-003 0. 0. 0. 7.20292889e-003 -1.10506171e-005
    1.22043851e-003 3.95929068e-003 0. -2.91377655e-004 1.11417065e-003
    3.22644133e-003 0. 0. 0. 0. 0. 2.05059978e-003 0. 0. 1.12186698e-003
    6.63307169e-003 0. 0. 0. 1.70379470e-003 3.15910368e-003 0. 0.
    2.61208043e-003 0. -1.13984997e-005 0. 6.31165050e-004
    8.99842184e-004 -1.39186785e-004 7.21013756e-004 2.51391111e-003 0.
    0. 1.19137403e-003 0. 1.45375251e-003 0. 2.68044043e-003
    9.15601384e-004 0. 0. 0. 0. -2.11921614e-003 2.68909987e-003
    6.56969287e-003 4.50144848e-003 3.22516798e-003 0. 0.
    2.03517475e-003 0. 1.51337089e-003 5.96774230e-003 3.98458401e-003
    0. 0. -2.52594589e-004 0. 1.39611121e-003 0. -9.16875142e-004
    -1.97347719e-004 0. 5.20254392e-003 2.72786547e-003 1.11972215e-003
    0. 0. 5.25388823e-005 6.88617444e-003 0. 0. 9.72994429e-004
    2.22737156e-003 0. 2.06443644e-003 7.08356616e-004 0. 0.
    9.59973375e-004 5.77147701e-004 0. 0. 0. 7.99286427e-005 0.
    9.05179186e-004 0. -5.59411652e-004 1.79922627e-003 0. 0.
    1.24203938e-003 2.10212963e-003 -8.75701837e-004 -1.70238563e-004
    2.37568584e-003 1.01143523e-004 0. 2.52912461e-004 0.
    1.75771536e-004 3.67835187e-003 0. 1.55417263e-004 8.05603573e-004
    0. 0. 0. 0. 3.55824153e-003 0. 0. -8.29442055e-004 -3.93453491e-004
    0. 0. 1.03583669e-004 0. 6.21864246e-003 0. 0. 3.46162939e-003
    4.77520050e-003 0. -2.28871941e-003 0. 0. 0. -9.61147307e-004 0.
    1.67001068e-004 0. 9.49256471e-004 0. 7.40860472e-004 0.
    -5.60697692e-004 9.84010985e-004 0. 6.51078881e-004 0.
    7.72900996e-004 1.57211663e-003 0. -8.63884052e-004 0.
    -1.53509100e-004 5.50022768e-003 5.50674915e-004 -6.85284031e-005
    -1.52439723e-004 0. 9.66673484e-004 7.75662716e-003 0. 0.
    1.00586016e-003 -1.25104343e-004 1.36575126e-003 1.39757432e-003 0.
    0. 0. -1.10006040e-004 0. 0. 0. 0. 1.51502958e-003 0.
    6.90813409e-004 3.25184874e-003 2.98350729e-004 1.87779765e-003
    2.54597492e-003 0. 0. 0. 4.61015478e-003 0. 1.15276920e-003
    2.92349653e-003 9.50164685e-004 0. 2.33390089e-003 2.82249297e-004
    0. 3.88710178e-003 0. 0. -5.39015338e-004 0. 0. -2.38708942e-003
    5.08615142e-003 3.84989660e-003 8.61479086e-004 0. 2.85435421e-003
    1.49619358e-003 4.45827004e-003 0. -5.65540104e-005 5.65302186e-003
    0. 0. 0. 0. 2.41314131e-003 7.38181407e-004 -1.24069338e-003 0.
    8.76352424e-004 9.55865893e-004 1.75081042e-003 0. 1.59728399e-003
    0. 0. 0. 0. 0. 2.82283174e-003 -6.03652381e-007 3.31409299e-003 0.
    0. 8.82840250e-004 3.27566580e-004 2.66763172e-003 1.52484840e-003
    1.27102737e-003 0. 3.35872064e-005 1.24477097e-004 2.69654859e-003
    2.73583992e-003 0. 0. 3.56970797e-003 -5.08159748e-004 0. 0.
    3.11307376e-003 0. 1.11953984e-003 0. -4.72698390e-004
    -2.52153084e-004 -2.55561410e-003 0. 3.51285166e-003 0. 0.
    3.37942946e-003 1.99469109e-003 0. -8.17532942e-004 1.33952871e-003
    1.87426247e-003 -1.51865580e-003 6.83709420e-003 9.89562832e-004
    -6.64399180e-004 -6.44940243e-004 0. 3.33223445e-003 2.99632724e-004
    4.23457520e-003 0. 7.10625609e-004 5.56458253e-003 0.
    1.15961826e-003 -1.18748321e-004 3.60524608e-003 5.07168146e-003
    2.04598135e-003 0. 0. 3.49951210e-003 0. 0. 2.12809723e-003 0.
    -1.53162429e-004 0. 0. 1.64680881e-003 0. 0. -6.76871641e-005 0.
    -9.46140965e-004 0. 1.99752394e-004 0. 8.34754761e-003
    1.40466192e-003 4.72209509e-003 1.41239585e-003 1.80741292e-004 0.
    -1.89037710e-005 0. 8.49967822e-004 0. 0. 3.42703890e-003 0.
    7.25782185e-004 3.97831405e-004 4.43028193e-003 0. 1.00123847e-003
    0. -1.01817003e-003 0. 1.39192073e-003 -8.10498954e-004 0.
    6.06119772e-003 1.18907471e-003 -4.05505300e-004 0. -1.52138149e-004
    0. 3.59139219e-003 1.91183656e-003 1.44113833e-003 0.
    3.47441492e-005 0. 0. 0. 1.27209665e-003 1.05195642e-002
    -3.50872258e-004 4.96792956e-004 1.40507868e-003 2.19457224e-003
    3.81819904e-003 -5.41030953e-004 3.58740985e-003 -1.27617852e-003 0.
    -9.28498222e-004 0. 0. -3.19368934e-004 5.86757390e-003
    1.13274355e-003 0. 2.95834849e-003 0. 3.30947945e-003
    5.03166439e-003 1.20821188e-003 -9.60916223e-005 9.58211604e-004 0.
    2.02897718e-004 2.76814774e-003 0. 8.15095007e-003 5.03817690e-004
    0. 6.87232334e-003 4.18787170e-003 0. 3.68952751e-005
    1.11682853e-002 -1.78863306e-003 0. 0. 0. 1.22534961e-003 0. 0.
    -1.50444591e-003 2.27654423e-003 1.60022662e-003 5.59777580e-003 0.
    0. 3.04950448e-003 1.22685824e-003 0. 4.13264474e-003 0.
    1.20238808e-003 1.87398249e-003 0. 1.67734420e-003 0.
    5.08501707e-003 3.30073247e-003 0. 0. 0. -9.45704465e-004
    3.57621117e-004 0. 0. 0. 0. 0. 1.76542974e-003 8.20531743e-004
    4.16295603e-003 6.87005289e-004 1.42831611e-003 4.31987131e-003
    1.28808059e-003 -1.14296342e-003 0. 0. -2.08035042e-003 0.
    3.77869676e-003 0. 6.39632126e-005 -4.87345424e-005 0.
    5.30323188e-004 0. 0. 0. 2.11088383e-003 4.80588572e-003 0. 0.
    2.91145174e-004 -5.78713487e-004 4.62661556e-004 0. 1.80436263e-003
    0. 0. 0. 0. -7.35100999e-004 0. 9.65484476e-004 0. 7.24197656e-004
    5.06143260e-004 5.63592766e-004 3.20096547e-003 1.13160384e-003 0.
    0. -6.40940852e-004 1.36751798e-003 0. 0. 0. 1.12415943e-003
    3.63485166e-003 1.06130214e-003 2.28413776e-003 0. 3.58292251e-003
    0. 1.15377759e-003 4.11951635e-003 8.95891455e-004 7.56333699e-004
