<?xml version="1.0"?>
<opencv_storage>
<imageDescriptor type_id="opencv-matrix">
  <rows>1</rows>
  <cols>1000</cols>
  <dt>f</dt>
  <data>
    0. -8.48056690e-004 0. 1.23097119e-003 0. 0. 4.73839883e-003
    -4.18561418e-003 0. -6.78690441e-004 0. 5.12927771e-004
    2.75278627e-003 7.68423127e-003 0. 6.90907799e-003 0.
    2.10556830e-003 0. 0. 1.72370998e-003 0. 0. 0. 0. 4.38957987e-003 0.
    -1.87774393e-004 2.39957846e-003 0. 0. 5.52267209e-003 0.
    3.43568361e-004 6.29913295e-003 -3.68328445e-004 0. 0. 0.
    2.58586789e-003 0. 0. -2.50062440e-003 3.74952855e-004
    -8.99644147e-005 1.31528964e-002 0. 0. 0. 1.18829180e-002 0.
    8.73683544e-004 0. 0. 3.55449063e-003 0. 0. 0. 0. 1.53184519e-003
    3.92620033e-003 0. 0. 0. 4.02213726e-003 0. 0. 7.24500977e-004 0. 0.
    0. 1.69178389e-003 0. 0. 0. 2.02466897e-003 0. 0. 0. 0. 0.
    2.60688807e-003 0. 0. 0. 0. 0. 2.37618014e-003 0. 2.10418226e-003
    1.62105402e-003 4.88647202e-004 0. 3.49961431e-003 0.
    -1.53987639e-004 0. 0. 0. 0. 1.51341560e-003 0. 0. 4.76221368e-003
    4.33811569e-004 0. 0. 0. 0. 3.24722915e-003 1.95386144e-003 0. 0. 0.
    0. 0. 0. 1.32054684e-003 -6.07227907e-004 1.75689056e-003 0. 0. 0.
    0. 0. 5.17566921e-003 -1.17290963e-003 6.30906411e-003
    2.54433462e-003 0. 3.03697633e-003 1.86594867e-003 1.28035331e-002
    0. 1.01382681e-003 0. 1.23358914e-003 0. -1.65314646e-004
    -3.08570830e-004 0. 0. 0. 0. 8.01534951e-003 1.09011983e-003
    4.73370310e-003 1.93116299e-004 0. 0. 2.09803018e-003
    5.09173435e-004 0. 0. 0. 1.02898180e-002 2.06351909e-003 0.
    7.34077126e-004 0. 2.28263321e-003 7.86798541e-004 0.
    4.07460704e-003 0. 4.80245892e-003 4.10750508e-003 0. 0.
    2.87008751e-003 6.66253595e-003 4.92014876e-003 0. 0. 0. 0.
    1.15044788e-002 8.62670597e-004 0. 0. 0. 5.64591913e-003
    3.55267571e-003 0. 0. 2.05466850e-003 0. 0. 0. 0. 2.81687058e-003
    4.11595043e-004 0. 0. 0. 0. 0. 1.66792015e-003 0. 0. 0. 0.
    -3.87167535e-003 4.03198367e-003 3.88122717e-004 1.41542358e-003
    2.72835279e-003 0. 0. -3.57575715e-004 3.96904768e-004 0. 0. 0. 0.
    0. 0. 1.93334301e-003 -9.29429152e-005 8.12778063e-003
    1.99696794e-003 0. -1.65929412e-003 0. 0. 0. 0. 0. 0. 0. 0.
    5.00770519e-003 0. 1.28698803e-003 1.09062018e-002 0.
    2.67198030e-003 0. 0. 0. 0. 0. 0. 0. 0. 4.68072109e-003 0. 0. 0.
    6.07549585e-003 0. 0. 0. 0. 0. 0. 0. 0. 3.18173133e-003 0.
    2.28253985e-003 0. 5.98033378e-003 0. 1.24976470e-003 0. 0.
    4.03898489e-003 -1.30285032e-003 0. 0. 0. 0. 2.50687799e-003 0.
    9.64252185e-003 4.63207299e-003 0. 0. 3.58524732e-003
    6.13173179e-004 1.03133023e-002 0. 6.75143907e-004 0. 0.
    3.84846120e-003 0. 0. 4.30606212e-003 0. 4.96870931e-003
    2.24783248e-003 0. 4.11993498e-003 3.10231652e-003 0. 0. 0. 0.
    -2.43504788e-003 -3.77242133e-004 0. 0. 0. 0. -3.82375019e-003 0. 0.
    4.05724073e-004 0. 0. 0. 8.44089373e-004 6.58564561e-004
    2.29000114e-003 1.37272151e-002 0. 0. 2.29758583e-003 0. 0.
    6.50604675e-003 0. 1.98556329e-004 0. 0. 0. 0. 6.80241780e-003
    2.88432813e-003 0. 0. -2.41976973e-004 0. 4.31620097e-003
    7.83376116e-003 2.08060141e-003 0. 0. 0. 2.42129387e-003
    1.66140974e-003 0. 0. 0. 0. 0. 0. 0. 0. 0. 4.42781532e-003 0.
    2.16260692e-003 0. 0. 2.87483842e-003 0. 4.70248004e-003 0.
    5.21921599e-003 1.16910161e-002 2.65361369e-003 0. 2.30773748e-003
    0. 0. 0. 0. -7.12808614e-005 0. 0. 0. 0. 0. 0. 0. 0. 1.61080679e-003
    0. 0. 0. 0. 0. 0. 0. 2.09967722e-003 0. 0. 0. 0. 0. 0.
    1.00425829e-003 1.75424246e-003 0. 0. 0. 0. 0. 0. 1.17520045e-003 0.
    0. 0. 0. 0. 0. 0. 2.79826461e-003 0. 0. 0. 0. 0. 0. 0.
    3.21249105e-003 0. 9.76456286e-005 0. 0. 0. 2.20331526e-003 0. 0.
    1.00678587e-002 3.44907586e-003 0. 8.18003993e-003 0.
    5.14791906e-003 1.13724042e-002 0. 0. 0. 0. 0. 1.79233064e-003 0.
    3.71274259e-003 0. 0. 0. 0. 1.84152205e-003 0. 0. 3.65935033e-003 0.
    0. 0. -1.65631052e-003 5.17506292e-003 0. 0. 0. 0. 0.
    2.13630643e-004 2.20503914e-003 0. 5.55418013e-003 3.90606141e-003
    1.71005749e-003 0. 0. 0. 0. 0. 5.39629860e-003 0. 0. 0. 0. 0. 0.
    -1.46119890e-003 0. 7.12524541e-003 0. 5.03367279e-003 0.
    1.88898703e-003 9.82294884e-003 7.72100780e-003 0. 4.30548750e-003
    2.98619643e-003 2.02317373e-003 0. 0. 0. 0. -9.30920942e-004 0. 0.
    -1.33437768e-003 0. 0. 3.42294411e-003 0. 0. 2.73560942e-003 0. 0.
    8.68178345e-003 2.15291604e-003 9.26479523e-004 0. 0.
    3.66604188e-003 3.62108741e-003 0. 0. 0. -6.37307588e-004 0.
    2.43119150e-003 2.13611987e-003 0. 0. 0. 1.01677084e-003
    1.29385982e-002 0. 0. 0. 0. 0. 0. 0. 0. 0. 0. 0. 5.90358628e-003 0.
    0. 0. 0. 0. 0. 0. 2.82882852e-003 -1.21327385e-003 2.47377041e-003
    0. 0. 0. 0. 0. 0. 0. 2.34616525e-003 1.65613939e-003 0.
    -6.24633685e-004 2.04940443e-003 3.31566879e-003 0. 0. 0. 0. 0.
    3.50916199e-003 0. 2.85359006e-003 1.30117629e-002 2.88048573e-003
    5.77280577e-003 2.21457961e-003 1.81865762e-003 2.83053843e-003 0.
    0. 3.43184132e-004 6.66930864e-004 0. 0. 0. 2.89008440e-003 0.
    7.09265890e-003 0. 0. 5.65659546e-004 0. 1.33696804e-003 0. 0. 0. 0.
    0. 0. 0. 9.91465175e-004 0. 0. 0. 0. 1.91024609e-003 0. 0.
    -2.22302682e-004 0. 0. 0. 0. 0. 0. 0. 0. 0. 0. 0. 3.80213885e-003 0.
    0. 0. 0. 0. 0. 0. 0. 0. 7.33691268e-004 0. 0. 0. 0. 2.56325398e-003
    0. 0. 0. 0. 0. 0. 0. 0. 0. 0. 1.12701987e-003 2.15561781e-003 0. 0.
    2.14221352e-003 3.88588291e-003 0. 2.97024031e-004 2.15161848e-003
    0. 0. 0. 0. 0. 0. 1.36790168e-003 0. 0. 1.28127879e-003 0. 0.
    -1.77036505e-003 0. 0. 1.44853035e-003 0. 7.75356963e-003
    -4.09407745e-004 0. 0. -2.01602496e-004 0. 0. 0. 3.01357429e-003 0.
    5.86292823e-004 2.02588481e-003 2.09110207e-004 1.65668735e-003 0.
    0. 4.68728133e-003 4.41006472e-004 2.96022184e-003 0. 0. 0. 0. 0.
    3.78077524e-003 3.66742560e-003 0. 0. 0. 5.09009277e-003
    7.49893393e-003 0. 5.83506131e-004 0. 0. 0. 0. 0. 0. 3.43552767e-003
    6.31335611e-003 0. 0. 0. 0. 0. -2.07612966e-003 0. 0. 0.
    -8.41203801e-005 1.75988162e-003 0. 2.12208182e-003 0. 0.
    -5.46780007e-004 0. 0. 0. 5.27146226e-003 2.66064634e-003 0.
    5.34413615e-003 0. -3.64902371e-004 0. 0. 0. 0. 0. 2.18457216e-003
    0. 4.74542053e-003 0. 0. 0. 0. 6.55081531e-004 7.17006507e-004 0.
    -6.65895583e-004 0. 5.48793189e-003 0. 2.83831335e-003 0. 0. 0.
    5.42562176e-003 0. 0. 3.51358159e-003 2.45962129e-003 0.
    1.75711539e-004 0. -1.70724082e-003 5.33880526e-003 0.
    2.20006309e-003 0. 0. 0. -6.09552735e-005 0. 0. 0. 0. 0. 0. 0.
    2.52257171e-003 9.79689765e-004 0. 0. 0. 0. 0. 0. 4.52935696e-003
    1.08080870e-003 0. 0. 1.62536057e-003 0. 0. 2.09625135e-003 0.
    1.68396393e-003 0. 2.65812804e-003 1.85071141e-003 0.
    -8.48887023e-004 0. -1.13478280e-003 0. 0. -3.84993589e-004 0.
    1.07577927e-002 0. 2.88401148e-003 9.98645555e-003 0. 0. 0. 0. 0. 0.
    -2.73955899e-004 1.19525194e-003 5.74038830e-003 0. 0.
    6.01156289e-003 0. 5.03642834e-004 0. 0. 0. 0. 0. 3.32873035e-003 0.
    0. -1.71309116e-003 0. 0. 5.99088613e-003 1.44583813e-003 0. 0. 0.
    0. 0. 0. 6.54080091e-003 0. 0. 0. 0. 9.93635331e-005 4.33044089e-003
    0. 0. 3.57678579e-003 0. 0. 8.77583679e-003 0. 3.21145216e-003 0. 0.
    0. 0. 2.45937146e-003 0. 0. 0. 0. 2.48549134e-003 0. 0.
    3.41926236e-003 0. 0. 4.13904106e-003 -2.40804846e-004
    7.97674293e-004 0. 1.01650190e-002 2.50641466e-003 1.33350398e-003
    0. 0. 3.06301564e-003 1.25878106e-003 0. 3.86110460e-003
    2.16075405e-003 0. -5.24204574e-004 2.87989015e-003 0.
    -1.46069250e-003 0. 0. 4.92529664e-003 -1.88907332e-004 0. 0. 0.
    5.04947547e-003 -9.13597702e-004 0. 1.28892029e-003 0. 0. 0. 0. 0.
    0. 1.49497553e-003 0. 0. 2.97346641e-003 2.29328545e-003 0. 0.
    6.21697307e-003 7.28890300e-004 9.64939129e-003 0. 0. 0. 0. 0.
    1.89904217e-003 2.38356506e-003 -2.25809286e-003 0. 1.56384066e-003
    3.76607827e-003 -6.97430340e-004 -1.41714909e-003 0. 0. 0. 0. 0.
