<?xml version="1.0"?>
<opencv_storage>
<imageDescriptor type_id="opencv-matrix">
  <rows>1</rows>
  <cols>1000</cols>
  <dt>f</dt>
  <data>
    2.41875127e-002 0. 0. 4.76090657e-003 5.69766667e-003 0.
    8.99271516e-004 0. 4.29468928e-003 2.17232550e-003 -7.57110363e-004
    -3.95202730e-003 1.14279543e-003 0. 0. 0. 0. 6.23228319e-004
    -9.57141747e-004 -2.36077979e-003 1.19259290e-003 0. 1.86362374e-003
    0. -1.13013096e-003 0. 3.50756315e-003 -1.38313582e-004 0. 0. 0. 0.
    9.98680698e-005 0. 0. -4.87472222e-004 5.54026279e-004
    1.72600951e-002 5.87427930e-004 -2.35093874e-003 0. 6.78113429e-004
    1.06376852e-003 -5.55426232e-004 0. 4.87638544e-003 -2.12071536e-004
    0. -1.25515403e-003 2.94347090e-004 0. 0. 0. 1.22662159e-002 0. 0.
    0. 1.07120583e-003 1.47448434e-003 6.78978581e-003 -1.10196206e-003
    0. 0. 1.13132666e-003 0. 0. 3.90712079e-003 0. 0. -2.03165202e-003
    1.64905773e-003 0. 0. 2.11672951e-003 0. 0. -1.40575517e-003
    -2.26358767e-003 8.70482996e-004 4.64388914e-003 0. 0. 0. 0. 0. 0.
    -3.79009958e-004 1.50952861e-002 0. 0. 0. 0. -1.68579514e-003
    1.76298711e-003 9.17004654e-004 0. 0. 0. 0. 0. 0. 5.25936717e-004 0.
    -3.19195504e-004 1.37954764e-002 1.32409809e-003 0. 0.
    -4.32291534e-004 1.15422043e-003 4.23781294e-003 0. 2.57388782e-003
    0. 7.38800969e-003 0. -6.70624358e-005 0. 2.77044572e-004
    3.34401405e-003 9.24980175e-003 2.95125414e-003 0. 1.20199723e-002
    0. 1.13305515e-002 0. 0. 1.49175656e-004 9.36237571e-004
    8.75215046e-004 0. 7.15881353e-004 0. 0. 1.79576781e-003
    -1.54820865e-003 0. 4.62650182e-003 0. 0. 0. 6.89778826e-004 0. 0.
    0. 0. 0. 0. -3.57136363e-003 0. 5.56642713e-004 3.29921278e-003
    4.52200446e-004 1.90452498e-003 4.22350038e-003 2.95499194e-004
    5.15046762e-003 0. 0. 0. -2.81625125e-003 -1.41895289e-004 0. 0. 0.
    0. 0. 2.23255306e-002 7.30064174e-004 0. 0. 0. 2.19610147e-003 0.
    2.69715022e-003 8.38934968e-004 8.79672356e-004 7.49290513e-004 0.
    0. -1.17156003e-003 -1.21460609e-004 0. 1.03374431e-003 0.
    8.37352709e-005 2.91889696e-003 0. 0. 0. 2.41074851e-003
    6.54806150e-004 0. 3.68356705e-003 0. 0. 1.58672730e-004
    -4.72928310e-004 5.22741862e-003 0. 0. 0. 0. 7.62602489e-004 0. 0.
    0. 0. 2.59124395e-003 0. -2.86090304e-004 6.59725582e-003 0.
    1.95394969e-003 0. 0. 0. -9.86011000e-004 0. 1.01230445e-003 0.
    -6.31150251e-005 0. 3.90404998e-003 -8.65737966e-004 4.59876936e-003
    7.74734712e-004 0. 0. 0. 0. 0. 3.55409196e-004 1.95143581e-003 0.
    1.54718785e-002 0. 0. 0. 0. 4.54186788e-003 3.85485357e-003 0. 0.
    6.27633184e-003 1.39327226e-002 0. 4.43238998e-003 0.
    1.13670575e-003 4.56511014e-004 0. 0. 0. 6.95838477e-004 0. 0.
    3.47513589e-003 0. 1.37357392e-005 3.64138093e-003 0.
    -1.73646258e-004 4.49565379e-003 0. 8.77935847e-004 0. 0. 0.
    4.08686185e-003 9.27758956e-005 0. 2.65193358e-003 5.11796633e-003
    0. 1.35846520e-002 0. -2.17216485e-003 3.53302388e-003
    8.16547871e-003 5.96738420e-004 2.68922304e-003 0. 0. 0. 0.
    7.86815421e-004 0. 0. 0. 3.40832194e-004 0. 6.04851753e-004
    4.30000154e-003 2.98146205e-003 8.07623321e-004 -1.13879761e-003
    9.21012834e-004 0. 9.46778746e-004 3.64185334e-003 0. 0. 0. 0.
    3.51898326e-003 0. 1.71032175e-003 0. 2.22414993e-002 0. 0. 0. 0.
    1.31886068e-003 0. 5.85238799e-004 0. -6.99178490e-005
    1.34628813e-003 1.52521941e-003 0. 1.24488687e-002 5.78619984e-005
    0. 0. 1.52036941e-004 0. 0. -8.93297602e-006 2.15639872e-003 0. 0.
    0. 1.35849684e-003 2.83429370e-004 0. 1.61729148e-003
    1.42539188e-003 2.91085965e-003 0. 0. 0. 0. 0. 3.14769754e-003 0. 0.
    0. 1.25445251e-003 3.45767825e-003 3.43752545e-005 0. 0. 0. 0.
    7.23114144e-003 0. 2.37258238e-004 -2.42994996e-004 0. 0. 0.
    3.69631383e-003 0. 0. 0. 0. 0. 1.76113285e-003 9.83229955e-004 0. 0.
    -5.85569942e-004 4.07308253e-004 1.68879540e-003 0. 1.93169981e-003
    0. 1.93978741e-003 3.85109987e-003 0. 0. 2.14398242e-004
    -3.38100508e-004 0. 5.45090705e-004 -1.68926758e-003 0. 0. 0. 0.
    7.54540262e-004 0. 0. 0. -7.33205408e-004 9.84086888e-004 0. 0.
    1.21016894e-003 0. 0. 0. 0. 0. 1.66739547e-003 0. 0. 0. 0. 0. 0.
    1.42976700e-003 1.80259536e-004 2.49784323e-003 8.59451888e-004
    5.30987000e-003 1.60413387e-003 0. 0. -2.51037447e-004 0. 0.
    1.84913108e-003 0. 0. 1.66315015e-003 1.08168868e-003 0. 0. 0.
    1.18335418e-003 0. 1.15412485e-003 3.72302416e-003 7.67335878e-004
    4.57611028e-003 1.34694844e-003 0. 0. 3.54911364e-003
    4.92508989e-003 8.16215543e-005 0. 0. 0. 4.11969237e-003 0.
    6.33705966e-003 4.76527773e-003 0. -8.53519654e-004 0. 0.
    6.13439176e-003 0. 0. 0. 0. 0. 0. 0. 1.22062594e-003 1.39976654e-003
    0. 0. 0. 0. 0. 0. 0. 8.09465360e-004 1.15892361e-003 0.
    2.32181847e-004 0. 0. 2.84263585e-003 0. 0. 0. 0. 0. 4.86493111e-003
    0. 1.71087624e-003 5.08493744e-004 0. 0. 0. 0. 7.59292801e-004
    7.33127538e-003 8.61270702e-004 -1.61921501e-003 0. 0. 0. 0. 0. 0.
    5.36840782e-003 0. 2.24971605e-004 0. 0. -4.74327826e-004
    2.59380857e-003 0. 0. 0. 0. 0. 0. 0. 0. -2.21024588e-004
    1.14620663e-004 0. -2.46893079e-003 0. 0. 5.38444496e-004 0.
    2.18316354e-003 0. 6.78387890e-003 1.21527002e-003 0.
    5.03322436e-003 3.26183435e-005 -2.83152738e-004 5.49432822e-003 0.
    8.38336418e-004 -2.53695855e-003 0. 0. -3.98418371e-004 0. 0. 0. 0.
    7.39223836e-003 0. -5.21086731e-005 -4.34716989e-004 1.07644359e-003
    1.04688504e-003 0. 0. 0. 0. 9.25376895e-004 0. 2.04030122e-003 0. 0.
    1.54182932e-003 0. 0. 0. 0. 2.90283165e-003 0. 9.56518215e-006
    1.95102033e-003 1.38560543e-002 -7.76919114e-005 0. 0. 0. 0. 0.
    1.00860908e-003 0. 0. 0. 0. 4.39282600e-003 0. 4.25554928e-004
    2.08319561e-003 0. 0. 0. 9.12751886e-004 0. 0. 0. -1.78476027e-003
    1.20767113e-003 0. 1.65778399e-003 0. -3.22332053e-004 0. 0. 0.
    1.17979967e-003 5.65272057e-004 4.97942278e-003 0. 0.
    7.54831312e-003 0. 1.74524658e-003 0. 0. 0. 0. 0. 4.49319137e-003
    4.63839015e-003 0. 0. 0. 0. 3.47219035e-003 0. 4.20962274e-003 0. 0.
    8.49020493e-004 1.38992420e-003 0. 0. 4.65149479e-003 0. 0.
    1.60274806e-003 0. 2.08148756e-003 0. -4.01471800e-004 0.
    7.00125331e-003 1.56270945e-003 0. 8.94917408e-004 9.51296417e-004
    0. 4.30726958e-003 2.05759192e-003 0. 0. 0. 5.25754923e-003
    2.76769372e-003 0. 0. 0. 0. 0. 1.18154450e-003 7.68159982e-004 0. 0.
    4.89963638e-003 1.35842599e-002 0. 7.00127985e-003 -7.29640771e-004
    0. -5.79859661e-005 0. 1.63491908e-003 0. 0. 2.67637731e-003
    4.01920918e-003 -8.09015764e-004 0. 0. 4.98132501e-003 0. 0. 0. 0.
    5.52647654e-003 1.22510851e-003 9.34431620e-004 0. 5.01725450e-003
    -1.33157626e-003 0. 2.03135237e-003 0. 0. 0. 0. 0. 0. 0.
    2.03100382e-004 0. 0. 1.02041150e-003 0. 0. 0. 0. 4.15210472e-003
    1.63617451e-003 9.13131516e-004 0. 0. 0. 1.30417489e-003 0.
    4.19876678e-003 0. 0. 0. 2.95998482e-003 0. 2.87685380e-003
    5.47485797e-005 0. 0. 0. 8.23267270e-003 -1.89079437e-003
    3.21329804e-003 0. 0. 0. 2.16040318e-003 0. 0. 1.24638400e-003
    1.17825449e-003 5.45542687e-004 1.63666136e-003 0. 0. 0. 0. 0.
    1.49017805e-003 3.15369410e-003 1.41944271e-003 3.77591001e-004 0.
    0. 0. 0. 0. 1.28580071e-003 0. 9.37447418e-004 0. 0. 1.27139559e-003
    1.09630777e-003 0. 0. 0. 1.90209504e-003 1.15777215e-003
    1.64796045e-004 2.27749906e-003 1.16197963e-003 0. 0. 0.
    7.28720520e-003 1.47967556e-004 0. 0. 0. 0. 0. 0. 0. 1.33714557e-003
    0. 0. 0. 0. 8.67119804e-003 1.55253932e-002 -1.31062930e-003 0. 0.
    -1.67969090e-004 0. 0. 0. 1.03782397e-003 -2.40087436e-004
    8.21348047e-004 0. 6.25805696e-004 6.82201586e-004 0. 0. 0. 0. 0.
    -5.69017022e-004 0. 1.14952226e-003 0. 0. 8.33179615e-003 0.
    -1.79998693e-004 -6.12965436e-004 0. 6.88682077e-003 0.
    5.23636292e-004 0. 1.86215737e-003 0. 0. -3.90630774e-003 0. 0. 0.
    0. 1.09948879e-002 0. -1.36769796e-003 1.51996745e-003 0. 0. 0. 0.
    1.46587682e-003 0. 1.15222568e-002 0. 0. 1.31299754e-003 0.
