<?xml version="1.0"?>
<opencv_storage>
<imageDescriptor type_id="opencv-matrix">
  <rows>1</rows>
  <cols>1000</cols>
  <dt>f</dt>
  <data>
    0. 0. 8.41489714e-003 0. 1.11038680e-003 0. 0. 4.94644139e-003 0. 0.
    0. 7.23708002e-003 7.72417197e-003 2.18694331e-003 0.
    -8.89091461e-004 0. 3.83759470e-004 0. 0. 0. 2.12512212e-003 0. 0.
    -8.12462938e-004 1.28055201e-003 0. 1.76899438e-003 -1.54561631e-003
    0. 5.47700236e-003 6.22983556e-004 -4.86461492e-003 0.
    -1.97240477e-003 0. 0. 2.18615006e-003 0. 1.04833692e-002 0. 0.
    2.49566790e-003 0. 3.07143875e-003 0. 8.00610334e-003 0. 0. 0. 0.
    2.96751712e-003 0. -1.35449669e-003 0. -1.40955191e-004
    8.31080507e-003 1.71481411e-003 0. 0. 0. 1.99804059e-003
    1.53279491e-003 0. 8.41012166e-004 0. 0. 0. 0. 0. 0. 1.16087543e-003
    8.25048611e-003 0. 7.92668480e-003 1.52803463e-004 0. 0. 0.
    1.08230207e-003 1.32914679e-003 0. 0. 0. 1.77826313e-003
    -2.23802752e-003 9.39525315e-004 0. -1.13618886e-003 0. 0. 0. 0.
    -7.49227474e-004 0. 6.39362261e-004 0. 0. 1.40062710e-002 0. 0.
    8.01208988e-003 0. 1.26856758e-004 0. -6.25113957e-004 0. 0.
    8.16348102e-003 0. 0. -2.65901885e-003 0. 0. 0. 9.89331864e-003 0.
    0. 2.84109800e-003 0. 0. 2.08388246e-003 8.28988384e-003
    1.74325483e-003 0. -1.82791392e-003 0. 0. 0. 0. 9.13016673e-004
    -1.09023205e-003 0. 0. 0. -1.03699276e-003 1.15588203e-003 0.
    -5.41651738e-004 2.15843762e-003 0. 0. 0. 0. 0. 0. 0.
    1.16974686e-003 0. 8.32834281e-004 0. 0. 1.38858368e-003 0. 0. 0.
    3.68524197e-005 1.78249480e-004 0. 0. 1.26864039e-003 0.
    3.42480955e-004 -1.24860395e-004 -1.39680144e-003 3.68229300e-003 0.
    -4.31765523e-003 0. 1.31716474e-003 0. 0. 0. 0. 0. 1.24543800e-003
    0. 0. 0. 7.78705534e-003 0. 4.68571391e-003 9.63240091e-005
    7.17685046e-003 6.29737228e-003 1.94360653e-003 0. 0.
    3.32876388e-003 1.20269377e-002 0. -6.48420755e-005 0.
    1.24927331e-003 8.22467671e-004 0. 0. 5.12924977e-003 0. 0. 0.
    1.23920944e-003 2.86112446e-003 9.51482973e-004 0. 0. 0. 0. 0.
    1.13451192e-002 0. -1.61330783e-004 0. 0. 0. 0. -2.72971834e-003 0.
    4.08681401e-004 1.85391365e-003 0. 0. 0. 3.38938390e-003 0. 0.
    -5.74123464e-004 0. 1.81358168e-003 6.74430560e-003 0. 0.
    4.43743682e-003 -5.79067133e-003 0. 2.17922483e-004 4.51009721e-003
    0. 0. 5.24192257e-003 0. 0. -1.01912534e-003 5.06763253e-003 0.
    -7.31168489e-004 2.50190613e-003 1.71909618e-004 0. 0.
    6.67379377e-003 -2.13837787e-003 7.29878433e-004 0. 0. 0. 0.
    -1.67133252e-003 0. 0. 0. 0. 4.21487354e-003 0. 0. 1.99306538e-004
    0. 7.87278917e-003 0. 8.72744806e-003 0. 1.80118601e-003
    5.35015191e-004 0. -4.00267018e-004 0. -6.30850263e-004
    1.17319182e-003 -4.75523440e-004 0. 0. 0. 3.40481289e-004 0. 0.
    -1.40786622e-004 -8.75002952e-005 0. 5.28704049e-003
    -5.19357913e-004 0. -3.76553391e-004 6.75419020e-003 0.
    1.18503859e-003 0. 0. 6.51342189e-003 0. 0. 5.15965512e-003
    2.78695254e-003 0. 0. 7.79768825e-003 0. 0. 0. 0. 4.45391430e-004 0.
    0. 0. 0. 2.97193625e-003 5.98857831e-003 1.43317028e-003 0. 0.
    -9.16983583e-004 0. 0. 0. 1.61951513e-003 0. 0. 0. 0.
    2.89047998e-003 0. 0. 0. 1.45634508e-003 -4.16486728e-004
    1.87316124e-004 -1.72226818e-003 1.84106512e-003 -3.35853896e-004
    6.87432522e-003 0. 1.01987198e-002 0. 0. 1.47453463e-002
    2.98666349e-003 3.40380357e-003 0. 5.04650129e-003 0.
    -6.56490447e-004 0. 0. 0. 0. 8.40638205e-003 0. 0. 8.52306467e-003
    -1.60696788e-003 0. 1.91550309e-004 0. 0. -1.71417766e-003
    7.81086367e-003 1.48017064e-003 1.33836025e-003 0. -9.46821587e-004
    0. 0. 5.38985943e-003 1.61109644e-003 0. 7.76562793e-003 0. 0.
    1.42258697e-003 9.61042650e-004 8.43454036e-004 0. 0.
    1.33389712e-003 8.47077835e-003 -6.68611377e-003 0. 4.87077190e-003
    -2.35462328e-004 1.22620049e-003 0. 2.72290315e-003 0.
    4.31366684e-003 0. 0. -1.74709759e-003 3.67170852e-003
    3.26689542e-003 0. 0. 3.13282711e-003 2.20588571e-003 0. 0. 0.
    1.40002416e-002 2.37857620e-003 0. 0. 0. -5.24550793e-004 0. 0.
    -6.46593922e-004 0. 3.54709313e-003 2.14439991e-004 0.
    7.63070164e-003 -1.14080450e-003 1.92714739e-003 0. 0. 0. 0. 0. 0.
    0. 0. 0. 0. 8.54303967e-003 6.21120096e-004 5.03554661e-003 0. 0.
    8.53549340e-004 0. 0. 0. 0. -3.74025782e-003 0. 0. 0. 0. 0. 0. 0. 0.
    0. 0. 0. 0. 0. 9.95797943e-003 0. 1.84250181e-003 0. 0.
    6.93344465e-003 0. 0. 8.49526841e-003 0. 0. 2.77732033e-004
    -3.15832905e-004 0. 0. 1.53530098e-003 0. 0. 0. 3.03851324e-003 0.
    0. 0. 0. -7.87149416e-004 7.64177705e-004 0. 2.42132810e-004
    4.53280145e-003 0. 0. 0. 0. 0. -1.06698461e-003 2.94994912e-003
    -1.06509810e-003 0. 0. -2.28334742e-004 0. 0. -1.99655769e-003
    6.61745714e-003 0. 6.34171581e-003 0. 0. 0. 1.98780838e-003 0.
    -3.76088428e-004 0. 0. 0. 0. 0. 2.10282952e-003 2.13284953e-003 0.
    0. 0. 0. 0. -3.11416399e-004 7.44392211e-003 0. 0. 0.
    1.74270365e-002 1.32146513e-003 0. 0. 0. 0. 1.29543967e-003 0.
    -8.32520192e-004 9.13479656e-004 0. 5.71070984e-003 0. 0.
    5.95318293e-003 0. 0. 0. 0. 0. 0. 0. 0. 0. 0. 2.80089187e-003 0. 0.
    0. 0. 0. 3.16967862e-003 0. 0. 0. 3.43921408e-003 0. 0. 0.
    2.92466977e-003 0. 0. 5.81203785e-004 0. 0. 0. -2.20096810e-003
    2.45843246e-003 0. 0. 0. 0. 0. 0. 0. 0. -1.59165112e-003
    7.68021820e-003 6.86438056e-003 6.23244792e-004 1.00996951e-003 0.
    8.68328940e-003 2.68710614e-003 0. 0. 0. 0. 0. 7.41532492e-003 0. 0.
    0. 0. 0. -2.02718657e-003 0. 2.18820220e-004 0. 0. 1.22173503e-002
    4.59952326e-003 1.22658443e-003 2.22793594e-003 0. 0. 0.
    5.83137665e-003 0. 0. 0. 0. 0. 0. 3.90068791e-003 0. 0.
    1.47147225e-002 5.17999846e-003 -1.88190126e-004 0. 0. 0. 0. 0. 0.
    0. 1.94366998e-003 -5.97574806e-004 9.87030799e-004 0.
    7.78490969e-004 0. 0. 1.89532607e-003 0. 3.05779336e-004 0. 0.
    -2.62567232e-006 0. 0. 0. 2.95402482e-003 0. 0. 0. 0. 0.
    -7.35684589e-004 0. 0. 8.82020686e-003 0. -2.84999172e-004 0. 0. 0.
    0. 0. -1.04490772e-003 3.51361930e-004 -2.56678369e-003 0. 0. 0. 0.
    0. 7.06313585e-004 0. 0. 0. 0. 0. 0. 0. 1.47021865e-003 0. 0. 0. 0.
    0. -8.97031557e-003 0. 0. 0. 2.67896242e-003 6.91829901e-003
    1.96529012e-002 0. 1.81600824e-003 0. 9.65199340e-003
    -2.91881943e-003 0. 0. 5.78152994e-003 2.11333786e-003
    1.35058217e-004 1.43523875e-003 -1.50569517e-003 0. 0. 0.
    1.70487887e-003 0. 0. 0. 5.16087515e-003 4.41807788e-003 0.
    1.21018162e-003 0. 0. 0. 0. 0. 0. 8.68984906e-004 0. 1.61155430e-003
    1.20133406e-003 0. -1.33865292e-003 3.30279418e-003 0.
    -2.87931412e-003 0. 0. 0. 0. -7.14385067e-004 0. 0. 0. 0.
    -2.10412964e-003 0. 0. 3.09864467e-004 0. 0. -2.40953825e-003
    3.95629415e-003 0. -2.56391754e-003 0. 0. 0. 0. 7.33943889e-003 0.
    1.05311337e-003 1.41983863e-003 7.58075062e-003 2.83705466e-003 0.
    0. 0. 1.40440199e-004 0. 0. 0. 3.46621103e-003 0. -6.44940999e-004
    0. 0. 0. 0. 0. 7.87996105e-004 0. 0. 0. 0. 0. 2.23309398e-002 0.
    -1.83706405e-003 0. -2.74074846e-004 2.03164597e-003 0.
    5.83173707e-003 0. 0. 0. 2.29549711e-003 0. 0. 8.21572542e-003 0.
    -2.46139732e-003 0. -5.54072176e-005 1.31026739e-002 0. 0.
    2.03788397e-003 0. 0. 0. 0. 9.97558609e-003 2.87530106e-003
    3.82783380e-003 0. 0. 4.64077573e-004 1.10256625e-002
    6.41126127e-004 0. 1.52813438e-002 0. 0. 0. 2.22201878e-003 0.
    -1.25993032e-003 0. 0. 1.20084397e-002 0. 0. 0. 0. 0. 0. 0.
    1.69979478e-003 0. 0. 1.98650509e-004 -1.63886999e-003 0. 0.
    -4.22283629e-004 -4.33299784e-003 -2.35646684e-003 1.87391799e-003
    0. 1.40009937e-003 5.02001611e-004 0. 3.60423466e-003
    -3.75436182e-004 0. -2.13736738e-003 0. 0. -2.84829689e-003 0.
    3.83427227e-003 -1.73418620e-003 4.00982302e-004 0. -2.20477628e-003
    -1.12391065e-003 2.10620090e-003 1.62991963e-003 3.95980896e-004
    6.15526736e-003 0. 0. 0. 0. 0. 0. 1.85497035e-003 0. 1.33010477e-003
    0. 0. 1.32764142e-003 0. 1.34475958e-002 0. 0. 7.65921362e-003 0.
