<?xml version="1.0"?>
<opencv_storage>
<imageDescriptor type_id="opencv-matrix">
  <rows>1</rows>
  <cols>1000</cols>
  <dt>f</dt>
  <data>
    0. 1.01298084e-002 0. 0. 0. 0. 8.02927557e-003 0. 0. 7.45307829e-004
    3.49620404e-003 0. 0. 5.42204012e-004 2.33440194e-003 0.
    -6.66452455e-004 1.65534895e-002 0. 0. 0. -2.96341168e-004
    2.34987633e-003 -9.92807472e-005 0. 2.99633550e-003 -2.59614695e-004
    4.21072217e-003 6.12351112e-003 2.34949822e-003 0. 0. 0.
    3.86542757e-003 0. 2.32333364e-003 2.25802083e-004 0.
    2.37065786e-003 1.34340674e-002 1.53288781e-003 2.68423744e-003 0.
    3.86108761e-003 0. 3.63832084e-003 1.13399969e-004 0. 0. 0. 0.
    1.25418568e-003 0. 2.50533526e-003 0. 0. 0. 0. 0. 6.58161371e-005 0.
    0. 5.16406167e-003 0. 0. 6.57386263e-005 -1.96376978e-003 0.
    3.24369804e-003 9.29316564e-004 2.23124865e-003 0. 4.44169063e-003
    0. 0. 0. 0. 0. 1.21028651e-003 1.07772124e-003 0. 4.26426670e-003 0.
    2.52333307e-003 0. -3.26170702e-003 -4.33249807e-005 9.72775626e-004
    0. 5.36700303e-004 0. 0. 3.01645952e-003 0. 0. 0. 0. 5.39669581e-003
    0. 0. 0. 1.67852349e-003 7.59036106e-004 0. 0. -2.20198161e-003
    2.69780867e-004 -8.46802941e-005 0. 0. 0. 0. 1.05034723e-003 0. 0.
    0. 0. 1.38236454e-003 -3.28482687e-003 0. 7.90689979e-003
    8.89036863e-004 0. 0. 8.53105856e-004 4.67683235e-003 0. 0.
    5.54078724e-003 0. -1.82680727e-004 -9.91029316e-004 8.26924667e-003
    0. 0. 1.64306955e-003 0. 5.78763057e-003 0. 0. 0. 8.53539165e-003
    1.38189318e-003 8.36032070e-003 2.26728385e-003 5.58832544e-005 0.
    8.82267312e-004 7.38766685e-005 3.63126630e-003 1.62818842e-002
    5.27458126e-003 0. 0. 0. 0. 0. 4.67021251e-003 0. 0. 0. 0. 0. 0. 0.
    6.27099862e-003 0. 0. -3.17500497e-004 0. -4.35229013e-004
    9.28702997e-004 0. 2.39624438e-004 0. 0. -5.07658813e-004
    3.38791078e-003 3.73257231e-003 0. 0. 7.27844751e-003 0. 0. 0. 0. 0.
    1.75905565e-003 0. 4.07702848e-003 -1.37696532e-003 0.
    2.06733891e-003 -7.58207287e-004 1.14527764e-003 0. 0. 0. 0.
    -1.07441819e-003 0. 2.95659946e-003 0. 0. 0. 0. 0. 0. 0. 0. 0. 0. 0.
    0. 9.64647217e-004 -5.46009513e-004 0. -6.56446815e-003
    1.80661795e-003 0. 0. 1.20288727e-003 2.94452952e-003 0.
    -1.17226795e-003 0. 2.78560095e-003 0. 3.76584311e-003
    2.57952604e-003 6.18372869e-004 0. 9.17025656e-003 0. 0.
    8.10263678e-003 0. 1.98013568e-003 1.91705558e-003 0.
    4.09116998e-004 3.41595523e-003 0. 0. 2.43668538e-003
    1.12961081e-003 2.14818562e-003 1.29409740e-002 0. 0.
    7.26430328e-004 0. 1.75339961e-003 0. 0. 5.66621358e-003 0.
    2.58935243e-003 0. 5.32975188e-003 0. 0. 0. 1.73726445e-003 0. 0.
    1.25978130e-003 0. 6.61342219e-003 5.65114140e-004 0.
    3.94034525e-003 0. 0. 0. 3.08955181e-003 0. 0. 0. 0. 3.18555720e-003
    1.07752206e-003 0. 0. -1.57495379e-003 -1.26775703e-003 0.
    6.56855619e-003 0. 1.64982711e-003 2.52599502e-003 0.
    7.64172291e-004 4.18099662e-004 0. 0. 3.78010655e-003 0.
    1.24941382e-003 -7.52689142e-004 0. 0. 1.18078454e-003 0. 0. 0. 0.
    0. 0. 0. 0. -2.98712356e-003 -3.49321810e-004 0. 0. 0.
    1.16853812e-003 0. 0. 0. 1.40008656e-003 3.82871460e-003 0. 0.
    2.88655329e-003 0. 0. 0. 2.22693640e-003 -6.02721761e-004 0.
    2.90936627e-003 0. 1.90473953e-003 2.25248863e-003 0. 0.
    -7.72375381e-004 7.45208189e-003 2.91335187e-003 8.04939889e-004 0.
    0. 0. 4.46351105e-003 0. 2.15555751e-003 0. 0. 0. 0. 0. 0. 0. 0. 0.
    4.96345758e-003 0. 0. 0. 0. 0. 2.56262883e-003 0. 0. 0.
    1.74264962e-004 0. 2.70739663e-003 0. 0. 2.17345078e-003 0.
    1.23869162e-003 0. -2.84452899e-003 4.79201134e-003 0. 0.
    -6.89942390e-004 0. 0. 0. 0. 0. 0. 7.84356904e-004 0. 0. 0.
    4.04484244e-003 0. 3.96164740e-003 5.93646291e-005 0. 0. 0. 0. 0. 0.
    -1.03202939e-003 2.72263365e-004 0. 0. 0. 0. 3.27017740e-003 0. 0.
    -1.67769074e-004 0. 0. 0. 4.98397695e-003 1.31222829e-002 0.
    3.84852244e-003 -3.68084802e-005 8.13485822e-004 0. 0. 0. 0.
    4.33060154e-003 0. 9.28396257e-005 0. 0. 0. 0. 0. 0. 0.
    1.74203329e-003 0. 9.06303432e-003 6.96652383e-003 0. 0.
    4.51498374e-004 7.79594528e-003 2.92376103e-003 0. 0. 0. 0.
    2.07868405e-003 6.51197834e-003 0. -2.67515192e-004 0.
    3.94447619e-004 0. 0. 0. 0. 0. 0. 0. 0. 0. 0. 7.63927121e-003
    1.43124303e-003 0. 0. 1.09581631e-002 1.96982059e-003
    2.19178107e-003 0. 0. 0. 0. 0. 0. 0. 9.14702367e-004
    -5.84258407e-004 1.02702121e-003 0. 0. 0. 0. 0. 0. 3.30871117e-005
    5.95622649e-003 0. 0. 0. 1.79089687e-003 2.56577926e-003 0.
    -1.07501633e-003 2.66723009e-003 2.33390206e-003 0. 3.75094987e-003
    4.74874920e-004 0. 4.18917276e-003 3.77868814e-003 0.
    -1.78706984e-003 0. 2.96601164e-003 0. 0. 3.96405905e-003 0.
    -3.56218516e-004 0. 2.72131898e-003 0. 0. 0. 0. 0. 0. 0. 0.
    -1.62597559e-003 0. 1.51534122e-003 4.50227782e-003 0. 0. 0.
    5.78072912e-004 4.30201786e-003 0. 0. 0. 0. -8.94198252e-004
    4.86791972e-003 0. 0. 1.18850637e-003 -3.94055480e-003 0. 0. 0. 0.
    1.83309196e-003 0. 9.47376061e-003 0. 1.17178133e-003
    6.38724479e-004 0. 0. 2.01948662e-003 0. 0. 0. 3.84381250e-003 0. 0.
    1.86660152e-003 0. 0. 4.58786357e-003 0. 5.46122668e-003 0. 0.
    4.82434221e-003 1.21315371e-003 0. -3.98263597e-004 5.28417667e-003
    1.96395908e-003 0. 3.00117373e-003 0. 0. -9.01714375e-004
    4.27039899e-003 0. 5.63238468e-003 0. 4.63995431e-003 0.
    -2.36146472e-004 1.68876688e-003 0. 0. 1.15396956e-003
    1.97166950e-003 0. 0. 9.04177781e-003 1.13659224e-003
    -1.81023567e-003 2.41126851e-004 0. 0. 9.79503384e-004 0.
    1.29533364e-004 0. 0. 0. 1.67296326e-003 0. 8.47358751e-005 0.
    7.08150491e-003 0. 0. 1.30253774e-003 0. 0. 0. 0. 0. 4.53504361e-003
    1.53578038e-003 0. 0. 0. 0. 0. 1.37039658e-003 2.66223244e-004 0. 0.
    0. -1.09536189e-003 0. 1.90594955e-003 9.40299418e-004 0. 0. 0. 0.
    -1.30386135e-004 0. 0. 0. 0. 0. 0. 0. 0. 5.63354883e-003 0. 0. 0. 0.
    -3.71125352e-004 0. 4.09396191e-004 0. 7.64093711e-004 0. 0. 0. 0.
    0. 0. 0. 0. 0. 0. 0. 0. 0. 0. 0. 0. 0. 2.51244009e-003
    1.58921495e-004 0. 0. 0. 0. 0. 0. 0. 0. 0. 4.18887520e-003
    2.76256329e-003 1.52529986e-003 0. 0. 0. 0. 0. 4.55661165e-003 0. 0.
    0. 9.74486489e-003 0. 1.30124222e-002 1.67891779e-003 0. 0.
    -4.52784618e-004 1.16288406e-003 0. 0. 0. 0. 0. 0. 1.29376189e-003
    -5.55962964e-004 0. 3.77700897e-003 1.11027863e-002 1.51221245e-003
    1.06241126e-002 4.12810914e-004 -1.24155704e-004 1.13796024e-003 0.
    0. 1.19981251e-003 0. 0. 0. 0. 0. 0. -1.13669678e-003 0.
    5.75960206e-004 0. 0. 6.28675567e-003 1.25675858e-003
    1.82412055e-004 1.70421693e-003 1.34737580e-003 -1.09227363e-003 0.
    1.48665789e-003 0. 0. 1.39183772e-003 3.97260854e-004
    2.24581710e-003 0. 0. 5.65601233e-003 0. 0. -4.10115317e-004 0. 0.
    0. 0. 6.07227499e-004 0. 0. 0. 0. 6.23930391e-005 0. 0. 0.
    1.77080079e-003 0. 0. 0. 7.22547201e-003 3.71824012e-006 0. 0. 0.
    3.57343093e-003 0. 0. 0. 1.33981055e-003 0. 0. 0. 5.90009661e-003 0.
    6.99493987e-003 1.57781411e-002 2.56258436e-003 1.14780886e-003 0.
    0. 2.61718570e-003 0. 0. 3.02499370e-003 4.93413885e-004
    1.19823916e-003 5.12174156e-004 0. 0. 0. 1.36894488e-003
    -7.28841755e-004 -7.60102048e-005 -1.61110610e-003 1.02547295e-002
    0. 0. 8.63042136e-004 0. 0. 0. 1.99921150e-003 0. 0. 0. 0. 0. 0. 0.
    1.62622973e-003 5.41488780e-003 0. 0. 0. 0. 6.58124860e-004 0. 0. 0.
    1.25208782e-004 7.26881961e-004 5.60526270e-003 0. 0. 0.
    1.87850953e-003 1.36405195e-003 0. 0. 1.76933419e-003 0.
    1.41648471e-003 -2.52599246e-003 0. 0. 0. 0. 0. 0. 0.
    2.61330255e-003 0. 7.91064056e-004 0. 0. 0. 4.84161312e-003 0.
    -5.38008870e-004 0. 0. 0. 0. 5.81894012e-004 0. 2.92650633e-003 0.
    0. 0. -1.83088530e-004 6.98532036e-004 -2.24063755e-003
    1.43476175e-002 0. 2.17642239e-003 0. 6.04956876e-003
    -8.52653815e-004 6.04855316e-003 -3.93432492e-006 0. 0.
    3.97365727e-003 1.41392276e-003 0. 1.12778824e-002 7.48783769e-003
