<?xml version="1.0"?>
<opencv_storage>
<imageDescriptor type_id="opencv-matrix">
  <rows>1</rows>
  <cols>1000</cols>
  <dt>f</dt>
  <data>
    1.04382178e-002 0. 0. 5.46582555e-003 0. 0. 8.80369265e-003 0. 0. 0.
    0. -3.47775000e-004 0. -1.08175958e-003 0. -1.08129624e-003
    7.00578210e-004 0. 0. 0. 9.41665564e-003 -1.40066433e-003 0.
    1.48964091e-003 0. 0. 0. 0. 0. 0. 0. 0. 0. 2.22538249e-003 0. 0. 0.
    0. 2.14894302e-003 0. 1.51728466e-003 1.75246119e-003 0.
    2.21223198e-003 0. -3.98264639e-003 6.60910620e-004 0. 0. 0.
    -1.29417330e-003 0. 0. 0. 5.53049846e-003 0. 1.67743757e-003 0. 0.
    0. 1.99865922e-003 2.08432623e-003 -2.62689337e-005 -4.32525063e-003
    -3.28266091e-004 1.31152745e-004 -3.65233631e-003 1.95789034e-003 0.
    3.21940961e-003 1.23416190e-003 0. 1.09492859e-003 0. 0.
    -7.40599644e-004 1.86968734e-003 0. 1.29963167e-003 1.13806790e-002
    -7.53884437e-004 0. 0. 0. 2.35118016e-004 0. 0. -4.55034012e-003 0.
    0. 2.61186226e-003 0. 0. 0. 0. 1.21429458e-003 0. 0. 0.
    1.47943594e-003 0. 0. 3.81113519e-003 2.27070181e-003 0. 0. 0.
    -5.45826391e-004 0. 8.93740449e-004 0. 0. 0. 1.66070589e-004
    1.05841691e-003 0. 1.98238506e-003 0. 1.94118137e-003 0.
    9.77064297e-003 0. 0. 5.84381283e-004 0. 6.17508544e-003 0. 0.
    1.59689272e-003 1.82762044e-003 0. 0. 0. 0. 1.20071857e-003 0.
    2.22671661e-003 0. 0. 0. 0. 5.82061382e-003 0. 0. -5.56914369e-004
    0. 0. 0. 2.91153812e-003 -3.95898195e-003 0. 1.05167483e-003 0. 0.
    6.88812323e-003 0. -7.90945720e-004 0. 3.03829322e-003
    1.33137871e-003 1.34020718e-003 4.61520720e-003 8.58222018e-004 0.
    0. 4.57484974e-003 5.60675235e-003 -1.51401968e-003 5.30541036e-003
    0. 1.11406250e-003 1.13651471e-003 0. -6.64867286e-004 0. 0.
    1.85450679e-003 0. -1.71056061e-004 2.92276614e-003 0.
    -1.94371608e-003 6.85274322e-003 0. 0. 0. 0. 0. 9.70397159e-005
    8.19985569e-003 0. 0. 0. 1.69450289e-003 0. 5.59286866e-003 0.
    5.32410480e-003 0. -1.11229345e-003 2.02911487e-003 0. 0. 0.
    6.05617929e-003 0. 4.94219130e-004 0. 0. 0. 7.08787236e-003 0. 0.
    1.04719540e-003 0. 2.74929014e-004 0. 0. 0. 3.42443585e-004
    3.26137897e-003 0. 6.54068682e-003 0. 5.25178351e-002
    2.02972302e-003 8.96466838e-004 2.72877957e-003 0. 6.81681791e-004
    0. -1.37539188e-004 0. 3.82889155e-003 0. 0. 2.97541701e-004
    2.16207607e-003 4.39841114e-003 8.67575500e-003 -1.84882971e-008 0.
    0. 0. 0. 0. 2.54370179e-003 -4.66602331e-004 4.52174200e-003
    2.45632115e-003 7.93853716e-004 0. 0. 0. 0. 5.28518111e-003 0.
    1.41141494e-003 4.35889605e-003 7.58118136e-003 0. 0.
    2.34406907e-004 0. 6.31046295e-003 0. 0. 0. -4.02531959e-003
    4.94953152e-003 0. 3.00238933e-003 1.91195612e-003 0.
    1.07904067e-004 6.48693275e-003 -1.88980368e-003 0. 0.
    8.76406964e-004 0. 0. 0. 5.90281794e-003 0. 0. 3.99880530e-003 0.
    2.43095658e-003 0. 1.50405313e-003 4.50672908e-003 2.65311543e-003
    3.83336144e-003 4.80630156e-003 0. -2.11353792e-004 0.
    1.51128136e-003 0. 0. 0. 6.27657748e-004 0. 3.44234658e-003
    1.59666454e-003 2.84849154e-003 0. 5.83980698e-004 0.
    6.90482557e-003 0. 3.76855885e-003 6.32866705e-003 -1.57548743e-003
    3.19016603e-004 0. 0. 7.11818691e-004 2.76081148e-003 0. 0. 0.
    1.27800298e-003 -4.47926650e-005 0. 4.16343054e-003 5.60357934e-003
    0. 9.26537905e-003 0. 0. -4.45688638e-004 1.33238174e-003 0.
    5.15968166e-003 0. -1.80714444e-004 2.05738307e-003 0. 0. 0.
    2.55660713e-003 0. 0. 2.13968381e-003 6.18566014e-003 0. 0. 0.
    1.46485295e-003 0. 1.26782842e-002 0. 4.15791431e-003 0. 0.
    -6.27256755e-004 0. 0. 0. 1.04529655e-003 2.38268962e-003 0. 0. 0.
    4.88088187e-003 -6.61234313e-004 0. 0. 2.97140632e-005
    1.23926485e-002 0. 0. 0. 0. 1.17678894e-003 1.21973723e-003
    4.90232790e-003 0. 2.89773475e-003 0. 0. -1.84037513e-003 0.
    5.01640234e-003 0. 0. 0. 0. 0. 0. 0. 0. -1.95164495e-004 0. 0.
    2.12600385e-003 5.15563646e-004 0. 0. -3.43512744e-003 0.
    3.54789780e-003 4.69668739e-004 7.18424562e-003 0. 1.30013179e-003
    1.59446849e-003 0. 2.89594219e-003 0. 0. 1.30774779e-003 0.
    7.95580447e-004 3.21940705e-003 7.65836472e-003 0. 0. 0.
    9.01300751e-004 1.31579675e-003 0. -7.04716134e-004 1.36060466e-003
    0. 0. -6.31094910e-004 -8.67143215e-004 9.96169518e-004 0. 0.
    -2.30112602e-003 -7.18649942e-004 0. 0. 0. 5.28644398e-003
    4.66498052e-004 0. 0. -1.76970311e-003 9.82882921e-003
    1.04504824e-003 0. 0. 1.88142923e-003 6.30454160e-004 0.
    1.87389133e-003 0. 4.55692271e-003 1.06496445e-003 4.20369062e-004
    0. -3.16511869e-004 3.61838820e-003 0. 0. 1.41101824e-002 0. 0. 0.
    -3.87312542e-003 1.12731932e-002 3.71863274e-003 -1.46001577e-004 0.
    0. 0. 0. 0. 0. 0. 1.26682711e-003 2.22976785e-003 0. 4.68266284e-004
    0. 0. 4.71030455e-003 0. 0. 0. 9.45138745e-003 0. 0. 0. 0. 0.
    3.37498495e-003 0. 0. 0. 0. 0. 0. 0. 0. 1.43884041e-003 0.
    9.44907515e-005 0. 0. 0. 0. 3.05176619e-003 3.55532276e-003
    3.64742032e-003 0. 0. 2.74316594e-003 0. 0. 9.84877162e-003
    1.39910448e-003 0. 0. 5.46726980e-004 0. 1.03963045e-002 0.
    4.14812285e-003 1.79139723e-003 0. 0. 0. 0. 0. 0. 4.07324405e-004
    7.26003549e-004 0. 3.99124750e-004 0. 0. 0. 0. 3.73629358e-004 0.
    4.11149440e-003 0. 0. 0. 0. 0. 0. 0. 0. 0. 0. 0. 0. 0.
    6.75441092e-003 3.88940889e-003 0. 0. 0. -2.21915706e-003 0.
    3.92163219e-003 -5.00528840e-003 0. 2.51165475e-003 0.
    2.97509274e-003 -3.68715235e-004 0. 0. 0. 0. -6.32748066e-004 0.
    3.56025179e-003 1.25303166e-002 -5.33870654e-004 0. 1.41930440e-002
    0. 0. 0. 0. 0. 0. 1.39545648e-006 0. 9.13305301e-003 9.40105505e-003
    0. 0. 0. 0. 0. 0. 1.87107513e-003 0. -9.26696928e-004 0. 0.
    1.41557993e-003 0. 1.79581893e-005 0. 0. -7.79832015e-004 0.
    2.40801107e-002 8.21221992e-003 0. 4.56756307e-003 -1.08132686e-003
    0. -1.00050471e-003 8.12407117e-003 0. 0. 0. 7.02773861e-004 0. 0.
    0. 0. 1.91823766e-003 0. 8.17674957e-003 0. 0. 3.09617608e-003
    1.28331326e-003 0. 0. 0. 0. 0. 0. 0. 0. 0. 0. -4.05846251e-004
    2.51541752e-003 0. 0. -9.09594237e-004 0. 0. 0. 0. 0. 0. 0. 0. 0.
    1.63708886e-004 1.27621402e-003 2.21567298e-003 1.03106489e-003 0.
    -5.21638780e-004 0. 0. 9.73674096e-003 -1.38018210e-003 0. 0. 0.
    6.07270189e-003 0. 0. 0. 8.45650065e-005 0. 3.00144893e-003
    1.93018056e-002 0. 0. 0. 0. 0. 0. 0. 0. 6.90653082e-003 0. 0. 0. 0.
    0. 0. 0. 0. 0. 3.59345504e-005 0. 1.06788217e-003 0. 0. 0.
    1.32215777e-004 0. 0. 0. 0. 6.87556516e-004 0. 2.88577820e-003
    -2.07807156e-004 0. 5.47702238e-003 3.84431309e-003 1.73380808e-003
    0. 0. 4.22755443e-003 0. 5.19154826e-004 4.63871023e-004 0. 0. 0. 0.
    4.92100418e-003 4.89369675e-004 0. 0. 0. 0. 0. 2.87932286e-004 0. 0.
    1.03241543e-003 1.21585815e-003 0. 0. 0. 0. 0. 0. 7.69428152e-004
    -4.90752631e-004 0. 0. -8.44559516e-004 1.59941352e-004 0. 0.
    -2.69524334e-003 0. 0. 9.38369922e-005 0. 4.12506703e-003 0. 0. 0.
    0. 0. 0. 0. 0. 5.57051215e-004 0. 5.54966042e-004 0.
    -9.72547277e-004 0. 0. 0. 0. 0. 0. 0. 0. 4.06717649e-003
    1.97590166e-003 -4.99922025e-004 1.93959789e-003 0. 0.
    -1.22461258e-003 1.23806642e-002 -4.00401535e-004 0. 0. 0. 0.
    7.29685090e-003 0. 0. 0. 1.33164474e-006 0. 0. 0. 1.30471913e-003 0.
    0. 0. 6.51264749e-003 0. 4.40304726e-003 0. 0. 1.01923733e-003 0. 0.
    1.18349050e-003 0. 0. 0. 0. 0. 1.57101895e-003 0. 1.59042934e-003 0.
    0. 0. -3.41938314e-004 1.26929977e-003 0. 9.43745472e-005
    1.07543531e-003 0. 1.70324533e-003 0. 0. 1.42909400e-003
    -1.79897004e-004 0. 0. -9.52085888e-004 0. 0. 2.38801143e-003
    -2.30907509e-003 0. 0. -4.71172272e-004 0. 0. 0. 8.36214691e-004 0.
    5.23816887e-003 0. 0. 0. -1.97117357e-003 0. 1.63253734e-003 0.
    4.56360634e-003 0. -2.70586694e-004 0. 0. 1.73125754e-003 0. 0.
    1.66089833e-003 0. 8.49829055e-003 4.96449356e-004 0.
    -2.05736578e-005 0. 0. 0. 0. 0. 0. 4.29817894e-003 0. 0.
    -4.64120647e-004 1.57172866e-002 0. 0. 0. 0. 0. -2.11350480e-003 0.
