<?xml version="1.0"?>
<opencv_storage>
<imageDescriptor type_id="opencv-matrix">
  <rows>1</rows>
  <cols>1000</cols>
  <dt>f</dt>
  <data>
    0. 1.53105555e-003 0. 0. 0. 2.49590445e-003 2.29661865e-003 0. 0. 0.
    1.69071951e-003 0. 4.07138868e-004 0. 0. 0. 1.90311417e-004 0.
    4.45984741e-004 0. 0. 1.55101612e-003 -6.63762738e-004
    -3.73428804e-004 1.32412498e-003 5.27683180e-004 1.51052035e-003 0.
    0. 0. 1.80269894e-003 -1.23033140e-004 0. 3.93027766e-003 0.
    6.63937023e-003 0. 1.15073631e-002 -5.39325003e-004 0. 0. 0. 0. 0.
    1.96753303e-003 3.13051481e-004 0. 0. 0. -5.46705502e-004
    6.06641115e-004 0. 0. 0. 0. -4.65809135e-004 0. 3.88599606e-003
    4.63394594e-004 -1.26382848e-003 3.23948031e-003 6.36248430e-003
    6.74493262e-004 4.54078807e-004 9.97948111e-004 0. 0. 0.
    5.64734824e-003 6.15387922e-003 0. 0. -5.21995709e-004 0. 0.
    3.25708138e-003 0. 0. 0. 0. 6.86837593e-003 0. 6.52345270e-003 0.
    1.23722106e-003 0. 0. -5.20262541e-003 0. 0. 0. 1.47024239e-003 0.
    4.23768908e-003 0. -1.17532478e-003 0. 0. 0. 0. 8.13302118e-003 0.
    -2.89949146e-003 0. 0. 1.66927022e-003 0. 0. 4.46330727e-004 0.
    3.17400205e-003 4.81326242e-005 1.97375775e-003 0. 0.
    -1.61110261e-003 6.02985546e-003 0. 0. 0. 1.46100729e-005 0. 0.
    -9.10430448e-004 -9.68805980e-004 1.31397319e-004 -1.10273024e-004
    0. 0. 6.32591406e-003 2.50964286e-003 -8.98733793e-004 0. 0.
    4.52785892e-003 0. 0. 0. -2.58208951e-004 0. 0. 0. 2.45278794e-003
    0. 0. 7.79725984e-003 0. 0. 0. -1.08171616e-005 8.83733330e-004 0.
    0. 0. 0. 0. 0. 0. 0. 2.79307552e-003 0. 4.37589968e-003 0. 0.
    -2.07730173e-003 0. 0. 0. 0. 6.89437939e-003 2.42834887e-003
    2.51610461e-003 0. 0. 0. 5.16083837e-003 0. -2.02942383e-003 0.
    -1.22883730e-003 0. 8.04920960e-003 -6.17930025e-004 5.84790856e-003
    0. 0. 2.49862787e-003 1.06332719e-003 1.41486723e-003
    1.74778409e-003 1.89861783e-003 0. -2.73127388e-003 -9.12400254e-004
    1.71118521e-003 2.59110890e-003 0. 0. 6.39964407e-003
    4.66484996e-003 6.55337237e-003 0. 1.41719999e-002 -1.55984866e-003
    0. 8.51999782e-003 0. 0. -4.45890415e-004 0. 0. -1.16093829e-003 0.
    0. 0. 0. 2.79063941e-003 0. 0. -1.81539019e-003 0. 0. 0.
    -4.07010736e-003 9.32672806e-003 1.38158107e-003 0. 0.
    2.82828417e-003 1.48942659e-003 0. 1.99661381e-003 0. 0.
    4.33765911e-003 0. 7.34354323e-003 7.42534408e-003 0.
    7.89175392e-004 1.14860816e-003 0. 6.31352654e-003 1.41237378e-002
    5.23644453e-003 0. 3.85259744e-004 0. 0. 3.60185688e-004
    2.15181626e-005 0. 2.72677164e-003 5.97072532e-003 0.
    1.72228832e-003 -9.65572370e-004 -1.29628243e-004 2.24360102e-003 0.
    0. 0. 0. 0. 0. 0. 0. 0. 0. 4.75077773e-004 0. 4.89931181e-003 0. 0.
    0. 0. 4.00990655e-004 4.01306804e-003 2.12804927e-003
    3.41999903e-003 0. 0. 1.00174956e-002 2.34419713e-003
    2.02663156e-004 0. -7.33685374e-005 -7.34361180e-004 1.49703398e-003
    0. 0. 0. 0. 0. 7.93298706e-003 4.63834876e-005 0. 0. 1.01679761e-003
    0. 2.81529175e-003 0. 0. 0. 0. 0. 0. 0. 2.04733014e-003 0.
    6.52387855e-004 8.94281827e-003 2.30397400e-003 5.76431258e-003 0.
    0. 0. 0. 0. 0. -1.64745597e-003 0. 7.31631648e-003 0. 0.
    7.41731375e-004 0. 6.73897332e-004 6.27494766e-004 0. 0. 0. 0. 0. 0.
    9.13344906e-004 0. 2.83903297e-004 6.72861410e-004 -4.27906984e-004
    -5.86721930e-004 0. 0. 2.28781346e-003 0. 0. -2.83134286e-004 0. 0.
    2.99851806e-003 0. 0. 8.16399325e-003 0. -2.06774566e-003
    -2.07546283e-004 0. 0. -7.19127594e-004 0. 0. 9.61886346e-003 0.
    1.18599739e-003 0. 1.53384460e-002 0. 0. 0. 0. 0. 7.90186413e-003 0.
    0. 7.70376864e-005 1.41557981e-003 -2.80913140e-004 1.96452416e-003
    6.33029733e-003 1.13476918e-003 2.27443338e-003 0. 0.
    2.27270741e-003 0. 0. 0. 9.85666923e-003 0. 0. 0. 0. 0. 0.
    2.55557289e-003 0. 0. 0. 0. 0. 0. 0. 5.91866625e-003 0.
    1.67084299e-003 8.26581672e-004 0. 5.52380632e-004 3.38869373e-004
    1.56660611e-003 0. 9.78960423e-004 0. 4.31653718e-003 0. 0.
    -1.09032786e-003 0. 0. 2.24233489e-003 0. 0. 0. -9.92945745e-004 0.
    9.58401710e-003 0. 0. 0. -2.51594232e-003 1.17905531e-003 0.
    4.92458092e-003 0. 0. 0. -2.83999871e-005 1.73806708e-004 0. 0.
    8.45225155e-003 0. 0. 0. 1.15879392e-003 0. 1.92978568e-002
    1.48160791e-004 3.65706830e-004 0. 0. 0. 0. 3.01465625e-003 0. 0. 0.
    8.06354336e-004 9.41390265e-003 6.55725089e-005 0. 0.
    4.29164199e-003 0. 0. 0. 1.09723327e-003 5.67008741e-004 0. 0.
    -1.53880834e-003 4.03094426e-004 1.41634764e-002 0. 7.06968270e-003
    0. 0. 0. 5.00449399e-003 4.30661440e-003 0. 0. 2.74627237e-003
    2.50545633e-003 1.18452124e-002 0. 0. 1.06772443e-003 0. 0. 0.
    -3.17057245e-004 7.19374046e-003 0. -1.25310064e-004 7.40973512e-003
    6.95171626e-003 0. 0. 0. 4.50397562e-003 0. 0. 0. 0. 4.23587114e-003
    0. -1.03902603e-004 0. 0. 4.71507339e-003 -3.15648766e-004
    -2.93135317e-003 -2.69211625e-004 0. 0. 3.58293299e-004 0.
    5.92272729e-004 2.43372288e-005 7.67844977e-005 0. 0.
    3.13774962e-003 0. 1.09179446e-003 1.54020067e-003 0. 0. 0. 0. 0.
    8.05663876e-003 1.74785266e-003 -6.23996311e-004 0. 0.
    -2.38987920e-003 0. 0. 1.01131760e-002 0. 0. 0. 0. 0. 0. 0.
    8.67127068e-003 4.89152910e-004 0. -4.33778681e-004 2.13340065e-003
    0. 0. 2.85629765e-003 0. 0. -6.25149580e-004 0. 9.61041078e-003 0.
    0. 0. 0. 2.15499895e-003 9.27600951e-004 0. 0. 0. 0. 1.44911616e-003
    0. 0. 8.60174827e-004 0. 0. 0. 0. 0. 0. 0. 0. 0. 0. 2.58130080e-004
    0. 0. 0. -9.55452153e-004 0. 0. 0. 0. 0. 0. 0. 0. 0. 0.
    1.10821414e-003 0. 1.77233689e-003 8.19408684e-004 0. 0.
    7.66432437e-004 0. 0. 1.10183342e-003 -6.62522856e-004 0. 0. 0. 0.
    -3.43605620e-003 -8.22587521e-004 0. 3.07044690e-003 0. 0.
    1.06602325e-003 0. 0. 0. 0. 5.27796801e-004 0. 0. 0. 0. 0.
    7.71680940e-003 1.87609962e-003 -1.28466822e-003 2.15813052e-003 0.
    0. 0. 0. 0. -1.73912640e-003 2.62283301e-003 0. 1.15552428e-003 0.
    0. 0. 3.24150617e-003 4.88980487e-003 0. 0. 0. 1.51505205e-003
    6.02127751e-004 0. 0. 0. -3.46506271e-003 0. -1.73537026e-003
    5.07456530e-003 5.66034066e-003 0. 1.51362142e-003 5.69842104e-003
    0. 3.85125563e-003 2.13398319e-003 -1.17349194e-003 0. 0. 0. 0. 0.
    -1.46693364e-003 7.10552186e-003 -1.23957393e-003 0. 0.
    -2.02343508e-004 1.31013617e-003 0. -5.87732589e-004 1.40117500e-002
    6.24307711e-003 0. -8.75068305e-004 0. 0. 1.29943388e-002 0. 0. 0.
    0. 3.23702791e-003 0. 0. 9.60614718e-003 0. 9.40642692e-003
    6.54911157e-004 0. 0. 0. 3.39999679e-003 0. 3.33152968e-003 0.
    3.02497094e-004 -1.56123773e-003 0. 0. 4.49951418e-004
    6.35609217e-003 0. 0. 0. 0. 0. 0. 0. 1.84592407e-003 0.
    4.91169340e-004 0. 0. 0. 0. 2.48534314e-004 0. 0. 9.74728144e-004
    -3.10652517e-003 0. 0. 0. -1.52432127e-003 1.00023355e-002
    -2.99683394e-004 0. -1.40480371e-003 4.92567709e-003 0. 0. 0.
    2.72765849e-003 0. 5.05549973e-003 4.44045058e-004 0. 0. 0.
    -4.15870658e-004 0. 0. 0. 2.48741894e-003 0. 0. 1.04490609e-003
    -1.45970451e-004 2.42233058e-004 0. 1.00186197e-002 0.
    8.92135035e-003 0. 2.61222501e-003 0. 0. 9.01429821e-003 0. 0. 0. 0.
    0. 0. 7.77116185e-003 0. 0. 0. 2.23277230e-003 0. 0. 0.
    7.20713707e-003 5.39056025e-004 7.69693754e-004 0. 0. 0.
    8.74039344e-003 1.13033608e-003 0. 0. 0. 0. -9.80062527e-004 0.
    5.74268075e-003 1.74772926e-003 0. 0. -8.00953247e-004
    3.05031281e-004 -4.66845057e-004 2.79971887e-003 -3.92417511e-004
    1.21085392e-003 0. 0. 0. 1.03926994e-002 -3.76160315e-005 0. 0.
    2.45318370e-004 0. 4.94611310e-003 0. -2.11189152e-003 0. 0.
    -4.20521741e-004 7.81116961e-003 0. 5.30840072e-004 0. 0. 0. 0. 0.
    0. 0. 0. 0. -1.92454245e-004 0. 0. 6.55004056e-004 0.
    4.51281574e-003 0. 0. 1.86150111e-002 0. 0. 0. -1.80839200e-003 0.
    0. -7.53037690e-004 0. 1.79717857e-002 -1.10503228e-004
    1.73572905e-003 0. 2.02603219e-003 0. 0. 0. 0. 0. -1.01957540e-003
    1.39614334e-003 -2.17673229e-003 -5.15463289e-005 0.
