<?xml version="1.0"?>
<opencv_storage>
<imageDescriptor type_id="opencv-matrix">
  <rows>1</rows>
  <cols>1000</cols>
  <dt>f</dt>
  <data>
    0. 0. 5.44843683e-003 0. 0. 0. 1.03879487e-003 -2.68503488e-003 0.
    0. 0. 0. 0. 0. 3.27622751e-003 8.92418902e-003 0. 7.64384400e-003 0.
    5.66562731e-003 4.26968001e-003 0. 4.29991493e-003 0. 0.
    -1.48449489e-003 0. 0. 0. 0. 1.25721912e-003 9.42890940e-004 0.
    -1.22154877e-003 9.09614936e-003 -4.79920069e-004 -1.42561112e-004
    2.62301415e-003 0. 0. 5.30621922e-003 0. 4.00320860e-003 0. 0. 0.
    2.86707352e-003 0. 0. 2.70499149e-003 0. -2.19330797e-003 0.
    6.86958525e-003 0. 0. 0. 0. 0. -1.04111177e-003 0. -5.98249084e-004
    0. 0. 0. 4.85783938e-004 0. 0. 0. 0. 0. 0. 0. 0. 0. 1.42267894e-003
    0. 0. 0. 2.75376067e-003 0. 0. 0. 0. 0. 0. 0. 0. 0. 5.64982463e-003
    0. -2.35853181e-003 0. 0. 1.86166223e-002 0. 2.04670359e-003 0. 0.
    0. 0. -3.75691889e-004 0. 2.24571419e-003 0. 0. 0. 2.08277516e-002
    4.78422083e-003 2.28944561e-003 7.05048442e-005 2.39208876e-003 0.
    0. 0. 0. 0. 0. 0. 0. 0. 0. -2.81982706e-004 0. 0. 1.94796007e-002 0.
    0. 0. 5.32908039e-003 0. 0. 0. 0. 0. 0. 0. 0. -2.23397464e-003 0.
    7.95220863e-003 0. 0. 4.26662853e-003 1.36052212e-003 0.
    6.43141288e-003 1.06485514e-002 0. 0. 0. 1.55033609e-002 0. 0.
    3.93474428e-003 0. 1.74356962e-003 0. 0. 0. 3.88262939e-004 0. 0.
    5.26989903e-003 0. 0. 0. 0. 0. 1.59485196e-003 0. -1.47509703e-003
    0. 0. 0. 0. -5.83382440e-004 0. 1.17805153e-002 0. 2.38461816e-003
    0. 0. -1.26286104e-004 0. 0. -2.07979861e-003 0. 0. 0. 0.
    9.25199315e-003 0. 4.88397805e-003 0. 0. 0. 0. 0. 0. 1.67154579e-003
    0. -2.23606057e-003 -6.35037664e-004 0. 0. 0. 3.19070561e-004 0. 0.
    0. 0. 0. 0. 6.96655735e-003 0. 1.50278735e-004 0. 0. 1.18320184e-002
    0. 0. 0. 0. 1.01127615e-003 5.98647911e-003 0. 0. 0. 6.43539289e-003
    0. 0. 1.41534081e-003 0. 0. 0. 0. -4.25612740e-003 6.01893058e-003
    3.08486191e-003 0. 9.74309258e-003 0. 1.32314151e-003 0.
    1.30641107e-002 0. 0. 2.60620005e-003 0. 0. 2.33707298e-003 0. 0.
    7.03440653e-003 0. 3.48715228e-003 0. 0. 0. 1.60303041e-002 0.
    2.37517129e-003 0. 0. 0. 0. 0. 0. 0. 0. 0. 0. 1.48464495e-003 0.
    4.31463309e-003 2.45104171e-003 0. 1.22534763e-002 0. 0.
    -4.38325945e-003 0. 0. 0. 0. 0. 0. 8.43193848e-004 1.20484130e-003
    0. 0. 0. 2.99583911e-003 0. 0. 0. 0. 1.44118571e-003 0.
    -1.94606266e-003 0. 0. -8.82186985e-004 0. 0. 0. 0. 0. 0. 0.
    -9.36827797e-004 0. 0. 0. 2.68181576e-003 0. 0. 0. 0. 0. 0.
    1.18809636e-003 0. 0. 0. 3.76448641e-003 1.48589467e-003 0.
    1.90593663e-003 0. 1.65329606e-003 0. 2.10679905e-003 0.
    9.91756283e-003 0. 0. 3.94159509e-003 0. 0. 0. 0. 0. 0.
    5.96104132e-004 0. 0. 0. 0. 0. 2.56866729e-003 0. 0.
    -2.10927590e-003 -3.26418877e-003 1.59265157e-002 0. 0. 0. 0.
    -2.59109004e-003 8.76647793e-003 0. 3.11691593e-003 0. 0.
    3.65118496e-004 5.43061690e-003 0. 6.11329777e-003 0.
    4.26944578e-003 0. -8.04384006e-004 0. 0. 0. 5.55889541e-003
    6.54336996e-004 3.51458369e-003 0. 0. 2.18801503e-003 0. 0. 0. 0. 0.
    0. 0. 0. -5.35703031e-004 7.09596230e-003 0. -5.67534659e-003
    7.92755652e-003 0. -1.68902730e-003 4.56475280e-003 0. 0. 0. 0.
    -1.74004017e-004 3.92675167e-003 0. 0. 0. 0. 5.37043344e-003 0. 0.
    0. 0. 2.78414390e-003 0. 0. 0. 0. 0. 0. 0. 0. -1.04308645e-004 0. 0.
    5.77553222e-003 0. 1.66912039e-003 0. 0. 1.44676014e-003
    6.77848468e-003 -1.96657586e-003 3.02579161e-003 0. 0. 0. 0. 0. 0.
    0. -4.22709621e-003 1.07246102e-003 0. 0. 0. 0. 0. -1.59934326e-003
    0. 0. 0. 0. 0. 2.75223888e-003 0. 0. 0. 0. 0. 0. -1.63879152e-003
    -8.78018094e-004 -4.73056280e-004 0. 0. 0. 0. 0. 0. 0. 0.
    1.73273147e-003 2.70292442e-003 0. 0. -5.15397778e-003 0. 0. 0.
    8.64572730e-003 0. 0. 0. 0. 0. 0. 3.34736402e-003 1.36331692e-002 0.
    0. 0. 0. 0. 0. 0. 0. 0. 0. 0. 0. 0. 0. 0. 0. 0. 0. 1.24485220e-003
    0. 0. -9.19791870e-004 0. 1.23844272e-003 0. 0. 0. 0.
    1.31008383e-002 0. 0. 0. 0. -1.30117231e-004 1.39705921e-002 0. 0.
    7.63722975e-003 0. 0. 2.26739654e-003 0. 0. 0. 0. 2.20341445e-003 0.
    0. 0. 0. 9.14681330e-003 0. 0. 7.23093166e-004 0. 1.11875194e-003 0.
    0. 0. 0. 0. 0. 0. 0. 3.69048421e-003 0. 9.66666732e-003 0.
    1.19577616e-003 0. 5.28212218e-003 0. 0. 1.60322594e-003
    2.30472826e-004 0. 0. 0. 0. 0. 6.93569379e-003 0. 1.44293522e-002 0.
    0. 2.85644573e-003 0. 1.08387200e-002 1.97632108e-002 0.
    3.90126859e-003 0. 5.76008670e-003 0. 0. 0. 0. 0. 0. 0. 0. 0.
    -1.29681616e-003 0. 0. 0. 6.86346367e-003 0. 0. 0. 1.39413809e-003
    0. 0. -8.72356701e-004 -1.87087315e-003 2.73219170e-003 0.
    2.67260568e-003 0. 0. -2.79211649e-003 -6.93882175e-004 0.
    -2.13647960e-004 0. 0. 0. 0. 0. 0. 0. 1.42674858e-003
    -6.63279323e-004 -1.99296325e-003 0. 0. 0. 0. 0. 1.56245672e-003
    1.74605241e-003 0. 0. -1.87099760e-003 0. 0. 0. 1.04196824e-003 0.
    0. 0. 0. 0. 0. 1.59582542e-003 0. -1.01202040e-003 1.14644098e-003
    0. 0. 0. 0. 0. -4.33298433e-003 0. 0. 0. 0. 8.48466996e-003 0. 0.
    1.03309250e-003 0. 0. 0. 0. 0. 0. 1.28814182e-003 0. 0. 0. 0. 0. 0.
    0. 0. 3.00599891e-003 1.81323069e-003 0. 0. 0. 0. 0. 0.
    8.65354948e-003 0. 0. 0. -1.07044005e-003 0. 0. 0. 0. 0.
    1.25702168e-003 0. 0. 0. 2.29113875e-003 1.22635392e-003
    5.52911498e-003 0. 1.05187325e-002 3.95057723e-003 1.65974733e-003
    0. 0. 0. 0. -1.78818824e-003 0. 0. 1.15761571e-002 0.
    1.08619872e-003 0. 0. 1.41263509e-003 0. 6.05336099e-004 0. 0.
    -9.08238755e-004 4.99733724e-004 0. 0. 0. 1.50726188e-003 0. 0. 0.
    0. 0. 6.69612037e-003 0. 0. 0. 0. 0. 0. 0. 0. 0. -6.45145541e-003 0.
    1.26801128e-003 9.52748489e-003 0. 0. 0. 0. 0. 1.20747499e-002
    2.58605857e-003 7.77532673e-003 1.20364660e-002 1.02163451e-002
    9.95810959e-004 0. -1.25605229e-003 0. 0. 0. 0. 0. 6.07771659e-003
    0. 0. 8.78424384e-003 0. 0. 0. 0. 0. 0. 5.64384833e-003
    3.37260053e-003 0. 0. -1.20568392e-003 0. 3.47402343e-003 0. 0. 0.
    0. 0. 0. 0. 0. 4.41385293e-003 1.99905690e-003 0. 0. 0. 0. 0. 0.
    2.37730006e-003 0. 0. 0. 0. 0. 0. 0. -8.95634410e-004
    4.02984163e-003 0. 0. 0. 3.69594875e-003 0. 0. 0. 3.77316098e-003 0.
    8.29872768e-003 -5.27682190e-004 0. 0. 0. 0. 0. 0. 0. 0. 0.
    2.39674281e-003 0. 5.62285399e-003 -2.32619335e-004 7.63200969e-003
    0. 0. 0. 0. -2.06202688e-003 0. 0. 0. 9.03012464e-004 0. 0.
    1.21976843e-003 3.77122918e-003 3.68532166e-003 4.54646675e-003
    1.26281427e-002 6.88716769e-003 0. 0. 0. 0. 1.01451520e-002
    9.60671715e-003 9.88418609e-003 0. 0. 0. 4.36511962e-003 0. 0. 0.
    -2.34591821e-003 0. 0. 0. 9.46218031e-004 0. 0. 0. 0. 0. 0. 0.
    -1.75877547e-004 3.76279955e-003 0. 0. 5.28323185e-003
    6.53261086e-003 0. 0. 1.48365228e-003 1.15859970e-004
    9.05529782e-003 0. 0. 2.65007443e-003 0. 0. 0. 6.13355718e-004 0.
    -1.46524271e-003 0. -4.44136048e-003 0. 0. 0. 0. 1.77212420e-003 0.
    0. 0. 0. 0. 0. 0. 0. 2.74061202e-003 0. 0. 0. 2.61887233e-003 0.
    -8.98877799e-004 0. 0. 5.53253479e-003 0. 0. 6.14872109e-003 0.
    2.82275636e-004 1.08532198e-002 0. -1.39367220e-003 0. 0.
    -1.54232490e-003 0. 0. 3.01096559e-004 0. 0. 0. 0. 0. 0. 0. 0. 0. 0.
    0. 0. 5.10433875e-003 0. 0. 0. 0. -2.33641849e-003 1.12540100e-003
    0. 1.12787401e-002 0. 0. 1.35214059e-002 9.11444146e-003 0. 0.
    4.37897397e-003 0. 0. 0. 2.41691037e-003 0. 0. 0. 2.96912156e-003 0.
    0. 0. 0. 0. 0. 0. 0. 0. 0. 3.00593185e-003 0. 0. 0. 4.06839233e-003
    6.10071584e-004 1.51427863e-002 0. -9.18500125e-004 0. 0. 0. 0. 0.
    0. 0. 0.</data></imageDescriptor>
</opencv_storage>
