<?xml version="1.0"?>
<opencv_storage>
<imageDescriptor type_id="opencv-matrix">
  <rows>1</rows>
  <cols>1000</cols>
  <dt>f</dt>
  <data>
    0. 2.29189964e-003 4.48087510e-003 0. 0. 0. 0. 1.38072961e-003 0. 0.
    0. 0. 9.11132025e-004 0. 0. 0. 0. 3.97698255e-003 0. 0.
    -8.77473794e-004 0. 4.71546175e-003 0. 0. 0. 0. 0. 0. 0. 0.
    7.56112684e-004 4.94782755e-004 -3.44325439e-003 7.60988379e-003
    1.04159359e-002 0. 0. 1.93622860e-003 0. 0. 0. 6.13429351e-003 0. 0.
    5.75823069e-004 3.01684625e-003 0. 0. 2.72879773e-003 0.
    -2.72714649e-003 0. -1.49545504e-003 0. 7.09537044e-003 0. 0. 0.
    1.31124782e-003 0. -3.37890728e-004 0. 0. 0. 0. 2.50356435e-003 0.
    2.59391469e-004 0. 0. 0. 0. 0. 0. 0. 3.00460705e-003 0. 0.
    2.44128169e-003 5.55005344e-003 0. 0. 0. 0. 3.80618451e-003 0. 0. 0.
    4.08085622e-003 5.13100065e-003 1.58200006e-003 0. 0. 0. 0.
    4.57383646e-003 0. 0. 0. 0. 0. 0. 3.57295969e-003 0. 0. 0.
    1.63830444e-002 3.32986377e-003 0. 2.15138379e-003 0. 0. 0. 0. 0. 0.
    0. 0. 0. 0. 3.25001148e-003 0. 0. 0. 2.34955121e-002 0.
    2.57856073e-003 0. 8.47211573e-003 0. 0. 0. 0. 0. 0.
    -2.16858578e-003 0. 0. 0. 1.19975321e-002 0. 0. 3.11017642e-003
    1.51896768e-003 0. 1.26052229e-002 1.03176637e-002 3.61501495e-003
    0. 0. 1.39388433e-002 0. 0. 1.97098358e-003 0. 0. 0. 0. 0. 0. 0. 0.
    3.15308711e-003 0. 0. 0. 0. 0. 5.59030334e-003 1.63577497e-002
    -1.76110549e-003 0. 0. 1.99236465e-003 0. 1.72607554e-003 0.
    7.46217603e-003 0. 1.16761203e-003 0. 0. 4.74972796e-004 0. 0.
    -1.36857608e-003 0. 0. 0. 0. -9.69490095e-004 0. 0. 0. 0.
    2.86366208e-003 0. 0. 0. 1.43501593e-003 0. 1.73204131e-002 0.
    4.13206313e-003 0. 0. 3.34280217e-003 0. 0. 6.08292781e-003 0. 0.
    -8.26825097e-004 5.29125519e-003 0. 0. 0. 1.84000004e-003 0. 0.
    8.32382124e-004 0. 0. 0. 0. -1.24992675e-003 0. 0. 8.07097647e-003
    0. 0. 5.50577603e-003 0. 0. 0. 4.36927378e-003 -8.34257167e-004
    5.60016045e-003 4.62062052e-003 0. 2.46552937e-003 0.
    7.93258380e-003 0. 1.13234445e-002 0. 1.84141146e-003 0.
    8.97608115e-004 4.02516546e-003 1.13005852e-002 0. 0.
    2.38376530e-003 0. 3.03085777e-003 1.87306863e-003 0. 0.
    2.14227811e-002 0. 0. 0. 0. 3.80680617e-003 0. 1.30184635e-003
    1.20138202e-003 0. 0. 0. 0. 2.47971108e-003 0. 2.35285936e-003 0. 0.
    1.46004083e-002 6.79379888e-003 5.49323577e-003 -4.01872769e-003
    -4.36250493e-003 0. 0. 0. 0. 0. -4.38246134e-005 1.43541640e-003 0.
    0. 0. 2.06399802e-003 3.63708055e-003 0. 0. -1.34894899e-005
    2.18606181e-003 0. 2.13409017e-004 0. 0. 2.05767131e-003 0. 0. 0. 0.
    0. 0. 0. -1.95561443e-003 0. 0. 0. 5.87814627e-003 0. 0. 0. 0. 0. 0.
    3.03340913e-003 0. 0. 0. 4.87657730e-003 0. 5.55494474e-003 0. 0. 0.
    0. 2.18942272e-003 0. 2.52455240e-003 0. 0. -5.53869817e-004 0. 0.
    1.85126308e-004 0. 1.85176439e-003 0. 2.02137191e-004 0. 0. 0. 0. 0.
    0. 0. 0. 1.67783655e-004 -7.58046081e-005 1.08581604e-002 0. 0. 0.
    0. -4.64422069e-003 8.03112891e-003 0. 5.27754752e-003
    9.78334574e-004 0. -4.20711294e-005 2.02905620e-003 5.50847966e-003
    0. 0. 0. 0. 3.31343175e-003 0. 0. 0. 1.97614706e-003 3.37337638e-004
    0. 0. 0. 0. 0. 0. 0. 0. 0. 0. 4.71091503e-003 5.24939736e-003
    6.67679869e-003 0. 0. -4.54822183e-003 5.47537114e-003 0. 0.
    1.89949351e-003 6.50806213e-003 0. 0. 0. 0. 0. 0. 0. 0. 0.
    1.47819165e-002 0. 0. 0. 0. 1.98050286e-003 0. 0. 1.54173991e-003 0.
    0. 0. 0. 0. 0. 0. 0. 5.28286630e-003 0. 0. 0. 0. 1.14797698e-002
    -9.19918297e-004 -1.19321106e-003 3.37077933e-003 0. 0.
    2.56015407e-003 0. 0. 1.51253800e-004 0. 2.89045880e-003 0. 0. 0. 0.
    0. 0. 5.75599633e-003 0. 0. 0. 0. 2.03490420e-003 0. 0. 0. 0. 0.
    8.29852768e-004 0. 0. 3.34093836e-003 0. 0. 0. 0. 0. 2.85549485e-003
    1.48879236e-003 0. 0. 2.57042912e-003 2.19829334e-003 0. 0.
    4.61163203e-004 1.05836280e-002 4.45941789e-003 6.78192079e-003
    8.05966556e-003 8.83904868e-005 0. 0. 0. 0. 0. 0. 0. 0.
    1.40228949e-003 0. 0. 1.07237929e-003 0. 0. 0. 0. 1.77766138e-003 0.
    0. 0. 1.06463605e-003 0. -1.43741653e-003 0. 4.74583032e-003
    3.29103437e-003 0. 0. 0. 0. 7.21721037e-004 0. 0. 0. 0.
    1.80039071e-002 0. 0. 0. 0. -7.02748075e-004 2.79454086e-002 0. 0.
    3.79233650e-004 0. 0. 0. 0. 0. 0. 0. 3.12789623e-003 0. 0. 0. 0.
    6.97884010e-003 0. 0. -1.74886896e-003 0. 0. 0. 0. 0. 0. 0.
    -1.86680758e-003 0. 0. -1.17449427e-003 0. 1.55001618e-002 0.
    -2.12695729e-003 0. 0. 0. 0. 0. 0. 0. 0. -8.01011745e-004 0.
    -4.25708102e-004 6.93249144e-003 0. 8.25020659e-004 0.
    2.62146862e-003 7.94463139e-003 0. 0. 1.75085980e-002 0.
    3.01484135e-003 0. 0. 0. 0. 0. 2.24433653e-003 0. 0. 0. 0. 0.
    -2.01233849e-003 0. 0. 0. 0. 0. 0. -1.78844295e-003 0. 0. 0.
    -8.14960746e-004 0. 1.67634641e-003 0. 1.56931449e-002 0. 0.
    -3.22559918e-003 0. 0. -2.30361987e-003 0. 3.23578296e-003 0. 0. 0.
    0. 1.04994541e-002 0. -2.17137043e-004 3.38379480e-003 0. 0. 0. 0.
    3.83186201e-003 0. 0. 0. 0. -6.57669560e-004 8.60229717e-004 0. 0.
    0. 0. 0. 0. 0. 0. 0. 1.12911325e-003 0. 0. 3.07971309e-003 0. 0. 0.
    0. 0. 0. 0. 0. 0. 1.27465359e-003 0. 0. 0. 9.60661564e-004
    3.49079166e-003 1.22081572e-002 0. 0. 0. 0. 0. 0. 0. 0. 0. 0. 0. 0.
    0. 1.43410719e-003 0. 0. 0. 0. 0. 0. 0. -1.90716950e-004 0. 0. 0. 0.
    0. 0. 0. 0. 0. 6.60177844e-004 0. 0. 0. 0. 6.42933231e-003
    7.49455718e-003 0. 5.20802476e-003 2.28548609e-003 0. 0.
    -4.19463823e-003 3.92350747e-004 0. 0. 0. 0. 0. -2.19705072e-003 0.
    0. 0. 0. 0. -2.44197785e-003 0. 0. -1.39591715e-003 0. 0. 0. 0.
    1.66363141e-003 1.79601915e-003 0. -2.93826306e-004 0.
    6.86262094e-004 0. 0. 0. 0. 0. 0. 3.10441619e-003 1.72162964e-003 0.
    0. -6.12717541e-003 0. 0. 1.08872941e-002 -2.70621758e-003 0. 0. 0.
    0. -1.48065016e-003 0. 8.32133088e-003 8.00667983e-003
    1.17490645e-002 7.14272785e-004 0. -1.42294832e-003 2.69482378e-003
    0. 0. 0. 0. 2.09161313e-003 0. 0. 0. 0. 0. 0. 1.48456683e-003 0. 0.
    0. 5.63080190e-003 2.67386599e-003 0. 4.25392576e-003 0.
    4.59297094e-003 0. 0. 0. 0. 0. 0. 0. 0. 0. 2.11612787e-003 0. 0.
    -1.83624763e-003 0. 0. 0. 0. 0. 0. 0. 0. 0. 0. 0. -6.96382544e-004
    1.16180163e-002 0. 0. 0. 4.70580487e-003 8.72428238e-004 0. 0.
    3.20326071e-003 0. 4.99671558e-003 0. 0. 0. 0. 0. 0. 0. 0. 0. 0. 0.
    0. 3.13068670e-003 -2.24603480e-003 0. 0. 0. 0. -7.91942235e-003 0.
    0. 0. -1.13372349e-004 0. 9.83896572e-003 0. 0. 0. 0. 0. 0.
    2.95076310e-003 6.70706620e-004 0. 0. 0. 1.23812547e-002 0.
    5.13468031e-003 0. 0. 0. 0. 0. 4.34613181e-003 0. 8.49337448e-005
    2.21535075e-003 4.03480418e-003 7.81218288e-004 5.13258914e-004 0.
    1.36036449e-003 0. -1.33644184e-003 -2.04943033e-004 2.03256262e-003
    0. 4.92612971e-003 6.81473175e-003 0. 2.84087588e-003
    1.23131802e-004 1.20699704e-002 0. 2.27780966e-003 2.52104783e-003
    0. 0. 0. 4.87519288e-003 2.77338596e-003 0. 5.11191599e-003 0.
    -5.44862996e-004 0. 0. 0. -2.65557272e-003 0. 0. 0. 0.
    1.30499084e-003 0. 0. 0. 0. 0. 0. 0. 0. 3.33800702e-003 0. 0.
    4.82523901e-005 2.40699062e-003 0. 0. 0. 0. -1.10872872e-002 0. 0.
    5.49901044e-003 0. -3.64631152e-004 7.64085073e-003 0.
    -7.38372467e-003 0. 0. 3.77934863e-004 0. 0. 1.69168081e-004 0. 0.
    0. 0. 0. 0. 0. 0. 1.35465583e-003 0. 0. 0. 0. 0. 0. 0. 0.
    -4.48030652e-003 0. 4.17909445e-003 8.58019758e-003 0. 0.
    6.31689001e-003 6.73193019e-003 0. 0. 0. 0. 0. 0. 5.84206544e-003
    9.12156771e-004 0. 0. 2.49112234e-003 0. 0. 0. 0. 0. 0. 0.
    1.37429154e-002 0. 0. 1.94833847e-003 -1.79649680e-004 0. 0.
    -7.55534275e-004 -2.51267222e-003 1.47757884e-002 0. 0. 0.
    3.67610992e-005 1.81373965e-003 0. 0. 0. 0. 0.</data></imageDescriptor>
</opencv_storage>
