<?xml version="1.0"?>
<opencv_storage>
<imageDescriptor type_id="opencv-matrix">
  <rows>1</rows>
  <cols>1000</cols>
  <dt>f</dt>
  <data>
    5.32531459e-003 0. 0. 3.23014171e-003 0. 6.36425149e-003
    8.94964032e-004 0. 0. -1.18955690e-003 0. 0. 0. 0. 1.10337418e-003
    1.35872292e-003 3.84986051e-003 0. 7.74663466e-004 2.01364572e-004
    0. 9.53299517e-004 0. 0. 0. 0. 0. 0. 5.18561108e-003 0.
    1.85615546e-003 8.15837120e-004 0. 1.62251387e-003 1.63502421e-003
    0. 0. 0. -1.17888849e-004 0. 0. 4.16891975e-003 0. 3.45513341e-003
    0. 0. 6.32933713e-003 0. 4.40771371e-004 9.25300701e-004 0.
    2.96999398e-003 0. 0. 0. 0. 0. 0. 0. 0. 7.14847061e-004 0. 0.
    2.44584982e-003 2.99423444e-003 6.08517043e-003 2.57879030e-003
    2.62448244e-004 0. 2.30076853e-006 1.34008075e-003 -6.74830444e-005
    0. -6.55191776e-004 0. 1.41697808e-003 0. -3.77576158e-004
    -1.45513739e-003 -7.64752564e-004 0. 0. 0. 0. -5.23647061e-004 0.
    2.25209701e-003 6.81897101e-004 0. 4.06741770e-003 0.
    3.87591822e-003 -2.16296804e-003 3.75297968e-003 0. 0.
    6.98389439e-003 0. -2.94629543e-004 0. 0. 1.41502207e-003 0. 0. 0.
    0. 0. 9.97312251e-004 7.38886476e-004 -1.45607232e-003 0. 0. 0. 0.
    0. 0. 0. 0. 4.81485529e-003 0. 0. 0. -2.54394661e-004 0.
    5.82178216e-003 4.90412209e-003 2.92636151e-003 0. 1.77192895e-004
    1.43742422e-003 0. 0. 0. 0. 0. 2.73328717e-003 0. 0. 4.68441984e-003
    2.18232884e-003 -9.68975248e-004 1.60853402e-003 0. 0. 0.
    -3.57390149e-004 0. 1.72326341e-003 8.06148537e-003 -1.50999881e-003
    -6.12131320e-004 0. 0. 2.78845103e-003 1.34262734e-003 0.
    8.94074794e-003 0. 0. 3.32401297e-003 -4.90465260e-004
    -1.26852957e-003 0. 1.64190412e-003 1.14200066e-003 1.36688788e-004
    0. 0. 0. 0. 0. 8.87434930e-004 0. 8.26805364e-003 0. 0. 0.
    -1.30608783e-003 3.35471681e-003 3.22288205e-003 0. 0.
    1.94169430e-003 0. 0. 1.47612998e-004 0. 1.06538367e-003 0. 0. 0. 0.
    0. 9.61853191e-003 0. 0. 9.47072695e-004 1.60235364e-003 0. 0.
    4.67337610e-004 0. 0. 0. 3.21251759e-003 0. 0. -4.77867405e-004 0.
    0. 0. 8.26436852e-004 1.34038820e-003 3.42740631e-003 0.
    2.90045375e-003 0. 0. 1.32345987e-004 2.39307643e-003 0. 0.
    3.31284734e-003 0. 5.42067271e-003 1.64581242e-003 6.36466313e-004
    -2.88021169e-003 0. 0. 0. 0. 9.10032913e-003 2.17828806e-003 0.
    1.65453786e-003 7.09208893e-004 2.69842404e-003 3.49967531e-003
    2.84352666e-003 -2.67089275e-003 0. 0. 0. -6.68666442e-004 0.
    1.68260606e-003 0. 2.37480155e-004 7.14565301e-003 -8.63986090e-004
    0. 0. 0. 0. 7.74525898e-003 0. 1.14182325e-003 1.45615544e-003
    7.62961386e-003 2.33287131e-003 0. 0. 0. 1.78075687e-003
    -3.63846222e-004 0. 0. 1.23400168e-004 0. 0. 0. 1.29861967e-003 0.
    0. 8.84785331e-005 2.23009661e-002 0. 0. 1.94281616e-004 0.
    9.10757692e-004 0. 0. 0. -6.48106914e-004 0. 0. 0. -3.88953631e-004
    7.23026809e-004 3.05438414e-003 1.32829919e-002 3.21130222e-003 0.
    0. 8.40933819e-004 6.07499387e-003 -5.98880928e-004 0. 0. 0. 0. 0.
    4.50799766e-004 0. 1.10439891e-002 0. 0. 0. 7.24842446e-003 0.
    2.36247312e-002 0. 2.54853931e-003 0. 0. 0. 0. 0. 0. 0.
    8.13725128e-005 0. 4.73867916e-003 0. 5.11830300e-003
    -1.06866017e-003 0. 1.31222559e-003 0. 0. 0. 0. 0. 1.78980902e-002
    0. 0. -1.48822815e-004 0. 0. 0. 5.58127533e-004 0. 0. 0.
    6.68908842e-003 8.15785897e-004 5.91322454e-003 3.31117131e-004
    1.39449444e-003 -7.03789468e-004 6.14248356e-003 0. 5.32553822e-004
    0. 6.27041503e-004 1.11874298e-003 0. 0. 1.72138086e-003 0.
    -2.79819847e-006 0. 0. 2.37746141e-003 0. 0. 0. 0. 0. 0.
    -9.23006039e-004 2.40094096e-006 0. 1.89000217e-003 5.47414459e-003
    1.34852284e-003 0. 6.90925342e-004 -5.32528094e-004 0. 0.
    4.90240986e-003 0. -1.43822981e-004 2.01520184e-003 0.
    1.19690655e-003 1.09473255e-003 0. 0. 1.80137483e-003 0. 0.
    7.34131550e-004 7.05289349e-005 0. 4.71633626e-003 0.
    1.92886009e-003 -1.36942125e-003 0. 0. 6.57646218e-004
    1.00278407e-002 1.26311497e-003 0. 0. 3.42179462e-003
    5.66590298e-003 0. 0. 5.54500753e-003 0. 3.82910483e-003
    1.61496442e-004 -7.85258482e-004 0. 4.73010214e-003 4.77453403e-004
    0. 0. 0. 0. 5.06876735e-003 1.03159552e-003 0. -7.25258724e-004
    -6.86074636e-005 0. 3.16145760e-003 0. 0. 0. 0. -3.82654695e-003
    4.12074180e-004 0. 0. 2.79899919e-003 6.46181288e-004
    4.39924374e-003 0. -1.04746281e-003 0. 0. -1.86000208e-004
    1.83223002e-003 0. -3.31096671e-004 0. -2.37950403e-003 0.
    1.50915328e-003 0. 0. 0. 1.60244759e-003 7.14622391e-003 0.
    2.31153867e-003 0. 2.52932520e-003 0. 1.68280397e-003
    1.93880827e-004 4.49923798e-003 0. 0. 0. 0. 4.33932524e-003
    4.79457621e-003 4.25195880e-003 0. 0. 0. 0. 0. 1.14638160e-003 0.
    1.16259954e-003 1.89911248e-003 0. 1.54021205e-002 0. 0.
    3.38811846e-003 0. 0. 0. 6.60791819e-004 5.62303979e-003 0. 0. 0. 0.
    0. 1.06558308e-003 0. 3.79516685e-004 8.60032509e-004 0.
    4.48643649e-003 0. 4.25998122e-003 -1.34675903e-003 -2.52045193e-005
    -1.19521876e-003 1.77430804e-003 0. 0. 0. 0. 0. 0. 0. 0. 0.
    1.92966242e-003 2.23314529e-003 0. 3.01340222e-003 8.83808883e-004
    2.25466839e-003 -2.83765665e-004 0. 0. 0. 0. 0. 1.51119602e-003 0.
    0. 2.17311550e-003 4.42688208e-004 1.49918615e-003 2.94534984e-004
    3.23549355e-003 -3.46575369e-004 -3.16572550e-004 0. 0. 0. 0. 0. 0.
    5.10947313e-004 2.52215937e-003 1.17411757e-004 0. 0. 0. 0.
    1.09294313e-003 0. 0. 2.48662019e-007 0. 2.36208271e-003 0.
    5.14510227e-003 0. 0. 0. 0. 0. -2.06012395e-004 5.77939581e-003 0.
    -1.06537819e-003 0. 0. 0. 0. 2.44286610e-003 2.21140101e-003 0.
    2.92184227e-003 0. 0. 0. 0. 0. 0. 0. 0. 1.37864647e-003
    -1.38041377e-003 3.02369660e-003 -5.30642516e-004 7.72497384e-004 0.
    0. 0. 0. 0. 0. 4.36916295e-003 0. 0. 0. 0. 0. 1.32096768e-003
    -2.62233592e-003 7.95251690e-004 9.24694166e-003 5.38769877e-003 0.
    1.75613083e-003 0. 0. 0. 0. 1.92261778e-003 0. 0. -2.87809642e-004
    1.21195968e-002 1.46895438e-003 0. 4.41084988e-003 3.37789214e-004
    0. 8.83291243e-004 5.49148349e-003 0. 0. 4.15775180e-003
    5.85213769e-003 0. 1.12165371e-003 7.72144180e-004 0. 0.
    1.47683907e-003 0. 1.64988148e-003 0. -6.79504010e-004
    3.86447669e-003 4.93320811e-004 2.93401163e-003 0. 0. 0. 0. 0. 0. 0.
    1.44353765e-003 0. 0. 5.84512204e-003 2.41806876e-004 0.
    3.51021066e-004 1.35418877e-003 0. 0. 0. 0. 0. 0. 0. 0. 0.
    2.32216553e-003 0. 0. 0. 0. -3.82298767e-003 1.78585725e-003
    7.37030932e-004 0. 0. 5.30554075e-003 0. 0. 1.73376501e-003 0. 0.
    1.02645985e-003 -2.34974475e-004 0. 0. 0. 1.65455742e-003
    1.40605709e-002 1.09738635e-003 0. 0. 7.24218367e-003
    1.11278647e-003 1.68038732e-005 0. 5.32029604e-004 4.58324468e-003
    0. 0. 0. 7.37762748e-005 4.01135115e-003 0. 0. 0. 0. 0. 0. 0.
    3.42195667e-003 8.37956963e-004 0. 3.85192834e-004 1.25657523e-003
    0. 0. 1.49274035e-003 0. 0. 3.79454019e-003 9.17380955e-003 0. 0.
    -5.85301605e-004 2.99501303e-003 1.31061883e-003 2.51786900e-003 0.
    0. 0. 0. 0. 0. 0. 0. 0. 0. 0. 2.15095934e-003 0. 0. 6.31009694e-003
    0. 7.06352806e-003 4.14696056e-003 9.32224852e-004 0. 0.
    1.45380863e-003 0. 0. 0. 0. -1.21946353e-003 1.34487962e-003 0.
    3.16029601e-003 0. 0. 0. 0. 6.66664448e-003 0. 4.01785830e-003
    8.90114717e-003 0. 0. 3.89727611e-005 0. 0. 0. 0. -1.17672877e-004
    1.00838952e-003 7.41116353e-004 1.73557864e-003 0. -2.76070525e-004
    0. 0. 0. 1.08796358e-003 7.71172252e-003 0. 0. 3.27096903e-003
    2.77426298e-004 0. 0. -1.65795442e-003 2.12406483e-003 0. 0.
    4.63139126e-003 0. 0. 0. 3.04857362e-003 0. 1.50794233e-003 0. 0.
    8.58895481e-004 -4.95093816e-004 0. 2.43198825e-003 1.15519029e-003
    0. 0. 1.81847427e-003 0. 5.45542454e-004 0. 0. 0. 0. 0. 0. 0. 0. 0.
    2.57162517e-003 1.12459343e-003 2.08538468e-003 0. 3.19046248e-003
    1.00527343e-003 0. 0. 0. 4.56106383e-003 0. 0. 0. 3.96059826e-003 0.
    2.41940538e-003 0. 1.61395185e-002 0. 0. -1.37492409e-003 0.
