<?xml version="1.0"?>
<opencv_storage>
<imageDescriptor type_id="opencv-matrix">
  <rows>1</rows>
  <cols>1000</cols>
  <dt>f</dt>
  <data>
    0. 0. 0. 2.10321555e-003 0. 0. -4.90154373e-003 0. 0.
    -1.03680836e-003 1.08442921e-002 2.84128916e-003 0. 1.96734560e-003
    1.66896469e-004 0. 0. 0. -2.26442399e-003 1.29417703e-003 0. 0. 0.
    0. 0. 0. 0. 0. 0. 0. 0. 0. 1.22293457e-002 1.60325284e-003
    4.31513973e-003 0. 0. 0. 0. 0. 5.22482535e-003 0. 1.73498201e-003 0.
    0. 0. 0. 0. 0. 0. 0. 0. 0. 0. 0. 0. 0. 0. 6.47466455e-004
    1.42706214e-002 1.55979884e-003 2.64247734e-004 1.36498449e-004
    5.56245468e-005 1.41203422e-002 -3.01496329e-004 -6.68611203e-004
    -1.28428731e-003 0. 8.52725469e-003 0. 9.10000701e-004
    1.67058210e-003 0. 0. 2.60497653e-003 0. 7.15302909e-003 0.
    1.16986539e-002 0. -5.85637521e-004 0. 0. 0. 2.98833335e-003
    -2.92633288e-003 -1.89167098e-003 0. 1.34117290e-004 0. 0. 0. 0. 0.
    -1.75035500e-003 0. 0. 0. -3.25111533e-003 0. 0. 0. 1.12286275e-002
    -3.97997828e-005 1.17217954e-002 0. 3.87034292e-004 3.15440033e-004
    0. 6.73017371e-003 0. 0. 1.56626606e-003 0. 0. 0. 0. 2.26615509e-003
    0. 0. 4.19175066e-003 0. 0. 1.81987882e-004 0. 0. 0. 9.19146172e-004
    0. 1.60298916e-003 0. 0. 0. 1.02751632e-003 5.13416657e-004 0. 0.
    -7.78764894e-004 0. 0. 0. 0. 0. 0. -1.33132585e-003 0. 0. 0.
    -6.86838976e-005 0. 0. 0. -1.69466774e-003 0. 2.75913556e-003 0.
    4.55461442e-004 0. 2.62585818e-004 1.21618211e-002 0. 0.
    -3.06178234e-003 0. 2.27582594e-003 0. -6.24039831e-006 0.
    9.42822138e-004 0. 0. 0. 0. 8.97046295e-004 7.66097684e-004 0.
    -1.05660653e-003 0. 0. 0. 0. 0. 0. 0. 0. 2.08128872e-003 0.
    8.78723455e-004 0. 0. 0. 0. 4.43180790e-003 -9.58543620e-004
    2.86199327e-004 0. 4.09560045e-003 0. 0. -3.86109273e-003
    -9.43783380e-004 2.27430719e-003 0. 0. 0. 6.91738795e-004 0. 0. 0.
    3.25963669e-003 6.22636639e-004 0. -2.29300698e-003 0.
    -1.34999957e-003 1.90761685e-002 0. 0. 2.78661423e-003 0. 0. 0.
    2.82550696e-003 -8.02423805e-004 0. -4.89933230e-003
    -2.92415102e-003 0. 0. 0. 1.37954559e-002 0. 4.58659092e-003 0. 0.
    0. 0. 0. 0. -1.62374531e-003 -2.61547114e-003 0. 0. 1.17550290e-003
    7.14105612e-004 2.08432111e-003 0. 2.58539664e-003 0. 0.
    -2.86938995e-003 0. 0. 0. -1.26591802e-003 0. 0. 0. 0.
    1.15456013e-002 1.13059655e-002 1.05610881e-002 2.65109981e-003
    1.21835992e-002 0. 2.39566597e-003 0. 0. 1.59039104e-003 0. 0. 0.
    3.57847265e-003 0. 0. 2.00207636e-004 -2.88708182e-003 0.
    1.64736493e-003 0. 0. 0. -5.46476385e-003 0. 0. 0. 0.
    -1.01286452e-003 3.15102341e-004 -6.37425634e-004 0. 0. 0. 0.
    -2.24689301e-003 0. 0. 0. 0. 1.08058034e-002 1.42501239e-002 0.
    -1.50709366e-003 0. 0. 1.52545108e-003 0. 2.68948660e-003 0. 0. 0.
    8.33782554e-003 0. 0. 0. 0. 9.11739189e-003 0. 0. 0. 9.46975220e-003
    0. 0. 2.94432486e-003 0. 0. 0. 0. 0. 0. 0. 4.79276823e-005
    5.25127817e-003 0. 5.32738492e-003 0. 1.61548983e-002
    3.24295857e-003 0. 0. 0. 0. 3.41605264e-005 1.44245534e-003
    1.04782302e-002 0. 0. 0. 0. -2.55463383e-004 1.70339551e-003 0. 0.
    0. 9.29387845e-003 0. 1.06451185e-002 0. 2.94049224e-003 0. 0.
    -2.70307180e-004 2.07818509e-003 -3.46457912e-003 0. 0. 0.
    9.75455681e-004 2.89466567e-002 0. 0. 0. 0. 0. 0. 1.82007789e-003 0.
    -1.81810674e-003 0. 1.08300373e-002 1.11043034e-002 0.
    1.15854535e-002 0. -3.28344316e-003 1.81834155e-003 0.
    3.52389854e-003 0. 0. 0. 0. 0. 0. 0. 0. -9.60413716e-004 0. 0.
    7.85636192e-004 3.78197641e-004 0. 0. 0. 0. 0. 0. 0. 0.
    1.24180259e-003 0. 0. -5.79953892e-004 0. 0. 1.01175997e-002 0. 0.
    0. 0. 0. 0. 0. 0. 0. -1.49998325e-003 0. 0. 7.47280836e-004 0. 0.
    3.99843324e-003 0. 0. 0. 5.20908693e-003 0. 1.03931627e-004 0. 0. 0.
    0. 0. 0. 0. 0. 0. 0. 4.20642924e-003 -1.58239191e-003 0.
    2.42079725e-003 2.88972864e-004 0. 0. 0. 1.60431117e-003 0. 0. 0. 0.
    0. 0. 3.56337114e-004 0. -4.74735774e-004 1.41017931e-002
    1.22524388e-002 0. -5.65813207e-005 9.90911969e-004 0. 0. 0. 0.
    1.59235264e-003 0. 1.75830151e-004 0. 0. 0. 0. 0. 8.69281776e-003
    1.27647957e-003 1.02951436e-003 0. 0. 0. 0. 0. 0. 0. 0. 0. 0. 0. 0.
    0. 0. 0. -2.28937645e-003 0. 0. 1.64514910e-002 3.95199022e-005 0.
    0. 0. 0. 0. 0. 0. 0. 3.19025386e-003 7.75753194e-003 0. 0.
    7.13387271e-003 0. 6.98252255e-003 0. 5.99190919e-003
    5.26028406e-003 0. 0. 0. 1.59137440e-003 0. 1.18898833e-002 0. 0.
    9.39454825e-004 0. 0. -1.65764277e-003 0. 0. 0. 0. 0.
    -9.26134118e-004 -8.57407518e-004 1.00200567e-002 0. 0. 0.
    1.33003690e-003 1.06188813e-002 0. 1.18187536e-002 2.01779505e-004
    0. -1.30122888e-003 0. 0. 0. 7.88449124e-003 0. -1.56056718e-004 0.
    0. -3.75629170e-005 -1.31041778e-003 2.27324245e-003 0. 0. 0. 0. 0.
    0. 2.55002244e-003 0. 0. 0. 1.34512957e-003 -4.96139284e-003
    -5.57006744e-004 0. 0. 0. 0. 0. 0. 0. -1.07501703e-003
    1.17463816e-003 0. 0. 0. 0. 0. 0. 0. 0. 0. 0. 0. 8.89951177e-003 0.
    0. 0. 0. 0. 0. 7.16185896e-004 0. 1.11660408e-002 0. 1.27600478e-002
    0. 0. 2.40609935e-003 1.08408742e-003 1.73429921e-002 0. 0. 0. 0. 0.
    0. 0. 0. 0. 7.69862439e-004 0. 2.00035819e-003 0. 5.46742485e-005
    5.30087715e-003 1.91088824e-003 1.60449054e-002 0. 4.70008655e-003
    0. 0. 0. 0. 6.59594836e-004 0. 0. 0. 0. -8.76164704e-004 0. 0. 0. 0.
    0. 0. 0. 0. 0. 0. 0. 0. 0. 2.25839671e-003 0. -3.45024304e-003 0.
    2.76190788e-003 0. 0. 0. 0. 0. 0. 0. 0. 1.37274887e-003 0. 0. 0. 0.
    0. 0. 0. 4.29563952e-004 8.87555245e-004 0. 0. 0. 0. 1.51927551e-007
    8.83574877e-003 0. 0. 0. 2.58186692e-003 0. 0. 0. 1.54278020e-003 0.
    1.14372177e-002 0. 0. 0. 0. 0. 1.95898302e-003 0. 1.41509227e-003 0.
    0. 0. 0. -3.80034326e-004 0. 1.63873751e-002 0. 6.86068041e-003
    -7.74533895e-004 1.08213909e-002 1.41331737e-004 0. 0. 0.
    4.14604528e-006 0. 0. 6.79893419e-005 -2.50359857e-003 0. 0. 0. 0.
    0. 0. 0. 0. 9.16882697e-003 1.86614576e-003 0. 9.59701650e-003
    7.55238673e-003 0. 0. 0. 0. 0. 0. 9.71697643e-003 0. 0. 0. 0.
    1.40306074e-003 9.00360197e-003 0. 0. 0. 1.05591433e-003 0. 0. 0. 0.
    0. 0. 0. 0. 2.48149363e-003 0. 0. 0. 0. 0. 0. 0. 0. 0.
    1.03157153e-002 0. 0. 8.58529843e-003 -3.44075437e-004 0. 0. 0. 0.
    0. -9.36855504e-004 0. 0. 0. 0. 0. 7.39065837e-003 1.94575455e-006
    0. 2.83897272e-003 0. 0. 0. 0. 0. 0. 0. 0. 0. 0. 2.27944134e-003 0.
    0. -3.42144375e-003 0. 3.55096330e-004 3.35794431e-003 0. 0. 0. 0.
    0. 0. 4.07626992e-003 0. 0. 2.74378574e-003 0. 0. 3.00716795e-003 0.
    0. 0. 0. 0. 0. 0. 1.46544958e-003 0. 0. 0. -2.26633227e-003 0. 0.
    3.24894395e-003 0. 0. 0. 0. 1.35916413e-003 6.45448722e-007 0.
    3.33163748e-003 0. 2.79706717e-003 0. 2.54241610e-003 0.
    -3.91391525e-003 0. 0. 0. 0. 0. 0. 0. 8.40032659e-003 0. 0. 0.
    -1.04526570e-003 0. 0. 0. 0. 0. 1.25448208e-003 0. 0. 0. 0. 0. 0. 0.
    0. 0. 0. 0. 0. 0. 0. -1.00610452e-003 2.16733292e-003 0.
    7.35331269e-004 0. 0. 7.36106653e-003 0. 0. 0. 9.71605536e-003
    2.48735212e-003 0. 0. 0. 0. 0. 0. 0. 0. 0. 0. 0. 0. 0. 0.
    1.12495851e-002 0. 2.82131508e-003 0. 0. 9.53902854e-005 0. 0.
    1.14571135e-002 9.40834638e-003 1.11054881e-002 0. 0. 0. 0.
    1.34968776e-002 0. 2.08760891e-003 0. 0. 0. 0. 2.07645789e-004 0.
    2.73836404e-002 2.17349589e-006 0. 0. 0. 1.34516566e-003 0. 0. 0. 0.
    0. 0. 0. 9.46988410e-004 2.38737813e-003 0. 1.04241287e-002 0.
    2.09541782e-003 0. 0. 2.62169691e-004 0. 0. 0. 0. -1.20840664e-003
    -6.11650990e-004 0. -1.71429105e-003 0. 0. 0. 0. 0. 0. 0. 0. 0. 0.
    0. 9.94771486e-004 0. 0. 0. 0. -1.09421415e-003 0. 1.32348686e-002
    8.19962192e-003 0. 0. 0. 1.12602976e-003 -1.52483466e-003 0. 0. 0.
    0. 0. 0. 0. 9.52010218e-004 -2.73434474e-004 8.38750135e-003 0.</data></imageDescriptor>
</opencv_storage>
