<?xml version="1.0"?>
<opencv_storage>
<imageDescriptor type_id="opencv-matrix">
  <rows>1</rows>
  <cols>1000</cols>
  <dt>f</dt>
  <data>
    0. 0. 0. 0. 0. 0. 0. 0. -7.19279633e-004 0. 0. 1.08474772e-002
    -1.44443198e-004 0. 0. 6.58683851e-003 -4.55565285e-003 0. 0. 0. 0.
    0. 0. 0. 2.71972432e-003 0. 0. 0. 0. 0. 0. 2.02686293e-003 0. 0.
    2.34200573e-003 0. 0. 0. 0. 0. 0. 7.45573721e-004 0. 7.39753130e-004
    0. 2.79287435e-003 6.69689663e-003 0. 0. 0. 5.33686765e-003
    -1.20020134e-003 0. 0. 4.85308236e-003 0. -1.97731610e-003 0.
    1.88176148e-003 4.25377488e-003 2.40282179e-003 0. 0. 0. 0. 0.
    4.61017434e-003 0. 0. 0. 0. 5.58092212e-003 0. 1.51118205e-003
    1.16769671e-002 0. 0. 3.34205874e-003 0. -2.15177564e-003 0. 0.
    7.71923875e-003 1.99061539e-003 0. 0. 0. 0. 0. 1.08476942e-002 0. 0.
    0. 0. 0. 6.72868500e-003 0. 0. 0. 5.15087100e-004 0. 2.91710370e-003
    1.27279619e-002 0. 2.91540800e-003 0. 0. 0. 0. 6.71164133e-004 0. 0.
    0. 0. 5.07342070e-003 3.92051967e-004 1.96313462e-003 0. 0. 0. 0. 0.
    0. 5.93736244e-004 1.86131510e-003 4.45102312e-004 0.
    -2.71837325e-005 0. 0. 1.12660695e-003 3.50124412e-003
    -4.98685753e-004 2.31418153e-003 0. 0. 3.16376705e-003 0.
    -4.76494140e-004 0. 0. 0. 0. 0. 0. 7.59833818e-003 0.
    -3.61777551e-004 5.78087522e-004 0. 3.99881415e-003 0. 0. 0. 0.
    6.80275494e-004 7.61316333e-004 9.46124899e-004 2.07614806e-003 0.
    0. 0. 5.49700251e-003 0. 1.66090718e-003 0. 0. 5.87887876e-003
    -6.88391738e-004 0. 0. 0. 0. 0. 0. 0. 0. 0. 0. -8.92655342e-004 0.
    -2.84971669e-003 7.11773382e-003 0. 0. 0. 0. 0. 0. 2.26913556e-003
    0. 3.91921587e-003 0. 0. 0. 3.12256836e-003 0. 0. 0. 0. 0.
    1.31550180e-002 -1.30028429e-003 0. 0. 5.39804401e-004
    1.27812347e-003 5.73963393e-003 0. 1.25873752e-003 -1.02067832e-003
    0. 6.27153507e-003 -4.44872916e-004 0. 0. 0. 7.64753262e-004 0.
    5.49777364e-003 1.25754520e-003 0. 0. 0. 1.36902451e-003 0. 0.
    2.57454044e-003 0. 0. 0. 0. 4.90190089e-003 -8.94852262e-003 0. 0.
    0. 0. 3.18253972e-003 0. 0. 0. 2.24488811e-003 0. 0. 0.
    7.03528058e-004 0. 0. 0. -1.10015995e-003 2.41751317e-003
    8.74924753e-003 0. 0. 5.27595449e-003 2.50490803e-006 0. 0. 0.
    1.37538491e-002 0. 2.95413379e-003 2.54511018e-004 0. 0. 0. 0. 0. 0.
    0. 0. 0. 0. 0. 1.19614098e-002 0. -2.84180907e-003 8.18684406e-004
    0. -9.76721058e-004 1.36997970e-003 0. 0. 0. 0. 0. 0.
    1.50003042e-002 0. 0. 2.54746899e-003 0. 0. 0. 0. 0. 0. 0.
    6.76403055e-003 0. 0. 0. 0. 0. 0. 3.52234347e-003 1.73119199e-003 0.
    0. 0. 0. 0. 2.02516327e-003 0. 0. 0. 2.99219228e-003 0. 0. 0. 0. 0.
    0. 0. 0. 0. 0. 0. 0. 0. 0. 0. -2.78927153e-003 -1.60794807e-004 0.
    0. 0. 0. 2.79676635e-003 1.05157821e-003 0. 0. 1.35030150e-002 0.
    -2.29913392e-003 0. 0. 0. 0. 1.95588567e-003 0. 0. 0.
    -1.45580358e-004 3.09005904e-004 0. 0. 0. 0. 3.15469084e-003 0.
    3.22724320e-003 3.91302491e-003 0. -1.01541134e-003 0. 0.
    3.91857792e-003 0. 1.81136280e-003 0. 0. 0. -6.35088771e-004 0.
    4.68615303e-003 0. 0. 3.56800947e-003 0. 0. 2.97856820e-003
    2.17189919e-003 0. 1.26191531e-003 0. 1.42698816e-003 0. 0.
    7.91561976e-003 0. 0. 8.74763762e-004 0. 0. 0. -1.93241448e-003
    1.03305327e-003 0. 0. 0. 0. 6.43660454e-003 1.18722524e-002 0. 0. 0.
    0. 1.24662626e-003 5.56008471e-003 0. 3.03172157e-003
    -1.48104562e-003 0. -2.22111982e-003 -2.42103217e-003 0.
    3.12694185e-003 0. 0. 1.04167135e-002 0. 0. 0. 0. 2.02571135e-003 0.
    0. 2.89493427e-003 0. 0. 0. 0. 0. 0. 0. 0. 0. 0. 0. 0. 0.
    9.33552813e-003 3.46393744e-003 0. 0. 2.39429669e-003
    1.58208655e-003 1.76017615e-003 -3.86926928e-004 5.68266958e-004 0.
    0. 0. 0. 0. 2.63169431e-003 0. 0. 0. 0. 3.73757537e-003
    1.24260010e-002 0. 0. 0. 0. 9.82611324e-004 0. -8.95890640e-004 0.
    0. 0. 0. 4.90202708e-003 0. 0. 2.02992512e-003 0. 0. 0.
    6.77223271e-003 0. 0. 0. 5.07485773e-003 0. 0. -2.90242815e-003 0.
    2.00463645e-003 0. 0. 0. 0. 0. 0. 0. 4.39347932e-005 0. 0. 0.
    4.42035170e-003 0. 0. 0. 0. 1.29727777e-002 0. -1.54815963e-003 0.
    0. 0. 0. 0. 0. 0. 6.59174332e-003 3.65897431e-003 -1.80734741e-003
    0. 0. 9.19510983e-003 0. 4.49933484e-003 0. -1.10230234e-003 0. 0.
    1.34497890e-002 4.78282245e-003 0. -5.42948721e-004 6.56484975e-004
    8.83299450e-004 0. 2.08258536e-003 1.70008023e-003 -9.81619000e-004
    5.13663469e-003 0. 0. 0. 1.08178635e-003 0. 0. 0. 0. 0. 0.
    -2.31301892e-004 0. 1.05130428e-003 0. 1.77091360e-003
    8.95156350e-004 4.31683986e-003 0. 0. 2.03624624e-003 0. 0. 0. 0. 0.
    2.45484780e-003 0. 4.88730473e-003 0. 0. 0. 4.90589486e-003
    7.37047754e-003 0. 1.41437165e-003 0. 3.00161564e-003 0.
    5.72841801e-003 0. 0. 0. 0. 6.31807512e-003 3.72436782e-003
    5.28751500e-003 0. 6.51894603e-003 0. 0. 0. 0. 0. 0. 0. 0. 0. 0. 0.
    0. 0. 0. -1.11900002e-003 0. 0. 9.03362874e-004 4.87831328e-003 0.
    2.88559194e-003 3.80853796e-003 0. 0. 1.52860803e-003
    -3.25313536e-004 0. 6.12540171e-003 0. 0. 8.16818792e-003 0.
    -3.13516910e-004 5.67909796e-004 0. 0. 0. 0. 0. 0. 0.
    2.07003788e-003 0. 0. 3.04732355e-004 6.31327974e-003 0. 0. 0. 0. 0.
    -6.86122512e-004 5.87759248e-004 0. 0. 0. 2.39951257e-003 0. 0. 0.
    0. 0. 0. 0. 0. 3.65955755e-004 0. 0. -3.42115550e-003
    2.95033050e-003 0. 5.56500338e-004 0. 5.39675704e-004 0. 0.
    9.49730445e-003 0. 4.09803819e-004 0. 0. 0. 0. 0. 0. 0. 0. 0. 0. 0.
    0. 3.76347010e-003 9.35631979e-004 9.72675439e-003 0.
    -1.01015798e-003 2.34540435e-003 0. 0. 3.16785113e-003
    -3.47486581e-004 0. 0. 0. 0. 0. 0. 0. 0. 0. 0. 0. 0. 3.78798600e-003
    6.93347771e-003 0. -7.78737536e-004 0. 5.56961028e-003
    2.06947117e-003 0. 0. -1.23742071e-003 0. 0. 0. 0. 0.
    3.15374509e-003 0. 0. 0. 3.67153692e-003 -8.04731171e-005
    5.54958452e-003 0. 0. -3.83957755e-004 0. -4.58412571e-004 0. 0. 0.
    0. 0. 1.51652173e-004 0. 0. 0. 0. 0. 0. 0. -1.39468885e-003 0. 0. 0.
    0. 0. 4.63075098e-003 1.74442900e-003 0. 0. 3.03401984e-003 0.
    7.99099822e-003 0. 0. 0. 0. 0. 0. 6.00309763e-003 0. 0.
    4.00988432e-003 0. -9.79898614e-004 8.96996426e-005 5.97284921e-003
    0. 1.51633995e-003 4.98488778e-004 7.71838846e-003 0. 0. 0.
    4.27701743e-003 0. 0. 0. 0. 3.28417006e-003 2.05884152e-003
    9.63381492e-004 0. 0. 0. 4.75520454e-003 0. 0. 0. 0. 5.10959653e-003
    0. 0. 0. 2.38144631e-003 2.11856002e-003 0. 0. 0. 0. 3.15617584e-003
    1.25149603e-003 0. 0. 0. 0. 3.13615752e-003 0. 0. 0. 0.
    -3.04392003e-003 2.37019127e-003 0. 0. 0. 1.22203119e-003
    2.05816096e-003 0. 0. 0. 3.63375968e-003 0. 0. 1.21071516e-003 0. 0.
    -2.54269282e-004 0. 0. 0. 0. 4.60500550e-003 0. 0. 0. 0.
    7.10193766e-003 0. 0. 2.31474079e-003 0. 3.84901837e-003
    5.87436277e-003 0. 2.51370016e-003 0. 2.06009541e-002 0.
    -3.07778741e-004 0. 0. -3.93148093e-003 -1.74536162e-005 0.
    8.30642413e-003 8.22294678e-004 1.96788926e-002 0. 0.
    7.23992661e-003 0. 0. 7.71400239e-003 -2.21896614e-003 0.
    5.02366060e-003 9.72320139e-003 -1.84368389e-003 0. 0. 0.
    5.99995023e-003 0. 0. 0. 2.85205524e-003 0. 0. 0. 0.
    -2.86041359e-005 3.83539288e-003 4.69869701e-003 -1.96741219e-003
    1.04724597e-002 0. 0. 0. 0. 0. 2.40733661e-003 0. 0. 0. 0. 0.
    -1.59689470e-003 0. 0. 0. 0. 0. 0. 0. 0. 0. 0. 5.04329335e-003
    1.16839306e-003 0. 0. 0. 0. 1.28945231e-003 -3.16528906e-003 0. 0.
    0. 0. 8.58048385e-004 0. 0. 5.03516989e-003 1.91260234e-003 0. 0.
    9.13213566e-003 0. 0. 1.53418176e-003 0. 1.21583603e-003 0.
    4.43795323e-003 1.24806922e-003 -2.21677753e-003 -1.05565600e-003 0.
    0. -1.03932225e-005 0. 0. 0. 0. 0. 0. 0. 2.03969050e-003 0. 0.
    5.09680016e-003 0. 0. 0. 0. 0. 0. 2.41327174e-002 0. 0.
    3.59765696e-003 0. 2.54361238e-002 0. 0. 6.00884901e-003 0. 0. 0.
    1.01524629e-002 0. 0. 3.16800506e-005 7.15791062e-003
    2.38769734e-003 0. 0. 0. 1.03500513e-002 0. 0. 0. 2.29682028e-003 0.
    0. 1.53471075e-003 3.33876046e-003 0. 0. 0. 0. 0. 0. 0.
    8.44370457e-004 0. 0.</data></imageDescriptor>
