<?xml version="1.0"?>
<opencv_storage>
<imageDescriptor type_id="opencv-matrix">
  <rows>1</rows>
  <cols>1000</cols>
  <dt>f</dt>
  <data>
    0. -3.12274264e-004 0. 2.91359285e-003 5.13110608e-005
    4.30562347e-003 2.98889267e-004 1.85024482e-003 0. 0.
    3.00853350e-003 2.67635402e-003 2.86345696e-003 0. 1.09051326e-002
    0. -4.12985124e-003 4.51468304e-003 0. 0. 0. 0. -2.79654341e-004 0.
    1.52740430e-003 0. 0. 0. 5.55248989e-004 0. 0. 1.01047596e-002
    3.11678951e-003 -7.40625546e-004 -5.16139728e-004 8.29276469e-005 0.
    0. 0. 3.48605798e-003 3.26070888e-003 0. 3.65727278e-003
    4.02048812e-004 2.95193604e-004 0. 0. 5.83878532e-003 0. 0.
    -2.93109741e-004 -1.99955492e-003 0. 3.48802190e-003 0. 0.
    1.53161178e-003 -1.57801190e-003 -1.73478760e-003 1.30682799e-003 0.
    1.60620478e-003 0. 0. 0. 0. 0. 0. 0. 0. -5.57637424e-004
    7.54207431e-004 0. -7.52867549e-004 4.22702264e-003 0. 0. 0. 0. 0.
    0. 0. 0. 1.49034115e-003 1.79859076e-003 3.74270184e-003 0.
    4.26605251e-003 1.20332197e-003 0. 2.34372215e-003 0.
    7.09453691e-003 4.34570946e-003 0. 0. 0. 0. 1.75740931e-003
    -1.65211677e-004 0. -1.13274402e-003 -1.36659466e-004
    8.38790089e-004 0. 1.79183960e-003 0. 0. 5.58523182e-003
    4.16400144e-003 -1.75195266e-004 1.49096700e-003 0. 0.
    -9.46164510e-005 0. -1.34561828e-003 0. 0. -2.69970216e-004
    7.20228476e-004 0. -5.73669735e-004 1.05095049e-003 0. 0.
    1.17870187e-003 0. 3.32718669e-003 0. 3.37927160e-003 0.
    -3.72795679e-004 0. 8.50980461e-004 0. 0. 0. -1.70103519e-003 0. 0.
    6.17507845e-003 1.80163502e-003 1.32401586e-002 6.98961038e-003
    4.92672902e-003 0. -2.76473258e-003 -8.21529189e-004 0. 0.
    4.59573930e-003 0. 0. -7.60812953e-004 6.31586299e-004
    7.11058208e-004 2.74466607e-003 -1.78266817e-003 0. 4.74896224e-004
    2.78677046e-003 2.06592400e-003 -5.39374421e-004 0. 3.29406792e-003
    0. -2.08466640e-003 3.73063231e-004 0. 8.92766472e-003
    8.88248440e-004 0. -4.03203623e-004 0. 0. 4.11528948e-004
    1.73861266e-003 0. 0. 0. 0. 6.90498296e-003 0. 4.14803770e-004 0. 0.
    2.93929200e-003 9.83065183e-005 0. 0. 0. 0. 1.08952716e-003 0. 0. 0.
    0. 0. 2.01367564e-003 8.43971502e-004 0. 0. -4.30177082e-004 0. 0.
    0. 0. 1.06059422e-003 1.66191510e-003 2.12004554e-004
    1.29675120e-003 0. -2.13868916e-003 0. 0. 0. 0. 0. -6.94140035e-005
    5.69774013e-004 0. 1.19387254e-003 1.50975247e-003 0. 0.
    9.70816985e-003 0. 0. 0. 0. 0. 0. -1.91198313e-003 0.
    1.87209423e-003 2.79321568e-003 0. 0. 0. 0. 1.49406714e-003
    3.65882996e-003 2.47866753e-003 0. -2.06710165e-003 0. 0. 0.
    -1.32639616e-004 -4.53459425e-003 5.63992653e-003 1.54932728e-003
    1.70381821e-003 0. 0. 3.93312145e-003 0. 0. 0. 1.61487481e-003 0. 0.
    0. -4.39885684e-004 0. -4.83575306e-004 2.94438447e-003
    2.87121022e-003 0. 0. 0. 4.72512655e-003 3.38001666e-003
    7.72857247e-003 1.98906171e-004 2.19062692e-003 5.13547612e-003 0.
    1.19951903e-003 0. 8.43893795e-005 -6.00028725e-004 -1.12746988e-004
    0. 0. 0. 0. 0. -6.57349592e-005 0. 0. 5.64734917e-004
    3.00057605e-003 0. 1.68865698e-003 2.65237433e-003 0.
    1.46824296e-003 0. 0. -2.49058078e-003 0. 0. 0. 0. 2.36174776e-004
    0. 1.21320738e-003 0. 0. -6.36321492e-004 0. 3.87013960e-003
    7.56798266e-003 7.80204870e-003 5.58409782e-004 2.56890338e-003
    4.56632441e-003 1.15092546e-002 4.88811824e-003 0. 1.45350641e-003
    0. 0. 1.14558998e-003 2.03326321e-003 0. 0. 0. 0. 0. 1.45608257e-003
    0. 5.35876583e-003 0. 1.04300678e-003 2.60740961e-003
    1.16143248e-003 1.96806551e-003 2.53201765e-003 2.39606807e-003
    9.40186845e-004 0. 0. 0. 0. 2.72475905e-003 0. 1.23213569e-003
    4.81627136e-003 0. 0. 0. 0. 0. 0. -2.63259816e-003 0. 0.
    1.49636460e-003 -1.29932270e-003 3.61758121e-003 0. 0. 0.
    1.12244941e-003 0. 0. 2.96994159e-003 0. 0. 0. 6.44874573e-003
    -3.38571146e-004 0. 0. 1.42773252e-003 1.54542469e-003
    7.46954465e-004 0. 0. 0. 1.16740288e-002 0. 0. 5.44868549e-003
    4.33065463e-004 1.88724941e-003 1.19499501e-003 0. 0.
    -9.63000755e-004 9.61300917e-004 0. 3.16297752e-003 0.
    4.95867198e-003 0. 0. 0. 0. 0. 2.23324876e-002 0. -1.35381031e-003
    0. 0. 0. 0. 1.09902374e-003 -1.15727552e-003 3.18788202e-003
    2.88166013e-003 0. 7.05685606e-003 1.85729226e-003 2.13098666e-003
    0. -3.24507200e-005 -7.58525450e-004 2.73145027e-002
    -2.42956076e-003 0. -4.26082930e-004 0. 0. 0. 0. 4.97093098e-003
    4.24509693e-004 0. 4.27661324e-003 0. 2.54907645e-002 0. 0. 0. 0.
    -5.06626151e-004 3.07188276e-003 2.43720924e-003 4.39234171e-003 0.
    0. 0. 0. 3.02302360e-004 0. 4.01186850e-003 0. 0. 4.05599130e-003
    4.53529740e-003 5.84322633e-003 0. 0. 0. 0. 0. 3.61660961e-003
    5.19688847e-003 0. 1.89650489e-003 0. 2.47611129e-003 0. 0. 0. 0.
    2.13201554e-003 9.61507496e-004 0. 0. 0. 2.94804107e-004
    3.22470185e-003 0. 0. 0. 0. 0. 5.81070373e-004 0. 1.55530253e-003
    1.13388179e-002 0. 2.72951345e-003 0. 7.36444141e-004
    3.78741790e-003 0. 0. 7.06450827e-003 1.00562640e-003
    8.47014075e-004 3.38069140e-003 -1.53550750e-003 1.20605831e-003 0.
    6.84814621e-003 1.80514835e-004 6.54706731e-004 0. 5.43387374e-003
    0. 3.08241555e-003 0. 0. -2.53080041e-004 0. 0. 0. 0. 0. 0. 0.
    1.04196416e-003 0. 3.42176063e-003 0. 0. -3.81439895e-004 0.
    8.30334146e-003 4.71066730e-003 0. 1.71820552e-003 0. 0. 0.
    5.79158950e-004 0. 7.58679307e-005 1.30699587e-003 0. 0.
    5.89099107e-003 0. 7.52545707e-003 0. -3.24600085e-004 0. 0. 0. 0.
    0. 0. 1.38947600e-003 0. 0. 0. 0. -7.89429701e-004 -3.80266545e-004
    0. 0. 1.53138855e-004 0. 0. 0. -1.97310306e-004 0. 0.
    5.88047877e-003 1.46884134e-003 1.90659752e-003 0. 0. 0.
    5.21138497e-003 1.31691352e-003 0. 1.26001274e-003 0. 0. 0.
    1.59100117e-003 0. 3.48308310e-003 -1.83104814e-004 0.
    3.11064010e-004 0. 8.90395604e-004 1.92897895e-003 2.35338369e-003
    0. 0. 8.40262044e-003 1.09728717e-003 0. 0. 0. 0. 0. 0.
    2.85857869e-003 0. 0. 0. 0. 4.32990305e-003 7.34017976e-003
    5.01458067e-003 6.91630703e-004 0. 4.93553607e-003 0.
    1.60487532e-003 0. 0. 2.24062265e-003 0. 7.52257882e-004
    1.11378229e-003 8.83487926e-004 0. 0. 0. 0. 1.19678013e-003
    -6.41286781e-004 0. 0. 0. 0. 2.94506480e-003 2.54522171e-003 0. 0.
    0. 0. -1.32376840e-003 0. 0. 5.75604197e-003 0. 9.35633108e-003 0.
    0. 7.69268081e-004 0. 2.44292105e-003 7.64787314e-004
    1.67749939e-004 3.60468449e-003 0. -1.69860446e-004 1.09878008e-003
    3.30464356e-003 0. -1.36841645e-005 0. 0. 4.90005419e-004 0. 0. 0.
    0. 0. 0. 0. 0. 0. 2.02919822e-003 0. 6.06579660e-003 6.34196354e-003
    0. -1.76508899e-003 0. 6.87781535e-003 0. 0. 0. 0. 0. 0. 0.
    1.98753830e-003 0. 4.05028742e-003 0. 0. -1.38442105e-004
    2.45398679e-003 0. 0. 4.16194228e-003 2.67688674e-003
    2.58858735e-003 1.65131979e-003 5.25960978e-003 8.40449764e-004
    -2.54288374e-004 7.02729682e-004 -2.67722481e-003 0. 1.96657446e-003
    3.31612653e-003 -2.16500089e-003 -1.60492654e-003 1.25599862e-003
    2.36677285e-003 0. 4.13337583e-003 0. 0. 0. 3.78942024e-003 0. 0.
    1.73860200e-004 2.82100495e-003 0. 0. -3.19398870e-003 0. 0. 0. 0.
    -1.46525039e-004 0. 0. 0. 0. 0. 0. 9.47227003e-004 -5.84524241e-005
    9.74879134e-004 0. 2.86850671e-004 0. 0. 9.49197274e-004 0. 0. 0. 0.
    0. 2.47660372e-003 0. 0. 0. 1.62853836e-003 -2.27658034e-004 0.
    3.33434576e-003 0. 0. 2.87099183e-003 0. 5.90339676e-003 0. 0.
    5.16107818e-003 1.06279005e-003 2.95902428e-004 0. 0.
    9.53109702e-004 0. 0. 0. 0. 3.13083199e-003 0. 1.71416020e-003
    2.61020125e-003 0. 6.69042929e-004 2.47066142e-003 8.52515455e-004
    -2.51376565e-004 0. 0. 3.39599303e-003 1.14866870e-003 0.
    8.77079740e-003 0. 2.81851506e-003 0. 0. 3.93553032e-003
    1.81830046e-003 -7.36510483e-005 1.54152454e-004 0. 0.
    -3.53378564e-004 0. 2.49782647e-003 0. 1.54957909e-003 0. 0. 0. 0.
    3.82982707e-003 0. 3.32418643e-003 0. 0. 0. 3.02925357e-003 0. 0.
