<?xml version="1.0"?>
<opencv_storage>
<imageDescriptor type_id="opencv-matrix">
  <rows>1</rows>
  <cols>1000</cols>
  <dt>f</dt>
  <data>
    0. 1.85043586e-003 0. 3.93591309e-003 0. 6.56533567e-003
    1.14290393e-003 0. 1.29792292e-003 0. 0. 2.32121348e-003
    3.77384829e-003 2.02950416e-003 0. 0. -7.02354184e-004 0.
    3.24119814e-003 0. 0. 6.62623439e-004 0. 0. 2.03862903e-003
    6.91046589e-004 1.01750193e-003 0. 0. 0. 2.14645755e-003
    2.51383800e-003 5.19811583e-004 1.09844306e-003 2.08705035e-003 0.
    0. 0. 1.48786721e-003 2.54209735e-003 -1.45610725e-003
    -7.75627326e-004 3.00703035e-003 -1.44711812e-003 2.66652904e-003 0.
    9.68785549e-004 2.47992435e-003 1.91587326e-003 5.85620617e-003 0.
    7.19453092e-004 0. 0. 2.15248321e-004 1.64472411e-004
    8.26246396e-004 2.57902942e-003 0. 3.37110693e-003 6.18889637e-004
    0. 4.35797847e-004 5.25678322e-003 0. 0. 4.18673037e-004 0. 0.
    -3.55078955e-004 0. 8.49521894e-004 0. 0. 3.31595744e-004
    5.66801522e-004 1.27327989e-003 3.71047691e-003 1.20421522e-003
    4.22653131e-004 0. 1.32686773e-003 1.32527191e-003 0. 0.
    3.13147693e-003 0. 0. 1.10899622e-003 0. 2.40440480e-003 0. 0. 0.
    2.74503417e-003 -2.47341435e-004 1.66894041e-003 9.63836908e-004
    3.54601769e-003 1.28314714e-003 0. 3.86634283e-003 3.85335530e-003
    0. 1.38743012e-003 3.65952938e-003 1.59307911e-005 0. 0.
    8.91657139e-004 4.13224427e-003 7.91314116e-004 4.90094186e-004 0.
    0. 7.56038935e-004 1.90463339e-004 0. 1.45741040e-003
    -2.59593566e-004 0. -1.84342905e-004 0. 6.33497431e-004 0. 0.
    1.14833668e-003 1.35932263e-004 3.32196476e-003 4.23290394e-003
    2.24580336e-003 0. -2.16603250e-004 -3.43375796e-005
    -3.82474740e-004 3.69482237e-004 0. 3.73140653e-003 -2.74464634e-004
    1.53358281e-003 2.21910793e-003 2.55681312e-004 0. 0.
    1.74692878e-003 0. 0. 0. 0. 0. -2.89804040e-004 1.08061847e-003
    5.93445310e-003 -3.74253112e-004 0. -8.06242228e-004 3.68716731e-003
    9.19315615e-004 3.91017739e-003 0. 1.04074425e-003 1.26888568e-003
    8.65120068e-003 1.85835292e-003 -5.86934839e-005 0. -1.02638744e-003
    6.03982247e-003 0. 0. 8.97016609e-004 1.38840277e-003
    1.16244424e-003 7.50337727e-004 0. 1.23020390e-003 7.46090314e-004
    0. 2.25622742e-003 7.60762487e-004 0. -1.75513749e-004
    8.50779295e-004 0. 0. 9.82286758e-004 0. -4.83585638e-004
    3.30602867e-003 3.28057562e-003 0. 2.76139425e-003 0.
    3.86469229e-003 0. -4.98034467e-004 2.31345207e-003 4.46374109e-003
    7.92988692e-004 1.81202509e-003 3.26415570e-003 0. 0.
    9.77138290e-004 4.39095806e-004 5.44264261e-003 8.17416934e-004 0.
    0. 0. 0. -9.38896392e-006 4.36214032e-003 -6.20146457e-004
    2.06132443e-003 0. 0. -6.23888118e-005 2.14011082e-003
    4.28696570e-004 7.91803293e-004 1.59154204e-003 3.31977964e-004
    1.38563744e-003 -1.10679845e-004 0. 0. 0. 0. 2.06563133e-003
    1.42190815e-003 1.34657673e-003 4.72790096e-003 2.78758496e-004
    1.99949043e-003 2.38531362e-003 9.32159543e-004 2.11908622e-003
    -1.31472025e-005 0. 0. 0. -2.60930719e-005 0. 3.35612713e-004
    4.58193070e-004 0. 9.76628973e-004 0. 1.02635159e-003
    7.85075281e-006 -1.14891178e-003 1.57286460e-003 1.59956410e-003
    2.00250826e-004 9.74555034e-004 1.20816554e-003 8.94206867e-004
    8.71431723e-004 0. 2.02225125e-003 8.92322394e-004 -1.86899817e-003
    3.37639067e-004 2.49767909e-003 4.54307301e-003 0. 7.48021121e-004
    0. 0. 0. 5.76582272e-003 2.07255431e-003 3.13563203e-003
    -1.36844942e-003 3.00513743e-003 -2.72842054e-003 2.89571891e-003 0.
    5.49290853e-004 1.10525952e-003 1.07239827e-003 3.98155628e-003
    1.86191814e-003 2.12134398e-003 2.23741692e-004 2.97079259e-003
    8.39890563e-004 1.08036169e-004 2.63625709e-003 -1.75321169e-004 0.
    4.30535013e-003 6.28692738e-004 0. 1.28584506e-003 1.29859720e-003
    0. 5.19828964e-003 4.80669696e-004 4.77316702e-004 0. 0.
    -8.48689349e-004 3.44764121e-005 0. 1.15582405e-003 0.
    -4.92817926e-005 0. 4.21014335e-003 0. 1.03568903e-003
    3.28236399e-003 1.38754735e-003 0. -7.10579392e-004 0.
    7.67353165e-004 4.56671201e-004 1.36584963e-003 0. 2.88472883e-003
    2.00516064e-004 7.13643676e-004 3.67021799e-004 0. 0.
    1.50642509e-003 7.82342977e-004 0. 0. 8.35521147e-004
    6.05750270e-003 0. 1.61841250e-004 0. -5.53235237e-004 0.
    1.04246605e-002 0. 4.67807433e-004 7.52165623e-004 7.65144709e-004
    0. -2.55976804e-004 1.32193242e-003 2.65932316e-003 0. 0.
    4.35100449e-003 9.15395329e-004 -3.17200524e-004 0. 2.53770879e-004
    1.80027774e-003 0. 3.87713721e-004 7.24418322e-004 2.59070401e-003
    2.74011679e-003 -2.23660469e-003 1.38437888e-003 1.35298015e-003
    8.26993550e-004 4.48026665e-004 1.33487897e-003 0. 2.36161775e-003
    0. 0. 0. 0. 3.95158073e-003 4.13693691e-004 9.47949477e-004
    3.73292656e-004 0. -1.98907990e-004 1.10137160e-003 2.92926584e-003
    0. 0. 0. -4.98486683e-004 0. -9.73790360e-004 0. 1.24815630e-003
    2.24678102e-003 2.38158298e-003 6.00955170e-003 9.59568424e-004 0.
    3.63086263e-004 8.42909387e-004 2.03144387e-003 0. 0.
    1.43220369e-003 2.00848514e-003 3.59431538e-003 0. 4.69146157e-003
    1.31941377e-003 0. -7.07227387e-004 0. 0. 0. 0. 1.84085133e-004
    7.38002069e-004 -1.37481722e-004 0. 0. 3.35378479e-003
    6.31193863e-004 2.20205612e-003 2.65820505e-004 1.90629333e-003
    -1.20800803e-004 1.14074699e-003 0. 2.65948032e-003 9.37299279e-004
    0. 3.90511064e-004 1.58446853e-003 1.06478739e-003 1.14976298e-002
    -9.87480162e-004 0. 1.00261834e-003 1.60780025e-003 9.75766859e-004
    1.17971248e-003 1.32677017e-003 0. 7.96212989e-004 0.
    2.57955887e-003 -4.38423624e-004 1.87389669e-003 2.43328628e-003 0.
    0. 0. 1.36191794e-003 9.70209716e-004 3.03668523e-004
    5.64655755e-003 3.73626803e-003 3.21861007e-004 0. 1.78880477e-003
    0. 3.93324153e-004 0. 1.24396139e-003 5.80480928e-003
    1.35159015e-003 2.91937520e-003 2.09215400e-003 0. 3.50565300e-003
    0. 1.84973687e-005 0. 0. 1.06330017e-005 2.29618605e-003
    1.64824666e-003 0. 3.51183093e-003 3.88273766e-004 3.25008039e-003
    1.36648573e-003 0. 0. 0. 3.45534808e-003 0. 0. -4.65212128e-004
    7.95762055e-004 2.83058034e-003 2.97267456e-003 0. 0.
    6.94081094e-003 4.70520044e-003 2.91611813e-003 1.23172195e-003
    4.04973840e-003 2.41040695e-003 0. 7.69365521e-004 -6.09492941e-004
    -4.59257164e-004 2.54240748e-003 9.20736711e-005 1.15503441e-003
    -8.41882138e-005 8.72022181e-004 0. 1.29945227e-003 2.03405996e-003
    -1.20794529e-003 -3.33305186e-004 2.11979309e-003 0. 6.38015672e-006
    1.29159482e-003 -2.22326620e-004 1.94414903e-003 0. 2.49184947e-003
    2.98213167e-003 0. 0. -5.33278566e-004 4.95751214e-004
    -8.24042712e-004 2.98697781e-003 0. 0. 2.90616299e-003
    2.73167156e-004 4.31399001e-003 2.48993351e-003 0. 1.13895664e-003
    3.12090921e-003 1.83729874e-003 2.38111662e-003 9.48670087e-004
    4.61267686e-004 0. 3.59879574e-003 2.20437505e-004 6.08667731e-004
    0. 0. 1.06598600e-003 0. 0. 3.09964147e-004 0. 0. 3.81845795e-003
    7.37529306e-004 0. 1.57596671e-003 0. 1.39026099e-003 0.
    2.17921729e-003 3.85175808e-004 0. 0. 4.16567642e-003 0. 0.
    1.72538368e-003 0. 8.61079723e-004 1.01955992e-003 5.55519422e-004
    -1.53981047e-004 0. 0. 7.88957288e-004 1.03207282e-003 0. 0.
    1.87584700e-003 5.69362054e-003 0. 7.58153503e-004 2.27576541e-003
    0. 3.35295545e-003 0. 1.04457815e-003 0. 1.45660713e-003
    1.00091461e-003 0. 0. 9.25372355e-004 0. 2.68723397e-003 0. 0.
    1.67001283e-003 0. 1.99375456e-004 5.68787614e-003 0.
    3.31222732e-003 0. 6.06000904e-005 0. 0. 2.14627344e-005
    8.59614578e-004 7.07619591e-004 0. 0. 0. -7.19935459e-004
    4.02830169e-003 0. 1.65479281e-003 0. 9.94540518e-004
    1.70685875e-004 7.38783856e-004 0. 3.75607028e-003 1.94037613e-003
    -5.34837163e-005 6.24035893e-004 5.26066450e-003 0. 0.
    2.30122544e-003 9.49347683e-004 8.36271851e-004 0. 0. 0.
    1.96172134e-003 2.48393370e-003 3.10684880e-003 7.13604596e-003
