<?xml version="1.0"?>
<opencv_storage>
<imageDescriptor type_id="opencv-matrix">
  <rows>1</rows>
  <cols>1000</cols>
  <dt>f</dt>
  <data>
    0. 1.53256848e-003 0. 0. 0. 1.69676705e-003 4.88383090e-003
    3.17220832e-003 1.11803843e-003 0. 0. 5.74863050e-003
    2.96035036e-003 0. 0. 0. 0. 0. 0. 0. 3.34661128e-003 0. 0. 0. 0. 0.
    0. 0. 5.97966090e-003 0. 0. 9.54900286e-004 0. 0. 1.26717729e-003 0.
    -7.24593701e-004 -5.55105682e-004 0. -1.20782387e-003
    -5.06692217e-004 0. 0. 7.16902781e-004 3.37639614e-003 0. 0. 0. 0.
    5.79989143e-003 0. 0. 0. 0. 0. 2.41374318e-003 0. 0. 7.13787694e-003
    0. 8.23469646e-003 1.41516589e-002 0. 0. 0. 0. 0. 0. 1.04689575e-003
    1.62893251e-004 0. 4.34939191e-003 0. 3.20304115e-003 0. 0. 0.
    1.79466128e-003 4.10312135e-003 0. -2.20342609e-003 0.
    3.12660309e-003 0. 0. 0. 0. 5.90408407e-003 0. 0. 0. 6.55966671e-003
    0. 5.18937712e-004 -1.64253067e-003 3.15314089e-003 0. 0.
    1.03914808e-003 0. 0. 0. 6.90716971e-003 0. 0. 0. 0. 0. 0.
    7.11577339e-003 7.75807956e-003 -4.14757710e-003 -1.07568642e-003 0.
    3.11875250e-004 3.59144271e-003 4.93109087e-003 2.64111790e-003 0.
    0. 0. 0. 0. 0. 0. -5.75695187e-004 0. 2.31849472e-003 0. 0.
    8.06739368e-003 0. 4.68150387e-003 3.12962616e-003 0. 0.
    -8.77782149e-005 -2.60684802e-003 0. 0. 0. 0. 3.00582987e-003
    5.55279292e-003 0. 0. 4.58335999e-004 1.48872205e-003 0. 0. 0. 0. 0.
    0. 0. 0. 0. 1.62816350e-003 0. 0. 9.80992056e-003 1.16273584e-002 0.
    0. 1.24587156e-002 0. 0. 0. 0. 0. 3.50000360e-003 0. 0. 0. 0. 0. 0.
    9.16921999e-004 0. -1.05293038e-004 7.48143182e-004 0. 0. 0.
    3.77030508e-003 1.35476468e-003 0. 0. 0. 3.86544014e-003
    6.13988098e-003 -2.66945479e-003 0. 4.75349650e-003 1.01650378e-003
    4.34204936e-003 0. 1.52288540e-003 1.55688915e-003 -1.40469987e-003
    7.69838807e-004 7.17915175e-003 -7.36526446e-004 0. 8.04119464e-003
    0. 9.73760057e-003 0. 0. 0. -1.55292742e-003 -1.67743280e-003
    1.37544773e-003 0. 3.28155258e-003 0. 0. 0. 0. 1.54872751e-003 0. 0.
    1.28817675e-003 -1.05098239e-003 4.33565769e-003 0. 6.32108015e-004
    0. 0. 0. 1.72348844e-003 0. 7.49069790e-004 0. 0. 0. 3.70256999e-003
    2.14270665e-003 0. 1.20012986e-003 5.80080319e-003 0.
    1.92873762e-003 -1.18470821e-003 4.77216439e-003 0. 0.
    1.09283766e-002 1.08457170e-002 6.45174528e-004 4.85347863e-003 0.
    0. 3.74215189e-003 4.35436051e-003 0. 0. 0. -1.30185130e-004 0. 0.
    2.06605531e-003 1.65180466e-003 0. 0. 0. 0. 0. 0. 0. 9.16030491e-004
    2.22059293e-003 -6.09425688e-003 0. 0. 0. 0. 0. 0. 1.21134555e-003
    0. 0. 0. 1.39405532e-003 0. 0. 0. 1.19186239e-002 0. 0.
    1.74907746e-003 0. 0. 0. 0. 0. 0. 0. -4.29544318e-003 0.
    2.89593328e-004 2.02271901e-003 0. 0. 4.39097593e-003 0. 0. 0. 0.
    1.82024925e-003 4.15684562e-003 8.03328026e-003 0. 1.08277716e-003
    0. 0. 2.50091101e-003 -4.17453615e-004 2.98375357e-003 0.
    4.31705685e-003 4.10763052e-004 0. 7.48966355e-003 -1.13657516e-004
    0. 0. 0. 1.77978829e-003 0. 0. 0. 0. 0. 0. 7.48487702e-003 0.
    1.98565098e-003 0. 0. 0. 7.84316286e-003 0. 0. 0. 1.37865788e-003 0.
    0. 3.61668365e-003 8.21249618e-004 0. 6.56282576e-003
    2.23517185e-003 0. 0. 1.06898779e-002 2.65874830e-003
    1.67450029e-003 0. 0. 0. 0. 0. 0. 3.37493257e-003 2.69914977e-003 0.
    0. 0. 0. 0. 0. 0. 2.45704059e-003 0. 2.61238718e-004 0. 0. 0.
    7.51714164e-004 -5.95958612e-004 0. 0. 0. 0. 0. 4.62621776e-003 0.
    -9.43225896e-005 0. 0. 0. 0. 0. 0. 0. 2.75944290e-003 0.
    1.72935762e-002 0. 4.28645668e-004 0. 0. 4.53540310e-003
    -3.17514961e-004 5.01677999e-003 0. 1.85808691e-003 0. 0. 0. 0. 0.
    0. 6.25842903e-003 0. 0. 0. 0. 0. 2.67380383e-004 -1.53159253e-005
    0. 0. 0. 8.09441553e-004 6.95424899e-003 0. 2.77949288e-003
    8.43307748e-003 0. 0. 5.66681894e-003 2.23351075e-004
    2.19191844e-003 0. -5.31103369e-003 0. 0. 0. 2.69691925e-003 0.
    1.81868579e-003 6.65268162e-004 5.20282984e-003 0. 0. 0. 0. 0.
    5.23639051e-003 0. 0. 0. 0. 8.01137590e-004 0. 7.35688582e-003 0.
    3.28545249e-003 0. 6.46916358e-003 1.24676467e-003 -1.55189657e-003
    0. 0. 4.57393564e-003 1.65465963e-003 0. 4.47725179e-003 0. 0. 0. 0.
    0. 0. -1.37780840e-003 0. 0. 5.22349682e-003 0. 0. 9.11431445e-004
    0. 1.46477285e-003 0. -6.02078100e-004 8.40695866e-004 0. 0.
    1.47813035e-003 -1.28264728e-004 0. 1.22939888e-003 5.38540492e-003
    1.04776141e-003 2.62886332e-003 0. 4.98482166e-003 0.
    7.84667092e-004 0. -1.17281068e-003 2.94590741e-003 0.
    6.82001410e-004 2.05883384e-003 1.68154482e-003 0. 0. 0.
    3.78065533e-003 0. 2.46657990e-004 0. 0. 0. 0. 0. 0. 0. 0.
    -1.64096142e-004 0. 0. 0. 0. -8.84360925e-005 0. 2.85023241e-003 0.
    0. 0. 4.53356479e-004 2.47208471e-003 0. 0. 4.37285239e-003 0. 0. 0.
    0. 0. 0. 6.22218801e-003 0. 0. 8.86776892e-004 7.83701020e-004
    6.85642986e-003 1.48732425e-003 5.17698682e-005 0. 0.
    1.44412916e-003 -2.25936979e-004 0. 0. 0. 0. 0. 1.22331607e-003
    2.09369441e-003 6.51486102e-004 0. 1.01333810e-002 1.27517537e-003
    0. 0. 0. 0. 0. 2.43541691e-003 0. 1.91371175e-004 0. 8.52635992e-007
    0. 2.62678717e-003 0. 5.35287103e-003 0. 3.89884051e-004 0.
    5.62044978e-003 6.08237088e-003 -2.71560973e-003 0. 0.
    -1.07072794e-003 0. -1.31655557e-004 0. 0. 0. 0. 0. 1.73451274e-003
    0. 0. 0. 7.56185036e-005 3.10148136e-003 0. 0. 0. 0. 0.
    1.34200568e-003 0. 0. 0. 0. 3.22704116e-004 0. 8.39297660e-003
    6.54140161e-003 0. 2.23138602e-003 1.08217253e-004 -1.30794069e-003
    2.72911135e-003 0. 0. 0. 0. 0. 1.90692634e-004 3.65579326e-004
    -1.81933597e-003 0. 0. 1.48476404e-003 0. 3.79750651e-004 0. 0. 0.
    0. 1.69770664e-003 0. 9.23389569e-003 -1.93402066e-003 0. 0. 0.
    3.82643100e-003 2.70040776e-003 0. 5.29307313e-003 0. 0. 0.
    1.63347973e-003 0. 0. 1.05502002e-003 0. 0. 3.34591814e-003
    2.42086663e-003 2.21755728e-003 0. 0. 2.29213596e-003 0.
    2.79169600e-003 0. 0. 0. 0. 0. 0. 0. 3.14245024e-003 0.
    2.07704632e-003 0. 7.00460281e-003 0. 0. 7.40050850e-003 0. 0. 0. 0.
    1.70122436e-003 6.07204344e-003 3.40179587e-003 0. 1.97976851e-003
    0. 0. 0. 0. 0. 0. 0. 0. 0. 0. 0. 0. 0. 0. 0. 0. 0. 8.62491317e-003
    -5.56457904e-004 0. 0. 0. 0. 0. 0. 0. 0. 0. 0. 0. 0. 0.
    1.13068111e-002 7.65817985e-003 2.46858201e-003 7.16483407e-003 0.
    0. 0. 0. 0. 4.60314192e-003 3.26785678e-003 0. 2.40523042e-003 0. 0.
    1.04739647e-002 0. 0. 1.11172383e-003 1.77934137e-003
    -5.60002409e-005 0. 0. 6.45998586e-003 3.73787945e-003
    5.20564709e-003 1.18890731e-003 0. 0. 0. 0. 0. 0. 0. 2.30035535e-003
    3.21851904e-003 0. 0. -7.25358666e-004 1.94165250e-003 0. 0.
    7.89968821e-004 0. 0. 0. 0. 0. 0. 0. 0. 1.93041912e-003
    -1.60236872e-004 0. 2.68267747e-003 6.84577413e-003 -1.79984010e-004
    0. 0. 6.99478062e-003 0. 0. 1.13770715e-003 0. 5.38849412e-003
    2.99021922e-004 1.64805364e-003 0. 6.67433254e-003 1.28864625e-003
    0. 2.86018965e-003 3.51858744e-003 0. -2.11175671e-003
    -1.98276783e-003 8.44867248e-003 -1.49097017e-004 1.50029629e-003
    -1.73896377e-003 0. -5.75525395e-004 0. 0. 9.23880655e-003
    -1.73310924e-003 0. 0. 7.26949750e-003 0. 0. 7.24828045e-004 0. 0.
    4.78950981e-003 8.02834332e-003 -9.13451484e-004 0. 0.
    1.43281720e-003 0. 0. 5.78445056e-003 0. 6.17700454e-004 0. 0. 0. 0.
    0. 0. 0. 0. 0. 6.17726287e-003 0. 0. 6.85563777e-003 0. 0.
    -4.36694245e-004 0. 8.53322260e-003 0. 0. 0. 0. 0. 0. 0. 0.
    1.64995517e-003 0. 0. 0. 3.23485537e-003 0. 0. 0. 0. 0. 0. 0. 0. 0.
    0. 0. 0. -8.46332114e-004 0. 0. 0. 0. 0. 0. 0. 0. 0. 7.99989386e-004
    0. 0. 0. -2.66267592e-003 0. 0. 0. 0. 0. 0. 1.81730953e-003
    -2.49666302e-003 2.75797746e-003 0. 0. 0. 0. 1.71383773e-003 0.
    -1.30391121e-003 0. 0. 0. 0. 0. 0. 1.16477697e-003 1.59243448e-003
    0. 0. 9.72773356e-004 -1.29835168e-003 0. 0. 0. 0. 6.06913061e-004
    -1.50229142e-003 0. 0. 0. 4.26751468e-003 5.84178045e-003
    3.80805833e-003 0. 0. -9.96001530e-004 3.07102082e-003 0.
