<?xml version="1.0"?>
<opencv_storage>
<imageDescriptor type_id="opencv-matrix">
  <rows>1</rows>
  <cols>1000</cols>
  <dt>f</dt>
  <data>
    0. 0. 0. 0. 0. -7.80932489e-004 0. 0. 0. 0. 0. 1.44158001e-003 0.
    3.87571333e-003 1.53402623e-003 4.79647657e-003 0. 7.08685210e-003
    0. 0. 1.05878003e-002 0. 0. 0. 2.86300294e-003 0. 0.
    -1.56477687e-003 0. 0. 5.22491336e-003 0. 0. -1.59461153e-004
    5.45922015e-003 0. 0. 1.20414514e-003 6.19969680e-004 0.
    6.51332433e-004 0. 0. 0. 0. 0. 2.23290618e-003 0. 0. 0.
    8.53744510e-004 0. 0. 6.51366450e-003 0. 2.65880628e-003 0.
    1.35450042e-003 2.29293961e-004 0. 0. 0. 2.60561751e-003
    -2.85308296e-003 0. 1.72974495e-003 -6.41186838e-004 0.
    8.79993755e-003 0. 2.31645163e-003 0. 4.10305220e-004 0.
    3.61829251e-003 1.17960514e-003 0. 8.76386650e-003 0.
    -2.97215272e-004 1.06667122e-003 0. 1.34518323e-003 0.
    2.05795723e-003 0. 0. 0. 0. 0. 7.41020776e-004 0. -3.30460403e-004
    6.70343616e-006 0. 0. 0. 0. 0. -1.64238212e-003 0. 0. 0.
    1.36487675e-003 0. 0. 0. 0. 0. -1.50358968e-003 0. 2.73610232e-003
    0. -4.70225699e-004 0. 0. 2.07597692e-003 0. 1.06596143e-003
    1.53899321e-003 0. 0. 0. 0. 0. 0. 4.84071858e-003 0. 1.64915435e-003
    -5.36858221e-004 0. 2.21835988e-004 0. 7.50035804e-004 0.
    7.15059135e-003 1.28164969e-003 0. -1.57044223e-003 0.
    4.26454796e-003 0. 3.49427364e-003 0. 0. 4.48049177e-005 0. 0.
    6.67809788e-003 0. 6.89879945e-003 2.71105720e-003 0. 0.
    2.41859467e-003 6.76216837e-003 1.55874249e-003 4.83508827e-003 0.
    0. 6.30475907e-003 0. 0. 0. 0. -1.62735011e-003 0. 0.
    6.34473457e-004 0. 7.61320116e-004 0. 0. 0. 2.77575734e-003 0.
    1.59297860e-003 1.79036111e-002 9.40885395e-004 0. 0. 0.
    2.27580592e-003 0. 0. 0. 0. 1.39124028e-003 0. 3.96541180e-003
    6.41047664e-004 0. 0. 3.72519717e-003 0. 4.08976618e-003
    5.23850974e-003 0. 0. 2.82549695e-003 -1.63785808e-004
    -3.92785965e-004 0. -8.01304559e-005 0. 7.47382641e-004 0. 0. 0.
    1.69781188e-003 0. 2.08959798e-003 0. -3.47711408e-004 0. 0. 0. 0.
    0. -9.58764504e-005 -1.96552326e-004 0. 0. 0. 1.13819707e-002 0. 0.
    0. 0. 0. 0. 0. 0. 0. 0. 0. -1.63052158e-004 0. 0. 1.48843450e-003 0.
    4.83575364e-004 0. 0. 2.29363330e-003 0. 9.17592901e-004
    2.63694581e-003 3.34728742e-003 0. 2.24463711e-003 0. 0.
    8.81304592e-003 0. 2.15977263e-002 6.83808094e-003 2.00626138e-003
    2.43395870e-003 0. 0. 4.79125511e-003 5.32602193e-004
    5.69658494e-003 2.64933729e-003 0. 0. 2.87391362e-003 0. 0. 0. 0.
    -3.49929440e-004 0. 0. 0. 0. 2.62442045e-003 0. 1.63020776e-003 0.
    0. 0. 0. 0. 0. 0. 2.85750744e-003 0. 2.25445518e-004 0.
    1.39990030e-002 0. 0. 0. 0. 0. 0. 0. 0. 1.81078643e-003 0.
    5.96511290e-006 1.01857930e-002 0. 1.91455067e-003 2.08710018e-003
    0. 0. 0. 0. 2.07886077e-003 0. 0. 5.93984360e-003 1.75941433e-003
    1.99190155e-003 0. 0. -1.15738355e-003 0. 0. 0. 0. 0. 0. 0.
    1.35980081e-003 0. 2.58303434e-003 0. 0. -1.81764876e-003 0.
    3.91939073e-004 0. 0. 0. 1.20516773e-003 0. 0. 1.00019178e-003
    8.54713435e-004 0. 6.80229347e-003 6.10447116e-003 0. 0.
    1.17689685e-003 0. 7.42771011e-003 -2.33646366e-003 0. 0. 0. 0. 0.
    4.25228104e-003 0. 0. 0. 0. 2.11745198e-003 2.03727745e-003
    1.07429782e-003 0. 0. 0. 2.03732145e-003 0. 0. 0. 1.86768686e-003 0.
    1.54971168e-003 7.04071193e-004 0. 0. 0. 6.72871713e-003
    -1.09737099e-003 0. 0. 4.87771258e-003 0. 0. 0. 1.71355810e-003 0.
    -1.73150050e-003 0. 0. 0. 0. 7.68945459e-003 8.13535822e-004
    1.82127522e-003 2.59730034e-003 0. 0. 0. 5.68869151e-003 0.
    2.99073546e-003 0. 0. 0. 8.46532546e-003 0. 0. 8.96279991e-004 0. 0.
    0. 0. 0. 2.88076489e-003 3.75543558e-003 -1.18281030e-004 0. 0. 0.
    3.38269252e-004 1.63916172e-003 2.81209504e-004 0. 0. 0.
    2.64785439e-003 0. 0. 0. 8.03068839e-003 0. 3.36594507e-003
    8.40839581e-004 1.29368016e-002 -4.64802259e-004 0. 0. 0.
    2.16758973e-003 0. 0. 0. 0. 0. -6.54082804e-004 0. 0.
    -4.25512815e-004 0. 1.64976483e-003 0. 0. 0. 2.22063740e-003 0.
    -8.20588553e-004 0. 0. 0. 1.97048858e-003 0. 0. 0. 0.
    9.62456502e-003 0. 0. 0. 0. 0. 0. 3.71483667e-003 -2.19469075e-003
    7.44206132e-003 1.84793840e-003 0. 8.85661971e-003 5.66044240e-004
    4.23310674e-004 0. 0. 0. 3.59550933e-003 0. 1.89280033e-003
    -3.01231303e-005 0. 0. 0. 2.77221226e-003 2.34237337e-003 0. 0. 0.
    0. 7.52523076e-004 0. 4.90097795e-003 0. -1.45419690e-004
    5.06172015e-004 0. 0. 0. 0. 0. 0. 0. 1.36287150e-003 0. 0.
    -4.07426385e-004 0. 0. 0. 0. 8.03278852e-003 0. 0. 0.
    9.77309793e-003 0. 5.14889776e-004 1.41772896e-003 0. 0. 0. 0. 0.
    -4.18798474e-004 0. 1.66271348e-002 0. 8.67157988e-003
    4.37412411e-003 0. 0. 0. 0. 3.69513698e-004 0. 0. 0. 4.69104387e-003
    0. 0. 0. -1.01316732e-003 0. 7.68016558e-003 0. 0. 0. 0.
    8.16516764e-003 0. 5.48849348e-003 0. 3.57231614e-003 0. 0.
    1.87746773e-003 0. 1.48215436e-003 2.97538936e-003 0. 0. 0. 0. 0. 0.
    0. 0. -2.51228735e-003 3.16749513e-003 0. -4.20961791e-004 0. 0.
    4.41876356e-004 0. 1.26018259e-003 0. 2.11848854e-003 0.
    1.78853644e-003 1.68214785e-004 0. 0. 0. 0. 0. 2.12702667e-003
    -1.74910660e-004 3.84516479e-003 1.06767025e-002 0. 0. 0. 0. 0. 0.
    0. -1.22982392e-003 4.10521589e-003 1.13821048e-002 0. 0. 0. 0. 0.
    0. 0. 5.70894033e-003 -9.66270745e-005 1.12410844e-003
    5.33015048e-003 2.34530959e-003 0. 0. 3.40887066e-003 0. 0. 0. 0. 0.
    2.05634558e-003 4.36259480e-003 0. 0. 0. 0. 0. 0. 0. 0. 0. 0. 0.
    -2.84120976e-003 0. 0. 0. 0. 0. 0. 0. 0. 0. 2.36070738e-003 0. 0. 0.
    1.47181121e-003 0. 0. 3.99173889e-003 0. 0. 0. 0. 0. 0. 0. 0. 0. 0.
    1.01278289e-004 0. 5.39119402e-003 0. -7.35140580e-004
    1.62441120e-003 0. 5.00862766e-003 0. 0. 4.14432632e-003 0. 0.
    1.26266212e-003 0. 0. 0. 0. 0. 0. 0. 0. 0. 0. 1.23643912e-002 0. 0.
    1.30937202e-003 0. 0. 6.39781996e-004 0. 0. 0. 6.22356869e-003
    9.36903805e-003 0. 0. 0. 0. 0. 0. 0. 0. 0. 4.35092225e-004 0. 0. 0.
    0. 0. 7.94081111e-003 0. 0. 5.04082745e-005 0. 0. 0. 0. 0.
    9.89784021e-003 4.49149730e-003 0. 6.71869563e-003 0. 0. 0. 0. 0. 0.
    0. 0. 0. 1.34746414e-002 0. 0. 0. 2.84766639e-003 6.61392638e-004
    9.93765984e-003 0. 0. 5.70664555e-003 -1.64551870e-003
    1.41285509e-002 0. 5.35011478e-003 0. -9.95470444e-004
    8.79655767e-004 0. 0. 0. 2.04072436e-004 1.91724533e-003 0.
    2.06395704e-003 -1.93282391e-003 -1.25689141e-003 0. 0. 0. 0. 0.
    3.91621754e-004 1.08588720e-003 3.67692468e-004 0. 0. 0.
    4.41418320e-004 0. 1.10344216e-003 1.84616458e-003 0. 0.
    3.84343555e-004 3.56132328e-003 0. 2.28947867e-003 0. 0. 0. 0. 0. 0.
    0. 0. 0. 0. 6.84670545e-003 2.02147220e-003 1.42263214e-003
    3.40356212e-003 0. 0. 0. 5.64123364e-003 0. 5.43858996e-003 0. 0. 0.
    0. 0. 0. 0. 0. 2.12167529e-003 0. 0. 0. 0. 0. 5.16878115e-003 0. 0.
    0. -4.33243025e-004 0. 0. 0. 2.42971303e-003 0. 0. 7.78221339e-003
    0. 0. 3.19551048e-003 0. 0. 0. 1.03677961e-003 0. 0.
    -9.38027818e-003 2.43609282e-003 8.91556498e-003 0. 1.77474954e-004
    0. 6.99398434e-003 0. 0. 0. 1.07158767e-003 0. -2.15392304e-003
    2.17394694e-003 0. 6.30814489e-003 0. 3.82067083e-004
    -5.36470383e-004 0. 0. 0. 0. 8.74072034e-003 0. 5.67742949e-003 0.
    0. 0. 0. 0. 0. 5.71740512e-003 0. 0. 2.31486349e-003 0. 0. 0. 0.
    8.72388203e-003 0. 0. 0. 4.08831332e-003 2.40063804e-004 0. 0.
    -3.37524922e-004 0. 0. 2.39197840e-003 0. -4.25166712e-004
    3.31959617e-003 -8.91328382e-004 0. 0. -4.16212017e-003
    5.40081598e-003 0. 0. 0. 0. 0. 0. 0. 0. 0. 0. 0. 0. 2.15465412e-003
    0. 0. 0. 0. 7.03261932e-004 0. 0. 0. 0. -2.35646250e-004 0. 0. 0.
    2.63006706e-003 6.56395778e-003 0. 0. 4.03317204e-003 0. 0. 0. 0.
    5.68321580e-003 0. 0. 0. 0. 0. 1.08000059e-002 0. 0. 8.88069440e-003
    0. 0. 0. 0. 0. 1.42136007e-004 0. 0. 2.77802371e-003 1.86236165e-002
    0. 1.50329638e-002 0. 0. 0. 0. 0. 0. 0. 8.16391129e-003 0. 0. 0. 0.
