<?xml version="1.0"?>
<opencv_storage>
<imageDescriptor type_id="opencv-matrix">
  <rows>1</rows>
  <cols>1000</cols>
  <dt>f</dt>
  <data>
    1.03962338e-002 0. 1.91474427e-003 0. 2.18007527e-003 0.
    1.78377249e-003 0. -6.63522165e-004 3.20841279e-003 2.11137510e-003
    -8.49134594e-005 0. 0. 3.82508012e-003 0. 3.47946957e-003 0. 0.
    2.20520562e-003 6.11419510e-003 0. 0. 6.47552253e-004 0. 0. 0. 0. 0.
    0. 0. 3.16108903e-003 0. 1.03241857e-003 0. 4.14962502e-004
    2.59747240e-003 5.62205724e-003 9.55227064e-004 0. 0.
    4.66221105e-003 1.38574943e-003 -5.61005669e-003 0. 0. 0. 0. 0.
    2.85815680e-003 0. 0. 0. 0. 2.38253525e-003 0. 0. 0. 6.93907170e-003
    0. 0. 0. 0. 7.37993093e-003 7.61901611e-004 0. 4.03623126e-004 0.
    -2.98646861e-004 0. 3.11868126e-003 0. 1.19138695e-003 0. 0. 0. 0.
    -2.40802369e-003 1.35092316e-002 0. 0. 0. 5.35638770e-003 0. 0. 0.
    1.22767175e-002 0. 0. 0. 0. 0. 0. 0. 8.78309365e-003 0.
    1.12697091e-002 1.94405206e-003 0. 0. 4.83486895e-003
    4.08463646e-004 0. 0. 0. 0. 0. 0. 4.11713682e-003 1.13448501e-002 0.
    0. -2.55865394e-004 0. 0. 0. 0. 0. 0. 0. 0. 0. 0. 0. 0. 0.
    1.08966110e-002 0. 0. 0. 0. 1.39774131e-002 0. 0. 1.65454438e-003
    2.01246724e-003 2.92130164e-003 0. 8.34490522e-004 0. 0. 0.
    3.95003380e-003 -5.79481071e-004 0. 2.78105540e-003 0. 0. 0. 0.
    4.84792748e-004 0. -3.35343299e-003 3.57340719e-003 -1.08293118e-003
    0. 0. 0. 0. 0. 5.79870166e-003 0. 0. 0. 1.41530391e-003
    2.41832202e-003 1.41384946e-002 4.93365200e-003 0. 1.98202603e-003
    0. 0. 0. 0. 0. 0. 0. 0. 0. 8.95064659e-007 2.07054662e-003 0. 0.
    1.47835910e-003 0. 5.30837663e-003 0. 1.16674136e-002
    7.43066426e-003 0. -2.41753223e-004 7.95096811e-003 2.55388999e-003
    0. 0. 0. 0. 0. 3.82545311e-003 0. 0. 0. 0. 0. 0. 0. 1.09126195e-002
    0. 0. 0. 0. 0. 8.95218365e-003 0. 0. 0. 0. -5.89327421e-004 0. 0.
    1.68011640e-003 2.36104382e-003 1.23294280e-003 0. 0. 0.
    -2.23251991e-003 0. 0. 0. 0. 4.56081750e-003 1.46538485e-003 0.
    7.06917490e-004 0. 0. 0. 1.43505773e-003 1.90827984e-003 0.
    1.91932486e-003 9.49329813e-004 0. 0. 0. 0. 5.53525798e-003 0.
    3.78531683e-003 6.21605664e-004 2.54499051e-003 0. -2.41173059e-003
    0. 0. 0. 0. 0. 0. 0. 0. 0. 0. 0. 0. 0. 1.94734556e-003 0. 0.
    6.76163705e-004 0. 0. 0. 7.71763793e-004 0. 0. 1.02040591e-003
    4.47003520e-004 0. 0. 0. 2.31193518e-003 0. 1.56385824e-003
    1.18499082e-002 -6.11848489e-004 0. 0. 4.14023781e-003 0. 0. 0. 0.
    0. 7.74431136e-003 0. 0. 0. 0. 9.09368973e-003 0. 0. 3.66669218e-003
    5.05512953e-003 2.76474026e-003 -9.66642343e-004 0. 0. 0.
    6.78392267e-003 6.35301752e-004 0. 0. 0. -3.10190767e-003 0. 0.
    8.69985577e-003 0. 0. 0. 0. 0. 6.07957132e-003 0. 0. 2.43113004e-003
    0. 0. 0. 0. 5.90647280e-004 4.09475202e-003 0. 7.12912646e-004 0. 0.
    -6.05472538e-004 0. 0. 0. 0. 0. 0. 0. -5.45507995e-003 0. 0. 0. 0.
    8.90689343e-003 0. 0. 0. 0. 0. 0. 1.24571128e-002 4.05747350e-003
    5.28247620e-004 0. 0. 1.75385689e-003 0. 2.36812066e-002 0. 0. 0.
    9.94343497e-003 1.05168961e-003 3.53386090e-003 0. 0. 0. 0.
    6.83769723e-003 3.03669553e-003 6.97229011e-003 1.08590315e-003
    -1.01606373e-003 5.09745255e-003 0. 0. 0. 0. 0. 0. 0. 0. 0. 0. 0. 0.
    0. 0. 0. 0. 3.54194222e-003 0. 0. 0. 0. 5.36545413e-003 0. 0. 0. 0.
    4.09590825e-003 0. 4.24559414e-003 0. 0. 0. 0. -3.80749298e-005 0.
    0. 5.95152983e-003 2.00057635e-003 0. 0. 5.62936673e-003 0. 0.
    5.68853971e-003 0. 0. 0. 0. 9.93866241e-004 0. 0. 0. 0. 0. 0. 0. 0.
    2.21035117e-003 0. 0. 5.95689612e-003 0. 0. 0. 0. 2.88987323e-003 0.
    0. 0. 5.65432711e-003 5.28899161e-003 1.40537822e-003 0. 0.
    1.68801518e-003 0. 0. 0. 0. 0. 0. 0. 0. 6.91920798e-003 0. 0.
    8.80615087e-004 0. 0. 0. 0. 0. -3.75171250e-004 0. 0. 0. 0. 0. 0.
    -4.24768281e-004 0. 0. 0. 3.90339294e-003 0. 2.63448106e-003 0.
    5.84172609e-004 8.28789640e-003 -1.37921562e-003 0. 4.85383067e-003
    0. -1.54317706e-003 0. 0. 0. 0. 0. 0. 0. 4.54649475e-004 0.
    4.80464107e-004 0. 0. -2.78062373e-003 1.43004779e-003 0. 0. 0. 0.
    5.11302473e-003 4.62511729e-004 0. 0. 0. 0. 0. 0. 0. 1.52168574e-003
    0. 0. 0. 7.46109430e-003 0. 0. 0. 1.34684658e-003 0. 1.90888881e-003
    0. 0. 0. 0. 0. 0. 1.07515920e-002 0. 0. 0. 0. 0. 0. 0.
    3.86204734e-003 0. 0. 2.84957932e-003 0. 5.60622371e-004 0.
    1.14874076e-003 3.94804869e-003 0. 1.76023028e-003 0. 0. 0. 0. 0.
    9.04929882e-004 0. 0. 4.69742995e-003 0. 1.86860864e-003
    2.55513494e-003 0. 0. 0. 1.65351620e-003 0. 0. 0. 2.16778950e-003 0.
    0. 3.65256541e-003 0. 0. 0. 1.07464395e-004 0. 0. 0. 0. 0.
    4.20718314e-003 -3.19157052e-003 4.20332281e-003 0. -5.63850335e-004
    0. 2.62380671e-003 0. 0. 1.10250264e-002 0. 0. 0. -2.94102676e-004
    0. 0. 8.05469789e-003 0. 0. 0. 1.69559626e-003 0. -1.93446525e-004
    0. 0. 0. 0. 0. 0. 0. 0. 0. 0. 0. 0. 4.06444026e-003 0. 0. 0. 0.
    1.00025302e-003 0. 0. -3.66932276e-004 0. 0. 0. 0. 0. 0.
    2.08758097e-003 0. 0. -3.76823847e-003 0. 0. 0. 0. 6.44751592e-004
    0. 2.27240054e-003 0. 1.15589425e-002 0. 0. 0. 1.81466341e-003 0. 0.
    0. 0. 0. 9.36908182e-003 8.92983400e-004 0. 0. 0. -1.68340444e-003
    3.53616982e-004 0. 0. 0. 0. 0. 0. 2.59680883e-003 0. 0. 0. 0. 0. 0.
    -1.80015457e-003 1.42232317e-003 0. 1.49159122e-003 0. 0. 0.
    1.77878095e-003 0. 0. 6.14509406e-003 0. 0. 2.16347747e-003 0. 0. 0.
    2.85482919e-003 0. 0. 0. 2.02866169e-004 0. 0. 0. 0. 0.
    2.92626070e-003 1.11042513e-002 0. 0. 1.63738895e-003
    1.80997921e-003 -8.05854434e-005 0. 0. 0. -1.55597797e-003 0. 0. 0.
    0. -5.90524636e-004 6.46116538e-003 0. -1.48825944e-004 0.
    -1.56417213e-004 0. 0. 1.92329346e-003 0. 0. 2.54337676e-003 0. 0.
    3.08456947e-003 0. 0. 0. 0. 0. 0. 3.65488860e-003 0. 0. 0.
    -1.58541196e-003 0. 0. 9.68890917e-003 0. 2.47637462e-003
    2.03516427e-003 0. 0. 0. 1.97512005e-002 2.69626756e-003
    9.70999419e-004 7.27646891e-003 0. 1.59834442e-003 1.56086041e-002
    0. 0. 7.06122071e-003 0. 0. 0. 0. 2.17699423e-003 0. 9.43594030e-004
    0. 0. 0. 0. 0. 1.55905180e-003 2.33991374e-003 -1.66360603e-003 0.
    0. 0. 0. 0. -2.21028080e-004 0. -9.07929090e-004 0. 0.
    7.73202255e-003 -4.29977110e-004 0. 0. 0. 0. 0. 8.16497559e-005
    7.56530184e-003 0. 1.01864338e-002 0. 0. 0. 6.20965613e-004 0. 0. 0.
    0. 0. 8.71080998e-003 0. 0. 0. 6.01860578e-004 0. 0. 0. 0.
    1.47503323e-003 3.03095719e-003 4.14242735e-003 0. 0. 0.
    1.04538805e-003 0. 1.29785966e-002 4.51560086e-003 -1.14174664e-003
    0. 0. 2.02087017e-006 0. 0. 0. 0. 0. 0. 1.52955512e-002 0. 0. 0. 0.
    0. 0. 0. 0. 7.69222947e-003 0. 0. 0. 0. 0. 2.10162112e-003 0. 0.
    1.62392505e-003 0. 0. 3.93379806e-003 0. 0. 0. 0. 0. 0. 0. 0. 0. 0.
    8.78424291e-003 0. 0. 0. 0. 0. 0. 9.48091131e-003 0. 1.15689647e-003
    0. 4.23526471e-005 0. 0. 0. 1.54070626e-003 7.40578212e-003 0.
    5.11092367e-003 0. 0. 0. 0. 0. 0. 0. 0. 3.76275089e-003 0. 0.
    9.58897348e-004 0. 0. 0. 0. 0. 9.90108121e-003 0. 1.54488685e-003 0.
    2.26486032e-003 0. 0. 0. 2.37924233e-003 0. 0. 1.40367355e-003 0. 0.
    0. 0. 4.24875366e-003 0. 0. 8.29143729e-003 0. 9.77978227e-004 0.
    2.73590558e-004 0. 0. 0. 0. 0. 0. 0. 0. 0. 0. 0. 0. 0.
    3.43580643e-004 0. 0. 0. 2.27870676e-003 -2.94371595e-004 0.
    5.80348948e-004 3.20124556e-003 4.53872461e-004 0. 0. 0.
    6.17277063e-003 1.67495568e-006 1.95450382e-003 0. 0. 0. 0. 0. 0. 0.
    0. 0. 0. 0. 0. 0. 0. 0. 1.12976171e-002 0. 0. 0. 1.38708006e-003 0.
    0. 0. 0. 0. 0. 0. 0. 0. 1.57533735e-002 0. 0. 0. 0. 8.03575758e-003</data></imageDescriptor>
</opencv_storage>
