<?xml version="1.0"?>
<opencv_storage>
<imageDescriptor type_id="opencv-matrix">
  <rows>1</rows>
  <cols>1000</cols>
  <dt>f</dt>
  <data>
    0. 7.11363368e-003 0. 0. 0. 0. 0. -2.63165683e-003 0. 0. 0. 0.
    3.94108152e-004 0. 0. 5.08155022e-003 2.49581574e-003
    5.13860630e-003 0. 0. -1.70145580e-003 0. 0. 4.78132628e-003
    8.63811583e-004 0. 3.44144821e-004 0. 0. 0. 8.28049611e-003 0.
    3.31779919e-003 7.88535923e-003 0. 1.15810493e-002 0.
    2.71325256e-003 1.94509849e-002 0. 0. 2.68684560e-003 0.
    9.00023337e-003 5.57135092e-003 0. 3.41251143e-003 0. 0. 0. 0. 0. 0.
    0. 0. 4.20950702e-004 0. 1.27098916e-004 0. 8.44222086e-004 0.
    1.05622215e-002 -6.56201388e-004 3.08313104e-003 1.58654421e-003 0.
    0. 0. 0. 0. 1.77033979e-003 0. 2.19439669e-003 1.45850831e-003 0. 0.
    0. 6.05347799e-004 0. 0. 0. 0. 7.94140738e-004 1.59072597e-003
    1.92747952e-003 0. 0. -3.85172665e-003 0. 0. 0. 4.32071416e-003 0.
    0. 0. 2.54545268e-003 0. 4.01391211e-004 1.03227440e-002 0. 0. 0. 0.
    5.85597118e-005 0. 4.72379103e-003 0. 0. -1.52978915e-004 0. 0.
    1.18889450e-003 0. 0. 2.69211060e-003 7.65626144e-004 0. 0. 0. 0. 0.
    0. 0. 0. 0. 1.91808667e-003 1.02603110e-002 0. 0. 3.89964174e-004 0.
    0. 0. 0. 0. 0. 0. 0. 0. 0. 7.56744342e-003 0. 0. -6.78113574e-005 0.
    2.67368159e-003 0. 0. 0. 0. 4.28522984e-003 0. 0. 0. 0.
    2.31791683e-003 0. 0. -5.60764631e-004 6.98843831e-003 0.
    -1.24002446e-003 0. 0. -4.95753950e-003 0. 1.37105398e-003 0. 0.
    -3.11775389e-003 2.84950994e-003 0. 0. 0. 0. 0. 0. 0. 0. 0. 0. 0. 0.
    -3.83851840e-003 0. 0. 0. 4.37904475e-003 0. 0. 0. 0.
    1.84505631e-003 4.92872717e-003 2.45412556e-003 0. 0. 0.
    3.99452215e-003 0. 1.37476122e-003 2.75634974e-003 0. 0. 0. 0. 0. 0.
    0. 0. 2.74865166e-003 0. 0. 0. 0. 0. 0. 0. 0. 9.06942412e-003 0. 0.
    -2.32559119e-004 4.75788908e-003 2.21215282e-003 0. 0. 0. 0. 0. 0.
    0. 0. 0. 0. 0. 0. 0. 0. 0. 0. 0. 4.94520226e-003 0. 0. 0.
    1.84476085e-003 0. 4.49272478e-003 0. 0. 0. 1.73382144e-002 0.
    7.27493607e-004 1.51304191e-003 0. 0. -8.70592601e-004 0.
    1.61928330e-002 0. 8.28985882e-004 1.55100494e-003 0. 0. 0. 0. 0.
    9.99751035e-004 0. 0. 2.34436058e-003 0. 0. -6.13737793e-004
    2.88209156e-003 0. -9.64282372e-004 6.24852814e-003 0. 0. 0. 0.
    3.06050619e-003 0. 9.42695886e-003 2.16834596e-003 0. 0. 0.
    1.07964678e-002 0. 0. 3.00782989e-003 4.27203812e-003 0.
    9.20129661e-003 1.13408463e-002 0. 0. 9.06907488e-003 0.
    2.24119215e-003 4.47612721e-003 0. 0. 0. 0. 4.12153592e-003
    5.90815092e-004 0. 1.27615733e-002 0. 0. 0. 7.04005826e-003
    -3.94178368e-003 0. 0. 0. 0. 8.58947914e-003 2.29156297e-003 0. 0.
    0. -2.77057523e-003 0. 0. 0. 2.11577117e-003 0. 1.93111307e-003 0.
    0. 0. 0. 0. 0. 0. 3.93545815e-005 0. 0. 8.65610898e-004
    -2.84596405e-004 0. 0. 0. 7.26818945e-003 4.19219956e-003 0. 0. 0.
    0. 3.83598293e-004 0. 0. 0. 0. 0. 0. 0. 0. 0. 0. 0. 0. 0. 0.
    5.92650496e-004 0. 2.89124949e-003 0. 0. 0. 0. 1.00610638e-002 0.
    3.02822958e-003 3.65710061e-004 9.75971052e-004 0. 0. 0. 0.
    1.46239076e-003 8.32237583e-003 0. 0. 0. 0. 4.57839854e-003
    4.66425344e-003 1.21854187e-003 0. 2.33953330e-003 0. 0. 0. 0. 0. 0.
    0. 7.37209991e-003 0. 0. 0. 0. -2.83730242e-005 0. 6.84058759e-004
    0. 9.68446583e-003 2.48592114e-003 0. -1.46383958e-004 0. 0.
    -1.25628652e-003 6.20595878e-004 0. 0. 0. 0. 0. 0. 1.24490602e-004
    2.68948707e-003 0. 0. 0. 3.77800874e-003 0. 1.22602767e-004 0.
    1.25647439e-002 1.99004658e-003 -1.52103871e-003 0. 1.92604086e-003
    0. 0. 0. 6.36225799e-003 8.12396035e-003 0. 3.15636978e-003 0. 0. 0.
    0. 3.19017307e-003 -4.22467274e-004 0. 0. 0. -6.69239787e-004 0.
    1.35860583e-002 5.91435295e-004 0. 6.33510482e-003 0. 0. 0.
    4.77124378e-003 0. 0. 0. 0. 3.52786924e-003 -1.75578333e-003 0. 0.
    0. 0. 0. 0. 1.59379945e-003 0. 0. 0. 0. 0. 0. 0. 0. 0. 0. 0.
    -7.71286373e-004 0. 0. 0. 3.22199543e-003 3.43657593e-004 0. 0. 0.
    6.86992146e-003 -2.87845294e-004 -3.74495401e-003 0. 0.
    2.31920247e-004 0. 0. 0. 0. -4.29132208e-003 1.59956588e-004 0. 0.
    0. 0. 0. 0. 4.10330156e-003 0. 0. 0. -2.44523794e-003 0. 0.
    2.48457445e-003 0. 0. 1.71313668e-003 0. 0. 0. 0. -3.20602034e-004
    0. 0. 0. 1.48445042e-003 0. 1.70243043e-003 0. 0. 1.02500115e-002
    8.69370939e-004 0. 0. 0. 1.99114857e-003 0. 9.43848165e-004
    7.23189395e-003 3.40716937e-003 0. -1.26929226e-004 0. 0. 0.
    7.55202863e-003 0. 0. 1.10098748e-002 0. 1.23471534e-003 0. 0. 0.
    -4.45323763e-003 0. 0. 2.96938070e-003 0. 6.62980485e-004 0.
    6.12263242e-003 -1.03241426e-003 4.71796608e-003 0. 0. 0. 0. 0. 0.
    0. 0. 0. 3.21154692e-003 0. 0. 6.40002498e-003 -2.87308067e-004 0.
    0. 3.41784372e-003 2.52058217e-003 0. 2.48026056e-003 0. 0.
    -3.01060639e-003 0. 0. 0. 4.40492993e-003 0. 0. 0. -3.67240817e-003
    0. 0. 0. 0. 1.90001098e-003 0. 6.75015850e-003 5.57821663e-003
    2.49963906e-003 4.90540592e-003 0. 0. 0. -1.02918129e-003 0. 0.
    1.90551465e-004 0. 0. 0. 0. 0. 0. 0. 0. 0. 0. 9.70793422e-003 0. 0.
    0. 0. 0. 0. 2.37798970e-003 0. 0. 0. 0. 0. 0. 0. 0. 0. 0. 0.
    4.79680905e-003 0. 0. 0. 0. 7.19993049e-003 -1.11823133e-003
    2.77848844e-003 0. 1.14679325e-003 0. 2.18055141e-003 0. 0.
    5.13008563e-003 0. 4.50429623e-004 0. 2.88768462e-003 0. 0.
    1.28034065e-002 0. 1.13442416e-004 -5.96530386e-004 1.01373885e-002
    0. 2.50007724e-003 0. 1.21502252e-003 0. 0. 0. 0. 0. 0. 0. 0. 0. 0.
    5.36704576e-003 0. 0. 7.70485669e-004 0. 0. 0. 4.04287566e-004 0. 0.
    0. 6.62252889e-004 2.95073888e-003 0. 0. 5.63326012e-003 0.
    5.03270188e-003 0. 0. 1.50611717e-003 0. 0. 0. 2.39880732e-003 0. 0.
    0. 0. 0. 0. 0. 0. 0. -4.80517512e-004 0. 0. 0. 0. -7.10049761e-004
    -8.30282443e-005 0. -9.99060925e-004 0. 0. 0. 0. 7.98642650e-005 0.
    2.02054786e-003 0. 0. 0. 1.00039085e-003 3.19735683e-003
    -1.75477192e-003 1.01670781e-002 0. 0. 0. 3.40857194e-003 0. 0. 0.
    2.35798862e-003 0. 0. 0. 0. 0. 0. 0. 0. 0. 0. 9.44783329e-004 0.
    6.45690644e-003 6.51726127e-003 0. 9.20970086e-003 0.
    6.20221160e-003 0. 0. 0. 0. 3.84164765e-003 0. 0. 0. 0.
    3.33957584e-003 0. 0. 0. 0. 0. 0. 0. -5.97239938e-003
    2.72605987e-003 6.72407029e-003 -6.01047883e-004 0. 0.
    1.46336267e-002 0. 0. 0. 0. 0. 4.69643110e-003 4.29818267e-003 0.
    -2.31529164e-004 1.75591733e-003 0. 4.33613127e-003 0.
    4.56879847e-003 -6.26618741e-004 1.64230552e-003 0. 7.86723627e-004
    1.23765483e-003 -5.21723693e-003 0. 0. 0. 0. 9.15904355e-004 0. 0.
    0. 1.07715221e-003 0. 0. 9.95581038e-003 0. 0. 0. 0. 2.22021202e-003
    0. 0. 0. 2.59581394e-003 0. 7.09283340e-004 0. 0. 0. 0. 0. 0. 0. 0.
    0. 0. 0. 7.37479469e-003 0. 0. 0. 0. 8.00423790e-003 8.96950252e-004
    0. 0. 0. -6.25709305e-003 0. 0. 0. 0. 0. 2.86275847e-003 0. 0. 0. 0.
    4.87774191e-003 0. 0. 8.17872956e-003 0. 4.60669817e-003
    -1.42297451e-003 0. 0. 5.61468303e-004 0. 0. 0. 0. 0.
    1.55205501e-003 0. -5.63683861e-004 0. 0. 0. 0. 0. 0. 0. 0. 0. 0. 0.
    0. 0. 0. 0. 1.01327207e-002 1.12048686e-002 -1.70162984e-005
    -2.32743878e-005 1.15364196e-003 2.51763826e-003 0. 1.13978400e-003
    0. 0. 0. 0. 1.45251220e-002 0. 0. 3.59892100e-003 0. 0. 0.
    1.74616184e-003 1.05955349e-002 3.33431410e-003 0. 0. 0. 0. 0. 0. 0.
    0. 0. 0. 0. 0. 0. 0. 0. 0. 0. 1.29096705e-004 2.47527240e-003
    3.53191164e-003 0. 0. 0. 0. 9.89890378e-003 1.68760843e-003 0. 0. 0.
    0. 0. 0. 0. 3.30409477e-003 0. 0. 3.48212779e-004 0. 0. 0. 0.
    -6.05667534e-004 2.90815928e-003 0. 0. 0. 0. 0. 9.30706039e-003 0.
    9.42372624e-003 3.98390414e-003 2.78426986e-003 0. 0. 0. 0.
    3.31970188e-003 1.51239904e-002 0. 0. 0. 1.68829993e-003 0.
    2.32612677e-002 0. 5.47401840e-003 0. 0. 0.</data></imageDescriptor>
</opencv_storage>
