<?xml version="1.0"?>
<opencv_storage>
<imageDescriptor type_id="opencv-matrix">
  <rows>1</rows>
  <cols>1000</cols>
  <dt>f</dt>
  <data>
    0. 1.57979261e-002 0. 1.46550662e-003 1.10473251e-003 0.
    3.10590048e-003 7.41488207e-003 1.74602051e-003 0. 0.
    7.81415263e-004 0. 0. 0. 0. 0. 6.52957987e-003 0. 2.06407486e-003
    1.77328177e-002 0. 0. 0. 0. -1.93195418e-003 0. 8.36478360e-003 0.
    1.40086806e-003 0. -5.29987679e-004 7.20545091e-003 2.47624726e-003
    1.07711348e-004 7.09176622e-003 0. 3.32378258e-004 0. 0.
    2.37742299e-003 0. 0. 0. 6.40353537e-004 0. 0. 0. 0. 0.
    -2.74396781e-003 1.42934523e-003 0. 5.74122230e-003 0.
    -9.25788423e-004 0. 0. 4.87713114e-004 4.32148064e-003
    5.94779430e-003 0. 0. 0. 0. 0. 0. -3.81711463e-004 8.19342956e-003
    1.82730332e-002 -3.00894986e-004 4.65799356e-003 0. 0. 0.
    7.47721118e-004 0. 1.94228580e-003 -1.97740109e-003 0.
    -5.14357933e-004 0. -1.95267797e-003 0. 6.12634979e-003
    1.21619890e-003 1.95578043e-003 2.11174507e-003 0. 0. 0. 0.
    8.54522176e-003 0. 0. 3.59639782e-003 0. 0. -1.43602735e-003 0. 0.
    0. 0. 2.64980411e-003 0. -1.48959632e-003 0. 0. 9.31155046e-006 0.
    4.22373973e-003 0. 1.39948342e-003 0. 0. 4.50421963e-003 0. 0. 0. 0.
    -6.60048157e-004 7.44448858e-004 0. 0. 0. -1.45641121e-003
    2.54281377e-003 3.39751015e-004 0. 0. 1.18735537e-003
    4.40611358e-004 0. 4.77709109e-004 7.74970918e-004 0. 0. 0. 0. 0. 0.
    3.57281021e-003 0. 7.06998631e-003 1.71711683e-004 0.
    -2.75774975e-003 9.75855452e-004 0. 0. 0. 4.12822422e-003 0.
    1.72161381e-003 0. -7.79619964e-004 0. 2.24011485e-003
    5.31806378e-003 7.58266833e-004 0. 0. 0. 0. 1.11518716e-002
    1.14680489e-003 2.41572084e-003 0. 0. 7.72303320e-005
    1.10696582e-003 0. 1.41505711e-003 1.32699532e-003 1.65153207e-004
    0. 0. 0. 0. 0. 1.46879547e-003 0. 0. -6.26863388e-004
    3.21959774e-003 8.11227248e-004 0. 3.72269831e-004 1.24711904e-003
    4.22151200e-003 5.07046003e-003 0. 3.26167722e-003 2.96536600e-003
    0. 3.16300313e-003 -1.76751299e-003 -5.66773851e-005 0.
    1.10677420e-003 3.78018874e-003 9.35393735e-004 -2.40473007e-003
    9.07390146e-004 0. 2.70032207e-003 -1.00047269e-003 0.
    -1.59311295e-003 0. 0. 0. 0. -2.90181232e-003 0. 0. 0.
    7.49818108e-004 0. 0. 0. 0. 2.70128454e-004 -6.67500019e-004 0. 0.
    0. 0. 5.47117786e-004 7.42381439e-004 0. 0. 0. 0. -1.85370096e-004
    0. 0. 0. 0. -1.06538518e-003 0. -3.89103603e-004 -8.89818883e-004 0.
    3.83810751e-004 0. 1.82731578e-003 0. 0. 7.05173181e-004
    1.25140650e-004 0. 0. -5.33442828e-004 0. 3.60077550e-003 0.
    2.51107151e-004 5.14656166e-003 0. 2.76734325e-004 0.
    1.67190190e-003 1.59135321e-004 0. 0. 0. 0. 0. 4.69719432e-003 0.
    6.61973259e-004 0. 0. 0. 1.17456808e-003 0. 4.90246853e-003 0.
    -1.59674580e-003 0. 0. 0. 8.11516889e-004 0. 2.10460927e-003
    5.44159301e-003 0. 0. 0. 0. 0. 0. 0. 0. 3.80832877e-004 0. 0.
    -1.59234053e-003 0. 3.92591115e-004 1.22277101e-003 4.68040677e-003
    -7.23349804e-004 6.75151183e-004 0. 0. 2.25733360e-003
    1.06359515e-002 0. 9.19037324e-004 1.25035401e-002 0.
    3.05964332e-003 1.49759091e-003 0. 1.82694849e-003 -6.41360239e-004
    0. 0. 1.04539655e-002 -5.32260048e-004 7.20932474e-003
    3.95850482e-004 0. 0. 0. 0. 3.54646146e-003 0. 7.96010194e-004 0.
    2.45014182e-003 0. 0. -7.45874015e-004 0. 0. 3.74824344e-003 0. 0.
    -2.10172497e-003 0. 1.19927681e-004 0. 8.69753188e-004
    1.75210799e-003 1.29691756e-003 1.54420873e-003 0. 0.
    -7.77952882e-005 1.46055152e-003 0. 2.94983329e-004 3.45110125e-003
    0. 0. 0. 0. 0. 0. 0. -1.71856518e-004 -2.10908847e-003
    6.28834032e-003 0. 0. 1.56749599e-003 5.53418789e-003 0. 0. 0.
    7.10779044e-004 1.19034154e-003 0. -2.47278600e-004 0.
    1.70321646e-003 6.73980976e-004 -7.86284636e-006 0. 0.
    5.65607846e-003 1.54955115e-003 1.39464671e-003 0. 0. 0. 0. 0.
    9.89931941e-005 0. 0. 0. 1.97132863e-003 0. 0. 2.05137907e-003 0. 0.
    0. 0. 8.12313519e-004 0. 1.43389974e-003 0. 1.96264335e-003 0.
    5.44296438e-003 0. 0. 8.39164495e-005 3.12975870e-004 0. 0.
    5.40374895e-004 0. 0. 0. 0. 0. 0. 0. 4.47389716e-003 2.79901992e-003
    0. 3.90615687e-003 0. -3.11752374e-005 0. 6.18134392e-003 0. 0. 0.
    9.97695490e-004 0. 1.12259143e-003 0. 2.56111659e-003 0. 0. 0. 0.
    2.29181349e-003 0. 0. -4.76538757e-004 0. 1.51078231e-004 0. 0.
    -1.63172372e-003 0. 0. 2.66638468e-004 0. 5.21666044e-003 0.
    2.38977168e-002 0. 6.07257942e-003 0. 4.83230746e-004 0. 0.
    2.29076017e-003 4.99453209e-003 0. 3.71336075e-003 -1.96106802e-003
    4.43643751e-003 5.69117663e-004 0. 0. -6.63886458e-005
    3.45790962e-004 2.44511780e-003 0. 4.89103980e-003 0.
    1.78052636e-003 0. 0. -5.17346954e-004 1.56957805e-002
    7.69969355e-003 4.39625792e-003 0. 0. 1.07813576e-004 0. 0. 0.
    2.21916227e-004 1.34786090e-003 5.84923103e-003 0. 0. 0.
    -2.77033541e-003 0. 0. -1.38140621e-003 0. 0. 4.11503948e-003
    3.17023904e-003 0. 0. 0. 0. 0. 1.57768244e-003 0. 0. 1.30361943e-002
    0. 1.16834526e-004 4.93270520e-004 0. 5.48526412e-003 0. 0. 0. 0. 0.
    7.84765522e-004 6.07267139e-004 2.26284168e-003 0. 4.00216738e-003
    0. 0. 1.89480104e-003 0. 0. 2.15577451e-003 1.96662056e-003
    1.38398372e-002 0. 1.53901975e-003 0. 6.31340966e-003 0. 0. 0.
    3.62631725e-003 0. -1.53662022e-005 4.74102469e-003 0. 0. 0. 0.
    6.20822888e-003 0. 7.27302115e-003 5.53327659e-003 0.
    7.42204720e-004 0. 1.21303031e-003 4.24731785e-004 0. 0.
    1.12608424e-003 0. 0. 2.33056466e-003 4.93935868e-003
    4.70645464e-004 0. 0. -1.40481658e-004 0. -9.91811976e-004 0. 0. 0.
    7.50950305e-004 0. 0. 0. 0. 1.39103197e-002 0. 1.56676426e-004
    1.30763103e-004 0. 0. 0. 4.39492892e-003 4.08921886e-004 0. 0. 0. 0.
    0. -6.27359550e-005 0. 0. 0. 3.00018757e-004 0. 0. 0. 0. 0. 0. 0. 0.
    0. 0. -8.57527717e-004 4.38337540e-003 -1.13590120e-003
    -2.75157130e-004 -6.04254834e-004 8.45824019e-004 4.75988025e-003
    2.59079458e-003 0. 0. 0. 0. 0. 4.82973503e-003 2.94011249e-003
    1.00025987e-004 0. 0. 4.13090485e-004 0. 1.94886979e-003
    2.47064419e-003 0. 4.91559366e-003 0. 0. 0. 0. 5.82550652e-003 0. 0.
    0. 0. 3.21424985e-003 6.24748413e-004 3.89218936e-003 0. 0. 0.
    8.20599205e-004 9.33077128e-004 0. 0. 0. -9.65921558e-004
    1.32113055e-003 0. 0. 0. 0. 1.47674105e-003 0. 4.91775863e-004
    1.19627011e-003 0. -6.36741170e-004 0. 0. 0. 0. 0. 0.
    6.82804501e-003 -1.25586765e-003 6.69447146e-003 0. 0. 0.
    1.09369576e-003 3.79163888e-003 0. -1.43111451e-003 8.58785678e-003
    3.40652396e-003 3.20772931e-004 0. 4.99130972e-003 5.41552610e-004
    0. 3.83553305e-003 0. 0. 2.15552375e-003 0. 0. 0. 2.87349889e-004 0.
    0. 5.27954195e-004 0. 0. 1.16153085e-003 0. 0. 0. 2.05120203e-004 0.
    0. -1.66374113e-004 0. 0. 0. 1.05824210e-002 0. 4.72256565e-004 0.
    0. 9.12065967e-004 0. 7.51551939e-004 1.32744340e-003 0. 0. 0.
    2.05369089e-002 0. 0. 0. 0. 7.14957598e-004 7.78879621e-004 0. 0. 0.
    1.08537311e-003 0. -4.31433873e-004 4.47118859e-004 6.03476726e-003
    0. -1.67021831e-003 0. -6.14531629e-004 0. 7.12372782e-003 0. 0. 0.
    6.97385566e-003 1.58087141e-003 5.82491839e-003 0. 0. 0.
    2.50959909e-003 6.25263853e-003 0. -3.04316171e-004 8.74032907e-004
    9.38372046e-004 2.56730826e-003 0. 6.47892011e-004 0. 0. 0.
    3.56247742e-003 1.23670883e-003 0. 5.19693131e-003 7.21971365e-003
    0. 0. 0. 6.62976876e-003 0. 5.34268515e-003 7.97971225e-005
    1.06377415e-002 0. 2.23985233e-004 4.73907078e-003 0. 0.
    3.88407940e-003 1.02005317e-003 0. 1.59003232e-002 4.73639788e-003
    0. 1.20321417e-003 0. 0. 1.86629896e-003 1.54030824e-003 0.
    2.87531153e-003 0. 0. 0. 0. 5.56728570e-003 0. 0. 0. 0. 0.
    -3.70106543e-004 6.51365772e-005 1.55233638e-003 0. 0. 0. 0. 0. 0.
    1.81999116e-003 4.05340409e-003 0. 0. 2.06726580e-003 0. 0. 0.
    2.75180116e-003 0. 0. 7.22534780e-004 0. 0. 0. 0. 1.44444441e-003 0.
    0. 5.39144967e-003 0. 0. 4.02235222e-004 0. 0. 0. 0. 0. 0.
