<?xml version="1.0"?>
<opencv_storage>
<imageDescriptor type_id="opencv-matrix">
  <rows>1</rows>
  <cols>1000</cols>
  <dt>f</dt>
  <data>
    2.66001630e-003 0. 0. 0. 0. 0. 0. 8.88945162e-003 6.24067103e-003 0.
    2.51694187e-003 3.17268702e-003 3.82236624e-003 0. 0. 0.
    -2.96475925e-003 0. 0. -5.18251560e-004 0. 1.71006739e-003
    7.40449585e-004 0. 0. 0. 0. 8.90697353e-003 0. 0. 4.49507125e-003
    7.55164213e-003 3.31348456e-005 2.50048144e-003 -1.85269921e-003
    5.29422797e-003 0. 0. 0. 3.96770891e-003 0. 0. 0. 0. 1.10789097e-003
    3.99643742e-003 0. 1.18679879e-003 0. 0. 8.37103289e-004 0.
    5.04485564e-003 -1.50383776e-003 0. 0. 0. -1.20809651e-003 0. 0. 0.
    1.66441943e-003 0. 4.58895369e-003 0. 0. 4.14074818e-003 0. 0. 0.
    1.87314383e-003 5.15825953e-003 0. 4.89335693e-003 -1.20988511e-003
    1.55051821e-004 0. 0. 4.40414576e-003 0. 0. 0. 0. 0. 6.00377517e-003
    0. 0. 0. 0. 1.38885563e-003 3.60351359e-003 0. 0. -1.93752733e-003
    0. 8.07926059e-004 0. 0. 0. 0. 0. 0. 5.97451394e-003 0. 0. 0.
    5.32293168e-004 0. 0. 1.34778023e-003 6.17042277e-003
    2.00150418e-003 0. 0. 0. 0. -9.11877723e-004 -1.57408533e-003 0.
    4.16483637e-003 0. 0. 6.63637300e-004 4.13357187e-003 0. 0. 0.
    3.60021513e-004 4.61421767e-003 6.34708162e-003 0. 0.
    1.34437380e-003 0. -2.58245179e-003 1.05053568e-002 0. 0.
    2.13591638e-003 0. 0. 0. 1.31871609e-003 0. 0. 0. 0.
    -3.08558694e-003 0. 0. 0. 2.80699437e-003 0. 3.31079680e-003 0. 0.
    0. 0. 2.35745665e-002 0. 1.18440215e-003 0. 6.19943067e-003
    4.19705175e-003 6.35022623e-003 1.43676484e-003 0. -2.11285846e-003
    0. 1.54682144e-003 1.11106047e-002 0. 0. 0. 3.42788990e-003 0. 0. 0.
    1.43300497e-003 0. 0. 1.21869124e-003 0. 0. 1.20263314e-002 0. 0.
    3.71143688e-003 0. 3.91269568e-003 0. 0. 0. 0. 0. 9.17505997e-004 0.
    0. 0. 0. 0. 1.49602618e-003 0. 1.24209048e-003 0. 0. 0. 0. 0.
    4.54663811e-003 3.92636005e-003 0. 5.13544027e-003 0.
    5.85926045e-003 1.19252049e-003 0. 0. 0. 0. -3.61274043e-003
    -9.12210453e-006 2.13579903e-003 0. 0. 2.01331172e-003
    1.24278280e-003 0. 0. -6.70270005e-004 2.31237244e-003 0. 0.
    1.87212403e-003 0. 2.34434381e-003 0. 0. 0. 1.30438257e-003 0. 0.
    1.00543424e-002 0. 1.38335407e-003 0. 1.82302843e-003
    -2.12324667e-003 0. 1.97413214e-003 -4.87814611e-003 0. 0. 0. 0. 0.
    2.08627991e-003 0. 5.00329118e-003 0. -9.20120074e-005 0.
    4.35236172e-004 1.98051822e-003 0. 0. 0. 0. 0. 0. 0. 0. 0.
    -2.09139194e-003 1.82444241e-003 -3.06354137e-004 0.
    -4.95367777e-003 4.14776528e-004 0. 0. 0. 0. 0. 1.47608120e-003
    8.19542096e-004 0. 0. 0. -2.14890670e-003 0. 0. 0. 0. 0.
    7.44723575e-003 0. 0. 0. 0. 2.14893429e-004 -8.37164916e-005 0.
    2.27580126e-003 5.68813318e-003 0. 0. 0. 0. 0. 0. 1.67785573e-003
    4.96902689e-003 3.68072279e-003 3.82234692e-003 0. 0. 0. 0.
    9.67424072e-004 -4.94358595e-004 7.94700929e-004 0. 0.
    2.56619928e-003 1.10080361e-003 0. 0. 0. 5.58477885e-004
    4.97137522e-003 4.28004703e-003 0. 4.31180792e-003 0. 0. 0.
    3.97895882e-003 0. 6.02091756e-003 0. 2.55245483e-003 0. 0.
    8.50945828e-004 -2.20195856e-003 0. -2.49515608e-004 0.
    -2.12385901e-003 0. 0. 1.54097914e-003 1.41390122e-003 0. 0.
    1.55840360e-003 0. 0. 0. -1.00743293e-003 4.20771958e-003
    7.69365870e-004 2.46201362e-003 3.09474370e-003 6.17662736e-004 0.
    0. 0. -1.67369214e-003 3.34119261e-003 0. 0. 0. 6.14000764e-003
    8.53293226e-004 0. 0. 4.96449927e-003 0. 0. 0. 0. 0. 0. 0. 0.
    6.10385614e-005 3.03983339e-003 0. 1.63658551e-005 0. 0. 0. 0.
    1.39849249e-003 0. 2.11265893e-003 1.21813000e-003 0. 0.
    3.52217210e-003 0. 2.62023713e-002 0. 4.38157376e-003 0.
    1.47643674e-003 0. 0. 4.07688413e-003 4.18145861e-003 0. 0. 0.
    2.19861139e-003 5.91647287e-004 0. 0. 0. 0. 3.33517902e-002
    2.82331533e-003 0. 1.37277972e-003 1.90760917e-003 0.
    -2.41614573e-004 0. 9.21779033e-003 -4.46990423e-004 0. 0.
    2.93604797e-003 2.40666214e-002 0. 0. 0. 0. 0. 0. 0. 0. 0. 0. 0. 0.
    0. 0. 0. 0. 2.91461521e-003 2.29850807e-003 -2.20212154e-003 0. 0.
    0. 0. 1.21888530e-003 0. 0. 0. 0. 0. -7.06584076e-004
    1.07339909e-002 1.74480630e-003 0. -1.03403734e-004 0. 0. 0. 0. 0.
    1.40278814e-002 0. 2.80712126e-003 1.47133460e-003 6.77721546e-005
    0. 0. 0. 1.52714585e-003 5.10561327e-003 4.89998935e-003
    4.28263750e-003 -3.76730255e-004 1.58224371e-003 0. 4.95968899e-003
    3.16906255e-003 0. 0. 0. 3.98550095e-004 4.76896384e-004
    1.56979833e-003 0. 5.13418904e-003 -1.12614688e-003 4.76989616e-003
    2.15652841e-003 2.91310542e-004 0. 0. 0. 0. 0. 0. 0. 0.
    -1.57930728e-004 4.60595032e-003 0. 0. 1.18986086e-003 0.
    2.79728253e-003 5.17668144e-004 3.73265636e-003 0. -1.14419044e-003
    0. 0. 3.61039420e-003 0. 4.00039338e-004 0. 0. 0. 8.15496664e-004
    1.19132234e-003 0. 0. 0. 0. -6.10533461e-004 -1.00497936e-003
    1.53064658e-003 0. 0. 0. 0. 2.04850710e-003 0. 0. 0. 0. 0. 0.
    -1.13894173e-003 0. 1.91978493e-003 -9.10069677e-004 0.
    5.08622685e-003 0. 0. 5.90714579e-003 0. 1.28418347e-003
    -4.72640968e-005 0. 0. 2.23009544e-003 0. 8.92186072e-003 0. 0. 0.
    -2.97684059e-003 0. 5.14145754e-003 8.89719813e-004 4.97015566e-003
    5.49574476e-003 1.63207459e-003 1.59344811e-003 0. 0.
    2.93718581e-003 0. 0. 8.76079313e-004 0. 0. 0. 0. 0. 0.
    7.14119058e-003 0. 2.03782972e-003 -1.01011654e-003 0.
    -1.02292099e-004 0. 0. 0. 5.67124458e-003 0. 0. 0. 1.53552485e-003
    1.71689561e-003 2.01793131e-003 0. -1.15368073e-003 0. 0.
    1.29171694e-003 0. 0. 0. 4.72668471e-004 0. 1.02375168e-003
    2.63125607e-004 2.31378386e-003 0. 2.19743419e-003 0.
    7.20128650e-004 2.46557593e-003 0. 0. 0. 9.99907148e-004 0.
    6.00582408e-003 0. 0. 0. 2.15994078e-003 6.27324218e-003
    7.62426353e-004 0. 0. 2.67591351e-003 0. 0. 1.22763077e-003
    1.26010217e-002 0. 0. 0. 0. 0. 1.78800197e-003 5.90917841e-003 0. 0.
    0. 0. -2.80925189e-004 0. 0. 0. 0. 2.67472793e-003 0.
    4.42202203e-003 2.26040967e-004 0. 0. -5.54747785e-005
    1.22045213e-003 0. 0. 0. 0. 0. 0. 1.36754080e-003 0. 0.
    2.54735677e-003 0. 0. 2.31889216e-003 3.93446488e-003
    2.31942046e-003 7.99563248e-003 0. 1.42690260e-003 0.
    1.07352086e-003 0. 0. 0. 3.24938097e-003 0. 2.62178876e-003 0. 0. 0.
    0. 0. 3.59411724e-003 0. 0. 9.80791883e-005 -1.18075148e-003 0.
    1.66982098e-003 2.71405699e-003 5.81469270e-004 0. 4.45076311e-003
    0. 0. 0. 0. 1.86219357e-003 0. 9.19558224e-004 0. 0. 1.64162790e-004
    7.86888413e-004 0. 0. 5.69105940e-003 0. 0. 8.92977230e-003 0. 0.
    1.69319822e-003 0. 2.03011394e-003 0. 0. 5.40816167e-004 0.
    1.82475313e-003 0. 0. 0. 0. -8.60550266e-004 0. 8.88776558e-004 0.
    0. 0. 0. 0. 0. 0. 9.63466999e-004 0. 2.98372260e-003 5.16661815e-003
    1.42035438e-004 0. 0. 0. 5.53957140e-003 0. 0. 3.93870799e-003
    7.79748894e-003 0. 0. 0. 2.45148432e-003 2.30894913e-003 0. 0. 0. 0.
    0. 0. 0. 0. 0. 0. 0. 0. 0. 1.98302744e-003 0. 1.83745311e-003 0. 0.
    0. 3.09433928e-003 0. 0. 3.97662865e-003 1.70904270e-003 0.
    7.75701413e-003 0. 0. 0. 0. 3.20249493e-003 0. 5.72047103e-003
    2.26775068e-003 0. 0. 1.62342773e-003 0. 0. 0. 3.45250242e-003 0. 0.
    7.02328654e-003 1.08561572e-003 -1.70838740e-003 0. 4.57184343e-003
    0. 5.83402859e-003 0. -4.81658033e-004 2.69761309e-003 0. 0. 0. 0.
    0. -6.16265112e-004 1.01162912e-003 1.59619760e-003 0.
    3.65452678e-003 0. 0. -9.10492381e-004 0. 0. 2.14327057e-003 0. 0.
    2.25015823e-003 0. 0. 5.75101189e-003 1.68134272e-003 0.
    7.61364214e-003 0. 0. 1.56946003e-003 6.38560066e-003 0. 0. 0. 0. 0.
    0. 7.37285987e-003 6.41634688e-003 0. 1.07816653e-002 0. 0.
    2.03404087e-003 0. 1.83599419e-003 -3.09223338e-004 -1.45974627e-003
    0. 2.71951174e-003 0. 8.89275223e-004 2.60780595e-004 0. 0.
    1.95442676e-003 0. 4.87053214e-004 0. 0. -1.08919543e-004 0. 0.
    3.33039020e-003 6.87466818e-004 0. 7.81911053e-003 -1.18443847e-003
    0. 0. 0. 0. 8.56598926e-005 2.58157821e-003 0. 0. 0. 0.
