<?xml version="1.0"?>
<opencv_storage>
<imageDescriptor type_id="opencv-matrix">
  <rows>1</rows>
  <cols>1000</cols>
  <dt>f</dt>
  <data>
    0. 0. 0. 0. 9.43127729e-004 5.03089139e-003 2.38905195e-003
    -2.03424785e-003 0. 0. 1.40810572e-003 3.90946446e-003
    3.27187800e-003 0. 0. 0. 0. -4.66370373e-004 0. 0. 2.71119224e-003
    -7.37023307e-004 0. 0. 4.60560480e-003 0. 0. 0. 0. 0. 0.
    -8.50261014e-004 0. 2.11482286e-003 6.58251811e-004 0. 0.
    5.58568118e-003 0. -3.57898243e-004 0. 0. 1.17974763e-004
    1.21199405e-002 1.99099118e-003 0. 1.51145703e-003 5.18414099e-003
    0. 0. -6.71199057e-004 1.51051732e-003 -3.31324554e-004 0. 0.
    4.00821492e-003 0. 0. 0. 7.50130275e-003 0. 2.55781622e-003
    2.58985395e-003 0. 0. 0. 0. 0. 0. 3.27785406e-003 0. 3.81672033e-003
    0. 0. 0. 1.92117190e-003 -9.38272045e-004 1.53384043e-003
    -1.77202397e-004 9.77411680e-003 0. 2.33935774e-003 1.51071372e-002
    0. 0. 0. 0. -2.56062741e-003 0. 0. 0. 0. 5.15232432e-006
    -3.15244106e-004 -1.99442240e-003 4.34029062e-004 0. 0.
    3.04646324e-003 0. 0. 0. 0. 0. 0. 0. 0. 3.20672640e-003
    2.68616178e-003 0. 7.77961779e-003 0. 3.09582014e-004 0. 0. 0.
    7.54892942e-004 9.52720456e-003 0. 1.35060155e-003 1.20088365e-002
    0. 0. 0. 3.18062538e-003 1.01239816e-003 0. 0. 0. 0. 0.
    2.60119530e-004 8.80001020e-003 0. 0. 2.38614692e-003
    9.14572156e-004 0. 0. 0. 7.66344718e-004 0. 0. 2.81543937e-003 0.
    4.78145247e-003 0. 0. 0. 2.41615016e-005 1.68677699e-003
    3.11320298e-003 0. 0. 0. -2.43619332e-004 0. 0. 0. 0.
    9.25019104e-003 1.09652767e-003 0. 0. -2.17711739e-003 0. 0.
    2.11351854e-003 0. 0. -1.62795000e-003 4.00695857e-003
    -2.02123169e-003 0. 0. 6.58316677e-003 4.37847106e-003
    1.04659032e-002 0. 2.67932401e-003 0. 3.17933317e-003 0. 0.
    1.47408980e-003 0. 0. 0. 0. 8.89395550e-003 0. 9.35544434e-004
    4.74525569e-003 1.09626271e-003 2.00979016e-003 0. 0.
    3.45482654e-003 0. 0. 8.54286738e-003 0. 1.16336974e-003
    3.15439538e-003 0. 8.05622153e-003 0. 0. 2.26505636e-003 0. 0. 0. 0.
    0. 0. 0. 0. 0. 0. 1.00276491e-003 3.47417896e-003 8.50402343e-004 0.
    0. 2.92036938e-003 0. 6.39812788e-004 0. 0. -1.45995186e-003
    9.66748223e-003 0. 1.03059793e-002 0. 3.73490504e-003 0. 0.
    2.65626889e-003 0. 2.46572983e-003 0. 1.75203511e-003
    7.27911945e-003 0. 0. 0. 2.28011934e-003 8.80347390e-004 0.
    6.99664408e-004 0. 2.71956390e-003 2.48903967e-003 0. 0. 0.
    9.79374629e-003 0. 0. 0. 4.01139492e-003 0. 0. 0. 0. 5.30450465e-003
    0. 0. 0. 0. 7.51719065e-003 1.48172937e-002 0. 0. 1.61304590e-004 0.
    0. 7.85458484e-004 0. -7.68575119e-005 0. 1.69092091e-003 0.
    -5.43348666e-004 0. 3.24189384e-003 0. 4.59130206e-005
    7.96055980e-003 2.34800437e-003 0. 0. 0. 0. 0. 7.08018290e-003
    2.36568088e-003 2.76644342e-003 0. 0. 3.79554415e-003 0.
    1.00915995e-003 0. 0. 3.77544493e-004 0. 0. -2.06092445e-004 0.
    1.93149914e-004 1.63179613e-003 5.50989294e-004 6.36749202e-003 0.
    0. 7.35090673e-003 0. -7.89087615e-004 0. 2.63140723e-003
    8.96185450e-003 2.09403201e-003 -5.14335581e-004 0. -4.13433590e-004
    0. 0. 6.23807404e-003 0. 0. 0. 2.70000682e-003 0. 0. 0. 0. 0. 0. 0.
    0. 0. 0. 0. 0. 0. 3.23690544e-003 0. 1.82403077e-003 0.
    -1.93599728e-004 -4.42944962e-004 0. 0. 0. -7.20623822e-004
    -2.40705282e-004 5.24669141e-003 0. 2.11910512e-002 0. 0. 0. 0.
    8.55975726e-004 0. 0. 0. 0. 0. 5.58893895e-003 -7.01133395e-004 0.
    0. 2.32234393e-004 6.14296831e-003 0. 7.99050613e-004
    6.92229904e-003 0. 0. 4.63662855e-003 0. -2.56916229e-003 0.
    1.61507993e-003 0. 0. 0. 4.59182356e-003 0. 1.65310001e-003 0. 0.
    5.65574272e-003 0. 0. 3.59659526e-003 3.94438347e-003 0.
    -6.74508105e-004 0. 0. 0. 0. 0. 0. -4.63073346e-004 0.
    2.00077659e-003 0. 0. 0. 2.11521750e-003 0. 0. 0. 0. 0. 0. 0.
    2.10306747e-003 0. 5.33811003e-003 2.71507329e-003 0. 0. 0.
    1.19200035e-003 0. 0. 0. -3.63045110e-004 0. 2.51661614e-003 0.
    5.46128117e-003 0. 0. -6.97206357e-004 0. 5.52797969e-003
    8.87007825e-003 1.51043537e-003 0. 0. 0. 0. 0. 0. 4.59244067e-004 0.
    0. -7.26455881e-004 0. 0. 0. 6.73807366e-003 0. -1.38768181e-003
    -3.32608150e-004 3.35558783e-003 0. 1.59676722e-003 5.53638535e-003
    0. 0. 0. 1.88859797e-003 0. 0. 0. 0. 0. 0. 2.26035900e-003
    7.77470786e-003 0. 0. 6.62247231e-003 0. 0. 7.85954646e-004
    3.80510162e-003 2.40717968e-003 0. 0. 1.57247554e-003
    1.56785653e-003 0. 0. 0. 0. 0. 0. 0. 0. 0. 1.43893354e-003 0.
    1.48905604e-003 0. 0. -2.94966856e-003 0. 0. 3.40624154e-003 0. 0.
    0. 0. 4.74511267e-004 2.33017592e-004 0. 0. 0. 0. 0. 1.29088946e-002
    0. 0. 0. 6.20106980e-003 0. 1.50569424e-003 0. 0. 0.
    -2.18644412e-003 0. 0. 0. 0. 0. -1.39405613e-003 -4.35556984e-004
    2.38869386e-003 0. 0. 0. 0. 0. 0. 0. 0. 0. 0. 0. 0. 0. 0. 0. 0. 0.
    3.67269764e-004 1.29133707e-003 0. 0. 0. 0. 1.41520635e-003
    5.60078188e-004 0. 2.46084644e-003 0. 1.79374369e-003 0. 0. 0. 0.
    -6.07018650e-004 0. 0. 0. 0. 0. 1.16543127e-002 1.19102206e-002 0.
    0. 2.21911166e-003 0. 0. 0. 2.52334680e-003 0. 1.46374700e-003 0. 0.
    0. 0. 0. 0. 1.05177546e-002 0. 0. 0. 0. 1.06750112e-002 0. 0.
    -1.81150250e-003 0. 0. 0. 0. 2.83489516e-003 0. 0. 0. 0. 0. 0. 0.
    2.52771511e-004 -2.15717228e-004 0. 1.25402072e-003 0.
    4.77257138e-003 2.44116108e-003 0. 0. 0. 0. 0. 0. 1.96112739e-003 0.
    1.01702157e-002 8.02785566e-004 0. 0. 0. 0. 5.37689636e-003
    -2.46424298e-003 -8.90274823e-004 0. 0. 2.29245983e-003
    -1.09534559e-003 0. 0. 0. 5.66601055e-003 -3.89293215e-004
    1.25293517e-002 5.66526596e-003 2.43517570e-003 0. 0. 0.
    4.37904429e-003 0. 2.39467225e-003 2.33044219e-003 0. 0. 0.
    4.81671414e-005 1.47977518e-002 0. 0. 1.14537301e-002
    9.70113836e-003 1.68676360e-003 0. 0. 7.37050222e-003 0.
    3.01883905e-003 0. 0. 0. 0. 0. 0. 0. 3.16338241e-003 2.98937480e-003
    1.60290219e-003 7.34317722e-003 -6.92753296e-004 -1.79158407e-003
    3.14980070e-003 0. 5.19299740e-003 0. 0. 1.33790821e-003
    1.56106707e-003 -1.56467117e-003 0. 0. 0. 0. 0. 0. 0. 0.
    2.28241272e-003 0. 0. 0. 1.47103367e-003 0. 3.84367959e-005 0.
    3.12842987e-003 0. 0. 0. 0. 0. 0. 0. 0. 0. 0. 0. 0. 0. 0.
    1.99125870e-003 0. 0. 0. 0. 0. 0. 1.02647010e-003 -1.19012757e-003
    0. -1.73289023e-004 0. 0. 0. 0. 0. -2.10407283e-003 0. 0. 0.
    6.53263088e-003 0. 0. 1.72153267e-003 0. -4.90633829e-004 0. 0. 0.
    0. 0. 0. 5.77220868e-004 0. 0. 0. 5.84812136e-003 2.39109900e-003
    3.42380372e-003 0. 0. -3.10430740e-004 0. 0. 0. 0. 0. 0.
    -1.38020236e-003 0. 0. 0. 0. 4.61452361e-003 0. 0. 0.
    1.07218204e-002 2.11339234e-003 0. 0. 0. 0. 0. -1.09446810e-004 0.
    0. 0. 0. 1.06429076e-002 0. 3.17026104e-004 1.00807258e-004 0.
    1.80434820e-003 0. 0. 0. 0. 7.02491542e-003 0. 0. 2.21493421e-003 0.
    0. 0. 0. -8.28299788e-004 -9.75471921e-005 -3.55570321e-003 0. 0.
    3.96835897e-003 2.86899693e-003 -1.68645428e-003 0. 2.40582391e-003
    -6.02586847e-003 3.04306764e-003 0. 1.41097885e-002 6.33066171e-004
    0. 4.59669856e-003 0. 0. 0. 0. 0. 0. 0. 0. 2.66369921e-003 0. 0. 0.
    0. 0. 1.61840729e-002 9.86323575e-004 0. 3.76928109e-003 0. 0. 0.
    1.81155885e-003 0. -2.43408111e-004 0. 0. 0. -1.12064020e-003 0.
    3.05943191e-003 0. 0. 4.70154686e-003 0. 0. 0. -1.29368226e-003 0.
    0. 0. 0. 2.94615608e-003 0. 0. 0. 0. 0. 6.54185715e-004 0. 0. 0. 0.
    5.75528340e-003 0. 3.27426638e-003 0. 0. 8.78394872e-004 0. 0. 0. 0.
    0. 0. 0. 0. 0. 2.81648873e-003 0. 6.11385889e-003 0. 0. 0.
    5.10009297e-004 1.15644978e-003 0. 0. 0. 6.14700606e-003 0. 0. 0.
    6.10733498e-003 0. 0. 0. 0. 4.35357960e-003 0. 0. 5.78507129e-003 0.
    0. 0. 0. 2.41128751e-003 0. 1.48994965e-003 0. 6.14153827e-003 0. 0.
    0. 1.12213823e-003 0. 0. 1.70840474e-003 0. 0. 0. -1.09959894e-003
    0. 9.47341882e-003 0. 0. 2.35229102e-003 0. 7.47214444e-003 0. 0.
    2.21850118e-003 0. 0. 0. 2.96405144e-003 9.88405780e-004 0.
