<?xml version="1.0"?>
<opencv_storage>
<imageDescriptor type_id="opencv-matrix">
  <rows>1</rows>
  <cols>1000</cols>
  <dt>f</dt>
  <data>
    0. 0. 0. 5.88231161e-003 0. 0. 0. 0. -1.53791369e-003 0. 0. 0.
    1.51620421e-003 0. 7.87110161e-003 0. 2.47083372e-004 0. 0. 0. 0. 0.
    2.90449290e-003 0. 0. -5.09683217e-004 0. -1.63009157e-003 0.
    2.78219435e-004 0. 1.40910586e-002 0. 0. 0. -3.38411308e-004 0.
    4.55580465e-003 0. 0. 0. 0. 1.79887109e-003 1.32767577e-003 0. 0. 0.
    3.24541703e-002 0. -1.17346912e-003 0. -4.03889734e-003 0.
    4.42525977e-003 0. 0. 4.92841331e-003 0. 0. 4.83022397e-003 0.
    2.25141048e-004 0. 0. 2.18042787e-002 0. 0. 3.50759574e-003 0.
    6.60324935e-004 0. 0. 0. 7.60425697e-004 4.66581201e-003 0.
    3.33703146e-003 2.88411067e-003 4.24598373e-004 0. 0. 0. 0.
    2.01614085e-003 0. 0. 0. 0. -1.34396236e-004 0. -7.18122828e-005
    -1.38702383e-003 0. 0. 8.69225990e-003 0. 0. 0. 5.70995919e-003
    4.87137819e-003 0. 0. 0. 3.13509745e-003 0. 0. 2.65901373e-003 0. 0.
    0. -1.25682785e-003 0. 0. 0. 0. 0. 0. 1.36689504e-003
    2.10223743e-003 5.55485068e-003 0. 0. 0. 0. 0. 0. 0. 0.
    8.98982491e-003 0. 2.62279483e-003 0. 0. 0. -3.47690802e-004
    1.47473277e-003 3.93332168e-003 -4.42173518e-003 0. 0.
    1.03302300e-002 0. 0. 2.08376045e-003 1.50848107e-004 0.
    -1.72735145e-003 8.55735037e-004 0. 1.37037253e-002 0.
    -7.80368049e-004 0. 2.33204686e-003 3.80463665e-003 0.
    -2.14008754e-003 0. 0. 0. 0. 0. -3.39278532e-003 2.47011799e-003 0.
    4.37894138e-003 0. 0. 0. 0. 0. 0. 0. 0. 6.35212986e-003 0.
    1.44202099e-003 0. 6.37634145e-003 0. 0. 0. -1.84561242e-003 0. 0.
    0. 4.29163687e-003 4.23893193e-003 1.40123535e-003 0. 0. 0. 0.
    3.24260094e-003 0. 0. 0. 9.62762441e-003 0. 0. 0. 0. 0.
    -1.24291272e-003 0. 0. 0. 0. 0. 0. 0. 0. 0. 1.70964340e-003 0. 0.
    1.99924107e-003 7.30054779e-003 0. 1.41668832e-004 5.33948094e-003
    0. 0. 7.75062246e-003 0. 0. 0. 0. 0. -4.39727301e-004 0.
    7.40987074e-004 -2.70121521e-003 2.92430609e-003 0. 0. 0.
    7.07172183e-003 0. 1.29304314e-003 0. 0. 0. 0. 0. 0. 0.
    -7.85710508e-005 0. 0. 7.02497270e-003 0. 3.41671892e-003 0. 0. 0.
    0. 0. 0. 0. 3.01269116e-003 0. -2.00451165e-003 0. 1.82697095e-003
    0. 0. 2.94185127e-003 3.49535909e-003 3.55924340e-003
    2.79110647e-003 2.24866741e-003 6.18433114e-003 0. -1.78870163e-004
    8.47577769e-003 3.98827298e-003 0. 0. 0. -3.86451022e-003
    1.06457656e-003 0. 0. 0. 0. 5.80380298e-003 0. 0. 0. 6.86837174e-003
    0. 0. 1.06913242e-002 0. 0. 3.60990758e-004 3.81590123e-003
    1.21615827e-003 1.17040258e-002 0. 0. 0. 0. 0. 0. -6.69456669e-004
    0. 0. 1.00033544e-003 2.62606307e-003 -7.14943671e-005
    1.67698658e-003 0. 0. 9.46641434e-003 0. 0. 0. 0. 0. 0. 0. 0. 0.
    -1.87026663e-003 1.87246397e-003 1.43774161e-002 0. 0. 0. 0.
    1.81384373e-003 0. 0. 0. 2.12406251e-003 2.86615342e-002 0.
    1.52200204e-003 2.59185932e-003 5.72395104e-004 0. 0. 0. 0. 0. 0. 0.
    0. 0. 0. 0. 0. 0. 0. 0. 0. -2.78039195e-004 -1.82407006e-004 0.
    1.14889677e-004 0. 3.65116796e-003 2.98768631e-003 9.50964284e-004
    0. 0. 3.28736991e-004 1.11587047e-004 0. 0. 2.84376717e-003 0. 0.
    3.31927021e-003 0. 0. 0. -8.02693830e-004 0. 0. 0. 2.40674568e-003
    0. 0. -5.00070688e-004 0. 1.77077334e-002 1.42903742e-003 0.
    1.95512245e-003 3.34573840e-003 0. 0. 0. 0. 3.70503659e-003 0. 0.
    1.35176908e-003 0. 3.74736660e-003 2.86827958e-003 0. 0. 0. 0. 0. 0.
    1.25265424e-003 2.33401835e-004 0. 0. 0. 5.95979951e-003
    7.54087232e-003 0. 0. -3.63824284e-003 0. -6.94416594e-005 0. 0.
    6.84839860e-003 -1.00884691e-003 0. 0. 0. 2.68310774e-003
    6.81134034e-003 5.85758535e-004 0. 0. 0. 0. 0. 0. 0. 0.
    6.95458986e-003 0. 0. -2.05153832e-003 9.36614070e-003
    -2.09738757e-003 0. 2.07107663e-002 0. 0. 0. 0. 3.96226812e-003
    -4.92643681e-004 0. 0. 0. 0. 0. 0. 0. 0. 1.68444740e-003
    3.35237593e-003 0. 6.12581894e-003 0. 0. 0. 0. 0. 3.12478165e-003
    1.58827155e-004 0. 3.29638575e-003 0. 0. 0. 0. 0. 1.59912417e-003
    3.64409317e-003 9.58105142e-004 7.68908765e-004 0. 0.
    2.78723659e-003 0. 6.01147593e-004 4.14343690e-003 0.
    -1.51399069e-003 0. 0. 1.06583338e-003 0. 3.45037365e-003 0.
    -3.41124926e-003 -9.52095899e-004 -2.43929331e-003 0. 0. 0.
    1.03723239e-002 0. 1.09455397e-003 7.85786018e-004 1.20968593e-003
    0. 0. 0. 0. 0. 0. 0. 2.18998967e-003 1.78186840e-003 7.30327656e-003
    0. 5.01246238e-003 0. -2.39488529e-003 8.29912350e-003 0. 0. 0.
    3.90366372e-003 0. 0. 6.37205411e-003 0. 0. 0. 0. 0. 0. 0.
    9.71685571e-004 -3.09252937e-004 2.03305157e-003 0. 0. 0. 0. 0. 0.
    6.63490733e-003 0. 0. 9.12289508e-003 -3.44352960e-003
    2.77462020e-003 0. 0. 0. 0. 1.42094074e-003 0. 1.28350593e-002 0. 0.
    0. 0. 0. 0. 1.30150490e-003 0. 0. 1.40819792e-003 1.16718467e-003 0.
    0. 0. 0. 4.39614709e-003 3.92731791e-003 -1.78105693e-004 0. 0. 0.
    0. 2.09087729e-002 0. 0. 6.44093379e-004 8.66153510e-004
    7.65352335e-004 0. 0. 0. 0. 0. 0. 0. 2.49877572e-003 0.
    6.97289780e-003 0. 0. 0. 0. 0. 0. 4.57019359e-003 0. 0.
    2.83025764e-003 -1.72088901e-003 2.57466966e-003 0. 3.03952117e-003
    0. 0. 7.54704000e-004 0. 4.37516859e-003 0. 0. 0. 0. 6.03001157e-004
    0. 0. 0. 5.00208372e-003 0. 0. 6.73276745e-003 0. 2.95161060e-003 0.
    5.30034013e-004 -1.99691756e-004 0. 0. 0. 0. 7.46687455e-003 0.
    5.13296342e-003 0. 0. 0. 1.15711137e-003 0. 5.70696197e-004
    6.18532882e-004 0. 0. 0. 0. 0. 2.74616200e-003 0. 0. 1.68171874e-003
    2.31893544e-004 -4.03314689e-003 0. -6.06321904e-004 1.89527916e-003
    4.83867200e-003 0. 0. 0. -4.23698104e-004 -2.71775178e-003 0.
    1.01258757e-003 8.81998986e-003 0. 0. 0. 0. 0. 1.77333120e-003
    3.67712183e-003 0. 5.35774138e-003 0. 0. 0. 0. 0. 0. 0. 0. 0. 0. 0.
    -1.34785508e-003 0. 0. 0. 1.52653875e-002 0. -1.22167950e-003 0. 0.
    0. 2.85359146e-003 0. 0. -1.13332947e-003 0. 0. 0. 2.82578240e-003
    0. 0. 0. 4.94399015e-003 0. 0. 1.24303810e-003 0. 0. 0. 0. 0. 0. 0.
    0. 0. 5.48631186e-004 3.40872532e-004 0. 0. 0. 0. 0. 0. 0. 0. 0. 0.
    0. 0. 0. 0. 0. 0. 0. 0. -8.84710927e-004 0. 3.19808954e-003
    3.38991592e-003 0. 0. 0. -2.95817805e-003 0. 0. 0. -8.82108230e-004
    0. 8.31426401e-003 0. 1.79076346e-003 0. 0. 0. 0. -4.86099423e-004
    0. 0. 0. 0. 1.22090173e-003 9.82982107e-004 0. 0. 9.64629231e-004
    8.70971847e-003 0. 2.70077540e-003 4.46937513e-003 0. 0. 0. 0. 0. 0.
    0. 7.02992128e-003 0. -4.74024826e-004 0. 0. 0. 0. 0. 0. 0. 0.
    9.40540631e-004 0. 0. 0. 0. 0. 0. 0. 0. -1.93147198e-003
    3.54513759e-003 0. 6.18536398e-003 0. -1.43316778e-004 0.
    1.17439027e-004 4.28447500e-003 0. 0. 0. 0. 0. 0. 2.63495324e-003 0.
    2.99965497e-003 1.92578207e-003 4.73347754e-004 0. 0. 0. 0. 0. 0.
    7.72288535e-004 0. -7.83195836e-004 1.09056197e-002 0.
    1.35503768e-003 0. -9.99761280e-004 1.46566681e-003 6.52174989e-004
    -5.17748902e-003 0. 0. 0. 0. 2.94349133e-003 0. 0. 3.21149267e-003
    4.62163007e-003 1.44981442e-003 0. 0. -3.25765042e-003 0. 0.
    2.34598527e-003 0. 2.73363874e-003 0. 0. 0. 0. 0. -9.96331917e-004
    7.39103183e-004 0. 4.35300777e-003 4.70554543e-004 0.
    2.10659439e-003 0. 0. 2.02275420e-004 0. 0. 1.07261597e-003
    2.79423292e-003 7.68666435e-003 1.81535934e-003 0. 0. 0.
    1.02164997e-002 1.09274983e-002 0. 0. 0. 6.51798258e-003 0.
    1.48571702e-003 3.19216237e-003 0. 0. 1.03647048e-002
    -1.01400225e-003 0. 0. 0. 0. 0. 2.90535740e-003 -1.38826075e-003 0.
    0. 0. 0. 0. 0. -3.42017482e-003 0. 0. 0. 2.44310056e-003 0.
    1.87786277e-002 0. 0. 0. 9.20030475e-003 6.12506596e-003
    5.11601707e-003 0. 0. 2.85977311e-003 4.44737001e-004 0. 0. 0.
    6.13196939e-003 0. 0. -2.06623902e-003 0. 3.48269846e-003 0.
    2.93397252e-003 0. 0. 0. 0. 0. 0. 0. 6.56521227e-003 0.
    3.67966015e-004 2.21638446e-004 -7.26018989e-005 0. 0. 0.
    2.86916224e-003 0. -1.87899801e-003 -6.96756819e-004 1.32484185e-002
    0. 8.72013718e-003 0. -3.08345450e-004 1.23959640e-003
