<?xml version="1.0"?>
<opencv_storage>
<imageDescriptor type_id="opencv-matrix">
  <rows>1</rows>
  <cols>1000</cols>
  <dt>f</dt>
  <data>
    0. 0. 0. 3.03835073e-003 1.62272318e-003 0. 0. 0. 0. 1.67413475e-003
    0. 3.15053924e-003 0. 0. 0. 0. 0. 0. 0. 0. 0. 0. 0. 0. 0.
    7.47255841e-003 3.19926417e-003 0. 0. 0. 0. 4.19831090e-003 0. 0. 0.
    0. 0. 0. 0. 1.59482309e-003 0. 0. 2.35766289e-003 0. 0. 0.
    3.82622704e-003 0. 1.23439147e-003 0. 0. 1.89776206e-003 0. 0. 0. 0.
    0. 2.70420802e-003 9.05122701e-003 0. 0. 0. 0. 0. 0. 0. 0. 0.
    3.78975575e-003 0. 0. 0. 0. 0. 0. 0. 1.69675995e-003 2.88525433e-003
    0. 0. 2.96202162e-003 0. -8.86779802e-004 4.19694788e-006 0. 0.
    1.21185032e-003 0. 0. 2.63235229e-003 0. 0. 0. 2.42976216e-003 0. 0.
    0. 0. 7.93834124e-003 0. 0. 3.10831238e-003 6.40590396e-003
    4.10537282e-003 1.94762228e-003 0. -2.65258527e-003 4.93476214e-003
    0. 0. 1.15878116e-002 -2.25293497e-005 0. 0. 5.21579059e-003 0.
    9.36064462e-004 0. 5.93149848e-003 0. 0. 0. 0. 6.11776672e-003 0.
    1.11074245e-003 0. 0. 0. 5.23837097e-003 0. 0. 6.56190980e-003
    2.65272683e-003 -1.81415569e-004 0. 0. 0. 0. 0. 3.06368992e-003 0.
    2.63504474e-003 0. 8.75732489e-003 3.49961570e-003 6.58528553e-003
    0. 3.40872561e-003 0. 0. 0. 3.41920322e-003 9.20521002e-003 0. 0. 0.
    0. 0. 0. 0. 0. 0. 0. -2.71051686e-004 0. 1.59963639e-003 0. 0. 0. 0.
    -3.51446308e-003 0. 0. 6.19528419e-006 0. 0. 0. 0. 0. 0. 0. 0.
    -7.15241593e-004 8.14563129e-003 0. 0. 0. 9.29878734e-004 0.
    3.42693552e-003 0. -1.52207073e-003 0. 0. 5.72695630e-003 0. 0. 0.
    0. 0. 0. 0. 0. 2.78368825e-003 0. 0. 1.97358849e-003 0. 0. 0.
    -2.27593537e-003 3.05571710e-003 0. 0. 1.13668432e-003 0.
    7.33746449e-003 0. 0. 6.29070099e-004 1.30099850e-002
    7.31046172e-003 0. 6.40501361e-003 0. -8.91736359e-004 0. 0. 0. 0.
    -9.32832190e-004 0. 4.46705893e-003 0. 0. 0. 7.26429792e-003 0.
    2.85871211e-003 1.97505532e-003 0. 0. 0. -4.34361573e-004
    2.48950254e-003 0. 0. 0. 0. 2.49663019e-003 0. 0. 0. 0. 0. 0. 0.
    5.55853546e-003 0. 0. 0. 3.31968907e-003 1.86987000e-003 0. 0. 0. 0.
    0. 0. 8.49333475e-004 0. 0. -1.87729357e-003 0. 3.75926902e-004 0.
    2.72868853e-003 0. 3.23965587e-003 1.19873998e-003 4.80766466e-004
    0. 0. 0. 0. 4.06254316e-004 0. 0. -6.44672109e-005 0. 0. 0.
    -5.85141592e-004 0. 0. 6.16468349e-003 1.04396977e-002 0. 0.
    3.71590233e-003 3.53239500e-003 6.27337862e-003 2.93304515e-003 0.
    0. 0. 3.35525884e-003 1.21785642e-003 0. 0. 0. 0. 0. 5.82162896e-003
    0. 0. 0. 6.93048351e-004 -8.33589176e-004 0. 0. -1.52308308e-003 0.
    0. 3.87823768e-003 4.61220159e-004 0. 2.63384380e-003
    4.28216672e-003 7.16638518e-003 0. 3.42407450e-003 4.98209731e-004
    0. 0. 3.63435247e-003 -2.10181344e-004 0. 1.57844601e-003
    4.03831853e-003 0. 0. 0. 0. 1.57849712e-003 0. 0. 0. 1.10605848e-004
    0. 0. 4.30499017e-003 0. 0. 0. 0. 0. 0. 0. 0. -6.33997668e-004
    3.65075259e-003 0. 3.48865846e-003 1.47934128e-002 0.
    -1.95643236e-003 0. 8.89160577e-003 6.26168353e-003 2.55854358e-003
    0. 0. 0. 6.34241966e-004 0. 0. 2.29525217e-003 5.17387688e-003 0. 0.
    1.15693721e-003 0. -4.32981085e-003 0. 0. 0. 0. 1.08882347e-002 0.
    0. 3.57670127e-004 -1.55255897e-003 0. 0. 0. 0. 1.52460812e-003 0.
    0. 0. 1.43472280e-003 0. 0. 0. 0. 3.62913217e-003 2.66327453e-003 0.
    0. 4.56105825e-003 0. 1.47097115e-003 0. 0. 5.38174575e-003 0.
    2.42943177e-003 0. 3.92426271e-003 0. 0. 0. 0. 0. 0. 0.
    5.04006352e-003 0. 0. 0. 0. 0. 0. 0. 0. 0. 0. 0. 0. -1.84083718e-003
    0. 4.60255565e-003 0. 4.64846147e-003 4.67388687e-004 0. 0. 0. 0. 0.
    2.79418356e-003 0. 1.92630349e-003 3.88782308e-003 0.
    2.80001061e-003 2.10334244e-003 0. 0. 0. 0. 0. 0. 7.07556726e-003 0.
    0. 0. 0. 9.23320185e-004 0. 0. 0. 0. 6.89892680e-004 3.65014165e-003
    2.72858352e-003 0. 7.67311081e-004 -1.60160905e-003 -3.93752503e-004
    0. 4.16614860e-003 1.34434248e-003 -9.36700322e-004 0.
    2.66928971e-003 0. 0. 3.74019984e-003 0. -1.71434565e-003 0. 0.
    6.40016151e-005 0. 0. 0. 2.08064285e-003 0. 0. 0. 0. 1.34083191e-002
    0. 0. 0. 0. 0. 0. 0. 6.44828752e-003 3.39575321e-003 0.
    1.63378636e-003 0. 0. 4.90330067e-003 5.77834388e-003 0. 0. 0.
    4.79792943e-003 0. 2.74172053e-003 5.97010413e-003 0.
    -1.01184926e-003 0. 0. 0. 2.26448476e-003 4.13539866e-003
    -1.06765749e-003 0. 0. 0. 3.59626347e-003 0. 0. 0. 0.
    2.18461355e-004 0. 4.83707571e-003 0. 4.22438281e-003 0. 0. 0. 0.
    3.09592742e-003 0. 0. 0. 0. 0. 0. 0. 0. 0. 0. 3.87521670e-003
    -2.39831326e-003 8.92333395e-004 0. 0. 0. 0. 0. 3.56681272e-003 0.
    3.24700872e-004 0. 0. 0. 2.51494814e-003 0. 4.77380911e-003
    7.82589428e-003 0. 2.04715319e-003 0. 0. 0. 1.25885056e-003
    6.23669755e-003 0. 0. 6.63418556e-003 4.34135366e-003 0. 0. 0. 0. 0.
    0. 0. 0. 3.36369150e-003 0. 0. 0. 0. 0. 0. 0. 0. 2.99207261e-003 0.
    2.31746095e-003 3.65506462e-003 0. 0. 0. 1.78817427e-003
    3.49230424e-004 0. 0. 0. 0. 1.18901371e-003 0. 0. 0. 0. 0.
    2.40790797e-003 0. 0. 0. 0. 0. 0. 4.42341622e-003 0. 5.26631484e-004
    0. 0. 0. 0. 0. 0. 0. 0. 2.12360546e-003 0. 0. 1.99412834e-003
    2.85550626e-003 0. 0. 0. 0. 0. 0. 0. 7.41536962e-003 0. 0. 0. 0. 0.
    0. 2.53473315e-003 9.31289105e-004 0. 0. 3.69860278e-003
    9.69512679e-004 0. 7.51245301e-003 1.93441680e-004 0. 0. 0. 0. 0. 0.
    0. 0. 0. 0. 0. 0. 0. 0. 0. 0. 0. 0. 0. 0. 0. 0. 0. 0. 0. 0. 0. 0. 0.
    0. 0. 0. 0. 0. 0. 0. 4.08039102e-003 0. -2.38529174e-003 0. 0. 0.
    7.60394707e-003 0. 0. 0. 0. 1.04015530e-003 -2.39961757e-003 0.
    6.52911142e-003 5.11082774e-003 3.16077773e-003 0. 0. 0. 0.
    2.43767141e-003 -7.05410086e-004 3.29052005e-003 0. 0. 0. 0. 0. 0.
    0. 1.15926366e-003 4.44472954e-003 0. 0. 0. 0. 1.10555766e-003
    2.57974316e-004 3.28912633e-003 0. 0. -1.26007316e-003 0. 0. 0. 0.
    0. 0. 6.20479463e-004 0. 0. 0. 5.77507215e-003 0. 0. 1.37999144e-004
    2.79805856e-003 0. 0. 0. 0. 0. 2.83037405e-003 0. -1.41437480e-003
    0. 0. 9.71462671e-003 0. 0. 4.23431443e-003 0. 0. 0. 0.
    4.67670429e-003 0. -1.09924418e-004 1.01184873e-002 8.74004967e-004
    0. 0. 0. 0. 1.77091744e-003 0. 2.96882610e-003 0. 1.93682814e-003 0.
    0. 2.38202838e-003 -1.07193203e-003 9.63611354e-004 1.21291622e-003
    1.03660366e-002 9.53460019e-003 0. 2.37139990e-003 0.
    5.74908638e-003 0. 3.16420873e-003 7.40524894e-003 0.
    6.02200336e-004 0. 0. -6.49392488e-004 0. 0. 0. 0. 0. 0. 0.
    6.60318241e-004 0. 0. 8.66449624e-003 4.82690567e-003 0. 0.
    4.09673806e-003 6.43749302e-003 0. 0. 0. 0. 0. 0. 0. 4.01108013e-003
    0. 0. 1.17269875e-002 -7.56424342e-005 3.66722536e-003
    1.68009766e-003 -1.94052281e-003 0. 7.34968996e-003 0. 0.
    -6.97587675e-004 0. 1.16505502e-002 0. -4.00676159e-003 0. 0. 0.
    6.63592992e-003 0. 2.73211184e-003 5.72758121e-003 1.95613899e-003
    5.66620193e-003 5.65468241e-003 0. -1.15673676e-004 8.81309062e-003
    0. 0. 0. 0. 0. 0. 0. 0. 8.81916191e-003 0. 0. 5.98929171e-003
    1.47906644e-002 0. 0. 0. 0. 0. 5.09868748e-003 1.58806739e-003
    4.13704809e-004 4.82728239e-003 4.72163083e-003 0. 0. 0. 0. 0. 0.
    2.06962181e-003 0. 0. 4.18993039e-003 4.56188293e-003 0.
    9.22252052e-003 1.78743969e-003 2.35339417e-003 0. 0. 0. 0. 0. 0. 0.
    0. 0. 0. 0. 0. 0. 0. 0. 0. 0. 0. 0. 0. 0. 0. 0. 0. 2.95037776e-003
    0. 7.77506409e-003 0. 0. 2.79902830e-003 0. 0. 0. 0. 0. 0. 0.
    -1.32006651e-004 3.83693399e-003 0. -1.74279918e-003 0. 0.
    1.06735644e-003 0. 8.37177678e-004 2.72816257e-003 0. 0.
    3.75803048e-003 0. 0. 0. 4.78080427e-003 0. 0. 0. 0. 0. 0. 0. 0. 0.
    2.22708285e-003 0. -9.40022932e-004 0. 0. 0. 0. 1.61064870e-003
    8.40503536e-003 0. 2.20235111e-003 9.07971710e-003 0.
    2.58560618e-003 4.21107979e-003 0. 1.61829963e-003 2.39144801e-003
    1.43114687e-003 0. 3.96007346e-003 0. 0. 0. 0. 0.</data></imageDescriptor>
</opencv_storage>
