<?xml version="1.0"?>
<opencv_storage>
<imageDescriptor type_id="opencv-matrix">
  <rows>1</rows>
  <cols>1000</cols>
  <dt>f</dt>
  <data>
    0. 0. 0. 0. 0. 0. 0. 0. 7.61444680e-004 0. 0. 4.48078895e-003 0.
    -6.87715656e-004 0. 0. 0. 0. 0. 2.54425360e-003 -6.99383148e-004 0.
    8.70463846e-004 0. 0. 2.94792792e-003 0. 1.73229519e-002
    3.53675173e-003 0. 1.42439045e-002 0. 0. 0. 3.42941331e-003
    5.40044298e-003 0. 2.41100765e-003 3.63079389e-003 4.49244119e-003
    1.09751499e-003 0. 0. -1.81505305e-003 0. 1.18571306e-002 0.
    -2.92819343e-004 3.30128940e-003 0. 0. 0. 0. 0. 0. 4.71421564e-003
    9.69516521e-004 -2.64944672e-003 0. 6.10659306e-004 1.17512131e-002
    1.54898001e-003 0. 4.29055654e-003 0. 1.03709311e-003 0. 0. 0. 0. 0.
    -2.13176478e-003 0. 0. 0. 2.21528066e-003 0. 3.58156953e-003 0. 0.
    1.07669923e-003 4.24008956e-003 0. -1.08774730e-004 0. 0. 0. 0.
    3.39676789e-003 0. 1.35335594e-003 2.41401303e-003 0.
    7.27872923e-003 0. -1.45743915e-003 0. 0. 0. 2.48279446e-003 0.
    -1.81113859e-003 3.24846781e-003 -2.32381583e-003 0. 0.
    2.46734847e-003 0. 0. 0. 0. 0. 0. 5.18785743e-003 6.52018003e-003 0.
    0. 0. 0. 0. 4.38202173e-004 0. 0. 0. 2.07084743e-003 0. 0.
    7.26218661e-003 7.65361916e-003 0. 0. 1.10283531e-002
    2.85060774e-003 0. 0. 3.23876180e-003 0. 0. 0. 0. 9.25247848e-004 0.
    0. 0. 0. 0. 5.80927264e-003 1.17566362e-002 0. 0. 0. 0. 0. 0. 0. 0.
    1.77894451e-003 0. 0. 0. 8.39136541e-004 0. 0. 0. 2.60136300e-003 0.
    0. 0. 2.05683871e-004 1.75767660e-003 0. 1.31382060e-003 0.
    -3.62069288e-004 0. 0. 0. 0. 0. 2.79525272e-003 0. 1.89601851e-003
    0. 0. -2.00399826e-003 0. 2.25651897e-002 0. 0. 0. 0.
    6.40025875e-003 0. 0. 0. 0. 0. 8.92333104e-004 0. 4.91693057e-003 0.
    -3.09605664e-003 2.86756991e-003 -1.11651467e-003 0. 0.
    1.54535624e-003 2.31844210e-003 2.90493853e-003 3.23207304e-003 0.
    0. 0. -3.59368307e-004 0. 3.96473799e-003 0. 0. -4.17041942e-004
    3.59049346e-003 0. 2.94610765e-003 0. 0. 6.88353507e-003 0.
    -9.45064821e-004 3.71654448e-003 5.92644000e-003 0. 0.
    -3.28939501e-003 3.07868561e-003 0. 0. 8.44635128e-004 0.
    9.77557502e-004 0. 2.27520242e-003 4.17226739e-003 0. 0.
    1.08269567e-003 4.17551119e-003 -9.76199936e-003 1.42597277e-002 0.
    0. 6.03379041e-004 0. 0. 3.46585829e-003 0. 0. 0. 0. 0.
    3.07682925e-003 2.05688761e-003 1.64690346e-003 0. 0. 0. 0.
    3.28226970e-003 0. 0. 5.80595667e-003 1.36113120e-003 0. 0. 0.
    5.24951436e-004 0. 0. 0. 0. 0. 0. 0. 2.02203891e-003 0. 0. 0.
    -5.33641200e-004 0. 0. -7.93353713e-004 1.37397763e-003 0.
    5.87866036e-003 0. 0. 0. 7.09741237e-003 0. 7.52582215e-004 0. 0. 0.
    0. 0. 0. 0. 0. 0. 0. 0. -9.21374536e-004 0. 0. 0. 0. 2.27109599e-003
    0. 0. 0. 3.09143495e-003 -8.25411361e-003 0. 0. 2.45283335e-003 0.
    1.90055335e-003 -1.89318450e-003 0. 0. 0. 0. 1.41091982e-003
    3.55008873e-003 0. 0. 2.97449529e-003 0. 2.96381256e-003
    -5.27050230e-004 0. 0. 0. 4.02191561e-003 0. 0. 0. 5.83593408e-003
    6.30004331e-004 2.62518087e-003 0. 0. 0. 2.39810883e-003
    1.94777863e-003 8.48539360e-003 9.04841581e-004 0. 0. 0. 0.
    9.61512676e-004 -1.53250585e-003 0. -8.04172945e-004 4.89027798e-003
    0. 0. 0. 0. 2.54238723e-003 0. 0. 0. 0. 0. 1.85819180e-003 0.
    8.03393684e-003 1.72369531e-003 8.03775992e-003 -1.58257259e-004
    4.36187256e-003 0. 0. 0. 0. 0. 0. 0. 0. 0. 0. 0. -3.99867975e-004 0.
    0. -5.00274962e-003 6.28685020e-003 0. 1.40221103e-003 0. 0.
    -1.47638272e-003 0. 4.21823608e-003 0. 2.22430099e-003 0. 0. 0. 0.
    1.96246547e-003 0. 1.39344146e-003 1.34788651e-003 0.
    3.32259876e-003 0. 3.93630890e-003 0. 0. 2.71780067e-003 0. 0. 0. 0.
    0. 3.22777755e-003 -4.07732703e-004 0. 0. 0. 0. 7.50143407e-003 0.
    0. 0. 0. 0. 0. 0. 0. 0. 0. 7.81278941e-004 0. 0. -1.33025518e-003
    1.03153952e-003 0. 0. 0. 0. 1.17741516e-002 2.40316964e-003 0. 0.
    3.53036769e-004 2.61593377e-003 0. 3.69088445e-003 0.
    3.01775779e-003 2.51106522e-003 4.33883723e-003 0. 2.87666381e-003
    0. 0. 0. 0. 0. 9.00798850e-003 0. 0. 0. 0. 0. 0. 0. 0. 0. 0.
    2.70049763e-003 4.23281128e-003 7.02592172e-003 2.91601592e-003
    7.06346985e-003 0. 0. 0. 8.12346581e-004 -2.24683736e-003
    4.20365669e-003 0. 4.68566781e-003 0. 0. 0. 0. 0. 0. 0.
    1.97984814e-003 6.02487824e-004 0. 0. 0. 0. 7.32274493e-003 0.
    -1.15070623e-004 0. 7.15766742e-004 0. 3.88331246e-003 0. 0. 0.
    6.75258460e-004 5.91359986e-003 0. 0. 0. 0. -2.08492018e-003
    1.28270965e-002 0. 0. 0. 0. 0. 4.84436611e-003 1.89697230e-003
    7.44299870e-003 1.11292128e-003 2.88662530e-004 -1.50324625e-003 0.
    0. 0. 0. 0. 0. 1.37834752e-003 0. 0. 0. 2.91451742e-003
    -5.93895325e-004 5.31446282e-003 3.65924067e-003 0. 4.65413090e-003
    0. 0. 0. 0. -3.24137276e-003 0. 0. 0. 0. 0. 1.44127698e-003
    -2.20223493e-003 0. 0. 0. 0. 2.87593313e-004 -5.93371748e-004 0. 0.
    1.43188983e-003 0. 0. 0. 0. 0. 9.05387476e-003 3.61102656e-003 0. 0.
    0. 0. 0. 9.75753297e-004 -6.44044194e-004 0. 0. 1.89187808e-003 0.
    0. 1.66550733e-003 0. 0. 0. 0. 0. 0. 2.62709521e-003 1.28721425e-004
    3.51565029e-003 0. 4.00325470e-003 1.74564181e-003 0. 0. 0.
    1.75788160e-002 0. 0. 2.28613568e-003 0. 9.80148907e-004 0.
    9.58645530e-003 0. 0. 0. 0. 7.19406002e-004 -5.92781371e-003 0. 0.
    0. 0. 0. 0. 8.24396033e-003 0. 8.99876561e-003 0. 6.24228618e-004
    7.85123929e-003 0. 0. 4.00097994e-003 0. 0. 0. 0. 0. 0. 0. 0. 0. 0.
    0. 0. 0. 0. 0. 7.11241213e-004 1.60182081e-003 5.17753512e-003 0. 0.
    0. 0. -4.05180217e-005 0. 1.75572175e-003 0. 6.32875133e-004
    -7.97544024e-004 0. 0. 3.44350561e-003 0. 5.11788297e-004 0. 0. 0.
    0. 0. 0. 0. 0. 2.76782457e-003 4.00264841e-003 -5.12826082e-004
    7.14996655e-004 0. 0. 0. -9.06211964e-004 0. 0. 0. 0. 0.
    5.24610886e-003 -5.52398385e-003 4.16881125e-003 0. 1.40141312e-003
    0. 0. 0. 2.46739620e-003 0. -4.10111097e-004 0. 0. 0. 0. 0. 0. 0. 0.
    3.62274493e-003 0. 0. 0. -5.59217704e-004 0. 0. 3.25910421e-003
    1.16245123e-003 0. -1.63812866e-003 0. 5.77607006e-003
    2.39359378e-003 -3.48722388e-004 3.40915704e-003 3.82724544e-003
    2.47799931e-003 0. 0. 0. 2.94401590e-003 0. 0. 1.12239213e-003 0. 0.
    0. 0. 1.90359529e-003 0. 0. 0. 0. 0. 0. 0. 3.15962039e-004 0. 0. 0.
    0. 0. 6.72630500e-004 6.57363154e-004 0. 3.72025045e-003 0. 0.
    4.20428626e-003 0. 5.70725836e-003 8.87682836e-004 0. 0.
    1.82996166e-003 2.27067694e-002 2.04756227e-003 2.06321757e-003 0.
    0. 0. 1.69869571e-004 0. -8.82912369e-004 0. 4.50314488e-003 0. 0.
    0. 0. 0. 4.01101634e-003 0. 0. 0. 2.68767052e-003 0. 0.
    4.68751322e-003 0. 0. 0. 1.02880597e-003 1.91322481e-003
    -1.07607641e-003 4.92527941e-003 0. 0. 0. 0. 0. 0. 0. 0. 0. 0.
    6.14963612e-003 6.31731609e-003 0. 0. 0. 0. 0. 0. 6.64276909e-003
    5.32680424e-003 0. 0. 1.39074094e-004 0. 0. 0. 0. 0. 1.24319980e-003
    0. 4.21542535e-003 0. 0. 0. 0. 0. 2.44684378e-003 7.67642923e-004 0.
    0. 0. -2.35514296e-003 0. 0. 0. 0. 0. 9.90655646e-003
    2.25389216e-004 0. 0. 2.30344050e-002 0. 0. 0. 0. 0. 0.
    -1.15371928e-004 2.70036818e-003 0. 0. 0. 9.86272562e-003 0. 0.
    3.75145639e-004 1.02246208e-002 4.88390401e-003 0. 0.
    3.37719475e-003 1.34481117e-002 0. 0. 0. 0. 0. 0. 0. 0. 0. 0. 0. 0.
    0. 0. 0. 4.63967817e-003 0. 0. 0. 0. 1.70041248e-003 1.17286830e-003
    1.56818307e-003 0. 0. 5.63924573e-003 0. 0. -1.14853232e-004 0. 0.
    1.22402981e-003 -1.62636582e-003 0. 0. 0. 0. 3.57022556e-003 0. 0.
    3.46578751e-003 0. 0. 0. 4.91729937e-003 1.83210766e-003
    3.33984569e-003 0. 0. 2.32875929e-003 0. 7.46619934e-003 0. 0.
    1.38087058e-003 0. 0. 4.70822677e-003 0. 0. 5.59128472e-004 0. 0.
    2.23502750e-003 0. 1.20354132e-004 1.75469997e-003 0. 0. 0. 0. 0. 0.
    0. 0. 1.44851522e-003 0. 2.16279831e-003 8.05932097e-003 0. 0. 0.
    5.93390374e-004 2.17139418e-003 0. 0. 6.18620310e-003 0. 0. 0. 0. 0.
    5.59142232e-003 7.25205708e-003 0. 0. 0. 5.42925671e-003 0. 0. 0.
