<?xml version="1.0"?>
<opencv_storage>
<imageDescriptor type_id="opencv-matrix">
  <rows>1</rows>
  <cols>1000</cols>
  <dt>f</dt>
  <data>
    0. 0. 0. 0. 0. 0. 0. 3.20042111e-003 0. 3.04366782e-004 0.
    8.79644230e-003 3.09554045e-004 1.35270308e-003 6.71672169e-003 0.
    9.27423884e-004 2.94188713e-003 7.38741830e-004 0. 4.55668895e-004
    -1.92920433e-003 0. -5.50531608e-004 0. 2.82631116e-003 0.
    1.02274527e-003 2.30746809e-003 1.14181428e-003 3.08939838e-004 0.
    4.01006499e-003 6.93602487e-004 5.73212793e-003 -5.87676943e-004
    -1.88341364e-004 1.17104338e-003 0. 0. 1.58426398e-003 0. 0.
    3.46778915e-003 2.35700607e-003 1.72054849e-003 4.69625322e-003
    7.49052211e-004 3.60937556e-004 5.07364515e-004 0. 0.
    2.38376786e-003 9.05857232e-005 0. 1.00169634e-003 3.24375782e-004
    2.29750783e-003 0. 7.03761296e-004 -1.14399730e-003 3.58329882e-004
    0. 3.05811851e-003 5.27472701e-004 0. 0. 3.55954026e-003
    -1.01679016e-003 1.06192438e-003 2.35411501e-003 1.76828995e-003 0.
    -7.43497745e-004 0. 3.31796077e-003 -3.57335462e-004 4.29311534e-003
    0. 2.70740688e-003 -6.99391414e-004 0. 7.78410351e-003
    -1.56207811e-004 4.02010512e-003 0. 0. 1.99097139e-003
    -2.43268354e-004 0. 0. 0. 1.03851745e-003 -1.34199232e-004 0. 0. 0.
    0. 2.58609100e-004 1.79098896e-003 0. 0. 3.70605523e-003
    -7.16749870e-004 0. -3.12073738e-004 0. 9.91576453e-005
    6.97034877e-003 2.15159147e-003 1.34320522e-003 -2.09317543e-003 0.
    5.18533227e-004 0. 0. 6.18294533e-003 1.70791266e-003
    1.62187760e-004 2.85087712e-003 0. 1.04734558e-003 7.09864078e-003
    9.34408046e-004 1.03250553e-003 0. 3.89209343e-003 1.08502677e-003
    1.10959809e-003 2.08938168e-003 7.60142109e-004 0. 2.10036780e-003
    -4.69438091e-004 8.25345516e-004 0. 0. 0. 1.47671869e-003
    8.01782357e-004 1.42541050e-003 1.48737463e-005 0. -3.00547137e-004
    9.70962108e-004 0. 0. 0. 1.95391686e-003 2.40682159e-004
    2.92565231e-003 -3.97372642e-004 0. 0. 5.16247994e-004
    4.90608299e-003 1.84009119e-003 8.87998962e-004 -5.12176252e-004
    1.50892709e-003 4.61203558e-003 9.32975498e-004 0. 8.05916061e-005
    9.26403969e-004 1.36495964e-003 0. 0. -2.27339115e-004
    1.12413999e-003 5.03084273e-004 0. 1.60270697e-003 1.69116026e-003
    -5.13609906e-004 1.99762449e-004 5.75823244e-004 1.57386356e-004
    -3.27912538e-004 8.86491151e-004 2.66095274e-003 0. 0.
    -1.85460865e-003 0. 1.02572166e-003 3.71642993e-003 -1.36929128e-004
    -1.83128263e-003 1.15851441e-003 8.75685085e-003 -2.82750436e-004
    5.73575450e-003 5.63066162e-004 0. 7.47541781e-004 2.16780158e-004
    1.61916269e-005 3.93420784e-003 2.02449947e-003 2.36210864e-004
    1.50685012e-003 3.27103189e-004 0. 0. 5.69111609e-004 0. 0.
    9.78963682e-004 0. 1.40796066e-003 1.01427358e-004 0. 0. 0. 0. 0.
    4.92113875e-003 3.77967791e-003 -5.21384121e-004 9.43699479e-003
    4.05725976e-003 3.31887597e-004 -2.91843154e-003 0. 7.25657539e-003
    -6.49897673e-004 1.38675130e-003 6.55268261e-004 8.97191814e-004
    1.13887026e-003 2.83120712e-003 1.52760011e-003 0. 9.00850690e-004
    0. 5.35457116e-003 0. 7.07041007e-004 1.17811724e-003 0. 0.
    5.25830779e-003 2.06284109e-003 1.00138702e-003 0. -3.70398833e-004
    0. 0. 3.36129381e-003 6.64097304e-003 9.79767879e-004
    1.28521223e-003 8.39330314e-005 1.92215596e-003 1.98062771e-004 0.
    0. -2.87113362e-004 4.36070230e-004 4.22590791e-004 2.82373599e-004
    -4.01474472e-006 0. -2.71504192e-004 5.50379278e-004 1.53370586e-003
    0. 1.41302205e-003 1.36990263e-003 2.55466835e-003 0.
    4.68914397e-003 0. 7.76030240e-004 0. 1.48218518e-004 0.
    2.43066315e-004 8.04996060e-004 0. 0. 0. 3.04332440e-004
    -4.45275771e-004 3.76710249e-003 3.41601670e-003 1.03827835e-004
    3.09002539e-003 4.12454177e-003 -9.46215223e-005 4.83544020e-004 0.
    0. 1.20327494e-003 9.53589659e-003 -3.89199296e-004 8.27290525e-004
    2.63950718e-003 9.40549653e-004 1.35058700e-003 3.79024219e-004
    7.40168442e-004 2.68249353e-003 5.83628193e-003 0. 0. 0. 0.
    5.44442562e-004 1.74139312e-003 0. 0. -1.19271499e-004
    2.24175630e-003 0. 0. 1.54919020e-004 1.40336587e-003 0.
    -8.29350320e-005 0. 4.29536973e-004 2.77988659e-003 0. 0. 0. 0. 0.
    1.77447894e-003 0. 0. 4.32776147e-003 4.22207057e-004
    1.59897213e-003 -2.63179973e-004 4.98528170e-005 0. 1.11109600e-003
    0. 2.48521985e-003 0. -1.10390443e-004 -3.92514019e-004
    1.79044972e-003 0. -4.51225096e-005 4.21171961e-003 6.43168809e-004
    0. 0. 9.01649240e-004 0. 0. 4.18677181e-003 8.07588361e-003
    2.01626518e-003 1.55485130e-003 3.14751896e-003 0. -2.53396435e-003
    0. -1.01577141e-003 0. 2.98170722e-003 0. 0. -1.14503654e-003 0.
    -2.64836242e-004 3.12612974e-003 -2.39718021e-004 0. 1.90735888e-003
    0. 0. -2.99032952e-004 8.54929152e-004 -5.01758652e-004
    3.28309345e-003 2.62629124e-003 0. 0. -8.85728397e-004 0. 0.
    2.05180235e-003 0. 0. 6.92312897e-004 2.03762866e-005
    4.16207500e-003 5.45441499e-003 8.48591048e-003 9.95633425e-004
    -1.97426154e-004 -5.31049038e-004 0. 1.85620607e-004 0. 0.
    1.83247367e-003 4.51075519e-003 5.70219196e-003 -3.11957818e-004 0.
    0. 0. 0. 0. 3.99665814e-003 0. 1.46248098e-003 4.79688519e-004
    1.51079975e-003 2.55389861e-003 5.26321027e-003 1.63797720e-003 0.
    -3.12024169e-003 0. 1.40651606e-003 1.11054420e-003 -2.10132697e-004
    0. 4.18365980e-003 3.16715636e-003 9.27681918e-004 0.
    1.91879272e-003 1.48903625e-003 4.71573876e-004 1.30652310e-003
    3.23656132e-003 1.36520388e-003 3.48412851e-003 6.02071919e-003
    6.60633727e-004 4.79062786e-004 1.28751260e-003 9.79670906e-004
    -3.10428513e-005 2.44394224e-003 2.76247528e-003 3.44603532e-003 0.
    1.04685861e-003 0. 8.45726696e-004 5.06452983e-003 0. 0.
    2.01860489e-003 0. 0. 2.56061903e-003 9.28677444e-004
    -8.52522324e-004 0. -4.74775006e-004 8.15369654e-004 1.24328781e-003
    2.78416998e-003 4.19842498e-003 3.77934892e-003 6.11862633e-004 0.
    4.48722020e-003 0. 1.29901775e-004 0. 4.69410373e-003
    3.29399714e-004 3.71233234e-003 -2.83152767e-004 0. 0.
    1.22585834e-003 3.22015025e-003 7.10712688e-004 0. 9.08811635e-004
    -1.02600385e-003 3.05884029e-003 2.66149087e-004 0. 3.10572283e-003
    1.07973313e-003 1.81827846e-003 2.55302206e-004 2.70765251e-003 0.
    8.03577132e-004 1.50744908e-003 0. 4.68332088e-004 8.90252995e-004
    3.14286328e-004 0. 0. 1.27372677e-002 5.35298546e-004 0. 0. 0. 0.
    -4.41670330e-004 4.79764957e-003 4.51947236e-003 -7.34470144e-004 0.
    1.33685628e-003 -2.50834506e-003 4.79866518e-003 0. 0.
    2.11766409e-003 -1.04920438e-003 9.82090016e-004 1.46924180e-003
    2.93560472e-004 0. 0. 2.88957916e-003 0. 1.22120522e-003 0.
    4.72305575e-004 3.82729201e-003 0. 4.67770873e-003 0. 0.
    -1.03396589e-004 -4.50312189e-004 3.05045280e-003 5.10441652e-003
    7.22754281e-003 0. 8.16580839e-004 0. 0. 1.68178999e-003
    1.74399768e-003 0. 2.23340699e-003 0. 1.41970741e-004
    2.55499664e-003 4.15203656e-004 0. 5.10606403e-003 5.08374709e-004
    0. -3.32552678e-004 -7.73973239e-004 -4.09993809e-004
    5.70823113e-003 3.61403823e-003 0. 1.68414775e-003 2.15141010e-003
    0. 0. 0. 0. 1.65222329e-004 0. 0. 0. 2.48664292e-003 0.
    2.13018386e-003 -1.20939767e-004 1.34603539e-003 0. 2.22382165e-004
    0. 8.76313192e-004 -7.37864524e-004 -5.43527247e-004 2.77909683e-003
    -2.55692692e-004 4.60353156e-004 3.70482076e-003 5.18387277e-003
    3.02963634e-003 0. 5.98017219e-003 0. 1.02018984e-002
    1.22796209e-003 1.12489899e-004 0. 0. 7.39090785e-004 0. 0.
    -1.27615232e-003 3.32194008e-003 1.57779420e-003 -2.59969477e-003 0.
    -3.18504375e-004 8.83447565e-003 4.57485352e-004 1.77086040e-003 0.
    0. 3.66928522e-003 0. 1.11047283e-003 3.40766250e-003 0. 0.
    1.80724682e-003 -9.84599115e-004 6.02199987e-004 0. 2.42087059e-003
    1.22120880e-004 2.62626959e-003 0. 0. 2.14966713e-003 0.
    1.06285035e-003 0. 2.36329040e-003 -1.63154094e-004 2.06293515e-003
