<?xml version="1.0"?>
<opencv_storage>
<imageDescriptor type_id="opencv-matrix">
  <rows>1</rows>
  <cols>1000</cols>
  <dt>f</dt>
  <data>
    0. 0. 0. 0. 1.01597153e-003 0. -4.72474669e-004 7.32309045e-003 0.
    0. 0. 2.17077453e-004 1.94259023e-003 0. 0. -1.78916333e-003 0.
    3.63603584e-003 5.02316188e-003 2.12146062e-003 1.64599214e-002 0.
    0. 0. 0. 0. 0. 0. 0. 0. 8.69398005e-003 4.96003218e-003
    5.08081773e-003 3.54009941e-002 0. 0. 0. 2.25953452e-004
    2.42701080e-003 3.01229447e-004 0. 0. 6.49894075e-003 0. 0.
    -4.14034061e-004 0. 0. 0. 0. 1.17450848e-003 0. 4.67136779e-005 0.
    0. 9.43866279e-003 0. -2.50960235e-003 0. 0. 1.27099445e-002
    1.72129218e-002 0. 0. -1.08245050e-003 0. 0. 0. 1.74397801e-003
    4.58285073e-003 -1.53179164e-003 2.29233294e-003 0. 0. 0. 0. 0. 0.
    5.98873128e-004 7.36238761e-003 4.80812305e-004 3.14693572e-003
    2.53899139e-003 3.45471385e-003 0. 0. 4.86634765e-003 0. 0. 0. 0.
    -8.94246507e-004 3.46550718e-004 0. 5.55170560e-003 1.52362185e-003
    0. 0. 1.08510093e-003 2.82598659e-003 0. 1.10798597e-003 0.
    2.57178000e-003 0. 2.64094374e-003 0. -7.06934370e-004
    -5.74567355e-003 0. 3.35900276e-003 6.38637412e-003 0. 0. 0.
    4.65075206e-003 6.78073848e-003 5.97155327e-003 0. -3.22315405e-004
    0. -1.50836213e-005 0. 0. 0. 0. -5.44767012e-004 1.01914594e-003 0.
    3.01616360e-003 0. 0. 1.16817968e-003 6.18116045e-003
    7.89216283e-005 0. 1.93107862e-003 0. 0. 0. 0. 2.56543886e-003 0. 0.
    0. 0. 4.46614623e-003 0. 0. 8.76230933e-003 0. 0. 7.61531410e-004 0.
    0. 3.03014647e-003 0. 2.12924066e-003 0. 0. 0. 2.83098686e-003 0. 0.
    4.29731444e-004 0. 0. 0. 4.90902551e-003 1.99404708e-003
    2.21165305e-004 0. 0. 4.75274818e-003 0. 2.61650933e-003 0. 0. 0.
    -1.53340108e-003 7.75585591e-004 0. 4.20142058e-003 -6.66861515e-003
    0. 1.16610492e-003 2.18083058e-003 1.14124850e-003 0. 0. 0. 0.
    5.07723587e-003 -1.10310165e-003 1.31211616e-003 1.18452159e-003 0.
    -5.06339886e-004 0. 9.38745495e-003 0. 0. 1.85073717e-004
    4.24678763e-003 3.48120672e-003 0. 0. 0. 0. 0. 0. 0.
    -8.41436384e-004 -4.32335160e-004 6.41897134e-003 3.31615418e-004 0.
    4.50374652e-003 0. 7.13448157e-004 7.48312887e-005 0. 0.
    -1.35119277e-004 1.93397363e-003 0. 0. 7.41228636e-004
    1.84466853e-003 0. 0. 0. 0. 0. 0. 0. 0. 0. 4.15123440e-003
    -9.91369132e-004 6.84502721e-003 0. 0. 5.92600740e-003 0. 0.
    5.39682433e-003 0. 0. 5.47723321e-004 -1.30371051e-003
    1.95836183e-003 0. 2.85294303e-003 0. -6.58686331e-004 0. 0. 0. 0.
    0. 0. 0. 0. 1.66301418e-003 0. 0. 0. 0. 0. 7.82866310e-003 0. 0.
    9.01311450e-003 1.08588152e-002 0. 4.27172432e-004 0. 0.
    -2.13594339e-003 0. -9.07336245e-004 0. 1.08141440e-003 0. 0. 0. 0.
    0. 0. 0. 0. 0. 0. 1.73517736e-003 -1.36812427e-003 0.
    3.52995680e-003 4.85475408e-004 0. 1.27420889e-003 0.
    1.06667378e-003 2.97667668e-003 -2.73034233e-003 0. 0.
    5.90516580e-003 0. -5.81254950e-004 3.58980079e-003 -1.33415929e-003
    0. -7.04297912e-004 0. 3.74522782e-003 7.10541708e-003
    -6.17731886e-004 0. 0. 0. 0. 5.96762402e-003 5.01247868e-003 0.
    2.85056932e-003 0. 0. 0. 0. 0. 1.29478402e-003 1.01523125e-003
    -2.84529116e-004 0. -9.47276887e-004 -2.17211666e-003 0. 0. 0.
    4.61813388e-003 0. 0. 0. -4.05784580e-004 0. 6.23501197e-004 0.
    5.52233949e-004 0. 0. 1.65821007e-003 0. 1.93948543e-003
    -9.64883948e-004 1.41592602e-006 0. -2.51597987e-004 0.
    7.48375058e-003 2.22222717e-003 0. -1.34576624e-003 0. 0.
    9.35766846e-004 1.76109339e-003 0. 0. -1.90068316e-003 0.
    5.20280621e-004 0. 0. -5.49567165e-004 0. 0. 0. 0. -4.14910587e-003
    0. 0. 0. 0. 0. 0. -1.12611405e-003 0. 0. 0. 0. 0. 3.35700897e-004
    2.45819829e-004 0. 0. 0. 0. 0. 0. 0. 5.60670800e-004 0. 0. 0. 0. 0.
    -1.04045996e-003 0. 0. 0. 0. 0. -2.79356958e-003 2.12381012e-003 0.
    1.71525404e-002 0. 0. 0. 0. 2.05394719e-003 0. 0. 0. 8.73063167e-004
    0. 0. -3.26048990e-004 0. 1.92690245e-003 0. 8.58988054e-003
    1.19737182e-002 6.93524396e-003 0. 1.59050932e-003 3.05849768e-004
    1.33323367e-003 5.12209255e-004 0. 0. 0. 0. 4.80557187e-003 0. 0. 0.
    0. 0. 0. 0. -2.56572408e-003 0. 0. 2.10332824e-003 0. 0. 0.
    5.61782066e-003 -1.36743346e-003 0. 0. 0. 0. 0. 4.72450163e-003
    7.97527470e-003 4.64744429e-004 1.90347910e-003 5.04315691e-003 0.
    -1.24118035e-003 1.69542443e-003 0. -5.78163425e-004 6.91601774e-003
    1.45487743e-003 0. 7.55101617e-004 9.18553676e-004 0.
    -4.50552761e-004 0. 5.68380812e-003 0. 2.27889069e-003 0.
    -8.48613738e-004 0. 0. 3.10909032e-004 0. 0. 0. 1.33269525e-003 0.
    2.12152814e-003 1.63982913e-004 0. 1.78966729e-004 0. 0.
    5.74976497e-004 0. 0. -1.74912740e-004 0. 0. 0. 1.78770057e-003 0.
    3.36010661e-003 0. 0. 0. 0. 3.46680608e-004 4.23124852e-003 0. 0. 0.
    0. 8.09829042e-004 2.67327530e-003 0. 1.71906874e-002 0. 0. 0.
    9.90555715e-003 0. 0. -2.64623523e-004 0. 3.26518109e-003 0. 0. 0.
    2.97864550e-003 0. 3.79124656e-004 0. 0. 0. 0. 1.24944642e-003
    1.22723007e-003 0. 2.30046338e-003 1.06565200e-003 4.19921149e-003
    0. 0. 0. 8.76591017e-004 0. 2.60148547e-003 1.96528924e-003
    1.13563449e-003 0. 0. 7.30558019e-003 0. 0. 1.97901810e-003 0. 0. 0.
    2.68581253e-003 6.50302367e-003 0. 0. 0. 1.18801917e-003 0.
    2.04547476e-002 0. 0. 8.31687637e-003 2.54325056e-003 0. 0. 0. 0.
    1.11829331e-002 0. 0. 0. 0. 1.59341958e-003 0. 5.71080344e-003 0. 0.
    -8.33301514e-004 0. 0. 0. 1.72113313e-003 0. 0. 6.08874811e-003 0.
    2.73308135e-003 0. 1.06450124e-003 2.86500040e-003 0. 0. 0. 0. 0.
    2.25278505e-004 0. 5.98637853e-003 0. 2.14615930e-003 0.
    3.20622139e-003 0. 0. 0. 0. -4.16847790e-004 0. 0. 4.99552675e-003
    1.62393809e-003 0. 0. 8.42987001e-003 4.79019294e-003 0.
    1.30284519e-003 0. 0. 0. 8.80440231e-003 0. 0. 0. 3.21846968e-003 0.
    0. 0. -4.45325801e-004 7.70698674e-003 0. 0. 0. 0. 0.
    1.31373424e-002 0. 3.02368746e-004 -1.13398395e-003 0.
    1.18386117e-003 0. 0. 0. 0. 0. 0. 0. 8.51061661e-004 0. 0.
    1.14368726e-004 0. 0. 1.38142344e-003 0. 0. 0. 0. 0. 0.
    2.72669829e-003 0. 0. -6.20975567e-004 0. 3.03797703e-003
    -1.39037601e-003 0. 3.70602589e-003 0. 0. 0. 4.21664584e-003 0. 0.
    0. 0. 0. 0. 0. 1.35342777e-003 0. 0. 0. 0. 0. 0. 4.63064434e-003 0.
    0. 0. 0. 3.56548536e-003 0. 8.22009891e-003 1.58202287e-003 0. 0.
    -2.41638205e-004 0. 0. 9.22885549e-004 0. 0. 0. 0. 0. 0. 0. 0.
    2.63844673e-002 0. 0. 0. 1.96014903e-003 6.73786411e-003 0. 0. 0.
    1.53292436e-003 0. -1.66468427e-003 4.15434781e-003 0. 0.
    4.59092436e-003 1.34790054e-004 0. 1.56124390e-003 0.
    -1.19833639e-004 0. 0. 0. -8.30398058e-004 0. 0. 1.27961615e-003 0.
    0. 2.10694573e-003 3.70384357e-003 1.30978702e-002 0. 0. 0. 0. 0. 0.
    0. 0. 0. -6.17975165e-005 0. 0. 0. 1.04151329e-003 0.
    -2.78922217e-003 2.81916093e-003 0. 3.10697220e-003 7.24435225e-003
    4.44007246e-003 0. 0. 0. 0. 0. 0. 1.74180279e-003 0. 0.
    1.18384149e-003 0. 1.27191946e-003 -1.59371295e-003 -3.73865914e-004
    0. -9.19209677e-004 2.00399911e-004 0. 0. 1.46884925e-003
    2.20958202e-004 3.15947738e-003 1.88547664e-003 0. 0.
    7.25351041e-003 0. 2.12638453e-003 0. 3.81250097e-003
    5.47090219e-003 0. 0. 2.60239723e-003 0. 2.94002541e-003
    1.10941625e-003 0. 0. -9.72620270e-004 0. 5.27475961e-003 0. 0. 0.
    0. 0. 1.09019259e-003 0. 8.33798782e-004 0. 0. 0. 0. 0. 0. 0. 0. 0.
    0. 1.48158986e-003 3.15167801e-003 0. 0. 0. 0. 0. 0. 0. 0. 0. 0. 0.
    0. 0. 0. 1.39210420e-002 0. 0. 0. 0. 3.97212163e-004 2.01832876e-003
    -3.89015418e-004 0. 8.72311741e-003 0. 8.45358800e-003 0. 0.
    3.03884706e-004 0. -3.14083067e-004 0. 0. 0. 0. 0. -7.30371918e-004
    2.13279692e-003 0. 0. 0. 0. 0. 0. 0. 0. 0. 0. 0. 1.56889379e-003 0.
    1.21243857e-003 0. 0. 0. 0. 0. 0. 0. 0. 0. 0. 0. 0. 0.
    1.17051881e-002 -1.74417126e-003 -3.75429215e-003 9.91511717e-003 0.
    -1.13857945e-003 4.14956873e-003 0. 0. 0. 5.07883588e-003
