<?xml version="1.0"?>
<opencv_storage>
<imageDescriptor type_id="opencv-matrix">
  <rows>1</rows>
  <cols>1000</cols>
  <dt>f</dt>
  <data>
    0. 8.29843059e-003 0. -7.39700685e-004 5.26581705e-003
    4.75291861e-003 0. 0. 0. 4.22612019e-003 0. 0. 0. 0. 0. 0. 0. 0. 0.
    0. 1.97389466e-003 0. 0. 0. 0. 0. 0. 0. 0. 6.59724139e-003 0. 0.
    2.48923386e-003 0. 1.64449180e-003 0. 5.82439406e-003 0. 0.
    1.06741833e-002 0. 0. 0. -1.06508192e-003 2.08358606e-003 0. 0.
    -9.37004341e-004 0. 6.40642690e-003 -5.42114023e-003 0.
    1.32481777e-003 0. 0. 1.21052342e-003 0. 0. 2.14580097e-003
    4.03887033e-003 0. 3.37425922e-003 -3.78172204e-004 6.84094569e-003
    0. 0. 0. 0. 1.48303201e-003 7.56366830e-003 0. 3.18507431e-003 0.
    1.85227417e-003 0. -6.71324844e-004 0. 0. 0. 0. -1.84299482e-004 0.
    6.77454285e-003 0. 6.40496798e-003 -3.57020833e-003 0.
    1.59039441e-003 0. 0. 2.05958495e-003 0. 0. 0. 0. 4.55171423e-004 0.
    1.47972591e-002 4.08565247e-004 0. 0. 0. -6.49413269e-004 0. 0.
    -9.46212211e-004 0. 0. 0. 0. 6.46899221e-003 3.11209541e-003
    6.47270493e-003 0. 0. 1.69195828e-003 0. -8.30483215e-004 0.
    2.24208506e-003 2.66962859e-004 0. 0. 0. 0. 0. 1.06169970e-003
    2.17267661e-003 0. 0. -1.60053861e-003 0. 2.80436617e-003
    2.23616022e-003 0. 1.14120357e-003 0. 0. 0. 0. 9.38825216e-003 0. 0.
    0. 0. -1.64480298e-003 1.28719546e-002 2.07082229e-003
    -6.38456768e-005 0. 0. 2.95225251e-003 1.47165346e-003
    5.36075374e-003 0. 0. 0. 0. 3.66246025e-003 0. 8.55279993e-003
    1.16561120e-003 0. 0. -2.76190345e-003 -1.93967324e-004
    3.37999663e-003 4.12038731e-004 0. -1.39855151e-003 2.37805815e-003
    0. -2.74206628e-003 0. 9.48852766e-003 8.30958714e-004
    1.80440117e-003 0. 0. -2.21835799e-004 0. 1.11571967e-003 0. 0. 0.
    0. 0. 0. 2.78202281e-003 0. 0. 2.86701880e-003 6.81002741e-004
    4.10152337e-004 7.26757012e-003 0. 0. 1.17500657e-002 0. 0.
    2.19121296e-003 0. -1.74617069e-003 6.16574613e-003 0.
    -9.87081221e-005 0. 0. 5.09601319e-003 0. 0. 0. 0. 1.58447062e-003
    0. -4.70646162e-004 2.55164481e-003 0. 0. 0. 0. 3.39379441e-003 0.
    -4.02748119e-003 0. 0. 1.93153857e-003 -1.00132974e-003
    3.25786672e-003 2.30483222e-003 8.33407789e-003 0. 0. 0. 0. 0.
    4.53458494e-003 2.73278449e-003 0. 1.96399982e-003 0. 0.
    -9.76809242e-005 0. 0. 1.31857488e-003 0. 0. 0. 1.79370325e-002
    1.70337944e-003 0. 3.07722320e-003 8.81351717e-003 3.36155557e-004
    1.20447418e-002 2.04177462e-002 9.32157913e-004 0. 0. 0. 0. 0. 0.
    2.35096901e-003 0. 0. 0. 0. 0. 0. -2.34353147e-003 0. 0. 0. 0. 0. 0.
    0. -6.09761511e-004 0. 0. 3.03410715e-003 -1.29113067e-003
    -9.23977466e-004 0. 0. 0. 0. 0. 0. 0. 0. 0. 0. 4.50028660e-004 0. 0.
    9.89091350e-004 0. 0. 0. 0. 0. 6.06764061e-003 0. 0. 0. 0. 0. 0. 0.
    0. 3.26601160e-003 2.53425376e-003 0. 0. 0. 5.71344793e-003 0.
    2.14170897e-003 0. 6.33616187e-003 0. 5.91432722e-003
    -4.05875879e-004 0. 2.87222606e-003 0. 1.99902547e-003 0. 0.
    8.08123685e-003 0. 3.70701239e-003 0. 0. 0. 0. 0. 0. 0. 0.
    3.36000184e-003 0. 1.26624783e-003 0. 5.37821790e-004 0. 0.
    -8.89584364e-004 4.88179084e-003 2.70586787e-003 0. 6.26654539e-004
    -2.53872876e-003 1.52977416e-003 0. 9.63855255e-003 0. 0. 0. 0. 0.
    2.83068256e-003 -2.10006395e-003 0. 0. 0. 0. 0. 0. 0. 0. 0.
    1.07445044e-003 5.42955473e-003 2.39434349e-003 2.05647061e-003 0.
    0. 0. 0. 3.69878346e-003 0. 1.29229843e-003 1.61505537e-003 0. 0. 0.
    2.48103659e-003 0. 1.11249974e-002 0. 1.34082856e-002 0. 0. 0. 0. 0.
    2.44759396e-003 6.26473268e-003 0. 0. 0. 0. 0. 0. 0. 5.67619130e-003
    2.27594888e-003 0. 0. 0. 0. 0. 0. 0. 0. 0. 0. 0. 0. -1.91715639e-003
    0. 4.10032980e-002 4.51696193e-004 2.81393970e-003 3.89745319e-003
    0. 5.06601180e-004 2.32855417e-003 0. 0. 7.49000954e-003 0. 0. 0. 0.
    -7.28990199e-005 0. 0. 3.96071142e-003 1.93953817e-003 0. 0. 0.
    6.44254591e-003 0. 0. 1.04316808e-002 0. 3.14500037e-004
    4.88595245e-003 0. 0. 0. 0. 0. 0. 0. 0. 0. 7.02358899e-004 0.
    2.71595828e-003 0. -9.22658714e-004 0. 0. 0. 0. 0. 0.
    9.44347994e-004 4.98667872e-003 4.00754809e-003 -7.78932357e-004 0.
    5.19829191e-005 0. -2.56624143e-003 0. 1.47632661e-003
    1.26180169e-003 0. 0. 0. 0. 0. 0. 0. 0. 4.57494939e-003 0. 0. 0. 0.
    0. 0. 4.34137741e-003 0. 0. 0. 0. 0. 0. 8.43740359e-004 0. 0. 0.
    5.80162369e-003 0. 0. 0. 0. -7.40193413e-004 0. 6.03036815e-003
    -1.60441140e-003 0. 0. 0. 5.45960246e-003 2.75007868e-003
    -1.18878775e-003 0. 3.88977956e-003 0. 0. 0. 0. 0. 0.
    -6.80426892e-004 -9.56885924e-004 0. 9.63764789e-004 0. 0. 0. 0. 0.
    8.99100036e-004 0. 1.82368699e-003 0. 0. 0. 0. 3.27359256e-003 0.
    3.86605691e-003 0. 0. 9.50715446e-004 -1.69212566e-004 0. 0.
    9.68524371e-004 0. 4.05717501e-003 7.66112329e-003 0. 0. 0. 0. 0. 0.
    3.36518232e-003 2.33149491e-002 0. 3.02424980e-003 0. 0. 0. 0. 0. 0.
    0. 0. 0. 0. 2.45191576e-003 -4.24225302e-003 1.29194492e-002
    1.62087835e-003 0. 0. -3.14552663e-003 1.61538995e-003 0. 0. 0. 0.
    0. 0. 0. 0. -2.13063540e-004 0. 6.53611077e-003 0. 0. 0.
    3.30610014e-003 0. 1.26378599e-003 0. 0. 0. 5.34075499e-003 0. 0. 0.
    0. -7.71060179e-004 0. 0. 0. 0. 0. 0. 0. 1.97151559e-003 0. 0. 0.
    1.55524386e-003 -1.10020698e-003 0. 0. 0. 0. 2.30424781e-003 0. 0.
    0. 0. 0. 0. 0. 0. 0. 0. 0. 0. 2.92110257e-003 0. 2.00416148e-003 0.
    0. 0. 3.25980538e-004 -2.08510319e-003 0. 9.71834117e-004 0.
    -1.94023189e-003 0. -9.42421961e-004 0. 6.45128079e-003
    3.29615228e-004 0. -8.43128073e-005 0. 0. 0. 2.19697412e-003 0. 0.
    6.24262448e-003 0. 0. 0. 0. 0. 4.51970519e-003 0. 1.54745311e-003 0.
    8.75159283e-004 0. 1.74696110e-002 -2.88861827e-003 0.
    -6.61790255e-004 -3.09775886e-003 0. 0. 0. 0. 0. 2.36407481e-003 0.
    0. 0. 0. 1.58341380e-003 -1.46319647e-003 1.13708163e-002 0. 0. 0.
    2.26622936e-003 0. 0. 0. 0. 0. 0. -9.13603290e-005 6.36137230e-003
    2.33538784e-002 8.87870148e-004 0. 1.71376131e-002 0. 0. 0.
    2.77655898e-003 0. 0. 7.39060808e-004 4.11955174e-003 0. 0. 0. 0. 0.
    0. 0. 0. 1.18881697e-003 7.31053855e-003 0. 2.35953034e-004 0. 0.
    1.81480485e-003 0. 0. 0. 0. 0. 0. 4.78194468e-003 0. 0. 0. 0. 0.
    1.29829836e-003 0. 3.62824718e-003 0. 0. -7.59766670e-004 0. 0. 0.
    2.74693873e-003 0. -1.39974430e-003 0. 0. 0. 0. 0. 0. 0. 0. 0.
    5.32919727e-003 0. 0. -1.81921688e-003 0. 8.28528602e-004 0.
    8.39422643e-003 1.42309256e-003 0. 6.36108685e-003 0. 0.
    -8.43905960e-004 0. 0. 0. 0. 9.17394820e-004 2.15240550e-004
    3.78837134e-003 -1.04963256e-003 0. 2.77465180e-004 2.71985726e-003
    0. 0. 0. 0. 0. 0. 1.43837545e-003 -1.07764988e-003 3.10372165e-003
    0. 0. 0. -7.46100326e-004 2.01391848e-003 2.15139333e-003
    1.37640780e-003 0. 0. 0. 0. 0. 0. 0. 0. 0. -2.12120381e-003 0. 0.
    1.44345581e-003 7.12674484e-003 7.30033126e-003 4.82972187e-004 0.
    5.14033018e-003 0. 0. 0. 0. 0. 0. 0. 0. 0. 3.58887296e-003
    4.31524677e-004 0. 4.32585552e-003 0. 0. 0. 0. 0. -1.35836645e-003
    -4.70913859e-004 0. 3.39987804e-003 0. 0. -3.19334766e-004 0.
    6.34595565e-003 0. 1.98152382e-003 0. 0. 0. 0. 1.02531891e-002 0. 0.
    2.19895883e-004 0. 0. 0. -4.24391939e-004 5.24766883e-003 0. 0. 0.
    0. 0. 1.37346389e-003 -2.19394639e-003 1.00683644e-002
    1.57114584e-003 0. 0. 0. 1.56560948e-003 0. 0. 0. 0. 0. 0. 0. 0.
    1.29154080e-003 -7.84662145e-004 0. 0. 0. 0. 1.03875434e-004 0.
    -8.17890104e-004 4.06052545e-003 1.34732155e-002 -3.15581588e-003
    9.40233702e-004 0. 6.05360896e-004 0. 0. 0. 0. 4.36308701e-003
    2.10936163e-002 0. 1.82199839e-003 0. 1.98702910e-003 0.
    1.79453244e-004 -4.48116771e-004 4.63352335e-004 0. 0. 0. 0. 0. 0.
    2.24263011e-003 0. 0. 0. 0. 0. 0. 0. 0. 6.64480904e-004 0. 0. 0. 0.
    -1.56540319e-003 0. 0. 0. 4.84865811e-003 6.61701895e-003 0. 0.
    -3.09225696e-004 3.65452189e-003 1.58720545e-003 7.19934329e-003 0.
    0. 0. 0. 0. 0. -3.15588294e-003 0. 0. 0. 0. 0. 0. 0.
