<?xml version="1.0"?>
<opencv_storage>
<imageDescriptor type_id="opencv-matrix">
  <rows>1</rows>
  <cols>1000</cols>
  <dt>f</dt>
  <data>
    1.03550153e-002 0. 1.69631024e-003 0. -1.08983368e-003
    5.53766091e-004 0. 2.10438878e-003 5.36080101e-004 2.56115408e-003
    0. 2.42718053e-003 0. 0. 3.36733973e-003 0. 0. 5.15770679e-003 0.
    -6.22832507e-004 6.54010428e-003 0. 0. 4.41884296e-003 0.
    1.97165224e-004 0. 2.28806632e-003 0. 1.03111588e-003 0.
    4.13801870e-004 1.37515436e-003 0. 0. 0. 0. 0. 0. -4.37817398e-005
    0. -2.47264223e-004 0. 1.12418109e-003 -3.05414986e-004 0. 0.
    5.58876956e-004 0. 3.79348383e-003 0. 0. 0. 0. 7.78437825e-004
    3.47826601e-004 0. -1.65889401e-003 1.79020583e-003 0.
    3.92097048e-003 0. 0. 0. 0. 6.26990711e-003 1.00029155e-003
    3.05424491e-003 0. 5.63369598e-004 0. 1.26310170e-003
    5.21730864e-003 2.05837702e-003 0. 4.02845256e-003 7.52030232e-004
    5.77536179e-004 1.33462006e-003 7.54111970e-004 1.87933576e-004 0.
    0. 0. -1.21742582e-004 0. 5.47203002e-003 1.73121858e-002 0.
    1.66142220e-003 2.52340129e-003 0. 9.74206079e-004 7.48708437e-004
    5.97619219e-004 0. 3.40083148e-003 0. 1.36729504e-003
    1.16307391e-002 0. 4.61635832e-003 0. 0. 3.38016980e-004
    -4.23543068e-004 0. 0. -8.30696488e-004 3.20649426e-003 0. 0.
    3.22553655e-003 9.25988570e-005 5.09367185e-003 0. -5.34427410e-004
    1.65696326e-003 3.41835344e-004 6.72469428e-003 0. 0. 0. 0. 0.
    1.42348034e-003 9.81016899e-004 0. 6.16279338e-003 5.77888172e-003
    2.78349384e-004 5.44550770e-004 4.67482714e-005 8.95411521e-003 0.
    0. -2.10549124e-003 0. 0. 0. 9.81637742e-004 0. 7.44940189e-004
    -1.04673370e-003 0. 0. 0. 0. 7.18656112e-004 0. 7.32837594e-004 0.
    0. 0. 2.41934508e-003 0. 4.38125525e-003 1.05683180e-003
    9.25654196e-004 3.54896067e-003 1.89761515e-003 1.96571164e-005
    2.06500711e-003 0. 0. 4.59280843e-003 5.67139185e-004 0.
    -1.10507966e-003 -5.14008978e-004 3.14783840e-003 0. 0.
    5.60163055e-003 1.07227440e-003 1.96615071e-003 -6.02333050e-004
    5.82773378e-003 0. 6.47137873e-004 4.82952967e-003 3.93078709e-003
    4.50357271e-004 1.14868192e-006 0. -2.01604111e-004 0. 0. 0. 0. 0.
    0. 4.72684536e-004 2.81145214e-004 3.22832773e-003 0.
    2.04735217e-004 6.95500814e-004 2.85015849e-004 0. 0.
    5.60765504e-004 0. 0. 4.12495720e-004 0. 0. 1.21516478e-003
    6.41960138e-003 2.53689708e-003 -1.32249930e-004 -1.73181435e-003
    4.74662567e-003 1.51869201e-003 0. 0. 0. 0. 6.43641315e-003 0. 0.
    3.21601727e-003 5.90888830e-003 3.84858955e-004 3.12763592e-003
    2.16613102e-004 1.28973415e-003 5.50134853e-003 0. 0. 0.
    5.89096965e-003 0. -1.82756875e-003 1.94933836e-003 4.34578815e-003
    1.10427467e-002 4.50340100e-003 0. 3.74050508e-003 0.
    5.03060361e-003 -2.03106931e-004 0. 0. 1.23858238e-002 0. 0.
    7.23232573e-004 7.77158886e-004 -3.20844323e-004 1.14146539e-003
    1.31381850e-003 1.08699675e-003 0. 0. 0. 0. 0. 2.34745420e-003
    -1.34257390e-003 1.37705251e-003 0. 0. 6.38797996e-004 0.
    2.00843788e-003 2.83763534e-003 1.18182471e-003 1.46616681e-003
    1.92996173e-003 0. 0. 0. 0. 0. 4.56646178e-003 1.68190349e-003
    1.09325408e-003 1.00965973e-003 -9.71042726e-004 0. 0. 0. 0. 0. 0.
    4.69670253e-004 0. 0. 0. 3.39865754e-003 4.96604899e-003
    8.36334075e-004 0. -3.42474319e-004 0. -1.46385538e-003 0. 0.
    7.87360780e-003 4.27348586e-003 0. 0. -2.98645882e-005 0. 0. 0. 0.
    -9.07788984e-004 9.18836391e-004 1.16570329e-003 8.95065838e-004 0.
    -2.93806021e-004 2.26567543e-004 0. 0. 1.75464083e-003
    3.43645253e-004 8.12488026e-004 0. -5.42265712e-004 0.
    1.61292194e-003 0. 1.27796421e-003 0. 0. 3.71022121e-004 0. 0.
    1.32342940e-003 0. 6.35295510e-005 9.77325602e-004 1.31793576e-003
    4.83691227e-003 0. 0. 7.40226824e-003 0. -2.53876060e-004 0.
    1.18964550e-003 0. 1.54379319e-004 0. 6.03072578e-003
    9.87922307e-004 4.31990298e-003 -4.49735584e-004 7.62794865e-004 0.
    1.60029146e-003 1.10491610e-003 0. 0. 1.13328535e-003
    1.28185248e-003 0. 0. 3.11307267e-005 -1.30359665e-004 0. 0. 0. 0.
    2.85673002e-003 0. 0. 2.19378714e-003 0. 0. 0. 0. 0. 0.
    1.73667737e-003 1.88659236e-003 0. -2.54356157e-004 1.25992869e-003
    0. 0. 0. 0. -2.62410904e-004 0. 1.81485841e-003 0. 0. 0.
    3.51837254e-003 0. 0. 0. 3.84799228e-003 0. 0. 0. 0. 4.95608989e-003
    9.09409660e-004 0. 2.40739156e-003 4.16574068e-003 0.
    -6.01592183e-004 5.94892260e-003 1.37424388e-003 0. 0. 0.
    1.52078329e-003 2.74999253e-003 9.63365601e-004 0. 0.
    4.81400202e-004 0. 9.01066756e-004 2.58756266e-003 0.
    1.03627436e-003 1.00388443e-002 0. -3.69834132e-004 0. 0. 0.
    1.14654126e-002 -2.92328768e-004 -1.43414960e-004 0. 0.
    3.73817096e-003 0. 0. 2.38855253e-003 2.63513590e-004 0.
    -6.46440545e-004 0. 1.36360712e-003 0. 0. 0. 3.50853172e-003 0.
    4.43347148e-004 0. 0. 2.24335142e-003 0. 0. -1.94037321e-003 0. 0.
    4.35498450e-003 0. 0. 1.36864884e-003 0. 5.68136515e-004 0. 0.
    8.26600532e-004 0. 0. 5.14244009e-003 3.65936686e-003 0.
    1.22835103e-003 2.67288857e-003 2.06632959e-003 0. 0. 0.
    3.43969301e-003 1.09942863e-003 0. 0. 0. 0. 0. 0. -2.10045881e-004
    1.83093781e-003 4.95576253e-003 0. 1.81109796e-003 0.
    1.09385571e-003 0. 0. 0. 0. 0. 0. -3.11262417e-003 0.
    5.62603585e-003 0. 0. 1.86681643e-003 4.95721959e-003 0.
    5.80254942e-004 1.93114637e-003 1.26461623e-006 2.80588167e-003 0.
    0. 1.85732194e-003 3.92358145e-003 1.49447541e-003 0. 0.
    5.45756053e-003 0. 0. 0. 0. -3.16031626e-004 0. -3.12252698e-004
    -2.65170122e-004 0. 8.19803402e-003 8.91315006e-003 3.80025245e-003
    5.34737576e-003 2.17687245e-003 3.58716864e-003 0. 2.30026967e-003
    0. 0. 0. -5.01911447e-004 0. 4.17749863e-004 0. 0. 3.32251331e-003
    3.97510314e-003 9.53073613e-003 7.74921791e-004 0. 0.
    1.64012378e-003 4.66737896e-004 1.45718886e-003 0. 5.38034039e-003
    0. 0. 8.06813408e-003 3.09810718e-003 0. 3.27309687e-003 0.
    3.23118176e-004 2.75845663e-003 0. 0. 1.33582798e-003 0. 0.
    1.87273242e-003 0. -7.98209978e-004 0. 0. 5.75921778e-003
    -2.07259948e-003 0. 5.00254799e-003 0. 0. -1.98299601e-003 0.
    5.27747208e-003 -9.05230117e-004 0. 1.31455378e-003 2.73834827e-004
    0. 0. -5.14776388e-004 0. -6.42148603e-004 3.56032077e-004 0. 0. 0.
    -2.41625952e-004 1.66689372e-003 1.02973683e-003 2.33700848e-003
    -1.20062707e-003 7.34242843e-004 5.12443949e-004 4.66236670e-005
    1.28776731e-003 0. 0. -5.81922533e-004 1.03645539e-003 0. 0. 0.
    5.25842467e-003 0. 3.45170079e-003 0. 0. 0. 0. 6.74973940e-004
    6.81081205e-004 0. 0. 0. 0. 1.82836098e-004 5.73970890e-003
    1.17901678e-003 0. 0. 3.88842833e-004 0. 0. 0. 0. 1.74025586e-003 0.
    9.42894781e-004 5.12264320e-004 5.48293628e-003 3.66930501e-003
    1.26408906e-006 0. -1.21824734e-003 0. 0. 1.00025050e-002 0.
    -6.10681891e-004 0. 0. 0. 2.00432818e-003 0. 0. 0. 2.91500357e-003
    3.04679223e-003 4.18707961e-004 1.94246578e-003 0. 0.
    2.54735490e-003 1.17048924e-003 1.00546912e-003 0. 2.29085004e-003
    0. 3.23526026e-003 0. 0. 0. 3.97181371e-003 1.42528221e-003 0.
    1.90604373e-003 0. 0. 2.46298942e-003 0. 1.10101153e-003 0.
    4.92464867e-004 1.28208206e-003 2.97986250e-003 5.58838830e-004 0.
    0. 0. 0. 2.85301427e-003 0. 4.03393904e-004 2.01699859e-003 0. 0. 0.
    0. 1.62098184e-003 0. 0. 0. 0. 0. 0. 4.68082214e-003 0.
    3.23384837e-003 0. 3.53270024e-003 0. -3.32213385e-004
    1.91197847e-004 0. 4.62091994e-003 -1.65908854e-003 0.
    7.80258467e-003 0. 1.35195134e-002 0. 0. 0. 0. 2.71591963e-003 0.
    5.47343167e-003 0. 0. 2.10090121e-003 0. 0. 0. 3.80405504e-003
    7.32455956e-005 -4.84089469e-005 0. 0. 0. 1.66685332e-003 0. 0.
    -1.15388038e-003 0. 0. 2.12037237e-003 0. 0. 0. 0. 0. 0.
    1.24323659e-003 0. 0. 1.00871385e-003 0. 7.91424129e-004
    8.86877067e-003 0. 0. 1.76256086e-004 0. 2.14552085e-004 0. 0.
    1.19409477e-003 2.74869194e-003 -7.67104893e-007 -1.72390114e-003
