<?xml version="1.0"?>
<opencv_storage>
<imageDescriptor type_id="opencv-matrix">
  <rows>1</rows>
  <cols>1000</cols>
  <dt>f</dt>
  <data>
    0. 0. 1.07188709e-002 3.53532145e-003 0. 0. 2.15807487e-003
    6.39931858e-003 0. 0. 0. 3.02846427e-003 0. 0. 0. 0. 0. 0. 0.
    2.18241522e-003 -1.16150326e-003 4.98714158e-003 0. 0. 0.
    3.72352800e-003 0. 0. -7.20507756e-004 0. 0. 5.23829320e-003 0.
    7.56921712e-004 0. 1.75920792e-003 1.19767699e-003 0.
    2.62740604e-003 0. 0. 0. 0. 0. 3.50816641e-004 0. 1.35672744e-003
    2.25481391e-003 2.73106946e-003 3.18141514e-003 0. 0.
    1.64864573e-003 -3.77219287e-003 1.44638121e-003 0. 1.40106829e-003
    0. 0. 0. 1.28653308e-003 9.01044533e-003 0. 0. 0. 0. 0.
    2.52564833e-003 0. 0. 3.48283281e-003 1.00374117e-003 0. 0. 0.
    3.48400761e-004 0. 0. 0. 4.59862454e-003 0. 2.06908747e-003 0. 0. 0.
    0. 0. 1.38815888e-003 -1.87139362e-004 0. 4.22048644e-004 0.
    6.14017423e-004 4.66994848e-003 -3.54769058e-004 5.34769322e-004 0.
    0. 1.80917664e-003 0. 0. 0. 0. 5.76029113e-003 1.01598259e-003 0.
    1.53352565e-004 0. 0. 6.43730816e-003 1.09068851e-003 0. 0. 0. 0. 0.
    -9.89959808e-004 0. -1.15056592e-003 2.89690169e-003 0. 0. 0. 0. 0.
    2.40602274e-003 0. 1.37829850e-003 -2.87236250e-003 0.
    2.81823159e-004 0. 2.16354500e-003 0. 2.83310143e-003 0. 0. 0. 0. 0.
    0. 0. 6.29117293e-003 0. 2.31783860e-003 0. -3.16174992e-004 0. 0.
    2.24085851e-003 0. 8.84711510e-004 0. 0. 0. 0. 0. 0. 4.04675404e-004
    0. 0. 3.54439113e-003 -7.40504940e-004 0. 7.12919515e-004
    5.16334036e-003 2.88102613e-003 2.08935793e-003 0. -8.51051707e-004
    0. 0. 0. 0. 0. 0. 0. 0. 0. -1.20000230e-004 0. 7.40389150e-005
    -2.37624603e-003 1.00718683e-003 1.60148973e-003 2.09413166e-003 0.
    -1.34434071e-004 0. 0. -1.05404307e-003 9.15608089e-003
    2.30934564e-003 3.55547550e-003 9.85071179e-004 0. 0.
    6.01042481e-003 7.61355180e-003 0. 1.77416927e-003 1.66196271e-003
    0. -8.45312970e-005 0. 0. 0. 0. 2.12654192e-003 0. 0.
    1.96102844e-003 0. 0. 1.08276037e-002 1.69390964e-003
    -9.08365299e-004 0. 0. 5.12502436e-003 0. 0. 5.84331295e-003 0. 0.
    0. -5.31242345e-004 0. 6.29439251e-003 1.50370842e-003
    3.10935033e-003 0. 0. 1.56595819e-002 0. 0. 0. 3.94055946e-003
    3.14888521e-003 0. -3.20818741e-004 0. 0. 0. 3.05654074e-004
    1.43567554e-003 0. 0. 0. 0. 2.41717510e-003 -1.32050330e-003 0. 0.
    0. 0. 3.99818271e-003 0. 0. 7.01096002e-003 6.45250361e-003 0.
    9.89616616e-004 0. 0. 0. 4.56883397e-004 0. 0. 0. 0. 0.
    2.24695122e-003 0. -1.85729144e-003 0. 0. 0. 7.10442057e-003
    1.48133270e-003 0. 0. 0. 0. 0. 0. 0. 0. -1.30157615e-003
    5.07211685e-003 0. 0. 0. 1.72892425e-004 0. 5.56456577e-003 0. 0. 0.
    0. 0. 0. 0. 2.49685580e-003 0. 0. 3.73996538e-003 0. 0. 0. 0. 0. 0.
    0. 0. 2.33524689e-003 7.23087415e-003 0. -2.54257862e-003
    -4.30392538e-005 0. 0. 0. 0. -2.58859101e-004 1.69438031e-003
    -5.65907045e-004 0. 0. 6.49518101e-003 0. 0. 0. 9.40327719e-003 0.
    0. 8.00235011e-003 -4.22587065e-004 0. 8.39419849e-003 0. 0.
    -2.15752632e-003 0. 0. 0. 0. 0. 0. -7.64733122e-005 0.
    6.56804396e-003 1.31584168e-003 0. 4.96152742e-003 0. 0. 0. 0.
    -9.11583411e-005 0. 2.37604324e-003 -2.46801041e-003 0.
    1.98905868e-003 1.25950179e-003 0. 0. 0. -8.57775274e-004
    2.37193843e-003 0. 0. 0. -7.14144320e-004 3.19344131e-003 0. 0. 0.
    0. 0. 0. 0. 0. 0. 0. 0. 0. 0. 0. 0. 0. 0. 0. 0. -5.73961483e-003
    8.49081296e-003 2.23346148e-003 0. 0. 0. 3.94936651e-003
    1.68861484e-003 6.44568529e-004 0. 3.51658673e-003 0.
    -4.00874589e-004 1.34125352e-003 9.21018305e-004 6.21019339e-004
    2.12788628e-003 0. 0. 0. 0. -3.10263457e-003 3.35223536e-004 0.
    2.12948280e-003 0. 0. 0. 4.66755964e-003 0. 0. 2.42523826e-003 0. 0.
    -1.99645362e-003 0. 0. 1.18313441e-002 8.45282990e-003 0.
    3.34491394e-003 6.01234334e-003 0. 0. 9.42766492e-004 0. 0.
    9.04490054e-003 0. 0. 0. 3.27294460e-003 1.63409184e-003 0. 0. 0.
    -9.03159089e-004 2.99227796e-003 3.53838457e-003 0. 0. 0. 0. 0. 0.
    1.77951693e-003 0. 1.11805194e-003 1.54504774e-003 0. 0. 0. 0. 0. 0.
    0. 0. 0. 4.43618465e-003 0. 0. 1.07323460e-004 2.71049305e-003 0.
    2.20571109e-003 0. 0. 2.73166411e-003 0. 0. 0. 7.43967074e-004 0. 0.
    0. -1.17695170e-004 0. 0. 0. 2.42533837e-003 0. 0. 0.
    4.54133318e-004 0. 2.12990190e-003 5.34537202e-003 1.08056674e-002
    0. 1.62488734e-003 2.67833262e-003 0. 5.47926000e-004 0.
    5.33094443e-003 0. 7.49277277e-003 -1.56816992e-003 0. 0.
    1.60210510e-003 1.25648035e-002 0. 1.88200304e-003 3.19543411e-003
    0. -1.26720013e-004 2.88827519e-004 5.63155394e-003 3.20854224e-003
    4.90432885e-003 0. 0. 0. 3.34052718e-003 0. 0. 1.79723289e-003
    1.88547955e-003 0. 0. 0. 4.56207944e-003 0. 0. 0. -3.23024765e-003
    1.85945467e-003 -3.43276741e-004 0. 7.00104516e-003 0. 0.
    1.70499820e-003 0. 0. 0. 5.81021130e-004 0. 0. 3.46541544e-003 0. 0.
    -2.02158815e-003 0. 1.21641681e-002 0. 3.03596351e-003 0. 0.
    1.26412744e-003 0. 0. 0. 8.53484264e-004 0. 6.25910144e-003
    2.71550682e-003 0. 0. 0. 0. 3.42600280e-003 3.39515763e-003
    1.12287793e-002 0. 0. 3.51040880e-003 -6.34185853e-004 0. 0.
    3.13237449e-003 1.15192989e-002 0. 0. 0. 0. 0. 0. 1.82985724e-003
    2.43621645e-003 0. 5.40542696e-003 0. 0. -2.54891027e-004
    5.04012965e-003 1.21683162e-003 0. 3.77037143e-003 0. 0. 0. 0. 0.
    6.66119112e-003 -2.23528361e-004 1.61899766e-003 0. 0. 0. 0.
    -4.94173401e-005 5.50440105e-004 0. 0. 2.15694145e-003
    2.61457893e-003 0. 3.65623599e-003 -3.04239162e-004 4.18944098e-003
    0. 0. 0. 0. 0. 0. 1.29848323e-003 0. 0. 2.79293605e-003
    4.28307895e-003 0. 0. 0. 0. 0. 3.26786446e-003 0. -6.90447807e-004
    4.13780380e-003 0. -4.68685932e-004 0. 5.20654838e-004
    5.83633780e-004 2.79344176e-003 -1.65217905e-003 4.15248843e-003
    1.85573776e-003 0. 0. 0. 0. -1.33190991e-003 2.96016606e-006
    -7.25856167e-004 0. 0. 0. 0. 0. 8.37744679e-003 0. 1.06254709e-003
    0. 0. 0. -5.24307077e-004 0. 0. 2.04760605e-003 1.04266079e-002
    6.00230228e-003 0. 5.83892595e-003 0. 0. 8.06689169e-003
    3.58502753e-003 0. 1.02619212e-002 0. 0. 3.76304961e-003 0.
    2.32726894e-003 7.78385019e-003 2.64094933e-003 2.35954719e-003 0.
    -2.71820021e-003 0. 0. 5.97766950e-004 3.09043285e-003 0. 0.
    -7.84745347e-003 -8.05472140e-004 3.18888831e-003 0. 7.47448625e-003
    7.20587850e-004 0. 0. -4.27590967e-005 0. 2.78637116e-003 0. 0.
    1.88133249e-003 1.57003722e-003 0. 3.92972550e-004 7.10433954e-003
    0. 0. 0. 0. 0. 1.29270728e-003 0. 7.66285555e-003 1.99558423e-003 0.
    -8.69825482e-004 0. 1.56083331e-003 -1.08574994e-003
    -2.44133364e-004 2.76319939e-003 0. 0. 1.55887019e-003 0.
    2.48873397e-003 0. 0. 0. 0. 0. 0. 0. 0. 2.59347237e-003 0.
    2.84400070e-003 -2.06204574e-003 0. 6.21111365e-003 0.
    2.56362539e-002 0. 0. 1.76865542e-005 2.05790601e-003 0.
    1.93933805e-003 0. 8.80420965e-004 1.79427513e-003 0.
    2.25122762e-003 5.33211790e-003 3.33896419e-003 7.54376015e-005
    2.60307989e-003 0. 0. 0. 0. 1.38218503e-003 4.81742201e-003 0.
    5.43265836e-003 0. 0. 0. 2.03539734e-003 2.90523074e-003 0.
    7.76492525e-004 0. 0. 0. 4.28183004e-003 8.52188841e-003
    1.26544498e-002 3.62513890e-003 0. 0. 0. 0. 0. 4.33296664e-003 0.
    1.42706954e-003 1.03162567e-003 0. 0. 0. 2.19817902e-003 0. 0. 0. 0.
    0. 0. 0. 0. 1.88595068e-003 2.80983490e-003 0. 0. 0. 0.
    1.37465366e-003 0. 0. 3.19501339e-003 0. 7.61288218e-003
    8.62405915e-003 0. 0. 9.35817603e-004 0. 4.24839277e-003
    5.21040149e-003 8.54490616e-004 0. 1.57199055e-003 0. 0. 0.
    -2.09939270e-003 1.83200173e-003 0. 0. 0. 0. 0. 0. 7.11711030e-003
    0. 0. 0. 0. 0. 1.44928077e-003 2.77294731e-003 0. -1.81558891e-003
    0. 1.47005252e-003 3.93987028e-003 2.52257101e-004 1.14517508e-003
    0. -1.11536328e-005 -8.92987126e-004 0. 0. 2.70725996e-003 0. 0. 0.
    5.69074927e-003 -2.97286548e-003 0. 0. -4.61789576e-004 0. 0. 0.
