<?xml version="1.0"?>
<opencv_storage>
<imageDescriptor type_id="opencv-matrix">
  <rows>1</rows>
  <cols>1000</cols>
  <dt>f</dt>
  <data>
    2.04664958e-003 0. 2.97623075e-004 0. 0. 0. 0. -8.80641710e-006 0.
    0. 0. 0. 0. 5.53107297e-004 0. 0. -2.49985023e-003 4.64979513e-003
    0. 0. 3.06808762e-003 6.08981471e-004 8.39165132e-003 0.
    -2.05280189e-003 0. 0. 0. 9.26657114e-004 0. 2.90378858e-003
    7.21306494e-003 0. 2.21340987e-003 5.62628778e-003 0.
    3.35045648e-003 0. 1.99931837e-003 4.96163918e-003 1.39050849e-003
    0. 0. 0. 5.78429503e-003 2.99388357e-003 0. 1.41193962e-003 0.
    5.77876437e-003 -2.14585365e-004 0. 0. -5.09848120e-004
    2.94911955e-003 1.62445439e-003 0. 0. 0. 0. 0. 0. 0. 5.84113691e-003
    1.71525375e-004 -3.29650007e-004 0. 0. 0. 3.67464731e-003
    9.22398758e-004 -1.26813282e-003 6.03283104e-003 0. 0. 0. 0. 0. 0.
    2.36454792e-003 3.64632858e-003 0. 0. 0. 4.70006792e-003 0. 0. 0.
    -5.63192181e-003 0. 7.31473835e-003 0. 1.90275267e-003 0. 0.
    1.04709936e-003 0. 0. 0. 0. 0. 5.93985082e-004 0. 1.42959098e-003 0.
    0. 0. 9.95360967e-003 8.20126850e-003 0. 3.10584716e-003 0. 0. 0.
    1.74330187e-003 1.28423236e-003 0. 0. 0. 0. 0. 9.97501612e-003
    3.77978897e-003 -2.36488646e-003 0. 0. 0. 3.38074216e-003 0. 0.
    6.09674118e-003 0. -7.08410109e-004 0. 1.21366112e-002
    2.61754217e-003 2.28936109e-003 0. 6.10286649e-003 1.76724500e-003
    2.81594374e-004 0. 2.62440834e-003 0. -1.98028967e-004 0. 0. 0. 0.
    0. 0. 1.01674371e-003 2.65715271e-003 4.98195412e-003 0. 0.
    1.58835109e-003 0. 0. 1.94407022e-003 4.25283052e-003 0.
    3.78505047e-003 4.46056621e-003 0. 1.69645180e-004 0. 0. 0.
    5.04461699e-004 3.49646714e-003 2.31801090e-003 1.02480559e-003 0.
    1.56975456e-003 0. 7.88061763e-004 2.00724346e-004 0. 0. 0. 0. 0.
    2.21469416e-003 0. 1.76651502e-005 0. 5.34189818e-003 0.
    1.22033374e-003 0. 1.39378849e-003 4.34048753e-003 5.26585523e-003
    0. 0. 0. 0. 0. 0. 8.74416716e-003 6.75082300e-003 2.82831606e-003
    3.52140330e-003 0. 0. 3.17688379e-003 0. 0. 4.24537063e-003
    1.84007350e-003 0. 2.74711894e-003 3.14361788e-003 3.26837832e-003
    0. 0. 2.31975759e-003 0. 0. -2.91865063e-003 0. 0. 3.72554967e-003
    0. 0. 5.37003332e-004 0. 0. -2.01992644e-003 0. 0. 5.43968752e-003
    7.17775477e-003 1.62123004e-003 0. 5.39675914e-003 0. 0.
    4.62083286e-003 4.97755921e-003 0. 7.64865382e-003 0. 0. 0.
    1.65374752e-003 0. -1.72840280e-003 7.69809354e-004 0. 0.
    2.03702645e-003 0. 0. 0. 2.49039871e-003 0. 0. -2.30409298e-003 0.
    0. 0. 0. 0. 3.97259463e-003 1.91639848e-002 0. 0. 0. 0. 0.
    2.61025969e-003 0. 2.68817972e-003 5.68544772e-003 -6.59611309e-004
    0. 0. 0. 0. 0. 2.89579830e-003 0. 0. 0. 6.46289554e-004
    1.74749189e-003 0. 2.42717681e-003 4.69168182e-003 2.40102340e-003
    3.26162390e-003 0. 3.36149917e-003 0. 1.10473903e-003 0.
    3.71254212e-003 0. 5.18125133e-004 1.79193157e-003 0.
    4.69598890e-004 -3.42693907e-004 0. 0. 5.56933368e-003 0. 0.
    3.21808131e-003 0. 5.05079515e-003 0. 0. 0. 0. 0. 0. 9.40209371e-004
    0. 0. 0. 0. 7.25209946e-004 0. 0. 2.10879673e-003 0. 0.
    1.39666779e-003 1.54578965e-003 2.05952977e-003 0. 0. 0. 0.
    -1.71526743e-003 5.93665987e-003 0. 0. 6.26302371e-003 0. 0. 0.
    3.94084211e-003 0. 0. 0. 3.48288682e-003 2.39337818e-003
    1.02584716e-003 0. 0. 0. 7.89455662e-004 0. 6.38271961e-003
    9.27766878e-003 0. 2.23140675e-003 0. 1.34219574e-002 0. 0.
    6.25691900e-004 0. 0. -2.09382815e-005 0. 0. 2.07222230e-003 0. 0.
    3.28593934e-003 0. 0. 0. 3.00944038e-003 -2.27986509e-003
    3.00630624e-003 0. -4.99134767e-004 0. 0. 0. -3.18392273e-003
    1.57066865e-003 0. 1.84357003e-003 3.76691762e-003 1.97372181e-004
    2.36915308e-003 0. 0. 0. 2.08401191e-003 0. 0. 0. 0. 1.34665184e-002
    0. 0. 0. 2.36439868e-003 0. 0. 0. 2.76366161e-004 2.69719306e-003
    -2.39681290e-003 3.38967354e-003 0. 0. 3.49130481e-004 0. 0.
    1.74344424e-003 0. 0. 0. 3.69214360e-003 0. -4.60420240e-004 0. 0.
    0. 0. -1.00130586e-004 2.50462326e-003 7.53893377e-003
    -2.38862325e-004 0. 5.61344065e-003 0. 2.31568725e-003 0.
    -3.50365503e-004 0. 0. 0. 1.93951372e-003 0. 1.60219870e-003 0. 0.
    0. 0. -2.04501805e-004 0. 0. 5.57750370e-003 0. 3.99809424e-003 0.
    0. 0. 0. 0. 0. -4.27121180e-004 0. 0. 1.12882082e-003
    6.20403094e-003 0. 4.96652210e-003 0. -1.25064410e-003
    1.46078430e-002 0. 0. 2.39756959e-003 8.41502007e-003 0. 0. 0. 0. 0.
    1.33144492e-002 0. 0. 0. 0. 0. 0. 0. 0. 0. 0. 0. 0. 0. 0. 0. 0. 0.
    0. 0. 4.33143368e-003 2.98448082e-004 0. 1.96413696e-003 0. 0.
    1.58910616e-003 8.15776456e-003 0. -1.58852641e-003 0. 0.
    -5.14945597e-004 0. 0. 0. 0. 9.93736438e-004 0. 0. 6.68274565e-003
    0. 0. 0. 2.20359466e-003 6.01090863e-003 0. 0. 0. 0. 5.22157969e-003
    0. 0. 7.19107594e-003 0. 0. 0. 0. 2.39919731e-003 -2.67486204e-004
    0. 1.25751807e-003 0. 0. 1.17318716e-003 0. 0. 0. 0. 0.
    7.18109030e-003 0. 0. 2.74692429e-004 0. 0. -1.20288623e-003
    5.31129912e-003 0. 0. 1.53988181e-003 0. 0. -4.60307871e-004 0.
    4.38743597e-003 0. 4.03524423e-003 0. 2.76342826e-003 0. 0.
    1.07018976e-002 1.62091071e-003 0. 2.29898072e-003 0.
    1.01938657e-003 0. 0. 0. 2.31642785e-004 1.11450569e-003 0. 0. 0. 0.
    0. 0. 0. 2.31480761e-003 0. 0. 0. 0. 0. 0. 0. 3.76229757e-003 0. 0.
    0. 0. 0. 2.66592577e-003 0. 0. 1.66517776e-003 4.69609210e-003 0. 0.
    2.29945243e-003 1.37148483e-003 0. 0. 0. 0. 3.04112397e-003
    1.97167252e-003 0. 3.06207075e-004 0. -5.57382009e-004 0.
    1.37608021e-003 5.06676594e-003 4.07308480e-003 1.03154182e-002
    6.38930127e-004 0. -2.38458184e-003 -4.85987228e-004 0. 0. 0. 0. 0.
    3.60175665e-003 5.47440071e-003 0. 0. 0. 6.77170698e-003
    1.92067854e-003 0. 2.18653120e-003 7.99885485e-004 0. 0.
    2.29049521e-003 0. 1.85485394e-003 0. 7.88043719e-003 0.
    2.39559263e-003 0. 0. 0. 0. 4.26540803e-003 2.82567274e-003
    4.34419978e-003 0. 0. 0. 0. 0. 0. 0. -2.72936304e-004 0. 0.
    -1.21538073e-003 0. 0. 2.16869242e-003 0. 0. 0. 0. 1.59947341e-003
    0. 0. 0. -1.04271423e-003 4.96290997e-003 1.50681743e-002
    6.18486106e-003 0. 0. 0. 2.80987378e-003 0. 0. 2.95228371e-003
    6.80473074e-003 0. 0. 0. 4.63232258e-003 4.81389259e-004
    4.16325964e-003 0. 0. 0. 0. 1.71933183e-003 -2.85340619e-004 0. 0.
    6.63437531e-004 2.80514359e-003 0. 0. 1.47764792e-003
    2.81598978e-003 3.78078199e-003 1.73662719e-003 0. 0.
    -4.90006059e-004 0. 0. 1.29132159e-003 2.72341259e-003 0. 0. 0. 0.
    1.60533492e-003 0. 0. 0. 0. 0. 0. 0. 0. 0. -1.45628734e-003
    2.96644447e-003 4.00380045e-003 0. 0. -4.79775760e-003
    2.53824471e-003 0. 0. 0. 0. 0. 7.13475456e-004 3.80641827e-003
    -6.97438838e-004 4.17835265e-003 0. 3.27119674e-003 8.58048163e-003
    0. 7.45186163e-003 0. 0. 0. 0. 3.66746122e-003 0. 3.19863786e-004 0.
    0. 0. 3.62322712e-003 0. 0. 0. 4.79237555e-004 0. 3.90084391e-003 0.
    0. 0. 0. 0. 0. 0. 1.95922353e-003 0. 3.43980058e-003 2.08901358e-004
    1.37057737e-003 0. 0. 0. 1.93511369e-003 0. 0. 0. 0. 2.43177987e-003
    -1.09837716e-003 1.75528380e-003 0. 0. 0. 0. 0. 0. 1.28396336e-004
    0. 3.35482694e-003 0. 2.03939155e-003 -2.92072917e-004
    -1.10223447e-003 0. 2.03941920e-004 2.34307023e-003 2.57609412e-004
    0. 0. 0. 0. 0. 0. 0. 3.37932841e-003 0. 0. 0. 0. 0. 0.
    4.85703931e-005 2.46637315e-003 2.90891249e-003 0. 0.
    1.29480124e-003 0. 6.40928105e-004 1.09791697e-003 2.02254322e-003
    0. 0. 1.21465642e-002 0. 0. 0. 0. 0. -7.75215798e-004 0.
    -2.61433015e-004 -2.48615793e-003 0. -2.44383188e-003 0.
    -1.64311830e-004 0. 0. 0. 2.35835090e-003 1.12197874e-003 0. 0.
    1.62155193e-003 0. 3.93040013e-003 6.34526089e-003 2.46411166e-003
    -1.28325156e-003 7.36431498e-003 0. 0. 5.15347579e-003
    6.14423491e-003 0. -2.77666666e-004 0. 0. 0. 2.72612879e-003
    -3.10365198e-004 0. 0. 0. 1.41004426e-003 7.17270328e-003
    1.27723522e-003 3.16016318e-004 4.18235362e-003 0. 0. 0. 0. 0. 0.
