<?xml version="1.0"?>
<opencv_storage>
<imageDescriptor type_id="opencv-matrix">
  <rows>1</rows>
  <cols>1000</cols>
  <dt>f</dt>
  <data>
    0. 2.60594324e-003 0. 0. 0. 0. 0. 1.98853930e-004 0. 5.96118765e-003
    0. 2.15953158e-004 5.76027203e-004 0. 0. 0. 3.85087426e-003 0.
    4.40710457e-003 7.89382902e-004 3.73367616e-003 0. 0.
    -5.43891510e-004 0. 0. 0. 1.45515695e-003 4.99029411e-003
    6.42387383e-003 0. -5.87878807e-004 7.07763247e-003 0. 0.
    -1.36820797e-003 -1.60857267e-003 0. 2.35945079e-003 5.69391157e-003
    5.79779735e-003 0. 0. 0. -7.30751799e-006 9.33008385e-004
    7.22523453e-003 -1.45232736e-003 9.52350721e-003 0. 0. 0.
    1.97045971e-003 0. 0. 0. 2.81607197e-003 0. 5.76447463e-004 0. 0. 0.
    6.00702083e-003 3.75911826e-003 5.30501409e-003 0. -8.39832996e-004
    1.40018796e-003 6.85508223e-003 -3.26172449e-004 0. 1.28553412e-003
    7.50760082e-004 0. 0. 0. 0. 0. 0. 0. 0. 0. -8.76837294e-004
    8.30907561e-003 0. -1.54209440e-003 3.69480695e-003 0.
    1.21588213e-003 1.41146895e-003 1.72218296e-003 0. -1.15809016e-005
    0. 1.61518296e-003 6.22267777e-004 3.24338768e-003 6.45934930e-003
    1.48721004e-003 0. 6.41058292e-003 -6.22338266e-004 0.
    6.31696079e-003 2.23235996e-003 -1.05949061e-004 0. 0.
    4.59831022e-003 -5.98842278e-004 0. 1.71715708e-003 3.56838410e-003
    0. 6.01414917e-003 -6.86200743e-004 0. 1.11230351e-004
    1.67536188e-003 0. 2.21780129e-003 -2.71485245e-004 8.63738969e-005
    1.96789694e-003 0. 0. 0. 0. 0. 0. 3.14856251e-003 0. 0. 0. 0. 0. 0.
    8.04255530e-003 0. 1.28837780e-003 6.15031412e-003 6.73086557e-004
    0. 0. 1.19140148e-002 0. 6.49509384e-005 2.13047396e-003 0.
    2.03628815e-003 5.11284405e-003 5.36470616e-004 4.36913408e-003 0.
    1.31773076e-003 0. -1.93712208e-003 -3.93071352e-003 2.88523413e-004
    0. 6.29503699e-003 2.79276919e-005 1.21061523e-002 4.12131893e-003
    8.38752487e-004 0. 0. 0. 1.18017604e-003 1.06786527e-002
    1.77876104e-003 2.46460666e-003 2.85064307e-004 0. -6.83395250e-004
    2.54727760e-003 0. -1.18794420e-003 3.98717122e-003 0. 0.
    2.25301716e-003 0. 1.50521562e-004 3.50850890e-003 0.
    6.62286766e-003 3.99703393e-003 2.51129665e-003 5.48472395e-003
    -3.25690053e-004 0. 0. 0. 0. 1.02491688e-003 0. 0. 2.81228940e-003
    1.34350581e-003 4.84425895e-004 2.18689977e-003 0. 0.
    1.64183918e-002 1.09730836e-003 0. 0. 0. 0. 0. 0. 3.92081589e-003
    4.04839448e-005 0. 0. 0. 0. 0. 2.05500983e-002 -2.02550273e-003 0.
    0. 4.13545873e-004 0. 5.62936068e-004 5.20973839e-003 0.
    3.41552123e-003 -1.40759780e-003 8.92619137e-004 3.35815805e-003
    1.70329667e-003 0. 0. 3.89086851e-003 1.27278292e-003
    3.00317351e-003 0. 1.15470588e-003 0. 3.21091060e-003
    1.66539592e-003 0. 2.22151307e-003 0. 0. 0. 0. 0. 1.74735207e-003 0.
    0. 1.68596930e-003 0. 0. 0. 2.42552650e-003 0. 0. -1.90284243e-003
    0. 0. 2.69278279e-003 0. 0. 8.65718583e-004 -5.58037718e-004 0. 0.
    0. 0. 1.92055025e-003 0. 0. 0. 1.25807209e-003 0. 0. 1.08229904e-003
    -1.31191593e-003 0. 0. 0. 5.15700923e-003 -7.46178033e-004 0. 0. 0.
    0. 0. -8.24988354e-004 2.19902885e-003 0. 7.10055884e-003 0. 0. 0.
    -7.06155202e-004 5.62970107e-003 5.66229643e-003 4.98336181e-003 0.
    1.54608884e-003 8.06090538e-004 0. -2.38726451e-003 0.
    1.19643612e-003 9.82490601e-004 0. -8.20182846e-004 0. 0. 0. 0. 0.
    1.08526519e-003 0. 1.72736414e-003 0. 4.57863510e-003
    2.56342720e-003 1.55578775e-003 0. 0. 0. 0. 3.98438796e-003 0.
    2.04742444e-003 1.03303255e-003 7.26091821e-005 0. 0.
    2.27362441e-004 0. 5.02070412e-003 -2.66435993e-004 4.04685008e-004
    4.42725793e-003 0. -2.05036323e-003 0. 0. 0. 3.77426692e-003 0. 0.
    0. 8.09884456e-004 0. 0. 0. 1.90331799e-003 0. 1.17980689e-003 0. 0.
    0. 9.30744049e-004 1.96715817e-003 1.27615500e-003 0. 0. 0. 0. 0.
    3.48065840e-003 0. 0. -9.36322904e-004 0. 0. 0. -2.37596780e-003
    9.37364902e-003 0. 0. 0. 0. 0. 0. 0. 0. 7.43389828e-004 0.
    1.28692877e-003 0. 0. 3.43149673e-004 0. 1.17345259e-003 0. 0. 0. 0.
    5.58036321e-004 2.32094247e-003 0. 6.70259062e-004 0. 0.
    2.80174799e-003 0. 0. 6.64268062e-003 0. 1.74976070e-003 0.
    1.61374395e-003 -6.00536841e-005 1.92385528e-003 0. 0. 0.
    4.67158650e-004 4.66593541e-003 0. 0. 0. 0. -5.74231148e-003 0. 0.
    1.40193210e-003 5.13617648e-003 0. 4.98753553e-003 6.01901615e-004
    0. 6.23965869e-004 0. 0. 5.17916260e-003 0. 0. 0. 0. 1.68584113e-003
    3.74443625e-004 4.30652872e-004 0. -3.15549376e-004 0. 0. 0.
    3.74696148e-003 0. 0. 1.38671673e-003 6.36687549e-003 0. 0. 0.
    2.33014161e-003 2.14161398e-003 0. 0. 2.18719780e-003 0. 0. 0. 0.
    2.54139799e-004 0. 1.30791916e-004 3.49037349e-004 0.
    7.31898181e-005 4.18371800e-003 -1.02649804e-003 2.44921027e-003 0.
    0. 4.22185194e-003 1.02079951e-003 0. 2.37236405e-003 0. 0. 0.
    3.03607527e-003 0. 0. 0. 0. 1.19663884e-004 0. 0. 0. 0.
    1.10200897e-003 4.28587804e-003 0. 0. 0. 0. 0. 2.79435422e-003 0. 0.
    -2.34659354e-004 0. 0. 0. 2.33814493e-003 0. 0. 0. 0. 0. 0.
    -1.84553710e-003 2.02816678e-003 2.94611603e-003 0. 0. 0. 0. 0.
    -1.50779751e-003 -2.83070048e-003 0. 2.20291223e-003 0. 0. 0.
    2.05904874e-003 5.07262489e-003 3.77557520e-003 1.11146516e-003 0.
    0. 0. 1.37099915e-003 2.82016164e-003 5.45172812e-003
    2.04389115e-004 8.00302718e-003 1.58588705e-003 0. 1.03500928e-003
    1.18572525e-005 0. 0. 0. 0. 1.25546113e-003 0. 0. 0. 1.17570197e-003
    6.40741643e-003 0. 0. 0. 5.30896336e-003 2.29799282e-003
    3.04193678e-003 3.84085521e-004 1.20505188e-002 3.81652056e-003 0.
    0. 0. 4.48741764e-003 0. 8.25158553e-004 0. 5.14692487e-003
    -2.13091425e-003 -5.08992292e-004 7.46831112e-003 5.00170095e-003
    6.17679069e-003 0. 4.34913300e-003 1.86337403e-003 4.73836716e-003
    0. 3.89220659e-003 0. 2.15213792e-003 0. 0. 0. 0. 0. 0.
    5.94336772e-003 0. 0. 0. -2.18133820e-004 0. 0. 0. 0.
    4.21690242e-003 -1.85000477e-004 0. 0. 0. 0. 0. 0. 0. 0.
    7.17100920e-004 5.53801423e-004 0. 0. -1.02661717e-004
    2.67956033e-003 0. 0. 1.43494888e-003 0. 0. 0. 0. 0. 0. 0.
    4.32195934e-003 0. 0. 0. 0. 0. 0. 0. 0. -4.80708055e-004 0. 0. 0. 0.
    5.90960961e-004 0. 1.77461421e-003 0. 2.19187536e-003 0.
    2.16737390e-003 0. 0. 0. 4.84028785e-003 3.24081769e-003 0. 0.
    6.26388646e-004 0. 1.56389177e-003 0. 1.51037034e-002 0. 0.
    2.22051400e-003 0. 0. 0. 0. 0. 0. 0. 0. 0. 0. 3.64189013e-003 0.
    2.17438000e-003 1.09436014e-003 0. 1.05252897e-003 1.47634384e-003
    0. 0. -1.04632392e-003 0. 2.22624210e-003 0. 0. 3.98176210e-003 0.
    0. 5.09850681e-003 -7.29916734e-004 0. 7.42916192e-004 0. 0.
    -7.40070478e-004 2.96095060e-003 0. 0. 9.04283894e-004
    1.88373530e-003 0. 0. 0. 2.53196224e-004 1.97855916e-004 0.
    -5.93921402e-004 1.96122658e-003 0. 0. -2.00375915e-003
    -8.73696234e-004 4.98258101e-004 0. -5.73413854e-004 0. 0.
    -1.44212390e-004 3.65796179e-004 4.16486291e-003 0. 0. 0. 0.
    4.46595368e-005 0. 0. 0. 0. 0. 5.24090277e-003 0. 0. 0. 0.
    -1.82545278e-003 3.06435837e-003 0. -1.12530390e-004 4.06556716e-003
    0. 0. 2.14717234e-003 5.97474445e-003 7.55065586e-004
    1.19985000e-003 1.38763117e-003 0. 0. 4.06983512e-004 0. 0.
    1.03903352e-003 0. 0. 0. 4.23632609e-003 1.42863570e-002 0. 0.
    1.27399131e-003 1.73059816e-003 2.02608537e-002 0. 0.
    4.26119100e-003 0. 6.34992355e-003 0. -3.92113870e-004 0. 0.
    1.72262499e-003 0. 0. 0. 0. 0. 0. 0. 0. 0. 0. 1.14080147e-003
    1.94205088e-003 0. 0. 0. 0. 0. 0. 0. 0. 3.90593661e-003
    -2.27504133e-004 1.40755461e-003 6.98227296e-003 8.34807928e-004 0.
    0. 0. 5.21314144e-003 0. 1.29735109e-003 0. 0. 4.62848740e-003 0. 0.
    0. 4.86622890e-003 2.27279868e-003 -1.86928827e-003 0. 0. 0.
    5.03140129e-003 0. 0. 3.18707014e-003 0. 0. 0. 1.93481264e-003 0. 0.
    7.43301061e-004 0. 0. 0. 7.86505546e-003 0. 0. 0. 9.93148331e-003
    1.18466327e-002 3.46107455e-003 0. 0. 0. 0. 1.38839660e-003 0.
    1.59830437e-003 0. 3.68521968e-003 0. 0. 0. 0. 0. 2.86969356e-003 0.
