<?xml version="1.0"?>
<opencv_storage>
<imageDescriptor type_id="opencv-matrix">
  <rows>1</rows>
  <cols>1000</cols>
  <dt>f</dt>
  <data>
    0. 0. 1.46630954e-003 0. 2.19078455e-003 -1.91345951e-003
    2.54374580e-003 6.63729850e-004 0. 0. 0. -6.22259278e-004
    2.73601664e-003 0. 0. 2.53340602e-003 0. 0. 0. 0. 0. 0.
    -3.44503834e-003 0. 0. 0. 0. 0. -5.95270516e-003 0. 0. 0.
    2.54383520e-003 1.09150754e-002 -3.96619085e-003 0. -3.56632663e-004
    0. 0. 0. 3.70312901e-003 0. 0. -8.79930507e-004 -5.48615819e-004 0.
    1.72705145e-003 0. 0. -3.58089135e-004 0. 0. 2.63882739e-005 0. 0.
    4.02348851e-005 5.19572350e-004 2.78407917e-003 0. 0. 0. 0.
    2.53314525e-003 0. 1.08001684e-003 2.48209797e-002 0. 0. 0. 0. 0.
    -2.58101965e-003 0. 0. 0. 0. 0. 0. 0. 8.94364994e-003 0. 0. 0. 0. 0.
    -3.21265613e-003 0. 0. 9.42263752e-003 0. 0. 0. 2.96989293e-003
    7.30147306e-003 0. 0. 0. 0. 0. 0. 0. 1.24539598e-003 3.56575078e-003
    0. 0. 0. 0. 0. 0. 5.75636560e-003 0. 0. 0. 0. 5.85156260e-003 0. 0.
    0. 2.09888257e-003 0. 0. 6.21774641e-004 -8.14442057e-004
    2.16200808e-003 4.14158124e-003 -2.30570184e-003 0. 0.
    1.81498507e-003 0. -6.87896973e-004 0. 2.41626264e-003
    -6.12065836e-004 0. 0. 0. 0. 0. 0. 0. 0. 1.33566838e-003 0. 0.
    3.07853194e-003 0. -2.57236976e-003 0. 0. 0. -1.45502447e-003 0.
    4.29710606e-003 2.29994487e-003 -8.46586074e-004 3.83851398e-003 0.
    0. 0. -3.40184692e-004 1.35441078e-003 0. 1.94758672e-004 0.
    1.09931026e-002 0. 3.66865424e-003 0. 3.32821073e-004
    2.86377384e-003 2.37860763e-003 -2.68031785e-004 1.65141094e-002 0.
    0. 2.12797127e-003 0. 0. 0. 0. 6.59805199e-004 3.32553056e-004
    -2.58016586e-003 2.61113467e-003 0. 4.09732945e-003 0. 0. 0. 0.
    8.91302247e-003 0. 0. 0. 0. 0. 0. 0. 0. 0. 9.99951549e-003
    8.28352757e-003 0. 0. 0. 8.38396419e-003 2.92886514e-003
    7.26718281e-004 0. 0. 0. 1.19735370e-003 0. 4.65571182e-003
    1.32537587e-002 0. 0. 0. -1.63079333e-003 0. 3.94346658e-003 0. 0.
    0. 0. 0. 0. 0. 7.72506883e-003 1.09015042e-002 0. 1.34857045e-003 0.
    0. 0. 8.41682870e-003 0. 2.58287671e-003 1.37488369e-003 0. 0.
    5.63184964e-004 0. 0. 0. -7.02499878e-004 0. 0. 0. 0. 0. 0.
    3.25868628e-003 0. 0. 0. 1.02384703e-003 3.28971120e-003 0. 0.
    8.61584581e-003 0. 0. 0. 0. 0. 0. 0. 0. 0. 0. 0. 3.55033181e-003 0.
    1.11349346e-002 -1.08209986e-003 -1.12312252e-003 0. 7.80751184e-003
    4.97570029e-004 6.78575831e-004 4.33987705e-003 0. 0. 0. 0.
    3.85646382e-003 7.24901864e-003 -4.87122670e-005 0. 0.
    2.00894717e-002 0. 0. 3.64805595e-003 1.05554682e-006
    5.74048434e-004 -5.49861323e-003 0. 4.00307309e-003 0. 0. 0. 0. 0.
    0. 0. 0. 3.23522091e-003 2.40833266e-003 0. 0. 0. 9.79574979e-004 0.
    0. 0. 2.87156110e-003 0. 0. 0. 9.83460413e-005 -1.71857537e-005 0.
    0. 0. 1.67671009e-003 0. 4.57705045e-003 -3.68432433e-004
    -7.12714216e-004 1.26716075e-003 0. 0. 0. 0. 3.73446452e-003 0. 0.
    3.78919765e-003 0. 7.21389707e-003 3.41722416e-003 0.
    2.04132986e-003 1.38832361e-003 2.60052341e-003 0. 5.60256594e-004
    0. 0. 0. 0. 1.91033876e-003 0. 0. -1.52652350e-003 0.
    4.79060400e-004 0. 0. 8.24259408e-003 0. 0. 0. 3.52824223e-003
    1.77901965e-002 9.94473509e-003 0. 1.74630468e-003 0. 0.
    1.60646776e-003 2.16257968e-003 0. 0. 0. 2.05960870e-002 0. 0. 0. 0.
    0. 4.28773370e-003 0. 2.39132880e-003 0. 0. 0. 1.25497882e-003 0. 0.
    6.28798036e-004 0. 1.04886172e-002 2.52375612e-003 0. 0. 0. 0.
    -1.77727151e-003 0. 0. 0. 4.53688344e-003 4.57440084e-003 0. 0. 0.
    0. 0. 0. 0. 0. 0. 0. 0. 1.71714858e-003 0. 3.37853236e-003 0. 0. 0.
    0. 0. 0. 0. 0. 0. 0. -9.80691948e-006 1.19514123e-003
    3.41904280e-003 0. 0. 0. 0. 0. 0. 0. 1.05719117e-003 0. 0.
    8.04171525e-003 0. -5.05579810e-004 0. 0. 1.74206728e-003 0. 0.
    4.06443811e-004 7.54863955e-004 0. 0. 0. 0. 0. 7.37095543e-004 0. 0.
    0. 0. 0. 0. 0. 0. 9.09431081e-004 0. 0. 0. 0. 0. -9.45945852e-004 0.
    0. 0. -6.97396754e-004 1.12819718e-003 9.57713649e-003
    2.49854499e-003 0. 0. 0. 1.34977372e-003 0. 1.56306618e-004
    2.20939773e-003 0. 3.00993823e-004 -2.48843106e-004 -3.53140174e-003
    -6.00760162e-004 2.10447167e-003 -3.40083556e-004 0. 0. 0. 0.
    1.81872828e-003 0. 0. 0. -1.30852312e-003 0. 0. 2.90886406e-002
    3.54027585e-003 0. 0. 0. 0. 0. 2.17166194e-003 0. 0. 0. 0.
    6.77723583e-005 0. -2.48034979e-004 0. 3.15235369e-003
    9.36982501e-003 1.56139047e-003 0. 6.66881539e-003 0. 0.
    -1.21665618e-003 0. 1.36919506e-003 3.17888591e-003 6.19791867e-003
    0. 2.97371252e-003 0. 0. 0. 0. 0. 0. 0. 4.44722641e-003
    5.89487236e-003 0. 0. 0. 0. 0. 0. 5.00859134e-003 0. 0. 0.
    3.13952053e-003 -4.30191820e-003 0. 4.56068851e-003 0. 0. 0. 0. 0.
    0. 2.59055034e-003 0. 0. 3.38659994e-003 0. -5.18860470e-004 0. 0.
    0. 0. 0. 6.74340688e-003 0. 1.10993336e-003 6.64327759e-003 0. 0.
    4.12383815e-003 0. 0. 0. 1.62592332e-003 0. -3.60320439e-004
    6.09418005e-003 0. 0. 6.19646528e-007 0. 0. 0. 0. 0. 0. 0. 0. 0.
    5.43237664e-003 0. 8.55982024e-003 0. 0. -3.91259836e-003 0. 0.
    5.32041944e-004 2.25222600e-003 0. 0. 0. 1.03519845e-003
    8.07850715e-003 0. 0. 0. 0. 2.36962689e-003 0. 0. 1.03775458e-003 0.
    1.21297101e-002 1.52723369e-004 0. 6.61141379e-003 0.
    4.53479867e-003 0. 0. 1.17134291e-003 0. 7.40032643e-004
    2.73153349e-003 0. 2.17111153e-003 0. 0. 3.33832134e-003 0. 0.
    7.33316469e-004 0. 3.42618814e-003 3.03490553e-003 0. 0. 0.
    2.51427945e-003 -3.52046103e-003 0. 5.47701260e-004 0. 0.
    -2.44320231e-003 0. 0. 4.18976275e-003 0. 0. 0. 0. 5.97793609e-003
    0. 0. 0. 0. 0. 9.91360401e-004 0. 0. -8.29617842e-004 0.
    8.32419435e-004 2.58447859e-003 0. 0. 1.17230648e-002 0. 0.
    -1.13167590e-003 -1.81679544e-003 0. 1.76573731e-003 0.
    8.24762858e-004 0. 0. -6.12892563e-006 0. 1.02600758e-003 0. 0. 0.
    -1.56884023e-003 0. 2.38278270e-004 0. 0. 0. 2.04488146e-003 0. 0.
    2.31356290e-003 0. 0. 0. 0. 5.29613160e-003 -4.47330065e-003 0. 0.
    0. 0. 0. 0. -7.68869068e-004 6.80126622e-003 0. 1.68935640e-003 0.
    6.46830478e-004 0. 0. 0. 0. 0. 0. 0. 0. 0. 0. 0. 0. 0.
    9.29006608e-004 0. 0. 0. 0. 0. 3.46283335e-003 2.75928131e-003
    4.03485727e-003 2.58739549e-003 1.43386866e-003 1.47627457e-003 0.
    0. -1.03420683e-003 4.65214811e-003 0. 4.68058558e-003
    -1.00374120e-004 1.80062489e-003 0. 4.42838948e-003 0. 0. 0. 0. 0.
    3.56313470e-003 0. 0. 0. 0. 0. 0. 3.30311130e-004 0. 0.
    2.76026898e-003 1.30119870e-005 7.31062551e-004 0. -4.02390258e-004
    0. 5.88671677e-003 2.15107407e-002 0. 0. 0. 0. 0. 0. 0. 0.
    8.87522649e-004 0. 0. 0. 0. 0. 3.60805588e-003 0. 0. 0. 0. 0.
    9.90086919e-005 6.48837490e-003 0. 2.80070002e-003 1.38984527e-003
    0. 1.35706086e-003 0. 2.03207298e-003 0. 0. 0. 0. 0. 1.89272745e-003
    0. 0. 0. 0. 0. 1.65550795e-004 -6.71518137e-005 2.56600324e-004 0.
    0. 0. 0. 0. 0. 0. 0. 0. 0. 5.26818074e-003 0. 2.46973429e-003 0. 0.
    5.70431876e-004 0. 0. 0. 1.11242943e-003 0. 2.18067616e-002 0. 0.
    1.35348574e-003 4.60320245e-003 -3.75893875e-003 8.77542887e-003 0.
    -4.34164307e-004 0. 0. 9.08567512e-004 0. 0. 0. 0. 0. 0.
    2.51895678e-003 0. 2.13131681e-003 0. -2.02631671e-003
    -1.86655752e-003 1.49805297e-003 -2.08180211e-003 4.48421203e-003 0.
    0. 0. -4.09726403e-004 0. 0. 3.65477451e-003 0. 0. 0.
    2.54990789e-003 0. 0. -2.23744384e-004 1.63836416e-003
    1.16489304e-003 0. 3.27623612e-003 0. -5.61171444e-004 0.
    -3.22663318e-003 0. 2.51681823e-003 0. 0. 0. 0. 0. 0. 0. 0.
    2.07687374e-002 0. -4.32787434e-004 0. 0. 0. 0. 0. 0.
    3.01794568e-003 0. 4.44997847e-003 1.75271987e-003 0. 0. 0. 0.
    7.17263715e-003 0. 0. 4.33934666e-003 6.22095447e-003
    4.12540603e-003 4.05324111e-003 0. 0. 0. 0. 0. 0. 0. 0. 0. 0. 0.
    3.24393855e-003 7.42058456e-003 0. 0. 0. 2.80134077e-003 0. 0. 0.
    3.57471732e-003 0. 0. -3.27613018e-003 9.44042113e-004 0. 0. 0. 0.
    2.05599843e-003 0. 0. 8.79728701e-003 0. 0. 0. 0. 5.67828165e-003 0.
