<?xml version="1.0"?>
<opencv_storage>
<imageDescriptor type_id="opencv-matrix">
  <rows>1</rows>
  <cols>1000</cols>
  <dt>f</dt>
  <data>
    1.52362080e-003 0. 0. 0. 1.69073325e-003 0. 0. 4.73398366e-004
    5.58197033e-004 0. 0. 0. 5.96657570e-004 0. 0. 1.82113587e-003
    7.16473116e-003 0. 1.34928373e-003 9.60846897e-004 3.52138444e-003
    1.27426710e-003 0. 0. 9.21148516e-004 3.43269785e-003 0. 0. 0. 0.
    9.35905846e-004 1.69689918e-003 0. 7.23941950e-003 5.99695952e-004
    -3.07870869e-005 0. 0. 0. -4.73516178e-004 0. 3.97413038e-003
    4.75650141e-003 0. 4.12537018e-003 0. 4.70074778e-003
    1.98580604e-003 0. 0. 5.04238438e-003 1.63502787e-004 0.
    4.05291375e-003 1.97573518e-003 0. -7.30598578e-004 0.
    3.79897212e-003 1.98360649e-003 0. 0. 0. 0. 3.42340325e-003
    2.10765796e-003 0. 0. 0. 4.15271288e-003 2.02138349e-003 0. 0. 0.
    4.83773969e-004 6.48275833e-004 0. -4.03515114e-005 0.
    6.47978683e-004 0. 0. 0. 0. 2.49836303e-004 0. 3.10371281e-004
    -6.56923512e-004 -5.44155249e-004 0. 2.03388021e-003 1.20124831e-004
    -1.35667110e-003 -1.05206036e-005 0. -8.77229031e-004
    2.77961884e-003 5.50929969e-003 8.18962883e-003 3.49430520e-005
    1.10209035e-003 3.56002734e-003 9.91321541e-003 2.01305165e-003 0.
    0. -1.76972346e-004 0. 1.20452838e-004 2.63674604e-003
    9.71492555e-004 0. 0. 0. 6.25095703e-003 9.94350575e-003
    1.18029455e-003 1.96362939e-003 6.57257112e-003 0. 8.51407356e-004
    -7.20750773e-004 5.24727744e-004 0. 0. 3.45525611e-003
    5.91855438e-004 5.23193914e-004 0. -4.47684797e-005 4.63849174e-005
    7.00801890e-003 0. 6.57605380e-003 -7.63595104e-004 0.
    3.70412227e-003 1.05236271e-004 3.28807672e-003 1.74995710e-003 0.
    5.13812760e-003 8.11538892e-004 4.11238428e-003 3.38208931e-003 0.
    0. 1.11186155e-003 4.49455716e-003 0. 2.42819474e-003 0. 0.
    -1.36175740e-003 1.06661895e-003 -1.02597906e-003 1.38490356e-003 0.
    4.23034560e-003 6.20468636e-004 -1.46180479e-004 0. -2.05944898e-003
    -1.21722952e-003 0. 0. 0. 0. 0. 0. 3.48629872e-003 0. 0.
    1.52345479e-003 0. 2.50433455e-003 1.13856909e-003 2.05868017e-003
    0. 1.95020996e-003 0. 1.93045195e-003 3.67210153e-003
    2.76108156e-003 2.04798605e-004 5.86689741e-004 0. 0. 0.
    -1.22567103e-003 -1.68200990e-004 0. 1.45066821e-003 4.23759827e-003
    6.67200773e-004 0. 1.82439835e-004 2.50584213e-003 0.
    2.15253909e-003 0. -1.05807121e-004 2.29096622e-003 4.72492742e-004
    1.16418616e-003 0. 0. -4.60133218e-004 0. 0. 2.71736557e-004 0. 0.
    -7.01688754e-004 0. 1.01032841e-003 7.40177557e-003 2.81768502e-003
    0. 8.46959825e-004 1.20255665e-003 0. 1.34973234e-004
    4.28459188e-003 0. 0. 0. 0. 0. -5.34265419e-004 0. 6.13129756e-004
    2.73070600e-005 4.54352295e-004 0. -5.02489798e-004 9.36653581e-004
    0. 8.34775902e-003 8.17356806e-004 0. 0. -1.76574662e-003 0. 0.
    2.19105510e-003 0. 2.47270730e-003 0. 2.65025208e-003 0. 0. 0. 0.
    2.50402139e-003 -2.41658447e-004 0. -3.43366090e-004 2.30097538e-003
    5.34601335e-004 0. 7.68112252e-004 -2.50658859e-003 0.
    -4.24453145e-004 0. 1.60149881e-003 7.19553907e-004 0.
    4.03977046e-003 0. 3.37673235e-003 2.51430599e-003 5.22345836e-005
    0. 0. 8.98567552e-004 5.91632398e-003 0. 4.35673865e-003 0. 0.
    2.40718992e-003 1.76212750e-003 0. -7.48959603e-004 6.37839898e-004
    1.29453733e-003 0. 1.80499500e-003 2.42605936e-004 0. 0. 0.
    3.43154185e-003 0. 0. 0. 0. 5.70396485e-004 9.16652847e-003
    1.11291895e-003 0. 1.19984988e-003 0. 1.13563088e-003
    -2.31810450e-003 1.46344595e-003 0. 0. 9.20935767e-004
    1.01371738e-003 0. 0. 9.45792417e-004 4.48782084e-004 0.
    9.22581938e-004 1.00186514e-003 5.11593465e-003 0. 2.49747187e-003
    5.13380626e-004 4.08490747e-003 0. 1.61204487e-003 0. 0. 0.
    1.03021355e-003 0. -4.78830189e-004 0. 4.28188156e-004
    -9.23331361e-004 0. 0. 7.92212493e-004 0. 6.30963920e-003 0.
    2.57371296e-003 0. 4.01248410e-003 3.36126483e-004 3.80046840e-005
    8.77257378e-004 0. 0. 1.52052811e-003 1.06727704e-003
    2.12968234e-003 0. -8.15612904e-004 1.15108246e-003 0.
    7.52166496e-004 0. 0. 9.06759873e-004 -2.37985616e-004
    -2.10866332e-003 -5.50893892e-004 0. 4.02909052e-003 0. 0. 0.
    1.29671313e-003 2.57551321e-003 9.00397194e-004 0. 1.36558793e-003
    4.62583639e-003 6.20637788e-003 0. 9.31197370e-004 0. 0.
    -9.04788263e-004 0. 0. 0. 1.78118033e-004 4.83692857e-003 0.
    1.49893493e-003 7.79000984e-004 6.50729239e-003 0. 1.73201307e-003
    4.22186637e-003 4.24720842e-004 1.49692839e-003 0. -2.27779499e-003
    2.29857303e-003 2.36627599e-003 2.03486835e-003 -1.27796462e-004 0.
    4.49159183e-003 4.14485764e-003 0. 0. 6.34353783e-004
    4.45212820e-004 -7.95686792e-004 0. 0. 9.38637531e-005
    6.38453104e-003 3.71334166e-003 -3.38048558e-003 1.09247887e-003
    1.10724696e-003 8.77615530e-005 0. 0. -1.19555881e-003 0.
    1.60632015e-003 7.02265976e-003 2.02338188e-003 0. 0. 0.
    5.67105017e-005 0. 0. 1.76355359e-003 6.42233761e-004
    1.11485401e-003 0. 0. 1.15081086e-004 0. 4.71590739e-003
    4.61087358e-004 0. 8.99188803e-004 -2.39270926e-003 0.
    -7.65434525e-004 0. 0. 4.67547914e-004 0. 0. 0. 3.16161051e-004
    4.29148582e-004 0. 1.44177617e-003 0. 9.66833846e-004
    -4.85809578e-004 0. 0. 0. 0. 0. 0. 1.30455371e-003 0.
    4.84962529e-003 0. 6.80893369e-004 3.62748047e-003 0. 0.
    9.56595596e-003 1.03941793e-003 1.93170947e-003 6.16999948e-003
    1.85496069e-003 0. 3.11243953e-003 2.04494642e-003 5.17973956e-003
    8.73771613e-004 3.55530437e-003 8.58482788e-004 -2.80328881e-004 0.
    0. 3.71526927e-004 9.63423750e-004 1.59905257e-003 4.45784797e-004
    3.53985419e-003 0. 0. 0. 3.26885202e-004 1.39323296e-003
    5.50668780e-003 4.54224966e-004 -1.59159221e-003 0. -2.64240400e-004
    3.29254498e-003 -7.46175006e-004 1.36404682e-003 0. 0.
    2.15835101e-003 0. 0. -1.50689064e-003 1.20718047e-004 0. 0. 0. 0.
    0. 0. 0. -7.66077719e-004 0. 4.30504698e-003 2.46315915e-003
    1.65045902e-003 0. 0. 0. 0. -5.59341686e-004 0. 0. 0.
    1.19126009e-004 1.81137840e-003 0. 1.86822354e-003 0.
    3.56150977e-003 2.80823489e-003 0. 3.25107627e-004 3.45179322e-003
    -2.91413598e-004 0. 0. 3.92100366e-004 -1.12998555e-003
    1.11735682e-003 -1.29277888e-003 0. 1.44917192e-003 1.38300308e-003
    1.13854196e-003 0. -9.21380433e-006 4.03857278e-003 2.72188103e-004
    -1.51234504e-004 0. 1.31080055e-003 0. 0. 0. 3.29025183e-003 0.
    -1.90148107e-003 0. 4.92677325e-003 0. 0. 1.07144506e-003
    1.40115875e-003 0. 1.41378108e-003 4.21653129e-003 0.
    3.02876672e-003 3.03817866e-003 0. 2.75335927e-003 0.
    4.90747811e-003 0. 1.60031510e-003 1.87483302e-003 0.
    5.78608736e-003 7.70952785e-004 1.76898160e-004 0. 0. 0. 0. 0.
    -2.00715382e-004 0. 0. 0. 1.24814245e-003 0. 2.12585670e-003
    4.84833465e-004 1.03140692e-003 0. 0. 0. 8.52734782e-004
    1.74117938e-003 -2.21500476e-003 0. 2.39773514e-003 6.38439273e-003
    1.22543040e-003 0. 0. 1.71352061e-004 0. 0. 9.14706907e-004
    -6.25893299e-004 0. 0. -1.42478035e-003 2.80712818e-004 0. 0.
    7.42340228e-004 0. 0. 6.52497867e-003 0. 6.98805525e-005
    3.64432321e-003 0. 3.18190712e-003 2.66341167e-003 1.34575332e-003
    0. 4.57989564e-003 3.99812497e-003 1.25827605e-003 0. 0. 0. 0. 0.
    2.79833376e-003 2.76889396e-003 1.17507752e-003 0. 4.31198953e-003
    1.49695319e-003 -3.98247183e-004 0. 1.07168249e-004 0. 0.
    8.44381575e-004 0. 6.21601241e-004 2.62216316e-003 0.
    7.42549601e-004 2.86007579e-003 1.55441242e-003 0. 2.36481661e-004
    9.66787047e-004 2.20293106e-004 2.01567728e-003 3.03713698e-003
    4.78751550e-004 0. 1.23637915e-003 5.07458113e-003 3.40254337e-004
    0. 0. 8.94454424e-004 0. 0. 0. 9.55625088e-004 9.72526759e-005 0. 0.
    4.45881160e-003 0. 0. 4.19827597e-003 2.89384188e-004 0.
    7.36068760e-004 0. 0. 0. 8.53652309e-004 0. 2.72130896e-003 0. 0.
    2.90541386e-004 0. 0. 1.41863816e-003 1.55851617e-003
    3.52095230e-003 1.07939239e-003 1.15450809e-003 1.84855179e-003 0.
