<?xml version="1.0"?>
<opencv_storage>
<imageDescriptor type_id="opencv-matrix">
  <rows>1</rows>
  <cols>1000</cols>
  <dt>f</dt>
  <data>
    0. 0. 0. 0. 0. -2.27109599e-003 0. 2.59808823e-003 0. 0. 0. 0.
    7.04338914e-003 0. 2.71807853e-002 0. 0. 1.20333256e-003
    2.90473318e-003 0. 0. 0. -2.23640795e-003 0. 2.67934240e-003
    1.08406099e-003 0. 1.86467171e-003 0. 7.29349907e-003 0.
    2.06634533e-002 -1.70461746e-004 -1.44354859e-003 -3.56061617e-004
    2.11840915e-003 1.37497289e-002 0. 2.49233167e-003 1.24081932e-002
    0. 0. 4.31652414e-003 7.13502115e-004 2.56723701e-003 0. 0. 0. 0.
    8.87301750e-003 0. -3.03335219e-006 1.74041407e-003 0. 0. 0. 0. 0.
    0. 7.63255684e-003 0. 1.72433525e-003 0. 0. 3.90925258e-003 0. 0. 0.
    0. 0. 0. 2.95303646e-003 0. -2.59981491e-003 0. 4.49985079e-003
    2.91081518e-003 0. 0. 2.66882591e-003 2.18098226e-004 0. 0. 0. 0.
    -1.24746119e-004 0. 0. 8.03102390e-004 3.47473146e-003 0. 0. 0.
    1.29878893e-003 0. 3.15371947e-003 0. 0. 0. 0. 0. 0. 0.
    8.75146128e-003 4.87253070e-003 0. 0. 0. 0. 3.64620076e-003
    4.51763859e-003 0. 0. 0. 3.43525107e-003 0. 0. 0. 6.56861393e-003 0.
    0. 1.09066730e-002 0. 0. 0. 5.07387985e-003 0. 0. 0. 0. 0.
    1.65406743e-003 0. 0. 5.43650473e-004 0. 0. 0. 0. 0. 0. 0.
    1.83426365e-002 0. 6.17362326e-003 0. 9.29491315e-003
    -9.39110760e-004 0. 0. 0. 0. 0. 0. 1.42019999e-003 0. 0. 0. 0. 0.
    6.79507793e-004 0. 5.12207276e-004 3.05272862e-002 5.21558290e-003
    0. 1.83349985e-004 -3.04720568e-004 0. 0. 0. 0. 0. 0. 0.
    5.21630514e-003 0. 0. 0. 0. 0. 1.27240946e-003 0. 2.33433512e-003
    -1.63375691e-003 1.66057236e-003 0. 0. 0. 0. 0. -1.98508555e-004
    1.02295796e-003 0. 0. 0. 0. 0. 0. 0. 1.34031463e-004
    -2.12006993e-003 4.34479350e-003 0. 0. 0. 0. 1.24637200e-003 0.
    3.88146378e-003 0. 3.79006844e-003 0. 0. 0. 0. 0. 0. 0.
    -2.01702095e-003 5.81691414e-003 0. -7.29253865e-004 0. 0. 0. 0. 0.
    0. 5.07128378e-003 -1.19304619e-004 9.29109287e-004 3.69591464e-004
    -1.47692598e-002 0. 3.94799188e-003 0. 8.14191590e-004
    2.55252374e-003 0. 0. 0. 1.90903759e-003 0. 0. 3.93107347e-003 0. 0.
    0. 4.12933901e-003 0. 2.30251579e-003 1.10584614e-003 0.
    9.40547907e-004 0. -2.15628440e-003 6.52682385e-004 0. 0.
    2.52558035e-003 0. 8.36913183e-004 8.49426317e-004 0. 0. 0.
    6.28694193e-004 0. 0. 0. 0. 0. 1.25629245e-003 1.51347590e-003
    -1.19096099e-003 2.07825052e-003 0. 0. 3.34613654e-003
    -1.65802205e-003 -4.26939601e-004 5.85859083e-003 0. 0. 0.
    5.80582382e-005 0. 1.07662054e-002 -8.37273314e-004 0. 0. 0.
    2.11484209e-002 2.58052326e-003 2.25511310e-003 0. 6.81433594e-003
    0. 0. 3.42723844e-003 0. 0. 1.69349124e-003 1.18278258e-003 0. 0. 0.
    1.28954125e-003 0. 0. 0. 0. 0. 0. 0. -1.23256483e-004 0. 0.
    -1.73150364e-003 2.87762756e-004 0. 4.01600060e-004 0.
    6.88335916e-004 0. 4.02781239e-004 0. 0. 0. 1.32774469e-004 0. 0.
    1.62416399e-002 0. 0. 0. 9.91289690e-003 3.06534837e-003
    -2.06252793e-004 2.54152855e-003 0. 0. 1.61752775e-002 0. 0. 0. 0.
    0. -6.15475641e-004 0. 0. 0. 0. 1.91179023e-003 0. 0. 0. 0. 0. 0. 0.
    1.07548181e-002 0. 0. -2.47531082e-003 0. 2.19997913e-002
    1.34396448e-003 0. 2.84209789e-004 0. 1.77165435e-003 0.
    -5.52157406e-003 0. 0. 0. 0. 1.25440172e-004 2.27176328e-003 0. 0.
    0. -1.30035146e-003 0. 0. 2.70171161e-003 0. 0. 0. 0. 0. 0. 0.
    8.99797957e-003 0. 0. 4.97948822e-005 0. 2.86295102e-003 0. 0.
    1.31657417e-003 0. 1.13788042e-002 0. 0. 0. 0. 1.65080419e-003 0. 0.
    7.95233529e-004 0. 3.12998029e-003 1.02766585e-002 0.
    2.99599092e-003 0. 0. 0. 0. 0. 1.99641625e-004 0. 0. 3.85006913e-003
    0. 2.93024792e-003 0. 0. 7.45215628e-004 0. 1.02561675e-002
    -1.46475690e-003 0. 0. 0. 0. 0. 1.11717428e-003 0. 8.95602442e-003
    0. 0. 0. 1.89392117e-003 0. 0. 5.54507738e-003 0. 0. 0. 0.
    -5.72089222e-004 0. 0. 1.82333682e-003 0. 2.31366605e-003
    5.90557000e-003 0. 2.88604596e-003 0. 0. 0. 0. 0. 0. 8.08618439e-004
    0. 0. 0. 9.14231350e-004 3.47202906e-004 0. 0. 1.29748201e-002 0.
    8.49249773e-003 -1.30031840e-004 -1.33953220e-003 0. 0. 0. 0. 0.
    7.60064111e-004 -1.14394806e-003 0. 0. 0. 0. 0. 0. 0. 0. 0. 0. 0. 0.
    0. 0. 3.10977269e-003 0. 9.48386441e-004 0. -9.35455377e-004 0.
    1.01395394e-003 0. 9.07266047e-003 0. 0. 0. 0. 3.54931829e-003 0. 0.
    0. 0. 0. 0. 7.15623889e-003 4.40555671e-003 0. 0. 2.76894029e-003 0.
    0. 0. 0. 1.16141429e-002 0. 0. 7.35763973e-003 0. 0. 0. 0. 0. 0. 0.
    0. 0. 0. 2.07097526e-003 0. 0. 0. 0. 0. 0. 0. -1.04211469e-003 0. 0.
    0. 0. 0. 0. 0. 0. 1.96274091e-003 0. 0. 2.07923190e-003
    7.20116193e-004 0. 0. 4.77156742e-003 0. 0. 0. 2.06438522e-003 0.
    1.23479840e-004 3.50982836e-003 0. 3.18366080e-003 1.72220799e-003
    0. 3.91761540e-003 0. 0. 0. 2.73147272e-003 0. 0. 0.
    -6.43287436e-004 0. 0. 0. 0. 0. 9.35568567e-003 0. 0. 0.
    2.14614952e-003 0. 0. 0. 3.86604370e-005 0. 0. 2.57711951e-003
    8.11847486e-003 0. 3.29222530e-003 0. 0. -5.31613827e-004 0.
    3.56209441e-003 0. 0. 0. 0. 0. 1.87417376e-003 0. 0. 0. 0.
    2.37397989e-003 0. 0. 0. 0. 0. 1.21765106e-003 5.75646339e-003
    1.74865928e-002 0. 0. 0. 0. 8.73540062e-003 0. 0. 0. 0.
    2.59209075e-003 0. 0. 0. 1.54683075e-003 3.43302591e-003 0. 0. 0. 0.
    0. 0. 0. -7.41279393e-004 0. 2.42372788e-003 0. 0. -9.26974899e-005
    1.64096225e-002 1.76233542e-003 0. 0. 0. 6.38603559e-003 0. 0. 0. 0.
    0. 0. 0. 0. 0. 0. 0. 3.37742991e-003 0. 0. 7.52208289e-004 0.
    2.82969885e-003 0. 0. 4.48274950e-004 1.57158133e-002 0.
    2.36582942e-003 0. 0. 0. 0. 0. 0. 9.14491527e-003 0. 0.
    3.00754124e-004 0. 1.42974663e-003 0. 0. 0. 0. 0. 0.
    -9.20645078e-004 0. 0. 0. 9.52197297e-004 0. 0. 0. 0. 0.
    7.93849118e-003 7.53950840e-003 0. 0. 0. -3.57144722e-003 0.
    3.34714516e-003 0. 0. 0. 0. 0. 0. 0. 0. 0. 4.63184854e-003 0. 0. 0.
    0. 1.61070272e-003 0. 0. 0. 5.55461040e-003 2.55202875e-003 0. 0. 0.
    0. 0. 3.10998410e-002 0. 0. -1.17791882e-004 1.88511520e-004
    1.38298131e-003 4.27393708e-003 0. 0. 0. 0. 0. 0. -1.88540760e-003
    0. 0. 0. 0. 0. 0. 0. 0. 0. -2.00470953e-004 4.66601551e-003 0. 0. 0.
    0. 0. 3.87587328e-003 0. 2.99345679e-003 0. 3.08047421e-003 0. 0. 0.
    0. 0. 0. 0. 2.62613466e-004 0. 0. -1.36330468e-003 0. 0. 0. 0.
    2.41969177e-003 0. 0. 0. 2.16502091e-003 4.21374291e-003
    -8.01652088e-004 0. 0. 1.57130677e-002 0. 0. 0. 8.10267217e-003 0.
    1.06137083e-003 0. 0. 0. 0. 0. 4.96067398e-004 2.57702335e-003 0. 0.
    0. 0. 0. 0. 0. 0. 0. 0. 0. 0. -2.18899711e-003 0. 0.
    -1.42437144e-004 -2.69782380e-003 3.57884215e-003 0. 8.08773562e-004
    6.72242255e-004 4.46780538e-003 3.20780370e-003 2.50203139e-003 0.
    0. 0. 4.49434947e-003 0. 0. 0. 5.32047357e-003 -4.18729894e-003 0.
    0. 0. 3.33588570e-003 0. 0. 8.16231768e-004 -5.67915384e-004 0.
    8.10625777e-003 0. 0. 0. 0. 0. -1.09798834e-003 0. 0.
    2.47798325e-003 6.30256953e-004 0. -2.44668685e-003 1.80239987e-003
    3.56983772e-004 0. 2.24800780e-003 0. 0. 0. 0. 0. 3.16490559e-003 0.
    1.07324319e-002 0. -3.16157326e-004 2.46166415e-003 0. 0. 0. 0. 0.
    0. 0. 0. 0. 5.06402133e-003 0. 2.98080151e-004 0. 0. 0.
    -3.55218013e-004 0. 1.55323476e-003 0. 0. 2.45300960e-003 0. 0. 0.
    0. 0. 0. 0. 2.49109580e-003 0. 2.18065176e-003 0. 0. 1.47610798e-003
    1.41195767e-003 0. 0. 0. 0. -4.68518032e-004 0. 0. 0. 0. 0. 0. 0. 0.
    0. 2.35777348e-003 3.13738361e-003 0. 2.03073767e-004 0. 0. 0. 0.
    2.07667798e-003 0. 0. 0. 0. 1.48224761e-003 -4.05685231e-003
    1.41743643e-004 1.15162996e-003 0. 0. 0. 0. 0. 0. 0. 0. 0. 0.
    1.80623168e-003 -1.43161672e-003 1.30606873e-003 0. 0. 0.
    9.09940631e-004 8.51779536e-004 1.39325187e-002 1.11439195e-003 0.
    0. 5.29308943e-003 0. 5.99324936e-003 0. 1.77386287e-003 0. 0. 0. 0.
    0. -9.58954042e-004 7.30690220e-003 0. 0. 0.</data></imageDescriptor>
</opencv_storage>
