<?xml version="1.0"?>
<opencv_storage>
<imageDescriptor type_id="opencv-matrix">
  <rows>1</rows>
  <cols>1000</cols>
  <dt>f</dt>
  <data>
    4.51689027e-003 0. 0. 0. 3.03430716e-003 0. 0. 0. 0. 0. 0.
    4.51415079e-003 0. 1.26314175e-003 -3.11596477e-006 4.62646503e-003
    1.58420554e-003 2.60241656e-003 0. 0. 0. 0. 1.22676855e-002 0. 0. 0.
    0. 0. 0. 0. 0. 0. 0. 0. 0. 0. 0. 0. 1.39213633e-003 0. 0.
    8.89144285e-005 0. 0. 9.55267344e-003 0. 0. 6.54117018e-003 0. 0. 0.
    6.80969271e-004 5.19096991e-003 0. 0. 0. 0. 0. 0. -1.61402475e-003
    0. -1.71230029e-004 0. 0. 2.78365589e-003 0. 0. 0. 1.22745000e-002
    0. -1.38754235e-003 0. 0. 1.74537580e-002 3.66058288e-004
    9.01529333e-004 0. 0. 0. 0. 0. 6.89183013e-004 0. 0. 0.
    3.98208387e-003 2.72467290e-003 0. 1.53913745e-003 0.
    -3.72240684e-005 0. 4.75639506e-004 -2.53317721e-005 7.56933214e-003
    1.45842612e-003 0. 0. 0. 4.91237035e-003 0. 0. 0. 2.50056712e-003
    3.51339602e-003 0. 8.54986999e-003 0. 0. 4.44847206e-003
    4.54206299e-003 0. 0. 0. 0. 0. 9.98565694e-004 4.01257072e-003
    2.30749167e-004 5.29783126e-003 -3.10701621e-003 0. -3.20524559e-004
    5.29606827e-003 0. 0. 6.91742345e-004 0. 0. 0. 0. 0. 2.79689766e-003
    4.96485876e-003 0. 0. 0. -1.19696742e-004 4.37139440e-003
    4.13190993e-003 9.25999787e-003 0. -8.69888318e-005 2.74170632e-003
    2.98550818e-003 0. 0. 2.94885365e-003 8.66068644e-004
    2.07738974e-003 2.56601768e-003 -1.93902722e-003 0. 1.67771743e-003
    0. 0. 0. 3.00382404e-003 8.25849595e-004 -5.50209661e-004
    1.12133306e-002 5.00908867e-003 1.63302082e-003 0. 0.
    -4.43871337e-004 0. 0. 1.44144893e-003 1.99009734e-003
    -3.20512848e-003 0. 0. 2.66495394e-003 0. 0. 0. 5.96043328e-003 0.
    0. 0. 2.95298290e-003 -8.89066781e-004 0. 0. 0. 0. 0. 0. 0.
    3.98279121e-003 0. 0. 0. 0. 0. 0. 0. 6.55701989e-003 0. 0. 0. 0.
    2.30443059e-003 0. 0. 0. 0. 0. 1.58443791e-003 -1.05954779e-004
    -1.00750309e-004 6.11489348e-004 3.85348313e-003 3.43620544e-003 0.
    3.59471189e-003 0. 0. 0. 7.16309203e-003 0. 4.94963676e-003 0. 0.
    6.51993963e-004 4.44578985e-003 2.29237485e-003 0. 0.
    6.84285187e-004 0. 0. 0. 0. 0. 5.99096529e-004 0. 3.26020061e-003
    6.45838957e-003 0. 1.74274156e-003 1.20899742e-002 0. 0. 0. 0. 0.
    4.34473949e-003 0. 0. 0. 0. 0. 0. 1.09211006e-003 9.12824878e-004 0.
    0. 0. 4.26615868e-003 0. 9.34524229e-004 0. 0. 0. 0. 0.
    2.41310615e-003 0. -2.33783713e-003 0. 0. 1.54772578e-002
    9.11546592e-003 1.06063636e-003 3.40071344e-003 7.53849698e-003 0.
    0. 0. 5.02031995e-003 2.06292723e-003 0. 0. 2.61041964e-003
    4.27330704e-003 0. 0. -4.21529578e-004 0. 0. -5.98660088e-004 0. 0.
    0. -3.97336662e-005 0. 0. 0. -3.57120502e-004 0. 0. 1.08984439e-002
    7.23804720e-003 5.05694654e-004 0. 2.61276169e-003 0.
    -3.31780553e-004 0. 0. 0. 0. 0. 0. 0. 0. 0. 0. 0. 0. 0.
    6.97150361e-003 3.27598769e-003 -3.32700764e-003 0. 0. 0.
    -9.51347174e-004 0. 0. 1.94316171e-003 0. 0. 0. 0. 0.
    2.72933306e-004 5.45661617e-003 0. -2.97539336e-005 0. 0. 0.
    1.32356491e-003 0. 0. 0. 3.78038292e-003 0. 0. 0. 0. 0.
    3.91141884e-003 0. 9.19055846e-003 0. 5.93502680e-003
    4.63238335e-004 0. 0. 1.06839119e-002 0. 0. 1.64964783e-003 0. 0. 0.
    1.76916050e-003 0. 6.11191709e-003 0. 0. 0. 0. 0. 2.16606492e-003
    -9.01188119e-004 0. 0. 0. 2.27749188e-004 0. 0. 0. 5.02960011e-003
    1.02820639e-004 4.88961209e-003 0. 0. 2.13200762e-003 0. 0.
    1.87276909e-003 9.46891261e-004 0. 0. 0. 0. 0. 0. 3.75350891e-003
    4.54469846e-004 2.03397637e-003 2.81546870e-003 0. 0. 0. 0. 0. 0.
    -3.42576997e-003 0. 0. 5.99130336e-003 0. 0. -3.29307653e-003
    4.38781502e-003 0. 1.83506391e-003 2.44960468e-003 -2.53511756e-003
    1.79894571e-003 2.70924717e-003 0. 0. 3.34173883e-003
    1.50012979e-002 0. 0. 0. 0. 0. 0. 1.54279900e-004 0. 0. 0.
    -1.89597637e-003 4.87700431e-003 0. 0. 0. 0. 0. 0. 0. 0. 0.
    1.43994775e-003 0. 0. 0. 0. 1.26357167e-003 5.97903796e-004 0. 0.
    4.65739332e-003 3.06859124e-003 0. 0. 0. 3.45092296e-004
    -1.41191098e-003 0. 0. 2.00463040e-003 0. 6.55810814e-004 0.
    -1.29276479e-003 0. -9.47777240e-004 0. 0. 0. 1.22104317e-003 0.
    2.09573336e-005 0. 5.89203881e-003 0. 0. 0. 0. 0. 2.27929777e-004 0.
    1.29140180e-003 0. 0. 0. 0. 0. 3.22376727e-003 5.37613546e-003 0. 0.
    4.70702630e-003 1.31287251e-003 0. 2.03609583e-003 0.
    8.97288905e-004 7.08669657e-004 0. 3.30971996e-003 -2.90434971e-003
    0. 1.37246645e-003 5.03547397e-003 8.82512797e-003 0. 0. 0. 0.
    9.71325149e-004 0. -2.79960968e-003 0. 2.18034303e-003 0.
    6.82433043e-003 0. 0. 0. 0. 5.38011314e-003 0. -5.19073685e-004 0.
    0. 0. 0. 0. 0. 0. 0. 0. 0. 0. 0. 1.49267353e-003 0. 2.52908183e-004
    0. 0. 0. 0. 0. 4.21437994e-003 0. 8.25756346e-004 0. 3.52282776e-003
    0. 0. 0. 0. 0. 0. 2.62885448e-003 9.86752450e-004 -1.18669821e-003
    0. 0. 1.44167361e-003 0. 4.86759143e-003 0. 3.27030360e-003
    -1.50036067e-004 -7.86979974e-004 2.60740914e-003 3.92343430e-003
    3.85400816e-003 -2.83647282e-003 9.42064624e-004 1.42795835e-002 0.
    0. 0. 0. 0. 0. 0. 0. -3.00079875e-004 0. 2.35361652e-003 0. 0. 0. 0.
    2.10332731e-003 5.34847938e-003 0. 0. 0. 0. 0. 0. 0. 0.
    3.13882157e-003 0. 0. 8.95538367e-003 0. 0. 0. 0. 0.
    -2.02999241e-003 4.89179452e-004 0. 1.12574408e-002 0.
    2.51715421e-003 0. 0. 2.56500277e-003 0. 0. 0. 0. 0. 6.83728285e-005
    0. 0. 7.58942973e-004 0. 2.11953651e-003 0. 0. 2.45581078e-003
    1.94080884e-003 0. 3.13119311e-003 2.68565072e-003 3.75274313e-003
    0. 0. 0. 0. 0. 0. 0. 0. 0. 0. 3.43057117e-003 3.13252024e-003 0. 0.
    -2.17467127e-003 6.10073982e-003 1.45162013e-003 5.11375116e-003 0.
    5.35963476e-003 0. 9.13814350e-004 0. 1.71463110e-003 0. 0. 0. 0.
    2.55968771e-003 0. 0. 2.22960510e-003 0. 8.80732574e-003
    -3.64250736e-003 0. 0. 9.90910921e-005 0. 5.60205663e-003
    -1.97914848e-003 0. 0. 0. 1.03358028e-003 -2.84177833e-004
    -1.83468929e-003 0. 0. 0. 5.60368178e-003 0. 3.94034339e-003 0.
    1.04080338e-003 0. -6.38666961e-007 0. 1.56563194e-003
    -3.25645041e-003 0. 0. 0. -1.31227760e-004 0. 0. 0. 0. 0. 0. 0. 0.
    0. 8.86356831e-003 0. 0. -1.42780118e-004 0. 6.21905038e-003 0. 0.
    0. -7.43120851e-004 0. 0. 0. 0. 2.07257830e-003 0. 0. 0. 0.
    1.84172729e-003 0. 0. 0. 1.82062911e-003 0. 2.26991181e-003 0.
    3.19483713e-003 4.11530212e-003 3.56412027e-003 0. 0. 0. 0.
    -2.54139840e-003 0. 0. 7.20679294e-004 0. 0. 6.06879499e-003 0.
    2.19156384e-003 1.77442597e-003 0. 0. 0. 0. 0. 2.59500509e-003 0.
    2.59620300e-003 3.47256684e-003 0. 0. 5.53097948e-003 0. 0. 0. 0. 0.
    0. 0. 5.00749005e-003 0. 0. 7.45246280e-003 0. 0. 0. 4.68748435e-003
    -2.01527437e-004 0. 2.16918858e-003 0. 4.63446742e-003
    2.06494424e-003 0. 0. 0. 0. 5.76780003e-004 0. 7.47493526e-004
    -2.69107311e-003 0. 0. 3.62702273e-003 0. 0. 2.43136007e-003 0. 0.
    1.99003541e-003 0. 7.80672301e-003 0. 3.64547176e-003 0.
    5.28267445e-003 0. 1.03876670e-003 0. 0. 0. 1.18367197e-002 0. 0. 0.
    0. 0. 4.96338634e-003 0. 0. 0. 4.28371318e-003 0. 2.10410869e-003
    -7.07748905e-003 0. 0. 1.42510829e-003 3.58786923e-003 0.
    3.30267986e-003 -4.89551155e-003 1.49354001e-003 0. 0. 0. 0. 0.
    1.77724462e-003 0. 0. 0. 0. -3.64720589e-003 4.12239134e-003 0. 0.
    0. 0. 0. 0. 5.95324673e-003 1.32986868e-003 0. 0. 0. 0.
    3.94388614e-003 4.61367005e-003 0. -6.48912333e-004 0. 0.
    2.10154848e-003 1.17962481e-003 0. 0. 0. 0. 6.04743836e-003
    1.93834235e-003 0. 0. 2.05746270e-003 0. 0. 0. 0. 3.26311309e-003 0.
    0. 0. 0. 3.56526650e-003 0. 0. 3.30155424e-004 1.48621015e-002 0. 0.
    0. 0. 0. 0. 0. 0. -9.60773614e-004 1.29993283e-003 8.12921114e-003
    -2.41474248e-003 0. -6.22245949e-004 1.80570059e-003 6.88983407e-003
    6.57260744e-003 0. 0. 0. 0. 0. 0. 0. 0. 1.33510435e-003 0.
    4.70330985e-003 3.92691698e-003 0. 0. 0. 0. 0. 0. 0. 0. 0.
    2.56264675e-003 0. 0. 0. 0. 0. 0. 0. 0. 0. 0. 0. 0. 0. 0. 0.
