<?xml version="1.0"?>
<opencv_storage>
<imageDescriptor type_id="opencv-matrix">
  <rows>1</rows>
  <cols>1000</cols>
  <dt>f</dt>
  <data>
    0. 0. 0. 1.17537030e-003 1.64033228e-003 5.48273977e-003
    1.30237266e-003 0. 0. 2.80822441e-003 0. 3.31409916e-004 0.
    1.25993567e-003 0. 5.18864254e-003 0. 0. 1.01573234e-004
    4.61310660e-003 0. 0. 0. 2.65866704e-003 5.67964511e-003 0. 0. 0.
    1.46636611e-003 0. 0. -5.40520938e-004 4.17963183e-003
    2.74510006e-003 0. 0. 0. 0. 0. 0. 4.52816050e-004 4.94834821e-005
    1.26343465e-003 0. 9.18115897e-004 0. 0. 0. 0. 4.15984541e-003 0. 0.
    3.54343699e-003 0. 1.02160743e-003 0. 0. 0. 0. 5.80651278e-004
    5.16247656e-003 4.67287889e-003 -1.21457083e-003 4.83095134e-003
    2.72617838e-003 1.06192532e-003 1.05483122e-002 9.22460225e-004
    1.41620100e-003 1.27128873e-003 8.45199451e-004 1.47624325e-003 0.
    -7.38519011e-004 9.59777331e-004 1.95015816e-003 0. 6.79162738e-004
    0. -1.02853787e-003 -1.66545284e-003 1.46687659e-003 9.17970727e-004
    0. 1.17151777e-003 0. 1.73742312e-003 5.13463141e-003
    1.90415932e-003 9.37298290e-004 1.92546635e-003 6.60691730e-005
    8.38276988e-004 8.80605076e-004 1.18510984e-003 0. 0.
    6.94154948e-003 2.26616650e-003 0. 4.17822646e-003 0.
    -2.76970025e-003 0. 4.47491091e-003 0. 5.65403653e-003 0.
    3.90045927e-004 2.85164779e-003 1.05414623e-002 0. 0.
    2.47519370e-003 2.69294786e-003 5.31187188e-003 4.17776901e-004 0.
    1.94603903e-003 4.83659562e-003 2.07185769e-003 3.01548024e-003
    7.23054050e-004 -1.16963703e-004 4.72727959e-004 0. 0. 0. 0.
    1.30091596e-003 0. 1.13393122e-003 0. 3.06756934e-003
    5.94212674e-003 1.86793203e-003 0. 0. 0. 5.85305039e-004 0.
    -6.12654665e-004 1.88687269e-003 0. 0. 3.20227700e-004 0. 0.
    5.68473013e-003 1.53837237e-003 -1.30906352e-003 0. 1.30384485e-003
    4.86986618e-003 0. -7.92568171e-005 8.76396615e-003 4.08262387e-003
    0. -1.74852891e-003 0. 2.58529652e-003 0. 0. 2.81985092e-004
    1.17946928e-003 8.88772251e-004 1.47767656e-003 0. 0.
    3.51293449e-004 4.50130273e-003 1.52911572e-003 0. 7.80977425e-004
    -2.73930258e-003 0. 9.48543893e-004 0. 0. 1.42406489e-005 0. 0. 0.
    1.74190244e-003 1.13198697e-003 7.61279603e-004 -7.23063597e-004 0.
    0. 0. 1.72704714e-003 0. 4.61225770e-003 1.97110395e-003 0.
    5.57497260e-004 2.51564430e-003 2.68367445e-003 0. 4.19175671e-003
    3.29157244e-003 0. -7.63304299e-004 2.56187445e-003 0.
    2.72635277e-003 4.52828361e-003 0. -5.92339347e-005 0.
    2.41707196e-003 0. 0. 0. -2.63616419e-003 0. 2.22180760e-003 0.
    8.83935485e-004 0. 0. 4.19794145e-004 2.45444546e-003
    1.99806690e-003 0. 0. 2.49284040e-003 0. -1.06184848e-003
    3.67334374e-004 1.13225286e-003 1.55555001e-002 2.58409441e-003 0.
    0. -2.24403178e-004 0. 0. 0. 0. 0. 0. 0. -1.07251329e-003 0.
    1.78755203e-003 0. 0. 6.21669402e-004 0. 0. 0. 0. 0. 1.77076130e-004
    0. 0. 3.03911325e-003 1.76536720e-002 0. 1.86871766e-004 0.
    4.22958937e-003 0. -8.47059535e-004 -2.50296463e-004 7.13301415e-004
    5.88276365e-004 0. 8.18957749e-004 2.91205151e-003 6.06738590e-003
    1.28076144e-003 0. 6.89613353e-003 1.79989741e-003 4.38269787e-003
    0. 1.75333838e-003 0. 0. 1.47125611e-004 -1.22047655e-004
    1.83177704e-003 3.47933173e-003 1.16246368e-003 5.63387875e-004
    -2.24365131e-003 7.49923801e-003 1.43862388e-003 7.23322760e-003
    -3.98585486e-004 2.43920740e-003 0. 6.99959463e-004 9.90564818e-004
    2.28196150e-003 6.21728366e-004 0. 4.36250074e-003 0. 0. 0. 0. 0. 0.
    1.06452801e-003 1.81417703e-003 4.19262622e-004 5.74378623e-003
    -4.24329744e-004 6.15355372e-003 0. 2.79396423e-003 5.02329692e-003
    1.05022406e-003 0. 0. 1.47736399e-003 1.30642392e-003
    1.36685930e-003 4.45776712e-003 2.91958801e-004 2.47818674e-003
    1.23768067e-003 5.15056169e-003 5.80103660e-004 0. 1.09151215e-003
    4.97742789e-004 0. 0. 1.02004381e-002 -2.82871715e-005 0.
    -1.83155906e-004 0. 0. 3.28275724e-004 0. 9.78350989e-004 0. 0. 0.
    0. -6.34345284e-004 0. -6.39936829e-004 3.33093829e-003
    2.00967467e-003 0. 2.61260779e-004 5.23212890e-004 0.
    6.67773304e-004 1.32605585e-003 0. 2.93606124e-003 0. 0.
    5.58461668e-003 -1.50525928e-004 8.23707378e-004 0. 0.
    5.10176038e-003 -3.80360492e-004 0. 0. 0. 0. 0. 2.29878630e-003
    8.79302062e-003 0. 0. 0. 2.03811273e-004 -8.12719300e-005 0. 0. 0.
    -2.32985499e-003 0. 0. 0. -5.37703105e-004 -1.00515143e-004 0. 0.
    3.99260782e-003 0. 1.12644467e-003 0. 1.68844138e-003
    4.35238797e-003 -2.56186504e-005 1.60537218e-003 0. 5.45797462e-004
    -1.44172064e-003 1.79803360e-003 -9.72236594e-005 0. 1.00123545e-003
    3.07387300e-003 0. -3.47508438e-004 3.27621843e-003 0.
    4.41416167e-004 0. 3.00286221e-004 1.10059557e-003 8.47762357e-003
    9.60416335e-004 3.77234397e-003 0. 0. 0. 1.93577039e-003
    -1.11886882e-003 0. 1.85784616e-003 4.75411769e-004 0. 0. 0.
    1.51549338e-003 9.03608627e-004 0. 0. 2.10981537e-003
    2.95242248e-003 0. -1.00315758e-003 1.58807694e-003 -9.16092657e-004
    0. 0. 0. 0. 1.67651835e-003 0. 0. 0. 3.21004627e-004 1.82822580e-003
    1.50622381e-003 1.14787277e-003 1.53810938e-003 6.56779669e-003
    4.07158816e-003 0. 0. -4.01790428e-004 8.43195361e-004
    6.71721809e-003 5.20629715e-003 0. 0. 0. 0. 0. 0. 3.43722175e-003
    -7.05043087e-004 0. 0. 0. 0. 1.86073978e-003 9.12935648e-004
    8.17348016e-004 2.69428361e-004 -6.28496171e-004 9.85958846e-004 0.
    0. 2.64089089e-003 1.19068427e-003 0. 2.33864223e-004 0. 0.
    3.50009883e-004 1.84547214e-003 0. 0. 0. 6.07977097e-004
    6.42479770e-003 0. 0. 1.21811242e-003 0. 0. 0. 0. 6.60637673e-003 0.
    -1.66694878e-003 0. 0. 1.98826985e-003 -2.19732430e-003 0. 0.
    -7.31622567e-004 0. 0. 3.65204364e-003 0. 0. 5.31483442e-003
    4.78716567e-004 0. 3.55994608e-003 0. 0. 4.90933144e-003 0.
    5.04414830e-003 1.48886885e-003 0. 2.69897608e-003 8.81138665e-004
    0. 0. 5.84194320e-004 0. 9.26481502e-004 0. 2.63668178e-003
    1.37833646e-003 0. 0. -8.42970039e-004 0. 0. 0. 0. 3.31144343e-004
    0. 9.68456035e-004 0. 0. 1.98260415e-003 0. 1.49183371e-003 0. 0.
    4.46839491e-003 0. 0. 2.06859922e-003 0. 5.48751652e-003 0.
    3.57381394e-003 0. 0. 1.15441449e-003 1.51854230e-003 0. 0. 0. 0. 0.
    0. 6.94515184e-004 2.38348148e-003 0. 0. -1.06788392e-003
    3.82971746e-004 4.26327111e-003 0. 0. 5.26074506e-003
    -5.23216659e-005 0. 6.07708236e-004 7.61451386e-003 0. 0. 0. 0.
    -4.86205157e-004 2.34808750e-003 8.24413961e-004 0. 0.
    7.26603391e-003 3.22662969e-003 0. 1.47238479e-003 1.05373291e-002
    2.35224050e-003 0. 0. 0. 0. 0. 4.63701348e-004 0. 0. 3.60522070e-004
    -3.82815488e-004 0. 0. 1.35950744e-003 -1.72612839e-004
    2.81811866e-004 0. 1.96153575e-004 0. 3.14343721e-003 0. 0. 0. 0. 0.
    1.71292608e-003 5.83723048e-003 -2.20455055e-004 3.80515208e-004 0.
    2.74745910e-003 2.28858786e-003 -1.68518210e-003 0. 0. 0.
    2.99215346e-004 0. 5.19482885e-003 0. 4.50526457e-003 0. 0.
    1.35814061e-003 1.44790276e-003 0. 6.89103734e-003 0. 0. 0. 0.
    4.39189200e-004 0. 0. 8.73279932e-004 5.38482855e-004 0.
    -1.96753346e-004 -2.63684662e-004 1.15678636e-002 0. 0.
    1.77902961e-003 7.69762788e-004 9.18804843e-004 2.35984172e-003 0.
    0. 0. 0. 0. 1.86430418e-003 0. 1.85278361e-003 1.35172298e-003
    1.16800482e-003 -4.87499026e-004 0. 0. 0. 9.33466436e-005
    1.42189686e-003 0. 0. 0. 0. 0. 0. -5.15233492e-004 0.
    5.57244057e-003 4.56775026e-003 3.65553121e-003 0. 0.
    1.40250206e-003 0. 0. 8.25705181e-004 0. -8.24717979e-004
    1.73033826e-004 0. 4.93199739e-004 4.14138485e-004 0. 0. 0.
    8.48105876e-004 0. 0. 0. 3.63913993e-003 0. 8.60260741e-004 0. 0.
    3.29326093e-003 3.17554618e-003 2.76938966e-003 0. 0.
    5.10949083e-003 0. 3.72264045e-003 4.56389366e-003 0. 0.
    7.47945509e-004 0. 2.11114343e-003 0. 0. 0. 2.70858756e-003
    1.64094928e-003 0. 1.29676599e-003 4.97556897e-003 3.69270146e-003
    1.08463143e-003 0. 4.30399273e-003 0. 2.00921833e-003 0. 0.
