<?xml version="1.0"?>
<opencv_storage>
<imageDescriptor type_id="opencv-matrix">
  <rows>1</rows>
  <cols>1000</cols>
  <dt>f</dt>
  <data>
    8.60507833e-004 0. 5.99413062e-004 0. 1.03310915e-003
    4.40149894e-003 0. 8.56962404e-004 0. 0. 5.91776706e-003
    1.03043288e-003 4.78534307e-003 6.19225553e-004 6.21063123e-003 0.
    0. 1.74414914e-003 0. 0. 0. 5.00865933e-003 -5.20392729e-004
    1.37021439e-003 0. -6.99632874e-005 1.53424051e-002 0.
    1.03291586e-005 0. 9.22453473e-004 0. 9.43110790e-004
    5.33188414e-003 0. 8.36366042e-003 2.49062432e-004 0. 0.
    -5.62482383e-005 0. 2.67936708e-003 0. 2.29954207e-003
    1.79575742e-004 -3.62398510e-004 -8.13728431e-004 5.73947385e-004
    1.77607313e-003 -1.68338639e-003 2.21816474e-003 8.20681744e-004 0.
    1.69778068e-003 0. 0. 0. 5.69636328e-003 0. -8.20194327e-005
    -9.19074155e-005 0. 0. 0. 0. 0. 4.22421988e-004 0. -3.13309021e-004
    5.73908503e-004 3.45559325e-003 1.98840140e-003 4.29959921e-003 0.
    1.05486403e-003 0. 0. 0. 9.88778658e-004 -4.97055589e-005
    -2.75071885e-004 0. 4.76395292e-003 4.16769646e-003 0. 0. 0. 0. 0.
    0. 7.58509035e-004 3.05682258e-003 6.77932985e-003 0. 0. 0. 0.
    9.15278157e-004 0. 0. 0. -6.31153700e-004 0. 2.60651833e-003
    1.80472434e-003 2.02466804e-003 0. 5.56158787e-003 0.
    5.01818489e-004 3.10052722e-003 3.81093333e-003 0. 6.59469573e-004
    0. 0. -4.73670400e-004 0. 1.76979811e-004 5.01692528e-004
    2.77714658e-004 2.33504968e-003 0. 0. 0. 1.60441792e-003 0. 0. 0.
    5.40736085e-003 0. 0. 0. 0. 0. 0. 0. 1.61600648e-003 0.
    3.80497775e-003 1.07758120e-003 0. 0. 2.03720829e-003 0. 0. 0. 0. 0.
    3.00779240e-003 1.41059991e-003 2.68650986e-003 1.73548306e-003
    2.32815882e-003 1.02155386e-002 0. -7.66017358e-004 0.
    8.16496613e-004 0. 1.71895348e-003 0. 0. 0. 9.23748768e-004
    -2.68815696e-004 4.77902777e-003 0. 0. 2.43135542e-003
    7.99380883e-004 0. 0. -3.68196721e-004 0. -1.95844821e-003
    5.60371671e-003 -3.12640128e-004 1.59199652e-003 2.20648060e-003
    5.18255867e-004 0. 0. 0. 0. 0. 2.62775757e-006 -1.14526378e-003
    5.29420620e-004 5.65678719e-003 0. 2.06551910e-003 5.99365274e-004
    0. 0. 3.05843982e-003 0. 7.68771674e-003 0. 0. 1.05613365e-003 0. 0.
    1.60600652e-003 -5.35051040e-005 0. 2.78661144e-004 2.99392035e-003
    5.35539351e-004 2.48272531e-003 0. 3.39507358e-004 0. 0.
    4.32550488e-003 0. 6.17975974e-003 3.96985980e-003 -6.19394763e-004
    0. 0. 0. 0. 1.01144460e-003 1.65691401e-003 0. 3.34611605e-003 0.
    2.77113006e-003 0. 0. 6.36985642e-004 8.20384186e-004 0.
    5.62203676e-003 0. 0. 0. 9.92995338e-004 0. 1.79510811e-004 0.
    5.76549268e-004 -3.62406601e-004 1.66062778e-003 0. 0.
    1.13751984e-003 0. 3.63887241e-003 4.19530756e-004 0.
    7.79852620e-004 3.95808776e-004 0. -5.94917510e-004 1.58135814e-003
    0. 0. 4.98654961e-004 1.58347830e-004 0. 1.03043043e-003 0. 0. 0. 0.
    -8.91341624e-005 0. 0. 0. 1.03193044e-003 0. 3.31035291e-004
    4.26756311e-003 3.80687241e-004 0. 0. -6.34594820e-004 0. 0.
    -7.23609584e-004 0. 0. 0. 5.69929369e-003 1.12110435e-003
    1.98229518e-005 -5.66638482e-004 0. 3.05106700e-003 4.07853350e-003
    -2.87190895e-004 1.21735735e-003 7.34828413e-004 6.12825446e-004 0.
    1.07039086e-004 0. 2.51464662e-003 -8.71620316e-004 3.26284120e-004
    0. 5.29739831e-004 -5.95760393e-005 1.50595116e-003 6.90060714e-003
    0. 0. 0. 0. 1.55793864e-003 0. 0. 0. 1.80265505e-003 0.
    -4.66743877e-005 1.22916629e-003 0. 0. 3.16201872e-003 0.
    6.57678000e-004 0. 0. 1.29565317e-003 2.34778132e-003
    4.70549660e-003 3.56054865e-003 1.17223803e-003 2.37509236e-003
    -6.55037933e-004 0. 0. -5.30765275e-004 0. 0. 5.70414588e-003 0.
    -1.27782696e-003 9.65459505e-004 5.20458561e-004 0. 0. 0.
    -2.65206298e-004 7.75336404e-004 0. 0. 0. -1.43145595e-003 0.
    4.95655288e-004 0. 0. 0. 0. 0. 4.79774363e-003 -1.47379804e-004 0.
    5.74272650e-004 0. 1.45316089e-003 2.12389277e-003 2.52522249e-003
    0. 0. 0. 0. -1.20874040e-003 0. 0. 0. 0. 0. 0. 9.72507172e-004 0.
    -1.90760160e-003 -7.89941754e-004 1.54314458e-003 0. 0.
    4.51038778e-003 9.82446596e-003 0. 2.95728358e-004 6.91954221e-004
    0. 0. 0. 0. 0. 0. 1.79064844e-003 4.81537747e-004 0. 0. 0.
    1.42940087e-003 4.07860288e-003 6.47434965e-004 0. 0. 0. 0.
    9.12970630e-004 0. 9.35191929e-004 4.60833631e-004 0.
    3.59189208e-003 0. 4.80676163e-003 6.77275006e-004 0. 0.
    2.34228442e-003 0. 0. 4.08626860e-003 0. 0. 3.82111850e-003 0. 0. 0.
    0. 1.84681208e-003 0. 0. -3.45031638e-003 1.11297341e-002
    4.93656890e-003 8.43431428e-003 -9.54103889e-004 -7.92901919e-005
    1.49776926e-003 0. 2.05734419e-003 0. 4.09980491e-003
    2.00686409e-004 0. 0. 0. 2.92794663e-003 0. 1.47334789e-003
    4.88397386e-003 -6.26098248e-004 1.12362066e-003 6.16397196e-003 0.
    4.73135989e-003 0. 1.93492335e-003 3.54882888e-003 0. 0. 0. 0. 0.
    9.25707398e-004 0. 9.64318286e-004 -1.52143810e-004 0. 0. 0. 0.
    4.71503055e-003 0. 9.62184742e-004 0. 0. 0. 0. 0. 9.98739968e-004 0.
    0. 0. 1.33904617e-003 0. 9.33434069e-003 0. 0. 4.66119451e-003
    4.12387447e-003 1.21161586e-003 4.22103703e-003 2.51777191e-003
    4.39562323e-003 -3.77440685e-003 0. 0. 0. 1.39921275e-003 0. 0.
    5.61311492e-004 -3.41227249e-004 -4.05158062e-004 0. 0.
    3.56433238e-003 0. 0. 1.49347656e-003 0. 4.96604014e-003 0.
    4.93930012e-004 0. 0. 5.61447407e-004 0. 0. -2.39404428e-004 0. 0.
    0. 0. 4.90094302e-004 0. 2.18349625e-003 0. 0. 3.26654059e-003
    8.17865366e-005 1.07832225e-002 0. 0. 9.58061428e-004 0.
    4.18686215e-003 6.52412302e-004 1.11650408e-003 0. 0. 0.
    9.00317507e-004 -1.58962258e-003 0. 0. 2.76037306e-003
    5.76836930e-004 2.74982653e-003 3.18091339e-003 0. 0. 0.
    -7.46719306e-004 0. -4.55500762e-004 0. 7.26997200e-003
    -2.58452783e-004 8.70047603e-003 0. 0. -1.76174042e-003
    1.37426774e-003 0. 1.24160812e-004 1.46056828e-003 0.
    1.16459385e-003 0. 0. 1.46742174e-002 7.63781019e-004 0.
    5.36109181e-003 1.00107025e-003 0. 8.12480284e-004 0.
    -4.87361423e-004 0. 6.87042077e-004 3.32675129e-003 6.64619822e-003
    0. 0. 1.02159325e-002 0. 3.67325149e-004 0. 0. 6.86971762e-004 0.
    3.79557954e-003 0. 1.27333595e-004 0. 0. 1.45602645e-003 0.
    -6.22854568e-004 0. -2.59214703e-005 7.51665561e-004 0.
    1.08082182e-004 9.43672145e-004 1.64993748e-003 1.47667865e-003 0.
    0. 4.23023477e-003 0. 0. 0. 7.01830606e-004 0. 0. 1.23833434e-003 0.
    -2.67609016e-006 0. 9.02476953e-004 -6.03157619e-004 2.23988993e-003
    0. 0. 1.48580279e-004 0. 6.58484234e-004 4.04623616e-003 0. 0. 0. 0.
    0. 6.21467596e-003 1.01680802e-002 0. 0. 0. 0. 0. 0. 0. 0. 0.
    2.10053872e-006 0. 0. 0. 0. 0. 0. 0. 0. 2.74910475e-003
    1.13064179e-003 4.31493483e-003 2.57499563e-003 0. 1.33106625e-003
    0. 0. -8.47240852e-004 1.46793423e-003 0. 3.64158506e-004 0. 0.
    -9.83928447e-004 3.14677204e-003 -1.74434320e-003 0. 5.88618824e-003
    0. 0. -8.18564964e-004 6.55768253e-003 9.04054905e-004
    1.92940037e-003 5.17838448e-003 0. 4.67648264e-004 0. 0.
    4.51831520e-003 0. 0. 0. 0. 0. 0. 1.91200792e-003 0. 4.38985508e-003
    0. 7.71113252e-003 0. 0. 0. 0. 3.81044392e-003 7.65991444e-003 0. 0.
    0. 0. 9.63238627e-003 0. 5.72272390e-003 0. 0. 8.53343343e-004
    3.94324074e-003 0. 3.34041426e-003 0. -1.43565983e-003 0. 0. 0. 0.
    6.61601406e-003 4.08813998e-004 0. 0. 4.54281550e-003 0. 0. 0. 0. 0.
    0. 2.34172447e-004 0. 6.75509591e-003 3.04522924e-003
    6.51058392e-004 1.47439865e-003 4.71142726e-003 0. 0. 0. 0. 0. 0. 0.
    0. 0. 1.40648196e-003 2.60306010e-003 0. 0. 0. 0. 3.03291599e-003 0.
    2.12905928e-003 7.14044599e-003 1.49853306e-003 1.35847693e-003
    5.26664592e-003 1.47329038e-002 4.31161700e-003 0. 8.32354557e-003
    5.34204126e-004 5.73344249e-003 1.79896795e-003 1.50794018e-004 0.
    0. 0. 1.62954722e-003 0. -4.35158901e-004 0. 0. 0. -8.00624024e-004
    2.09703948e-003 -8.35225801e-004 0. 0. -6.60036807e-004
