<?xml version="1.0"?>
<opencv_storage>
<imageDescriptor type_id="opencv-matrix">
  <rows>1</rows>
  <cols>1000</cols>
  <dt>f</dt>
  <data>
    0. -2.45579588e-003 0. 0. 5.22014394e-004 0. 0. -1.39738971e-004
    6.40291022e-003 0. 1.42798049e-003 0. 1.44917169e-003 0. 0. 0. 0. 0.
    0. 0. 0. -2.96841864e-003 0. 0. 0. 0. 6.37338730e-003 0.
    2.83587305e-003 0. 3.00625945e-003 6.06290437e-003 0. 0.
    3.34035978e-003 1.39562879e-003 9.71263088e-003 0. 1.50674512e-003
    3.71762482e-003 0. 0. 0. 4.27787146e-003 5.30335295e-004
    1.01697224e-003 3.36400443e-003 0. 0. 0. 0. 4.26426437e-003
    5.42791327e-003 0. 0. 0. 0. 0. 6.47985656e-003 0. 1.41999533e-003 0.
    0. 6.01714570e-003 9.31977353e-004 0. 6.93334406e-003
    7.03888247e-003 -3.16188962e-004 5.53710677e-004 3.43877426e-003 0.
    0. 0. 0. 1.54399325e-003 0. 1.05830776e-002 0. 4.81308252e-003
    6.57814182e-003 0. 1.30502856e-003 0. 0. 0. -1.09003019e-003 0.
    2.47232802e-003 2.25382484e-003 0. 0. 6.80678524e-003 0. 0.
    7.98431505e-003 0. 4.93127573e-003 0. 2.80317664e-003
    -2.20215079e-004 4.05823486e-003 0. 0. 0. 5.31021040e-003
    2.10174895e-003 0. 0. 0. 5.31479716e-004 1.57545544e-002
    1.53556478e-003 0. 0. -3.81114543e-003 3.81255010e-003 0.
    1.56904236e-004 0. 4.99453908e-003 0. 1.59182923e-003
    1.78135408e-003 1.44474942e-003 0. 0. 1.01454835e-002 0. 0.
    9.46603157e-003 0. 0. 2.71721324e-003 6.07272331e-003 0. 0.
    1.35862734e-003 0. 5.36792213e-004 0. 0. -3.42517998e-003 0. 0.
    6.60775229e-003 0. 0. 2.12352281e-003 0. 0. 6.60612248e-003 0.
    1.27633708e-003 0. 1.12583546e-003 0. 0. 7.45800324e-003 0. 0.
    3.95768229e-003 1.72334223e-003 0. 0. 0. 0. 0. -5.74268354e-003 0.
    0. 0. 3.64214415e-003 -2.03620386e-003 0. 0. 0. 0. 4.66738158e-004
    2.48613465e-003 1.82043028e-003 0. -2.11267709e-003 4.17724345e-003
    6.45824615e-003 0. 0. 1.72206818e-003 1.73032440e-005
    4.63452982e-003 0. 1.09635631e-003 0. 6.36838551e-004 0. 0. 0. 0.
    2.60217278e-003 0. 0. 0. 0. 0. 0. 5.61098452e-004 -1.84082135e-004
    0. 0. 8.81612673e-003 0. 0. -1.67619204e-003 3.78922257e-003 0. 0.
    0. 0. 0. 2.47266679e-003 0. 2.01692502e-003 0. 0. 0. 4.65255434e-004
    0. 0. 0. -9.84736718e-004 0. 0. 0. 0. 0. 0. 0. 0. -1.40526530e-003
    7.81011593e-004 0. 8.92776065e-004 2.46753846e-003 0.
    3.76192434e-003 0. 0. 1.55654177e-003 0. 0. -2.71121180e-003 0. 0.
    0. 0. 1.48206332e-003 0. -6.89443550e-004 0. 1.03274398e-002
    -1.45787245e-003 0. 0. 0. 0. 0. 0. 0. 0. -2.86866701e-003 0. 0. 0.
    0. 0. 1.26275104e-002 -6.26431662e-004 1.05005857e-002 0. 0.
    5.28784748e-003 0. 3.58183403e-003 0. 9.01736040e-003 0. 0. 0.
    2.35203351e-003 1.50812545e-003 0. 0. 1.65870029e-003
    -2.07853434e-003 4.11998061e-003 0. 0. 0. 0. 0. 0. 0. 0. 0.
    1.23497553e-003 4.32145502e-003 6.24043262e-003 0. 0. 0. 0. 0.
    -5.41824033e-004 0. 0. 1.07348280e-003 2.30915449e-003
    3.53979785e-003 3.09319701e-003 0. 1.07267573e-002 1.43172091e-003
    0. 4.72234609e-003 0. 0. 0. 0. 0. -2.77322310e-004 0.
    -1.79767236e-003 2.78924068e-004 0. 0. 5.11367247e-003 0. 0.
    3.25633772e-003 0. 0. 0. 0. 0. 0. 2.59002601e-003 0. 0. 0.
    6.06140075e-003 0. 0. 0. 0. 0. 0. 5.79244597e-003 0. 0. 0.
    6.55214861e-003 0. 0. 1.93285628e-003 0. 0. 0. 0. 0. 0.
    2.69090640e-003 0. -2.21405571e-004 1.01629766e-002 0.
    6.08747033e-003 1.06169202e-003 0. 0. 0. 0. 2.11705826e-003 0.
    1.04025844e-002 0. 0. 0. 0. 0. 7.70217692e-003 6.08300650e-003 0.
    -1.45660897e-005 0. 0. 0. 0. 4.04614257e-003 0. 0. -3.85875581e-004
    8.90257477e-004 0. 0. 0. 0. 1.81469449e-003 -1.18270062e-003 0. 0.
    0. 3.33881238e-003 0. 0. 0. 0. 0. 6.87614840e-004 0. 8.65825627e-004
    0. 0. 3.41731845e-003 0. 6.63909735e-003 0. 5.60727250e-003 0. 0. 0.
    4.58149798e-003 2.21793726e-003 0. 0. -1.34361652e-003
    8.80223888e-005 0. 0. 1.28782690e-002 0. 0. 0. 0. 6.03213161e-003 0.
    0. 0. 6.37940178e-003 0. 0. 0. 5.76974917e-003 0. 0. 0. 0. 0. 0.
    9.99196060e-003 8.18499830e-003 2.79390346e-003 0. 0.
    4.13450692e-003 6.77843671e-003 0. 1.93346920e-003 1.60043593e-003
    0. 3.05425073e-003 0. 3.29829194e-003 6.70463918e-003
    6.93126908e-003 0. 0. 3.06679984e-003 6.38771337e-003 0. 0. 0. 0. 0.
    0. 1.94814435e-004 0. 0. 0. 0. 2.50235433e-003 5.47744427e-003 0. 0.
    -5.20375965e-004 0. 0. 0. 0. 5.46715630e-004 1.42732018e-003
    -4.42710414e-004 5.77451149e-003 1.36971241e-003 0. 1.45518535e-003
    1.55581671e-004 1.67587146e-004 0. 0. 0. 0. 0. 0. 0. 0. 0.
    1.50867540e-003 0. 3.75812873e-003 0. 0. -1.37042883e-003
    5.36757614e-003 0. 2.19395082e-003 0. 0. 0. 8.02967406e-004 0. 0. 0.
    0. 0. 0. 0. 2.87751696e-004 2.84450507e-004 0. 5.73039334e-003 0. 0.
    7.25482125e-004 0. 6.39472762e-003 0. 0. 0. 0. 4.70669329e-005
    1.05917461e-004 0. 4.47812665e-004 0. 0. 0. 0. 0. 0. 2.97545828e-003
    0. 0. 0. 2.82946229e-003 0. 5.94936498e-003 3.20258271e-003 0.
    6.13297848e-003 0. 0. -3.07244954e-005 2.80360063e-003
    9.07763559e-003 0. 0. 4.64320555e-003 0. 0. 0. 0. 0. 1.68640795e-003
    8.97569768e-003 0. 0. 0. 0. 4.07630083e-004 0. 2.47515831e-003 0. 0.
    3.60492361e-003 0. 0. 5.94347250e-004 0. 1.41250144e-003
    -5.20072703e-004 1.63966673e-003 1.72766659e-003 0. 0.
    2.66802520e-003 0. 2.70576472e-003 0. 0. 0. 0. 2.00073095e-003
    7.85960641e-004 -1.25517239e-004 0. 0. 1.68517057e-003
    -5.23940194e-004 0. 0. 0. 0. 0. 0. 0. 1.87406910e-003 0. 0. 0. 0. 0.
    0. 9.07593349e-004 9.55296971e-004 4.60600510e-004 0. 0. 0. 0. 0. 0.
    -1.01366400e-004 0. 1.02272741e-002 2.82136118e-003 2.19199969e-003
    5.06217184e-004 2.72810506e-003 0. 1.90738973e-003 0. 0. 0.
    3.68408184e-003 0. 0. 0. 0. 7.84614182e-004 0. 3.27826221e-003 0.
    9.96654737e-004 0. 0. 2.24598893e-003 0. 0. 0. 0. 0. 4.30460175e-004
    0. 0. -1.32935820e-004 0. 0. -5.75657396e-005 0. 0. 0. 0.
    -1.54651527e-004 0. -2.72374193e-004 5.83425304e-003 0. 0. 0. 0. 0.
    0. 0. 0. 0. 4.12717648e-003 0. 0. 0. 0. 0. 0. 0. 1.02781504e-002
    2.87451781e-003 0. 2.77448399e-003 0. 0. 0. 0. 3.31319449e-003
    7.57719041e-004 0. 0. 0. 0. 8.21887807e-004 0. 1.47142261e-003 0. 0.
    0. 0. 0. 0. -4.64531127e-004 0. 0. 2.46305531e-003 2.30399263e-003
    0. 0. -6.91043388e-004 -1.09395455e-003 0. -1.98843190e-003 0. 0. 0.
    7.36284012e-004 0. 0. 2.49271956e-003 0. 0. 0. 0. 0. 1.21216918e-003
    2.35718535e-003 0. 0. 0. 0. 1.94962870e-003 0. 0. 0. 3.25010903e-003
    4.67596017e-003 0. 0. 0. 0. 0. 0. 0. 0. 0. 0. 5.56419778e-004 0. 0.
    0. 0. 0. 9.51231923e-003 0. 0. 0. 3.40708764e-003 0. 8.71406775e-003
    0. 0. 0. 2.59275548e-003 0. 0. 0. -3.47822648e-003 0. 0. 0. 0. 0. 0.
    0. 0. 0. 4.28895641e-004 0. 5.71953971e-003 0. 0. 0. 2.65477574e-003
    0. 0. 3.47896689e-003 1.13583589e-003 -1.57570292e-003 0. 0.
    2.32187472e-002 0. 0. 0. 0. 0. 0. 1.53995177e-004 0. 0. 0.
    2.83257640e-003 0. 0. 1.11339416e-003 0. 0. 0. 1.01592401e-002 0. 0.
    0. 5.48552489e-003 0. 0. 0. 0. 0. 7.75806978e-003 0. 5.95222460e-003
    1.39795674e-003 0. 0. 9.96781164e-004 0. 9.02151689e-003 0. 0. 0. 0.
    0. 1.88765489e-003 0. 0. 4.39923024e-003 0. -8.62826855e-005
    4.81098657e-003 -5.34323859e-004 0. 0. 0. 2.80287908e-003 0.
    1.00314850e-003 1.45948696e-004 -2.96868477e-003 2.53584911e-003 0.
    0. 0. 0. 0. 0. 3.19168990e-004 0. -4.47604980e-004 0.
    5.93112642e-003 0. 0. -3.75273434e-004 0. 0. 0. 0. -5.15333551e-004
    3.56285949e-003 0. 0. 0. 0. 0. 0. 0. 2.79464643e-003 0. 0. 0.
    -6.20314793e-004 0. 0. 0. 0. 0. 0. 2.45824456e-003 0. 0. 0.
    3.94787453e-003 0. -7.14428839e-004 0. 1.69935508e-003
    4.66634694e-004 0. 0. 0. 0. -2.15127657e-004 5.92560507e-004 0.
    3.62821389e-003 0. 0. 0. 1.34613402e-002 0. 3.26409703e-003 0.
    1.20683024e-002 0. 0. 0. 0. 0. 0. 1.79289246e-003 0. 3.06380284e-003
    0. 7.53071811e-003 0. 3.85453925e-003 1.11012592e-003
    5.94260637e-003 0. 0. 0. 0. 0. -4.31029126e-004 0. 0.
    2.55252956e-003 0. 0. 0. 3.49674048e-003 0. -8.78367515e-004 0. 0.
