<?xml version="1.0"?>
<opencv_storage>
<imageDescriptor type_id="opencv-matrix">
  <rows>1</rows>
  <cols>1000</cols>
  <dt>f</dt>
  <data>
    1.07588200e-002 2.51540169e-003 -1.61975375e-004 2.92985444e-003
    -1.30281012e-004 -4.39823867e-004 0. 0. 1.24604697e-003
    2.43215659e-003 0. 4.41721035e-003 0. 0. 4.64102207e-003
    -1.09142659e-003 -2.66389834e-004 3.99627211e-003 0. 0. 0. 0. 0. 0.
    0. 3.78763583e-003 0. 0. 4.14248742e-003 0. 0. 0. 0. 0. 0. 0.
    1.34750066e-004 0. 1.46986789e-003 0. 9.05491761e-004 0.
    2.73344317e-003 0. 0. 0. 0. 0. 0. 0. -2.15292885e-003
    1.03104021e-003 1.48092164e-003 0. 0. 0. 3.90901789e-003 0.
    1.72171637e-003 4.45728516e-003 2.17262050e-003 4.24680114e-003
    4.41379566e-003 1.17550860e-003 2.67883413e-003 5.98166429e-004
    3.18441819e-003 1.70440495e-003 0. 7.94958323e-004 5.98175357e-005
    4.19002539e-003 0. 0. 0. 0. 5.23868762e-003 1.64763909e-003
    3.14846780e-004 0. 7.51715200e-003 3.72702815e-003 0. 0. 0.
    -5.06523065e-004 1.69073080e-003 3.05696577e-003 0. 0. 0. 0. 0.
    3.38636991e-003 4.85256733e-003 0. 4.27482696e-003 0.
    6.53714174e-003 0. 0. 0. 8.93655582e-004 3.95880826e-003
    1.15444011e-003 0. 0. 0. 0. 0. 0. 0. 0. 0. 2.04607146e-003 0. 0. 0.
    0. 0. 5.79354411e-004 2.89210491e-003 2.25318410e-003 0.
    5.57746680e-004 1.11105118e-003 1.30811555e-003 0. 6.79934490e-003
    3.03287688e-003 0. 0. 3.65681946e-004 2.51283986e-004 0. 0.
    -3.71449511e-004 1.52182614e-003 0. 5.55016194e-003 0.
    8.78642872e-003 0. 4.47239168e-003 0. 1.68259357e-004 0.
    -4.55950940e-004 3.36545240e-003 1.50828983e-003 -1.01285568e-003 0.
    0. 0. 0. 0. 0. 1.31033058e-003 -1.62774161e-003 0. 4.94635524e-003
    -1.50751774e-004 2.11897399e-003 2.01054756e-003 0. 1.25150103e-003
    1.13470235e-003 -1.13986526e-003 0. 0. 0. 0. 0. 0. 0.
    9.11629002e-004 0. 4.92841762e-004 2.44027958e-003 0. 0.
    2.32230243e-003 0. 0. 0. 0. 0. -2.83743953e-004 0. 0. 0. 0.
    3.30211082e-003 2.46213516e-003 0. 4.76633105e-003 -1.23815227e-003
    0. 0. 0. 0. 0. 0. 0. 0. -2.32840932e-004 0. 1.14363975e-004 0. 0. 0.
    6.94430782e-004 0. 4.70970059e-003 3.46991606e-003 0.
    1.87660800e-003 0. 0. 3.24142544e-004 0. 0. 4.34247020e-004
    1.58535910e-003 1.83728803e-003 2.12105969e-003 2.25657877e-003
    1.88814942e-004 0. -1.41873164e-003 0. 5.34768275e-004 0. 0. 0.
    -1.60916403e-004 0. 0. 5.74304664e-004 1.41093805e-002
    -8.30974313e-005 6.12234976e-003 0. 0. 0. -1.51713390e-003 0.
    4.27456759e-003 2.14448851e-003 4.98766080e-003 3.30602797e-003
    2.27865821e-004 0. 0. 0. 1.63901178e-003 0. 1.56615337e-004
    5.83959860e-004 1.04395086e-002 0. 0. 8.53509526e-004
    2.34860694e-003 3.52023356e-003 0. 0. 1.41949416e-003 0. 0. 0.
    3.84511147e-003 -8.46138573e-004 0. 0. 5.18985558e-003
    1.22905907e-003 3.78747284e-003 0. 1.12136512e-003 0. 0.
    4.52568755e-003 1.60292478e-003 0. -3.60620295e-004 0. 0.
    -6.94491318e-004 0. 1.22404983e-003 3.65353655e-003 5.33109438e-003
    8.32988322e-003 0. 1.41340401e-003 0. 0. 6.07385300e-003
    1.57229439e-003 9.41670220e-003 0. 0. 0. 0. 0. 0. 0. 3.07622482e-003
    0. 0. -1.46527903e-003 5.95297618e-003 1.30291982e-003
    -4.00990527e-003 0. -1.81514144e-004 0. 9.38488345e-004
    -1.68665953e-004 1.26008398e-003 2.18260405e-003 0. 0.
    3.97893367e-004 0. 1.34506752e-003 3.08773271e-003 0. 0.
    2.52545439e-003 0. 3.63277504e-003 8.75398749e-004 -9.07414476e-004
    0. 2.66412506e-003 0. 5.01060020e-003 0. 1.57684763e-003 0. 0. 0.
    8.16915184e-003 0. 0. 0. 6.70585688e-003 8.30643624e-003 0.
    3.43371095e-004 5.10156294e-003 1.85133901e-003 0. 0. 0.
    7.62770232e-003 3.81937809e-003 5.41805406e-004 0. 2.34983000e-003
    0. 5.14137745e-003 0. -8.53525475e-004 1.80699397e-004
    2.01112684e-003 9.61073791e-004 0. 0. 3.08323698e-003
    -6.11559895e-004 5.85930701e-003 2.14647804e-003 0. 1.07405679e-002
    0. 2.54590041e-003 2.94829812e-003 -2.41145317e-004 0. 0.
    4.75794222e-004 0. 0. 0. 0. -1.53411063e-004 0. 0. 0. 0.
    4.23495099e-003 -1.06337640e-004 8.92248121e-004 0. 0. 0. 0.
    2.26543262e-003 1.10892439e-003 0. 2.82006687e-003 0.
    8.67990311e-003 1.52092683e-003 0. 5.95391029e-003 1.15893001e-003
    0. 0. 9.31782939e-004 1.13233703e-003 0. 4.01646225e-003 0. 0.
    7.05770869e-003 0. 5.13816997e-003 0. 0. 0. -7.30085885e-004
    5.04647614e-004 0. 0. 1.88861822e-003 2.05474114e-003 0. 0. 0. 0.
    5.09741600e-004 0. -9.93603258e-004 5.93132852e-003 6.16227975e-003
    7.36377668e-003 0. 0. -3.76995653e-004 1.22463144e-003
    -3.04757268e-004 0. 4.32102242e-003 0. 0. 0. 8.79435427e-003
    5.92735689e-003 1.83347799e-002 1.26635795e-003 0. 0. 0. 0.
    5.45635587e-003 0. 0. 0. 0. 2.33703293e-003 1.13310628e-002 0.
    -2.34277788e-004 8.09515920e-003 5.37399156e-003 0. 0. 0.
    2.17896118e-003 0. 3.39430920e-003 0. 0. 0. 4.41988697e-003 0.
    -1.73791673e-003 0. 0. 4.09497553e-003 0. -3.01300362e-003 0. 0. 0.
    0. 0. 1.58459239e-004 0. 0. 0. 5.35947038e-004 0. 0.
    -4.26388258e-004 0. 0. 3.20145715e-004 7.54894735e-003 0.
    1.03529543e-002 0. 1.42417697e-003 1.67670229e-003 0.
    3.47420247e-003 3.93279456e-003 -7.58625101e-004 0. 0. 0. 0.
    1.49374027e-004 0. 1.06893934e-003 4.56586340e-003 0.
    -1.53485115e-003 6.31701958e-004 2.45993421e-003 0. 0. 0.
    1.34079834e-003 0. 0. 0. 1.42947398e-003 0. 0. 4.16098163e-003 0.
    3.15609272e-003 3.63026280e-004 0. 1.00351044e-003 0.
    2.98677036e-003 1.52548926e-003 1.62593066e-003 0. 0. 0. 0.
    1.99870137e-003 0. 0. -7.73980264e-006 4.02628770e-003 0. 0. 0.
    1.44251576e-003 0. -7.43304263e-004 0. 3.03767947e-003 0.
    -7.00223783e-004 7.55786896e-003 0. 5.92972664e-003 0. 0. 0. 0. 0.
    1.54760585e-003 0. -2.38343771e-003 0. 5.89688949e-004
    -8.21053691e-004 3.24624591e-003 2.93732155e-004 2.33553234e-003 0.
    0. 3.34441452e-003 4.18645068e-004 0. 0. 0. 1.70816074e-003
    4.68280894e-004 2.02415953e-003 5.79084549e-003 0. 0. 0. 0.
    5.02257934e-003 0. 6.80789212e-003 2.19233776e-003 0. 0. 0.
    3.53674218e-003 9.81568126e-004 0. 0. 0. 0. 3.62872635e-003
    -2.09916165e-004 0. 0. 2.41812738e-003 0. 0. 1.81674154e-003
    1.75813318e-003 0. -9.92707559e-004 0. 0. 0. 0. 1.54834311e-003
    6.66684238e-003 0. 0. 6.80525647e-003 0. 1.00234419e-003
    3.89750651e-003 3.55926412e-003 0. 0. 0. 0. 0. 0. 0. 9.03422479e-004
    0. 1.28693494e-003 -1.97781948e-003 9.64655774e-004 0. 0. 0.
    3.70927039e-003 0. 0. 0. 0. 0. 0. 0. 7.09421874e-004 2.15194188e-003
    0. -8.88897397e-004 7.78812217e-003 0. 0. 9.09715542e-004 0. 0. 0.
    0. 0. 0. 0. 0. 0. 0. 0. 6.03701593e-003 0. 0. 4.47020354e-003
    1.39089522e-003 0. 1.14331732e-003 0. 0. 0. 0. 0. 3.42735730e-004
    6.54018344e-003 0. 2.50513037e-003 0. 0. 0. 0. 0. 0. 0.
    1.77141250e-004 0. 0. 1.76208807e-004 0. 0. 0. 0. 1.33043970e-003
    2.30939873e-003 6.40896056e-003 1.63574028e-003 1.22663786e-003 0.
    4.11605695e-003 7.15117715e-003 0. 1.17384060e-003 7.88346049e-004
    6.36830810e-004 0. 0. 0. 0. -5.59827953e-004 0. 3.41412146e-003
    1.03175209e-003 0. 0. 0. 3.19087156e-003 3.64256883e-003
    1.86983717e-003 2.75122188e-003 0. 0. 0. 0. 0. 0. 0. 0. 0. 0.
    1.60229846e-003 -1.64505804e-003 1.38249726e-003 0. 0.
    1.13795372e-003 0. 1.39867584e-003 2.94561079e-003 0. 0.
    -1.30064634e-003 0. 0. 0. 0. 1.62264123e-003 0. -9.09567112e-004 0.
    1.85811741e-003 3.74293770e-003 0. 1.43637718e-003 0.
    1.83152244e-003 2.14391132e-003 0. 5.96135273e-004 0.
    1.02287193e-003 0. 0. 0. 2.79412814e-003 0. 3.91900819e-003
    1.18681241e-003 0. 0. 1.23040173e-002 -2.03240546e-004
    6.55776542e-003 0. 0. 8.30711972e-004 -1.45233527e-003
    -7.02053294e-005 6.08481281e-003 0. 0. 0. 0. 5.39567135e-003
    -2.12392202e-004 1.40731642e-003 0. 0. -2.50643061e-004
    1.85050291e-003 0. 0. 0. 0. 2.33754865e-003 0. 0. 2.45810440e-003
    7.59612536e-004 0. 0. 0. -8.65766604e-004 3.49776517e-003 0.
    1.03239948e-003 3.57371056e-003 -3.55279422e-004 0. 0.
