<?xml version="1.0"?>
<opencv_storage>
<imageDescriptor type_id="opencv-matrix">
  <rows>1</rows>
  <cols>1000</cols>
  <dt>f</dt>
  <data>
    0. -1.16295356e-003 0. 2.86117499e-003 -7.75371445e-004
    3.38151841e-003 4.47236327e-003 2.12023873e-003 4.13489481e-003 0.
    0. 0. 0. 0. 0. 0. 0. 0. 0. 0. 1.23481196e-003 0. 0. 0.
    7.33469380e-003 4.81486088e-003 0. 0. 0. 0. 0. 0. 1.27046071e-002 0.
    1.41724925e-002 3.01863742e-003 6.55418308e-003 0. 2.19747634e-003
    -4.51055297e-004 4.03022720e-003 0. 0. 1.12878089e-003 0.
    -7.22067896e-004 0. 0. 0. 0. 0. 2.82863225e-003 0. 3.75807704e-003
    0. 0. 0. 0. 0. 0. 2.05277838e-003 0. -5.89075498e-004 0. 0.
    1.83566986e-003 5.51232090e-003 0. 1.31711294e-003 -1.70466572e-003
    0. 0. 0. 0. 0. 0. 0. 9.85141029e-004 -5.40778565e-004
    1.73969346e-003 0. -2.33594235e-003 0. 6.57286355e-003 0.
    4.22562333e-003 1.88090792e-003 0. 4.83342633e-003 0. 0. 0.
    4.66901949e-003 1.36367965e-003 6.07295148e-003 0. 0.
    3.59599572e-003 4.15803166e-003 0. 3.72488564e-003 0. 0. 0. 0.
    3.84646934e-004 0. 9.61607229e-003 2.62334524e-003 0. 0.
    4.33864538e-003 0. 0. 0. 5.51323406e-003 2.33015511e-003
    7.51913246e-003 0. 0. -1.88038204e-004 2.09976127e-003
    8.66741687e-003 -5.79192478e-004 3.70744593e-003 2.11227569e-003
    -8.89148214e-005 0. 0. 0. 0. 1.04563881e-003 0. 0. 5.89810661e-004
    0. 6.36850018e-003 0. 0. 3.65656568e-003 3.33755044e-004 0. 0.
    3.69128608e-003 6.40405458e-004 0. 1.29533128e-003 1.05857558e-003
    0. 0. 0. 0. 0. 0. 0. 4.87887737e-004 2.02241726e-003 2.59481865e-004
    2.76486669e-003 0. 0. 4.15391196e-003 4.06578620e-004 0.
    4.75048274e-003 0. 0. 0. 0. 2.54473072e-002 0. 2.11951020e-003 0. 0.
    0. 3.46504734e-003 0. 0. 0. 0. 0. 0. 0. 5.70300035e-004 0. 0.
    5.98594686e-003 0. 0. 0. 0. 0. 0. 0. 0. 0. 0. 0. 0. 0. 0. 0. 0. 0.
    0. 1.22446485e-003 7.84635777e-004 0. 0. 3.44605115e-003 0. 0.
    1.55019690e-003 4.67125466e-003 0. 2.12172186e-003 0.
    9.94565897e-003 0. 2.54538725e-003 3.80340643e-004 0. 0. 0. 0. 0.
    3.53250443e-003 1.16141187e-002 0. 0. 0. 3.36317252e-003
    6.62479876e-003 0. 0. 0. 0. 6.31087110e-004 0. 0. 0. 3.35127534e-003
    0. 0. 0. -1.72373489e-003 0. 0. 0. 5.56664192e-004 0.
    -6.22065621e-004 2.38278764e-003 4.38395375e-003 0. 0. 0. 0. 0.
    9.45810508e-003 0. 0. 0. 8.02861433e-003 0. 0. 0. 2.08969956e-004
    5.66248564e-005 -1.22953288e-003 0. 4.83974763e-005 0. 0. 0.
    8.79160315e-003 0. 0. 0. 0. 5.01075760e-003 3.21070873e-003
    1.51302514e-003 0. 0. 0. 2.18493887e-003 1.58286293e-003
    1.46046374e-003 0. 0. 0. 0. 2.01932481e-003 0. 0. 8.22411734e-004 0.
    0. -9.67791188e-004 0. 0. 1.23210729e-003 0. 1.33276032e-003 0.
    -1.88916700e-003 0. 0. 0. 4.89860401e-003 0. 0. 0. 0. 0. 0. 0. 0. 0.
    0. 0. 0. 0. 0. 0. 0. 0. 4.84134164e-003 0. 0. 0. 0. 0. 0.
    1.94563181e-005 0. 1.08209474e-003 -1.96594978e-003 0.
    1.15238214e-002 0. 1.44421766e-002 0. 0. 0. 0. 0. 0. 0. 0. 0. 0. 0.
    -4.30878688e-004 0. 0. 0. -2.53707578e-004 6.80255098e-003 0.
    -1.27600611e-003 0. 0. 5.37972059e-003 0. 0. 0. 0. 5.48471371e-003
    0. 0. 2.56015942e-003 0. 2.50059995e-003 1.83051615e-003
    2.11121188e-003 0. 0. 0. 0. 2.10330519e-003 0. 2.94658961e-003 0.
    4.12530871e-003 0. 0. 0. 0. 7.70448428e-003 0. 2.21544760e-003 0. 0.
    0. 0. 0. 0. 0. 1.69280556e-003 1.46342430e-003 0. 1.65788247e-003
    1.35007675e-003 0. 6.13209151e-004 0. 0. 0. 0. 8.89445841e-003 0. 0.
    1.59889820e-003 0. 4.58267098e-003 3.13362456e-003 2.00875779e-003
    0. 0. 0. 0. 0. 2.97180307e-003 5.15708816e-004 0. 0. 0. 0.
    4.08017170e-003 0. 1.58096058e-003 -6.67710337e-005 2.57250294e-003
    0. 0. 1.19307300e-003 0. 0. 0. 9.31120198e-003 0. 0. 0.
    3.13066761e-003 0. 0. 0. 0. 4.33802931e-003 2.06170557e-003
    -8.11393198e-004 0. 0. 0. 0. 0. 3.86730279e-003 1.40035886e-003
    1.99927320e-003 2.49442318e-003 0. -2.32809782e-003 0. 0. 0. 0. 0.
    0. 0. 3.75014242e-005 0. 1.05936639e-003 0. 0. 0. 0. 1.66804169e-003
    2.63772847e-004 0. 0. 1.83255237e-003 0. 0. -6.90846005e-004 0. 0.
    1.37915462e-003 0. 2.99492897e-003 7.14136008e-003 0. 0.
    1.69778324e-003 0. 0. 0. 0. 0. 0. 6.78558322e-003 0. 2.28243344e-003
    0. 0. 0. 0. 0. 0. 0. 0. 5.44568698e-004 0. 0. 0. 0. 1.21349562e-003
    4.48260503e-003 0. -1.23864249e-003 0. -2.84656155e-004
    2.08074157e-003 4.77894396e-003 0. 0. 0. -2.05432647e-004 0. 0. 0.
    0. 0. 4.51764674e-004 0. 0. 0. 1.16188475e-003 2.14637397e-003 0. 0.
    1.03359262e-003 0. 3.17913969e-003 0. 9.76077560e-003 0.
    6.66225853e-004 -1.54279012e-004 4.37037833e-003 0. 0. 0. 0.
    4.42977948e-003 9.71481483e-003 3.19487357e-004 0. 4.67961375e-003
    0. 4.67460696e-003 0. 0. 1.53698504e-003 0. 0. 0. 0. 0.
    3.63672874e-003 0. 2.94172182e-003 6.05872425e-004 0. 0. 0. 0. 0. 0.
    0. 0. 0. 1.20208960e-003 0. 3.67380609e-003 4.90607286e-004 0.
    4.92667593e-003 0. 9.15974437e-004 0. 9.29110392e-005 0.
    5.03581390e-003 0. 1.94684532e-003 3.16043035e-003 7.70318694e-003
    0. 0. 7.74099771e-003 0. 2.27230834e-003 0. 7.35893147e-003
    6.63493993e-003 7.55194388e-003 0. 0. 0. 3.39397848e-005 0.
    3.52284126e-003 1.69591501e-003 0. 0. 0. 0. 0. 8.04590527e-003 0. 0.
    0. 0. 1.63919537e-003 1.46188692e-003 0. 0. 0. 0. 4.36059013e-003 0.
    0. 3.58739024e-004 0. 0. 0. 0. 4.85374127e-003 0. 1.26934296e-003 0.
    0. 0. -1.15851196e-003 1.40784122e-003 0. 0. 0. 0. 0.
    9.01540392e-004 2.85352394e-003 0. 0. 0. 1.85276859e-003 0. 0.
    1.08162768e-003 0. 0. 0. 0. 0. 0. 0. 0. 7.37627037e-004 0. 0. 0. 0.
    0. 0. 2.06173374e-003 0. 0. 0. 0. 0. 2.92085228e-003 2.46291119e-003
    0. 0. 0. 0. 0. 5.80299878e-003 0. 0. 0. 0. 0. 9.65752988e-004 0.
    9.73163405e-004 -1.22410024e-003 7.98073411e-003 0. 9.21796018e-004
    0. 0. 0. 0. 8.19287088e-004 -3.11898650e-004 0. 7.48822058e-004
    -1.40857988e-003 7.45761255e-003 0. 3.09310970e-004 -2.02415185e-006
    0. 2.26629502e-003 0. 0. 1.93407654e-003 0. 0. 0. 2.92544602e-003 0.
    0. 3.20581370e-003 0. 1.47008505e-002 6.31989911e-003
    -2.46977597e-003 4.34946502e-003 4.43293620e-003 0. 0.
    -8.58611893e-004 2.38267035e-004 0. 2.33842711e-005 6.23155013e-003
    5.62471757e-003 0. 0. 0. 3.56581737e-003 0. 7.96219159e-004 0.
    3.83755658e-003 7.48532964e-003 0. 0. 5.41202538e-003 0. 0. 0. 0. 0.
    0. 0. 6.39773486e-003 4.06976929e-003 2.39521102e-003 0. 0. 0.
    -5.61350142e-004 0. 0. 0. 4.86835313e-004 0. 7.84286857e-003 0. 0.
    0. 0. 1.68749026e-003 2.72904290e-003 0. 0. 0. 0. 0. 0. 0.
    2.40337476e-003 2.50923424e-003 0. 0. 0. 0. 0. 8.30125716e-003
    5.45566902e-004 2.25485279e-003 6.05566148e-003 1.60091801e-003 0.
    0. 0. 0. 0. -6.85772742e-004 0. 0. 0. 6.57536509e-003 0. 0.
    1.91490806e-003 6.88711414e-004 3.98580311e-003 0. 0. 0.
    1.48227240e-003 0. 3.31363734e-003 2.80000735e-003 0. 0. 0.
    5.32680936e-003 7.70933786e-003 0. 0. 0. 1.87901373e-003 0. 0. 0. 0.
    0. 5.76166611e-004 0. 0. 5.60234906e-003 0. 0. 2.19666958e-003 0.
    1.32174476e-003 -1.48805883e-003 0. 0. 0. 0. 0. 7.36092741e-004
    3.28799360e-003 2.37934571e-003 0. 0. 0. 0. 0. 3.23636481e-003 0.
    1.45437894e-003 2.30525550e-003 0. 2.52781552e-003 3.22468602e-003
    -1.65003468e-004 4.46635578e-003 0. 0. 1.04965584e-004 0. 0.
    3.32786981e-003 0. -6.71543094e-005 0. 0. 0. 0. 0. 0.
    -6.39424135e-004 0. 2.15825276e-004 0. 3.97898490e-003
    -1.80568220e-003 6.11456577e-004 7.62710394e-003 0. 0. 0. 0.
    4.65205451e-003 0. 0. 1.03355048e-003 0. 3.06251808e-003 0. 0. 0. 0.
    0. 0. 0. 0. 0. -9.55553201e-004 0. 0. 0. 0. 1.60145480e-003 0. 0. 0.
    0. 2.21999129e-003 0. 0. 2.06487533e-003 0. 0. 0. 0. 0.
    1.24220643e-002 0. 0. -1.87570124e-003 0. 0. 0. 5.66570880e-003 0.
    -4.93291591e-004 0. 0. 0. 0. 0. 0. 6.88653032e-004 5.95224788e-003
    5.01275202e-003 0. 0. 0. 1.43132161e-003 0. 0. 1.20061822e-003
    9.17211873e-004 -6.86617204e-005 0. 0. 3.85546504e-004 0. 0. 0. 0.
    0. 0. 0. 0. 0. 0. 1.51179116e-002 0. 0. 4.14870156e-004 0. 0. 0. 0.
