<?xml version="1.0"?>
<opencv_storage>
<imageDescriptor type_id="opencv-matrix">
  <rows>1</rows>
  <cols>1000</cols>
  <dt>f</dt>
  <data>
    0. 0. 4.22407966e-003 0. 0. 0. 4.55493294e-003 0. 1.23137441e-002 0.
    0. 2.64779897e-003 6.97251502e-003 0. 0. 0. 0. 0. 0. 0. 0.
    6.53125811e-003 2.59236386e-003 0. 1.20524247e-003 0.
    1.58981886e-003 5.66712487e-003 0. 0. 2.54434487e-003 0. 0.
    6.68816408e-003 0. -3.58783384e-003 -2.47418066e-003 0. 0.
    2.72540748e-003 0. 7.08610984e-003 2.63043959e-003 9.28538200e-003
    0. 3.72184813e-003 9.37142316e-003 1.77050172e-003 0. 0. 0.
    1.60016725e-003 3.24322679e-003 2.05381983e-003 0. 0.
    8.00592534e-005 4.87017445e-003 0. 0. 0. 9.04907752e-003 0. 0.
    1.02746496e-002 0. 0. 0. 2.93003162e-003 0. 4.87228710e-004 0.
    2.07064045e-003 0. 4.06922214e-003 3.65889422e-003 4.36464651e-003
    0. 0. 0. 0. 0. 1.91278069e-003 0. 0. 0. 0. 0. 9.00977640e-004 0. 0.
    0. 0. 0. 3.11531872e-003 0. 0. 0. 0. 0. 0. 0. 5.26536535e-003 0.
    3.83632723e-003 4.97273449e-003 0. 0. 0. -8.46706389e-004 0.
    7.26561435e-003 0. 0. 1.03745135e-002 -8.19136330e-004
    -1.36868283e-003 0. 0. 0. 0. 9.09649674e-003 6.96343509e-003
    8.49212520e-003 0. 2.55908095e-003 0. 0. 8.13404378e-003 0. 0. 0.
    8.17000691e-005 0. 1.81057304e-003 0. 0. 0. 4.79616836e-004 0.
    1.34215027e-003 -1.10542378e-003 1.01661845e-003 0. 0. 0. 0.
    2.23154639e-004 6.73990347e-004 3.65801825e-004 1.45966210e-003 0.
    0. 0. 0. 0. 0. 0. 0. 2.96229217e-003 0. 0. -3.60339833e-003 0.
    2.81932019e-003 0. 0. 2.22530821e-003 4.83879959e-003 0. 0. 0. 0. 0.
    8.97253165e-004 0. 5.54165756e-003 5.77458460e-003 -1.95630849e-003
    4.61206865e-003 1.14958978e-003 -8.92360986e-005 2.28421166e-004 0.
    4.16001538e-003 0. 0. 4.93409066e-003 0. 1.91167125e-003
    -1.02089508e-003 0. 0. 5.27952006e-003 0. 0. 0. 0. 0. 0.
    3.56531679e-003 0. 0. 0. 0. 0. 0. -3.30690993e-003 0. 0.
    3.83826066e-003 0. 5.36596216e-003 0. 1.41612341e-004
    2.71139853e-003 0. 0. 1.76994863e-003 1.26722653e-003 0.
    2.09767884e-003 0. 0. 0. 0. 0. 0. 0. -3.23569239e-003
    5.22394525e-003 0. 7.52028963e-003 5.57527528e-004 2.52635591e-003
    0. 0. 0. 0. 0. 0. 0. -4.56103680e-006 -3.71069706e-004
    2.93954182e-003 1.03617681e-003 3.81343602e-003 4.32368135e-003 0.
    3.74694634e-003 -9.87514504e-004 0. 0. 0. 0. 0. 6.86521351e-004 0.
    1.76836632e-003 0. 0. 2.10852851e-003 4.65811370e-003 0. 0. 0.
    1.96786132e-003 3.38203530e-003 7.82468077e-003 0. 2.49228324e-003
    0. 2.79829511e-003 0. 0. 0. -1.50289992e-003 5.69159631e-003 0. 0.
    -1.77726464e-003 0. 0. 2.82409415e-003 5.56535413e-003 0. 0. 0.
    3.97292059e-003 0. 0. 0. 0. 0. 0. 0. 3.41834081e-003 0. 0.
    1.69036060e-003 -3.30469734e-003 0. 0. 0. 0. 0. 0. 0. 0. 0. 0. 0.
    5.49354684e-003 8.73591192e-003 0. 0. 5.92077989e-003 0. 0. 0. 0. 0.
    0. 0. 7.55767222e-004 0. 0. 0. 0. 1.82981056e-003 0. 0.
    -6.04862988e-004 4.80479328e-003 6.29794144e-004 -1.62940857e-003 0.
    0. 0. 1.84541428e-003 0. 2.46183528e-003 0. 3.77848139e-003 0. 0. 0.
    0. 0. 4.08902764e-003 0. 4.24106745e-003 0. 0. 0. 0. 0.
    -5.48474258e-003 0. 0. 0. 3.17381765e-003 0. 1.43054193e-002
    4.92791086e-003 0. 7.03822123e-003 0. -8.62350629e-004
    1.48101826e-003 4.14255774e-003 0. 3.52491043e-003 0. 0.
    5.39870700e-003 0. 0. 0. 0. 0. 0. 0. 0. 0. 0. -2.35212399e-004 0. 0.
    0. 0. 0. 0. 0. 0. 1.11435016e-003 1.74756034e-003 0. 0. 0. 0. 0.
    1.11058645e-003 0. 0. -3.57557926e-003 0. 0. 0. 0. 5.63809974e-003
    1.51411898e-003 0. 0. 5.32488106e-003 0. 6.45920727e-003 0. 0. 0.
    2.37694918e-003 0. 0. 0. -1.08524913e-003 0. 0. 0. 0.
    1.25753423e-002 4.52969223e-003 1.86603947e-003 0. 0.
    2.51342403e-003 0. 0. 2.51174788e-003 0. 6.41775841e-004
    1.76216627e-003 0. 1.21353532e-003 0. 0. 3.27962125e-003 0.
    6.20524283e-004 1.10671262e-003 0. 2.58106529e-003 -8.49306234e-005
    0. 0. 7.88840873e-004 0. 0. 0. 0. 7.33119377e-004 0. 0.
    -6.10078976e-004 0. 0. 2.69455626e-003 0. 0. 4.05048690e-004
    1.01254461e-003 0. 1.71069708e-003 -2.07867264e-003 0. 0. 0.
    2.20003352e-003 0. 0. 2.13030959e-003 -1.82030629e-003 0.
    1.26727605e-002 0. 0. 0. 0. 0. 0. 0. 0. 0. 0. 0. 0. 2.35118251e-003
    0. 0. 0. 3.28018359e-004 0. 0. 4.54966445e-003 0. 8.93079769e-003 0.
    0. 1.28538627e-003 6.34289486e-003 0. 1.81227620e-003
    4.61684400e-003 0. -1.04686094e-003 1.50442531e-004 1.38791697e-003
    0. 4.44442406e-003 1.82501925e-003 1.54500525e-003 2.91242637e-003
    0. -2.58518360e-003 0. 4.09086235e-003 -3.74682690e-003
    5.63551846e-004 3.08234105e-003 0. 6.12259377e-003 1.41553464e-003
    0. 0. -1.99624547e-003 0. 0. 8.74892622e-003 0. 2.48524873e-003
    3.30965989e-003 0. 2.08530721e-004 6.78259414e-003 0. 0. 0. 0. 0.
    2.94534810e-004 0. 1.01374378e-002 0. 0. 2.01536156e-003 0.
    3.13162251e-004 1.11729198e-003 0. -6.99886805e-005 1.57215819e-003
    1.32029410e-003 0. 0. 5.55862766e-003 3.28648696e-003 0. 0. 0. 0.
    1.76276988e-003 1.71278691e-004 0. 3.94573947e-003 -1.03882095e-003
    0. -1.32002542e-003 6.43718755e-003 2.45231926e-003 -1.79145660e-003
    0. 1.28792960e-003 0. -2.11823941e-003 8.18437897e-004 0. 0. 0. 0.
    0. 0. 2.56858277e-003 0. 0. -2.56234314e-003 0. 0. 0.
    5.40744793e-003 0. 0. 0. 0. 1.21264311e-003 0. 0. 0. 0. 0. 0. 0. 0.
    5.00372518e-003 0. 0. 1.96328876e-003 3.09878634e-003 0. 0.
    7.03826372e-004 0. 0. 0. 0. 0. 0. 0. 0. 0. 0. 0. 0. 8.93786550e-004
    7.12330500e-003 0. 5.47530688e-003 0. -2.14628497e-004 0.
    7.69163016e-003 -1.06839143e-004 1.24134577e-003 1.14942193e-002 0.
    5.63466514e-004 7.52223749e-003 1.88415404e-003 5.32249874e-003 0.
    -2.20019789e-003 8.50058906e-003 4.87773097e-004 2.59288796e-003 0.
    0. 0. 0. 0. 1.96146918e-003 0. 0. 0. 0. 2.10833061e-003 0. 0. 0. 0.
    -8.87623813e-004 0. 0. 0. 0. 0. 9.91570391e-003 0. 0. 0. 0.
    1.18674734e-003 0. 0. 2.68682512e-003 1.33603835e-003 0. 0. 0. 0. 0.
    0. 1.36070431e-003 3.89835285e-003 5.06185507e-003 0.
    7.64721713e-004 0. 3.29077500e-003 1.33319397e-003 1.11301811e-002
    0. 0. 0. 0. 0. 0. 8.41162924e-004 0. 0. 5.48278447e-004
    6.31313445e-003 0. 0. 3.64778889e-003 0. 1.28157074e-002 0.
    5.66389225e-003 0. 0. 0. 0. 0. 0. 0. 0. 0. 2.18271581e-003 0. 0. 0.
    0. 7.76829140e-004 0. 0. 0. 0. 0. 0. 0. 0. 0. 0. 0. 1.55011227e-003
    0. 0. 0. 0. 0. -1.82967994e-003 0. 0. 0. 7.29171967e-004
    -2.80858600e-004 0. 0. 2.55982089e-003 0. 3.42755578e-003
    8.94293096e-003 0. 4.17121267e-003 0. 0. 2.61984626e-003 0. 0. 0. 0.
    0. 5.63611975e-004 1.93584745e-003 0. 0. 0. 0. 0. 0. 0. 0. 0. 0. 0.
    -4.20472497e-005 0. 0. 0. 0. 1.00402907e-002 0. 0. 0. 0.
    2.83602648e-003 0. 0. 0. 7.49925501e-004 1.38890406e-003
    -3.84932209e-004 0. 0. 0. 0. 2.63293320e-003 0. 0. 5.59214549e-003
    -1.49257830e-003 2.86132272e-005 0. 0. 0. 1.50244031e-003
    2.86055147e-003 2.25420296e-003 1.44467747e-003 0. 0. 0. 0. 0. 0.
    -2.50302628e-003 0. 0. 0. 0. 0. 0. 0. 0. 4.80165286e-003 0. 0. 0.
    6.70156116e-003 0. -1.66864623e-003 2.37636990e-003 1.74754544e-003
    0. -4.53110813e-004 0. 0. 0. 1.51088089e-003 1.79525127e-003 0.
    1.80829165e-003 3.03698401e-003 0. 0. 0. 0. 9.32296645e-003
    3.22963833e-003 0. 0. 0. -5.51913166e-004 0. 0. 0. 0. 0.
    9.97117721e-003 0. 7.17811345e-004 0. 0. -3.62927181e-004 0. 0. 0.
    4.76052519e-003 0. 0. 0. 0. 2.98639148e-004 0. 0. 6.51411596e-004 0.
    1.16422074e-004 4.96492302e-003 0. 3.03124916e-003 -1.57850457e-003
    0. 0. 0. 0. 0. 0. 1.62031699e-003 0. 1.96096371e-004 7.23812613e-004
    0. 0. 0. 0. 5.57416957e-003 0. 0. 0. 0. 0. 4.60095704e-003 0.
    1.73090643e-003 0. 0. 0. 0. -9.55607742e-004 0. 0. 1.97374960e-003
    0. 1.19973524e-002 0. 0. 2.83808610e-003 0. 3.84018960e-004 0. 0. 0.
    1.21385441e-003 0. 0. 0. 6.13829494e-003 7.99516775e-003 0. 0. 0.
    3.15257767e-003 0. 5.48561197e-003 0. 0. 0. 0. 7.08406034e-004 0. 0.
    2.66203494e-003 0. 0. 0. 1.43658835e-003 0. 0. 0. 5.37434733e-003 0.
