<?xml version="1.0"?>
<opencv_storage>
<imageDescriptor type_id="opencv-matrix">
  <rows>1</rows>
  <cols>1000</cols>
  <dt>f</dt>
  <data>
    0. -5.58519270e-004 -1.14251056e-003 1.39078218e-003 0. 0.
    2.36685766e-004 2.88985949e-003 0. 0. 0. 1.58198015e-003
    6.91627944e-003 5.41428803e-004 0. 0. 9.11884126e-004 0. 0.
    2.71646376e-003 0. 4.32653259e-003 0. 0. 2.22891523e-003 0.
    1.01437757e-003 9.35980026e-003 -1.07605825e-003 0. 1.33315451e-003
    0. 2.79549882e-003 7.99514074e-003 -7.25237478e-004 5.21751053e-006
    0. 0. 1.46533351e-003 1.80090778e-003 -5.26723394e-004
    1.46301219e-003 0. -1.48973626e-003 1.44573173e-003 5.75070619e-004
    7.12229684e-003 0. 1.05353547e-002 3.81395849e-003 0.
    -7.42663920e-004 0. 7.76106957e-004 0. 1.47639145e-003 0.
    3.14200355e-004 0. 8.15335137e-004 0. 3.65035119e-003 0.
    5.45677438e-004 0. 4.25169128e-004 0. -9.54587071e-004 0.
    7.42608332e-004 9.53214068e-004 2.70433514e-003 0. 3.45113920e-003
    3.45158717e-003 -1.00966264e-003 0. 0. -5.60564513e-004 0.
    3.80436261e-003 0. 4.77134308e-004 4.51717206e-004 0.
    1.71332632e-003 0. -5.81621774e-004 3.93271027e-003 1.49950630e-003
    0. 1.43112789e-003 1.03237375e-003 1.03622833e-002 0.
    1.09672226e-004 0. 3.59778502e-003 0. 0. 0. 0. 2.92132678e-003
    1.29476108e-003 1.22610573e-003 0. 0. 1.15969699e-004
    3.48232780e-003 4.80392104e-004 0. 0. 0. 0. 2.84216739e-003
    -3.68786801e-004 -7.88264151e-004 0. 1.18132820e-003 1.76841498e-003
    1.10771845e-003 -3.52442876e-004 0. 0. 0. 0. -1.12290429e-004 0.
    7.45158456e-003 0. 0. 0. 1.86556915e-003 0. 1.69848511e-003
    1.44438527e-003 0. 0. -5.35095809e-004 0. 6.44424092e-003 0.
    2.28879112e-003 0. -2.19611707e-003 0. 5.78821695e-004
    1.22398827e-002 7.08872173e-003 0. 0. 2.40742433e-004 0. 0. 0. 0.
    6.97382679e-003 0. 6.37750840e-004 3.97704216e-003 4.37251758e-003
    -3.96417105e-004 -1.02781993e-003 2.39494941e-004 0. 0. 0. 0. 0.
    6.89998595e-003 6.84639439e-004 0. 5.91575517e-004 0. 0.
    5.27812727e-003 7.49034167e-004 0. 0. 1.66092208e-003 0.
    8.88065994e-003 0. 1.34099554e-003 1.20037207e-002 0. 0. 0. 0.
    1.17849435e-004 4.38009884e-004 2.92166322e-003 7.26542843e-004 0.
    0. -3.13426164e-004 1.82269106e-003 -3.90593195e-004 0. 0. 0. 0.
    3.88337392e-003 0. 6.02333341e-004 -1.79127121e-004 0.
    3.36022873e-004 3.59076262e-003 4.35672980e-003 3.21176974e-003 0.
    0. 0. 0. 0. 1.21984238e-004 0. 0. 4.36037226e-004 7.00654835e-003
    1.40661281e-003 3.95035325e-003 0. 6.61639730e-003 0.
    -8.43908405e-004 0. 0. 0. 0. 0. 0. -5.43487491e-004 0. 0.
    5.24700712e-003 1.02283899e-002 3.02385516e-003 0. 2.31469120e-003
    0. 0. 0. -5.94097422e-004 2.24974286e-003 0. 0. 0. -3.57725570e-004
    0. -2.63214158e-003 -7.68783968e-004 0. 0. 1.74558675e-003
    2.31086844e-004 0. 0. 0. -7.22617784e-004 0. 2.26442632e-003 0. 0.
    0. 0. 3.16904834e-003 1.46821563e-004 0. 0. 0. 1.79042015e-003
    -2.81567010e-003 3.70573514e-004 0. 1.74199196e-003 2.12437240e-003
    6.15437096e-003 0. -7.46006335e-005 0. 0. 9.77392192e-004 0.
    1.65899328e-004 2.11699880e-004 3.49030044e-004 -1.17190252e-003
    -4.59494331e-004 0. 0. 0. 0. 0. 6.45678898e-004 8.70699994e-004 0.
    -4.36171249e-004 0. 4.25049104e-003 2.32576462e-003 0.
    5.30068949e-003 0. 0. 0. 0. 0. 0. -1.22858008e-004 6.35801489e-003
    0. 0. 4.01762594e-003 7.84803927e-003 1.47171551e-003 0.
    4.28751018e-003 4.30479553e-003 6.78922748e-004 -3.07257360e-005
    1.70920033e-003 0. 7.25149503e-003 0. 0. 0. 0. 0. 0. 1.27161806e-003
    0. -1.60837066e-004 4.04347666e-003 0. 1.54705939e-003
    2.61678896e-003 0. 0. 5.99163445e-003 0. 1.99926738e-003
    4.79988800e-003 3.14980675e-003 2.74835736e-003 0. 8.14364664e-003
    0. 0. 0. 8.38637425e-005 0. 0. 1.78542186e-003 6.98847871e-004 0.
    -7.92226114e-004 4.43488080e-003 5.44980261e-003 0. 3.56196222e-004
    8.92082928e-004 0. 1.51159137e-003 1.23347633e-003 1.75375561e-003
    0. -4.70259343e-004 0. 0. 0. 0. 0. 0. -1.54017110e-003 0.
    7.51188200e-004 -2.49566889e-004 0. 0. 0. 0. 0. 1.40048377e-003 0.
    -6.91736466e-004 0. 0. 5.90982789e-004 1.45685603e-003
    -4.40458505e-004 0. 5.61041711e-003 0. 5.24214189e-003 0.
    -1.44947297e-003 0. 6.42658258e-003 3.39465169e-003 0. 0. 0. 0. 0.
    3.15012387e-003 0. 0. 0. 1.69281301e-003 1.21056895e-004 0.
    4.41492710e-004 1.13059313e-003 -1.86984183e-003 0. 3.04646138e-003
    0. 6.16182690e-004 0. 9.56787029e-004 9.47591980e-005
    -4.25774895e-004 0. 0. 0. 4.76850290e-003 0. 1.44896470e-003
    -2.68903514e-003 -4.38061892e-004 1.21415185e-003 6.64437131e-004
    3.42675578e-003 0. 1.58271194e-003 0. 0. 0. 0. 8.72212986e-004
    2.41621630e-003 4.77711391e-003 3.50080343e-004 2.95483391e-003
    4.61354852e-003 2.23671086e-003 0. 0. -6.72453723e-004
    3.76741053e-003 4.01334511e-003 9.55138879e-004 0. 0.
    2.45376519e-004 2.21076212e-003 0. 0. 0. 2.42807364e-004 0.
    2.13645922e-004 0. 2.41134665e-003 0. 0. 0. 0. 0. -6.21802756e-005
    0. 0. 0. 0. 4.95917024e-003 0. 4.20026807e-003 0. -2.35961197e-004
    -1.87386794e-003 1.98496599e-003 0. 0. 1.31308124e-003
    8.03486351e-003 1.75864669e-003 0. 7.21829850e-003 1.15121230e-002
    0. 0. 0. 0. 0. 0. -9.39150399e-004 1.22339581e-003 0.
    4.18974058e-004 1.67681044e-003 0. 0. 4.87997849e-003 0.
    9.47202556e-004 0. 4.65119816e-003 1.15160167e-003 0.
    8.90967378e-004 1.15408434e-003 0. -1.31167151e-004 0.
    2.03498523e-003 3.37736914e-003 0. 1.15787727e-004 -1.28076971e-003
    1.99446874e-003 -1.15369745e-004 0. 1.00140425e-003 8.82795267e-003
    0. 0. 0. 0. 0. 2.99387635e-003 0. -1.70237399e-004 6.89044129e-003
    5.57630043e-003 4.86722495e-003 0. 0. 0. 0. 0. 0. 5.12344413e-004 0.
    0. 0. 0. 4.11978085e-003 -2.24802279e-004 0. 0. 2.85115978e-003 0.
    4.71362518e-003 0. 5.45412768e-003 -7.30481290e-004 0.
    4.77323914e-003 0. 0. 0. 3.13967164e-003 5.91117563e-003 0.
    3.23600764e-003 0. 0. 0. 8.03026080e-004 2.02164287e-003 0.
    1.58230672e-004 0. 0. 7.94443185e-004 0. 1.01568247e-003 0.
    3.50954430e-003 0. 1.78379065e-003 1.73068634e-004 4.20979137e-004
    0. 1.73312484e-003 -1.56295963e-003 0. 1.17619627e-003 0.
    -1.59332136e-004 0. 0. 0. 2.33554724e-003 0. 0. 0. 3.23805260e-004
    -4.09555563e-004 -3.01979424e-004 1.14935394e-002 0. 0.
    -2.69952725e-004 0. 0. 1.25848071e-003 0. 0. 0. 0. 0.
    -5.87078148e-006 1.14438329e-002 5.79269463e-003 0. 0. 0.
    1.45680306e-003 0. 3.40201193e-003 1.57940632e-003 2.00745859e-003
    0. 0. 4.10219829e-004 -5.41106157e-004 2.15786090e-003 0.
    1.06902199e-003 6.17040368e-003 9.34155937e-003 1.50039489e-003 0.
    9.90339322e-004 2.73564016e-003 0. 1.35778406e-004 3.32823256e-003
    -6.61007303e-004 0. 4.82669892e-003 0. -7.97307410e-004 0. 0. 0. 0.
    3.54669266e-003 -9.28315567e-005 0. 3.57448516e-005 1.42793858e-003
    0. 0. 3.29325488e-003 0. 1.29849103e-003 0. 0. 0. 6.06742629e-004
    4.52659559e-004 -3.71332353e-005 0. 0. 1.34001940e-003
    5.21931658e-003 0. 0. 0. -2.43365139e-004 0. 0. 0. 4.07663407e-003
    0. 2.16599228e-003 0. 0. 2.19206465e-003 1.94790802e-004
    3.17450543e-003 0. 5.19272126e-003 0. 0. 2.49380944e-004 0.
    3.78347444e-003 -4.09221131e-004 5.24454459e-004 0. 0. 0.
    -5.74646110e-004 2.08937959e-003 1.86156423e-003 2.16008467e-003
    7.29407257e-005 -1.52183394e-003 0. 2.42521195e-003 0.
    1.20722214e-002 0. 6.42993581e-003 0. 0. 2.35567475e-003 0. 0.
    -1.90983017e-004 0. 0. 6.60248846e-003 3.20440601e-003 0.
    5.46749728e-003 -2.07785270e-004 4.34242049e-003 0. 2.78150011e-003
    0. 0. 7.12866487e-004 0. 4.27555153e-003 0. 0. 9.61185317e-004 0. 0.
    1.06326607e-003 6.88013015e-003 5.15806954e-003 0. 1.07354512e-002
    6.00975240e-004 0. 0. 0. 2.42942624e-004 7.67505169e-003
    1.27268792e-003 0. 5.25510870e-003 0. 4.54913126e-003 0.
    -5.72908495e-004 0. -2.83388566e-004 2.83841102e-004 7.77070294e-004
    3.19973845e-003 3.74471257e-003 1.47854254e-004 0. 0.
