<?xml version="1.0"?>
<opencv_storage>
<imageDescriptor type_id="opencv-matrix">
  <rows>1</rows>
  <cols>1000</cols>
  <dt>f</dt>
  <data>
    0. 0. 0. -1.90716540e-003 4.98827221e-003 4.50993376e-003 0. 0.
    1.43396645e-003 2.94419914e-003 0. 7.75288092e-004 0. 0. 0.
    8.17523978e-005 5.43092424e-003 0. 0. 1.15024224e-004
    -5.59767068e-004 0. 0. 0. 0. 1.18951313e-002 0. 0. 0. 0. 0. 0. 0.
    7.64460675e-003 0. 5.24696894e-003 0. 0. 0. 4.61690157e-004
    7.60098780e-003 0. 1.19753974e-003 0. 0. 3.38379666e-003
    6.19885745e-003 -8.53857317e-004 0. 0. -9.72987502e-004 0. 0. 0.
    4.19896329e-004 5.31696156e-003 4.92009858e-004 0. 2.94006872e-003
    0. 4.02066065e-003 0. -5.25393640e-004 3.96759529e-003 0.
    9.95365158e-003 0. -2.02842662e-003 0. 0. 0. 3.70241818e-003 0. 0.
    0. 9.25729728e-006 0. 0. -1.23325898e-003 0. 0. 0. 0.
    4.29638691e-004 0. 0. 0. 2.01992062e-003 3.96663032e-004
    4.19070991e-003 0. 0. 0. 1.33220223e-003 7.45765306e-003
    4.23226831e-003 4.00947127e-003 2.67506251e-003 0. 0.
    4.45835013e-003 0. -1.68279791e-003 1.00566377e-003 3.19984369e-003
    0. 0. 0. 0. 3.89185292e-003 0. 0. 0. 6.61482429e-003 3.22470046e-003
    -1.14302232e-003 5.10554854e-003 0. 0. 3.33230197e-003 0.
    5.16952388e-003 6.47951756e-003 1.08741806e-003 4.02855966e-003 0.
    0. 0. 0. 3.82399012e-004 0. 1.21443917e-003 0. 9.36804223e-004 0.
    3.52398213e-003 5.06045530e-003 6.14202069e-003 0. 0.
    -2.47172127e-003 2.27424805e-003 0. 0. 0. 2.56936275e-003 0.
    2.50732119e-004 6.82813767e-003 5.74234687e-003 3.59547697e-003
    2.05109473e-006 2.11623195e-003 1.08013581e-003 1.88297895e-003 0.
    0. 1.00563338e-003 0. 0. -2.54197489e-003 0. 0. 0. 7.95264437e-004
    0. 2.12027389e-003 0. 2.36110226e-003 0. 0. 4.12854645e-003
    8.81870568e-004 0. 8.40388611e-003 3.52210132e-003 0.
    5.37429063e-004 6.51315640e-005 8.07658397e-003 0. 5.87604532e-004
    9.62703489e-003 0. 0. 2.02131667e-003 0. 2.47876378e-005
    1.79011852e-003 0. 0. 0. 0. 0. 0. 3.30588571e-003 0. 1.00404769e-003
    0. 0. 0. 1.89800852e-003 0. 0. 0. 0. 7.00732577e-004 1.34330546e-003
    0. 0. 0. 1.47480494e-003 0. 3.15517141e-003 -4.10912617e-004 0.
    9.06184068e-005 1.97432164e-004 0. 7.41211325e-003 8.51636578e-004
    8.61567352e-003 0. -6.14480407e-004 -2.28533056e-003 0.
    2.21516122e-003 0. 0. 3.69961909e-003 0. 3.96302948e-003
    3.23072611e-003 7.31452508e-003 0. 4.91600903e-003 -2.01733041e-004
    0. 0. 0. 0. 3.19536426e-003 0. 0. 0. 1.38271507e-003 6.17996976e-003
    4.19303047e-004 0. 0. 0. 4.63900760e-005 0. -4.36710798e-005 0.
    1.25618884e-003 0. 2.04317458e-002 0. 0. 0. 0. 0. 2.30788440e-003 0.
    -2.28228769e-003 0. 0. 1.02019287e-003 0. 0. 1.15692639e-003 0. 0.
    0. 8.33344460e-003 4.64024162e-003 0. 0. 4.79953969e-003 0. 0. 0.
    -3.98947246e-004 5.71911968e-003 0. 0. 0. 7.06271874e-003
    -5.04459953e-004 1.68396207e-003 4.06354805e-003 0. 7.07855541e-003
    -1.28612749e-003 8.17285269e-004 3.19419370e-004 2.93749082e-003 0.
    0. 7.06095202e-003 0. 0. 6.54069823e-004 1.53642008e-003 0.
    4.95105167e-004 5.21256216e-003 2.43172282e-003 0. 0.
    4.44397191e-003 0. 1.20189844e-003 0. 1.23701966e-003 0. 0. 0. 0. 0.
    0. 1.92404725e-003 0. 1.29781349e-003 1.76086416e-003
    2.21902644e-003 -3.22592474e-004 2.35007145e-003 1.49282080e-003 0.
    0. 0. 1.60334294e-003 0. 0. -8.49976350e-005 9.76072741e-004 0. 0.
    0. 0. 0. 1.61540997e-003 0. 0. 3.86669557e-003 3.98454249e-005 0. 0.
    0. 4.58397204e-003 2.58230534e-003 4.30805050e-003 0. 0. 0.
    3.28545598e-003 1.48368266e-003 1.30488363e-003 0. 1.89449498e-003
    4.55117598e-003 0. 7.21697090e-003 1.36160559e-003 6.73980743e-004
    1.05219323e-003 0. 0. 0. 0. 0. 3.02609103e-003 0. 0. 0. 0.
    2.10049236e-003 0. 1.67306198e-003 0. 0. 2.88751931e-003 0. 0. 0. 0.
    0. 4.70923586e-003 0. 0. 0. 1.36698340e-003 1.87047804e-003
    5.90749271e-003 0. 0. 0. 0. 4.05858882e-004 2.71282159e-003 0.
    2.36715213e-003 0. 6.43531035e-004 5.04538789e-003 6.16268301e-003
    0. 0. 0. 4.89168195e-003 2.88619543e-003 0. 6.68356707e-003
    2.84117390e-003 9.84325190e-004 5.90023992e-004 0. 0.
    4.94873337e-003 0. 9.12636518e-004 0. 1.86442188e-003
    2.41769617e-003 1.11414175e-002 5.29976562e-003 -1.81067048e-003
    -6.11983065e-004 5.55969775e-003 0. -6.60616148e-004 1.09820778e-003
    2.17883207e-004 0. 9.72723705e-004 4.29289212e-004 4.30432661e-003
    0. 0. 0. 0. 0. 0. 0. 1.25685369e-003 5.10130357e-003 0. 0. 0. 0.
    6.71786489e-004 0. 2.42799360e-004 0. 1.92621059e-003 0. 0.
    1.88032471e-004 0. 0. 2.55109800e-004 2.92990357e-004
    1.38582999e-003 0. 0. 5.98148210e-004 0. 6.86755695e-004 0. 0.
    3.77669372e-003 0. 0. 0. -7.79767637e-004 1.25844940e-003 0. 0.
    -7.12696754e-004 4.79601836e-003 0. 4.91885236e-004 0. 0. 0. 0. 0.
    0. 0. 0. 0. 0. 0. -4.26274724e-004 0. 2.59158458e-003 0. 0. 0. 0. 0.
    0. 5.18781878e-003 7.80473929e-004 9.02084401e-004 7.65388249e-005
    2.54348689e-003 0. 1.29945471e-003 0. 1.11967360e-003
    1.56420015e-003 0. 0. 0. 0. 0. 4.24082810e-003 0. 4.07913141e-003 0.
    3.46124289e-003 0. 1.08202230e-002 0. 6.25838758e-004
    7.47569324e-003 0. 0. 0. 9.13553464e-004 0. 0. 0. 1.57432770e-003 0.
    2.70026573e-003 0. 8.58802814e-004 0. 1.43103430e-003
    1.64255295e-002 0. 0. 9.73529927e-003 0. 0. 0. -2.73643667e-003
    3.53992661e-003 1.93816982e-003 0. 0. 0. 0. 0. -8.76361504e-004 0.
    7.63749145e-003 1.54318300e-003 0. 0. 7.68010359e-005
    1.93015742e-003 0. 0. 0. 0. 0. 0. 0. 6.77493284e-004 0. 0. 0.
    6.35562045e-003 0. 0. 0. 0. -2.00653143e-004 0. 7.23565579e-004 0.
    0. 0. 0. -1.16963813e-003 7.04515609e-004 0. 0. 0. 0. 0.
    5.36832632e-003 4.34391154e-003 9.99018643e-003 2.21884996e-003 0.
    0. 2.08278908e-003 1.21329690e-003 0. 1.04935793e-003 0. 0. 0. 0.
    1.59230165e-003 0. 0. 0. 8.67389317e-004 2.32039671e-003 0. 0. 0. 0.
    0. 0. 0. 1.71380106e-003 0. 0. 0. -1.30367372e-003 0. 0.
    3.00373440e-003 3.51754855e-003 0. 5.39146876e-003 0.
    8.60238681e-004 2.99067306e-003 0. 0. 1.44564325e-003 0. 0.
    8.01964942e-003 0. 2.36028084e-003 0. 0. 0. 0. 0. 2.11408688e-003 0.
    0. 0. 0. 4.85240016e-003 4.78029205e-003 9.02542961e-004 0. 0. 0. 0.
    0. 2.10494363e-006 0. 0. 7.05416175e-003 2.45489576e-003
    1.71201292e-003 0. 5.27048251e-003 0. 0. 1.11928221e-003
    -1.66792946e-003 0. 0. 0. 0. 5.13281033e-004 0. 0. 0. 0.
    4.79704095e-003 -2.05972488e-003 0. 1.00813492e-003 0. 0. 0.
    5.63890813e-003 0. 1.13357499e-003 1.00064487e-003 0. 0.
    1.70945469e-003 2.53861258e-003 -3.06402129e-004 3.98668321e-003
    1.24891882e-003 -1.46972889e-003 0. 7.68266211e-004 -5.05306700e-004
    5.17237140e-003 0. 0. 0. 0. 1.49093929e-003 6.66481210e-003 0.
    1.91349909e-003 1.81081041e-003 6.64042309e-004 0. 0. 0. 0.
    3.01748561e-003 0. 0. 1.06904062e-003 0. 0. 0. 2.99507217e-003
    -1.92595460e-003 -6.23747765e-004 3.40920128e-003 0. 1.06734782e-003
    5.28460043e-003 0. 1.22115426e-002 1.27272331e-003 8.56058672e-004
    3.67609609e-005 0. -4.69826278e-004 0. 0. 0. 5.96017984e-004
    2.69200467e-003 0. 1.02960179e-003 0. 1.07125449e-003 0. 0.
    2.25890172e-003 1.90866657e-003 5.80674410e-003 0. 1.11501791e-007
    0. 0. -5.91540447e-005 0. 0. 0. 0. 0. 0. -6.63195460e-005 0. 0.
    -8.89105781e-004 0. 0. 0. 0. 0. 7.56050984e-004 0. 0.
    8.74164701e-003 0. 1.61551835e-003 5.65970642e-003 0. 0. 0. 0. 0.
    -4.50345775e-004 0. 5.18725486e-003 0. 1.02705241e-003 0.
    1.58347306e-003 0. -5.29950368e-004 0. 0. 0. 0. 3.59108759e-004
    -9.68334556e-004 0. 1.46988523e-003 0. 0. 2.26580375e-003 0.
    1.79138291e-003 0. 0. 0. 0. -8.21992173e-004 2.97112460e-003 0. 0.
    0. 0. 0. 3.42792575e-003 0. 0. 0. 0. 0. 0. 0. 0. 7.17977760e-004
    1.28991727e-003 0. 0. 4.94852709e-003 0. 0. 3.08621977e-003 0.
    1.27308501e-003 0. 0. 8.58252926e-004 2.60908483e-003 0.
    -8.33706348e-004 0. 0. 0. 2.94134748e-004 0. 1.64168538e-003 0. 0.
