<?xml version="1.0"?>
<opencv_storage>
<imageDescriptor type_id="opencv-matrix">
  <rows>1</rows>
  <cols>1000</cols>
  <dt>f</dt>
  <data>
    5.06726047e-003 0. 0. 0. 2.32547667e-004 1.69274991e-003 0.
    2.40440946e-003 0. 0. 0. 0. 0. 0. 6.05048565e-003 0. 1.51809480e-003
    0. 0. 2.68329913e-003 -2.39895284e-003 0. 0. 0. 8.49920418e-003
    1.20434258e-003 7.89301936e-003 0. 0. 0. 0. 0. 6.90127607e-004 0. 0.
    0. 8.59015621e-003 0. 0. -2.21897359e-003 0. -1.49672152e-004 0.
    6.04082178e-003 2.52425345e-003 -1.68027866e-004 1.02220206e-002 0.
    0. 0. 0. 0. 1.02041682e-004 0. 2.48171273e-003 0. 0. 1.98288844e-003
    0. 0. 0. 0. 0. 8.59121792e-003 0. 0. 2.18694285e-003 0. 0.
    3.35691118e-004 7.44480640e-004 0. 0. 0. 0. 5.35526127e-003 0. 0.
    4.38869605e-003 0. 0. 0. 0. 0. 0. 0. 0. 0. 8.32530786e-004 0. 0. 0.
    0. 0. 1.39206799e-003 0. 0. 1.76973571e-003 0. 0. 2.14688759e-003
    -1.26207899e-003 0. 0. 0. 0. 0. 0. 0. -2.93521071e-003
    1.04265232e-002 0. 0. 0. 0. 0. -8.26634187e-003 0. 1.01873567e-002
    1.17593892e-002 2.65241973e-003 -2.07118876e-003 0. 0.
    3.41837574e-003 9.22849867e-003 0. 0. 0. 0. 0. 0. 1.68965280e-003 0.
    0. 2.13651313e-003 1.70624210e-003 1.62447104e-003 0.
    4.59979335e-003 -1.72718335e-003 0. -4.66853380e-004 5.53557603e-003
    0. 0. 0. 0. 1.43242078e-002 1.68141408e-003 0. 0. 4.29660920e-003 0.
    8.36449023e-003 4.14828188e-004 0. 4.33264161e-003 0. 0.
    9.86331142e-003 -2.64693488e-004 0. 1.21709635e-003 -1.50850508e-004
    0. 0. 1.25892984e-003 0. 0. 4.38266573e-003 3.60655336e-004 0. 0.
    6.53364696e-003 8.29373254e-004 5.59610408e-003 0. -1.36252539e-003
    0. 0. -3.63956788e-004 3.43232788e-003 0. 1.22649386e-003 0.
    2.28514918e-003 8.99041479e-004 7.54290679e-003 0. 0.
    3.39297438e-003 0. 4.08266351e-004 2.43419199e-003 0.
    3.25517240e-003 -1.45035956e-004 0. 2.25179340e-003 0. 0. 0.
    2.43632053e-003 7.36396806e-003 0. 0. 7.36736599e-003
    9.47118155e-004 8.44453741e-003 0. 2.37323041e-003 1.25932309e-003
    1.20497365e-002 8.39033071e-003 0. 0. 2.90454511e-004 0. 0. 0. 0. 0.
    0. 0. 0. 0. 1.84199552e-003 0. 0. 0. 0. -3.69006651e-004 0.
    4.49569104e-003 3.22162197e-003 0. 0. 3.41543881e-003
    1.74627118e-002 0. 0. 2.70452956e-003 0. 0. 0. 3.71551258e-003 0. 0.
    0. 4.44511534e-004 6.20381732e-004 0. 2.23710807e-003 0.
    -5.86249167e-004 0. 0. 0. 7.21032312e-003 -1.37707300e-003 0. 0.
    -1.18309376e-003 0. 1.27784573e-002 0. 5.05764643e-003 0. 0. 0. 0.
    0. -2.55441014e-003 1.45827206e-002 0. 0. 0. 6.74081547e-003 0.
    7.30576576e-004 0. 2.87069008e-003 0. 0. 0. -1.52667030e-003 0.
    6.95873098e-003 0. 1.39040244e-003 0. 8.24514485e-004 0.
    4.92165424e-003 1.83924148e-003 2.52470677e-003 0. 9.46297124e-003
    0. 6.33006776e-003 -1.93311484e-003 4.10946406e-004 2.12661480e-003
    1.15187559e-003 0. -3.42580577e-004 0. 0. 0. 0. -2.12581406e-004 0.
    0. 0. 0. 0. 0. 0. 4.31522523e-004 0. 0. 3.53526586e-004 0.
    3.78089608e-003 7.75659806e-004 1.35986682e-003 0. 0.
    -9.61898884e-004 9.08663496e-003 -4.50207241e-004 8.87564756e-003 0.
    0. 2.56916578e-003 2.41869059e-003 0. 8.80250055e-003 0. 0.
    7.06575485e-003 -8.92024604e-004 0. 0. 0. 6.57503697e-005 0. 0. 0.
    0. 0. 0. 0. 0. 0. 0. 1.54471828e-003 0. 0. 8.91505834e-003 0.
    5.99823147e-003 -1.63267890e-004 0. 1.23471569e-003 4.17452725e-003
    2.81623704e-003 0. 0. 0. 0. 0. 0. 0. 4.07934655e-003 1.23317516e-003
    3.15704360e-003 0. 0. 0. 0. 0. 0. 3.55736789e-004 0. 0. 0. 0. 0. 0.
    6.30995142e-004 0. 0. 3.02723562e-003 0. 7.66505022e-003 0. 0. 0. 0.
    0. 0. 5.65455004e-004 0. 1.89786509e-003 0. 0. 2.92271981e-003 0. 0.
    0. 0. 0. 0. 5.20650018e-003 0. 0. 8.66882328e-004 0. 0.
    5.38786058e-004 0. 0. 0. 6.82222133e-004 0. 0. 0. 0. 1.85885339e-003
    0. 0. 0. 2.62620579e-003 -9.03990236e-004 0. 4.81617637e-003 0. 0.
    0. 0. 0. 1.82344695e-004 5.24263363e-004 0. 0. 0. 3.35182040e-003 0.
    1.82410725e-003 1.10460143e-003 0. 5.96222421e-003 0.
    3.24519118e-003 0. 7.26574217e-004 0. 1.68836617e-003 0. 0. 0. 0.
    5.59084164e-003 2.11902708e-003 0. 0. 4.24632430e-003 0. 0. 0. 0. 0.
    0. 1.28028980e-002 -9.80156823e-004 0. 4.94983047e-003 0. 0. 0. 0.
    0. 0. 4.07047477e-003 0. 0. -1.33736839e-003 0. 0. 7.97145162e-003
    0. 0. 1.39830503e-004 7.93793891e-003 -1.30615823e-004 0. 0. 0.
    -1.80968142e-004 0. -7.00783858e-005 0. 1.39003736e-004
    2.92584125e-004 0. 0. 4.82153846e-003 0. 0. 5.31125523e-004 0.
    3.44160595e-004 0. 2.29688804e-003 0. 0. 0. 0. 0. -2.43751056e-004
    0. 0. 1.18151144e-003 0. 1.07766327e-003 0. 0. 0. 1.75501150e-003 0.
    0. 0. 0. 0. 0. -5.49684511e-004 1.96584198e-003 1.76015892e-003
    6.28406834e-003 3.02371290e-003 0. 8.22942425e-003 1.73514383e-003
    0. 0. 1.66393886e-003 -3.71311122e-004 2.22888682e-003 0. 0. 0. 0.
    0. 0. 0. 0. 0. 0. 1.66637974e-003 0. 2.06940458e-003 2.53552513e-004
    0. 0. 0. 0. 0. 0. 4.81067831e-003 0. 0. 0. 0. 0. 0. 0. 0. 0. 0. 0.
    3.51420109e-004 0. -2.02652556e-003 0. 7.76408473e-003 0.
    1.39543377e-002 0. 0. 6.66294759e-003 -1.30963011e-003
    1.25390920e-003 0. 0. 0. 0. 0. 0. 2.03255448e-003 0. 0.
    1.59617106e-003 0. 1.03224360e-003 2.35669967e-003 3.84634011e-003
    0. 0. 0. 0. 0. 0. 0. 0. 0. 1.59986818e-003 0. 0. 1.75803714e-003 0.
    1.04354392e-003 0. -3.17389029e-003 1.36713206e-003 -1.61658158e-003
    0. 0. 8.24832299e-004 0. 0. 1.64373650e-003 0. 0. 0. 0. 0. 0. 0.
    1.29909720e-003 0. 0. 0. 0. 0. 0. 0. 0. 0. 0. 0. 0. 0. 0.
    6.61461102e-003 0. 1.95617531e-003 0. 0. 8.21785943e-004 0. 0.
    4.77381909e-005 0. 1.90532126e-003 0. -1.78851979e-003
    2.46017386e-004 0. 0. 4.73348191e-003 0. 9.15786513e-005 0. 0. 0.
    3.21699004e-003 0. -7.41936790e-004 1.24818424e-003 0.
    3.45084001e-003 0. 6.08924776e-003 1.58551743e-003 0. 0. 0. 0. 0. 0.
    0. 0. 0. 3.44910589e-003 -1.85703475e-003 0. 0. 0. 0. 0. 0. 0. 0.
    1.04661109e-002 0. 0. 2.68449518e-003 0. 0. 0. 2.36564505e-004 0. 0.
    5.60947461e-003 7.65555655e-004 1.62487617e-003 3.24665383e-003 0.
    0. 0. 0. 0. 1.67060585e-003 1.64152632e-004 0. 6.12169690e-003
    1.18035739e-002 -3.49026930e-004 0. 0. 1.17935915e-003 0. 0.
    1.60772062e-003 4.95842542e-004 1.06754079e-002 0. 7.34116463e-003
    0. 0. 2.95740283e-005 5.78123331e-003 0. 0. 0. 0. 0. 0. 0. 0. 0. 0.
    0. 0. 1.07376534e-003 0. 0. 0. 0. 0. 0. 0. 0. 0. 2.84624426e-003 0.
    2.19885795e-003 -1.13093818e-003 0. -8.71413678e-004 0. 0. 0. 0.
    1.72695261e-003 0. 4.41620313e-003 0. 0. 0. 0. 0. 3.22665041e-003 0.
    0. -3.38566111e-004 0. 3.55808600e-003 1.87009026e-003
    1.49968464e-003 0. 0. 0. 2.63709016e-003 0. 0. 2.76883855e-003 0. 0.
    0. 0. 8.90502427e-003 0. 0. 0. 0. 5.05765108e-003 0. 1.19151082e-003
    0. -3.87288746e-003 0. 0. -2.48796394e-004 0. 2.06053369e-002 0.
    7.38064013e-003 0. 0. 0. 1.02376482e-002 6.17154827e-003 0.
    1.17467334e-002 0. 9.43181105e-003 0. 0. 2.66773300e-003
    7.34661415e-004 0. 0. 6.66568754e-003 -3.84513878e-005
    3.73406964e-003 0. 0. 0. 8.31311755e-003 0. 0. 0. 0. 1.16767618e-003
    0. 0. 0. 0. 0. 0. 0. 0. 0. 0. 9.91366542e-005 0. 0. 0.
    1.15062168e-003 0. 1.09078893e-002 0. 0. 0. 0. 0. 0. 0. 0.
    -1.09280855e-003 0. 0. 9.60119942e-004 0. 0. 0. 0. 0. 0.
    2.53972271e-003 0. 0. 0. 1.16716130e-002 0. 0. 4.78819311e-006 0.
    1.12700230e-003 0. 0. 0. 0. 0. 0. 0. 0. 2.56121974e-003
    -1.60297751e-003 0. 0. 0. 0. 0. 0. 0. 6.18795864e-003
    2.71768286e-003 0. 0. 0. 0. 1.56025996e-003 -2.97507830e-003
    5.01574343e-003 0. 0. 1.96396024e-003 0. 0. -1.05506147e-003
    1.22789771e-003 0. 0. 0. 1.05310455e-002 0. 0. 0. 0. 0. 0.
    8.88667535e-003 0. 1.44537029e-004 -2.35967571e-003 0. 0.
    1.12933517e-002 0. 2.55394552e-004 0. 0. 0. 5.36152441e-003 0. 0. 0.
    0. 0. 0. 0. 0. 0. 0. 0. 1.24083217e-002 6.30253286e-004
    2.47733691e-003 0. 0. 0. 0. -3.30620533e-004 0. 0. 0.
    -1.54391234e-003 0. 0. 0. 0. 0. 0. 0. 0. 5.04163851e-004
