<?xml version="1.0"?>
<opencv_storage>
<imageDescriptor type_id="opencv-matrix">
  <rows>1</rows>
  <cols>1000</cols>
  <dt>f</dt>
  <data>
    2.66366312e-003 0. 3.13760596e-003 1.09409252e-002 0.
    9.23969084e-004 2.58563017e-003 4.69069276e-003 4.05597687e-003 0.
    0. 0. 0. 1.91866281e-003 0. 4.56896704e-003 1.07568933e-003
    1.30105042e-003 -6.54508418e-004 0. 4.32477845e-003 -2.94592959e-004
    0. 3.93571943e-004 1.85214158e-004 -2.52507773e-004 0.
    3.07096052e-003 2.77607865e-003 0. 4.40891192e-004 5.16256783e-003
    3.97107983e-003 1.45094597e-003 3.66610219e-003 1.79205474e-003 0.
    0. 1.22309721e-003 0. 3.26314941e-003 0. 0. 1.17908430e-003
    3.89533816e-003 2.46448978e-003 1.55143428e-003 0. 3.99058266e-003
    0. 3.33269103e-003 6.96623407e-004 8.52681056e-004 0.
    4.08332748e-003 0. -1.76968111e-004 0. 9.57787270e-005
    2.60027149e-003 2.55191408e-004 9.30754002e-004 1.35590229e-003 0.
    0. 1.64713757e-003 7.06926361e-003 0. 6.09393092e-003
    1.67908065e-003 3.25555040e-004 6.80840822e-005 6.64778054e-004 0.
    5.63943898e-003 6.10991789e-004 0. 0. -2.53227452e-004
    3.38376570e-003 0. 2.04314128e-004 4.67361329e-004 2.25254381e-003
    0. 1.41867693e-003 2.11494719e-003 2.27108388e-003 0.
    3.55278724e-003 0. 0. 1.94401352e-003 0. -3.64638167e-004 0.
    4.26161336e-003 -4.43035882e-004 4.13341308e-003 0. 1.19692879e-004
    6.07075170e-003 3.04241315e-003 0. 2.98681989e-004 7.23695266e-004
    9.98665462e-004 2.68658099e-004 -8.42672831e-004 1.77569024e-003 0.
    6.99052820e-004 1.67006592e-003 1.28976605e-003 0. 4.31662705e-003
    0. 0. 2.87971692e-003 8.07263496e-005 2.06722710e-002
    2.75744847e-003 -7.43858633e-004 0. 0. 0. 0. 0. 0. 0. 0.
    4.12249565e-003 0. 1.47084601e-003 -4.40817457e-005 0.
    2.84824474e-003 1.56317488e-003 0. 1.18883094e-003 1.81246630e-003
    2.22081505e-003 1.25706801e-003 1.76140049e-003 3.97813600e-003
    3.99869226e-004 -8.78594816e-004 0. 6.45019626e-003 0. 0.
    9.74947936e-004 0. 0. 0. 2.19850172e-003 4.60552517e-003
    3.78227764e-004 1.81722478e-003 0. 0. 7.58388080e-004
    3.05075734e-003 0. 0. 0. 1.33033865e-003 0. -5.03697724e-004
    1.01758318e-003 0. 1.15133496e-003 2.58803694e-003 1.40425353e-003
    0. 0. 0. 0. 1.03568344e-003 0. 5.75784536e-004 6.81462872e-004
    9.21273313e-004 0. 7.44966464e-003 3.62043065e-004 3.41763906e-003
    2.16188212e-003 -5.13378356e-004 4.43705125e-003 2.65085977e-003 0.
    0. 4.35938302e-004 4.51756088e-004 5.70909027e-003 0. 0.
    1.09573954e-003 1.77230302e-003 0. 2.09929585e-003 0.
    3.17195500e-003 4.95656102e-004 1.63525064e-003 2.09391816e-004 0.
    4.34996880e-004 1.80425739e-003 6.49200403e-004 0. 0.
    -2.42550089e-003 0. -2.28538483e-005 0. 3.65018030e-003 0.
    -2.59063527e-004 9.94156362e-005 3.96691030e-004 6.94628665e-003
    4.15657094e-004 0. 0. 0. 9.44942178e-004 7.07069004e-004 0.
    1.28729700e-003 -1.74471905e-004 0. 9.28006251e-004 1.18680100e-003
    1.85858016e-003 3.32180411e-004 0. 1.01343830e-004 -3.32620402e-004
    0. 2.23858585e-003 0. 0. 0. 3.98676755e-004 8.83485249e-004
    -4.02053469e-004 0. 0. 4.13213071e-004 0. 5.35627082e-003 0.
    2.11843668e-004 2.17862776e-003 9.38437239e-004 4.97138244e-004 0.
    2.04617181e-003 0. 1.71635684e-003 7.25530845e-004 2.68298993e-003
    2.37194428e-004 0. 0. 0. 0. -1.83934579e-004 0. 9.56690754e-004 0.
    -1.57323593e-004 0. 3.89730651e-003 0. 0. 0. 1.07493147e-003
    4.29156609e-003 6.15914771e-003 -8.66266899e-004 0. 0. 0.
    9.90498578e-004 9.53833049e-004 0. 0. 1.08731433e-003 0. 0.
    -5.93801902e-004 0. 0. 1.74535776e-003 6.95564551e-004
    5.20051690e-004 -5.16327505e-004 1.10116380e-003 -3.05741472e-004
    -7.83377182e-005 0. -6.43623178e-004 -2.83074391e-004 0. 0.
    2.32717954e-003 3.83281591e-003 0. -4.77425026e-004 7.24487822e-004
    1.83123266e-004 3.87514359e-003 0. 0. -5.73881734e-005 0. 0.
    7.15834321e-004 0. 0. 0. 4.15450847e-003 0. 0. 0. 0. 0.
    2.49336794e-004 0. 1.06524106e-003 1.45197066e-003 0. 0. 0.
    4.17357252e-004 6.51054457e-003 1.06271147e-003 1.48331383e-004 0.
    3.95791093e-003 0. 0. 0. 0. 2.39104871e-003 0. 0. 9.19453101e-004
    4.81114723e-004 0. 0. -3.23335058e-004 8.21437803e-004
    9.60358520e-005 3.18938028e-003 0. 3.63485131e-004 0.
    5.14851708e-005 1.59479398e-003 0. 0. 5.35149069e-004
    1.39261701e-003 0. 4.59064555e-004 0. 0. -1.33302342e-003 0.
    4.46582708e-004 0. 8.33141059e-003 1.55871455e-003 0.
    4.40521492e-003 -7.56230584e-005 6.36472396e-005 7.59938092e-004
    1.00263429e-003 3.86439427e-003 0. 4.74975957e-003 8.05532618e-004
    1.56650390e-003 0. 1.27409026e-003 6.15398923e-004 0.
    -1.02228741e-003 -1.68103099e-004 0. 0. 0. 3.70646757e-003 0. 0. 0.
    2.59612896e-003 0. 0. -1.40003464e-003 0. -8.64738133e-004
    -1.09306525e-003 0. 0. 1.85916363e-003 1.39046961e-003 0. 0.
    1.66832271e-003 0. 0. -1.30837993e-003 0. 1.09010830e-003 0.
    -7.48001097e-004 8.88958923e-004 1.78655580e-004 0. 2.28461809e-003
    3.00403615e-003 1.64540275e-003 6.19649771e-004 3.44270119e-003 0.
    1.85417000e-003 0. -4.04406339e-004 3.46369226e-003 9.30931361e-004
    0. -1.83979952e-004 0. 7.10406282e-004 1.64955680e-003
    1.59261818e-003 4.44231555e-003 0. 1.88322767e-004 0.
    1.99500751e-003 1.03509845e-003 0. 0. 2.42034672e-003
    1.21633871e-003 0. 0. 0. 0. 0. 0. 3.53083340e-003 0. 7.59890769e-004
    4.26266203e-003 9.06422210e-004 5.14481636e-003 1.76555221e-003
    2.07336945e-003 3.62524716e-003 0. 0. 1.33345614e-003
    3.33420467e-003 0. -9.43796069e-004 0. 8.92675598e-004
    1.20310765e-003 1.76694081e-003 0. 3.21660680e-003 1.22175890e-003
    1.91030523e-003 0. 1.03569450e-003 0. 1.08064804e-003
    2.05544219e-003 0. 0. 3.15415731e-004 2.11227708e-003
    1.65574998e-003 0. -3.64020088e-004 4.20711050e-003 6.91090943e-004
    1.04383461e-003 5.26615477e-004 1.57212513e-003 2.08266359e-003 0.
    3.93499940e-004 3.82066378e-003 1.92915380e-004 6.13791985e-004 0.
    0. 1.72459194e-003 0. 0. 0. 0. 4.34626214e-004 3.45302909e-003
    2.27712281e-003 3.39152827e-003 1.31246133e-003 1.26871385e-003 0.
    0. 5.03379211e-004 0. 0. 6.19968399e-004 3.41225881e-003 0. 0.
    7.75661087e-003 0. 8.11275095e-004 0. 1.58193707e-003
    1.06729742e-003 0. 0. 2.94497731e-004 3.36676324e-003 0.
    3.82023258e-003 2.76064430e-003 -1.88807386e-003 0. 7.94545223e-004
    0. -1.00173429e-003 7.24815764e-003 0. 8.96681231e-005 0.
    5.60707529e-004 3.20967258e-004 2.31989566e-003 0. -2.03446532e-003
    2.32235179e-003 8.90587908e-005 2.98542116e-004 4.90693515e-003
    2.16615736e-003 0. 0. 2.42318987e-004 4.56844596e-003
    2.95646000e-003 1.20021647e-003 3.02233791e-004 9.63081584e-006
    4.99269413e-003 0. 0. 2.27950490e-003 0. 0. 0. 4.18115128e-003
    3.87018477e-003 0. 0. 9.65420215e-004 1.99198117e-003
    4.58330614e-003 1.64273661e-003 3.36414715e-003 0. 5.59579174e-004
    1.75335663e-004 0. 1.06519274e-003 0. 0. 9.98064294e-004
    1.13533379e-003 0. 0. 0. 1.11648219e-003 3.63477622e-003
    1.48187485e-003 0. 0. 5.29189536e-004 0. 9.74636816e-004
    4.66743903e-003 0. -1.12151564e-003 0. 2.33957660e-003 0.
    -1.89036055e-005 1.38906692e-003 3.26368655e-003 3.10550071e-003 0.
    6.21613697e-004 0. 7.26369035e-004 2.80485139e-003 3.12149711e-003
    0. 1.00629684e-003 0. 0. 3.48168728e-003 0. 0. 1.95296877e-003 0.
    1.21580460e-003 0. 2.34886640e-004 0. 0. 1.20560254e-003
    2.41329893e-004 0. 1.12257840e-003 0. 0. 2.76240316e-004 0.
    -1.79420662e-004 8.04685173e-004 0. 1.25003164e-003 0.
    4.16638190e-003 4.59072704e-004 0. 0. 1.25222735e-003
    1.66846882e-003 0. 2.11350783e-003 3.76056600e-003 0. 0. 0.
    4.09277016e-003 0. 0. 0. 1.05397904e-003 6.77633239e-003 0.
    6.95814320e-004 0. 0. 0. 2.69479724e-003 0. -2.96231417e-004 0. 0.
    0. 7.36022193e-004 2.13350722e-004 7.32051767e-003 0. 0.
    9.40709782e-004 0. 0. 3.24319582e-003 0. 9.45177395e-003
    2.45795096e-003 0. 0. 9.76313640e-006 4.65193857e-003
