<?xml version="1.0"?>
<opencv_storage>
<imageDescriptor type_id="opencv-matrix">
  <rows>1</rows>
  <cols>1000</cols>
  <dt>f</dt>
  <data>
    1.42965349e-003 0. 0. 0. 0. 0. 0. 4.99168271e-003 3.89412907e-003 0.
    0. -8.90244090e-004 1.22447580e-003 0. 0. 7.22223939e-003 0. 0.
    2.49961537e-004 0. 0. -3.37139529e-004 0. 0. 7.34960835e-004
    -2.20214017e-003 -9.33484349e-004 0. 0. 0. 0. 2.58632563e-003
    1.36603042e-003 2.03472353e-003 0. 3.51803051e-003 0.
    8.64026416e-003 1.46946707e-003 0. 0. 0. 0. 2.09056074e-003
    6.84464490e-003 0. 0. 0. 0. 0. 0. -1.21574162e-003 1.01179350e-003
    0. 1.30385440e-003 0. 0. -1.50142057e-007 2.80923699e-003 0. 0.
    -1.37269788e-004 0. 0. 9.20737148e-005 0. 0. 1.57363364e-003 0. 0.
    5.83773898e-003 1.05658278e-003 0. 0. 0. 0. 4.25929291e-004 0.
    4.77687130e-003 1.28156343e-003 0. 0. -4.31348017e-004
    1.27690146e-003 2.30825343e-003 2.00671563e-003 0. 9.85225290e-003
    4.74939123e-003 0. 2.92877259e-004 8.09773919e-005 4.74698981e-003
    4.47778078e-003 0. 4.76219779e-004 0. 0. 0. 2.72307574e-004 0. 0.
    1.36783370e-003 4.34442842e-003 0. 0. 0. 0. 0. 0. 0. 1.00017304e-003
    0. 3.79516714e-004 0. 1.70543790e-003 5.63689135e-003
    6.36634766e-004 4.78176121e-003 0. 0. 0. 0. 0. 6.18729368e-003 0.
    1.05547626e-003 0. 0. 0. 0. 3.13578080e-003 0. 0. 0. 0. 0. 0. 0. 0.
    3.57802375e-003 0. 0. 4.15350869e-003 -1.29357085e-003
    5.27046761e-003 0. 3.52923339e-003 4.17022593e-003 0. 0.
    5.81528246e-003 0. -6.91765381e-005 0. 0. 0. 0. 0. 0.
    1.19617011e-003 5.43295499e-003 0. 0. 0. 0. 0. 0. 2.83648260e-004 0.
    2.96772021e-004 -1.28126808e-003 8.02101681e-007 1.90020364e-003
    1.21871254e-003 1.56765943e-003 3.59600759e-003 0. 0. 0. 0. 0.
    1.98179414e-003 1.09962896e-002 0. 0. 0. 1.88014552e-003
    -2.18425249e-003 1.70126802e-003 2.94543663e-003 0. 0.
    1.21204834e-003 2.70372815e-003 7.44332746e-003 5.10976592e-004
    7.31608784e-003 0. 4.45534592e-004 0. 0. 1.19148783e-004
    2.81694019e-003 0. 8.99088976e-004 0. 0. 0. 0. 1.42282119e-003 0.
    2.72352458e-003 -2.73960235e-004 0. 3.23369633e-003 0.
    2.19512219e-003 1.47868844e-003 0. 0. 0. 0. -6.71135029e-004 0. 0.
    4.14766325e-003 0. 0. 1.21082936e-003 0. 9.27335466e-004 0. 0. 0. 0.
    4.47766623e-003 4.65135323e-003 3.29534087e-004 0. 1.96719455e-004
    0. -5.20888017e-004 6.73131843e-004 0. 0. 0. 0. 2.10923865e-003
    3.64215579e-003 4.15705796e-003 0. 4.72560711e-003 -5.48783049e-004
    6.81763573e-004 -1.44414676e-004 0. 0. 2.48875492e-003 0.
    2.61607883e-003 0. 2.49501062e-003 2.78522563e-003 5.54623362e-003
    0. 0. 4.30746470e-003 0. 2.82453210e-003 0. 0. 0. 0. 2.76548229e-003
    0. 0. 2.47344980e-003 1.32912248e-006 -4.28281026e-004 0. 0. 0. 0.
    0. 0. 0. 5.45403687e-003 0. 0. 2.08932790e-003 0. 0. 0.
    1.40545261e-003 4.82769171e-003 4.06860141e-003 0. -6.64002378e-004
    0. 0. 0. 0. 0. 0. 0. 0. 0. 0. 0. -1.62664757e-004 0. 3.22492240e-004
    0. 6.18223986e-003 0. 1.17005000e-003 -3.52181750e-003 0.
    1.49917381e-003 0. 0. 4.33352543e-004 1.70719475e-004
    9.21580102e-003 2.71705934e-003 0. 0. 1.38063272e-002 0. 0. 0.
    2.85200076e-004 0. 0. -7.82087329e-004 0. 0. 5.29862475e-004 0.
    1.17287319e-002 0. 2.20107357e-003 2.43649795e-003 0.
    1.07017078e-003 0. 1.39305615e-004 1.75554864e-003 4.05490957e-003
    2.05913559e-003 9.30733862e-004 0. 0. 0. 6.86134817e-003 0. 0. 0.
    7.24033860e-004 0. 0. 0. 0. -1.15789869e-003 1.92918954e-003 0.
    9.43591166e-003 0. 1.78848335e-003 0. 3.31983017e-003 0. 0. 0. 0.
    1.16402274e-002 3.16824741e-003 0. 4.87753702e-003 0.
    1.94621214e-003 0. 0. 0. 3.79327787e-007 3.48531432e-003
    2.61572865e-003 0. 2.88597337e-004 0. 0. 0. 0. 0. 5.31755039e-004
    1.50049990e-003 0. 2.31483136e-003 0. 0. 4.55593504e-003 0. 0.
    2.55542342e-003 2.72238650e-003 0. 2.22710567e-003 0. 0.
    -7.68030179e-004 0. 0. 9.60866828e-003 0. 0. 4.72718792e-004 0.
    -1.37903829e-004 0. 0. 0. 0. 0. 0. 0. 0. 0. 0. 2.19708146e-003
    3.02133639e-003 0. 6.54036121e-004 3.48471571e-003 1.77292735e-003
    0. 3.84661718e-003 0. -2.36191845e-004 0. 0. 0. 2.98255729e-003 0.
    0. 0. 0. 0. 0. 4.34098707e-004 -4.43845172e-004 0. -4.09781842e-006
    0. 8.61543790e-003 0. 0. 2.11929134e-003 0. 0. 0. 3.05339065e-003
    6.58232078e-004 2.64926493e-004 0. 0. 7.87580013e-003 0. 0. 0. 0.
    8.40521697e-003 6.66309614e-003 5.08359587e-003 0. 0. 0.
    1.41479704e-003 0. 4.17307392e-003 0. 1.52886752e-003 0. 0.
    3.27527896e-003 0. 8.78183637e-004 0. 0. 8.37895181e-003
    2.74912873e-003 1.70045497e-003 0. 0. 6.52729068e-004
    3.43858218e-003 4.58373968e-003 0. 0. 0. 2.87881959e-003 0.
    2.34652474e-003 1.77084387e-003 0. 9.39141828e-005 0. 0.
    1.37810945e-003 1.76317384e-003 0. 0. 0. 0. 0. 0. 3.53568787e-004
    2.00070953e-003 -8.58747226e-004 0. 0. 0. 4.77967644e-003 0. 0.
    1.50739506e-003 0. 0. -1.41143508e-003 0. 2.62145139e-003 0. 0. 0.
    7.91342231e-004 0. 0. 2.96792411e-003 0. -1.70110739e-004 0. 0. 0.
    0. 0. 0. 0. 6.45768037e-003 0. 2.06803391e-003 0. 0. 4.81147348e-004
    0. 0. 4.79884911e-003 4.11738642e-004 0. 6.51274400e-004
    2.11910577e-003 2.19759109e-004 3.45918001e-003 5.28145535e-003
    -1.22527796e-004 0. 0. -5.91379544e-003 0. 0. 0. 0. 3.79225961e-003
    0. 0. 0. 1.14401290e-002 0. 0. 0. -1.17940118e-003 -1.03423721e-004
    3.13041150e-003 -1.60377135e-003 0. 1.05669489e-002 0. 0. 0. 0.
    2.94427241e-006 0. 0. -9.02798027e-004 0. 0. 3.30597209e-003 0.
    6.76014600e-003 0. 0. 0. -3.17000691e-003 -2.65463808e-004 0. 0. 0.
    -2.02864246e-003 0. 0. 2.90821050e-003 0. 0. 4.84867534e-003
    4.76385094e-003 0. 0. 0. 0. 1.71151885e-003 1.90301696e-004
    -6.86392246e-004 1.61880511e-003 0. -7.83916970e-004 0. 0.
    8.70475953e-004 -7.07347644e-004 0. 4.76596819e-004 0. 0.
    7.03629106e-004 4.75793553e-004 -2.33875126e-005 0. 0.
    3.75230855e-004 0. 0. 9.16991383e-003 3.05858860e-003
    6.54297415e-004 1.94101769e-003 4.70886612e-003 0. 0. 0. 0.
    1.40803226e-003 0. 0. 0. 0. -1.54354915e-004 0. 4.74519841e-003
    4.89161257e-003 2.49573425e-003 0. 1.03995798e-003 0. 0. 0. 0. 0. 0.
    8.20793677e-003 0. 3.80968745e-003 1.21750927e-003 0. 0. 0. 0. 0. 0.
    5.63820684e-003 0. 1.17678614e-003 5.30558545e-003 -6.19316488e-005
    0. 3.27757490e-003 0. 1.12318667e-003 0. 0. 2.02171085e-003 0. 0. 0.
    0. -9.25930974e-004 0. 0. 6.98442850e-003 0. 0. 0. 0. 0.
    5.39002335e-003 0. 1.02790794e-003 0. 1.41542766e-003 0. 0. 0. 0.
    4.27563814e-003 2.02309992e-003 1.78814703e-003 0. 0. 0. 0. 0. 0. 0.
    0. 0. 0. 1.39109418e-003 1.61181891e-003 0. 4.90780221e-003 0. 0. 0.
    5.19216433e-003 1.48358243e-003 4.38843213e-004 0. 0.
    6.79893000e-003 0. 0. 0. -5.42801688e-004 0. 2.57828156e-003 0. 0.
    4.37887851e-003 0. 0. -2.51139770e-003 0. 0. 0. 0. -2.25138129e-003
    1.12300343e-003 1.80175935e-003 0. 1.74772475e-004 7.20882032e-004
    8.38565174e-004 0. 0. 0. 1.87530019e-003 4.68395557e-003 0. 0.
    3.71219032e-003 2.72626616e-003 2.21147714e-003 0. 0.
    2.51929066e-003 3.17866937e-003 0. 6.05635950e-003 0.
    -9.16281599e-004 0. 0. 0. 0. 0. 0. 2.79382314e-003 0. 0. 0. 0.
    1.45891297e-003 0. 0. 1.23388413e-003 7.03542912e-003 0.
    7.38401571e-003 2.09346088e-003 0. 5.03080059e-003 0. 0.
    8.82793742e-004 -9.52706905e-004 0. 0. 2.33634515e-003
    3.40092089e-003 3.34591459e-005 5.18543832e-003 0. 1.31602376e-003
    0. 1.07135088e-003 4.69957897e-003 7.09161977e-004 0.
    1.55416899e-004 1.01014890e-003 0. 7.70756800e-004 0.
    1.33139151e-003 3.03340168e-003 0. 1.60884357e-003 0. 0.
    4.21239156e-003 0. -1.26696730e-004 3.34253738e-004 0. 0. 0. 0. 0.
    0. 0. 0. 0. 3.82493483e-004 0. 0. 0. 0. 0. 0. 0. 0. 2.84163561e-003
    3.17097851e-003 8.89897346e-003 0. 0. -2.43115530e-004 0. 0.
    2.07941933e-003 0. 0. -1.09390134e-003 -3.39278311e-004 0. 0. 0. 0.
    0. 0. 0. -5.70705975e-004 0. 9.72528476e-003 0. 6.85858307e-004 0.
