<?xml version="1.0"?>
<opencv_storage>
<imageDescriptor type_id="opencv-matrix">
  <rows>1</rows>
  <cols>1000</cols>
  <dt>f</dt>
  <data>
    0. 0. -1.81963923e-003 0. 1.44246605e-003 8.33533518e-003
    2.94307218e-004 0. 0. 0. 0. -2.21938104e-003 0. 0. 0. 0. 0.
    4.69795940e-003 0. 0. 5.80455922e-003 0. 0. 0. 0. 0. 0. 0. 0. 0. 0.
    3.50572704e-003 2.03675963e-003 0. 0. 1.65185705e-003
    2.51748879e-003 1.79766677e-003 1.38693186e-003 0. 0.
    5.32225240e-003 0. -6.35184231e-004 2.98651704e-003 -2.13290376e-004
    0. 0. -1.49216235e-003 2.34803348e-003 0. 0. 1.42936572e-003
    1.67850871e-003 1.03008898e-003 0. 0. 4.13122866e-003
    1.98243791e-003 0. 2.45465548e-003 0. 0. 0. 2.82913476e-004 0. 0. 0.
    1.28189393e-004 0. 0. 0. 1.11327204e-003 -1.49099913e-003
    2.96826853e-004 0. 8.89838986e-007 -1.97072004e-004 0.
    5.44307940e-003 4.29537566e-003 0. 0. 0. 2.19178014e-003 0. 0. 0. 0.
    0. 0. 0. 1.08381137e-002 -2.76590837e-003 6.77343283e-004
    1.55639357e-003 -9.63861297e-004 0. 0. 2.28820601e-003
    3.61116906e-003 8.21411842e-004 0. 0. 6.10402992e-007 0. 0. 0. 0. 0.
    0. 0. 5.32683404e-003 1.82349188e-003 3.40449577e-003 0.
    -1.02431246e-003 3.81661905e-003 0. 2.85961735e-003 0.
    1.01016834e-002 0. 2.10480625e-003 0. 0. 0. 8.61607585e-003 0.
    -7.07353611e-005 1.55758392e-003 8.09051748e-003 0. -1.01887574e-003
    0. -5.88450348e-004 2.42414256e-003 1.48975081e-003 0. 0.
    1.14199438e-003 3.25633003e-003 3.84520972e-003 0. 0.
    9.22537700e-004 0. 0. 0. 7.42667355e-003 1.04490772e-003 0.
    5.26036229e-003 -1.55712431e-003 6.22643740e-004 0. 0.
    6.01086649e-004 0. 1.57811064e-006 0. -1.15293160e-003
    2.31837085e-003 6.16831699e-007 2.14462657e-003 0. 0.
    5.60078945e-004 -1.82838948e-003 1.45771063e-003 6.79248990e-003
    -4.34279675e-004 9.85775259e-004 -2.74570077e-004 -5.02890965e-004
    0. 6.35779602e-003 8.14494269e-004 0. 5.60480263e-003 0.
    2.55155305e-006 1.00790453e-003 0. 0. 0. 0. -1.52265595e-004
    -6.32938682e-005 0. 1.68731785e-003 0. 1.76142633e-003
    1.06583769e-002 -1.97829958e-003 1.06943236e-003 4.15182579e-003 0.
    9.31103900e-003 -1.43425446e-003 -2.47429154e-004 1.52038103e-002 0.
    0. 0. 0. 0. 0. 0. 1.98828964e-003 0. 1.83349510e-003
    -1.95290791e-004 0. 0. 2.49632774e-003 9.25747771e-003
    1.04281283e-003 0. 2.41607326e-004 0. 1.73656110e-006 0.
    6.17414713e-004 3.42503568e-004 0. 2.08817516e-003 -7.16904411e-004
    9.24306829e-003 0. 0. 3.13309417e-003 3.61190806e-003 0. 0. 0. 0. 0.
    1.86752412e-003 0. 0. 6.73672592e-004 2.72407988e-003
    9.01858220e-005 7.71849591e-004 0. 0. 0. 0. 8.06835655e-004
    2.03527324e-003 1.50803116e-003 0. 3.47906700e-003 0.
    1.25363318e-003 0. 0. 8.71183258e-003 0. -1.12581835e-003 0. 0.
    3.37155815e-003 7.05566863e-003 0. 2.01167376e-003 3.31963558e-004
    1.60433274e-006 0. 8.86273570e-003 0. 1.44483894e-002
    -2.39225759e-004 7.44963065e-003 0. 5.95485466e-003 9.19009093e-004
    1.07516965e-003 0. 0. 0. 3.67940823e-003 6.74355309e-004
    2.75785755e-003 -1.12680695e-003 2.92857760e-003 0. 1.26937602e-003
    0. 0. 0. 8.14427156e-003 0. 1.73005101e-003 0. 0. 0. 0. 0. 0. 0.
    2.48960848e-003 1.77080091e-003 0. 5.08808589e-004 0. 0. 0. 0. 0.
    1.38985540e-003 3.73502553e-004 0. 8.47826363e-004 2.02356838e-003
    0. 0. 0. 0. 0. 7.27849174e-003 0. 0. 0. 6.57416228e-003 0.
    -2.91522150e-003 0. 0. 3.99626151e-004 -3.23997519e-004
    1.38204981e-004 0. 0. 0. 0. 7.67685880e-004 0. 2.32911669e-003 0. 0.
    1.53486209e-003 0. 0. 0. 3.98341287e-003 0. 0. 0. 5.72704570e-003 0.
    0. 2.69712205e-003 0. 0. 0. 7.53090205e-003 0. 6.33034331e-004 0.
    2.07976112e-003 7.97460089e-004 -5.71456389e-004 1.47733837e-003 0.
    1.79540482e-003 0. 0. 0. 0. 1.01523439e-003 0. 0. 1.91653147e-002
    4.65424173e-003 2.75115459e-003 0. 2.22716830e-003 0.
    1.73861781e-006 -6.42033410e-005 -1.01481786e-003 1.55725065e-004 0.
    0. 0. -9.51969589e-004 -8.31941026e-004 0. 0. 0. 0. 0. 0. 0. 0. 0.
    -6.54346892e-004 0. 0. 0. 8.57189577e-003 1.73637946e-003 0. 0.
    -5.27536147e-004 0. 3.47629772e-003 0. 0. 0. 2.11335695e-003 0. 0.
    2.45244056e-003 2.37040152e-003 0. 0. 0. 0. 0. 2.20575230e-003
    -5.16411441e-004 0. 1.63116434e-003 0. 0. 0. 0. 0. 0.
    5.03161270e-003 4.38228762e-003 0. 0. 0. 0. 0. 7.21965963e-003 0. 0.
    4.76027047e-003 0. 0. 0. 0. 0. 0. 7.18808093e-004 7.56899640e-003 0.
    2.20888061e-003 6.14192663e-003 0. 0. 2.14678445e-003 0. 0. 0. 0. 0.
    0. 0. 0. 2.21305154e-003 8.61549284e-003 0. 5.35572995e-004 0.
    6.86651561e-003 0. 0. 0. 1.93574147e-006 -2.16039276e-004 0. 0. 0.
    0. 0. -7.58118229e-004 1.80520536e-003 0. 0. -5.56142651e-004 0.
    5.28326584e-003 -9.72870737e-004 2.04465259e-003 2.45790835e-003
    5.23143448e-003 0. 0. 0. 9.13686026e-003 5.67728130e-005 0. 0. 0.
    -2.06246297e-003 0. 2.90003722e-004 0. 2.83183227e-003 0.
    -6.29038608e-004 0. 3.45296739e-003 3.99099104e-003 0. 0. 0. 0.
    2.63520004e-003 8.12184997e-003 1.93272892e-004 0. 0. 0.
    2.39878846e-003 -6.17755344e-004 0. 0. 0. 0. 1.24784624e-002 0. 0.
    1.53105448e-005 0. 0. 2.13329680e-003 0. 0. 0. 0. 0. 0.
    1.99513813e-003 -1.69878360e-003 0. 6.44502835e-003 0. 0.
    -2.32550359e-004 0. 6.23842515e-003 0. 2.71463371e-003
    6.83074410e-004 2.68860743e-003 0. 0. 0. 0. 2.61883857e-003
    3.95905366e-003 1.75274303e-003 0. 0. 0. 0. 0. 0. 0. 0. 0. 0. 0.
    -1.12938789e-004 0. 0. 0. 0. 0. 4.87411581e-003 0. 1.85150348e-004
    1.51637627e-003 0. 0. 8.86056013e-003 0. 1.71208044e-003 0. 0.
    4.66655660e-003 4.86119045e-003 1.68713930e-004 0. 2.98407977e-004
    -9.38944053e-004 0. 0. 0. 0. 0. 0. 0. 0. 2.57191045e-004
    1.87815470e-003 0. 0. 2.29523308e-003 0. 2.52732588e-003
    2.29570922e-003 0. 0. 1.56396834e-006 0. 2.01054779e-003 0.
    8.20223428e-003 0. 5.03319362e-003 0. 0. 0. 0. 8.99856852e-004
    8.36482795e-004 -7.61865522e-005 0. 1.93011574e-003 0. 0.
    7.40751531e-003 1.06107176e-003 0. 7.48257060e-003 9.89449676e-003
    -1.29945483e-003 6.49164151e-003 6.19670982e-003 0. 0. 0. 0. 0. 0.
    0. 7.34897703e-003 0. 0. 0. 0. 1.99231596e-004 0. 3.81563208e-004 0.
    0. 0. 0. 0. -6.12265198e-004 3.66242323e-003 0. 0. 0. 0.
    3.76435183e-003 1.71337544e-003 0. 0. 0. 0. 0. 8.61491635e-003
    6.48689084e-003 0. -3.18198977e-003 6.51728734e-003 0.
    9.53760650e-003 0. 0. 5.80196176e-003 1.88249745e-003 0. 0.
    5.23177558e-004 0. 3.30335251e-003 0. 0. 0. 0. 0. 0. 0. 0.
    -2.00258699e-004 0. 2.44990294e-003 0. 0. 0. 0. 8.61461833e-003 0.
    0. -1.88671474e-004 0. 3.60767543e-003 3.29357851e-003
    2.50351289e-003 0. 5.46561554e-004 0. -7.29480409e-004
    4.42380923e-007 0. 0. 2.70588067e-003 0. 2.37395102e-003 0.
    9.12329555e-003 0. 0. 0. -6.82697981e-004 1.00270696e-002 0. 0. 0.
    7.71791732e-004 0. 0. 0. 0. 9.71164496e-004 4.45584301e-003
    -4.24087950e-004 0. 0. 0. 0. 2.21877359e-003 0. -1.19293784e-003 0.
    0. 0. 0. 0. 0. 7.77523173e-003 0. 0. 0. 0. 1.07226637e-003
    8.34232836e-004 0. 1.31508533e-003 0. -8.59777094e-004 0. 0. 0.
    1.16764473e-004 5.02977334e-003 1.62089115e-003 0. 0.
    1.03871606e-003 1.63271659e-006 8.19065084e-004 0. 1.30611272e-006
    0. 0. 0. 0. 0. 1.61739104e-006 0. 0. 0. 0. 3.29146758e-007 0. 0.
    4.84232977e-003 0. 0. 2.53944262e-003 2.64674774e-003
    9.78463981e-003 0. 0. 0. 2.74809403e-003 8.28416611e-004 0. 0.
    9.24631301e-003 0. 5.44678792e-003 0. 0. 0. 0. 0. 0.
    -1.70805841e-004 1.93143974e-003 0. 0. 0. 0. 1.02397206e-003 0. 0.
    3.33914720e-003 -9.03505483e-004 0. 0. 8.82976630e-004 0. 0. 0.
    -2.34747492e-003 0. 0. 0. 7.85060972e-003 0. 1.34278194e-003 0.
    1.98258157e-003 0. 3.40583501e-004 0. 0. 1.26058341e-003
    2.05108942e-003 5.00520284e-004 5.02454583e-003 0. 2.18876731e-003
    0. 0. 0. 0. 0. -1.68571156e-003 0. 0. 0. 0. 0. 0. 0. 0. 0. 0.
    1.00220484e-003 0. 0. 0. 7.57347234e-003 7.49433471e-004 0. 0. 0. 0.
    1.66710722e-003 -9.19786908e-005 0. 0. 6.59420481e-003
