<?xml version="1.0"?>
<opencv_storage>
<imageDescriptor type_id="opencv-matrix">
  <rows>1</rows>
  <cols>1000</cols>
  <dt>f</dt>
  <data>
    0. 0. 0. 0. 0. 5.09497244e-004 0. 0. 0. 4.67282673e-003 0. 0. 0. 0.
    0. 6.41497667e-004 1.91561028e-003 -2.53629842e-004 0. 0.
    1.58644572e-003 0. 5.20136300e-003 0. 0. 0. 0. -7.41149648e-004
    2.10862636e-004 0. 0. -5.14361542e-004 -1.89374769e-004
    4.24542231e-003 9.02189233e-004 4.11905907e-003 4.78008017e-003 0.
    1.05921004e-003 3.37986671e-003 0. 0. 0. 0. 9.10710078e-004 0.
    3.67611228e-003 0. 0. 1.26220810e-003 -3.28646769e-004 0. 0. 0. 0.
    2.92077078e-003 0. -1.37243653e-003 0. 0. 1.67889264e-003
    2.04832433e-003 0. 0. 0. 0. 0. 0. 0. 5.81062224e-004 1.80147437e-003
    0. 5.51805133e-003 1.74863380e-003 1.66836136e-003 0. 0. 0. 0.
    6.38082577e-003 7.18441152e-004 0. 5.76614169e-003 0. 0.
    2.62979920e-005 0. 0. 3.35798995e-003 0. 0. 0. 1.90433188e-004
    1.28156549e-004 0. -7.42506294e-004 4.67304373e-003 0.
    1.76865922e-003 7.04387622e-003 0. 1.74955186e-003 0. 0.
    -4.82051400e-005 0. -1.18564966e-003 0. 0. 0. 5.86826936e-004
    2.59036128e-003 0. 0. 0. 5.08824270e-003 0. 0. 0. 3.37820896e-003 0.
    2.17345147e-003 0. 0. 1.99646736e-003 2.98563228e-003
    2.54357816e-003 2.66810553e-003 2.30999500e-003 0. 0. 0.
    9.95613984e-004 0. 1.60796556e-003 0. 0. 4.23055142e-003
    7.70764891e-004 9.39152553e-004 3.44605744e-003 0. 0. 0.
    3.47927911e-003 0. 0. -9.98678501e-004 0. 0. 6.77687465e-004
    4.14267322e-003 0. 1.56730367e-003 0. 1.65138335e-003
    7.41759024e-004 1.79673996e-004 0. 3.70927481e-003 0.
    2.08627040e-004 0. 0. 4.66121873e-003 -3.04047047e-004
    4.17554693e-004 -1.23005989e-003 9.98647447e-005 3.42676998e-003
    1.01701962e-003 1.53683752e-004 1.88011705e-004 5.79571631e-003
    8.55527411e-004 0. 0. 1.12165057e-003 0. 7.50103500e-004 0. 0. 0.
    -2.90227676e-004 0. 4.24166862e-003 2.27262918e-003 0. 0. 0. 0.
    -5.49617806e-004 0. 0. 0. 0. 0. 2.53766309e-003 0. 0.
    5.22970768e-005 3.06146429e-003 -1.05030299e-003 3.41596839e-004
    1.77463295e-003 3.26657528e-003 0. 7.05544511e-003 0. 0. 0. 0.
    1.17507596e-002 0. 2.03599199e-003 0. 0. 1.09913854e-004
    -7.56293768e-004 0. 0. 0. 0. 8.33115773e-004 0. 4.06710111e-004
    1.24170823e-004 0. 0. 0. 0. 1.94117404e-003 8.94474972e-004
    -1.81599997e-003 0. 0. 3.07273259e-003 2.18689558e-004
    5.05410181e-003 8.95379169e-004 0. 0. 7.20561156e-003 0.
    7.36058108e-004 5.69381146e-003 0. 0. 2.30350904e-003
    6.71937643e-003 -8.38193082e-005 2.41106353e-003 0. 0. 0. 0. 0. 0.
    0. 0. 0. 5.83828660e-003 1.71171816e-003 0. -1.09477038e-003 0.
    6.46808743e-003 0. 0. 0. 5.19366190e-003 2.36381707e-003 0.
    1.01727224e-003 -2.99791369e-004 1.20125164e-003 0. 3.36710422e-004
    2.50763283e-003 3.76157160e-003 0. 2.97132973e-003 7.59209786e-003
    0. 0. 0. -2.11140630e-003 0. 1.79249933e-003 3.63125675e-003
    3.20553244e-003 0. 6.04530657e-003 0. 0. 7.64393341e-003
    2.76623847e-004 4.91492637e-003 -1.72955007e-003 1.17128761e-002
    6.09365851e-003 0. -4.38204006e-004 3.48511478e-003 2.48787645e-003
    0. 0. 3.76252923e-003 0. 0. 0. 0. 3.78153077e-003 0. 0. 0.
    1.60402397e-003 0. 4.32847952e-003 7.24718964e-004 1.07413100e-003
    0. 3.18563799e-003 -3.38696380e-004 9.31456499e-003 0. 0. 0.
    6.52183173e-003 0. 1.47657446e-003 0. 0. 1.09609384e-002 0.
    1.11088541e-003 0. 1.11208683e-004 6.72101043e-003 0.
    1.38994318e-003 0. 0. 0. 2.98353028e-003 0. 0. 1.05909887e-004 0.
    4.45978221e-004 4.41278797e-003 0. -8.79747851e-004 0.
    6.69668778e-004 2.71722354e-004 0. 0. 0. 0. 2.07353616e-003
    3.40618822e-003 0. 0. 0. 4.55134839e-004 0. 1.80265750e-003 0. 0. 0.
    0. -1.97447531e-004 3.05534992e-003 4.34577372e-003 2.06731097e-003
    0. 0. 0. -3.23586282e-004 2.18805694e-003 0. 0. 1.30197476e-003
    -1.00826996e-003 0. 1.64588937e-003 -2.29371083e-003 0. 0. 0.
    2.04551546e-003 1.79859297e-003 0. 5.63555956e-003 2.94888392e-003
    0. 0. 0. 0. 0. 5.11191646e-003 2.50356068e-004 0. 0. 0. 0. 0. 0. 0.
    0. 8.80189589e-004 2.93082150e-004 0. 0. -4.53914516e-003 0. 0.
    1.34974427e-003 0. 0. 1.13488305e-002 0. 0. 0. 1.49261067e-003 0. 0.
    0. 4.98584751e-003 2.60389457e-003 0. 0. 1.13203039e-003
    7.06642633e-004 0. 0. 8.73639714e-004 2.75607198e-003 0.
    2.53693294e-003 1.12945132e-003 4.02694242e-003 2.39776191e-003
    -8.83713074e-005 0. 1.21478026e-003 2.14894512e-003 1.13019836e-003
    0. 0. 0. 3.98258260e-003 3.87900206e-003 0. 0. 0. 3.79037904e-003 0.
    6.42454624e-003 0. 5.94304549e-003 0. 0. 0. 0. 0. 1.83240906e-003
    6.88909728e-004 0. 0. 1.69715006e-003 -6.30491239e-004 0.
    -2.50558252e-003 0. 0. 1.99278723e-003 -2.49572564e-003 0. 0.
    2.11568433e-003 -2.18170416e-003 0. 0. 0. 0. 0. 0. 6.57519698e-003
    0. 1.62057101e-003 4.37617302e-003 0. 8.84603302e-004
    2.49146717e-003 0. 1.07054727e-003 0. -1.76535058e-003
    1.39204785e-003 2.55460222e-003 0. 5.68237947e-003 9.21152998e-004
    6.23246515e-003 0. 3.50622414e-003 0. -1.47176813e-003 0. 0.
    5.86042064e-004 1.70567515e-003 0. 0. 0. 0. 1.08086516e-003
    2.35124305e-003 1.52780546e-003 2.67175003e-003 0. 1.45034050e-003
    1.09446459e-002 8.53811332e-004 0. 0. 0. 0. 0. 0. 2.18677381e-003 0.
    3.19097890e-003 3.27227358e-003 4.45542904e-003 0. 2.68682069e-003
    1.42655650e-003 0. 0. 0. 0. -1.20703934e-003 0. 1.53992197e-003
    2.47912901e-003 0. -1.36375864e-004 0. 0. 0. 1.68831262e-003 0. 0.
    -2.45380611e-003 0. 0. 3.73079441e-003 4.36777016e-003 0.
    -6.87515640e-005 0. 4.33531730e-003 0. 0. 0. -4.04224193e-005
    1.33842893e-003 4.02426347e-003 2.16349959e-003 0. 0. 0. 0. 0.
    2.97780789e-005 3.72489449e-003 0. -5.62457775e-004 0. 0. 0.
    6.37487567e-004 0. 0. 0. 0. 0. 0. 0. 0. 1.89852872e-004 0.
    9.90258297e-004 0. 7.34452391e-003 1.65801262e-003 0. 0. 0. 0. 0. 0.
    9.36857890e-004 5.03190269e-004 0. 3.00187105e-003 7.52528547e-004
    0. 2.78293272e-004 0. 0. 0. 4.38558729e-003 7.35821741e-005
    4.65987436e-003 0. 0. 1.01542128e-002 0. 2.67293211e-003 0. 0. 0.
    1.84489763e-003 1.12270918e-002 4.47406108e-003 0. 0.
    1.68849062e-003 7.17759714e-004 0. 1.67548563e-003 0.
    8.66158152e-005 -2.38492634e-004 0. 1.85523741e-003 3.07923136e-003
    0. 7.43979006e-004 1.64023042e-003 0. 0. 0. 0. 6.22526603e-003 0.
    8.70132539e-003 0. 0. 0. 0. 0. 7.02126697e-003 0. 5.86317526e-003 0.
    3.47716827e-003 0. 0. 0. 0. 5.31296665e-003 1.25040289e-003 0. 0.
    1.62984729e-002 0. 1.91072538e-003 2.16303204e-004 6.67917018e-004
    1.76981965e-003 0. 0. 0. 4.55308519e-003 2.87299580e-003
    2.37092050e-003 0. 0. 0. 0. 0. 0. 0. 0. -4.16539115e-004 0.
    9.73916089e-004 0. 0. 0. 4.18634992e-003 1.82801648e-003
    -1.04500132e-003 0. 1.50361080e-002 0. 3.43708182e-003 0. 0.
    -2.32189122e-004 2.14184308e-003 0. 0. -4.61446092e-004 0. 0. 0. 0.
    9.82481288e-004 0. 2.28359713e-003 0. 0. 0. 0. 0. -8.42644513e-005
    3.05601046e-003 1.26367831e-003 0. 0. 1.87730277e-003
    2.95618153e-003 0. 0. 3.38962243e-004 0. 1.27688330e-003 0.
    2.18620896e-003 0. 0. 0. 0. 8.17395397e-004 6.58141857e-004
    3.22678895e-003 0. 0. 0. 0. 0. 1.25381548e-003 1.99664733e-003
    -1.81648508e-003 0. 0. -1.20245665e-003 2.72013550e-003
    -6.57345809e-004 0. 0. 9.15738172e-004 4.01328551e-003
    -1.85111933e-003 0. 0. 0. 0. 0. 1.68707024e-003 0. 0. 0. 0. 0. 0.
    2.93595745e-004 0. 2.02258350e-003 1.28322309e-002 0.
    7.33376620e-003 5.29409619e-003 0. 0. 0. 1.23095256e-003
    1.79767492e-003 7.20623124e-004 0. -1.42275123e-004 0.
    2.19533755e-003 2.81966408e-003 0. 0. 2.05809623e-003
    3.33318276e-005 7.76834507e-003 0. 2.04897462e-003 0.
    1.50007172e-003 0. 3.00815585e-003 0. 1.82119792e-003 0. 0. 0. 0.
    1.14851620e-003 0. 3.38936923e-003 0. 0. 5.29717328e-003
    1.22728918e-004 5.48056792e-003 0. 0. 5.30053675e-003
    1.84676365e-003 1.85615884e-003 0. 0. 0. 5.10710338e-003
