<?xml version="1.0"?>
<opencv_storage>
<imageDescriptor type_id="opencv-matrix">
  <rows>1</rows>
  <cols>1000</cols>
  <dt>f</dt>
  <data>
    2.88926065e-003 1.89943297e-003 0. 8.81349726e-004 0. 0.
    6.76174648e-004 2.11821194e-003 0. 3.52387922e-003 1.39553868e-003
    5.46840252e-003 4.58120229e-003 4.97991964e-003 0. -7.08408945e-004
    0. 0. 7.29940017e-004 0. 0. 9.25053391e-005 7.42539344e-003 0.
    9.16050747e-004 1.02280788e-002 0. 0. 5.62930107e-003 0.
    4.32335725e-003 0. 0. 0. 0. 1.36272772e-003 -3.16284422e-004
    3.89194489e-003 9.97813535e-004 0. 0. 1.48838095e-003 0.
    1.49173744e-003 -1.36247149e-003 -1.80885749e-004 1.46638195e-003
    2.69454531e-003 1.00134779e-002 -2.01501627e-003 0. 3.56808351e-003
    7.28286759e-005 0. 0. 0. 0. 0. 0. 5.30789199e-004 0. 0. 0.
    4.90623200e-003 0. -2.22206538e-004 -3.95731331e-004 1.11443701e-003
    8.28269927e-004 3.40475119e-004 1.18138916e-004 0. 7.04824319e-003
    0. 0. 0. 0. 0. 0. 0. 0. -1.62269012e-003 1.16315926e-003
    2.11467501e-003 4.69365809e-003 4.72246902e-004 2.01001391e-003
    6.42991066e-003 0. 0. 0. 0. 0. 0. 0. 0. 1.96844898e-003
    5.78434626e-003 1.15044531e-003 0. 8.28353513e-004 -9.98380565e-005
    0. -6.78040815e-005 4.24894458e-003 8.44436465e-004 0. 0.
    -1.74041244e-003 0. 0. 0. 0. 0. -5.81070373e-004 0. 0.
    7.57848786e-004 5.47580607e-003 0. 0. 1.58011052e-003 0.
    -6.66725042e-004 4.56544850e-003 1.63144246e-003 2.22155941e-003
    2.55151442e-003 0. 7.34477118e-003 2.45325430e-003 0. 0.
    2.93474621e-003 0. 2.57701869e-003 2.31626374e-003 0. 0.
    2.13741628e-003 2.33923807e-003 0. 2.03965628e-003 0.
    5.66549553e-003 -1.24259363e-003 0. 3.73979704e-003 0.
    -2.68025819e-004 0. 0. 0. 7.27566599e-004 0. 5.09394100e-003
    -6.98657939e-004 -1.35423497e-005 0. 2.30719437e-004 5.12421224e-003
    1.71444728e-003 0. 2.07213755e-003 3.61518702e-003 0. 0.
    2.25522934e-004 6.48395042e-004 0. 4.15897649e-003 -9.93659603e-004
    0. 0. 0. 4.45934013e-003 0. 4.86814039e-004 0. 1.50898925e-003
    1.79361575e-003 0. 0. 1.04711740e-004 1.45151035e-003 0.
    2.82508763e-003 3.97996325e-003 0. -7.64923170e-004 0. 0.
    5.69321914e-003 0. 0. 0. 0. 0. 1.91437022e-003 0. 0. 2.37202714e-003
    0. 5.61163586e-004 0. -9.71831207e-004 0. 0. 0. 4.99356724e-003 0.
    4.69092833e-004 0. 0. 0. 2.42270017e-003 0. 0. 0. 1.86098763e-003 0.
    1.45437161e-003 0. 0. 0. 0. 0. -9.62947553e-004 0. -1.37678906e-003
    -2.25614767e-005 0. 5.87632321e-003 1.06158189e-003 -1.78712318e-004
    -1.52644410e-003 0. 5.70067344e-003 0. 0. 0. 6.41635794e-004 0. 0.
    0. 0. 0. 4.29488579e-003 0. -2.30773687e-004 0. 0. 0.
    1.12106150e-003 6.13410957e-004 8.01107497e-004 0. 4.70522512e-003
    0. 0. 1.34733587e-003 7.88900768e-004 0. -7.73230160e-004 0. 0. 0.
    1.44848798e-003 0. 4.20536660e-003 0. 0. 4.63097868e-003
    1.63322152e-003 0. 2.46393145e-003 -7.14156486e-004 0.
    8.54569196e-004 0. -9.19294776e-004 0. 0. 0. 0. -7.16848997e-004 0.
    0. 3.83868115e-003 1.14138424e-003 8.48105876e-004 0. 0.
    -2.51073303e-004 0. 0. 2.37742765e-003 0. 0. 7.40854116e-003 0. 0.
    4.13357280e-003 0. 0. 0. 0. 5.72791090e-003 0. -4.72801214e-004
    2.32892530e-003 1.61447714e-003 0. 0. 0. 0. 2.18784297e-003
    5.76254097e-004 0. 1.90926890e-003 8.62752553e-003 0. 0.
    1.74539877e-004 0. 0. 0. 1.31960784e-003 5.33675682e-003 0.
    3.16289696e-003 6.20036953e-005 0. 2.31539039e-003 0.
    2.64873658e-003 0. 0. 9.50055022e-004 0. 8.55050236e-003 0.
    1.88331073e-003 5.48961514e-004 0. 6.89126493e-004 3.64997977e-004
    0. 0. 1.40132068e-003 0. 0. 5.95063902e-003 7.54464418e-003 0. 0. 0.
    0. 1.55787333e-003 0. 6.03787694e-003 0. 1.84528087e-003 0.
    5.98602043e-003 0. 0. 2.43704044e-003 0. 4.98724263e-003
    6.45578024e-004 -6.00098865e-004 0. 3.26028938e-004 0.
    3.74081428e-003 3.08318646e-003 0. 0. 0. -2.06761179e-004 0. 0.
    5.77847240e-003 0. 0. 0. 0. 0. 0. 7.40361051e-004 0.
    -1.57841583e-004 4.25709505e-003 0. 0. 2.18453025e-003
    3.07232491e-003 0. 0. -3.54178390e-003 2.05173623e-003 0. 0.
    1.03277795e-003 0. 0. 0. 0. 1.14634633e-004 4.28476371e-003 0. 0.
    4.32975311e-003 -1.48726918e-003 2.65823677e-003 0. -8.92195792e-004
    1.73635362e-003 1.91983918e-003 0. 7.11345393e-003 1.05798729e-002
    0. 4.85323323e-003 9.23904311e-003 0. 0. 0. 0. 0. 5.03479689e-003 0.
    3.04234144e-003 5.75618469e-004 0. 3.38431681e-003 0. 0.
    7.31200632e-003 -1.58514900e-004 2.80247862e-003 3.73095681e-004 0.
    3.62579618e-003 2.92221992e-003 0. 7.24413432e-003 0. 0.
    7.86606106e-004 0. 0. 1.89153058e-003 1.47728687e-002 0. 0. 0.
    -8.33086669e-004 2.09621713e-003 0. 0. 0. 0. 0. 0. 3.29942256e-003
    1.45056425e-003 6.72850932e-004 -3.45739274e-004 -6.05466659e-004
    1.03682098e-004 1.51600584e-003 0. 5.43790357e-003 -4.34004287e-005
    0. 0. 4.15883167e-003 3.39938910e-003 2.19774782e-003 0.
    2.30525993e-003 0. 8.99824314e-004 0. 0. 0. 0. 8.04593321e-003 0. 0.
    5.37907996e-004 6.87294523e-004 4.05993924e-004 0. 0. 0. 0. 0. 0.
    -1.98089383e-005 0. 0. 1.97675079e-003 0. 0. 0. -7.92007660e-004 0.
    2.13520275e-003 0. 0. 0. 0. 0. 0. 0. 4.24445840e-003 2.90752598e-003
    0. 7.03882426e-003 1.99332973e-003 1.61841221e-003 8.72686226e-003
    0. 0. 0. -4.77408612e-004 0. 3.10943316e-004 0. 1.25164073e-003 0.
    4.44426201e-003 0. 0. 0. 3.83057492e-003 0. 2.30791862e-003 0. 0.
    9.02664149e-004 2.44281488e-003 0. 0. 0. -1.06731127e-003 0. 0. 0.
    0. 5.21369337e-004 0. 1.28005433e-003 6.45272806e-003
    1.94768189e-003 5.58933834e-007 5.69692906e-003 1.06587959e-003
    4.33070469e-004 -5.41102163e-005 0. 0. 0. 0. 0. 2.82615121e-003
    1.09474338e-003 0. 0. 6.68836758e-003 7.91483559e-004
    1.15818565e-003 1.63803552e-003 0. -1.91995277e-005 3.12920148e-003
    0. 0. 0. 1.26736064e-003 0. 3.29626891e-005 0. 1.90790254e-003 0.
    2.02768459e-003 0. 0. 9.27557296e-004 4.76788078e-003 0. 0. 0. 0.
    -5.65075024e-005 1.40015851e-003 3.76366405e-003 0. 5.83919464e-003
    0. 3.44914338e-003 -1.92682652e-004 0. -3.61230201e-003 0.
    2.31710705e-003 9.64451192e-006 0. 3.66004393e-003 0.
    -4.63545410e-004 0. 0. 3.45292676e-004 0. -2.05497156e-004 0. 0. 0.
    0. 0. 0. -1.68059452e-003 0. 0. 2.73374212e-003 0. 0.
    1.27294872e-004 0. -1.49439191e-004 2.12838151e-003 7.07006606e-004
    0. 4.56351601e-003 4.90754889e-003 1.03868060e-002 0. 0.
    2.40785209e-003 3.70459352e-003 1.53630367e-003 -3.88351269e-004 0.
    1.16344057e-002 1.35949545e-003 4.47339891e-003 1.11711798e-002 0.
    0. -7.41386204e-004 0. 2.58759246e-003 0. 0. 0. 0. 0. 0.
    3.22985084e-004 0. 0. 7.99727510e-004 1.20383617e-003 0. 0. 0. 0.
    4.54345811e-003 0. 0. 0. 7.55378103e-004 3.28111899e-004 0. 0. 0.
    3.13497521e-003 0. 3.10051371e-003 0. 3.73042468e-003 0.
    2.31190701e-003 0. 0. 2.50628102e-003 2.89016141e-004 0. 0. 0. 0. 0.
    0. 0. 0. 0. 3.23309400e-003 0. 0. 1.52076117e-003 2.94037093e-003 0.
    0. 0. 1.15163056e-002 -4.33744397e-004 0. 2.26765056e-003 0. 0.
    1.45826943e-003 0. 0. 0. 2.85273964e-005 0. 0. 0. 0. 1.21497920e-004
    0. 0. -1.47054333e-003 2.31709122e-003 0. -3.53986688e-004
    1.01778633e-003 5.50418044e-004 2.30247597e-003 1.05773681e-003 0.
    7.44853774e-003 2.31833337e-003 4.88977646e-004 1.10847061e-003
    1.45369507e-002 6.08917885e-003 0. 1.03057676e-003 2.26753694e-003
    3.36048513e-004 0. 1.16111254e-002 0. 7.72388699e-003 0.
    1.38923619e-003 0. 0. 0. 0. 0. -1.88437320e-004 0. 0. 0.
    1.45425275e-003 0. 1.18917285e-003 0. 0. 1.34454435e-003
    3.90218804e-003 0. 1.82353565e-003 0. 3.90259200e-003
    -9.16999415e-004 0. 2.01076921e-003 0. 1.05923973e-003 0.
    3.36401019e-004 0. 0. 0. 4.56702808e-004 0. 0. 1.00611104e-003 0.
    1.05347938e-003 0. 0. 0. 0. 2.77338806e-003 3.67932557e-003
    3.03543726e-004 0. 0. 1.40428264e-003 6.92193453e-006
    2.06391071e-003 0. 0. 2.43359269e-003 3.40322219e-003
    8.88394658e-004 -9.96494928e-005 0. 5.85882692e-004 0.
