<?xml version="1.0"?>
<opencv_storage>
<imageDescriptor type_id="opencv-matrix">
  <rows>1</rows>
  <cols>1000</cols>
  <dt>f</dt>
  <data>
    8.04700144e-003 0. 0. -3.19086341e-003 -3.42814974e-003 0. 0. 0.
    1.08774044e-002 2.18165223e-003 3.02849337e-003 0. 0.
    2.33246852e-003 3.80966370e-003 0. -1.31030381e-003 0.
    8.62290559e-004 0. 1.03486162e-002 -1.95357692e-003 0.
    7.59627786e-004 0. 0. 1.42975478e-003 0. 0. 0. 0. 1.78884889e-003 0.
    -2.39049150e-005 0. 6.73825527e-003 0. 0. 0. 6.09924877e-003
    1.08695950e-003 1.18042193e-002 1.72083720e-003 0. 0.
    1.41372159e-003 0. 8.88783426e-004 0. -8.70254880e-005 0. 0. 0. 0.
    -7.44437741e-004 0. 9.87068517e-004 0. 0. 0. 1.61340821e-003 0.
    -1.91257498e-003 0. 8.14974122e-003 -2.80209724e-003 0.
    -3.41751589e-003 0. 0. -7.32306915e-004 0. 9.26049193e-004
    1.59232784e-003 3.63227446e-003 4.83549759e-003 0. 0. 0.
    7.46263424e-003 9.81328916e-003 6.08317880e-003 0. 1.48232828e-003
    0. 1.15040713e-003 0. 9.99546051e-003 0. 9.86545580e-004 0.
    6.08937023e-003 0. 0. 0. -1.49109575e-003 9.55703389e-003 0.
    3.06641101e-003 0. 0. 0. -6.12749718e-004 0. 2.45259702e-003 0. 0.
    0. 2.06350363e-004 0. 1.21470285e-003 0. 0. 5.22821024e-003
    3.43108526e-003 0. 0. 8.52087792e-003 -3.19414161e-004 0.
    6.90923445e-003 1.21988135e-003 0. 3.34726367e-003 0. 0.
    5.44125773e-003 0. 0. 5.05122030e-003 0. 1.14847627e-003 0. 0. 0.
    1.26735470e-003 -3.50093748e-003 0. 0. 0. 0. 4.12797043e-003 0. 0.
    0. 0. 6.24500099e-004 0. 0. 9.08861984e-004 0. 0. 0. 0. 0.
    2.93874857e-003 1.44524314e-003 0. -1.88210863e-004 2.02489784e-003
    1.93408597e-003 2.27940641e-003 0. 7.88060192e-004 0.
    3.51000414e-003 0. 0. 0. 0. 9.28491168e-003 0. 0. 0. 2.83206929e-003
    0. 0. 1.39928851e-002 0. 0. 0. 0. 0. 0. 0. -3.53516603e-004 0.
    6.24255696e-003 0. 0. 0. 0. 0. 6.46710221e-004 3.44371959e-003
    2.26708798e-004 4.07637935e-003 2.06099288e-003 6.19177101e-003
    2.20034318e-003 1.61245174e-003 0. 1.21183065e-003 0.
    2.09645205e-003 7.37238210e-003 0. 0. 0. 0. 0. 1.63137083e-004 0.
    3.27703194e-003 0. 0. 0. 0. 0. 0. 0. 0. 0. 1.86310487e-003
    5.80233335e-003 0. -3.31229297e-003 0. 0. 0. 1.47487991e-003 0.
    3.17392964e-003 1.87202459e-004 0. 0. 0. 0. 0. 5.37697319e-003
    2.97340471e-003 0. 0. 0. 0. 2.15472700e-003 5.57256164e-003
    3.51497135e-003 1.17108342e-003 0. 0. 9.58191376e-005 0. 0. 0.
    6.57058181e-003 0. 0. 1.38491178e-002 3.11094709e-002
    5.79867465e-003 4.16521827e-004 -1.44402657e-004 1.31277032e-002
    8.27673997e-004 3.91244376e-003 3.34438146e-003 0. 2.33576377e-003
    0. 2.80741695e-003 0. -9.01506806e-004 0. 0. 0. 7.23235728e-003
    7.10375898e-004 0. 5.12860063e-003 0. 0. 0. 7.69297418e-004 0.
    -1.78024743e-003 0. 0. 5.82843274e-003 2.39706389e-003 0.
    1.65889214e-003 1.63589697e-002 -2.57767679e-004 0. 0.
    4.94211388e-004 0. 6.22310583e-003 0. 0. 2.78872531e-003
    5.79245761e-003 0. 0. 0. 3.32048954e-003 0. 0. 0. 0. 0.
    4.22453415e-003 0. -1.04947239e-002 1.02708293e-002 1.08221201e-002
    9.11816210e-003 2.46099196e-003 4.07924922e-003 0. 1.10820374e-002
    0. 0. 0. 0. 0. 3.89635726e-003 0. 1.85436085e-002 0. 0. 0.
    2.05911999e-003 4.77307367e-005 0. 0. 0. 0. 0. 0. 0. 0.
    2.22309423e-003 0. 0. 0. 0. 0. 0. 0. 0. 0. 6.08100556e-003 0. 0. 0.
    2.05212715e-003 0. 0. 0. 9.99988150e-003 0. 0. 0. 0. 0.
    -5.29242061e-005 3.15289665e-003 0. 0. -6.07163471e-004 0. 0. 0. 0.
    7.95299653e-003 2.21918593e-003 0. 0. 0. 0. 0. -5.93288150e-003 0.
    0. 2.65209936e-004 0. 0. 0. 0. 0. 0. 0. 0. 5.08497469e-004
    8.64042726e-004 0. 0. 0. 0. 0. 0. 0. 2.37004925e-003 0.
    2.98123737e-003 0. 3.14627332e-003 6.73006754e-004 0. 0.
    8.91152490e-003 -1.26689847e-003 0. 2.28739949e-003 2.55155028e-003
    2.05868832e-003 0. 2.76254723e-003 0. 0. 0. 0. 7.30485772e-004 0. 0.
    0. 5.76364202e-003 4.88516921e-003 2.78698001e-003 0. 0.
    6.21040585e-003 0. 0. 5.20716328e-003 7.05963187e-003
    1.92644564e-003 0. 6.72667148e-003 0. 0. 0. 0. 0. 0. 0. 0.
    -1.89526501e-004 9.11264122e-003 -4.82002157e-004 3.68327671e-003 0.
    0. 0. 0. 7.13706622e-003 0. 0. 0. 0. 0. 4.22846014e-003
    1.62055660e-002 6.84352266e-003 -1.00036489e-003 3.44542088e-004 0.
    0. 0. 0. 0. 9.54024319e-004 0. 0. 0. 0. 0. 0. 1.04663079e-003
    2.52767722e-003 0. 0. 0. 8.46531708e-003 0. 0. 0. 0. 0. 0.
    -5.59417589e-004 0. 0. 0. 0. 0. 8.22212838e-004 0. 0.
    1.08058169e-003 -1.38939169e-004 0. 0. 0. 1.83821272e-003
    -6.00460265e-003 0. 0. 6.77040603e-004 5.45139611e-003 0.
    3.55110411e-003 3.26918461e-003 0. -8.13260151e-004 0. 0.
    4.44249343e-003 0. -3.84353008e-003 0. 3.71660863e-004
    5.07061137e-003 0. 0. 0. 1.59468036e-003 0. 0. 0. 1.90462067e-003 0.
    1.17140752e-003 0. 0. 0. 0. 0. 1.85194751e-003 7.29305611e-004 0.
    2.28204834e-003 0. 0. 0. 0. 0. 0. 6.45984197e-004 5.10414690e-003 0.
    8.43883492e-003 0. 8.38331180e-004 0. 0. 0. 0. 1.94910448e-003 0.
    6.50629075e-003 -9.64729814e-004 0. 0. 0. 0. 0. 0. 0.
    1.51252956e-004 2.71874154e-003 -1.82849448e-003 1.70276780e-003
    3.73699539e-003 0. 1.41630461e-003 0. 1.79176196e-003 0.
    -7.14183145e-004 0. 0. 4.95588582e-004 0. 0. 0. 0. 0. 0. 0. 0. 0.
    -6.81916659e-004 0. 1.09840138e-003 0. 1.03155780e-003 0. 0. 0.
    2.39255861e-003 0. 0. -1.07955805e-003 0. 0. 0. -3.87651892e-003
    4.48012399e-003 0. 0. 0. 8.68068601e-004 6.40118355e-003
    2.13312218e-003 0. 0. 0. -1.36301294e-003 0. 0. 0. 0.
    1.29532954e-002 1.42700548e-004 1.43230415e-003 0. 0.
    -1.33612915e-003 0. 0. 0. 2.99584167e-003 0. 2.16849046e-004 0. 0.
    2.75320467e-003 0. 0. 2.11358047e-003 0. 1.13423017e-003 0. 0. 0. 0.
    8.13015911e-004 0. 1.34775206e-003 0. 0. 2.41779664e-004
    2.02122563e-003 4.69576754e-003 0. 0. 0. 0. 0. 0. 0. 1.48203759e-003
    0. 0. 0. 0. 0. 3.42521089e-004 0. 0. 1.22778467e-003 0.
    6.32792432e-003 0. 3.25730909e-003 0. 0. 0. 0. 0. 0. 2.24366039e-003
    0. -9.66419058e-004 0. 0. 0. 0. 0. 2.23696302e-003 0. 0. 0.
    2.81899027e-003 0. 0. 1.58791861e-003 7.02526467e-003 0. 0. 0. 0.
    9.85880150e-004 0. 0. 0. 0. 0. 1.22886070e-003 1.85285788e-003 0. 0.
    2.24725232e-002 1.28496555e-003 0. 0. 0. 0. 0. 0. 0. 0. 0.
    2.10296968e-003 0. 2.57318770e-003 0. 3.85632506e-003 0. 0. 0.
    -9.83419828e-004 0. 0. 0. 6.56282390e-003 0. 0. 0. 4.43307450e-003
    0. 1.93851080e-003 0. 3.21805803e-003 0. 6.13082293e-003 0. 0. 0.
    2.96238286e-004 6.10630587e-003 1.59912265e-003 0. 0. 0. 0. 0.
    2.50480603e-004 0. 1.97495008e-003 0. 0. -7.83679352e-005 0. 0. 0.
    9.86652100e-004 0. 2.78082304e-003 0. 0. 0. 9.87750478e-004
    7.02124322e-003 0. 2.35759653e-003 3.18192248e-003 0. 0. 0. 0. 0. 0.
    0. 0. 3.12617491e-003 5.05371485e-003 0. 0. 0. 6.51358487e-003 0.
    4.69362363e-003 0. 0. 0. 0. 0. 1.36077753e-004 1.87462801e-003 0. 0.
    0. 0. 0. 0. 3.66868808e-005 6.87473454e-004 0. 0. 0. 1.10681017e-003
    3.89425637e-004 0. 0. 0. 8.37307051e-003 0. 1.46982737e-003
    1.04079330e-002 0. 3.09895468e-003 0. 0. 0. 0. 7.32755242e-003 0.
    4.63835010e-003 0. 0. 0. 1.26674888e-003 0. -5.59973822e-004
    -2.00773892e-003 0. 0. -1.77973532e-003 0. 2.18016468e-003 0.
    -2.22465838e-003 2.45477119e-003 0. 1.18008931e-003 -1.06729032e-003
    0. 0. 0. 0. 3.76974349e-003 1.42707012e-003 0. 0. 0. 2.66854209e-003
    0. 0. 0. 2.04141694e-003 0. 0. 8.69053940e-004 1.93219166e-003
    9.53506620e-004 0. 0. 0. 0. 1.63211685e-003 0. 0. 0.
    -3.56436300e-004 0. 0. 0. 0. 0. 0. -1.83889223e-003 0.
    7.39603117e-003 0. 0. 3.21821892e-004 0. 0. 5.18676185e-004 0.
    2.92979390e-003 0. 0. 0. 0. 0. 0. 0. 0. 0. 7.45320052e-004 0. 0.
    1.53193215e-003 0. 0. 0. 0. 5.38293598e-003 0. 0. 8.33926490e-004
    1.82601949e-003 -1.03072484e-003 0. 0. 0. 0. 0. 0. 0.
    7.67037563e-004 0. 0. 0. 0. 0. 0. 0. 0. 4.43199417e-003 0.
    -8.96231737e-004 0. 1.18593895e-003 0. 1.81228388e-003 0.
    5.82440570e-003 0. 0. 0. 0. 0. 0. 0. 0. 0. 1.07836956e-002 0. 0. 0.
