<?xml version="1.0"?>
<opencv_storage>
<imageDescriptor type_id="opencv-matrix">
  <rows>1</rows>
  <cols>1000</cols>
  <dt>f</dt>
  <data>
    7.31005683e-004 8.98847263e-003 8.35703395e-004 0. 0. 0. 0.
    2.27485900e-003 1.06923829e-003 0. 0. 1.63124362e-003 0.
    6.49163441e-004 0. 6.64956868e-004 0. -2.20876842e-004
    4.05962317e-004 1.90689124e-003 3.18035204e-003 1.21523440e-003 0.
    0. 0. 1.35995843e-003 4.36131435e-004 8.56521772e-004
    -4.07129381e-004 -1.24354658e-004 2.19726306e-003 1.84060179e-003
    1.60743512e-004 -8.07585951e-004 0. -3.94607021e-004 0.
    7.52357300e-004 0. 2.25812895e-003 1.31934241e-003 0. 0. 0. 0.
    3.15619167e-003 1.14042727e-004 -8.05959920e-004 1.98203651e-003
    1.03989453e-003 8.61843873e-004 2.47485936e-003 2.46589677e-003
    1.89717597e-004 6.64571562e-005 -1.18715536e-004 0. 0.
    3.13248392e-003 0. 2.64729280e-003 0. 0. 1.16644311e-003 0. 0. 0.
    -1.59204603e-004 6.12617237e-004 4.47054248e-004 0. 2.45285989e-003
    0. -2.56774569e-004 2.87967408e-003 3.82169092e-004 0. 0. 0.
    4.57115035e-004 0. 5.09598874e-004 0. 6.72020426e-004 0.
    1.14877056e-003 2.02603478e-005 1.33976969e-003 7.35010894e-004
    1.06866262e-003 0. 1.26999547e-003 1.28433609e-003 1.23665505e-003
    0. 1.75662118e-003 0. 6.91662682e-003 0. 2.21342547e-003 0.
    2.08194437e-003 0. 8.86035850e-004 2.80529424e-003 2.78954714e-004
    -1.79578172e-004 8.72356293e-004 0. 0. 0. 0. 8.99263483e-004
    2.98405606e-002 4.01936099e-003 1.26460963e-003 0. 0.
    1.21790660e-003 5.60435110e-005 2.09231483e-004 0. 1.17375667e-003
    8.27468815e-004 2.06403434e-003 1.67707994e-003 1.68225146e-003 0.
    1.10037508e-003 4.40951262e-004 -3.63527943e-005 7.37627153e-004
    1.39309361e-003 3.61755781e-004 4.28309431e-004 0. 0.
    2.75495485e-003 -5.49304357e-004 0. 0. 9.31786955e-004
    5.12787024e-004 1.01262564e-003 2.07398972e-003 0. 6.65293948e-004
    1.35653929e-004 0. 0. 1.62643159e-003 7.26110535e-004
    2.93185120e-004 1.88686408e-003 9.58620396e-004 -1.88930368e-004 0.
    1.31734414e-003 0. -1.80731306e-003 1.12195069e-003 0.
    -1.05844298e-003 0. 0. 7.32779445e-004 1.52859965e-003
    1.06661138e-003 1.58000446e-003 0. 2.95071426e-004 0. 0.
    5.28089283e-003 3.16253002e-003 3.04441317e-003 0. 0.
    4.05517116e-004 1.14585715e-003 0. 2.33246223e-003 -2.65526673e-004
    0. 1.49732834e-004 -2.36096967e-004 0. 2.60339747e-003 0.
    7.41239637e-004 2.09117759e-004 0. 0. 0. 0. 0. 0. 3.78621626e-004 0.
    -2.83191388e-004 6.44491985e-004 5.36902924e-004 9.41889943e-004
    3.10882437e-003 1.21669704e-003 5.85511385e-004 0. 1.75375037e-003
    2.55405111e-003 -2.04559154e-004 0. 8.86059192e-004 0.
    -4.26817744e-004 0. 0. -1.27643332e-004 0. 6.15685247e-004
    1.41643337e-003 -4.41713113e-004 3.59134097e-003 -1.36007124e-003 0.
    1.27995491e-003 7.27634120e-004 1.98116351e-004 2.84256414e-002 0.
    0. 0. 1.36620205e-004 0. -1.17369834e-003 0. 5.50262746e-004 0. 0.
    2.93963449e-003 0. -1.85998942e-004 1.18720450e-003 3.13001685e-004
    1.15378753e-004 0. 0. 0. 0. 4.38225019e-004 -7.02540157e-004
    -4.11269517e-004 0. -5.16292814e-004 1.11155026e-003 0. 0.
    7.39875063e-003 7.14047346e-004 1.61835598e-003 2.81331548e-003 0.
    0. 1.69621885e-003 2.68686726e-003 1.01268908e-003 9.41436214e-004
    0. 0. 3.03091388e-003 2.82317720e-004 0. 1.74102990e-003
    1.36905734e-003 0. 5.03848307e-004 4.77269670e-004 -7.63647782e-004
    -2.37015286e-003 6.14512246e-004 0. 2.39770696e-003 8.73011595e-004
    0. 0. 0. 8.03673174e-003 0. 1.91667839e-003 9.95698618e-004 0.
    -1.10319161e-004 1.75974084e-004 2.27945624e-003 0. 0.
    4.57529997e-004 -1.15180563e-004 0. 8.39300745e-004 0.
    6.73032016e-004 0. -3.57332150e-003 1.38266908e-003 0. 0.
    2.80923792e-004 2.22888382e-004 0. 1.12001947e-003 7.18501629e-003
    3.25697451e-003 7.53342267e-003 0. 0. 0. 0. 0. 0. 5.94770012e-004
    9.64469451e-004 9.47199063e-004 3.82588158e-004 0. 3.25378314e-005
    -1.40544566e-004 2.56431580e-004 0. 0. 2.64533301e-004 0.
    9.28491587e-004 0. 1.99767936e-004 0. 0. 1.99556723e-003 0. 0. 0.
    1.97458081e-003 1.07632135e-004 2.15224898e-003 3.66528984e-003
    5.25139214e-004 9.27143774e-005 -5.97109756e-005 0. 6.16750047e-002
    0. 6.02458743e-003 0. 5.19951573e-003 -5.93668665e-004 0.
    3.24245961e-003 3.08016140e-004 1.60266191e-003 2.02880800e-003
    1.40898838e-003 0. -1.11826565e-004 9.98666510e-004 2.35652295e-003
    6.34476310e-004 1.97263225e-003 5.96714963e-004 0. 7.22213998e-004
    1.35499402e-003 0. 2.03218238e-004 2.03351447e-004 1.24100840e-003
    4.92800202e-004 6.01293112e-004 1.47962589e-002 6.53945724e-004 0.
    2.46527302e-003 2.04436341e-003 3.86969671e-002 0. 2.70889397e-003
    0. 0. 7.61771458e-004 0. 2.61488254e-003 9.35959048e-004 0. 0. 0.
    9.77613265e-004 1.90271169e-003 1.10709143e-003 6.81866310e-004
    1.18264041e-004 1.97280128e-003 1.75080542e-003 0. 3.06510227e-003
    1.07322226e-003 3.48405587e-003 8.31894518e-004 1.80033990e-003 0.
    9.94302216e-004 1.63847546e-003 7.28703849e-003 0. 8.80575040e-004
    1.26944191e-003 7.73283755e-005 7.14293390e-004 0. 1.79110677e-003
    0. 4.47256956e-003 9.54574905e-004 0. 2.68427888e-003 0. 0.
    9.22347652e-004 6.02587010e-004 2.16444954e-002 0. -1.20701641e-003
    7.76937651e-003 9.03570792e-004 -2.43288916e-004 0. 6.35278935e-004
    0. 2.47205637e-004 2.77865707e-004 2.49072886e-003 2.13847985e-003
    0. 0. 1.65970076e-003 2.09890585e-003 9.38462850e-004
    -5.25534560e-004 0. 2.82820314e-003 5.95516060e-003 5.99064573e-004
    0. 0. 2.79552024e-003 1.01813790e-003 4.39065218e-004
    4.08893044e-004 -3.30542767e-004 0. 8.66158458e-004 7.21119577e-004
    -5.83553337e-004 2.60006776e-003 0. 8.46659357e-004 4.03595623e-003
    5.18325833e-004 0. 3.24771885e-004 0. 0. 0. 9.39866179e-004
    5.39213303e-004 2.36100372e-004 -5.13078761e-004 0. 0.
    3.27319908e-003 0. 1.12703384e-003 3.87660490e-004 7.91725761e-004
    0. -1.47374673e-003 6.06192625e-004 1.45942951e-003 3.74945637e-004
    6.26334149e-005 0. 4.25787584e-004 4.50772030e-004 0.
    -8.88398790e-004 0. 4.35368362e-004 1.44575338e-003 1.72012427e-003
    0. 0. 4.37299168e-004 0. 0. 0. 5.79165062e-004 3.31543502e-004 0.
    1.02298400e-004 4.01043362e-004 1.72114128e-003 0. 0.
    5.65946102e-004 0. 0. 0. -8.28748802e-004 4.98323329e-003
    5.01401722e-004 2.36843101e-004 1.25852111e-003 -2.43041839e-004
    9.94929578e-004 1.36348500e-003 0. 0. 9.77231830e-005
    1.82570051e-003 0. 4.03327309e-003 1.64294639e-003 3.09361424e-003
    5.95729565e-004 5.65091381e-004 0. 7.38901959e-004 3.41693568e-003
    0. 0. 1.09035603e-003 2.77536688e-003 0. 1.64112798e-003 0. 0.
    3.65258777e-004 2.22200900e-003 2.19725561e-003 3.42264306e-004 0.
    0. 1.34266482e-003 0. 0. 0. 0. 6.56657293e-003 1.18023786e-003
    -1.17985379e-004 -1.61515095e-003 6.37291174e-004 1.42637279e-003
    1.02265403e-004 6.90347224e-004 3.56404716e-003 2.46598362e-003
    7.60274066e-004 1.61050551e-003 5.08290774e-004 7.83821102e-004 0.
    1.57080509e-003 0. 1.25498176e-004 1.45221374e-003 2.75337603e-003
    1.48653146e-003 0. 0. -4.18782693e-005 7.79967013e-005 0. 0.
    1.57024665e-003 4.80969204e-004 2.78759375e-003 6.81013276e-004
    5.01955568e-004 -1.34672140e-004 2.62487534e-004 2.77204177e-004
    9.16212448e-004 8.95593956e-004 3.36724054e-003 0. 0.
    1.86185492e-003 1.14589196e-003 5.15975654e-002 0. 0.
    1.03164453e-003 1.21112401e-003 2.71969149e-003 0. 4.27119987e-004
    7.12195586e-004 1.07542612e-003 0. 3.25270160e-003 0. 0.
    3.46400915e-003 6.84209750e-004 0. 0. 6.64305233e-004 0. 0.
    3.53769952e-004 9.95301525e-004 0. 1.49344269e-004 0. 0. 0.
    7.75964290e-004 2.72374623e-003 5.10304701e-004 5.87923478e-006
    2.05605873e-004 0. 0. 1.13783649e-003 0. 5.70420583e-004
    1.32519344e-003 3.87968076e-003 7.44535006e-004 3.61154880e-003 0.
    1.05392728e-002 0. 0. 0. 4.24634316e-004 7.60971394e-004
