<?xml version="1.0"?>
<opencv_storage>
<imageDescriptor type_id="opencv-matrix">
  <rows>1</rows>
  <cols>1000</cols>
  <dt>f</dt>
  <data>
    0. 0. 0. 2.04736274e-003 7.61298754e-004 1.11057714e-003
    9.89673659e-004 0. 0. 0. 7.41950353e-004 1.21286321e-004 0. 0.
    -1.52488079e-004 9.82801779e-004 0. 1.33346126e-003 -8.42164882e-005
    2.84361048e-003 -1.90427888e-003 0. -1.96523359e-003 0.
    6.14283839e-003 0. -3.21266154e-004 0. 0. 0. 0. 8.81489832e-004 0.
    0. 0. 0. 9.36103868e-004 7.69100559e-004 0. 0. 2.44350336e-003
    1.86529651e-003 0. 3.90813593e-003 0. -5.02786273e-003
    1.77723600e-003 0. 0. 0. 2.18425077e-004 6.49181101e-003 0. 0.
    9.88804502e-004 0. 0. 0. 0. 1.21504406e-003 0. 0. 1.69980270e-003 0.
    -1.32824847e-004 1.95674645e-003 1.84990827e-003 4.85127745e-003
    -5.40882349e-004 2.82452209e-003 8.59622657e-003 1.09216501e-003 0.
    1.62174143e-002 0. 0. 0. 9.47643723e-003 7.22709205e-003 0. 0. 0.
    1.08183350e-003 0. 0. 0. 0. 1.11857280e-002 0. 7.44236587e-003 0. 0.
    4.19761200e-004 5.94163314e-004 0. 8.62637721e-003 0.
    2.11436395e-003 3.51404329e-003 0. 0. 0. 2.15094723e-003 0. 0. 0. 0.
    0. 8.20980221e-003 0. 1.94499164e-003 0. 2.89974007e-004 0.
    7.42358994e-003 0. 1.19197564e-002 0. 1.74494870e-002
    5.51432604e-004 6.65368931e-003 5.59476437e-003 0. -1.63416495e-003
    0. 2.55228160e-003 0. 0. 1.80924044e-003 0. 0. 0. 5.06275846e-003
    4.94903466e-003 0. -1.80927082e-003 5.22729335e-003 0. 0. 0. 0.
    1.97493611e-003 5.23297022e-005 0. 0. 0. 0. 0. 5.79127518e-004 0. 0.
    0. 0. 0. -3.69599089e-004 0. 0. 9.09167342e-003 0. 0.
    1.05088353e-002 0. 0. 0. 2.38453830e-003 2.39804201e-003 0. 0.
    2.66970193e-004 7.47366296e-003 0. 5.52237849e-004 0. 0.
    -1.19433785e-003 4.49951534e-004 0. 0. 1.83244271e-003 0. 0. 0.
    -5.16174245e-004 0. 0. 0. 0. 6.97368616e-003 0. 0. 0. 0. 0.
    5.97422841e-005 0. 2.36375094e-003 1.29651779e-003 6.48838002e-003
    0. 1.01296883e-003 0. 9.29049798e-004 0. 0. -3.13820480e-003
    -3.61027807e-004 0. 0. 7.30658707e-004 0. 0. 3.58199177e-004
    -7.45890196e-004 0. -9.69732064e-004 0. 0. 0. 3.16647487e-003 0. 0.
    0. 0. 0. 0. 1.95531757e-003 6.03331544e-004 1.92446355e-003 0. 0. 0.
    0. 0. -2.69285496e-003 -2.22185883e-003 0. 6.44581683e-004
    2.78558815e-003 5.23642171e-003 5.77433268e-003 0. 0.
    -9.24097840e-004 0. 0. 8.61477340e-004 -4.20150533e-003 0.
    2.09239606e-005 9.41697101e-004 0. 2.26292945e-003 0. 0. 0.
    1.12959854e-002 0. 0. 0. 0. 5.85090951e-004 0. 1.84631683e-002
    -2.17451947e-003 0. 0. 3.32146115e-003 6.65575918e-003 0. 0.
    7.50424154e-003 0. 1.97712774e-003 7.22413091e-003 0. 0. 0.
    6.69424376e-003 3.99909308e-003 0. 0. 0. 8.59720749e-004 0. 0. 0. 0.
    0. 0. 0. 0. 0. 0. 0. 0. 0. -3.50912342e-005 4.48972016e-004
    2.75676115e-003 1.71512389e-003 0. 0. 0. 0. 0. 0. 0. 0. 0. 0. 0.
    2.64099450e-003 0. 0. 0. 0. 0. 0. 0. 0. 0. 1.38599111e-003
    -2.69703189e-004 0. 1.97499548e-003 -4.86170466e-005 5.86831826e-004
    0. 0. 0. 0. 1.13952335e-003 0. 0. -2.14128220e-003 4.82855318e-003
    0. 7.98523799e-003 1.83047518e-006 0. 0. -3.94548115e-004 0. 0. 0.
    0. 3.82110942e-004 0. 0. 0. 0. 0. 0. 0. 0. 0. 0. 0. 0.
    8.49029340e-004 0. 0. 0. -9.65674000e-004 0. 0. 0. 0.
    1.10434531e-003 0. 0. 9.64445353e-005 0. 0. 0. 4.41738218e-003
    1.55378028e-003 0. 0. 1.68619398e-003 0. 0. 0. 0. 2.37413216e-003 0.
    2.22726655e-003 1.41870754e-003 0. 8.98219366e-003 0. 0.
    -9.31932125e-004 0. 7.92190433e-003 0. 0. 0. 5.69153868e-004 0. 0.
    2.34247162e-003 0. 9.91946738e-003 0. 2.26158323e-003 0. 0.
    -2.03852006e-003 0. 0. 0. 8.28721374e-003 0. 0. 6.69249613e-003
    3.64489213e-004 0. 1.14280195e-003 0. 1.87817356e-003 0.
    -1.96272833e-003 2.95278616e-004 0. 2.51455931e-003 0. 0. 0. 0. 0.
    1.51381522e-004 0. 0. 0. 0. 1.07709346e-002 6.47705700e-003
    2.41867290e-003 0. 0. 2.12189369e-003 0. 1.07890146e-003
    6.99638622e-004 0. -3.99270619e-004 1.57524738e-003 0. 0.
    1.76707387e-003 -1.40359369e-003 0. 7.61017902e-003 0. 0.
    3.06322100e-003 -7.51660089e-004 0. -1.23360287e-003 0. 0.
    1.83418670e-004 0. 1.73338316e-002 2.75635952e-003 0. 0. 0. 0.
    4.46468964e-003 0. 0. 0. -9.13138676e-004 4.27096849e-003
    -6.72457390e-004 0. 2.31036858e-004 0. 1.02284802e-002
    8.14483967e-004 0. 0. 0. 1.46783898e-002 2.71007651e-004 0. 0.
    7.66056473e-005 0. 0. 0. 0. 0. -2.02900590e-003 -1.05236277e-005 0.
    0. 0. 0. 0. 0. 0. 0. 6.13916782e-004 0. 4.14922787e-003
    -2.73294660e-004 0. 0. 0. 0. 7.80597143e-003 0. 3.22299241e-003 0.
    0. 0. 0. 0. 0. 0. 0. 0. 0. 0. 0. 6.60046889e-003 0. 0.
    4.96599404e-003 0. 0. 0. 0. 1.60842091e-002 -3.65924381e-004 0.
    2.50253407e-003 3.30045237e-003 0. 4.26350767e-003 0. 0. 0. 0.
    9.56222601e-003 0. 2.46443693e-003 0. 6.15313835e-003 0.
    9.29135771e-004 0. 0. 0. -2.25054659e-003 1.04885676e-003 0.
    1.17992489e-002 0. 0. 8.73436074e-005 0. 0. 0. 0. 0. 5.47373528e-003
    2.95377860e-004 9.00877360e-003 1.48295215e-003 0. 6.52368006e-004
    0. 0. 0. 4.32010181e-003 0. 7.57882779e-004 0. 0. 1.90697808e-003 0.
    0. 0. 0. 1.58406869e-002 2.62227817e-003 0. 7.49248546e-003 0.
    2.61516613e-003 0. 0. 0. 0. 0. 0. 0. 0. 0. 0. 0. 0. 0.
    3.62192863e-004 6.25946233e-003 0. 0. 0. 3.73036950e-003
    3.91093036e-003 0. 6.44492502e-007 0. 0. 0. 0. 0. 1.56091366e-004
    1.05272448e-002 0. -2.85597122e-003 -1.20241188e-004 1.78442569e-003
    0. 0. 1.74540945e-003 1.54791179e-003 0. 0. -1.65392668e-003 0. 0.
    0. 0. 0. 0. 2.45471997e-003 7.77523906e-004 0. 4.10236331e-004 0. 0.
    0. 0. 0. 0. 1.76205509e-003 0. 0. 0. 0. 1.37423594e-002 0.
    1.97899062e-003 0. 0. -2.71607190e-003 0. 0. 1.07068790e-003 0. 0.
    0. 0. 0. 0. 0. 4.30281227e-003 0. -6.39034843e-004 0. 0. 0. 0. 0. 0.
    6.57347555e-004 1.42059559e-002 5.80835529e-003 0. 2.47856346e-003
    1.39413364e-002 5.49757155e-004 0. 0. 0. 1.55097723e-003 0. 0.
    -7.34875211e-005 0. 0. 1.69254863e-003 3.60552600e-004 0.
    2.04057270e-003 0. 0. 0. 0. 0. 0. 0. 0. 0. 0. 0. 0. -1.87502510e-003
    0. 0. 1.09231453e-002 3.56192444e-003 2.50111078e-003 0. 0. 0.
    4.84007003e-004 0. 0. 0. 0. 0. 0. -1.44264195e-003 -5.74759115e-003
    0. 0. 1.41507224e-003 0. 0. 2.38989461e-002 0. 1.70567520e-002 0. 0.
    0. 0. 0. 7.74390623e-003 0. 0. 0. 0. 2.92713419e-002 0.
    1.44916622e-003 0. 0. 0. 0. 0. 0. 0. 0. 0. 0. 4.14160633e-004 0. 0.
    0. 0. 6.18765596e-003 0. 3.47079081e-003 0. -1.29663429e-004 0. 0.
    0. 0. 0. 0. 0. 0. 0. 0. 0. 3.93900881e-003 0. 2.71768542e-004 0. 0.
    1.49018713e-003 0. 0. 0. 6.31209323e-003 0. 2.12149089e-003 0.
    2.51797587e-003 0. 5.09707723e-003 2.57384079e-003 0. 0. 0. 0. 0. 0.
    2.78721447e-003 0. -3.51995113e-004 0. 0. 5.57072693e-003 0.
    7.97664467e-003 0. 0. 1.49295311e-005 0. 0. 0. -1.26069039e-003 0.
    1.29751046e-003 0. 7.63862999e-003 6.21921429e-003 0.
    4.80892695e-003 0. 0. 0. 0. 0. 0. 0. 0. 0. 0. 0. 0. -1.39444508e-003
    -3.32483964e-004 0. 0. 0. 0. 0. 1.82003295e-003 0. 1.81055523e-003
    0. 0. 0. 0. 4.26172605e-003 9.60871484e-003 0. 1.60556810e-003
    1.16817991e-003 0. 0. 0. 1.91017869e-004 0. 0. 0. 0. 0.
    -2.71617528e-003 1.78374141e-003 0. 0. 2.91107117e-005 0. 0. 0.
    5.32220118e-004 7.86829740e-003 0. 0. 2.54732789e-003 0. 0. 0. 0. 0.
    0. 0. 0. 0. 0. 0. 0. 0. 0. 0. 2.92682881e-003 6.14146062e-004
    5.33569138e-004 0. 0. -9.24541033e-004 0. 0. 0. 0. 0. 0. 0.
    8.20063148e-003 -8.97536171e-004 0. 0. 0. 0. 0. 0. 0.
    2.97411392e-003 0. 0. 0. 6.61986135e-003 0. -4.13664896e-003
    9.61546262e-004 0. 0. 0. 1.18898659e-003 0. 8.50139069e-004
    1.78168586e-003 0. 3.12256347e-003 3.16565786e-003 0. 0. 0.
    1.79625524e-003 0. 0. -2.34318184e-004 0. 0. 0. 1.45813811e-003 0.
    6.63443888e-003 0. 0. 0. 0. 0. 0. 0. 0. 0. 0. 2.64479168e-004 0. 0.
    0. 0. 0. 0. 1.05272001e-002 -1.14311220e-003 0. 0. 0.
    -2.56575504e-003 0. 0. 0. 0. 0. 0. 2.06516450e-003 0.
