<?xml version="1.0"?>
<opencv_storage>
<imageDescriptor type_id="opencv-matrix">
  <rows>1</rows>
  <cols>1000</cols>
  <dt>f</dt>
  <data>
    0. 0. 0. 0. 4.44626529e-003 3.75599414e-003 1.17527239e-003
    8.23144708e-003 0. 0. 0. 6.53683580e-003 9.91085637e-003 0.
    2.36037944e-004 4.07423504e-004 0. 8.50855280e-003 0.
    2.53268634e-003 0. 0. 0. 0. 0. 0. -1.33233645e-003 0. 0. 0.
    1.59804989e-002 1.75338669e-003 0. 2.01141294e-002 0.
    1.11267134e-003 0. 0. 0. 0. 0. 0. 0. 0. 0. 0. 2.05836911e-003 0. 0.
    0. 0. 1.87902886e-003 -6.45149194e-005 0. 2.83270609e-003
    6.14438346e-003 0. -1.87704468e-003 -2.43922797e-004 0. 0.
    -4.38995892e-003 -2.84127367e-004 0. 0. 0. 0. 0. 3.05957696e-003
    6.64855703e-004 7.86303834e-004 0. 0. 3.79499485e-004 0.
    6.48424588e-003 0. 0. -1.00696040e-003 3.99477594e-003 0. 0.
    2.93408311e-003 1.32480878e-002 0. 0. 3.18475533e-003
    1.43548679e-002 0. 7.45308492e-003 3.42653389e-003 0.
    1.70474930e-003 0. 0. 0. 0. 2.26099463e-003 4.97680623e-003 0. 0. 0.
    0. 0. 0. 0. 0. 0. 0. 4.18470427e-003 1.31334341e-003 0.
    5.12119906e-004 1.06368319e-003 0. 0. 0. 9.14744334e-004 0. 0. 0.
    5.42426540e-004 0. 0. 0. 2.21416522e-002 0. 0. 2.29337020e-003 0. 0.
    0. 0. 1.83490943e-003 0. 0. 0. 0. 0. 4.34208382e-003 0.
    1.35904457e-003 0. 0. 0. 0. -3.86260170e-003 -1.97286764e-003 0. 0.
    3.29371978e-004 0. 0. 0. 0. 0. 0. 0. 5.95344522e-004 0. 0.
    2.90674600e-003 0. 0. -2.81782215e-003 0. 0. 0. 0. 3.49565130e-003
    5.84715465e-003 1.20295247e-003 -1.84828255e-004 0. 0.
    -1.30737037e-003 3.39433458e-003 0. 0. 0. -3.34035518e-004 0. 0.
    -1.14213275e-002 0. 4.55644261e-003 0. 2.82762456e-003 0. 0. 0. 0.
    2.92574358e-003 6.33285381e-003 0. 7.39669520e-003 0.
    6.87578344e-004 0. -2.56263488e-003 0. 0. 2.54244683e-003
    2.55164760e-003 0. 0. 4.98929014e-003 0. 2.15339032e-003 0. 0. 0. 0.
    1.35244569e-003 0. 2.86679529e-003 0. 1.52595888e-003 0. 0. 0. 0.
    1.98173779e-003 0. 0. 0. 0. -1.59046368e-003 0. 6.43423712e-003 0.
    2.30757426e-003 0. 0. 0. 0. 0. 0. 0. 0. 0. 0. 9.04833258e-004 0. 0.
    0. 0. 0. 6.33917400e-004 1.12713536e-003 1.23339910e-002 0.
    2.37769308e-003 0. 2.81651272e-003 -2.02475931e-003 0.
    -2.09427089e-003 1.54948630e-003 0. 7.83947576e-003 0. 0. 0. 0. 0.
    0. 0. 8.11843108e-003 0. 0. 3.02868639e-003 4.60321084e-003 0.
    -7.37885654e-004 5.25203440e-003 0. 0. 1.20395678e-003
    6.45573577e-003 0. 0. 0. 1.47726235e-003 0. 0. 0. 0. 0. 0.
    3.86903039e-003 0. 0. 0. 0. 4.96852503e-004 0. 1.09308092e-002
    -1.66531058e-003 0. 1.72165909e-003 0. 1.89952657e-003 0.
    7.86145276e-004 0. 0. 0. 0. 1.58741570e-003 0. 0. 0. 2.02164776e-003
    0. 0. 0. 2.28378596e-003 0. 0. 0. 1.11653432e-002 -9.89978667e-004
    3.02644609e-003 2.86928588e-003 2.35613459e-003 0. 5.13653364e-003
    0. 0. 3.96904629e-003 2.44016899e-003 0. 0. 0. 0. 0. 0.
    2.53161602e-003 0. 0. 0. 0. 0. 0. 0. 0. 0. 0. 0. -1.56809925e-004 0.
    0. 8.24111234e-003 -1.86187408e-005 5.33881690e-003 6.66617299e-004
    -3.14053788e-004 4.95990040e-003 0. 0. 0. 5.78243798e-003 0. 0.
    6.03230344e-003 0. 0. 0. 1.10122794e-003 0. 0. 6.48167543e-003 0.
    4.77263209e-004 6.31209346e-004 9.22831520e-003 -3.28413589e-004 0.
    2.37742509e-003 0. 0. 0. 0. 0. 0. 1.42056972e-003 0. 7.56331161e-003
    0. 2.59452895e-003 0. 6.14250964e-003 0. 0. 0. 0. 0. 0. 0.
    4.54081164e-004 4.74934786e-004 0. 4.46700165e-003 0. 0. 0.
    -1.05164154e-003 8.19803774e-003 0. 0. 3.95136216e-004
    3.02646635e-003 0. 0. 0. 1.88958440e-002 0. 0. 0. 0. 1.29371893e-003
    0. 0. 5.18882507e-003 5.52203832e-003 2.28298712e-003 0. 0. 0. 0. 0.
    0. 4.58478648e-003 0. 0. 0. 1.09681403e-002 0. 0. 0. 0. 0.
    3.35051678e-004 0. 0. 0. 0. 0. 4.51680040e-003 4.50943736e-003 0. 0.
    0. 0. 0. 0. 1.44848332e-003 0. 6.27927855e-003 3.66850058e-003 0.
    1.14440778e-003 1.10374414e-003 0. 0. 9.11442749e-003 0. 0.
    1.18603557e-003 6.16114773e-003 0. -9.77010117e-004 1.71052432e-003
    0. 7.33471708e-004 0. 0. 0. 2.48534698e-003 0. 0. 0. 3.93742044e-003
    1.87672104e-003 0. 0. -2.53261242e-004 0. 0. 1.39965175e-003 0. 0.
    3.64219816e-003 0. 9.35433782e-004 0. 2.27762363e-003
    1.98365422e-003 0. 1.44569473e-002 0. 0. 0. 2.56721489e-003
    -8.99793988e-004 1.05805397e-002 3.37562966e-003 0. 0.
    7.27387052e-003 0. -4.60959040e-003 0. 0. 0. 6.37632422e-003 0.
    7.16927834e-003 0. 0. 0. 0. 0. 0. 2.05899519e-003 0. 0. 0. 0. 0.
    1.29647041e-003 0. 0. 7.98893906e-003 2.44072941e-003 0.
    6.24814397e-003 0. 2.52346130e-004 0. 0. 0. 0. 1.15271313e-002
    2.15660525e-003 0. -7.26318394e-004 6.54869433e-003 0. 0. 0. 0. 0.
    -1.72126573e-004 0. 0. 0. 0. 2.48520984e-003 0. 1.39662635e-003 0.
    -2.33881641e-003 0. 0. 7.90941436e-003 0. 0. 0. -9.10250747e-005
    5.08495315e-004 6.55666576e-004 0. 0. 0. -8.31574493e-004
    3.82027379e-003 1.70870521e-003 4.84244851e-003 2.00210195e-002 0.
    9.52659291e-004 0. 8.54861981e-004 -7.69215345e-004 1.22278125e-003
    0. 0. 0. 0. 5.53204352e-003 0. 0. 0. 0. 0. 0. 0. 1.65527069e-003 0.
    0. 2.31996947e-003 0. 0. 0. 0. 1.05685089e-003 0. 0. 0. 0. 0.
    1.47359882e-004 0. 9.23605461e-004 0. 0. 4.40137740e-003
    -2.86262669e-003 0. 0. 0. 6.07226721e-005 0. 0. 0. 9.41676460e-003
    1.79738249e-003 0. 2.92323786e-003 0. 8.53249896e-003 0.
    1.09988218e-003 0. 0. 2.50337622e-003 1.10693811e-003 0. 0. 0. 0. 0.
    0. 0. 0. 8.84371065e-003 0. 0. 0. 0. 0. 4.44267364e-003 0. 0. 0. 0.
    0. 1.75640441e-003 9.90719418e-004 4.90308041e-004 0. 0. 0.
    1.86266692e-003 0. 5.25332196e-003 6.57963008e-003 0. 0. 0.
    2.08871905e-003 0. 4.01740940e-003 2.46340502e-003 0. 0.
    2.29411758e-003 0. 0. 2.25854386e-003 0. 2.54640030e-003 0.
    5.88604528e-003 0. 2.27278308e-003 0. 0. 0. 0. 8.60942993e-004 0. 0.
    0. 0. 1.35070048e-004 0. 0. 0. 0. 0. 0. 0. -1.14394265e-004 0. 0.
    3.90892942e-003 0. 0. 0. 0. 6.38311554e-004 2.88334675e-003 0. 0. 0.
    0. 0. 0. 0. 0. 0. 0. 0. 0. 0. 0. 0. 1.63529778e-003 0.
    3.93000385e-003 0. 0. 0. 0. 0. 2.86657340e-003 0. 0. 0. 0.
    6.83675229e-004 4.43721423e-003 1.08409161e-003 0. 0. 0.
    1.99596863e-003 0. 0. 1.57159590e-003 0. 0. 0. -4.78848722e-003 0.
    7.91158527e-003 7.88481534e-003 7.45876040e-003 9.61936777e-004 0.
    1.66957639e-003 1.16549246e-002 0. 0. -7.43003620e-004 0. 0. 0.
    -1.61128875e-003 0. 0. 0. 4.85234801e-003 0. 0. 0. 1.72650395e-003
    0. 6.88174553e-003 0. 1.54654135e-003 0. 0. 0. 0. 0. 1.67533418e-003
    0. 0. 7.07513234e-003 7.90267310e-004 3.02885287e-003 0.
    -2.41426707e-004 5.66994958e-003 0. 4.60669631e-003 0. 0.
    1.23943796e-003 0. 0. 0. 9.75822040e-004 4.79601615e-004 0. 0.
    1.21053471e-003 0. 0. 1.66467577e-003 0. 0. 1.52537622e-003 0.
    8.61889799e-004 8.41891015e-005 0. 7.41859665e-004 7.21360603e-003
    0. 5.92551008e-003 0. 0. 0. 0. 0. 0. 0. 0. 9.95340641e-004 0.
    2.29788269e-003 7.24740513e-003 0. 0. 0. 1.74229499e-004 0. 0. 0. 0.
    -4.80549352e-004 0. -6.47469191e-004 -2.60116998e-004 0. 0. 0. 0. 0.
    1.06885715e-003 0. 0. 0. 0. 9.99566633e-003 0. 0. 0. 0. 0. 0. 0. 0.
    0. 8.01568676e-005 0. 0. 0. 4.03066212e-003 0. 0. 4.91937739e-004
    3.17192008e-003 0. 0. 0. 0. 1.41439389e-003 0. 0. 0. 0. 0. 0. 0.
    4.68591275e-003 0. 6.00045023e-004 1.63500279e-003 0. 0.
    1.82932056e-003 3.85542423e-003 0. 0. 0. 0. 0. 0. 4.80743498e-003
    2.10287282e-003 0. 0. 7.07756961e-004 0. 7.54362624e-003
    1.44575362e-003 4.56075836e-003 0. 0. 3.50854010e-003 0. 0. 0. 0. 0.
    0. 0. 7.81347603e-003 0. 0. 0. 0. 1.34779571e-003 5.72914956e-004 0.
    0. 0. 0. 0. 3.17416945e-003 0. 0. -2.19509914e-003 0.
    1.18587422e-003 0. 0. 2.10367027e-003 0. -9.98737141e-006 0. 0.
    3.45497299e-003 0. 3.04836943e-003 0. 0. 0. 0. 0. 0. 1.77711586e-003
    0. 0. 0. 4.30558063e-003 8.83022975e-003 0. 0. 0. 0. 1.75524387e-004
    -1.51712575e-003 0. 0. 0. 3.61450319e-003 6.61370298e-003 0. 0. 0.
    0. 0. 0. 0. -1.01319491e-003 0. 1.79454708e-003 0. 0. 0.
