<?xml version="1.0"?>
<opencv_storage>
<imageDescriptor type_id="opencv-matrix">
  <rows>1</rows>
  <cols>1000</cols>
  <dt>f</dt>
  <data>
    0. 0. 4.32098564e-003 2.88871559e-003 0. 0. 0. 1.92031229e-003 0. 0.
    0. -2.02282215e-003 0. 2.49067391e-003 8.79567757e-004 0. 0. 0.
    1.60413934e-003 0. 5.29326778e-003 2.22040550e-003 5.83921978e-003
    0. 1.65056158e-003 0. 0. 0. 0. 1.77733169e-003 -4.93267551e-004
    -3.53758992e-003 0. -6.76834083e-004 2.23174357e-004 2.92156823e-003
    0. 1.34075352e-003 0. 4.02535166e-004 2.46075867e-003 0.
    2.59378203e-003 0. -4.39400133e-003 0. 4.49779793e-004
    2.95151421e-003 0. 0. 0. 0. 0. 0. 0. 1.39064490e-004 0. 0. 0. 0. 0.
    0. 0. 0. 0. 1.01898368e-002 0. 0. 0. 0. 0. -1.67519250e-003 0.
    3.81000247e-003 0. 0. 0. 5.89955691e-003 0. 4.70960885e-003 0.
    3.45874275e-003 0. -2.26316927e-003 0. -4.43857675e-003
    7.88609311e-003 0. 8.58828716e-004 1.02726826e-002 0. 0.
    -8.64650356e-004 4.18588007e-003 2.11151876e-003 -1.12209409e-005
    1.11107389e-003 0. 0. 0. 0. 0. 2.01697089e-003 0. 0. 0. 0.
    1.05795935e-002 0. 4.47145710e-003 0. 0. 0. 0. 0. 1.41200994e-003 0.
    0. 0. 0. 2.77317665e-003 0. 2.22516792e-005 0. 0. 4.66454448e-003 0.
    0. 4.03034821e-004 0. -9.81252306e-005 8.71742982e-003 0. 0. 0. 0.
    0. 0. 2.62433314e-003 0. 0. 0. 0. 0. 0. 0. 0. 4.02985886e-003
    1.59969251e-003 0. 0. 0. 0. 0. 5.05392021e-003 0. 3.98222636e-003 0.
    -2.36047129e-003 0. -5.40977577e-003 3.51081981e-004 0. 0. 0.
    2.31389888e-003 1.26084010e-003 0. 0. 5.21137787e-004
    1.23362883e-003 1.57071128e-002 0. 0. 0. 0. 0. 0. 0. 0. 0.
    8.43155757e-003 0. 3.02105647e-004 0. 0. 0. 0. 0. 0. 1.67931360e-003
    0. 0. -8.10961865e-005 0. 0. 0. 5.47566684e-003 0. 0. 0. 0.
    -6.97009638e-003 7.67407109e-005 0. 0. 0. 0. 5.04611712e-003
    8.50264332e-004 0. 2.46746279e-003 4.32837196e-003 0.
    1.97590562e-003 2.57509272e-003 2.35836138e-003 2.10400694e-003 0.
    1.11524472e-002 0. 1.80278230e-003 1.50676863e-003 2.75975768e-003
    4.92540188e-003 0. 0. 0. 0. 0. 0. 3.88845126e-003 5.07567590e-003 0.
    0. 0. 1.55658452e-002 6.33716211e-003 3.60386516e-003 0.
    2.25428888e-003 0. 0. 6.21750718e-003 0. -1.95879163e-003 0. 0. 0.
    -6.89834880e-004 0. -2.47372640e-003 1.60834403e-003 0. 0. 0. 0. 0.
    0. 0. 4.88536665e-003 0. 0. 0. 0. 0. 8.28821026e-003 2.77333101e-003
    0. 0. 1.27776349e-002 0. 1.82579481e-003 1.20654062e-003 0. 0.
    4.87413054e-004 -8.56228289e-004 0. 0. -9.60631296e-004
    2.50306819e-003 2.48332391e-003 0. 0. 0. 0. 0. 7.44030764e-003
    1.72268099e-003 0. 0. 2.10510171e-003 0. 0. 0. 0. 2.70750117e-003
    -2.76044337e-003 5.57216117e-003 -6.43559557e-004 0. 0.
    5.61620924e-004 0. 4.67901397e-003 0. 2.16281344e-003 0. 0.
    5.31742256e-003 0. 0. 0. 0. 3.28161544e-003 0. 0. 0. 0. 0. 0. 0. 0.
    0. -6.88643486e-004 0. 0. -3.43012554e-003 0. 0. 0. 0.
    7.15600909e-005 0. 0. 5.90570178e-003 0. 0. 0. 0. 0. 0.
    -2.11703475e-003 0. -1.22534577e-003 2.85763177e-003 0. 0. 0. 0. 0.
    1.75925461e-003 4.53781663e-003 4.16075764e-003 0. 0. 0. 0.
    3.76638095e-003 0. 1.92395516e-003 0. 2.32934044e-003 0. 0. 0. 0.
    -1.96915236e-003 0. 0. 0. 5.34918206e-003 0. 4.67559462e-003 0. 0.
    2.32214318e-003 1.36761984e-003 -1.67853432e-003 6.70522545e-003 0.
    0. 0. 0. 0. 0. 0. 6.78224955e-003 7.94959778e-004 -4.70575847e-004
    0. 1.18696864e-003 0. 0. -1.63986973e-004 0. 0. 0. 5.54159470e-003
    0. 2.48094997e-003 0. 0. 0. 2.44007003e-003 0. 2.24498348e-004 0.
    4.93511697e-003 -5.85461734e-004 -9.92947957e-004 0. 1.21147977e-003
    0. 6.47152867e-003 0. 0. 0. 0. 0. 6.33246591e-003 0. 0. 0. 0. 0.
    5.97330322e-003 0. 2.18352606e-003 1.10722436e-002 -7.64540164e-005
    0. 1.71959456e-002 0. 0. 0. 9.12372954e-003 0. 0. 0. 0. 0. 0.
    1.48834242e-002 0. -1.57846414e-004 0. 0. 0. 0. 0. 8.41517001e-003
    7.04496214e-003 1.35807053e-003 0. 0. 0. 0. 1.67331693e-003 0. 0.
    1.37075305e-003 -1.39568548e-003 0. 0. 9.35129588e-004 0. 0. 0. 0.
    1.99866830e-003 1.43172161e-003 0. 0. 1.32004352e-004 0. 0.
    -2.36315024e-003 0. 0. 0. 0. 2.14978331e-003 0. 0. 3.16981808e-003
    0. 0. -2.81783659e-003 3.82697694e-002 -2.95783835e-003
    1.98020833e-003 0. 0. 3.72037897e-003 0. 0. -1.01560923e-004
    -4.68136750e-005 0. 0. 0. 0. 0. 0. -1.25439500e-003 4.97721834e-003
    1.91096938e-003 -2.18001450e-003 0. 0. 0. 2.25641206e-003
    -3.21880740e-004 0. 0. 0. 0. 2.28064856e-003 2.41516926e-003 0.
    -1.46280683e-003 0. 2.01986190e-002 5.07066073e-003 1.86350709e-003
    0. 0. 0. 0. 0. 0. -1.05466752e-004 3.50357988e-003 0.
    1.86756079e-003 0. 0. 2.38152035e-003 0. 0. 0. 5.99145563e-003
    4.10965551e-003 0. 0. 0. 0. 0. 1.27968155e-002 0. 3.40319611e-003 0.
    0. 6.29371777e-003 1.90123916e-003 -3.43167386e-003 1.74384820e-003
    3.89944948e-003 0. 0. 0. 0. 9.61120822e-004 2.44435552e-003
    3.77201103e-003 0. 1.49123641e-002 0. 3.03763244e-003
    2.29354063e-003 2.43862066e-003 5.56870876e-003 0. 4.16251918e-004
    1.37655018e-003 9.39214509e-003 0. 0. 0. 0. 0. 0. 0. 0. 0. 0. 0. 0.
    0. 0. 0. -2.42171600e-003 0. 0. 0. 0. 0. 0. 0. 0. 0. 0.
    2.01995810e-003 0. 2.41846568e-003 -2.24544061e-003 0.
    3.01469513e-003 4.05475078e-003 0. 0. 0. 2.10175244e-003 0.
    2.71117035e-003 0. 6.20489067e-004 0. 0. 0. 2.06050323e-003
    1.44051155e-004 0. 0. 0. 2.26952019e-003 0. 0. -3.23823630e-003
    2.16933736e-003 1.90748984e-003 0. 1.07972585e-002 0. 0. 0. 0. 0. 0.
    0. 0. 5.24252700e-003 0. 0. 1.59518688e-003 0. 4.85351542e-003 0. 0.
    0. 0. 1.60320122e-002 0. 0. 0. 6.99512428e-004 9.41070728e-003
    1.98714039e-003 0. 0. -1.11332454e-003 9.36929882e-003
    2.92431819e-003 1.21702941e-003 0. 0. 0. 0. 0. 0. 0. 1.07703230e-003
    0. 0. 0. 0. 3.74655216e-003 5.62619651e-003 1.22223515e-003 0.
    4.86194761e-003 0. 8.39061395e-004 4.67940653e-003 5.87186019e-004
    0. 8.09368619e-004 0. 5.95167466e-003 0. 0. 0. 0. 0. 0.
    4.88806283e-003 0. 0. 0. -1.99586083e-003 9.00991086e-004
    -3.03709501e-004 3.03627667e-003 1.00868021e-003 0. 0. 0. 0. 0.
    1.58454780e-003 0. 0. -2.27544573e-003 0. 0. 0. 0. 6.17034407e-003
    0. 0. -3.91277863e-004 0. -5.25962003e-003 0. 0. 1.48134900e-003
    2.53655948e-003 -6.44120853e-004 0. 0. 0. 0. 0. 0. 0. 0. 0. 0. 0. 0.
    0. 1.83408486e-003 0. -2.48937099e-003 1.85136124e-003 0. 0. 0.
    -4.71069914e-004 0. 0. 0. 0. 5.17894886e-003 8.14102963e-003 0.
    3.07909749e-003 0. -8.01847273e-005 0. 5.04396390e-003 0. 0.
    5.50265564e-003 0. 1.51687711e-002 0. 0. 0. 0. 0. 0. 7.84552004e-003
    7.86473881e-003 1.30371400e-003 3.36991344e-003 0. 0. 0.
    4.71702404e-003 0. 0. 0. 0. 1.78028662e-002 0. 2.02502823e-003 0. 0.
    0. 0. 4.21588030e-003 0. 0. 0. 0. 0. 0. 0. 0. -9.52783506e-004 0. 0.
    0. 0. 2.27242010e-003 6.26951968e-003 0. 0. 0. 0. 3.87913734e-003
    -1.13859004e-003 -1.71626429e-003 0. 0. 0. 9.76168923e-003 0. 0. 0.
    1.19362269e-002 0. 0. 0. 2.05393229e-003 0. 3.11095431e-003 0. 0. 0.
    1.67568726e-003 0. 0. 5.32747072e-004 0. 5.68606309e-004
    3.41118732e-003 0. 0. 1.53481879e-003 2.88790208e-003
    4.60688444e-003 0. 0. 0. 0. 1.38158316e-003 -9.97861382e-004 0. 0.
    0. 0. 0. 2.04515108e-003 3.79758189e-003 0. 0. 0. 0. 0. 0. 0. 0.
    3.66783491e-003 0. 0. 0. -1.09749766e-004 0. 3.56084411e-003 0. 0.
    2.02796236e-003 0. 2.28477712e-003 0. 3.00046313e-003 0.
    -1.49854238e-003 0. 0. 0. 5.19015873e-003 0. 0. 0. 0.
    7.85184745e-003 0. 0. 9.17946454e-003 0. 0. 0. -1.24137697e-003
    2.52416334e-003 0. 0. 0. 0. 0. 0. 0. 0. 3.82157415e-003
    -1.49537006e-003 0. 7.11319875e-003 0. -2.16846890e-003 0. 0.
    -3.73394997e-003 4.41781757e-003 8.21586978e-003 0. 9.66972962e-004
    0. 0. -1.19285914e-003 4.37961845e-003 0. 8.89805518e-003 0.
    1.36825442e-003 0. 7.00507965e-003 -3.98577517e-003 0. 0.
    -1.47507395e-004 0. 0. 0. 0. 0. 0. 0. 0. 0. 0. 0. 0. 0. 0. 0.
    5.98097919e-004 0. 0. 0. 0. 0. 0. -8.63177193e-005 0.
