<?xml version="1.0"?>
<opencv_storage>
<imageDescriptor type_id="opencv-matrix">
  <rows>1</rows>
  <cols>1000</cols>
  <dt>f</dt>
  <data>
    0. 0. 5.24430070e-004 0. 8.53317470e-005 0. 0. 0. 0. 4.94967680e-003
    1.40754832e-003 6.76443474e-003 0. 0. 0. 6.16944337e-004
    2.05709646e-003 0. 2.36241636e-003 3.46423918e-003 2.35086679e-003
    0. -9.48175966e-006 4.03964752e-003 0. 0. 1.52406807e-003 0. 0.
    2.04241020e-003 0. 0. 0. 1.11075398e-002 0. 0. -2.10324838e-003
    2.20983429e-003 6.84900535e-003 -4.31647146e-004 0. 3.04211327e-003
    0. 2.16146512e-003 1.74952985e-003 0. -1.42578239e-004
    2.51333811e-003 6.21111598e-004 4.53017280e-003 1.53296972e-002
    1.02395937e-003 0. 1.51099521e-003 5.36233932e-003 3.01016717e-005
    0. 3.66148714e-004 2.59184535e-003 6.04590308e-003 0. 0. 0. 0. 0.
    1.39870576e-003 1.50010188e-003 9.92263854e-003 1.23748393e-003
    3.69832007e-004 0. 4.08770330e-003 0. 1.19173934e-003 0.
    -5.52704849e-004 2.03850534e-004 0. 0. 3.29216314e-003 0. 0. 0. 0.
    6.11686322e-004 0. 2.42215057e-004 9.60490899e-004 0.
    9.76514828e-004 0. 0. 3.69361369e-004 1.39485032e-003
    1.66492176e-003 0. 0. 0. 0. 0. 0. 6.90918928e-003 6.07056124e-003 0.
    0. 0. 1.81905227e-003 5.40704932e-004 -1.51383108e-004
    4.41940129e-003 0. 0. -7.10511929e-004 -7.34021014e-004
    6.13265147e-004 0. 4.97146160e-004 -7.78458780e-004 2.34498526e-003
    0. 8.43451417e-004 1.01941742e-003 0. -3.54424352e-004
    2.21390999e-003 6.39961381e-003 4.48953215e-004 0. 0. 0. 0. 0.
    5.21542644e-003 -1.14447146e-003 0. 6.82134647e-004 5.86028630e-003
    2.29832531e-005 0. -3.72211420e-004 6.00185303e-004 0.
    -1.31684251e-003 2.05019009e-004 0. 0. 0. 0. 0. 0. 0. 0.
    8.12054798e-003 0. 0. 6.49518392e-004 8.27876106e-003
    3.11247492e-003 0. 4.48160805e-003 2.68730870e-003 0.
    1.38741487e-003 3.06054344e-003 4.34953254e-003 0. 0. 0. 0. 0.
    -4.12132737e-004 5.89244068e-004 0. 0. 2.08326033e-003
    3.88591667e-003 0. 0. 9.17558838e-003 0. 2.56754365e-003 0.
    1.16033060e-003 5.71759325e-003 8.12103599e-003 0. 0.
    1.45667826e-003 3.61529179e-004 0. 0. 0. 3.30050313e-003
    1.57357287e-003 -3.29354312e-004 0. 0. 8.99787410e-004 0. 0. 0. 0.
    0. 0. -6.77045062e-003 0. 0. 0. 3.71377799e-003 0. 0. 0. 0. 0.
    4.69070533e-003 0. 0. 0. 0. 0. 0. 0. 0. 0. 0. 3.37840203e-004 0.
    4.50353324e-003 0. 0. 0. 2.11064843e-003 0. 0. 0. 0.
    -6.39623962e-004 0. 4.51669889e-003 1.99513067e-003 1.65880937e-003
    0. 7.46419979e-003 0. 0. 0. 5.63202240e-003 0. 0. 9.35230346e-004 0.
    -1.12879893e-003 0. 0. 0. 0. 1.35567109e-003 0. -1.31625595e-004 0.
    0. 0. 1.89688255e-003 0. 0. 0. 0. -1.13458792e-003 0.
    1.60105887e-003 -7.17689341e-004 0. 1.76480121e-003 0. 0. 0. 0.
    3.87412147e-003 0. 3.09377932e-003 4.40311013e-003 0.
    4.73141065e-003 1.17910642e-003 1.20453769e-003 0. 3.10034072e-003
    0. 0. 1.90186314e-003 3.54120298e-003 0. 0. 0. 0. 1.03758099e-002
    7.62365526e-004 0. 0. 1.13915536e-003 0. 0. 0. 5.77893690e-004
    1.35495749e-004 0. 0. 0. 3.97650013e-003 0. 0. 0. 0. 0. 0.
    1.44993956e-003 2.54690205e-003 6.57588709e-003 0. 6.75887754e-003
    2.17186316e-004 0. 0. 0. 1.10809377e-003 0. 0. 0. 0. 1.05919200e-003
    0. -3.89795634e-004 0. 2.92125437e-003 0. 9.60809737e-003
    4.21999022e-003 0. 4.64376947e-003 0. 3.50240758e-003 0. 0. 0.
    3.43496259e-003 0. 2.60229432e-003 0. 6.59474172e-003 0. 0.
    6.79085613e-004 0. 0. 0. 0. 0. 5.95282204e-003 1.76296372e-003
    6.38854399e-004 1.38937321e-003 0. -8.25403840e-004 3.13965627e-003
    -1.22928654e-003 0. 0. 0. 2.28165835e-003 0. 0. 0. 0. 0. 0. 0.
    2.23048544e-003 0. 1.67021109e-003 0. 0. 2.40878575e-003
    1.97392376e-003 0. 1.40611222e-003 0. 0. 5.23154624e-004 0. 0.
    4.74941044e-004 0. 6.66230265e-003 0. 0. 1.63714390e-003 0. 0.
    1.93790329e-004 0. 0. 0. 0. 4.48206672e-003 4.56911325e-003 0.
    1.95358298e-003 0. 1.29818611e-004 0. 0. 0. 6.68747816e-003 0. 0.
    4.56907181e-003 -9.86331725e-005 0. 7.32872810e-004 0. 0.
    2.83485628e-003 1.65244425e-003 0. 1.66286563e-003 1.72070507e-003
    0. 2.85243196e-003 0. 0. 2.27512117e-003 8.27583019e-004 0.
    1.45536673e-003 9.31037532e-004 0. 0. -7.68554964e-005
    1.22978969e-003 0. 6.60035526e-004 0. 7.14130583e-004 0.
    3.80986230e-003 0. 0. 6.35691499e-003 3.22244741e-005 0.
    5.69512136e-003 0. 0. 3.05146025e-003 1.76841786e-006 0.
    3.69210937e-003 3.89329012e-004 0. -5.28571327e-005 0. 0.
    6.23545900e-004 0. 0. 5.13017783e-003 0. 0. 0. 0. 1.48965663e-003 0.
    0. 0. 9.15500277e-005 1.05667869e-002 9.85174323e-004 0.
    1.49191637e-003 0. 0. 8.80421419e-003 0. 0. 0. -2.71634955e-004 0.
    3.08953365e-003 2.63105892e-003 0. 0. 3.89318261e-003 0.
    1.68086705e-003 0. 0. 0. 0. 0. 0. 1.80974172e-003 0. 1.68056763e-003
    0. 3.76135553e-003 0. 4.44254547e-004 4.93165059e-003
    5.41977119e-003 1.03663290e-002 0. 1.43245386e-003 0.
    3.69957741e-003 2.45734374e-003 2.66647874e-003 7.55772786e-003 0.
    3.88397661e-004 6.72493363e-003 3.85647570e-003 0. 0. 0.
    5.04426099e-003 0. 0. 4.78000933e-004 0. 0. 1.72486738e-003 0.
    5.93629619e-003 0. 6.40311395e-004 1.23942469e-003 -2.72455683e-004
    -8.35156185e-004 1.31481013e-003 1.81141440e-004 7.40554137e-003 0.
    9.72722599e-004 0. -3.90543107e-007 0. 0. 0. 0. -1.71298409e-004
    -1.54968153e-003 0. 0. 0. 0. 4.43961378e-003 0. 6.05100649e-004
    2.03992077e-003 6.49238843e-003 0. 0. 9.49800306e-004
    1.14971574e-003 -1.59408242e-004 1.10866129e-003 0. -1.68487953e-003
    0. 6.42094004e-004 5.45421336e-003 0. 0. 0. 0. 1.67486153e-003
    1.39770156e-003 0. 3.28018586e-003 0. 0. 0. 0. 0. 0. 0.
    8.30105681e-004 3.65535449e-003 0. 0. -1.50567084e-003
    -1.64040815e-004 1.02585799e-003 4.37764364e-004 0. 0. 0.
    -3.74699506e-004 1.20043301e-003 0. 0. -1.67514299e-004 0. 0.
    2.53336178e-003 1.58143684e-003 1.65164331e-003 1.87709392e-003
    4.53386316e-003 7.39884155e-004 0. 1.34280731e-003 0. 0. 0.
    4.71398933e-003 0. 1.12534012e-003 0. 0. 8.67163355e-004
    9.27329747e-005 4.44817962e-003 2.58100056e-003 1.59967004e-003
    1.18412043e-003 6.97608339e-003 0. 0. -2.10348328e-004
    5.21077169e-003 5.14192099e-004 0. 0. 0. 0. -5.62856294e-005 0.
    -1.55265225e-004 7.35234143e-003 5.04707044e-004 0. 6.56192610e-003
    2.37275759e-004 0. 6.27132412e-003 1.50846189e-003 0.
    2.81921146e-003 2.43636360e-003 0. 2.65789730e-003 4.72945208e-003
    0. 4.43044584e-003 -1.48403249e-003 0. 5.36930340e-004 0. 0.
    9.21812782e-004 1.31765101e-003 0. 2.70541362e-003 0.
    5.20718098e-003 -6.11459778e-004 1.18480073e-002 0. 0. 0.
    3.20154382e-003 3.15875188e-003 0. 0. 0. 0. 0. 0. 8.55480757e-005
    2.01720884e-003 1.20960129e-003 3.99031589e-004 1.00329518e-003
    -1.28308788e-003 0. 2.46761926e-003 6.84500206e-003 0. 0. 0. 0. 0.
    0. 0. 0. 0. 3.28214024e-004 0. 0. 0. 0. 0. 0. 0. 6.25442917e-005 0.
    0. 0. 0. 0. 0. 0. -2.29267636e-003 0. 0. -1.71261679e-004
    8.09720659e-004 1.08451198e-003 0. 3.61390505e-003 0.
    1.98443304e-003 1.96563709e-003 -4.58819966e-004 1.60374993e-003
    1.41103368e-003 1.86105887e-003 -2.12256884e-004 1.83794880e-003 0.
    0. 1.16978090e-005 1.06986123e-003 0. -5.85619955e-006
    3.86142638e-003 0. 0. 2.20477359e-005 0. 0. 0. 0. 0. 1.90119969e-003
    1.62578141e-003 0. 1.00047805e-003 0. 0. 6.75640535e-004 0. 0. 0. 0.
    3.23724863e-003 0. 7.03812717e-003 0. 3.01529217e-004
    -9.91791021e-004 1.71682995e-003 0. 0. 0. 0. 0. 0. 2.56777252e-003
    0. 0. 0. 1.38946972e-003 0. 0. -3.22443084e-004 2.90736905e-004
    6.26660621e-005 0. 0. 0. -9.15483979e-005 -3.11036594e-003
    4.36962629e-003 0. 0. 6.87101949e-003 5.97270322e-004 0. 0.
    4.52780863e-004 0. 0. 0. 0. 2.26857592e-004 3.38907260e-003 0. 0.
    1.50742184e-003 7.88689125e-003 0. 0. 0. 1.63221196e-003 0.
    9.46275890e-003 4.32069367e-003 0. 1.48836209e-003 0.
    -1.74877187e-003 0. 1.38606748e-003 2.60821381e-003 0. 0. 0.
