<?xml version="1.0"?>
<opencv_storage>
<imageDescriptor type_id="opencv-matrix">
  <rows>1</rows>
  <cols>1000</cols>
  <dt>f</dt>
  <data>
    2.39020167e-003 -8.44137394e-004 1.90521555e-003 0. 0. 0. 0.
    6.02751411e-003 1.30401074e-003 0. 0. 0. 0. 2.05085962e-003 0. 0.
    2.25451845e-003 1.00931909e-003 0. 0. 0. 0. 5.91879804e-003 0. 0.
    -5.32536287e-005 0. 7.63219921e-003 -2.41263048e-003 0. 0.
    -3.91401445e-005 1.23333484e-002 0. 0. 0. 7.44577963e-003
    -2.52394762e-004 3.63795157e-003 0. 0. 0. 0. 0. -1.00139307e-003
    6.44031540e-003 0. 2.78695091e-003 0. 1.15871476e-002 0. 0.
    -1.06397225e-003 3.02932342e-003 0. 0. 0. 0. 0. 1.47169712e-003 0.
    0. 0. 4.81553870e-004 0. -3.36266751e-003 0. 3.31819290e-003 0. 0.
    1.17600197e-002 0. 0. 0. 1.93540950e-003 5.10944286e-003 0.
    8.48698895e-003 0. 2.46265298e-003 1.38268515e-003 0. 0. 0.
    1.37515541e-003 0. 0. 0. -9.32561816e-004 7.82923866e-003
    -9.67208995e-004 5.11585362e-003 0. 0. 5.74001065e-003 0. 0. 0.
    3.53922695e-003 0. 5.90397569e-004 0. 1.14763491e-002 0. 0. 0. 0.
    1.37693435e-002 0. 3.63583863e-003 -3.19291838e-003 5.98501321e-003
    0. 0. 0. 0. 0. 0. 1.09838031e-003 5.12354681e-003 0. 0.
    2.61492911e-003 2.16031983e-003 2.19289097e-003 -9.56136675e-004
    3.13700829e-003 0. 2.01183511e-003 2.30717752e-003 0. 0. 0. 0. 0. 0.
    0. 0. 3.41704627e-003 0. -1.21345778e-003 0. 2.66936538e-003
    8.44051130e-004 0. 0. 0. 0. 0. 2.06519850e-003 0. -1.17114012e-003
    2.49371445e-003 1.61470473e-003 0. 8.94868840e-003 0. 0.
    1.99861061e-002 0. 1.06227025e-002 0. 6.89680269e-003
    1.66265829e-003 0. -2.07673977e-004 1.22931914e-003 0. 0. 0.
    6.92948047e-003 0. 8.51762202e-003 0. 1.05504878e-003
    -4.05275403e-003 2.53516296e-003 0. 0. 0. 1.81172579e-003 0. 0. 0.
    1.83929247e-003 0. 0. 1.10625278e-003 4.69389977e-003 0.
    -1.08591444e-003 0. 5.91488834e-003 0. 5.01545891e-003 0.
    4.01970278e-003 0. 0. 0. 2.24529533e-003 0. 0. 2.68987706e-003 0. 0.
    0. 0. 0. 1.32091679e-002 0. 0. 0. 0. 0. 0. -1.93306187e-005
    8.40747554e-004 0. 0. 9.12922621e-003 0. 2.18146387e-003 0. 0. 0. 0.
    0. 0. 0. 0. 0. 2.47335574e-003 -1.96475745e-003 0. 1.17744913e-003
    5.94184712e-005 0. 0. 3.73149151e-003 1.23286259e-003 0.
    3.69559182e-003 0. 0. -7.82676623e-004 0. 0. 0. 0. -3.81007500e-004
    0. 6.22066949e-003 0. 2.40212120e-003 0. 0. 0. 0. 0. 0. 0. 0. 0. 0.
    0. 0. 1.81255303e-003 0. 0. 1.11900328e-003 0. -8.15706269e-004 0.
    0. 2.67962139e-004 0. -8.54590093e-004 2.53784633e-003 0. 0. 0. 0.
    0. 0. 0. 0. 0. 0. 0. 0. 0. 0. 0. 0. 0. 2.35366193e-003 0. 0. 0. 0.
    -2.77995045e-004 0. 0. 9.31699760e-005 0. 0. 0. 0. -4.05152654e-003
    4.33396606e-004 0. 0. 1.04236417e-002 0. 0. 0. 0. 0. 0. 0. 0. 0. 0.
    -7.57729431e-005 -8.05860851e-004 0. 3.88275366e-004
    -1.85760832e-003 1.15185590e-004 9.59951989e-003 0. 4.10592835e-003
    -4.58226510e-004 0. 3.54284770e-003 0. 2.21281382e-003
    3.12506990e-003 4.28201212e-003 3.15076410e-004 0. 0.
    -2.58549396e-003 9.42199025e-003 0. 0. 0. 0. 8.26513115e-003
    3.93107627e-003 1.54890795e-003 1.14796879e-002 0. 0.
    1.18552810e-002 0. 0. 0. 0. 0. 0. 7.56631547e-004 0. 0. 0. 0.
    1.26385540e-002 0. -1.42728956e-003 0. 0. 0. 0. 0. 1.05686008e-003
    6.86551351e-003 0. 0. 0. -3.22751701e-004 0. 0. 0. 0. 0.
    1.67864864e-003 -1.85555394e-003 0. 0. 0. 0. 0. 7.70886801e-003
    -2.73556774e-003 0. 6.05160720e-004 1.26681570e-003 0.
    1.15464600e-002 0. 0. 5.89368807e-004 5.75053971e-003
    4.08728560e-003 0. 6.82160212e-003 4.75568324e-003 0. 0. 0. 0.
    7.01659778e-003 0. 0. 0. 1.18282055e-002 0. 0. 3.77529347e-003 0. 0.
    4.47650161e-003 0. 4.43706103e-003 0. 0. 3.47767211e-003 0.
    5.45263337e-003 0. 0. 4.71862080e-003 3.87371611e-003
    6.24125171e-003 0. 3.18083959e-003 -1.15161471e-004 0. 0. 0. 0. 0.
    0. 0. 0. 0. 0. 0. 0. -3.46798886e-004 1.35981655e-002 0.
    1.10029278e-003 0. 0. 0. 0. 0. 0. 0. -2.66941893e-003 0.
    2.40574777e-003 0. 1.12862047e-003 0. 0. -3.50783556e-003 0. 0.
    3.68860853e-003 2.68016732e-003 0. 1.39361294e-003 0. 0. 0. 0. 0. 0.
    0. 0. 0. -2.01687939e-003 0. 0. 6.29390171e-003 0. 1.63288345e-003
    0. 0. 0. 0. 0. 0. 0. 0. 0. 0. 0. 0. -7.77022098e-004
    -5.10422804e-004 1.02923317e-002 0. 2.20418652e-003 0.
    -9.82891186e-004 0. 0. 1.60812389e-003 0. 2.48591835e-003 0. 0. 0.
    2.74929055e-003 0. 0. 3.28010810e-003 0. 4.71536536e-003 0. 0.
    -3.84778454e-004 0. -8.36572144e-004 1.78899169e-002 0. 0. 0.
    8.37754738e-003 1.11115677e-002 0. 0. 0. 2.86363694e-003 0. 0. 0. 0.
    0. 0. 0. 0. 5.18923858e-004 1.23779313e-003 0. 0. 0. 0. 0.
    3.94792529e-003 1.57776976e-003 2.33662850e-003 0. 0. 0. 0.
    -1.55860058e-003 0. 0. 0. -1.07200502e-003 2.63460749e-003 0. 0. 0.
    4.55941167e-003 -3.84947867e-003 0. 0. -4.19596024e-003 0. 0.
    4.17032512e-003 -3.14479112e-003 0. 7.40747608e-004 0. 0.
    1.79346869e-004 0. 0. 0. 5.18225692e-003 -1.81134290e-003 0. 0.
    2.43884139e-003 1.24829607e-002 0. 0. 0. 1.00137042e-002 0. 0. 0. 0.
    0. 0. 0. 0. 0. -9.30884096e-004 0. 0. 0. 0. 1.73653546e-003 0. 0.
    1.64626155e-003 0. 2.47966917e-003 2.92913918e-003 0. 0. 0.
    2.69160350e-003 -4.65845624e-005 0. 0. 7.43270200e-003 0. 0.
    2.36661825e-003 0. 0. 0. 9.63766768e-004 -2.34133215e-003 0.
    1.94434486e-002 2.15863949e-003 0. -1.48197636e-003 0. 0. 0.
    -1.15378946e-003 7.35349779e-004 0. 1.50021387e-003 0. 0.
    2.89918553e-005 0. 1.06797976e-004 0. 0. 0. 0. 0. 2.99466378e-003 0.
    1.70913071e-003 0. -1.76762533e-003 0. 0. 9.99914669e-003 0. 0. 0.
    7.24431709e-004 0. 0. 0. 2.47596763e-005 0. -2.71335361e-003 0. 0.
    0. 7.46307895e-003 7.79079832e-003 0. 0. 0. 1.12583430e-003
    -4.03935276e-003 0. 4.89218684e-004 0. 0. 0. 0. 0. 0.
    -1.69861631e-003 0. 0. 0. 0. 0. 1.42853856e-002 0. 1.15230633e-002
    0. 4.09095502e-003 0. 0. -4.78576549e-005 0. 0. 0. 6.00941945e-003
    0. -8.07096250e-004 0. 0. -1.61960628e-003 0. -9.41642444e-004 0. 0.
    3.03048524e-003 0. 0. 0. 4.55392851e-003 0. -1.59935909e-003
    2.75362236e-003 0. 1.03635713e-002 6.45780750e-003 1.60404097e-003
    0. 0. 1.07551832e-002 0. 8.48180964e-004 0. 0. 0. 0. 0. 0. 0. 0.
    4.70430963e-003 0. -2.18911702e-003 0. 0. 1.81511638e-003
    8.48872773e-003 0. 3.70416627e-003 0. 4.72825428e-004
    6.94093294e-003 1.03488483e-003 0. 0. 2.95836246e-003 0.
    5.81499422e-004 0. 0. 0. 0. 0. 1.38183532e-003 0. 0. 0. 0. 0. 0. 0.
    0. 1.54465635e-003 3.10168392e-003 0. 0. 3.22344666e-003
    1.02836313e-002 0. 1.75215391e-004 0. 0. 0. -1.69264094e-003 0.
    -5.73429104e-004 0. -3.48297274e-003 0. 3.90584371e-003
    1.61967124e-003 0. 0. 1.66281406e-003 0. 0. 0. 0. 8.17249250e-003
    1.41530705e-003 0. 0. 8.02398566e-003 4.43459721e-003 0. 0.
    4.91699995e-003 8.55573744e-004 0. 0. 0. -6.47543056e-004 0. 0.
    -2.14358559e-003 0. -2.02329946e-003 0. 0. 0. 1.21492043e-003
    8.74210894e-003 0. 0. 0. 0. 0. 4.66163736e-003 1.58108992e-003
    -1.97486603e-003 0. 0. 0. 0. 0. 1.69811153e-003 0. 0. 0. 0.
    2.84929667e-003 0. 5.46211051e-003 9.33333486e-003 0.
    2.36314395e-003 0. 9.70403547e-004 0. 0. -1.03305290e-004 0. 0. 0.
    0. 0. 1.26673970e-002 0. 0. 3.21662449e-003 6.16060849e-003 0. 0.
    3.22446832e-003 0. 0. 0. -1.87674724e-003 3.71925486e-003 0. 0. 0.
    1.28692982e-003 0. 7.27105001e-003 0. 0. 0. 0. 1.41339498e-002
    1.08891272e-003 0. 1.89061905e-003 4.13401372e-004 0. 0.
    -1.08663398e-005 0. 6.35682431e-004 0. 0. 0. 0. 0. 1.04262484e-002
    4.99254279e-003 1.04231760e-003 0. 0. 0. 6.25146832e-003 0. 0. 0. 0.
    0. 0. 0. 3.71923641e-004 0. 6.73872943e-004 0. 0. 1.48414882e-004 0.
    3.37481988e-003 0. 2.57532042e-003 0. 0. 2.86698760e-003 0. 0. 0.
    7.10497564e-003 2.28391495e-003 0. 0. 0. 3.21887695e-004 0.
    1.97113768e-004 0. 9.03366192e-004 0. 0. 0. 0. 0. 0. 0. 0. 0. 0. 0.
    0. 5.19525353e-003 0. 0. 0. 2.58977618e-003 0. -1.47362344e-003 0.
    0. 0. 0. -2.12820154e-003 0. 0. 0. 0. 0. -3.80770350e-003 0. 0. 0.
