<?xml version="1.0"?>
<opencv_storage>
<imageDescriptor type_id="opencv-matrix">
  <rows>1</rows>
  <cols>1000</cols>
  <dt>f</dt>
  <data>
    7.34772673e-003 0. 7.88525678e-003 4.36613476e-003 0. 0.
    6.01960113e-003 0. 0. 0. 0. 1.61831975e-002 0. 1.22829247e-003 0. 0.
    0. -3.60396021e-004 0. -1.51584449e-003 5.91971120e-003 0.
    7.84843112e-004 0. 1.08046469e-003 0. -1.87725062e-004
    7.51211192e-004 0. 0. 0. 0. 4.54576779e-003 0. 1.55249715e-003 0.
    -1.31436402e-003 0. 0. 0. 0. 4.93869279e-003 0. 3.45275970e-003
    9.31885093e-003 1.34387333e-003 1.36066624e-003 0. 0. 0. 0. 0. 0.
    7.26761064e-003 0. 0. 0. 9.41657275e-003 2.79546389e-003 0. 0. 0. 0.
    7.12155038e-003 6.28883427e-004 0. 2.09289324e-002 1.70584384e-003
    0. 0. 0. 0. 1.00211576e-002 1.72595773e-002 0. 7.01602548e-004
    3.00903630e-004 0. 4.37220624e-005 3.52585036e-003 0. 0. 0. 0.
    8.74558836e-003 0. -1.15574815e-003 2.05917545e-002 0. 0. 0.
    1.31491595e-003 -8.53169011e-004 0. 2.11277307e-004 0. 0. 0. 0.
    9.77348187e-004 0. 2.66293855e-003 0. -3.96644755e-004
    2.59237899e-003 0. 0. 1.16283889e-003 0. 0. -1.60976732e-003 0. 0.
    0. 0. 0. 2.02521845e-003 0. 1.92207610e-003 9.24692285e-005 0. 0. 0.
    0. 0. 0. 0. 0. 0. 0. 0. 0. 0. 3.14465375e-003 0. 8.43043346e-003 0.
    0. 8.81763059e-004 0. 0. 0. 6.24278141e-003 1.09081564e-003 0.
    2.23740144e-003 0. 0. 0. -3.83762643e-004 0. 0. 4.04441822e-003
    1.38440530e-003 2.68750475e-003 0. 1.86183827e-003 -1.50908239e-003
    6.55032834e-003 0. 0. 0. 0. -2.42774593e-004 2.38573807e-003 0. 0.
    0. 9.37593170e-003 0. 2.87893880e-003 3.53472366e-004 0. 0.
    7.07174535e-004 2.75520165e-003 5.00846363e-004 0. 7.01036630e-003
    2.12043594e-003 0. 0. 0. 0. 6.63299812e-004 0. 3.66183603e-003
    4.57484712e-004 4.21189005e-003 0. 4.98283247e-004 0. 0.
    4.09397949e-003 0. 1.99615397e-003 0. 0. 0. 0. 0. 5.63055743e-003 0.
    2.84580118e-003 1.66055828e-003 0. 4.51951334e-003 0.
    5.67869237e-003 0. 0. 7.57667888e-003 0. 0. 9.30447888e-004 0.
    4.43924684e-003 0. 8.01398361e-004 1.15930417e-003 0.
    1.29284977e-003 0. 0. 0. 0. 4.75310691e-004 -1.02915091e-003 0. 0.
    0. 1.58590882e-003 0. 3.80355096e-003 0. -1.30171643e-003 0. 0.
    5.45792536e-005 0. 0. 1.01338059e-003 0. 0. 0. 0. 2.19596773e-002 0.
    0. 2.61491956e-003 0. 2.60243448e-003 2.15329370e-003
    8.71889410e-004 0. 0. 0. 1.86277390e-003 0. 0. 0. 0. 0. 0. 0. 0. 0.
    -1.65567221e-003 0. -8.28462536e-004 0. 0. 0. 2.47875648e-003
    -3.72082018e-003 0. 0. 7.11336033e-003 1.07334917e-002 0. 0. 0.
    1.76803512e-003 0. 5.07373223e-003 3.03958775e-003 0. 0. 0.
    1.26125140e-003 0. 0. 0. 0. -9.48754721e-004 -1.32114743e-003
    2.78766663e-003 -3.02318973e-003 0. 0. 0. 0. 0. 0. 0. 0. 0. 0. 0. 0.
    0. 0. 0. 9.60923079e-003 0. 4.37185774e-003 0. 0. 0. 3.06678144e-003
    0. 0. -4.94030188e-004 0. 0. 0. 0. 0. 0. 0. 0. 5.70705102e-004
    5.68969256e-007 0. 0. 0. -1.12114292e-004 0. 3.93451843e-003 0. 0.
    3.86593351e-003 0. 0. 0. 0. -3.10723856e-003 0. 2.22591870e-003 0.
    0. 2.39960267e-003 5.49134740e-004 0. 0. 0. 0. 3.49678635e-003 0. 0.
    1.39248359e-003 0. 0. -1.10755640e-003 0. 0. 0. 0. 2.06428883e-003
    0. 1.07485354e-002 -2.71403114e-004 0. 0. -3.39658669e-004 0.
    -2.65967101e-003 7.63673242e-003 3.97880242e-004 0. 3.84828681e-003
    2.05364707e-003 0. 0. 0. 0. 0. 0. 6.71843160e-003 8.76203179e-003 0.
    9.09413735e-004 -8.65439870e-005 9.74602532e-003 2.82024778e-003
    2.23695673e-003 6.92463154e-003 2.42084335e-003 0. 0. 0.
    5.23515698e-003 0. 0. 0. 1.30567292e-003 -7.51057582e-004 0.
    1.54540589e-006 0. 0. 1.81471277e-003 0. 0. 0. 8.95518530e-003 0. 0.
    0. 0. 0. 1.18766073e-003 8.65866663e-004 0. 0. 0. 0. 0. 0. 0.
    -1.12571754e-003 0. -2.36179229e-004 0. 0. 0. 0. 1.02107115e-002 0.
    0. 0. 1.79279549e-003 0. 0. 4.62523801e-003 0. 0. 0. 1.01176873e-002
    0. 0. 1.66035292e-003 0. 0. 0. 0. 0. 0. 0. 8.87818809e-004 0. 0. 0.
    0. 0. 1.37312599e-002 0. 0. 0. 0. 2.45777727e-003 0. 0. 0. 0.
    1.15673775e-002 9.16860590e-004 1.64877786e-003 0. 0. 0.
    6.04699366e-003 0. 0. 0. 0. 0. 3.95108294e-003 6.65123865e-004 0. 0.
    7.96689559e-003 0. 0. 6.88223587e-003 0. -1.56713882e-004 0. 0. 0.
    0. 0. 0. 0. 3.54836904e-003 0. 0. 0. 3.89329065e-003 5.25061553e-003
    0. -3.21889529e-004 0. 3.33645986e-003 4.12286653e-007 0. 0. 0. 0.
    8.38105800e-004 0. 3.40732513e-003 0. 0. 4.83099557e-003 0. 0. 0.
    7.67206354e-003 1.31447054e-003 0. 2.48395745e-003 0. 0. 0. 0.
    1.06875412e-002 0. 0. 3.88670317e-003 -1.07195426e-003 0. 0. 0. 0.
    0. 0. 0. -1.14719779e-003 0. 6.20163465e-003 0. 0. 0. 0. 0. 0.
    -9.69376590e-004 3.77309043e-003 0. 2.99535785e-003 1.71566405e-003
    0. 8.13710794e-004 4.54224501e-005 0. 0. 0. 0. -5.40443882e-003 0.
    0. 0. 0. -4.61583433e-004 5.62840700e-003 -6.90846180e-004 0.
    1.68125143e-006 2.12821746e-004 0. 1.00819347e-002 6.93444535e-003
    0. 0. 0. 6.25467999e-003 0. 0. 8.12820450e-004 -2.74569658e-003
    2.05302285e-003 0. 1.81714038e-003 0. 7.49985315e-003 0. 0. 0. 0.
    9.47645283e-004 0. 6.20015291e-003 0. 2.18534260e-003 0.
    4.42940480e-004 0. 0. 0. 0. 0. 5.17406315e-003 0. 0. 4.05304600e-003
    0. 0. 0. 0. 7.51362322e-003 0. 2.48341734e-004 0. 3.02799325e-003
    -1.69204560e-003 3.83941666e-003 0. 0. -9.57926968e-004 0. 0. 0.
    -1.18647702e-003 0. 0. 0. 0. 0. 0. -5.26885968e-004 1.72584236e-003
    0. -4.79802256e-004 0. 0. 0. 0. 7.59776495e-003 0. 0.
    -3.12249758e-005 0. 0. 2.39372253e-003 0. 0. 7.39952317e-003 0.
    -6.47818786e-004 2.92522414e-003 0. 0. 3.50876967e-003 0. 0. 0.
    1.11556444e-002 1.26486458e-003 0. 0. -2.88454792e-003 0.
    -2.38556275e-003 0. 0. 0. 7.77117955e-003 0. 0. 0. 5.13066771e-003
    0. 0. 0. 3.57434643e-003 -1.34977803e-003 0. 7.36947777e-003 0. 0.
    0. 0. 0. 0. 0. -1.95078098e-003 0. 0. 0. 0. 0. 0. 0. 5.89262985e-004
    5.79620805e-003 0. 0. 0. 0. 0. 0. 0. 0. 0. 0. 4.01548576e-003 0. 0.
    2.57208920e-003 -3.96136567e-003 0. 0. 0. 1.27346499e-003
    -1.12015661e-003 0. 0. 0. 8.17222148e-003 0. 0. 0. 0. 0.
    2.69860192e-003 0. -2.52707931e-003 0. -1.70329830e-003 0. 0. 0. 0.
    0. 0. 0. 0. 1.34760945e-003 0. 0. 0. 0. 0. 0. 0. 0. 0.
    1.01700891e-003 0. 0. 0. 0. 1.59502937e-003 0. 0. 2.90591875e-003 0.
    0. 2.43635364e-002 5.90948481e-003 0. 2.95196776e-003 0. 0. 0.
    5.86149516e-003 0. 0. -1.63262454e-003 -1.05515844e-003 0. 0. 0.
    1.12522696e-003 0. 0. -1.41716283e-003 7.57788774e-004 0.
    2.20752670e-003 8.04766969e-005 0. 6.92182337e-004 0. 0. 0. 0. 0.
    -1.01001619e-003 0. 0. 0. -8.20943562e-004 0. 0. 0. 3.42852576e-003
    0. 1.34980166e-003 1.13195712e-002 0. 8.12224858e-003 0. 0.
    2.60124952e-002 0. 0. 7.79453025e-004 6.86556217e-004 0. 0. 0. 0.
    4.89694858e-003 0. -8.43689591e-003 0. 0. 0. 0. 6.22216496e-004 0.
    1.96541217e-003 -2.58649325e-005 -2.21746595e-005 0. 9.28765349e-003
    0. 0. 3.65996093e-005 -7.45068246e-004 0. 0. 1.40759873e-003 0. 0.
    0. 0. 0. 0. 0. 0. 0. 0. 0. 0. 0. 0. 2.01762957e-003 0. 0.
    -2.89668911e-004 0. 0. 0. 0. 2.46299722e-004 0. 1.04327137e-002 0.
    -2.82958848e-004 0. 0. 0. 0. 4.00666031e-004 0. 0. 0. 0. 0.
    1.18411025e-002 0. 0. 0. 0. 0. 0. -3.46577697e-004 0.
    6.74708560e-003 1.48549443e-003 0. 0. 0. 0. 4.01460007e-003 0.
    2.35166284e-003 1.58540765e-003 0. 0. 0. 0. 0. 7.79058901e-004 0. 0.
    1.32737285e-003 0. 0. 0. 0. -3.31403753e-005 0. 2.70933122e-003
    7.60870567e-003 2.08705477e-003 0. 9.98136937e-004 0. 0. 0. 0. 0. 0.
    0. -5.84800844e-004 4.59086848e-003 0. 0. 0. 8.29968601e-003 0. 0.
    9.57349222e-003 0. 0. 0. 0. 5.92491496e-003 0. 0. 0. 7.52754929e-003
    0. 0. 6.34985976e-003 0. 0. 0. 0. 0. 0. 0. 9.62386280e-003
    1.00930908e-003 0. -4.25545441e-004 0. 0. 0. 7.73833832e-003 0. 0.
    0. 0. 0. 0. 0. 0. 0. 7.03113154e-004 0. 0. 2.53769942e-003 0. 0.
    4.15354222e-003 0. 0. 0. 0. 0. 0. 0. 0. 0. 0. 0. 2.92315800e-003
