<?xml version="1.0"?>
<opencv_storage>
<imageDescriptor type_id="opencv-matrix">
  <rows>1</rows>
  <cols>1000</cols>
  <dt>f</dt>
  <data>
    0. 4.10308922e-003 -3.09789379e-004 0. 0. 0. 3.35024088e-003
    2.06049313e-004 0. 0. 1.22185214e-003 0. 2.89496244e-003 0. 0.
    2.83456990e-003 -1.44693302e-003 0. 0. 2.59339088e-003
    -1.78460800e-003 5.63579286e-003 1.11689640e-003 0. 0. 0. 0.
    1.30145741e-003 0. 0. 0. 0. 4.84824693e-003 0. 1.61919475e-003
    2.16682078e-004 0. 5.74145326e-003 1.34461769e-003 0.
    3.55561357e-003 0. -2.68478529e-004 4.50761477e-003 3.10864788e-003
    9.44386935e-004 0. 1.77949679e-003 0. 1.74437696e-003 0. 0.
    4.52749943e-003 6.22389186e-003 0. 0. -3.07811788e-005
    1.04604184e-003 0. 0. 2.18314491e-003 0. 3.81985307e-003
    1.53954898e-003 5.73707465e-003 0. 0. 0. 0. 3.08258133e-003 0.
    -2.64311628e-003 3.25465389e-003 0. 2.77873734e-003 0.
    5.45957917e-003 0. 6.48239255e-003 2.04465888e-003 -8.67890252e-004
    0. 0. 0. 6.09532523e-004 4.42856271e-003 0. 0. 0. 0. 3.98655748e-003
    1.28355663e-004 2.08410947e-003 8.51974171e-003 0. 0. 0. 0. 0. 0.
    6.30621857e-004 0. 0. 3.62592074e-003 0. 0. 0. 0. 0. 1.76843407e-003
    -7.40431482e-004 0. 0. 0. 0. 0. 0. 1.58971141e-003 -6.07626338e-004
    0. 0. -1.60115294e-003 0. 1.37985835e-003 0. 2.08159490e-003 0. 0.
    5.74547099e-004 0. -9.81925186e-005 0. 4.16790601e-004
    2.31895293e-003 1.43891713e-003 0. 4.97560063e-003 1.95115048e-003
    0. -5.44102048e-004 1.43519463e-003 0. 0. 5.13004838e-003 0. 0.
    7.02178199e-003 2.38761352e-003 0. 3.09976214e-003 1.64764433e-003
    2.23714538e-004 0. 8.14612664e-004 0. 5.22886286e-004
    1.89702376e-003 2.68014194e-003 1.92424897e-002 0. 0. 0.
    -1.31018105e-005 2.37359246e-003 0. 0. 0. 0. 0. 3.11306841e-003 0.
    0. 0. 0. 0. 0. 1.49640348e-003 0. 1.10688084e-003 1.48229208e-003 0.
    1.96851534e-003 2.92654964e-003 9.82213672e-003 1.21162308e-003 0.
    0. 0. 0. 0. -7.15989503e-004 0. 4.76228027e-003 0. 0. 0. 0.
    3.41428095e-003 0. 0. -2.53640255e-003 0. 5.77942468e-003
    1.19978256e-004 0. 0. 0. 0. 0. 1.28546543e-003 -8.36863997e-004
    1.57601258e-003 5.89191368e-005 2.41474784e-003 1.30830957e-002
    1.79970381e-003 2.38633528e-003 0. 0. 2.02724873e-003
    8.98255792e-004 0. 1.41806889e-003 0. 0. 0. -3.57115758e-004 0. 0.
    1.19731501e-002 0. 0. 3.04694124e-003 -1.51716173e-004 0. 0. 0.
    6.54828409e-003 3.39975022e-003 0. 0. 0. 1.40374806e-003
    2.69461772e-003 0. 1.03403430e-003 0. 0. 0. 3.26077640e-003
    2.46842304e-004 3.67103703e-003 0. 0. 0. 0. 0. 6.57920074e-003 0. 0.
    6.72667520e-003 0. 0. 0. 7.41227705e-004 0. 0. 0. -6.26162000e-005
    1.25831098e-003 0. 0. 0. -3.06471577e-003 6.27137488e-004 0. 0.
    1.32944994e-003 6.30809134e-003 0. 6.65292100e-005 0. 0. 0. 0. 0. 0.
    0. 5.51007781e-003 4.21837578e-003 0. 0. 1.76424591e-003 0. 0. 0. 0.
    0. 0. 0. 5.77032752e-003 0. 0. 2.73068133e-003 0. 4.63510491e-003
    9.68635897e-004 0. 0. 9.49815731e-004 0. 0. 0. 0. 2.02914031e-004 0.
    1.25896314e-003 0. 8.90616138e-005 0. 1.87772268e-003 0. 0. 0. 0.
    3.12665524e-003 1.19839050e-003 0. 3.19274655e-003 5.39738312e-003
    0. -4.89672602e-005 1.41945109e-003 0. 0. 0. 0. 0. 4.33103740e-003
    0. 8.62648187e-004 0. 0. 1.51405169e-003 0. 0. 0. 0. 0. 0. 0.
    2.87274318e-003 0. 0. 4.45428491e-003 1.80820609e-003 0.
    -9.75772447e-004 0. 0. 0. -2.05287337e-003 1.68432936e-003
    5.05399518e-003 4.24257107e-003 1.19473739e-003 0. 1.47308293e-003
    0. 7.85765145e-003 0. 0. 0. 0. 6.27727888e-004 0. 1.82940799e-003 0.
    0. 2.24965392e-003 3.90868960e-003 0. 0. 0. 0. 0. 0. 0. 0.
    2.80926051e-003 0. 0. 5.92323078e-004 3.23972013e-003 0.
    3.45087814e-004 0. -1.48917048e-003 3.35010956e-003 0. 0.
    4.25563380e-003 1.04112574e-003 0. 6.75154384e-003 3.73138185e-003
    0. 0. 0. 0. 4.67030186e-004 6.43724226e-004 0. 0. 0. 0. 0. 0. 0. 0.
    0. 0. 0. 7.38626288e-004 0. 0. 0. -7.78583693e-004 0. 0. 0. 0.
    3.78383929e-003 8.70103133e-004 0. 0. 6.47969544e-003
    1.59605348e-003 1.32405292e-003 0. 0. 1.86836743e-003
    8.73403973e-004 0. 0. 0. 0. 0. -2.54874234e-003 0. 4.13062703e-003
    -2.01483048e-003 1.32602146e-002 0. 0. 0. 5.97057398e-004
    1.41818111e-003 0. 0. 1.80479302e-003 4.29110415e-003 0.
    6.76292228e-004 0. 2.68585980e-003 0. 0. 0. 0. -6.85156439e-004 0.
    0. 0. 0. 0. 0. 0. 3.60319740e-003 0. 6.32154057e-003 0. 0. 0. 0. 0.
    -1.01946527e-003 0. 2.68586585e-003 0. 2.05327161e-002 0. 0. 0. 0.
    0. 0. 0. 3.95831279e-003 3.20996437e-003 0. 0. 0. 0. 0. 0. 0. 0.
    1.31971007e-002 0. 0. 0. 0. 0. 0. 0. 0. 1.71777792e-003
    1.71020953e-003 2.19811872e-003 -3.17878160e-003 2.54192320e-003
    -8.05725402e-004 7.31745642e-003 -3.29458344e-005 -1.15969521e-003
    7.09490245e-003 4.66419850e-003 0. 1.26444781e-003 0.
    2.05335091e-003 2.62294314e-003 9.53167304e-003 0. 8.08331009e-004
    0. 4.41201730e-004 0. 0. 0. 0. 0. 0. 0. 0. 3.31088179e-003 0. 0. 0.
    0. 0. 0. 3.11855692e-005 8.13737162e-004 0. 0. 0. 3.67397233e-003
    3.79764097e-004 0. 0. 1.67534093e-003 0. 0. 2.12631840e-003
    1.17551931e-003 -4.26498911e-004 0. 1.19830528e-002 2.50699278e-003
    0. 7.45719625e-003 0. 6.63618848e-005 2.32795341e-004 0. 0.
    7.16182112e-004 0. 0. 0. 0. 0. 0. 2.80238898e-003 1.69375702e-003 0.
    0. 0. 0. 0. 0. 0. 0. 1.21623660e-002 0. 0. 0. 0. 9.45472100e-004
    -2.69796583e-003 0. 0. 2.74799153e-004 -7.29508174e-004 0. 0.
    2.60136975e-003 0. 1.36558316e-003 8.46817996e-003 0. 0.
    -3.15568713e-003 0. 0. 4.59213508e-004 0. 0. 0. -5.75257465e-004
    -6.85390769e-005 4.90102358e-003 1.46797369e-003 0. 0.
    9.10820160e-003 0. 3.30773322e-003 0. 0. 0. 4.60337615e-003 0.
    1.04716222e-003 8.86804308e-004 3.77300079e-003 0. 2.10986868e-003
    0. 0. -1.70499296e-003 0. 1.69567263e-003 0. 1.27917388e-003
    1.36922803e-002 0. 0. 2.63080955e-003 3.19963694e-003 0. 0. 0.
    7.96345808e-003 1.48922415e-003 -1.75125222e-003 0. 0. 0. 0. 0.
    3.87853757e-003 0. 0. 1.82565721e-003 0. 0. 8.42012174e-004 0.
    3.69669707e-003 0. 0. 1.16275670e-003 0. 1.86538987e-003 0. 0.
    -6.33267337e-004 0. 0. 2.07170844e-003 0. 9.64574341e-004
    1.67348550e-003 -1.12675370e-004 0. 0. 0. 4.62430855e-003
    1.72601687e-003 0. 2.42973515e-003 0. 5.24005201e-003 0.
    1.65860739e-003 0. 1.06210355e-002 2.04753992e-003 4.05613473e-003
    0. 1.80289149e-003 0. 0. -1.92377847e-004 0. -1.38987065e-003 0. 0.
    0. 0. -2.44470837e-004 3.83185898e-003 4.92165191e-003 0.
    -5.64526126e-005 0. 3.44122178e-003 0. 0. 1.61245582e-003 0. 0. 0.
    0. 0. 0. 1.14996417e-003 0. 0. 0. 7.27029424e-003 0. 6.81845518e-003
    1.97703950e-003 4.15187702e-003 0. 0. 5.33350417e-003 0.
    -1.80669292e-003 -1.42068413e-004 1.82293134e-003 0. 2.61310232e-003
    0. 0. -4.82570002e-004 0. 0. 0. 3.73915042e-004 -8.95568926e-004 0.
    0. 0. 0. 0. -4.43857134e-004 0. 0. 0. 1.08052893e-002
    3.52559052e-003 3.24606569e-003 8.66481010e-003 0. 1.56763871e-003
    0. 2.22451473e-003 0. -6.91764581e-004 0. 0. 0. 0. 1.50537631e-003
    0. 0. 4.70082881e-003 -5.16893961e-005 0. 1.59272447e-003
    1.73364626e-003 0. 0. 0. 0. 0. 3.68913432e-004 1.96562335e-003 0. 0.
    0. 1.34821376e-003 0. 0. 8.06443102e-004 0. -1.47237617e-004
    1.34457683e-003 0. 0. 0. 4.81235748e-003 0. 3.47184809e-003 0. 0. 0.
    0. 0. 0. 0. 1.86235609e-003 3.47817969e-003 0. 2.22018384e-003 0. 0.
    0. 0. 2.42411788e-003 0. 0. -2.07404839e-003 0. 5.55676036e-003
    -2.51669378e-004 0. 0. 0. 2.45274487e-003 0. 0. -6.16245787e-004 0.
    0. 0. 1.49582210e-003 0. 2.98395520e-003 1.15420995e-003
    1.41269877e-003 0. 0. 0. 6.27001980e-003 0. 0. 7.96175795e-004
    3.06630973e-003 0. 3.19623132e-003 0. 4.80365823e-004 0.
    4.70073614e-003 0. 1.92387064e-003 4.83421283e-003 4.64153616e-003
    0. 2.87581701e-003 0. 1.87627750e-003 0. 5.97392535e-003
    1.63315539e-003 0. 0. 0. 2.37101782e-003 1.66427973e-003
    2.02973862e-003 4.90782689e-003 4.84039495e-003 0. 0.
