<?xml version="1.0"?>
<opencv_storage>
<imageDescriptor type_id="opencv-matrix">
  <rows>1</rows>
  <cols>1000</cols>
  <dt>f</dt>
  <data>
    0. 7.49099767e-004 0. 2.11998797e-003 -3.20674706e-004 0.
    5.13914740e-004 -1.86156633e-003 0. 0. 0. 0. -2.65191571e-004 0. 0.
    1.86429615e-003 0. 0. 0. 0. 1.19977260e-004 8.57233186e-004 0. 0.
    1.02587068e-003 3.36941099e-004 5.59513038e-003 0. 0.
    5.59528312e-003 4.04915074e-003 -1.38913363e-003 1.27806922e-003 0.
    0. 2.62930966e-003 0. 1.21756736e-002 0. 0. -4.78588307e-004 0. 0.
    0. 3.80782806e-003 -2.86477007e-004 4.70158923e-003 0. 0.
    -5.21903043e-004 4.63301258e-004 0. 0. 0. 0. 2.47939071e-003 0.
    3.41302366e-003 0. 1.00853958e-003 0. 0. 8.16817745e-004
    1.22933590e-003 8.72232311e-004 0. 0. 0. 6.02766545e-003
    2.94117723e-003 0. 0. 5.03365009e-005 -6.43074687e-004 0.
    5.82256878e-004 0. 0. 0. 1.27527237e-004 1.04155764e-002 0.
    1.08939335e-002 0. 0. 0. 0. -3.63925635e-003 0. 0. 0.
    3.81439924e-003 1.84949418e-003 0. -8.98593164e-004 -1.92072522e-003
    -1.18328026e-003 0. 2.29863450e-003 0. 7.10957916e-003 0. 0.
    7.87376019e-004 0. -2.98642786e-004 0. 0. 1.18170574e-003 0.
    8.91413249e-004 3.56884539e-006 0. 0. 0. 2.37011249e-004
    3.38850339e-004 1.66369544e-003 0. 0. 2.84675789e-005 0. 0.
    -6.13319280e-004 -8.13905965e-004 0. 2.18858616e-003 0. 0. 0.
    2.48388760e-003 -5.62218076e-004 0. 2.03927024e-003 5.36855264e-003
    1.52730895e-003 0. 0. 1.97069021e-004 0. 0. 0. 2.49447254e-003 0. 0.
    9.52297263e-003 0. 0. 0. -1.63552962e-004 7.07607018e-004 0. 0. 0.
    0. 4.04714781e-004 0. 0. 0. 2.29453435e-003 0. 6.20116806e-003 0. 0.
    7.78419152e-003 8.92906159e-004 0. 5.15967095e-003 2.27089782e-004
    0. -4.66061028e-004 -4.29659296e-004 0. 0. 0. 8.36308021e-003
    3.77863459e-003 -1.76408642e-003 0. 3.80057318e-004 0.
    8.33331421e-003 1.05340285e-002 0. 0. 4.44245338e-003 0.
    1.45269674e-003 1.50685711e-003 0. 1.41116360e-003 0.
    1.01707422e-003 -1.22506265e-003 2.16136081e-003 0. 0.
    -1.02360419e-003 0. -3.23801069e-005 5.30753098e-003 5.98498993e-003
    1.45698478e-002 1.12443091e-003 0. 7.47177750e-003 0.
    -2.35745450e-004 -8.97595135e-004 0. 0. 5.25596610e-004 0.
    4.45872574e-004 2.28792592e-003 0. 0. 0. 2.80654966e-003
    1.84654014e-003 0. 6.25397661e-004 -8.25289520e-004 0.
    9.53936391e-003 0. 0. 4.94121062e-003 0. 1.24425953e-003 0.
    1.71035400e-003 0. 0. 3.86235001e-003 0. 6.62281970e-003
    8.90414696e-003 0. 6.70232461e-004 1.21100980e-003 0.
    5.11746295e-003 1.27252731e-002 6.03280496e-003 0. 0. 0.
    4.02296241e-003 5.45027945e-003 1.42165110e-003 0. 2.19314359e-003
    5.29903825e-003 0. 2.14580470e-003 0. -2.82790308e-004
    8.77060182e-003 0. 1.22196844e-003 0. 0. 0. 0. 0. 0. 0.
    1.77685102e-003 3.95453651e-004 0. 4.15150868e-003 0. 0. 0. 0.
    4.54625173e-004 3.54157924e-003 5.44890238e-004 6.33838863e-005 0.
    0. 9.36322659e-003 1.41861790e-003 0. 0. 2.35192548e-003
    1.72158005e-003 0. 0. 0. 0. 0. 0. 7.16284337e-003 6.87914342e-003
    2.99463427e-004 0. 5.24080498e-003 0. 2.68130749e-003 0. 0. 0.
    4.72595886e-004 0. 0. 0. 0. -2.92818644e-004 -4.15507500e-004
    5.55094564e-003 0. 5.08062402e-003 0. 0. 7.27837952e-003 0. 0. 0.
    -1.45078497e-003 1.32827705e-003 8.52238573e-003 0. -1.27491972e-003
    -1.71275315e-005 0. 3.47278750e-004 3.29041551e-003 0. 0. 0. 0. 0.
    0. 0. 0. 4.15084709e-004 6.76698750e-004 -4.03232523e-004 0.
    4.12621303e-003 0. 2.06553075e-003 0. 2.05515040e-004
    3.91933415e-003 4.83400701e-003 1.09934283e-003 3.79830552e-003 0.
    0. 7.31654884e-003 1.54629361e-003 -1.88207312e-003 0. 0. 0.
    -5.46358060e-004 0. 0. 1.67791080e-002 0. 0. 0. 8.41946434e-003 0.
    1.26904895e-004 0. 1.03376340e-003 0. 2.99218274e-003 0. 0.
    -6.89385401e-004 1.29284349e-003 -4.22853016e-004 1.65106577e-003 0.
    1.53651903e-003 0. 1.89963228e-003 0. 0. 0. 0. 0. 9.39197745e-003 0.
    0. 0. 0. 0. 9.18052741e-004 0. 0. 0. 0. 0. 0. 0. 0. 0.
    1.29978138e-003 1.37256247e-005 0. 0. 2.52785417e-003 0.
    3.25216353e-003 0. 7.41819211e-004 0. 0. 0. 0. 1.10742124e-003 0. 0.
    1.25880633e-003 6.44676620e-004 0. 0. 0. 0. 1.13212103e-002 0. 0. 0.
    5.94746598e-005 1.04633509e-003 8.15954758e-004 3.85623937e-003
    6.32472569e-004 0. 0. -1.84018078e-004 4.24985425e-004 0. 0.
    7.70378020e-003 0. 0. 0. 5.36522653e-004 0. 8.05848371e-003
    3.52280505e-004 9.45087522e-005 0. 0. 0. 0. -9.49242167e-005 0. 0.
    0. 1.56027579e-003 8.28855578e-003 2.44412874e-003 0. 0. 0.
    8.42713867e-004 0. 0. 0. 4.82332660e-003 0. 0. -2.02253903e-003 0.
    9.04416607e-004 8.80562060e-004 6.12324849e-003 0. 5.34738996e-004
    0. 0. 2.81157880e-003 0. 0. 1.22546346e-003 4.17142082e-003
    1.20083820e-002 0. 0. 6.51558675e-003 0. 0. 0. -1.44326536e-003
    6.38238946e-003 0. -3.29523231e-004 6.38680020e-003 7.58467754e-003
    0. 0. 0. 0. 7.36419903e-003 1.20071007e-003 0. 0. 3.33861192e-003
    -5.26770775e-004 -1.32743837e-004 0. 8.03239353e-004 0.
    4.46549058e-003 -8.37845029e-004 0. 0. 0. 1.75498403e-003 0.
    9.35469172e-004 0. 0. 0. 0. 3.56479152e-003 0. 9.51744092e-004
    1.39122712e-003 -1.08037703e-003 0. 1.79769890e-003 2.30012834e-003
    0. 7.26709282e-003 6.00944739e-004 -2.32668463e-004 0. 0.
    -1.06427819e-003 0. 2.56432965e-003 8.92431941e-003 1.05997641e-003
    0. 0. 0. 0. 0. 0. 6.58966135e-003 -8.81788219e-005 0.
    3.12536163e-003 1.27255765e-003 0. 0. -1.03564169e-004 0.
    4.62262891e-003 -7.36567308e-004 0. 0. 0. 0. 0. 0. 2.31554732e-003
    0. 0. 0. 0. 0. 1.36689888e-002 3.96925723e-003 0. 6.04375033e-004 0.
    8.42239882e-004 0. 0. 0. 0. 0. -1.52803957e-003 0. 0.
    -1.98564259e-003 0. 0. 0. -6.31590316e-004 0. 0. 0. 0. 0.
    2.42375792e-003 0. 0. 1.78233720e-003 0. 0. 1.39685138e-003
    2.28999765e-003 5.33915067e-004 0. 5.41216880e-003 0. 0. 0.
    1.08569313e-003 -3.55258264e-004 0. 0. 0. 0. 2.19879299e-003
    1.08200300e-003 2.22214163e-004 5.27695986e-003 2.58914288e-003
    -4.26012650e-003 2.32602215e-005 0. -6.92897709e-004 0. 0.
    -2.14481370e-005 4.99740429e-003 0. 0. 1.68928714e-003 0.
    -8.57317238e-004 3.08179809e-003 -3.97069671e-004 0. 2.38098134e-003
    0. 0. -1.47403916e-003 0. 1.33632543e-003 2.90328613e-003 0.
    7.95008731e-004 0. 0. 1.69357320e-003 3.48420785e-004
    3.99033027e-003 0. 0. 0. 2.88409460e-003 7.73423701e-004
    8.00705631e-004 1.60878826e-005 0. 7.69680692e-003 0.
    -4.90973936e-003 -6.50125614e-004 5.77529659e-003 0. 1.91451132e-003
    4.35515074e-003 0. 3.65428557e-003 0. 0. 0. 0. 0. 0. 0.
    -2.24801293e-003 6.15034718e-003 1.42069464e-003 2.85962061e-003 0.
    -2.21800944e-003 0. 1.32432114e-003 -4.45791811e-004 4.09956183e-003
    4.25863359e-003 0. -1.11284945e-003 0. 0. 3.70630180e-004 0.
    8.83803412e-004 0. 3.54587263e-003 0. 0. 0. 0. 0. 6.75959839e-003
    6.66504668e-004 0. 0. 0. 1.90831046e-003 -5.15856431e-004
    2.82005593e-003 -5.02093608e-005 -2.47314747e-004 -5.34821826e-004
    0. 0. 5.59641456e-004 5.90781262e-003 0. 0. 3.35728377e-003 0. 0. 0.
    0. 1.38837262e-003 1.85463158e-003 1.68456184e-003 0. 0. 0. 0.
    4.75707464e-004 0. 6.53532683e-004 5.49542194e-004 0.
    -7.23803649e-004 0. 0. -6.47656212e-004 1.05697559e-002
    -3.81960068e-004 0. 0. 1.46352802e-003 4.48171794e-003 0. 0.
    3.98924341e-004 4.78472328e-003 3.18266917e-003 1.29310496e-003 0.
    0. 0. -1.19666103e-003 0. 0. 0. 0. 0. 0. 6.96090632e-004
    2.21770315e-004 0. 1.33753312e-003 9.15849395e-003 0.
    7.91451242e-003 0. 2.29078019e-003 0. 0. 7.95961637e-003 0. 0. 0.
    -3.97409429e-004 1.01556501e-003 0. 6.78531779e-003 0. 0.
    -3.83380800e-004 -7.92298582e-004 0. 0. 2.57571158e-003
    6.48812717e-003 -9.25680215e-004 9.72304959e-004 1.55328028e-003 0.
    -4.79281502e-004 1.06740547e-002 4.16157208e-003 0. 4.55660309e-004
    0. 0. 0. 0. 4.77091456e-003 1.33558258e-003 0. 0. 0. 2.35330372e-004
    0. 3.45959142e-003 -4.60885174e-004 0. 0. 0. 1.06149763e-002
