<?xml version="1.0"?>
<opencv_storage>
<imageDescriptor type_id="opencv-matrix">
  <rows>1</rows>
  <cols>1000</cols>
  <dt>f</dt>
  <data>
    0. 7.91920163e-003 0. 0. 1.03161030e-003 0. 0. 0. 0. 2.68799020e-004
    7.64294108e-003 0. 1.54149660e-003 0. 0. 0. -4.53433342e-004 0. 0.
    1.15576584e-003 4.43061488e-003 0. 0. 2.23218044e-003 0. 0. 0.
    3.80129949e-003 1.49684711e-004 0. 0. -6.01856504e-004
    -5.06426150e-005 0. 8.35018946e-005 0. 3.11354967e-003 0.
    1.27429725e-003 5.22570394e-004 5.38911996e-003 1.64897181e-004 0.
    0. 0. 0. 8.91980744e-005 0. 2.93275551e-003 1.51597895e-003 0.
    6.80238300e-004 0. 0. 0. 0. 2.65616295e-003 0. 0. 0. 0.
    2.53725029e-003 6.47260982e-004 1.92499883e-003 0. 0. 0. 0. 0.
    -2.97439029e-003 -1.85973433e-004 0. 6.88571902e-003 2.01210473e-003
    0. 0. -5.18269546e-004 0. 7.50839710e-004 1.73029816e-003 0.
    -5.23704686e-004 0. -5.65213326e-004 6.35089725e-003 3.50025645e-003
    0. 5.61348534e-005 0. 0. 0. 0. 4.53606807e-003 0. 8.77738465e-004
    2.24971375e-003 3.78597388e-003 0. 0. 1.84971478e-003
    8.05668812e-003 8.55893176e-003 2.43001647e-004 0. 0.
    7.59160961e-004 4.14790725e-003 7.51717156e-003 0. 0.
    3.22008296e-003 0. 0. 0. 0. 4.68233787e-003 5.58431027e-003
    4.62604174e-003 7.18306284e-004 0. -3.27236671e-003 6.35230099e-004
    0. -3.46449553e-004 0. 2.34349398e-003 0. 0. 0. 0. 0. 0. 0.
    1.32212311e-003 1.60853588e-003 0. -5.48346376e-004 -1.64140179e-003
    7.23379664e-004 0. 4.21501044e-003 0. 0. 2.01246166e-003
    8.09666410e-004 5.42683469e-004 6.21744292e-003 1.37860538e-004 0.
    1.50271028e-003 -9.42352344e-005 1.95011916e-003 1.84170276e-004 0.
    0. 0. -1.04825059e-003 1.55407563e-003 0. 0. 0. 8.34947976e-004 0.
    1.56135811e-003 0. 0. 0. 0. 3.94966308e-004 5.94039587e-003
    3.17079271e-003 2.12747417e-003 0. -1.50057429e-004 0. 0. 0. 0.
    1.08776242e-003 0. 0. 5.56543702e-004 0. 3.58184939e-003
    5.45477727e-003 0. 1.17715984e-003 -1.65032793e-003 5.56534575e-003
    3.37733480e-004 0. 0. 2.12116074e-003 -1.88612600e-003
    6.84101193e-004 0. 4.85701114e-003 0. -3.45817942e-004 0. 0.
    2.56033381e-004 0. 0. 0. 0. -1.61548436e-003 0. 0. 4.18423861e-003
    0. 0. -9.52198869e-004 3.70630948e-003 0. 0. -8.49296266e-005 0. 0.
    6.76333299e-003 -3.04684421e-004 1.17352977e-003 4.97306511e-003
    6.44142390e-004 0. 0. 3.17357178e-003 1.63402013e-003
    1.52665330e-003 2.17380453e-004 1.46480044e-003 4.17878898e-003
    6.40800968e-003 0. 0. 1.20102544e-003 1.69884134e-003
    1.41582952e-003 0. 0. -1.70893807e-004 5.64557733e-004 0. 0.
    2.66790506e-003 0. 3.82422912e-003 0. 4.39713476e-004 0. 0.
    8.49041564e-004 0. 1.35117245e-003 0. 0. 7.09264167e-003
    6.78228855e-004 2.76252325e-003 1.20736123e-003 0. 0.
    1.97592657e-003 0. 8.46640498e-004 0. 0. 4.97154484e-004
    2.91662756e-003 1.54229684e-003 0. 0. 0. 7.18317833e-003 0. 0. 0. 0.
    0. 0. -2.72135413e-003 5.31326688e-004 0. 0. 4.69314167e-003 0. 0.
    0. -1.98062771e-004 2.24200496e-003 0. 0. 0. 2.78383354e-003 0. 0.
    4.10759635e-003 0. 0. -1.48414494e-003 0. 0. 6.05993019e-003
    6.06803549e-003 2.38638115e-003 0. 5.12365345e-003 4.91331378e-003
    0. 2.61138426e-004 0. 4.99414804e-004 0. 0. 0. 0. 1.36157218e-003
    4.69987979e-003 0. 2.43541086e-003 0. -1.99418608e-003 0.
    1.61522417e-003 0. 0. 0. 2.17249454e-003 2.37763417e-003
    3.42097552e-003 6.99227152e-004 0. 0. 2.77523743e-003 0. 0. 0.
    2.08240002e-003 1.10513309e-003 6.14709593e-003 -4.50326101e-004 0.
    9.14976408e-005 0. 8.71444494e-003 0. 5.23901219e-003
    2.29081232e-003 0. 5.30808989e-004 6.09422568e-004 2.72188132e-004
    4.15330811e-004 2.06538383e-003 0. 0. 1.14165107e-003
    9.91896959e-004 0. 0. 9.30244382e-003 0. 1.09713851e-003 0. 0. 0. 0.
    0. 8.62910412e-003 0. 0. 3.65932705e-003 0. 0. 0. 0. 1.86028040e-003
    0. 0. 0. 0. 0. 4.07470344e-003 0. 0. 0. 4.09227889e-003
    3.30234179e-003 0. 0. 7.73131615e-004 2.04305071e-003 0.
    -1.27234764e-003 0. 0. 0. 4.61644214e-003 0. 0. 1.86220332e-005 0.
    0. 6.79004006e-003 3.34578869e-003 1.95266737e-003 1.20078132e-003
    1.40184211e-003 0. 9.16753546e-004 4.84361965e-003 1.42684288e-003
    0. 0. 8.09939392e-003 3.81313288e-003 0. 0. 0. 0. 0. 2.52988981e-003
    2.37720626e-004 0. 1.13189621e-002 -2.40879972e-003 0.
    3.85725318e-004 0. 0. 0. 0. 0. 8.59998353e-003 4.77166427e-003 0. 0.
    -2.04248518e-005 0. 0. 0. 4.67740372e-003 5.95327653e-003
    1.91762927e-003 0. 0. 0. 4.44326689e-003 0. 0. 4.91557317e-003 0.
    6.09277689e-004 0. 0. 0. 6.86951308e-003 1.55175175e-003
    1.31110079e-003 0. 0. 2.83416733e-003 0. -2.09646954e-004 0.
    3.36702855e-004 0. 0. 0. 5.30800899e-004 0. 0. 0. 4.47187060e-003 0.
    0. 0. 0. 0. 0. 0. 0. 0. 0. 0. 2.31654383e-003 0. 0. 0. 0. 0.
    4.46880050e-003 0. 0. 0. 0. 0. 4.84292209e-003 1.27162132e-003
    9.76044452e-004 0. 1.78768416e-003 0. 2.42612814e-003 0. 0. 0. 0.
    2.48158933e-003 0. 8.25869944e-003 0. 4.10860550e-004 0.
    4.48693801e-003 1.10381190e-003 0. 0. 0. 0. 0. -5.12980449e-004
    1.57288404e-003 0. 7.47735566e-003 0. 6.48288114e-004 0.
    6.35822769e-003 5.86521253e-003 0. 1.55225222e-003 0. 0.
    -3.71923757e-004 4.35512979e-003 0. 0. 1.03104180e-002
    7.94540811e-003 0. 0. 2.28014402e-003 6.11126563e-003 0. 0. 0. 0. 0.
    0. 0. 0. 5.02499146e-003 0. 0. 3.12326616e-003 9.62939288e-004
    2.15759012e-003 4.40611364e-003 6.20478159e-003 1.08220484e-004
    2.05550473e-002 2.07244139e-003 0. 3.71869630e-003 0.
    5.06570283e-003 1.97586414e-004 0. -8.16577347e-004 2.32619932e-004
    9.07648914e-003 2.16294825e-003 1.35124545e-003 5.74174337e-003 0.
    0. 2.53253733e-003 0. 0. 1.72346365e-003 0. 0. 2.47143372e-003 0. 0.
    -1.88127247e-004 0. -3.17723025e-003 -9.18551057e-004
    4.45447768e-006 0. 3.77340754e-003 0. 4.66269907e-003
    1.24640332e-003 0. 1.28528231e-003 0. 5.22115501e-003
    5.32916887e-003 9.86873638e-003 5.12938388e-003 1.59109645e-002
    9.17548500e-003 0. 0. 4.89677163e-003 9.75629897e-004 0.
    -1.18326012e-003 4.97554475e-003 0. 2.41783075e-003 0. 0. 0.
    8.74971971e-004 0. 1.17592153e-003 0. 2.24566995e-003
    1.85389689e-003 0. 0. 0. 0. 1.77415658e-003 0. 0. 0. 0.
    4.69595147e-003 1.22046995e-003 4.58611501e-003 2.12119287e-003 0.
    4.02471545e-004 0. 0. 0. 0. 0. 7.38902716e-004 0. 7.29161664e-004
    1.32034568e-003 0. 1.30007707e-003 1.05347380e-003 0. 0.
    1.11184444e-003 3.13465414e-003 0. 0. 0. 0. 0. 0. 1.14385108e-003 0.
    0. 0. 0. 0. 1.24071387e-003 0. 4.00638068e-003 0. 0. 0. 0.
    5.20785199e-003 3.49380396e-004 0. 0. 6.07945304e-003
    1.39159290e-003 0. 0. 0. -2.32110894e-003 0. 2.37984536e-003 0.
    2.76585179e-003 0. 4.61765472e-003 5.38054248e-003 0.
    1.67004683e-003 -2.31949511e-004 0. 4.94536711e-004 4.89656674e-003
    0. 0. 3.42451909e-004 0. 0. 0. 6.57897384e-004 2.27435702e-003
    1.11971772e-003 0. 0. 1.81651290e-003 0. 0. 7.57181351e-006
    5.95737202e-003 0. 0. -9.36625409e-004 9.48677771e-004 0. 0. 0.
    1.17106494e-002 4.76983981e-003 0. 1.12172647e-003 6.01731753e-003
    1.85927527e-003 0. -6.25599874e-004 -1.56564766e-003 0.
    1.16592033e-004 3.16202204e-004 0. 1.90829125e-003 0.
    1.50638528e-003 8.51526204e-003 6.05320884e-003 2.85728183e-003 0.
    -1.89663935e-003 0. 0. 1.35239563e-003 0. 0. 0. 0. 0.
    1.87353510e-003 2.39362125e-003 0. 0. 2.72389245e-003 0.
    3.59446567e-004 0. -2.31605431e-004 1.29359933e-002 7.00485893e-003
    0. -8.43815040e-004 2.01038527e-003 1.37973938e-003 0.
    1.48677977e-003 3.38757527e-003 -4.75919776e-004 0. 5.79163246e-003
    0. 3.39603657e-003 0. 5.89928881e-004 0. 0. 0. 0. 1.80309964e-003 0.
    0. 0. 0. 1.83658069e-003 0. 0. 2.13506422e-003 0. 0. 0.
    6.72071008e-004 0. 7.56627531e-004 2.48172926e-003 0. 0. 0.
    4.12502140e-003 0. 0. 0. 0. 1.04563707e-003 0. 0. 8.09233170e-004 0.
    2.12274049e-003 0. 0. -6.76629366e-004 0. -4.21936158e-003 0. 0. 0.
    0. 0. 0. 0. 0. 0. 0. 0. 0. 7.13754736e-004 0. -5.04082302e-004 0. 0.
