<?xml version="1.0"?>
<opencv_storage>
<imageDescriptor type_id="opencv-matrix">
  <rows>1</rows>
  <cols>1000</cols>
  <dt>f</dt>
  <data>
    0. 0. 0. 9.50790243e-004 3.06937640e-004 4.04757587e-003 0.
    5.23149455e-003 -6.08932925e-004 -1.32472476e-003 1.32918719e-003 0.
    4.21043066e-003 3.11827374e-004 0. 0. 0. 0. 1.83196226e-003
    6.34139811e-004 1.75087538e-003 8.28296784e-003 0. 0. 0. 0.
    2.57862476e-003 0. -1.09512219e-003 2.15668092e-003 0.
    2.42493558e-003 -8.63498499e-005 0. 2.05322681e-003 -3.01741413e-004
    -4.16195905e-003 0. 9.72791109e-004 -1.23832887e-003 1.05856089e-002
    -1.65668468e-003 0. 0. 0. 1.75299321e-003 9.15075419e-004 0.
    2.42355410e-002 4.30893066e-004 0. 0. 0. 0. 0. -7.99460322e-005 0.
    0. 1.97288138e-003 2.96865380e-003 9.89686116e-004 4.63976711e-003
    5.67949377e-003 6.81501627e-003 3.72806704e-003 7.52007472e-004
    2.24415259e-003 0. 0. 0. 0. -4.31934575e-004 0. 0. 0.
    1.56467862e-003 0. 0. 0. 1.15287350e-002 0. 4.09776159e-003 0.
    3.26673035e-003 0. 8.34311731e-003 0. -1.56006121e-004
    8.38039629e-003 0. 0. 0. 5.82879118e-004 0. 0. 7.69826947e-005 0.
    2.38166866e-003 0. 7.44866440e-003 0. 0. 0. 0. 0. 1.75191171e-003 0.
    5.15342690e-004 2.56615947e-003 0. -1.40331173e-003 0. 0.
    2.15891516e-003 3.77412327e-003 8.78302963e-004 0. 0.
    -1.10218977e-003 0. 1.34321246e-002 0. 1.70348142e-003
    1.96484686e-003 9.13254335e-004 0. 0. 0. -1.53422559e-004 0. 0. 0.
    0. 0. -2.90642260e-003 0. 3.15751066e-003 0. 0. 0. 1.09662837e-003
    2.18468881e-003 0. 4.11682209e-004 6.92766509e-004 0.
    2.64182780e-003 1.03513931e-003 3.90902022e-003 8.45412724e-004
    2.83925299e-004 -6.19370781e-004 -6.11266762e-004 9.98852542e-004
    7.08758598e-003 1.17923063e-003 -1.63167762e-003 0. 0. 0.
    1.23111401e-002 0. 9.13393684e-003 4.55746800e-003 0.
    -2.09192032e-004 0. 0. 0. 1.27116181e-002 0. 8.76110804e-004
    7.27064302e-003 1.16718479e-003 1.55811862e-003 0. 0.
    4.37227217e-003 4.01290227e-003 0. 0. 2.51507969e-003 0.
    2.72254180e-003 0. 0. 4.64413986e-002 1.17895827e-002
    1.87835004e-003 0. 0. 0. 0. 0. -5.60556422e-004 0. 0. 0. 0.
    6.11788779e-003 3.66581581e-003 2.93330033e-003 0. 0. 0.
    3.27625801e-003 0. 1.50797691e-003 2.10814513e-004 0.
    3.54158063e-003 0. 9.28149000e-003 1.17965078e-003 0.
    1.47567899e-003 0. -9.39860358e-004 0. 2.44884632e-006
    1.36537279e-003 0. 0. 0. 0. 0. -6.85589388e-004 0. 4.29519947e-004
    -3.09249433e-003 0. 0. 4.36088163e-003 0. -1.33401004e-003
    1.30221539e-003 3.30844964e-003 0. 0. 0. 0. 0. 0. 4.41137655e-003
    1.32163451e-003 2.15740665e-003 1.17332104e-003 5.27505670e-003 0.
    5.50951634e-004 1.43036759e-003 0. 0. 0. 0. 8.97310267e-004
    2.21229065e-003 4.05762785e-006 0. 4.69854660e-003 0. 0. 0.
    2.76982377e-004 0. 1.67662883e-003 0. 0. 2.55352381e-004
    5.89665084e-004 0. 1.87393103e-003 0. 4.47334169e-004 0.
    3.64814862e-003 0. 0. 0. 5.37784363e-004 0. 0. 0. 8.69517773e-003
    1.98942798e-004 5.53927105e-003 8.98327038e-004 3.89326306e-004
    -3.92195216e-004 -6.58202684e-004 0. -9.69394896e-005 0. 0. 0. 0.
    1.77636778e-003 0. 0. 0. -7.29567953e-004 0. 0. 0. 7.00092874e-003
    0. 1.65877433e-003 0. 0. 0. 0. 0. 1.74450444e-003 1.35867565e-003 0.
    0. 0. 5.93830552e-003 1.87000097e-003 0. 0. 0. 0. 0. 0. 0. 0.
    5.02344640e-003 0. 6.49903622e-003 0. 0. 2.45150086e-003
    3.60730541e-004 5.19314827e-003 -1.01729343e-003 0. -8.73693032e-004
    6.07548095e-003 1.83195190e-003 0. 1.94158743e-003 4.16282052e-003
    0. 0. 9.14300792e-004 0. 6.31905999e-003 0. 2.66482646e-004 0.
    1.84104941e-003 0. 0. 1.25523162e-004 0. 0. 0. 0. 1.27284112e-003
    4.19573131e-004 0. 0. 7.17399362e-003 0. 0. 0. 0. 1.25334989e-002
    2.97849718e-003 0. -2.00692774e-003 -2.03305593e-004 1.45667337e-003
    0. 2.13552237e-004 0. 0. 7.07184896e-003 0. -4.09607019e-004 0. 0.
    0. 0. 0. 0. 0. 0. 0. 6.90642337e-004 0. 0. -1.25610642e-003 0.
    4.09539498e-004 0. 0. 0. 0. 0. 0. 0. 0. 0. 0. 0. 0. 0.
    5.50230849e-004 6.55397167e-003 9.73941851e-003 1.33068417e-003 0.
    4.96778311e-003 0. 0. 0. 0. 0. 0. 2.98202876e-003 -1.74206525e-006
    0. 1.18411577e-003 -4.39099176e-003 1.26659987e-003 6.59644138e-004
    0. 0. 0. 0. 0. 3.07420921e-003 5.16215432e-003 0. 7.49284867e-004 0.
    0. 0. 8.06508120e-003 3.31591326e-003 0. 1.22016435e-003 0. 0.
    1.34768039e-002 0. 0. 0. 0. 0. 0. 4.77671344e-003 0. 0.
    4.01898636e-004 2.18123943e-003 0. 2.95175170e-003 0. 0.
    6.97619806e-004 0. 1.06452510e-003 0. 0. 8.55616294e-004
    4.26179729e-003 1.01314846e-003 -2.42177467e-003 -5.33260209e-005
    1.42872019e-003 1.39147206e-003 0. 0. 0. 0. 1.17260090e-003 0. 0. 0.
    0. 0. 2.04169122e-003 0. 0. 0. -3.45461653e-004 0. 0.
    3.75693984e-004 1.41532044e-003 0. 0. 0. 0. 0. 0. 0. 1.60026224e-003
    0. 0. 0. 0. 0. 3.74074240e-004 0. 1.92739516e-002 0. 9.50679474e-004
    6.22571271e-004 4.64181323e-003 0. -6.86263316e-004 0. 0. 0.
    4.15862165e-003 0. 2.51677213e-003 0. 7.11827248e-004 0. 0. 0. 0.
    -7.38144852e-004 0. 0. 0. 0. 0. 0. 1.13764592e-003 2.80151784e-004
    0. 2.52183364e-003 0. 9.19232145e-003 0. 0. 0. 0. 0. 0. 0. 0.
    3.15163750e-003 7.33465655e-003 0. 0. 0. 1.08510919e-003
    4.49699629e-003 0. 3.62980703e-004 2.34395894e-003 0.
    4.02076403e-004 -3.80787882e-004 9.81957186e-003 1.69587717e-003 0.
    1.58958661e-003 0. 0. -1.03124522e-003 1.59098022e-003 0.
    2.47085816e-004 0. 0. -8.62910587e-004 8.51207599e-003
    1.94394263e-003 1.58112554e-003 -5.06051525e-004 0. 0. 0. 0. 0. 0.
    3.26603884e-003 7.21609977e-004 -4.08741471e-005 0. -7.61461270e-004
    2.97646876e-003 5.01336670e-003 0. 1.66585483e-003 0.
    7.33863935e-003 0. 5.84760099e-004 1.33821252e-003 0. 0. 0. 0.
    5.07623609e-003 0. 0. 0. 0. 0. 6.08295342e-003 1.00015663e-003
    4.28311154e-003 -1.05240417e-003 0. 2.03106622e-003 0.
    1.20128202e-003 4.31765616e-003 -3.53500759e-003 0. 1.80201198e-003
    6.32963702e-003 0. 7.90185120e-004 0. 0. 8.05789663e-004 0. 0. 0. 0.
    0. 0. 0. -1.14336563e-003 0. 0. 1.13396940e-003 2.28257291e-003
    2.44678417e-003 0. 0. 0. 0. 0. 0. 1.71566126e-003 2.97398679e-003 0.
    0. 0. 2.91981472e-004 8.79061001e-004 0. 0. 0. 4.84914373e-004 0.
    4.35701665e-003 -1.20462244e-003 0. -6.54865697e-004 0.
    3.35261691e-003 0. 0. 0. 0. 1.54796476e-003 0. 6.15197932e-004 0. 0.
    0. 8.60761967e-004 -1.54002593e-003 0. 0. 0. 0. 0. 2.17406545e-003
    0. 4.29301348e-004 0. 1.52944948e-003 9.17957455e-004 0. 0.
    2.92233162e-004 9.24654538e-004 0. 2.21151672e-003 -4.97243134e-004
    0. 4.70243278e-004 1.48638524e-002 0. 0. 6.10509771e-004 0.
    3.33917374e-003 0. 0. 4.86734463e-003 0. 0. 0. -4.13340377e-003
    -1.67498353e-003 0. 1.25261666e-002 1.91369269e-003 -3.84194398e-004
    -8.66129820e-004 0. 0. 0. -2.56169145e-003 1.64361224e-002
    2.33165664e-003 0. 0. 0. 0. 0. 3.12785181e-004 0. 9.01314852e-005 0.
    3.83537496e-003 0. 0. 0. 0. -1.05446507e-003 1.10292656e-003
    7.35220965e-004 2.07373087e-004 1.03441486e-003 0. 6.71196450e-003
    0. 0. 0. 1.30876870e-004 -9.70104476e-004 0. 0. 1.07393274e-003
    5.19173592e-003 0. 0. 0. 0. 0. 3.11139412e-003 0. 3.30807641e-003 0.
    6.40491769e-003 0. 0. -8.89767951e-004 0. 1.00423326e-003
    2.74390378e-003 0. 0. 0. 7.46550597e-003 0. 0. 6.42513682e-004
    -2.54226453e-003 0. 0. 0. 0. 0. 0. 0. 0. 0. 0. 7.46020378e-005
    5.20964386e-003 0. 0. 0. 0. 0. 3.12942639e-003 2.30553793e-003
    1.66584132e-003 3.00893537e-003 2.40642088e-003 0. 0.
    2.28054519e-003 0. 0. 0. 0. 1.67655759e-003 0. 0. -1.24547165e-004
    0. 0. 0. 1.68903172e-003 0. -3.28764494e-004 0. 0. 1.68841891e-003
    0. 0. 2.59284908e-003 0. 0. -9.21358820e-004 0. 1.67219657e-002 0.
    0. 1.46522990e-003 0. 0. 0. 2.40113982e-003 0. 0. -6.04363813e-005
    1.67782870e-004 8.87550006e-004 0. 0. 0. 0. -1.15522358e-003 0.
    3.09477141e-003 3.46613349e-003 0. 0. 0. 0. 1.42926537e-003 0. 0.
