<?xml version="1.0"?>
<opencv_storage>
<imageDescriptor type_id="opencv-matrix">
  <rows>1</rows>
  <cols>1000</cols>
  <dt>f</dt>
  <data>
    0. 5.20126289e-003 0. 0. 2.84451828e-003 5.20007103e-004
    3.50016542e-003 0. 0. 0. 0. 0. 1.70474558e-003 0. 1.69098482e-003
    2.60581053e-003 0. 2.59722304e-003 0. 0. 0. 1.28010684e-003 0. 0. 0.
    0. 0. 0. 1.50301040e-003 0. 0. 0. 2.99688382e-003 0. 0.
    -2.99077691e-003 0. 0. 0. 2.00797711e-003 0. 1.98830129e-003 0.
    7.93442596e-005 0. 0. 0. 7.15878559e-003 0. 0. 0. 0. 0. 0. 0.
    1.78629579e-003 0. 7.45868450e-003 0. 0. 0. 0. 2.30420008e-003 0. 0.
    0. 0. 0. 4.85326909e-003 8.64545989e-004 1.15464174e-003 0.
    1.95760542e-004 0. 0. 3.86871910e-003 0. 0. 0. 2.26804893e-002 0.
    6.91089779e-004 4.18790383e-003 -4.35094902e-004 0. 7.17916898e-003
    0. 2.48749997e-003 -7.27763749e-004 0. 0. -1.15112658e-003
    1.55885849e-004 0. 1.85263506e-003 0. 0. 6.25720480e-003 0.
    1.00935122e-003 6.13506927e-005 0. 0. 0. 0. -1.01464531e-004
    4.88078687e-004 2.61225849e-002 2.09504832e-003 0. 0.
    -8.05782853e-004 3.65349767e-003 0. 2.21014605e-003 1.96457421e-003
    0. 0. 6.92835683e-003 0. 0. 0. 0. -2.76832085e-004 2.93330243e-003
    0. 0. 0. 3.62018036e-004 3.23500577e-003 0. -8.16577580e-004
    1.86824624e-003 0. 3.63154500e-003 -1.66759442e-003 7.46796257e-004
    0. 0. 0. 0. 0. 0. -3.24984809e-004 5.74118865e-004 0.
    7.98496592e-004 0. 0. 1.85760509e-004 0. 0. 2.28018407e-003 0. 0.
    3.63142113e-003 -6.72375900e-005 0. 0. 0. 0. 5.53604495e-003 0.
    -1.86260359e-003 0. 1.52512989e-003 0. 0. 0. 0. 5.48362965e-003 0.
    0. 0. 0. 0. 0. 3.33413272e-003 0. 1.40512432e-003 0. 8.18338059e-003
    1.49725296e-003 0. 5.16288308e-003 7.33766425e-003 0.
    -1.79017975e-003 0. 4.39686375e-003 0. 1.35025103e-003 0. 0. 0. 0.
    0. 3.02359724e-004 -1.86931520e-005 0. 1.17445393e-002 0. 0. 0. 0.
    0. 1.08066096e-003 0. 0. 0. -1.68877409e-003 0. 0. -3.12748016e-003
    0. 0. 0. 0. 1.51592807e-003 7.06525287e-003 1.90981291e-003
    -1.18919951e-003 0. 1.37159353e-004 0. 0. 1.69052090e-003 0. 0.
    -1.38067710e-003 0. 0. 3.41351749e-003 0. 0. 6.60685683e-003 0. 0.
    0. 0. 0. 0. 0. 0. 1.05141960e-002 9.62662883e-003 0. 8.83961096e-003
    0. 1.01420637e-002 1.39608525e-003 0. 0. 0. 2.58890656e-003 0.
    1.63972087e-003 -1.64706784e-003 0. -1.00940268e-003 3.91537236e-004
    0. 0. 6.05072314e-003 0. 0. 0. 0. 0. 0. 0. 0. 0. 0. 0.
    1.54482992e-003 0. 0. 2.75342655e-003 7.78240850e-004
    9.06159729e-003 -7.78702146e-004 0. 0. 0. 0. 2.72488650e-002 0. 0.
    1.17249577e-003 0. 0. 0. 0. 0. 0. 6.40164083e-003 0. 0. 0. 0. 0. 0.
    2.50880606e-003 0. 0. 0. 0. 1.28608034e-003 0. 0. 0. 2.67245434e-003
    3.73422838e-004 2.91422196e-003 -2.85956176e-005 4.95454390e-003
    1.43133895e-002 0. 0. 0. 0. 0. 0. 0. 0. 0. 0. 1.54774127e-004
    1.02587715e-002 4.99584712e-003 -8.85233574e-004 0. 0. 0. 0. 0. 0.
    0. -4.26346582e-004 1.13409536e-003 0. 1.37366541e-002 0. 0.
    5.29577839e-004 4.80728078e-004 0. 0. 2.08086451e-004 0. 0. 0.
    2.66495929e-003 0. 0. 0. 0. 0. 0. 3.98058072e-003 6.46631001e-004
    1.98650570e-003 0. 4.56195651e-003 0. 0. 0. 0. 0. 0.
    -1.16373552e-003 2.17821053e-003 0. 6.43243873e-003 0.
    7.86681485e-004 0. 0. 0. 0. 0. 8.06075241e-003 0. 0. 4.01023170e-003
    1.03081856e-003 1.24949822e-003 0. 0. 2.70518311e-003 0.
    9.33013042e-004 7.92647991e-003 0. 8.59937351e-003 0.
    -2.10991432e-003 0. 0. 0. 0. 0. 5.62333176e-003 0. 0. 0. 0. 0. 0. 0.
    0. 1.50539656e-003 0. 2.10917395e-004 -2.28983190e-004 0.
    2.28993851e-003 0. 0. 0. 2.01201619e-004 1.55520090e-003 0. 0.
    3.40978382e-003 1.68660469e-003 0. 2.56946714e-005 0.
    2.35167425e-003 0. 0. 3.27630108e-003 0. 0. 0. 1.24302460e-003
    3.00996355e-003 0. 8.40784889e-003 1.74459827e-003 9.07811569e-004
    3.35834781e-003 0. 0. 0. 0. 0. 0. 0. 4.72175097e-003 0.
    5.08521823e-003 0. 0. 0. 0. 3.36629921e-003 0. 8.17215443e-003 0. 0.
    1.64355244e-003 0. 0. 0. 0. 0. 0. 1.52471417e-003 0. 1.09932749e-002
    0. 9.24900081e-003 -4.20875940e-003 6.60964288e-003 0.
    1.94299471e-004 0. 0. 0. 3.28852236e-003 0. 0. -1.03179109e-003 0.
    0. 0. 1.12836075e-003 0. 8.76787119e-003 0. 0. 0. 0. 1.35007943e-003
    0. 1.47822918e-003 5.72483661e-003 0. 0. 0. -6.56850822e-003 0. 0.
    0. 0. -2.70194985e-004 0. -4.16473346e-003 0. 0. -1.45525730e-003 0.
    0. 1.59143622e-003 0. 4.24968684e-003 0. 0. 0. -8.19176261e-004 0.
    6.74249663e-004 0. 0. 0. 1.36250770e-003 0. 7.44979316e-003
    -1.13263295e-003 0. 0. -6.75972551e-004 1.77218055e-003 0.
    2.11102539e-004 0. 0. 0. 0. -1.21062447e-003 3.27426172e-003
    1.87510694e-003 0. 0. 0. 2.93960213e-003 2.92189419e-003 0. 0. 0. 0.
    0. 0. 8.11350357e-004 1.44576374e-003 0. 6.93904096e-003
    1.03161633e-002 4.94896714e-003 1.23602552e-002 0. 3.28189484e-003
    0. 0. 0. 0. 0. 0. 2.34130467e-003 0. 0. 0. 3.19419010e-003 0.
    7.41962751e-004 -1.08532526e-003 0. 0. 0. 0. 0. 0. 0.
    4.02550446e-003 0. -2.50961771e-003 0. 0. 0. -1.35368062e-003 0.
    -1.40139682e-003 0. 0. 0. 1.74708475e-004 1.61536806e-003 0. 0. 0.
    0. -3.87831824e-003 0. -2.80379492e-004 0. 0. 0. -3.84624978e-003
    -1.98682930e-004 0. 0. 1.95310696e-003 0. 5.11402264e-003
    -3.08172824e-003 0. 0. 0. 2.92492681e-003 0. 0. 9.45228152e-004
    2.45140120e-003 0. 4.26194072e-003 2.71345861e-003 0. 0. 0. 0.
    6.47825375e-003 0. 0. 0. 3.80000821e-003 0. 0. 0. 0. 1.30476970e-002
    7.51275895e-003 0. -3.88480548e-004 9.58214805e-004 0.
    3.42734670e-003 0. 5.43314638e-003 0. 1.19936303e-003 0.
    1.22197969e-002 6.35091157e-004 0. 0. 0. -1.55195419e-003
    1.85141794e-003 0. 0. 0. 0. 0. 0. 0. 0. 0. 0. 0. 0. 0.
    2.14346917e-003 0. 7.34800287e-003 0. 0. 6.08307729e-003
    7.09686836e-004 0. 4.22234274e-003 0. 0. 0. 1.59643274e-002 0.
    6.13459107e-003 -2.50159646e-003 0. 0. -7.66923244e-004 0.
    2.63928057e-004 0. 1.47328316e-003 -4.64816927e-004 -1.40146026e-003
    0. 0. 0. -3.03888257e-004 0. 0. 0. 1.51561893e-004 0. 0. 0. 0. 0. 0.
    0. 5.93192584e-004 0. 0. 0. -6.54307485e-004 0. 0. 0. 0.
    1.09403662e-003 0. 0. 0. 8.86797090e-004 5.72136836e-003 0. 0.
    -2.43990147e-003 0. 0. -8.04862357e-004 -1.11154921e-003
    4.79606912e-003 1.18059767e-002 8.67809460e-004 1.73817622e-003
    5.70710283e-003 7.47781596e-004 1.59647409e-003 0. 0. 0. 0. 0.
    1.15353316e-002 8.80671665e-004 0. 0. 5.13448939e-003 0.
    2.04644352e-003 0. -4.56855778e-004 0. 0. 0. 0. 1.24114356e-003 0.
    0. 0. 1.99224218e-003 6.47673290e-003 0. 0. 0. 0. 0. 0.
    2.07690708e-003 0. 0. 0. -1.60155978e-004 2.96972529e-003
    6.00141101e-003 0. 0. 1.74332282e-003 0. 0. 1.15554840e-005 0.
    3.86599265e-003 0. 2.23081349e-003 0. 4.09878464e-003 0. 0.
    2.31946746e-004 0. 2.89101270e-003 0. 0. 0. 9.31413029e-004 0. 0.
    2.76124338e-004 1.33102499e-002 0. 0. 0. 0. 0. 2.89977412e-003 0.
    6.20782666e-004 0. 0. 0. 0. 0. 0. 0. 0. 0. 0. 2.30197865e-003 0. 0.
    -3.37848105e-005 0. 0. 0. 0. 0. 0. 0. 3.54090100e-003
    1.22958317e-003 0. 0. 0. 0. -9.62317456e-004 1.83881551e-003 0.
    -2.95193493e-003 0. 0. 0. 0. 0. 0. 0. 0. 0. 0. 0. 5.92458853e-003
    2.60266708e-003 0. 0. 0. -1.45768560e-003 0. -6.59347643e-005 0. 0.
    1.37212984e-002 0. 0. 0. 0. 0. 0. 0. 8.90069117e-004 4.54828376e-003
    0. 6.86964858e-003 0. 1.84070307e-003 2.76765833e-003
    6.32702373e-003 1.57299408e-004 0. 0. 2.28066347e-003 0.
    -1.17750920e-003 -7.96726206e-004 0. 0. 0. 0. 2.29951373e-004 0. 0.
    0. 1.86154600e-002 0. 5.47774881e-003 6.21234952e-003
    1.10519002e-003 0. 0. 1.40350964e-002 1.35793292e-003 0.
    2.47411337e-003 -1.39081370e-004 2.77291029e-003 0. 5.97823586e-004
    0. 0. 0. 3.12366616e-003 0. -1.28710926e-005 0. -7.13534828e-004 0.
    0. 0. 0. 0. 0. 2.98461993e-003 2.59964215e-003 0. -2.72495789e-003
    0. 7.39570940e-003 0. 0. 0. 0. 2.43554288e-003 -4.15121060e-004 0.
    5.66829345e-004 0. 0. 0. 1.89311558e-003 9.35377087e-003 0. 0.
