<?xml version="1.0"?>
<opencv_storage>
<imageDescriptor type_id="opencv-matrix">
  <rows>1</rows>
  <cols>1000</cols>
  <dt>f</dt>
  <data>
    0. 5.69888332e-004 2.86191725e-003 0. 1.23477960e-003
    1.62076950e-003 1.04212819e-003 3.63710593e-003 7.34704256e-004 0.
    0. 5.59038890e-005 1.07113691e-003 0. 0. 0. 0. 2.50888144e-004 0.
    1.58560195e-003 0. 4.39817784e-004 4.57364367e-003 1.19895965e-003
    5.23216417e-003 1.12552207e-003 2.05647899e-003 0. 2.12551141e-003
    0. 0. 6.61119865e-003 5.99018764e-003 3.97332152e-003 0. 0.
    1.33306847e-003 4.52778721e-003 1.43113150e-003 0. 0. 0.
    2.18599057e-003 1.09843083e-003 3.14019108e-003 1.98438042e-003
    1.67997717e-003 9.66174901e-003 3.64562700e-004 1.61876110e-003 0.
    0. 4.71179793e-003 0. 2.78499769e-003 0. 1.01933547e-003
    -1.33479969e-003 0. -6.79405581e-004 0. 3.53976572e-003
    4.29725368e-003 0. 2.60532135e-003 0. 0. 0. 0. 0. 4.05376253e-004 0.
    0. 0. 3.18073458e-003 0. 0. 0. 0. 5.79744170e-004 2.17272458e-003 0.
    2.56738300e-003 2.68962840e-003 0. 1.70034298e-004 0. 0.
    4.20762971e-003 2.07990617e-003 8.61614826e-004 1.39919750e-003 0.
    -1.90879300e-003 0. 0. 0. 1.43138855e-003 4.05028509e-003
    9.92532005e-004 4.58006951e-004 0. 0. 0. 0. 4.56014415e-003
    9.38632351e-004 0. 0. 4.02860669e-003 3.72007256e-003
    1.08911026e-005 0. 0. 6.11521536e-003 1.31679943e-003 0.
    2.38765916e-003 -5.18005727e-005 1.19050138e-003 0. 1.26331439e-003
    2.63037323e-003 1.75093219e-003 1.64010690e-003 0. 1.97262201e-003
    6.13139011e-004 1.19900610e-003 0. 0. 0. 4.62982664e-003 0.
    4.88556130e-003 2.06337171e-003 4.20607452e-004 0. 0. 0.
    4.64020937e-004 4.43130312e-003 7.35050300e-003 4.64429148e-003
    1.76200597e-003 1.19449000e-003 1.03718869e-003 0. 1.22438441e-003
    0. 0. 1.13257836e-003 0. 1.75385061e-003 2.02526012e-003 0. 0.
    1.36824918e-003 0. 0. 0. 0. 0. 3.13054747e-003 -5.42880618e-004 0.
    7.70315668e-003 1.41941838e-003 0. 0. 3.97787802e-003
    1.22397707e-003 0. 0. 0. 0. 0. 0. 0. -9.14070231e-004
    2.00862391e-003 0. 1.07379956e-003 4.35216492e-003 -2.43635979e-004
    0. 0. 6.14942110e-004 0. 0. 0. 1.85908657e-003 1.47271610e-003
    2.53856066e-003 2.15880945e-003 0. 1.26895623e-003 6.70291251e-004
    0. 0. -6.61672209e-004 1.72229181e-003 3.55563336e-003 0.
    -2.77770832e-005 2.98090163e-003 7.53309287e-004 0. 4.97441099e-004
    1.35522522e-003 0. 0. 0. -1.40950037e-003 7.68327573e-003
    4.90213220e-004 5.80123567e-004 0. 1.41078525e-003 0. 0.
    5.19595575e-004 -3.11004609e-004 1.55898603e-003 0. 0. 0. 0.
    2.60492903e-003 2.29317858e-003 0. 1.74057053e-003 0.
    -1.76706410e-003 0. 0. 0. 2.46877922e-003 3.71891772e-003
    4.62075416e-003 2.28100864e-004 1.30799098e-003 0. 0.
    9.79486620e-004 0. 1.73552346e-003 0. 0. -4.93275584e-004
    -1.09541987e-003 0. 4.07345733e-003 0. 9.02177126e-004
    1.28953543e-003 8.14496819e-003 3.27856396e-004 2.09747604e-003 0.
    0. 0. -1.33387570e-004 2.66430969e-003 1.19063945e-003 0. 0.
    1.37981889e-003 1.46630872e-003 0. 0. 7.59309565e-004 0.
    -1.33531773e-003 0. -2.08126439e-005 3.12705035e-003 0.
    4.12494206e-004 0. 5.32344391e-004 0. 1.74230046e-003
    1.62180950e-004 0. -4.47449333e-004 0. 9.25260130e-004 0.
    2.05294997e-003 3.63805913e-003 0. 1.70107151e-003 3.73361021e-004
    4.11579292e-003 0. 2.38729073e-004 0. 3.35134775e-003 0.
    -1.34913588e-003 2.13257386e-003 0. 0. 0. 1.68454938e-003
    3.62423062e-003 0. 0. -1.40064803e-003 0. 2.17211223e-003 0.
    4.79261205e-003 0. 1.71402493e-003 0. 0. 3.59366641e-005
    2.21442519e-004 0. 0. -8.01521586e-004 0. 0. 0. 3.17542639e-004
    3.17127386e-004 8.45991250e-004 0. -3.68508714e-004 5.08044250e-005
    4.73887054e-003 8.81909800e-004 5.85391768e-004 3.20479134e-003
    1.03853794e-003 3.71047994e-003 0. 0. -1.90132196e-004 0. 0.
    6.98358938e-003 0. 0. 1.15848916e-005 0. 0. 3.67729436e-003 0.
    8.29497076e-005 0. 0. -7.27626495e-004 0. -1.57561371e-004
    2.90170545e-003 3.23690195e-003 0. 2.64841900e-003 -3.60040925e-003
    2.25477084e-003 0. 0. 0. 2.08982197e-003 6.38075918e-003
    5.13314456e-003 -1.03187433e-003 1.32283859e-003 1.48724951e-003
    3.20894504e-003 0. 1.52330135e-003 0. 3.71978313e-005
    3.13711644e-004 8.82666744e-003 3.35494103e-003 0. 0.
    3.23299482e-003 -1.61310739e-003 8.17971886e-004 0. 0.
    1.60111731e-003 0. 1.55061099e-003 0. 1.68674358e-003
    2.07575178e-003 0. 3.01095843e-003 0. 2.56209355e-003
    1.75018469e-003 1.31750625e-004 0. 1.08506647e-003 0. 0.
    1.42533323e-002 0. 1.71887875e-003 0. 1.03591708e-003 0. 0.
    -2.44161068e-003 9.14940611e-003 0. 1.67927006e-003 0.
    -1.28221829e-004 9.27637215e-004 0. 0. -1.00760697e-003
    1.15399377e-003 6.91238604e-003 1.62003899e-003 0. 2.46996456e-003
    0. 0. 1.30399712e-003 0. 1.79032411e-003 0. -1.28922204e-003 0. 0.
    1.97134423e-003 2.08958937e-003 3.48741328e-003 1.62373675e-004 0.
    -4.53044602e-004 2.19667121e-003 1.62642531e-003 0. 3.04518989e-003
    2.62194499e-003 0. 0. 0. 0. 1.31648208e-003 0. 0. 0. 0. 0.
    2.49081315e-003 -2.21656461e-004 2.19999603e-003 0. 0. 0. 0. 0. 0.
    2.21066060e-003 -2.31983242e-004 0. 0. -3.56375735e-004
    8.50751065e-004 0. 2.77221727e-004 3.10085830e-004 0. 0.
    9.11737618e-004 0. 0. 9.63383261e-003 1.36649958e-003 0.
    1.62040384e-003 -1.32070249e-003 -2.17676745e-004 4.33791953e-004
    1.25540327e-003 0. 5.09575591e-004 0. 3.44081363e-003 0. 0.
    2.26481957e-003 0. 6.18951977e-004 3.33614531e-004 0.
    2.06186110e-003 -4.70335392e-004 1.15890952e-003 4.62831510e-003 0.
    3.29535280e-004 1.54489838e-003 1.61037664e-003 0. 1.45453098e-003
    2.14086287e-003 0. 4.41335933e-003 0. 3.63138109e-003 0.
    6.56070712e-004 0. 0. 0. 0. 1.22496160e-003 0. 0. 9.16434219e-004
    2.98866839e-003 0. 1.77786313e-003 0. 0. 0. 1.23742071e-003 0.
    2.40095984e-003 4.46172722e-004 0. 2.47028912e-003 0.
    3.04284063e-003 1.10825093e-003 3.85804975e-004 2.14001769e-003
    1.06241333e-003 2.59256107e-004 4.54002013e-003 0. 4.80051478e-003
    0. 1.17559172e-003 0. 0. 0. 0. 3.52162169e-004 3.02402157e-004 0. 0.
    0. -4.58861468e-004 0. -2.45806039e-003 7.42797786e-003 0. 0.
    1.24967808e-003 1.94230047e-003 -6.14119053e-005 -5.28499368e-004
    1.47419877e-003 2.24322942e-003 0. 0. 9.41960723e-004
    1.09904702e-003 6.08834159e-003 0. 0. 1.71797257e-003
    8.61289911e-003 0. 3.21989553e-003 5.36144187e-004 0.
    3.35783674e-003 0. 7.54984678e-004 0. 0. 0. 0. 0. 0. 0. 0.
    1.53892278e-003 0. 4.32922447e-004 1.01510232e-004 2.62704119e-003
    0. 0. 0. 0. 1.29561510e-003 0. 0. 2.35296739e-003 0. 2.56780442e-003
    1.78434583e-003 5.57168212e-004 9.17547557e-004 1.13695918e-003 0.
    -4.10255379e-005 0. 0. 3.17453127e-003 0. 6.01464510e-003
    3.50478990e-003 -4.46610415e-004 0. 5.53291873e-004 1.09187432e-003
    0. 0. 0. 0. 0. -9.96248098e-004 0. 0. 1.34478998e-003
    2.40819808e-003 1.01616082e-003 6.70227921e-004 0. 6.23911910e-004
    0. 0. 0. 0. 0. -1.27436849e-003 -8.13380932e-004 8.58743442e-004
    -1.23126854e-004 6.34129997e-003 1.23867218e-003 0. 0. 0. 0.
    2.63704424e-004 1.89383817e-003 0. 1.06946551e-004 0. 0.
    7.64082768e-004 0. 0. 0. 4.67543676e-003 0. 0. 0. 0. 1.36003236e-003
    0. 3.13939806e-003 1.47315499e-003 0. 7.47457321e-004
    1.22432527e-003 0. 2.07314873e-003 0. 0. -8.71582073e-004 0.
    2.61323736e-003 0. 0. 0. 0. 0. 8.77262384e-004 0. 1.78483338e-003 0.
    0. 7.89932732e-004 1.03821501e-003 0. 5.57407038e-004
    1.14045537e-003 5.40889986e-003 0. 0. 0. 6.85349153e-003 0.
    4.15146630e-003 3.98544641e-003 0. 1.44638447e-003 0.
    1.67578005e-003 0. -2.69191631e-004 0. 8.04966898e-004 0.
    2.21088834e-004 2.20374833e-003 0. 0. 4.21447586e-003
    -4.23478225e-004 0. 0. 4.22946597e-003 3.36672441e-004 0.
    1.08262058e-003 1.81297038e-003 6.40912447e-004 0. 2.72543682e-003
    1.93700904e-003 2.01710267e-003 0. 0. 2.80204439e-003 0. 0. 0.
