<?xml version="1.0"?>
<opencv_storage>
<imageDescriptor type_id="opencv-matrix">
  <rows>1</rows>
  <cols>1000</cols>
  <dt>f</dt>
  <data>
    2.94528036e-007 0. 5.11695584e-003 1.80549547e-003 0. 0.
    1.64284802e-003 5.64247719e-004 0. 0. 0. 4.39402787e-003
    8.16645380e-003 1.47090212e-003 0. 9.03994020e-004 3.07113142e-003
    3.70187481e-004 0. 0. 4.02605021e-003 2.71659973e-003 0. 0.
    8.01296905e-004 1.44139596e-003 2.01640557e-003 2.97589041e-003
    -6.68081746e-004 0. 0. 4.28332016e-003 -3.90779087e-003
    5.03326766e-003 0. 4.86869877e-003 1.59461435e-003 0. 0.
    9.38061439e-003 0. 0. 8.68379313e-004 0. 0. 0. 5.89014217e-003 0. 0.
    3.69706447e-003 0. 5.07512968e-003 0. 1.69730233e-003 0.
    -1.42147954e-004 6.94695720e-003 1.44040713e-003 0. 8.59694788e-004
    0. 2.86131195e-004 4.93918546e-003 0. 8.09878693e-004
    1.85212004e-003 0. 0. 0. 0. 0. 1.04879355e-003 7.23922811e-003
    5.08770696e-004 7.15778535e-003 8.22629721e-004 0. 0.
    -3.08350427e-004 4.11694543e-003 1.08925987e-003 4.72746382e-004 0.
    0. 1.64309575e-003 -7.77719601e-004 0. 0. 1.11055931e-004 0.
    3.41538992e-003 0. 0. -3.34161974e-004 8.77549499e-003
    -6.53093099e-004 1.64346816e-003 0. 7.03028822e-003 0. 0.
    7.87187926e-003 0. 0. 0. 2.10281368e-003 0. 0. 5.46729844e-003 0.
    3.15841823e-003 -2.65831174e-003 0. 0. 0. 6.34305319e-003 0.
    1.59751321e-003 4.24355821e-004 3.73992650e-003 3.94261116e-003
    3.01243184e-004 8.25722795e-003 1.16671238e-003 0. -1.58394652e-003
    0. 2.22877227e-003 -3.23533342e-004 0. 4.67786053e-003
    -8.63868627e-004 0. 3.59671726e-003 2.50587182e-004 -4.39288997e-005
    1.73390249e-003 0. 2.90700980e-003 4.22896259e-003 0. 0.
    3.99637921e-003 2.49784905e-003 0. 0. 3.06043099e-003
    1.11669360e-003 0. 6.59804500e-004 0. 0. 1.50989753e-003 0. 0. 0.
    1.70037244e-003 2.35442727e-004 -5.18197718e-004 1.57150498e-003
    1.48002163e-003 0. -1.49322720e-003 4.03528055e-003 0. 0. 0.
    -3.46645201e-003 0. 9.60732286e-004 1.22510281e-003 8.60171393e-004
    0. 0. -5.45815041e-004 9.51668597e-004 1.11698778e-003
    2.13062507e-003 0. 0. 0. 5.04212780e-003 0. 4.69632447e-003
    4.61064000e-003 -7.16869079e-004 0. 0. 3.62279173e-003
    1.07768513e-002 0. 7.07669463e-003 0. 2.32158951e-003
    1.96487483e-004 0. 2.98619526e-003 4.75736195e-003 0. 0. 0.
    7.84783100e-004 2.28039199e-003 -3.93108785e-004 0. 0. 0. 0.
    1.04737736e-003 5.49187744e-003 8.80343141e-004 -1.08442747e-003 0.
    0. 0. 0. 0. 0. 2.56589992e-004 -6.03725808e-003 0. 0.
    2.17100210e-003 3.22543085e-003 0. 0. 2.05393429e-004 0.
    1.74877886e-003 1.16317822e-002 0. 0. 3.98207828e-003
    -5.70758712e-004 0. -1.91181898e-005 0. 0. 0. 5.52704791e-003 0. 0.
    0. 4.39079059e-003 0. -7.22583791e-004 1.06034428e-003 0. 0.
    -1.65586732e-003 5.99263655e-003 9.44998395e-003 3.26359004e-004 0.
    0. 0. 3.00554303e-003 0. 0. 0. 0. 0. 3.16902599e-003 2.09485786e-003
    0. -2.25322554e-004 6.03790767e-003 6.77979831e-003 0.
    7.81320222e-003 0. 0. 9.47301334e-004 2.43835174e-003
    -5.58761414e-004 1.50053971e-003 1.02928560e-003 0. -3.01710883e-004
    0. 0. 0. 1.86064262e-005 0. 0. 2.27013123e-004 9.44542990e-004 0.
    9.24307015e-003 -6.84833321e-006 0. 0. 5.75508457e-003 0.
    6.14114525e-003 0. 0. 5.02748135e-003 0. 0. -4.68967512e-004
    2.65845773e-003 0. 0. 7.19493954e-003 1.83416530e-003 0. 0. 0.
    -1.10511284e-003 0. -1.98682072e-003 0. 0. 2.85132020e-003 0. 0. 0.
    4.66583122e-004 -4.04673687e-004 7.27940351e-003 0. -8.16060347e-004
    1.02047576e-003 0. 0. 0. 0. 2.34610611e-003 0. 3.89154884e-003 0.
    -2.08230747e-004 -7.46039266e-004 3.45443166e-003 3.41120898e-003
    1.56237080e-003 -1.70704478e-003 0. 4.04206943e-003 5.83856925e-003
    0. 1.67453056e-003 2.11642776e-003 2.74001760e-003 -1.53599645e-003
    0. 4.37757513e-003 0. -1.14850374e-003 0. 0. 0. 0. 7.27586308e-003
    0. 0. 7.70569639e-003 -1.98743725e-003 1.02321770e-004
    -2.06021548e-004 0. 1.34515029e-003 0. 0. 1.15670951e-003
    1.17094105e-003 1.21663892e-004 -7.84634671e-004 2.55726185e-003
    8.54554179e-004 4.62362776e-003 7.46193808e-004 0. -2.89388909e-003
    0. 0. 0. 1.07097998e-003 -1.50847121e-003 0. 0. 0. 9.89717990e-003
    -3.08665261e-003 0. 3.46409762e-003 -3.04090354e-004 5.02591906e-003
    0. 2.82241381e-003 0. 4.78531793e-003 6.63628848e-003 0.
    2.93861516e-003 4.68758075e-003 3.24478839e-003 2.69537978e-003
    2.89873511e-004 4.26966976e-003 0. 0. 0. 0. 1.02736419e-002 0. 0. 0.
    0. -8.44226670e-005 2.69845198e-003 0. -6.99751778e-004 0.
    5.82313072e-003 0. 0. 4.97051794e-003 -1.24057557e-003
    2.02909065e-003 -2.27811222e-004 -2.40491400e-003 0. 0. 0. 0.
    4.89830784e-003 3.53563088e-003 2.26428383e-003 -9.21079190e-004
    6.92052010e-004 -1.26314291e-003 2.60676281e-003 4.28891089e-003 0.
    2.38910480e-003 0. 0. 0. 0. -2.03096657e-003 0. 2.85083894e-003
    4.43346769e-004 0. 1.20850489e-003 0. -3.30619258e-003 0. 0. 0. 0.
    1.73768669e-003 0. 1.37265376e-003 0. 1.88210863e-003 0. 0.
    6.44737505e-004 0. 3.21327895e-003 1.69264618e-002 0. 0. 0.
    -2.72752048e-004 0. 0. 1.33567874e-003 0. 0. 0. 0. 0. 0. 0.
    1.16031012e-003 5.01920353e-004 1.37207087e-003 0. -6.45396503e-005
    5.96835744e-003 -2.54851603e-003 -2.07424499e-004 0. 1.88191619e-003
    0. 0. 5.73738152e-003 -7.44611607e-004 0. -5.34341205e-004
    -3.88551969e-004 0. 0. -1.65610726e-003 1.05275791e-002 0.
    7.38594355e-003 0. 1.39420747e-003 0. 1.79512345e-003 0.
    4.55513538e-004 0. -4.02092817e-004 0. 0. 0. 0. 1.79969077e-003 0.
    0. 0. 0. 0. 1.07071304e-003 5.83907729e-003 2.83968705e-003 0. 0.
    1.14139612e-003 -1.68400402e-005 0. 0. 0. 0. -1.90854524e-004 0.
    -6.53876108e-004 7.85931596e-004 0. 0. 0. 4.23876150e-003
    5.24128415e-003 0. 0. 1.25591771e-003 0. 0. 0. 1.43939781e-003 0. 0.
    0. 2.25745887e-003 0. 0. 0. 0. 0. 0. 0. 0. 0. 0. 1.08062127e-003 0.
    0. 2.77400948e-003 0. 0. 2.13851919e-003 0. 6.49570860e-003 0.
    -7.35169859e-004 2.80096312e-003 3.99340061e-005 0. 0. 0. 0.
    -1.83840899e-003 0. 0. 1.02352304e-003 6.28894614e-003
    5.97445481e-003 3.76254553e-004 5.63338748e-004 0. 7.38002779e-003
    0. 0. 0. 0. 0. 0. 7.18871411e-003 0. 0. 0. 0. 0. 2.99638929e-003 0.
    7.93634099e-005 0. 0. 8.68887734e-003 4.24097432e-003
    1.78622373e-003 3.47266975e-003 0. 0. 0. 6.16670412e-004 0. 0.
    3.82114871e-004 0. 0. 0. 4.14909143e-003 0. 0. 1.07884472e-002 0.
    7.65402277e-004 0. 0. 0. 3.28218339e-005 0. 0. 9.16760124e-004
    1.74367381e-003 -5.78298408e-004 7.99365516e-004 0. 0.
    -1.04291050e-003 5.98102342e-004 0. 0. 1.76326706e-004 0. 0. 0. 0.
    0. 0. 2.00774707e-003 0. 0. 0. 0. 0. -4.80527728e-004 0.
    5.11127338e-003 9.16770194e-003 0. -1.91162006e-004 3.52648058e-004
    0. 3.13587068e-003 0. 0. -1.68498722e-003 4.75827139e-004
    -1.23295991e-003 0. 5.21288719e-003 0. 0. 1.13489409e-003
    -4.04475140e-004 0. 2.16572755e-003 0. 0. 0. 1.85375032e-003 0.
    1.29781652e-003 0. 0. 0. 0. 2.25991639e-003 -7.59261893e-004 0. 0.
    0. 0. -2.41483722e-004 0. 0. 5.81760774e-004 0. 8.28056503e-003 0.
    0. 0. 5.66848135e-003 0. 1.33226649e-003 1.36003213e-003
    -5.01732029e-005 0. 0. 0. 1.49154849e-003 0. 0. 0. 6.73631905e-003
    0. 0. 1.29816099e-003 0. 0. 0. 0. 0. 0. 0. 0. 1.37786672e-003
    8.70196964e-004 0. -8.82787048e-004 2.40336917e-003 0. 0. 0. 0. 0.
    0. 0. 0. 0. 0. 0. 0. 0. 0. 2.06265497e-004 0. -1.40545913e-003
    8.55052145e-004 0. 5.18722634e-004 -3.15107871e-003 1.76704151e-003
    0. -2.22698017e-003 0. 9.04041529e-003 0. 1.32598251e-003
    -2.91953154e-004 0. 0. 0. 0. 0. -3.82343824e-005 0. 0.
    -7.24442652e-005 5.47626521e-004 3.25511006e-004 -4.63598524e-004 0.
    7.46890146e-004 0. -4.65104153e-004 4.23871120e-003 2.11294420e-004
    0. 0. 0. 0. 0. 3.95989465e-003 6.53730007e-004 -1.70457026e-003
    9.53629427e-003 0. 1.80130545e-003 0. -1.23500568e-003 0. 0. 0. 0.
    7.93611223e-004 0. 1.87310926e-003 -2.00186856e-003 -2.15964462e-003
