<?xml version="1.0"?>
<opencv_storage>
<imageDescriptor type_id="opencv-matrix">
  <rows>1</rows>
  <cols>500</cols>
  <dt>f</dt>
  <data>
    0. 4.29611560e-003 0. 2.47781817e-003 4.63887211e-003
    3.72213218e-003 7.93019496e-003 5.72664314e-004 0. 0. 0.
    5.81619609e-003 9.51700902e-004 0. -5.70675766e-004 0.
    3.55235185e-003 1.12269577e-002 1.71062211e-003 0. -4.93571220e-004
    0. 0. 0. 0. 0. 1.73560678e-004 0. 0. 9.59562021e-004 1.61375769e-003
    3.81186488e-003 -1.56871101e-003 0. 0. 2.33402266e-003 0. 0. 0.
    3.27237952e-003 6.65313378e-003 1.58332114e-003 2.06633378e-003
    2.80324463e-003 -3.72869591e-003 5.30719198e-003 -2.00167531e-004 0.
    0. 0. 4.70755948e-003 5.55548724e-003 0. 0. 0. 8.53065867e-003
    1.38788554e-003 2.26166751e-003 0. 0. 3.72115779e-003
    -1.94899505e-003 2.07724399e-003 0. 0. 4.42416436e-004
    1.88827899e-003 0. 1.77439372e-003 0. 0. 1.84231496e-003
    1.45817932e-003 0. 7.24509358e-003 7.65799487e-005 0.
    9.12304095e-004 1.16800948e-003 0. 1.14242816e-002 4.71733743e-003
    0. -8.38617678e-004 0. 4.84863995e-003 1.91873626e-003 0. 0.
    4.97251109e-004 1.37210335e-003 2.57567130e-003 -4.48776584e-004
    2.50176666e-003 0. 1.88273157e-003 -2.18759384e-003 0.
    2.90304609e-003 4.17637639e-003 1.34917255e-003 0. 0.
    -3.10231070e-003 0. 9.72623471e-004 -3.26000067e-004 4.75345273e-003
    3.37233185e-003 4.50783549e-003 -3.17513623e-004 2.01036455e-003
    7.26724416e-003 6.44574501e-003 8.78127851e-003 5.70890028e-004
    -1.05830107e-003 0. 5.58954291e-003 0. 5.94950095e-003 0.
    5.57583291e-004 5.13235386e-003 0. 5.31890662e-004 0.
    1.23251564e-004 -1.39064330e-004 -2.42109061e-003 5.30416612e-004 0.
    -7.92603532e-004 3.42413387e-003 0. 0. 5.07085724e-003
    3.26368399e-003 1.80694051e-002 0. 0. 0. 0. 2.45557353e-003 0.
    -1.29398075e-003 1.97742833e-003 2.51754245e-004 0. 0. 0.
    1.79436046e-003 4.10226919e-003 2.16382975e-003 7.56856846e-003 0.
    3.86889093e-004 -5.25395561e-004 -1.35592069e-003 3.06383852e-004 0.
    0. 0. 9.40532424e-003 0. 0. 2.70580407e-003 1.78193592e-003 0.
    -2.04622187e-003 0. -5.99241539e-005 0. -1.03474339e-003
    2.20612297e-003 1.04860729e-003 0. 0. 0. 0. 0. 0. 0. 1.09764573e-003
    0. 0. 0. 0. 3.51513899e-003 4.33047721e-003 0. 6.46323897e-003
    2.85073626e-003 1.49619638e-003 1.28506438e-003 2.62218923e-003
    5.21940738e-003 3.09942500e-003 1.02037762e-003 1.41092157e-003 0.
    4.91053937e-003 4.38463350e-004 6.21399283e-003 6.21406082e-003
    2.86192214e-003 2.31798622e-003 5.02384780e-003 0. 1.64274350e-002
    2.15613982e-003 3.09690437e-003 1.71577407e-003 -2.39709683e-004
    -5.62444213e-004 0. 0. 8.03994481e-003 0. 8.73468630e-003
    3.12036322e-003 6.29837206e-003 4.84457891e-003 0. 2.21437425e-003
    0. 0. 2.98944791e-003 4.22709435e-003 0. 3.42824380e-003 0.
    2.27544131e-003 0. 8.71351920e-004 0. 1.18489796e-003 0.
    2.62908125e-003 0. 6.44238899e-004 3.62699589e-004 -9.30329479e-005
    -1.50246557e-003 6.72017364e-003 1.25585832e-002 0. 1.96949556e-003
    3.63403605e-003 0. 1.62130455e-003 1.43944640e-002 9.11471085e-004
    7.55187450e-003 0. -5.65437134e-004 -2.12965091e-003 0.
    9.33535304e-003 1.11946173e-003 8.25666077e-003 5.34005417e-003 0.
    3.24050779e-003 4.54440620e-003 0. 1.43258320e-003 1.07705907e-003
    0. 0. 0. 5.06385369e-003 2.21825158e-003 0. 0. 0. 2.48238747e-003
    -6.88051747e-004 1.95961306e-003 6.44859718e-003 0. 8.41404777e-003
    0. 1.05295684e-002 0. 0. 1.76156522e-003 3.99262784e-003 0.
    -5.72022051e-004 1.64700055e-003 0. 1.13573740e-003 5.79677930e-004
    5.95397502e-003 9.04989708e-003 0. 3.86843749e-005 4.26673243e-004
    4.18235082e-004 3.10901832e-003 0. -4.81095864e-004 0.
    2.77797505e-003 1.40612666e-003 2.47180258e-004 2.34395172e-003
    2.73079798e-003 0. -1.18281366e-003 -1.67177268e-003 0.
    3.53069068e-003 0. 2.71478598e-003 0. 0. 4.17472376e-003
    5.49284974e-003 -1.05446496e-003 0. 4.25003562e-003 8.47996492e-003
    5.06674929e-004 0. 1.74970680e-003 -2.73708691e-004 4.97739809e-003
    0. 0. 3.74682783e-003 0. 1.22994313e-003 0. 1.77354051e-003
    3.49142426e-003 1.55493023e-003 5.43015730e-003 5.41926827e-003
    6.16826443e-003 -1.07626093e-003 -4.32541856e-004 7.27051031e-003
    8.51530582e-003 0. 0. 0. 2.39778147e-003 1.03810127e-003
    7.16089504e-003 0. 0. 2.83710519e-003 3.38668679e-003
    1.15923584e-003 3.88184073e-003 4.53744968e-003 3.60274967e-003
    2.23523448e-003 6.44349260e-004 2.85633840e-003 1.66092836e-003
    3.73837189e-003 0. 0. 3.73584311e-003 6.40958548e-004
    -2.56880466e-003 1.52023358e-003 0. 4.49113315e-003 4.14135773e-003
    -4.69077699e-004 2.48649344e-003 -1.06717541e-003 5.15921321e-003 0.
    -4.11310786e-004 0. 5.38376998e-003 0. 0. 0. 0. 0. 4.61883657e-003
    1.16491094e-002 1.44965103e-004 3.09958844e-003 0. 5.79288788e-003
    4.04696912e-003 -1.70381053e-003 1.33958757e-002 -1.27393447e-004
    3.61323287e-003 0. -7.28307408e-004 6.54620025e-003 1.84918672e-003
    0. 1.04505371e-003 1.62553310e-003 -2.63286813e-004 1.39581282e-002
    -1.84083509e-003 0. 3.19767650e-003 0. 2.22655595e-003
    8.43555573e-003 4.33722604e-003 0. 0. 0. 0. 0. 1.86010171e-002
    2.45934050e-003 0. 0. 9.82512441e-003 4.23379987e-003
    1.99727085e-003 0. 3.30766290e-003 0. 1.43011296e-002
    2.36473337e-004 5.97035093e-003 5.57847461e-003 1.32594968e-003 0.
    2.75015389e-003 0. 3.25620594e-003 1.72209961e-003 3.36440839e-003
    0. -2.09933583e-004 0. 0. 0. 5.17204346e-004 3.38905421e-003 0.
    2.79685576e-003 -1.67735270e-003 0. 0. -1.73504138e-003 0.
    3.17693991e-003 0. 0. 3.31123406e-003 1.31964392e-003 0.
    7.51688797e-003 0. 2.75882496e-003 3.53005296e-003 1.96058932e-003
    3.38266254e-003 2.31564157e-002 -9.11012234e-004 2.72397604e-003 0.
    0. 2.09593354e-003 0. 0. 2.08451739e-003 1.94374239e-003 0.
    1.93685002e-003 1.72937242e-003 1.56320427e-002 -1.49525341e-003 0.
    0. 0. 1.82115030e-003 9.41412151e-003 -4.63326978e-005
    9.26616229e-003 0. 0. 7.23347487e-003 0. 0. 2.07677321e-003
    8.06771033e-003 1.08618918e-003 0. 0. 2.96854204e-003
    5.16861817e-003 2.06233766e-002</data></imageDescriptor>
</opencv_storage>
