<?xml version="1.0"?>
<opencv_storage>
<imageDescriptor type_id="opencv-matrix">
  <rows>1</rows>
  <cols>500</cols>
  <dt>f</dt>
  <data>
    2.03081244e-003 1.12629058e-002 2.98069254e-003 4.86660603e-004 0.
    0. 1.94973918e-003 5.61868865e-003 0. 6.00756938e-003 0. 0.
    8.86110589e-003 0. 0. 0. 1.42574194e-003 5.13679755e-004
    4.12488496e-003 0. 1.02415553e-003 0. 0. 0. 0. 1.64252974e-003
    2.75174808e-003 0. 0. 5.09052537e-004 1.45202398e-003 0.
    4.51865169e-004 9.07290168e-003 5.20149292e-003 0. 0.
    2.44211988e-003 -1.50955247e-003 -1.52982038e-003 9.03048832e-003
    1.12192844e-004 1.38199097e-003 0. 0. 1.78717300e-002
    5.26499981e-003 1.98027608e-003 3.44625348e-003 8.46265629e-003
    5.24681760e-003 0. 1.53098372e-003 -1.27078430e-003 0.
    1.23088630e-002 0. 2.04237597e-003 0. -1.32173463e-003 0. 0. 0.
    2.69421726e-003 0. 0. 9.45591019e-004 0. 0. 1.40660508e-002 0. 0.
    2.80292029e-003 2.61892145e-003 3.53736151e-003 1.00426618e-002
    1.18573918e-003 0. 1.62757176e-004 3.16632038e-004 -1.83291413e-004
    7.35760434e-003 0. 2.74920953e-003 0. 5.34933247e-003 0.
    1.25120105e-002 0. 0. 2.18172534e-003 0. 2.18923349e-004
    -2.14374298e-003 -2.01991433e-003 0. 5.43689216e-003 2.06745625e-003
    4.17769479e-004 3.34919011e-003 1.51665695e-003 0. 7.35260081e-003
    -5.06580202e-003 -5.53421094e-004 0. 4.10107663e-003
    -4.58655559e-004 0. 0. 2.50325794e-003 0. 6.37244293e-003 0.
    1.82723608e-002 0. 0. 0. 3.47245694e-003 1.03325455e-003 0.
    3.77249159e-003 -1.19226235e-004 7.95639644e-004 6.59279292e-004 0.
    0. 1.19751669e-003 3.31811397e-003 0. 0. 0. 0. 2.68580369e-003 0. 0.
    6.06466830e-003 0. -4.58951661e-004 0. 2.52488256e-003
    6.75111823e-003 0. 0. 5.88363828e-003 8.07836477e-004
    2.00472050e-003 2.24553142e-003 0. 0. 8.14825064e-004
    2.78075109e-003 3.14349867e-003 0. -2.62829848e-003 0. 0.
    1.52528984e-003 0. -1.31324763e-004 1.41164090e-003 0.
    8.73749424e-003 2.11876445e-003 0. 8.29879008e-003 0.
    1.95996836e-003 3.03995167e-003 0. 8.26126023e-004 -7.05460494e-004
    5.12508303e-003 1.33801997e-003 0. 2.33019306e-003 -1.12433650e-003
    0. 0. 0. 0. 1.12281144e-002 0. 0. 4.08269232e-003 0. 1.90640858e-003
    0. -2.12695962e-003 1.23183324e-003 1.04995479e-003 7.43824104e-003
    0. 0. 4.63263458e-003 3.11015337e-003 0. 2.81692646e-003 0.
    1.45828696e-002 2.86439946e-003 0. 1.35532324e-003 0. 0.
    5.71698300e-004 -5.23941650e-004 1.20719438e-002 1.42576417e-003
    -1.27677608e-003 6.08620374e-003 3.23712057e-003 1.02908455e-003 0.
    6.51942100e-003 3.50559340e-003 -1.33563031e-003 5.13626309e-003
    4.00762701e-006 3.75941047e-003 9.45534965e-004 0. 3.65673425e-003
    0. 8.91694613e-003 0. 7.65642431e-003 0. 2.66195042e-004 0.
    1.59123063e-003 0. -7.73056061e-004 1.39915006e-004 3.84821813e-003
    5.20224916e-004 0. 3.32362228e-003 -2.23106821e-003 4.99634678e-003
    9.07869358e-003 2.28250763e-004 0. 3.80337099e-003 3.56923346e-003
    2.57582590e-003 -1.78748672e-003 5.96782472e-003 1.42614020e-003 0.
    5.69824176e-003 0. 1.02843321e-003 0. 0. -1.04771310e-003
    4.60494449e-003 5.01006201e-004 3.27549549e-003 1.55502744e-003
    6.67067571e-003 5.24307042e-003 2.13555689e-003 4.09491174e-003 0.
    4.40682983e-003 2.14300631e-003 0. 2.79686879e-003 0. 0. 0.
    -6.28246402e-004 1.78039714e-003 1.09068630e-003 7.96620455e-003 0.
    0. 5.58985537e-003 0. 9.50235990e-004 0. 0. 2.21713842e-003
    3.57343606e-003 1.14133174e-003 1.23259183e-002 0. 0.
    2.85730022e-003 0. 0. 3.75966565e-003 8.03071947e-004 0. 0. 0. 0.
    4.87953378e-003 2.36463617e-003 -1.57187495e-003 0. -8.63575333e-005
    4.25316510e-004 4.37560771e-003 3.83421057e-003 2.88852188e-003
    2.00698362e-003 0. 1.25077320e-003 7.35969841e-003 -7.87473458e-004
    0. 8.52510566e-004 8.81022494e-003 7.08472775e-003 1.38940418e-003
    7.68748717e-003 7.13292323e-003 1.57009426e-003 0. 2.75969855e-003
    1.16760703e-002 0. 0. -7.30400730e-004 -7.95517233e-004 0.
    3.39289824e-003 1.03575329e-003 3.07151669e-004 0. 0.
    1.50300364e-003 0. 9.13737901e-003 -2.66598916e-004 5.13660023e-003
    4.68972092e-003 -2.43849223e-004 -3.05201276e-003 1.80647150e-002
    2.10663723e-003 1.61092356e-003 6.67195721e-003 0. 9.69463727e-004
    0. 5.04735671e-003 2.93027097e-003 1.33944908e-002 1.36371725e-003
    -4.17336152e-004 9.84731689e-003 -1.56120921e-003 1.06630870e-003
    1.78175524e-003 1.67167012e-003 6.21635513e-003 2.46661901e-003
    1.67020212e-003 4.03981330e-003 7.91297527e-004 7.71042285e-003
    8.93141958e-004 2.42962106e-003 1.06264930e-003 4.16672882e-003
    4.19755792e-003 1.84222450e-003 0. 2.42383336e-003 8.23466480e-003
    -1.99860311e-003 0. 2.26293155e-003 5.87439956e-003 0. 0. 0.
    3.07061302e-004 0. 3.45114782e-003 0. -1.50348421e-003 0.
    1.06395164e-003 0. -6.19340828e-003 3.56930448e-003 4.96521126e-003
    1.74660265e-004 2.20487290e-003 0. 1.47098722e-003 3.40530952e-003
    0. 0. 5.90013806e-003 0. 0. 0. 5.75070037e-003 5.38103376e-003
    7.04918697e-004 7.21049681e-003 3.21799926e-002 0. 0.
    1.87260320e-003 1.46699557e-003 2.12059286e-003 5.05998218e-003 0.
    0. 7.91598950e-003 5.33818034e-003 0. 0. 0. 1.53629039e-003
    -4.97839646e-004 1.78466253e-002 0. 0. -1.78859604e-003
    1.22469210e-003 0. 4.82671754e-003 0. 0. -2.14434881e-003 0.
    4.28987201e-004 0. 0. 6.30225008e-003 2.02596560e-003
    1.19625393e-003 4.07419913e-003 3.13537987e-003 2.60954211e-003 0.
    0. -5.31907484e-004 -7.97909070e-006 1.20649335e-003 0. 0.
    1.38609519e-003 0. -1.79381212e-004 2.41143536e-003 0. 0.
    1.72002707e-003 0. 0. -2.19841790e-003 3.13503807e-003 0.
    2.67463760e-003 6.11308264e-004 0. 0. 1.55257881e-002
    1.06315492e-002 2.88773532e-004 0. 0. 0. 0. 0. 5.50118601e-003 0.
    5.38028916e-003 2.98109546e-004 -1.05136505e-003 2.71910150e-003
    -2.56441114e-003 0. 0. 1.46779127e-003 0. 6.41438086e-003
    2.66651437e-003 3.79243516e-003 0. 0. 9.53982119e-004 0.
    3.23024229e-003 -1.30307570e-004 2.61127693e-003 5.61269699e-004
    2.04400136e-003 2.36242637e-003 3.63658112e-003 0. 1.12913083e-002</data></imageDescriptor>
</opencv_storage>
