<?xml version="1.0"?>
<opencv_storage>
<imageDescriptor type_id="opencv-matrix">
  <rows>1</rows>
  <cols>500</cols>
  <dt>f</dt>
  <data>
    6.37787336e-004 0. 1.63701375e-003 1.07666233e-003 2.12883204e-003
    5.76360570e-003 -3.78655008e-004 1.82075263e-003 1.73979485e-003
    1.53124775e-003 6.37474423e-003 0. 5.63834794e-003 2.90239835e-003
    2.39091949e-003 -3.65623884e-004 5.75868413e-004 3.24771111e-003
    1.99373229e-003 2.67819013e-003 -4.02419973e-004 1.99352694e-003
    3.57172731e-003 3.70733673e-003 1.47589517e-003 4.99249808e-003 0.
    2.05683615e-003 4.08548536e-003 5.36131382e-004 0. -1.81167139e-004
    4.18307446e-003 1.42895093e-004 7.75732740e-004 1.56797876e-003
    4.00213804e-003 3.00185103e-003 -1.34925172e-003 1.80399418e-003
    7.20491051e-004 6.76097581e-004 4.06665029e-004 2.25363718e-003
    -5.13020903e-004 1.09848510e-002 2.49520713e-003 0. 0.
    -1.81355746e-003 2.01190449e-003 2.12903111e-003 1.72890577e-004
    1.71287544e-003 0. 7.19025673e-004 7.75167439e-003 5.08603686e-003
    3.78967403e-003 2.22875038e-003 9.06503818e-004 3.48125212e-003
    1.80029927e-003 9.38692130e-004 5.44658024e-003 4.19579912e-003
    4.27858857e-003 5.11253998e-003 3.51375784e-003 1.09439832e-003
    1.15284894e-003 2.22832104e-003 4.16312879e-003 1.02968165e-003
    6.60953671e-003 7.16844853e-003 -3.45646346e-004 3.41218384e-003 0.
    3.28790839e-003 7.48712977e-004 -2.31440901e-003 -9.05158522e-004 0.
    0. 7.35707534e-003 1.72766193e-003 -6.56684453e-004 1.87797972e-003
    0. 1.75251893e-003 0. -8.74869656e-005 9.75054316e-003
    2.82781920e-003 4.78422455e-003 8.25943775e-004 7.94699695e-003
    2.34382204e-003 2.95015611e-003 1.60328229e-003 3.99007258e-004
    5.88381256e-004 4.11095622e-004 1.10879517e-003 3.04563623e-003
    4.24347818e-004 1.20790605e-003 2.71925842e-003 1.40856742e-003
    -8.26642645e-005 5.74802142e-003 4.17155493e-003 4.32177243e-004
    1.02287019e-003 1.59441528e-003 1.33636408e-003 1.37487636e-003
    2.12825323e-003 2.38588941e-003 0. 3.26409703e-003 3.27092339e-003
    7.71597074e-003 0. 3.88363318e-004 2.84622278e-004 4.06902144e-003
    2.20558094e-003 0. -7.47438971e-005 3.09535186e-003 0.
    1.11464597e-003 5.96837047e-003 0. 1.93264580e-003 2.65596015e-003
    9.66221094e-004 0. 0. 0. 1.50049955e-003 2.02279747e-003
    8.17831513e-003 4.76538995e-003 4.34389524e-003 9.27696237e-004 0.
    1.72566914e-003 3.97221040e-004 2.93689221e-003 3.57682141e-003
    1.29319064e-003 1.03932107e-002 6.98228192e-004 6.35452010e-003
    2.35106889e-003 4.71337480e-005 7.76967220e-003 3.04655521e-004
    8.60280998e-004 0. 3.20790196e-003 1.86132884e-003 0. 0.
    5.46317827e-003 2.79073231e-003 2.17963548e-004 1.46683573e-003
    8.28474760e-004 2.67716544e-003 3.16081056e-003 4.36602946e-004
    2.85572140e-003 4.18515992e-004 1.81750883e-003 6.99862977e-003
    3.46983317e-003 4.41125035e-003 5.43334149e-003 2.56555225e-003
    1.41897378e-003 0. 1.33843033e-003 0. 2.30222149e-003 0.
    4.13933722e-003 2.21212790e-003 4.63209208e-003 1.16318348e-003
    7.30756763e-003 3.57332872e-003 4.07145591e-003 8.56977887e-004 0.
    0. 2.65366398e-003 1.07335672e-002 1.24050095e-003 1.64251495e-003
    1.41430949e-003 5.93875861e-003 0. -1.15180694e-004 1.86790829e-003
    1.52023009e-003 -2.49066681e-004 6.24676840e-003 0. 1.01593905e-003
    0. 2.58550863e-003 4.47008247e-003 6.42490340e-003 1.79293554e-003
    0. 9.50009387e-004 3.59258469e-004 1.30590505e-003 1.64639181e-003
    1.23476074e-003 1.82390679e-003 0. 4.92831971e-003 9.21113417e-004
    2.28408421e-003 1.44573837e-003 4.35485085e-003 0. 2.21030088e-004
    1.24481914e-004 2.92069220e-004 0. 2.35348567e-003 0.
    1.84471300e-003 6.08815695e-004 2.29105656e-003 3.73620330e-003
    2.00781319e-003 4.45290189e-003 0. 2.35240255e-003 1.92323665e-003
    0. 0. 0. 1.86037854e-004 0. 0. 0. 3.76695651e-003 5.74024813e-003 0.
    1.42634660e-003 2.59059062e-003 6.11671293e-003 0. 2.04622076e-004
    3.28350323e-003 2.53141485e-003 -2.86497292e-004 2.46512797e-003
    7.13605294e-003 0. 1.32329063e-003 5.79711795e-003 -4.93325177e-004
    0. 8.36723077e-004 8.43886286e-003 1.51781028e-003 0.
    3.80633725e-003 1.03989169e-002 5.44614485e-003 0. 1.89801166e-003
    3.65052698e-003 2.24366412e-003 1.61847181e-003 2.27869372e-003
    3.25858523e-003 9.94120142e-004 -2.01123976e-003 5.29613171e-004 0.
    0. 1.27087254e-003 0. 2.52699968e-003 1.50403602e-003 0.
    1.41951698e-003 0. 1.49400264e-003 -4.45033103e-004 6.98240532e-004
    -1.25188017e-004 7.77272042e-004 2.46245763e-003 0. 2.11143238e-003
    5.45472698e-003 1.34971202e-003 -3.91896756e-004 2.18409044e-003
    4.96827718e-003 4.20823786e-003 0. 3.07415659e-003 6.49650022e-003
    7.35607371e-003 5.63067908e-004 3.15129105e-003 -3.97161675e-005 0.
    0. 3.55261541e-003 6.81033707e-004 2.29437207e-003 1.91688549e-003
    1.59065973e-003 1.11385407e-002 9.49983834e-004 -9.70471126e-004
    6.01482345e-004 2.77640414e-003 3.14573548e-003 2.58812658e-003
    3.34434886e-003 9.42257408e-004 5.14881685e-003 9.68251319e-004 0.
    9.54368385e-004 1.14724343e-003 2.99350242e-003 0. 1.68703526e-004
    9.73005965e-003 0. 1.29173358e-003 6.20867591e-004 0.
    -3.28333590e-005 2.86591821e-003 0. 2.72691459e-003 1.84416608e-003
    -1.09642732e-003 1.71297020e-003 3.45975556e-003 3.45072302e-004
    3.48201580e-003 3.22872819e-003 3.54643748e-003 3.82030429e-003 0.
    1.24216510e-003 7.96397042e-004 0. 1.78422243e-003 4.37127950e-004
    9.62101098e-004 9.86616709e-004 8.53379071e-003 0. 4.20107692e-003
    1.09859044e-003 0. 1.14920049e-003 2.66777514e-003 8.03654827e-003
    2.33956869e-003 1.08592177e-003 5.57203253e-004 2.23703231e-004
    6.61677122e-003 1.59010198e-003 0. 6.72263931e-003 0. 0.
    2.05248827e-003 -1.15053332e-003 5.82049787e-003 2.83197546e-003
    3.12660332e-003 4.00745356e-003 -5.73547790e-004 2.65580136e-003
    -2.61007983e-004 -1.70110189e-003 3.56184505e-003 4.92711610e-004
    1.98439904e-003 -3.36902885e-004 0. 4.05686369e-005 2.17858981e-003
    3.03018838e-003 0. 0. 4.36035590e-003 1.13792438e-003
    3.04010138e-003 9.32154653e-004 2.17344915e-003 2.44404795e-003
    4.72320418e-004 4.92164260e-003 7.46134669e-004 6.02712529e-003
    1.43386913e-003 3.53951775e-003 1.02693064e-003 2.28860555e-003
    8.32719496e-004 1.91578595e-003 1.16747571e-003 1.63030683e-003
    -3.34657758e-004 5.88387949e-003 2.23283633e-003 0. 1.15479261e-003
    0. -1.10637350e-003 4.94089210e-003 4.89595579e-003 3.78111354e-003
    0. 5.95469552e-004 2.82789627e-003 3.77066829e-003 -4.44483667e-005
    0. 2.89698690e-003 1.32495188e-003 3.25589092e-003 5.41633519e-004
    -2.66035149e-005 5.50131314e-003 5.19657135e-003 8.33269791e-004 0.
    0. -1.82329887e-003 -2.19337540e-004 0. 2.65272404e-003 0.
    3.17835389e-003 7.44644972e-003 -5.14563115e-004 1.48974214e-004
    4.76498390e-003 1.73087709e-003 5.78555511e-004 7.51033485e-006
    1.31184328e-003 -3.06402566e-004 2.55747163e-003 1.00959849e-003 0.
    4.85920161e-003 2.89455848e-003 1.22075551e-003 1.49690267e-003
    1.99130285e-004 2.29423423e-003 0. -6.27592555e-004 2.85625050e-004
    1.49178004e-003 -2.95211707e-004 7.87100475e-003 1.50329864e-003 0.
    0. 3.27845872e-003 2.85727857e-003 9.45157662e-004 6.34981738e-003
    2.45530345e-003 1.28160673e-003 7.70427519e-004 1.06398575e-003
    1.87654397e-004 5.09704696e-003 6.20840164e-003 3.88970273e-003
    4.52573673e-004 1.68024132e-003 4.34823614e-003 -4.78036673e-004</data></imageDescriptor>
</opencv_storage>
