<?xml version="1.0"?>
<opencv_storage>
<imageDescriptor type_id="opencv-matrix">
  <rows>1</rows>
  <cols>500</cols>
  <dt>f</dt>
  <data>
    9.49029345e-003 1.53865293e-002 0. 4.34265053e-003 3.32245580e-003
    4.66946699e-003 5.20453416e-003 0. 2.64417357e-003 3.63469915e-003
    1.17545649e-002 0. 0. 2.60937773e-003 3.12817027e-003 0.
    2.35861121e-003 0. 0. 1.18083581e-002 3.45057226e-004
    3.17638204e-003 0. 2.92664953e-003 3.08958814e-003 0.
    7.31904525e-003 0. 2.69505824e-003 0. 8.58850777e-003 0. 0. 0.
    9.76961921e-004 4.32718312e-003 0. 1.15485080e-002 -2.85743480e-003
    0. 1.08549381e-002 5.80079062e-003 1.24412228e-003 2.95749702e-003
    0. 6.09048689e-003 -1.00758346e-003 1.53248620e-005 2.58275797e-003
    1.53107371e-003 0. 0. 2.79686367e-003 1.03701442e-003
    5.76239731e-003 0. 6.26746099e-003 1.78858265e-003 0.
    1.82380853e-003 0. 0. 7.10149202e-003 1.22628830e-004
    4.79386607e-003 5.17905864e-004 3.59905208e-003 -4.18462907e-004
    4.38079285e-003 5.03385067e-003 0. 1.82648818e-003 0. 0.
    2.55367230e-003 3.40242311e-003 8.31720361e-004 9.59113357e-004 0.
    6.33561565e-003 2.71067093e-003 3.45300185e-003 1.77396322e-003 0.
    0. 1.99217931e-003 0. 4.45837039e-004 9.71668866e-004 0.
    4.54173237e-003 0. 0. 0. 1.96011830e-003 6.80425111e-003
    8.51558987e-004 3.66978557e-003 0. 4.70086932e-003 0. 0.
    1.69234525e-003 -7.60508701e-004 0. 4.06085933e-003 0.
    1.99393905e-003 4.83006658e-003 0. 4.48657153e-003 -3.00859465e-005
    0. -5.67211653e-004 2.91078235e-003 3.09654837e-003 6.05152221e-003
    1.34387781e-004 8.43182486e-003 5.37331635e-003 7.96602573e-004
    1.74032641e-003 8.13743286e-003 3.60216619e-003 0. 2.06229370e-003
    6.86815800e-003 0. 1.68558676e-003 -3.92552372e-003 6.40482781e-003
    1.21838355e-003 -4.69767343e-004 0. 1.80580374e-003 0. 0.
    3.34886671e-003 0. -1.48509536e-003 0. 3.89217911e-003
    1.27042774e-002 9.71187465e-003 4.64696949e-003 0. -8.12573882e-004
    0. 0. 0. 3.02714459e-003 0. 7.22639076e-003 -7.07925181e-004
    -2.63838709e-004 0. 1.53536806e-002 4.21739276e-003 -3.55228607e-004
    1.06645643e-003 0. 2.49888515e-003 4.94161667e-003 6.06026361e-003
    5.43746166e-003 0. 0. 4.08598129e-003 1.65890120e-002 0.
    1.07532635e-003 0. 2.56707170e-003 7.57540949e-003 0. 0. 0. 0. 0.
    1.14466455e-002 1.50494033e-003 0. 6.11802796e-003 5.11197885e-003
    0. 3.39356833e-003 8.47752322e-004 0. 6.91684242e-003 0. 0.
    2.16024905e-003 3.31396447e-003 -2.92586698e-003 0. 1.96247478e-003
    2.25051306e-003 1.15771694e-002 -1.79094859e-004 1.95232441e-003
    6.22147927e-003 -4.13642701e-005 -5.56182749e-005 -3.29757546e-004
    3.88305448e-003 1.46875085e-004 2.59937253e-003 0. 0. 0.
    5.05150529e-003 4.52742353e-003 0. 2.48101284e-003 0. 0.
    4.99907788e-003 3.61852261e-004 0. 0. 2.33714841e-003 0. 0.
    1.24287454e-003 3.34077841e-003 0. -4.11291112e-004 0.
    3.84444254e-003 9.84000135e-003 3.05648707e-003 5.30417264e-003
    9.67538857e-004 0. 3.23214382e-003 3.59092047e-003 3.84626514e-003
    -4.42718854e-004 0. -9.34806827e-004 2.83132959e-003 0.
    3.22632445e-003 0. 1.81872037e-003 0. 4.14429512e-003 0. 0.
    3.80005594e-003 -3.94497503e-004 0. 0. 2.77569704e-003
    5.52911684e-003 1.24983222e-003 -1.08149869e-003 1.82235730e-003
    -8.16863962e-004 3.02873348e-004 0. 0. 3.52977659e-003
    4.71556233e-003 -1.61552802e-003 -2.94605328e-004 -2.46263319e-003
    0. 0. -9.83650607e-005 3.57768429e-003 0. 0. 0. 5.61912451e-003 0.
    -4.58312250e-004 4.59827250e-003 0. 3.51935043e-003 0. 0.
    -3.40664672e-004 0. 9.15592164e-003 2.02013529e-003 0.
    -2.24738638e-003 2.56241619e-004 0. 0. 0. 8.10079463e-003
    3.65755521e-003 2.91870121e-004 6.85397163e-003 0. 0.
    8.36230989e-004 2.67566298e-003 0. 2.25233729e-003 0. 0. 0.
    4.64175409e-003 1.45637931e-003 0. 1.34451746e-003 7.66746420e-003
    8.94560479e-003 5.50423795e-003 2.41681235e-003 3.87580576e-003
    1.52689929e-003 4.21046419e-003 -2.01245747e-003 0. 1.61346868e-002
    1.14278158e-003 7.16972398e-004 0. 0. 4.12777998e-003 0. 0.
    -1.02724060e-008 1.16870052e-003 0. -1.27595186e-003
    -2.31201621e-003 5.63910510e-003 6.08726696e-004 0. 1.02717325e-003
    0. 2.35527358e-003 2.17409711e-003 1.12643105e-003 0.
    3.03796097e-003 -2.72502471e-003 -4.47686343e-003 0.
    -6.27985166e-004 0. 1.05587242e-003 0. 0. 6.89839991e-003
    7.95336533e-003 5.85723296e-003 1.80662877e-003 -1.22852123e-003
    2.43112422e-003 1.79428852e-003 4.28735977e-003 0. 4.91987541e-003
    0. 0. 1.67719927e-003 0. 3.06253624e-003 0. 3.92938219e-003
    5.54756029e-003 0. 3.81110446e-003 1.48133666e-004 -1.48616696e-003
    1.02992496e-003 3.21663753e-003 1.18213734e-002 2.38250056e-003
    3.37305292e-003 0. 0. 0. 2.87529943e-003 1.62564346e-003
    4.93468158e-003 1.64135301e-003 2.84717331e-004 1.36595592e-002
    6.29920280e-003 3.65820387e-003 0. 7.61516998e-003 3.09490599e-003
    1.43371639e-003 -9.41199141e-006 4.32888698e-003 1.48959346e-002
    2.58333795e-003 1.42066053e-003 1.43548194e-003 2.77108070e-003
    1.01300701e-003 -1.71121981e-004 0. -3.97596555e-003 3.16593144e-003
    5.09020779e-003 0. 2.28658319e-003 7.07419263e-003 0.
    -6.76955620e-004 3.00587341e-003 1.29137782e-003 5.55338222e-004
    1.70423766e-003 -2.80973094e-004 0. 0. 1.20708756e-002
    4.12633002e-004 1.51693169e-003 2.37722485e-003 -2.72463047e-004
    1.88097183e-003 4.95617045e-003 0. 6.29625400e-004 0.
    4.48092731e-004 0. 3.35450144e-003 7.92833045e-004 0.
    4.71912499e-004 2.87175411e-003 -2.23190221e-003 4.37868899e-003
    3.13827232e-003 2.21152231e-003 0. 0. 0. 1.54758082e-003 0. 0. 0. 0.
    0. 0. 0. 0. 0. 3.28662386e-003 -8.14934843e-004 -1.27995922e-003 0.
    3.26788519e-003 0. 0. 0. 3.93191399e-003 0. 3.87669425e-003
    4.48906235e-003 4.23524994e-003 3.07949563e-003 2.42472626e-003 0.
    3.23621114e-003 -4.95139393e-004 0. 0. 2.42407946e-003
    5.37758833e-003 0. 7.80686270e-003 0. 0. 1.90509087e-003
    -1.27053109e-003 0. 0. 0. 0. 0. 6.79434929e-003 0. 1.22953365e-002
    7.68043892e-003 0. -2.67564645e-003 2.45582242e-003 0.
    3.55774746e-003 0. -2.13242765e-003 0. 4.70743747e-003 0.
    3.05118482e-003 2.98898318e-003 4.45817690e-003</data></imageDescriptor>
</opencv_storage>
