<?xml version="1.0"?>
<opencv_storage>
<imageDescriptor type_id="opencv-matrix">
  <rows>1</rows>
  <cols>500</cols>
  <dt>f</dt>
  <data>
    1.83437988e-002 1.93898415e-003 2.06484878e-003 0. 0. 0.
    1.30599784e-003 0. -4.49661724e-003 7.92322028e-003 1.49396260e-003
    0. 0. 0. 1.98478205e-003 2.68583326e-003 0. 2.05235789e-003 0.
    4.88045998e-003 3.98619508e-004 0. 4.02565906e-003 0.
    1.69594132e-003 0. 0. 0. 1.17432151e-003 1.10915536e-002
    3.77649115e-003 9.03023966e-003 2.01456784e-003 1.47989264e-003
    2.67323595e-003 0. 0. 1.08822500e-002 -5.47159056e-004 0.
    -1.97026343e-003 5.02098468e-004 0. 6.57632016e-003 1.88311154e-003
    7.70215318e-003 0. -3.19562299e-004 3.54363187e-003 0. 0.
    1.22863632e-002 9.71336383e-004 -6.42682659e-003 0. 1.29909143e-002
    7.54529377e-003 0. 0. 0. 6.39995839e-003 2.17580702e-003 0.
    5.46477875e-003 2.90189125e-003 0. 0. 0. 0. -6.46934554e-004 0. 0.
    3.62542155e-003 6.40962971e-004 3.25513855e-002 -2.27742270e-003
    -1.55435747e-003 2.32893764e-003 3.27934255e-003 2.15060939e-003 0.
    -1.06017524e-002 -6.14314049e-004 3.59412748e-004 2.27349880e-003
    -1.05138833e-003 0. 0. 4.03031852e-004 0. 1.28785782e-002
    1.06487414e-002 -1.40091765e-003 0. 0. 3.10962158e-003 0.
    2.75619770e-003 0. 0. 0. 0. 0. -2.55125895e-004 1.21607343e-002
    4.22844570e-003 -1.41026196e-003 0. 0. 0. 0. -2.63306289e-003
    4.76998510e-004 -3.84841187e-005 6.28692389e-004 0. -4.09513805e-003
    -2.65177479e-003 0. -1.22150057e-003 -3.84228624e-004 0.
    5.69263520e-003 4.95519442e-003 0. 0. 0. 0. 2.67146737e-003
    -1.82590610e-003 2.56885751e-003 0. 1.27827318e-003 0. 0.
    -5.99889969e-003 0. -4.02764417e-003 -1.47035206e-002
    3.10182781e-003 1.03246784e-002 0. 4.06325003e-003 3.57281603e-003
    5.51059935e-003 0. -1.10869599e-003 0. 0. 0. -1.32645934e-003 0.
    9.95228067e-004 -6.30627968e-004 2.34460528e-003 0. 6.49677217e-003
    0. 1.19226344e-004 8.94602272e-004 0. 0. 4.42525046e-003
    9.21050739e-003 -3.75380437e-003 0. 0. -1.00251148e-003
    4.23807139e-003 0. 1.24901009e-003 2.99411756e-003 5.03489235e-003
    6.36234006e-004 -1.83407473e-003 1.73325519e-004 7.22284056e-003 0.
    7.34120607e-004 -4.07308107e-004 2.26711854e-003 3.23417340e-003 0.
    0. 1.61278509e-002 9.24972468e-004 0. 0. 5.21903252e-003 0. 0.
    3.23909800e-003 0. 0. 1.33240242e-002 0. 1.75191313e-002 0.
    2.89187860e-003 4.11719736e-003 1.77303376e-003 0. 0.
    2.50131218e-003 0. 2.80143204e-003 1.82035659e-002 0.
    -1.69429404e-003 -3.25278542e-003 1.19090714e-002 1.80977292e-003 0.
    0. -2.27047852e-003 0. 0. 3.12466966e-003 2.82938639e-003
    -2.31124135e-003 0. 1.63996324e-003 2.11541099e-003 0. 0.
    1.48477766e-003 0. 0. 1.92726133e-004 5.72894327e-003 0. 0.
    1.69837719e-003 3.12779890e-003 -2.99863960e-003 4.05771425e-003
    1.37876521e-003 8.42637499e-004 4.35642945e-003 0. 0.
    3.72137467e-004 9.00313072e-003 0. 0. 0. 0. 0. 0. 0. 0.
    2.12665484e-003 0. 6.74421340e-003 -1.03699660e-003 0. 0.
    8.76272563e-003 0. 0. 1.43221323e-003 0. 3.63790337e-003 0.
    5.41091105e-003 -2.24203127e-003 0. 7.09973881e-003 0. 0. 0.
    1.03950677e-002 3.72094614e-003 0. 0. 0. 4.26537264e-003
    1.52078280e-002 0. 6.60146074e-003 8.76214763e-004 4.36280714e-003
    2.61249649e-003 8.41900613e-003 0. 0. 2.83840694e-003 0.
    -2.64681899e-003 4.17087467e-005 1.49332471e-002 0. 1.13194890e-003
    3.11496505e-003 0. 3.75931821e-004 3.51376686e-004 1.85902975e-003
    0. -7.71188352e-004 2.14773510e-003 0. 3.58980312e-003
    4.11534635e-003 -8.00687820e-004 0. 1.80815402e-002 0. 0. 0.
    -1.23979888e-004 3.58661957e-004 1.15280719e-002 9.22310515e-004
    1.32650440e-003 0. 1.26584657e-002 6.73752371e-003 1.62272865e-003
    2.22049817e-003 0. 0. 6.56807330e-003 2.96419580e-003 0.
    9.15400859e-004 7.18277507e-003 2.34035472e-003 0. 2.48006312e-003
    -4.07482916e-003 0. 1.03671977e-004 -1.27749552e-003 4.36350470e-003
    0. 0. -1.26052566e-003 3.10290721e-003 -1.52197364e-003 0. 0. 0.
    1.11468835e-002 1.52830156e-002 2.55205808e-003 0. 2.25942209e-003
    6.77327672e-003 3.54527216e-003 3.52265779e-003 0. 0. 0. 0.
    3.37912561e-003 9.09299310e-003 0. 1.35430624e-003 0.
    3.72526562e-003 0. 0. 6.85751392e-003 2.00173073e-003 0.
    1.66724215e-003 0. 0. 0. 0. 0. 0. 2.73202633e-004 7.23294774e-003 0.
    1.95801561e-003 6.99941022e-003 7.12698908e-004 0. 3.44403600e-003
    -4.21056815e-004 6.21648680e-004 0. 1.22380210e-002 7.77138164e-003
    0. 2.65722349e-003 4.28970717e-003 0. 0. 0. 9.20332409e-003 0.
    9.95453633e-003 1.31072802e-003 2.45145313e-003 0. 0. 0.
    6.49449183e-004 2.58763350e-004 -1.75097329e-003 0. 0.
    -4.52841596e-005 0. 0. 0. 5.43740299e-003 7.18415715e-003 0.
    5.44935791e-003 1.93567437e-004 5.62808476e-003 0. 0.
    1.74960995e-003 2.17068638e-003 7.20116877e-005 3.59191326e-004 0.
    6.18536025e-003 3.70405149e-003 6.61713351e-003 0. 3.27232927e-002
    0. 0. 2.25113798e-002 0. -3.11160320e-003 7.48400530e-003
    6.53330516e-003 0. 0. 1.11103302e-003 0. 2.47291708e-003 0. 0. 0. 0.
    0. 1.82635034e-003 0. -1.43874122e-003 7.41113164e-003
    4.54967562e-003 1.90297107e-003 0. -8.26047454e-003 -1.46473921e-003
    0. 1.85715302e-003 1.14075001e-003 8.33525974e-003 9.66776349e-003
    -4.68477374e-004 -4.88082180e-004 -8.76136648e-004 0. 0.
    3.76397744e-003 0. 3.72259431e-002 7.70810572e-003 0.
    5.25719672e-003 1.25225587e-002 0. 3.75687750e-003 0. 0.
    4.35704645e-003 0. 0. 4.05693473e-003 0. 3.76394019e-003
    5.03934454e-004 0. 0. 7.06809992e-003 2.80191167e-003
    2.01442325e-003 1.35602336e-002 0. 1.52748043e-003 7.51796528e-004
    3.56830680e-003 0. 0. 0. 0. 2.34936108e-003 -4.93230509e-005 0. 0.
    1.51484588e-003</data></imageDescriptor>
</opencv_storage>
