<?xml version="1.0"?>
<opencv_storage>
<imageDescriptor type_id="opencv-matrix">
  <rows>1</rows>
  <cols>500</cols>
  <dt>f</dt>
  <data>
    0. 5.10123267e-004 2.40531890e-003 2.84591410e-003 0.
    1.27687899e-005 9.47680499e-004 2.62482720e-003 7.43006356e-004
    -8.18085682e-005 5.42193372e-003 0. 2.73416797e-003 -3.56436009e-004
    8.27692798e-004 0. 3.98269668e-003 2.10693292e-003 2.74700299e-003
    -6.89970562e-004 1.30111375e-003 5.12499595e-003 0. -1.00010796e-003
    0. 1.41259725e-003 7.25308340e-003 2.70373770e-003 2.79178075e-003
    2.01538624e-003 1.83191747e-004 0. 3.48443887e-003 5.58100315e-003
    -3.60302365e-005 6.32307201e-004 2.30668602e-003 3.64328502e-004
    3.32126231e-003 5.56681445e-003 6.67376211e-004 -3.10069392e-003
    2.66243564e-003 8.81093275e-003 1.96030852e-003 0. 1.09022502e-002
    -4.80706221e-004 4.07804269e-003 1.96592743e-003 1.27535290e-003
    3.82005051e-003 -3.69249203e-004 -7.26475264e-005 0. 1.72331603e-003
    0. 3.55246337e-003 1.22023448e-004 4.84354189e-003 1.53292657e-003
    0. 4.47655143e-003 1.08865194e-003 0. 2.51585478e-003
    1.14520208e-003 4.12420370e-003 -1.15782698e-003 9.84112965e-004
    5.08695003e-003 3.31648369e-003 5.79976616e-003 1.95495738e-003 0.
    1.72709359e-003 0. 0. 0. 1.03571848e-003 -1.58990361e-003
    3.63307958e-003 2.10633548e-003 2.39494629e-003 4.52020532e-003
    6.57960540e-003 1.88969681e-003 -1.67094439e-003 0. 2.52053724e-003
    3.35910101e-003 9.02483333e-003 3.24218534e-003 1.03317574e-003 0.
    1.56862108e-004 5.64051419e-003 1.06009317e-003 2.79688626e-003
    1.70692126e-003 1.40177726e-003 0. 9.09037888e-004 5.10381674e-003
    3.37394257e-003 1.05228939e-003 4.19707410e-003 8.04156389e-006
    5.54660754e-003 0. 3.38820065e-003 3.72275128e-003 3.04244109e-004
    0. 1.64826436e-003 2.93605356e-003 3.71417007e-003 0.
    1.38736027e-003 3.14258155e-004 0. 1.02771563e-003 0.
    9.90240369e-004 1.75320003e-002 -9.76119889e-004 1.20692502e-003
    5.58084357e-005 1.57379580e-003 1.40758511e-003 2.91498331e-003
    -1.64362229e-003 1.08976569e-003 1.50242436e-003 2.23717745e-003
    7.66714243e-003 4.78652626e-004 4.51378338e-003 3.05707613e-003
    1.18455202e-004 1.02130119e-002 0. 1.16377312e-003 1.35830860e-003
    2.41771201e-003 1.40737521e-003 6.46454655e-003 1.66897150e-003 0.
    -2.34900319e-004 3.10480798e-004 1.28998107e-003 9.15618730e-004
    2.76275887e-003 6.23076595e-003 0. 1.01515604e-003 0.
    6.97448989e-003 0. 1.36626326e-003 7.51284184e-004 3.42199393e-003
    0. 8.78861407e-004 6.14223117e-003 -5.72157034e-004 4.31251107e-003
    1.43391243e-003 4.01242869e-003 -1.97364530e-003 3.76098859e-003
    -7.85393699e-004 1.70311809e-003 1.42749620e-003 -8.26355943e-004
    4.05078148e-003 0. 0. 0. 1.70371775e-003 0. 0. 8.87485314e-003
    2.01019761e-003 4.35390603e-003 2.97161750e-003 1.15203578e-003
    4.53956134e-004 0. 2.63294461e-003 5.49164787e-003 0. 0.
    3.64654302e-003 4.11752239e-003 -1.57062092e-003 -5.93609118e-004
    5.17466152e-003 0. 5.63530205e-003 8.83432513e-004 4.02429374e-003
    5.37020329e-004 1.55690964e-003 6.44465035e-004 8.34267028e-003
    2.63342488e-004 -1.34632667e-003 7.36552058e-004 0. 1.28623936e-003
    -2.09356612e-003 2.21589510e-003 2.10004556e-003 8.56974453e-004 0.
    3.76947969e-003 0. 5.14322519e-003 0. -1.68899004e-003
    2.00743484e-003 8.83517379e-004 3.79103818e-003 -5.10377402e-004
    2.25739204e-003 0. 1.78620615e-003 1.68507209e-003 5.75048383e-003
    8.53472017e-003 5.41663310e-003 1.64877716e-002 4.02250560e-003
    7.45142112e-003 2.63936794e-003 7.27028993e-004 0. 2.26816023e-003
    1.66638719e-003 4.49059578e-003 4.79893712e-003 6.59655663e-004
    6.18588738e-003 -3.14399274e-003 0. 3.67821380e-003 3.94939957e-003
    6.03536656e-003 5.45546573e-005 4.29810643e-005 1.69866928e-003
    4.12165327e-003 7.25446036e-004 1.02026912e-003 8.46305303e-003
    2.28003692e-003 7.29634427e-003 3.77812888e-003 1.37994089e-003 0.
    6.22452609e-003 1.28759642e-003 -1.35614409e-003 0. 1.59216725e-004
    0. 2.02630088e-003 0. 6.60947710e-003 1.94607535e-003
    -5.14518179e-004 3.92179145e-003 4.47489740e-003 0. 8.54006619e-004
    2.24898616e-003 0. 8.16549989e-004 6.85740169e-003 -2.84122914e-004
    3.18866863e-004 6.73139933e-003 -2.06449724e-004 1.95049273e-003
    1.17171928e-003 1.10682438e-003 0. 1.24746340e-003 4.83570248e-003
    4.73711686e-003 1.20204939e-002 0. 1.48616731e-003 1.88049406e-003
    0. 0. -2.82242865e-004 0. 0. 4.92478209e-003 -5.60292683e-004
    5.19862119e-003 1.12535304e-003 2.78413785e-003 2.83812452e-003
    8.46092065e-004 -6.18351449e-004 1.16218079e-003 2.40281364e-003
    4.15668031e-003 5.72359981e-003 1.12611020e-003 1.04106208e-002
    -7.85598968e-005 2.67086760e-003 2.03912309e-003 3.25178873e-004 0.
    0. 3.88680026e-003 0. 1.52358459e-003 0. 1.64674269e-003
    -5.73986734e-004 3.64848832e-003 -5.93918317e-004 2.23728316e-003
    2.21238704e-003 5.35668619e-003 -8.05385353e-005 1.55271578e-003
    -9.98163247e-004 2.94486620e-003 5.00827003e-003 3.17068235e-003 0.
    0. 3.34982108e-003 7.21120334e-004 -3.85361112e-004 3.15783592e-003
    2.89342436e-003 0. 5.47507079e-003 7.38684554e-004 0.
    1.80881389e-003 2.55372329e-003 2.97232741e-003 7.20652228e-004
    3.31988488e-003 0. -2.04170228e-005 6.95136562e-003 3.90703353e-004
    1.47416536e-003 5.83337294e-003 4.68389771e-004 9.43100487e-004
    -1.74257881e-003 0. 3.40056093e-003 1.37773273e-003 5.98058628e-004
    1.94827176e-003 0. 5.44367405e-003 1.81592931e-003 6.89514913e-003
    7.94826890e-004 0. -3.18734848e-004 7.93573505e-004 7.57077895e-003
    -3.29881674e-004 7.72862462e-003 0. 6.98756194e-003 2.36831629e-003
    -2.02815791e-004 3.42667894e-003 6.41892431e-003 4.99860197e-003
    5.39951678e-003 1.43260811e-003 1.68686485e-004 2.54798634e-003 0.
    0. 2.20244052e-003 -1.35529088e-003 2.60037673e-003 0.
    3.07651865e-003 7.23693520e-005 1.81990920e-003 4.10413340e-004
    6.11477671e-003 1.26187166e-004 2.71434576e-004 1.95602421e-003 0.
    1.48613122e-003 0. 3.10277729e-003 0. 2.68006930e-003
    1.00989398e-002 5.62514318e-003 3.76118487e-003 0. 3.36483936e-003
    0. 0. 7.44515099e-004 8.02580733e-003 6.72054884e-004
    5.37304441e-003 1.06469507e-003 6.40691165e-003 -2.39298297e-005
    8.42266134e-004 2.20528251e-004 1.27014648e-002 0. 0. 0.
    1.29950012e-003 2.51908554e-003 0. 0. 1.68790354e-003
    1.29246968e-003 4.68913605e-003 1.43907440e-004 6.34143304e-004
    1.89621083e-003 6.82373066e-004 1.26996345e-003 1.17811549e-003
    1.10101886e-003 -1.01872114e-003 -3.06903501e-004 0. 2.68603582e-003
    -5.76823310e-004 -1.42387027e-004 4.61106282e-003 0. 7.92794977e-004
    1.02453609e-003 2.25741370e-003 -4.61666350e-004 2.38813343e-003
    1.13248276e-002 6.09912036e-004 1.25000929e-003 0. 0.
    3.75087280e-003 0. 3.55284079e-003 -3.51074873e-003 3.13389301e-003
    1.64441473e-003 0. 9.68799723e-005 -1.60684378e-003 2.63910764e-003
    2.14138138e-003 0. 8.17151507e-004 1.35759066e-003 9.12011229e-003
    1.10669027e-003 2.73885112e-003 5.88962995e-003 1.24490622e-003
    1.68473436e-003 0. 4.58819885e-003 3.18071642e-003 2.83318828e-003
    0. 0. 3.05830338e-003 9.08397138e-004 0. 1.31632073e-003
    2.29808083e-003 0. 0. 1.26053719e-003 2.44032894e-003
    7.00033444e-004 4.34884056e-003 -2.60094210e-004</data></imageDescriptor>
</opencv_storage>
