<?xml version="1.0"?>
<opencv_storage>
<imageDescriptor type_id="opencv-matrix">
  <rows>1</rows>
  <cols>500</cols>
  <dt>f</dt>
  <data>
    0. 9.21476446e-003 4.14642040e-003 2.69638258e-003 0.
    -4.33189416e-004 -6.60535239e-004 0. 0. 0. 5.94124943e-003 0.
    5.69805084e-003 3.02844681e-003 0. -1.13584707e-003 0.
    -2.65945448e-004 0. 0. 3.32860323e-003 -9.55641386e-004
    1.08690071e-003 0. 8.91816046e-004 0. 0. -3.41497385e-003
    5.80917438e-003 0. -2.62003322e-003 -9.91328779e-005
    -8.50339595e-004 1.93790125e-003 1.06300891e-003 1.90594961e-004 0.
    1.04088550e-002 1.60752109e-003 0. 1.81426690e-003 5.69902128e-003
    0. 5.94407599e-003 1.32684375e-003 3.26176221e-003 0.
    3.50015541e-003 0. 3.66756832e-003 0. 0. 2.85192649e-003 0. 0.
    1.26335043e-002 0. 3.09498562e-003 4.22414253e-003 3.06483533e-004
    1.69498716e-002 6.75808731e-003 1.78411859e-003 4.62716026e-003
    2.68882420e-003 0. 0. 0. 0. 3.00489762e-003 -3.21280048e-003
    5.98056754e-003 5.46615710e-003 7.44605553e-004 -3.07884649e-004
    4.43386892e-003 -1.11813971e-003 1.63785461e-003 2.67151860e-003 0.
    4.44899313e-004 -3.95352533e-003 1.41934375e-003 7.03704893e-004
    3.76574404e-004 3.61167756e-003 4.11150558e-003 0. 7.33534480e-003
    0. 1.03565736e-003 0. 0. 2.84871808e-003 0. 2.82128341e-004
    1.42565661e-003 0. 3.32251098e-003 0. 0. 1.85720471e-003
    4.58848663e-003 1.09204995e-002 0. 5.54492930e-004 -3.11409967e-004
    -4.72382417e-005 0. 1.54560234e-003 0. 0. 0. 1.02392519e-002 0.
    8.55080842e-004 7.40889343e-004 8.48300115e-004 2.62939301e-003
    -8.39253480e-004 4.31795046e-003 0. 0. 5.62443864e-004 0.
    -6.60142745e-004 2.82281335e-003 2.17410759e-003 2.93871062e-003
    7.37920590e-003 0. 1.25349164e-002 1.59742159e-003 1.98519719e-003
    1.13875151e-003 2.00321549e-003 7.60574127e-004 -5.79378568e-004
    -1.81567874e-002 2.05275090e-003 1.42582215e-003 0. 0.
    2.62416690e-003 0. 4.05449769e-004 0. 4.75739827e-003 0. 0. 0.
    -1.46450952e-003 1.50291680e-003 9.74566734e-004 1.85534509e-003
    -1.49784333e-004 1.46316998e-002 8.27859680e-004 0. 1.61186943e-003
    2.57411390e-003 -7.08448701e-004 0. 0. -1.33865082e-003 0.
    1.55446737e-003 1.87307643e-003 4.57689678e-003 4.05757595e-003 0.
    3.86866624e-003 3.65672726e-003 5.39697357e-004 2.29365821e-003 0.
    3.40315001e-003 0. 5.85859688e-003 0. 1.08909320e-004
    1.02003552e-002 1.11032678e-002 1.42528070e-003 2.01794063e-003
    4.14792867e-003 1.10468746e-003 0. 8.90826923e-004 8.00929498e-003
    5.66029781e-003 -7.06327555e-004 0. 1.04126113e-003 4.16105380e-003
    0. 1.05939270e-003 0. 0. 1.83507614e-003 0. 2.70238612e-003 0. 0. 0.
    0. -7.39010051e-004 0. 0. 1.25268083e-002 6.45453343e-004
    5.16177015e-003 3.17360996e-003 8.72014352e-005 8.94933846e-003
    7.54691544e-004 0. 1.07261282e-003 0. 1.35629717e-003 0.
    1.32218865e-003 0. 1.82422670e-003 -7.11997331e-004 0.
    -2.40856898e-004 0. 5.51169447e-004 0. 2.38860562e-003 0.
    3.72533617e-003 0. 1.93996425e-003 8.55879975e-004 0.
    1.85364683e-003 0. 2.12324946e-003 1.01968100e-004 6.77880540e-004
    1.50082668e-003 -1.53539132e-003 2.54282984e-003 2.92485650e-003
    1.89652352e-003 0. 0. 2.97160284e-003 4.54785349e-003
    3.12000047e-003 1.54307601e-003 4.90446948e-003 2.74214544e-004
    5.30870585e-003 5.14989858e-003 4.61860001e-003 0. 8.17931257e-003
    0. 0. 9.47321020e-003 1.92635122e-003 7.03042746e-003 0.
    2.05876469e-003 -7.62548647e-004 1.66651641e-003 0. 0.
    -7.11025379e-004 2.30281474e-003 2.15176423e-003 2.62801931e-003 0.
    4.72998573e-003 2.20533391e-003 5.53848688e-003 0. 2.79824017e-003
    1.37186958e-003 1.97790074e-003 4.73034848e-003 0. 0.
    6.62602950e-003 1.21595955e-003 3.48984427e-003 -4.14654263e-004 0.
    0. 4.49829316e-003 0. 7.40360515e-003 1.88546125e-002 0.
    9.16319084e-004 4.90220357e-003 4.65357956e-003 0. 2.46016658e-003
    1.55821780e-003 5.25909057e-003 1.78904447e-003 3.65619850e-003
    3.65954312e-003 1.74556707e-003 -2.71889992e-004 5.59212733e-003 0.
    1.20242432e-004 -5.38959401e-004 2.58525903e-003 0. 2.70888023e-003
    0. 1.28298334e-003 4.68077464e-003 0. 7.85074290e-003 0.
    2.95062433e-003 2.64524086e-003 9.13738098e-004 1.46872853e-003
    8.98247398e-003 5.79769816e-003 0. 0. 0. 1.39490794e-002
    3.61716165e-003 3.10325972e-003 3.40779172e-003 1.51557196e-003
    3.75493517e-004 3.56607023e-003 0. 2.51182675e-004 0. 0.
    -6.81549427e-004 1.24201528e-003 7.53086386e-003 0. 0.
    1.75833807e-003 2.38730107e-003 2.26152781e-003 4.47791768e-003
    2.51421006e-003 0. 5.98851475e-004 0. -1.20111828e-004
    2.47574737e-003 2.60599959e-003 1.60930422e-003 3.10643739e-003 0.
    -1.19421014e-003 0. 0. 0. 1.38335419e-003 0. 0. 2.41376762e-003
    8.01400281e-004 1.57512783e-003 7.49287079e-004 1.73140049e-003
    -1.38225395e-003 1.88783056e-003 0. 2.07152357e-003 0.
    1.98451942e-003 0. -2.78555905e-003 9.79698822e-003 1.52671048e-002
    1.20452570e-003 8.54085840e-004 0. 0. 3.57589149e-003
    3.19635752e-003 3.38643836e-003 0. 1.00859755e-003 0.
    1.50893896e-003 0. 5.52585628e-003 0. 1.79563474e-003
    -2.78083165e-003 0. 0. -1.63654285e-003 -3.78645863e-003
    -9.97695024e-004 0. -9.45199514e-004 0. 6.50254020e-004
    3.58960009e-003 0. 9.89353750e-003 0. 5.91906346e-003
    4.59357537e-003 3.02747241e-003 0. 0. 0. 0. 5.01136621e-003 0.
    -5.75906051e-006 1.00174248e-002 2.06302968e-003 4.79861069e-003
    2.17934488e-003 -4.21140110e-003 6.90285023e-003 1.04740905e-002
    5.61890937e-003 0. 1.67179352e-003 2.65844981e-003 0. 0.
    3.04830936e-003 1.16984989e-003 0. 3.68594774e-004 7.30359054e-004
    2.18242244e-003 0. 4.62858612e-003 -1.39391969e-003 0.
    9.75957420e-003 3.84651730e-003 8.38506687e-003 2.51740543e-003 0.
    0. -1.00048725e-003 -1.20912923e-003 6.53911335e-003
    -1.64852056e-004 0. 4.20034351e-003 1.36504043e-003 3.13561433e-003
    6.54119300e-004 2.03310396e-004 2.86426977e-003 4.21542209e-003
    1.93129969e-003 0. 6.79269508e-002 0. -1.13052723e-003 0.
    2.73955078e-003 3.89519706e-003 0. 0. 0. 1.71308126e-003
    -9.34456009e-004 3.04566650e-003 -1.19425022e-004 0. 6.85928576e-003
    0. 7.05968728e-003 1.33636058e-003 1.23497099e-003 0.
    6.68435870e-003 7.44856196e-003 0. 0. 1.84549429e-002
    1.72949431e-003 0. 9.77531075e-004 0. 7.94500113e-004
    1.23187862e-002 5.46806958e-004 0. 1.41628654e-004 6.74078101e-003</data></imageDescriptor>
</opencv_storage>
