<?xml version="1.0"?>
<opencv_storage>
<imageDescriptor type_id="opencv-matrix">
  <rows>1</rows>
  <cols>500</cols>
  <dt>f</dt>
  <data>
    5.04593700e-005 -2.25904791e-004 1.64406642e-003 2.87156482e-003
    1.81246269e-003 3.99385998e-003 2.29427847e-003 3.48539860e-003
    2.03488744e-003 4.57590679e-003 1.10077858e-003 1.22450297e-006
    1.08838407e-003 4.99152346e-004 1.50227372e-003 7.23072281e-003 0.
    4.85495059e-003 1.80515985e-003 3.67502728e-003 3.62224900e-003 0.
    2.40585068e-003 2.19792244e-003 -4.10723645e-004 4.42399038e-003 0.
    4.62286203e-004 3.93616967e-004 2.98442249e-003 0. 6.20768755e-004
    0. 3.04027065e-003 2.68746866e-003 6.82652835e-003 -8.14376748e-004
    1.85517722e-003 7.74443324e-004 0. 5.99772297e-003 6.29068410e-004
    0. 2.05033505e-003 -6.08495146e-004 1.57411536e-003 3.45158856e-004
    0. 2.82602524e-003 2.05504883e-004 2.94136303e-003 0.
    1.82103971e-003 1.71674346e-003 6.11957948e-005 2.10991758e-003
    9.76393116e-004 6.40339311e-003 -7.54364708e-004 1.09853572e-003
    2.47897161e-003 2.74099899e-003 4.93419648e-004 1.45098742e-003
    -6.57293422e-004 9.29578091e-004 4.53172019e-003 5.54357655e-003
    2.11145100e-003 0. 2.28177197e-003 2.89140665e-003 1.71099964e-003
    2.12627579e-003 1.58281252e-002 1.37219147e-003 3.58183403e-003
    2.57493369e-003 1.46316760e-003 1.70587722e-004 9.09530732e-004
    3.85514763e-003 -8.56360130e-005 2.92239012e-003 1.55353744e-003 0.
    1.27108931e-003 5.60291053e-004 5.43649727e-003 1.09640043e-003
    1.10029872e-003 -1.82746875e-003 -1.84206467e-004 -2.81994522e-004
    1.37505599e-003 1.65266567e-003 4.15356830e-003 1.08335335e-002
    3.37009877e-003 -3.76277632e-004 3.30910366e-003 3.79874231e-003
    -4.12078400e-004 -1.38216608e-004 1.46162207e-003 0. 2.51921173e-003
    6.89953682e-004 2.04492942e-003 6.86302665e-004 0. 2.56246072e-003
    3.00327130e-003 3.23273707e-003 3.94275459e-003 1.36845279e-003
    2.87947035e-003 3.85256717e-003 0. 1.69210194e-003 0.
    1.96397910e-003 -1.17728265e-003 0. 5.76397311e-003 4.77277767e-003
    2.68970290e-003 9.47803026e-004 1.55751710e-003 -1.33556384e-003
    5.25825005e-003 0. 9.47537425e-004 8.06176686e-004 0. 0.
    4.17796103e-003 1.08590035e-003 -2.08615325e-003 0. 0.
    4.75571444e-003 0. 1.19492400e-003 6.14867173e-003 2.33283406e-003
    2.87236180e-003 -1.83752745e-005 1.89935486e-003 5.31634782e-003
    1.06141751e-003 4.01434395e-003 1.75933028e-003 2.65631941e-003
    6.80969795e-003 0. 4.28899395e-004 1.16262899e-003 2.83535407e-003
    1.08918427e-002 6.25524670e-003 1.53128151e-003 5.98725281e-004
    3.03231739e-003 2.33693188e-003 5.87670598e-004 2.51815375e-003
    5.85957081e-004 1.19413482e-003 5.62351244e-003 5.45340707e-004
    2.26673530e-003 1.37183280e-003 0. 0. 2.65300204e-003 0. 0.
    3.97762191e-003 4.91572451e-003 3.67322355e-003 2.92259175e-003
    4.12457128e-004 1.04670576e-003 0. 2.36431439e-003 0. 0.
    9.51178197e-004 5.37674036e-003 2.41402886e-003 6.38341159e-003
    1.34329754e-003 3.64313740e-003 -7.97091227e-004 4.44525183e-004
    3.03137000e-004 3.60265188e-003 0. 4.78790025e-004 -1.21743164e-004
    7.40999414e-004 0. 0. 2.84716883e-003 4.73675085e-003 0.
    3.33336857e-003 0. 1.18514278e-003 4.84942785e-003 2.80128815e-003
    1.20457867e-003 0. 3.95666622e-003 7.05545396e-003 4.41446435e-004
    5.01402328e-003 2.11656024e-003 1.08170044e-003 4.38450277e-003 0.
    1.29142439e-003 0. 9.89891123e-003 0. 1.22709444e-003
    1.94073329e-003 1.34134269e-003 5.99803403e-003 1.30026916e-003
    6.40466169e-004 0. 0. 0. 2.30742781e-003 9.14582238e-003
    1.29709905e-003 3.59552540e-003 -3.17677222e-005 1.03974307e-003
    3.13939503e-003 0. 8.99150400e-005 1.09021249e-003 -1.51531759e-003
    -5.25140378e-004 2.31556036e-003 0. 0. 1.49886392e-003
    4.81350953e-003 2.47189146e-003 0. 2.92727724e-003 4.26751882e-004
    1.59581087e-003 6.27817062e-004 3.39706941e-003 1.45654369e-003
    1.66965229e-003 2.20362982e-003 0. 3.86679941e-003 2.24236492e-003
    1.91006146e-003 4.38454980e-003 2.26971018e-003 1.75427692e-003 0.
    3.40372353e-004 6.27450366e-003 2.97797937e-003 0. 2.91393185e-003
    1.45486323e-003 7.92855164e-004 4.47382452e-003 3.55465035e-003
    -8.75763537e-004 0. 2.75529921e-003 2.18336863e-004 1.94068928e-003
    2.11179815e-003 -1.84159237e-003 6.05552959e-005 4.23498359e-003
    2.30978942e-003 5.45846997e-004 5.45754097e-003 0. 3.08597879e-003
    3.70874512e-003 6.16530189e-003 0. 1.33682229e-003 3.74661293e-004
    1.21384708e-003 -4.83493408e-004 5.61833149e-004 3.52353993e-004 0.
    1.42323400e-003 9.07224603e-004 0. 1.83413306e-003 3.67980916e-003
    5.60640171e-003 5.07942680e-003 6.99658738e-003 5.48007619e-003 0.
    4.98274295e-003 1.78184896e-003 1.26971048e-003 6.52221171e-003 0.
    3.75297526e-003 1.74419081e-003 1.89144327e-003 0. 2.91474629e-003
    3.98384966e-003 2.56496016e-003 1.24031771e-003 3.18567245e-003 0.
    2.52478640e-003 4.01421590e-003 0. 0. 4.11014407e-005 0.
    -2.96694372e-004 -8.37110856e-005 2.81096133e-003 3.45869316e-003
    3.30352271e-003 0. -3.38057929e-004 6.98145619e-003 5.52298035e-004
    4.39044973e-003 2.53247167e-003 1.70672743e-003 0. 8.36619525e-004
    -4.22657875e-004 3.26894037e-003 8.20940069e-004 1.18319655e-003
    1.11913239e-003 8.10973812e-003 6.25055376e-003 3.36503843e-003
    2.81153974e-004 -6.40452199e-004 7.12926639e-003 2.84552691e-004
    2.62055616e-003 1.16469688e-003 1.39553705e-003 6.04420085e-004
    -2.86632305e-004 1.29305653e-003 3.90434195e-003 -2.60032626e-004
    9.43776034e-003 2.51805689e-003 2.04640930e-003 2.17471179e-003 0.
    1.04779927e-002 0. 3.73417884e-003 4.44437563e-003 -6.23212312e-004
    0. 4.20675799e-003 1.98305794e-003 0. 1.49653340e-003
    -1.54260208e-003 1.85687898e-003 0. -1.31585577e-003 0.
    1.27695594e-003 4.19700984e-003 4.06321045e-003 3.46838613e-003
    4.26526135e-003 0. 1.37182756e-003 5.49591146e-003 6.66988874e-003
    1.61435557e-004 0. 8.97951948e-004 0. 2.26469524e-003
    2.03370512e-003 1.04476079e-004 3.95192904e-003 6.35430869e-003
    9.86841857e-004 4.20624507e-004 1.38901628e-003 1.31496950e-003
    1.07136578e-003 7.06441293e-004 -9.02592801e-005 2.25613825e-003 0.
    0. 4.68622334e-003 3.39595042e-003 0. 1.86340197e-003
    3.64464638e-003 0. 1.12892664e-003 2.77239014e-003 0.
    4.84437589e-003 4.52008419e-004 4.95900726e-003 -3.82747647e-004 0.
    1.58611697e-003 2.69479444e-003 -1.06108643e-003 1.76289846e-004
    9.99727985e-004 1.00956555e-003 0. 6.61984493e-004 3.70128267e-003
    3.53746186e-003 -3.06747068e-004 7.41865532e-003 0. 9.31230723e-004
    5.85408940e-004 1.84470986e-003 3.23398667e-003 3.44974664e-003
    3.87955783e-003 -3.44257080e-003 0. -1.14895450e-003 4.25493997e-003
    5.93294716e-003 9.62286023e-004 7.11470284e-003 1.26362231e-003
    3.34096677e-003 1.58670172e-003 1.15593080e-003 3.17127071e-003
    3.15609691e-003 1.75549765e-003 2.33557425e-003 4.34428686e-004
    2.11162101e-002 1.55878800e-003 1.90223148e-003 1.87619927e-003
    3.38959019e-003 9.66222200e-004 3.96289071e-003 3.95368226e-003
    2.30968697e-003 2.26979540e-003 2.60576140e-003 0. 4.37635509e-003
    0. 6.36888994e-003 2.64599826e-003 3.82803543e-003 3.55569005e-004
    3.27394670e-003 2.16057510e-004 3.21843335e-003 8.70113086e-004
    4.10581660e-003 2.79856543e-003 3.28315957e-003 0. 8.13379476e-004
    2.19438924e-003 1.78016617e-003 3.82635300e-003 8.29626049e-004
    1.47060293e-003 3.18968715e-003 6.51258233e-005 0.</data></imageDescriptor>
</opencv_storage>
