<?xml version="1.0"?>
<opencv_storage>
<imageDescriptor type_id="opencv-matrix">
  <rows>1</rows>
  <cols>500</cols>
  <dt>f</dt>
  <data>
    3.73825477e-003 7.71045638e-003 0. 2.19677761e-003 1.00894540e-003
    6.76316267e-004 2.91061844e-003 -3.62151506e-004 5.40413894e-004
    8.23409948e-003 1.20311335e-003 6.04101864e-004 1.52659439e-003 0.
    3.12392204e-003 2.66760658e-003 0. 1.40396575e-003 0.
    1.12341275e-003 8.96472891e-004 6.05002628e-004 -4.38575633e-004
    3.70370544e-005 8.00461229e-003 0. 1.18649565e-003 3.41316545e-003
    2.60988541e-004 4.15146118e-003 3.35369958e-003 5.81018208e-003 0.
    0. 2.86017708e-003 4.65802290e-003 8.28253757e-003 1.70665258e-003
    6.69618975e-003 2.24533593e-004 2.31960625e-003 7.67228333e-003
    1.34315796e-003 4.25486476e-004 7.93741271e-003 1.56812202e-002
    2.02040491e-003 -1.56347104e-003 1.06012449e-003 0. 0.
    6.63110381e-003 0. 1.89314585e-003 4.88238595e-003 -9.53662849e-004
    0. 1.57448498e-003 -1.34719687e-003 4.02106717e-003 2.36277562e-003
    0. 4.14348859e-003 2.78841541e-003 4.19527851e-003 -8.82058812e-004
    0. 4.68231650e-004 4.40992881e-003 0. 1.81535186e-004
    3.18039302e-003 0. -1.44932448e-004 2.48607085e-003 0.
    1.16578315e-003 8.16855580e-003 8.26832652e-003 0. -2.68675433e-003
    -9.73527844e-004 -4.57024231e-004 -1.62835419e-003 2.42733234e-003
    0. 4.75028576e-003 7.70723738e-004 2.27994565e-003 4.93178563e-003
    0. 7.40242749e-003 0. 0. 7.53856264e-004 0. 0. 0. 2.89541786e-003
    1.10113717e-004 3.02766421e-004 8.57716586e-005 0. -8.83431989e-004
    0. 3.68115795e-003 -1.25674263e-003 6.41803117e-003 1.08641433e-002
    1.28176238e-003 1.10568386e-003 0. 4.14291368e-004 5.70290547e-004
    0. 7.57879158e-003 -3.24609748e-004 -6.68922497e-004 0.
    7.31017860e-003 -1.65512276e-004 0. 0. 2.24546809e-003
    6.10741205e-004 6.08712260e-004 1.26591022e-003 5.06509328e-004
    -7.49201979e-004 0. 5.20376582e-003 -2.35440955e-003 6.41829241e-003
    5.03992988e-003 3.82817746e-003 1.96698192e-003 1.18328695e-004
    3.37990024e-003 -4.79690818e-004 0. 2.95076100e-003 -1.15266978e-003
    2.02623731e-003 0. 0. 4.84168995e-003 -2.15623924e-003
    4.78276837e-004 0. 0. -4.77288093e-004 6.16490701e-003
    -1.60932343e-003 7.63500016e-003 -4.49359970e-004 0.
    -8.52230529e-004 3.35124577e-003 1.49013707e-002 1.00934075e-003 0.
    3.14721325e-003 7.32740061e-003 0. 0. 9.35685239e-005
    4.49472666e-003 4.30061948e-003 2.75829248e-003 1.35320937e-003
    2.63651740e-003 0. 4.58343915e-004 9.85190040e-004 1.56164332e-003
    0. 1.48208616e-002 0. 0. 0. 0. 0. 1.58935436e-003 0. 5.97173069e-003
    1.47843082e-003 3.57294385e-003 3.52481817e-004 1.68049359e-003
    3.86805879e-003 8.01005680e-003 3.76457279e-003 0. 1.01443939e-002
    6.63237972e-003 0. -1.79305125e-003 0. 0. 0. 0. 1.21876888e-003 0.
    3.70222078e-005 2.32864846e-003 2.41496880e-003 0. 2.04805168e-003
    -2.55380553e-004 2.92369584e-003 1.55228726e-003 9.81418695e-003 0.
    -4.01063095e-004 5.88502130e-003 2.20261212e-003 4.24837833e-003
    1.07943267e-003 2.90488871e-003 -1.59662077e-003 2.71466305e-003
    -2.21563526e-003 -4.12539288e-004 1.22307735e-002 2.05242038e-002
    4.53429180e-004 0. 1.27919354e-002 0. 2.50638975e-003
    7.00913230e-003 4.86347359e-003 6.85433997e-003 1.54900458e-003
    3.53853428e-003 1.68055366e-003 0. 0. 2.57143565e-003
    2.69305729e-003 6.21809252e-003 2.25872197e-003 0. 2.78168148e-003
    3.92626598e-003 7.22299702e-003 -1.26532360e-003 2.08670762e-003
    1.77894824e-003 4.83262399e-003 -3.12554627e-003 3.66355618e-003
    5.01932763e-003 0. 0. 1.23652956e-003 1.15464060e-002 0.
    -8.00435839e-004 1.89137529e-003 0. 0. 0. 5.61202224e-003 0.
    1.95605913e-003 1.05297135e-004 3.96273611e-003 0. 1.94285274e-003
    0. 5.98515244e-003 1.29478576e-003 0. 6.73958752e-003
    4.95681074e-004 3.46527610e-004 5.25725132e-004 1.12185208e-002
    2.83860811e-003 2.65941094e-003 -1.26625225e-003 5.12480037e-003
    3.06168944e-003 -3.62244202e-004 1.35309843e-003 6.78085838e-004
    9.03614215e-004 6.77425123e-004 1.88421796e-003 4.61448729e-003
    3.99338128e-003 0. 5.99000661e-004 2.49040080e-003 4.12008585e-003
    4.24052682e-003 0. 8.53032060e-003 4.16633394e-003 1.91278220e-003
    2.57865875e-003 0. 8.68444517e-003 1.70287606e-003 2.68959580e-003
    0. 1.11109181e-003 1.53535802e-003 0. -1.83937431e-003
    3.57454014e-003 0. 4.90100007e-004 -1.42574121e-004 2.87727732e-003
    4.76079062e-003 9.44509171e-003 0. 3.30557139e-003 4.12701163e-003
    1.54196296e-003 3.37522151e-003 0. 8.50843091e-004 2.80353252e-005
    0. 2.64234585e-003 0. 8.16675834e-003 0. 1.15613826e-003 0. 0.
    1.65556892e-004 3.78282322e-003 0. 6.93228003e-003 1.25490362e-003
    0. 2.31337105e-003 -1.87600293e-004 8.48495867e-004 4.61285934e-003
    4.73573105e-003 0. 0. 8.56603682e-003 0. 1.59691437e-003
    2.58618337e-003 4.73305304e-003 2.36021564e-003 0. 2.28323872e-004
    3.50529887e-003 4.76979744e-003 4.56943417e-005 0. 0. 0. 0.
    8.48580559e-004 1.44693293e-002 6.80250989e-004 0. 0.
    2.01545563e-003 -8.70733711e-005 1.02063204e-004 4.51066648e-004
    -2.84219882e-003 0. 2.01824284e-003 0. 0. 3.40446801e-004
    1.10418675e-003 3.94966500e-003 2.34994851e-003 2.73889815e-003 0.
    3.45115270e-003 4.38237982e-003 8.09733476e-003 0. -1.49683596e-003
    2.96504330e-003 7.36244372e-004 0. 0. 1.85691426e-003 0.
    3.93842207e-003 4.68476117e-003 1.86790654e-003 -7.53157015e-004
    2.22298433e-003 0. 0. -4.29534528e-004 1.27999228e-003
    -1.10572064e-003 1.43413583e-003 1.41073891e-003 6.30013470e-004
    8.34304653e-003 0. 0. 3.44200386e-003 0. 6.68508606e-003
    9.90403071e-003 3.74179124e-003 1.18986145e-003 -3.93029040e-004
    2.95754010e-003 6.88869855e-004 1.41190644e-003 3.64840287e-003
    3.93256405e-003 0. 0. 2.45666644e-003 0. -2.70855642e-004
    6.82850229e-003 0. -2.83641252e-003 4.17062966e-003 1.62476301e-003
    0. 3.22653330e-003 -2.50727462e-004 0. 7.96921377e-004
    3.67696375e-005 2.15118611e-003 -2.73936428e-004 4.93309181e-003
    1.08864508e-003 4.58738534e-003 0. 4.00787359e-003 2.51602242e-003
    2.82482407e-003 0. 1.28750072e-003 1.17332232e-003 5.67871029e-004
    0. 0. -3.44340387e-003 3.66381253e-003 2.29295762e-003
    2.73753633e-003 7.37559004e-003 4.81222151e-003 -8.57847161e-004
    5.04302225e-005 1.62369164e-003 -3.20297363e-003 0. 1.49220077e-003
    2.25417153e-003 4.44918312e-003 9.41834599e-003 0. 0.
    3.98167083e-003 0. 2.84375995e-003 1.95253943e-003 1.02129951e-003
    0. 4.63943463e-003 8.44554801e-004 0. 0. 2.56414944e-003 0.
    2.33799173e-003 4.96615143e-003 1.29994787e-002 0. 0. 0. 0.
    3.42594692e-004 2.02831900e-004 5.93573833e-003 6.48849353e-004
    1.48637500e-003 1.42497849e-003 0. 1.22083921e-003 -1.97610841e-003
    1.31756533e-003 0. 1.34820782e-003</data></imageDescriptor>
</opencv_storage>
