<?xml version="1.0"?>
<opencv_storage>
<imageDescriptor type_id="opencv-matrix">
  <rows>1</rows>
  <cols>500</cols>
  <dt>f</dt>
  <data>
    1.26146441e-002 -3.47404974e-003 0. 0. 4.02798876e-003
    2.50074128e-003 5.20773639e-004 0. 0. 0. 0. 0. 3.90193937e-003 0.
    1.55616878e-003 0. 0. -1.89027144e-003 0. 0. 2.62627210e-002 0. 0.
    0. 0. 3.18914023e-003 1.88351013e-002 1.08909085e-002
    2.81713379e-004 2.97252624e-003 0. 2.16856878e-003 3.04289092e-003
    0. 0. 0. -4.81943786e-003 5.27982647e-003 7.22508586e-004
    5.46442717e-003 3.22169345e-003 4.68119327e-003 1.60202105e-003 0.
    2.57425685e-003 0. 1.06752058e-002 1.00361789e-002 4.86208918e-003
    8.50206357e-004 0. 0. 0. 0. 0. 0. 0. 0. -1.91422412e-003 0. 0. 0.
    6.50419388e-003 1.58716005e-003 0. 0. 5.84011758e-003 0. 0. 0.
    -2.89015617e-004 0. 0. 0. 0. 0. 0. 0. 0. 0. 0. 1.10097043e-002
    3.84600228e-003 0. 0. 7.51421275e-003 4.38158459e-004
    -2.94535141e-003 0. 6.00998895e-003 0. 9.63323284e-003 0.
    4.32451814e-003 1.25159062e-002 0. 0. 0. -1.41188619e-003
    1.77512821e-002 0. 4.35562572e-003 0. -1.83613400e-003
    1.38489553e-003 0. 1.37705507e-003 0. 0. 0. 3.65797034e-003
    3.73984105e-003 0. 5.36503969e-003 0. 1.34990038e-003 0. 0. 0. 0.
    -1.39100349e-003 0. 0. 8.59894426e-005 5.86416014e-003
    -2.72773951e-003 1.68278180e-002 0. 0. -8.34323466e-004 0.
    1.57824266e-004 4.94283391e-004 0. 0. 4.92466055e-003 0.
    3.92921129e-003 -3.29235161e-004 0. 0. 0. 0. 0. 0. 0.
    1.36010954e-002 0. 0. 0. -1.92576728e-003 4.57954360e-003 0.
    6.62607653e-003 -1.93284778e-003 4.59901569e-003 0. -2.86752265e-003
    6.74153166e-003 0. 4.46744123e-003 0. 0. 4.45444603e-003 0.
    1.08044688e-003 9.24503547e-004 7.13717332e-003 5.58205601e-003
    3.16466647e-003 -1.15038024e-003 0. 0. -2.94783502e-003 0. 0.
    2.66807666e-003 0. -7.18556345e-004 0. 3.86968371e-003 0. 0.
    -1.22788048e-003 2.61960505e-003 7.68761092e-004 -2.28466769e-003
    1.35045480e-002 6.03252207e-004 0. 1.17295738e-002 0. 0.
    -3.61622404e-003 0. 0. 0. 0. 2.40505999e-003 0. 0. 3.92645597e-003
    0. 0. 0. 0. 0. 1.47661427e-003 4.28808481e-003 3.41812661e-003 0. 0.
    0. 3.63441790e-003 3.53038348e-002 8.10598838e-004 0.
    4.96839639e-003 0. -1.50599033e-002 0. 0. 1.54818585e-002 0.
    3.55387735e-003 1.78733785e-002 9.22639109e-003 0. 0. 0.
    5.71670197e-003 6.66034454e-003 0. 8.52397271e-003 0.
    8.90702475e-004 0. -2.53528659e-003 1.27818377e-003 0. 0. 0.
    9.72839072e-003 4.63123200e-003 4.82107885e-003 2.51339506e-002 0.
    0. -7.12286332e-004 9.58934333e-003 0. -2.77636736e-003
    -1.60391326e-003 3.30448747e-002 0. 0. 0. 2.67251511e-003 0.
    1.01805981e-002 0. 0. 0. 3.40474839e-003 0. 2.94200232e-004 0. 0. 0.
    1.22914242e-003 2.05415953e-003 6.91025169e-004 0. 0.
    7.59140076e-003 0. 0. 9.95316450e-003 -4.77669016e-003
    -1.30256158e-004 -6.94299466e-004 0. 2.07003625e-003 3.17842257e-003
    0. 7.90194236e-003 0. 3.95491859e-003 0. 0. 0. 2.17590854e-002 0. 0.
    0. 0. 3.57768429e-003 3.92212020e-003 2.14015320e-003 0.
    -2.84477544e-004 1.33307860e-003 0. -3.05068982e-003
    -2.52245856e-003 0. 2.65621906e-003 0. 4.61041927e-003 0. 0. 0. 0.
    0. 1.85050268e-003 4.49274463e-004 0. 6.16552215e-003
    6.51579862e-003 0. 0. 1.11839566e-002 0. 0. 0. 3.27211176e-003
    2.80729961e-003 0. 0. 0. -1.07718108e-003 6.81559416e-003 0. 0.
    1.86107459e-003 1.57537241e-003 0. 3.33575904e-003 0. 0. 0.
    2.67817057e-003 5.91784529e-003 4.90986696e-003 3.37070227e-003 0.
    3.16557568e-003 -5.89014788e-004 -1.69016805e-003 0. 1.22145843e-002
    0. 0. -3.44567304e-003 0. 0. 2.24816776e-003 8.34774878e-003
    4.91194567e-003 0. 0. 2.07050378e-003 1.21148583e-002
    5.70174074e-003 0. 0. 1.05162952e-002 7.96572026e-003 0. 0.
    -1.28672447e-003 0. 4.60394938e-003 -3.56763299e-003 0. 0. 0. 0. 0.
    2.50066700e-003 0. 1.62055227e-003 6.16316684e-004 0.
    3.75789078e-003 0. 0. 7.17601832e-003 2.82298471e-003
    1.65756093e-003 2.63890554e-003 5.42125851e-003 0. 0.
    1.57786086e-002 8.18093482e-004 0. 4.85212542e-003 -1.43121419e-004
    2.99295061e-003 6.10727165e-003 2.49652984e-003 9.71105910e-005
    -7.03163678e-004 0. 0. 7.16627436e-003 0. -8.31623096e-004
    1.81385688e-003 2.24524457e-002 1.61979452e-003 -1.07228113e-002
    5.70338126e-003 0. 3.46557493e-003 0. 0. 4.95248660e-003 0. 0. 0.
    1.75416619e-002 7.60125055e-004 5.10604726e-003 0. 0. 0.
    7.00609013e-003 0. 1.32985748e-002 0. 7.46593229e-004 0.
    -2.80289003e-003 7.00597139e-003 2.57636849e-002 0. 0. 0. 0. 0. 0.
    1.46897254e-003 -7.40133133e-003 2.41040997e-003 0. 0. 0.
    5.89616038e-003 0. 0. 0. 0. 0. 9.39841289e-003 0. -1.28107029e-003
    0. 3.35399504e-003 0. 0. 0. 0. 2.19611451e-003 2.22371425e-003
    1.90537628e-002 0. 0. 0. 4.43001790e-003 0. 0. 3.13135562e-003 0. 0.
    4.59079584e-003 0. 0. 0. 4.90352046e-003 0. 0. 0. 0. 0.
    3.54980119e-003 0. 0. 3.46834958e-003 0. 2.97849649e-003
    6.57721655e-003 2.20111175e-003 3.76683753e-003 0. 0. 0.
    7.95709621e-003 2.83333240e-003</data></imageDescriptor>
</opencv_storage>
