<?xml version="1.0"?>
<opencv_storage>
<imageDescriptor type_id="opencv-matrix">
  <rows>1</rows>
  <cols>500</cols>
  <dt>f</dt>
  <data>
    0. 3.88987456e-003 5.76571748e-003 0. 1.22869926e-004
    2.95652053e-003 6.99345162e-003 0. 1.69836450e-003 1.09325361e-003
    4.60569281e-003 3.09181074e-003 0. 1.89437391e-003 2.91020027e-003
    1.22078531e-003 0. 0. 8.01371317e-003 0. 0. 1.28225144e-003 0.
    1.56865548e-003 0. 2.27261148e-003 0. 3.89703229e-004
    3.16025130e-003 0. 0. 0. 2.35167518e-003 7.15662434e-004
    -3.56135843e-003 7.53072032e-004 0. -1.34212838e-003 0.
    3.29933595e-004 2.31867377e-003 0. 0. 8.71228613e-003
    -5.77498274e-003 2.41134642e-003 -2.87760504e-005 -6.43725914e-004
    0. 5.07792970e-003 5.09059581e-004 0. 0. 0. 0. 1.92723726e-003
    2.43447348e-003 0. -4.18673211e-004 4.71814722e-003 3.47095687e-004
    0. 3.75539786e-003 1.32024440e-003 0. 3.41672893e-003
    8.62156227e-003 0. 0. 5.04521374e-003 7.56147411e-003
    4.62279608e-003 0. 1.21751858e-003 -3.15534486e-003 2.86850240e-003
    1.28047145e-003 0. 0. 3.09671275e-003 5.50240930e-003
    -2.38532224e-003 -9.66452411e-004 0. -1.07094191e-003
    5.44760202e-004 -1.19720865e-003 3.49841360e-003 0. 2.97282147e-003
    0. 1.25554064e-003 0. 5.33568021e-003 -3.33947712e-003
    2.84821232e-004 0. 5.45184594e-003 2.99609848e-003 -7.54678622e-005
    1.32429728e-003 3.11084138e-003 0. 4.10956936e-003 6.79765479e-004
    2.73773400e-003 4.14565159e-003 2.15528719e-003 0. 2.78027030e-003
    1.58667608e-004 -2.73700012e-003 4.28545754e-003 0. 9.29603167e-003
    0. 4.48971801e-003 2.29772326e-004 3.04299709e-003 1.85158069e-003
    3.52859427e-003 0. 2.01645168e-003 0. 0. 0. -6.91475463e-004 0.
    8.27900891e-004 -2.00928794e-003 1.06799626e-003 3.34149250e-003 0.
    0. 0. 1.41339458e-003 1.45862938e-003 5.17362903e-004
    1.73190748e-003 0. 2.27932632e-003 0. 6.38408866e-003
    -8.85075351e-005 8.22003186e-003 0. 0. 9.21047758e-003 0. 0.
    4.24936879e-003 5.99421328e-004 2.25922628e-003 5.62551850e-003
    5.38439397e-003 0. 2.19039107e-003 2.15493166e-003 1.35248648e-002
    -6.39464182e-004 -1.14463747e-003 0. 3.90474522e-003 7.50637118e-005
    2.60274811e-003 1.82494577e-002 0. 0. 1.58942584e-003 0.
    4.41559684e-003 3.67368385e-003 0. -3.93061992e-003 0.
    -1.08980305e-004 6.49856264e-003 0. 8.44515301e-003 9.91476816e-004
    0. 7.24323653e-003 1.78999369e-004 4.32549044e-004 8.42763286e-004
    -2.80053991e-005 6.39300514e-003 2.86298059e-003 2.94191041e-003 0.
    0. 2.83434754e-003 1.08627521e-003 2.79073371e-003 0.
    2.30823440e-004 1.66753940e-002 0. 4.44944436e-003 3.19215562e-003
    -4.68107115e-004 0. -6.15561672e-004 0. -1.58253912e-004
    -4.30409156e-004 5.08657005e-003 0. 1.27235707e-003 2.31630239e-003
    5.77026745e-004 0. 3.50107159e-003 1.52533190e-004 0.
    5.29066520e-003 6.40283525e-003 8.91753845e-003 0. 2.97642592e-003
    8.56403494e-004 0. -3.21664402e-006 0. 4.29928163e-003
    1.64567225e-003 0. 0. 1.05209257e-002 0. 5.70971984e-003
    9.89056425e-004 0. 0. 1.43770385e-005 0. 0. 1.36660167e-003
    2.58658896e-003 4.69360646e-004 1.06302381e-003 -2.36195527e-004
    3.69555783e-004 2.90138763e-003 0. 0. 0. 7.64713041e-004
    7.70752376e-004 0. 4.32715612e-003 1.39841624e-002 0.
    2.31515151e-003 7.38267368e-003 5.06629562e-003 2.50805356e-003
    4.11521178e-004 0. 1.21855817e-003 1.06899452e-003 3.26404907e-003
    2.51452858e-003 8.92412569e-003 4.72843554e-003 0. -7.82739196e-004
    0. 0. 0. 0. 0. 0. 1.67670008e-003 0. 0. 0. 7.36948848e-003
    5.10184281e-003 -1.18813994e-004 0. 3.14740464e-003 0.
    9.06421244e-003 8.18231981e-003 0. 3.88091803e-003 0.
    9.60527104e-004 0. 0. 0. 0. 0. 1.17484061e-002 3.51952645e-003
    5.26958937e-003 2.00473331e-003 1.64313230e-003 1.38237292e-003
    -1.09587214e-003 -3.03240353e-003 0. 0. 0. 1.94687408e-003
    3.93438153e-003 0. 0. 0. 1.39400177e-003 -2.74409330e-003
    1.11687891e-002 0. 9.73409478e-005 4.02069744e-003 6.38615398e-004
    1.77409011e-003 0. 9.73219704e-003 1.00047411e-002 7.87309371e-003
    7.21026491e-003 1.78077817e-002 0. -5.13697800e-004 0. 0.
    4.83279815e-003 6.91237906e-003 2.39408086e-003 8.47480819e-003 0.
    0. 2.31981440e-003 0. 0. 2.69782869e-003 0. -1.00866088e-003
    9.97754745e-003 4.43198020e-003 0. 1.31114684e-002 1.97589933e-003
    0. 0. -4.85187717e-004 4.40694159e-003 -3.41342442e-004
    9.35977732e-005 0. 0. 0. 0. 0. -7.65263801e-004 1.62238686e-003
    1.02872336e-002 0. 7.64197949e-003 1.55774748e-003 2.80456206e-005
    5.85178798e-003 1.62810285e-003 9.27650463e-003 4.52663144e-003
    -2.82946392e-004 2.69948598e-003 0. 2.91991571e-004 5.95417432e-003
    0. -1.84092118e-004 0. 5.57759637e-003 0. 6.86513260e-003
    3.97763401e-003 3.94088030e-003 1.91492567e-004 3.11670033e-003
    3.55025008e-003 3.37536004e-003 4.87270206e-003 -9.84780025e-004
    -2.13172683e-003 2.63881194e-003 0. 0. 1.32827517e-002
    1.35622919e-003 5.57930209e-003 3.57814482e-003 4.02380479e-003
    3.45768547e-003 2.00592284e-003 -1.17642304e-003 8.66690418e-004
    5.97841386e-003 0. 1.23338273e-003 2.44048471e-003 2.03737640e-003
    0. 7.75979308e-004 1.90378621e-003 -3.99244949e-004 2.01090123e-003
    1.06490729e-003 6.71859598e-004 1.66553276e-004 5.03107859e-003 0.
    4.80658840e-003 5.45638101e-003 4.57886048e-003 0. 6.29856542e-004
    0. 0. 9.03323013e-003 5.02241543e-004 3.62524018e-003
    3.95607232e-004 5.25017316e-003 1.36887804e-002 7.16689043e-004
    4.26259590e-003 0. 4.28118231e-003 -1.97977200e-003 3.15878820e-003
    4.57101502e-003 1.98991853e-003 1.13052083e-003 6.67724758e-003
    4.63052792e-003 3.87415779e-003 8.54339823e-003 0. 3.04395426e-003
    5.46617433e-003 0. 0. 0. 1.26109796e-003 -4.13892209e-004
    -2.31327699e-003 -6.11889642e-004 2.38475204e-003 1.76307338e-003
    2.88954331e-003 0. 1.61812978e-003 -1.26298086e-003 0. 0.
    2.13584793e-003 -1.44906851e-004 4.48909122e-003 6.61061495e-004 0.
    -1.72500988e-003 0. 2.66124848e-002 2.11244356e-003 0. 0.
    4.01289981e-006 5.43626398e-003 4.67033917e-003 1.87807612e-003 0.
    1.54955871e-003 6.98286574e-004 8.68585519e-003 -1.81672265e-004
    1.27424905e-003 0. 1.71650213e-003 3.25710606e-003 1.45693845e-003
    -1.77579676e-003 2.41140113e-003 4.34602797e-003 1.62059360e-003 0.
    0. 7.96795730e-003 0. -1.80242665e-003 0. 1.88383827e-004 0. 0. 0.
    3.40573164e-003 6.15423825e-003 1.72119041e-003</data></imageDescriptor>
</opencv_storage>
