<?xml version="1.0"?>
<opencv_storage>
<imageDescriptor type_id="opencv-matrix">
  <rows>1</rows>
  <cols>500</cols>
  <dt>f</dt>
  <data>
    3.04117519e-003 1.02088752e-003 3.55603057e-003 -2.11207522e-003
    3.96781194e-004 0. 0. 0. 3.98669066e-003 0. 9.72984359e-003 0. 0.
    -1.43063220e-003 2.70123989e-003 -6.54273026e-005 0. 4.88709833e-004
    2.59478088e-003 -3.29776260e-004 1.09962234e-002 1.48166502e-002 0.
    3.14411335e-003 8.98083579e-003 2.05465942e-003 3.03963339e-003
    3.63403349e-004 0. 0. 1.21988105e-002 1.04256021e-003
    7.38411909e-004 1.77948212e-003 3.21010314e-003 1.90228573e-003 0.
    2.69428012e-003 1.34537639e-002 0. -3.38824466e-003 3.06346547e-003
    3.50255752e-003 6.31316099e-003 2.46930431e-004 0. 0.
    1.39924197e-003 -1.87941419e-004 3.16527113e-003 0. 0. 0.
    -1.55243115e-003 -1.69253245e-003 1.59578156e-002 1.87971652e-003 0.
    0. -1.84715167e-003 2.80153728e-003 0. 2.56847451e-003
    -1.27434439e-003 2.68829521e-003 1.73140073e-003 0. 1.52740325e-003
    -3.88719636e-004 3.05667100e-003 4.42604907e-003 0. 0. 0.
    6.40439009e-003 1.89626857e-003 0. 3.66899883e-003 -2.16995337e-004
    8.70454300e-004 3.21402005e-003 1.21605105e-003 0. -3.65660596e-003
    2.18645483e-003 0. 4.31163236e-003 7.39617692e-003 1.27115229e-003
    0. 5.95130213e-003 0. 4.62543219e-003 0. 3.65085318e-003 0.
    5.57180401e-003 1.63860887e-003 0. 0. 0. 3.25480499e-003 0.
    1.90139201e-003 0. 2.54706619e-003 0. -2.29130746e-004 0.
    1.32968673e-003 3.85356531e-003 6.70391461e-003 0. 0. 0. 0.
    -5.03995921e-003 8.19173176e-004 2.15648999e-003 0. -8.06959652e-005
    2.75596674e-003 0. 2.28129677e-003 4.34207451e-003 0. 0. 0.
    2.50384095e-003 1.66827557e-003 5.86290844e-003 4.31587733e-003
    -2.43433868e-003 0. 2.81673833e-003 1.78687158e-003 0.
    9.56108980e-003 -7.02482648e-004 2.59457156e-003 4.14507277e-003 0.
    0. 4.72520385e-003 0. 9.50627122e-003 2.23759562e-003
    2.41454318e-003 0. 0. -4.96637961e-003 7.41372132e-005
    1.76304358e-003 0. -8.75113590e-004 9.00768384e-004 7.66154332e-003
    0. 1.19073747e-003 1.63691712e-003 0. 0. 1.23347109e-002
    2.51224311e-003 0. 1.12549786e-003 0. -9.43027728e-004
    2.52386509e-003 0. -1.63940946e-003 1.85949146e-003 0. 0.
    2.02695956e-003 -1.63137878e-003 0. 0. -1.83023885e-003 0. 0.
    6.94470061e-003 1.68243411e-003 8.76773335e-003 5.39211510e-003
    7.45578000e-005 9.00961738e-003 9.74007137e-003 9.50195361e-004
    5.06992824e-003 0. 0. 4.02958319e-003 4.32796078e-003
    2.43620062e-003 1.58823607e-003 5.42338530e-004 1.36995967e-003
    1.92807463e-003 0. 1.09361508e-003 0. -1.81190815e-004 0. 0. 0. 0.
    3.94483889e-003 3.24846851e-003 1.53396018e-002 0. 0. 0.
    3.43636936e-003 5.99605637e-003 -8.35411891e-004 0. 1.87701732e-003
    4.54184925e-003 3.58110364e-003 0. 0. 8.70551541e-003
    -5.12569095e-004 0. 1.61152473e-003 1.32045371e-003 0.
    4.42537153e-003 9.26927198e-003 2.86426651e-003 -4.93481709e-003 0.
    1.70476288e-002 5.76619233e-004 3.11587309e-003 0. -2.93910387e-003
    0. 1.60327344e-003 2.24861433e-003 8.54268577e-003 -5.65975858e-003
    9.90731735e-003 6.11592084e-003 2.09063874e-003 0. 0.
    7.16308551e-003 1.04550575e-003 1.42605207e-003 -9.00870829e-004
    1.57435564e-003 7.67367528e-005 0. 3.35290097e-003 1.47600693e-003
    -1.89432420e-003 5.39967557e-003 0. 0. 0. 1.96120911e-003
    9.96209588e-003 -9.44600906e-004 1.88582321e-003 0. 1.45191979e-003
    8.87933467e-003 1.15597423e-003 -1.61811232e-003 -9.57110897e-004
    4.40762052e-003 0. -9.28428199e-004 4.58922150e-004 0.
    3.43268068e-004 1.30110522e-004 1.86591898e-003 1.44280086e-003
    -2.81811669e-003 0. 0. 4.98870527e-003 3.47290887e-003
    -2.44511320e-004 -2.85709510e-004 1.67228573e-003 9.79385339e-003
    4.00654273e-004 0. 2.26771506e-003 1.25307089e-003 0.
    2.21358426e-003 0. 7.29602855e-003 1.34651421e-003 -5.09025238e-004
    4.53089073e-004 8.51536635e-003 0. 1.62353441e-002 8.62833578e-004
    0. 7.70923169e-003 1.95157272e-003 -1.93348888e-003 0. 0.
    7.36395270e-003 -2.44194083e-003 8.80965497e-004 2.74649239e-003
    -1.05107005e-003 0. 1.09260082e-002 0. 2.31294753e-003 0.
    8.40672012e-003 0. 2.04908871e-003 0. 2.61151162e-003 0.
    -6.06177491e-004 -8.93239980e-004 -9.12950723e-004 8.73061828e-003
    6.10615127e-003 7.28534255e-003 4.83821612e-003 4.78809554e-004
    4.60372167e-003 1.86376227e-003 2.54282349e-004 3.84252984e-003
    2.04124488e-003 3.19336029e-003 1.26324629e-003 5.48677566e-003
    2.77862581e-003 -7.28878367e-004 0. 4.67377366e-004 0.
    3.48166237e-003 0. 5.35871182e-003 7.67099671e-003 0. 0. 0.
    3.62403668e-003 2.19295453e-002 0. 3.30425537e-004 0. 0. 0.
    1.56627987e-002 0. 5.62889676e-004 0. 0. 1.35350286e-003
    3.08489148e-003 0. 0. 3.97342350e-003 0. 3.13738245e-003
    1.62081851e-003 0. 0. 4.23320476e-003 0. 0. 0. 7.75063038e-003
    -1.42324439e-004 1.31843844e-003 2.31251912e-003 1.81919690e-002
    5.07124420e-003 -8.12199942e-005 5.09086624e-003 2.69844895e-003
    5.82636218e-004 0. 5.74267935e-003 9.63882951e-004 0.
    1.73227082e-003 6.22685184e-004 3.88204469e-003 0. 0. 0.
    -2.49410601e-004 0. 0. 0. 5.93171036e-003 1.05597090e-003 0. 0.
    7.70505518e-003 1.38489471e-003 0. 3.04249232e-003 -8.56435567e-004
    4.41398658e-003 1.82708213e-003 4.21473384e-003 -2.33430439e-003
    4.97307570e-004 7.73347262e-003 0. 2.29094760e-003 4.04628320e-003
    6.39893906e-003 1.26399007e-003 0. 1.75847299e-002 0.
    -3.26611777e-003 -1.57816208e-003 0. 0. 0. -7.62680429e-004 0. 0. 0.
    7.16267107e-003 4.25159885e-003 0. 0. 0. 0. 1.17940118e-003
    1.09706295e-003 6.19606627e-003 0. -4.88420075e-004 5.66591043e-003
    1.68234471e-003 2.68624746e-003 6.84647309e-003 8.42051755e-004 0.
    0. 2.00466136e-003 1.57852739e-003 3.28429672e-003 1.74873346e-003
    1.84704026e-003 6.42555160e-003 0. 0. 0. 0. 1.65716000e-002
    2.41480605e-003 5.30551479e-004 5.61497698e-004 2.32488033e-003
    -4.14239417e-004 1.77548942e-003 1.96668063e-003 0. 5.69414208e-003
    3.13666184e-003 9.93265677e-003 5.79678034e-003 7.46877573e-004
    2.07460951e-003 2.36749137e-003 0. 0. 1.61104854e-002 0.
    4.88561491e-005 1.22190017e-004 6.49204594e-004 4.79597482e-004
    6.95040124e-003 0. 2.74125068e-003 2.42309202e-003 0. 0.
    1.30380329e-003 9.44839394e-006 0. 0. 2.03239237e-004</data></imageDescriptor>
</opencv_storage>
