<?xml version="1.0"?>
<opencv_storage>
<imageDescriptor type_id="opencv-matrix">
  <rows>1</rows>
  <cols>500</cols>
  <dt>f</dt>
  <data>
    2.19090827e-004 4.87936428e-003 1.77832611e-003 0. 3.15061701e-003
    7.80746434e-003 1.52288598e-003 1.52718590e-003 4.59514838e-003
    5.78748528e-003 0. 1.27961882e-003 4.47401172e-003 1.13492436e-003
    -7.25011487e-005 1.97407688e-004 -5.82339941e-004 3.09362751e-003 0.
    0. 5.35288220e-003 0. 0. 0. -1.19531830e-003 4.49443050e-003
    5.01300162e-003 8.57434410e-004 2.10961024e-003 1.35637540e-003
    7.51529587e-003 0. 0. 1.19782276e-002 0. 1.05357240e-003 0.
    3.40796588e-003 2.13203719e-003 0. 3.95272346e-003 2.73900013e-003
    0. 1.71253202e-003 0. 0. -1.39740191e-003 1.51921320e-003
    1.80320034e-003 0. 4.38796310e-003 0. 7.83767365e-003
    2.72087031e-003 1.09623047e-003 6.37204340e-003 1.26273627e-003
    3.11737787e-003 9.09662247e-003 0. 9.42681509e-004 0. 0.
    4.46282933e-003 6.44401356e-004 5.40495384e-003 0. 1.56841561e-004
    2.55350489e-003 -4.13575303e-003 0. 4.14780341e-003 1.72893330e-003
    4.82154032e-003 -3.13521014e-003 -1.70473562e-004 2.06394354e-003 0.
    -1.08024024e-003 5.74323162e-003 3.91390454e-003 -2.11853592e-004
    2.56722514e-003 0. 3.22295848e-004 3.18503683e-003 0.
    -8.07769422e-004 -3.91155394e-004 0. 1.78755901e-003 2.95421598e-003
    0. 3.25299799e-003 0. 1.78278598e-003 0. 0. 7.62472919e-004
    2.79613072e-003 1.04089137e-002 5.67438547e-004 0. 1.09787537e-002
    0. 4.80467128e-003 2.33569625e-003 5.82969375e-003 1.69837975e-003
    3.37414094e-003 0. 4.64762887e-003 0. 8.55256338e-003 0.
    5.18102525e-003 4.73867590e-003 5.00810856e-004 0. 3.18805897e-003
    0. 4.03995765e-003 8.63869116e-003 0. 0. 2.96247628e-004
    6.56790566e-003 3.01460060e-003 0. 0. 3.13841878e-003 0.
    2.48265057e-003 9.97814722e-003 5.40799287e-004 0. 6.10886794e-003
    2.01632013e-003 5.71123557e-003 0. 6.94781542e-004 2.95420969e-003
    2.33238190e-003 0. 6.63696483e-005 0. 2.94301589e-003
    1.08539953e-003 1.91820203e-003 8.75226874e-003 -4.90607345e-004
    4.99785459e-003 0. 2.11189361e-003 0. 0. 8.60310066e-003
    1.33484844e-002 2.16819299e-003 1.92746098e-004 9.88092157e-004
    7.75374239e-004 1.33359048e-003 0. -1.36809854e-003 9.82296071e-004
    3.54158436e-003 1.30834337e-003 1.26621558e-003 7.59410148e-004
    7.75457639e-003 3.31432559e-003 6.80521317e-003 1.38994129e-002 0.
    1.18686329e-003 0. 4.40635020e-003 4.32477659e-003 4.98475321e-003
    0. 0. 3.79617605e-003 2.63976632e-003 -8.22322734e-004
    5.24235598e-004 -1.67658180e-003 0. 1.86878242e-005 -5.55770064e-004
    0. 3.75574711e-003 1.09966917e-004 5.29779261e-003 1.95974414e-003
    3.25920363e-003 0. 5.94703201e-003 1.28051434e-002 9.00122861e-004
    1.38380786e-003 5.29287383e-004 7.46623892e-003 2.95879343e-003
    4.15422209e-003 1.80101182e-004 1.49609637e-003 7.77250098e-004
    1.40177412e-003 4.86235553e-003 2.45828601e-003 4.02498804e-003 0.
    8.37829430e-004 3.83605738e-003 8.49806610e-003 3.00477934e-003
    -1.17906497e-003 3.28189600e-003 -2.13876925e-003 0.
    -2.17614439e-003 0. 3.60887824e-003 1.17334509e-002 0.
    4.00522165e-003 1.81693758e-003 2.65668402e-003 3.09828832e-003
    2.48175720e-003 -1.83077203e-003 0. 7.78650632e-003 4.42373892e-003
    0. 1.30710565e-003 2.01445050e-003 0. 4.74637933e-003
    1.25325154e-004 3.24901100e-003 2.03697989e-003 0. 1.00697647e-003
    0. 5.75623475e-004 1.78183848e-003 0. 6.02154713e-003
    4.20194166e-003 3.12654790e-003 5.73171856e-005 1.13995862e-003
    1.25605823e-003 -8.83163830e-006 0. -1.46980427e-004 0.
    1.37553504e-003 4.23724938e-004 1.75349112e-003 4.49423329e-004
    2.21057632e-003 3.76583938e-003 0. 0. 8.45195784e-004
    -1.20501244e-003 0. 4.55505913e-003 1.20135036e-003 0.
    1.44900673e-003 1.53028942e-003 1.31745066e-003 6.01902278e-003 0.
    1.39607384e-003 3.22056469e-003 1.97260757e-003 0. 0.
    1.67460064e-003 2.52496015e-004 2.67642643e-003 0. 5.34230750e-003
    1.57160556e-003 0. 0. 0. 1.06089248e-003 0. 0. 0. 2.26182304e-003
    2.18556612e-003 8.90562031e-003 -1.09944638e-004 0. 0.
    2.59216339e-003 3.69109935e-003 2.81431666e-003 1.80380733e-003 0.
    7.60641487e-005 8.44737282e-004 6.23924949e-004 -4.47465805e-004
    2.39062938e-003 3.05214478e-003 0. 2.82855635e-005 -1.42592250e-003
    2.32644589e-003 0. 3.91086563e-003 2.27237283e-003 5.81290480e-003
    0. 2.52121710e-003 1.31484398e-004 3.24533065e-003 4.42165136e-003
    5.90588141e-004 3.30866268e-003 4.80221258e-003 4.11568116e-003
    7.96733657e-004 0. 0. 4.59125004e-004 0. 0. 2.12752027e-003 0.
    4.64653736e-003 5.98658284e-004 1.88327034e-003 2.20356579e-003
    -7.29980587e-004 0. 3.28115211e-003 0. 1.84643664e-004
    3.38164973e-004 0. 1.07124762e-003 9.40367987e-004 2.37210933e-003
    1.55152648e-003 -3.58732912e-004 8.36870749e-004 0. 4.74542379e-003
    7.83907343e-003 2.18273792e-003 4.77679959e-003 -2.01065675e-004 0.
    0. 8.22928548e-003 0. -2.02797761e-004 6.83105225e-003
    1.52761210e-003 6.58998208e-004 0. 5.05383220e-003 0.
    -6.34705590e-004 0. 0. 2.56203464e-003 0. 0. 3.48915649e-003
    3.44021409e-003 6.10471563e-003 6.21474639e-004 1.02422060e-003
    1.58458063e-003 5.04532829e-003 2.62817135e-003 0. 1.26465643e-003
    1.40225631e-004 0. 8.17848719e-004 7.63746502e-004 0. 0.
    1.59598645e-002 0. 3.29441996e-003 0. 9.26862238e-004
    6.17181067e-004 0. 1.74465752e-003 -6.05399348e-003 0.
    4.45239479e-003 8.83850921e-003 6.51933532e-003 2.26006936e-003 0.
    6.37986115e-004 2.42968858e-003 0. 1.34612136e-002 3.77044128e-003
    1.24415930e-003 0. 0. 0. 1.10151684e-002 1.30293425e-003
    2.88067199e-003 2.28883862e-003 1.04617351e-003 1.91934302e-003 0.
    0. 2.02951534e-003 -7.05177226e-005 8.97368975e-003 3.84118059e-004
    2.59522931e-003 0. 0. 0. 4.60377103e-003 8.08141718e-004
    -2.99718464e-003 5.78953885e-004 1.44170225e-003 1.69192371e-003 0.
    0. 2.29032501e-003 0. 0. 6.50842150e-004 3.18736467e-003
    1.73424301e-003 -1.51522830e-003 4.32592304e-003 3.74839688e-003
    -2.32379674e-003 8.41287989e-003 0. 0. 6.85595500e-004
    7.01547880e-003 5.57148922e-003 4.75867419e-003 2.19043373e-004
    4.10759915e-003 3.66353523e-003 9.53102950e-004 1.13042293e-003
    2.50423979e-003 2.05498319e-002 4.82843810e-004 2.74040410e-003 0.
    0. 0. 7.64294702e-004 8.88635463e-004 3.25923902e-003
    3.82643100e-003 3.56358383e-003 2.49617663e-003 1.99381378e-003
    -2.05828066e-004 3.15889739e-003 0. -2.90906231e-004 5.08890534e-003
    1.38145534e-003 1.74418255e-003 3.70189804e-003 0. 5.95558900e-003
    3.11262975e-003 1.72397564e-003 4.98649571e-003 -1.78294384e-003
    5.58040279e-004 5.58043458e-003 1.78836694e-003 0. -7.66593032e-004
    0. 3.95966787e-003 3.60305095e-003</data></imageDescriptor>
</opencv_storage>
