<?xml version="1.0"?>
<opencv_storage>
<imageDescriptor type_id="opencv-matrix">
  <rows>1</rows>
  <cols>500</cols>
  <dt>f</dt>
  <data>
    -3.71164555e-004 1.77950389e-003 0. 4.42669634e-003 0. 0. 0.
    3.86411953e-003 5.04714577e-003 3.03899869e-003 0. 9.79015604e-003
    1.92989956e-003 0. 3.63176316e-003 0. 0. 1.57602206e-002 0. 0. 0. 0.
    0. 1.97786326e-003 -6.42137660e-004 0. 1.26747405e-002
    5.76141197e-003 2.15480068e-005 0. 0. 0. 3.26966844e-003
    1.48713635e-003 2.67135911e-002 0. 0. 7.59282289e-003 0. 0. 0.
    2.96447007e-003 3.07164527e-003 1.32540253e-003 0. 0.
    3.37290076e-005 0. 1.53083652e-002 0. 0. 0. 3.09477537e-003 0. 0. 0.
    0. 0. 0. 5.18334936e-003 4.51465603e-003 6.86462037e-003 0.
    -7.88290054e-004 6.83394121e-003 4.11837641e-003 0. 1.50358351e-003
    -8.07561562e-004 0. -7.20308235e-005 0. 0. 0. 6.26629405e-003 0.
    1.91700261e-003 7.46434461e-003 1.00957891e-002 0. -3.60937277e-003
    -6.01324346e-003 1.68605137e-003 4.93892981e-003 0. 4.08459781e-003
    0. -1.92468464e-002 2.78306240e-003 2.22477224e-002 6.51165890e-003
    -1.58317934e-003 0. 0. 0. 0. 0. 0. 0. 4.69656009e-003 0.
    3.58945457e-003 0. 0. 0. 4.98693576e-003 2.81181140e-003
    3.71622620e-003 1.40934614e-002 0. 0. 0. 0. 2.82000238e-003
    7.04719278e-004 3.04915500e-003 0. 5.56845590e-003 2.05110363e-003
    0. 0. 2.10437644e-003 0. 0. 4.09806985e-003 2.21366202e-003
    4.19692323e-003 0. 5.75314928e-003 0. 0. 3.78882466e-003 0. 0. 0.
    1.98798045e-003 6.09868730e-004 0. 5.04536182e-003 0.
    1.07300654e-002 0. 0. 0. 0. 0. 0. 1.58813701e-003 4.14831284e-003
    -9.40037367e-004 0. 2.79525612e-002 1.14799831e-002 0. 0. 0. 0.
    4.55670524e-003 1.85294345e-003 0. 5.47674904e-003 0. 0. 0. 0. 0.
    4.35844855e-003 0. 0. 0. -3.49482149e-003 3.17157689e-003
    3.34805320e-003 0. 3.89313931e-003 3.85295693e-003 1.69996091e-003
    0. 0. -1.96069479e-003 0. 0. 0. 0. 7.14720553e-003 0.
    1.08694807e-002 0. 0. 0. 4.55066096e-003 5.03660552e-003 0. 0. 0. 0.
    0. 0. 0. 0. 0. 0. 9.30512045e-003 0. -4.92816966e-004 0. 0. 0.
    1.38526468e-003 2.48780474e-003 0. 0. 0. 6.60437800e-005 0.
    1.95019841e-002 6.17048703e-003 0. -5.42203954e-004 4.80406079e-003
    0. 5.30036353e-003 0. 9.64298844e-003 3.24896947e-002
    3.10616475e-003 0. 6.12977054e-003 0. 1.18897865e-002
    1.46344828e-003 6.34274352e-003 0. 0. 1.42058581e-002
    1.08739641e-003 0. 6.99983677e-004 7.35527370e-003 0.
    -7.16218574e-006 -4.80179582e-003 0. 0. 2.93218112e-003
    6.84320182e-003 0. 0. 9.50010028e-003 0. 0. 5.49949706e-003
    -1.95686519e-003 5.37510123e-003 0. 3.50737292e-003 1.21497009e-002
    0. 0. 7.28000188e-003 0. 3.30568384e-003 0. 5.67722786e-003 0. 0. 0.
    4.64630342e-004 0. 0. 0. -3.34850629e-003 0. 0. 0. 0. 0.
    4.66664461e-003 9.78092197e-003 2.10239328e-002 0. 4.90097841e-003
    -5.72083332e-003 0. 0. 3.09958868e-003 5.06054051e-003
    2.28685141e-003 0. 0. 0. 4.16070409e-003 0. 0. 4.70827625e-004 0. 0.
    0. 0. 3.40119447e-003 0. -2.01646448e-003 0. 2.26073200e-003 0.
    3.29792709e-003 0. 5.77314431e-003 4.72526066e-003 0. 0. 0.
    7.11164204e-003 5.34686726e-003 3.66192544e-003 1.95804960e-003
    1.83779676e-003 0. 0. 0. 0. 0. 9.68048000e-004 0. 0. 5.13679441e-003
    0. 6.45196764e-004 0. 2.35399092e-003 -2.33887113e-004 0. 0.
    4.56378271e-004 0. 0. 0. 0. 0. 0. 4.51685162e-003 4.03729687e-003
    1.07496176e-002 0. 0. 0. 0. 2.69699958e-003 0. 0. 0. 0. 0. 0.
    2.23162948e-004 0. 0. 3.36354179e-003 0. 4.76780254e-003
    1.01452938e-003 3.91133875e-003 7.87411351e-004 0. 0.
    -5.74424583e-003 0. 8.27694952e-004 -1.89997873e-003 4.42094216e-003
    0. -2.87301547e-004 8.16926453e-003 5.84583823e-003 0.
    4.92863776e-003 8.02114606e-003 1.96250342e-003 1.81148723e-002 0.
    0. 0. 3.18956887e-003 0. 5.12802880e-003 2.71458505e-003 0.
    7.20132422e-003 0. 0. 0. -7.22841593e-004 0. 0. 5.30780666e-003
    4.65099234e-003 1.13557298e-002 0. 5.26397396e-003 0.
    9.11652297e-003 0. 1.56670879e-003 0. 0. 0. 1.37404050e-003
    3.63467238e-003 3.37210740e-003 0. 3.34595367e-002 3.20043042e-003
    0. 0. 0. 6.70751836e-003 0. 8.85446614e-004 1.31720062e-002
    -2.30653933e-003 0. 0. 1.28740026e-002 1.45279048e-002 0. 0. 0. 0.
    1.10778566e-002 0. 0. 0. 0. 0. 0. 3.22136446e-003 0. 2.93671666e-003
    1.31292630e-003 8.25700723e-003 0. 0. 8.34365748e-003 0. 0. 0. 0.
    3.23666399e-003 5.63971233e-003 0. 1.90881372e-003 0. 0.
    6.35082275e-003 6.98787952e-003 0. 3.87117825e-003 3.85067868e-003
    1.72748449e-004 -4.71251877e-003 -2.18438520e-003 -2.45540659e-003
    0. 0. 0. 0. 2.83221970e-003 0. 1.03543708e-002 0. 0. 0. 0. 0.
    4.74864105e-003 3.09821125e-003 4.83409822e-004 1.06192296e-002 0.
    4.01149876e-003 0. 2.63041980e-003 0. 0. 0. 0. -4.59702360e-003
    -7.00271223e-003 0. 0. 1.87607540e-003 5.10971807e-003 0. 0. 0. 0.
    3.81252216e-003 0. 1.22198893e-003 0.</data></imageDescriptor>
</opencv_storage>
