<?xml version="1.0"?>
<opencv_storage>
<imageDescriptor type_id="opencv-matrix">
  <rows>1</rows>
  <cols>500</cols>
  <dt>f</dt>
  <data>
    8.07299558e-003 5.90111548e-003 0. 0. 0. 3.04815802e-003
    5.63258247e-004 0. -1.98884125e-004 0. 3.12695513e-003
    -9.96650197e-004 9.80016426e-004 0. 1.88718294e-003 1.55009644e-003
    0. 0. 1.56662671e-003 3.12461262e-003 2.79080332e-003
    3.31390009e-004 0. 5.61986351e-003 -7.19859381e-004 3.68024549e-003
    1.51390932e-003 7.40703288e-003 1.94563046e-002 -1.29668543e-003
    4.31752391e-003 -3.06543638e-003 0. 8.90085474e-003 2.40047066e-003
    0. -8.28747987e-004 0. 1.63079112e-005 8.15173332e-003
    1.79241382e-004 2.64220429e-003 4.11985675e-003 5.03221119e-004 0.
    6.71104342e-003 5.53000765e-003 4.98935580e-003 5.66253997e-003
    4.57719696e-004 0. 7.87970796e-003 0. 0. -9.74962662e-004
    4.26962972e-003 0. 0. 1.70508642e-002 1.02276122e-002 0. 0.
    8.95635225e-003 -1.24118279e-003 5.02053183e-003 2.22508074e-003
    3.03243892e-003 3.38894618e-003 1.37227704e-003 -4.88933641e-004
    6.12135883e-003 3.66311660e-003 0. 6.62364392e-003 3.41671752e-003
    9.66318231e-003 0. 1.41689161e-004 -1.67829311e-003 3.33988736e-003
    2.07766262e-003 1.25630973e-002 4.29448625e-003 2.64297379e-003
    3.48645775e-003 1.48706911e-002 0. 0. 0. 3.59410280e-003 0.
    1.73294893e-003 -1.45224622e-003 2.28382810e-003 0. -7.95620843e-004
    0. 0. -5.91791817e-004 2.35621240e-002 8.93047662e-004
    -1.29420450e-003 0. -1.74274598e-003 0. -1.61563267e-003 0.
    -1.09949382e-003 0. -8.51056713e-004 3.56135541e-003 5.23335650e-004
    0. 2.30762688e-003 0. 1.59105938e-003 8.98838742e-004 0. 0. 0.
    -5.33477578e-004 0. -2.03752355e-003 0. 3.56662582e-004 0. 0.
    1.24130666e-003 -1.57116388e-003 -8.04235344e-004 0. 6.09290367e-003
    -9.37356614e-004 0. 0. 8.70523363e-005 1.42462961e-002 0.
    -6.82343147e-004 7.14976480e-003 0. 0. 1.86636474e-003
    -1.62587629e-003 3.66109004e-003 1.13576569e-003 3.97803076e-003 0.
    0. 0. 1.65747909e-003 0. 1.55038654e-003 4.41698590e-003
    2.29627499e-003 0. 0. 1.30912308e-002 4.53330157e-003
    4.38881712e-003 6.38608180e-004 1.05145702e-003 6.95821503e-003 0.
    1.67375396e-003 0. 8.15431960e-003 -1.06681022e-003 1.05653843e-002
    0. -2.95517850e-004 0. -5.54515747e-004 1.95898544e-002
    1.42074388e-003 0. 0. 0. 0. 0. 0. 0. 4.44669276e-003
    -2.53161578e-003 0. 0. 7.98453925e-007 4.82373498e-003
    3.42670712e-004 0. -7.76574307e-005 4.27714258e-004 0.
    -2.04446632e-003 0. 0. 1.80478173e-003 0. 1.08344341e-003
    2.22727959e-003 0. 0. 2.49661040e-003 0. 1.40899885e-002
    9.77354008e-004 3.51417693e-004 0. -3.12009681e-004 0.
    2.98164762e-003 5.92602091e-003 0. -4.48261882e-004 0. 0.
    4.68274252e-003 -1.76601054e-003 0. 0. 0. 0. 1.39799819e-003 0.
    3.34266137e-004 -2.54502578e-004 0. 3.57599085e-004 0. 0.
    5.33966068e-003 0. 0. 6.65145693e-003 -7.78161688e-004
    1.79667007e-002 1.38409971e-003 7.73468614e-003 0. 0.
    2.51054624e-003 2.78991438e-003 -3.34497471e-003 2.77943589e-004
    1.31507376e-002 5.31300157e-003 5.11351449e-004 0. -2.14984524e-003
    3.75927635e-003 2.07071379e-003 1.56099303e-003 1.14237508e-002 0.
    -7.81630923e-004 0. -5.93874502e-005 2.01110952e-002 2.80598947e-003
    2.36021518e-003 0. 4.50521940e-004 2.25380529e-003 1.76013075e-002
    1.79509909e-004 7.20017299e-004 -1.01033307e-003 -1.33233880e-005 0.
    1.66233280e-003 0. 0. 7.57358386e-004 4.22069477e-003 0.
    2.93236622e-003 0. -1.09924551e-003 3.99619201e-003 4.44822246e-003
    4.11848724e-003 0. -7.45331054e-004 5.25583094e-003 2.02378654e-003
    1.50275568e-003 0. 0. -9.30267619e-004 0. 0. 0. 1.48310792e-002
    4.37235087e-003 -7.06329709e-004 2.20681094e-002 1.88682461e-004
    7.83039816e-003 -5.98224765e-003 2.80461577e-003 0. 6.31754636e-004
    -9.61399230e-004 0. 0. -4.87849675e-003 5.11514070e-003 0. 0.
    2.85952352e-003 0. -1.19682332e-003 -4.78018448e-003 2.59003253e-003
    2.69673765e-003 3.96375125e-003 0. 2.51305662e-003 8.05754960e-003
    6.43018913e-003 4.67879372e-003 7.47208809e-003 9.21054278e-003
    -2.21033720e-003 2.22654664e-003 3.00124579e-004 2.67630094e-003
    -7.17044168e-006 2.03653309e-003 4.57627792e-003 1.51503235e-002 0.
    4.92875790e-003 0. 0. 0. 1.44034799e-004 -1.63291371e-003 0. 0.
    7.22050620e-003 8.27160722e-004 -3.34433722e-003 3.04561597e-003 0.
    2.14391295e-003 0. -1.89599080e-003 0. 0. 3.69679579e-003 0.
    8.02780443e-004 1.67406537e-002 1.22426380e-003 0. 9.47050843e-003
    0. 0. 0. 1.15601775e-004 4.65716980e-003 1.00003439e-003
    4.63814614e-003 1.58792757e-003 4.52040043e-003 6.98850816e-003 0.
    -1.64633337e-003 0. -5.92819008e-004 2.87522376e-003 2.66807736e-003
    2.66699842e-003 5.45278331e-003 3.95233976e-003 0. 1.34785578e-003
    5.92830766e-004 0. 8.50507291e-004 4.85835969e-003 -2.08871439e-003
    5.18306671e-003 2.86714785e-005 6.21891674e-003 5.38281689e-004
    -1.70453306e-004 -1.73779950e-003 6.62471750e-004 0. 0. 0.
    -7.75925640e-004 2.06893659e-004 0. 0. 6.77784381e-004 0. 0. 0.
    1.58274285e-002 -1.95519649e-003 8.48610979e-003 0. 9.07604641e-004
    9.85441543e-003 0. 0. 0. -1.36887291e-004 3.98227246e-003
    7.36056222e-003 0. 3.08281486e-003 0. -2.87623727e-004
    1.43121067e-003 0. -1.83285782e-004 0. 1.41016871e-003 0.
    1.22160558e-002 -6.58126548e-004 -1.74162516e-004 2.50969664e-004
    4.10717027e-003 0. 1.09084311e-003 4.83151432e-003 5.71037363e-003
    4.04679962e-003 0. 0. 1.74967747e-003 -6.90988381e-004 0.
    9.35924007e-004 0. 1.01703545e-002 0. 0. 0. 0. 6.98586751e-004
    1.50781572e-002 6.19711680e-003 0. 1.01970497e-003 0.
    2.45755725e-003 -2.22338364e-003 0. 2.42516701e-003 5.52746886e-003
    0. 6.50182273e-003 -2.74600065e-003 -3.97044671e-004 0. 0. 0. 0. 0.
    1.00299437e-002 7.19053578e-003 0. 7.60655105e-003 0. 0.
    8.46741442e-003 5.32560423e-003 0. 8.54848302e-004 1.12600916e-003
    2.05375953e-003 0. 1.86611305e-003 -1.11348250e-004 0.
    2.00381293e-003 9.86789935e-004 7.39406236e-003 5.72818506e-004 0.
    3.38866515e-003 -3.84594314e-004 9.55533062e-004 0. 7.09170476e-004
    0. -5.90433483e-004 -7.77419365e-004 1.07800020e-002 5.52094216e-003
    2.01180880e-003 1.26437412e-003 -6.83748513e-004 -2.16358108e-003</data></imageDescriptor>
</opencv_storage>
