<?xml version="1.0"?>
<opencv_storage>
<imageDescriptor type_id="opencv-matrix">
  <rows>1</rows>
  <cols>500</cols>
  <dt>f</dt>
  <data>
    3.62846255e-003 -1.41589483e-003 0. -1.52906042e-003 0. 0.
    1.64750556e-003 0. 2.85225199e-003 3.51511827e-003 0.
    8.00976343e-003 0. 0. 0. -1.51260669e-004 0. 2.41511222e-002 0.
    1.93640729e-003 2.34190724e-003 4.57509002e-003 0. 2.89153191e-003
    7.27310730e-003 3.59298568e-003 0. 0. 0. -1.66302104e-003 0.
    8.45555030e-003 0. 0. 0. 0. 0. 8.04853346e-003 -2.27519753e-003 0.
    0. -1.11505529e-003 3.79257556e-003 1.61677052e-003 0.
    6.44431158e-004 0. 2.78958166e-003 2.98390188e-003 7.73936696e-003
    0. 0. 0. 0. 1.16609400e-002 0. 0. 3.50734103e-003 1.70117728e-002 0.
    0. 0. 1.77741388e-003 3.89890862e-003 1.49605963e-002 0.
    1.40254589e-004 0. 9.50608030e-003 6.69224141e-003 0. 0. 0. 0.
    1.42380819e-002 0. 0. 0. 6.85766572e-003 3.57476366e-003 0.
    7.14682229e-003 0. 0. 0. 0. 0. 0. 3.22480034e-003 0. 3.88254691e-003
    0. 0. 0. 0. 0. 6.79649832e-003 3.86157975e-004 3.70866153e-003
    3.07122199e-003 0. 0. 0. 7.54808541e-003 -1.48577860e-003
    8.41692835e-003 0. 0. 5.38786501e-003 0. 3.94897256e-003
    1.72306388e-003 0. 0. 0. 2.53783725e-003 6.05941226e-004
    4.82840417e-003 4.99862898e-003 0. 1.35484850e-003 3.88870249e-004
    0. 0. 2.16396451e-002 0. 0. 0. 0. -5.71798417e-004 3.73964477e-003
    0. 0. 3.64733511e-003 1.18123097e-002 3.81865050e-003
    4.92246263e-003 2.39624130e-003 -1.39408289e-002 1.83834054e-003 0.
    0. 0. 0. 4.07424476e-003 2.08436069e-003 0. 0. 0. 0. 4.64607263e-003
    4.13738564e-003 0. 5.15323656e-004 0. 0. 2.23104563e-002 0. 0. 0.
    2.26475022e-004 0. 0. 0. 1.88881371e-004 0. 2.46582064e-003
    -1.30161818e-003 0. 0. -1.32140680e-003 2.27218121e-003
    2.43485020e-003 0. 7.43362028e-003 -2.07146141e-003 -3.62666580e-003
    0. -8.65170558e-004 0. 6.66645402e-003 1.22092273e-002
    2.96685216e-003 1.36893466e-002 0. 1.20283915e-002 0.
    3.61909974e-006 2.03357008e-003 0. 9.69967898e-003 3.10547091e-003
    0. 1.47299387e-003 5.56630362e-003 0. 2.70810211e-003 0.
    1.52342115e-003 0. 0. 3.14070581e-004 -1.96846179e-003 0. 0. 0. 0.
    0. 0. 2.13256462e-005 1.20108377e-003 0. 0. -1.62260863e-003 0. 0.
    0. 3.88523960e-003 4.28964244e-003 0. 2.11544073e-004
    3.72971571e-003 6.91377325e-003 4.11353027e-003 -1.45318755e-003 0.
    0. 0. 3.26860789e-003 0. 0. 0. 1.28143355e-002 2.82585225e-003
    2.43559503e-003 9.61223384e-004 0. 2.42171646e-003 0.
    -2.46696803e-003 -8.29505851e-004 -5.64008765e-003 0. 0. 0.
    1.86630171e-002 0. 0. 0. 7.61902193e-003 3.79960123e-003
    1.10396463e-003 0. 0. 6.61596889e-003 2.39647063e-003
    1.67862093e-003 4.29181149e-003 6.82223542e-003 0. 5.99495508e-003
    8.20482057e-003 1.62622088e-003 1.84340365e-002 1.51005294e-003 0.
    -1.32817798e-003 -4.60497140e-005 2.34413520e-003 -6.84286468e-004
    1.01771839e-002 1.01704535e-003 1.09612495e-002 0. 9.82454279e-004
    6.13436685e-004 2.02648807e-005 6.38063159e-003 1.34199355e-002 0.
    4.89239767e-003 1.50033564e-003 4.54205219e-005 0. 0.
    4.22493438e-004 3.86737916e-003 1.32378852e-002 0. 3.20798601e-003
    0. 0. 2.60604192e-002 5.50677767e-003 0. 9.21947975e-003
    7.33121950e-003 3.00909206e-003 2.72046402e-003 3.62155423e-003 0.
    2.69884733e-003 0. -1.22820307e-003 0. 0. 1.02254907e-002 0.
    -4.43072803e-003 0. 4.07083752e-003 5.19877300e-004 -2.41886056e-003
    9.87188192e-004 0. 0. 0. 5.36569161e-003 3.42712104e-002
    9.22324415e-003 6.77118485e-004 2.96691037e-003 0. 1.49901968e-003
    0. 0. 0. 1.59454253e-003 0. 0. 5.10441663e-004 2.22800742e-003 0.
    1.53224776e-003 -1.11331884e-003 0. 0. -2.86433118e-004
    4.91074938e-003 0. -1.02339219e-003 -1.41245185e-003 1.53149036e-003
    6.30702416e-004 0. 0. 0. 1.47848026e-004 0. -2.28816364e-003
    3.31178214e-003 0. 2.90850294e-003 0. 0. 2.33913003e-003 0.
    1.13545626e-003 0. 4.53247549e-003 1.63766779e-002 2.50121206e-003
    -8.90980009e-003 2.42527720e-004 -6.27197616e-004 0. 0. 0.
    7.10650161e-003 -1.08797773e-004 0. 0. 0. 6.06592372e-003 0.
    1.32144447e-002 0. 0. 0. -8.24254588e-004 2.06888886e-003 0.
    4.00756206e-003 -4.27988404e-003 0. 7.73693807e-003 1.72647287e-003
    0. 0. 1.82642671e-003 1.32024672e-003 2.54467828e-003 0.
    3.39253130e-003 5.35019254e-003 0. 0. 5.11289248e-003 0. 0.
    5.48587227e-003 6.62315264e-003 2.54031853e-003 -6.51613623e-003
    5.50373411e-003 0. 1.44231804e-002 0. 0. -1.06290297e-003
    1.19182514e-002 2.40863580e-003 0. 2.02274212e-004 0. 0. 0.
    5.93186915e-003 2.22395337e-003 0. 0. 4.38982435e-003
    1.38176819e-002 8.47967342e-003 -8.66567250e-004 9.02052503e-004
    7.28000514e-003 0. -3.76611628e-004 2.40247842e-004 0. 0. 0.
    1.35969734e-002 0. 0. 0. 8.46609299e-004 7.22105522e-003 0. 0. 0. 0.
    0. 9.86885978e-004 0. 0. 2.39552325e-003 5.30440779e-003
    1.47085451e-003 1.93115827e-002 4.79954667e-003 0. 0. 0. 0. 0.
    2.69964500e-003 -4.98875882e-003 0. 0. 1.28939678e-003
    2.76664551e-003 0. 0. 7.49546662e-003 3.53566138e-003 0. 0. 0.
    3.31657473e-003 5.46394801e-003 0. 1.43953518e-003 0.
    1.80996943e-003 0. 4.75553097e-004 0. 0. 1.04787562e-003 0. 0. 0. 0.
    8.08007177e-003 2.80243665e-004 0. 2.15348508e-003 0. 0. 0. 0.
    1.66373933e-003 0. 0. 0. 0. 3.05717997e-003 1.57071254e-003</data></imageDescriptor>
</opencv_storage>
