<?xml version="1.0"?>
<opencv_storage>
<imageDescriptor type_id="opencv-matrix">
  <rows>1</rows>
  <cols>500</cols>
  <dt>f</dt>
  <data>
    0. -3.81667796e-003 2.07045535e-003 9.37784929e-003 0.
    2.42922828e-003 9.05094203e-003 0. 1.00531196e-002 0. 0. 0. 0.
    -6.34911179e-004 0. 9.98100452e-003 0. 0. 9.18790232e-003
    2.96260766e-003 3.72633035e-003 0. -1.18118722e-003 7.48195627e-004
    5.55116031e-003 -1.31795387e-004 0. 0. 8.06960650e-003
    -8.39820690e-003 2.00333446e-003 2.06248765e-003 0. -3.16741550e-003
    0. 2.76132161e-003 0. 2.74236593e-003 0. 0. 0. 0. 0. 1.82834286e-002
    0. 0. 1.06251221e-002 0. 0. 0. 1.04506947e-002 0. 0. 0.
    2.52572494e-003 8.10701022e-005 0. 0. 0. 2.73009849e-004
    2.34366002e-004 3.91996145e-004 0. 0. -1.96451182e-003
    -7.44763529e-004 -2.77721300e-003 3.29972152e-003 0. 1.02181714e-002
    0. 0. 5.56673296e-003 1.13510443e-002 -5.53417439e-003
    7.62562919e-003 5.12610050e-003 0. 5.90060279e-003 0. 0.
    -8.93161725e-003 -2.02824525e-003 3.33386706e-003 0. 1.35394419e-003
    0. -4.61654592e-004 5.07582119e-003 1.18199096e-003 0. 0.
    4.09892388e-003 4.78884140e-005 0. 8.69828183e-003 0.
    1.61661413e-002 0. 8.47765524e-003 0. 1.03759707e-003
    3.28942877e-003 2.31882706e-002 5.18536952e-004 0. 1.47383672e-003
    0. 0. 2.29630619e-003 0. 1.01591740e-003 0. 0. 0. 0. 3.31868650e-003
    4.13434068e-003 0. 1.86325191e-003 0. 6.75562955e-003
    4.84167505e-003 5.79075841e-003 0. 0. 0. 0. 0. 1.23556191e-003 0.
    3.54620628e-003 0. 1.91691751e-003 0. 0. 8.44141748e-003 0.
    3.45794344e-003 1.25443586e-003 0. 3.34563595e-003 1.63142011e-003
    2.97006965e-003 5.10698743e-003 0. 5.21631388e-004 8.57103430e-003
    0. 0. 5.36662620e-003 3.30687896e-003 0. 2.46018427e-003
    1.50832152e-002 0. 3.16917431e-003 0. 0. 1.54407471e-002 0.
    -6.13777549e-004 8.22767615e-003 1.55594451e-002 0. 2.66914535e-003
    0. 0. 0. 3.23190732e-004 1.18549401e-003 3.59593215e-003 0.
    3.74203012e-003 0. 8.14090669e-003 0. 0. 1.02202781e-002
    2.23936979e-003 0. 1.62709039e-003 0. 0. 0. 0. 0. -9.46757355e-005
    7.67395482e-004 1.21838050e-002 0. 3.71293398e-003 0. 0. 0.
    1.46838967e-004 -2.83288117e-003 0. 1.28801744e-002 9.60785523e-003
    1.86132919e-003 1.31046353e-003 0. 2.39507295e-003 3.14578507e-003
    0. 0. -5.63663489e-004 1.76134787e-003 9.46181174e-003
    9.90022253e-003 4.73251846e-003 2.86431983e-003 0. 0.
    4.06503072e-003 1.90284010e-003 0. 1.20810503e-002 0. 0.
    -1.37759186e-003 0. 0. 4.29323642e-003 0. 0. 0. 4.23414586e-003
    -9.21421102e-004 0. 3.23614385e-003 -2.49578152e-004 0.
    6.45546475e-003 0. 0. 0. 0. 0. 0. 0. 0. 1.55306468e-003 0.
    3.48065142e-003 0. 0. 0. -1.14401837e-003 0. 0. 2.76332791e-003
    2.25662859e-003 -3.25653958e-003 0. 0. 3.80515098e-003
    8.75957962e-003 0. 0. 0. 0. 3.58951674e-003 0. 0. 0. 4.13658982e-003
    1.01489213e-003 0. 4.07759380e-003 0. -1.63910576e-004
    1.08860806e-003 1.08469138e-003 0. 6.35063881e-003 1.70261809e-003
    4.03459277e-003 0. 0. 0. 0. 0. -1.10475917e-003 2.04738486e-003 0.
    -4.56273323e-003 0. 0. 0. 0. 5.00577362e-003 5.22263581e-003 0.
    5.16521558e-003 0. 3.54593201e-003 0. -2.29886710e-003
    4.52961167e-003 -2.11180747e-003 0. 1.11380510e-003 0. 0.
    1.13635184e-003 0. 0. 1.74383819e-002 7.65526341e-003
    2.11249222e-003 2.12059692e-002 0. 1.95977613e-004 1.56075892e-003
    1.58339436e-003 0. 0. 3.99948936e-003 0. -1.94283173e-004 0. 0. 0.
    5.87461796e-003 0. 0. 1.42897875e-003 0. 8.40565283e-003 0. 0.
    -2.44397623e-003 2.98919622e-003 0. 2.80040054e-004 6.00972865e-003
    0. 2.62819743e-003 7.50011252e-003 0. -1.15095882e-003
    2.66165659e-003 0. 0. -5.16696018e-004 1.30900438e-003 0.
    9.02147498e-003 0. 0. 7.90106971e-003 0. 3.55425174e-003
    3.82938818e-003 0. 2.37766816e-003 6.06704911e-004 4.75311372e-003
    5.01969690e-003 -3.38502228e-003 0. 1.57043134e-004 0. 0.
    2.87961750e-003 0. 1.00047467e-002 1.48610258e-003 0. 0.
    4.13750531e-005 1.00212649e-003 0. 1.95643399e-003 1.40977176e-002
    1.94715499e-003 0. 1.86285726e-003 -1.71736395e-003 -4.31945140e-004
    0. -6.67950138e-003 6.22375589e-003 5.46181481e-003 0. 0.
    4.62810538e-004 1.52142986e-003 4.72853845e-003 1.07159081e-003
    2.32940703e-003 3.92246619e-003 0. -3.39960330e-004 2.72589829e-003
    0. 3.36943241e-003 1.82986225e-003 0. 9.72355437e-003
    3.48230498e-003 7.99353656e-005 9.20674938e-004 0. 0.
    4.18416178e-003 3.77695938e-003 0. 0. 0. 0. 8.77844635e-003
    8.28148145e-003 0. 8.88767838e-003 0. 0. 0. 2.81337020e-003 0. 0.
    3.36262817e-003 6.33271970e-003 3.31360294e-004 1.15220819e-003
    -2.72930396e-004 -1.23834633e-003 0. 0. 5.17007569e-003 0.
    7.25757936e-003 -6.91411376e-004 0. 0. 6.12039352e-003
    6.13820460e-003 2.75803986e-003 0. 1.17374156e-002 1.38398046e-002
    0. -7.78871297e-004 0. 1.37757966e-002 0. 0. 0. 0. 5.05850650e-003
    -6.81999663e-004 3.25627625e-003 0. 0. 3.11780302e-003 0. 0.
    1.42177641e-002 5.09569282e-003 2.92067463e-003 -1.19543448e-003 0.
    4.11029160e-003 5.12589514e-003 2.85409531e-003 1.84403523e-003 0.
    0. 0. 1.84548702e-002 0. 0. 0. 3.89014767e-003 0. 1.38228876e-003 0.
    0. 0. -2.21255366e-004 0. 6.02723053e-003 0. 7.20034866e-003
    6.01522112e-003 4.34954138e-003 4.61512385e-003 -6.75639370e-004 0.
    0. 0. 4.07941919e-003 8.63200799e-003 8.03348888e-003
    9.65472683e-003 0. 6.34810375e-003 0.</data></imageDescriptor>
</opencv_storage>
