<?xml version="1.0"?>
<opencv_storage>
<imageDescriptor type_id="opencv-matrix">
  <rows>1</rows>
  <cols>500</cols>
  <dt>f</dt>
  <data>
    0. 3.50461924e-003 0. 4.61593503e-003 0. 0. 0. 5.20007976e-004 0.
    1.09381031e-003 2.35054153e-003 2.35298579e-003 6.27489993e-003 0.
    1.66705728e-003 8.37104104e-004 7.59924389e-003 0. 0. 0.
    4.26104898e-003 3.19881365e-003 3.69925564e-003 3.87755176e-003
    6.89583551e-003 0. 0. 0. 0. 0. 1.17209740e-003 -3.52273986e-004
    -3.53694055e-003 0. 2.37273402e-003 0. 1.91716626e-002
    8.03706143e-003 6.58424105e-003 1.66131102e-003 3.68983368e-003
    -2.61302781e-003 0. 2.46635498e-003 -9.43566149e-004 0.
    -9.27852874e-004 1.63530058e-003 0. -1.40970701e-003 1.82846887e-003
    0. 2.50497879e-003 -6.08699396e-004 0. 1.01098940e-002
    5.77055756e-003 0. -1.90687686e-004 -1.09621651e-004 3.44984909e-003
    -1.57409362e-004 4.31964966e-003 3.40945390e-003 2.40261038e-003
    9.83307790e-003 0. 2.02085753e-003 0. 7.43867178e-003
    -6.11158088e-004 7.41430733e-004 5.19279903e-003 0. -8.86965019e-004
    7.48228002e-003 -1.01108500e-003 5.32159628e-003 -7.20001408e-005 0.
    4.57352493e-003 8.77048448e-003 2.04067584e-003 4.59985109e-003 0.
    -1.13977279e-004 0. 5.95964782e-004 0. 3.53087788e-003 0. 0.
    1.97536498e-003 7.03872298e-004 0. 0. 0. 5.03051840e-003 0. 0.
    1.57949037e-003 5.27829537e-003 6.04505185e-003 7.36715179e-003 0.
    -3.97659285e-004 9.02208500e-004 2.26951647e-003 5.58757968e-003 0.
    6.85397582e-003 0. 1.11827832e-002 1.13344872e-002 0.
    2.17856001e-003 2.07688706e-003 4.95239394e-003 1.98190776e-003
    8.24004598e-003 5.32159256e-003 5.49302856e-003 2.54434068e-003
    -9.99149983e-004 -5.99875231e-004 2.99213250e-004 0. 1.70689751e-003
    -5.81500004e-004 7.75640830e-004 6.41639531e-003 0. -4.08758788e-004
    0. 0. 0. 0. 0. 1.28910900e-003 0. 0. 1.19975000e-003 1.42046728e-003
    3.24469549e-003 1.74336042e-003 9.75642446e-003 0. 1.71704334e-003
    0. 9.06267960e-004 2.17588502e-003 4.09274595e-003 1.37553783e-003
    3.11465655e-003 7.34212017e-003 1.02183234e-003 5.39171323e-003
    3.24024353e-004 5.07618906e-003 0. 4.69905231e-003 4.50115791e-003
    5.72554534e-003 1.63332082e-003 0. 2.83357804e-003 1.49098237e-003
    1.48666522e-003 4.98368405e-003 1.00300589e-003 4.13089152e-003
    -4.47657076e-004 1.57747290e-003 0. 2.34825839e-003 3.06765619e-003
    0. 0. 3.18775722e-003 6.13595126e-003 2.65838997e-003
    7.11706653e-003 2.88061186e-004 8.84637411e-004 0. -1.17490577e-004
    0. 0. 4.32244409e-003 0. 2.66385323e-004 7.53744796e-004
    -1.09007489e-003 2.76236166e-003 3.25739500e-003 8.04508745e-004
    1.90169550e-003 0. 2.68516992e-003 0. 0. 0. 7.30108470e-004 0.
    1.89364728e-004 9.10908158e-004 2.00755126e-003 0. 1.48908352e-003
    0. 0. 2.00607363e-004 0. 0. 0. 6.46011555e-004 4.24911827e-003
    6.69267774e-003 1.88929751e-003 2.99319043e-003 2.11054855e-003 0.
    0. 3.90631845e-003 7.83666689e-003 0. 9.43878549e-005
    4.93364129e-003 6.55856077e-003 2.25844560e-003 2.60940258e-004
    2.31457991e-003 0. 0. 3.30703129e-004 0. 0. 0. 1.88400631e-003
    1.83558662e-003 8.27439129e-004 0. 0. 0. 0. 0. 1.18003663e-004 0. 0.
    1.33394869e-003 0. 1.53552811e-003 1.33288442e-003 1.63521909e-003
    3.89825611e-004 2.25380762e-003 1.01029295e-002 0. 0.
    -3.89793131e-004 3.72377574e-004 1.25552928e-002 3.91621049e-003
    2.05345489e-002 0. 0. 2.66194902e-003 4.03114734e-003
    9.24175885e-003 2.55575957e-004 0. 9.01118014e-003 8.12406826e-004
    0. -1.70069732e-004 1.25751202e-003 1.20490203e-002 6.29314268e-003
    -3.65596003e-004 4.38337767e-004 6.70670765e-003 1.36939471e-003
    3.09057883e-003 2.03015428e-004 8.58974759e-004 -6.26152614e-004 0.
    -3.57427914e-003 -4.72296902e-004 -2.29965750e-004 0.
    -3.38246557e-003 5.99424914e-003 9.40883940e-004 3.25531047e-003
    7.62404734e-003 0. 0. 3.11854004e-004 5.28755551e-003 0.
    -8.74823818e-005 -5.52126903e-006 6.17721630e-003 2.38831714e-003 0.
    4.94529726e-003 4.68859542e-003 0. 0. 0. 0. 1.26555748e-003
    3.86681454e-003 8.42504378e-004 7.21441396e-003 1.77427355e-004
    2.17773253e-003 0. 4.50673455e-004 0. 2.52739340e-003
    6.61070971e-003 0. 1.77190849e-003 -2.03628719e-004 -2.45464209e-004
    2.97077233e-004 6.45708002e-004 -1.81992782e-005 7.19947740e-003 0.
    0. 4.46990179e-003 3.66300647e-003 0. -6.10037241e-004
    1.08437729e-003 0. 0. 6.95721852e-003 2.05459702e-003
    -1.17871561e-003 -1.26129584e-004 3.30369198e-003 7.19059678e-003
    7.66965168e-005 3.21713183e-003 2.74939300e-003 8.39352887e-003
    1.46233500e-003 0. 0. 0. 3.36709013e-003 2.18633050e-003
    1.11889485e-002 3.86948674e-003 1.81951411e-002 3.81546002e-003 0.
    1.62989949e-003 3.96491541e-003 4.11256077e-003 -2.06380093e-004
    1.17963704e-003 5.36118494e-003 4.50883619e-003 1.30065961e-003
    3.66675248e-003 8.28106364e-004 0. 1.19339500e-003 0. 0.
    8.10701214e-003 2.26100092e-003 5.32025844e-003 1.55751070e-003
    1.91793824e-005 -5.23694698e-003 1.61267433e-003 4.47301054e-003
    -3.01283179e-003 3.25269857e-003 -1.21724978e-003 0.
    -8.97482387e-004 9.34673066e-004 0. 6.79305114e-004 3.90441320e-003
    0. -3.72668519e-003 9.68317501e-003 2.53894343e-003 3.38789774e-003
    2.51306756e-003 2.79525132e-003 2.25734618e-003 4.59637586e-003
    3.95716866e-003 3.38395219e-003 6.64964435e-004 0. 7.27443723e-003
    0. 0. 0. 6.33053528e-003 3.18166940e-003 0. 2.34533404e-003
    1.15160812e-002 1.01368707e-002 0. 1.61447551e-003 4.59622871e-003
    0. 3.22800968e-003 8.18854533e-005 1.25535042e-003 0. 0. 0. 0.
    4.90015792e-003 1.46533875e-003 0. -3.15090455e-003 0.
    -8.98144383e-004 1.73220411e-003 1.83419010e-003 -2.06037494e-003 0.
    0. 0. 0. 4.56702802e-003 -2.07185629e-003 -2.80252978e-004
    6.03156118e-003 0. 2.32862402e-003 7.08657363e-003 0.
    7.04332633e-005 8.08442105e-003 0. 7.41542503e-003 2.90650479e-003
    3.16093140e-003 1.57308171e-003 0. 3.45264352e-003 2.70659686e-003
    8.98598635e-004 1.27585919e-003 3.17596318e-003 9.72998515e-003
    1.26554130e-003 0. -8.43808113e-004 1.49154081e-003 6.22322224e-003
    2.35460117e-003 4.47332626e-003 4.74854186e-003 6.20469591e-003 0.
    2.24872050e-003 7.60601542e-004 0. 2.96677952e-003 -8.65619877e-005
    1.25683425e-003 0. 4.27125674e-003 8.40174209e-004 0.
    3.52561194e-003 0. 1.59188325e-003 7.10993446e-003 0. 0.
    1.03243580e-003 3.25488672e-003 1.34767988e-003 0. 0.
    2.16800952e-003 0. 2.67315865e-003 3.74149717e-003 -1.51330291e-003
    0. 0. 1.23256189e-003</data></imageDescriptor>
</opencv_storage>
