<?xml version="1.0"?>
<opencv_storage>
<imageDescriptor type_id="opencv-matrix">
  <rows>1</rows>
  <cols>500</cols>
  <dt>f</dt>
  <data>
    2.19466141e-003 6.06907019e-003 1.64980243e-003 0. 0.
    2.04300391e-003 3.65286320e-003 0. 4.71715955e-003 0. 0.
    1.83660456e-003 2.21019657e-003 -2.73728976e-003 1.64817669e-003 0.
    2.82055093e-003 2.18075141e-003 1.50457316e-003 -3.63239815e-004
    2.39352346e-004 0. -2.82903464e-004 -2.86558294e-003 0.
    -1.83338078e-003 8.11787229e-003 3.10554984e-003 7.52488989e-003 0.
    -1.29953411e-003 0. 7.86298915e-005 -1.79052632e-003 9.17119847e-004
    0. 0. 4.52408567e-003 3.01408989e-004 8.49606644e-004
    -3.79542413e-004 4.08440689e-003 3.08292941e-003 7.88491592e-003
    -3.85088206e-004 5.34622883e-003 1.63750595e-003 -5.00138034e-004
    5.24089951e-003 1.71872240e-003 0. 0. 0. 2.60588538e-004 0. 0. 0.
    9.80357453e-003 -2.78218882e-004 0. 1.87667017e-003 1.90848089e-003
    7.38174422e-004 -2.31313589e-003 -1.20928766e-004 0. 0.
    1.14614423e-003 3.39164108e-005 2.95338687e-003 3.62101896e-003 0.
    2.14635138e-003 0. 1.89259788e-003 -4.73115506e-004 0. 0.
    5.51218400e-003 0. -1.64544047e-003 0. 0. -1.17391336e-003 0.
    6.42746687e-003 4.40619467e-003 4.04873909e-003 1.78612524e-003 0.
    0. 5.90499351e-003 0. -2.18623504e-003 3.50999879e-003
    2.17412948e-003 2.23929179e-003 3.46254907e-004 0. 1.00837823e-003
    1.88080675e-003 0. 1.95320067e-003 1.14670591e-004 2.58580712e-003
    9.93594248e-003 9.91367362e-003 2.17668712e-003 9.21535306e-003
    2.53195688e-003 -1.96126150e-003 1.26080858e-002 2.31082481e-003
    2.05450784e-003 0. 6.44450029e-003 -3.38709651e-004 2.56031496e-003
    0. 0. 5.46381297e-003 0. 4.43021860e-003 4.73513268e-003
    7.02726003e-003 2.83928611e-003 -1.69423246e-003 -1.69385411e-003 0.
    -3.44523205e-003 -2.57981505e-004 2.95052491e-003 0. 0. 0.
    7.11981615e-004 2.51731859e-003 -3.56175820e-004 1.81982182e-002
    4.41453373e-003 1.54866709e-003 0. 1.17416857e-004 0.
    1.45699712e-003 2.00437289e-003 2.49663764e-003 1.34595484e-003 0.
    3.12223542e-003 8.39234446e-004 -2.20872942e-004 4.41960339e-003 0.
    4.82976699e-004 0. -2.28188769e-003 1.80644952e-002 -8.89390882e-004
    0. 7.91311832e-005 3.96270258e-003 0. 6.42589666e-003 0. 0.
    5.20131493e-004 -1.08503154e-003 1.53403345e-003 -1.68315938e-003
    1.85808586e-003 1.84629369e-003 3.11784353e-003 3.73552524e-004 0.
    -1.47966982e-003 0. 0. 0. 0. 2.24362104e-003 1.12974718e-002 0.
    1.96130364e-003 -6.01854583e-004 0. 6.87234150e-003 -2.12612143e-003
    1.88361725e-003 5.20202238e-003 0. 3.67444730e-003 0.
    1.84077490e-003 -1.05969014e-003 0. 0. 2.44415435e-003 0.
    1.36383844e-003 8.95408797e-004 0. -4.16441209e-004 1.21697811e-002
    0. 5.76737756e-003 -2.35847873e-003 0. 8.86202499e-004
    5.08303521e-003 -1.15767783e-004 7.16692943e-004 3.09315219e-004 0.
    2.16325885e-003 -2.43681250e-003 -5.56532177e-005 6.65990822e-003
    3.04398010e-003 4.92280163e-003 0. -5.84294728e-004 2.86147557e-003
    1.89544994e-003 2.42475886e-003 0. 0. 4.99034533e-003
    6.41841209e-003 2.51413626e-003 0. 0. 9.37172561e-004 0.
    8.02677684e-003 0. 0. 2.18964787e-003 1.78552116e-003
    5.98574523e-003 5.96586642e-006 6.75346004e-003 4.23589163e-003 0.
    -8.49770673e-004 3.06559633e-003 0. 2.99539906e-003 5.55491354e-003
    1.45980797e-003 0. 0. 0. 0. 0. 0. 8.38086847e-003 -8.57341394e-004
    8.46305513e-004 0. 0. 2.54374975e-003 6.56614453e-003
    -7.91273720e-004 7.06229545e-003 6.57613203e-003 -2.02607643e-003 0.
    0. 2.12766370e-003 -2.24728647e-004 8.79393797e-003 3.78118391e-004
    4.41509124e-004 3.79825616e-003 6.24717577e-005 0. 1.70884002e-003
    1.35004439e-003 -8.09787889e-006 4.82541090e-003 0. -4.17481526e-004
    8.01936630e-003 1.29916165e-002 1.49721960e-002 0. 3.91444005e-003
    0. 1.88815861e-003 2.50135572e-003 5.34572580e-004 0.
    -8.85958027e-004 2.87164759e-004 0. 0. 1.85090420e-003
    -1.62773696e-003 4.16718051e-003 0. 1.14120846e-003 0.
    1.12135299e-002 0. -7.18548137e-004 -1.34848803e-003 1.23655249e-003
    0. 1.21944854e-002 0. -2.06321292e-003 1.53420307e-002
    6.38039375e-004 4.07148758e-003 3.51614971e-003 0. 0.
    3.36686033e-003 -7.84629723e-004 -3.91041191e-004 -1.31377508e-003
    0. 4.83147008e-003 0. 0. 0. 2.90470547e-003 0. 0. 5.91337308e-003
    4.70953807e-003 2.06188462e-003 4.27186606e-004 2.31998670e-003 0.
    4.86251386e-003 6.16676454e-003 1.32868043e-003 -1.79859542e-003
    2.58247089e-003 2.25673383e-003 5.43428864e-003 -2.12331588e-006
    2.09032604e-003 0. 0. 0. 0. 0. 2.48073856e-003 1.66218833e-003 0.
    1.30035626e-002 0. 4.97307861e-003 6.36099512e-003 3.68829304e-003
    0. 7.72410212e-003 1.57014478e-003 3.16816004e-005 1.49171120e-002
    0. 8.99925269e-003 8.96468002e-004 9.66344215e-003 1.94282271e-003
    5.98222110e-003 6.67241355e-003 5.84665174e-003 0. 0.
    3.63739161e-003 3.53307999e-003 5.88404154e-003 4.97447746e-003 0.
    0. 0. 6.20415341e-003 6.22821925e-003 9.44154279e-004
    1.93712523e-003 8.57550092e-003 4.26858570e-003 0. 0.
    1.55200169e-003 0. -1.83165423e-004 -1.80511072e-003 4.10922617e-003
    2.90698721e-003 4.63862484e-003 8.80384003e-004 0. 0.
    -1.72231079e-003 0. 2.52357195e-003 1.72829919e-003 -2.46154290e-004
    4.48068604e-003 0. 6.21991372e-003 2.38153804e-003 0. 0. 0.
    2.34355638e-003 0. -2.06920085e-005 2.06077495e-003 0. 0.
    4.95065330e-003 0. 0. 0. 1.46788557e-003 0. 6.76759984e-003
    3.08597204e-003 -1.50585908e-003 0. 1.15327844e-002 0.
    5.79167390e-003 0. -7.59082439e-004 7.71619333e-003 2.68595456e-003
    9.23472084e-003 8.17429274e-003 0. -4.47712792e-003 0.
    1.02798054e-002 1.53589454e-002 4.59466968e-003 -1.46721140e-003
    1.89561746e-003 0. 1.30730419e-004 5.66782430e-003 0.
    2.19309982e-003 1.36839191e-003 -3.64945433e-003 1.62645918e-003
    1.45913812e-003 4.46111104e-003 0. 0. 1.15350843e-003
    9.20985080e-003 1.83815637e-003 0. 2.51609227e-003 4.97949636e-003
    2.28424557e-003 1.34825183e-003 -5.58697153e-004 0. 2.35682400e-003
    2.85550999e-003 5.56237472e-004 2.78373738e-003 0. 0. 0. 0. 0.
    2.48056080e-004 -1.77536381e-003 -1.40942531e-004 -4.09739616e-004
    0. 2.04003835e-003 0. 2.38230103e-003 0. 3.63806728e-003 0.
    1.29291657e-002 3.26539204e-003 0. 1.65711145e-003 8.55783653e-003
    5.00396173e-003 4.32561897e-003 0. 0. 0. 4.37617674e-003
    9.28292982e-003 0. 2.58325879e-003 2.27399319e-002</data></imageDescriptor>
</opencv_storage>
