<?xml version="1.0"?>
<opencv_storage>
<imageDescriptor type_id="opencv-matrix">
  <rows>1</rows>
  <cols>500</cols>
  <dt>f</dt>
  <data>
    3.03470297e-003 -2.14087442e-004 0. 3.82658257e-003 -6.97103096e-004
    1.42064921e-004 0. 3.67398025e-003 2.79782456e-003 1.86589279e-003
    0. 0. 0. 5.56958653e-003 2.30816845e-003 7.46432971e-003 0.
    6.00424316e-003 2.79910094e-003 0. 4.71902406e-003 2.26629246e-003
    -2.15070570e-004 -1.75932795e-003 0. 4.70894715e-003 1.61149702e-003
    -6.24488166e-004 0. 0. 1.10134089e-004 0. -4.25877050e-004
    -8.37599277e-004 1.31821464e-004 0. 7.58832030e-004 2.15263981e-002
    -3.49322543e-003 7.44155084e-004 2.19763746e-003 1.42593344e-003 0.
    3.48379300e-003 -3.96482443e-004 1.87723403e-004 5.54120634e-004
    -2.09788349e-003 3.24018067e-003 -9.10967996e-004 0. 5.61578618e-003
    0. 1.34202442e-003 3.55957099e-003 0. 7.89414253e-003
    7.05590646e-004 3.98021395e-004 1.52687845e-003 2.60172237e-004 0.
    1.14833256e-002 -1.58226816e-003 -1.70420462e-004 3.50352447e-003
    1.07721556e-002 0. -1.12636562e-003 -7.02522579e-004 1.55793258e-003
    2.05948087e-003 1.43344351e-003 1.71015074e-003 5.84231969e-003 0.
    1.87528273e-003 0. 0. 6.30181422e-003 -1.95314176e-004
    4.78646066e-003 3.33840400e-003 1.00592617e-003 0. 1.10089756e-003
    5.04745217e-003 6.56066768e-005 -3.37211852e-004 1.27647549e-003 0.
    1.10126222e-002 -1.50911685e-003 0. 4.28323355e-003 -1.96223077e-003
    6.83862541e-004 0. 0. 1.51065725e-003 0. 0. 6.38560974e-004
    3.02059832e-003 0. 2.65475735e-003 2.32243515e-003 1.99480541e-003
    5.59644308e-003 0. -2.20351503e-003 2.51861359e-003 2.11478746e-003
    2.15063710e-003 9.28122143e-004 1.55061120e-002 3.55611742e-003
    3.62079637e-003 0. 0. 2.15187087e-003 7.07757485e-004
    7.04104663e-004 0. 0. 1.58778043e-003 4.40514088e-003 0. 0.
    1.50903978e-003 5.96618513e-003 -2.80694396e-004 1.18436851e-003 0.
    2.34726164e-003 2.64831609e-003 4.68031794e-004 1.40433921e-003
    7.59891793e-003 1.16026169e-003 -4.45071666e-004 0. 2.85728672e-003
    0. 8.70151562e-004 6.50543300e-003 2.45018001e-003 1.81722781e-003
    0. 0. 1.69458613e-003 -3.32750315e-005 2.31860648e-003 0.
    6.32567215e-004 2.08769925e-003 6.14447799e-003 1.80683681e-003
    1.37436623e-002 3.88804893e-003 7.68392929e-004 0. 0.
    6.50298828e-003 -5.46754105e-004 0. 2.15032231e-003 -1.38160062e-003
    1.35831314e-003 -3.08384327e-003 -5.99069928e-004 0.
    -2.00652261e-003 2.96078273e-003 0. 8.15525826e-004 -1.06620695e-003
    0. 2.30485923e-003 4.52086423e-003 2.06832634e-003 4.11790377e-003
    5.87798888e-003 8.05627648e-003 1.38646073e-003 1.92803424e-003
    -9.61786136e-004 1.54239347e-003 5.64040337e-003 0. 4.02769679e-003
    5.68827242e-003 0. 0. 2.71696656e-004 9.25552915e-004
    2.53390661e-003 3.49505711e-003 6.90810484e-005 8.37088737e-004
    3.35278129e-003 5.24522783e-003 6.02341816e-003 0. 1.19379396e-003
    1.21768215e-003 0. 2.04704746e-004 1.60745531e-003 4.71680472e-003
    -3.18639533e-004 2.60535302e-003 1.56395457e-004 -1.90018839e-003 0.
    0. 1.03286072e-003 2.27041659e-003 0. 3.42536089e-003 0.
    2.30877148e-003 -2.32207167e-004 0. -2.43916921e-003 3.94457765e-003
    4.36697807e-003 2.20789318e-003 1.13009824e-003 0. -9.54184070e-005
    6.27331727e-004 0. 0. -1.55373302e-003 4.83087264e-003
    3.12972930e-003 1.23461150e-003 0. 0. 1.05763576e-003
    4.02467092e-003 0. 2.64514796e-003 1.63800491e-003 0.
    2.82463210e-004 0. 0. 1.33793720e-003 0. 1.68649945e-002
    3.04025272e-003 0. 0. 4.93132137e-003 1.65715301e-003
    7.60699203e-003 7.24974414e-003 1.37098238e-003 3.61632789e-003 0.
    1.93676434e-003 1.00329602e-002 6.48652250e-003 0. 4.93051950e-004
    0. 2.90237996e-003 -1.91151095e-003 2.96684052e-003 0. 0. 0.
    -4.06978652e-004 0. 1.07350852e-003 1.76036241e-003 5.27284900e-003
    2.75593414e-003 4.55248915e-003 0. 1.35849463e-003 3.40512313e-004
    1.27207376e-002 1.28366111e-003 0. 5.56233153e-003 2.99038971e-003
    0. 6.64883479e-003 1.10687537e-003 -1.70383966e-004 3.41720693e-003
    3.05096107e-003 5.80376992e-003 0. -1.45855418e-003 2.67045829e-003
    1.28474254e-002 0. 7.21092662e-003 9.65888554e-004 2.58187135e-003
    5.44232549e-004 0. 8.82878620e-003 3.62421153e-004 0. 0. 0.
    9.22417827e-003 4.03391477e-003 6.43964810e-003 -1.02227961e-003
    2.61642830e-003 1.02275070e-002 2.94460653e-004 -7.13554095e-004
    3.88554367e-003 4.80159512e-003 0. 2.21498194e-003 4.01855726e-003
    -1.27864315e-003 3.13502620e-003 4.60720714e-003 1.80610665e-003
    1.35772338e-003 0. 4.30417684e-004 2.32468615e-003 3.41942650e-004
    4.31357388e-004 1.84371672e-003 6.07539481e-003 0. 1.96752790e-003
    -2.51331367e-004 4.68619587e-003 0. 2.31866073e-003 4.40063450e-004
    1.75793041e-002 8.75578902e-004 9.88315325e-003 3.74852051e-003
    -1.63479615e-003 0. 0. 1.12586366e-002 0. 2.43327068e-003
    6.11862401e-003 0. 5.90870259e-005 1.92935881e-003 1.24644488e-003
    0. 0. 0. 2.39945226e-003 1.34564573e-002 0. 0. 0. 0. 0.
    -2.92290497e-004 6.76421821e-003 1.69393071e-003 0. 5.18371211e-003
    2.19794223e-003 1.25799514e-002 -1.07625197e-003 8.66904482e-003
    1.73875026e-003 7.58484099e-003 -5.33540115e-005 8.48288555e-003
    6.30379375e-003 0. -1.77944882e-003 7.79624749e-003 1.52377889e-003
    3.44985805e-004 0. 0. 0. 3.46056023e-003 4.67669871e-003
    1.43870413e-002 -1.92159496e-003 0. 5.85707137e-003 1.89784716e-003
    -2.25420180e-003 -2.52900133e-003 7.64510827e-003 1.07285064e-002
    1.10840739e-003 0. 0. 3.89762549e-003 4.00952855e-003
    2.92595429e-003 1.98052311e-003 -7.36103568e-004 7.86069036e-003
    2.58805929e-003 3.31116171e-004 2.86032842e-003 1.34348134e-002 0.
    5.10976044e-003 2.76797498e-003 2.41882494e-003 1.15117654e-002 0.
    3.28629697e-003 0. 6.50071015e-004 0. -1.94136449e-003
    1.78382918e-003 4.12980560e-003 0. 0. 1.17509055e-003
    9.73078771e-004 3.22032720e-003 2.48045963e-003 -1.85174227e-003
    9.32407472e-003 1.45770458e-003 1.71254482e-003 3.76534858e-003 0.
    -2.13415206e-005 0. 2.27456121e-003 0. 1.19491655e-004
    5.88569324e-004 0. 8.54617159e-004 0. -4.07257304e-003
    -2.70111166e-004 2.45954585e-003 -1.52930908e-003 3.30053945e-003 0.
    0. 5.43844071e-004 1.93005172e-003 0. 0. 9.10111889e-003
    2.45040515e-003 0. 0. 1.58130040e-003 1.17496774e-003
    2.12920420e-002 3.04825418e-003 1.75342616e-003 3.52428551e-003 0.
    0. -5.01548755e-004 1.73037953e-003 2.80606502e-004 -1.36877073e-003
    -1.72376691e-003 1.63562282e-003 0. 2.34537525e-003 1.49534922e-003
    0. 0. 0. 5.04714320e-004 5.17916633e-004 3.48915084e-004
    5.86180389e-003 -2.05552508e-003 1.10656384e-003 -1.01304671e-003 0.
    2.06846604e-003 2.00099172e-003 3.15483287e-003 7.03286438e-004 0.
    2.42214836e-003 0. -1.98042908e-004 4.55354946e-003</data></imageDescriptor>
</opencv_storage>
