<?xml version="1.0"?>
<opencv_storage>
<imageDescriptor type_id="opencv-matrix">
  <rows>1</rows>
  <cols>500</cols>
  <dt>f</dt>
  <data>
    -1.13535684e-003 5.84951742e-003 2.61035049e-003 -2.05758726e-003 0.
    0. 4.83860727e-004 0. 1.65701192e-003 2.67430791e-003 0.
    5.25956973e-004 0. 2.00372771e-003 2.34907074e-003 2.14083493e-003
    8.59407417e-004 1.09563698e-003 2.03799130e-003 3.05288762e-004
    3.15590994e-003 3.54120624e-003 7.44698686e-004 -1.06280786e-003
    -3.43522785e-004 1.75979733e-003 2.70729838e-003 1.92541210e-003
    2.49125576e-003 -1.96127826e-003 -3.51918954e-003 0. 0.
    4.61790152e-003 4.25175112e-003 1.05454831e-003 1.21286581e-003
    6.72482885e-003 6.98855030e-004 0. 1.23916368e-003 6.99839788e-003
    0. -2.15694425e-003 0. 1.35395955e-002 2.94521597e-004
    2.80531379e-003 1.44896819e-003 4.62851342e-004 3.01585114e-003
    4.41791397e-003 1.14843098e-003 -7.33899465e-003 0. 0.
    4.08030627e-003 5.62716788e-003 0. 2.48767342e-003 0. 0.
    7.92446663e-004 -5.60879568e-003 7.45220296e-003 2.08684965e-003
    -4.97741043e-004 0. 2.79668416e-003 1.71144802e-005 7.16792140e-003
    6.62141619e-003 1.07235661e-004 7.44243618e-003 0. 3.79809202e-003
    0. 0. 6.68329012e-005 1.36832539e-002 2.12439871e-003
    -2.17483286e-003 0. 0. 0. 0. 7.46502401e-003 3.49311531e-003
    2.73737824e-003 0. 0. 3.18220933e-003 0. 0. 0. 0. -5.39596367e-004
    7.97668751e-003 0. -5.77368337e-005 6.79157674e-003 0. 0.
    4.34737187e-003 4.55650827e-003 2.04027607e-003 1.90520764e-003 0.
    5.00966422e-003 3.80432932e-004 5.48496842e-004 4.08436079e-003 0.
    6.58874493e-003 7.69492453e-006 1.63997721e-003 1.03576900e-002
    5.42970782e-004 2.05937261e-003 4.13394812e-003 2.76721618e-003
    -2.11841427e-003 0. 1.86143618e-003 2.45821383e-003 2.59006466e-003
    -6.26993598e-004 -5.78726816e-004 4.13461449e-003 -3.18507152e-003
    3.13674519e-003 -2.67586764e-003 0. 0. 5.21324668e-003 0. 0.
    2.82243534e-004 3.04511585e-003 0. 1.16336886e-002 2.94459518e-003
    0. 0. 3.66969430e-003 3.23616993e-003 1.82446779e-003
    2.89006624e-004 0. 0. 2.79087527e-003 6.39998354e-003
    -1.64099492e-003 3.11972410e-003 2.33962620e-003 0. 5.99364517e-003
    1.31921573e-002 5.20610716e-004 0. 3.77273257e-003 0.
    9.59780999e-003 0. -1.02336286e-003 1.03385178e-002 8.22001603e-003
    0. -3.35251680e-004 0. -3.43047897e-004 0. 5.41184237e-003
    4.54151351e-003 5.90651645e-004 4.03963320e-004 2.05071224e-003 0.
    0. 4.36633220e-003 0. 2.63203704e-003 0. 2.41245329e-003
    1.37550831e-002 1.10194192e-003 -1.28164375e-003 3.15692159e-004
    1.74973160e-003 8.98233615e-003 0. 7.50354631e-003 0.
    6.90037198e-003 -4.06149629e-005 0. 3.47547379e-004 0.
    -2.80755945e-003 6.48439571e-004 0. 0. 6.54354179e-003
    4.42013657e-003 -6.74896815e-004 0. -2.56439275e-003 0.
    4.55024792e-003 2.21780548e-003 0. 0. 0. 0. 1.60589453e-003
    9.68458073e-004 1.42487977e-002 0. 3.11694108e-003 4.93577076e-003
    0. 1.26892691e-002 2.76675448e-003 0. 0. 0. 9.04773455e-003
    5.27612166e-003 8.89347120e-006 0. 5.37667598e-004 3.98733467e-003
    -6.69938672e-005 1.43511890e-004 1.87213905e-003 1.27199420e-003
    3.13692191e-003 -6.06975926e-004 0. 1.59589527e-003 8.36568512e-003
    2.22294847e-003 8.45523458e-003 0. 0. 0. 6.44204265e-004
    1.26659591e-003 2.60661589e-003 1.55427540e-003 5.29465079e-003 0.
    0. 6.62713079e-003 2.88458611e-003 9.13927611e-003 6.77115144e-003
    0. 1.20790454e-003 4.12292167e-004 0. 6.41110179e-004 0. 0.
    4.97712987e-004 2.30195886e-003 7.31602544e-003 0. 0.
    1.45780761e-003 5.28211566e-003 2.80702440e-003 -2.00569537e-003 0.
    2.55890773e-003 0. 1.71219511e-003 4.56971722e-003 -1.99946482e-003
    0. 5.41034108e-003 3.00833769e-003 0. 0. 7.60567468e-003
    1.56630063e-003 1.83195178e-003 1.41212263e-003 0. 0.
    7.21950689e-003 1.45353406e-004 0. 2.61447066e-003 4.82179178e-003
    3.34253395e-003 0. 1.78456528e-003 1.16476158e-005 -1.63603167e-003
    1.76465930e-003 3.88460769e-003 1.12439832e-003 1.64205476e-003
    -8.52510311e-006 2.98806489e-003 2.92527443e-003 2.06966675e-003
    1.06949208e-003 -6.43975276e-004 0. -1.79035193e-003
    -1.54545472e-003 0. 4.32907313e-004 2.25967029e-003 9.70573723e-003
    3.44872405e-003 6.90362370e-003 0. 1.69401907e-003 3.70339397e-003
    -3.57249577e-004 3.23638064e-003 0. 2.36054137e-003 0.
    4.87556309e-003 2.93637090e-003 2.00515427e-003 -2.57867016e-003
    9.72145516e-003 9.60187230e-004 6.90976740e-004 4.27031517e-003
    3.09327093e-004 3.95894040e-006 0. -2.31841230e-004 0.
    3.18675046e-003 3.84582207e-003 1.44937064e-003 6.31703157e-003
    1.98625471e-003 1.28359057e-003 4.73988056e-003 -1.21084822e-003 0.
    2.56469753e-003 0. -4.57058923e-005 3.61625128e-003 -7.62529857e-003
    6.64611300e-003 2.59991363e-003 4.70898580e-003 4.99144895e-003 0.
    1.43486552e-003 0. 1.98556716e-003 1.44920228e-002 0.
    9.16179549e-003 2.32453784e-003 3.97472316e-003 0. 6.34298101e-003
    1.72823132e-003 0. 1.50225929e-003 2.93628103e-003 5.32647711e-004
    9.97875351e-003 6.58725575e-003 6.23910222e-003 -3.71326605e-004 0.
    0. 2.49226112e-003 2.57867761e-003 1.96824386e-003 -2.22984003e-003
    1.99277909e-003 4.14916343e-004 2.89156125e-003 3.52888787e-003
    -2.44784780e-004 1.51376962e-003 5.42412687e-004 3.19610536e-003
    2.78171757e-003 0. 3.64418281e-003 1.11435987e-002 3.69058852e-003
    -3.15824611e-004 -2.05666031e-004 0. 7.65517075e-003 0.
    -1.63750886e-003 -1.43304712e-003 0. 6.33286824e-003 1.89578664e-002
    5.06851263e-003 0. 2.48334167e-004 3.23551195e-003 6.59548165e-003
    3.25117516e-003 4.82609263e-003 6.72693923e-003 1.42643997e-003
    6.46078610e-004 1.03209307e-003 1.49001600e-002 0. 0.
    2.43582390e-003 4.01140284e-003 -2.12143618e-003 -1.01052073e-003 0.
    1.02043366e-002 0. 3.56569421e-003 0. 1.16551751e-002 0.
    1.72982935e-003 0. 1.08202593e-003 3.61613207e-003 -2.14364030e-003
    1.49677077e-003 4.23808320e-004 1.01897800e-002 2.87481816e-003 0.
    0. 1.56950508e-003 0. 0. 2.22246489e-003 5.68649638e-003
    -1.17423502e-003 -1.64892664e-003 1.02832224e-002 0. 0.
    5.82600769e-004 1.94710225e-003 2.95307487e-003 1.71066332e-003
    -1.27275370e-003 9.09999420e-004 0. 3.50006553e-003 0. 0. 0.
    2.53523863e-003 -7.20395416e-004 -3.16309131e-004 -5.27882017e-004
    7.01255165e-003 0. 4.01001703e-003 3.00854165e-003 4.13268479e-003
    1.48385949e-003 2.93874205e-003 -8.97892052e-004 6.58591837e-003
    3.16765043e-003 -7.50529813e-004 -3.09910136e-003 1.75741932e-003 0.
    0. 9.54681542e-004 0. 2.86586722e-003 5.98547375e-003
    -1.48057181e-003 -1.63686374e-004 2.27632909e-003 0. 5.45880292e-003
    1.18195184e-003 1.78532582e-003 0. 0. 0. 2.80141644e-003
    -2.59707536e-004 2.59548222e-004</data></imageDescriptor>
</opencv_storage>
