<?xml version="1.0"?>
<opencv_storage>
<imageDescriptor type_id="opencv-matrix">
  <rows>1</rows>
  <cols>500</cols>
  <dt>f</dt>
  <data>
    0. -2.18916157e-005 2.20203563e-003 2.27480981e-004 4.65703104e-003
    2.25356827e-003 1.96980732e-003 0. 1.98975511e-004 3.13925464e-003
    3.80167225e-003 2.84960051e-003 9.38346959e-004 0. 2.84183351e-003
    0. 5.74216072e-004 2.31479807e-003 0. 7.88214384e-004
    2.50630151e-003 1.06912747e-003 2.12894316e-004 4.69583552e-003
    2.42041046e-004 2.47192656e-004 1.37105049e-003 2.20106752e-003
    6.36130944e-003 -4.55716072e-004 2.40849098e-003 8.26155359e-004
    4.95904591e-003 5.90769062e-003 -3.13851662e-004 0. 1.41494558e-003
    5.86595805e-003 2.90396134e-003 0. 3.08928499e-003 2.18964764e-003
    -6.65273867e-004 5.88175002e-003 9.24908207e-004 0. 0.
    1.12374127e-003 0. 1.36544183e-003 2.27203663e-003 1.06186478e-003
    3.73334391e-004 8.59066262e-004 9.51504160e-004 -6.86522748e-004
    -5.71337368e-005 1.99633255e-003 0. 1.66330033e-003 1.28546322e-003
    -1.26039682e-004 2.19940441e-003 1.50344407e-004 5.04692178e-003 0.
    0. 1.80560118e-003 -8.61551962e-004 1.23180042e-003 0.
    8.03316291e-003 1.62065553e-003 2.66607315e-003 1.07870600e-003
    1.66180357e-003 2.79386691e-003 2.02347874e-003 3.65391956e-003
    7.12254550e-004 0. 2.71761819e-004 2.51958193e-003 7.41271395e-003
    1.74575986e-003 3.86745646e-003 1.41680404e-003 1.22623960e-003
    2.02266080e-003 0. 4.39459644e-003 -1.61688705e-003 4.58090520e-003
    7.71150400e-004 9.20226215e-004 0. 4.77773556e-003 2.30403547e-003
    3.20300809e-004 0. 5.36187086e-003 7.72847212e-004 2.24303617e-003
    5.78645710e-003 8.98732571e-004 3.48469219e-003 3.71475355e-004
    3.12782661e-003 5.35003515e-003 0. 0. 0. 9.07696225e-003
    5.52859483e-003 0. 1.88750925e-003 3.02573387e-003 7.02965190e-004
    2.88837426e-003 2.21437789e-004 1.16701378e-003 1.04740961e-003 0.
    1.77077041e-003 3.49590875e-004 3.06660240e-003 0. 0.
    3.60613596e-003 0. 1.04298629e-003 -1.07847690e-003 1.91130675e-003
    5.26446674e-004 6.59266138e-004 0. 1.96430646e-003 0.
    8.69752094e-003 0. 1.76946670e-002 1.17728056e-003 1.20773481e-003
    -7.14748108e-004 6.58801524e-003 3.51233699e-004 3.26606026e-003
    6.21362240e-004 1.37338298e-003 1.08365721e-005 -1.50072167e-003
    1.96039141e-003 1.57390744e-003 6.96274312e-003 0. 2.83904118e-003
    1.45493541e-004 3.40283453e-003 1.99941755e-003 0. 1.24936760e-003
    3.75484908e-003 3.76082468e-003 0. 0. 9.65544314e-004
    1.51432131e-003 -6.07438444e-004 0. 4.88887122e-003 2.08783124e-004
    3.71561106e-003 8.46486480e-004 8.20287445e-004 2.49883626e-003
    8.88184237e-004 4.84322058e-003 0. 0. 2.97032739e-003 0.
    3.21671629e-004 2.51274346e-003 1.30953337e-003 5.76855289e-003
    -3.88235785e-004 2.60158000e-003 2.82114185e-003 1.21413637e-003
    4.51355567e-003 2.43419292e-003 8.43436632e-004 -1.12728996e-003
    8.13022349e-003 2.78548710e-003 3.98919830e-004 0. 5.52807411e-004
    7.69971462e-004 1.86579372e-003 2.36550186e-004 0. 0.
    4.42758249e-003 4.60525014e-004 3.51565890e-003 -2.37571751e-003
    2.18621828e-003 7.89814070e-003 -1.21354824e-004 0. 3.02239251e-003
    2.19077314e-003 0. 9.90800108e-005 3.52328550e-003 3.77984135e-003
    5.01150265e-003 7.25093391e-003 4.00314294e-003 5.70367649e-003
    1.05041079e-003 -1.49639425e-004 -1.40473028e-004 5.04600862e-003
    1.07706815e-003 2.96954089e-003 7.06542342e-004 2.92481785e-003
    2.96355435e-003 1.59544288e-003 0. 0. 3.70181049e-003
    -1.84359553e-003 9.53731593e-003 2.87228706e-003 2.88549089e-003
    1.32544152e-003 2.39518611e-003 1.35727637e-002 2.01887800e-003 0.
    -6.85851555e-004 4.05503251e-003 7.82547798e-003 2.53107923e-004 0.
    0. 9.09980037e-004 3.35442927e-003 1.68378558e-002 3.16548231e-003
    2.06347322e-003 -2.29738594e-004 1.39520562e-003 0. 7.37914490e-003
    4.63825744e-003 1.16315892e-003 1.20681664e-003 3.27029789e-004
    -6.19274331e-004 1.47027709e-003 -1.18062564e-003 1.66169170e-003
    2.56678963e-004 2.01332290e-003 3.20605468e-003 3.29725049e-003
    7.71257677e-004 9.65869767e-005 -6.20623105e-005 0. 2.20049080e-003
    2.10113940e-003 3.41016310e-003 5.03741577e-003 4.07279190e-003
    -3.86129017e-004 5.43067371e-003 1.90321077e-003 1.44697330e-003
    2.27304082e-003 3.70028079e-003 9.38977208e-003 7.07041880e-004
    1.56211504e-003 2.44788796e-004 2.18186225e-003 9.64625273e-003 0.
    1.43471884e-003 -9.17195983e-004 1.59642810e-003 6.05049729e-003
    2.24928604e-004 1.26351882e-003 -1.71808922e-003 3.36276717e-004
    1.62195414e-004 1.96116115e-003 6.35467877e-004 3.30346194e-003
    3.59471701e-003 0. 2.91398866e-003 2.99970736e-003 3.82916944e-004
    0. 1.26168644e-003 -3.06895305e-003 0. 0. 6.79230876e-003 0.
    4.25191689e-003 0. 3.71517683e-003 4.12504468e-003 5.42551884e-003
    1.25720177e-003 1.50629948e-003 0. 5.64387359e-004 1.48227671e-003
    7.99476926e-004 1.54500944e-003 -2.10600381e-004 6.60105143e-003 0.
    2.77752406e-003 0. 5.26767271e-003 0. 4.57806559e-003
    5.98172192e-003 -6.84880826e-004 1.69554795e-003 1.99898402e-003 0.
    1.88017508e-003 1.12303020e-003 1.03580001e-004 1.95375271e-003
    1.20792794e-003 7.01352395e-003 4.01520496e-003 0. 2.88611394e-003
    3.04412167e-003 4.52036131e-003 3.07992962e-003 -9.55451396e-004
    2.03963462e-003 1.25121465e-003 4.48608445e-003 0. 2.53311777e-003
    4.88276215e-004 4.51720599e-003 2.02178978e-003 -4.51168424e-004
    4.12684307e-003 0. 8.85775953e-004 3.56152724e-003 -3.53379437e-004
    3.48719140e-003 2.43822299e-003 -1.43940546e-004 4.32341592e-003
    3.80266295e-003 0. 3.86868883e-003 1.48367789e-003 0.
    6.30985154e-003 6.98691094e-003 1.09823549e-003 -5.03052317e-004
    4.44741920e-003 3.03757936e-003 -8.43277201e-004 2.03956710e-003
    5.04048949e-004 2.24661455e-003 1.00788529e-004 -4.13979497e-003
    2.52763880e-003 7.18985451e-004 -3.45320883e-003 -4.17539850e-004
    9.73189963e-005 1.73264751e-004 0. 1.19950448e-003 2.24888697e-003
    2.19026208e-003 1.26076466e-003 1.67295686e-004 -2.95042037e-003
    5.12872903e-005 4.22218954e-003 0. 0. -9.13908472e-004 0.
    4.24719357e-004 2.39860499e-003 2.11008010e-003 1.16282664e-002
    1.16606290e-003 0. 1.01188757e-003 1.45988993e-003 6.04750057e-005
    4.41677053e-004 9.45391948e-004 2.19494035e-003 6.39665173e-004
    5.83290868e-003 2.37072678e-003 5.14808623e-003 0. 1.47696771e-003
    2.80761160e-003 7.00219185e-004 0. 1.91866234e-003 1.44981593e-003
    -5.82217705e-004 3.74562480e-003 3.39031755e-003 1.59317569e-003 0.
    -1.28734822e-003 9.12312651e-004 4.11039079e-003 2.31723860e-003
    2.39314092e-003 4.40012151e-003 3.33028007e-003 3.21573782e-004
    7.80344382e-003 -1.43433626e-005 0. 1.20614492e-003 1.84183766e-003
    0. 1.76577445e-003 0. 2.67315889e-003 4.35751630e-003 0.
    2.12037168e-003 6.25651097e-003 1.81822535e-002 4.76717344e-003
    2.78454483e-003 1.39564369e-003 4.98243002e-003 0. 3.73978959e-003
    3.42667662e-002 -1.70758972e-003 1.88112340e-003 0. 0.
    3.25180730e-003 2.16161995e-003 2.64977477e-003 8.54261336e-004 0.
    7.38424307e-004 3.76122911e-003 9.63765848e-003 6.20406878e-004 0.
    3.14707099e-003 0. 1.47709594e-004 0. 0. 2.66248506e-004
    1.89746323e-003 5.07392921e-003 -4.95228858e-004 3.66290496e-003 0.
    1.38130691e-003 7.33965961e-003 9.63931903e-004 -1.24156955e-004
    1.71047950e-003 0. 3.48712248e-003 3.68260266e-003 2.59389356e-003
    3.63228889e-003</data></imageDescriptor>
</opencv_storage>
