<?xml version="1.0"?>
<opencv_storage>
<imageDescriptor type_id="opencv-matrix">
  <rows>1</rows>
  <cols>500</cols>
  <dt>f</dt>
  <data>
    0. 4.09860443e-003 0. 8.19886103e-004 3.50705790e-003
    3.04063829e-003 3.63313570e-003 6.29275059e-003 2.76318262e-003
    2.29008519e-003 0. 1.50352088e-003 2.73921038e-003 0. 0.
    5.00102201e-003 0. 1.00784898e-002 3.90418991e-003 0. 0.
    3.98286665e-003 0. 1.89801701e-003 4.66168765e-003 2.08874568e-004
    1.09634676e-003 2.38494272e-003 1.50761579e-003 2.19045044e-003 0.
    9.77425603e-004 -2.31047641e-004 0. 7.79051159e-004 0.
    4.66515630e-004 0. 7.91376049e-004 2.85779173e-003 4.49492736e-003
    2.16085277e-003 2.38676136e-003 2.21488136e-003 1.95438880e-003
    2.56990595e-003 0. 4.98829223e-003 0. 5.47184551e-004
    1.13951729e-003 5.18504763e-004 7.72434985e-004 -3.24306847e-003
    -3.11528769e-004 1.23805786e-003 1.45544007e-003 2.80435174e-003
    3.57301044e-003 6.48466032e-003 0. 6.07176544e-003 3.38049303e-003
    7.40275544e-004 -1.20950463e-004 6.18183636e-004 7.95489643e-003 0.
    3.85181396e-004 2.87673465e-004 0. 3.25636496e-003 0.
    8.56948923e-003 2.18034536e-003 2.19318690e-003 0. 3.31187225e-003
    0. 0. 0. 6.19348977e-003 1.74782728e-003 5.35178324e-003
    3.11955647e-003 0. 0. 1.47836120e-003 1.65989052e-003 0. 0.
    2.17660167e-003 4.32869093e-003 -3.94755480e-004 1.23612187e-003
    4.46184259e-003 0. 2.02768622e-003 3.32907378e-003 7.04689824e-004
    3.07604088e-003 2.00564438e-003 0. 1.16725150e-003 4.75534936e-003
    7.13475840e-003 -9.87965846e-004 0. 0. 2.49015720e-004
    1.90100819e-003 1.86244040e-004 0. 4.58296650e-004 2.20652088e-003
    1.02906240e-004 1.02483397e-002 0. 4.06872854e-003 0. 0. 0.
    1.08352061e-002 0. 3.40535858e-004 4.93691396e-003 3.93957319e-003
    0. -7.68961443e-004 -8.24017858e-004 1.30097289e-003 5.62418904e-003
    6.63654972e-003 -4.84669727e-005 1.69931809e-004 1.11375703e-002
    5.06250886e-003 -2.69539305e-004 7.61095900e-003 -7.71147606e-005
    1.41911088e-002 0. 8.60529079e-004 -1.14283059e-003 8.11382197e-003
    -2.51458376e-004 4.85769426e-003 2.78550806e-003 0. 5.26865944e-003
    1.65101688e-003 0. 0. 3.25929676e-003 1.54410105e-003 0.
    1.37751165e-003 4.93240682e-003 2.56954296e-003 7.28418352e-003
    5.49293822e-004 3.37570463e-003 7.35071895e-004 0. 1.20714016e-003
    1.92633085e-003 2.38458416e-003 2.31074658e-003 1.90151957e-004
    -1.24168920e-003 4.59098956e-003 3.26101342e-003 2.03597406e-003
    4.23119729e-003 2.51159607e-003 2.39251670e-003 1.19213546e-002 0.
    1.27660204e-003 2.65330682e-003 0. 1.03093334e-003 4.08017484e-004
    4.15972725e-004 2.74172798e-003 -1.83641689e-003 -1.17389683e-003 0.
    6.51326205e-004 0. 3.06081539e-003 3.10871541e-003 1.59679403e-005
    2.16929941e-003 0. 0. 1.82740288e-004 0. 9.94117116e-004
    6.21873559e-003 3.31913796e-003 4.59821895e-003 0. 0.
    1.65585359e-003 5.36432536e-003 0. 6.19910378e-003 4.64132987e-003
    1.51092568e-002 8.59355833e-003 1.80596253e-003 0. 0.
    3.56686814e-003 6.70830719e-003 6.03396166e-003 4.97875083e-003 0.
    1.36270619e-003 0. 0. 1.31956058e-005 1.51418184e-003
    6.14292640e-003 5.51605597e-004 8.68049043e-004 0. 5.68934774e-004
    4.74580069e-004 0. 7.95735419e-003 0. 1.13447523e-003 0.
    2.73219799e-003 0. 0. 0. 8.97973776e-003 -4.95760432e-005
    4.82622022e-003 1.36131921e-003 -4.33178138e-005 3.43199330e-003
    3.96866380e-005 1.43436820e-003 3.32079735e-003 -1.69559394e-003
    7.66830239e-003 2.70742062e-003 2.89405044e-003 0. 0.
    2.84772390e-003 1.32242392e-003 0. 0. 3.83690046e-003
    2.69316533e-003 0. 0. 6.92475168e-003 3.42315785e-003
    -1.34579663e-003 0. 7.84767093e-004 3.43831279e-003 1.20116295e-002
    5.20291878e-003 2.05277000e-003 0. -6.41795574e-004 2.43235589e-003
    0. 3.22191091e-003 6.52017305e-004 0. 4.29413310e-004
    4.16642614e-003 4.27035149e-003 0. 3.41875455e-003 -8.79943604e-004
    0. 2.01264350e-003 4.61245282e-003 0. 1.07442698e-004
    3.08113260e-004 8.84754490e-003 3.23584373e-003 3.18905688e-003
    2.76056002e-003 5.12754824e-003 4.61642677e-003 1.92453153e-003
    -6.33860473e-004 2.52546254e-003 1.71888410e-003 1.66432338e-003
    3.55650228e-003 -1.61769078e-003 0. 0. 9.38021671e-003
    1.32419274e-003 -7.43862649e-004 4.76866961e-003 9.75741132e-004
    1.18776725e-003 1.62266381e-003 0. -1.08374376e-003 0.
    3.24142282e-004 -9.47295222e-004 -3.77913966e-006 7.84960983e-004
    1.38453778e-003 0. 6.79560413e-004 3.72620858e-003 6.19350327e-003
    -5.98757651e-005 4.02290886e-003 -1.08441699e-003 1.79688504e-003
    4.72137798e-003 4.84416774e-003 0. 6.11399021e-003 9.40333412e-004
    2.78941798e-003 -3.98052653e-004 2.08365126e-003 0. 1.66460150e-003
    7.11895293e-003 1.08719070e-003 1.72313128e-003 0. 4.57579177e-003
    -9.79277655e-004 6.94544753e-004 0. 5.45674190e-003 1.18500623e-003
    9.13566619e-004 -3.07310343e-004 -1.69122801e-003 2.67512281e-003 0.
    1.03882002e-002 -2.20389513e-004 1.08799613e-004 1.36531435e-005 0.
    2.25709775e-003 0. 7.72510015e-004 0. 1.52775934e-002
    5.54977637e-003 3.12447175e-003 0. 0. 0. -3.26719863e-004
    6.69435714e-004 0. -9.47996159e-004 0. 1.42231735e-003 0.
    3.32250958e-003 0. 0. 2.31185183e-003 1.75776554e-003
    5.67267928e-003 -1.08434760e-003 1.12467341e-003 -3.50761584e-005
    1.89757533e-003 2.25833128e-003 8.10761563e-003 2.14132131e-004 0.
    1.63324922e-003 -1.67687784e-003 1.72135420e-003 1.86110556e-003
    -3.70856607e-003 0. 5.86843910e-003 -6.48172208e-005 1.03675760e-003
    9.18553327e-004 1.34817825e-003 7.51168773e-005 -2.14401563e-003
    4.21069097e-004 -5.98143379e-004 0. 1.19498419e-003 1.97990960e-003
    3.82435555e-003 0. 1.70776597e-003 0. 0. 9.97641124e-003
    9.64258157e-004 1.47586013e-003 2.95280293e-003 1.75334921e-004
    1.15302508e-003 2.53273733e-003 1.20612432e-003 1.22305611e-003
    3.69475223e-003 4.87500662e-003 5.61776431e-003 -2.57774768e-003
    1.72266900e-003 9.84351337e-003 2.32383353e-003 1.11998031e-002
    1.32056547e-003 2.38109333e-003 6.27106894e-003 0. 0.
    3.93235707e-004 3.27573693e-003 1.43595284e-003 1.20719371e-003
    -7.89843558e-004 0. 7.90203514e-004 1.83175551e-003 2.56562280e-003
    0. -1.70578016e-003 0. 6.85041421e-004 3.43748863e-004 0.
    8.52251425e-003 4.19858610e-004 -4.45051090e-004 1.31003046e-003 0.
    0. 0. 2.53453455e-003 9.74073261e-003 -4.43995559e-005
    6.12567971e-003 1.06671546e-002 1.42996083e-004 4.42805747e-003
    3.16234585e-003 3.84792918e-003 3.98434885e-003 1.83398742e-003
    8.57558753e-003 9.59503057e-004 -5.51219855e-004 0. 7.54629308e-003
    0. 2.49314378e-003 1.26963377e-003 8.48875614e-004 6.81857171e-004
    2.48236302e-003 5.38210501e-004 -5.80928242e-003 3.65476520e-003
    4.73086862e-003 0. 1.44828006e-003 4.23427718e-003 2.45107617e-003
    0. 1.12410877e-002 0. 2.76575447e-003 5.60650136e-004 0.
    2.30893423e-003 1.02968384e-002 0. -1.00709221e-004 0.
    6.84423093e-003 3.42770829e-003 0.</data></imageDescriptor>
</opencv_storage>
