<?xml version="1.0"?>
<opencv_storage>
<imageDescriptor type_id="opencv-matrix">
  <rows>1</rows>
  <cols>500</cols>
  <dt>f</dt>
  <data>
    1.69769712e-002 1.90830627e-003 0. 2.18581082e-003 0. 0. 0.
    1.13163621e-003 5.87974908e-003 0. 1.16910273e-003 2.72617512e-003
    3.03377071e-003 -4.84514865e-004 1.52129226e-003 2.89991358e-003 0.
    1.80926248e-002 0. 5.22202253e-003 2.49847467e-003 -1.22367416e-003
    0. 1.15224789e-003 -1.41987251e-003 0. -2.86100294e-005 0.
    -3.11919459e-004 -1.43710422e-004 -7.63415519e-005 9.08091851e-003
    0. -1.14028191e-003 -1.03250379e-003 0. 0. 2.80313264e-003
    5.02826506e-003 2.11584754e-003 8.29876983e-004 3.82320104e-005
    -8.04171897e-004 9.43149207e-004 -2.23598978e-003 2.38450244e-003 0.
    6.13798620e-004 2.13654130e-003 1.71973021e-003 1.76965306e-003
    2.96801701e-003 3.98646249e-003 3.43914051e-003 0. 9.41295759e-004
    5.30422851e-003 0. 7.50444888e-004 1.39552390e-003 0.
    2.16925750e-003 5.51175384e-004 4.61992342e-003 -4.26373474e-004
    -2.77959416e-003 0. 0. 0. 3.63392173e-004 2.00111512e-003
    4.95100254e-003 1.08310464e-003 0. 3.65015841e-003 0. 0.
    6.78521767e-003 -1.09290995e-003 2.87944195e-003 1.13314891e-003
    5.73792541e-003 0. 4.83955443e-003 1.14480310e-004 0. 0.
    2.15420034e-003 5.66633744e-003 6.08161418e-003 1.97661272e-003
    8.47941672e-004 0. 2.03202362e-003 1.58823270e-003 0.
    1.00207952e-004 0. 0. 4.59163915e-003 2.55466043e-003 0.
    6.86844019e-003 1.24348383e-002 1.56506244e-003 8.30799167e-004
    3.56724719e-003 1.48690469e-003 0. 0. 8.50959099e-004
    6.39045192e-003 0. 1.13621587e-002 0. 9.76830488e-004 0.
    2.67143128e-003 0. 0. 0. 1.31454016e-003 -3.66949040e-004 0.
    1.36833303e-002 7.43904850e-003 5.67118265e-003 -1.47833111e-004
    1.37487717e-004 -5.74291262e-005 0. -1.08471815e-003 8.87533766e-004
    0. 2.10604025e-003 0. 1.58848614e-003 1.73112913e-003
    2.33017048e-003 0. 2.36275466e-003 3.56229721e-003 9.25301138e-005
    9.78615019e-004 0. 0. 3.84295941e-003 0. 0. 0. 2.64333049e-003
    2.39005708e-003 0. -7.17881718e-004 3.62547813e-003 1.05832331e-003
    1.96129107e-003 0. 4.13147965e-003 1.49276434e-003 3.22813424e-003
    -6.58506819e-004 4.19333670e-003 2.37442111e-003 -3.44275788e-004
    2.42085615e-003 2.34237203e-004 2.74460693e-003 1.77258300e-003
    3.74829443e-003 4.97403787e-004 0. 1.55579101e-003 0.
    6.37615914e-004 1.46353734e-003 1.00881362e-003 0. 6.07882801e-004
    6.38654456e-004 1.10068393e-003 0. 6.85125543e-003 -5.26518701e-003
    1.06157986e-002 1.00870186e-003 -3.81960010e-004 -2.00564798e-004
    2.56706192e-003 8.31347075e-004 -4.30089858e-004 0. -1.55181042e-003
    0. 1.77857757e-003 -4.21546074e-003 -1.77320396e-003
    -4.61960590e-004 1.38452137e-003 0. 4.47244645e-004 8.96686106e-004
    8.52425490e-003 1.51893112e-003 1.64556099e-004 -3.28028313e-004
    -8.55983526e-004 0. 1.71530747e-003 1.08194898e-003 0.
    2.42264429e-003 4.02150629e-003 1.20939268e-002 1.22212218e-002 0.
    1.41248165e-003 0. 3.07213678e-003 5.99274831e-003 0.
    -1.52810651e-004 0. 0. 3.33628803e-003 4.92546847e-003 0.
    1.65265566e-003 0. -2.78168591e-004 0. 1.07032701e-003 0.
    2.11746083e-003 4.22967831e-003 1.80357334e-003 3.75985721e-004
    1.60721701e-003 1.34364739e-002 4.75262012e-003 -1.73794440e-004
    -2.62640719e-003 7.95804546e-004 3.88265867e-003 0. 3.45078809e-003
    -1.62818015e-003 7.90540478e-004 1.31171162e-003 4.85182228e-003 0.
    6.86612399e-003 7.35761318e-003 0. 4.90025943e-003 0.
    2.05837842e-003 1.07988976e-002 6.00574771e-004 7.13079097e-003
    4.68394533e-003 -1.71655056e-003 5.50741097e-003 9.63178987e-004
    -1.16901915e-003 1.12234533e-003 2.09371399e-004 -1.27525080e-003
    3.72172752e-003 0. 1.29617995e-003 1.18769770e-002 0.
    -4.17186646e-004 -7.68965110e-004 4.48217988e-003 2.58167204e-003
    2.74457067e-004 9.43697616e-003 0. 5.41270524e-003 0.
    8.55193660e-003 3.19352467e-003 1.16576888e-002 1.22512621e-003
    1.62990601e-003 0. 0. 0. 0. 0. 0. 8.28874472e-004 1.33135193e-003
    6.27453846e-005 2.23031454e-003 0. 3.89686530e-003 7.56694330e-003
    0. 2.42903666e-003 2.17760960e-003 3.94807430e-003 8.94779339e-004
    0. 1.57772831e-003 6.98483025e-004 0. 2.75855746e-005 0.
    -1.21455011e-003 1.11631854e-002 4.40246332e-003 2.94658588e-003
    5.07234549e-003 1.02788245e-003 0. 1.69653143e-003 1.98443281e-003
    -2.41695234e-004 2.00498151e-003 1.63343968e-003 2.41990178e-003
    -3.30718212e-005 6.16493681e-003 4.31593042e-004 0. 0.
    2.36231950e-003 -3.90651356e-003 2.80474895e-003 0. 3.97579046e-003
    1.13650821e-002 0. 1.15268864e-003 0. 0. -9.45949505e-005 0.
    1.61501905e-003 4.71536117e-003 0. 2.66331364e-003 2.15483899e-003
    -1.60976764e-004 2.50081462e-003 0. -1.14199684e-004 6.48826943e-004
    0. 0. 0. -1.44812104e-003 6.54076750e-004 0. 6.09555515e-003 0.
    -3.22799169e-004 0. 0. 1.09711534e-003 9.19623475e-004 0.
    1.07455384e-002 2.33097281e-002 0. 0. 2.34884233e-003
    3.31310648e-003 0. 8.48104712e-003 0. 7.98548386e-003 0.
    1.29083181e-002 5.12919156e-003 5.11036534e-003 1.09959044e-003
    4.48529981e-003 2.35990505e-003 2.11653975e-003 5.66129386e-003
    5.79708768e-003 3.61675955e-003 0. 2.83690635e-003 1.20383804e-003
    7.70205166e-004 1.76335941e-003 -4.97451510e-005 2.18764273e-003
    9.66659468e-003 4.37766034e-003 0. 8.01902078e-003 4.74383729e-003
    1.53049419e-003 0. 5.80542395e-003 5.06187836e-003 2.44340883e-003
    3.76081560e-003 0. 1.33785210e-003 3.73190758e-003 0. 0. 0.
    5.44533413e-003 0. 3.85364750e-003 1.14230216e-002 7.10082380e-003
    0. 1.13864211e-004 0. 3.18967248e-003 6.30787900e-003
    4.92754159e-003 0. 6.65565673e-003 1.22154760e-003 7.18777068e-003
    0. 5.52408025e-003 0. 1.70297350e-003 0. 2.53158738e-003 0.
    1.23150032e-002 -2.23142258e-003 4.98289289e-003 0. 0. 0.
    7.73957116e-004 2.41733878e-003 1.21687690e-003 1.61726808e-003 0.
    2.47950596e-003 -1.82016427e-003 -1.31303759e-003 0. 0.
    4.54187510e-004 0. 5.13336947e-003 1.58969534e-003 -1.69822772e-003
    1.90007931e-003 0. 2.45228806e-003 4.99731209e-003 2.21962389e-003
    2.91370112e-003 -8.51642399e-005 6.80723367e-003 3.98510398e-004
    1.96085917e-003 3.29166581e-003 3.46417353e-003 2.67044478e-003
    3.58979707e-003 -6.94078117e-005 3.32692784e-004 2.17042468e-003
    3.27071780e-003 0. 0. 3.90376546e-003 0. 8.19538138e-004
    1.06723001e-002 1.39415392e-003 1.09228364e-003 0. 2.44188309e-003
    1.57972751e-003 0. 4.26151277e-003 2.78393185e-004 0.
    1.35796762e-003 6.25318717e-006 2.94213998e-003 0. 8.92271462e-004
    0. 0. 2.24670698e-003 9.31763649e-003 0. 5.87719900e-004
    6.71459304e-004 1.99276791e-003 1.30001428e-002</data></imageDescriptor>
</opencv_storage>
