<?xml version="1.0"?>
<opencv_storage>
<imageDescriptor type_id="opencv-matrix">
  <rows>1</rows>
  <cols>500</cols>
  <dt>f</dt>
  <data>
    0. 9.11965384e-004 1.07283785e-003 0. 0. 0. 0. 0. 8.53227358e-003 0.
    5.52715734e-003 1.26388529e-003 1.87043659e-003 0. 3.57107259e-003
    1.25358882e-003 0. 4.01422323e-004 1.24638004e-003 4.99858928e-004
    0. -4.99942456e-004 1.14577333e-003 0. 0. 1.40156224e-003
    5.00128546e-004 2.72261852e-004 8.16422887e-003 4.76430170e-003
    5.57199260e-003 0. 3.26224579e-003 3.48337227e-003 1.43164815e-003
    2.37241493e-005 -2.10490986e-003 8.48813355e-003 6.54742774e-003 0.
    -3.26505932e-003 1.84805261e-003 0. 9.61618032e-003 4.08638921e-003
    0. 1.88568421e-003 0. 0. -1.07857864e-004 1.00236107e-003 0. 0.
    2.06757756e-003 0. 2.35499870e-002 4.17644670e-003 0.
    6.28047530e-003 0. 1.09843118e-003 2.68899545e-004 4.78678383e-003
    0. 1.84929790e-003 0. 3.63031169e-004 0. 0. 0. 3.09651764e-003
    -4.90928011e-004 7.51407724e-003 4.62484779e-003 0. 6.68770447e-003
    7.66301621e-003 0. 0. 0. 3.50629259e-003 6.22197660e-003 0.
    -5.29312296e-004 1.44977798e-003 3.92653514e-003 3.94714676e-004
    1.02983869e-003 7.87684054e-004 0. 8.35891464e-004 0.
    1.66112941e-003 1.85086962e-003 0. 0. 3.44669004e-003
    1.01573197e-002 5.22285467e-003 6.96358690e-003 0. 1.17434235e-003
    2.06483831e-003 -1.16056029e-003 1.22550945e-003 4.73990245e-003 0.
    -2.26560072e-003 0. 3.10058822e-003 8.01199116e-003 6.14067214e-003
    0. 3.26022762e-003 0. 5.06980950e-003 -4.73497855e-003
    1.15943304e-003 2.07231776e-003 0. 2.48167990e-003 4.86778421e-003
    7.57616945e-004 0. 2.65552965e-003 6.47928216e-004 1.15003472e-003
    -5.32214763e-004 1.41902547e-003 -5.31228179e-005 0. 0.
    -4.23237070e-004 9.11841635e-003 0. 0. 0. 1.55072645e-004
    -2.67581781e-003 0. 0. 4.69278777e-003 3.34110856e-003 0. 0. 0.
    9.37380304e-004 4.67710383e-003 0. 0. -1.09518226e-003
    3.58162238e-003 1.43675029e-003 0. 0. 0. 4.21370892e-003
    -7.94152450e-003 5.16817730e-004 1.21889682e-003 4.83940402e-003
    1.73629925e-003 3.05576040e-003 2.53412244e-003 2.50700722e-003
    -1.30630634e-003 0. 0. 9.95353912e-004 0. 0. 1.89396832e-003 0.
    -5.59693690e-005 1.13610635e-002 -1.28883054e-004 6.49654167e-003 0.
    3.35686258e-003 1.85649854e-003 -5.88777126e-004 0. 0.
    6.54575415e-004 7.99525063e-003 2.05551711e-004 2.38501746e-003 0.
    0. 6.00498635e-003 2.77079735e-003 4.44162823e-003 0.
    1.25300151e-003 0. 8.13991949e-003 -7.05433125e-003 4.86258767e-004
    1.05165448e-002 3.73118301e-003 1.60389254e-003 1.72786810e-003
    -2.00470979e-003 7.62047363e-004 0. 0. 1.44588128e-002
    2.11253762e-004 0. -9.53392708e-004 2.72049190e-004 5.83351776e-003
    7.48274848e-003 2.48572929e-003 5.65364677e-003 0. 2.61789584e-003
    0. 0. 0. 0. 5.25265094e-003 0. 0. -2.30531930e-003 0.
    2.10337760e-003 0. 0. 2.01192452e-003 3.22668639e-004 0. 0. 0. 0.
    6.91148639e-003 0. 3.97371221e-003 0. 2.34282203e-003
    5.44096634e-004 0. 5.43350726e-003 0. 1.08162046e-003 0. 0.
    -1.95162382e-003 0. -2.75130296e-004 -1.11165829e-003
    1.55558740e-003 0. 1.63756986e-003 1.00403302e-003 -1.20198482e-003
    0. -1.20669720e-003 1.48908654e-003 4.67754231e-004 6.03717100e-003
    0. 3.91943939e-003 1.89882945e-002 5.86772477e-003 4.78961598e-003
    7.07687112e-003 7.48545805e-004 2.34151166e-003 6.55923411e-003
    1.68145692e-004 0. 4.72531188e-003 0. 0. 3.59494169e-003
    -1.79664552e-004 0. 1.98134780e-003 1.82907693e-002 0.
    5.47723786e-004 0. 3.11615341e-003 0. 0. 0. 2.34006182e-003
    2.72987643e-003 0. 2.28964607e-003 8.07734579e-003 1.23621142e-002
    2.87615997e-003 6.47875201e-003 1.36090992e-002 -7.58394250e-004 0.
    -5.73605346e-003 0. 4.41781525e-003 5.23342169e-005 -1.55562215e-004
    -1.58020383e-004 3.19049432e-004 1.40612095e-003 0. 0.
    -1.12062320e-004 2.67363922e-003 2.12551546e-004 -1.07915184e-004
    8.25487450e-003 5.81511250e-003 7.36320391e-004 7.97241647e-003
    1.59392715e-003 3.77453514e-003 -1.31906578e-004 0. 3.08173825e-003
    2.90450151e-003 1.03031809e-003 0. 0. 0. 1.26777479e-004
    2.03985209e-003 0. 0. 9.23772692e-004 5.63677819e-003
    -1.32347061e-003 5.01369499e-003 0. 3.12541437e-004 0.
    8.04066425e-004 1.39398957e-002 5.89538924e-003 2.77691963e-003 0.
    8.00689391e-004 0. 0. 0. 0. 2.60905805e-003 8.22629081e-005
    3.09420750e-003 7.68279517e-003 0. 4.28079069e-003 0.
    8.54478916e-004 7.58586125e-003 1.83971711e-002 0. 3.88061255e-003
    7.74046592e-003 0. 4.48367558e-004 3.59843345e-003 0. 0.
    2.88723665e-003 4.30169329e-003 0. 0. 1.57747546e-003
    5.06032910e-003 3.02637927e-003 0. 0. 7.32491550e-004
    4.18828893e-003 0. 0. 9.56256874e-004 1.24413637e-003
    1.78091379e-003 3.54717509e-003 6.96393941e-003 1.52292137e-003 0.
    7.60267663e-004 0. 1.19116891e-003 6.48578024e-003 1.68815907e-003
    0. 6.40371069e-003 2.54079746e-003 2.05067801e-003 2.43918737e-003
    1.15084625e-003 0. 0. -1.38958078e-003 0. 1.62849284e-003
    -2.05144566e-003 0. -5.65030961e-004 3.03712697e-003 0.
    2.64298753e-003 0. 0. 2.87783798e-003 4.01164079e-003 0.
    1.58888921e-002 2.19795313e-002 1.82905316e-003 5.18233329e-003 0.
    -1.89400045e-003 0. 6.74892729e-003 1.41739950e-003 -4.71245992e-004
    0. 3.46811372e-004 0. 0. 5.15494402e-003 0. -5.58096508e-005 0. 0.
    0. 0. 6.62317965e-003 2.01505306e-003 0. 2.20452249e-002
    5.15381526e-003 2.17728229e-005 3.53090488e-003 0. 6.63771003e-004
    0. 1.38923600e-002 0. 3.96200037e-003 0. 2.98696104e-003
    2.67551467e-003 0. 0. 0. 2.84027052e-003 1.67287176e-003
    3.06511647e-003 1.86204142e-003 1.97777944e-003 0. -5.58393891e-004
    0. 0. 7.07355794e-004 0. 2.74602254e-003 0. 1.65386479e-002
    5.59786521e-003 0. 0. 0. 2.40484695e-003 5.44371724e-004
    7.84812868e-003 0. 0. 3.00996285e-003 0. 2.80991849e-003 0. 0. 0.
    1.30991917e-003 0. 2.52941828e-002 4.26261639e-003 1.25026365e-003
    0. 0. 0. -9.92695801e-004 5.59420383e-004 4.81125433e-003
    6.81937672e-003 0. 1.75225490e-003 8.00964143e-003 2.05390831e-003
    1.84409588e-003 7.64433993e-003 -1.14895555e-003</data></imageDescriptor>
</opencv_storage>
