<?xml version="1.0"?>
<opencv_storage>
<imageDescriptor type_id="opencv-matrix">
  <rows>1</rows>
  <cols>500</cols>
  <dt>f</dt>
  <data>
    3.04128439e-003 3.13004339e-003 1.43691292e-003 0. 2.91726086e-003
    0. 9.88315791e-003 1.23406982e-003 2.02548271e-003 8.94217845e-003
    6.61088293e-003 -3.74282070e-004 0. -1.43781153e-003
    -5.82735287e-004 2.53572973e-004 0. 3.68811772e-003 0. 0.
    6.68896129e-004 3.13914288e-003 1.28818711e-003 1.25119032e-003
    3.41816712e-003 -9.80921322e-004 2.87579861e-003 -7.57912523e-004
    3.44660808e-003 2.61880388e-003 2.05454417e-003 2.70938128e-003 0.
    0. 1.21810322e-003 4.54767171e-004 -3.20215710e-004 8.70025193e-004
    4.04598797e-003 1.23561767e-003 2.39571976e-003 6.49721187e-004
    -8.24561634e-004 6.07327698e-003 0. 2.33135596e-002 3.59978061e-003
    0. 0. 0. 0. 3.55283642e-004 2.34809495e-003 0. 2.84754927e-003
    4.97624092e-003 3.97764146e-003 0. 0. 1.63898431e-003
    1.61924353e-003 0. 3.58437956e-003 8.60017072e-003 1.51676231e-003
    1.02615089e-003 0. 0. 7.37486698e-004 0. 9.78691131e-003 0. 0.
    2.85401562e-004 2.11937469e-003 1.60606171e-003 -6.48176414e-004 0.
    1.28019508e-003 5.72175020e-003 -8.18132423e-004 2.98905745e-002 0.
    0. -7.09477463e-004 1.87187645e-004 1.46560720e-003 4.78866883e-003
    -3.34312906e-004 2.75409129e-002 0. -6.64507214e-004
    -1.12931209e-003 1.40573864e-003 1.16719224e-003 0. 5.60445013e-003
    0. 0. 0. 0. 0. 1.51126774e-003 -6.51093491e-004 2.11594554e-004
    7.95416185e-004 3.51321814e-003 4.42062970e-003 5.43523487e-003 0.
    2.13221461e-003 1.22530246e-003 0. 1.29722478e-003 1.72981597e-003
    4.20998689e-003 2.22146953e-003 6.24069432e-003 1.12246198e-003
    2.87226285e-003 0. 0. 1.55895425e-003 3.07068694e-003
    2.21229047e-002 0. 2.72670598e-003 -2.32211532e-004 3.25774949e-004
    4.66037833e-004 1.04218244e-003 -6.90181972e-003 2.97026214e-004
    4.74970875e-004 0. 3.62399104e-003 1.91759574e-003 1.00262081e-002
    -1.11372944e-003 8.35910323e-004 0. 0. 7.27613224e-004
    1.54640689e-003 -1.65132724e-003 5.82375098e-004 1.74864719e-003
    1.95783447e-004 0. 0. 0. 5.01542818e-003 -2.11752299e-003
    1.85873301e-003 9.76503734e-003 0. 4.78689373e-003 -1.77815946e-005
    2.81337602e-003 0. 0. 0. 5.40489424e-003 4.02382109e-003 0. 0.
    1.19451468e-003 0. 3.05499905e-003 0. 7.85941549e-004 0.
    7.76115712e-003 1.00809417e-003 1.12642650e-003 0. 0. 0. 0.
    4.32193687e-004 3.12706782e-003 -4.44225123e-004 7.88371824e-003
    1.03138969e-003 1.12100653e-002 1.01137511e-003 -1.02402328e-003
    1.33837783e-003 5.84716490e-003 1.49404083e-003 3.50150303e-003 0.
    7.04927545e-004 1.19007227e-003 2.66602775e-003 6.56867260e-003
    -3.10799433e-003 -3.63244646e-004 -2.75459536e-003 3.33225657e-003
    0. 1.15289225e-003 9.75066237e-003 1.96769391e-003 1.04409200e-003
    0. 0. -2.13592127e-003 -2.11121165e-003 4.52239765e-004 0.
    4.23605787e-003 9.47028107e-004 5.75618958e-003 1.04748346e-002
    1.09424524e-003 0. 0. 2.28256476e-003 -1.29594744e-004
    2.11750460e-003 4.27197060e-003 0. 0. 9.60982498e-003
    6.97870564e-004 1.23098970e-003 -2.29976140e-004 -3.07108683e-004
    5.82394050e-003 1.97111885e-003 5.62245538e-003 7.00312946e-003
    -1.88571040e-003 0. 0. 0. -2.07793643e-003 0. 4.08450561e-003
    1.59111281e-003 4.25741496e-003 2.12642527e-003 0. 0.
    -1.94063748e-003 -1.78950769e-003 0. 1.03324763e-002 4.57746064e-004
    3.56145669e-003 7.89440982e-003 7.89422821e-003 4.57188673e-003 0.
    0. 0. 0. 5.42339450e-003 3.82433878e-003 6.27550855e-003
    2.67800735e-003 -4.20391967e-004 2.32148217e-003 -1.15548912e-003 0.
    5.62076038e-003 0. 0. -3.64661304e-004 1.48292701e-003
    7.87489209e-003 0. 5.35673043e-003 9.03368578e-004 0.
    5.45761269e-003 5.04331430e-003 1.20809209e-003 0. 4.80503280e-004
    1.28553633e-003 0. 0. 4.93611535e-003 9.21187224e-004
    2.04537390e-003 9.01584688e-004 7.10458821e-003 0. 2.69673136e-003
    0. 2.28680600e-003 0. 3.98092205e-003 2.31932569e-002
    4.37600072e-003 2.94238329e-003 4.90618264e-003 -1.91403949e-003 0.
    9.30157211e-003 0. 4.78026783e-003 5.61165996e-003 2.09232490e-003
    0. 0. 4.80478047e-004 5.60382474e-003 0. 0. -1.95952738e-003 0.
    1.61742195e-004 8.05077050e-003 3.72909638e-003 8.45941622e-003
    1.96323860e-002 2.59474199e-003 -1.39681227e-003 0. 6.31856325e-004
    1.03299879e-003 1.53856887e-003 9.96942283e-004 0. 0.
    -9.29487578e-004 1.34166807e-003 7.29433354e-003 -7.93737476e-004
    -1.52595853e-003 0. 5.70088485e-003 1.35379191e-003 -2.17447989e-004
    1.22419000e-003 0. -3.46138841e-003 1.38861325e-003 9.92847708e-005
    3.39904986e-003 1.02801132e-003 1.63719431e-003 6.67165208e-004 0.
    0. 1.24088058e-003 0. 9.22053773e-003 0. 1.92711642e-003
    -1.40847420e-004 3.10631876e-004 6.64084824e-003 4.43562586e-003 0.
    0. 4.08823881e-003 0. 0. -1.96216919e-004 0. 7.25339912e-003
    3.51306330e-003 2.21513023e-004 6.37615938e-003 1.94305787e-003
    4.20545973e-003 0. 0. 2.88351672e-003 8.33976897e-004 0. 0. 0.
    6.44913816e-004 0. 9.87135805e-004 6.27964546e-005 1.86676241e-003
    1.16521399e-003 2.42518843e-003 0. 1.32982014e-002 -5.78975538e-004
    1.66488357e-003 3.97702586e-003 0. -4.84686287e-004 1.59675232e-003
    0. 8.79373401e-003 2.32892809e-003 6.35685446e-003 1.84744876e-003
    2.94221658e-003 3.35159898e-003 1.61831849e-003 3.20230867e-003 0.
    7.52434658e-004 -6.94459013e-004 0. 1.84747891e-003 1.55972491e-003
    0. 3.27907456e-003 1.93395722e-003 1.16343163e-002 6.92728302e-003
    3.46596818e-003 1.86547800e-003 1.85942708e-003 0. 0. 0.
    7.62744481e-003 5.06603625e-004 0. 1.38551113e-003 0.
    8.95553920e-003 0. 5.36207575e-004 8.33491795e-003 1.53560168e-003
    0. 1.90281786e-003 1.72184067e-004 3.89739242e-003 0.
    1.22266158e-003 0. -6.33643998e-004 1.47669334e-002 6.03896915e-004
    2.96082045e-003 2.38665147e-003 2.29952997e-003 3.67152970e-004
    4.95682750e-003 1.65218592e-003 -1.81981456e-003 5.72247605e-004 0.
    0. -6.11687661e-004 -3.76813184e-003 3.07780830e-003 0.
    2.37221993e-003 4.46847902e-004 0. 0. 1.81086659e-002
    2.03245226e-003 2.33869092e-003 -7.01062521e-003 6.60393271e-004 0.
    0. 0. -3.19840590e-004 1.98848872e-003 4.45352634e-003 0.
    3.78590124e-003 0. 9.17342913e-006 0. 2.15902436e-003 0. 0.
    1.59351225e-003 7.39463791e-003 2.88640353e-004 2.31264671e-003 0.
    1.54404889e-003 2.37819878e-003 0. 7.23105436e-003 0.
    1.21431239e-003 -8.05958989e-004 -4.29567043e-003 4.49841702e-003
    6.39862381e-003 0. 0. 3.58598167e-003 2.27071391e-003 0. 0.
    -9.00154526e-004 6.86957408e-003 0. 6.58866065e-003</data></imageDescriptor>
</opencv_storage>
