<?xml version="1.0"?>
<opencv_storage>
<imageDescriptor type_id="opencv-matrix">
  <rows>1</rows>
  <cols>500</cols>
  <dt>f</dt>
  <data>
    7.85139913e-004 1.44610764e-004 3.22982925e-003 8.48421769e-004
    2.20210897e-003 5.56094246e-003 9.67167225e-003 0. 6.86586462e-003
    -4.20457363e-004 2.36286339e-003 -6.58094592e-004 1.85499690e-003
    7.92649400e-004 0. 7.50665786e-004 0. 0. 0. 1.07168965e-003
    4.94543137e-003 2.88110739e-003 0. -5.31610101e-004 0. 0.
    6.53627981e-003 0. 6.74671202e-004 1.34508149e-003 4.60400991e-003
    4.30109957e-003 8.83407518e-003 3.25902691e-003 4.40202683e-004
    1.83475064e-003 0. 2.87737837e-003 1.45378511e-003 -1.05642655e-003
    1.70608971e-003 4.48375288e-003 2.20868737e-003 9.95738083e-004
    -7.31903769e-004 0. -3.60606384e-004 4.53855563e-003 0. 0.
    1.78720060e-004 4.56579961e-003 1.37156411e-003 -2.30778102e-003
    1.00745773e-003 -4.80016519e-004 2.60216161e-003 3.40503687e-003
    5.98911080e-004 2.33953074e-003 4.96575725e-004 3.78643558e-003
    1.42447371e-003 -1.64850079e-003 3.30758921e-004 0. 0.
    1.66055269e-003 0. 0. 2.71992665e-003 9.70910210e-003 0.
    2.06389907e-003 0. 1.84254418e-003 7.48743815e-003 0.
    2.20768168e-004 6.33701356e-003 -1.21461193e-003 2.74354382e-003
    3.97062767e-003 1.98208285e-003 2.81158625e-003 6.28020987e-003
    4.02067974e-003 0. 3.12870415e-003 2.55738036e-003 2.13354084e-004
    1.55894877e-002 2.07488984e-003 0. 1.97136411e-004 0. 0. 0.
    4.77051502e-003 0. 3.21881822e-003 0. 1.71562075e-003 0.
    9.93240066e-003 3.84477852e-003 4.60641691e-003 3.69296339e-003
    7.79129844e-003 5.49690751e-003 -5.09026111e-004 2.00246531e-003
    1.11168029e-003 1.10414920e-004 0. -7.01539509e-004 3.38751619e-004
    0. 9.16018907e-004 3.89168668e-003 0. 3.68483667e-003
    2.10526260e-003 0. -8.46191077e-004 -1.26220621e-004 0. 0. 0. 0.
    3.85522307e-003 2.55503273e-003 1.81146746e-003 2.31392193e-003
    6.65374147e-003 3.98696540e-003 1.17743104e-004 0. 2.52839387e-003
    1.39924395e-003 1.40936179e-002 0. 5.74814808e-003 7.78828806e-004
    4.25372180e-003 -3.05540627e-003 0. 2.53112172e-003 0. 0.
    6.18356804e-004 2.28290912e-003 1.68981042e-003 5.01189427e-003
    1.48271082e-003 0. 6.74681924e-003 -7.36891408e-004 2.28404766e-003
    8.42955662e-004 5.48096141e-003 1.13227160e-003 4.10447409e-003
    2.18402827e-003 -1.44394569e-003 0. 6.12808275e-004 1.13313645e-003
    9.31886898e-004 0. 6.54679956e-003 0. 1.37454772e-004
    9.97892232e-004 -4.18775860e-004 7.37244845e-004 1.78612527e-002 0.
    0. 1.74655253e-003 7.33916997e-004 -1.77562470e-005 1.35445525e-003
    1.84345793e-003 2.27052928e-003 3.19450907e-003 -1.41954713e-003
    1.34196971e-003 1.20045547e-003 7.74629589e-004 4.78883088e-003
    5.03101794e-004 5.30762365e-004 2.48502567e-003 7.12355075e-004
    1.01507595e-003 7.83706643e-003 0. 3.39612039e-003 7.21392175e-003
    5.17618682e-005 1.04246044e-003 3.10377404e-003 0. 1.84006145e-004
    5.77028259e-004 -1.13517593e-003 4.32391744e-003 2.56356737e-003 0.
    0. 0. 1.65226427e-003 3.36363190e-003 2.49138894e-003
    4.23534168e-003 4.72013606e-003 9.86898318e-004 0. 2.96785089e-004
    0. 6.30299468e-003 3.48522258e-003 1.10623660e-002 2.82260729e-003
    0. 5.98980347e-003 3.74051323e-003 -2.00817361e-004 -6.23392290e-004
    0. 2.31126789e-003 4.85082669e-003 2.60233763e-003 4.04524151e-003
    0. 1.36191898e-003 2.06514634e-003 0. 2.19973433e-003
    6.43734680e-003 9.68982291e-004 0. 3.04285460e-003 4.26791841e-003
    2.16039203e-004 0. 8.63980316e-003 4.21394128e-003 2.82757008e-003
    5.60431415e-003 2.98464182e-003 0. 4.47625201e-003 4.06739680e-004
    3.34036234e-003 4.14489629e-003 3.37315327e-003 0. 0. 0. 0.
    1.76766305e-003 -1.22894498e-003 -2.98972451e-003 0. 2.30621803e-003
    3.18214152e-004 6.09675841e-003 6.06125873e-003 1.29470672e-003
    1.26716495e-003 2.28613103e-003 0. 4.37888224e-003 0.
    2.00170884e-003 0. 1.71097124e-003 -6.52914285e-004 8.41045938e-003
    6.69025071e-003 -1.53236411e-004 3.55274952e-003 1.53873349e-003
    -6.97076393e-005 0. 1.92522083e-003 4.21688706e-003 4.30707168e-003
    2.71072844e-003 3.30380001e-003 0. 9.22091713e-005 4.65933699e-003
    2.69376370e-003 0. 0. 2.39648600e-003 6.48002373e-003
    4.87138808e-004 -6.47337758e-004 6.99781952e-003 1.20107550e-003
    1.60806254e-003 3.12945154e-003 0. 3.51361046e-003 1.83314341e-003
    0. 2.30225199e-003 1.25076342e-003 9.90686240e-004 0.
    1.01840225e-004 0. -4.83915879e-004 9.06891469e-003 7.28625106e-004
    0. 2.22390890e-003 5.35315974e-003 3.94409802e-003 4.17153025e-003
    0. 5.02683176e-003 3.33890988e-004 3.39237833e-003 0.
    2.62540579e-003 4.74979775e-003 2.06329580e-003 0. 3.48732434e-003
    0. 0. 2.24382640e-003 0. 1.03776846e-002 8.20339657e-004
    5.46030467e-004 -4.41022348e-005 5.74579462e-004 7.75923580e-003
    9.10070725e-004 -6.01622509e-004 3.83293070e-003 -2.75011880e-005 0.
    1.04705943e-003 8.52558110e-003 5.32677677e-003 4.63508209e-003 0.
    1.39156741e-003 1.81241357e-003 9.59416293e-003 2.66998447e-003 0.
    9.19879472e-004 3.56553355e-003 1.81942387e-003 5.52885840e-003
    1.81755528e-003 6.93633314e-003 5.22100308e-004 2.03271722e-003
    1.04672287e-003 0. 1.45970227e-003 3.23487422e-003 2.43951986e-003
    4.63995704e-004 9.54271527e-004 2.38060765e-003 7.25782826e-004
    1.99913559e-003 6.28731272e-004 2.84259487e-003 3.96258011e-003
    2.74273241e-003 6.93786331e-003 3.38495220e-003 2.67891889e-003 0.
    1.35469204e-003 2.08944874e-003 0. 5.57215651e-004 -6.41596154e-004
    2.02209991e-003 1.08396402e-003 4.61200066e-003 2.48195138e-003 0.
    3.10886349e-003 0. 2.85378238e-003 1.82931952e-003 0.
    4.59334254e-003 0. 1.24961312e-003 7.77304522e-004 1.04881707e-003
    1.67932815e-003 1.62732758e-004 0. 3.16922786e-003 0.
    4.56075213e-004 1.15024461e-003 2.45106197e-003 5.57348691e-003 0.
    0. 1.76409795e-003 -6.01845561e-004 8.60901084e-003 1.24974945e-003
    3.26013844e-003 5.78860799e-003 4.20122407e-003 0. 2.59643071e-003
    0. 3.58821126e-003 0. 8.93681194e-004 -6.27642905e-004
    1.48382550e-003 2.24966527e-004 0. 1.48607732e-003 1.36390631e-003
    0. 5.75023191e-003 0. 1.15984073e-003 0. 0. -3.34447570e-004
    2.03021779e-003 0. -1.25289231e-003 0. 0. 0. 6.14176597e-003
    -4.46117949e-003 4.10240656e-003 0. 1.01619575e-003 8.01316055e-004
    0. 3.84490122e-003 2.93581397e-003 4.07819450e-003 -1.21003024e-004
    1.97483040e-003 1.02649080e-002 3.41985817e-003 1.39384370e-004 0.
    1.45835709e-002 4.59875213e-003 3.71405552e-003 7.23140780e-003 0.
    2.20127311e-003 1.78754120e-003 0. 0. 0. 5.81587106e-003 0.
    7.43941218e-003 0. 9.72881215e-004 5.29113738e-003 6.63107436e-004
    3.17497016e-003 0. 0. 3.88773088e-003 -6.66034175e-005
    1.42357755e-003 8.57876963e-004 1.30314170e-003 0. 4.74680308e-003
    -7.35094771e-004 2.57432670e-003 0. 4.37962310e-003 1.63065689e-003
    0. 1.49481557e-003 0. 3.21622170e-003</data></imageDescriptor>
</opencv_storage>
