<?xml version="1.0"?>
<opencv_storage>
<imageDescriptor type_id="opencv-matrix">
  <rows>1</rows>
  <cols>500</cols>
  <dt>f</dt>
  <data>
    4.04787104e-004 1.53099175e-003 3.25729884e-003 1.68114668e-003
    4.06218955e-004 1.80578034e-003 5.21838851e-003 0. 5.16667776e-003
    -8.53679085e-005 1.99261610e-003 0. 0. 1.46915298e-003 0. 0. 0.
    1.82778798e-002 7.97286571e-004 0. 9.87789873e-003 -1.39766117e-003
    0. 1.08640352e-002 6.59414381e-003 0. 2.37039779e-003
    -3.79196543e-004 0. 0. 0. 3.03746620e-003 0. 2.53676670e-003 0. 0.
    0. -6.33991323e-004 8.12491868e-003 0. 2.52121920e-003
    7.91071728e-003 2.75954022e-003 1.36062279e-002 0. 1.24567829e-003
    5.61184461e-005 0. 0. 3.85780295e-004 7.59764225e-004
    2.13103718e-003 0. 0. 2.90663494e-003 0. 1.02777244e-003
    5.23806782e-003 6.50551450e-003 0. 0. 4.80942137e-004
    9.07960406e-004 2.10658903e-003 3.09406267e-003 1.05793378e-003 0.
    0. 7.61976093e-003 1.42449734e-003 0. 0. 2.09139311e-003 0.
    -4.29366948e-004 2.77500064e-003 -2.73910875e-004 2.86026532e-003
    5.26291318e-004 -8.15741776e-004 3.48641697e-005 1.85881532e-003
    1.18360091e-004 -3.05118039e-004 0. 0. -2.00769701e-003
    1.33081805e-003 4.43042256e-003 6.04389468e-003 -2.06332887e-004 0.
    2.56263977e-003 0. 0. 4.25632717e-003 9.90147309e-005
    6.83962507e-003 6.54117670e-003 0. 1.31204864e-003 0.
    1.78002974e-003 1.40368063e-002 1.15324983e-004 4.81777964e-003
    3.69758066e-003 -5.60781686e-004 1.25060411e-004 9.82528785e-004
    3.72526265e-004 -6.48025234e-005 1.13853149e-003 3.72561836e-003
    6.48313528e-003 4.40945150e-003 9.50822793e-003 9.66474321e-003 0.
    3.48444772e-003 0. 4.39761672e-003 8.21448490e-003 9.45836829e-004
    3.65014840e-003 4.76328423e-003 0. 0. 4.18827776e-003
    7.53934495e-004 5.87533973e-003 0. 1.13034179e-003 1.09495770e-003
    4.70078317e-003 3.86774447e-003 0. -2.20946331e-005 1.02499081e-003
    3.98183195e-003 0. 1.95508372e-004 3.51827755e-003 -2.95947335e-004
    1.21724897e-003 0. 0. 2.58853775e-003 0. 2.29598628e-003
    1.70500169e-003 0. -2.38648645e-004 0. 0. 1.90052041e-003
    5.65809663e-003 3.96052748e-003 0. 6.61971141e-003 0.
    6.15937868e-004 0. 3.43155162e-003 1.69861817e-003 0. 0. 0.
    -5.16391417e-004 0. 3.68222455e-003 0. 0. 6.44228561e-003 0. 0.
    1.10632470e-002 0. 9.38584935e-003 3.36694694e-003 0. 0.
    1.14292745e-003 4.22921032e-003 3.75886820e-003 5.43370043e-005 0.
    0. -1.61510706e-003 3.15279537e-003 0. 6.73763547e-003
    1.55836507e-003 9.64384992e-004 -1.93220831e-003 0. 1.86498932e-004
    9.59266617e-004 7.70743284e-003 1.95886008e-003 9.18269972e-004
    9.10044648e-004 -9.57236261e-005 0. 2.81253306e-004 3.00858286e-003
    -2.94540194e-004 7.64107145e-003 1.47786159e-005 0. 5.95373707e-003
    1.26940559e-003 0. -1.26022700e-004 4.38056840e-003 2.26570643e-004
    4.31911554e-003 1.22104946e-003 0. 5.91888791e-003 1.30521245e-002
    8.76475940e-004 1.94440049e-003 -2.96879065e-004 1.90206303e-003 0.
    1.63803587e-003 2.91657750e-003 2.09279242e-003 5.66119375e-003 0.
    0. 0. 0. 1.01385196e-003 0. 0. 4.86029545e-004 0. 0. 2.11761286e-003
    -1.00642547e-003 0. 0. 5.42761525e-003 1.61779728e-002
    9.47892293e-003 0. 3.00803990e-003 1.96203310e-003 8.12526559e-004
    0. 6.47400622e-004 1.81883760e-003 0. 3.56463110e-003
    3.68963787e-003 1.56924315e-003 -1.06076128e-003 3.49087873e-003
    5.44739712e-004 9.48012248e-003 4.97867959e-003 1.97971729e-003
    4.48910519e-004 0. 1.24397187e-003 0. 2.47690687e-003
    3.22176283e-003 0. 1.26315588e-002 0. 0. 0. 1.65228732e-002
    4.02647536e-003 -1.04594184e-003 2.14075204e-003 1.22239115e-003
    5.66346897e-003 1.51874556e-003 -1.18256523e-003 4.91954433e-003
    -2.44321744e-003 1.97150934e-004 5.14455547e-004 -8.42324283e-004
    -5.55253937e-004 8.66854331e-004 1.79537991e-003 0. 0.
    1.52934017e-003 2.20868387e-003 -1.69330835e-003 0. 1.51238590e-003
    0. 3.15760681e-003 7.63024727e-004 0. 0. 1.70742325e-003 0. 0.
    1.13917449e-002 -2.49625038e-004 -2.90366806e-005 -1.05414027e-003
    2.11032617e-004 -2.06690383e-004 7.26865372e-003 -1.41312441e-004 0.
    2.22570635e-003 4.76893689e-003 -1.55878183e-003 0. 3.11881234e-003
    6.63589034e-003 0. 0. 3.65731888e-003 3.88746825e-003
    6.96893490e-004 5.94650535e-003 1.03098387e-003 6.66289823e-003
    1.32568099e-003 0. 6.04425033e-004 0. 7.32006156e-004
    2.53219670e-003 2.60131346e-004 3.52923293e-004 0. -1.66979083e-003
    6.88441750e-003 0. 4.06664424e-003 7.83754629e-004 7.55052175e-003
    0. 0. 0. -3.86288622e-004 0. 0. 0. 0. 4.51203808e-003
    -1.44016207e-003 1.31101682e-004 2.46041641e-003 2.70131323e-003
    4.58319671e-003 3.76048801e-003 -1.03245478e-003 5.21709118e-003 0.
    0. 6.65057637e-003 2.01356993e-003 3.03463021e-004 9.12811898e-004
    -7.87254539e-004 -1.38991023e-003 0. 4.15649544e-003 0. 0.
    5.14935178e-004 1.02868839e-003 1.09149120e-003 4.84912563e-003 0.
    -2.86095397e-004 1.72320604e-002 1.39626325e-003 0. 6.19119778e-003
    2.17883848e-003 0. -2.51894468e-003 3.88164399e-003 0.
    1.53844897e-003 2.33188318e-003 1.53740318e-002 1.91173260e-003
    2.51417188e-003 2.12647184e-003 1.56114413e-003 4.30746982e-003
    -7.55188739e-005 1.39100151e-003 6.73167128e-003 3.07034166e-003 0.
    0. -8.67057766e-004 -1.36453973e-003 1.73424208e-003 2.16160808e-003
    2.67265132e-003 3.00744455e-003 2.87713367e-003 1.82055403e-003
    7.61376927e-004 0. 0. 6.87718950e-003 6.03805576e-003 0.
    2.06863461e-003 2.07769009e-003 0. 4.57941275e-003 1.34793986e-002
    5.68000227e-003 1.82810682e-003 2.91142729e-003 0. -5.15469676e-003
    1.09249318e-003 1.53512403e-003 5.40921428e-005 2.76606204e-003
    1.56895421e-003 -8.11908976e-004 1.05986344e-002 6.17220718e-003
    5.49236685e-003 0. -8.55153485e-006 0. 4.54151444e-003
    2.21732212e-003 0. 0. 0. 0. 6.77942904e-003 1.89568149e-003
    1.45430313e-002 2.08545104e-003 0. 1.28426682e-003 3.32598598e-003
    1.53005552e-002 0. 2.27601291e-003 0. 0. 5.78492787e-003
    -9.24292661e-004 2.23677978e-003 0. -1.13299687e-003 3.00771464e-003
    2.61280593e-003 2.91651697e-003 2.11831671e-003 5.45126386e-004
    1.09703059e-003 -1.20055326e-003 3.78353894e-003 3.74394050e-003 0.
    1.72876734e-002 1.04569318e-003 0. 4.03821282e-003 0.
    -9.40317404e-004 1.85594487e-003 3.73972463e-003 7.94766657e-003 0.
    7.31262099e-003 0. 4.85015474e-003 2.13747218e-004 1.44962047e-003
    0. -1.15225976e-003 2.60421308e-003 1.13144447e-003 0. 0.
    2.29449151e-003 0. 0. -1.16143562e-003 1.12732220e-003
    2.51287245e-003 0. 1.17119856e-003</data></imageDescriptor>
</opencv_storage>
