<?xml version="1.0"?>
<opencv_storage>
<imageDescriptor type_id="opencv-matrix">
  <rows>1</rows>
  <cols>500</cols>
  <dt>f</dt>
  <data>
    -2.62746145e-003 -1.56960823e-003 0. 2.36864574e-003
    -4.03402228e-004 1.46391487e-003 8.73849960e-004 1.88349851e-003
    3.94061999e-003 0. 0. 1.88481528e-004 0. 0. 9.32921073e-004 0.
    6.39987038e-003 1.63312964e-002 1.23263453e-003 0. 2.22792034e-003
    2.83332355e-003 0. 5.84797375e-003 -1.64974452e-004 0. 0. 0.
    1.80825684e-003 1.89484120e-003 -1.41493510e-004 0. 8.67534312e-004
    3.07716103e-003 2.26367192e-004 0. 1.29549392e-003 1.82455161e-003
    5.76547021e-003 4.03844472e-003 2.63951108e-004 1.61113366e-002
    4.27447818e-003 7.86595698e-003 1.86179660e-003 2.48117000e-002
    6.24255277e-004 1.69764657e-003 2.40918784e-003 7.63081620e-003
    9.60671809e-004 -3.12402612e-004 4.94783686e-004 1.53467106e-003
    4.35023895e-003 6.06663479e-003 2.84848991e-003 0. 2.23380625e-002
    5.15004061e-003 7.15632597e-003 0. 1.59771962e-003 8.59279837e-003
    4.04851558e-003 2.56462558e-003 3.10002291e-003 -5.18996618e-004
    2.27483339e-004 2.66100327e-003 7.86405150e-003 0. 0.
    4.06966452e-003 0. 0. 8.27476673e-004 8.71194585e-004
    5.68822958e-004 2.46097753e-003 -2.04831455e-003 5.05304988e-003 0.
    -1.08984532e-003 0. 0. 0. 4.20200406e-003 1.81815657e-003 0. 0.
    5.07488381e-003 1.12860324e-003 0. -1.26580184e-004 0.
    1.42194715e-003 1.22422294e-003 2.32634111e-003 0. 1.60575844e-002
    3.39478487e-004 0. 6.22484193e-004 0. 2.51340424e-003 0. 0.
    1.86413201e-003 3.90499656e-004 0. 3.13467550e-004 0. 0. 0.
    3.30170197e-003 1.40158553e-003 4.03217552e-003 0. 9.15891607e-004
    0. 1.70893501e-004 0. 2.33818125e-003 3.54938034e-004 0. 0. 0.
    7.09601725e-003 0. 0. 2.79227970e-004 0. 1.52742912e-004
    2.10376456e-004 0. 1.22551061e-002 -5.78603125e-004 -2.66461662e-004
    0. 0. 0. 0. 3.58347723e-004 0. 1.18339863e-002 0. 6.93435606e-004 0.
    2.09440687e-003 7.38815870e-004 0. -6.16658712e-004 0.
    2.91913282e-003 0. 1.19219080e-003 2.40276242e-003 0. 0. 0.
    -6.68324530e-004 2.15121749e-004 3.01608304e-003 0. 0.
    5.81552275e-003 0. 0. 0. -6.89969514e-004 0. 1.21913943e-002
    1.20713878e-002 1.44480774e-003 1.30953745e-003 0. 0.
    -3.05194146e-004 4.01883479e-003 6.70100050e-003 0. 5.70121873e-003
    0. 2.93515110e-003 0. 1.39580807e-004 0. 5.37447771e-003
    3.96347605e-003 -1.77960226e-003 4.30767704e-003 4.59749950e-004 0.
    7.03695044e-003 -7.63432763e-004 1.50696025e-003 0. 4.69582481e-003
    0. 0. 4.91397642e-003 4.42616409e-003 0. 1.48041837e-003
    2.62362557e-003 0. 9.10665956e-004 -1.55758357e-003 0. 0. 0.
    5.09176403e-003 0. 0. 0. 5.11179445e-003 9.78125492e-004
    4.59182961e-003 0. 0. 8.63444712e-003 3.82970087e-003
    1.43525784e-003 4.76588728e-003 1.82229828e-003 6.62885327e-003
    1.92375178e-003 1.36233377e-003 1.45690385e-002 3.70397302e-003
    8.52867588e-003 6.03739114e-004 -6.59387326e-004 4.95712925e-003 0.
    2.59172451e-003 0. 0. 0. 2.75539933e-005 -4.14256938e-004 0. 0.
    7.91250914e-003 2.35852338e-002 -2.39256746e-003 0. 4.04064404e-003
    0. 0. 3.03588854e-003 0. 8.96075182e-003 0. 1.84720859e-003 0.
    1.96745992e-003 0. -6.61141297e-004 1.91098475e-003 9.04559065e-003
    4.03821375e-003 0. 0. 2.97915679e-003 -1.41437631e-004
    1.72183733e-003 0. 9.76755866e-004 0. -4.29804157e-003 0.
    2.99166981e-003 0. 6.54857978e-003 2.31187488e-003 5.60898799e-003
    3.53729993e-004 1.36001990e-003 -4.70104947e-004 2.12528510e-003 0.
    -1.01228559e-003 3.67888808e-003 1.00457668e-003 0. 0. 0.
    2.82392488e-003 5.03483461e-003 4.39734850e-003 -6.24205393e-004
    1.03508169e-003 0. 8.72325804e-003 0. 0. 0. 1.01414854e-002 0.
    -7.83139549e-004 1.18650158e-003 2.01137690e-003 2.02100817e-003
    4.62758308e-003 0. 4.63216193e-003 5.29264100e-004 0.
    3.46502748e-005 4.46868362e-003 8.39295215e-004 7.20051059e-004 0.
    9.52044595e-003 0. 4.19813860e-003 1.84786618e-002 3.45925475e-003
    1.00580836e-002 1.15837865e-002 0. -8.66665214e-004 0. 0.
    1.75324176e-003 3.65873356e-003 0. 5.04973624e-003 0.
    2.28927075e-003 9.21560742e-004 0. 0. 1.22428720e-003
    1.62871578e-003 -7.49280618e-004 0. 3.19717452e-003 4.82330890e-003
    1.19554682e-003 0. 3.20654060e-003 2.26294389e-003 0.
    4.70782444e-003 1.37620710e-003 3.96577176e-004 0. -6.30667317e-004
    0. 8.31978861e-003 -1.96566270e-003 0. 1.84302113e-003
    2.05742661e-003 3.26649565e-003 1.64058979e-003 0. 1.29464804e-003
    0. 1.87558383e-002 4.55211522e-003 3.99970729e-003 -4.00848279e-004
    2.73364969e-003 2.85954215e-003 3.20438156e-003 0. 0.
    -2.29711249e-003 -5.67844720e-004 -1.30238404e-004 0.
    6.02586847e-003 4.33227373e-003 1.14151440e-003 2.27574236e-003
    1.05044153e-003 1.72215782e-003 0. -1.24365743e-003 -2.64456519e-003
    -4.47401719e-004 6.80416764e-004 3.49696446e-003 3.03422962e-003
    3.94844171e-003 0. 0. 1.53006278e-002 -1.12194382e-003 0.
    5.72809111e-003 3.68402363e-003 4.78655519e-003 0. 0.
    6.17833517e-004 2.51185009e-003 0. -7.03838421e-004 2.38273805e-003
    0. 6.22117368e-004 0. 3.40798846e-003 0. 5.85388113e-003 0.
    1.74879713e-003 -1.34955882e-003 0. 9.15488403e-004 7.65130669e-003
    0. 2.40379386e-003 2.58705416e-003 -1.58317605e-004 0.
    3.37022287e-003 6.32072566e-003 1.63610850e-003 1.94529290e-004
    2.27292441e-003 -1.63181146e-004 0. 3.57863167e-003 3.60062136e-003
    6.47384161e-003 -3.61820305e-004 6.66374061e-003 8.07420723e-003
    1.79959368e-003 0. 0. -1.02227961e-003 6.77345786e-003 0.
    5.94387250e-003 0. 0. 3.30671575e-003 0. 2.17963220e-003 0. 0.
    9.42355779e-004 0. 1.03271054e-002 0. 6.72426587e-003 0.
    4.72769793e-003 0. 0. 3.05315387e-003 -1.19703682e-003
    -1.26993807e-003 3.85922700e-004 0. 3.70863243e-003 -2.21367533e-004
    4.39378340e-003 0. -1.57259128e-004 -6.28194393e-005 1.06150657e-003
    0. 6.80473284e-004 0. 1.35174848e-003 1.52901316e-003
    8.65464506e-004 6.63873227e-003 8.27391690e-004 1.85574801e-003
    -1.49233325e-003 3.76361841e-003 2.95724417e-003 0. 7.46126520e-003
    0. 1.98289938e-003 1.96688809e-003 3.46603640e-003 -5.87431947e-004
    2.59184581e-003 2.50309962e-003 0. 9.92006995e-003 -2.79645843e-004
    4.29652398e-004 0. 1.64942746e-003 1.80982717e-003 0.
    6.61657006e-003 0.</data></imageDescriptor>
</opencv_storage>
