<?xml version="1.0"?>
<opencv_storage>
<imageDescriptor type_id="opencv-matrix">
  <rows>1</rows>
  <cols>500</cols>
  <dt>f</dt>
  <data>
    8.53921694e-004 1.15842158e-002 0. 2.29410990e-003 0.
    4.83085448e-003 0. 0. -1.22765533e-003 0. 4.93511651e-003 0. 0.
    3.45984171e-003 6.41489751e-004 1.31380337e-003 0. 0.
    6.73770206e-004 0. 5.24181873e-003 0. 0. -2.22826353e-003
    8.00749578e-004 0. 8.55049468e-004 0. 0. 1.83484552e-003 0.
    1.28680468e-003 6.83906605e-004 1.09183369e-003 1.38992921e-003
    3.29516339e-003 1.43112391e-002 0. 0. -1.49318657e-003
    -1.74038229e-003 3.32202041e-003 -3.27013410e-003 2.93539721e-003
    8.77573213e-004 3.78828467e-004 0. 3.21129267e-003 9.81971063e-003
    3.37399339e-004 2.12218636e-003 3.17391893e-003 0. 0. 0.
    3.65224900e-003 2.96596158e-003 0. 2.59405049e-003 6.26701070e-003
    0. 0. 8.30513705e-003 4.94596455e-003 0. 2.23636837e-003
    3.93315963e-003 1.04907230e-002 7.36561720e-004 4.45960369e-003
    -1.35159283e-003 2.34275823e-003 0. 5.94926206e-003 -1.86185772e-003
    -2.89483974e-003 -1.77551422e-003 0. 4.48825333e-004 0.
    2.61609978e-003 -4.03350126e-003 1.10439593e-002 -1.09918742e-003
    4.61615482e-003 5.17420098e-003 1.61704852e-003 -9.28116133e-005
    3.42763867e-003 0. 0. 0. 0. 3.90043319e-003 0. -9.80298268e-004 0.
    0. 4.21528798e-003 1.10907631e-003 6.78727450e-003 5.23216324e-004
    2.44499906e-003 1.18348533e-002 0. 0. 5.44965547e-003
    -6.80248777e-005 0. -4.96520370e-004 3.64141329e-003 7.64654204e-003
    2.20604055e-003 -1.00994960e-003 0. 4.96214908e-003 0.
    3.56581691e-003 0. 1.01308222e-003 0. 6.58738893e-003
    1.79831113e-003 0. 3.51951458e-003 4.52385470e-003 1.55419847e-002
    4.92678303e-003 2.61659198e-003 4.44929954e-003 0. -1.88047986e-003
    0. 0. 6.32967846e-003 5.49660856e-003 0. 2.50825542e-003
    4.08137916e-003 0. 0. 0. 0. 0. 7.83334195e-004 -7.95542030e-004 0.
    0. 0. 0. -4.37652343e-004 1.50955049e-002 4.51589143e-003
    3.80861929e-005 1.16573507e-003 0. 0. 0. 2.07809242e-003 0.
    1.75877206e-003 6.98500487e-004 7.71911023e-003 3.72122577e-003 0.
    7.45171681e-003 2.94566294e-003 3.62790376e-003 8.17172870e-004 0.
    -1.89037819e-003 1.59940729e-003 0. 2.30821606e-004 5.28293953e-004
    -1.60323025e-003 2.57373843e-002 0. 3.88573436e-003 1.97983580e-003
    0. 0. 5.34726586e-003 0. 0. -4.88317898e-003 4.89424309e-003
    2.33041169e-003 1.22534588e-003 0. 3.88460769e-003 0. 0. 0.
    -4.07378015e-004 4.62902617e-003 -1.65263005e-003 1.38821360e-003
    7.95978878e-004 0. -1.09161343e-003 0. 3.35521088e-003
    5.57567109e-004 -1.41577225e-003 5.03385440e-003 -2.68234010e-003
    5.07851422e-004 0. 0. 0. 0. 0. 0. 9.48235579e-003 0. 3.94697161e-003
    8.88769887e-003 0. 0. 0. 0. 0. 9.31300595e-003 1.87118333e-002
    5.31473383e-003 4.30957507e-003 0. -4.16659313e-005 1.00050047e-002
    0. 1.56875374e-003 -1.53907458e-004 3.99626233e-003 0.
    1.30950101e-002 0. 0. 0. 0. 1.50518655e-003 1.57686346e-003
    -1.44145242e-003 2.43162643e-002 7.56137865e-003 -1.60698325e-003
    3.15740728e-003 0. 3.32674920e-003 0. -2.06847722e-003 0.
    2.89388874e-004 0. 0. 0. 1.27440854e-003 1.16643170e-002
    3.46453581e-003 0. 0. 3.74833611e-003 -9.10664967e-005
    3.09810159e-003 0. 1.05656113e-003 0. 1.25336582e-002
    4.78040520e-003 -2.09905230e-003 4.18684492e-003 0. 0. 0. 0.
    2.93813180e-003 2.85899453e-003 2.78038555e-003 8.07708479e-004
    3.13999923e-003 1.40757102e-003 0. -2.09612306e-003 8.06425605e-003
    2.39661485e-002 7.98128720e-004 0. 0. 0. 0. 0. -7.07351079e-004 0.
    0. 3.40154930e-003 0. 0. 0. 3.20992665e-003 5.22491522e-004
    -2.25161598e-003 2.37566419e-003 6.74688854e-005 0. 0.
    2.17539002e-003 3.04700341e-004 0. 5.12328511e-003 0. 0.
    -2.12927093e-003 6.63774461e-003 0. -3.11921991e-004 1.80962738e-002
    0. 8.72272183e-004 8.66111484e-004 3.84124718e-003 -6.00447995e-004
    0. 4.13243519e-003 4.00147401e-003 0. 0. 1.03544006e-002 0.
    3.98040866e-004 0. 2.32024863e-003 3.68199893e-003 0.
    6.48444844e-003 0. 0. 0. 3.13582621e-003 0. 5.95136872e-003
    6.55118795e-003 6.55443547e-003 0. 9.67519358e-003 1.35848229e-003
    3.24942940e-003 0. 1.38938741e-003 -2.26340591e-004 0.
    6.10454613e-003 0. 0. 0. 7.65134231e-004 -2.50561105e-004
    2.65528006e-003 6.50219573e-003 0. 7.17805175e-004 0.
    5.10736136e-003 0. 1.77898619e-003 2.72307452e-003 4.56736377e-003
    2.25443882e-003 -1.00049737e-003 -1.01726770e-003 2.05812557e-003 0.
    1.06313778e-003 1.34243881e-002 -3.28475959e-004 0. 1.04243832e-003
    2.83724134e-004 3.29433591e-003 2.96657486e-003 0. -3.74370080e-004
    1.54561806e-003 4.69155703e-003 9.47095861e-004 -5.79374668e-004
    1.17951294e-003 0. 4.42482578e-003 0. 0. -1.79464405e-003 0.
    4.72686347e-003 0. 2.41090674e-002 0. 2.74558226e-003
    7.82933645e-003 8.84042494e-003 0. 5.16589591e-003 7.76487868e-003
    0. -1.93516564e-004 0. 2.74588633e-003 1.09198038e-003 0. 0.
    -7.52740889e-005 4.64629848e-003 5.50876255e-004 2.71927984e-003
    1.43779942e-003 0. 0. 0. 1.01325652e-002 1.36074489e-002
    1.42029335e-003 4.78294725e-003 0. 0. 3.15051351e-004 0. 0.
    1.87007654e-002 0. 0. 3.83548927e-003 0. 0. 0. -2.30112416e-003
    3.90947191e-003 1.33673858e-003 0. 0. 1.65351608e-003
    5.49596269e-004 -9.36017168e-005 0. 0. 0. 5.10643178e-004
    6.06060913e-003 0. 0. 4.61069215e-003 0. 2.54967716e-003
    3.77862132e-003 1.00802118e-003 0. 0. 0. 0. 0. -3.89511115e-004
    3.30293435e-004 2.93578138e-003 1.18780299e-003 0. 0.
    1.75176992e-003 2.67650336e-002 9.36645456e-003 0. 2.09215493e-003
    -2.78942491e-004 0. 8.78541544e-003 1.05766603e-003 0.
    2.41487403e-003 0. 7.05559942e-005 3.58077069e-003 -1.88104436e-003
    4.33255499e-003 0. 0. 1.56625535e-003 0. -1.96273017e-004 0.
    2.82389042e-003 0. 1.41086627e-003 6.84816996e-003 3.18947365e-003
    -4.00303579e-005 0. 1.66293245e-003 2.18958058e-003 -1.37409219e-003
    0. 0. 7.70989386e-003 0.</data></imageDescriptor>
</opencv_storage>
