<?xml version="1.0"?>
<opencv_storage>
<imageDescriptor type_id="opencv-matrix">
  <rows>1</rows>
  <cols>500</cols>
  <dt>f</dt>
  <data>
    6.19788095e-003 4.41754935e-003 0. 0. 0. 0. 0. 0. 0. 0.
    -5.18405403e-004 2.17290479e-003 2.30652257e-003 0. 2.57438770e-003
    0. 0. 5.73312445e-003 0. 1.62101467e-003 2.88631418e-003
    4.36351961e-003 4.59571136e-003 0. 0. 4.44492698e-003 0.
    1.90166086e-002 3.32858763e-003 6.10947551e-004 1.52351765e-003
    2.46984116e-003 0. 6.42541377e-003 0. 0. -6.22207939e-004
    1.42641831e-002 -7.54665642e-004 2.16088328e-003 5.65217528e-003
    7.31991976e-003 1.00717694e-003 0. 2.33568877e-004 0. 0. 0.
    9.96847730e-003 -4.68776649e-004 0. 3.55770811e-003 0.
    4.68887016e-003 3.25037842e-003 0. 0. 2.50112149e-003 0.
    2.63677794e-003 1.01702502e-002 0. 0. 5.82844892e-004 0. 0. 0.
    3.71402758e-003 -1.18951313e-003 0. 0. 0. 0. 8.81297980e-003
    -1.51927839e-003 0. 8.59597232e-003 0. 0. -1.69486122e-003
    -4.70863981e-003 -4.78116097e-004 6.03530277e-003 0. 0. 0. 0. 0. 0.
    0. 0. -8.75142810e-004 0. 0. 5.72293624e-003 0. 0. 0.
    1.79837074e-003 0. 0. 0. 0. 0. 6.94306428e-003 9.30531509e-003 0. 0.
    1.92918815e-003 0. 1.45772018e-003 2.09859968e-003 0.
    -4.22085082e-004 0. 0. -4.17350559e-003 0. 0. 1.95526821e-003
    2.56955368e-003 0. 0. 6.96318690e-003 0. 1.59460076e-004
    2.33338610e-003 0. 0. 1.89625623e-003 2.60103145e-003
    -3.67488409e-003 4.49622807e-004 0. 0. 0. 0. -3.24786268e-003
    4.44775028e-003 2.03963649e-003 2.01785448e-003 0. 0. 0.
    5.74872550e-003 0. 0. 0. 0. 0. 0. 5.63930860e-003 0. 2.59435340e-003
    0. 3.82861751e-003 7.56896054e-003 2.37465627e-003 6.81947172e-003
    0. 0. 0. 1.18156439e-002 0. 0. 2.02501770e-002 1.88280642e-002 0.
    3.23044509e-003 0. 0. 0. 9.29114816e-004 -7.50391162e-004 0. 0.
    2.55710585e-003 0. 0. 0. -1.82182586e-003 4.97606234e-004
    4.74144146e-003 2.84006819e-003 0. 2.62825517e-003 -2.69425451e-003
    0. 2.87641236e-003 -1.53066614e-003 0. -9.39098943e-004 0.
    3.17710987e-003 0. 2.89867073e-003 0. 0. -8.06334254e-004 0.
    3.01222852e-003 -1.30270797e-004 1.26145603e-002 0. 0.
    8.91504053e-004 0. 0. 0. 1.05972737e-002 0. 0. 0. 7.46938531e-005 0.
    1.65489351e-003 2.90949759e-003 0. 6.35429425e-003 4.25382372e-004
    0. 2.62523699e-003 2.51110032e-004 0. 6.02653204e-003
    2.35504867e-003 0. 6.52472314e-004 3.07870284e-003 0.
    7.87666906e-003 0. 0. 0. 1.67641435e-002 0. 0. 0. 0. 2.16106744e-003
    0. -2.45355396e-003 1.91231724e-002 0. 1.07663553e-002 0.
    7.37187639e-003 0. 0. 1.44049444e-003 8.53441830e-004
    7.83741754e-003 -1.94852284e-004 0. 0. 7.07400311e-003 0. 0. 0.
    8.01797956e-003 4.80247242e-003 3.76042887e-003 0. 0. 0.
    7.14802882e-003 1.38931563e-002 0. 0. -3.43790249e-004
    3.42629524e-003 8.40576645e-003 0. 0. 0. 0. 0. 0. 0. 8.87747854e-004
    0. 0. 0. 1.45198749e-002 0. 6.73446432e-003 9.48621985e-003
    1.53998239e-003 0. 0. 1.53223500e-002 1.33301539e-003 0. 0.
    2.42783315e-003 3.96775454e-003 3.17414338e-003 0. 2.94342893e-003
    0. 2.94460752e-003 0. -2.40476729e-004 1.48148299e-003 0.
    2.21829233e-003 0. 1.34890052e-002 0. 0. 0. 6.50823954e-003
    1.15350438e-002 0. -7.07916159e-004 1.44853098e-002 0. 0.
    2.39509940e-002 0. 1.38512102e-003 7.42055569e-003 0.
    6.41357247e-003 0. 1.25406485e-003 -1.36633345e-003 3.43888183e-003
    0. 7.85562862e-003 -9.90306842e-004 0. 2.97228270e-003
    3.91953345e-003 4.65023145e-003 3.71563225e-003 4.54059809e-005 0.
    7.11624045e-003 0. 0. 1.76390319e-003 4.84186877e-003 0.
    5.74188912e-003 2.30600871e-003 3.21936770e-003 -7.98082561e-004 0.
    0. 4.43746289e-003 3.42818978e-003 0. 0. 2.17492832e-003
    5.51728718e-003 7.34795257e-003 4.45426209e-003 0. 3.45239765e-003
    0. 1.92818511e-003 1.01717161e-002 0. 0. 0. 2.58709653e-003 0.
    1.83486938e-003 6.16244681e-004 0. 1.20715017e-003 0.
    4.54575010e-003 0. 0. 0. 5.15874429e-003 -5.97369042e-004
    8.24707374e-003 0. 1.98835996e-003 2.05895654e-003 0.
    1.00306133e-002 -8.49564211e-004 0. 1.25673441e-002 -4.36029816e-003
    6.39428443e-004 0. 1.80651271e-003 0. 0. 0. 5.91074815e-003 0.
    2.44976580e-003 0. 0. 1.31449401e-002 0. -3.74036655e-003
    -5.58411563e-003 0. 4.16434417e-003 1.67726967e-002 7.36751361e-003
    0. 1.39162911e-003 0. 0. 0. 6.16019918e-003 0. 0. -8.35664570e-004
    0. 0. 0. 0. 1.76583824e-003 7.10618449e-003 0. 1.19552752e-002 0.
    3.93688184e-004 0. 2.07124627e-003 4.81512491e-003 0. 0. 0. 0. 0.
    1.29178269e-002 0. 2.29003467e-003 5.43077197e-003 0.
    2.67168670e-003 0. 0. 3.55118583e-003 0. 8.98582675e-003 0.
    1.39040058e-003 1.08625535e-002 0. -6.26952038e-004 0. 0.
    2.48524104e-003 2.82812933e-003 0. 4.23917919e-003 0. 0.
    1.64650741e-003 -5.72210818e-004 0. 2.63239228e-004 0. 0. 0.
    1.40226707e-002 0. 6.62525231e-003 8.22635740e-003 3.33871390e-003
    0. 0. 0. 7.83313997e-004 0. 0. -3.80322716e-004 -5.13844052e-003
    3.37489671e-003 0. 0. 1.01251318e-003 0. 3.27229290e-003
    4.28597588e-004 1.40526807e-002 0. 0. 0. 0. 1.66447014e-002 0. 0. 0.
    1.28340768e-003 0. 0. 4.54254495e-003 1.43311890e-002</data></imageDescriptor>
</opencv_storage>
