<?xml version="1.0"?>
<opencv_storage>
<imageDescriptor type_id="opencv-matrix">
  <rows>1</rows>
  <cols>500</cols>
  <dt>f</dt>
  <data>
    6.37319358e-003 4.32019617e-004 3.88886989e-003 2.75754628e-005
    4.73275373e-004 0. 0. 2.33425107e-003 6.21105917e-003
    2.27360707e-003 0. 0. 0. -1.36908307e-003 1.57348590e-003
    -7.58182578e-005 0. -2.06942530e-003 2.48938403e-003 2.59954482e-003
    5.55158500e-003 1.41027495e-002 0. 3.52152367e-003 7.89465196e-003
    1.94849574e-003 2.88408110e-003 3.42433021e-004 0. 2.43095052e-003
    1.56266429e-002 0. 6.71361515e-004 1.69908174e-003 1.69715344e-003
    0. 0. 1.35018630e-003 1.27674323e-002 0. -1.88271771e-003 0.
    4.73863212e-003 7.64466031e-003 4.12615342e-003 2.42238841e-003 0.
    1.05655729e-003 -1.85151977e-004 2.68386118e-003 0. 5.33268496e-004
    0. -1.57328288e-003 -1.58400729e-003 1.49485832e-002 1.78040098e-003
    0. 0. 2.74353125e-003 2.66788830e-003 0. 2.50184699e-003
    6.97830765e-005 3.93944653e-003 0. 0. 1.44007814e-003
    -8.08476820e-004 2.81243771e-003 6.45569479e-003 0. 0. 0.
    6.30128710e-003 1.79611123e-003 2.77610472e-003 0. -2.11269726e-004
    9.20334423e-004 1.25034514e-003 1.44302496e-003 0. 0.
    1.43747753e-003 0. 2.56013381e-003 4.91126254e-003 0. 0.
    5.62993623e-003 0. 4.38492093e-003 0. 3.45949526e-003
    1.67726073e-003 3.97461979e-003 7.12689944e-004 0. -2.71203555e-003
    3.51536414e-003 3.07432422e-003 0. 8.26207688e-004 0.
    2.39018817e-003 0. 0. 0. 0. 3.70822242e-003 9.96197574e-003 0. 0. 0.
    0. -5.78807481e-003 0. 0. 0. 0. 2.63310620e-003 0. 2.57086311e-003
    -1.64995712e-004 0. -2.80258479e-004 1.62078685e-003 2.33488693e-003
    1.24057487e-003 5.94206154e-003 1.92100229e-003 -2.33216141e-003 0.
    2.71324324e-003 -1.31025782e-003 0. 1.49416728e-002 -1.84099434e-003
    9.10490751e-003 4.02269186e-003 0. 0. 4.53216676e-003
    6.91038091e-004 8.86757579e-003 6.73630368e-003 4.66237962e-003 0.
    0. -6.36513624e-003 8.83012358e-003 -7.02084333e-004 0.
    1.29857624e-003 9.51760041e-004 6.92004571e-003 0. 1.16236298e-003
    1.48495822e-003 0. 5.01928711e-003 1.07170707e-002 2.33157678e-003
    0. 1.76777656e-003 4.89042234e-003 -8.40769208e-004 8.01972579e-003
    0. -2.20285472e-003 1.79753394e-003 4.53518704e-003 0.
    1.82917307e-003 4.29527275e-003 0. 0. -1.82994176e-003 0. 0.
    4.94429050e-003 1.73681055e-003 7.92253017e-003 5.15003409e-003
    9.76085212e-005 1.21860979e-002 3.39481444e-003 0. 5.03598014e-003
    0. 9.51925293e-004 4.12452780e-003 3.29785841e-003 0.
    1.48629316e-003 -5.55440201e-005 9.80557874e-004 1.81751885e-003 0.
    1.92088238e-003 0. -9.78335374e-005 0. 1.08049891e-003 0. 0. 0.
    3.10305809e-003 1.26810810e-002 0. 0. 0. 3.30951274e-003
    3.56526463e-003 -5.17949520e-004 0. 1.73672161e-003 6.41324185e-003
    3.01375543e-003 0. 0. 8.24900903e-003 1.37591595e-003 0.
    1.53444568e-003 1.27545476e-003 0. 1.08119203e-002 3.74128367e-003
    2.70967046e-003 -4.57704673e-003 0. 1.62273999e-002 3.67353874e-004
    3.05856438e-003 0. -2.82683130e-003 0. 1.57757243e-003
    -2.46457930e-004 5.19450800e-003 -1.31191930e-003 9.37221851e-003
    5.80892898e-003 1.58545421e-003 2.26819701e-003 0. 6.86738966e-003
    2.31642206e-003 2.52371933e-003 0. 1.52067223e-003 8.71709781e-005
    0. 5.47904009e-003 2.56761396e-003 -2.14879354e-003 5.25193941e-003
    0. 0. 0. 5.45106316e-003 3.50124598e-003 0. 1.26685889e-003
    3.32652871e-003 2.66042445e-003 9.58750024e-003 8.50306940e-004
    -1.53853698e-003 -1.87852929e-004 -2.70413089e-004 1.54563156e-003
    -6.22557767e-004 6.89534820e-004 0. 1.77282011e-004 -4.75192719e-005
    0. 2.57382612e-003 -1.19199860e-003 0. 0. 3.45408171e-003
    3.29638994e-003 -2.47746881e-004 0. 2.16657436e-003 9.38933063e-003
    0. 0. 2.94940383e-003 1.30133878e-003 0. 3.62328324e-003 0.
    6.63036108e-003 1.20862212e-003 -1.17271754e-003 3.24527762e-004
    9.01031867e-003 6.63342129e-004 1.07298354e-002 0. 1.54558817e-004
    9.55186132e-003 0. -1.83533505e-003 0. 0. 7.11160060e-003
    -1.42861402e-003 -8.08071287e-004 2.61502643e-003 -9.03250067e-004
    0. 8.75304174e-003 4.39793570e-003 1.79851695e-003 0.
    7.51438318e-003 0. 1.37538940e-003 0. 2.55577127e-003
    1.30507897e-003 5.28546167e-004 -1.16454539e-004 0. 5.26418677e-003
    5.81306638e-003 5.69433626e-003 3.61121632e-003 1.47628388e-003
    4.24035545e-003 2.41554994e-003 -7.84388278e-004 1.68641459e-003
    2.07089167e-003 4.60690958e-003 6.77959251e-005 6.49175979e-003
    1.54237641e-004 -7.60701892e-004 0. 0. 7.64097320e-004
    1.83666067e-003 0. 5.09793824e-003 7.24908337e-003 0. 0. 0.
    3.46630346e-003 2.18856204e-002 0. 3.41438194e-004 0. 0. 0.
    1.50423441e-002 0. 1.71566533e-003 4.73828288e-003 0. 0.
    -3.20407766e-004 0. 0. 3.55789019e-003 0. 1.88652298e-003
    1.56239502e-003 0. 0. 6.14101626e-003 0. 0. 0. 7.38099776e-003
    3.14032706e-003 1.62473254e-004 2.74009467e-003 9.85914003e-003
    4.50863503e-003 -1.24846891e-004 6.69500045e-003 2.39360123e-003
    7.89944665e-004 0. 6.22566137e-003 1.12418167e-003 3.30515555e-003
    1.77277427e-003 0. 9.31439572e-004 0. 0. 0. 5.48105221e-003 0.
    9.53927869e-004 0. 8.85740388e-003 1.46815472e-003 0. 0.
    7.38083664e-003 1.32043101e-003 -3.63264960e-004 2.94857123e-003
    -6.48881658e-004 4.04899986e-003 1.67623942e-003 3.65729444e-003
    -2.99385574e-004 4.37995215e-004 6.32474013e-003 -4.46313206e-004
    2.40906840e-003 1.52969430e-003 1.03926351e-002 2.38390244e-003 0.
    1.59788448e-002 0. 0. 6.07745489e-004 0. -9.18491976e-004 0.
    -6.42929343e-004 0. 0. 2.58021522e-003 6.62274938e-003
    3.15364846e-003 0. 7.95991567e-004 0. 0. 1.74735824e-003
    -2.42964292e-004 4.19612601e-003 4.38792573e-004 -4.25017177e-004
    7.11258128e-003 -3.85905558e-004 2.67492188e-003 6.39431039e-003
    -4.37930925e-004 0. -5.26467105e-004 5.35625545e-003 4.55155969e-003
    1.54043606e-003 -5.11394057e-004 1.53344742e-003 4.60271910e-003 0.
    2.08725501e-003 0. 0. 2.10286155e-002 -5.58347441e-004
    4.45409241e-004 5.21398382e-004 2.74628255e-004 0. 1.75201881e-003
    1.33478350e-003 0. 5.36245666e-003 2.63511599e-003 7.25058897e-004
    5.12858294e-003 6.53649506e-004 -7.76755842e-005 2.27560569e-003 0.
    0. 8.87323543e-003 -1.02628535e-003 -6.45454857e-004 1.73477863e-003
    -8.08072800e-004 1.00772278e-002 4.68596816e-003 2.54170736e-003
    2.60767411e-003 6.44817774e-004 0. 0. 1.51059392e-003
    2.02953059e-004 0. 0. -5.52177383e-003</data></imageDescriptor>
</opencv_storage>
