<?xml version="1.0"?>
<opencv_storage>
<imageDescriptor type_id="opencv-matrix">
  <rows>1</rows>
  <cols>500</cols>
  <dt>f</dt>
  <data>
    4.42669401e-003 -1.03521592e-003 2.64755753e-003 5.17622894e-003 0.
    0. 0. 5.22966031e-003 1.37596740e-003 0. 0. 5.14106313e-003 0. 0.
    1.02546590e-003 0. 0. 9.78246238e-003 0. 2.42518168e-003
    6.67416304e-003 1.00452523e-003 0. 2.74666725e-003 1.39320013e-003
    0. 2.50997115e-003 0. 0. 6.44323509e-003 0. 4.93155466e-003
    -1.60588778e-003 2.87334295e-003 0. 2.11121212e-003 1.94041268e-003
    0. 0. 0. 4.16377792e-003 0. 5.54705225e-003 0. -2.52804672e-003
    -5.87925279e-005 7.80228234e-004 7.14008231e-003 0. 2.46371678e-003
    -5.89046627e-004 4.02403949e-003 4.54631576e-004 0. 0.
    1.73597387e-003 2.38742027e-003 3.40801338e-003 1.12259798e-002
    1.29695283e-003 0. 3.05298227e-003 8.62123445e-003 1.69883564e-003
    1.40296679e-003 6.62831531e-004 0. 2.93542701e-003 -1.37486088e-003
    0. 7.06036109e-004 0. 0. -1.81666389e-003 0. 5.42826776e-004
    1.44100410e-003 0. -2.37664281e-004 0. 1.31356495e-003
    2.16002651e-002 0. 5.63255651e-003 2.33351160e-003 0.
    1.38108002e-003 -3.84988054e-003 0. 9.07662138e-003 0.
    -7.08636642e-003 1.19644671e-003 0. -2.67073954e-003 1.69475679e-003
    0. 0. 1.39781716e-003 2.97977286e-003 7.33156549e-003 0. 0.
    5.49412658e-003 0. 0. 1.25332887e-003 0. 9.25450586e-004 0.
    9.89632215e-004 0. 9.48881730e-003 0. 0. 2.40868423e-003
    -1.98617647e-003 0. 0. 2.30086059e-003 0. 4.03052336e-003 0.
    2.59113475e-003 0. 0. 0. 0. 1.27277535e-003 0. 2.14327849e-003
    5.23072144e-004 0. 1.18445642e-002 0. -1.95875531e-003
    4.08177217e-003 0. 9.19887703e-003 4.44661500e-003 0.
    2.33870465e-003 3.45167646e-004 0. 0. 6.05159719e-003 0.
    2.02214019e-003 0. 6.09405758e-003 2.77792523e-003 1.20289084e-002
    4.52156505e-003 6.75880071e-003 5.24254655e-003 0. 3.43099679e-003
    4.89730109e-003 4.40005213e-003 2.80390447e-003 3.38525069e-003
    1.86416146e-004 0. 5.55204228e-004 0. 3.43019119e-003
    1.71040802e-003 2.25018337e-003 1.63946394e-003 -9.90245491e-004
    6.51744939e-003 -1.87040644e-003 7.69440830e-003 7.03616394e-003 0.
    0. 0. 0. 0. 5.19283209e-003 7.35717593e-003 5.30387880e-003
    1.90712643e-004 4.23966441e-003 5.47891995e-003 0. -1.44995144e-003
    0. 0. 1.64399296e-002 0. 0. 3.01149907e-003 6.64599752e-003 0.
    4.01765434e-003 0. 0. 0. 0. 0. 3.15245613e-003 3.08020535e-004
    1.04309525e-003 5.31320507e-003 3.04073351e-003 6.80422934e-004
    1.97166391e-003 7.92491809e-003 0. -4.09453968e-003 4.18505073e-003
    4.55398782e-004 0. 0. 2.97194766e-003 1.06803859e-002
    1.71577826e-003 2.86584231e-003 1.32180785e-003 0. 0.
    1.99625129e-003 0. 2.64254976e-002 0. 0. 0. 5.87325078e-003
    -6.12143253e-004 9.42664593e-003 0. 2.85742572e-003 0.
    8.93626921e-003 1.71031337e-003 0. 1.70072739e-003 -6.33218791e-004
    2.57683522e-003 -6.87496504e-004 2.30118260e-003 2.08931556e-003
    -1.30374494e-004 2.61292839e-003 2.37269123e-004 1.75981829e-003 0.
    0. 2.59461906e-003 4.23735287e-003 1.24474475e-002 2.38585845e-003
    0. 1.38272575e-004 0. 0. 8.06343835e-003 3.74545576e-003
    2.96153268e-003 3.99145734e-004 6.23309147e-003 0. 7.68351462e-003
    0. 4.12157085e-003 -3.09040607e-003 2.71541555e-003 0. 0.
    1.25606987e-003 0. 1.34046341e-003 2.07932829e-003 5.07130753e-003
    0. 0. 8.96740053e-003 1.44829985e-003 -1.28007389e-003 0.
    1.12196628e-003 0. 1.62553508e-003 5.73605625e-003 1.84832502e-003
    0. 5.04261814e-003 4.75441525e-003 1.82320597e-003 0.
    1.64433522e-003 6.70434209e-003 -1.78472357e-004 4.13335953e-003
    5.01334574e-003 3.71210440e-003 1.63053384e-003 1.66827568e-003
    6.36365963e-003 0. 1.40874530e-003 2.08642171e-003 3.41154891e-003
    0. 3.42312711e-003 0. 0. 0. 0. 3.55992373e-003 8.52167024e-004
    3.83615959e-003 0. 0. 9.10690613e-003 0. 9.66415682e-004
    5.14123961e-003 2.41138437e-003 1.97483227e-003 0. 2.19671056e-003
    0. 0. 3.09148291e-003 0. 3.99452308e-003 0. 4.34292760e-003 0.
    3.67110060e-003 9.71318630e-004 7.47211219e-004 3.01436335e-003
    3.68764787e-003 0. 1.52233522e-003 0. 1.45670550e-003
    5.37494430e-003 0. -4.95858910e-003 0. 3.92991630e-003 0. 0.
    1.55969188e-002 1.36510015e-003 2.58064526e-003 6.83657685e-003 0.
    7.34792138e-003 7.44689442e-003 6.33919751e-003 0. 9.13220923e-003
    1.64172403e-003 2.30407412e-003 1.10704917e-003 0. 2.97322730e-003
    0. 1.10137388e-002 0. 0. 0. 5.27448580e-003 1.83395613e-002
    5.03184833e-003 0. 4.38353326e-003 4.05915361e-003 0. 0. 0.
    4.21617180e-003 0. 4.79401555e-003 2.96977872e-004 3.58198257e-003
    0. 6.89286273e-004 0. 3.04791192e-003 0. 1.02660444e-003
    1.52913528e-003 1.46617601e-003 6.83947292e-004 1.67543499e-003
    9.81138321e-004 0. -8.37122032e-004 5.18743927e-003 0. 0.
    3.67588853e-003 0. 0. -3.87887092e-004 -1.51186204e-003
    -3.35578225e-004 3.42516170e-004 0. 0. 4.70843865e-003
    2.54897820e-003 0. 0. 0. 0. 5.71518112e-003 9.16508608e-004
    1.59337476e-003 0. 0. 5.47148753e-003 0. -3.36182886e-003
    1.23874552e-003 0. 0. 2.27383734e-003 -2.50705960e-003 0.
    5.66817168e-003 0. 7.45850801e-003 0. 0. 0. 2.54938123e-003
    3.02634621e-003 3.54492106e-003 4.49357368e-003 4.39990079e-003 0.
    -1.23638636e-003 0. 0. 2.53672106e-003 -5.53902828e-005 0. 0.
    3.79897235e-003 1.97626892e-002 2.37885513e-003 1.16096148e-002 0.
    7.52575870e-004 0. 0. 1.45853916e-003 0. 0. 3.78662650e-003
    1.50907580e-002 2.56575830e-003 6.92518009e-003 0. 1.22799128e-002
    3.56006529e-003 -5.87524264e-004 0. -3.63981118e-004 3.94121651e-003
    5.20020374e-004 0. 0. 0. 0. 4.08967724e-003 0. 0. 0. 1.01288455e-003
    0. 2.14858679e-003 -9.05721507e-004 0. 8.22299451e-004 0. 0.
    9.02837235e-003 0. 3.56317847e-003 3.45337973e-003 0.
    1.85483877e-004 0. 2.42377957e-003 -1.27965433e-003 0.
    1.47660356e-003 0. 4.32353374e-003 9.99198994e-004 -4.22516401e-004
    -1.00913655e-003</data></imageDescriptor>
</opencv_storage>
