<?xml version="1.0"?>
<opencv_storage>
<imageDescriptor type_id="opencv-matrix">
  <rows>1</rows>
  <cols>500</cols>
  <dt>f</dt>
  <data>
    0. 3.23220156e-003 2.05227826e-003 1.45644450e-003 1.94626034e-003
    3.03596188e-003 7.75243808e-003 7.71507295e-003 1.63612608e-003
    4.44722176e-003 2.29914510e-003 7.94973341e-004 2.12543621e-003
    9.86617059e-004 1.10189454e-003 3.79858189e-003 0. 2.67492351e-003
    3.09657189e-003 1.23398216e-003 1.47224043e-003 0. 8.32963997e-005
    2.37605185e-003 1.23457215e-003 0. 1.82333868e-003 4.20550862e-003
    9.17861762e-004 1.78964518e-004 -4.34813905e-004 0. 7.29820516e-004
    1.99160585e-003 3.62582738e-003 1.77578814e-003 6.70558875e-005
    6.08887570e-003 5.87277173e-004 -8.47793359e-004 -4.94553999e-004
    3.56052001e-003 8.04917247e-004 3.22097709e-004 1.24867831e-004
    8.74210428e-003 5.68340160e-003 1.11268589e-003 0. 5.08198573e-004
    3.87506629e-003 1.46069052e-003 1.83904252e-003 6.47248584e-004
    4.57810098e-003 3.51885939e-003 2.96527939e-003 5.91251592e-004
    2.21460010e-003 7.69760518e-004 1.83256005e-003 -5.14579937e-004
    1.98753760e-003 0. 4.58130194e-003 6.73110306e-004 8.76854174e-003
    3.47974873e-003 0. 5.91904577e-003 1.18433009e-003 0.
    1.25235347e-002 5.70081268e-003 5.77676948e-003 -2.61948589e-004 0.
    -6.39513673e-005 1.05018611e-003 2.49809411e-004 3.57217767e-004
    -3.12061654e-003 0. 3.09830229e-003 -7.41550932e-004 6.52833236e-003
    6.99445314e-004 0. 1.28800410e-003 2.02712673e-003 1.97968236e-003
    -4.46861843e-004 5.61231095e-003 -1.07739281e-004 5.41213434e-003
    4.04308876e-003 4.99394117e-003 2.59114639e-003 3.43438261e-003
    8.64080561e-004 5.72411669e-003 5.75507106e-003 0. 1.21491707e-004
    0. 2.29770294e-003 3.56343784e-003 5.41729270e-004 4.56625316e-003
    9.04860150e-004 4.74532321e-003 4.13718820e-003 1.66946091e-003
    2.96657835e-003 3.11358902e-003 4.59173555e-003 -1.68226106e-004
    1.46769208e-003 2.12499499e-003 2.71163299e-003 0. 2.06324994e-003
    -2.19194638e-003 5.14095649e-003 0. 2.33426574e-003 -4.49715793e-004
    2.31549586e-003 0. 6.55618496e-003 0. 1.96677493e-003 0.
    1.31209835e-003 7.25707621e-004 3.00051505e-003 0. 9.07998998e-004
    7.96430092e-003 0. 1.35354511e-003 1.31094153e-003 -2.21939990e-004
    3.08371708e-003 1.53122121e-003 5.65762538e-003 1.63489522e-003
    1.31820643e-003 0. 6.09173672e-003 6.79924386e-003 0.
    4.38225630e-004 1.54634836e-004 4.67648637e-003 6.12563628e-004
    8.55339575e-004 1.90862245e-003 1.88103900e-003 8.26922245e-004
    8.61160981e-004 2.53403280e-003 1.25347741e-003 6.26193313e-003
    3.47867073e-003 3.69757228e-003 2.41251779e-003 0. 3.06425523e-003
    -1.90008694e-004 -2.50414177e-003 2.57913466e-003 3.50383180e-003
    1.20203104e-003 2.70758895e-003 2.36617727e-003 9.98097472e-004 0.
    4.13383963e-003 2.52723368e-003 0. 8.38377979e-003 1.47409772e-003
    3.05512192e-004 0. -3.57371289e-004 3.72665143e-003 1.53681112e-003
    -2.13034777e-003 3.30362469e-003 8.09679390e-004 6.70744164e-004
    8.33202712e-003 3.16664134e-003 0. 5.10582142e-003 2.12559034e-003
    3.64628108e-003 -8.50288488e-004 1.18104892e-003 2.08126474e-003 0.
    1.68646814e-003 2.43159756e-003 9.11026029e-004 8.17974447e-004
    -3.59908305e-003 5.88925206e-004 0. 1.05571141e-002 6.48954604e-003
    3.82552342e-003 -7.18571537e-005 7.05498154e-004 3.04496381e-003
    4.48099774e-004 2.18928489e-003 2.81127379e-003 5.56054618e-003
    4.67394898e-003 1.16925675e-003 1.12925144e-003 1.08452165e-003
    -7.07550726e-006 2.77159014e-003 -1.48558756e-004 -3.28200962e-003
    -7.63686781e-004 3.45026870e-004 0. 7.22857949e-004 2.22794176e-003
    0. -1.60781608e-003 8.11774400e-004 0. 7.40677526e-004
    2.47433805e-003 1.28673320e-003 -5.99249288e-005 0. 3.59168951e-003
    3.78930662e-003 4.13130736e-003 1.89440616e-003 -9.29998176e-004
    3.57290352e-004 0. 0. 2.44941912e-004 7.66696350e-004
    2.52373214e-003 2.84825102e-003 3.18914745e-003 3.19229066e-003
    1.77644077e-003 3.29289958e-003 0. 3.08173895e-003 3.30010196e-003
    1.47444650e-003 0. 1.09206454e-003 2.74740672e-003 1.85205752e-003
    1.91550225e-003 1.15674920e-003 1.12438621e-003 0. 7.24506041e-004
    8.14316794e-003 9.65815224e-003 1.34610676e-003 5.22583630e-003
    1.07525988e-003 2.45691650e-003 1.24916260e-003 -2.02959418e-005
    4.62287245e-003 1.58691267e-003 2.92791147e-003 2.07393430e-003 0.
    2.45583104e-003 6.34650118e-004 1.03940931e-003 2.60295719e-003
    -7.40691554e-004 3.93514242e-003 1.41075125e-003 0. 2.04209355e-003
    7.02556747e-004 5.34420693e-003 7.24825135e-004 -2.36756494e-003
    5.13649127e-003 5.58548793e-003 0. -1.01867679e-003 1.00360927e-003
    1.01107964e-003 4.78372630e-003 3.52924131e-003 6.96634350e-004
    1.28117879e-003 4.66700830e-003 2.17181654e-003 4.47072758e-004
    1.14261743e-003 -9.35518110e-005 1.45481783e-003 1.94676628e-004
    2.23453413e-003 7.84160104e-004 3.53826233e-003 7.27071473e-003 0.
    0. 4.15903609e-003 0. -2.93417397e-004 2.14363518e-003
    2.98929308e-003 2.44134455e-003 0. 7.54348352e-004 0.
    7.84499687e-004 9.21552361e-004 1.12257688e-003 1.84734794e-003
    6.00591674e-003 1.94538292e-003 0. 3.06350854e-003 8.34223581e-004
    7.22469203e-003 0. 2.28819018e-003 2.55282526e-003 2.45358329e-003
    0. 1.38267863e-003 4.78659384e-003 1.97985140e-003 3.75452917e-004
    3.00693093e-003 5.74216153e-003 3.42961145e-003 1.31934031e-003 0.
    1.14220567e-003 3.14995344e-003 7.81215436e-004 1.45456835e-003
    2.09368858e-003 -4.93874075e-004 1.15859909e-002 1.78122777e-004
    9.63805709e-003 1.84440217e-003 4.70691314e-003 -4.72850632e-004
    1.15269329e-003 1.30000233e-003 1.18702941e-003 0. 9.11716372e-003
    2.09021475e-003 4.11234330e-004 -9.59162775e-004 0. 2.91806227e-003
    1.06305105e-003 3.55097419e-003 0. 4.04751889e-004 2.79061380e-003
    1.01566198e-003 5.15730877e-004 0. 1.68419979e-003 -2.58960004e-004
    2.86012050e-003 9.31008195e-004 2.64734845e-003 2.23139720e-003
    8.71964206e-004 -5.40742418e-004 2.74904072e-003 3.67151282e-004
    -7.94369498e-006 7.44312536e-003 1.36716745e-003 3.49058444e-003
    1.16599223e-003 1.92689523e-003 1.37709419e-003 4.18230752e-003
    7.32386135e-004 0. 2.13200785e-003 0. 0. 3.77314584e-003
    5.60581044e-004 0. 6.58117991e-004 0. 6.34512922e-004 0.
    2.49522831e-003 2.05741636e-003 5.34835737e-004 1.82989135e-003
    3.42365401e-003 6.75480231e-004 0. 4.83681913e-004 1.31889887e-003
    -7.64207682e-004 2.12063617e-003 4.05677501e-003 -7.61634787e-004
    -2.06608442e-004 5.93956839e-003 4.51359898e-003 8.83952249e-003
    1.15343588e-004 3.82200000e-003 8.43592687e-004 1.65041331e-002
    4.34203632e-003 2.14760918e-002 8.32773163e-004 -2.42485898e-004
    1.61457621e-003 3.40721197e-003 6.05551759e-003 1.74470979e-003
    3.35349538e-003 1.24478026e-003 3.32783582e-003 -1.85297467e-004 0.
    -9.11876035e-004 4.71577840e-003 1.26768241e-003 -2.86238175e-003 0.
    6.65066298e-003 1.25996128e-003 1.27855921e-003 1.35366630e-003
    2.18836777e-003 0. 1.45391433e-003 2.85562500e-003 0.
    9.26339650e-004 3.75438994e-003 2.05024332e-003 -2.34359482e-004 0.
    9.66507534e-004 5.51278843e-003 8.94255377e-003 0. 3.76425637e-003
    1.47051143e-003 2.80414987e-003 3.36920610e-003 4.50950256e-003
    9.36078373e-003 5.00557653e-004 0. 1.73383858e-003 9.69318964e-004
    4.49877139e-003 9.98165808e-004 1.45446698e-004 -6.29005255e-004
    3.98969481e-004 7.48823280e-004 1.96000794e-003 0. 2.11852044e-003
    2.77914689e-003 5.38496813e-003 1.14230416e-003 0. 6.08131336e-003
    2.29268125e-003 8.64143076e-004 2.22172285e-003 0. 0.
    1.01166603e-003 7.81029754e-004</data></imageDescriptor>
</opencv_storage>
