<?xml version="1.0"?>
<opencv_storage>
<imageDescriptor type_id="opencv-matrix">
  <rows>1</rows>
  <cols>500</cols>
  <dt>f</dt>
  <data>
    2.73664412e-003 3.15255765e-003 1.80571771e-003 -1.65073434e-004 0.
    8.86302965e-004 4.96919267e-003 2.36742920e-003 1.97438942e-003
    4.53830417e-003 6.91448478e-003 0. 0. -1.82985282e-003
    -7.96667824e-004 0. 4.53895656e-004 8.53985827e-003 0.
    2.26859748e-003 1.78157794e-003 0. 1.83024304e-003 3.55535629e-003
    5.33817289e-003 0. -5.90142678e-004 2.89534940e-003 1.55481382e-003
    -9.29654809e-004 4.08899318e-003 5.34807972e-004 -3.87528737e-004 0.
    -5.82203851e-004 0. 1.27278501e-003 7.50604272e-003 4.71179001e-003
    0. -1.86130157e-004 9.40217357e-003 3.12309130e-003 3.99010954e-003
    -1.75182836e-003 0. 6.07569760e-004 2.96441256e-004 0.
    3.70630529e-003 -7.30042229e-004 1.19778200e-003 2.21932703e-003
    -3.90778063e-003 6.75593410e-003 0. 1.56575965e-003 2.94028525e-003
    9.44481348e-004 1.48639816e-003 4.17915964e-003 -4.28508560e-004
    1.14902842e-003 1.17660197e-003 3.32138804e-003 7.30666216e-004 0.
    -1.39329364e-004 -8.93612669e-005 1.28404843e-002 9.64469463e-003 0.
    0. 7.86713604e-003 8.78388062e-003 4.46063932e-003 0.
    8.43577145e-004 9.81329125e-004 2.81301443e-003 -3.57808569e-003
    -3.51023278e-003 8.76597303e-004 2.66253971e-003 1.81908533e-003
    1.68847991e-003 1.89419941e-003 -1.63644471e-003 7.51872035e-003 0.
    1.60362665e-003 0. 0. 1.49379147e-003 0. 2.04077340e-003 0.
    7.83808157e-003 0. 0. 3.57724610e-003 1.46772526e-003 0.
    4.75605484e-003 0. 1.01206836e-003 0. 6.95897685e-003 0. 0.
    5.89122996e-004 0. 6.75691175e-004 4.51434862e-005 3.11310199e-004
    8.45223200e-004 -1.11230067e-003 6.54581748e-003 2.58170022e-003 0.
    -1.62419979e-003 3.19843763e-004 -6.48599118e-003 0. 1.14516262e-003
    5.63271437e-003 0. -2.72875914e-004 3.52282566e-003 -2.35604635e-003
    2.86418223e-003 -1.60430651e-003 1.92842190e-003 4.81452234e-003
    1.55060859e-002 1.24816725e-003 0. 7.35199719e-004 6.82753976e-004
    2.80325697e-003 2.46099401e-002 1.25980610e-003 7.65165500e-003
    4.33150074e-003 9.30684502e-004 2.34504347e-003 -2.51707155e-004
    2.32171267e-003 0. 0. 0. 9.40347649e-003 0. 1.08250987e-003
    9.01322719e-003 0. 1.14334263e-002 0. 6.29424257e-003
    5.95578318e-003 0. 6.57052500e-004 4.85922536e-003 1.84628560e-004
    -3.42742121e-003 0. 1.91890576e-003 1.12839171e-003 1.26713300e-002
    0. 7.28886167e-004 1.29748392e-003 4.35551396e-003 7.52333179e-003
    1.24119211e-003 1.61033904e-003 4.51583386e-004 0. -1.98668707e-003
    4.62219352e-003 1.09207653e-003 4.53053595e-004 8.19990970e-003
    2.33065977e-004 1.23085838e-003 -1.52935833e-003 2.74832128e-003
    2.86447024e-003 1.38353650e-003 0. 0. 2.96809198e-003
    1.88593171e-003 5.44421608e-003 -1.38518400e-003 3.12796677e-003
    5.40939579e-003 1.08338485e-003 8.56567000e-004 7.66908890e-003
    1.93321391e-003 4.07988997e-003 4.54013096e-003 -4.21369739e-004 0.
    5.97142428e-003 1.08259337e-004 5.31741511e-003 2.30344036e-003
    5.14828134e-003 6.65370328e-003 5.29458839e-003 2.33281567e-003
    3.08670825e-003 5.33378636e-003 1.68024679e-003 2.71968730e-003 0.
    1.95347413e-004 2.40381155e-003 0. 5.08240983e-003 0.
    -7.27419741e-004 1.91376228e-002 0. 1.63093835e-004 0.
    2.67428020e-003 1.64014450e-003 1.56709575e-003 0. 1.86111883e-003
    0. 5.76106424e-004 5.63152926e-003 3.79540725e-003 2.21380219e-003
    2.46491400e-003 0. 7.74844317e-004 -4.55142977e-003 0. 0. 0.
    8.60654036e-005 -1.83509779e-003 3.99488350e-003 2.28868751e-003
    3.33917607e-003 4.66166716e-003 2.07021926e-003 0. 0.
    1.01436803e-003 8.84766225e-003 5.78591740e-003 2.73170113e-003
    6.09364500e-003 -1.16850261e-003 3.90999558e-005 1.65189314e-003
    5.13161940e-004 9.79491137e-003 -1.97340827e-003 0. 4.86900448e-004
    7.65867415e-004 2.09981250e-003 0. 2.05359329e-003 4.73388936e-003
    2.02238886e-003 0. 5.77837636e-004 0. 3.09455139e-003
    5.67367533e-003 0. 4.81194397e-003 0. 2.36001518e-003
    3.18328995e-004 0. -3.90560570e-004 2.91753240e-004 1.28124247e-003
    -3.92999500e-003 -1.18473219e-003 0. -9.38965008e-004
    1.60657649e-003 6.91820169e-004 1.83405052e-003 2.17125076e-003
    3.19179526e-004 2.70415703e-003 3.75237269e-003 0. 5.73590584e-003
    8.13468418e-004 1.16289780e-003 1.94378104e-003 8.26883421e-004
    3.26711521e-003 0. 1.15094492e-002 1.76608064e-005 0.
    8.03606957e-003 1.35355478e-003 2.60900101e-003 4.61272243e-003
    1.75661151e-003 -1.48813226e-004 1.06397988e-002 0. 4.47948650e-003
    -2.93782243e-004 0. 1.09046390e-002 0. 5.46088908e-003
    4.87529626e-003 1.38027174e-003 1.89970387e-003 -5.51552919e-004 0.
    1.84767088e-003 0. 2.63281935e-003 6.41936343e-003 -9.78730153e-004
    0. -2.17548502e-003 0. 0. 1.38651766e-003 0. -2.57163402e-003
    3.26715666e-003 6.36603916e-004 1.15779764e-003 2.28503556e-003
    4.90182685e-003 2.12371722e-003 1.43207470e-003 -2.40033749e-003
    2.13735993e-003 0. -1.15116034e-003 3.12183006e-003 3.24890995e-003
    -8.42437323e-004 0. 3.01669375e-003 5.90550294e-003 0.
    2.24560197e-003 -1.42367301e-003 5.03736315e-003 -5.14890067e-004
    2.85161450e-003 1.48767733e-003 2.56067514e-003 9.87154152e-003 0.
    -7.94355292e-004 4.89307102e-004 9.12118878e-004 5.45714051e-003
    5.12587896e-004 3.05352849e-003 -1.67425966e-003 0. 2.48619076e-003
    8.97721294e-003 0. 0. 4.69939690e-003 1.70462125e-003 0.
    2.90354551e-003 5.48872817e-003 1.34081941e-003 0. 6.06063660e-003
    0. 4.17774962e-003 0. 4.12703492e-003 1.77176436e-003 0. 0.
    3.70285823e-003 -2.16243483e-004 3.49918520e-003 0. 7.17410585e-003
    0. 1.43820106e-003 -1.19744043e-003 -2.45758588e-003 0. 0.
    -1.21985446e-003 0. 3.16669280e-003 0. 0. 3.27084609e-003
    3.14899790e-003 3.22579686e-003 8.49181600e-003 8.14416073e-003 0.
    1.80083700e-003 0. 4.90608253e-003 -8.39279732e-004 0.
    6.39022002e-003 2.09304824e-004 5.28443186e-003 -2.45117320e-004
    1.16184831e-003 1.83696784e-002 -6.83743638e-005 6.32042391e-003 0.
    3.01708467e-004 -9.37283388e-004 0. 4.75877750e-004 4.55952855e-003
    -1.22181175e-003 0. -5.45646530e-004 0. 7.09478604e-003
    2.04398925e-003 -1.42956851e-004 0. 1.09709031e-003 3.93435080e-003
    0. -1.12961640e-003 5.62701840e-004 3.70706548e-003 3.29785305e-003
    -8.82245426e-004 2.40089819e-002 2.44159228e-003 0. 0.
    2.65985611e-003 4.15671710e-003 2.48630275e-003 8.20954810e-005 0.
    -1.32898765e-003 1.86614261e-003 1.33887376e-003 0. 9.14721822e-005
    8.64258129e-003 1.31819583e-003 3.80823296e-003 0. 0.
    6.38210215e-003 5.39241359e-003 0. 1.59739726e-003 2.38947105e-003
    0. 1.29059143e-003 5.46539901e-004 6.73191971e-004 1.74000813e-003
    1.32365059e-003 1.94845349e-003 0. 1.14746368e-003 1.45194419e-002
    1.95046875e-003 0. 1.55078387e-003 1.06212841e-002 4.48613107e-004
    -3.86762811e-004 -1.72616262e-003 0. -4.91679712e-005 0.
    5.90259535e-003 0. -6.65723055e-004 1.91020663e-004 2.36579683e-003</data></imageDescriptor>
</opencv_storage>
