<?xml version="1.0"?>
<opencv_storage>
<imageDescriptor type_id="opencv-matrix">
  <rows>1</rows>
  <cols>500</cols>
  <dt>f</dt>
  <data>
    0. 3.94476205e-003 0. 6.43827813e-003 0. 0. 0. 0. 7.71218445e-004
    1.64916145e-003 0. 1.26598723e-004 0. 2.51703989e-003
    1.84421137e-003 1.91466374e-004 0. 3.44188022e-003 0.
    2.82742130e-003 0. 2.12718453e-003 0. -1.90236047e-003
    4.80415812e-003 0. 1.24735595e-003 0. 8.48263595e-003
    4.39959869e-004 2.29729572e-003 3.76995490e-003 4.89377603e-003
    3.76879144e-003 1.05481001e-003 0. 0. 0. -2.42456002e-003 0.
    1.48046250e-003 1.70027139e-003 0. 3.24234902e-003 0.
    4.16763732e-003 -2.90374883e-004 6.97446568e-003 1.13957666e-003
    2.65514757e-003 -3.78809194e-003 1.39033899e-003 2.78743356e-003
    5.21517184e-004 8.11096840e-003 0. 2.41604028e-003 1.11001125e-003
    0. 0. 3.19969514e-003 1.11852889e-003 3.33779235e-003
    3.45727848e-003 3.92801485e-005 6.51580631e-004 2.17946270e-003 0.
    0. 6.46377075e-003 3.84044740e-003 0. 1.59626722e-003
    3.08874552e-003 3.07794521e-003 0. -4.67226113e-004 1.82283204e-003
    -8.21654685e-004 0. 3.14560998e-003 1.75540941e-003 0.
    5.79117704e-003 1.22584431e-002 0. 1.02179991e-002 3.32523906e-003
    5.11464896e-003 0. 1.69104582e-003 -3.81948572e-004 0. 0.
    1.77838141e-003 0. 0. 5.72508480e-003 9.07767843e-003
    6.77400455e-003 1.36763230e-003 -1.26236671e-004 6.53497316e-003
    1.10841040e-002 1.60241337e-003 2.76737660e-003 0. 0.
    5.70246368e-004 0. 0. 0. 2.47426028e-003 3.21444450e-003 0.
    4.38243337e-003 8.31789710e-003 2.62394594e-003 2.07705167e-003
    8.42810201e-004 -1.41252228e-003 0. 5.29301167e-003 4.06277552e-003
    4.02184017e-003 1.47512334e-003 0. 1.90159120e-003 6.15879835e-004
    0. -3.25249112e-003 7.94112496e-003 0. 1.85978378e-003 0.
    -1.26576645e-003 1.26220603e-002 0. 1.25203677e-003 0. 0. 0.
    6.70140871e-005 7.22742581e-004 0. -2.45840783e-004 0.
    -1.41004406e-004 0. 1.82037242e-003 1.51962810e-003 -1.71906984e-004
    9.05163772e-003 0. 0. 1.89504214e-003 0. 0. -4.08975640e-003
    1.23970909e-003 2.55441084e-003 0. 6.16057543e-003 2.18251924e-004
    1.37422094e-003 0. 3.37280775e-003 7.05269212e-003 0.
    6.66279288e-004 3.86734377e-003 2.25473996e-002 -1.96076091e-003
    2.72038137e-003 0. -3.14477598e-003 1.29198050e-003 0.
    1.02506630e-004 0. 2.09321943e-003 0. 0. 0. 3.10320198e-003
    2.72324961e-003 2.71617481e-003 9.05640482e-004 1.25274062e-003
    2.67412607e-003 6.18697843e-004 0. -8.13955348e-003 3.95593094e-003
    8.39500036e-003 2.47839210e-003 3.47366789e-003 0. 2.88773561e-003
    3.35474126e-003 1.49647794e-005 0. -1.62417046e-003 0.
    2.13766098e-002 2.09330558e-003 -5.67571376e-004 3.37643921e-003 0.
    -2.77224486e-003 2.75392085e-003 4.43022652e-003 7.31529109e-003
    1.31977978e-003 0. 2.28821393e-003 4.66757035e-003 9.08552320e-004
    2.28473940e-003 -3.75356362e-003 1.91096757e-002 0. 0.
    6.63821120e-003 8.06528842e-004 0. 7.01588055e-004 3.27054504e-003
    7.09271943e-003 2.14110920e-003 0. 7.93018099e-003 3.68463201e-003
    -6.45203341e-004 5.13284141e-003 7.85762724e-003 0. 2.43253983e-003
    0. 0. 0. -3.49484006e-004 -5.59274980e-004 3.73881683e-003 0.
    -5.59541455e-004 -6.23090076e-004 4.33390168e-003 0. 2.18763505e-003
    -2.41467776e-003 3.96895735e-003 -8.56022642e-004 2.60201250e-005
    7.96562620e-003 7.34269270e-004 -7.82930234e-004 3.71376448e-003
    1.86485692e-003 -1.27724267e-003 2.65197502e-003 0. 0.
    4.63098940e-003 1.08189264e-003 7.13719230e-004 0. 0. 0. 0.
    -2.08061817e-003 1.21446336e-002 8.55220540e-004 0. 0. 0.
    2.46611913e-003 1.65789155e-003 2.65118736e-003 -5.12244995e-004 0.
    0. -9.13666794e-004 1.87901303e-003 0. 0. 0. 0. 0. 0.
    5.43894339e-003 0. 4.87993844e-003 0. 0. 1.24822219e-003 0. 0. 0.
    2.75428686e-003 1.89597940e-003 1.46697566e-003 0. -1.03118764e-004
    5.15136123e-003 2.50231242e-003 0. 2.11712997e-003 0. 0.
    4.87430859e-003 -8.35895014e-004 -8.12603917e-004 2.69088917e-003 0.
    6.02717884e-003 5.58566861e-003 4.33490798e-003 0. 0. 0. 0. 0. 0.
    5.63932583e-003 3.33185331e-003 7.38521665e-003 0. -8.91809585e-004
    1.27705727e-002 5.78889111e-003 7.61094177e-003 4.37769433e-003 0.
    0. 0. 0. 0. 4.99171438e-003 9.33717296e-004 8.58044345e-003
    9.24984552e-003 -3.83970002e-003 2.82641361e-003 8.97390128e-004
    1.94786303e-003 3.64729483e-003 0. 0. 0. 0. 3.68522340e-003
    4.44481988e-003 0. 5.90751915e-005 0. 0. 1.53042469e-003
    8.85147229e-003 0. -5.85686241e-004 7.27833901e-003 -3.93315830e-004
    0. 0. 2.82164197e-003 8.01320653e-004 1.70326233e-003
    -2.58137332e-003 -3.18022887e-003 5.42161847e-003 -1.25913927e-003
    0. -2.28038713e-004 3.79765825e-003 -1.70617807e-003 3.01661831e-003
    0. 0. 3.51005630e-003 1.03807198e-002 3.77103384e-003
    -2.97133112e-003 2.06851051e-003 4.17895056e-003 3.00417654e-003
    4.77847643e-003 0. 2.58715521e-003 9.76283278e-004 0.
    4.20295354e-003 0. 3.29007395e-003 1.09606879e-002 0. 0. 0.
    -3.15162446e-003 5.57107944e-003 0. -1.61654979e-003 0.
    3.56085668e-003 1.72460321e-004 0. 0. 7.29516195e-003
    1.19446765e-003 4.59025986e-003 5.15146740e-003 3.93199828e-003
    1.21856518e-002 0. 0. 0. 4.77947341e-003 1.39226229e-003
    6.58562174e-003 1.57495053e-003 5.21773589e-004 2.40198872e-003
    6.06911350e-003 1.27915908e-002 -1.66787684e-003 -6.62354659e-003
    5.53214410e-003 0. 1.55584579e-002 0. 2.38893251e-003
    3.30090197e-003 4.22495604e-003 0. 2.65170960e-003 2.05820729e-003
    0. 9.77751100e-004 3.14444816e-003 3.89875635e-003 1.96055975e-003
    -1.10473938e-003 1.78116967e-003 0. 1.41278130e-003 1.33315101e-003
    -1.96035765e-003 2.91807251e-003 9.86522343e-003 0. 0.
    1.84696552e-003 5.46440773e-004 0. 2.27960199e-003 1.12185022e-003
    4.55006957e-003 0. 4.08592587e-003 5.94913540e-003 0.
    6.21869043e-003 4.63186385e-004 -2.42053211e-004 0. 1.18204122e-002
    4.57444182e-003 2.30420418e-002 1.71309768e-003 1.56728341e-003 0.
    9.51217953e-003 0. -2.31845514e-003 1.54098892e-003 1.14090974e-003
    5.89298643e-003 2.78271060e-003 8.39063153e-003 6.60896301e-003 0.
    8.28263443e-003 0. 0. 1.37727847e-002 5.38152689e-003 0.
    9.31520481e-003 0. 0. 0. 3.81637202e-003 -1.21777772e-003 0.
    4.39781835e-003 0. 0. 0. 6.10527117e-004 0.</data></imageDescriptor>
</opencv_storage>
