<?xml version="1.0"?>
<opencv_storage>
<imageDescriptor type_id="opencv-matrix">
  <rows>1</rows>
  <cols>500</cols>
  <dt>f</dt>
  <data>
    -2.42397189e-004 -1.69107493e-003 1.68365368e-003 3.96853220e-003 0.
    3.95524316e-003 5.77404513e-004 1.77944882e-003 1.02577428e-003
    1.23860489e-003 4.41170967e-004 3.25644668e-003 2.33223618e-004
    6.56317861e-004 -1.52873655e-003 2.53318110e-003 2.31879135e-003
    3.89811769e-003 5.30222058e-003 0. 0. 0. -7.08392035e-005
    2.65201367e-003 3.06267245e-003 7.58183002e-003 0. 2.70122453e-003
    7.27628823e-003 1.68715732e-003 -2.17476845e-004 1.93590159e-003
    5.51743433e-004 -4.90883482e-004 0. 1.06306409e-003 1.55006982e-002
    0. 1.49205443e-003 0. 2.82780151e-004 2.90638441e-003 0.
    3.75959720e-003 1.82940648e-003 2.21297145e-003 -2.54619954e-004
    3.40234162e-003 1.01329421e-003 0. 9.92654532e-005 2.16219178e-003
    -7.21705073e-005 9.16122342e-004 1.36899191e-003 9.80649609e-004
    1.43426284e-003 1.61235686e-003 4.21877392e-003 3.34035885e-003 0.
    4.41778125e-003 6.26000715e-003 4.79160022e-004 3.76302353e-003
    2.82831816e-003 0. -1.17287993e-004 1.55306340e-003 -3.30609560e-004
    -4.11388837e-003 2.24725343e-003 2.94200145e-004 0. 4.66399686e-003
    3.52857192e-003 5.83001471e-004 0. 2.81853531e-003 2.12129764e-003
    3.44273448e-003 -1.28162757e-003 1.43080461e-003 5.51900966e-003
    5.34049002e-004 7.09441351e-003 3.00231786e-003 1.67556282e-003
    -6.21856889e-004 1.63552165e-003 4.28998191e-003 1.91833242e-004
    3.56266683e-004 0. 3.42571613e-004 2.49960902e-003 3.96483345e-003
    1.78599998e-003 7.83325231e-004 5.13217784e-003 0. 3.81549844e-003
    7.86077580e-004 8.12077546e-004 0. 3.36912158e-003 3.59727698e-003
    1.87224173e-003 1.56572484e-003 2.55164341e-004 1.34210591e-003
    -7.34589354e-004 2.61355401e-003 2.67302757e-003 1.09183695e-002
    1.55842004e-004 4.57707467e-003 9.49746056e-004 8.74724146e-003 0.
    3.26352776e-003 8.21680017e-003 5.50176832e-004 9.51801660e-004
    1.00108760e-003 -8.56414845e-004 2.18271068e-003 2.27928627e-003
    1.87177106e-003 3.13733076e-003 0. 8.00722628e-004 0. 0.
    1.23972609e-003 0. -2.35765358e-004 0. -1.02311315e-003 0.
    4.57627419e-003 1.30502612e-003 0. 2.02728854e-003 2.94100726e-003
    0. 9.59708355e-004 3.23704589e-004 0. 4.01286269e-003
    1.71519048e-003 5.75313112e-004 8.46822804e-004 3.10745044e-003
    4.01730416e-003 0. 2.34659412e-003 8.67207535e-004 2.99394084e-003
    3.51178576e-003 8.66879127e-004 4.77748737e-003 0. 3.31343093e-004
    -2.89804069e-004 0. 9.55833355e-004 1.54855556e-003 3.53588723e-003
    1.67279667e-003 0. 0. 0. 6.21935003e-004 1.10272109e-003
    -2.02957913e-003 6.88237185e-003 0. 6.68159593e-003 -2.43606424e-004
    0. 4.61647665e-004 0. 0. 0. 0. 5.48555283e-004 2.94898264e-003
    4.67156945e-003 -1.71952153e-004 0. 3.66469286e-003 1.99140515e-003
    3.21674813e-003 -3.23576678e-005 2.56612175e-003 1.38894469e-003
    2.56467029e-003 1.96854537e-003 0. 4.56299109e-004 6.26428006e-003
    4.05062223e-003 3.14662023e-003 7.75187602e-003 0. -1.19203783e-003
    0. 0. 1.25607813e-003 0. 0. 7.17976713e-004 1.00732280e-003
    -2.13608117e-004 7.65591627e-003 1.88396743e-003 2.68194242e-004
    4.54038521e-003 1.12944818e-003 0. 4.25765850e-003 0. 0.
    1.42687336e-002 1.10397639e-003 1.07286789e-003 1.22959656e-003
    3.50750145e-003 1.15846714e-003 1.06030963e-002 -3.84555387e-005
    2.20576092e-003 7.12306064e-004 3.53435148e-003 1.70009176e-003 0.
    1.27141469e-003 7.21982855e-004 2.31473451e-003 2.53147911e-004
    2.67562456e-003 5.75011503e-003 2.46765744e-003 0. 1.15168304e-003
    3.14273243e-003 0. 3.51442886e-003 1.09563917e-002 1.73743383e-003
    0. 4.54393448e-004 2.47901282e-003 2.13925168e-003 6.35163160e-004
    4.70423512e-003 3.88235645e-003 3.54546797e-003 6.90476224e-003
    1.75759639e-003 0. 1.96675002e-003 0. 0. -9.25539003e-004
    7.51561369e-004 1.47804094e-003 8.37371405e-003 2.37172330e-003
    4.43661818e-004 3.53404181e-003 3.19148228e-003 7.08474452e-003
    -3.67894711e-004 0. 3.10362387e-003 0. 4.97159897e-004
    9.73873830e-004 1.99434673e-003 2.81324051e-003 0. 0.
    1.30519457e-003 -2.40477454e-003 3.33603413e-004 -8.18533008e-004
    7.40891264e-004 0. 7.72828469e-004 8.52805679e-004 6.21201610e-003
    0. -8.80867447e-006 9.84989601e-005 1.52243697e-003 0.
    2.96807010e-003 2.78425810e-004 2.47245701e-003 4.19233972e-003
    -8.14417377e-004 2.32835091e-003 2.22590961e-003 3.25502781e-003
    1.82225613e-003 1.36487058e-003 1.22856058e-003 1.37444248e-003
    3.30837467e-003 1.89159880e-003 4.56083193e-003 5.29895676e-003
    -9.35291988e-004 8.00679045e-005 4.90467902e-003 0. 2.09795125e-003
    2.57866061e-003 2.88042333e-003 2.24431860e-003 2.13786773e-003
    2.55615241e-003 5.90861135e-004 0. 8.71834345e-003 6.40267460e-003
    1.34444574e-003 2.33157607e-005 0. 2.42206128e-003 8.77667870e-003
    0. 1.56199129e-003 5.91779593e-003 4.26043244e-003 6.14114571e-003
    1.75003277e-003 5.54982200e-003 3.13426531e-003 -1.45680306e-003
    3.15954567e-005 2.10529263e-003 0. 4.04243870e-003 3.86221311e-003
    0. 4.59526386e-003 4.01163677e-004 0. 6.14290778e-003
    1.21313659e-002 1.43007294e-003 0. 4.42104274e-003 5.25726995e-004
    0. 5.13552828e-003 2.49925605e-003 4.79815854e-003 0.
    4.33480320e-003 2.43253284e-003 -3.13849014e-004 2.26439140e-003
    5.39083499e-003 -2.66976451e-004 -3.07336682e-003 2.12453282e-003
    5.85997244e-004 4.25254041e-003 2.81503145e-003 2.15234142e-003
    2.95175286e-003 2.25066044e-003 1.63635961e-003 0. 2.89451424e-003
    0. 9.90410103e-004 7.55711878e-003 6.49116654e-003 1.77867629e-003
    3.48529924e-004 -9.19062470e-004 -1.42124959e-003 0. 9.77279502e-004
    -1.05502864e-003 0. 4.57833259e-004 2.14990112e-003 3.68208392e-003
    0. 1.65611506e-003 2.97979743e-004 2.00526533e-003 -7.92138453e-005
    2.06664857e-003 1.32189225e-003 1.18070561e-002 4.72590188e-003 0.
    1.46134652e-003 -2.22765305e-003 0. 0. 6.23143220e-004
    5.09602157e-003 1.98413921e-003 7.54675968e-003 4.06152895e-003
    1.10582926e-003 3.70467803e-003 4.85728681e-003 5.30784670e-003
    3.48394911e-004 -5.76858292e-004 -1.15173607e-004 0. 6.79816259e-003
    1.79085182e-003 -2.01560848e-004 0. 6.31469884e-004 1.45282154e-003
    4.11720853e-003 2.76068947e-003 0. 5.17750951e-003 3.53909517e-003
    1.83956014e-004 4.92301676e-003 3.70201445e-003 7.00070895e-003
    9.42811457e-005 0. 5.47609758e-003 1.17981213e-003 0. 0.
    7.11751112e-004 1.87346246e-003 3.57886846e-003 2.82705645e-003 0.
    0. 0. 5.13202650e-003 1.41599809e-003 7.22403731e-003
    6.39981416e-004 8.78268760e-003 4.95472515e-004 2.65191589e-003
    2.56981654e-003 6.86054258e-003 0. 8.46294686e-003 2.22120038e-003
    0. 4.07483894e-003 2.31145998e-003 0. -1.68460785e-004 0.
    7.90074281e-003 0. 2.82686879e-003 3.93382227e-003 2.91151577e-003
    0. 2.55067251e-003 1.30857748e-003 6.48173597e-003 2.91260914e-003
    6.72980619e-004 3.60287959e-003 1.13483242e-004 5.91647753e-004
    1.18878868e-003 1.66922074e-003 0. 0. 5.12569351e-003
    1.84052356e-003 3.44119058e-003 6.11763401e-003 6.24384405e-003 0.
    1.44434441e-003 3.04131536e-003 1.26828643e-004 1.55762595e-003
    2.65222089e-003 7.21769221e-003 9.81110614e-004 7.71147711e-003 0.</data></imageDescriptor>
</opencv_storage>
