<?xml version="1.0"?>
<opencv_storage>
<imageDescriptor type_id="opencv-matrix">
  <rows>1</rows>
  <cols>500</cols>
  <dt>f</dt>
  <data>
    0. 7.59066734e-003 0. 0. 0. -4.86100558e-003 1.53211481e-003 0. 0.
    1.55131822e-003 0. 0. 0. 5.69127966e-003 0. 0. 0. 1.00792581e-002 0.
    1.14308367e-003 1.15406225e-002 0. 0. -1.45116693e-003 0. 0.
    5.19687636e-003 0. 8.34580883e-003 -1.46123942e-003 0. 0.
    6.96202100e-004 -3.99721001e-004 4.93371300e-003 0. 1.23165809e-002
    1.67553278e-003 0. 5.38088288e-003 -2.15590582e-003 0.
    4.82443534e-003 9.22304392e-003 3.24140023e-003 0. 0.
    3.99533194e-004 0. 0. 0. 0. 0. 0. 0. 2.73249857e-003 7.52408477e-003
    3.56813637e-003 9.73111857e-003 1.10195379e-003 3.12702917e-003
    8.27038195e-003 -5.42898336e-003 3.04172328e-003 0. 0. 0. 0.
    1.89013174e-003 -2.77125696e-003 0. 0. 1.35525956e-003
    2.44713295e-002 8.41716211e-003 0. 0. 3.27495416e-003 0. 0.
    4.45555663e-003 1.83433220e-002 1.29444920e-003 0. 2.22478528e-004
    2.04627868e-003 0. 8.83203093e-003 0. 5.54691011e-004 0.
    6.98348787e-003 1.32617017e-003 0. 1.59079535e-003 0. 0. 0. 0.
    -3.25540360e-003 1.13855489e-002 0. 0. 8.09454080e-003 0. 0. 0. 0.
    0. 0. 0. 1.49222361e-002 0. 1.11622328e-003 0. 2.93625938e-003
    4.44356585e-003 0. 0. 3.43228620e-003 0. 2.67473538e-003
    2.44852563e-004 0. 0. 0. 0. -1.41469797e-003 0. -1.50316989e-003
    3.20616807e-003 0. 5.47713484e-004 8.26885737e-003 0.
    5.45161404e-003 0. 0. -1.88719612e-004 1.59367453e-002 0. 0. 0.
    -2.78919493e-003 0. 4.02638549e-003 2.23401561e-003 0. 0. 0.
    -1.03034908e-002 1.31130805e-002 0. 0. 3.40036750e-005 0.
    2.65166583e-003 0. 0. 0. 0. 0. 1.52405230e-002 2.48399074e-003
    5.49667348e-005 0. 0. 3.82242142e-003 0. 0. -8.77091102e-003
    2.59210845e-003 0. -5.56254573e-003 3.34894797e-003 6.92853145e-003
    0. 0. 4.12338041e-003 7.76253873e-003 1.45337870e-003 0. 0.
    -1.76302390e-003 1.51612633e-003 0. 1.98215363e-003 0. 0.
    4.33901645e-004 0. 0. 0. 1.62294914e-003 5.70749771e-003 0. 0. 0.
    1.32565564e-002 0. -1.45676546e-003 0. 0. 2.44568894e-003 0. 0. 0.
    1.06842851e-003 0. 0. 0. 0. 0. 0. 2.63497466e-003 0. 0. 0. 0.
    -7.84623064e-003 0. 6.47219177e-003 1.00275700e-003 0.
    -5.69775002e-004 1.68252643e-003 1.00884086e-003 0. 1.68748293e-002
    0. 1.46389175e-005 0. 0. 1.01286257e-002 0. 2.02094186e-002
    2.27624457e-003 1.69221126e-002 0. 1.01247244e-002 0.
    -2.55558104e-003 4.42314893e-004 0. 4.77982126e-003 6.02860004e-003
    5.12241200e-003 0. 0. 0. 0. 1.94746722e-003 6.40112022e-003 0.
    1.55517564e-003 5.22443186e-003 6.93516480e-003 0. 1.01819678e-004
    0. 4.94488562e-003 0. 0. 3.92117873e-002 0. 1.09712752e-002
    -1.38077699e-003 1.01701904e-003 0. 0. 2.47088983e-003
    1.08767664e-002 0. 1.01199495e-002 3.53252143e-003 0.
    6.69241697e-003 2.35259812e-003 0. 6.77992823e-003 0.
    5.46072749e-003 8.75609519e-004 9.04648114e-005 7.15125003e-004
    2.39229039e-003 0. 6.10051537e-003 0. 1.60061510e-003 0.
    2.33662920e-003 3.22723319e-003 0. 0. 0. 0. 0. -1.53893954e-003 0.
    0. 4.35333326e-003 -4.16176161e-004 3.00722942e-003 5.92624652e-004
    1.87800005e-002 1.76195882e-003 7.19883421e-004 0. 0. 0.
    -4.64764831e-004 2.67207082e-002 0. 0. 3.66577529e-003 0.
    3.99185205e-003 2.16480009e-002 0. 5.82310779e-004 2.86519621e-003
    0. 1.68302208e-002 2.05579423e-003 0. 0. 0. 4.59683500e-003 0.
    -3.45502817e-003 8.36537685e-003 0. 0. 0. 0. 0. 0. 0.
    -9.52496193e-004 4.86697489e-003 2.50808080e-003 4.28347429e-003 0.
    0. 2.86380877e-003 2.52221012e-003 6.59398362e-003 0. 0.
    -2.14428781e-003 0. 0. 7.92130362e-003 0. 0. 5.13539650e-003
    2.21221405e-003 0. 0. 0. 4.18534619e-004 0. 0. 0. 0. 9.04102996e-003
    0. 3.63481836e-003 0. 0. 3.13261943e-003 0. -1.66032230e-003 0.
    1.39998482e-003 0. 0. 0. 0. 1.86101987e-003 2.38654041e-003
    5.31653455e-003 1.93016080e-003 0. 1.28005783e-003 0. 0. 0. 0. 0.
    2.10865168e-003 1.34614762e-002 -1.71217392e-003 8.49684409e-004 0.
    1.58654188e-003 5.49096847e-004 2.85486574e-003 0. 1.28931571e-002
    -3.07321991e-003 0. -7.13280984e-004 0. 0. -1.95333594e-003
    1.44054284e-002 0. 4.31378931e-003 -1.23282988e-003 0. 0. 0.
    2.28732266e-003 0. 0. 0. 0. 6.37964113e-003 3.86439101e-003 0.
    1.78227350e-002 2.55928561e-003 -4.95509943e-003 0. 3.17936689e-002
    0. 1.32064298e-002 0. 7.79815076e-004 0. 3.58444522e-003
    5.27091045e-003 0. 6.06684387e-003 0. 0. 0. 0. 1.07592344e-003 0.
    6.63423998e-005 0. 8.92407447e-003 0. 0. -3.34209501e-004
    -1.50282728e-003 2.21599545e-003 6.51289755e-003 1.36306000e-004
    1.10513158e-002 0. 1.24671124e-003 0. 2.01693270e-003
    1.35543980e-002 0. 9.69468616e-003 0. 0. 0. 0. 1.99908996e-003
    2.02730969e-002 9.68171284e-004 0. 0. 8.55462998e-003 0.
    8.55827518e-003 -2.95595091e-004 0. 0. 0. 0. 0. 2.84102658e-004
    -2.13885796e-003 0. 0. 0. 0. 0. 0. 0. 0. 0. 2.04511895e-003
    5.02483686e-003 -3.99547222e-004 5.76566032e-004 0. 0.
    2.53367680e-003 2.83279526e-003 0. 0. 4.61163349e-004</data></imageDescriptor>
</opencv_storage>
