<?xml version="1.0"?>
<opencv_storage>
<imageDescriptor type_id="opencv-matrix">
  <rows>1</rows>
  <cols>500</cols>
  <dt>f</dt>
  <data>
    6.50508003e-003 2.60954257e-004 0. -4.60051419e-003 0. 0.
    2.06694356e-003 0. 2.50517530e-003 3.52075952e-003 0. 0. 0. 0.
    -3.36937839e-003 0. 5.21096867e-003 1.56119131e-002 0.
    1.29347888e-003 7.71148596e-003 7.16059993e-004 0. 1.67143717e-003
    1.03296596e-003 0. 5.09314332e-003 2.02803360e-003 0.
    1.91804522e-003 6.51926687e-003 0. 0. 7.79603783e-004
    2.78647267e-003 0. -1.53265335e-003 5.23695955e-003 2.50948593e-003
    -4.95106913e-003 -1.27097312e-003 1.08085538e-003 1.42037319e-002
    5.33481361e-003 0. 1.54769598e-002 2.54467526e-003 -3.33330478e-004
    8.54646042e-003 0. 0. 0. -8.54885438e-004 0. 0. 0. 0. 0. 0. 0. 0. 0.
    1.07526807e-002 7.57462578e-003 1.37966149e-003 1.19506149e-002 0.
    8.23833048e-004 2.16811732e-003 0. 9.61112697e-003 3.36257881e-003
    3.33649269e-003 6.16472855e-004 1.31693983e-003 4.62053722e-004
    2.50430871e-003 0. 3.39890248e-004 0. 1.09676467e-002
    3.49443108e-002 0. 9.35294782e-004 1.37863494e-002 4.29842994e-003
    0. 1.13384030e-003 1.24682602e-003 0. 0. -1.20764389e-003 0.
    8.50097090e-003 -2.65616830e-003 1.60435960e-003 0. 0. 0.
    6.14256039e-003 0. 0. 0. 2.12101024e-002 0. 2.23345379e-003 0.
    -1.98869850e-003 0. 0. 1.45109631e-002 3.28578777e-003 0. 0. 0.
    -5.95177582e-004 3.05699720e-003 4.84894356e-003 0. 0. 0. 0.
    4.59670555e-003 3.51755531e-003 0. 1.08369708e-003 0. 0.
    5.83809242e-003 0. 3.58700403e-004 -4.79524024e-003 5.00123668e-003
    0. 1.59250491e-003 -2.17895629e-003 5.26949624e-003 0.
    -2.82890076e-004 -5.52655431e-004 0. 0. 4.26826300e-003
    4.56948270e-004 0. 0. 1.39464310e-003 0. 0. 0. -1.07691169e-003
    2.44586822e-002 -1.46873156e-003 4.95737419e-004 0. 0.
    -5.53610688e-003 0. 0. 0. 0. 0. 6.02553040e-003 1.43306283e-003 0.
    0. 0. 0. 2.50989688e-003 9.85299936e-004 0. 1.65174890e-003
    1.14624633e-003 0. 0. 4.22130426e-004 1.65978614e-002 0. 0. 0.
    1.57823774e-003 0. 0. -3.48002039e-004 0. 3.16297938e-003
    3.24219378e-004 0. 8.36300105e-003 9.06604808e-003 3.48530570e-003
    0. 2.03511072e-003 0. -1.86867081e-003 0. 1.17639953e-003
    6.81237027e-004 0. 6.13348186e-003 0. 0. 0. 0. 0. 4.47832793e-003
    4.87042964e-003 0. 0. -4.31729713e-003 0. 0. 0. 0. 0. 0.
    3.77834006e-003 0. 2.17421595e-002 1.58057816e-003 9.30054113e-003
    2.75090832e-004 0. 3.99601599e-003 4.01926646e-003 0. 0. 0.
    8.06160178e-003 2.27155280e-003 -2.16943125e-004 1.07184518e-002 0.
    -2.97288224e-003 9.24171321e-003 1.44142248e-002 0. 1.61000964e-004
    0. -1.66682212e-003 2.09251302e-003 -4.01171483e-003 1.93836726e-003
    4.05167043e-002 2.52321316e-003 -8.87076312e-004 4.12938138e-003 0.
    0. 6.38777902e-003 -2.75960076e-003 6.06707390e-003 6.01010106e-004
    0. 0. 0. 2.35067192e-003 6.53995760e-003 6.65514171e-003
    9.37029079e-004 2.29197717e-003 7.49511179e-003 4.56794724e-003
    3.91887920e-003 3.30654788e-003 1.85164567e-002 4.98538045e-003 0.
    0. 0. 0. 6.51904987e-003 0. 0. 0. 2.34800298e-003 0. 1.58043131e-002
    0. 0. 0. 0. -1.42332865e-003 3.35099036e-003 2.39834911e-003
    1.20135897e-003 0. -6.93591451e-003 0. 0. 0. 0. 0. 0.
    3.42343538e-003 1.88945443e-003 0. 0. 0. 2.87457239e-002 0.
    4.80694463e-003 0. 0. 0. 0. 0. 0. 1.75888083e-004 5.72779914e-004 0.
    0. 1.01025142e-002 0. 0. 5.99270593e-003 4.84785065e-003
    -6.94799644e-004 4.79265815e-003 0. 1.89860919e-004 5.07339276e-003
    0. 0. 0. 0. 0. 0. 8.52699392e-004 3.99499713e-003 0. 0. 0.
    2.72586453e-003 3.22092208e-004 0. 0. 0. -5.85672562e-004
    2.99824891e-003 5.68574527e-003 5.50957571e-004 -4.27131867e-003 0.
    -1.14670186e-003 -3.15575581e-003 0. 0. 0. 0. 0. 0. 1.12365175e-003
    3.37088550e-003 0. 2.83947657e-003 0. -3.21650621e-003 0.
    -1.10220288e-004 0. 0. 0. 0. -2.52103109e-005 -1.55265618e-003 0. 0.
    2.78004841e-003 0. 0. 1.39561261e-003 9.12034884e-003 0.
    1.18939707e-003 0. 1.05626916e-003 4.52723633e-003 3.76500422e-003
    5.16240997e-003 0. 0. 3.18698562e-003 6.34164596e-003
    6.46107318e-003 2.95216031e-003 0. 4.44088690e-003 -4.84400894e-003
    0. 3.73615790e-003 1.22301732e-004 0. 0. -5.26552496e-004 0.
    7.36119784e-003 4.79952339e-003 0. 0. 0. 6.21892046e-003 0.
    5.17147454e-003 4.78605134e-003 0. 2.45979913e-002 0. 0. 0.
    1.25001865e-002 1.91689804e-002 2.48831906e-003 1.54465102e-002 0.
    0. 0. 0. 1.74557805e-004 0. 0. 0. 0. 1.03236306e-002 2.25202623e-003
    -1.00579660e-003 -1.25936349e-003 0. 2.85309125e-002 0.
    7.46065611e-003 0. 4.18535667e-003 2.15162453e-003 4.84950049e-003
    0. 0. 0. 3.48597742e-003 0. 9.76590673e-004 0. 0. 0. 4.27239109e-003
    0. 0. 0. 3.43839964e-003 0. 0. 6.10944256e-003 3.13586695e-003 0. 0.
    2.33133417e-003 8.00592534e-004 4.79554385e-003 -8.58217757e-003
    4.29680478e-003 0. 0. 0. -1.56076637e-003 0. 0. 2.28406605e-003
    4.92951542e-004 0. 0. 0. 3.78825818e-003 3.74230044e-003
    5.59999375e-003 0. 0. 0. 5.22611896e-003 0. 0. 0. 0. 2.43896362e-003
    0. 0. 0. 1.58067669e-005 1.06957054e-003 0. 0. 8.30130419e-004
    -8.66176561e-004 0. 0. 0. 4.04338958e-003 -2.39370929e-004
    2.95957760e-003 0. 2.78519075e-002</data></imageDescriptor>
</opencv_storage>
