<?xml version="1.0"?>
<opencv_storage>
<imageDescriptor type_id="opencv-matrix">
  <rows>1</rows>
  <cols>500</cols>
  <dt>f</dt>
  <data>
    2.28834664e-003 3.49202799e-003 0. 1.93214655e-004 3.79384914e-003
    4.50241612e-004 3.06786853e-004 6.79630833e-003 1.89061277e-003
    6.38979673e-003 3.13599035e-003 -4.59829665e-004 3.96862486e-003 0.
    5.40424744e-003 0. 2.59936764e-003 -2.79147597e-003 0.
    4.10599401e-004 4.91480750e-004 4.61756391e-003 4.69043292e-003 0.
    2.00274124e-004 6.09589415e-003 2.31746933e-003 0. 7.04807229e-003
    0. 6.92946790e-003 3.86475981e-003 9.79606062e-004 3.76445730e-003
    9.94706061e-004 0. 1.04717035e-002 1.50312940e-002 3.51443700e-003
    1.31802156e-003 0. 1.56208233e-003 -2.91767617e-004 3.10510234e-003
    9.00702376e-004 3.13817710e-003 3.50338430e-003 3.37031530e-003
    1.65859866e-003 8.04051699e-004 1.57012779e-004 0. 2.09165635e-004
    -7.11216638e-003 0. 3.02161300e-003 6.35591522e-003 4.37706301e-004
    0. 3.55684827e-003 3.47301806e-003 1.48409221e-003 2.30305106e-003
    1.35964749e-003 -1.28732237e-003 0. 0. 0. 2.13899970e-004 0.
    8.07800610e-003 9.99636832e-004 7.26452237e-003 0. 1.66366040e-003
    0. 3.45027875e-005 1.32313126e-003 5.03205461e-003 0. 0.
    3.07600549e-003 3.64629435e-003 1.25088773e-004 9.97172319e-004
    1.57619058e-003 2.73181056e-003 -2.84617813e-003 1.48649924e-004 0.
    9.40176542e-004 -7.38398684e-003 6.89704483e-003 3.97984200e-004 0.
    0. 0. 4.27928753e-003 1.92655937e-003 5.45472233e-003
    4.33400361e-004 0. 2.45056720e-003 1.80271629e-004 1.08438428e-003
    8.50969460e-003 1.89972192e-003 1.11421035e-003 3.33213410e-003
    1.35574152e-003 7.99098611e-003 3.32366629e-003 -6.86346262e-004
    1.60996523e-003 0. 2.94134457e-004 5.67971170e-003 2.06200988e-003
    0. -1.10469246e-003 2.68509006e-003 2.43410142e-003 0.
    4.18555597e-003 8.41782708e-003 2.54497328e-003 -1.78255280e-003
    3.69397202e-003 0. -2.59291916e-003 6.51391107e-004 -2.68860790e-003
    1.43583189e-003 6.98870746e-004 6.42945932e-004 3.02813598e-003
    3.01108044e-003 7.25697540e-003 1.48051395e-003 1.73871184e-003
    1.16241490e-002 4.90077352e-003 1.43292802e-003 0. 0.
    4.26697824e-003 1.21350633e-003 0. 0. 0. 3.84545000e-003
    5.23760263e-003 0. 5.20627436e-005 0. 4.09195572e-003
    5.51865948e-003 9.14549269e-003 1.38508715e-002 4.29191114e-003
    1.71956272e-005 0. 5.40607702e-003 0. 4.34799213e-003
    3.33039323e-003 2.82319402e-003 3.13779409e-003 -6.01884734e-004
    2.75084958e-003 0. 0. 0. -1.46368262e-003 9.66365449e-003
    1.79015100e-004 0. 0. 4.18178737e-003 2.43744184e-003
    2.14242493e-003 0. 1.46049378e-003 8.91613832e-004 3.26453103e-003
    4.46940423e-004 1.37481862e-003 2.45238887e-003 3.27282818e-004 0.
    2.08074343e-003 0. -7.39304087e-005 6.25916803e-003 1.23677426e-003
    -2.44341372e-005 0. 2.97338609e-003 -6.64531370e-004 0. 0.
    1.14245443e-002 -1.94691354e-004 -2.88332143e-004 1.05113816e-003 0.
    0. 0. 3.58309015e-003 0. 0. 2.49137683e-003 -6.84775528e-004
    2.88516725e-003 1.92614843e-003 1.90699671e-003 5.78736607e-003
    5.05748764e-003 0. -1.63759198e-003 0. 1.36035972e-003 0. 0. 0.
    3.65467113e-003 1.83918583e-003 1.21899357e-003 1.74710189e-003
    2.40900996e-003 2.24254210e-003 -3.42864165e-004 2.13632756e-003
    2.74437456e-003 -3.42137355e-004 5.36964042e-004 0. 3.00037500e-004
    0. 8.88002757e-003 1.26580265e-003 3.69890220e-003 7.71287596e-003
    3.09102586e-003 3.13051697e-003 2.88445689e-003 8.90463489e-005
    4.17191861e-003 2.33652419e-003 7.93847907e-003 2.72233388e-003
    2.18866151e-002 3.32726352e-003 1.08342282e-002 2.38273060e-003 0.
    0. 0. 0. 9.78964102e-003 1.09420344e-002 3.77027341e-003
    1.77423470e-003 1.46272650e-003 3.68782016e-003 1.83235866e-003
    3.69240670e-003 5.00713754e-003 0. 9.66095031e-005 3.19460779e-003
    4.34923313e-005 0. 3.43030249e-003 9.54699144e-003 0.
    2.14585802e-003 1.69612688e-003 7.91008119e-003 3.09195928e-003
    3.57219111e-003 0. -9.03558393e-004 1.74424506e-003 2.37144064e-003
    1.20101438e-003 0. 2.46896106e-003 0. 4.27272549e-004
    8.32937006e-003 9.35384445e-003 4.98872809e-003 1.06968312e-003
    7.25696608e-003 1.88228022e-003 0. 0. 7.21044780e-004 0.
    1.22443039e-003 6.29576156e-003 1.77142280e-003 -1.48851293e-004
    2.84720887e-003 3.61672952e-003 0. 5.54576609e-003 -8.81270447e-004
    0. 8.53891019e-004 5.05690055e-004 1.51005969e-003 0.
    1.55892852e-003 4.70789208e-004 4.86237602e-003 1.90627543e-004
    4.11663437e-003 1.90508633e-003 -6.13612763e-004 6.37787860e-003
    3.62806045e-003 1.45420269e-003 -1.71995070e-003 -2.86796887e-004
    -1.56078822e-004 -3.27420072e-004 3.28560988e-003 3.44219408e-003
    -7.57774222e-004 1.12037454e-002 1.56034611e-003 0. -6.31245377e-004
    2.55958503e-003 8.23345908e-004 1.39851228e-003 -9.35487391e-004
    2.22462718e-003 0. 6.56062330e-004 6.58584200e-003 2.47760909e-004
    0. 0. 3.10596218e-003 3.24030034e-003 0. 0. 1.65632402e-003
    6.93207001e-003 3.61389550e-003 2.62551056e-003 8.01985676e-004
    3.44168209e-003 1.29158441e-002 1.96230854e-003 0. 3.03980638e-003
    1.46682281e-003 0. 4.83233901e-003 -1.25643925e-003 5.00976853e-003
    7.56964262e-004 1.79732987e-003 4.10404336e-003 0. 7.37070851e-003
    6.40502200e-003 -6.51237031e-004 5.01375180e-003 0. 0.
    3.14389751e-003 0. -5.33512910e-004 4.27269330e-003 7.78904068e-004
    7.94326479e-004 1.91014074e-003 3.39994510e-003 2.40968028e-003
    2.11356208e-003 -4.26084967e-004 -3.33659846e-004 3.34862480e-003
    1.66548858e-003 -7.61896896e-004 1.98291545e-003 1.44526048e-003
    3.10110068e-003 6.16952218e-003 3.02154967e-003 7.04699138e-004 0.
    9.69546661e-003 -2.20180186e-003 1.65391644e-003 4.33275290e-003
    1.64392797e-004 -2.85920943e-003 -8.72554898e-004 1.20846881e-003
    -4.77296097e-004 2.20517255e-003 -3.87233769e-004 0. 3.03817471e-003
    2.44375644e-003 0. 0. 6.45530038e-003 -6.26663968e-004 0.
    1.84991374e-003 -1.14232258e-004 -7.03135738e-004 0. 1.40057481e-003
    0. 0. 7.60636394e-005 4.34326986e-003 1.88236827e-005
    -3.64810956e-004 4.24297433e-003 0. -1.63765013e-004 0. 0.
    6.05901796e-003 3.97556229e-003 6.75697986e-004 1.98538997e-003
    8.84299108e-004 2.77456897e-003 5.85899070e-005 0. 1.79070502e-003
    0. -1.39793148e-004 4.56381543e-003 2.59685912e-004 1.88874896e-003
    1.76891417e-003 -9.44004219e-004 -1.61094684e-003 -2.83271911e-005
    1.90294813e-002 0. 9.50986228e-004 2.41650920e-003 -6.31535891e-004
    1.69138715e-003 0. 0. -1.24169933e-003 0. 2.91983411e-003 0.
    3.93491564e-003 0. 4.23922017e-003 5.82000066e-004 2.36118305e-003
    0. 1.48242200e-003 1.28338509e-003 -1.58058456e-003 0.
    4.16973652e-003 0. -5.21632493e-004 1.35690568e-003 7.29356008e-003
    1.23985461e-003 8.01190268e-004 3.04765510e-003 1.16958877e-003 0.
    7.63532764e-004 0. 0. -9.82409474e-005 1.38455024e-002 0. 0.
    2.00669980e-003 0. 7.92651251e-003 2.50966754e-003 4.58911498e-004
    4.42895945e-003 6.83294842e-003 2.64879409e-003 0. 1.11136143e-003
    -8.54339858e-004</data></imageDescriptor>
</opencv_storage>
