<?xml version="1.0"?>
<opencv_storage>
<imageDescriptor type_id="opencv-matrix">
  <rows>1</rows>
  <cols>500</cols>
  <dt>f</dt>
  <data>
    2.39902292e-003 1.14629464e-003 5.19676181e-003 5.16484119e-003
    1.78316375e-003 1.71392120e-003 3.84888705e-003 2.17875349e-003 0.
    4.69883997e-003 0. 0. 0. -4.82784031e-004 0. 1.09438896e-002 0. 0.
    0. 3.13977245e-003 4.46583750e-003 6.66604191e-003 4.98607429e-003
    4.75345505e-003 0. 1.54334819e-002 2.90561328e-003 0. 0.
    -2.47447193e-003 3.27136065e-003 0. 0. 4.01961198e-003 0.
    3.33755137e-003 1.07433451e-002 6.34277845e-003 1.15737482e-003
    2.04078504e-003 5.29606012e-004 0. 0. 0. 2.26992462e-003
    3.99139430e-003 7.62901176e-003 4.57455264e-003 0. 2.26215902e-003
    4.00241651e-003 2.41311244e-003 4.79933526e-003 -1.13368011e-003 0.
    2.22916016e-003 1.49228051e-003 0. 0. 8.43182381e-004
    2.75022932e-003 0. 9.94442776e-003 1.87791663e-003 0.
    -7.61861971e-004 0. 2.46790657e-003 9.84797999e-003 -7.09292872e-005
    -5.26531367e-003 -9.10946692e-004 5.64634614e-003 2.44184211e-003
    6.88653614e-004 -3.50528513e-003 3.79751716e-003 0. -1.58901978e-003
    1.85212458e-003 0. 2.78035458e-003 0. 1.50680041e-003
    5.43801207e-003 1.36890938e-003 4.94121388e-003 3.04315193e-003 0.
    0. 0. 4.78540082e-004 9.82716796e-004 0. 5.40707540e-003
    7.24208483e-004 5.46224357e-004 3.50136799e-003 2.30328785e-003
    2.84981634e-003 2.72176461e-003 0. 0. 6.47841673e-003
    1.60801969e-003 0. 1.10018154e-004 8.09671124e-004 1.51684659e-003
    0. 8.08979850e-003 4.91903583e-003 0. 1.93549739e-003
    9.05619469e-003 7.10972934e-004 -2.65134498e-004 2.30651605e-003
    -5.17088512e-004 -6.56909426e-004 0. 0. -1.43855426e-003
    1.52528065e-003 1.59256300e-003 0. 3.79709154e-003 3.09960637e-003
    -1.08764286e-003 5.66127244e-003 0. 3.42541072e-003 1.40130206e-003
    1.46618893e-003 5.28837228e-003 1.39159663e-003 1.18671264e-003 0.
    -2.81172892e-004 -2.28505698e-003 5.52007975e-003 0. 0.
    2.43891194e-003 4.72973147e-003 4.31859028e-003 6.64606283e-004
    2.41012871e-003 0. 3.25444457e-003 -3.58323962e-003 1.13810704e-003
    1.68769038e-005 0. 1.28208462e-003 0. 0. 0. 3.06443195e-004 0.
    5.34190191e-003 0. 1.87779951e-003 3.92689137e-003 3.42405238e-003
    0. 0. 2.14293925e-003 0. 0. 1.38859404e-003 2.73063284e-004 0.
    7.56680965e-003 2.56061601e-003 7.14701426e-004 0. 0.
    2.87825870e-003 0. 0. 4.56810836e-003 1.79968658e-003
    2.56509078e-003 5.84247173e-004 1.25790469e-003 -1.31381978e-003 0.
    0. 7.58942449e-003 0. -1.88994233e-003 5.03479224e-003 0.
    4.09782166e-003 6.38050667e-004 1.53642159e-003 -5.17457433e-004
    1.85761208e-004 0. 2.61161127e-003 0. -3.22646374e-004
    6.75288553e-004 9.32555064e-004 0. 3.55426176e-003 0.
    5.55771356e-003 2.27831164e-003 1.27897167e-003 2.81075411e-003
    2.20866059e-003 8.94256227e-004 5.77494223e-003 4.97139432e-003
    -3.09591531e-003 -1.12689647e-003 0. -1.03838881e-003 0.
    3.00946040e-003 2.25711172e-003 0. 0. -7.98109162e-004
    4.36587725e-004 7.72620877e-003 0. 0. 4.99553001e-003
    9.65246465e-003 2.46336940e-003 2.62751896e-003 7.19573023e-003
    5.22044301e-003 0. 3.90197849e-003 1.13272213e-003 0.
    1.36461714e-003 7.81168055e-004 3.55054089e-003 6.16895175e-003
    1.69335201e-003 4.44312766e-003 1.75011333e-003 4.30067116e-003 0.
    0. 3.35023762e-003 5.84308757e-003 -3.27365211e-004 3.21290945e-003
    -1.63278519e-003 1.25232001e-003 0. 0. 0. 4.58532758e-003
    4.89483960e-003 4.02405439e-003 -9.32715833e-004 1.16638495e-002
    2.58938264e-004 4.07407805e-003 5.60516200e-004 1.88486173e-003 0.
    5.97375818e-003 9.95439570e-003 2.33488297e-003 4.23295284e-003
    1.98017922e-003 7.89242797e-003 3.84779205e-003 1.43384200e-003
    2.12296448e-003 0. 3.82682146e-003 8.14454164e-003 0.
    7.19775679e-003 -1.26568216e-003 3.17043671e-003 -2.85567739e-003 0.
    -4.01909492e-004 8.05291464e-004 0. 7.94564490e-004 0.
    4.46425984e-003 0. 0. 3.05912644e-003 1.01375459e-002 0.
    -8.73443496e-004 0. 0. 1.24261975e-002 0. 0. 8.13928898e-004
    9.97072831e-003 7.03174062e-003 2.99858139e-003 1.97446090e-003
    2.16422928e-003 0. -2.91510107e-004 0. 5.49234077e-003
    -4.68596176e-004 3.39335343e-003 1.50789274e-003 0. 4.18546284e-003
    0. 1.04730129e-002 1.13335927e-003 0. -1.29954272e-003
    -2.33828716e-004 2.46602634e-004 1.72038883e-004 0. 0.
    1.58638172e-002 0. 7.51332985e-003 0. 1.31877966e-003 0. 0.
    -1.45081163e-003 2.19943444e-003 1.59365230e-003 0. 0. 0.
    -1.61729555e-003 2.21023057e-003 0. 0. 0. 0. -4.47187660e-004
    5.70185389e-003 -2.77613348e-004 1.12971906e-002 1.23358716e-003
    -8.47957795e-004 0. -1.45136903e-003 1.82761834e-003 0.
    1.15951279e-003 0. 2.19884608e-003 0. 3.67253902e-003 0.
    3.86996660e-003 0. 4.28417837e-003 0. 0. 6.43893331e-003
    6.86976535e-004 -1.25834881e-003 0. 3.64108710e-003 6.98322430e-003
    -1.14985683e-003 1.98447076e-003 0. 6.34788955e-003 0.
    -1.98490219e-003 0. -6.56054239e-004 1.19261760e-002 0. 0.
    2.07420113e-003 1.16343959e-003 5.09995874e-003 1.52233709e-003
    2.57033622e-003 0. 3.24019301e-003 4.44773090e-004 8.57504737e-003
    6.32130820e-003 2.67797033e-003 0. 5.72791265e-004 0.
    6.14288868e-003 -4.95381013e-004 9.41444095e-003 0. 0.
    9.01771476e-004 1.29899587e-002 7.18709314e-003 0. 7.17600994e-003
    1.42133771e-003 2.67944881e-003 -3.43589578e-004 0. 3.65757104e-003
    1.84931688e-003 1.04322098e-003 0. 7.99700443e-004 0.
    4.03462118e-003 8.42529535e-003 3.51974834e-003 1.98843633e-003
    5.00800321e-003 -9.16805933e-004 4.31772787e-003 3.86294606e-003
    4.08629596e-004 0. 0. -1.30656839e-003 3.48897913e-004
    2.69314321e-003 3.45596462e-003 -1.65535428e-004 1.67161610e-003
    1.42165937e-003 1.33783824e-003 0. 3.75747774e-003 0.
    7.63004879e-003 3.52703338e-003 -3.44730937e-003 0. 0.
    1.94340071e-003 4.70182439e-003 6.64887368e-004 3.30944383e-003 0.
    0. 0. 1.19336997e-003 3.50623834e-003 1.37442478e-003
    2.47262232e-003 8.81248445e-004 3.07175703e-003 2.17626849e-003 0.
    1.11876102e-003 -1.06649334e-003 3.93728493e-003 2.17197486e-003
    3.72479367e-003 1.27219572e-003 0. 4.30135056e-003 0.
    9.83656064e-005 2.82974262e-003 7.77033914e-004 8.48502386e-003
    -9.23035317e-004 7.79126398e-003 2.29872647e-003 5.77203406e-004
    7.07562547e-003 8.13258404e-004 0. 0. 0. 6.14707964e-003 0. 0.
    1.87840860e-003 3.94781033e-004 2.96614245e-002 3.84225277e-003
    3.00871255e-003 3.21580167e-003 4.03336855e-003 2.19684723e-003
    7.33239111e-004 0. 6.60942518e-004 5.26601542e-003 -1.56717410e-003</data></imageDescriptor>
</opencv_storage>
