<?xml version="1.0"?>
<opencv_storage>
<imageDescriptor type_id="opencv-matrix">
  <rows>1</rows>
  <cols>500</cols>
  <dt>f</dt>
  <data>
    3.52916168e-003 4.06724168e-003 0. 4.30632848e-003 5.69456141e-004
    -9.45729553e-005 0. 1.11217825e-002 1.50695350e-003 1.66984065e-003
    -1.87886399e-004 -1.33726664e-003 0. -1.39283272e-003
    3.18239373e-003 4.46379127e-004 0. 6.40049484e-003 0. 0.
    1.20091334e-003 5.55968285e-003 2.89116055e-003 0. 1.98528217e-003
    0. 1.38813187e-003 1.17268309e-003 6.22430537e-003 5.96832577e-003
    1.54365029e-003 2.78389058e-003 4.35651076e-004 3.61830415e-003
    6.72175549e-003 0. 6.43122010e-004 5.72962640e-003 3.40551208e-003
    1.03081635e-003 7.66952801e-003 2.86371750e-003 1.42473873e-004
    -2.73082242e-003 8.18347093e-003 4.31108987e-003 0. 5.45835029e-003
    4.72172676e-003 -1.02661294e-003 8.28204909e-004 4.90623433e-003
    2.24471107e-004 9.99018666e-004 0. 3.07675824e-003 0.
    5.22493385e-003 2.39944272e-003 0. 0. 9.76340321e-004
    1.69287645e-003 2.00011558e-003 0. 2.32137507e-003 0. 0.
    4.19483753e-003 3.00173578e-003 6.13584300e-004 0. 1.22377416e-003
    1.19850822e-002 1.51943520e-003 2.67047761e-003 3.68714856e-004
    4.73592570e-003 2.39377702e-003 0. 8.90673045e-003 2.02312972e-003
    0. -3.56727745e-003 4.63605439e-003 3.81607038e-004 9.30608530e-003
    0. -6.23819360e-004 1.79156987e-003 0. -1.56472460e-003
    2.94103520e-004 0. 6.79514837e-004 -1.46381484e-004 1.14038866e-003
    2.25630007e-003 2.59884237e-003 1.51807442e-002 7.69798877e-003 0.
    0. 7.50291348e-003 0. 1.91559386e-003 0. 7.03147985e-003
    2.69736093e-003 2.16073170e-003 4.44938196e-003 2.13859603e-003
    2.85330112e-003 3.66205117e-003 0. 8.98037199e-003 -1.30188651e-003
    5.36816334e-003 0. 1.07996500e-004 2.77080899e-003 9.34717595e-004
    -5.86802480e-006 3.41152190e-004 3.62398598e-004 0. 3.39549915e-005
    1.02146855e-003 1.58440636e-003 0. 5.77596715e-004 1.49493548e-003
    4.58856928e-004 5.50766243e-003 9.16424766e-003 3.07474448e-003
    1.72323606e-003 5.86577691e-004 4.78003081e-003 0. 3.17698903e-003
    1.79808901e-003 1.05838822e-002 3.38518969e-003 -7.46733567e-005
    -3.61829618e-004 6.42818573e-004 0. 0. 0. -1.88230886e-003 0.
    4.16508992e-004 0. 0. 0. 3.12161655e-003 -2.21445123e-004
    2.11853697e-003 0. 1.19799841e-003 0. 1.01125296e-002 0. 0. 0.
    5.27002010e-003 -2.40893423e-004 0. -7.56531837e-004 1.66390475e-003
    3.00205220e-003 4.36813710e-003 3.91632877e-003 1.08517404e-003
    1.23208400e-003 0. 0. 1.47138292e-003 -1.69689825e-003
    4.74027218e-003 6.08263630e-003 -1.73605047e-003 3.34904733e-004
    2.88457377e-003 3.79960961e-003 1.79145869e-003 1.57697347e-003
    7.82432733e-004 2.16047466e-003 -1.50822343e-005 6.82677887e-003
    3.24509107e-003 8.79208601e-005 2.86238664e-003 -4.00248682e-004
    4.39353607e-004 -2.51260673e-004 1.03213708e-003 0. 8.96278955e-003
    1.46923459e-003 1.03647979e-002 8.54512269e-004 2.09655776e-003
    1.83092512e-003 0. 2.52354215e-003 -2.61996145e-004 1.29715924e-003
    0. 5.27576543e-003 0. 4.01665410e-003 7.28418119e-003
    4.67035361e-003 -8.12745013e-004 3.42771551e-003 3.33856023e-003 0.
    0. 3.30728758e-003 0. 1.54421083e-003 1.97658525e-003
    1.96669484e-003 1.14039413e-003 -1.21479388e-003 2.48521660e-003
    8.35332368e-003 3.27343331e-003 5.62499044e-003 1.65998499e-004
    1.35233335e-003 1.62131956e-003 1.07991286e-002 0. 5.01017785e-003
    0. 1.12608809e-003 9.78857093e-003 -6.90284724e-005 1.91447348e-003
    4.54918109e-003 2.56494875e-003 4.67142127e-005 0. 4.12312336e-004
    0. 6.36496535e-003 -8.99015693e-004 1.89662986e-002 0.
    5.05184056e-003 -6.86062558e-004 1.26666320e-003 3.79974663e-005
    2.49130232e-003 2.82460445e-004 4.93989326e-004 0. 2.63577770e-003
    4.91210446e-003 1.14603685e-002 6.09675830e-004 -2.04478647e-003
    -1.03388462e-004 4.21539531e-004 2.51965690e-003 6.18630275e-003
    -1.07216858e-003 3.05408123e-003 4.31875046e-003 2.13200037e-004 0.
    6.94776792e-003 2.08674255e-003 2.13690549e-002 1.00270007e-003
    8.08268087e-004 7.34492857e-003 4.73538457e-005 5.17522264e-003 0.
    -1.60617032e-003 3.30437883e-003 7.06000603e-004 -6.05629012e-003
    -1.12269563e-003 0. 4.92807757e-003 1.82006147e-003 1.40472688e-002
    3.46206385e-003 3.73250898e-003 1.12141324e-002 2.06357241e-003
    4.67646401e-003 8.28664005e-003 9.88504500e-004 -6.55432988e-004
    1.86514540e-003 0. 2.82066665e-003 -9.93571007e-007 0.
    7.06959516e-003 -1.02859980e-003 2.64793984e-004 0. 8.03398609e-004
    3.86937964e-003 -2.08175438e-003 1.18395151e-003 5.61512681e-003
    6.65110862e-003 0. 0. -1.52608656e-004 0. 1.06608570e-002
    7.77365989e-004 0. 0. 0. 0. 0. 0. 0. 1.42572951e-002 2.34298687e-003
    6.64216932e-003 1.15403265e-003 0. 0. 0. -2.41638045e-003
    8.68816394e-003 -2.01819697e-003 4.33919486e-003 1.70050736e-003
    1.37521303e-003 4.74043773e-004 7.32289685e-004 0. 0. 0.
    1.52385083e-003 -4.87633573e-004 1.61012856e-003 2.01586122e-003 0.
    1.44663267e-003 1.55667868e-003 6.88697561e-004 0. 6.46096189e-003
    4.73423023e-003 7.51915446e-004 -2.23679468e-003 2.41193548e-003 0.
    1.46991899e-003 3.14923091e-004 0. -9.00144049e-004 1.33398140e-003
    0. -1.61547645e-003 0. 2.63520190e-003 1.13526068e-004
    3.37583548e-003 2.82370090e-003 0. 0. 1.81123673e-003
    8.93537945e-004 0. 6.85428793e-004 -6.00966123e-005 8.05593468e-003
    4.09566378e-003 -1.50701078e-003 0. 2.75560538e-003 0.
    5.67282375e-004 3.40355560e-003 5.03701915e-004 0. 2.78948992e-003
    4.27595247e-003 -1.80513627e-004 3.27726710e-003 1.45420874e-003
    5.52554289e-003 4.20334982e-003 -1.45330641e-003 0. 3.69987800e-003
    -1.46364397e-003 -4.16367315e-004 0. 0. -5.39670233e-004
    -1.15854782e-003 7.56095303e-003 2.02469272e-003 3.42326239e-004
    1.57989922e-003 8.53979774e-003 -2.41713692e-003 9.95441712e-003
    1.76843570e-003 2.45544943e-003 4.65864025e-004 0. 1.10243494e-002
    2.24924157e-003 -3.17034544e-004 7.85211194e-003 1.88754790e-003
    1.17081963e-003 3.03688319e-003 3.51654855e-003 0. 0.
    5.74257108e-004 0. 0. 4.27043851e-004 -2.76173349e-004
    1.56852894e-003 0. 1.58861408e-003 2.00347602e-003 0.
    3.76970810e-003 2.28698191e-004 1.80764042e-003 0. 0. 0.
    4.50448040e-003 2.58820574e-003 1.05401536e-003 2.79760687e-004
    3.81298712e-003 0. 7.18122674e-003 3.51534272e-003 4.51044831e-003
    2.31278245e-003 0. 4.79531335e-003 4.86986246e-003 1.96791417e-003
    2.96911737e-003 2.13723863e-003 0. 0. 0. 8.53889389e-004
    9.13108641e-004 0. 4.94981417e-003 2.40560528e-003 6.44251192e-003
    0. 0. 5.13637997e-003 -8.82038090e-004 1.45469513e-003 0.
    1.56895793e-003 2.15942529e-003 3.85216041e-003 -6.47389970e-004
    2.08269875e-003 2.50058773e-004 2.54414044e-004 0. 4.36214032e-003
    1.22531934e-003 -5.02021110e-004 1.82089512e-003 0. 0.
    5.34984143e-003 -5.38487977e-004 8.50510376e-004 0. 3.46299581e-004
    0. 7.14025460e-004 3.00955586e-003 2.32621515e-003 2.44970643e-003
    -6.40556565e-004</data></imageDescriptor>
</opencv_storage>
