<?xml version="1.0"?>
<opencv_storage>
<imageDescriptor type_id="opencv-matrix">
  <rows>1</rows>
  <cols>500</cols>
  <dt>f</dt>
  <data>
    4.28973371e-003 5.35708107e-003 2.56840070e-003 3.87269491e-003
    8.90269468e-004 -1.86238892e-003 0. 3.04422434e-003 8.99859879e-004
    -2.24580104e-003 0. 0. 2.17477209e-003 1.46323210e-003
    3.16294585e-003 0. 1.76652183e-003 0. 3.68334330e-003 0.
    3.59750190e-003 1.10975420e-003 -9.80711229e-006 0. 6.65351888e-003
    4.64995112e-003 -3.29725386e-004 0. 5.90333855e-003 4.79908101e-003
    0. 0. 9.72535368e-003 0. 6.99445745e-003 0. 9.20551270e-003
    2.14539235e-004 1.75233209e-003 0. 7.17115868e-003 4.72182583e-004
    0. 5.44791017e-003 0. 1.85061316e-003 0. 2.73326528e-004 0.
    4.70554549e-003 -3.71715549e-004 7.39476923e-003 1.48137542e-003 0.
    0. 5.71105024e-003 4.52607404e-004 1.31266098e-003 2.11326382e-003
    0. -4.79884795e-004 0. 1.18598645e-003 3.42816638e-004
    2.24204778e-004 6.24435535e-003 4.02221968e-003 0. 4.76503279e-003
    4.85471310e-003 0. 0. 0. 7.61980074e-004 1.08576138e-002
    1.07359129e-003 5.62655227e-003 0. 1.51124748e-003 2.25157128e-003
    3.26298876e-003 5.94058121e-003 0. -7.67602469e-004 6.20968000e-004
    0. 2.15957477e-003 2.64358148e-003 2.46115541e-003 1.41178642e-003
    0. 8.17066291e-004 -8.45174727e-005 7.00099813e-003 5.56541549e-004
    -2.07683101e-004 2.75313854e-003 1.58213917e-003 1.60359195e-003
    5.23540843e-003 5.89728123e-003 1.31178740e-003 1.00357551e-003
    4.43232432e-003 1.34698162e-003 8.78889579e-003 -4.69142542e-004 0.
    -1.65121711e-003 5.48834587e-003 3.51329497e-003 3.18724033e-003
    2.72533158e-003 0. 2.10647922e-004 4.97496128e-003 2.27126316e-003
    0. 0. 5.83580579e-004 0. 0. 3.73737165e-003 0. 9.70952504e-004 0. 0.
    0. 1.76472391e-003 -3.52577452e-004 0. 2.51441146e-003 0.
    2.52890983e-003 5.55572892e-003 0. 3.35229817e-003 0.
    -1.61528785e-003 -7.91648461e-004 0. 0. -1.27230989e-004
    2.21095770e-003 5.16661489e-003 -5.93390258e-004 5.26219793e-003 0.
    0. 0. -3.40831839e-003 2.14354324e-004 4.20550769e-003
    3.45554698e-004 -1.63612980e-003 0. -1.20947161e-003 6.84970408e-004
    4.95953078e-004 4.48228884e-003 0. 1.32581778e-003 5.21883834e-003
    8.80705472e-003 2.68844329e-003 0. 0. -3.22059263e-004 0.
    8.12608705e-005 2.53963307e-003 3.11670359e-003 5.49064903e-003
    9.29862633e-003 1.81792246e-003 -2.46903696e-003 8.79114028e-004 0.
    7.59611081e-004 1.80524529e-003 6.60856254e-004 1.16035938e-002
    1.06944051e-003 1.64685596e-004 2.21349322e-003 0. 0. 0.
    -3.62719572e-003 3.23718530e-003 9.54815361e-004 -8.27755139e-004
    2.27390788e-003 2.40744674e-003 2.00487324e-003 8.07024632e-003
    1.33978471e-003 0. 2.80052470e-003 2.79695936e-003 -1.08584866e-003
    0. 2.26923660e-003 0. -5.56947023e-004 9.77712404e-003
    3.06160102e-004 0. 9.19630658e-003 3.63995146e-004 1.58946496e-003
    2.45752512e-003 8.13610270e-004 6.24454673e-003 1.66489044e-003
    -1.02011611e-004 0. 6.79534534e-003 0. -1.86821772e-003
    7.25909893e-004 0. 2.40792567e-003 0. 1.29254384e-003
    4.09642560e-003 1.04714709e-005 2.54057790e-003 1.83150230e-003
    2.37764465e-003 1.02666882e-003 -4.07663174e-003 0. 1.24864690e-002
    0. 3.90779506e-003 0. 0. 0. 1.01757760e-003 -5.45784307e-004
    2.37759436e-003 -2.73184269e-003 2.32985243e-003 0. 0.
    9.02660098e-003 -1.07334240e-003 0. 3.90391122e-003 5.26732020e-003
    0. 4.45681997e-003 0. 7.00188987e-003 8.93010758e-004
    6.92190733e-005 1.84423523e-003 3.00308689e-003 0. 1.52041519e-003
    5.10999607e-003 8.12071725e-004 2.94236909e-003 2.11315532e-003
    5.83705434e-004 9.83489025e-003 1.02087320e-003 7.43143214e-003
    6.20812597e-003 2.26518372e-003 0. 4.10040515e-003 6.57318300e-003
    4.94152913e-003 0. 2.10780231e-003 1.35969010e-003 3.33256926e-003
    2.95274705e-003 0. -1.38391776e-003 0. 9.67703454e-005
    8.31333862e-004 1.79601996e-003 2.92419316e-003 -2.04293360e-003
    3.15836142e-003 0. 3.39590071e-004 1.08863576e-003 9.08316765e-003
    -4.43298108e-004 8.67781986e-004 1.12978490e-002 1.42405299e-003
    2.00488581e-003 -3.43836989e-004 5.63871057e-004 6.27606583e-004
    2.71713245e-003 2.32092198e-003 5.07317716e-003 0. 0.
    7.21132895e-003 0. 0. 6.19921833e-003 4.46955487e-003
    1.37477312e-002 -1.81487994e-003 -1.49249309e-003 4.69369162e-003
    4.65972535e-003 1.06860455e-002 1.20659715e-004 -1.29676846e-005
    6.60664111e-004 0. 0. 1.17602209e-002 1.01751043e-003 0.
    3.59255029e-003 0. 0. -2.05600075e-003 5.60189411e-003
    2.58143875e-003 1.05740235e-003 6.46912307e-003 0. 0.
    -3.39274207e-004 2.08704569e-003 1.78893295e-003 4.06480348e-003
    1.63834740e-003 2.76840501e-003 5.75841824e-003 -3.51830246e-003
    4.16893652e-003 1.49157848e-002 0. 2.52662529e-003 0.
    3.09762405e-003 5.98611543e-003 2.90753250e-003 4.44775075e-003
    2.58323364e-003 -7.63984644e-005 1.56717480e-003 7.73867534e-004
    8.52854690e-004 2.83522404e-005 7.45643687e-004 8.41636502e-004 0.
    3.17106512e-003 1.01572145e-002 -5.21125854e-004 0. 3.61346267e-003
    5.73074538e-003 0. 0. 0. 0. 0. -2.44176917e-005 1.26974983e-003
    1.35746656e-003 0. 2.59306096e-003 2.37634778e-003 1.15047791e-003
    1.57132023e-003 -4.06266161e-004 2.49113934e-003 0. -1.42924651e-003
    2.78076087e-003 8.60422105e-003 0. 3.05992598e-003 -6.09119073e-004
    0. 8.05004966e-003 0. 8.38968717e-003 -6.69779198e-004
    2.66580912e-003 1.00537026e-002 0. 5.07360324e-003 3.16953729e-003
    7.45188852e-004 4.81231837e-003 -7.39079143e-004 6.85122050e-003
    7.31288735e-003 1.59044005e-003 7.14873755e-003 3.73449503e-003
    3.64069012e-003 1.39545347e-003 1.90731476e-003 3.32412007e-003
    1.78148970e-003 0. 9.74060688e-003 -8.20810848e-004 8.96265672e-004
    3.05848150e-003 2.32568104e-003 1.09944190e-003 1.22116376e-002
    2.17696629e-003 0. 1.67389668e-003 5.80695132e-003 4.45690751e-003
    0. 3.31056211e-003 5.16984263e-004 2.05497094e-003 0. 0.
    3.51743330e-003 0. 1.42997713e-003 -1.05440698e-003 0. 0.
    1.27807185e-002 0. 0. 5.66578470e-003 -2.03469855e-004 0. 0.
    1.19891553e-003 4.05235309e-003 1.01434358e-003 0. 3.33580258e-003
    0. 0. -7.78370711e-004 7.08760926e-004 0. 1.40434294e-003
    2.23010569e-003 1.24986446e-003 -2.06982647e-003 9.02362727e-003
    1.55360217e-003 0. -5.62314817e-004 0. 4.32491535e-003 0.
    1.71295796e-002 2.56144581e-003 -6.04864559e-004 0. 0. 0.
    5.88813564e-004 2.58471142e-003 0. 6.57596625e-003 6.16091595e-004
    0. 3.06213112e-003 8.70190002e-003 1.36854535e-003 0. 0.
    8.65910668e-004 3.40905157e-004 5.23696467e-003 1.00158062e-003 0.
    -3.34831211e-003 4.32574743e-004 0. 0. 0. 5.38020488e-003
    1.00852717e-002 1.23559043e-003 5.17719937e-003 0. 0. 0.
    5.90009804e-005</data></imageDescriptor>
</opencv_storage>
