<?xml version="1.0"?>
<opencv_storage>
<imageDescriptor type_id="opencv-matrix">
  <rows>1</rows>
  <cols>500</cols>
  <dt>f</dt>
  <data>
    0. -6.38142636e-004 0. -6.34961063e-004 2.98170460e-004
    1.98475947e-003 3.42196296e-003 7.84143107e-004 3.00036883e-003
    2.12646299e-003 3.58089129e-003 0. 0. 0. 0. 0. 0. 2.68197781e-003
    2.68294563e-004 0. 3.04481108e-003 1.82829041e-003 0.
    7.41241686e-003 4.87424806e-003 0. -2.14420795e-003 1.63186179e-003
    0. 0. 0. 0. 5.29828807e-003 -1.87090831e-004 2.47093313e-003 0.
    3.42610618e-003 2.25632009e-003 -9.79767181e-004 3.48051428e-003
    5.63013181e-003 2.60981685e-003 -1.06755746e-004 -3.74166993e-005 0.
    0. 8.52989149e-004 5.76184830e-004 1.85958564e-003 1.12171732e-002
    2.51943991e-003 0. 9.13738448e-004 3.93053098e-003 4.17336682e-003
    8.90487898e-003 1.02272998e-005 2.46021780e-003 2.52752309e-003
    1.32844539e-003 0. 2.93341349e-003 0. -1.16817653e-003
    1.26701575e-002 0. 0. 5.67046553e-003 1.57220429e-003
    1.18307397e-003 0. 6.30479259e-003 0. 0. 3.00745683e-004 0.
    -2.84892973e-004 0. 0. 7.19112670e-003 0. 4.96307341e-003 0. 0.
    4.27353196e-003 -9.42030514e-004 2.57668109e-003 -1.71158754e-003
    -2.36557345e-004 0. 0. 1.69678312e-003 0. 0. 7.05260201e-004
    4.77170106e-003 5.00522740e-003 6.07335288e-003 1.99377863e-003 0.
    3.70213669e-003 4.31797002e-003 -6.11063559e-004 1.48573425e-002
    1.10941697e-002 2.56332266e-003 9.22698411e-004 1.58034218e-003
    2.01567914e-003 1.95584679e-003 8.46849231e-004 0. -1.74885115e-003
    0. -2.68518808e-004 7.27696856e-003 0. 6.13412960e-003
    3.63285001e-003 9.43071023e-003 0. 4.00655298e-003 1.03672640e-002
    2.11045658e-003 3.74346389e-003 1.61897007e-003 0. 0.
    9.83072352e-003 2.82904552e-003 7.74869090e-003 4.62969067e-003
    -9.52757371e-004 2.08056928e-003 4.17720526e-003 0. 0.
    8.00806389e-004 -9.40242596e-003 -5.97927894e-004 0. 1.45864428e-003
    0. 5.32541750e-003 1.35461346e-003 6.31496403e-003 2.70069577e-003
    3.85947479e-003 0. 8.58242100e-004 -7.98306486e-004 1.05389487e-003
    2.18418616e-004 0. 3.37630673e-003 0. 9.92196519e-003
    2.09638587e-004 0. 2.61348928e-003 0. 0. 2.23325798e-003
    -1.17264397e-003 4.62028365e-005 0. 0. 2.58697837e-005
    5.12808701e-003 0. -2.05460019e-004 2.16111448e-003 6.78494864e-004
    1.60465552e-003 7.01282220e-003 2.70535005e-003 -5.78495441e-004 0.
    9.63810831e-003 0. -6.56794989e-004 0. 0. 3.51039926e-003
    1.32309564e-003 0. -2.04967640e-004 0. -2.27473117e-003
    5.32048894e-003 9.30730544e-004 0. 6.77094236e-003 5.17172739e-003
    0. 2.99360533e-003 2.05914467e-003 2.69092503e-004 7.97737972e-004
    1.45343144e-003 0. 0. 0. 0. 0. -7.33879395e-004 -2.14781519e-003 0.
    4.29654866e-003 2.31124242e-004 1.11233946e-002 0. 1.98323862e-004
    0. 0. 0. 0. 0. 0. 7.05921510e-003 3.49967624e-003 0. 3.32462229e-003
    2.31568608e-003 5.25739230e-003 0. 0. 7.73941574e-004 0.
    8.55363812e-003 0. 0. 5.57912141e-003 0. 0. 3.58296908e-003
    1.67766004e-003 0. 0. 1.51666056e-003 0. 7.69749796e-003 0. 0. 0.
    2.85911560e-003 -6.98424468e-004 0. 4.81284969e-003 7.99806963e-004
    3.15166148e-003 0. 0. 6.14555413e-003 0. 3.49549274e-003 0.
    1.98599813e-003 1.79018639e-003 0. 8.32970906e-003 2.29977653e-003
    3.00949696e-003 -2.72062840e-003 -3.30584869e-003 0. 3.79568571e-003
    -1.17372962e-004 8.00323393e-003 0. 0. 0. 1.27871253e-003
    3.94106004e-003 -6.35953620e-005 4.23576310e-003 -9.03415494e-004
    2.98755197e-003 6.47924468e-003 0. 7.76449859e-004 -3.60707840e-004
    3.86508356e-004 0. 1.12136966e-002 1.58560416e-003 6.79424556e-004
    -4.94889170e-003 0. 0. 1.76400715e-003 0. 0. 3.59213143e-003
    3.29076778e-003 2.81112385e-003 8.32345430e-003 0. 0. 0. 0.
    1.52821268e-003 4.07847902e-003 -1.35097012e-003 0. 0.
    1.57739073e-002 3.11960606e-003 2.68288702e-003 1.41647155e-003
    -1.78157468e-003 -1.12127478e-003 5.76848909e-003 3.93068371e-003 0.
    3.54598346e-003 2.05891859e-003 3.29523929e-003 9.72136273e-004
    2.14826339e-003 1.86929270e-003 0. 1.04500866e-003 3.99872940e-003
    0. 4.09307238e-003 9.23214294e-003 -7.31799752e-004 2.26845779e-003
    0. 0. 0. 3.65220662e-003 3.75379622e-003 2.50910944e-003
    3.20943468e-003 0. 0. -2.60167639e-003 -3.62821418e-004 0.
    5.02902037e-003 0. 0. 6.79481961e-003 1.59320177e-003
    1.79929531e-003 6.89336006e-003 0. 8.39200948e-005 5.68519626e-003
    0. 1.51953362e-002 1.12788426e-003 0. 2.98049115e-003 0.
    9.92219336e-003 4.46600467e-003 0. 2.58700387e-003 8.31837300e-003
    8.71070486e-004 3.07560083e-003 1.10417111e-002 2.66963523e-003
    1.62417861e-003 6.75451104e-003 0. 1.90269900e-003 2.50918441e-003
    0. 3.94902611e-003 4.20034165e-003 3.90652195e-003 0. 0.
    9.28109046e-004 -2.51751189e-004 6.65556826e-003 6.14108378e-003 0.
    0. 6.40382338e-003 7.08324974e-003 0. 1.36816408e-002
    4.47827112e-003 0. 1.24801800e-003 9.23260488e-003 -9.36711032e-004
    3.16164736e-003 2.67090090e-003 1.21645676e-003 -6.75059098e-004
    9.59944166e-003 1.11600081e-003 0. 2.26914976e-003 0. 0.
    7.90423306e-004 1.52879255e-003 4.28600097e-003 5.30224340e-003 0.
    2.86150840e-003 0. 4.98581771e-003 3.99927609e-003 1.81837031e-003
    4.02404508e-003 2.24485621e-003 6.86334586e-003 2.05051433e-003
    2.25717598e-003 0. 1.21716596e-003 1.97374239e-003 4.67355084e-003
    1.90743327e-003 9.08115413e-003 7.76909001e-004 -1.05848303e-003
    2.35762564e-003 -2.44850013e-003 1.29132252e-003 5.44573762e-004
    9.14029032e-003 6.84589322e-004 -2.52007646e-003 4.35361732e-003
    4.01118118e-003 1.76110072e-003 8.91115982e-003 6.10191515e-003 0.
    2.24073738e-004 0. 8.58182786e-004 7.93748070e-004 6.16752449e-003
    3.06231319e-003 4.24357655e-004 0. -1.97704509e-003 0. 0.
    2.39118817e-003 0. 6.62815152e-003 4.19684016e-004 0. 0. 0.
    3.52088735e-003 0. 0. 0. -2.05446756e-003 3.81725986e-004
    9.08621296e-004 0. 6.50091562e-004 2.79938933e-002 4.31920588e-003
    7.28145987e-003 1.55983283e-003 0. 6.39837841e-003 -2.03992729e-003
    0. 8.43013637e-003 4.40186542e-003 8.41432996e-003 0.
    4.60287649e-003 0. -9.29874077e-004 -8.05141754e-004 4.60162945e-003
    0. 0. 3.57939722e-003 1.52890291e-003 6.09855226e-004
    -5.42206177e-003 3.49133997e-003 1.38937100e-003 1.32851407e-003 0.
    0. 0. 7.82390009e-004 -1.54310290e-003 0. 6.99738087e-003
    3.24285054e-003 0.</data></imageDescriptor>
</opencv_storage>
