<?xml version="1.0"?>
<opencv_storage>
<imageDescriptor type_id="opencv-matrix">
  <rows>1</rows>
  <cols>500</cols>
  <dt>f</dt>
  <data>
    0. -7.22154567e-004 3.16344108e-003 1.60089228e-003 1.14650035e-003
    9.64771083e-004 2.90339673e-003 2.58253375e-003 1.18747051e-003
    6.42308500e-004 0. 2.83113681e-003 3.99509771e-003 -3.12361779e-004
    3.08460230e-003 2.43324357e-005 3.05465306e-003 9.40805883e-004
    4.33668494e-003 0. 6.61212136e-004 3.15122493e-003 -4.01416677e-004
    2.42812978e-003 6.90806843e-003 8.93030083e-004 4.15036501e-003
    8.09742697e-003 1.17314691e-002 -8.98069178e-004 2.86839902e-003
    3.20780673e-003 2.78817624e-005 3.94315971e-003 2.29158369e-003
    -4.07094863e-004 3.80443619e-003 0. -3.25008295e-005 1.12284056e-003
    4.92776046e-003 2.59305770e-003 3.24824126e-003 -7.05271901e-004 0.
    8.25449300e-004 2.47246819e-003 1.09291705e-003 6.32284069e-003
    1.08442735e-003 1.05001929e-003 2.90353969e-003 1.32586784e-003
    3.27907829e-003 0. 5.71237470e-004 0. -4.85636119e-004 0.
    7.61807489e-004 9.66732739e-004 -3.00320797e-004 4.81360621e-004
    -1.09972828e-003 7.97268585e-004 2.74275849e-003 1.91753579e-003
    3.67590925e-003 -2.18444999e-004 1.88926142e-003 0. 2.78360001e-003
    0. 1.48287369e-003 1.63537904e-003 1.96840055e-003 1.28744135e-003
    0. 6.00876287e-004 0. -1.29651860e-003 6.98609138e-003
    2.42813141e-004 3.65640910e-004 2.24038819e-003 4.16246941e-003
    6.93169143e-003 1.92898896e-003 1.24590867e-003 0. -3.31310148e-005
    1.60653016e-003 -5.63304638e-004 -1.22246798e-003 7.21652526e-004
    -3.93898954e-004 7.08434032e-004 7.70765590e-004 1.16557523e-003
    2.93737068e-003 0. 1.16840540e-003 1.02531537e-003 3.16579966e-003
    0. 5.34862652e-003 8.33059754e-003 3.06472834e-003 2.96047819e-003
    0. -6.32591662e-004 7.59032462e-003 0. 1.94904406e-003 0.
    4.02561249e-003 -1.62845812e-004 0. 0. 4.03851690e-003
    4.68035042e-003 0. 8.98377853e-004 0. 4.73247655e-003 0.
    -3.85649219e-005 -6.63060171e-004 2.75012862e-004 -9.72061651e-004
    2.82378029e-003 -2.47680116e-003 -2.13614036e-003 5.43663919e-004 0.
    1.74697326e-003 1.38459494e-003 9.17028403e-004 3.50804208e-003
    2.75303051e-003 0. 3.54653777e-004 -1.26527360e-004 2.86056777e-003
    2.66626757e-003 2.79921311e-004 1.48405030e-003 6.50768029e-003 0.
    4.38823877e-003 4.31105774e-003 1.37365668e-003 2.18532956e-003
    3.44767445e-003 3.32402391e-003 2.70544738e-003 1.38280087e-003
    4.61924914e-003 3.42476089e-003 0. 6.16898295e-003 4.77168197e-003
    0. 5.49531542e-003 -1.83526031e-003 7.04290229e-004 1.36377837e-003
    -1.74584601e-003 0. 2.69922661e-003 1.33742660e-003 0.
    9.37937584e-004 2.88770330e-004 0. 1.20382535e-003 -7.04075283e-005
    0. 0. 1.18968380e-003 8.45031347e-004 6.16619922e-003 0.
    1.39674230e-004 5.52431447e-003 1.79305719e-003 4.57578572e-003
    -1.07442460e-003 -8.71374155e-004 6.18915074e-003 3.96766933e-003
    1.97097007e-003 0. 1.07869820e-003 1.62091470e-004 2.89046002e-004
    4.33032546e-004 1.68115622e-003 1.38785667e-003 2.32233200e-003
    4.72088391e-003 1.64594594e-003 1.34141330e-004 1.34713529e-002
    2.96137435e-003 4.36454685e-003 -3.14477202e-003 0. 4.42671822e-003
    3.70035553e-003 1.97505206e-003 5.10422140e-003 6.72401104e-004
    6.75432500e-004 -7.32938934e-004 1.60561909e-003 0. 9.45664756e-003
    3.84589820e-003 8.97097227e-004 0. 4.69774753e-003 1.34806125e-003
    0. 2.45981524e-003 0. 0. 8.38584674e-004 3.87445674e-003 0.
    8.39995977e-004 3.61875002e-003 0. -1.20128680e-003 -1.54058123e-003
    0. 0. 7.82253395e-004 0. 4.19671973e-003 4.06741071e-003
    1.05111040e-002 2.04883749e-003 -1.36921287e-003 -3.72258946e-004
    4.25045006e-003 5.62779931e-003 7.25291786e-004 3.54441465e-004
    3.86469415e-003 0. 0. 0. 4.20257915e-003 -5.09499339e-004
    1.57205897e-004 1.03176357e-002 2.30419030e-003 2.39931908e-003
    4.57376149e-003 1.42629631e-003 2.29576486e-003 1.55333104e-003
    1.37667905e-003 2.21448066e-003 2.18062964e-003 -1.44574884e-003 0.
    0. 3.07501270e-003 9.82408645e-004 6.07000943e-003 8.73659214e-004
    3.88386718e-004 4.59658960e-003 6.01286162e-003 1.60079129e-004
    3.23017524e-003 2.91222543e-003 1.30545197e-003 1.97351398e-003
    1.54851808e-003 -9.06339032e-004 3.06903012e-003 5.97307319e-003
    8.77848919e-003 0. 2.51807109e-003 -7.03713158e-005 0.
    2.15795095e-004 2.36421754e-003 7.97210913e-003 0. -7.40764954e-005
    -1.62898825e-004 1.66479731e-003 3.11381440e-003 -3.26482026e-004
    8.07991438e-003 1.32457749e-003 2.32082396e-003 0. 4.19495814e-003
    0. -3.96456540e-004 7.30354246e-003 7.84287811e-004 0.
    7.01407762e-003 -1.16528280e-003 5.97755017e-004 7.84538966e-003
    2.25568563e-003 3.33468453e-003 3.52151180e-003 9.18062928e-004
    7.96509534e-003 2.46993412e-004 2.03885115e-003 7.82253128e-003
    1.69682677e-003 0. 3.93814268e-003 0. 5.15077123e-003
    -2.41683811e-004 1.72856357e-003 6.33937307e-004 -8.72743258e-004
    1.18312857e-003 -4.09142376e-004 2.30376865e-003 -9.12791511e-005
    4.47888207e-003 0. 4.88814805e-003 2.29117414e-003 0. 0.
    5.20187721e-004 3.04208882e-003 1.21018924e-002 1.90007035e-003
    1.47955958e-003 0. 2.41243004e-004 0. -3.48855334e-004 0.
    3.73867434e-003 4.03551757e-003 1.83215586e-003 7.94282742e-003 0.
    -2.81143934e-004 2.40100035e-003 2.23467825e-003 3.14844237e-003
    1.18697982e-003 4.23354795e-003 0. 5.05771721e-003 9.73686751e-004
    2.59403139e-003 0. 5.45782037e-003 5.13835764e-003 1.21616048e-003
    6.09241379e-003 6.03098283e-003 5.06653497e-003 2.20350549e-003
    1.87462638e-003 7.43909972e-003 1.22738071e-002 2.98220292e-003
    2.59314576e-004 3.97335738e-003 3.53423576e-003 3.94219905e-003
    3.42094013e-003 1.62019860e-003 4.51254018e-004 7.55048648e-004
    1.19835604e-003 3.92208761e-003 1.02222955e-003 2.65185325e-003 0.
    -1.18923082e-003 -9.87663865e-004 2.39827740e-003 3.59715009e-003
    5.35109825e-003 2.71059736e-003 -1.29464082e-004 3.98815406e-004
    2.78506748e-004 2.08295346e-003 1.60965498e-003 -6.89257693e-004
    1.31264492e-003 1.32725795e-003 1.87587086e-003 4.61360440e-003
    3.82812903e-003 1.13996293e-003 1.32703432e-003 6.45278837e-004
    5.01123164e-003 4.30128584e-003 -1.18007499e-003 2.64393236e-003
    1.03708599e-002 0. 0. 5.66403673e-004 1.00975926e-003
    -3.51621828e-004 1.55238481e-003 1.38082891e-003 6.85105519e-003
    6.77834917e-003 0. 1.30084960e-003 1.29441861e-002 0.
    1.97176519e-003 1.81969116e-003 1.66985078e-003 5.14227548e-004 0.
    2.57336418e-003 7.44746439e-003 1.45470447e-004 -1.17071625e-003
    2.28630356e-003 5.49394824e-003 1.03164930e-002 1.74568198e-003
    -7.47009180e-004 6.87330728e-004 0. 2.70975172e-003 7.08149793e-003
    0. 1.82095589e-003 2.54553801e-004 4.21334105e-003 4.89430036e-003
    6.33618445e-004 3.56028252e-003 0. 2.22818647e-003 1.37829699e-003
    0. 3.40374582e-003 0. 0. 3.87953548e-003 8.99940962e-004
    1.40997989e-003 2.54538585e-003 7.34363915e-004 5.90119697e-003
    1.61327457e-003 1.37033337e-003 1.43820373e-003 0. 0. 0.
    1.88203482e-003 1.63102057e-004 1.14832867e-004 2.65455950e-004
    4.99977544e-003 -1.07976011e-004 1.29994680e-003 2.44920584e-003 0.
    1.43677113e-003 1.08245970e-003 1.09647552e-003 7.93735310e-003
    3.10111977e-003 4.51936061e-003 1.19063538e-003 0. 5.23645198e-003
    0. -1.71995591e-004 -2.19825553e-004 3.05816135e-003 0.
    2.63256999e-003 2.03663181e-003 1.79414568e-003 5.00068767e-003
    9.36020166e-003</data></imageDescriptor>
</opencv_storage>
