<?xml version="1.0"?>
<opencv_storage>
<imageDescriptor type_id="opencv-matrix">
  <rows>1</rows>
  <cols>500</cols>
  <dt>f</dt>
  <data>
    1.16531667e-003 1.26828044e-003 4.79192706e-003 3.59275867e-003 0.
    5.96810132e-003 0. 4.52697190e-004 0. -2.72390054e-004
    2.22319318e-003 8.05052579e-004 1.22722704e-003 8.30531208e-005 0.
    0. 2.49456055e-003 0. 0. 2.37411726e-003 4.99333313e-004
    1.36884989e-003 1.73492462e-003 3.10934824e-003 7.79573992e-003 0.
    5.04133152e-003 0. 1.03857499e-002 1.67250721e-004 -4.54776280e-004
    3.54195805e-003 5.96788200e-003 -3.52274021e-003 3.94213572e-003
    2.74826773e-003 0. -1.11616706e-003 0. -4.46836166e-005
    4.00096597e-003 0. 0. -6.37195946e-004 -4.52880980e-004 0.
    5.73803624e-003 2.63867411e-003 7.34771090e-003 7.33979759e-005
    -3.96018964e-004 0. 0. 0. 5.18948509e-005 3.95981222e-003 0. 0.
    3.73947877e-003 4.10014763e-003 0. 0. 3.34093440e-003 0.
    2.59028142e-003 0. 4.83112317e-003 2.15872726e-003 7.83049222e-003
    4.29497799e-003 6.25214167e-003 0. 7.07640732e-003 0.
    2.28875363e-003 -1.03531673e-003 0. 5.75838424e-003 2.65461812e-003
    3.19050066e-003 2.73542071e-004 -3.24904406e-003 6.03936613e-004
    3.75216058e-003 0. 8.14330764e-003 1.10044423e-003 0.
    8.55468214e-003 1.09337678e-003 1.64449331e-003 7.29191164e-003
    4.95208893e-004 0. -1.76729215e-003 -3.20585258e-003
    -1.06951135e-004 1.18602663e-002 1.35406747e-003 3.55221191e-003 0.
    0. 1.35102600e-004 7.69666117e-003 0. -8.07161152e-004
    1.44006382e-003 1.57287251e-003 3.37549811e-003 -4.07639192e-004
    3.76258919e-004 2.52040685e-003 3.23431357e-003 1.78991526e-003
    1.19109172e-002 0. 7.60886492e-003 0. 4.74534370e-003
    3.23588378e-004 2.78409454e-003 1.91464124e-003 -8.30050732e-004 0.
    1.47596945e-003 3.68612236e-003 0. 8.82398046e-004 0.
    -1.12350902e-003 2.90683191e-003 -1.88136546e-004 3.90527979e-003 0.
    1.47264712e-002 7.35557685e-003 1.69945206e-003 7.33947207e-004
    7.38457125e-003 -1.86969328e-003 0. 3.49192927e-003 0. 0.
    4.80739353e-003 -4.81097406e-004 0. -5.82076900e-004 0. 0.
    2.32329732e-003 1.00432220e-003 0. 0. 4.26659547e-003 0.
    7.24700280e-003 2.10149642e-002 1.30865513e-003 0. 2.91539775e-003
    1.62790704e-003 6.81883655e-003 4.77232598e-003 -1.35030178e-003 0.
    4.10611508e-003 2.03887103e-004 0. -1.51925837e-003 -4.49269405e-003
    -1.53321517e-003 0. 1.68339757e-003 0. -3.04486253e-004
    8.13089064e-005 0. 5.55758190e-004 9.77493008e-004 3.91012011e-003
    3.28399171e-003 4.11446160e-003 1.93533115e-002 7.06007844e-003
    2.14283774e-003 -1.91326241e-003 0. 1.08978269e-003 6.33554719e-003
    5.12130652e-003 0. 1.27410982e-003 9.83727747e-004 0.
    9.08287417e-004 0. 0. 1.03098284e-002 0. 0. 0. -6.84178958e-004
    1.83247344e-003 1.76234066e-003 0. 7.56262802e-003 0.
    6.99703232e-004 3.29848425e-003 3.12533393e-003 0. 1.51473854e-003
    1.28867454e-003 2.24297238e-003 5.25475666e-003 0. 3.41937621e-003
    0. 0. 1.17713038e-003 3.65870935e-003 0. -1.13446615e-004
    -7.56622001e-004 0. 3.19495494e-003 9.28496011e-003 0.
    5.94916055e-003 0. 4.73109586e-003 0. -5.81503089e-004
    9.44511849e-004 2.34212074e-003 3.92694026e-003 7.05191167e-003
    3.66668752e-003 -1.67783328e-005 9.51144786e-004 3.69487051e-003
    4.83480934e-003 3.20663094e-003 0. 0. 5.53306716e-004 0.
    4.13546152e-003 0. 7.80518691e-004 2.06616096e-004 1.11540593e-003
    4.28833719e-003 0. 0. 1.26914191e-003 1.55300752e-003 0.
    7.97703303e-003 0. 0. 6.01702556e-003 6.82955515e-003
    -2.31520180e-003 -1.71896699e-003 2.35236855e-003 2.13054242e-003
    2.96376063e-003 0. 0. 0. 9.71904665e-004 1.80936384e-003 0.
    3.58684640e-003 2.33291066e-003 5.43555850e-003 2.65890616e-003
    7.21035613e-005 0. 4.05262969e-003 7.46142119e-003 8.65991786e-003
    3.88136483e-003 0. 0. -2.97537073e-003 1.90000414e-004 0.
    1.05885684e-003 4.62235417e-003 -2.79500592e-003 7.72923138e-003
    5.42894797e-003 9.16572660e-003 0. 0. 1.71898806e-003
    1.00908158e-002 0. 2.36453721e-003 1.86979736e-003 2.29165563e-003
    6.83120568e-004 0. 0. 5.81811066e-004 4.41005407e-003
    8.06295685e-003 -1.05835998e-003 -2.59263371e-003 5.32243215e-003
    4.90069797e-004 0. 5.23073133e-004 7.47862621e-004 1.80690864e-003
    1.97577141e-002 1.37396378e-003 6.25065761e-003 0. 4.90528357e-004
    2.18628161e-003 2.07162322e-003 2.91812525e-004 5.31532336e-003
    -3.83182312e-003 2.25647958e-003 0. -1.50749940e-004 0. 0. 0.
    4.64247633e-003 0. 0. 1.27216917e-003 3.29724659e-004 0.
    3.17558250e-003 0. 8.48968327e-003 1.52305362e-003 3.54842679e-003
    0. 0. 0. 1.19714707e-003 -2.15222986e-004 7.89815822e-005
    1.12315509e-002 0. 0. 0. 6.39572740e-004 9.60470084e-003
    2.22396129e-003 3.91438697e-003 1.10584730e-003 0. 0.
    1.00202260e-005 0. 0. 1.75542920e-003 3.26678390e-003 0. 0.
    -2.12612562e-003 2.57942686e-003 0. 0. -1.34147983e-003 0.
    8.31524190e-003 0. 0. -2.78913445e-004 0. 7.45723431e-004 0.
    1.52373116e-003 -7.14940368e-004 2.27426644e-003 3.30052665e-003 0.
    7.33777299e-004 0. 1.87828066e-003 1.56558286e-002 2.17043585e-003
    9.32194060e-004 -3.15193873e-004 0. -6.90266781e-004 1.30780623e-003
    0. 2.17320002e-003 -5.97342932e-007 0. 3.58208362e-003
    1.97505835e-003 5.18745946e-005 4.88716224e-003 -4.56283288e-003
    4.32787696e-003 0. 8.23770883e-004 8.17592256e-003 1.07027516e-002
    4.32785368e-003 2.45609367e-003 2.62942817e-003 1.48442341e-002 0.
    1.44050654e-003 3.65502154e-003 5.68018015e-003 1.49619556e-003 0.
    4.85519134e-003 0. 0. 1.07301865e-003 5.99861611e-003
    3.59910005e-003 0. 0. 0. 6.07076474e-003 2.74729053e-003
    4.59664688e-003 3.50909191e-003 9.12876241e-003 2.78175250e-003
    4.26332088e-004 1.23735622e-003 0. 6.44112064e-004 3.89138120e-003
    1.95552991e-003 0. 0. 0. 0. 8.37113895e-003 2.29119975e-003
    1.67325325e-003 0. 0. 0. 1.57468964e-003 1.20147155e-003
    3.08560207e-003 0. 0. 1.51305157e-003 3.19122424e-004
    3.05876206e-003 0. 2.46046600e-003 1.78870629e-004 0. 0.
    7.60009140e-003 5.87670458e-003 3.56383296e-003 3.71135492e-003 0.
    1.21528364e-003 5.87859016e-004 2.19472847e-003 2.55825347e-003
    3.95060796e-003 -5.92076860e-004 0. 3.16454051e-003 8.69980955e-004
    1.13460678e-003 2.96744821e-003 3.72945145e-003 8.53427278e-004
    3.40948044e-003 6.16408000e-003 2.04393500e-003 7.38435716e-004
    1.92153989e-003 1.58819056e-003 0. 3.64670926e-003 5.32496255e-003
    5.00626117e-003 -2.60336231e-003 3.91527370e-004 2.61460780e-003
    1.07246833e-002 -2.42341295e-004 4.53357305e-003 3.42224538e-003</data></imageDescriptor>
</opencv_storage>
