<?xml version="1.0"?>
<opencv_storage>
<imageDescriptor type_id="opencv-matrix">
  <rows>1</rows>
  <cols>500</cols>
  <dt>f</dt>
  <data>
    0. 3.72395618e-003 0. 1.42649550e-003 3.63192242e-003 0. 0.
    1.34046853e-003 -3.56014178e-004 0. 0. 9.01935739e-004 0. 0.
    -3.58118326e-004 0. 3.20970034e-003 5.07774623e-003 1.48981949e-003
    0. 0. -1.56230724e-003 0. 0. 0. 0. 4.38418314e-002 1.42611517e-002
    4.94505046e-003 1.27450712e-002 0. 1.55846600e-003 4.16362472e-003
    -5.86775411e-003 2.60407804e-003 0. 0. 1.18368594e-002
    7.67687670e-005 2.37691752e-003 7.40014715e-003 2.11323053e-003
    2.09841901e-003 0. 0. 9.90641396e-003 0. 3.84493993e-004
    2.93727568e-003 0. 3.33416415e-003 4.85346513e-003 0. 0.
    3.77532473e-004 5.01176389e-003 0. 0. 0. 1.03463803e-003 0.
    1.29093172e-003 1.19781075e-002 1.66933658e-003 0. 2.20648758e-003
    0. 0. 4.24903212e-003 6.30298513e-004 1.98298017e-003
    -4.01760405e-003 0. 3.34514342e-002 -1.45557744e-003 0. 0.
    1.31250860e-003 0. 0. 8.68034840e-006 1.16650928e-002
    2.32221256e-003 -2.50475900e-003 0. 2.88020098e-003 9.62662685e-004
    -4.40829480e-003 0. 0. -1.72445434e-003 9.40560177e-003 0. 0.
    1.28147507e-003 0. 5.21949586e-003 0. 5.67374192e-003
    -1.52596753e-004 1.24227011e-003 0. 1.98162252e-005 3.59074119e-003
    0. 1.37115747e-003 5.77662315e-004 -1.70566875e-003 0. 0.
    -1.27931498e-003 0. 1.60092078e-002 8.17361195e-003 1.53221851e-002
    -7.38269766e-004 0. 0. -8.23623850e-004 -4.39102703e-004
    4.06130093e-005 1.82315614e-003 2.64309463e-003 9.69666243e-003
    1.64670590e-002 0. 4.72037541e-003 2.65848823e-003 0.
    3.75287374e-004 0. 1.12593668e-002 3.07945581e-003 3.52431857e-003
    0. 1.57073722e-003 0. 4.03340487e-003 1.00644128e-002
    2.22787121e-003 0. 0. 0. 0. 0. 8.95625853e-004 3.99311975e-004 0. 0.
    0. 1.01153921e-004 1.24671934e-002 -2.47261114e-003 2.15161382e-003
    0. 0. -2.31029605e-003 0. 3.16402083e-003 0. 0. 0. 1.20749110e-002
    8.12008977e-004 0. 0. 2.69331899e-003 0. -1.76728587e-004 0.
    -9.34789074e-004 0. 0. -6.75514399e-004 0. 0. 2.42758240e-003 0. 0.
    1.86755182e-003 -9.69880435e-004 0. 0. 0. 1.80412699e-002
    -1.33934000e-003 -3.69661814e-003 2.91706366e-003 0. 2.30625947e-003
    0. 0. 6.42593717e-003 0. 1.33181573e-003 3.86670907e-003 0.
    5.32039092e-004 1.49882969e-003 6.50083972e-003 0. 0. 0. 0.
    2.21390883e-003 -2.08385312e-003 0. 4.90363548e-003 -1.02903938e-003
    1.60943542e-003 0. 0. 3.33194132e-003 4.57432354e-003
    5.02269715e-003 1.54396484e-003 3.21734487e-003 0. 0.
    1.97505555e-003 0. -6.09394570e-004 5.73637313e-004 0.
    2.37333146e-003 -2.73579871e-003 0. 0. 0. 4.91905492e-003
    2.52684625e-003 1.14382841e-002 0. 2.21960824e-002 0. 0.
    1.64173276e-003 2.16342392e-003 0. 0. 0. 5.35341911e-003
    3.74145666e-003 -4.82517015e-003 1.70435756e-002 3.93126113e-003
    3.46885878e-004 7.87431491e-004 -1.42866408e-003 0. 1.44070080e-002
    -1.36112713e-003 1.39766617e-003 7.62109412e-003 0. 0. 0.
    8.41610541e-004 0. 2.53655273e-003 8.67337454e-004 7.08985934e-003
    0. 6.85112504e-003 0. 0. 1.23537169e-003 4.04181099e-003 0.
    7.27058435e-003 1.38021668e-003 6.59308583e-003 0. 0. 0.
    4.82060062e-003 0. 1.45409163e-002 0. 1.05959515e-003 0.
    -1.81745447e-004 -3.75223695e-003 7.41995359e-003 0. 0. 0.
    8.78644269e-003 0. 0. 0. 1.44473254e-003 -2.31333799e-003 0. 0.
    1.25906533e-002 2.48989044e-003 3.54463910e-003 0. 1.14415458e-003
    0. -9.05985216e-005 0. -2.66863336e-003 6.61910046e-003 0. 0. 0. 0.
    0. 0. 0. 0. 8.34654376e-004 -1.69014395e-003 0. 8.08236003e-003
    5.64745720e-003 4.27727634e-003 0. -6.00876519e-005 3.14305397e-003
    0. 0. 0. 2.64711655e-003 5.92327630e-003 0. -2.28426396e-003
    1.79105811e-003 0. 9.63483471e-003 3.45930620e-003 0. 0.
    9.34912314e-005 1.97321200e-003 0. 0. 0. 3.07512353e-003 0.
    5.99246332e-003 6.35321904e-003 1.93712662e-003 0. 2.76473351e-003
    0. 0. 0. -7.34281857e-005 2.62724375e-003 0. 7.43983593e-003
    -1.06570648e-003 0. 0. -1.58266362e-003 4.07477235e-003 0.
    1.12257025e-003 0. 4.48466884e-003 0. 4.61543165e-003
    1.38776167e-003 0. 3.86160030e-003 7.58188893e-004 0. 0. 0. 0. 0. 0.
    0. 0. 1.62730098e-003 1.06091369e-002 0. -1.48711249e-003
    2.09689070e-003 5.09412610e-004 2.44154911e-002 1.12519125e-002 0.
    3.43840942e-003 9.65457060e-004 2.94720498e-003 0. 5.98240132e-003
    2.45278003e-003 0. 5.03941905e-003 4.28899750e-003 1.00122287e-003
    2.24805879e-003 -1.35893479e-003 3.30573320e-003 0. 2.71303346e-003
    0. 3.59079495e-005 -1.04375335e-003 0. 1.83668062e-002
    2.55769375e-003 0. 0. 4.78837825e-003 7.55540421e-003
    3.08289449e-003 8.95632023e-004 4.74746991e-003 0. 0. 0.
    2.20415671e-003 -2.09275237e-003 0. 0. 0. 7.84586836e-003 0. 0.
    1.02703669e-003 8.07308219e-003 0. 2.07211752e-003 3.59757035e-003
    1.74438618e-002 0. 1.68703578e-003 0. 0. 4.09379788e-003
    -1.26118335e-004 0. -6.09340030e-004 0. -2.16613151e-003 0.
    6.61885773e-004 0. 0. 1.34690548e-003 0. 6.45136368e-003
    1.64503034e-003 8.09906516e-004 4.77067381e-003 0. 1.51983718e-003
    1.27084740e-003 0. 0. 9.22036823e-003 4.44719149e-003 0. 0. 0.
    1.84394117e-003 1.05649675e-003 0. 0. -2.45943223e-003
    2.41752882e-002 2.83178710e-003 0. -6.07876864e-004 0.
    2.20996048e-003 7.18834018e-003 -2.53303413e-004 0. 0.
    1.25494739e-002 1.65149791e-003 0. -2.40188465e-003 0. 0.
    5.04873367e-003 0. 0. 6.03919756e-003 4.96869488e-003
    1.73662021e-003 0. 5.36729302e-003 -9.05978552e-004 -7.08427280e-004
    4.71389340e-003 0. 0. 0. 7.72381527e-003 0. -2.24647718e-003
    2.11783234e-004</data></imageDescriptor>
</opencv_storage>
