<?xml version="1.0"?>
<opencv_storage>
<imageDescriptor type_id="opencv-matrix">
  <rows>1</rows>
  <cols>500</cols>
  <dt>f</dt>
  <data>
    0. 6.44942978e-003 0. 0. 0. 2.89377943e-003 7.96767999e-004 0. 0.
    9.87184932e-004 2.45529390e-003 0. 4.74929623e-003 -1.47350982e-003
    0. -1.13295100e-003 2.76579172e-004 0. 0. 4.17424506e-003
    3.21255508e-003 0. 1.18419817e-002 5.80456294e-003 -1.55016736e-004
    0. 2.42717820e-003 2.93442956e-003 0. 1.43368903e-003 0. 0. 0. 0.
    4.42690449e-003 0. 1.90223299e-003 6.99108839e-003 6.53084193e-004
    0. -1.60878233e-004 -4.59126517e-004 2.47721118e-003 6.86781947e-004
    5.24024572e-003 3.37392720e-003 0. 1.06189717e-002 4.20232117e-003
    3.17069935e-003 1.46478903e-003 0. 5.36033418e-004 0.
    1.72372791e-003 -5.10671176e-004 -4.64567624e-004 4.93305782e-003
    2.93693272e-003 -2.40067122e-004 3.35294195e-003 0. 1.39722647e-003
    1.13633822e-003 1.72685261e-003 0. -1.71068648e-003 1.31485693e-003
    1.03416201e-002 0. 0. 2.19920883e-003 8.52318655e-004
    1.96169340e-003 5.71215153e-003 4.47814725e-003 7.56297680e-003 0.
    0. 1.12886005e-003 1.76275265e-003 8.68446194e-004 -1.08358893e-003
    2.56884494e-003 4.30459203e-003 -2.48334417e-003 8.52700614e-004
    -3.37987253e-003 0. 0. 1.04557490e-003 0. 6.77449536e-003
    3.94686172e-003 2.67742318e-004 1.39139674e-003 2.54186499e-003
    6.01571612e-003 8.14606715e-003 8.20013974e-003 5.62309008e-003
    4.79431939e-004 3.10833403e-003 7.62610231e-003 0. 0.
    2.31100270e-003 9.09203780e-004 2.60066963e-003 1.00739555e-004 0.
    5.96576789e-003 4.12289705e-003 0. 0. 2.11892487e-003
    9.88257700e-004 3.77403595e-003 0. -3.36014986e-004 1.54213211e-003
    3.54463526e-004 0. 5.59409475e-003 1.48286542e-003 8.12865607e-003
    0. 2.86075682e-003 1.20533095e-003 9.49921645e-003 1.50997750e-003
    0. 0. 3.52163310e-003 0. 5.33186540e-004 2.37305323e-003 0.
    1.45218996e-002 4.17908560e-003 0. 0. 4.54049557e-003
    1.66378904e-003 1.65812299e-002 0. 1.20319810e-003 0. 0. 0.
    7.35092489e-003 5.12725487e-003 7.53880385e-003 0. 8.90310109e-003
    0. -3.90335638e-003 5.06028393e-003 1.10680761e-003 0.
    5.67589980e-003 0. 2.32300488e-003 -1.45834137e-003 7.42506748e-003
    0. 6.61818217e-003 0. -3.07568233e-003 8.75555736e-004
    1.55634200e-003 1.50623557e-003 0. 1.61391438e-003 0.
    2.87227030e-003 0. 0. 1.14753637e-002 4.28482052e-003
    3.53117037e-004 0. 1.01889241e-002 2.29821866e-003 2.81946559e-004
    0. -4.07019135e-004 1.57598127e-003 0. -3.62913730e-003
    9.08165821e-004 0. 0. 1.12303831e-002 0. -7.36413291e-004
    -1.78364664e-003 -2.25436510e-004 7.09813880e-003 1.25152860e-002 0.
    1.56680006e-003 4.94169164e-003 0. 8.92788172e-004 2.97783641e-003
    4.04056814e-003 0. 2.07438157e-003 -7.03040452e-004 0.
    9.65228863e-003 2.22921884e-003 0. 4.17272560e-003 4.52634320e-003
    3.40132811e-003 2.99573760e-003 0. 0. 1.99786318e-003
    -1.01606257e-003 0. 0. 7.92310573e-003 0. 0. 0. 8.13662913e-003 0.
    2.61474727e-003 0. 0. 0. 0. 7.03990040e-003 0. 6.75974472e-004
    1.11363863e-003 0. 2.26535369e-003 0. -5.48304000e-004 0. 0. 0.
    6.39714533e-003 0. 0. 1.24381646e-003 -2.00655079e-003 0. 0.
    1.60535739e-003 2.98779272e-003 5.19014709e-003 0. 2.71761045e-003
    5.49609680e-003 -3.03705630e-004 5.81282703e-003 2.20607501e-003
    5.14159678e-004 1.58324186e-002 2.08681100e-003 2.42990418e-003
    3.74426739e-003 -7.11161294e-004 8.62847257e-004 0. 7.96746288e-004
    4.51229792e-003 4.97314567e-003 -1.65893405e-003 0. 0.
    2.96383398e-003 3.64293950e-003 1.24888122e-003 0. 0. 0. 0. 0.
    8.60197842e-003 8.45664181e-004 1.53317361e-003 1.48420315e-003
    -3.32473847e-003 0. 2.63572601e-003 0. 2.48343148e-003
    1.87637517e-003 1.88183400e-003 1.93506276e-004 5.30461839e-004 0.
    2.38515320e-003 -3.96927819e-003 -5.17284672e-004 1.33462786e-003 0.
    -2.16470077e-003 2.04805075e-003 2.20845919e-003 -8.26765681e-005
    7.38159288e-004 7.02927494e-003 1.74887013e-003 7.91134406e-003
    1.71311095e-003 5.84778003e-003 0. 3.27127549e-004 1.01064122e-003
    -1.33247930e-003 6.10537536e-004 6.39664615e-003 -8.24914430e-004
    2.95623927e-003 0. 0. -1.47298037e-004 0. 0. 0. 9.02186905e-004
    3.01149487e-003 2.22028769e-003 0. 2.89182435e-003 2.18646927e-003
    0. 0. 3.26955575e-003 6.99347258e-003 4.59555537e-004 0.
    1.03136944e-003 0. 0. -2.33169738e-003 1.05399778e-002
    2.33808206e-003 2.03801505e-003 0. 1.28652900e-003 6.01840066e-003
    2.17865990e-003 1.68039626e-003 4.11529932e-003 0. 0.
    8.16046377e-004 6.61773258e-004 1.63019402e-003 4.38300980e-004 0.
    4.52115433e-003 2.32994067e-003 -1.45945454e-003 2.81596044e-003
    7.61777908e-003 1.68949948e-003 2.33452092e-003 2.97173462e-003
    7.98684917e-003 4.40702541e-003 8.61784909e-004 0. 2.07552058e-003
    1.17667648e-003 0. 1.73429411e-003 2.55808467e-003 2.47783377e-003
    4.92988154e-003 0. 5.32605778e-003 2.79638451e-003 1.82391144e-003
    1.08886473e-002 -3.13642784e-003 0. 6.00688392e-003 1.50544953e-003
    0. 1.76696660e-004 0. 2.66685151e-003 7.48289376e-003
    -1.13718770e-003 0. 3.00611195e-004 0. 9.35070333e-004 0.
    -6.66258042e-004 -3.16798367e-004 2.13743327e-003 9.64180392e-004
    -3.44056077e-003 -5.54141414e-004 3.15532950e-003 0. 4.74660425e-003
    7.52340024e-003 4.21628263e-003 2.01356574e-003 1.70271918e-002 0.
    0. 9.80460644e-003 7.31444918e-003 0. 1.31290115e-004 0.
    3.24809179e-003 6.53227617e-004 1.95373502e-002 6.15211483e-003 0.
    4.26812842e-003 -2.19318620e-003 -2.64137308e-003 2.84722098e-003
    1.41867658e-003 0. 0. 7.17459666e-003 0. 0. 1.47054195e-002
    7.07099494e-003 0. 2.32362864e-003 3.91083118e-003 0.
    2.09411699e-003 2.82667205e-003 1.04446046e-003 1.06167644e-002
    5.99276833e-003 1.02109765e-003 7.83374719e-003 0. 0. 0. 0.
    6.76342100e-003 -9.37349454e-004 -1.19098532e-003 1.12130204e-002
    -5.69246731e-005 4.26164130e-003 9.78514086e-003 -2.07435587e-004 0.
    0. 8.51985358e-004 0. 4.00805520e-003 1.08301081e-003
    1.30294822e-003 4.65800753e-003 0. 0. 0. 0. 2.05419911e-003
    2.69288616e-003 3.69378389e-003 0. 0. 2.73668556e-003
    -1.25744706e-003 -2.60039436e-004 0. -1.32145628e-003
    3.56299337e-003 2.57916795e-003 0. 8.94776266e-003 0. 0.
    2.37710681e-003 0. 2.19008746e-003 5.58149768e-003 0. 0.
    7.20557873e-004 8.09303205e-003 0. 3.28923087e-003 0.
    1.00380951e-003 -3.52281204e-004 0.</data></imageDescriptor>
</opencv_storage>
