<?xml version="1.0"?>
<opencv_storage>
<imageDescriptor type_id="opencv-matrix">
  <rows>1</rows>
  <cols>500</cols>
  <dt>f</dt>
  <data>
    2.48019118e-003 6.91161898e-004 0. 4.31710301e-004 5.42654656e-003
    -1.30038068e-003 2.03308254e-003 0. 1.49522349e-003 0.
    -1.63710106e-003 2.32161325e-003 -5.85013302e-004 2.63566314e-003
    2.54731822e-005 -6.78645971e-004 0. 0. 0. 0. 5.52472775e-004
    6.27809146e-004 9.22067929e-003 7.48225895e-004 1.01876501e-002 0.
    0. 0. 0. 0. 4.03206534e-004 8.58918857e-003 0. -1.08853821e-003
    2.66678189e-003 0. 1.07946042e-002 1.08806044e-002 9.38857091e-004
    0. 2.02330551e-003 5.49880136e-003 -2.99731758e-003 -1.00375642e-003
    6.47982489e-003 3.55720776e-003 0. 3.67668271e-003 0.
    -1.95094838e-003 -1.37386611e-004 0. 5.96082490e-003 0.
    3.30113922e-003 5.03217662e-003 8.40547495e-004 1.80321676e-003
    7.72918516e-004 6.75779942e-004 -1.41450006e-003 3.32651730e-003 0.
    0. 0. 8.72196513e-004 0. 0. 2.52143946e-003 5.20190770e-005
    6.59129396e-003 -4.60887997e-004 0. 0. 3.44919157e-003
    1.62766017e-002 0. 1.22566742e-003 0. 4.04145848e-003
    8.70487595e-004 -3.68659594e-003 0. 0. 2.94318050e-003
    8.02891736e-005 0. 3.36655905e-003 1.82931393e-003 0. 0. 0.
    4.20434913e-003 -1.52178327e-004 1.01799341e-002 6.37958152e-003
    1.66346563e-003 7.16087350e-004 3.83416493e-003 0. 8.21708981e-003
    7.31018092e-003 1.22188544e-003 4.25900007e-003 0. 2.58173002e-003
    0. 4.37238906e-003 7.99093919e-004 0. 2.11782707e-003
    1.50978309e-003 6.16002304e-004 5.40239876e-003 1.53195788e-003
    -3.18471430e-004 9.71208967e-004 8.81166954e-004 1.90794177e-004
    9.01283580e-004 0. 0. 1.41724832e-002 4.20330372e-003
    -3.21806758e-003 1.10163065e-002 3.59822111e-003 2.38100137e-003 0.
    -1.77430967e-003 2.10424521e-004 5.21427533e-003 7.88297562e-004
    -8.71022290e-004 0. 1.77428336e-003 0. 0. -1.51138462e-003
    1.85897073e-003 0. 1.10883557e-003 0. 8.20549729e-004
    7.16693141e-003 0. 1.07145845e-003 2.20738212e-003 0. 0.
    -6.07936294e-004 1.40766008e-002 -1.35836905e-004 0. 0. 0.
    8.64409085e-004 -3.07352119e-003 0. -5.28913515e-004 3.08005465e-003
    -5.67847397e-004 1.85810141e-002 0. 0. 4.86298930e-003 0. 0.
    2.21730419e-003 0. 0. 9.89419129e-003 1.44284335e-003 0.
    1.83186738e-003 1.81741299e-004 0. 0. 2.88139610e-003
    1.16850631e-002 0. -7.18640920e-004 1.50058353e-002 5.18360967e-003
    1.33080613e-002 0. 0. 2.73280544e-003 9.93061531e-003
    9.69047379e-003 5.41142933e-003 -7.76250381e-004 3.59939481e-003 0.
    0. 0. 1.97656895e-003 0. 0. 8.12419283e-004 -1.35859940e-003
    -3.97586846e-004 0. 0. 0. 0. 0. 6.81524444e-003 0. 1.85156381e-003
    6.91835419e-004 1.42869749e-003 1.20009240e-002 0. 0.
    3.73858446e-003 0. 0. 4.80600679e-003 2.43259012e-003
    4.85484535e-003 -1.26241881e-003 0. -9.57686279e-004 1.49068059e-002
    8.96389876e-003 1.82197211e-004 0. 2.63335393e-003 4.94818017e-003
    0. -2.30219052e-003 1.21176206e-004 1.32545717e-002 0.
    2.16018711e-003 2.47577671e-003 -4.47325408e-003 7.96892121e-003
    5.44318883e-003 0. 0. -2.70501617e-003 0. 1.17458904e-003 0.
    -3.77054093e-004 1.50437129e-003 0. 5.29235636e-004 3.95182334e-003
    0. 0. 6.40687125e-004 0. 0. 3.15895258e-003 9.00623761e-003
    -2.89299688e-003 9.27970221e-004 0. 0. 1.26702292e-003 0.
    2.77370587e-003 0. 0. 3.29083251e-003 0. 0. 4.91278945e-003
    -6.83257007e-004 5.51429763e-003 1.01889949e-004 0. 6.30729226e-003
    3.86946276e-003 3.34758987e-003 -3.62964405e-004 0. 1.40108203e-003
    0. -1.47726678e-003 8.84843059e-003 -1.17361813e-003 0.
    -2.05063159e-004 -8.14949221e-004 1.53115927e-003 0. 0.
    3.06058908e-003 9.29419009e-004 0. 5.10693016e-003 7.94485863e-003
    0. 0. 0. 2.83012027e-003 3.09687993e-003 -9.84798302e-004
    4.12341411e-004 4.78192524e-004 5.49573638e-003 -7.44894263e-004
    1.40735852e-002 0. 6.26929104e-003 1.13914046e-003 1.71582494e-003
    5.17937681e-003 2.23253411e-003 4.24074853e-004 3.32987984e-003
    -2.33612908e-003 4.31165425e-003 0. -1.17220054e-003 0.
    4.04310878e-003 2.92931567e-003 0. 5.05232858e-003 -1.83029426e-003
    0. 1.12033412e-002 1.44941546e-003 1.34945894e-002 -1.33803196e-003
    2.23667058e-003 4.04315069e-003 1.09266781e-003 0. -3.12425487e-004
    3.29629332e-003 0. 0. -1.07270724e-003 0. 7.84180500e-003
    1.36941532e-003 4.85616416e-004 0. 0. 0. 0. 2.78397667e-004
    7.00354157e-003 3.86782398e-004 5.80417598e-003 2.50921538e-003
    2.48357421e-003 1.35075627e-003 0. 1.74278230e-003 9.36757569e-005
    0. 6.63246354e-003 0. 1.40382024e-003 6.91168616e-003
    9.19020083e-003 -8.91006435e-004 0. 0. 0. 0. -6.06434746e-003
    3.01013654e-003 0. 2.80440319e-003 2.85029202e-003 1.46541977e-002
    0. 0. 0. 1.61574744e-002 2.38845567e-003 2.74114287e-003
    2.84983055e-003 -2.18223920e-003 3.16396961e-003 2.44858838e-003
    6.72211172e-003 2.52713542e-003 0. 2.38887337e-003 2.26526149e-003
    2.91102729e-003 -2.03637476e-003 6.12534350e-003 6.85336720e-003
    -2.55372678e-003 0. 2.31879996e-003 6.32006582e-003 1.04559993e-003
    -9.10524686e-004 1.62380317e-003 4.28164657e-003 6.00825122e-004
    3.57251638e-003 2.48156721e-003 4.22704313e-003 -3.03440145e-004
    2.55644997e-003 6.92832749e-003 -2.06186247e-004 0. -2.18825517e-004
    0. 1.15502591e-003 3.14742676e-003 0. 0. 7.13466015e-003 0.
    1.70862745e-003 0. 0. 7.71703385e-003 2.95345113e-003
    4.19195415e-003 6.60359394e-003 8.33339337e-003 0. 0.
    1.47482492e-002 9.25507303e-003 2.67791888e-003 -3.02248308e-003
    6.57477556e-003 0. 0. 2.90766335e-003 9.45989229e-003 0. 0. 0. 0.
    -6.95782946e-005 0. 9.33237746e-003 -1.51152513e-003 3.33098997e-003
    0. 0. -1.38597633e-003 0. 1.61901640e-004 -3.79050849e-003
    1.95726985e-003 4.78577521e-003 4.32937872e-003 -9.07056674e-004
    1.31284783e-003 0. 5.41865267e-003 3.97777185e-003 1.10048905e-003
    -1.02386996e-003 0. 0. 0. 1.07939579e-002 -4.27724980e-003
    -4.76749527e-004 0. -2.00534984e-003 0. 6.15634826e-006
    1.75416513e-004 1.06505537e-003 1.13238543e-002 5.55225648e-003
    2.57549528e-003 8.40010587e-003 1.81161705e-003 6.01353636e-003
    5.19242429e-004 0. 0. 6.09216606e-003 6.93858368e-003
    9.00046551e-004 9.52984300e-003 1.30130700e-003 3.92530719e-003
    -2.81002460e-004 0. 7.44104059e-003 0. 0. 2.74870632e-004
    -2.81319185e-003 0. 2.93946639e-003 0. 3.66694503e-003</data></imageDescriptor>
</opencv_storage>
