<?xml version="1.0"?>
<opencv_storage>
<imageDescriptor type_id="opencv-matrix">
  <rows>1</rows>
  <cols>500</cols>
  <dt>f</dt>
  <data>
    0. 1.30212412e-003 0. 4.07857355e-003 5.69340726e-003 0.
    7.08721858e-003 4.22532065e-003 0. 0. 0. 0. 0. 0. 3.64652579e-003 0.
    0. 0. 0. 0. 5.62948622e-002 0. 0. 1.09203160e-003 1.15020303e-002
    9.51759983e-003 0. 6.03373814e-003 4.20178985e-003 4.17900225e-003
    0. 0. 0. 6.50299946e-004 0. 0. 1.52026216e-004 0. 0. 1.23160810e-003
    2.02735118e-003 7.00864068e-004 2.50302459e-004 0. -1.52191787e-003
    0. 1.19427107e-002 2.99782027e-003 1.54828234e-003 1.07562647e-003
    0. 5.92371076e-003 5.48487855e-003 0. 0. 3.89538589e-003
    1.08680781e-003 0. 0. 6.88459398e-003 0. 0. 2.56612967e-003 0.
    2.88019888e-004 0. 1.50128761e-002 2.53593479e-003 6.09109877e-003
    0. 3.53039242e-003 0. 2.32348405e-003 0. 4.41643111e-002 0. 0.
    4.90529928e-003 0. -3.15552088e-003 9.46520537e-004 8.69613432e-005
    0. 0. 0. 5.32246009e-003 0. 0. 0. 1.32837715e-002 1.47147838e-003 0.
    0. 1.01802908e-002 3.07532051e-003 0. 0. 1.41370122e-003 0. 0.
    7.69596919e-003 0. 0. 4.61216224e-003 0. 0. 1.21325336e-003
    4.33199224e-004 8.67484137e-004 6.99398527e-003 0. 2.34457129e-003
    2.50340905e-003 0. 2.45768074e-002 0. 0. 2.30902666e-003
    -1.54778420e-003 8.12804978e-003 0. 0. 0. 3.88508523e-003 0. 0. 0.
    2.46583926e-003 2.95004481e-003 0. 3.44805303e-003 0. 0. 0.
    3.18014319e-003 0. 0. 2.80279224e-003 3.19657777e-003
    6.66070823e-003 0. 0. 0. 0. 8.24457593e-003 4.92462516e-003 0. 0. 0.
    8.74764659e-003 0. 0. 3.32559831e-003 0. 4.05316753e-003 0. 0. 0.
    -1.00965437e-003 0. 1.07272184e-002 1.17080763e-003 0. 0. 0. 0.
    9.30520648e-004 0. 0. 0. -4.73394524e-004 0. 0. 1.34882182e-002 0.
    0. 0. 0. -5.84088499e-003 -3.46455816e-003 0. 3.30937561e-004 0.
    3.83032602e-003 0. 0. 0. 6.79782708e-004 0. 0. 0. 0. 5.24496706e-003
    0. 4.99170972e-003 -4.84427717e-003 0. 0. 0. 0. 0. 1.82178430e-003
    0. 1.19719412e-002 0. 6.04188396e-003 0. 0. 0. -9.67454072e-003 0.
    0. 0. 0. 2.30416246e-002 0. 2.35994230e-003 -1.01542671e-003
    1.93839818e-002 4.68870765e-003 0. 0. 1.91583089e-003 0.
    4.12037177e-003 8.76629911e-003 0. 1.83732796e-003 3.48106422e-003
    0. 4.02477710e-003 5.52996900e-003 0. 2.27140030e-003 0.
    5.31555573e-003 0. 4.05882671e-003 3.55000747e-003 0.
    -4.32844332e-004 0. 0. 3.31898336e-004 0. 0. 0. 0. 0. 0. 0. 0. 0. 0.
    1.11457892e-002 0. 0. 1.07839061e-002 1.60002541e-002 0.
    2.05553346e-003 7.50923343e-003 7.86671415e-003 2.03849655e-003
    -5.53445332e-003 0. 0. 0. 0. 0. 0. -7.56033871e-004 6.64476398e-003
    0. 5.94799640e-003 1.49664481e-003 1.60689920e-003 6.32900372e-003
    -9.74170107e-005 3.78057337e-003 0. 3.02019180e-003 0.
    3.20135290e-003 -8.24979390e-004 0. -3.78733850e-004 0.
    4.57674405e-003 4.78478847e-003 0. 0. 4.16509761e-003
    5.68163814e-003 1.16322059e-002 0. 0. -2.05577095e-003 0.
    5.49130421e-003 -8.99798819e-004 0. 2.71813897e-003 2.86523893e-004
    0. 0. 1.62432119e-002 0. 4.21144161e-003 9.04223695e-003
    5.61480876e-003 0. 0. 0. -4.79503069e-003 7.36823631e-003 0. 0. 0.
    0. 0. 0. 7.35613238e-003 0. 8.10482912e-003 0. 0. 0. 5.75804617e-004
    4.56288457e-003 0. 0. 0. 3.41206673e-003 0. 0. 0. 4.06188983e-003
    4.46336297e-003 0. 0. 0. 0. 0. 0. 0. 8.28891993e-003 2.18018028e-003
    0. -3.57158692e-003 0. 0. 5.16708149e-003 0. 0. 7.26695685e-003 0.
    7.01967103e-004 3.81098129e-003 8.31829850e-003 0. 0. 0.
    9.64145001e-004 0. 0. 1.28711332e-002 0. 4.71423904e-004 0. 0. 0.
    2.95709888e-003 1.17475251e-002 0. 2.41733200e-004 0.
    7.95439631e-003 2.59901863e-003 0. 1.20490687e-002 0.
    7.81549793e-003 0. 0. 0. 0. 4.14086599e-003 6.55862456e-003
    -2.40674848e-003 0. 0. 0. 0. 0. 4.35660267e-003 5.54609997e-003 0.
    -1.39187218e-003 -5.70403528e-004 0. -1.83110044e-003
    5.75244799e-003 0. 2.92592013e-004 4.02716501e-003 0.
    5.70138497e-003 0. 0. 0. 0. 0. 1.21091981e-003 0. 3.07765463e-003 0.
    4.21778113e-003 0. 0. 0. 0. 7.23027065e-003 0. 0. 0. 1.08330818e-002
    3.99514707e-003 7.57260760e-003 3.09559773e-003 0. 0. 0. 0. 0. 0. 0.
    0. 8.55836924e-003 0. 2.98026646e-003 -3.29452654e-004
    8.53004958e-003 0. -6.90916670e-004 6.15283288e-003 3.15724825e-003
    0. 4.05392982e-003 0. 0. -6.90498017e-003 0. 3.98718985e-003
    2.71594414e-004 -3.20602977e-003 1.22989691e-003 0. 0.
    1.04598068e-002 7.63822754e-004 0. 3.38577386e-003 1.20923752e-002
    5.06789144e-003 6.13976363e-003 5.10751083e-003 3.49762803e-003 0.
    0. 0. 0. 0. 4.65130154e-003 0. 1.89405016e-003 6.48478337e-004
    2.45568575e-003 0. 0. 0. 0. 1.54868746e-002 0. 0. 0. 0. 0.
    -6.02755556e-003 1.55372825e-003 0. 0. 0. 1.91574218e-003
    1.57494508e-002 0. 6.51781121e-003 0. 6.49485923e-003
    -1.72022684e-003</data></imageDescriptor>
</opencv_storage>
