<?xml version="1.0"?>
<opencv_storage>
<imageDescriptor type_id="opencv-matrix">
  <rows>1</rows>
  <cols>500</cols>
  <dt>f</dt>
  <data>
    3.36541474e-004 5.67104062e-003 0. 0. 2.95552309e-003 0. 0. 0. 0.
    3.34619428e-003 7.47823715e-003 3.49284243e-003 6.42933417e-004 0.
    2.72772345e-003 0. 1.15351286e-003 6.78141369e-003 0.
    -3.33909993e-005 0. 8.91106902e-004 0. 0. 0. 0. 6.41527539e-003 0.
    0. 2.13753176e-003 1.68575346e-002 -8.82730455e-005 0.
    1.13581552e-003 -3.58670112e-003 0. 8.52544513e-003 0.
    4.42550605e-004 6.42019417e-003 0. 1.24805642e-003 1.39205838e-002
    0. 0. 2.62861466e-003 0. 5.72800264e-003 0. 0. 0. 8.78011622e-003 0.
    -8.82269908e-003 0. 0. 0. 1.84390787e-003 1.43128075e-003
    2.31769797e-003 5.81943942e-003 0. 1.01332227e-002 8.27095751e-003
    6.26218459e-003 0. 4.88285022e-003 0. 0. 3.87016684e-003
    8.26894864e-003 2.55318731e-003 0. 0. 1.95843587e-003 0.
    7.07522675e-004 0. 0. -7.36119575e-004 1.65509456e-003
    8.06298945e-003 -8.62289686e-004 0. 1.31221879e-002 2.16270913e-003
    0. 4.97143809e-003 0. 0. 7.59691978e-003 0. 3.73222493e-003
    1.53581193e-003 5.15591213e-003 0. 6.06903166e-004 0. 0.
    1.49171408e-002 0. 4.32358682e-003 7.33032916e-003 -3.19185853e-003
    0. 5.30488091e-003 0. 0. 0. 2.84310430e-003 5.20252669e-003 0.
    6.89827139e-003 0. 1.60564408e-002 1.35943741e-002 0.
    3.92259285e-003 0. 0. 3.10051371e-003 2.75329268e-003 0. 0. 0.
    3.79505567e-004 2.16681277e-003 1.30693766e-003 0. 0. 0.
    6.00847276e-003 0. 0. 0. 0. 0. 5.41539723e-003 1.16608171e-002
    4.97079408e-003 1.78444590e-002 6.25834102e-003 0. 0. 0.
    7.74738553e-004 6.97355485e-003 4.29623236e-004 0. 3.87061737e-003
    4.24345676e-003 6.81844261e-003 0. 1.27677023e-002 0. 0. 0. 0.
    2.95875221e-003 1.46498473e-003 -9.69032757e-004 0. 4.15465049e-003
    0. 0. 0. 2.76332651e-003 0. 0. 0. -3.09206825e-003 0.
    -1.35522836e-003 6.10732799e-003 7.53561174e-003 2.14520888e-003
    6.32586749e-003 0. 1.10934325e-003 2.48132972e-003 0. 0. 0.
    2.47921795e-003 0. 3.24097084e-004 -9.68369748e-003 0. 0.
    9.20092314e-003 1.45797655e-002 5.86386537e-003 1.43318193e-003
    1.49674178e-003 0. 2.34159757e-003 -1.77300454e-003 7.50019972e-004
    0. 1.39326195e-003 0. 0. 0. 0. 0. 0. 5.79496438e-004 4.23072313e-004
    0. 0. 1.01662660e-002 7.04268052e-004 0. 2.12642457e-003
    7.74936518e-003 2.88428413e-003 3.54633987e-004 0. 0.
    5.85117750e-003 1.51361933e-003 0. 1.84946833e-003 4.01624758e-003
    2.06210185e-002 3.09868362e-002 2.33757403e-003 0. 0. 0.
    9.75663657e-004 -4.13027534e-004 0. 3.91439721e-003 5.76432468e-003
    2.74310564e-003 0. 2.68542301e-003 4.52431384e-003 0.
    4.74637281e-003 -3.29329818e-003 0. 1.27703128e-002 8.34237225e-003
    0. 0. 0. 9.24129039e-004 0. -4.48598433e-003 0. 6.51518989e-004 0.
    0. 1.45311945e-003 2.62727821e-003 4.07624058e-003 0.
    2.71650287e-003 0. 4.56982944e-003 0. 4.18645702e-003 0.
    -1.78880570e-003 -7.16971757e-004 0. 0. 1.23503348e-002
    6.78736344e-003 -1.57346239e-003 2.82491627e-003 0. 5.52942138e-003
    0. 0. -1.77095295e-003 2.75987666e-003 -5.75488782e-004
    2.18520081e-003 0. -1.69114675e-003 0. 0. 0. 6.78723818e-003 0. 0.
    0. 0. 9.22440924e-003 0. -1.32865866e-003 1.44841149e-003
    2.63313763e-003 5.88840619e-003 2.19191820e-003 -9.06359695e-004
    7.53449451e-004 0. 7.49727711e-003 0. 1.28947338e-002
    2.81227194e-003 0. 0. 3.92853888e-003 -3.39970132e-003 0.
    -6.43811436e-005 0. 0. 0. -1.98571803e-003 0. 0. 2.69441190e-003
    2.22582724e-002 0. 0. 0. 2.01234850e-003 3.20297619e-003
    -1.16000150e-003 2.37345486e-003 0. 0. 0. 0. 1.06725469e-003
    7.14908307e-003 0. 3.57474061e-003 0. 4.24809614e-003
    3.67211225e-003 1.32071227e-003 0. 0. 3.55459144e-003 0.
    6.76616281e-003 6.94435043e-003 8.94030463e-003 0. 0. 0. 0. 0.
    5.26292017e-003 0. 0. 3.95759381e-003 0. 0. 8.71000055e-004
    5.55397943e-004 0. 3.58310994e-003 0. 3.28822760e-003 0. 0.
    5.06260293e-003 1.94667373e-002 2.44095037e-003 1.00702606e-002
    -2.17945362e-003 0. 0. -8.85365065e-004 3.13066121e-004
    5.85187227e-003 0. 0. 0. 8.20986647e-003 0. 1.33019860e-003 0. 0.
    6.91548130e-003 1.13857409e-003 0. 0. 0. 0. 5.39614772e-003 0. 0.
    7.19205104e-003 0. 3.62119218e-003 0. 4.16777516e-003
    1.01820962e-003 0. 3.95755563e-003 0. 2.57441681e-003
    6.06245687e-003 0. 5.45946369e-003 0. 0. 2.23175064e-003 0.
    4.79379529e-003 0. 9.98711586e-003 0. 0. 2.62131519e-003 0.
    9.31763370e-003 4.65534348e-003 0. 4.63138567e-005 0. 0. 0.
    1.26713300e-002 9.53482371e-003 -2.28316709e-003 6.80776685e-003
    -2.03737081e-003 0. 0. 0. 0. 0. 2.41358392e-003 0. 0.
    1.54111348e-003 0. 0. 1.86568557e-003 0. 1.05638830e-002 0. 0. 0.
    -1.97455357e-003 0. 0. 0. -1.14736613e-003 6.96216524e-003 0. 0. 0.
    0. 6.53043017e-003 2.22991640e-003 -1.73330004e-003 5.04876534e-003
    -1.79884827e-003 2.51489412e-003 0. 0. 0. 0. 0. 4.64601349e-003
    4.97706467e-003 -4.04384395e-004 0. 0. 0. 0. 3.87858204e-003
    1.05288730e-003 0. 4.34807182e-004 7.01192720e-003 -5.12885442e-003
    6.78897882e-003 9.91593930e-004 -6.37455028e-004 2.74508446e-003
    4.65298712e-004 6.99814968e-003 0. 9.99940443e-004 2.15183315e-003
    0. 0. 0. 2.17142794e-003 0. 9.86544788e-003 0. 0. 0.
    -1.36754534e-003 -1.61159062e-003 0. 7.45833619e-003</data></imageDescriptor>
</opencv_storage>
