<?xml version="1.0"?>
<opencv_storage>
<imageDescriptor type_id="opencv-matrix">
  <rows>1</rows>
  <cols>500</cols>
  <dt>f</dt>
  <data>
    5.10189915e-004 6.23199448e-004 0. 0. 4.01898893e-003
    -9.52329079e-004 -3.80090112e-003 0. 1.56850379e-003 7.42863456e-004
    -3.49676935e-004 8.25348962e-003 -9.78740281e-004 3.30051780e-003
    6.35669846e-003 0. 2.07491126e-003 1.18175219e-003 0.
    6.59111701e-003 1.06081143e-002 0. 0. 0. 0. 1.37562957e-002 0.
    3.03649390e-003 -6.31638279e-004 2.92470423e-003 5.43582020e-003
    1.76920299e-003 -3.64387990e-003 4.69207019e-003 1.59113540e-003 0.
    1.28470710e-003 0. 0. -7.85759278e-003 2.20502028e-003
    1.32827377e-002 -1.85991463e-003 0. 1.24762906e-002 2.44494490e-002
    0. 1.11812251e-002 2.34664581e-003 0. 0. 0. 4.20182711e-003 0.
    4.14640224e-003 0. 1.51995872e-003 0. 0. 1.94963964e-003
    2.57205334e-004 -3.88782319e-005 9.40922182e-003 3.10988748e-003
    -2.22966657e-003 0. 0. 5.64373890e-003 -4.54616034e-003 0.
    1.50488282e-003 0. 0. -7.07882282e-004 0. 0. 0. 0. 1.33973861e-003
    -6.01915992e-004 7.80487619e-003 -3.71006224e-003 -1.17554469e-003
    0. 2.75249733e-003 2.42916564e-003 0. -2.22038449e-004 0.
    1.49867660e-003 1.11512409e-003 0. 0. 7.48147350e-003 0.
    4.09837300e-003 7.27032777e-003 -1.06255780e-003 5.38749248e-003
    4.62733582e-003 -3.97484662e-004 4.26404271e-003 1.66501140e-003
    4.75709606e-003 2.79203313e-003 0. 0. 0. 0. 0. 2.61315820e-003
    7.17208837e-004 4.72893706e-003 3.36041837e-003 1.46368111e-004 0.
    0. 1.85308943e-003 0. 0. 0. 0. 0. 0. 2.01730104e-003 0.
    4.75955708e-003 7.28237955e-003 0. 0. 0. -6.04872534e-004 0. 0.
    3.57884681e-003 1.42488733e-003 0. 1.64318886e-002 -1.28852306e-002
    7.77857713e-005 0. 6.29675109e-004 0. -2.22224835e-003
    2.88145128e-003 -5.17371483e-003 0. 0. 0. 4.49356064e-003
    1.29610617e-002 9.34521158e-005 -5.21178078e-003 4.25854372e-003 0.
    0. 0. 0. 2.35130498e-003 2.05745618e-003 4.27420810e-003 0.
    7.17035308e-003 2.24540988e-003 -9.27586923e-004 8.30811448e-003 0.
    0. 1.54450512e-003 1.29413523e-003 -2.79047852e-003 0. 0. 0. 0.
    1.33343157e-004 1.06673362e-002 0. 0. 4.90882527e-003 0. 0. 0. 0.
    2.59376760e-003 2.11275229e-003 7.15763401e-003 -5.11670997e-003
    3.79775847e-005 0. 0. 0. 0. -2.02791928e-003 0. -2.22795876e-003
    3.68553703e-003 3.52858566e-003 0. 0. 0. 0. 0. 2.96938848e-002
    -1.12055591e-003 2.87975138e-003 1.57896185e-003 0. 0.
    3.89940292e-003 0. -1.19920529e-004 0. 1.82361947e-003
    1.24813244e-003 1.73177198e-003 7.74729298e-003 0. 0.
    -1.99689786e-003 0. 0. 3.10764369e-003 0. 9.74211842e-003
    2.47574188e-002 0. 3.47608729e-004 0. 0. 1.14955241e-003
    -4.08386579e-003 0. 7.56664667e-003 3.97031242e-003 -2.18892097e-003
    0. 2.39744945e-003 0. 3.91163956e-003 0. 3.30516283e-004
    -2.79104919e-004 6.56411750e-003 5.22349123e-003 2.22068839e-002 0.
    0. 0. 0. -1.13236276e-003 0. -1.02438498e-003 0. 2.68497388e-003
    5.76843601e-003 -8.72871664e-004 0. 2.52788397e-003 0. 0.
    2.77530514e-002 0. 1.54905417e-003 0. 0. 0. 0. 0. 9.81700234e-003
    3.27680679e-003 -2.50647939e-003 0. 1.29574549e-003 5.55329164e-003
    0. 0. 2.08748830e-003 0. 0. 0. 2.35889177e-003 0. -1.22686673e-003
    3.29390890e-003 5.32024959e-003 8.52291193e-003 0. -1.53994630e-003
    0. 2.25300854e-003 3.96237848e-003 8.07391666e-003 0. 0.
    1.17337815e-002 7.32430629e-003 0. 9.64847114e-003 0. 0.
    2.49531157e-002 8.33211350e-004 9.70237050e-003 0. 1.21879822e-003
    2.14738320e-004 -9.33074160e-004 0. 0. 0. 2.47693621e-003 0. 0. 0.
    1.07393451e-002 -1.17851759e-003 -1.96633488e-003 -3.74804460e-003
    0. -3.32689774e-003 0. 0. 0. 0. 0. 0. 0. 7.12523516e-003
    9.74599912e-004 0. 6.03924459e-003 3.04092001e-003 0. 0. 0.
    3.72486049e-003 2.55850703e-003 1.00413628e-003 2.03592330e-003 0.
    0. 0. 5.54549694e-003 -1.26086525e-003 0. 0. 0. 7.18999514e-003 0.
    -1.27279258e-003 0. 1.49648392e-003 -1.04369957e-003 1.23219402e-003
    0. 2.22924515e-003 -5.24906116e-003 6.54909387e-003 0. 0.
    5.69090713e-003 8.18468980e-005 0. 0. 1.70178842e-002
    8.77125934e-003 6.19573612e-003 1.88307685e-003 4.17227158e-003
    4.86435648e-003 3.33744776e-003 8.83844309e-003 0. 0. 0. 0. 0.
    9.63275321e-003 0. 1.38114789e-003 2.69057695e-003 0.
    3.49616376e-003 2.61505251e-003 0. 3.20698298e-003 0. 0.
    2.07681791e-003 4.33482463e-003 0. 0. 0. 7.59646855e-003 0. 0. 0.
    -4.56099724e-003 3.08308168e-003 7.79352942e-003 1.32745327e-002
    -1.34162034e-003 2.15180963e-003 0. 1.19074350e-002 3.62370387e-002
    9.32006806e-005 1.66902051e-003 0. 1.85640659e-002 7.38949329e-003
    4.51798178e-003 0. 0. 0. 0. 0. 5.84297488e-003 -1.12255674e-003 0.
    0. 1.73224024e-002 3.77677986e-003 4.58562543e-004 0.
    -4.25106101e-003 0. 0. 6.93868985e-003 0. 2.81623099e-003
    6.17218623e-003 7.87093583e-003 0. 0. 0. 4.43237461e-003 0.
    3.81861161e-003 1.97712872e-002 2.55457754e-003 1.98945291e-002 0.
    0. 8.51079728e-003 0. 0. 4.28059092e-003 0. 0. 0. 0. 2.74642976e-003
    0. 0. 5.12260757e-003 2.21080449e-003 -9.54894640e-004 0. 0. 0. 0.
    0. 0. 8.35979823e-003 6.45273086e-003 0. 8.40332638e-003
    1.79444032e-003 4.66211513e-003 2.73341965e-003 8.59284308e-003 0.
    0. 0. -3.18667473e-004 0. 0. 0. 0. 0. 1.44317281e-003 0. 0. 0. 0. 0.
    3.54118180e-003 0. 2.76816194e-003 2.94512231e-003 0.
    3.85189406e-003 0. 0. -3.31537402e-003 0. 0. 0.</data></imageDescriptor>
</opencv_storage>
