<?xml version="1.0"?>
<opencv_storage>
<imageDescriptor type_id="opencv-matrix">
  <rows>1</rows>
  <cols>500</cols>
  <dt>f</dt>
  <data>
    0. 7.51965400e-003 0. 0. 0. 0. 4.89240792e-003 0. 0. 1.07527641e-003
    6.27060537e-004 0. 0. 0. 0. 0. 0. 1.38069838e-002 2.21216585e-003 0.
    1.03130294e-002 0. 0. 0. 1.50271878e-002 2.46657035e-003
    3.11797229e-003 0. 0. -5.73987083e-004 0. -1.02661713e-003
    -4.89783846e-003 9.64787602e-003 0. 1.83830399e-003 -8.53093807e-003
    0. 0. 2.33288668e-003 -1.25049031e-003 5.74709894e-003
    5.24437707e-003 0. 6.14178460e-003 0. 0. -2.93421070e-003 0.
    5.70884673e-003 0. 0. 0. 0. 0. 0. 5.48765203e-003 0. 0. 0. 0. 0.
    4.25850376e-002 7.71012437e-003 0. 0. 0. 0. 0. 3.00813187e-003
    1.58220269e-002 0. 0. 2.89774453e-003 6.41967054e-004 0.
    3.30888061e-003 3.32947262e-003 0. 3.51981469e-003 0.
    -5.01040462e-003 5.61944093e-004 0. 0. 0. 1.63469352e-002
    -1.06757856e-003 0. 0. 0. 0. 0. 0. 5.58786327e-004 0.
    7.35996509e-005 -1.32323592e-003 0. 0. 4.24633687e-003
    6.07999228e-003 0. 1.89864226e-002 0. 0. 2.69432319e-003
    1.08083291e-002 0. 0. 3.10248509e-003 0. 2.23913919e-002
    9.22848994e-004 1.41551904e-002 0. 0. 3.08678369e-003 0.
    6.17843401e-003 0. 0. 4.09175083e-003 0. 1.47171123e-002 0. 0. 0.
    7.09600747e-003 0. 0. -1.01726956e-003 0. 0. 0. 0. 0. 0.
    1.55119328e-002 0. 0. 6.08101441e-003 0. 1.85780856e-003 0. 0. 0. 0.
    0. 3.39289964e-003 -4.95639723e-003 1.72512121e-002 -6.50427130e-004
    1.07527524e-002 0. 0. 3.02763376e-003 0. -7.95478560e-003 0. 0. 0.
    0. 0. 3.11999558e-003 7.47983949e-003 8.00952781e-003
    6.80459803e-003 1.51381148e-002 0. 0. -1.45650515e-003
    -4.75520210e-004 0. 0. 0. 0. 0. 6.32456271e-003 3.09212855e-003 0.
    0. 0. 0. 0. 0. 0. 3.91212385e-003 7.09228078e-003 0. 0. 0.
    2.76578893e-003 -3.68049135e-003 -3.96429608e-003 1.10392866e-004 0.
    0. 0. 0. 0. 0. 0. 2.88764620e-003 0. 2.25867704e-003 0.
    -1.00620222e-004 0. 1.83234923e-003 0. 0. 5.54451719e-004 0.
    5.88381989e-003 2.20817304e-003 4.90377517e-003 1.64797483e-003 0.
    -2.03867233e-003 1.45736812e-002 0. 0. 0. 8.56450573e-003
    4.78259381e-003 0. 0. 1.23619931e-002 6.08919933e-003 0.
    7.59829208e-003 0. 7.63257872e-003 0. 1.23774437e-002 0.
    2.51933001e-003 2.20941799e-003 0. 0. 3.26642441e-003 0.
    5.11461217e-003 0. 5.42944297e-003 0. -9.26645298e-005 0.
    2.15140288e-003 0. 0. 0. 0. 2.20630295e-003 0. 0. 1.02345720e-002
    6.62583811e-003 0. 0. 0. 0. -7.23818829e-003 0. 0. 0. 0. 0. 0. 0.
    5.95078571e-004 0. 0. 0. 8.46478064e-003 0. -1.55914854e-003
    5.01109380e-003 0. 0. 0. 9.83247440e-003 0. 0. 0. 0. 0. 0. 0. 0.
    3.84175475e-003 -2.54845363e-003 -1.60441827e-003 5.87670691e-003
    7.54357199e-004 0. 0. 0. 5.54403104e-003 1.37917302e-003
    7.65619567e-004 0. 0. 0. -2.79694470e-003 0. 3.58133623e-003 0.
    4.05765139e-003 0. 0. 0. 1.34069007e-002 0. 8.81616678e-003
    3.00078164e-003 0. 0. 5.95860602e-003 0. 0. 2.79581896e-003 0.
    -3.09589668e-003 0. 6.15286967e-003 0. 1.94265367e-003
    1.06691122e-002 0. 0. 0. 0. 1.70631078e-003 0. 0. 0. 0. 0. 0.
    -2.49720004e-004 0. 9.42760054e-003 0. 0. 2.52035516e-003 0. 0.
    1.18221308e-003 0. 0. 0. 0. 3.18005471e-003 3.70554300e-003 0.
    6.43820874e-003 0. -8.47963674e-005 0. 0. 1.92413491e-003 0.
    3.69470962e-003 0. 0. 0. 0. 0. 0. 1.55923646e-002 3.24277999e-003
    1.48059893e-002 0. 0. 0. 0. 3.24849505e-003 0. -1.03349052e-002
    1.00804749e-003 2.64802109e-003 6.49846066e-003 0. 0. 0.
    1.95584405e-004 6.94802590e-003 3.76538537e-003 1.13107581e-002 0.
    0. 5.36514167e-003 8.64530564e-004 -3.78628611e-004 8.18446092e-003
    1.87092007e-003 0. 5.14841732e-003 6.74904324e-003 1.60532799e-002
    0. -4.49077366e-003 2.49873591e-003 -4.38942516e-004
    -2.23196927e-003 0. 1.35127746e-004 5.15764020e-003 5.78620844e-003
    1.22411945e-003 7.66993361e-003 0. 0. 0. 8.46816693e-003 0. 0.
    4.75484738e-003 0. 0. 6.36540912e-003 1.20379180e-002 0.
    -2.36624130e-003 1.01812547e-002 2.02531717e-003 2.34693643e-002 0.
    1.46161960e-002 0. 0. 0. -1.26610708e-003 1.40190329e-002 0.
    1.46746915e-002 7.82730430e-003 0. 2.42664781e-003 0.
    4.28779284e-003 0. 4.48643696e-003 0. 0. 0. 0. 0. 0. 1.68025889e-003
    0. 0. 1.41815934e-002 0. 0. 4.41970024e-003 0. 0. 0. 0. 0.
    3.79209942e-003 0. 2.80181542e-002 0. -5.73809817e-003 0.
    4.49639698e-003 0. 4.85030841e-003 0. 0. 0. 0. 2.18961248e-003
    -8.66024115e-004 0. 2.46186764e-003 0. 0. 1.28945067e-006 0.
    1.06619447e-002 0. 0. 6.47525862e-003 -1.65874802e-003
    3.59808430e-002 0. -1.70077092e-003 6.89078530e-004 0.
    2.14727991e-003 0. 0. 0. 0. 0.</data></imageDescriptor>
</opencv_storage>
