<?xml version="1.0"?>
<opencv_storage>
<imageDescriptor type_id="opencv-matrix">
  <rows>1</rows>
  <cols>500</cols>
  <dt>f</dt>
  <data>
    1.85696967e-003 0. 0. 3.86714074e-003 0. 1.20137190e-003
    -1.41150260e-003 0. -3.09593300e-003 2.37759342e-003 1.63516626e-002
    6.63550757e-003 0. 0. 0. 0. 0. 1.85683649e-003 0. 0. 5.78914164e-003
    7.26136658e-003 -2.01386819e-003 0. 0. 6.87511591e-003
    -1.34214235e-003 0. 0. 0. 0. 1.41885411e-003 1.33432960e-003 0. 0.
    0. 1.60007253e-002 0. 2.59865564e-003 -3.25343944e-003
    4.82609030e-005 0. 0. 3.72137269e-003 -1.19383139e-005 0. 0.
    2.19539739e-003 5.72023122e-003 1.07321125e-002 0. 0.
    4.18083183e-003 -8.48818338e-004 7.41258962e-004 0. -3.66809848e-003
    7.82570802e-003 0. 0. -1.02178857e-003 0. -1.81748159e-003
    5.18393656e-003 1.79190643e-003 4.80181351e-003 0. 0. 0.
    4.13964642e-003 5.19037060e-003 2.17302539e-003 0. 0. 0.
    4.73842397e-003 6.85238792e-003 0. 1.78034970e-004 0. 0.
    -5.77785587e-003 0. 3.45481839e-003 2.97499052e-003 0. 0.
    -1.14771514e-003 0. 0. -2.51495629e-004 1.29533943e-003
    2.88468297e-003 2.86355847e-003 2.99700582e-003 4.34939843e-003
    1.77714275e-003 0. 4.70204744e-003 0. 0. 3.68138542e-003
    2.74336501e-003 1.29821515e-002 -9.56368574e-004 8.80809873e-003 0.
    5.55251678e-003 0. 0. 1.12617508e-005 0. 0. 0. 1.83782435e-003 0.
    6.08956954e-003 0. 1.77244074e-003 0. 6.34711818e-004 0.
    -4.99062764e-004 0. 3.02256993e-003 0. 7.86931952e-004
    9.94571135e-004 0. -3.20712640e-003 3.17838555e-003 0.
    2.20598020e-002 0. 0. 1.71883069e-002 0. 5.11889579e-003
    -9.86691914e-004 4.34295088e-003 0. 0. 8.33674218e-004 0.
    3.60918022e-003 3.99325974e-003 0. 7.33326003e-003 0.
    7.02870265e-003 4.68960498e-003 0. 0. -6.25023909e-004 0.
    2.95873582e-002 -1.72205712e-003 0. 0. 0. 0. 1.36927166e-003 0. 0.
    0. 4.02879596e-005 3.64312506e-003 2.91340722e-004 -7.76023255e-004
    8.32530553e-004 -5.43227885e-003 -4.31307359e-004 0.
    -2.77593639e-003 -7.79839233e-004 1.97408628e-003 8.84011504e-004 0.
    0. 0. 0. 0. 6.65422603e-002 8.35606456e-003 -2.92211026e-003
    8.58251879e-004 4.01062332e-003 0. 0. 3.94882914e-003 0.
    5.50852669e-003 2.04388192e-003 9.51601937e-003 2.01217690e-003
    3.30042763e-004 -5.24197659e-003 0. 0. -2.78751319e-003 0.
    5.97927719e-004 0. 0. 0. 7.91644119e-003 0. 0. 0. 3.41499178e-003 0.
    8.11666995e-003 7.82790536e-004 2.07597832e-003 2.00074213e-003
    -9.40039172e-004 1.30902976e-003 0. 2.71335198e-003 5.24385832e-003
    4.56036162e-003 7.21075293e-003 0. -3.72537784e-003 0. 0.
    2.93089333e-003 2.13459693e-003 6.12781569e-003 0. 0. 0.
    -4.56853304e-005 0. 0. 1.34300231e-003 6.09545968e-004
    2.57431567e-002 2.47990992e-003 1.67137617e-003 0. 1.73140410e-003
    0. 7.18062883e-003 0. 2.12046807e-003 0. 0. 1.71171618e-003
    1.10809384e-002 2.42327387e-003 0. 0. 0. 0. 5.31985192e-003 0.
    1.78005983e-004 2.72840215e-003 0. 0. 0. 3.99653334e-003
    6.88734837e-003 4.64556180e-003 -2.45383009e-004 -8.71888245e-004 0.
    1.71697401e-002 5.03236521e-003 8.36656056e-003 0. 1.44757088e-002
    1.92371279e-003 0. 0. 0. 0. 0. 4.77518607e-003 2.31412845e-003
    5.66443801e-003 2.83935951e-004 0. 0. -2.00539990e-003 0.
    5.94837475e-004 0. 2.42409436e-003 6.15679240e-003 -3.54726589e-003
    4.97261807e-003 4.20675194e-003 8.12025741e-003 1.77273236e-003 0.
    0. -3.47205950e-003 0. 0. 9.52163246e-003 0. 0. 0. 0. 0.
    2.97620869e-003 0. 4.14987444e-004 0. 0. 0. 3.56412120e-003
    4.86646639e-003 2.36826763e-003 0. 1.07364263e-002 9.42315999e-003
    2.56837392e-003 -1.89264724e-003 2.98751984e-003 0. 1.00649679e-002
    -2.00933963e-003 3.99057695e-004 0. 0. 1.14952633e-003
    3.99509026e-003 0. 9.07825865e-003 -1.58050738e-003 4.10923851e-004
    -1.49625530e-002 0. 6.33523380e-003 8.16737115e-003 0. 0. 0. 0.
    -1.35610040e-004 5.88050671e-003 0. 0. 0. 0. 0. 2.66006542e-003
    1.92268589e-003 2.91506154e-003 -4.16148745e-004 1.13341212e-003
    4.84606577e-003 0. 5.37872198e-004 0. 0. 0. 4.93472070e-003 0.
    2.32889643e-003 2.52561504e-003 -2.93234061e-003 0. 2.63774465e-003
    0. 0. 8.35059769e-003 -3.57559693e-005 2.49370164e-003 0.
    4.79042530e-003 9.90694948e-003 0. 0. 0. 0. 0. 5.02962386e-003 0.
    3.75116244e-003 9.57282260e-004 0. 6.94308011e-003 0. 0. 0. 0. 0. 0.
    0. -1.46180904e-003 0. 4.51625884e-003 0. 0. 4.03816346e-004
    3.48221138e-002 1.56562729e-003 2.77771405e-003 0. -2.36912165e-003
    4.37146351e-002 0. 1.50221717e-002 0. -5.10510616e-003
    -4.11447487e-004 0. 3.89679661e-003 0. 0. 2.76686298e-003 0.
    -1.60473259e-003 9.26860049e-003 0. 0. 0. 1.64213066e-003
    9.62573849e-003 1.69966719e-003 0. -1.99025124e-003 6.98773703e-003
    0. 5.27881645e-003 -7.25450227e-004 8.96471180e-003 0. 0. 0. 0.
    3.69884912e-003 2.92640505e-003 5.31385420e-003 7.59300124e-003 0.
    0. 2.49734847e-003 5.75774070e-003 7.00088963e-003 0. 0. 0. 0. 0. 0.
    0. 0. 0. 0. 1.77506520e-003 3.14835808e-003 1.54183945e-003
    6.35778299e-004 8.76590493e-004 0. 0. 5.84961264e-004
    3.45113198e-003 7.23521924e-004 0. 1.74669884e-002 -2.50346353e-003
    4.12242441e-003 7.07559194e-003 0. 0. 0. 4.70551429e-003
    7.53894541e-003 0. 7.74233486e-004 7.39844283e-004 7.24432059e-003
    0. -6.63521118e-004 0. 0. 0. 1.96669018e-003 4.24250122e-003
    4.46469698e-004 0. 2.03508069e-003 0. 7.79145956e-003 0.
    -6.90246816e-004 1.77177018e-004 0. 0. 3.11899651e-003 0.
    5.45749161e-003 -1.58406445e-004 2.12918222e-003</data></imageDescriptor>
</opencv_storage>
