<?xml version="1.0"?>
<opencv_storage>
<imageDescriptor type_id="opencv-matrix">
  <rows>1</rows>
  <cols>500</cols>
  <dt>f</dt>
  <data>
    0. 3.76210059e-003 0. 0. 0. 1.09321047e-002 0. 2.87994323e-003 0.
    1.38453778e-003 -3.23361624e-003 3.93026043e-004 0. 3.53529560e-003
    0. 1.55230155e-004 2.62305536e-003 7.42853712e-003 0.
    9.29950830e-003 0. 0. 7.37931207e-003 2.54469411e-003 0. 0.
    2.00213239e-004 1.06392298e-002 0. 1.56928180e-003 6.05183933e-003
    2.88030878e-003 1.31624853e-002 1.26783841e-003 0. 4.13002865e-003
    0. 0. 0. 3.59325460e-003 1.88995840e-003 5.45432698e-003 0.
    7.73956359e-004 1.31118658e-003 3.84287373e-003 0. 1.99764781e-003
    0. 2.09361687e-003 7.64044141e-003 0. 0. 0. 1.48199883e-003
    2.32983963e-003 0. 0. 0. 0. 0. 0. 7.70190032e-003 1.53818354e-003
    2.65556690e-003 -3.30084888e-003 0. 0. 5.23903314e-003
    -6.96356501e-003 3.75775062e-003 1.55850698e-003 0. 2.29144795e-003
    0. 2.95759761e-003 2.61107902e-003 0. 3.59631446e-003 0.
    -3.46565712e-003 -3.16518359e-003 3.98170575e-003 0. 7.54993502e-003
    0. 6.20108843e-003 1.51146215e-003 2.13571219e-003 0. 0. 0.
    3.30808805e-003 2.56899232e-003 1.28121208e-003 7.47801736e-003
    1.25481177e-003 1.27669703e-003 3.67758650e-004 0. 4.74979542e-003
    0. 7.77515629e-003 1.07282046e-002 2.41966336e-003 -5.66162926e-004
    0. 3.12589039e-003 1.11795086e-002 4.19838307e-003 3.88652319e-003
    1.94779423e-003 4.98318055e-004 2.54126848e-004 7.16770487e-003 0.
    1.37613865e-003 6.14537718e-003 1.75744183e-002 0. 0. 0.
    1.13152678e-003 0. 0. -2.77303625e-004 0. 2.39600427e-003
    5.18931169e-003 0. 6.58859592e-003 -7.76151381e-003 0. 0.
    2.30957987e-003 0. 1.72133197e-003 -9.36665165e-004 2.78133876e-003
    3.09661933e-004 0. 0. 0. 5.76529140e-003 0. 0. 1.79453532e-003 0. 0.
    0. 0. 1.91756175e-003 4.87004034e-003 0. 0. 0. 9.79897007e-003 0.
    2.00500130e-003 1.33330515e-002 0. 0. 3.49236233e-003 0. 0. 0.
    6.26579102e-004 0. 0. 3.27339885e-003 2.81496951e-003
    2.38713552e-003 2.93827755e-003 1.00728841e-002 0. -3.06160375e-003
    1.83957187e-003 0. 3.18074692e-003 1.05172349e-002 0.
    1.71618704e-002 1.82547383e-002 0. 0. 0. -1.63879455e-003 0.
    1.22009323e-003 0. 0. 0. 8.13762599e-004 0. 0. 8.62617791e-003 0.
    6.74435694e-004 3.98293184e-003 9.03120078e-003 0. 0.
    3.48594273e-003 0. 2.76563456e-003 2.29351968e-003 -1.04453205e-003
    0. 0. 4.38025361e-003 5.99428266e-003 0. 2.28509656e-003
    1.77958631e-003 0. 9.58522432e-005 2.30277865e-003 0.
    3.85037065e-003 5.48188854e-003 0. 0. 0. 0. 0. 7.65498169e-003 0. 0.
    7.45497597e-003 0. 0. 0. -7.60071096e-004 0. 9.11225216e-004
    -7.96911627e-006 0. 6.86345296e-003 9.48910892e-005 4.06186050e-003
    7.75762787e-003 -7.27332849e-003 0. -2.08777236e-003 0. 0. 0.
    1.61492929e-003 -1.64958194e-003 1.12052849e-002 3.57187842e-003 0.
    0. 0. 0. 0. 6.52947417e-003 1.01594785e-002 5.48338052e-003 0.
    3.18239629e-003 0. 0. 7.47861993e-003 4.31235041e-003
    7.04809418e-003 0. 0. 0. -9.67171101e-004 0. 1.71459001e-003
    -1.24349608e-003 3.52390110e-003 0. 0. -3.29222348e-005
    1.62538281e-003 3.60245607e-003 0. -2.16842443e-003 -1.98842678e-003
    4.54133085e-004 4.61967615e-003 9.22771730e-003 0. 0.
    -4.73441352e-004 1.90651719e-003 -1.41776598e-003 0. 3.61068058e-003
    1.31075606e-002 0. 0. -2.55628745e-003 7.80252460e-003 0.
    -7.03497906e-004 -1.78021309e-003 0. 1.05259605e-002 0.
    1.55760618e-002 0. 0. -7.64545286e-004 7.41951028e-003 0.
    -3.43902029e-005 1.69715646e-003 -2.40364834e-003 0. 2.28964956e-003
    3.65249999e-003 0. 0. 4.49215341e-003 4.33116220e-003 0. 0.
    2.02521705e-003 0. 5.21330163e-003 9.79197677e-004 -7.92294013e-005
    0. -2.54865590e-004 2.94103287e-003 2.10248958e-003 0.
    -6.08399241e-005 0. 0. -1.26554247e-003 7.28991022e-003 0.
    2.38136109e-003 1.50831742e-002 3.22218565e-003 0. 8.57979897e-003
    -1.20656332e-003 0. 0. 0. 0. 1.31751236e-003 2.97956937e-003 0.
    4.18356806e-003 0. 3.43874982e-003 0. 0. 0. 1.86134130e-002
    4.21672501e-003 1.24649741e-002 7.02185836e-003 1.32060116e-002 0.
    0. 0. 6.65274356e-003 0. 0. 0. 0. 1.91717118e-003 0. 0.
    -1.43997173e-003 -2.11412646e-003 0. 0. 1.30101377e-002 0. 0. 0.
    1.35901412e-002 -3.74430371e-003 0. 0. 4.86233592e-004
    2.24670116e-003 0. 0. 1.32032596e-002 1.00250775e-003 0. 0.
    3.14376038e-003 4.41284757e-003 1.55253219e-003 0. -3.58937867e-003
    9.60792124e-004 3.25110159e-003 3.82463238e-003 2.61660502e-003
    8.73216055e-003 0. 0. 1.18111456e-002 0. 3.13698919e-003 0.
    -9.51916794e-004 0. 5.35803242e-003 0. 1.31457346e-003
    7.41491513e-003 0. 0. 2.35826927e-004 2.16056081e-003 0. 0.
    -7.88675679e-005 2.45472183e-003 -6.43672538e-005 7.37878028e-003
    -1.14798627e-003 1.59700755e-002 2.47707404e-002 0. -4.38506948e-004
    6.36978354e-003 2.62947730e-003 1.01526920e-003 2.58745230e-003 0.
    0. -3.63513478e-003 0. 0. -5.92408748e-003 0. 1.66741561e-003
    2.06295028e-003 0. 6.01028511e-003 0. 0. 6.07733941e-003 0.
    2.37915735e-003 0. 3.46181821e-003 0. 0. 3.40914563e-003 0. 0.
    -1.14417763e-003 0. -3.84616840e-004 -1.70667097e-003 0.
    2.01164070e-003 0. -8.84212262e-004 2.19585258e-003 2.52078772e-002
    0. 1.06876604e-002 0. 8.22472665e-003 1.01343403e-002 0.
    5.82254538e-003 2.11249921e-003 0. 4.76312730e-003 0. 0. 0.
    2.12609046e-003 4.69332375e-003 0. 2.49720877e-003 0.
    2.03243294e-003 0. 6.36854488e-003 0. -9.92210582e-004
    3.37021961e-003 -1.27041608e-003 1.64261449e-003 0. 1.72570243e-003
    2.89150141e-003 1.55639800e-003 0. 9.54635849e-004 0.
    2.97053368e-003</data></imageDescriptor>
</opencv_storage>
