<?xml version="1.0"?>
<opencv_storage>
<imageDescriptor type_id="opencv-matrix">
  <rows>1</rows>
  <cols>500</cols>
  <dt>f</dt>
  <data>
    0. 2.09830571e-002 0. 0. 0. 1.25261331e-002 -1.31683447e-003
    1.43941934e-003 0. 9.45721380e-003 9.06671211e-003 0. 0.
    1.39740550e-005 8.28992669e-003 0. 0. 3.34841013e-002
    3.89411231e-003 0. 9.60678421e-003 0. 0. 0. 0. 0. 0. 0. 0. 0.
    4.14831750e-003 -1.76037662e-003 0. 2.19525257e-003 0.
    1.10115334e-002 0. 0. 0. 0. 6.46394037e-004 0. 0. 0. 5.64132212e-003
    8.82234704e-003 1.42835332e-002 0. 0. 0. 2.50547286e-003 0. 0. 0.
    2.99872202e-003 5.35690924e-003 7.76685588e-003 0. 0. 0.
    1.89123419e-003 0. 0. 0. 0. 1.15778111e-003 4.61948244e-003
    5.55324322e-003 -2.89785862e-003 3.91103840e-003 0. 0.
    2.59241601e-003 0. 1.36842672e-003 0. 0. 0. 3.85603518e-003 0. 0.
    5.53261314e-004 0. 9.42962943e-004 6.63490547e-003 3.53307999e-003
    3.21118394e-003 5.76968584e-003 0. 2.34443252e-003 -4.64608008e-003
    0. 4.00454458e-003 7.04783713e-004 7.43070198e-003 1.16258692e-002
    0. 0. -7.29302701e-004 0. 0. 5.84286684e-003 7.48382509e-003
    5.23062469e-003 0. 0. 0. 0. -6.44940243e-004 3.25943111e-003
    2.46256543e-003 6.39784290e-003 0. 7.93501455e-003 1.29919397e-002
    0. 0. 0. 0. 0. -3.12547345e-004 0. 0. 0. 0. 0. -1.97402574e-003 0.
    1.18938694e-002 8.35111015e-004 0. 0. 0. 0. 0. 0. 0. 5.48775401e-003
    7.82494061e-003 0. 1.87999441e-003 0. 7.31712673e-003
    -3.49388551e-003 1.51393246e-002 0. 3.40195396e-003 1.50678484e-002
    0. 4.39499831e-003 0. 6.47609215e-003 1.21385362e-002
    5.36076678e-003 1.81133416e-003 0. 4.03287495e-003 0. 0. 0.
    2.10655350e-002 5.30131906e-003 0. 0. 1.81803806e-003 0. 0.
    5.44841774e-003 1.29022880e-003 0. 0. 0. 0. 1.62750259e-002 0. 0. 0.
    0. 0. 0. 0. 0. 5.20001957e-003 -2.07766960e-003 0. 6.82425965e-003
    0. 1.11567201e-002 0. -1.66842612e-004 0. 2.76634051e-003
    -5.37456153e-003 0. 3.03571066e-003 -7.72047148e-004 6.43048249e-003
    1.82334581e-004 3.30018904e-003 1.11218658e-003 4.78388416e-003 0.
    -5.43391106e-005 0. 5.52754384e-003 4.85762750e-004 9.77584510e-004
    0. 0. 1.48372455e-002 0. 1.09145965e-003 1.97959831e-003 0.
    -1.53457467e-003 0. 0. 1.01615838e-003 -4.11994057e-003 0. 0. 0. 0.
    0. 3.48493853e-003 0. 0. 0. 8.03225208e-003 0. 0. 0. 2.82441732e-003
    0. 0. 2.76645971e-003 0. 0. 0. 2.78371037e-003 0. 1.99069059e-003
    1.26013784e-002 0. 0. 8.52661266e-004 -2.45277327e-003
    2.72929552e-003 0. 0. 2.85684504e-003 0. 0. 0. 0. 0. 0. 0. 0. 0.
    2.03139079e-003 0. 4.21350263e-003 0. 9.09219321e-004
    2.62256106e-003 0. 0. 5.86048886e-003 0. 0. 1.14686890e-002 0. 0.
    -5.90711890e-004 0. 0. 0. 0. 3.93502275e-003 0. 2.90455739e-003 0.
    -1.24967005e-003 0. 4.42683842e-004 8.98531172e-003 0.
    -5.07969735e-003 0. 9.97286476e-003 0. -4.87475452e-004 0.
    2.65248353e-003 0. 4.47514653e-003 3.39936768e-003 1.08201131e-002
    2.02190108e-003 0. 0. 2.68210517e-003 0. 0. 3.66153661e-003
    -4.00493015e-003 4.27619414e-003 7.37859774e-003 0. 1.19956052e-002
    0. 0. 5.48353326e-003 0. 0. 0. 0. 0. -1.60277635e-003 0. 0.
    8.81451741e-003 1.24780822e-003 0. 5.24039846e-003 8.02094024e-003
    0. 1.14800492e-002 1.14615969e-002 -2.64220900e-004 0. 0. 0. 0. 0.
    0. 0. 1.06714647e-002 0. 5.15716756e-003 0. -3.73745011e-003 0. 0.
    0. 1.48179680e-002 5.72787249e-004 3.88463889e-003 0. 0.
    3.26190353e-003 0. 1.17695527e-002 6.95761153e-003 0. 0. 0.
    1.04037840e-002 0. 0. 0. 0. 3.17447493e-003 5.52876014e-003
    1.23672024e-003 1.78472721e-003 0. 0. -2.08757143e-003
    1.19619188e-003 0. 3.98216443e-003 1.18634179e-002 3.47366882e-003
    4.52769874e-003 1.09473234e-002 2.08367896e-003 2.35871691e-003
    1.59711880e-003 7.10379891e-003 4.87917149e-003 1.57912308e-003
    1.08003244e-002 0. 0. 6.04760088e-003 0. 0. 0. 4.53208387e-003
    4.49547311e-003 -9.93291847e-004 0. 0. -2.90418090e-003
    7.54977018e-003 0. 0. 0. 0. 5.40569564e-003 0. 4.48076334e-003 0.
    6.16887584e-003 2.20626220e-003 0. 0. 0. 0. 0. -2.20242445e-003 0.
    0. 0. 2.29732390e-003 -3.55052040e-003 0. 1.83962530e-003
    7.49649247e-003 2.25369981e-003 -6.14820234e-003 1.49604224e-003
    -1.93023169e-003 0. 4.84202476e-003 0. 1.67454756e-003
    -4.25842823e-004 3.73159745e-003 0. 0. 1.55609893e-002
    1.55172888e-002 0. 0. 0. 1.71919551e-003 0. 0. 0. 0. 1.04538386e-003
    0. 1.32085918e-003 0. 0. 0. 1.13262832e-002 2.77802325e-003 0. 0. 0.
    -2.35865172e-003 6.40157517e-003 2.85882992e-003 0. 0.
    -8.48550291e-004 -1.07654219e-003 0. 0. 6.22652052e-003 0.
    1.83850024e-002 0. 2.46295147e-002 0. 1.82559211e-002 0.
    -2.41714606e-005 0. 0. 3.91189381e-003 -6.25993882e-004 0.
    5.39148867e-004 0. -6.61168108e-003 2.33290414e-003 2.19659181e-003
    0. 3.63398955e-004 5.03904046e-003 0. 0. 0. 0. 0. 0. 0.
    1.30193378e-003 5.97492978e-003 0. 2.00805627e-003 0.
    -4.88423626e-004 0. 0.</data></imageDescriptor>
</opencv_storage>
