<?xml version="1.0"?>
<opencv_storage>
<imageDescriptor type_id="opencv-matrix">
  <rows>1</rows>
  <cols>500</cols>
  <dt>f</dt>
  <data>
    0. 1.27245206e-003 6.48909190e-004 0. 1.26122339e-002
    1.78835355e-004 2.60378257e-003 0. 0. 4.97533847e-003
    2.97156535e-003 0. 1.24904215e-002 0. 4.36202344e-003 0.
    2.04414711e-003 3.13724694e-003 1.61981583e-003 0. 1.81457028e-002
    3.20851756e-003 0. 3.22237145e-003 0. 0. 1.04127480e-002 0.
    6.59028254e-003 3.48128378e-003 3.19240172e-003 0. 0.
    -5.57559449e-003 -1.01665946e-005 -3.51258647e-003 9.59854573e-003
    0. 2.72542262e-003 9.59122088e-003 0. 8.72123172e-004 0. 0. 0.
    2.80519272e-003 0. -1.87292323e-003 2.00039800e-003 2.72499700e-003
    0. 0. 4.25580749e-003 0. 0. 0. 0. 0. 2.34303297e-003 1.17780762e-002
    0. 0. 1.17999669e-002 3.12273880e-003 2.39729299e-003 0. 0.
    -2.00718222e-003 0. 5.94088947e-003 4.46981145e-003 0. 0.
    3.80337215e-003 3.58297350e-003 0. -9.25063039e-004 0. 0.
    -1.28403620e-003 -1.28884555e-003 -1.85326696e-003 0.
    1.61334232e-003 2.04251986e-003 5.85317379e-003 9.10264731e-004 0.
    0. 0. 0. 0. 0. 6.77320873e-003 0. 9.74360853e-004 -1.31700432e-003
    8.98264162e-003 2.72946362e-003 0. 1.37060983e-002 3.71206133e-003
    1.59480528e-003 5.93841251e-004 2.82472256e-003 -1.60255528e-003
    2.91309389e-003 0. 0. -1.54945627e-003 -1.13821821e-003 0. 0. 0.
    9.54333786e-003 0. -4.54138964e-003 0. 6.36461237e-003
    8.47845338e-004 0. -7.80034345e-004 3.84497782e-003 2.71594268e-003
    0. 0. 3.06853862e-003 2.74424697e-003 -1.98735087e-003 0.
    3.32405861e-003 0. 3.06322915e-003 3.10073467e-003 1.59326548e-004
    2.15390045e-003 8.75501800e-003 7.41759082e-003 4.17937808e-005 0.
    0. 0. 0. 2.51667947e-003 2.05908027e-002 -3.72673443e-004 0. 0. 0.
    0. 0. 0. 2.03079567e-003 0. 0. 0. 0. 0. 0. -1.57290429e-003 0. 0.
    -3.23165557e-003 0. -1.74998783e-003 0. 0. 0. 1.03536816e-002 0.
    4.62069438e-004 0. 0. 2.13409625e-002 0. 1.25683297e-003 0. 0.
    -1.37357041e-004 0. 0. 5.34053333e-003 0. 1.93731599e-002 0. 0.
    6.73631221e-005 5.72897727e-003 -1.29975809e-003 0. 1.03190197e-002
    5.50919026e-003 4.25596163e-003 3.59040168e-005 0. 0. 0. 0. 0. 0.
    3.69282928e-003 1.08922692e-003 -1.12087396e-003 3.43943061e-003
    1.69613538e-003 2.02657259e-003 3.89660220e-003 0. -3.66506516e-004
    -1.64133334e-003 0. 1.53832731e-003 0. 0. 1.51241273e-002 0.
    1.69221405e-003 0. 1.18717924e-003 3.41578998e-004 0. 0.
    8.58861208e-003 -1.48866398e-004 1.72418950e-003 0. 5.76425437e-003
    0. 0. 0. 5.48506016e-003 0. 0. 0. 4.79967194e-003 2.27392223e-002 0.
    4.92864405e-004 0. 1.26875099e-003 1.44249250e-004 3.59150884e-003
    4.26163373e-004 9.80584603e-003 0. 1.46100030e-003 8.70130141e-004
    0. 0. 3.04872217e-003 0. 0. -2.79771280e-003 0. 0. -6.82027836e-004
    0. 1.08856987e-002 8.33554193e-003 2.47398415e-003 2.07106560e-003
    7.06996443e-003 1.34961829e-002 2.92669283e-003 -1.85651088e-003 0.
    0. 1.47525538e-002 0. 7.70543469e-004 -8.68578791e-004
    -2.84478487e-003 0. 0. 2.44494714e-003 0. 0. 7.19975820e-003
    6.65368093e-003 0. 4.34220157e-004 7.43592437e-003 4.71711159e-003
    2.27279100e-003 1.75484340e-003 0. 3.47070652e-003 0.
    3.64142726e-003 0. 0. 1.55980128e-003 1.50568122e-002 0. 0.
    6.30254392e-003 2.96533410e-003 0. 8.13184306e-003 0. 0.
    9.28189605e-003 2.55331234e-003 5.75258443e-003 0. 0.
    4.19751415e-003 0. 0. -2.68818391e-003 2.03830539e-003
    4.17109672e-003 0. 2.33775899e-002 1.33917469e-003 5.08826226e-003
    0. 0. 0. 0. 1.11236684e-002 0. 0. -1.94636208e-003 -9.78856231e-004
    0. 1.04420679e-002 0. -1.20273558e-003 0. 0. 0. -8.26739706e-004 0.
    4.44998080e-003 0. 0. 0. 1.05488272e-002 0. 2.77234148e-003 0.
    3.09242721e-004 0. 4.55406215e-003 0. 0. 8.46257433e-004
    3.33199115e-003 0. 2.61725392e-003 1.83769152e-003 0. 0. 0. 0.
    1.78250056e-002 9.89303924e-003 2.15915707e-003 0. 0.
    1.97321572e-003 0. 0. 0. 3.94402305e-003 0. 0. 2.25125859e-003 0.
    2.99198856e-003 1.18816202e-003 0. 2.79230438e-002 2.10150331e-003
    0. 0. 0. 0. 0. -1.19912275e-003 1.17616449e-003 0. -1.94234494e-003
    0. 0. 0. 2.07014196e-003 5.23839565e-003 0. 0. -2.58347043e-003 0.
    -9.87277948e-004 2.71845218e-002 4.38217679e-003 0. 0. 0. 0.
    3.42400116e-003 1.01335971e-002 0. 0. 0. 0. 0. 6.85419794e-003
    4.71971836e-003 3.07671865e-003 -1.41642732e-003 1.84310181e-003
    2.51248432e-003 0. 0. 1.06073925e-002 0. 6.65969215e-004 0. 0.
    -2.64665973e-003 8.22378695e-003 -6.90797623e-003 9.40416567e-003
    3.78918904e-003 0. 1.79813672e-002 1.10820970e-002 0.
    5.44651551e-003 0. 8.07490014e-003 4.43166634e-003 0. 0.
    6.94459816e-003 0. 0. -2.70977593e-003 6.26916392e-003 0. 0. 0. 0.
    -1.56809052e-003 0. 1.64938867e-002 0. -2.29304467e-004 0. 0.
    1.68126612e-003 0. 0. 0. 0. 3.25919804e-003 0. 2.78330036e-003 0. 0.
    0. -1.18634652e-003 0. 0. 6.13071537e-003 0. 3.51075968e-003 0. 0.
    2.90159578e-003 5.44279302e-003 3.44777550e-003 0. 0. 0. 0.
    -6.99876749e-004 0. 1.94573903e-003 5.41417068e-003 2.46159965e-003
    1.27903512e-002 0. 0. 0. 5.15219383e-003 0. -1.85252260e-003
    6.87615806e-003 0. 3.69537901e-003 7.89486617e-003 0.
    1.12611451e-003 0. -5.87300863e-004 -1.54007366e-003 9.18200181e-004
    0.</data></imageDescriptor>
</opencv_storage>
