<?xml version="1.0"?>
<opencv_storage>
<imageDescriptor type_id="opencv-matrix">
  <rows>1</rows>
  <cols>500</cols>
  <dt>f</dt>
  <data>
    2.24210043e-003 -8.12339887e-004 5.54112485e-003 4.62479424e-003
    7.71103485e-004 0. 8.59661784e-004 1.60027808e-003 0. 0.
    3.12028831e-004 4.50294372e-003 3.03924549e-003 -9.66685591e-004
    1.45645358e-003 -3.70650348e-004 3.92888254e-003 6.54446054e-003 0.
    0. 6.71934383e-003 0. 0. 8.87160935e-003 0. 0. 3.09625641e-004
    3.52470111e-003 4.71580215e-003 1.49896601e-003 0. 0. 0.
    7.21932622e-003 1.25431316e-003 1.45872030e-003 5.34670567e-003 0.
    -1.08478234e-004 4.83122980e-003 -5.15056634e-003 1.71988516e-003
    2.91767530e-003 0. 0. 9.01291613e-003 1.79685478e-004
    4.90349531e-003 1.22705195e-003 0. 0. 0. 5.06630586e-003 0.
    8.51075351e-003 1.25662135e-002 8.09049420e-003 0. 2.69210176e-003
    2.67219078e-003 3.57487414e-004 0. 1.15828114e-002 7.92972685e-004
    2.86852312e-003 0. 5.12116589e-003 0. 1.32708643e-002
    7.30749220e-004 3.41255893e-003 5.74949023e-004 2.40923298e-004 0.
    -1.37983152e-004 0. 0. 2.16015498e-003 1.03715097e-003
    7.95301399e-004 1.25986629e-003 6.32776832e-003 0. 1.40502909e-003
    3.78782395e-004 2.96456181e-003 0. 4.86316625e-003 0. 0.
    7.01743504e-003 0. 5.29236719e-003 -9.49619338e-004 0.
    1.36512704e-003 0. 0. 4.14914871e-003 0. 2.27705948e-003
    2.80241203e-003 1.73413323e-003 1.39975846e-002 0. 0.
    6.43125921e-003 0. 0. -5.94743819e-004 -1.01320120e-003
    3.91460722e-003 0. 5.88649942e-004 2.49782926e-003 -1.09538506e-003
    9.80867306e-004 0. 0. 0. -1.10249897e-003 1.25347013e-002 0.
    5.33753261e-003 8.05749674e-004 0. 1.75494363e-003 -1.26021053e-003
    0. 2.81527475e-003 0. 6.27594767e-003 3.90957622e-003
    -2.68375239e-004 7.21406797e-003 1.22299639e-003 2.07422068e-003 0.
    -4.78386646e-003 2.16926774e-003 0. 2.20713927e-003 4.82180063e-003
    3.59246135e-003 6.25685381e-004 1.96222146e-003 -9.12115327e-004
    6.86723972e-004 0. 2.12095608e-003 -1.91167230e-003 0.
    -3.35012958e-003 0. 0. 0. 0. 8.95879045e-003 0. 5.67781739e-003
    4.55645699e-004 9.72622423e-004 7.25373998e-003 7.69185135e-004
    7.27302069e-003 5.46439318e-003 4.97757830e-003 -1.70793885e-003
    -1.25214647e-004 1.51732514e-004 1.64073007e-003 4.71844897e-003
    4.62411437e-003 4.90984603e-005 0. 3.47840902e-003 -3.43981059e-003
    0. 9.22910403e-003 0. 0. 2.90053315e-004 4.15844377e-003
    2.01317053e-002 0. 5.63818449e-003 1.69326435e-003 2.26185913e-003
    -4.28418629e-003 0. 1.59133673e-002 7.71556376e-003 4.09652106e-003
    3.70021421e-003 0. 7.04430370e-003 8.28631746e-004 0. 0.
    2.24752468e-004 5.54567995e-003 0. 0. 3.55011947e-003 0. 0.
    1.05012497e-002 0. 6.38446072e-005 0. 5.66233834e-003
    3.94264888e-003 0. 3.83893552e-004 1.31975650e-003 0. 0.
    1.02049196e-002 2.29834323e-003 -4.16690891e-004 4.00475040e-003 0.
    0. 1.18754245e-003 -4.56794020e-004 0. 2.59889988e-003 0.
    -3.57832032e-004 0. 4.51274449e-003 -2.55074794e-003 0.
    5.37856296e-003 0. 3.17611406e-003 0. 3.46046453e-003 0.
    4.60584089e-003 1.95942330e-003 -2.76048598e-003 5.55461878e-003
    2.85547897e-002 -9.05802532e-004 4.62744059e-003 5.53248636e-003 0.
    -5.72417921e-004 0. 4.62140609e-003 2.53461581e-003 -2.41850317e-003
    9.28731111e-004 -3.58542940e-003 0. 0. 1.01566482e-002
    4.13867412e-003 0. 3.84978787e-003 9.81053989e-003 1.91771351e-002
    1.95563771e-003 6.16614474e-003 0. 0. -1.32516900e-003 0.
    -8.53529957e-004 0. 0. 0. 0. 1.05861505e-003 1.31902902e-003 0.
    9.74833965e-004 3.85411200e-003 0. 0. 0. -7.91669707e-004
    1.19470060e-003 8.99008941e-004 -1.23587553e-003 0. -7.40614196e-004
    0. 0. 0. 2.50331056e-003 1.89713261e-003 0. 0. 6.36308221e-003
    1.40136888e-003 2.91367760e-003 4.35276015e-004 2.01613503e-003
    -1.00561861e-004 2.29899101e-002 -7.93357962e-004 0. 0.
    1.28177544e-002 6.18339458e-004 0. 2.70918058e-003 0.
    2.80358805e-003 0. 0. 2.95289839e-003 6.08246366e-004
    1.71449571e-003 0. 0. 3.37855367e-004 2.16286280e-003
    1.87234010e-003 0. 4.53147804e-004 8.93129874e-003 0. 0.
    1.33209117e-003 2.42042751e-003 -3.35532962e-003 0. 5.90475090e-003
    0. 2.94468855e-003 1.23799633e-004 -2.46460410e-003 0. 0. 0.
    -5.40120876e-004 3.13356612e-003 3.59425182e-003 3.40686413e-003 0.
    0. 1.82426535e-003 0. 0. 0. 1.48383740e-004 9.61615611e-003
    2.97234068e-003 0. 0. 1.89728721e-003 2.53774901e-003
    -8.37916392e-004 0. -4.96509427e-004 0. 0. 3.36521480e-004 0.
    1.13496697e-003 0. 0. 2.80600321e-003 8.32626969e-003
    1.97393383e-004 0. -2.05837144e-003 2.62007327e-003 9.83234867e-003
    0. 1.26270961e-003 9.53050051e-003 -6.72218681e-004 0.
    7.41017656e-003 6.82281610e-003 0. 3.38768656e-003 4.40277683e-004
    0. 3.73249943e-003 3.62341944e-003 5.79101173e-003 3.28345899e-003
    7.22813129e-004 -3.52110510e-004 3.44685465e-003 4.52471804e-003 0.
    0. 1.57585065e-003 7.39895692e-003 0. 2.22817133e-003
    7.28345290e-003 0. 1.49830827e-003 8.54493002e-004 7.38243200e-003
    -2.42810743e-003 1.14905194e-003 6.68704323e-003 8.00937973e-003 0.
    0. -3.42174098e-005 0. 2.79051252e-003 1.09903608e-003
    8.05222616e-003 3.04109487e-003 4.54450725e-003 1.52229180e-003 0.
    2.86951172e-003 0. 0. 2.22305185e-003 0. 6.47673034e-004
    2.12946814e-003 5.21707721e-003 0. 1.23054776e-002 0. 0.
    1.60725473e-003 4.34820587e-003 0. 0. 6.62918668e-004
    -5.35587838e-004 7.40644813e-004 6.83125807e-004 4.44099121e-003
    3.31041380e-003 0. 8.23110051e-004 0. 3.15832230e-003
    2.96838023e-003 2.17685639e-003 3.14532802e-003 -3.30223725e-003
    4.50041890e-003 6.36640051e-003 5.57054067e-003 0. 8.51394143e-004
    1.77458825e-003 1.45372865e-003 3.07685044e-003 0. 0. 0.
    2.29928480e-003 0. 0. 0. 0. 0. 0. 8.41670856e-003 2.02614465e-003
    2.17890646e-003 0. 0. 0. 1.41096329e-002 1.52455280e-002 0.
    1.24662137e-003 0. 0. 0. 0. 6.63715298e-004 0. 1.25218357e-003
    7.03125913e-003 1.14710322e-002 0. 0. 0. 0. -6.96658914e-004
    1.09315920e-003 0. 0. -6.80774264e-003 1.20805940e-002
    5.35016821e-004 0. 7.50985090e-003 3.15953279e-003 0. 0.</data></imageDescriptor>
</opencv_storage>
