<?xml version="1.0"?>
<opencv_storage>
<imageDescriptor type_id="opencv-matrix">
  <rows>1</rows>
  <cols>500</cols>
  <dt>f</dt>
  <data>
    8.30160733e-003 6.88084681e-003 0. 7.49392668e-004 -1.94932765e-003
    0. 0. 0. 0. 0. -1.66415866e-003 0. 0. 0. 0. 0. 1.74633469e-002 0. 0.
    1.42774126e-003 3.88367660e-002 0. 0. 0. 2.05217255e-003 0.
    5.35493949e-004 1.67444292e-002 0. 0. -1.12162787e-003
    1.14630619e-002 -1.45284343e-004 0. 0. 0. -1.16756083e-002
    7.03947013e-003 2.97988579e-003 0. 0. 0. 1.04743345e-002
    -2.11542021e-004 0. 5.11809299e-003 0. -3.19010043e-003 0. 0. 0. 0.
    0. 1.86356032e-004 0. 0. -4.59483301e-004 0. 0. 0. 0. 0. 0.
    -2.90381280e-003 4.58070426e-005 0. 0. 0. 0. 0. 3.88145610e-003
    1.29710427e-002 3.19748535e-003 3.82936071e-003 -1.29497948e-003
    7.36169657e-003 0. 0. 0. 3.58729553e-003 -9.24043241e-004
    3.15573672e-003 0. -1.38747250e-003 4.43054829e-003 0. 0. 0.
    -5.10880083e-004 0. 0. 0. 0. 0. 2.66445801e-003 0. 1.02504650e-002
    2.09890259e-003 0. 1.04150977e-002 2.34101638e-002 0.
    9.12886672e-003 0. 0. 0. 0. 2.22026327e-004 4.15434921e-003 0. 0.
    1.73706352e-003 8.48235842e-003 0. 1.50259845e-002 9.03612655e-003
    3.17555340e-003 0. 0. 0. 0. 0. 0. 3.21845198e-003 1.47462846e-003 0.
    5.40352426e-003 0. 4.78501944e-003 0. 0. -6.58787042e-003
    2.59168558e-002 0. 0. 2.09903549e-002 0. -2.04009982e-003
    1.95019133e-002 1.41726143e-003 0. 0. 0. 0. 0. 0. 1.19481690e-003 0.
    0. 0. -2.65323499e-004 0. 3.79253482e-003 0. 0. 0. -1.39439432e-003
    0. 3.46504780e-003 0. 0. 4.96779277e-004 3.63660045e-003 0. 0. 0. 0.
    0. 0. 0. 0. 0. 0. 0. 7.43154716e-003 -4.10364056e-003
    1.00964196e-002 0. 2.37728003e-003 8.10721144e-003 6.80133933e-003
    0. 0. 0. 0. 0. -2.13380856e-003 6.73764385e-004 0. 0. 0. 0.
    -6.61949255e-003 3.10864369e-003 0. 0. 0. -2.36655178e-004 0. 0. 0.
    0. 6.80708559e-004 2.04397482e-003 0. 0. 0. 0. 0. 0. 0. 0.
    5.17058605e-003 0. 5.63387340e-003 0. 6.51128730e-003 0. 0.
    -3.52898776e-003 0. 2.59051565e-003 0. 0. 0. 1.64922681e-002 0. 0.
    0. 2.28846092e-002 0. -4.69062896e-003 1.38637908e-002
    6.01927657e-003 1.70829147e-002 0. 0. 0. 9.13368072e-003
    1.50709786e-003 -5.64507674e-003 0. 0. 4.20682272e-003
    1.79300420e-002 -2.80787553e-005 1.24857645e-003 0. 6.41865749e-003
    0. 7.54385861e-003 0. 0. 9.71567817e-003 0. 0. -7.70545332e-004 0.
    0. 1.52053800e-003 0. 9.06781293e-003 0. 0. 0. 1.37214141e-003
    -3.56392050e-003 0. 1.61558222e-002 6.71486882e-003 8.02450161e-003
    0. 0. 0. 7.64420675e-003 0. -3.80179659e-003 -8.74949619e-003
    -6.17136538e-004 -1.78104185e-003 1.32331653e-002 0. 6.87302602e-003
    3.49371368e-003 0. 0. 0. -1.70804642e-003 0. 0. 6.56084344e-003
    4.59083430e-002 0. 5.58690773e-003 -3.57977813e-004 0. 0. 0. 0.
    8.25387146e-003 0. 0. 3.93535069e-004 3.85629974e-004
    -3.86968395e-003 1.43965436e-002 2.56123347e-003 0. 0. 0. 0. 0. 0.
    0. 1.77970633e-003 0. 0. 3.07785184e-003 1.74112874e-003 0. 0.
    1.34323875e-003 2.22565234e-003 1.11832959e-003 2.54228734e-003
    5.71773096e-004 4.72008577e-003 -1.37737894e-003 0. 1.12041775e-002
    0. 5.51679125e-003 0. 0. 0. 3.51241184e-003 8.84530600e-003 0. 0. 0.
    0. 0. -1.54843519e-003 0. 0. 0. 0. -5.61414333e-003 0. 0.
    1.25749959e-002 0. 0. 0. 0. 5.24811773e-003 2.79150112e-003
    3.31367701e-002 0. 1.76338982e-002 2.33802386e-003 0.
    1.71189092e-003 0. 0. 1.87525116e-002 0. 1.32178115e-002
    1.57520571e-003 -1.71231572e-003 4.75662900e-003 1.73103297e-003 0.
    0. 0. 0. 0. 9.85316653e-003 8.67315219e-004 0. 0. 0. 0. 0. 0.
    5.84819540e-003 0. 8.79487954e-003 2.63436418e-003 5.09123690e-003
    0. 0. 0. 0. 1.86780300e-002 0. 1.80196222e-002 0. 3.82517930e-003 0.
    9.14666709e-003 0. 0. 3.42090568e-003 0. 0. 0. 1.27315614e-003 0. 0.
    0. 6.42419420e-003 0. 0. 3.40504688e-003 0. 0. 0. 7.13796107e-005
    -4.16258321e-004 -2.74341484e-003 0. 0. 1.84108317e-003
    1.86245497e-002 0. 0. 0. 0. -9.72112454e-003 0. 0. 1.58324055e-002
    0. 6.27078000e-004 4.70532919e-004 4.67155408e-003 0. 0. 0.
    -9.30155627e-004 0. 0. 0. 2.80649774e-003 1.08361822e-002 0. 0.
    -4.40171361e-003 -2.21252255e-003 8.93497188e-003 6.35154452e-003
    1.10863037e-002 0. 0. 2.46721174e-004 6.34112209e-003 0. 0. 0. 0. 0.
    0. 0. 0. -5.95395127e-003 5.85311977e-003 0. 6.18202705e-003
    1.20062884e-002 0. 0. 0. 0. 0. 0. 0. 0. 1.47377455e-003 0. 0. 0. 0.
    1.68085215e-003 -1.82838109e-003 0. 8.14957358e-003 2.70201731e-003
    1.41346583e-003 0. 0. -5.13369683e-004 0. 0. 7.55449175e-004
    2.53546308e-003 0. 1.46544131e-003 0. 1.37669789e-002</data></imageDescriptor>
</opencv_storage>
