<?xml version="1.0"?>
<opencv_storage>
<imageDescriptor type_id="opencv-matrix">
  <rows>1</rows>
  <cols>500</cols>
  <dt>f</dt>
  <data>
    0. 5.60138933e-003 2.43939925e-003 1.00365849e-002 0.
    -3.07485287e-004 0. 3.43249855e-003 4.13087197e-003 3.62500572e-003
    2.72381515e-003 1.77411258e-003 3.08246538e-003 0. 9.17392317e-004
    3.63783841e-003 0. 0. 0. 3.90769076e-003 6.73373361e-005 0.
    1.40096340e-003 -1.77180080e-003 3.07693449e-003 -1.92426465e-004 0.
    3.88690620e-003 7.46435660e-004 5.95629727e-003 3.98413325e-003 0.
    3.52348387e-003 0. 3.17168445e-003 2.41863867e-003 0. 0.
    1.20177921e-002 0. 0. 4.09652159e-004 7.64923962e-003
    4.95335378e-004 1.95763772e-003 4.43250779e-003 0. -5.17451961e-004
    2.10026675e-003 0. 2.11493671e-003 0. 1.97514659e-003 0. 0.
    2.91595398e-003 1.95338577e-003 0. -2.15424481e-003 7.38461036e-004
    2.23556277e-003 5.06969169e-003 -2.31730897e-004 0. 0. 0.
    2.93671340e-003 5.76577988e-003 4.43896092e-003 0. 0.
    3.49633093e-003 2.67446949e-003 0. 1.92120881e-003 1.59904291e-003
    0. 1.48929446e-003 1.81639707e-003 0. 0. 6.98680663e-003
    1.01731718e-003 -3.89800116e-004 2.72743939e-003 9.97134205e-003 0.
    1.78746600e-003 1.49455853e-003 2.49375706e-003 1.22475333e-003 0.
    0. 3.35312611e-003 0. 4.89244051e-003 0. -1.41508819e-004
    2.70018028e-003 5.88367879e-003 4.08099871e-003 7.25115556e-003
    1.98493246e-003 1.91162713e-003 0. 4.34873998e-003 8.48799071e-004
    4.71151026e-004 3.37605295e-003 8.64665024e-003 2.63111712e-003 0.
    5.31151658e-003 9.59344557e-004 9.59185418e-004 0. 0.
    3.01527348e-003 3.12467944e-003 7.76035653e-004 2.37124786e-003 0.
    3.94790713e-003 2.86516733e-003 7.88953062e-003 0. 2.01404351e-003
    0. 1.43364631e-003 0. 9.55348485e-004 5.16313594e-004
    -1.78792258e-003 5.01109054e-003 0. 5.17295394e-003 1.40949422e-002
    0. 2.10602093e-003 2.93688639e-003 0. 0. 0. 0. -1.02714926e-003
    1.22625323e-003 3.06026894e-003 1.52899208e-003 0. 0.
    3.56656685e-003 7.52418302e-003 2.53864494e-003 2.38922588e-003 0.
    0. 0. 0. 3.66473664e-003 0. 3.80532379e-004 1.40305795e-003
    7.66807096e-003 0. 0. 0. 2.38953531e-003 5.13263931e-003
    5.45570021e-003 0. 0. 1.68310548e-003 3.95786716e-003 0.
    2.76442594e-003 2.98490771e-003 4.61805239e-003 0. 9.77863325e-004
    0. 1.99471903e-003 -7.24296842e-004 2.01873411e-003 0.
    1.15285208e-003 2.96733272e-003 1.48398743e-003 1.14800094e-003
    3.40528972e-003 8.46910290e-003 3.41769750e-003 1.95570220e-003
    4.57854569e-003 3.93768959e-003 6.20253570e-003 3.29669681e-003 0.
    0. 0. 5.35644917e-003 0. 0. 1.78603324e-004 5.64271677e-003
    1.01292124e-002 0. -4.85730590e-003 4.89786267e-003 1.16462251e-002
    -2.46095558e-004 -7.91211962e-004 0. 0. 0. 1.36076929e-002 0.
    -1.51934463e-003 0. -2.02732394e-004 1.71764113e-003 0. 0. 0. 0.
    5.47587126e-003 4.51837841e-004 4.98850131e-003 0. 3.91183654e-003
    1.57003722e-003 0. 0. 2.88306340e-003 0. 2.29070219e-003
    1.00011937e-003 0. 0. -4.18116804e-004 -2.49310215e-005
    3.23649682e-003 9.30716458e-004 0. 0. 6.14624805e-005
    8.49592686e-003 8.79934989e-003 3.01405904e-003 -5.37434011e-004
    3.66854412e-003 -3.84352612e-003 0. 9.43711260e-004 0.
    4.34860587e-003 0. 0. 1.14670477e-003 1.68024132e-003
    1.01847411e-003 1.38119899e-003 2.79734121e-003 0. -1.16861956e-004
    0. 3.95908486e-003 9.30998381e-003 -2.96506536e-004 4.04376537e-003
    0. 6.42628293e-005 3.72787355e-003 1.27855940e-002 0.
    7.55428988e-003 0. 0. -1.17825363e-002 5.53949212e-004
    4.73736553e-003 2.80187698e-003 0. 0. 5.51883457e-003
    7.72307813e-003 3.58571927e-003 0. 4.35475446e-003 7.59125978e-004
    5.36242034e-004 0. -2.89920066e-003 2.18161126e-003 0.
    3.71455052e-003 0. 0. 1.88076799e-003 1.54785486e-003
    1.65852737e-002 6.52155885e-003 0. 1.70533732e-003 8.99593253e-003
    0. 1.76104670e-003 0. 0. 1.16291759e-003 7.23180827e-004
    2.18426553e-003 0. 4.09100205e-003 -2.61703302e-004 2.42779264e-003
    0. 5.99417603e-003 -3.77763616e-004 2.16742349e-003 2.22312217e-003
    0. 5.05148293e-003 0. 0. 0. 0. 5.61789516e-003 4.50921652e-004
    4.18174575e-004 6.70920452e-003 0. 9.46775079e-004 -1.07053388e-003
    6.29713805e-003 4.14875057e-003 1.92480814e-003 1.81149261e-003
    1.76813174e-003 7.49502040e-004 0. 0. 3.83173116e-003
    -1.93515979e-003 3.12378135e-004 1.71795208e-003 6.20756578e-003 0.
    -9.61398473e-004 2.31407676e-003 0. 5.97173907e-003 -8.41825313e-005
    1.58707867e-003 0. 0. 0. -3.35264704e-005 0. 1.21737109e-003 0.
    9.86497756e-003 0. -8.42582318e-004 0. 1.78394059e-003
    2.93088704e-003 0. 9.39717749e-004 -3.11614480e-004 2.92776641e-003
    -2.11682124e-003 8.77797510e-003 6.65426673e-003 2.08459981e-003 0.
    0. 0. 7.41091929e-003 3.25535215e-003 0. 1.41267455e-003 0.
    1.12486281e-003 0. 2.31581251e-003 0. 3.05299996e-004
    4.39339550e-003 3.28135863e-003 4.90740687e-003 0. 0.
    3.89559008e-003 -1.01363147e-003 0. 3.90079734e-003 0.
    6.53034123e-003 -1.47298677e-004 6.48924010e-003 1.47714997e-002
    7.52807502e-003 5.54854923e-004 7.03609199e-004 0. 2.34674942e-002
    1.54555449e-003 5.32092340e-003 0. 0. 7.69830309e-003 0. 0. 0. 0. 0.
    0. 3.17943073e-003 1.99079936e-004 5.25123300e-003 0. 0.
    -1.63722225e-003 9.53292288e-003 8.59451771e-004 3.10214818e-003 0.
    0. 4.20870678e-003 3.31262266e-003 5.61427092e-003 0.
    1.90933347e-002 4.14971961e-003 0. 1.38886727e-003 0. 0.
    4.74392762e-003 0. 4.70823841e-003 1.02736638e-004 0. 0.
    1.50520020e-004 0. 0. 2.87589361e-003 8.19680281e-003
    9.42797516e-004 -1.79771346e-003 1.08227052e-003 0. -1.04857713e-003
    3.26480065e-003 3.00102169e-003 2.27138997e-004 3.95470299e-003
    7.36254384e-004 6.05881633e-003 2.98254844e-003 4.70455317e-003 0.
    0. 2.29150127e-003 0. 1.62396282e-002 7.77273672e-004 0. 0. 0.
    -2.44572962e-004 0. 0. 0. 0. 5.87557396e-003 9.06972308e-003
    2.81350897e-003 9.56822070e-004 0. 8.99587851e-003 0. 0.
    9.14442062e-004 0. 2.75617582e-003 6.02162152e-004 1.20698393e-003
    0. 2.18290347e-003 7.21509859e-005 3.23049026e-003 0.
    1.91446021e-003 7.67246354e-003 0. 0. 0. 1.22481538e-002</data></imageDescriptor>
</opencv_storage>
