<?xml version="1.0"?>
<opencv_storage>
<imageDescriptor type_id="opencv-matrix">
  <rows>1</rows>
  <cols>500</cols>
  <dt>f</dt>
  <data>
    9.88075230e-003 8.44674837e-003 0. 5.93483401e-003 3.71367228e-003
    8.81802849e-003 0. 0. 0. 8.23767739e-004 0. 7.11724581e-003 0. 0.
    4.73768217e-003 0. -2.57389533e-004 0. 0. 0. 8.95696133e-003 0. 0.
    5.59926499e-003 0. 0. 4.27604467e-003 -1.28686114e-003 0.
    1.48759549e-003 7.76394410e-003 0. 0. 0. 2.21543945e-003
    2.89147627e-003 0. 0. 0. 0. 0. 1.36499330e-002 0. 1.98896346e-003 0.
    0. 0. 1.76574639e-003 0. 0. 0. 0. 0. 0. 2.44609150e-003
    5.42181684e-003 9.57658328e-003 0. 6.39449991e-003 0.
    4.15885495e-003 0. 1.45890866e-003 5.41719981e-003 -8.67253460e-004
    8.82328581e-003 0. 3.86269321e-003 0. 6.47332054e-003
    1.55766625e-002 8.08719266e-003 0. 0. 9.07989871e-003 0.
    8.23670905e-003 0. 8.40257853e-004 0. -3.56486649e-003
    -1.19591001e-002 -1.03691770e-002 4.76739882e-003 8.95618740e-003
    1.71217846e-003 0. -2.12969142e-003 1.15863057e-002 0.
    1.16883414e-002 6.07348629e-004 0. 0. 2.28128489e-003
    8.79665744e-003 0. 3.27321030e-002 0. 1.98809523e-003
    1.51069295e-002 0. 0. 1.70282088e-002 0. 6.47612335e-003
    3.00790183e-003 0. 0. 0. 0. -1.45690551e-003 0. 0. -1.89652119e-003
    0. 0. 0. 0. 0. 0. 0. 0. 0. 6.30158233e-003 1.50278013e-003 0. 0. 0.
    2.94727762e-003 6.63401559e-003 6.38857344e-003 0. 0.
    2.38131266e-003 0. 0. -1.22699514e-003 0. -9.06420639e-004 0. 0. 0.
    0. 0. 0. -3.77310300e-003 2.01059412e-003 3.12630995e-003 0.
    -1.37243641e-003 2.66576335e-002 0. 5.84911322e-003 0.
    8.54782586e-004 3.01369559e-003 0. 0. 0. 0. 2.97624734e-003
    5.85668394e-003 0. -1.82004878e-003 0. 0. 2.26545450e-003 0. 0.
    1.21101327e-002 0. 2.19413009e-003 1.44712506e-002 0.
    5.35660423e-003 0. 4.19857446e-003 0. 0. 0. -9.48668865e-004 0. 0.
    8.41342658e-003 1.47649180e-003 9.21886601e-003 0. 6.47945143e-003
    3.86300287e-003 0. 0. -1.93132146e-004 2.25262227e-003
    3.38724302e-003 7.86669459e-003 0. 0. 1.87705252e-002 0. 0.
    1.15072494e-003 -6.54908177e-003 7.44487718e-003 0. 0.
    9.55125969e-003 4.75110440e-003 0. 0. 0. 3.53385229e-003
    7.04645819e-004 0. 0. 0. 6.97373413e-003 0. 0. 0. 0. 0. 0. 0.
    2.46567167e-002 0. 0. 2.12989212e-003 0. 4.90531838e-003
    -1.36374985e-003 0. 0. 0. 0. 5.59419720e-003 0. -3.81929334e-003 0.
    3.97064816e-003 0. 0. 0. 5.37271285e-003 0. 4.05204808e-003
    8.15382227e-003 0. 9.56189644e-004 -4.27856669e-003 0. 0.
    4.17693332e-003 0. 1.00842881e-004 1.66030671e-003 4.66410769e-003
    6.34420151e-003 0. 0. 1.81247434e-003 0. 1.38056092e-002
    1.13605398e-004 -1.69717951e-003 5.62325679e-003 -2.75213295e-003 0.
    0. 3.05132219e-003 1.10922928e-003 0. -2.43246359e-005
    1.28464564e-003 6.82000862e-003 1.07052671e-002 -5.63042180e-004
    2.48255697e-003 4.25529573e-003 0. 1.87021482e-003 0.
    7.00494321e-003 0. 0. 0. 0. 0. 3.93449853e-004 -2.64011498e-004 0.
    0. 3.32923629e-003 1.00262649e-003 0. -3.02229309e-003
    7.34983245e-004 0. 9.94028244e-003 3.28519940e-003 0.
    2.24856753e-003 0. 8.89338495e-004 0. 4.62544477e-003 0. 0. 0. 0. 0.
    2.18849350e-003 0. 6.11114036e-003 0. 2.17489880e-002
    8.13796360e-004 2.81579257e-003 1.14795920e-002 0. 6.54999109e-004
    0. 0. 1.65653380e-003 0. 0. 0. 0. 3.36114131e-003 4.50966880e-003 0.
    2.27984274e-003 5.60812932e-003 0. 0. 0. 0. 1.89504633e-003 0.
    8.14605784e-003 6.90980535e-003 2.04008520e-005 6.72417751e-004
    1.11683514e-002 0. 0. 0. 0. 0. 0. 1.98464887e-003 1.51371432e-003
    8.11061938e-004 5.47625590e-003 0. -1.49084325e-003 2.20826976e-002
    0. 3.41732614e-003 0. 0. 3.16302665e-003 -1.82965992e-003 0. 0.
    2.98896618e-003 -2.45848112e-003 0. 4.76179272e-003 0. 0.
    -1.15557644e-003 8.69828276e-003 0. 8.85908213e-003 3.25425412e-003
    0. 0. 0. 0. 8.41063075e-003 -5.42929687e-004 0. 0. 0. 0.
    9.31339525e-003 0. -3.84109863e-003 9.30350553e-003 0. 0.
    1.22460915e-004 0. 2.19907914e-003 2.17458443e-003 0. 0. 0. 0. 0. 0.
    0. 5.62799769e-003 0. 1.90259423e-002 -1.14824809e-003
    7.52458256e-003 1.72650430e-003 0. 6.81341859e-003 0. 0.
    1.05645070e-002 3.44230677e-003 1.05094835e-002 -7.93865824e-004
    6.16936060e-003 0. 0. 0. 0. 9.14022559e-004 3.75206023e-003
    1.73919685e-002 -1.21563906e-003 4.06051194e-003 0. 2.92937388e-003
    0. 1.69184722e-003 0. 0. 0. 1.43839186e-003 2.25429959e-003 0.
    9.32412921e-004 4.72100306e-004 8.78211949e-003 0. 9.75873147e-004
    7.72091048e-003 0. 0. 0. 0. -1.62233796e-003 -8.27976983e-005 0. 0.
    0. 0. 0. 6.43253792e-003 0. 1.15506712e-003 0. 0. 0.
    -2.54267291e-003 6.00313256e-003 1.83441315e-003 -1.95510846e-004
    -1.39193260e-003 -1.93811371e-004 4.93912306e-003 0. 5.23976889e-003
    -2.35086866e-003 1.01152109e-002 0. 8.86860117e-003 0. 0.
    -3.14591220e-003 0. 0. 6.73325616e-004 -3.10594426e-003
    6.76919892e-003 0. 2.06433143e-003 0. 0. 0. 0. 2.90239439e-003 0. 0.
    0. 2.97274301e-003 7.76008097e-003 0. 0. 2.18015839e-003 0. 0.
    1.28979830e-003 1.22576430e-002</data></imageDescriptor>
</opencv_storage>
