<?xml version="1.0"?>
<opencv_storage>
<imageDescriptor type_id="opencv-matrix">
  <rows>1</rows>
  <cols>500</cols>
  <dt>f</dt>
  <data>
    1.89071451e-003 -2.11201631e-003 8.56111944e-003 0. 0.
    2.11995211e-003 9.05348361e-003 0. -8.76468024e-004 0. 0. 0.
    6.21367153e-003 8.74438323e-004 1.78443398e-002 0. 0.
    5.24776103e-003 0. 2.02224404e-003 2.05223146e-003 0. 0. 0. 0. 0.
    1.47995651e-002 5.33786975e-003 6.86854962e-003 9.35490336e-003 0.
    4.34239162e-003 5.48861874e-003 0. 7.52983964e-004 0.
    8.02928396e-003 0. -1.69536169e-003 -2.34751171e-003 0. 0.
    7.13645620e-003 0. 4.07745689e-003 0. 0. 0. 8.15642532e-003 0. 0.
    6.57798629e-003 0. 0. 0. 5.32186683e-003 0. 0. 0. 2.28960998e-003 0.
    3.15865246e-003 3.41523148e-004 0. 0. 8.01108219e-003
    1.02881026e-002 0. 0. 0. -2.69336510e-003 0. 6.24354184e-003 0. 0.
    0. 4.63631609e-003 0. 4.33778716e-003 7.33401440e-003
    7.46269288e-005 2.20685247e-002 6.37883460e-003 2.78604776e-003 0.
    0. 0. 5.54393139e-003 0. 0. -2.14298093e-003 0. 2.42065126e-003
    3.40261753e-003 1.60757219e-003 8.63953307e-003 0. 2.81716837e-003
    0. 1.54796364e-002 1.43040232e-002 0. 8.03032331e-003
    5.88498078e-003 0. 0. -2.07354990e-003 3.92205734e-003 0. 0.
    -8.64503847e-004 2.25479132e-003 -1.41243159e-003 0. 0. 0. 0. 0. 0.
    0. 0. 0. 0. 0. 0. 0. 4.39174380e-003 2.81652040e-003 3.48616741e-003
    0. 0. 9.00246575e-003 -4.04434884e-003 8.13686009e-003
    6.19685510e-003 4.83393623e-003 0. 0. 0. 2.35784287e-003 0. 0.
    1.65487640e-003 2.77925399e-003 3.28563526e-003 2.59307865e-003
    1.24316500e-003 0. 0. 4.98529477e-003 -2.66607851e-003
    4.57100291e-003 0. -1.98034657e-004 -8.28408985e-004 0. 0. 0. 0. 0.
    -1.24392065e-003 0. 6.74491515e-003 0. 0. 0. 4.35133511e-003 0.
    2.33570840e-002 0. 1.65992894e-003 0. 4.61792806e-003
    2.80576572e-003 0. 3.05438321e-003 0. 0. 0. 0. 0. 0. 9.66596045e-003
    1.70155279e-002 1.01632895e-002 0. 1.37518225e-002 -2.47933017e-003
    4.20254702e-003 1.18796537e-002 2.61834241e-003 5.82956430e-003 0.
    -3.92871583e-003 6.63378043e-003 1.89984348e-004 0. 0. 0. 0.
    1.48881809e-003 0. 0. 0. 0. -2.97464640e-003 0. 0. 1.65495870e-003
    0. 0. 0. 1.53739890e-003 0. 0. 0. 0. 0. 4.63740760e-003
    -1.94225041e-003 0. 0. 0. 0. 8.24416988e-003 2.43817512e-002
    7.49960309e-004 -1.70243817e-004 0. 0. 6.25410117e-003
    -6.16258767e-004 0. 4.93259635e-003 0. 4.45400132e-003 0.
    3.22791701e-003 2.39733537e-003 0. 2.21805018e-003 1.01935049e-003
    0. 8.55415314e-003 1.46792550e-002 0. 0. 2.31896434e-003
    4.97849938e-003 0. 0. 0. 3.44558561e-004 0. 3.11146537e-003 0.
    2.95946700e-003 2.39446200e-002 4.35569603e-003 -2.21589883e-003 0.
    0. 4.76980163e-003 -3.04556033e-003 -7.83896260e-003 5.42762084e-003
    0. 1.84299313e-002 0. 0. 0. 0. 0. 6.06787764e-003 0. 0. 0.
    3.10368300e-003 1.09473653e-002 5.72952535e-003 1.22315418e-002
    -1.98146910e-004 -4.94660810e-003 4.93371719e-003 0. 0. 0. 0. 0. 0.
    6.15432300e-003 0. 3.29045020e-003 0. 0. 1.63327856e-003 0. 0.
    6.55372953e-003 5.99090103e-003 0. 7.81110814e-003 1.37999495e-002
    2.45444826e-003 0. 0. 0. 1.85487408e-003 2.36542546e-004
    9.29985894e-004 1.44495943e-003 0. 0. 0. 0. 1.06160846e-002
    2.47179251e-003 0. 0. 0. 3.06341937e-003 0. 3.29887844e-003 0. 0. 0.
    0. 0. -1.68758666e-003 0. 0. -9.69547313e-004 0. 1.29462988e-003 0.
    0. 0. 0. 0. 0. 2.53565572e-002 0. 2.25355150e-003 9.89351794e-003 0.
    0. 0. -5.30940248e-004 -9.60980658e-004 0. 3.80069506e-003 0. 0. 0.
    1.14457891e-003 3.28666694e-003 0. 0. 3.32078640e-003
    -5.65730594e-003 1.26085908e-003 2.61822762e-003 0. 4.67757834e-003
    2.32067471e-003 1.69985846e-003 4.25764505e-004 1.01784449e-002
    -4.68255254e-003 1.57314073e-003 5.29436255e-003 1.00252843e-002
    1.59208570e-003 4.46455181e-003 3.73950973e-003 0. 0.
    1.70009362e-003 4.43790248e-003 0. 0. 0. 1.13464752e-002
    7.73690222e-003 2.58485042e-003 4.77816444e-003 0. 5.66382939e-003
    4.33287770e-003 0. 0. 4.65564709e-003 0. 5.42684598e-003 0. 0. 0. 0.
    1.78285576e-002 0. 0. 4.32069488e-002 8.73992161e-004 0. 0. 0. 0.
    6.75362023e-003 0. 0. 0. 1.02108798e-003 0. 0. 3.83178587e-003 0. 0.
    6.88790949e-003 0. 0. 0. 0. 0. 1.23433853e-002 4.66653751e-003 0.
    -3.58112529e-003 0. 0. 0. 0. 0. 0. 0. 0. 0. 0. 0. 0. 0.
    8.91920459e-003 0. 5.21324668e-003 0. -1.64921232e-003 0. 0.
    2.91787088e-003 2.82596378e-003 0. 0. 0. 1.77561259e-003 0.
    5.54134138e-004 3.41798854e-003 0. 7.22830044e-003 -2.50167050e-003
    -2.86466582e-003 0. 2.91435840e-003 0. 0. 0. 0. 7.73896277e-003 0.
    0. 0. 0. 4.15611919e-003 0. 0. 0. 0. 2.21923948e-003 0. 0.
    3.35388444e-003 0. 0. 0. 2.05749646e-003 0. 8.29792581e-004 0. 0.
    -1.52903341e-003 0. 3.60954669e-003 -2.04796030e-004 4.48085926e-003
    6.70406618e-004 0. 5.46460925e-003 0. 3.21005052e-003 0.
    -2.42841453e-003</data></imageDescriptor>
</opencv_storage>
