<?xml version="1.0"?>
<opencv_storage>
<imageDescriptor type_id="opencv-matrix">
  <rows>1</rows>
  <cols>500</cols>
  <dt>f</dt>
  <data>
    2.99010891e-003 0. 0. 0. 1.72254466e-003 5.70982182e-003
    8.87578633e-003 0. 0. 1.28360523e-003 5.30281570e-004
    -4.15458763e-003 2.93291011e-003 -3.95995885e-004 7.10334815e-003
    4.70155105e-003 0. 2.14336487e-003 6.63493155e-003 0. 0. 0. 0.
    -1.83682283e-003 0. 5.39020915e-003 0. 1.81296153e-003 0. 0.
    -1.48345740e-003 0. 0. 2.20558443e-003 -8.90010688e-003
    6.02171116e-004 6.19440619e-003 0. -1.18674489e-003 3.12224729e-003
    -5.00597293e-003 1.03880896e-003 0. 0. 0. 9.56936367e-003
    7.97295664e-003 0. 1.34123228e-002 -8.81792745e-004 -7.84380245e-004
    1.51515135e-003 1.10845454e-003 0. 0. 1.86055806e-002
    6.43314002e-003 2.00700015e-003 1.11070822e-003 0. 3.85494088e-003
    0. 1.17540010e-003 3.29503207e-003 0. 0. 2.16560811e-003 0. 0. 0.
    1.44340210e-002 0. 0. 0. -5.00287162e-003 -3.66953597e-003
    1.30589714e-003 0. 0. 0. -3.37727740e-003 -4.63157194e-003 0. 0.
    8.33074388e-004 3.43977613e-003 1.76763274e-002 1.93204649e-003 0.
    0. -1.44003061e-004 3.21212644e-003 7.14989286e-003 0. 0. 0. 0.
    2.42321077e-003 0. 0. 0. -2.40682135e-003 0. 0. 2.38176179e-003 0.
    7.45326234e-003 0. -4.33601206e-004 0. 0. 0. 0. 4.21887357e-003 0.
    0. 0. 0. 1.32065569e-003 1.52516318e-003 0. 9.28814989e-004
    2.09570257e-003 2.77854363e-003 0. 0. 0. 0. 0. 0. 0. 0. 0. 0. 0. 0.
    0. -5.30624995e-003 3.17737600e-003 5.37646050e-003 6.93678390e-003
    0. 4.70293965e-003 -2.75664753e-003 1.32181738e-002 0.
    7.28435535e-003 7.28475675e-003 0. 0. 5.40762115e-003
    3.78171261e-003 -1.13982125e-003 3.49354348e-003 9.79987159e-003 0.
    0. 0. 0. 0. 7.71410123e-004 0. 0. 0. -2.07090052e-003
    3.10484866e-005 0. 0. 0. 0. 1.10874493e-002 7.89819844e-003
    8.14033556e-004 2.64780652e-002 1.91406813e-002 0. 0. 0.
    1.02507463e-002 9.24622361e-003 5.95169561e-003 5.55563020e-004
    -2.47163489e-003 0. 7.55669724e-004 0. 4.18785680e-003 0.
    1.25917327e-003 0. 3.28319380e-003 9.27805062e-003 0. 0. 0.
    1.11923982e-004 1.58671029e-002 2.12382991e-003 5.57477400e-003
    2.59304773e-002 0. 0. -1.05256692e-003 0. 0. 7.70955929e-004
    3.47298384e-003 0. 4.24013333e-003 -2.94216094e-003 1.09505598e-002
    5.16083511e-003 1.21913841e-002 5.20080887e-003 0. -1.17701443e-003
    6.73511904e-003 1.09571544e-003 0. 0. 0. 0. 6.99635711e-004 0.
    1.58058375e-003 0. -1.08353398e-003 2.77930615e-003 4.11213934e-003
    4.93997615e-003 0. 0. 0. 0. 2.03930307e-003 0. 0. 2.40612850e-002 0.
    0. 0. -8.41117639e-004 0. 0. 0. 0. 0. 5.23006951e-004 0. 0.
    2.04203394e-003 0. 0. 0. 2.57161702e-003 0. 0. 0. 6.56893244e-003 0.
    4.02176287e-003 9.98922717e-003 3.17169330e-003 -1.37837965e-003
    -3.91412014e-003 0. 1.06700347e-003 4.53590974e-003 3.69828986e-003
    2.73776823e-003 0. 0. 1.16991661e-002 2.20618560e-003
    8.10469221e-003 0. -3.09426826e-003 0. 0. 0. 0. 0. 0.
    3.23792174e-003 -1.11853576e-003 0. 6.50581904e-003 0.
    9.28509794e-003 0. 2.63123307e-003 4.25117287e-005 0.
    5.28795272e-003 0. 0. 5.99406008e-003 0. 0. 0. 0. -2.77863326e-003
    0. 0. 4.32692794e-003 4.78647277e-003 0. 4.21323860e-003 0. 0. 0.
    -2.35177041e-003 0. 8.63008201e-003 1.93180493e-003 3.85945849e-003
    0. 0. 1.13653522e-002 -5.98714396e-004 0. 1.07209552e-002 0.
    4.26157052e-003 0. 5.45494899e-004 0. 0. -8.53643345e-004
    3.85847571e-003 0. 0. -1.27028630e-004 0. 0. 8.05933401e-003
    1.51413763e-002 5.78623032e-004 3.90844885e-003 -2.29340605e-003 0.
    6.88574463e-003 -4.22825688e-004 0. 8.91874265e-003 0.
    -1.28986663e-003 0. 0. 0. 0. 0. 0. 0. 0. 1.57688502e-002 0.
    -4.45037521e-003 0. 1.02453642e-002 0. 7.61285424e-003 0. 0.
    1.90103706e-003 2.67552435e-002 7.99216144e-003 0. 2.74385005e-004
    -1.76042842e-003 0. 4.67746193e-003 2.68080924e-003 0.
    -2.56251201e-006 1.58778951e-002 4.43788664e-003 0. 0. 0.
    -1.65150536e-003 1.45738563e-002 0. 4.56223032e-003 0. 0. 0. 0.
    3.09601519e-003 0. 0. 0. 4.32285073e-004 0. 0. 0. 0. 0.
    -3.93486628e-003 8.36902112e-003 0. 0. 0. 0. 6.39465963e-003
    7.86528923e-003 0. -1.00088981e-003 0. 0. 2.61892565e-002
    7.57707004e-003 -1.60168996e-003 0. 0. 8.94717220e-003 0. 0.
    2.08162473e-005 0. 3.21963849e-003 1.33252488e-002 0. 0. 0.
    -1.00786728e-003 0. 0. 0. 1.13810143e-002 2.38598068e-003
    7.48845236e-003 0. 1.24513321e-002 1.51453959e-003 -8.76822043e-003
    0. 0. 1.39222983e-002 0. 0. 1.75740977e-003 0. -1.41695002e-003 0.
    0. 0. 0. 1.69562409e-003 5.72767900e-003 0. 1.34000955e-002 0. 0. 0.
    0. 0. 0. 0. 0. 0. 2.02269875e-003 4.62353084e-004 9.60227742e-004
    3.30467662e-003 2.27642283e-002 0. 0. 2.90690595e-003 0.
    5.66264056e-003 0. 0. 0. 4.95787431e-003 2.42483020e-005 0.
    3.45801748e-002 0. 8.19082279e-003 5.01015410e-003 2.65977415e-003
    6.18522102e-003 9.06885980e-005 6.66074920e-003 -2.64506112e-003 0.
    0. 0. 1.29953574e-003 0. 0. 0. 0. 0. 0. 0. 0. 0. 0.</data></imageDescriptor>
</opencv_storage>
