<?xml version="1.0"?>
<opencv_storage>
<imageDescriptor type_id="opencv-matrix">
  <rows>1</rows>
  <cols>500</cols>
  <dt>f</dt>
  <data>
    1.09948665e-002 1.06960088e-002 0. 0. -4.82750777e-003
    4.45237942e-003 0. 0. 0. 9.25271865e-003 0. -3.19577695e-004
    1.34113332e-004 1.99660240e-003 0. 6.56190212e-004 0.
    3.19196982e-003 0. 8.64192098e-003 2.20152512e-002 0. 0.
    6.90883899e-004 -6.32464513e-003 0. 1.17475046e-002 1.12887425e-002
    4.06245142e-003 7.42864981e-003 -3.41881765e-003 1.16039380e-004 0.
    0. -1.69565552e-003 2.11849809e-003 -1.31030777e-003 0.
    3.17569426e-003 3.90302343e-003 -1.51592353e-003 9.78216878e-004 0.
    0. 0. 1.67025961e-002 0. 4.56066569e-004 4.18787217e-003 0. 0.
    4.27698437e-003 7.01567507e-004 0. 0. 0. 0. 0. 2.35523586e-003
    7.77681172e-003 0. -4.15102433e-004 6.00677496e-003 1.70653849e-003
    0. 5.44068171e-003 1.51651604e-002 0. 0. 2.13831174e-003 0. 0. 0.
    -4.08108160e-003 0. 0. 6.70091622e-003 1.59497629e-003 0.
    2.39772210e-003 1.36843678e-002 0. 2.49932613e-003 -3.96179222e-003
    -3.11602722e-003 0. 0. -2.52493937e-003 0. 2.62756040e-003 0. 0.
    2.00138637e-003 8.99507664e-003 0. 0. 1.21386140e-003 0. 0.
    7.14967679e-003 1.37692131e-003 0. 0. 2.97500100e-003 0.
    6.11346401e-003 0. 0. 0. 0. 0. 0. 5.41304704e-003 0. 8.86594504e-003
    0. 0. 2.31736992e-003 0. -2.33749277e-003 0. 0. 0. 0. 0. 0.
    1.58258304e-002 2.60838377e-003 -3.00900312e-003 0. 0.
    -5.59390523e-003 0. 0. 0. 0. 0. 5.21206530e-005 -1.43130496e-003
    1.47285638e-003 0. 5.44566486e-004 2.06140801e-003 8.34938779e-004
    1.83054060e-003 0. 1.79931819e-002 4.77335555e-003 0. 0.
    3.99237126e-003 1.67584866e-002 -7.72978994e-004 1.30165881e-003 0.
    0. 1.01635442e-003 0. 0. 0. 3.05835786e-003 0. 1.03854267e-002 0. 0.
    0. 0. 0. 1.06241053e-003 0. 3.30582983e-003 0. 0. 0. 0. 0. 0.
    2.76159821e-003 3.11484467e-003 0. -2.13702396e-003 0. 0. 0. 0. 0.
    0. 2.17445288e-003 -5.47086261e-003 4.61202767e-003 1.29700229e-002
    0. 1.74239688e-002 0. -5.45987568e-004 0. 0. 0. 0. 0. 0. 0. 0.
    3.20007722e-003 0. 0. 0. 3.09330388e-003 0. 1.09956935e-002 0.
    7.65197678e-004 0. 0. 4.56214473e-002 0. 0. 3.24850483e-003
    -8.49373115e-004 2.61783879e-003 5.59827080e-003 0. 0. 0. 0.
    1.69436587e-003 0. 2.92900344e-003 1.05758216e-002 8.01643450e-003
    5.89123275e-003 1.08956695e-002 2.38346681e-003 -5.97954541e-003 0.
    1.17902108e-003 2.24019121e-003 2.06779689e-003 1.59395151e-002 0.
    3.83996847e-003 3.92789999e-003 -3.18975141e-003 1.65661350e-002
    2.61681527e-003 -1.45533774e-003 6.01810170e-003 0. 4.85756248e-003
    0. 0. 3.08754994e-003 -1.87934318e-003 0. 0. 1.24690530e-003
    1.86456775e-003 -9.41727951e-004 5.29598398e-003 0. -1.12192798e-003
    2.02243365e-002 0. 6.16811973e-004 3.26327886e-003 -7.18000112e-004
    0. 0. 0. 0. 4.25167941e-003 9.13433358e-003 0. 0. 0. 1.66823938e-002
    1.60213874e-003 2.98418174e-003 3.91493784e-003 0. -1.14734820e-003
    0. -2.73671630e-003 1.42760191e-003 0. 0. 0. 7.03261350e-004 0. 0.
    0. -9.73851056e-005 8.21472349e-005 0. 0. 0. 2.53163325e-003
    3.25088040e-004 0. 0. 0. 2.56510684e-003 0. 2.30540847e-003
    1.66022440e-003 4.67354013e-003 0. 1.36745162e-003 9.56596050e-004
    8.11828009e-004 -3.31188622e-003 0. 0. 2.05974816e-003
    2.26214109e-003 1.46756310e-003 0. 2.31388304e-003 1.95331033e-003
    -7.16699695e-004 0. -3.81282443e-005 0. 4.50671185e-003
    4.91919275e-003 0. 5.51529555e-003 0. 0. 0. 0. 0. 6.76629599e-004 0.
    0. 0. -2.61666975e-003 -3.07969330e-003 -1.82023540e-003 0.
    1.72504538e-003 4.56695491e-003 7.92292412e-004 8.61937460e-003
    3.75745771e-003 0. 0. 4.89695417e-003 1.63313514e-003
    2.06300203e-004 4.06826846e-003 0. 9.46852751e-003 3.25587625e-003
    0. 0. 0. 7.26971729e-003 0. 0. 2.37509492e-003 0. 1.93045754e-003
    6.48238789e-003 5.81916014e-004 1.86571926e-002 1.03731127e-003
    1.23597011e-002 0. 1.53989939e-003 2.31611496e-003 4.83292062e-003
    0. 0. 9.37868608e-004 0. 1.14309508e-002 0. 5.32184122e-003
    2.90203560e-003 9.51838796e-004 0. -8.57725448e-004 0.
    -1.23529695e-003 2.03391333e-004 -7.48774444e-004 -8.11721082e-004
    0. 4.26413072e-003 1.04856968e-003 0. 0. 0. 3.24727111e-002 0. 0. 0.
    -1.12371403e-003 0. 6.21947285e-004 6.35888008e-003 0. 0.
    7.07908068e-004 5.65008260e-003 3.31428200e-002 0. 0. 0.
    2.14804839e-002 5.85825834e-003 2.00574612e-003 -1.06745132e-003 0.
    9.18323267e-003 0. 0. 1.80632994e-003 0. -8.57131905e-004 0. 0.
    1.81862002e-003 1.62270851e-003 -5.23137441e-003 1.15875620e-003
    2.33439468e-002 3.62776290e-003 0. 2.42014532e-003 0.
    -3.19858827e-003 5.95784397e-004 0. 6.19066786e-003 0.
    -1.21220935e-003 2.49917939e-004 7.69224297e-003 -2.12750444e-003 0.
    0. 0. -8.47944804e-003 0. 0. 0. 0. 1.32038235e-003 5.37145277e-003
    0. 0. 0. 1.20768463e-003 0. 6.37725135e-003 9.12329834e-003 0. 0. 0.
    0. 0. 0. 0. 2.46932637e-002 1.24160026e-003 4.30306559e-003
    6.28562085e-003 1.49248622e-003 4.58470546e-003 0. 5.73895779e-003
    0. 0. 3.43815400e-003 2.00561993e-003 0. 0. 4.72928863e-003 0.
    2.45741289e-003 0. 0. -7.89314043e-004 0. 3.73028190e-004
    7.30422442e-004 3.74313514e-003 0. 5.94513072e-003 6.13467582e-003
    0. 4.26347693e-003 1.92983146e-003 6.76211901e-003 -9.81611782e-004
    -1.56258035e-003 4.32224898e-003 1.24266436e-002</data></imageDescriptor>
</opencv_storage>
