<?xml version="1.0"?>
<opencv_storage>
<imageDescriptor type_id="opencv-matrix">
  <rows>1</rows>
  <cols>500</cols>
  <dt>f</dt>
  <data>
    0. 7.76050729e-005 2.88186804e-003 1.09993026e-003 9.07526759e-004
    1.01441564e-003 4.61783353e-003 0. 0. 2.35484098e-003
    2.20327731e-003 0. 0. 1.47672254e-003 9.40420851e-003
    9.13783879e-005 1.68494845e-003 8.60974565e-003 6.98599906e-004
    1.42651144e-003 3.81717272e-003 1.52058084e-003 1.01075729e-003
    1.80029392e-003 3.56891745e-004 0. 0. 0. 1.16702181e-003
    -3.58378602e-004 -8.49650460e-005 0. 0. 4.04682709e-003
    3.21655255e-003 4.88924887e-003 1.98385096e-003 0. -1.51176541e-003
    0. 2.11396860e-003 2.52416637e-003 4.33192961e-003 6.83106307e-004
    1.49450521e-003 6.08111452e-003 9.22009349e-006 -1.26175105e-003
    1.71434192e-003 8.24436080e-003 4.09876369e-003 0. 1.21962316e-002
    0. 0. 5.07923169e-003 0. 0. 0. 6.68540655e-004 0. 0. 0.
    3.37582082e-003 1.43484795e-003 1.30512181e-003 7.86824431e-003
    1.97079498e-003 2.59796879e-003 -2.26786826e-003 1.05394435e-003
    4.72447881e-003 1.09795469e-003 2.03805114e-003 -3.45283444e-003
    5.30455075e-003 1.51021883e-003 0. 0. 3.00484127e-003
    1.37375970e-003 3.27283936e-003 -1.10686221e-003 0. 2.13590989e-004
    2.04040762e-003 0. 1.77301571e-003 1.36417930e-003 0.
    -1.97596382e-003 8.42295354e-004 1.16884534e-003 3.95251391e-003
    3.58966249e-003 8.03547446e-003 7.80474674e-003 0. 0.
    2.35767872e-003 0. 5.61171724e-003 4.26403340e-003 1.19661726e-003
    0. 2.18899897e-003 -1.53631938e-003 0. 4.20374935e-003
    1.77917886e-003 0. 0. 0. 6.09507598e-003 5.92928566e-003
    2.57077720e-003 0. 1.75352220e-003 1.00413943e-003 1.08284119e-003
    0. 1.11447275e-003 3.21607129e-003 -4.57757298e-004 -5.18320419e-004
    0. 7.90945196e-004 0. -2.63308850e-003 1.39607000e-003 0. 0. 0. 0.
    2.67428951e-003 3.33019672e-003 0. -1.49743666e-003 2.95174797e-003
    -1.60052185e-003 0. 5.48111566e-004 1.59811822e-003 2.09493373e-004
    7.64929177e-003 0. 1.59095856e-003 0. 0. 6.34681573e-003
    8.03075917e-003 1.51786709e-003 3.61003494e-003 0. 0.
    -9.70835026e-005 -2.70167273e-003 6.54647243e-004 -1.06991641e-003
    5.98588027e-003 3.77661386e-003 1.50561472e-003 1.38633861e-003 0.
    5.90435346e-004 0. 0. 0. 0. -1.89769751e-004 8.16406030e-003
    3.92416399e-003 0. 0. 0. 9.05367779e-004 1.73846190e-003 0.
    1.79477024e-003 2.25547515e-003 0. 2.85757030e-003 2.40924675e-003
    1.22495950e-003 1.39924856e-002 5.81677677e-003 3.33396858e-003
    1.01058104e-003 8.96042387e-004 1.46638870e-003 0. 1.55482057e-003
    2.01170910e-002 0. 0. 8.80243909e-003 1.35099422e-003 0.
    1.99236418e-003 3.89045861e-004 0. 2.88858707e-003 0.
    1.24650425e-003 0. 8.15067091e-004 4.14763897e-004 0.
    3.57186329e-003 1.29170632e-002 4.60764579e-003 2.33109249e-003
    8.28973576e-003 0. 9.55644820e-004 3.76693904e-003 4.46884939e-003
    7.55857676e-004 1.74103526e-003 2.31494685e-003 2.81580398e-003 0.
    -4.17224859e-004 -9.16163030e-004 2.69194506e-003 -1.48645486e-003
    2.56096106e-003 -1.34255490e-004 3.59619880e-004 1.47061003e-003
    2.31920043e-003 1.31294960e-002 5.44901378e-003 -3.27739585e-003
    -2.22165982e-004 7.86593836e-003 2.26639304e-003 2.05477979e-003 0.
    1.09246094e-003 0. -4.20808373e-003 -2.12332932e-003 0. 0.
    3.14343115e-003 0. 6.38327503e-004 0. 1.25510909e-003
    3.15250899e-003 1.32754433e-003 8.93353645e-005 9.95378383e-003
    5.08372905e-003 3.13974428e-003 0. 0. 3.10537894e-003
    1.27681333e-003 -4.66487603e-004 1.70885131e-003 5.92069642e-004 0.
    0. 0. 0. 4.26283281e-004 0. 0. -1.51364156e-003 3.70634184e-003
    6.45390293e-003 4.00946895e-003 0. 6.92664040e-003 1.15528097e-003
    -1.53755280e-003 2.57677562e-003 2.44266074e-003 2.52428930e-003
    1.31377799e-003 0. 0. 0. 0. 4.53666225e-003 -2.48662778e-003
    3.80299380e-003 0. 0. 0. 8.57044652e-004 -1.32027199e-003
    8.00723862e-003 0. 3.91283713e-004 1.54914137e-003 0.
    9.35030926e-004 0. 5.05262404e-004 0. -7.85182288e-004
    9.74881186e-005 0. 3.49772559e-003 1.91949436e-003 0.
    4.01531672e-003 0. 0. 0. 4.14248352e-004 3.95907229e-003
    1.27699471e-003 -1.11520058e-003 -6.30191425e-005 0. 0.
    1.25137228e-003 0. 3.10351420e-003 2.45640194e-003 1.33317627e-003
    1.51620223e-003 -3.78217688e-003 0. 6.14235457e-003 0.
    2.93207145e-003 0. 2.24335771e-003 0. 0. 2.22669658e-003
    1.81363046e-003 3.14022321e-003 2.21004098e-004 2.75483006e-003
    9.48679727e-003 6.31643040e-003 1.54349301e-003 5.02053509e-003
    4.42185579e-003 0. 1.59293704e-003 1.22188986e-003 0.
    3.13173002e-003 1.51035527e-003 0. 9.09959618e-003 5.09332074e-003
    0. 1.92898267e-003 2.74117524e-003 0. 2.30242079e-003 0.
    3.44138709e-003 5.67147101e-004 3.48636368e-003 5.65470383e-003
    4.42168256e-003 8.35446827e-003 1.26484525e-003 0. 5.52987447e-003
    9.79734398e-003 2.37842044e-003 1.45701561e-004 1.12627470e-003
    8.33597686e-003 3.49134672e-003 3.27296526e-004 7.65227654e-004
    4.21583798e-004 1.62273122e-003 0. 1.47575270e-002 3.48421582e-003
    8.28471966e-003 0. 7.56835379e-003 2.91886320e-003 5.26203914e-003
    1.48673181e-003 0. 8.56217928e-003 1.58439635e-003 4.42323508e-003
    0. 1.27967435e-003 3.35464161e-003 2.42492743e-003 -3.12466582e-004
    0. 0. -6.41985913e-004 1.11744576e-003 9.75802483e-004
    4.66815848e-003 2.67534005e-003 9.44503758e-004 2.50593643e-003
    4.30333428e-003 2.12324946e-003 4.15250135e-004 0. 3.02546122e-003
    2.12863437e-003 -8.05395714e-004 6.09949185e-003 3.34370206e-003
    8.13293795e-004 3.78117291e-003 1.92569161e-003 0. 1.79135764e-003
    3.85505031e-004 0. 8.54447670e-003 5.85288648e-003 2.94075673e-003
    0. 2.94499681e-003 3.03252041e-003 3.92002761e-002 1.57427113e-003
    -1.06301450e-004 4.70649626e-004 4.70181648e-003 0. 3.66139691e-003
    0. 1.93981652e-003 -7.92426465e-004 3.72841326e-003 0.
    4.00598021e-003 3.97097319e-005 2.57007615e-003 6.28978899e-003 0.
    0. 4.27887915e-003 2.60911044e-003 3.89150716e-003 6.57653064e-003
    7.16640381e-004 3.20936320e-003 9.82500263e-004 0. 0. 0.
    6.94312109e-003 4.05637734e-003 0. 0. 2.28852965e-003 0.
    3.65730771e-003 -7.04172766e-004 0. 9.52024665e-003 4.70612757e-003
    4.78785718e-003 0. 0. 0. 1.07564460e-002 2.75818631e-003
    3.91155714e-003 0. 0. 1.89620256e-003 8.56045261e-003
    -9.64237028e-004 6.50549307e-003 0. 1.66158297e-003 5.16981725e-003
    4.71969973e-003 1.25386259e-002 -1.53602705e-005 0. 2.66571122e-004
    3.75065324e-003 6.24312274e-003 0. 0. -2.54319573e-004
    1.72632374e-003 1.94088602e-003 2.70927045e-003 5.09088495e-005
    5.59872133e-004 3.24182492e-003 2.23661587e-003</data></imageDescriptor>
</opencv_storage>
