<?xml version="1.0"?>
<opencv_storage>
<imageDescriptor type_id="opencv-matrix">
  <rows>1</rows>
  <cols>500</cols>
  <dt>f</dt>
  <data>
    1.56127149e-003 -8.12940882e-004 7.64253316e-003 4.80163289e-004
    2.49210582e-003 0. 0. 2.11702613e-003 4.57230490e-003
    1.22651560e-002 1.01398239e-002 -1.31673366e-003 0. 0.
    3.34281474e-004 0. 0. 1.96945807e-003 0. 7.63461366e-003
    -2.35339697e-003 6.10071141e-003 8.64422589e-004 0. 2.70961039e-003
    0. 0. 0. 4.68368875e-003 1.30709987e-002 0. 1.22171652e-004 0.
    2.50728894e-003 9.04254615e-004 3.78685910e-003 6.20491756e-003 0.
    0. 7.19873235e-003 8.36444367e-003 5.70107950e-003 1.12483406e-003
    0. 0. 4.39991755e-003 0. -9.88891697e-004 0. 2.58310873e-004
    5.22439228e-003 0. 2.01526657e-003 8.46183219e-004 0.
    1.09084658e-002 0. 0. 0. 5.05591044e-003 0. 1.73341902e-003
    2.86477455e-003 1.78152334e-003 2.51310435e-003 1.53034658e-003
    7.08721112e-003 1.51514809e-003 0. 0. 7.62749510e-003
    5.13197295e-003 3.44524113e-003 -2.98146764e-003 -6.74698153e-004
    8.99352785e-003 3.78542463e-004 1.70897495e-003 5.16521698e-003
    1.28615729e-003 1.70948054e-003 2.25181831e-003 1.71833788e-003
    4.85548191e-003 0. 0. 8.84898589e-004 -2.61345250e-003 0.
    2.81052710e-003 2.24597519e-003 9.71969159e-004 0. 0.
    1.62461109e-003 4.61175432e-003 0. -8.57864798e-004 4.06637881e-003
    6.35133684e-003 1.05652520e-002 9.78199672e-003 2.75134062e-003 0.
    1.88093577e-002 0. 1.17419369e-003 0. 0. 0. 0. 0. 0. 7.78138498e-003
    3.19574814e-004 -1.86833568e-004 0. -4.18321521e-004 0.
    4.63644683e-004 0. 0. 2.50360183e-003 2.03250721e-003
    6.93326409e-004 0. 0. 5.34712053e-005 4.40141215e-004
    1.24943221e-003 1.55489007e-003 -1.51486264e-003 -3.38628772e-004 0.
    0. 2.94041098e-003 4.81229508e-003 1.15412881e-003 1.22010820e-002
    0. 0. 2.95177731e-003 0. 3.58126330e-004 1.70456056e-004
    2.56858766e-004 6.29309379e-003 0. 0. 6.68978377e-004 0.
    1.04587689e-005 0. 5.27454447e-003 0. 0. 0. 0. 3.53246671e-003 0.
    -1.44311378e-003 0. 7.74590764e-004 0. 0. 7.74104521e-003 0.
    9.39983292e-004 0. 2.88228947e-003 0. 7.26758782e-003 0. 0.
    5.77327376e-003 1.86816161e-003 5.39762806e-003 6.01263391e-003
    5.03841368e-003 0. 0. 2.74893455e-003 0. 0. 0. 0. 0.
    -2.74851191e-004 -6.38477213e-004 2.31240108e-003 0. 4.48300317e-003
    3.70087917e-003 9.95182854e-005 0. -2.95125501e-004 0. 0.
    3.61047429e-003 2.29978003e-003 0. 9.41194536e-004 0.
    1.38102667e-002 -1.49166421e-003 0. -1.82314450e-003 1.60902576e-003
    0. 4.44818148e-003 2.16863281e-003 1.73735537e-003 2.20959187e-002
    0. 0. 0. 6.62855292e-003 2.93139671e-003 0. 4.87499777e-003 0.
    -4.44831385e-004 1.63249928e-003 0. -2.32866663e-003 5.75553114e-003
    -1.48732995e-003 1.64625607e-003 0. 0. 0. 0. 6.93247374e-003 0.
    1.02738908e-003 0. 4.25167195e-003 0. 0. 0. 0. 1.23360120e-002 0.
    3.04480200e-003 0. 1.80087779e-002 1.47829985e-003 4.89460479e-004
    0. 0. 3.53969703e-003 1.20874611e-003 0. 0. 1.36837445e-003
    4.11151070e-003 0. 4.82406729e-004 1.44552250e-004 0. 0. 0. 0. 0. 0.
    5.10783726e-003 0. 2.26120668e-004 1.03814667e-003 2.64680060e-003
    4.40708781e-003 2.94342893e-003 1.22325886e-002 7.17816525e-004
    1.42497467e-002 0. 0. 0. 0. 2.90356204e-003 5.78145904e-004
    2.06929701e-003 -1.23576319e-003 6.68390514e-003 0. 0. 0. 0.
    1.33894078e-004 3.95087583e-004 0. 2.55443715e-003 2.45535467e-003
    0. 0. 2.92804814e-003 0. 0. 0. 6.51533483e-003 5.86745376e-003
    3.13893217e-003 0. 3.01016262e-003 8.67746770e-003 3.74754053e-003
    2.93224351e-003 1.86145096e-003 0. 3.74685694e-003 -1.05362234e-003
    0. 0. 1.72357191e-003 2.75361032e-004 6.00506505e-003
    -5.66893199e-004 1.49418673e-004 8.26135837e-003 0. -1.14071090e-003
    3.37381521e-003 7.58507848e-003 2.82383524e-003 0. 4.75088105e-004
    0. 0. 0. 0. 0. 0. 0. 6.90959347e-003 4.04231221e-004
    -1.37314273e-004 0. 3.93616268e-003 3.95378284e-003 0.
    4.11306880e-003 5.01511572e-003 -1.87193364e-005 0. 3.48424027e-003
    0. 3.95941501e-003 0. 8.55862349e-003 0. 3.08743748e-003 0.
    -1.51746522e-003 -8.89140740e-003 0. 0. 0. 1.57963589e-003
    5.06974943e-003 0. 1.40919862e-003 0. 4.40396089e-003 0.
    1.00214388e-002 2.53285910e-003 0. 1.71766314e-003 -1.49674935e-003
    2.93763151e-004 -1.56427253e-004 8.59176449e-004 0. 0. 0. 0. 0.
    7.55798956e-003 2.73455004e-003 -5.53654063e-005 4.05360572e-003
    3.48554528e-003 0. 0. 0. 0. 1.15444744e-002 0. 1.54527428e-003 0. 0.
    3.35754408e-003 0. 0. 5.38579701e-003 1.70996331e-003 0. 0. 0.
    3.22010554e-003 0. 0. 0. 0. 0. 1.37852253e-002 8.93650204e-003 0.
    3.09236161e-003 0. 2.64524668e-002 0. -6.34598255e-005 0. 0. 0.
    -1.15251506e-003 1.06280707e-002 8.25161114e-003 2.84818653e-003
    2.47208704e-003 2.51268153e-003 2.40418478e-003 2.80167162e-003
    3.52599402e-003 0. 1.72324857e-004 1.61800906e-003 7.45299878e-003
    8.79800878e-004 -2.97483103e-003 6.56892825e-003 0. 0. 0.
    2.55949935e-003 0. 0. 4.79461113e-003 0. 3.58700613e-003
    1.35456827e-002 1.19215492e-002 0. 0. 2.23768898e-003 0.
    -1.06796611e-003 4.35220543e-003 5.44237206e-003 0. 1.71032036e-003
    0. 0. 5.95187442e-003 -6.70019537e-004 2.06069066e-003
    6.13898365e-003 -1.77931529e-003 5.70591632e-003 2.09974847e-003
    1.65855139e-002 6.34746207e-003 0. 1.16251316e-003 3.22944224e-002
    0. 5.60447993e-003 0. 2.44708010e-003 0. 0. 8.94396659e-003
    3.36939679e-003 1.76292390e-003 1.00804528e-003 0. 0. 0.
    6.31166808e-003 0. 1.39953883e-003 0. 0. 1.79716013e-003
    2.81583844e-003 8.16752482e-003 9.69833694e-004 -5.07923542e-005
    -1.24429399e-003 0. 0. 1.73760811e-003 -9.18462465e-004
    9.49875452e-004 0. 0. 7.40927004e-004 0. -2.37469655e-003</data></imageDescriptor>
</opencv_storage>
