<?xml version="1.0"?>
<opencv_storage>
<imageDescriptor type_id="opencv-matrix">
  <rows>1</rows>
  <cols>500</cols>
  <dt>f</dt>
  <data>
    3.22310696e-003 6.30506664e-004 1.65980263e-003 3.57079972e-003
    -1.04401726e-003 3.00360867e-003 2.41972762e-003 0. 2.76317284e-003
    7.46155204e-003 6.36465847e-004 -9.77550808e-005 9.24277212e-003
    1.32530020e-003 1.51240313e-003 0. 4.02329117e-003 1.74606387e-002
    0. 5.45590883e-003 8.38015578e-004 2.20877281e-003 9.04101180e-004
    -4.55748923e-005 0. 0. 3.65842716e-003 0. 0. 7.16871675e-003
    2.59649125e-003 2.83836992e-003 1.07220170e-004 4.67237871e-004
    1.80837861e-003 1.84661965e-003 0. 0. 5.07643586e-003 0.
    -3.92403128e-003 0. 1.15236663e-003 0. 0. 6.53339596e-003 0.
    1.26752546e-002 0. -3.12540797e-004 5.21833450e-003 8.38244148e-003
    1.28946430e-003 1.42793916e-003 0. 3.44618806e-003 5.92039153e-003
    1.79015496e-003 4.18865308e-003 0. 0. 0. 0. 2.83406023e-003
    7.60225812e-004 0. 0. 7.54282018e-003 0. 8.49489775e-003
    5.59545681e-003 0. 7.75109371e-003 4.60890355e-003 1.25060941e-003
    0. 5.46279596e-004 5.16003813e-004 0. -3.00499448e-003
    2.28132191e-003 5.07881166e-003 0. 0. 3.57530499e-003
    4.26175073e-003 0. -4.15163609e-004 0. 1.02025061e-003 0. 0. 0.
    2.61618779e-003 0. 9.34793090e-004 0. 0. 2.69438419e-003
    9.15654376e-003 4.44951141e-003 2.22934666e-003 7.98002817e-003
    5.23018371e-003 0. 5.18755149e-003 0. -1.44364883e-003
    2.86299735e-003 2.73048040e-003 -9.73851827e-004 0. 5.07046096e-003
    0. 0. 0. 0. 0. 0. 1.94095727e-003 0. 4.41669719e-003 0.
    4.78586834e-003 4.33425745e-003 0. 0. 1.43718009e-003
    2.26376625e-003 -2.32046936e-003 0. 0. 0. 6.24438573e-004 0.
    5.27696917e-004 0. 3.79805057e-003 6.33275090e-003 0. 0. 0. 0.
    3.63252778e-003 2.40712147e-002 0. 1.55086117e-002 1.05521483e-002
    0. 4.94850427e-003 3.32253100e-003 0. 5.75860147e-004 0.
    9.66038834e-003 0. 0. 6.11271802e-003 2.80476199e-003 0. 0. 0. 0.
    1.16771786e-002 -2.13820371e-003 0. 0. 1.64848682e-003 0. 0.
    2.06810865e-003 0. -2.23041535e-003 1.97186787e-002 0.
    9.79754049e-003 5.63900825e-003 0. 0. 0. 0. 1.59595429e-003
    1.82870077e-003 4.97320108e-003 6.13611192e-003 4.07895044e-004
    -1.06691453e-003 0. -1.94892578e-003 5.60065778e-003 7.10236514e-003
    5.62157342e-003 9.94729344e-003 0. 0. -3.79416160e-004
    6.80579897e-003 0. 0. 2.74647702e-003 3.18960031e-003 0. 0.
    4.62073227e-003 3.09717632e-003 8.21002852e-003 5.25240903e-004
    6.87231019e-004 1.34014455e-003 0. 0. 1.26534170e-002 0.
    -1.77572365e-003 3.95248504e-003 0. -9.12759802e-004 7.53837638e-003
    5.38083678e-003 4.62405756e-003 5.12669003e-003 1.56630622e-003 0.
    0. 2.29227683e-003 1.81059749e-003 0. 4.25213296e-003
    1.17671175e-003 -7.12857058e-004 0. 2.90011684e-003 5.03330864e-003
    -5.65696682e-005 1.45442248e-003 2.26870528e-003 8.45268369e-005
    1.22413109e-003 0. 0. -2.23011477e-003 -3.06127680e-004 0. 0. 0.
    -4.32263827e-004 7.24725612e-003 4.35206667e-003 0. 1.16826617e-003
    1.13711692e-002 0. -1.71981577e-004 0. 4.77968855e-003
    6.72074675e-004 0. 6.11091126e-003 0. 0. 0. 4.89627104e-003
    7.62418704e-003 0. 1.17676123e-003 3.11433920e-003 0. 0. 0. 0. 0. 0.
    3.18506616e-003 0. 0. 6.23062439e-003 0. 0. 0. 0. 5.28580230e-003
    -3.84138635e-004 0. -6.99010561e-004 0. 3.55100213e-003 0. 0. 0. 0.
    0. 0. 2.76647136e-003 0. 3.30248359e-003 1.24573642e-002
    7.29934452e-003 0. 5.75623754e-003 3.63802747e-003 0.
    -3.15187126e-003 2.24686204e-003 4.10154648e-003 7.95930566e-004 0.
    3.05529521e-003 1.06935191e-003 0. 7.49915326e-003 0.
    2.14236113e-003 5.60277374e-003 0. 2.21138145e-003 2.33544270e-003
    -3.72687246e-005 0. 1.39416137e-003 0. 5.79628302e-003 0. 0.
    4.85793874e-003 0. 0. 6.90280320e-003 -1.96751230e-003 0.
    4.98681748e-003 3.42677347e-003 0. 1.06226467e-003 6.57617394e-003
    0. 0. -5.43142378e-004 0. 3.84565536e-003 0. 0. 2.98657687e-003
    -5.10631944e-004 0. 0. 3.09613603e-003 0. -1.22231699e-003 0.
    5.31368598e-004 0. 0. 2.97233788e-003 1.75483478e-003
    1.50325103e-003 1.18953222e-003 2.20823873e-004 4.67931898e-003
    9.42363404e-003 -1.05016190e-003 8.78802093e-004 0. -3.58207559e-004
    0. 0. 5.47797838e-003 7.98093528e-003 5.93013410e-003
    3.55180725e-003 -1.63618068e-003 7.91605189e-003 3.57552106e-003
    -2.84921698e-004 7.35585717e-003 0. 6.57012686e-003 0.
    5.40676946e-003 0. 0. 0. -2.00365874e-004 0. 7.23336823e-003
    -4.00434219e-004 3.50709143e-003 -3.60942613e-005 1.22934103e-003 0.
    1.53814012e-003 0. 0. -3.83670122e-004 2.85555492e-004
    1.84578891e-003 0. 3.60843586e-003 0. 9.27950069e-003 0. 0.
    5.11044357e-003 9.22748633e-003 0. 0. 0. 1.44370357e-002
    5.80997951e-003 -1.48646953e-003 9.04589426e-003 7.05022691e-003 0.
    0. 0. 5.00211725e-003 4.78113769e-003 0. 0. 9.81152244e-003
    1.07183261e-003 0. 0. 0. -6.19206039e-005 9.34300537e-004 0.
    1.16361398e-002 2.82265828e-003 -1.21261657e-003 7.94707146e-003
    1.72536122e-003 0. 0. 0. 3.42126493e-003 3.19395750e-003 0. 0.
    8.10114574e-003 0. 5.84474718e-003 1.72757462e-003 0. 0. 0. 0. 0. 0.
    2.25755339e-003 0. 0. 0. 0. 0. 0. 0. 0. 0. -4.12271562e-004
    3.50125600e-003 8.99331179e-003 6.48131920e-003 0. 2.51645160e-005
    4.45374986e-003 6.34192908e-003 0. 2.85827927e-003 4.48811892e-003
    0. 0. 0. -5.69249620e-004 0. 8.31690710e-003 -2.65434384e-003 0. 0.
    0. 6.72385236e-003 9.80049837e-003 4.77405527e-004 0. 0. 0. 0. 0.
    1.52209273e-003 -1.52065279e-003 0. 2.44459440e-003 7.71680474e-003
    3.49105016e-004 0. 0. 4.91787563e-004 2.01633992e-003
    1.14711849e-002 -6.64280902e-004 -6.32402487e-004</data></imageDescriptor>
</opencv_storage>
