<?xml version="1.0"?>
<opencv_storage>
<imageDescriptor type_id="opencv-matrix">
  <rows>1</rows>
  <cols>500</cols>
  <dt>f</dt>
  <data>
    0. 3.30873253e-003 6.26137946e-003 3.19897360e-003 1.29084103e-003
    4.13183030e-003 1.04141627e-002 0. 9.10971081e-004 0.
    1.41405896e-003 0. 1.58322952e-003 6.84444513e-003 1.26507669e-003
    -1.07258186e-003 0. 3.54320835e-003 0. 4.92572878e-003
    6.89748768e-003 0. 7.17490539e-003 0. 7.27744307e-004 0.
    -4.02684789e-004 1.77198346e-003 7.44017866e-003 5.29387267e-004
    5.56380861e-003 -1.11355141e-004 1.74549455e-003 0. 0.
    7.82925636e-003 1.36963790e-003 0. 0. 0. 7.20636686e-003
    -1.87935118e-004 0. -5.44123119e-003 0. 0. 6.14732783e-003
    4.93762898e-004 0. 0. -9.85640800e-005 0. -1.98239461e-004
    5.36238588e-003 0. 5.16436435e-003 3.83554469e-003 4.49189870e-003
    0. 0. -4.16734198e-004 5.85360569e-004 2.99624773e-003 0.
    8.23523791e-004 1.35343876e-002 2.30759638e-003 1.00871036e-003 0.
    0. 8.50649085e-003 3.73646617e-003 2.86561251e-003 2.88887788e-003
    0. 5.54447237e-004 9.87449568e-003 0. 0. 0. 0. 1.33934608e-002 0.
    -2.74128350e-003 8.34459625e-003 -5.41552808e-003 1.63550191e-002 0.
    7.55338557e-003 4.34829900e-003 4.89209173e-003 0. -6.74053663e-005
    6.14863820e-003 5.05122403e-003 3.10176658e-003 0. 4.82269609e-003
    3.50718526e-003 0. 0. -4.40157135e-004 0. -1.75904529e-003 0.
    2.41079461e-003 0. 5.09314286e-003 1.99854956e-003 2.32827198e-003
    0. 5.90445241e-003 0. 3.00885586e-004 0. 9.03542340e-003
    3.21771391e-003 0. 9.87821631e-003 1.09038106e-003 4.22950136e-004
    0. 2.20217649e-003 0. 0. 2.39003263e-003 0. 3.94798536e-003
    1.50427874e-003 3.51826730e-003 1.10177172e-003 0. 6.96887029e-003
    2.84200069e-003 0. 0. 0. 2.33120075e-003 8.30177590e-003 0. 0.
    4.16848855e-003 2.11575208e-003 0. 0. 1.48404087e-003
    3.16485949e-003 0. 0. 2.14698236e-003 0. 2.76316563e-003
    1.18231773e-003 0. 2.09604832e-003 3.67693137e-003 -2.58924160e-003
    7.37088919e-003 -6.87288295e-004 9.18610953e-004 2.69037392e-003
    5.50739188e-003 0. 0. -6.87183056e-004 0. 5.08956425e-003 0.
    5.03088394e-003 -1.86514982e-003 0. 0. 4.69392631e-003
    8.21249373e-003 0. 4.40987409e-004 0. 0. 2.77355872e-003 0. 0.
    9.12813749e-003 0. 5.81753720e-003 4.04853746e-003 2.64323759e-003
    -2.93938140e-003 7.17160758e-003 -2.81882635e-003 4.78777941e-003 0.
    4.88218851e-003 4.12531244e-003 3.97895556e-003 1.67960103e-003
    6.18203636e-003 1.41614359e-002 0. -3.11053684e-003 0.
    2.90267263e-003 2.67861667e-003 0. 0. 5.55595662e-003 0.
    8.39238614e-003 0. 0. 2.24452862e-003 -2.71217374e-004
    6.32145721e-003 7.10113486e-003 -9.57759446e-004 3.44600179e-004
    4.84891003e-003 7.52859842e-003 0. 3.15027474e-003 1.65051781e-004
    1.15626375e-003 1.27003826e-002 1.29526397e-002 4.86199016e-004
    2.22157617e-003 0. 1.44142052e-003 4.40831343e-003 0. 0.
    2.31981371e-003 0. 4.77520330e-003 0. 4.85403137e-003
    2.96902563e-003 8.10686499e-003 7.19947647e-003 1.70035334e-003
    -2.34706141e-003 1.44510809e-003 8.86286423e-003 4.18756763e-003 0.
    0. 0. 8.51149764e-003 6.98360894e-003 0. 1.09042749e-002 0.
    1.56078674e-003 0. 1.90962607e-003 0. 2.45550461e-003 0. 0.
    4.84340452e-003 2.47528730e-003 0. 0. 7.47064780e-003 0.
    -9.28478688e-003 5.22546191e-003 1.59957202e-003 2.52231816e-003
    7.01088784e-003 4.89741424e-003 3.60909197e-003 5.43135125e-003
    -1.39721599e-003 4.21435293e-003 0. 0. 0. 0. 2.11787364e-003
    3.46255256e-003 0. -2.03831005e-003 6.27336372e-003 0.
    1.59422948e-003 0. 2.90597044e-003 1.93092995e-003 -4.47608577e-003
    2.70935893e-003 4.50248085e-003 0. 0. 1.50859077e-003
    3.50514706e-003 0. 4.43224423e-003 0. 1.08853471e-003
    -3.04255774e-003 0. 0. 2.87724729e-003 8.38641543e-004
    1.41884945e-003 6.18436513e-003 0. 2.18694634e-003 1.17807544e-003
    2.50817789e-003 1.30080292e-003 -5.07580210e-003 3.20846471e-003 0.
    2.52250792e-003 0. 0. 0. 0. 3.17217107e-003 0. 0. 4.73291706e-003
    -2.60263751e-003 -4.60513355e-003 0. 0. -5.02345560e-004
    -5.07204750e-005 0. -2.02880707e-003 0. 2.35962402e-003
    -1.24637946e-003 -1.43810030e-004 6.74415845e-003 -1.13963615e-005
    0. 2.23329756e-003 0. 1.44182448e-003 5.26283961e-003 0.
    6.63798209e-003 0. 0. -2.18498506e-004 6.66726101e-003
    2.01722663e-002 0. 6.10455312e-003 0. 0. 0. -7.50786508e-004
    8.52243602e-003 -7.37924129e-004 0. 0. 4.25698655e-003 0. 0. 0.
    7.62761664e-003 0. 1.05547998e-002 4.84783854e-003 0.
    8.67574569e-003 3.23295267e-003 1.25862099e-003 3.93074844e-003
    8.40942812e-005 0. 0. 0. 1.64008979e-003 2.41745729e-003 0.
    4.03089356e-003 3.87457176e-003 6.53278967e-003 0. 2.29060650e-003
    -1.65844438e-004 5.98697644e-003 1.07376156e-002 0. -8.53449048e-004
    5.01407310e-003 2.03533913e-003 0. 1.84118876e-003 -1.25742808e-003
    3.79259419e-003 4.62663313e-003 0. 0. 0. 0. 0. 0. 0. 1.90180610e-003
    0. 2.51760334e-003 -1.14453235e-003 0. 0. 0. 1.68187346e-003 0.
    5.41387871e-003 2.27121217e-003 4.05588979e-003 4.20479383e-003 0.
    0. 8.53850623e-004 0. -4.34233993e-003 3.97211872e-003
    8.31749989e-004 4.19717375e-003 3.61994887e-003 7.22927973e-003
    1.68272795e-003 3.11825750e-003 -1.99481891e-003 1.08917977e-003 0.
    4.12707776e-003 0. 5.21663576e-003 7.10968627e-003 -2.96569127e-003
    0. 2.01567449e-003 -6.54435065e-003 2.52425345e-003 0.
    4.72843414e-003 0. 2.90164538e-003 0. 0. 1.29974936e-003
    7.44907279e-003 5.70229255e-003 0. 9.50234826e-004 8.23713606e-004
    4.16757911e-003 3.61632183e-003 -1.62083161e-004 8.91959947e-003
    5.94141707e-003 0. -9.09159309e-004 0. 1.32515875e-003
    -5.39438392e-004 3.24165681e-003 5.12510596e-004 0. 1.23626441e-002
    0. -1.68271689e-003 0. 1.23762246e-003 0. 0. 0. 4.08672076e-003
    5.64631773e-003 7.41615612e-003 2.97394837e-003 4.17002290e-003 0.
    2.29807384e-003 0. 0. 0. -3.59785138e-003 0. 2.14576861e-003
    3.49967182e-003 0. 0. 1.72485085e-003 0. -7.08670239e-004
    3.91109800e-003 5.61543554e-003 3.84832430e-003 3.01160454e-003
    1.54400652e-003 0. 1.90770510e-003 3.88313690e-003</data></imageDescriptor>
</opencv_storage>
