<?xml version="1.0"?>
<opencv_storage>
<imageDescriptor type_id="opencv-matrix">
  <rows>1</rows>
  <cols>500</cols>
  <dt>f</dt>
  <data>
    2.04172842e-002 -7.64222350e-003 0. 0. 0. 0. 0. 0. 8.44948136e-006
    0. 4.25405754e-003 0. 0. 0. 0. 0. 0. 0. 0. -2.39395522e-004
    1.98787451e-003 3.26880807e-004 0. -1.15245366e-005 0. 0.
    -3.83428065e-004 3.18482844e-003 0. 2.56611407e-003 3.55454325e-003
    4.54609841e-003 -6.73721917e-003 0. -1.00761442e-003 0.
    3.32791102e-003 0. 8.70758295e-003 0. 0. 0. -5.58459957e-004
    1.14669530e-002 1.52340415e-003 8.89059063e-003 0. 0.
    1.36188557e-003 0. 0. 0. 1.72319962e-003 0. 2.72392528e-003 0. 0. 0.
    0. 5.72399283e-003 0. 0. 0. 1.35905957e-002 0. 0. 0. 0. 0. 0.
    9.23233386e-003 0. 0. 6.30531367e-003 0. 0. 0. 0. 0. 0. 0. 0. 0. 0.
    3.61007941e-003 0. 0. 0. 0. 0. 0. 0. 8.88611283e-003 0. 0. 0. 0. 0.
    0. 1.95564497e-002 1.00660846e-002 0. 0. 0. 0. 5.29716536e-003 0.
    1.18722757e-002 5.70714707e-003 0. 0. 0. 3.40172574e-002 0. 0. 0. 0.
    0. 0. 0. -8.30022269e-004 0. 0. 5.31803956e-003 1.53006399e-002 0.
    0. 4.19163005e-003 0. 0. 0. 0. -1.43690687e-003 0. 0.
    2.65954658e-002 0. 2.12163329e-002 0. 0. 0. 0. 0. 0. 0.
    -4.75708162e-003 0. 1.92476285e-003 0. 0. 0. 0. 3.86395329e-003 0.
    0. 6.28328836e-003 0. 0. 9.44540836e-004 0. 0. 0. 9.77469515e-003 0.
    0. 0. 0. 0. 0. 0. 0. 0. 0. 0. 3.05916835e-003 0. 1.90823264e-002 0.
    0. 0. 0. 0. 0. 0. 0. 5.37377829e-003 1.20272934e-002 1.04666213e-002
    0. -3.09628109e-003 0. 0. 0. -1.50020560e-003 6.82261423e-004 0.
    -1.56005123e-003 0. 0. 0. 0. 0. 0. 0. 0. 0. 0. 0. 0. 0. 0. 0.
    -1.16831092e-002 0. 0. 0. 7.82700256e-003 0. 6.82124170e-003 0. 0.
    6.89306203e-003 0. -4.60320944e-003 0. 1.10424701e-002 0. 0. 0. 0.
    0. 4.32321941e-003 2.35072859e-002 0. 7.63833104e-003 0. 0. 0.
    2.70989370e-002 0. 2.64678840e-002 0. 4.36072564e-003
    -1.70991741e-004 7.72099895e-003 -2.74946704e-003 0. 0. 0.
    2.91726855e-003 -5.06268465e-004 9.21222323e-004 0. 0.
    7.61283934e-003 0. 0. 0. 0. 0. 0. 0. 0. 0. 0. 1.25457672e-002
    -1.41067267e-003 0. 6.06813375e-003 2.54511200e-002 4.14980605e-004
    0. 6.54950179e-003 0. 0. 0. 0. 0. 0. 6.16114493e-003 1.49371307e-002
    0. 5.42939641e-003 0. 0. 0. 0. 0. 0. 6.16592515e-005 3.74466740e-003
    4.97001596e-002 3.15293274e-003 1.44691928e-003 0. 0. 0.
    -6.05974346e-004 0. 0. 0. 0. 2.67316797e-003 0. 0. -3.26156733e-003
    0. -7.29482737e-004 0. 0. 0. 0. 0. 8.19111336e-003 0. 0. 0.
    1.99264456e-002 2.82596741e-002 1.19776810e-002 0. 1.01527376e-002
    0. 0. 3.06227570e-003 0. 1.51423877e-003 -4.92808362e-003 0.
    2.55649164e-003 0. 0. 0. 4.03000461e-003 0. 0. 0. 0. 0. 0. 0. 0.
    1.74539313e-002 4.21562931e-003 0. 0. 3.63116618e-003
    2.39981432e-003 0. 0. 8.74863006e-003 0. 0. 0. 0. 5.75532345e-003
    7.68212369e-003 0. 0. -3.75925680e-003 0. 0. -3.46557121e-003 0.
    2.21075658e-002 3.02051473e-002 6.63065771e-003 8.10717419e-003 0.
    0. 2.08973106e-005 2.50340626e-002 2.65899580e-004 0.
    1.24649704e-002 0. 0. 0. 5.34584606e-003 0. 0. 0. 0. 0. 0. 0. 0. 0.
    6.56851754e-003 7.70033337e-003 0. 0. 0. -1.75757986e-003 0. 0. 0.
    2.95091211e-003 3.92807741e-003 0. -9.16408142e-004 1.14181088e-002
    0. 0. 0. 0. 0. 1.18896775e-002 3.36925033e-003 0. 0. 0. 0. 0. 0. 0.
    1.59792078e-004 1.06149889e-003 1.32931527e-002 0. 0. 0. 0. 0. 0.
    7.53753446e-003 0. 0. 0. -1.03940303e-002 0. 1.99710787e-003 0. 0.
    0. -3.25204991e-003 0. 0. 0. 1.48770559e-004 3.03912698e-003 0. 0.
    0. 0. 0. 0. 3.68016702e-003 4.04647551e-003 -6.47857320e-003 0. 0.
    4.30230470e-003 0. 2.70515168e-003 1.77182164e-002 1.45638734e-002
    0. 0. 3.19812898e-005 0. 0. 9.16185509e-003 0. 0. 0. 2.53281486e-003
    0. 2.24540266e-003 9.87952761e-003 0. 0. 3.96888965e-004 0.
    -5.10627986e-004 0. 0. 0. 0. 0. 0. 0. 0. 1.67845585e-003 0.
    1.35586341e-003 2.03695614e-002 0. 3.80201824e-003 0. 0.
    4.06822190e-003 0. 0. 0. 5.12695359e-003 0. 7.60975853e-003 0.
    6.83616288e-003</data></imageDescriptor>
</opencv_storage>
