<?xml version="1.0"?>
<opencv_storage>
<imageDescriptor type_id="opencv-matrix">
  <rows>1</rows>
  <cols>500</cols>
  <dt>f</dt>
  <data>
    0. 2.24874308e-003 0. 0. 2.54066312e-003 6.26814924e-003 0.
    3.03701358e-003 5.99420210e-003 4.25874488e-003 -5.17051062e-003 0.
    0. 0. 6.78925123e-003 0. 0. 0. 0. 2.86919400e-002 0. 5.93702402e-003
    0. 6.32076384e-003 0. 1.09533370e-002 0. 5.78742148e-003
    2.93420278e-003 1.28396992e-002 0. 0. 0. -3.58421030e-003
    1.19587348e-003 0. 9.02176462e-003 0. 2.74735247e-003
    8.61019827e-003 0. 0. 2.04199413e-003 8.80649686e-003
    7.61277229e-003 0. -3.47067649e-003 0. 0. 0. 0. 0. 0. 0.
    5.42385457e-003 2.48294547e-002 3.59394285e-003 0. 0. 0. 0.
    1.80135970e-003 1.95204206e-002 6.51603099e-003 3.58609529e-003 0.
    0. 2.19024322e-003 0. 0. 8.80619232e-003 7.69018894e-003
    8.37713946e-003 0. 1.97178833e-002 0. 9.22089070e-003 0. 0. 0.
    1.28968190e-002 -7.24127749e-004 5.45271859e-003 0. 0.
    5.56010287e-003 0. 0. 0. 0. 0. 1.96775491e-003 0. 1.25941820e-002 0.
    -6.46219635e-003 0. 0. 5.80949243e-003 -1.23707904e-003
    7.29748001e-003 0. 0. 6.61467947e-003 0. 2.00315379e-003 0.
    1.54751474e-002 0. 0. 8.18501401e-004 0. 0. 0. 0. 1.94430780e-002
    5.41679189e-003 0. 0. 0. 0. 0. 4.49701166e-003 6.11034036e-003 0. 0.
    4.60214261e-003 5.29116858e-003 0. -1.00839970e-004 0.
    4.16417457e-002 2.01783609e-003 0. 9.05045890e-004 9.03385598e-003
    0. 0. 5.76074515e-003 1.19911423e-002 0. 0. 0. 0. 0. 6.79686945e-003
    0. 0. 0. 0. -2.19400832e-003 0. 0. 0. 0. 0. 0. 0. 5.00486186e-003 0.
    0. 0. 4.42848727e-003 0. 0. 0. 0. 0. 0. 3.42233153e-003 0.
    1.15124146e-002 0. 0. 0. 0. 3.49673652e-003 0. 0. 0. 0. 0.
    3.77010147e-005 6.89785182e-003 8.23595934e-003 -2.02680239e-003 0.
    0. 0. 7.79118203e-003 -2.04899744e-003 0. 2.53390893e-003 0. 0.
    6.54994231e-003 2.87607731e-003 6.02370733e-003 0. 0. 0. 0. 0.
    -3.99318124e-005 0. 4.16767877e-003 0. 0. -1.88052549e-003
    -7.15950504e-003 0. 0. -5.07664075e-003 0. 0. 0. 0. 0. 0. 0. 0.
    5.53338323e-003 0. -1.55288796e-003 1.87391732e-002 0.
    2.21431674e-003 0. 2.22097989e-003 9.25658923e-003 4.68069827e-003
    3.25398799e-003 1.04986494e-002 0. 1.37888668e-002 4.38619824e-003
    0. 0. 0. 0. 7.93475658e-003 0. 0. 7.90697057e-003 0. 0.
    1.81761582e-003 0. 0. 5.68260998e-003 1.66515894e-002 0.
    2.60965573e-003 8.66736379e-003 9.19744562e-005 0. -6.75765565e-004
    2.76642013e-002 0. 6.29081018e-003 7.99130590e-004 2.68566608e-003
    7.72048952e-003 -6.35380764e-003 -1.62083923e-003 8.74983426e-003 0.
    0. 0. 0. 0. 0. 0. 0. -2.47784751e-003 0. 0. 0. 1.41579879e-003
    -4.57257358e-003 3.90944816e-003 0. 3.86132509e-004 1.25566712e-002
    -5.22530871e-004 -6.70991512e-003 0. 2.16561370e-003 0. 0. 0. 0.
    2.60034227e-003 0. 6.93384930e-003 8.45308322e-003 0. 0.
    2.21907091e-003 -1.06251035e-002 0. -2.19367631e-003 7.55274529e-003
    0. 0. -6.80897897e-003 2.70559490e-002 0. 0. 0. 0. 0. 0. 0. 0. 0.
    4.08911705e-003 0. 0. 0. 0. -1.93502882e-003 0. 0. 0.
    7.23318662e-003 0. 6.28352398e-003 0. 0. 0. 0. 0. 1.09794997e-002
    1.51387369e-002 0. 0. 0. 3.35981348e-003 0. 1.04735950e-002
    -1.67524081e-003 8.01864732e-003 0. 0. 0. 0. 0. 0. 0.
    1.39485579e-002 0. 0. 0. 0. 1.56616396e-003 3.29114823e-003
    9.83497687e-003 4.72927978e-003 -9.32272710e-003 1.20233883e-004 0.
    0. 0. 0. 0. 4.22096997e-003 2.17046821e-003 5.53651573e-003
    3.30823194e-003 1.62073001e-002 3.25931166e-003 0. 1.41299581e-002
    0. 0. 0. 9.44550242e-003 1.49712281e-003 2.62612477e-003 0. 0. 0.
    1.42670069e-002 0. 0. -2.21065944e-003 -3.49154492e-004
    -9.06725298e-004 6.45175017e-003 -1.56942592e-003 1.26608443e-002 0.
    0. 0. -5.76038088e-004 8.75385571e-003 0. 0. 0. 0. 4.05872706e-003
    0. 4.22025658e-003 0. 8.43629893e-003 0. 0. 0. 3.28242546e-003 0. 0.
    0. 0. 0. 1.61454733e-003 0. 0. 5.09489560e-003 0. 4.90032788e-003 0.
    0. 0. -1.96686783e-003 0. 0. 0. 6.38811709e-003 0. 0.
    4.75220382e-003 0. 0. 0. -5.52405883e-003 0. 3.50185297e-003 0.
    1.26536954e-002 2.35010622e-004 0. 0. 0. 6.03202544e-003 0. 0. 0.
    -1.14923506e-003 0. 4.54409141e-003 -5.17167663e-003 1.07336440e-003
    0. 3.55174486e-003 6.14599278e-003 0. 0. -4.41699615e-003 0.
    -2.04570405e-003 0. 2.09628278e-003 0. 0. 0. 0. 0. 0.
    1.52836293e-002 0. 0. 3.72728612e-003 0. 0. 0. 0. 0. 0. 0. 0. 0. 0.
    6.62389817e-003 0. 0. 0. -4.44883626e-004 -2.53403420e-003
    3.45178926e-003 0. 5.27713215e-003 -1.01150526e-003 0.
    1.35707557e-002 0. 0. 0. 0. 0.</data></imageDescriptor>
</opencv_storage>
