<?xml version="1.0"?>
<opencv_storage>
<imageDescriptor type_id="opencv-matrix">
  <rows>1</rows>
  <cols>500</cols>
  <dt>f</dt>
  <data>
    4.50603198e-003 7.82733376e-004 5.68465004e-003 0. 9.62204859e-003
    0. 8.94641620e-004 0. 7.37373950e-003 3.40259844e-003 0.
    -1.40887743e-003 0. 3.39713832e-003 9.38456971e-003 0.
    2.99070589e-003 0. 1.68663054e-003 6.20219810e-003 0.
    5.32521075e-003 0. 6.11877488e-003 -2.07912759e-003 0.
    2.21340498e-003 0. 1.34156609e-004 0. 0. 0. 0. 4.26000776e-003
    4.31009056e-003 3.75803350e-003 3.77980090e-004 3.89127433e-003
    3.53077636e-003 0. 1.57583728e-002 4.34807502e-003 -6.42959727e-004
    1.51807198e-003 -1.30413822e-003 4.59580729e-003 2.20043608e-003 0.
    0. 9.10441298e-003 0. 4.88067977e-004 0. 0. 0. 1.37433326e-002 0. 0.
    0. 0. 3.48805985e-003 8.84641195e-004 0. 8.60021828e-005
    8.26204603e-004 6.97000558e-003 2.61697127e-003 -3.59968544e-004 0.
    1.71839427e-002 8.76856130e-003 2.50836904e-003 0. 0.
    2.29152897e-003 1.32741323e-002 1.07376594e-002 -2.08136538e-004
    1.24898227e-003 5.64420014e-004 0. 3.01570143e-003 0.
    9.49181151e-003 8.75303335e-003 8.60064320e-005 1.09819253e-003
    -5.65129507e-004 -4.81921452e-004 1.06327236e-003 -7.78608897e-004
    0. 5.26416115e-003 4.98470850e-003 2.24013138e-003 2.37498758e-003
    2.63641984e-003 7.68144662e-003 0. 0. 4.65855747e-003
    3.23061412e-003 1.99581147e-003 6.36906130e-004 4.83016390e-003 0.
    3.64949316e-004 1.10983441e-003 3.77598801e-003 7.86274322e-004 0.
    0. 7.43668701e-004 0. 2.04946287e-003 -1.29938102e-003
    4.08754917e-004 1.52778823e-003 2.19316036e-003 1.25964941e-003 0.
    0. 6.07361598e-003 0. 0. 0. -7.59288552e-004 0. 0. -3.36554367e-003
    0. 4.77683818e-004 9.63555649e-003 0. 1.15188863e-003
    2.13388493e-003 0. -3.36423836e-005 -3.98607226e-003 3.45451524e-004
    0. 0. 6.08536974e-003 2.49084644e-003 1.20034732e-003 0.
    5.19440691e-005 2.36916356e-003 0. 0. 3.07208067e-003
    4.45799530e-003 7.12797372e-003 7.53556436e-004 0. 0.
    8.82260338e-006 1.46922015e-004 4.02252749e-003 0. 3.40293511e-003
    0. 2.32485138e-004 1.31502631e-003 0. 2.03084433e-003 0. 0.
    9.16742283e-005 1.86655496e-003 5.87987481e-003 8.48439243e-003
    9.01330961e-004 3.10805673e-003 5.59694646e-003 1.71817525e-003
    3.37703270e-003 0. 5.91507740e-003 1.81943679e-003 4.41360893e-003
    -1.64413697e-003 2.60674325e-003 4.33017313e-003 1.01014844e-003
    1.36182189e-003 -1.09835248e-003 0. 5.97919198e-003 3.04279220e-003
    5.38500492e-003 3.84192937e-003 -9.55260126e-004 0. 0.
    -1.98331266e-003 8.10033816e-004 0. 8.76280013e-003 2.52000988e-003
    4.45919856e-003 0. 5.94269624e-003 0. 2.62974645e-003
    6.88571204e-003 -1.60285656e-003 3.51075199e-003 1.03606714e-003
    3.31249926e-003 6.09287526e-003 4.35330160e-003 7.58648245e-003
    1.06336118e-003 0. 0. 3.35794548e-003 1.28636998e-003
    6.04597386e-003 4.48007928e-003 0. 8.25084338e-004 9.62616585e-004
    -2.60720612e-003 8.58637970e-003 0. 7.05104088e-004 0.
    -9.54933988e-004 1.94898725e-003 -1.29084068e-003 0. 5.62481489e-003
    0. 2.94701167e-005 0. 0. 6.88551692e-003 2.36375723e-003
    1.53436835e-004 1.26322545e-003 2.07737833e-003 1.06895342e-002 0.
    0. 0. 5.00761857e-003 3.57680110e-004 0. 0. 1.52226118e-003
    1.34005526e-003 3.01191607e-003 3.43937892e-003 4.08165669e-003
    7.21678371e-003 0. 6.65902300e-003 2.66159978e-003 6.00437587e-003
    5.14013169e-004 0. 3.70599190e-003 6.32451940e-003 7.02743011e-004
    7.23229372e-004 3.74944741e-003 0. 0. 1.02095061e-003 0.
    4.48635640e-003 2.82687391e-003 5.12438640e-003 0. -1.36521594e-005
    -1.92505177e-004 2.87253829e-003 1.84077234e-003 3.81533173e-003
    4.73083556e-003 6.61889906e-004 0. 0. 3.89168272e-003 0.
    5.02560288e-003 1.48448150e-003 5.65950060e-003 1.51251210e-003 0.
    4.22835583e-004 3.51945800e-003 -1.20129413e-003 6.07005134e-003
    3.19957593e-003 1.53389177e-003 1.31329580e-003 0. 0. 0.
    -1.80271250e-004 0. 1.23355945e-003 -1.62595781e-004 0. 0. 0. 0. 0.
    0. 0. 0. 5.06749516e-003 3.40295630e-003 7.42298132e-003
    3.86135117e-003 0. 3.39246984e-003 0. 3.27828201e-003
    4.50495107e-004 3.09675047e-003 5.43032028e-003 0. -1.10161654e-003
    -8.10208876e-005 0. 3.27212363e-003 5.66633139e-003 -3.83351988e-004
    3.90631054e-003 5.88825252e-003 0. 2.48867762e-003 0.
    -1.81046885e-003 1.73756294e-003 6.03691442e-003 3.91351478e-003
    3.28305148e-004 -7.48032471e-004 9.34410142e-004 -5.85547648e-004 0.
    0. 0. -4.94688749e-004 0. -8.97283026e-004 -7.82432471e-005
    3.80269461e-003 5.07259881e-003 6.72753248e-003 0. 0.
    5.77609986e-003 2.23104586e-003 2.58124829e-003 -1.88595837e-003 0.
    3.85243446e-004 1.82682439e-003 6.70602592e-003 4.69900639e-004
    -1.37232209e-003 0. 4.02011862e-003 0. 3.89998662e-003
    3.18475324e-003 0. 1.26684783e-003 6.29576994e-003 0.
    3.88981937e-003 9.56397096e-004 4.81809257e-003 1.96088105e-003
    1.09895552e-003 -2.27468438e-004 4.52609779e-003 3.79525853e-004
    -8.79321073e-004 6.64683525e-004 3.78248747e-003 -2.28432473e-004 0.
    1.76129033e-004 2.06907582e-003 6.24893466e-003 1.21895818e-003 0.
    -5.48628450e-004 2.04166560e-003 7.86823872e-003 5.88027341e-003
    1.88442576e-003 7.20502762e-003 3.71178449e-003 0. -3.06508038e-004
    0. 0. 0. 2.45256373e-003 1.15323300e-003 -1.41736015e-003
    1.89785939e-003 0. 4.16621054e-003 0. 1.57863635e-003 0.
    3.57178762e-003 3.92559101e-004 7.36060366e-003 0. 1.45514484e-003
    0. 1.04791636e-003 1.12573407e-003 -3.65277119e-005 7.96749082e-004
    9.77022108e-003 2.47693248e-003 9.58743447e-004 3.04787559e-003
    4.38965531e-003 8.35121050e-003 0. 4.35958500e-004 0.
    5.51095977e-003 1.40037190e-003 -1.05133746e-004 2.82705505e-003
    1.03151018e-003 0. 0. 1.41305558e-003 3.96211771e-003
    1.20522315e-003 -1.15223019e-003 0. 4.37081512e-003 -2.38105509e-004
    2.53372337e-003 0. 1.56201259e-003 1.05958735e-003 -4.56754956e-003
    -1.51498849e-003 1.89998443e-003 0. 0. 9.60927980e-004 0.
    -4.35581111e-004 0. 1.42272376e-003 3.99643462e-003 8.39465577e-003
    -2.57502543e-003 2.28394731e-003 1.45526435e-002 1.51156364e-002
    1.29704841e-003 0. 1.65582565e-003 0. -4.33288864e-004 0.
    4.99298889e-003 3.60698183e-003 7.64912460e-003 9.15086712e-004
    8.06010852e-004 1.56688388e-003 8.08462792e-004 1.08579826e-002 0.
    1.64117513e-003 1.94267152e-004 7.69749749e-003 3.54002602e-003
    7.24681013e-004 -3.26017616e-003 2.44847586e-004 2.23338176e-002
    4.49718814e-003 3.55047570e-003 8.65153619e-004 3.64265963e-003 0.
    1.54684740e-003 -7.65358505e-004 2.64475774e-003 1.35948486e-003
    -1.63738325e-003</data></imageDescriptor>
</opencv_storage>
