<?xml version="1.0"?>
<opencv_storage>
<imageDescriptor type_id="opencv-matrix">
  <rows>1</rows>
  <cols>500</cols>
  <dt>f</dt>
  <data>
    6.01351401e-003 -1.46811327e-003 0. -9.86007290e-005 0.
    5.45096816e-003 0. 0. 0. 8.82157963e-003 3.52704525e-003 0. 0. 0. 0.
    0. 0. 0. 0. -1.36405381e-003 3.29900756e-002 4.58611874e-003 0.
    4.42178268e-003 0. 0. 0. 3.16496356e-003 7.26897735e-003 0. 0.
    2.36841501e-003 7.54049094e-003 0. 0. -2.78697698e-003
    -1.52180402e-003 4.19118954e-003 7.20269792e-003 4.14297450e-003 0.
    3.56375775e-003 5.24225738e-003 -2.44684372e-004 0. 2.55860249e-003
    1.23563886e-003 5.51505806e-003 3.81993596e-003 0. 0. 0. 0. 0. 0. 0.
    -5.38693159e-004 1.73399353e-003 0. 0. 0. 0. 1.31205574e-003 0.
    2.55822972e-003 -1.16699783e-003 0. 2.27654958e-003 0.
    1.61030155e-003 9.10555758e-003 0. 1.69037317e-003 5.55024901e-003
    0. 0. 4.55398578e-004 0. 1.73590088e-003 0. 1.42485276e-003
    3.07275802e-002 0. 0. 0. 6.39298512e-003 0. -2.32191698e-004 0. 0.
    0. 0. 0. 8.21514148e-003 0. 0. 0. 2.87279463e-003 2.02079024e-003
    6.21003518e-003 8.51863879e-004 1.04193455e-002 1.78096746e-003
    2.99280370e-003 1.01532880e-003 2.51068268e-003 0. 0. 0. 0.
    7.59404898e-003 -2.51418998e-004 0. 7.30724260e-003 1.21977404e-002
    0. 1.84489507e-003 0. 0. -6.29871991e-003 -1.82016625e-003
    2.98377243e-003 0. 0. 0. 0. 1.16750104e-002 2.02556606e-003 0.
    3.77745228e-003 0. -4.52528941e-003 0. 1.39628733e-002
    2.01255223e-003 8.42539780e-003 3.52826947e-003 4.97659575e-003 0.
    6.93784654e-003 0. 0. 0. 0. 0. 1.88119069e-003 0. 0. 0.
    4.17833682e-003 -2.90810975e-004 0. 0. 0. 0. 5.99857094e-003
    1.03588421e-002 -4.14698292e-003 0. 0. 0. 0. 0. 0. 0. 0. 0.
    -3.51672806e-003 0. 0. -9.74428040e-005 4.45566000e-003 0.
    2.18909676e-003 3.19131603e-003 9.46481433e-003 0. 0.
    4.40323632e-003 0. 0. 0. 0. 1.01103131e-002 0. 0. 0. 3.12000271e-002
    -1.07119633e-002 0. 0. 0. 0. 0. 1.56271947e-003 1.14648761e-002 0.
    0. 7.90631573e-004 0. 0. 1.80439989e-003 0. -3.76613258e-004 0. 0.
    -3.45933693e-003 0. 0. 9.03163629e-004 6.98396144e-003
    9.59994551e-003 4.58324794e-003 0. 0. 7.38316623e-004 0.
    9.31743998e-003 1.00547476e-002 0. 0. 1.53998416e-002 0. 0.
    2.09975801e-003 0. 6.11948362e-003 0. 0. 0. 3.92711069e-003 0.
    9.77203832e-004 5.32261888e-003 -8.69323267e-004 0. 0. 0.
    6.04132423e-003 9.78092570e-003 0. 0. 1.29607460e-002 0. 0.
    -1.60547774e-002 1.68289933e-002 0. 0. -5.74539939e-004 0. 0. 0. 0.
    0. 0. 0. 3.53025249e-003 -2.48622685e-003 0. 2.08286708e-003 0.
    -1.48824230e-003 2.84072924e-002 0. 3.23016662e-003 6.59336755e-003
    0. 7.73876626e-003 5.14242891e-003 6.10619690e-003 0. 0. 0. 0.
    7.14896573e-003 0. 1.79572087e-002 2.70511699e-003 0.
    5.31927356e-003 0. 0. 0. 1.41170237e-003 0. 0. 4.37051349e-005
    1.03540951e-002 3.30543611e-003 0. 3.66382068e-003 7.58385379e-003
    0. 0. 8.21564160e-003 2.46414123e-003 0. 1.18598975e-002 0.
    1.57660581e-002 1.05340621e-002 1.06495398e-003 0. 3.68694949e-004
    0. -8.78036208e-003 2.28115660e-003 0. 4.03974485e-003 0.
    2.48328527e-003 0. 1.66225992e-002 8.63009971e-003 4.14208136e-003
    0. 7.48665305e-003 5.25274547e-003 0. 0. 2.96592712e-003 0.
    1.45951984e-003 0. 0. -2.49446882e-003 1.23026073e-002
    5.14412997e-003 0. 6.37412444e-003 1.65239186e-003 6.84261508e-003
    0. 0. 0. 0. 0. 0. 5.78454928e-003 2.93855323e-003 1.00526670e-002
    -5.31331263e-003 1.22157140e-002 0. 1.12843665e-003 3.64421913e-003
    2.02968926e-003 0. 0. 0. 0. 0. 0. 0. 9.01430752e-003 0.
    4.43076622e-003 6.62611984e-003 0. 4.33366466e-003 8.14533560e-004
    0. 0. 1.00139216e-004 0. 6.34196820e-003 0. 0. 0. 6.47248840e-003 0.
    0. 0. 0. 9.58127901e-004 7.80973909e-003 0. 0. 3.62208369e-003 0. 0.
    2.77602696e-003 1.91254169e-003 9.51350201e-004 0. -5.89257479e-003
    5.43436548e-003 2.25708191e-003 0. 0. 0. 3.33186192e-003
    6.51818654e-003 1.79103892e-002 0. 0. 0. 0. 6.05875021e-003
    4.07177443e-003 0. 2.30686087e-003 4.42416454e-003 0.
    -4.23791353e-003 0. 1.48285541e-003 3.56947887e-003 4.23277868e-003
    0. 0. 8.93982884e-004 5.66003495e-004 7.27773225e-003
    3.07904626e-003 0. 4.43626242e-003 0. 0. 0. 0. 9.47554770e-004 0. 0.
    0. 9.14367905e-004 0. 0. 9.34234355e-004 8.00414477e-003 0.
    9.19062458e-003 0. 0. -5.39852073e-004 0. 0. 0. 2.09983881e-003
    3.96236125e-003 0. 0. 4.53186542e-004 0. 6.94526220e-003 0. 0.
    3.49196815e-003 0. 0. 0. 5.23508480e-003 0. 4.31738328e-003 0.
    3.34643922e-003 0. -1.36974885e-003 0. 0. 0. 0. 0. 5.26921777e-003
    0. 0. 0. 0. 4.33401205e-003 0. 0. 6.63683983e-004 1.88597187e-003 0.
    0. 1.46310369e-003 0. 0. 0. 1.73091597e-003 0. 0. -1.02694648e-004
    1.58136282e-002 1.59350713e-003 6.24440843e-003 0. 0.
    6.09415211e-003 7.93624017e-003 0. 1.02020307e-002 0. 0. 0.
    3.76989512e-004 0. 6.55245502e-003 0.</data></imageDescriptor>
</opencv_storage>
