<?xml version="1.0"?>
<opencv_storage>
<imageDescriptor type_id="opencv-matrix">
  <rows>1</rows>
  <cols>500</cols>
  <dt>f</dt>
  <data>
    5.54029830e-003 1.44800259e-004 4.34848061e-003 2.10911050e-004
    3.04882647e-003 -5.32118662e-004 5.79350221e-004 8.15579318e-004
    1.35210634e-003 0. 0. 0. -4.60690149e-004 5.54059306e-003
    6.65480620e-005 -7.25491962e-004 0. -7.26460887e-004 0. 0.
    4.64937038e-004 0. 7.28533091e-003 9.66541702e-004 8.54750630e-003
    0. 0. -8.51092511e-004 1.49595505e-003 0. 3.00164509e-004
    4.51366592e-004 0. -9.34603042e-004 1.07817422e-003 0.
    8.68175272e-003 8.81708879e-003 -9.53351089e-004 1.23865169e-003
    5.93292119e-004 1.24096870e-003 -2.55633681e-003 3.22578941e-003
    1.85765373e-003 1.37230800e-003 0. 2.93051009e-003 0.
    -1.63022883e-003 -3.57931131e-003 0. 8.40321742e-003 0.
    2.69046822e-003 7.00080581e-003 0. 4.45845956e-003 9.12077739e-005
    3.49674630e-003 -8.51039717e-004 1.01650914e-003 0. 0. 0.
    6.81745238e-004 1.94196810e-003 0. 2.07718974e-003 5.99715713e-005
    2.80411728e-003 1.24928216e-003 2.29248567e-003 0. 6.09977543e-003
    6.14502700e-003 0. 1.70983584e-003 0. 3.80448881e-003 0.
    -2.53242464e-003 0. 3.29111004e-003 3.12671484e-003 6.23696615e-005
    0. -2.13553733e-003 2.43861228e-003 0. 0. 0. 3.42082488e-003
    -2.48033408e-004 1.05615072e-002 5.05464245e-003 1.56480807e-003
    5.28067257e-003 4.98883286e-003 2.45972234e-003 6.78924518e-003
    7.90767558e-003 1.12470111e-003 3.30316578e-003 2.94522179e-004
    2.18242663e-003 7.19506002e-004 -5.42113790e-004 6.23191765e-004
    2.57092901e-003 1.78011740e-003 1.26541336e-003 5.10899408e-004
    4.57654288e-003 1.17110030e-003 4.70630499e-003 7.98616617e-004
    7.28955842e-004 2.37319013e-003 8.10481701e-003 0. -1.88624475e-003
    9.27429739e-003 1.42021442e-003 -1.17624307e-003 5.84653160e-003
    4.32506250e-003 1.92222081e-003 0. 0. 5.08742128e-003
    5.20999264e-003 6.50868402e-004 8.91573611e-004 0. 1.91704230e-003
    1.06059830e-003 0. -2.16360041e-003 -3.62310413e-004 0.
    8.87046510e-004 0. 5.39706461e-003 9.49192699e-003 -2.00518203e-004
    4.01892758e-004 3.49278538e-003 0. 1.61771290e-003 9.50200774e-004
    1.23196403e-002 8.12432554e-004 1.18567154e-003 0. 1.32940849e-003
    1.22004841e-003 2.78501119e-003 0. -1.03395731e-004 1.81080401e-003
    -1.70596119e-004 1.52247213e-002 0. 1.70958741e-003 2.14901846e-003
    3.28124431e-003 0. 1.74287963e-003 4.48420970e-003 0.
    8.22428428e-003 1.17773085e-003 0. 4.19701077e-003 1.13883696e-004
    3.45105771e-004 0. 2.06612446e-003 7.75018334e-003 1.79775956e-003
    9.58777324e-004 1.09664369e-002 4.45352774e-003 8.86396505e-003 0.
    0. 2.21054652e-003 1.17512168e-002 9.33829881e-003 9.44892503e-003
    1.54823065e-003 4.29940084e-003 0. 0. 0. 1.37391943e-003
    2.12504319e-003 0. 2.45934585e-003 -7.44640944e-004 2.38605146e-003
    0. 0. 0. 0. 0. 5.54487947e-003 -1.61501684e-003 -1.98401674e-003 0.
    5.72388934e-004 1.36863878e-002 0. 0. 3.21367430e-003 0. 0.
    3.91970482e-003 2.00220733e-003 3.95560078e-003 9.69473796e-004 0.
    1.93644722e-003 1.22518400e-002 7.06019998e-003 1.65937503e-003
    5.69812488e-004 8.03746516e-004 3.50187672e-003 6.52819173e-004
    -4.10241215e-003 -7.87563156e-004 1.82985887e-002 0. 1.55088041e-004
    2.92382156e-003 -4.83203359e-004 6.48611551e-003 5.58513729e-003
    5.24540106e-003 0. -2.22443906e-003 0. 9.55576252e-004
    3.53858992e-003 -1.91902241e-003 1.68647093e-003 0. 1.37163355e-004
    6.78957533e-003 0. 0. 5.18246205e-004 0. 0. 0. 7.38288509e-003
    7.37965092e-005 -7.35271955e-004 3.39771924e-003 0. 5.43228991e-004
    0. 4.58333117e-004 2.65036314e-003 0. 3.35438340e-003 0. 0.
    2.79061683e-003 -4.96614492e-004 6.42739702e-003 1.73985295e-003
    2.14489480e-003 5.11828391e-003 3.70322587e-003 4.84953681e-003
    1.74728071e-003 0. 2.55470863e-003 0. 0. 7.16463057e-003
    -1.80456741e-003 0. -3.30103940e-005 2.85924645e-004
    -1.27695501e-003 -1.61575223e-003 0. 2.48967321e-003 2.23803148e-003
    0. 4.70166048e-003 6.38260553e-003 0. 0. 0. 3.93628562e-003
    2.40868842e-003 -1.87062193e-004 3.80974496e-003 -4.49878979e-004
    4.47892118e-003 -6.44171145e-004 9.33351088e-003 5.67432726e-004
    3.99415474e-003 0. 5.15124761e-004 4.17351071e-003 5.25144069e-003
    0. 2.72668782e-003 -1.98068423e-003 2.08414462e-003 0.
    -7.14302238e-004 1.26551429e-003 3.65752121e-003 4.40931413e-003
    6.96357689e-004 3.07555776e-003 -1.53547968e-003 0. 5.37495082e-003
    1.12478994e-003 1.22820614e-002 -1.04636571e-003 1.51317846e-003
    3.32173426e-003 9.35217191e-004 0. 1.03131565e-003 3.62128112e-003
    0. 0. 4.06198873e-004 -1.35661627e-004 6.43089227e-003
    1.86671910e-003 -5.11254591e-004 2.95191747e-003 0. 0.
    1.81057991e-003 2.36069260e-004 7.55631179e-003 6.50282658e-004
    2.48921965e-003 2.04982609e-003 1.79489003e-003 1.11868500e-003 0.
    7.05347979e-004 2.31453171e-003 0. 3.95261403e-003 0.
    5.45378355e-003 5.05066849e-003 4.19692742e-003 -6.17655867e-004 0.
    0. 0. 0. -4.96277260e-003 6.48236694e-003 0. 1.82465359e-003
    2.33123172e-003 1.22151766e-002 0. 0. 4.48104180e-003
    1.47476336e-002 3.48031009e-003 4.64435481e-003 4.00323374e-003
    -3.37586651e-004 2.83200736e-003 0. 8.36029090e-003 1.75842270e-003
    0. 1.87560660e-003 1.71571109e-003 2.47953064e-003 -1.64744910e-003
    3.19997547e-003 4.19162679e-003 -9.62690916e-004 0. 1.87356072e-003
    5.15350420e-003 1.68672809e-003 4.84299759e-004 1.15427340e-003 0.
    -8.22235452e-005 2.21185922e-003 5.29323611e-003 3.44660785e-003
    2.46860320e-003 2.84348568e-003 4.87251300e-003 1.13355939e-003
    1.60939503e-003 9.48727247e-004 0. -3.54927790e-004 2.30970699e-003
    0. 0. 5.73599525e-003 2.61723762e-003 1.38894224e-003 0.
    -7.78418384e-004 7.02208793e-003 2.42635934e-003 3.41527816e-003
    4.68442729e-003 6.24760333e-003 6.74713636e-004 0. 1.13488240e-002
    1.25030456e-002 2.19368772e-003 -1.17759140e-004 5.40059991e-003 0.
    0. 7.14521215e-004 7.22355768e-003 0. 0. 0. 0. -2.05327859e-004 0.
    9.48643498e-003 -1.89381582e-003 3.01906839e-003 -6.63763145e-004 0.
    -1.23668183e-003 0. 5.13638835e-003 -2.62111262e-003 4.28904360e-003
    2.43316847e-003 3.52749391e-003 -5.33341139e-004 0. 0.
    5.01140393e-003 3.22068809e-003 5.75344195e-004 4.99239983e-003 0.
    0. 0. 2.12733708e-002 -3.74563853e-003 2.47052824e-003 0.
    -1.60651433e-003 0. 1.69175819e-005 1.20207282e-004 2.20098486e-003
    5.19656669e-003 4.26037982e-003 2.06628395e-003 5.23162028e-003
    -6.07722206e-004 4.82389610e-003 0. -1.73193359e-004 6.01557200e-004
    0. 8.63358937e-003 4.25699446e-003 7.23825023e-003 1.12947321e-003
    3.66188382e-004 2.45203293e-004 0. 5.26697468e-003 0.
    4.49782889e-003 7.81511306e-004 2.18647649e-003 0. 3.55665176e-003
    0. 2.47671222e-003</data></imageDescriptor>
</opencv_storage>
