<?xml version="1.0"?>
<opencv_storage>
<imageDescriptor type_id="opencv-matrix">
  <rows>1</rows>
  <cols>500</cols>
  <dt>f</dt>
  <data>
    1.79129955e-003 -3.74107738e-003 0. 0. 4.63285018e-003
    3.40498029e-003 0. -3.46606685e-004 0. 0. 0. 0. 0. 1.01547746e-003
    1.41234847e-003 0. 2.08571530e-003 0. 0. 5.96130360e-003
    -3.25607928e-003 1.62129141e-002 9.58348531e-003 0. 0.
    1.13909645e-003 5.52455289e-003 1.64145753e-002 0. 8.47587269e-003
    0. 1.18883909e-003 2.80683138e-003 1.78717095e-002 1.24607526e-003
    0. 9.15954821e-003 0. 0. -1.55085686e-003 0. 1.19684068e-002 0.
    -5.87391405e-005 0. 0. 4.53371601e-003 1.01189446e-002 0.
    4.04142309e-003 0. -4.63624718e-003 0. 0. 0. 0. 5.94581245e-003 0.
    0. 0. 0. 1.11042885e-002 1.12325111e-002 0. 0. -1.68358220e-003
    3.81667493e-003 0. 2.00575264e-003 -1.57322024e-003 -3.05973203e-003
    0. 0. 0. 0. 0. 0. 0. 7.05159316e-003 0. 0. -1.70621909e-002 0. 0. 0.
    0. 0. 0. 0. 0. 0. 3.75807751e-003 0. 4.52336040e-004 1.62063050e-003
    -3.23039037e-003 0. 0. 0. 0. 8.66541173e-003 0. 2.07552165e-002
    2.66623087e-002 0. 0. 3.08723841e-003 3.52213206e-003 0. 0.
    1.51989767e-002 0. 0. 0. 0. -4.90649254e-004 1.66059425e-003 0.
    8.07783287e-003 0. 0. -5.15852589e-003 0. 4.75463877e-003 0. 0.
    3.44382483e-003 4.91230236e-003 0. 1.19501003e-003 0.
    7.18100602e-003 -7.33874366e-003 0. 0. 0. 6.95398077e-003 0. 0. 0.
    0. 0. 0. 0. 0. 0. 0. 0. 0. 0. -1.03807368e-003 6.03218703e-003 0.
    1.30236913e-002 0. 0. 0. 0. 0. 2.79208086e-003 -2.69010733e-003 0.
    0. 5.58139570e-003 1.49526913e-003 0. 4.24873317e-003 0.
    2.18624789e-002 0. 0. 0. 2.03677490e-002 2.42096838e-002 0. 0. 0. 0.
    -2.90393759e-003 0. 0. 0. 0. -3.34460521e-003 0. 0. -9.32036154e-003
    1.02458196e-002 0. 3.76556441e-003 0. 0. 0. -5.37157245e-003
    7.67673459e-003 6.18787622e-003 0. 0. 8.82375892e-003 0.
    6.37619756e-003 0. 0. 2.12562364e-003 0. 0. 6.81870559e-004
    2.70654983e-003 0. 0. 0. 0. 0. 0. 0. 1.30856372e-002 7.98173714e-003
    9.86426044e-003 0. 0. 0. 6.30224077e-003 0. 0. 0. 0. 0. 0. 0. 0. 0.
    4.60421108e-003 0. 9.57525615e-003 0. 3.11153498e-003 0.
    1.42017128e-002 1.07067013e-002 0. 0. 0. 0. 2.55433898e-002 0. 0. 0.
    0. 0. 5.01429476e-003 0. 0. 5.98000223e-003 0. 0. 0. 0.
    6.83238804e-002 0. 9.21046827e-003 5.05190762e-003 0.
    5.03647421e-003 1.39593063e-002 1.49649766e-003 6.03314955e-003 0.
    9.35063232e-003 0. 1.81419426e-003 0. 3.38738179e-003 0. 0. 0. 0. 0.
    0. 1.62135367e-003 0. 0. 0. 0. 0. 2.30989535e-003 0. 8.89397692e-003
    0. 0. 0. 0. -6.70611393e-004 8.55766330e-003 0. 0. 3.31200287e-003
    6.18109060e-003 0. 0. 0. 0. 4.04242463e-002 2.86292611e-003 0. 0. 0.
    6.60065468e-003 0. 0. 0. 0. 1.57776847e-003 9.06189904e-003 0.
    4.39008763e-005 0. 1.77581899e-003 0. 2.09637862e-002 0. 0. 0. 0.
    1.13860145e-002 0. 0. 0. 0. 0. 0. 0. 0. 0. 0. 0. 0. 0.
    1.88362272e-003 0. 2.32285587e-003 5.66640543e-003 6.58185408e-003
    0. 3.59603693e-003 0. 0. 0. -5.25194162e-004 0. 0. 0. 0. 0. 0.
    4.24422789e-003 0. 7.01182801e-003 3.16592096e-003 0.
    -2.72024400e-003 -3.85143590e-004 0. 0. 0. 0. 3.91582167e-003 0. 0.
    7.41032418e-005 0. 2.29298370e-003 -5.99518744e-003 1.26548652e-002
    0. 0. 2.76514585e-003 1.39603838e-002 -1.58887729e-003 0. 0. 0. 0.
    0. 5.39801046e-002 3.84048489e-003 -6.36891602e-003 0. 0. 0. 0. 0.
    -5.29131759e-003 -6.28680515e-004 -1.92198239e-003 3.08118737e-003
    0. 0. 0. 0. 4.80342424e-003 5.01571409e-003 2.18498521e-002 0. 0. 0.
    0. 0. 0. 0. 1.01318618e-003 -4.78668557e-003 2.77994992e-003 0. 0.
    0. 0. 0. 0. 3.10352352e-003 -6.41771359e-004 9.77444835e-003
    5.53334737e-003 0. 7.69752217e-003 1.89103431e-003 0. 0. 0.
    2.55733379e-003 0. 2.93686101e-003 0. 0. 0. 0. -2.47621007e-004 0.
    0. 3.68484110e-003 0. 6.21942664e-003 0. 0. 0. 4.74495435e-004
    -8.84733396e-004 0. 0. 0. 0. 2.01975703e-002 9.74423718e-003
    1.39477234e-002 0. 0. 0. 1.71611942e-002 0. 3.72226769e-003
    -1.09208364e-003 0. 0. 1.10919424e-003 0. 0. 0. 3.48625844e-003 0.
    0. 0. 6.09946484e-003 0. 0. 0. 0. 0. 0. 0. 0. 0. -3.54800932e-003 0.
    0. 0. 0. 0. 1.60492270e-003 0. 0. 0. 0. 8.79638735e-003
    1.70308200e-003 0. 0. 1.48009451e-004 0. 0. 0. 0.</data></imageDescriptor>
</opencv_storage>
