<?xml version="1.0"?>
<opencv_storage>
<imageDescriptor type_id="opencv-matrix">
  <rows>1</rows>
  <cols>500</cols>
  <dt>f</dt>
  <data>
    6.59233471e-003 2.61877640e-003 0. 0. 0. -2.14920565e-003
    1.05317484e-003 0. 2.78067891e-004 9.29745473e-003 8.69957823e-003
    8.71726405e-003 7.16318889e-003 0. -2.24633049e-003 -2.64404924e-004
    2.00207019e-003 -4.98796813e-004 0. 4.48215753e-003 2.49524741e-003
    4.66227252e-003 -8.50559620e-004 0. 0. 1.03646731e-002 0.
    1.63460746e-002 -6.57755299e-004 4.50271834e-003 7.67711597e-003
    4.90802340e-003 5.84088452e-003 0. 0. 8.75341427e-003
    5.67615917e-003 1.11821713e-002 -1.89650839e-003 2.43405858e-003 0.
    1.07924044e-002 6.41246466e-003 0. 2.08774791e-003 1.58186397e-003
    0. 7.95256754e-004 0. 0. 4.26082965e-003 0. -1.05662504e-003 0. 0.
    0. -2.50696507e-003 0. 2.27866787e-003 0. 1.55858276e-003
    -2.04124721e-003 3.05644539e-003 0. 2.21739436e-004 -6.51438662e-004
    5.97956497e-003 0. 3.56219569e-003 0. 8.49222764e-003 0. 0. 0. 0. 0.
    0. 2.21713772e-003 6.88702660e-003 0. -3.61533416e-003
    1.10500511e-002 0. 0. 2.14273520e-002 1.23520149e-002 0.
    7.01015582e-003 0. 0. 2.17110314e-003 -3.38603486e-003 0.
    2.15916400e-004 6.10979646e-003 0. 0. 0. 0. 8.88917781e-003 0. 0.
    4.12882958e-003 -2.73475260e-003 1.90493604e-003 8.04378558e-003 0.
    7.65837030e-003 2.75608990e-003 2.01522023e-003 7.52069615e-003
    1.25031313e-003 1.71170309e-002 4.70114552e-004 1.81152839e-002 0.
    0. 0. 0. 1.96099351e-003 2.61185894e-004 0. 0. 5.72289340e-004
    6.57982659e-003 0. 6.00608510e-005 0. 1.38777932e-002 0. 0.
    5.22430567e-003 -3.44936823e-004 0. 0. -1.24232157e-003 0.
    3.61598190e-003 5.07388171e-003 1.03710154e-002 0. 6.01047650e-003
    0. 0. 0. 0. 3.44020734e-003 -1.25200080e-003 0. 0. 1.35847656e-002
    1.19656953e-003 0. 2.60560610e-003 1.79160759e-003 0. 0. 0.
    -4.88112029e-003 0. 0. 0. 3.37305176e-003 0. 3.08496156e-003
    3.19341989e-003 1.95066002e-003 4.19192296e-003 4.03110543e-003 0.
    1.10099581e-003 0. 3.11125885e-003 9.88196814e-004 8.19020811e-003
    1.62699597e-003 3.26227839e-003 0. 0. 0. 0. 0. 0. 3.23396479e-003 0.
    1.95590826e-003 6.77626440e-003 1.25475926e-002 0. 8.09215009e-003
    8.16426333e-003 0. 4.91872896e-004 1.74683239e-003 0. 0. 0.
    -4.87267412e-003 0. 3.58685968e-003 0. 3.25874193e-003 0.
    -3.90317803e-003 3.44255148e-003 0. -1.10824383e-003 4.19382704e-003
    0. 4.70299600e-003 3.80575121e-003 6.47371868e-003 0.
    -6.13636803e-004 0. 0. 2.84936093e-003 0. 1.90710032e-003
    5.05844643e-003 0. 0. 0. 2.58681318e-003 -1.47706922e-003
    6.36036089e-003 -1.33732380e-003 -9.28985828e-004 0. 0.
    4.47944272e-003 1.18917122e-003 0. -7.94842653e-003 0.
    4.02060046e-004 0. 5.49078267e-003 4.94949939e-003 0.
    9.00358718e-004 0. 8.21946654e-003 7.07341032e-003 3.99441505e-003
    9.26013291e-003 2.06534937e-003 1.28146587e-003 -1.90762768e-003
    7.94986822e-003 8.19824272e-005 5.08329319e-003 2.36614398e-003
    4.05906793e-003 4.08538105e-003 0. 6.58562267e-003 1.11565040e-003
    0. 4.94133122e-003 0. 2.21601338e-003 6.01076754e-004
    1.35509414e-003 0. -3.07555660e-003 6.58250647e-004 8.06200691e-003
    0. 5.37053635e-003 0. 1.84414058e-003 0. 2.72717938e-004
    1.55438343e-003 0. 0. 2.90126400e-003 -1.64045207e-003
    1.41912587e-002 7.26342574e-003 0. 1.58520008e-004 6.77761482e-003
    0. 2.20243400e-003 1.28741760e-003 2.40149995e-004 1.61305696e-004
    -1.51743682e-003 0. 0. 7.71932246e-004 -3.33956582e-003
    -3.46257468e-003 8.57302826e-003 8.90073646e-003 1.77584891e-003
    3.09294066e-003 3.79208592e-003 -7.48552382e-004 5.39651280e-003 0.
    -1.49012741e-003 0. 2.64450023e-003 3.05116293e-003 0. 0.
    8.20847135e-003 0. 0. 0. -1.61373673e-003 2.50280765e-003
    1.06879398e-002 0. 1.74779166e-003 1.63403398e-003 2.31684721e-003
    0. 3.23400763e-003 0. 0. 1.25297625e-002 1.45807036e-003
    4.05202806e-003 0. 0. 0. 7.16309121e-004 0. 0. 3.30604077e-003
    -1.76440750e-003 0. 0. 4.21018107e-003 8.85349640e-004
    5.16451022e-004 3.94058088e-003 0. 9.49614029e-003 3.37403803e-003
    2.83056358e-003 0. 1.77573215e-003 0. 0. 0. 3.43246991e-003 0. 0.
    -1.68679212e-003 1.82099489e-003 0. 2.03298498e-003 0. 0. 0. 0.
    5.59275853e-004 5.12818014e-003 0. 0. -3.25280766e-004 0.
    7.52921728e-003 1.59292936e-003 6.13521552e-003 1.10195251e-002
    5.26708178e-003 1.42585451e-003 2.50389799e-003 0. 0. 0.
    2.53711883e-002 7.82288518e-003 0. -4.11954679e-005 0.
    4.99623828e-003 0. 6.13997132e-003 3.59809987e-004 0.
    2.05078139e-003 8.32375325e-003 4.52461140e-003 0. 3.05278954e-004
    0. 6.68394007e-003 -2.58272543e-004 1.69358950e-003 0.
    1.98445586e-003 3.44293378e-003 0. 0. 4.34717350e-003
    2.01470568e-003 3.96162597e-003 3.21478304e-003 3.33277322e-003
    2.15591848e-004 1.17707660e-003 2.19830708e-003 3.01316753e-003
    5.24648139e-003 1.23400614e-002 0. 0. 0. 0. 0. 1.17833226e-003
    -9.23973275e-004 -9.58327670e-004 -2.62248213e-003 0.
    5.40085370e-003 1.99485733e-003 -1.49221113e-003 0. 1.87997869e-003
    0. 0. 1.09608972e-003 0. 0. 7.42065115e-003 0. 0. 0. 0. 0.
    9.66580177e-004 0. 8.26564676e-004 0. 0. 0. 9.40706115e-003
    -1.32981862e-004 0. 8.07538803e-004 6.79226033e-003 -1.55502150e-003
    0. 0. 4.82086645e-004 0. 0. 9.62534733e-003 0. 1.75971333e-002
    1.66236982e-003 5.86283859e-003 3.24737304e-003 0. 1.15043006e-003
    0. 0. -6.78984332e-004 1.81552663e-003 -1.67735352e-003 0. 0.
    3.94606526e-004 0. 0. 0. 0. 2.37702930e-004 -2.90531490e-004
    -1.94572948e-003 0. -1.74935616e-003 5.88615052e-003 0. 0.
    1.79713487e-003 1.88063341e-003 0. 5.68956323e-003 0. 0.
    6.16976758e-003 2.52395822e-003 4.88326093e-003 7.63914548e-004 0.
    0. 9.61326621e-003 0. 0. 0. 7.28408480e-003</data></imageDescriptor>
</opencv_storage>
