<?xml version="1.0"?>
<opencv_storage>
<imageDescriptor type_id="opencv-matrix">
  <rows>1</rows>
  <cols>500</cols>
  <dt>f</dt>
  <data>
    0. 1.45982699e-002 0. 0. 0. 0. 0. 0. -1.40530639e-003 0. 0. 0. 0. 0.
    -5.20261750e-003 0. 0. 0. 0. 5.25869941e-003 2.31291307e-003 0. 0.
    0. 0. 0. 3.48256044e-002 6.57702843e-003 0. -4.94475430e-003 0.
    -5.26256673e-003 5.15784556e-003 2.09391024e-003 -3.71758011e-003
    2.79143191e-004 -1.03930477e-002 0. 2.17597885e-003 0. 0.
    8.42645764e-003 -1.53410656e-003 -2.18514982e-003 0. 0. 0.
    1.30784726e-002 -1.67929998e-003 0. 0. 0. -9.17073339e-004
    -4.67444863e-003 0. 0. 0. 0. 0. 3.96196172e-003 0. 1.64208505e-002
    0. 0. 0. 0. 0. 0. 0. 0. 2.13943515e-003 4.37341118e-003
    3.12181050e-003 0. 0. 0. 1.53983055e-004 0. 0. 0. 0. 0. 0. 0.
    2.74817199e-002 0. 1.19979298e-002 0. 2.00686301e-003 0.
    2.85220169e-003 0. 0. 0. 2.96301953e-002 0. 0. 0. 0. 9.74813011e-003
    2.73464364e-003 4.25783079e-003 -2.02964380e-004 0. 7.59258261e-003
    0. 0. 0. 0. 0. 0. 0. 1.46346996e-002 8.23284150e-004 0. 0.
    5.00979775e-004 0. 0. 0. 0. 0. 0. 0. 2.55171545e-002 0. 0. 0. 0. 0.
    0. -4.06040903e-003 5.02500370e-005 0. 0. 2.54364237e-002 0.
    2.50087045e-002 4.73195687e-003 7.80971907e-003 2.19337363e-002 0.
    0. 0. 0. 0. 0. 1.11562060e-002 0. 0. -4.71622217e-003 0. 0.
    1.02581978e-002 0. 0. -2.63434486e-004 0. 0. 0. 0. 2.38216203e-003
    1.37421978e-003 0. 4.63891355e-003 0. 0. 0. 0. -3.48972040e-003 0.
    0. 0. -5.85985137e-004 0. 9.24069434e-004 5.57107385e-004 0.
    8.89501884e-004 0. 0. 0. 0. 0. 0. 1.34510947e-002 -8.88133235e-003
    2.50657275e-002 2.80680903e-003 6.48091256e-004 0. 0. 0. 0.
    1.36565166e-002 0. 6.44400017e-003 6.65545510e-003 0. 0. 0. 0. 0.
    2.94756982e-003 0. 0. 2.61313235e-003 0. 1.00992271e-003 0. 0. 0.
    1.33292982e-002 0. 6.41446677e-004 0. 0. 0. 0. 5.52004902e-003 0.
    8.13765638e-003 3.56315658e-003 4.78916941e-003 2.55770974e-005
    1.86492205e-002 0. 0. 0. 0. 0. 9.46418755e-003 -1.71846279e-003
    8.60957988e-003 0. 2.88034766e-003 0. 1.51304773e-003
    4.73536039e-003 0. -1.06939569e-003 0. 0. 4.30323929e-003
    1.74133424e-002 8.81783839e-004 0. 0. 0. 6.11766241e-003
    5.95082249e-003 0. 0. -3.33311851e-003 6.11837837e-004 0. 0.
    2.46956740e-002 0. 0. 0. 0. 0. 0. 0. 6.28155516e-003 0. 0. 0.
    1.25572691e-003 0. -1.54782797e-003 0. 0. 0. 0. 0. 0.
    5.04831318e-003 2.54361937e-003 3.36190616e-003 0. -4.02602782e-005
    4.39779647e-003 -9.77894175e-004 0. 0. 0. 0. 0. -1.61511230e-003
    1.53166093e-002 0. 0. 0. 0. 1.05599770e-002 1.48503436e-003 0. 0. 0.
    0. 0. 0. 0. 2.90206796e-003 0. 0. 0. 0. 0. 0. 0. 4.25067917e-003 0.
    0. 0. 1.21258562e-002 0. 0. 0. 0. 0. 0. 0. 0. -4.45149781e-004 0. 0.
    -4.94637946e-003 0. 0. 0. 0. 0. -3.65952845e-003 6.65041502e-004 0.
    0. 0. 0. 0. -8.71080160e-003 1.27136032e-003 0. 0. 0. 0. 0. 0.
    1.33018056e-002 0. 1.43684940e-002 0. 0. 8.12635385e-003 0. 0. 0. 0.
    0. 0. -1.23476563e-003 0. 0. 2.02295408e-002 0. 0. 0.
    7.07750628e-003 2.39344803e-003 1.67560985e-003 0. 0.
    2.87791085e-003 0. 0. 8.11034441e-003 4.23906045e-003 0.
    3.03842756e-003 0. 2.17243638e-002 0. 0. 0. -5.01224538e-004 0.
    2.72840005e-003 3.03193880e-003 0. 0. 0. 0. 0. 1.48099931e-002
    7.11044809e-003 0. 0. 0. 0. 4.09583189e-003 0. 2.14118534e-003 0.
    1.20057128e-002 0. 1.18918261e-002 0. 0. 0. 0. 1.38837826e-002
    4.65845549e-003 -1.01356953e-003 6.43310649e-003 0. 0. 0.
    3.18839261e-003 0. 0. 0. 0. 1.44001804e-002 0. 0. 0. 0.
    1.56921172e-003 6.32161042e-003 0. 0. 0. 5.57735795e-003
    4.81375381e-002 0. 0. 0. 0. 0. 0. 1.50871426e-002 0. 0. 0. 0. 0.
    9.95435193e-003 0. 0. 0. 6.91549527e-003 0. 2.98713036e-002
    1.14089241e-002 3.88586358e-003 4.16816771e-003 0. 0.
    2.51021906e-004 0. 0. 0. 0. 0. 6.69125421e-003 0. 0. 1.58552434e-002
    -6.91013550e-003 0. 0. 0. 0. 0. 1.70089270e-003 0. 0.
    -1.71352323e-004 -2.05639633e-003 0. 0. 3.17902560e-003
    9.46150254e-003 0. 2.62737693e-003 0. 0. 0. 8.90320726e-003
    -4.34797403e-005 0. 0. 0. 2.88445503e-002 0. 0. 0. 5.67625975e-003</data></imageDescriptor>
</opencv_storage>
