<?xml version="1.0"?>
<opencv_storage>
<imageDescriptor type_id="opencv-matrix">
  <rows>1</rows>
  <cols>500</cols>
  <dt>f</dt>
  <data>
    0. 0. 6.14775252e-003 0. 3.53371073e-003 -3.68366513e-004
    1.13456817e-002 0. 0. 3.49074160e-003 1.78822561e-003
    1.19926000e-003 3.34908650e-003 0. 5.03317080e-003 0.
    4.93539451e-003 6.42004306e-004 1.06201144e-002 0. 0. 0. 0.
    8.33611749e-003 0. 5.73307648e-003 0. 1.95652829e-003 0. 0. 0. 0. 0.
    1.13867479e-003 -7.08884187e-003 2.17271154e-003 3.38078942e-003 0.
    -8.59271036e-004 1.25500711e-003 3.36965662e-003 0. -1.36831341e-005
    1.61440913e-002 0. 0. -5.00055379e-004 0. 0. 7.73096597e-003 0. 0.
    9.04698856e-004 0. 0. 1.41502274e-002 6.10043481e-003
    2.41064769e-003 0. 0. 3.47650843e-003 0. -2.19180452e-004 0. 0. 0.
    2.15264875e-003 0. 0. 0. 1.26364054e-002 2.92171794e-003
    3.10747116e-003 0. 2.52478942e-003 -1.72715029e-003 0. 0. 0.
    1.96723919e-003 0. -1.86640106e-003 0. 0. 2.57739634e-003
    7.50304852e-003 1.26585644e-002 5.03855292e-003 0. 0.
    8.30967736e-004 0. 5.83364395e-003 0. 0. 0. 0. -1.18406070e-003
    5.01442701e-003 0. 0. 0. 0. 3.54326610e-003 2.24766647e-003 0.
    6.02997513e-003 -7.51201063e-004 -1.63684436e-003 0. 0. 0. 0.
    2.21724510e-002 1.12757804e-002 0. 1.18338258e-003 0.
    1.85166264e-003 -3.24427878e-004 0. 0. 1.38463249e-004 0. 0.
    -8.37045882e-005 0. 0. 0. 3.25928815e-003 0. -5.66814095e-004 0. 0.
    0. 1.05737792e-002 0. 0. 3.60233098e-004 -5.51149831e-004 0. 0. 0.
    0. 1.13811968e-002 0. 0. 5.46061760e-003 0. 0. 6.92114886e-003
    1.97356357e-003 5.97984821e-004 6.88274158e-004 7.14786211e-003 0.
    0. 0. 2.75664101e-003 -1.34434295e-003 -3.50101240e-004 0. 0.
    1.81149447e-003 -2.33412487e-003 -4.66881262e-004 8.95380322e-003
    1.91012456e-003 0. 0. 2.32055578e-002 5.81000233e-003 0.
    2.73468867e-002 1.97836999e-002 3.19854735e-004 6.59880415e-003 0.
    1.03577217e-002 1.54063720e-002 5.55757247e-003 6.91027241e-003
    3.57905193e-003 0. 1.73780031e-003 5.61907794e-003 -3.77962901e-003
    0. 0. 0. 0. 0. -4.42846259e-003 0. 0. 2.58979067e-004
    1.14527205e-002 0. 3.95258283e-003 2.32516006e-002 0. 0. 0.
    7.14171538e-003 0. 7.31318607e-004 5.73396171e-003 2.90120626e-003
    7.87811633e-003 -2.60166521e-003 4.52022674e-003 3.60162440e-003
    5.32577094e-003 0. 0. 0. 7.27663422e-003 3.29003297e-003 0.
    -7.78648828e-004 0. 0. 3.39638791e-003 -6.30127150e-004
    3.05505865e-003 0. 5.92326862e-004 0. 3.06314742e-003 0.
    2.99707800e-003 0. 0. 0. 7.98029301e-004 0. 0. 2.77160909e-002 0. 0.
    0. 0. 0. 3.27042839e-003 6.17177458e-003 0. -7.08858017e-004 0. 0.
    0. -1.92175925e-004 0. 0. 0. 3.05263512e-003 0. 0. 0.
    4.94084181e-003 0. 2.42713303e-003 1.04550850e-002 1.08407801e-002
    -6.22674415e-004 -1.00106569e-002 3.75004485e-003 0. 1.94090547e-003
    3.65512189e-003 4.99775773e-003 5.14386082e-003 0. 6.23504352e-003
    4.80746385e-004 9.10522509e-003 0. -4.57160786e-004 3.01448931e-003
    0. 0. 3.27438489e-003 0. 0. 0. -8.07607360e-003 0. -7.34449190e-004
    0. 9.53242555e-003 -1.53779879e-003 0. 1.22322107e-003 0. 0. 0.
    2.20249332e-002 5.02231903e-003 0. 0. 0. 0. -6.58570044e-003 0. 0.
    0. 2.57996074e-003 0. 0. 0. 0. 0. -2.92713940e-003 0.
    2.61495193e-003 3.25405481e-003 1.87824073e-003 0. 0.
    -8.28775577e-004 -5.07883495e-003 0. 1.21352253e-002 0.
    6.91698492e-003 0. 4.87096747e-003 7.22601369e-004 0.
    1.06720650e-003 0. 0. 0. 0. 5.06756501e-003 0. -1.93320180e-003
    2.10151337e-002 1.36662077e-003 2.79030367e-003 -2.96065025e-003 0.
    5.36941364e-003 0. 0. 4.12367377e-003 0. 0. 0. 0. 0. 0. 0. 0. 0.
    -1.34852657e-004 2.02476587e-002 4.29362711e-003 -4.42346605e-003 0.
    1.01272631e-002 1.02492291e-002 0. 0. 0. 0. 1.44153964e-002
    6.12372858e-003 0. 0. 0. 4.81774239e-003 2.04456109e-003
    2.04789545e-003 0. 0. 2.44282763e-002 0. 0. 0. 0. -2.20429312e-004
    4.72505577e-003 0. 3.07713891e-003 0. 0. 0. 0. 0. 0. 3.34546156e-003
    0. 0. -3.77787696e-003 0. 0. -1.41080702e-004 -1.01684115e-003
    -1.48765009e-003 0. 3.18623660e-003 0. -1.02610225e-004 0.
    3.36704985e-003 4.73676063e-003 3.09647573e-003 0. 0. 0.
    6.14244258e-003 0. -3.22501990e-003 0. -3.56557488e-004
    8.35338887e-003 2.08912287e-002 0. 0. 4.62360540e-003
    3.54364817e-003 1.30132334e-002 0. 0. 0. 0. -2.45107641e-003
    4.73889569e-003 0. 6.84536295e-004 6.03022613e-003 8.26211087e-003
    7.87036028e-003 -2.47113960e-004 3.02731525e-003 -3.33051546e-003 0.
    0. 1.60576925e-002 0. 0. 0. 0. 2.12262012e-003 5.78481820e-004 0. 0.
    0. 6.57152385e-004 4.52512922e-003 3.38280876e-003 1.28094750e-002
    0. 0. 0. 0. 0. 0. 3.37079342e-004 0. 0. 1.92361861e-003 0.
    -2.54854909e-003 0. 1.89570040e-002 0. -9.19598155e-004 0. 0.
    5.33447880e-003 0. 0. 1.21338060e-003 -5.38286869e-004
    -2.62299698e-004 0. 3.60737629e-002 0. 6.55810349e-003
    7.29516055e-003 2.41564936e-003 4.95216157e-003 1.98745183e-004 0.
    -5.95768914e-003 5.21444902e-003 0. 0. -5.28201985e-004 0.
    2.02904339e-003 3.81042808e-003 0. 0. 0. 0. -4.02811682e-003 0. 0.</data></imageDescriptor>
</opencv_storage>
