<?xml version="1.0"?>
<opencv_storage>
<imageDescriptor type_id="opencv-matrix">
  <rows>1</rows>
  <cols>500</cols>
  <dt>f</dt>
  <data>
    5.40421437e-003 2.57516187e-003 0. 3.91198182e-003 1.35611102e-003
    3.76361562e-003 2.01131450e-003 3.63686495e-003 4.43548849e-003
    -5.92799857e-004 3.77945136e-004 3.27237765e-004 2.77491822e-003 0.
    3.38491809e-004 0. 0. 5.10305772e-003 6.68208697e-004 0.
    7.04072043e-003 -3.79083649e-004 5.94349345e-004 2.74427771e-003
    5.43935108e-004 4.17735986e-003 1.14511326e-003 1.78234815e-003
    4.10255697e-003 0. 1.02270185e-003 5.15015912e-004 2.68442702e-004
    7.69988459e-004 6.99749275e-004 0. 9.88730113e-004 0.
    2.03565415e-003 -1.38403659e-004 7.58671667e-003 -9.04478191e-004
    1.37444283e-003 1.67744246e-003 5.68688032e-004 1.58561475e-003
    6.60838778e-005 1.69725786e-003 0. 1.14041439e-004 6.78211916e-004
    2.48063076e-003 4.62611672e-003 3.63709638e-003 1.21285822e-002
    2.46475358e-003 -1.80192437e-004 7.95236323e-003 1.38079352e-003
    6.24403078e-003 3.00226064e-004 0. 3.37251974e-003 1.35299319e-003
    1.52851120e-004 6.37394097e-003 3.39232921e-003 1.35051276e-004
    3.05259111e-003 9.95543413e-003 0. 0. 4.08233656e-003
    2.24034023e-003 2.54201493e-003 9.38590523e-003 2.77457410e-004
    2.10291310e-003 1.77272037e-003 4.13293624e-003 1.25430210e-003
    -4.71408991e-003 4.96292778e-004 3.91563680e-003 8.23577691e-004
    4.34730481e-003 2.81283143e-003 -9.76174371e-004 0. 2.06534914e-003
    0. 1.40949828e-003 2.61388416e-003 -4.86208795e-004 -1.47201377e-003
    1.36689004e-003 1.08947454e-003 1.56985351e-003 3.81460995e-003
    2.92367651e-003 0. 2.91397236e-003 2.19305349e-003 2.04052553e-002
    0. 3.54669173e-003 3.21543659e-003 1.98898045e-003 -1.52212247e-004
    0. 1.42590317e-003 -1.72970627e-004 4.86812508e-003 5.72830066e-003
    0. 3.42672312e-004 1.56753944e-004 1.19207357e-003 7.58768641e-004
    8.23923387e-004 2.00144504e-003 7.16502327e-005 1.98978139e-003
    9.66218649e-004 0. 0. 4.37004212e-003 2.68894434e-003
    -6.48436486e-004 4.24993457e-003 -1.88604812e-004 3.21935071e-003 0.
    0. 4.64339834e-003 1.77513075e-003 0. 2.42285035e-003
    3.23722884e-003 0. 0. 0. 3.75930592e-003 0. 3.01888748e-003
    3.81619576e-003 6.27716351e-003 6.77372678e-004 0. 6.04027743e-003
    1.77572179e-003 2.73140520e-003 -1.20350538e-004 2.02693045e-003
    3.86561640e-003 0. 6.07954478e-003 0. 3.46866529e-003 0.
    2.88477342e-004 3.84939462e-003 4.65548458e-003 0. 1.85826549e-003
    0. 1.82849632e-004 0. 0. 2.84023816e-003 6.71989936e-003
    8.76383297e-003 0. 0. 0. 6.22709747e-004 0. 0. 4.12020041e-003
    5.69075462e-004 -3.85199994e-004 3.75465094e-003 2.74447817e-003
    2.71541043e-003 6.83870865e-003 0. 6.83173363e-004 3.78068187e-003
    -1.92294770e-003 4.58651269e-003 1.62298966e-003 1.88223654e-004
    2.19201087e-003 0. 7.08555512e-004 0. -1.27085514e-004
    3.56315216e-003 0. 2.03321385e-003 1.14470883e-003 2.62619648e-003
    1.20313687e-003 1.27834536e-003 -6.25781715e-004 1.23585796e-003
    -1.14280170e-004 2.81196716e-003 1.38987077e-003 1.20290264e-003
    5.96212572e-004 2.84319487e-003 0. 8.78501567e-004 6.97836466e-003
    8.98354803e-004 4.87938803e-003 1.77545939e-003 1.87958765e-003
    1.06170718e-002 4.21015685e-003 4.02467529e-004 2.26691295e-003
    -6.59522950e-004 -1.88617769e-003 1.29881408e-003 0. 1.89380161e-003
    -2.23767967e-003 7.36448448e-004 1.76537200e-004 0. 0. 0.
    1.30747668e-002 3.19098658e-003 7.72288942e-004 -5.56847954e-004
    4.52516228e-003 1.03001471e-003 7.81746989e-004 6.66451699e-004 0.
    0. 2.99291476e-003 8.83744005e-003 -2.77420622e-004 7.34987552e-004
    6.30330062e-003 5.07535785e-003 5.57798054e-003 3.49893351e-003
    1.00922515e-003 4.12644004e-004 0. 6.05522050e-003 7.81644229e-003
    2.63580773e-003 2.92775221e-003 8.44354334e-004 1.72319720e-004
    8.08256853e-004 0. 1.14968717e-002 1.99283869e-003 4.96363407e-003
    1.06430452e-004 1.34998024e-003 1.80465181e-003 -5.08556317e-004
    -1.16887095e-003 2.44625052e-003 1.69733644e-003 7.19317934e-004
    2.19619670e-003 3.63098294e-003 4.92102373e-003 1.90431364e-002
    1.06349390e-003 1.03846868e-003 1.84624529e-004 -6.02770073e-004
    -1.37728790e-003 4.57442179e-003 1.81211112e-003 4.11593181e-004 0.
    -1.61921210e-003 1.18380203e-003 2.39222217e-003 5.98564569e-004
    2.32749013e-003 1.71597104e-003 2.37522577e-003 0. -2.55904393e-004
    1.41415780e-003 2.52690376e-003 2.86679569e-004 2.67236168e-003 0.
    8.52441136e-003 -6.61570695e-004 4.00613248e-003 0. 5.38560271e-004
    4.34246380e-003 2.94687366e-003 0. 3.74163705e-004 4.15625167e-004
    1.65622146e-003 0. 0. 1.49650572e-004 9.74737946e-003
    1.26007339e-003 3.57727846e-003 2.13999971e-004 2.07668333e-003
    4.16168850e-003 4.89337044e-003 3.28490767e-003 3.43975076e-003
    -3.15842015e-004 0. 3.45984660e-003 -1.35325929e-004 2.81941355e-003
    7.30245234e-003 0. 5.28858276e-003 2.77553336e-003 3.53588350e-003
    -6.98786520e-004 -4.18848358e-004 1.82695733e-003 1.94901298e-003 0.
    2.13666027e-003 0. 4.97581484e-003 9.52574715e-004 1.26620603e-003
    4.00269264e-003 2.03763018e-003 7.57346803e-004 4.61850455e-003
    1.23820559e-003 -9.04574234e-004 2.37739482e-003 0. 1.01742405e-003
    1.15919141e-002 -6.16658654e-005 3.73822148e-003 5.82105771e-004
    5.43061830e-003 5.12494380e-003 8.56456463e-004 3.49634420e-003 0.
    4.80850041e-003 3.85700096e-003 9.89501015e-004 0. 0.
    3.07801343e-003 2.20510853e-003 6.52329717e-003 1.93104055e-003 0.
    1.27608643e-003 9.98997129e-004 2.99318414e-003 1.15721382e-003
    1.14836253e-003 2.34178803e-003 2.99055187e-004 0. 3.43325362e-003
    7.87703262e-004 1.18636258e-003 -2.26479233e-003 5.60903875e-003 0.
    3.81780742e-003 0. 0. 1.28607149e-003 1.98210543e-003
    4.05812607e-004 1.48228207e-003 2.86952010e-004 2.57236417e-003
    6.04594126e-003 2.26698146e-004 4.57530469e-003 1.01861882e-003
    2.38160975e-003 2.37780716e-003 1.10520504e-003 3.51707777e-003 0.
    4.03779140e-003 2.64775823e-004 8.02167458e-004 1.04258326e-003
    2.53861910e-003 1.41497259e-003 2.67988275e-004 3.77445947e-003
    3.59934499e-003 6.24647737e-003 0. 3.83681618e-003 8.37897789e-003
    9.47222812e-004 5.30108530e-003 5.27217239e-003 0. 1.72429346e-003
    0. 5.68729127e-004 5.43663627e-004 2.02784687e-003 3.07395356e-003
    0. 1.36467377e-002 0. 3.16751376e-003 5.14683500e-003
    1.60047621e-003 0. -1.05175779e-004 9.00021929e-004 0. 0.
    7.88130914e-004 3.25262151e-003 9.86230676e-004 0. 9.67274129e-004
    0. 4.23516193e-003 2.16945424e-003 0. 3.85600841e-003
    3.40537983e-003 -8.32668884e-005 0. -4.31392371e-004 0. 0.
    -5.04440977e-004 1.68172992e-003 1.01409678e-003 2.32492675e-004
    1.06205849e-003 2.53360299e-003 2.23952485e-003 1.21681287e-003
    1.39258674e-003 3.83350125e-004 2.35299510e-003 1.92624342e-003
    2.54373485e-003 0. 1.88640424e-003 5.00952825e-003 3.49265314e-003
    0. 1.38852769e-003 3.34501412e-004 1.98473316e-003 4.37030772e-004
    1.81564619e-003 3.49131878e-003 0. 5.73774334e-003 3.40603921e-003
    3.53560830e-003 0. 1.58185954e-003 2.46519409e-003 2.01687030e-003
    1.19929726e-003 0. 8.46650824e-003 1.64500263e-003 8.31240905e-004
    8.74968973e-005 3.22721293e-003 4.55622142e-003 2.08651763e-003
    5.74683864e-003 1.61835109e-003 4.94124321e-003 2.13856716e-003
    1.03428448e-003</data></imageDescriptor>
</opencv_storage>
