<?xml version="1.0"?>
<opencv_storage>
<imageDescriptor type_id="opencv-matrix">
  <rows>1</rows>
  <cols>500</cols>
  <dt>f</dt>
  <data>
    5.06510912e-003 -7.32540095e-004 -2.94406345e-004 0. 9.14213434e-003
    1.09661128e-002 0. 6.83788862e-003 1.35203256e-004 -3.57099343e-004
    3.93740134e-003 0. 9.76031122e-004 1.33394578e-003 2.47393432e-003
    5.25615062e-004 1.10256057e-002 4.07800265e-003 1.46210974e-003 0.
    4.71847411e-003 0. 1.20331778e-003 1.59605930e-003 0.
    6.19687093e-003 2.09330954e-003 1.49976055e-003 -1.61343080e-003
    1.46092987e-003 4.77565598e-004 5.33925020e-004 5.26325428e-004
    5.73591096e-003 5.26866829e-003 2.22292589e-003 1.83495833e-003 0.
    0. -1.90320599e-003 3.64115811e-003 5.09629957e-003 1.96741358e-003
    4.94481716e-003 0. -3.14238970e-003 3.81198409e-003 9.40961856e-003
    0. 3.73226986e-003 1.22832251e-003 3.80440126e-003 5.03722578e-003
    0. 2.80867587e-003 4.71394509e-003 2.94027035e-004 0. 0. 0. 0. 0.
    3.99001129e-003 1.68696232e-002 0. 2.05843453e-003 8.87629762e-003
    2.48401053e-003 3.14301089e-003 5.92982955e-003 2.33546086e-003
    6.99078757e-003 0. 1.93281029e-003 -1.70103426e-003 2.40308302e-003
    -6.24518958e-004 0. 5.85757568e-003 0. 7.22524291e-003
    -1.20546937e-003 4.06658184e-003 -5.34372870e-004 1.54798909e-003
    1.42658595e-002 5.37894154e-003 -2.03292607e-003 2.47040158e-003 0.
    2.09904299e-003 0. 0. 4.45644883e-003 9.86423157e-003
    2.54757539e-003 0. 9.89712309e-003 9.10061784e-003 0.
    9.25754255e-004 5.77836356e-004 2.27152114e-003 6.60968432e-003
    1.27553148e-003 0. 0. 0. 0. 0. 3.52831790e-003 1.73805165e-003 0. 0.
    8.17134324e-003 0. 0. 0. 1.19572808e-003 -1.35467824e-004
    -5.14188316e-004 1.05502212e-003 0. 1.35611207e-003 4.44508251e-003
    0. 0. 0. 1.80365297e-003 3.03030800e-004 0. -4.90651815e-004 0.
    2.67585181e-003 0. 0. 0. 8.06455594e-003 5.52536733e-003 0. 0.
    1.06763514e-003 2.06837158e-005 2.39133881e-003 1.21437234e-003
    -3.83348990e-004 0. 3.37486854e-003 0. 0. 5.34346933e-003
    8.62533133e-003 7.78706931e-003 2.39802618e-003 3.41114867e-003 0.
    0. 9.67675063e-004 3.18708859e-004 -2.20457441e-004 0. 0.
    4.04451741e-003 1.70798716e-003 0. 0. 1.42108684e-003
    5.11221774e-003 2.54825107e-004 -2.65562790e-003 6.81925472e-003
    1.68777222e-003 3.49739916e-004 9.13259573e-004 3.38864862e-003
    2.06745625e-003 0. 0. 6.92053791e-003 1.55346852e-003 0.
    6.95101824e-003 8.20524176e-004 5.28399367e-003 0. 0.
    2.20865780e-003 3.93729936e-003 7.62618985e-003 0. 4.97688539e-003
    0. -1.50845235e-003 2.45674420e-003 2.13876460e-003 4.48302802e-004
    5.04384656e-003 1.20739324e-003 0. 8.40707973e-004 1.56339328e-003
    2.46437779e-003 0. 1.00176840e-003 1.89870398e-003 2.73150834e-003
    1.05501758e-003 0. 0. 1.20527446e-002 4.31722589e-003
    1.70266442e-002 -1.09670509e-003 0. 0. 3.54613294e-003
    4.68384009e-003 0. 3.82644427e-003 8.87925178e-003 6.75383443e-003
    0. 9.30393697e-004 0. 6.24919171e-003 0. 5.90518815e-003
    -5.14314270e-005 1.33679569e-004 4.40212665e-003 4.08982579e-003
    2.24993192e-003 6.51390199e-003 4.70326850e-005 2.14806036e-003
    -2.41781909e-005 -3.40345170e-004 0. 1.00642117e-003 2.95706885e-003
    1.08054362e-003 -4.54172259e-004 0. 3.16760200e-003 9.56780917e-004
    1.58047525e-003 -1.66295888e-003 1.26543769e-003 -6.45171618e-004
    1.31539977e-003 0. 0. 3.76042910e-003 -3.72279872e-004
    1.47456361e-003 6.94181363e-004 6.37080241e-003 1.70126092e-002 0.
    0. 1.65162771e-003 1.42367336e-003 4.91033215e-003 2.52046622e-003
    -1.74161178e-004 1.30515546e-003 -2.23332754e-004 6.69598999e-003 0.
    0. 1.85667025e-003 4.76579135e-003 1.72389403e-003 -7.14804453e-004
    -4.33150592e-004 0. 0. 2.20727473e-002 1.29871198e-003 0.
    -1.44183612e-003 8.80096923e-004 0. 1.80922833e-003 2.56624189e-004
    -1.49927370e-003 0. 0. 4.42196662e-003 0. 0. 7.21466495e-004
    4.95939632e-004 2.62867915e-003 0. 0. 2.34875991e-003
    -6.55406329e-004 4.02267370e-003 9.62955598e-003 0. 8.91794544e-003
    2.17286032e-003 0. 4.24572732e-003 3.93552845e-003 -1.83399476e-004
    0. 3.54797486e-003 5.14086848e-003 4.09284621e-005 2.14476162e-003
    0. 4.49004397e-003 9.33126546e-004 1.00834165e-002 5.11932280e-003
    -2.35465192e-003 -7.44843623e-004 0. 2.57909740e-003 0.
    2.27845437e-003 0. -1.12335291e-003 -1.81746227e-003 4.55431733e-003
    4.87756822e-003 0. 5.27834799e-003 3.18043254e-004 0.
    5.13328891e-003 0. 3.53560346e-004 0. 0. 0. 2.57646269e-003 0. 0.
    4.97234380e-003 5.33164246e-004 0. 0. 1.63453107e-003
    2.71960883e-003 7.28758750e-003 1.89617730e-003 -3.78953991e-005
    1.91018230e-003 4.03940125e-004 0. 2.93128360e-002 0.
    1.57533376e-003 1.05402537e-003 6.15263870e-003 4.01355280e-003
    1.20219309e-003 4.59530344e-003 2.49017356e-003 3.92868044e-003 0.
    1.18564800e-004 -4.42665070e-004 0. 0. -2.22564675e-003
    3.49387847e-004 0. 1.62428129e-003 2.25813710e-003 7.37903686e-003
    8.15676246e-003 1.70211261e-003 0. 0. -3.29690170e-004 0.
    4.67239460e-003 -1.18857315e-004 0. 3.16076330e-005 0. 0.
    8.29376839e-003 0. 0. 3.02423444e-003 0. 0. -1.64687308e-003 0. 0.
    3.64497956e-003 0. 0. 0. -2.84001610e-004 0. 2.78224074e-003
    4.03730478e-003 5.92473848e-003 2.28166603e-003 -1.35632418e-002
    -1.45610393e-004 1.03627564e-003 -1.58835275e-004 5.56513318e-004
    4.18920629e-003 -9.36141660e-005 0. 0. 0. 0. 0. 0. 2.56178621e-003
    0. 6.19962020e-003 6.55480660e-003 7.56041089e-004 2.90218345e-003
    -6.52870280e-004 3.41093808e-004 7.52218533e-003 1.14454497e-002
    -1.89488428e-003 4.33742825e-004 1.00448378e-003 8.07576161e-003
    1.90452323e-003 1.79293531e-003 1.51420292e-003 3.67974117e-003
    1.89595181e-003 3.85605101e-003 1.53008886e-002 -5.46655210e-004
    1.02896232e-003 1.53290888e-003 9.35207680e-003 0. 0.
    1.62580155e-003 0. 3.20326444e-003 -9.12972027e-005 -1.57252641e-003
    4.53637866e-003 1.54228858e-003 0. 1.90033426e-003 2.19919160e-003
    0. 1.14602305e-003 0. -2.00055703e-003 1.20486924e-003
    1.70095987e-003 1.10630435e-003 0. 8.51367507e-003 0.
    -3.09199328e-003 -1.13367103e-003 7.07822246e-003 8.39839224e-004
    6.45987282e-004 0. 0. 1.50346570e-003 1.72302825e-003
    2.21106294e-003 1.37544889e-003 0. 1.44098559e-003 0.
    1.24146575e-002 4.01966041e-003 -8.90437572e-004 0. 3.39031243e-003
    0. 4.25136270e-004 0. 0. 9.12632677e-004 5.94565459e-003 0.
    -7.97736539e-006 9.40125622e-003 2.77393311e-003 1.11114071e-003 0.
    1.89799129e-003 0. 0. 2.94536963e-004</data></imageDescriptor>
</opencv_storage>
