<?xml version="1.0"?>
<opencv_storage>
<imageDescriptor type_id="opencv-matrix">
  <rows>1</rows>
  <cols>500</cols>
  <dt>f</dt>
  <data>
    1.08534339e-004 1.08935630e-004 9.27260797e-003 5.87426638e-003 0.
    0. 3.97414295e-003 0. -9.76128213e-004 1.68899377e-003
    5.04691573e-003 0. 1.44535070e-003 0. 5.43144159e-003
    1.04018196e-003 0. 3.56700271e-003 -2.38782959e-003 0.
    3.19317519e-003 2.14299075e-002 2.03091605e-003 0. 4.94697597e-003
    1.35623263e-002 0. 0. 0. 0. 1.90827227e-003 6.06660824e-003 0. 0.
    1.54716917e-003 0. 3.51077714e-003 0. 1.17711024e-003
    -1.78801746e-003 0. 4.03150450e-003 0. 0. -2.08079955e-003
    1.54710012e-002 0. 0. 0. 4.00490267e-003 0. 0. 0. 0. 0. 0. 0.
    3.02733853e-003 0. 0. -8.90965806e-004 -1.67657482e-003
    4.89720190e-003 1.87268050e-003 8.09700508e-003 -1.35058814e-004 0.
    0. 2.57865991e-003 5.88078331e-003 0. 3.44683812e-003 0. 0.
    3.91969504e-003 9.92429070e-003 0. 7.55858654e-003 0. 0. 0. 0.
    2.96626543e-003 8.18999106e-005 0. 7.63452845e-003 1.51435335e-004
    4.23969049e-003 0. 2.39212681e-002 0. -8.79902020e-003 0.
    9.15576797e-003 0. 2.46828096e-003 0. 1.28312607e-003 0. 0.
    1.19871367e-003 0. 3.15314997e-003 0. 0. 7.52539188e-003
    5.27372700e-004 0. 0. 0. 3.73860425e-003 1.31341792e-003
    2.49362597e-003 0. 1.87387923e-003 0. 3.16617033e-003 0. 0.
    1.43993122e-003 0. 0. 0. 0. 2.49618990e-003 0. 0. 0. 0. 0.
    3.12214112e-003 0. 1.11107982e-003 2.13269086e-004 0. 0.
    3.92703479e-003 0. -2.53328914e-003 0. 0. 0. 3.11633199e-003
    8.23052973e-003 5.95731521e-003 0. 3.69435264e-004 6.03895588e-003
    0. 6.89238217e-003 0. 4.07931581e-003 -4.28213971e-003 0. 0.
    5.61440643e-003 -2.07105745e-003 0. 0. 1.98853738e-003 0. 0. 0.
    3.21704149e-003 0. 0. 4.84186970e-003 0. 9.48374067e-003 0.
    3.18921031e-003 2.57741497e-003 0. 0. 0. 3.34023335e-003
    7.88011309e-003 0. 1.42071431e-003 0. 0. 0. 1.84991416e-002 0. 0. 0.
    0. 0. 1.54341594e-003 1.17082121e-002 2.51932349e-003
    3.02079669e-003 4.03629616e-003 1.21327573e-002 -1.25049599e-004
    9.09519498e-004 -8.68845149e-004 0. 4.09484375e-003 0.
    7.78030779e-004 0. 0. 0. 0. 0. 0. 3.62465158e-003 1.26201306e-002 0.
    1.33675030e-002 0. 0. 0. 1.24793581e-003 1.23958020e-002
    3.49988113e-003 -1.57496368e-003 7.58849271e-003 3.64885456e-003
    7.10807694e-003 0. 0. 1.61223975e-003 6.43138133e-004 0.
    3.65255168e-003 1.70297897e-003 0. 5.71064360e-004 4.41366434e-003
    0. 7.11926026e-003 0. 0. 0. 0. 0. 1.77016505e-003 1.47854825e-002
    9.13879543e-004 0. 0. 0. 0. 1.84193370e-003 1.90170889e-003 0. 0.
    5.36559150e-003 -4.91495105e-003 8.96363799e-003 0. 0. 0.
    5.77126443e-003 0. 3.09294183e-003 0. -1.80782157e-003 0. 0. 0. 0.
    0. 8.65603611e-003 -2.24235188e-003 0. 0. -2.86830449e-003 0.
    1.09090824e-002 0. 0. 0. 0. 1.69622258e-003 2.37467396e-003
    5.93356555e-003 0. 0. 6.03422197e-003 -2.49999319e-003
    9.28678084e-003 -1.54531604e-004 1.74251630e-003 0. 9.79254860e-003
    9.70035093e-004 2.09795777e-003 0. 3.39353201e-003 -3.83513910e-003
    1.20607223e-002 1.01467464e-002 4.39158222e-003 8.95396527e-003 0.
    -3.09429970e-003 5.94362675e-004 0. 0. -1.23428670e-003
    -7.84355309e-003 0. 1.10582439e-002 0. 0. 0. 0. 0. 1.18747717e-002
    1.31119946e-002 0. 0. 4.93368017e-004 1.10841822e-002
    7.66839017e-004 7.09621562e-003 0. 0. 0. 0. 0. 0. 0. 0. 0. 0. 0.
    -3.51067679e-003 0. 0. 0. -1.94813742e-003 0. 0. -1.55937902e-004 0.
    0. 0. 1.05558485e-002 -1.13906211e-003 8.15449003e-003 0.
    4.28155204e-003 1.37578277e-002 0. 0. 0. 1.06619857e-002 0.
    6.68349583e-003 1.55889301e-003 7.76529312e-004 5.55243669e-003
    8.65657069e-003 7.11469958e-003 4.86669410e-003 0. 0.
    2.28159036e-003 2.11824386e-004 0. 0. 0. 1.17517076e-002 0. 0.
    6.51013898e-003 -1.61008234e-003 0. 0. 2.24808394e-003 0. 0.
    1.51372179e-002 3.43025778e-003 0. 1.05816533e-003 3.75368260e-003
    1.48454506e-003 0. 0. 0. 0. 0. 0. 7.29027577e-003 0. 5.62654203e-003
    5.33178402e-003 4.36406437e-004 3.62373982e-003 3.44304997e-003 0.
    0. 1.47845584e-003 0. 2.78077908e-002 0. 9.61674750e-003 0.
    3.58291320e-003 4.08187741e-003 8.10187310e-003 2.50392016e-002 0.
    0. 0. 5.34385303e-003 0. 0. 0. 0. 0. 4.75311466e-003 3.67227104e-003
    0. 0. 0. 0. 3.44845979e-003 0. 0. -6.67790882e-003 0. 0.
    2.24750227e-004 0. 0. 1.20122498e-003 0. 6.01702742e-003 0.
    -5.99603262e-003 0. 0. 2.09011068e-003 0. 0. 5.32782869e-003 0.
    4.91538551e-003 0. 0. -3.08227353e-003 5.47898060e-004
    7.25100050e-003 -2.36636796e-003 0. -1.88782625e-003
    -2.84587825e-003 7.96892680e-003 3.73019953e-003 7.20300898e-003
    1.94762833e-002 0. 3.96634312e-003 -1.46328460e-003 -1.60814438e-003
    4.08117659e-003 0. 7.79164070e-003 0. 3.39676347e-003 0.
    8.81240703e-003 0. 0. 7.44345551e-003 3.22862528e-003 0.
    8.21670052e-003 4.07521939e-003 0. 0. 4.81768831e-004 0.
    1.91554078e-003 2.40943441e-003 0. 0. 1.07090231e-002 0. 0. 0.
    2.48108013e-003 4.86309815e-004 1.01445743e-003 9.80279758e-004 0.
    0. 1.22171221e-003 7.91803654e-003 1.06298085e-002 0. 0. 0.
    2.52933335e-003</data></imageDescriptor>
</opencv_storage>
