<?xml version="1.0"?>
<opencv_storage>
<imageDescriptor type_id="opencv-matrix">
  <rows>1</rows>
  <cols>500</cols>
  <dt>f</dt>
  <data>
    5.71337203e-003 -7.60891475e-003 0. 2.64504668e-003 0. 0. 0. 0.
    2.38565123e-003 0. 0. -8.53389967e-004 0. 4.12999419e-003
    2.48340686e-004 0. 0. 1.69790667e-002 0. 6.28808746e-004
    3.18430434e-003 1.04625085e-002 0. 0. 8.40775610e-005
    8.09183158e-003 0. 0. 3.71847418e-003 1.16857737e-002
    1.70802348e-003 4.35275258e-003 0. 2.24203314e-003 -6.89208682e-004
    0. 1.26839532e-002 5.49902790e-004 2.15905905e-003 -2.42302776e-003
    3.01772125e-005 6.93396758e-003 -3.94262897e-004 1.73112901e-003
    3.69361462e-003 0. 1.02168240e-003 0. 4.36457293e-003
    2.44983984e-003 5.40102599e-003 0. 0. 0. 0. 0. 2.14643823e-003
    8.95390986e-004 0. -7.15782866e-004 0. 7.82008376e-003
    2.94390954e-002 0. 7.90762133e-004 2.78384844e-003 -1.61919661e-003
    1.08597754e-002 0. 0. 6.52536168e-004 2.34171934e-003 0.
    -3.02081998e-003 4.56739264e-003 0. 0. 0. 0. 2.80063297e-003
    6.33503590e-003 3.23336734e-003 2.97648739e-003 0. 7.96304643e-003
    4.78543341e-003 4.41522012e-003 1.98159483e-004 0. 1.14669919e-003
    0. 1.99067686e-003 0. 0. 0. 5.06234867e-003 2.04484630e-003
    1.45226449e-003 -1.88800172e-004 1.61873884e-002 0. 9.43892822e-003
    0. 1.41727393e-002 9.38240788e-004 1.18664007e-004 0. 0.
    3.24025843e-003 7.31997658e-003 -3.89725319e-004 0. 5.11624338e-003
    0. 0. 0. 0. 5.73841576e-003 3.07691284e-004 1.80504366e-003 0. 0.
    -7.38083094e-004 0. 4.29301290e-003 0. 0. 5.75225800e-004
    -2.49511679e-003 -3.59890377e-003 2.59660953e-003 -4.29050764e-004
    0. 0. 0. 8.78819672e-004 0. 7.27739418e-004 6.19380036e-003
    3.66919837e-003 0. -8.72200297e-004 0. -4.50495456e-004
    2.62142881e-003 0. -2.06778015e-004 0. 0. 0. 0. 0. 7.97619298e-003
    0. 0. 0. 2.37606675e-003 0. 6.78708893e-004 0. 0. 0. 0.
    -2.00161958e-004 0. 0. 1.94958493e-003 0. 4.78537241e-003
    3.39907652e-004 -2.50298879e-003 1.72857649e-003 0. 1.33051500e-002
    0. 0. 7.63075100e-003 0. -2.50887242e-003 2.82681431e-003 0.
    2.65838322e-003 0. 1.05323307e-002 0. -3.28433490e-003
    6.70408539e-004 1.09149311e-002 -1.53959976e-004 8.09109697e-005 0.
    3.72322858e-003 7.96372129e-004 0. 1.02676137e-003 4.51490516e-003
    0. 0. 0. 0. 1.11566740e-003 1.22486590e-003 0. 2.23436917e-004 0.
    7.93088111e-004 1.64230820e-003 0. 0. 0. 0. 0. -5.40333858e-004
    6.00664411e-003 5.75059047e-003 0. 7.36728217e-003 0.
    1.45585532e-003 3.48147727e-003 1.00987079e-002 0. 1.05838920e-003
    1.44840661e-003 1.98827614e-003 1.32536106e-002 0. 0.
    6.93731476e-004 0. 2.74435082e-003 1.83611759e-003 0. 0.
    2.44259019e-003 1.23381307e-002 0. 2.25038547e-003 0.
    3.19571653e-003 -6.52774470e-004 -1.28583590e-004 1.13306509e-003
    7.78067624e-003 1.47935958e-003 0. 3.69834015e-003 0.
    1.07025146e-003 2.10135616e-003 8.62032548e-003 3.66549357e-003
    1.03138591e-004 0. 9.17423400e-004 9.10221692e-003 3.45485355e-003
    1.86470225e-002 0. 2.05413532e-003 1.58240355e-003 0.
    1.38880601e-002 -3.91154608e-004 2.08394020e-003 5.86680695e-003
    1.15926110e-003 1.09223109e-002 0. 5.82900038e-003 0.
    2.15093070e-003 0. 0. 0. 3.32750008e-003 0. 4.89990273e-003
    1.23955557e-004 0. 1.40587229e-003 4.93835891e-003 2.61566928e-003
    0. 2.19227443e-003 -4.13337210e-003 0. 0. 9.86728701e-004 0. 0. 0.
    2.88160820e-003 2.95574241e-003 5.03191957e-003 1.29556167e-003 0.
    0. 0. 5.14966156e-003 0. 1.98237388e-003 0. 1.13700349e-002 0.
    6.33435603e-003 3.78160621e-003 0. 0. 2.03348859e-003 0. 0. 0. 0. 0.
    7.53491698e-003 4.99797566e-003 0. 3.56454332e-003 1.05123511e-002
    0. 0. 0. 1.64668001e-002 2.34154845e-003 0. 0. 0. 9.41852340e-004
    -6.39081583e-004 0. 0. 0. 0. 0. 0. 0. 0. 0. 0. 5.23178233e-003
    5.52430935e-003 0. 4.02253121e-003 0. 3.26635898e-003
    3.09418654e-003 -3.68312089e-004 -7.68074009e-004 0. 1.19672623e-002
    0. 2.77014915e-003 6.30587293e-003 8.78763560e-004 1.04451006e-004
    7.26359291e-003 1.84981851e-003 4.09929035e-003 0. 0.
    4.18803468e-003 0. 0. 0. 1.38336746e-003 0. 0. 1.20691089e-002
    1.75054977e-003 0. -1.59661972e-003 0. 2.36164732e-003 0. 0.
    1.78687030e-003 0. 0. 3.84943979e-003 0. -4.04874270e-004
    4.45371401e-003 5.01315622e-003 6.22494379e-003 6.96652941e-003
    -1.74228754e-003 0. 9.61972680e-003 7.89829623e-003 1.27928320e-003
    -3.29025323e-004 0. 9.80639923e-003 0. 0. 0. 3.27662635e-003 0. 0.
    6.66836882e-003 2.38119159e-002 0. 3.44777596e-003 0.
    3.93546186e-003 1.84638426e-003 9.78042092e-003 2.57430656e-004 0.
    7.35805044e-003 1.99905434e-003 0. 0. 0. 0. -3.94645333e-003 0. 0.
    1.24983303e-003 2.88855331e-003 1.12352110e-002 4.20133630e-003
    3.94129381e-003 -9.34921671e-004 -2.39950675e-003 0. 0.
    3.27250990e-003 0. 0. -1.33892195e-003 0. 2.64456589e-003
    3.49479611e-003 3.19900759e-003 0. 2.29867129e-003 3.33697745e-003
    2.84112338e-003 4.19149362e-003 0. 0. 0. 0. 2.00491841e-003
    -9.95788490e-004 0. 0. 0. 1.30172132e-003 1.26591949e-002 0. 0.
    2.56813150e-002 0. 2.23782891e-003 0. 1.11685728e-003
    4.39635850e-003 1.83207123e-003 0. 0. 0. 0. 2.56521802e-004
    -1.11403270e-003 7.66948843e-003 0. 9.63790901e-003 4.47554048e-003
    0. 2.08416954e-003 0. 0. 0. 0. 0. 0. 7.62338564e-003 0. 0.
    3.06824525e-003 0. 0. 0. 9.50851187e-004 0. 2.64464272e-003
    1.23630976e-003 5.95661579e-004 2.08065519e-003 0. 1.17968246e-002
    4.10875306e-003 0. 2.12427811e-003 0. 5.08583616e-003
    5.07096015e-003</data></imageDescriptor>
</opencv_storage>
