<?xml version="1.0"?>
<opencv_storage>
<imageDescriptor type_id="opencv-matrix">
  <rows>1</rows>
  <cols>500</cols>
  <dt>f</dt>
  <data>
    3.09348153e-003 -3.02535319e-003 0. 1.03302370e-003 0.
    1.66461198e-003 -4.55199886e-004 0. 2.66681076e-003 0.
    5.04621724e-003 -3.86195781e-004 0. 4.24556434e-003 0.
    -1.32999546e-003 0. 1.45495711e-002 0. 0. 1.64129562e-003
    1.10999227e-003 1.14830607e-003 7.90663343e-003 1.64167676e-003
    1.27988728e-003 1.48893765e-003 0. 4.02867142e-003 5.54556632e-003
    3.91782355e-003 -6.64940453e-004 0. 3.45543434e-004 9.08796210e-004
    3.00540647e-004 -4.15690331e-004 2.72159697e-003 0. 0.
    1.34189995e-002 0. 0. 4.80461447e-003 6.09471137e-003
    3.41852172e-003 0. 3.71017435e-004 0. -1.28530676e-003 0.
    1.59721647e-003 0. 1.77031022e-003 5.46080805e-003 0. 0.
    3.65438336e-003 0. 0. 0. 1.19651398e-002 0. 6.47191482e-004
    1.11220148e-003 7.38999993e-003 1.25423241e-002 2.22641742e-003
    2.69774208e-003 0. 1.21243321e-003 4.66711447e-003 2.86338152e-003
    1.69748988e-003 6.52618520e-003 5.72454045e-003 0. 0.
    2.53374409e-003 2.64432793e-003 -4.14902112e-003 2.82949535e-003
    -5.56062478e-005 6.85624359e-003 1.16725115e-003 0. 0.
    1.17939909e-003 -7.70276296e-004 0. 3.62839038e-003 8.00764840e-003
    0. 0. 2.72089033e-003 -1.81274442e-003 2.63189781e-004
    7.23345811e-003 6.77766337e-004 0. 2.40980810e-003 1.58254162e-003
    5.43486699e-003 2.61206855e-003 0. -2.08562380e-003 2.14714021e-003
    0. 4.31768689e-003 1.14358915e-003 7.93471700e-004 1.72367040e-003
    5.22818009e-004 0. 1.33827021e-002 0. 0. 0. 0. 1.35592674e-003
    -2.63501599e-004 0. 1.31497742e-003 0. 1.67952792e-004 0. 0. 0.
    2.48869881e-003 1.00511170e-004 3.33099416e-003 5.01155015e-003 0.
    0. 3.95405717e-004 3.42383352e-003 0. 0. 6.59572659e-004
    -8.96045996e-004 0. 4.42107953e-003 2.76586669e-003 4.54036146e-003
    4.28533676e-004 0. 0. 1.46931235e-003 0. 3.32396198e-003
    -9.27540753e-003 0. 1.60330662e-003 7.29960273e-004 -1.42224337e-004
    0. -1.00333324e-004 2.22121878e-003 1.91458268e-004 6.74025156e-003
    5.08808438e-003 7.92469177e-003 2.19359924e-003 0. 4.33348352e-003
    0. 0. 1.13626150e-003 7.37204391e-004 -2.27599381e-003
    -2.09442480e-003 0. 0. -8.79722007e-004 0. 0. 0. 0. 4.53642569e-003
    0. 0. 0. 6.19079638e-003 0. 0. 0. 1.42626086e-004 0. 0.
    5.61031699e-003 0. 4.32837754e-003 5.50252025e-006 9.26017703e-004
    -1.24391663e-004 0. 1.74703053e-003 0. 0. 0. -1.42966083e-003 0. 0.
    0. 0. 6.47954736e-003 0. 2.24752096e-003 0. 1.07679954e-002
    4.81795659e-003 8.10452737e-003 9.47117456e-004 0. 7.62865040e-003
    8.73750250e-004 0. 2.36079888e-003 5.49807353e-003 0. 0.
    2.88854586e-003 0. 0. 1.54658491e-002 2.22373172e-003 0.
    9.74477362e-003 3.22347693e-003 0. -4.51181462e-004 4.10862593e-003
    7.26263784e-003 2.08020750e-002 0. 8.55020992e-003 4.01769485e-003
    0. 7.88689218e-003 -1.13780040e-003 1.64993703e-002 -5.39238425e-003
    6.00691652e-004 -2.73937709e-003 0. 1.73573215e-002 1.57959561e-003
    1.65226578e-003 0. 1.26415035e-002 0. -3.30633833e-003
    3.62495566e-003 0. 8.72681558e-004 3.05797462e-003 1.04517629e-002
    3.88747733e-003 8.39369744e-003 0. 0. 8.19404027e-004
    1.12360017e-003 7.59614445e-003 0. 0. 0. 2.28100762e-005
    4.06589825e-005 2.01319996e-003 2.54176464e-003 9.86591075e-003
    7.46263366e-004 8.73509794e-003 0. 2.35559372e-003 0.
    1.78697985e-003 -8.92047501e-006 0. 0. 1.06363313e-003
    4.10186080e-003 4.56598168e-003 0. 2.74021574e-003 1.40190846e-003
    5.47665916e-003 4.37334320e-003 0. 0. 6.00923831e-003
    2.63908901e-003 2.29853881e-003 5.44853276e-004 2.59577110e-003
    4.70236503e-003 0. 2.63441325e-004 0. 1.22824754e-003 0.
    1.36814325e-003 4.91238618e-003 0. 2.03858269e-003 1.50712347e-002
    -1.55362568e-003 0. 6.99082902e-003 1.63698965e-003 6.69800385e-004
    2.44061323e-003 -5.18865891e-005 0. 4.42881661e-004 0. 0.
    1.12599961e-003 4.41244058e-003 0. 0. 2.13980745e-003
    2.21145246e-003 0. 1.34566124e-003 0. 0. 2.60853232e-003
    1.55042659e-003 1.27751706e-002 0. 6.57151733e-003 2.10033660e-003
    4.43460280e-003 0. 4.31167777e-004 4.25524497e-003 1.93192405e-004
    3.20881698e-003 0. 0. 5.33558545e-004 7.12284259e-003 0.
    1.19240733e-003 0. -2.48466997e-004 0. 5.33460360e-003 0. 0. 0.
    3.53518464e-002 8.61590263e-003 0. 7.15213921e-003 0. 0. 0.
    4.35941853e-004 9.50487563e-004 6.43020496e-004 0. 2.21284339e-003
    4.58217645e-003 4.89497930e-003 1.26248691e-002 0. -2.65069050e-003
    0. 7.58555299e-003 0. 6.46712398e-003 0. 0. 1.20646681e-003
    4.22682473e-003 3.76176462e-003 0. 8.13781866e-004 0. 0.
    -2.96324235e-003 0. 5.01276646e-003 -2.74536578e-004 0.
    2.73251440e-003 0. 3.05371266e-003 1.15539646e-003 0.
    1.83268245e-002 4.92752390e-003 0. -9.47157620e-004 3.63659905e-003
    -2.70262687e-003 -9.40835453e-004 0. 1.44437409e-003 5.30327612e-004
    1.61600788e-003 2.24491023e-003 5.17056882e-003 2.08186707e-003 0.
    0. 0. 0. 0. 1.27094355e-003 0. 0. 4.23650304e-003 1.97606115e-003
    -3.43695660e-006 0. -3.35079065e-004 6.71344949e-003 0.
    4.95992322e-003 0. 0. 0. 0. 0. -6.87406864e-005 0. 2.98914639e-003
    4.52266773e-003 1.07792057e-002 2.11136020e-003 1.32310868e-003
    7.44812144e-003 0. 0. 0. 8.93678237e-003 1.51696673e-003
    1.31125783e-003 2.94938870e-003 0. -1.89509848e-003 1.40339893e-003
    2.41121277e-003 0. -1.14857045e-003 -1.26291078e-003 0.
    1.15749286e-002 0. 4.16305009e-003 2.96130567e-003 0.
    2.06632633e-003 -1.24059175e-003 -4.10254695e-004 4.31995373e-003 0.
    3.21825035e-003 0. 0. 1.39121898e-003 0. 2.15762435e-003
    6.80604833e-004 2.47807289e-003 0. 1.96117954e-003 4.52183746e-003
    2.55265320e-003 7.20638502e-003 3.41946119e-003 1.32054009e-003
    1.18407479e-003 4.47759125e-003 1.58002280e-004 -2.16858461e-003
    1.86738605e-003 0. 0. 3.69151169e-003 0. 2.64568091e-003
    5.12781925e-003 4.84164059e-003 2.11338256e-003 4.67044767e-003
    3.82857106e-004 5.27109252e-003 0. 3.40876199e-004 2.17703474e-003
    1.75667368e-003 7.63579225e-003 3.67655954e-003 0. 6.65344531e-003</data></imageDescriptor>
</opencv_storage>
