<?xml version="1.0"?>
<opencv_storage>
<imageDescriptor type_id="opencv-matrix">
  <rows>1</rows>
  <cols>500</cols>
  <dt>f</dt>
  <data>
    9.98996431e-004 5.84671332e-004 0. 0. -3.21584463e-004
    7.39566563e-003 0. 0. 4.22579516e-003 3.97662818e-003
    3.21540167e-003 0. 3.46273324e-003 -1.80007017e-003 0.
    1.40719349e-003 6.45173108e-003 0. 5.18293539e-003 0. 0. 0. 0.
    1.49261876e-004 0. 3.64600657e-003 0. 0. 3.52274859e-004 0. 0. 0.
    1.32915098e-003 0. 3.11252289e-003 5.87813083e-005 8.64266884e-003
    0. 4.06144746e-003 -7.53067376e-004 0. 0. 1.14405565e-002 0.
    1.80740710e-004 8.19938071e-003 1.24287205e-002 0. 3.78548633e-003
    0. 0. 0. 0. 0. 1.60137303e-002 2.91634205e-004 0. 7.18866521e-003 0.
    1.16933009e-003 5.92139899e-004 3.72569938e-003 -1.24526222e-003
    1.45448418e-003 4.81985137e-003 3.23977508e-003 6.60130428e-003 0.
    0. 0. 1.74748583e-003 8.87694210e-003 1.57724984e-003 0. 0.
    3.72763444e-003 0. 0. 0. 2.33398029e-003 8.08739918e-004
    -4.32303874e-003 0. -3.00398213e-003 4.51954576e-004 8.01544171e-003
    0. 0. -1.93192856e-003 5.30224806e-003 8.24001711e-003 0.
    9.15362325e-004 2.64546694e-003 4.67163627e-004 5.29358583e-003 0.
    2.54286011e-003 1.74720350e-004 3.84864211e-003 6.97748223e-003 0.
    0. 1.66936945e-002 0. 0. 0. 0. 2.43513030e-003 1.21046614e-003 0. 0.
    8.89418647e-003 9.88910347e-003 0. 0. 2.49929144e-003 0. 0. 0. 0. 0.
    1.45427312e-003 0. 0. 0. 1.83357368e-003 2.27184640e-003
    -1.87152124e-003 0. 3.99205415e-003 0. -2.06890749e-003 0.
    4.47232695e-003 0. 0. -5.69491298e-004 1.02058472e-002 0. 0. 0.
    4.56682499e-003 0. 2.53733527e-003 0. 2.60976236e-003
    1.05606718e-002 0. 0. 1.03907175e-002 -6.31510559e-003
    5.71489159e-004 0. 0. 0. 2.04084767e-003 0. -7.39596609e-004
    1.95350894e-003 0. 0. 0. 0. 6.01811893e-003 1.39713276e-003 0. 0. 0.
    0. 6.84328144e-003 0. 0. 4.32594493e-003 -9.75396077e-004 0.
    2.18984997e-003 0. 0. 0. 0. 1.29947404e-003 9.99409007e-004
    1.84558909e-002 0. 7.49135902e-003 0. 1.10951588e-002
    3.99107719e-003 1.52340289e-002 4.96109296e-003 8.24850169e-004
    -1.80721621e-003 0. 0. -3.35915922e-003 1.59799890e-003
    3.33978818e-003 0. 0. 0. 0. -1.44967472e-003 2.08831672e-003
    4.37149266e-003 4.45277104e-003 -5.11911698e-003 0. 4.24822560e-003
    -9.36332508e-004 7.90765602e-003 0. 3.15232622e-003 0.
    2.70741107e-003 0. -4.20522084e-003 4.35904274e-003 0.
    -8.08805984e-004 0. 0. 0. 0. -2.19298154e-003 0. 1.43777588e-002
    1.87064172e-003 0. 1.20536713e-002 -5.72760706e-004 0. 0. 0.
    3.20917624e-003 0. 0. 0. 3.02068703e-003 0. -1.57387555e-003
    -2.73689232e-003 1.16564156e-002 0. 2.34839576e-003 0.
    1.08474744e-002 2.88747344e-003 0. 0. -9.49907291e-004 0.
    2.51737493e-003 0. 0. 0. 0. 1.57503900e-003 0. 0. 1.06724873e-002
    4.57792869e-003 7.85681605e-003 1.89629919e-003 -7.59615004e-003
    7.70178484e-003 -2.82794889e-003 0. 1.03202239e-002 2.46962509e-003
    7.37458642e-004 1.45166274e-003 0. 8.87041725e-003 0. 0. 0.
    2.48622010e-003 0. 1.75104139e-003 3.12721590e-003 1.61110528e-003
    2.07058620e-003 -1.58223638e-003 0. -2.21800199e-003 0. 0.
    1.11236544e-002 0. 0. 0. 3.56187113e-004 -4.95265180e-004
    9.59833851e-004 1.49368448e-003 0. 0. 1.48088047e-002
    1.98659934e-002 0. 8.68834648e-003 0. 0. 0. 8.29012413e-003
    2.95803742e-003 0. 5.94075676e-003 3.57344456e-004 0. 0. 0. 0. 0.
    2.33753957e-003 0. 1.23101193e-002 7.85676949e-003 0.
    4.85356804e-003 0. 0. 1.94659631e-003 0. 1.47913396e-003
    2.52420292e-003 3.12429410e-003 0. 3.83707811e-003 1.21813323e-002
    0. 5.62083209e-003 3.08574387e-003 -7.15650793e-004 5.62283117e-003
    0. 1.35686644e-003 0. 0. 0. 0. -2.86001567e-004 1.94178987e-003 0.
    6.64146803e-003 0. 0. 9.06992471e-004 1.07832649e-003
    6.79831160e-003 0. 3.76332388e-003 0. 3.12795071e-003
    3.93391307e-003 1.19733403e-003 1.61700007e-002 1.85849762e-003 0.
    0. 0. 3.30834440e-003 0. 1.26999896e-003 7.03073200e-003 0.
    1.63041591e-003 8.42948817e-003 0. 7.12746638e-004 2.81729712e-003
    3.45242419e-003 3.02053173e-003 0. 9.18051787e-003 0.
    6.87126862e-003 2.90664472e-003 0. -2.49924697e-003 0.
    5.84126031e-003 1.83560455e-003 0. 4.42417059e-003 5.44401072e-003
    0. 2.33762362e-003 0. 0. 0. 0. 0. 5.82820177e-003 0. 5.09907724e-003
    6.92193769e-003 1.04750379e-003 0. 6.64485013e-003 0. 0. 0.
    5.64180175e-003 1.61217817e-003 1.93538854e-003 8.64058174e-003 0.
    0. 0. 0. 4.38134698e-003 0. 0. 0. 4.95116971e-003 0. 0.
    8.93809740e-003 3.28064477e-003 0. 0. 7.67036853e-003
    -2.03899434e-003 0. 1.36448694e-002 0. 2.19243038e-002
    7.85534852e-004 3.87412892e-003 8.33679107e-004 6.87356712e-003
    2.88566481e-003 3.80023685e-003 0. 0. 1.95855275e-003
    -4.77056857e-003 2.02987297e-003 0. 0. 2.14240164e-003
    2.50873645e-003 3.86404339e-003 1.73767109e-003 5.70939062e-003 0.
    9.98595846e-004 0. 6.77885627e-003 0. 6.86557777e-003 0.
    9.16395709e-003 0. 1.16833986e-003 -1.26648508e-003 -8.74225423e-003
    -1.30527664e-003 5.27667534e-003 -1.29526749e-003 0. 2.24069646e-003
    2.60611437e-003 0. 1.22764229e-003 6.15806261e-004 1.10747237e-002
    3.44478968e-003 0. 0. 0. 0. 1.03975609e-002 0. 0. 1.43828482e-004
    2.26837321e-004 2.66226917e-003 0. 0. 4.03402746e-003 0. 0.
    6.40976150e-003 1.86611293e-003 0. 4.33740206e-003 1.07878691e-003
    0. 5.65099437e-003 0. 0. 9.30670241e-004 2.08969554e-003
    4.50278120e-003 1.58785621e-003 0. 2.20814515e-002</data></imageDescriptor>
</opencv_storage>
