<?xml version="1.0"?>
<opencv_storage>
<imageDescriptor type_id="opencv-matrix">
  <rows>1</rows>
  <cols>500</cols>
  <dt>f</dt>
  <data>
    0. 0. 0. 3.92544223e-003 9.41761956e-003 8.45661445e-004 0. 0.
    2.39431439e-003 3.69508774e-003 0. 0. 1.70972408e-003
    6.44508924e-004 0. 0. 0. 0. 0. 1.46164722e-003 1.38877091e-004
    1.21788681e-002 0. 0. 0. 0. 0. 0. 0. 0. 4.82716709e-002 0.
    8.84818938e-003 0. 0. 0. -3.46521172e-003 0. 8.72135535e-003 0. 0.
    0. 1.11465603e-002 0. 0. 0. 0. 0. 0. 0. 0. 2.70745344e-003
    1.27491923e-002 3.99494693e-002 0. 0. 0. 9.30139981e-003 0. 0. 0. 0.
    0. -1.05497204e-002 1.59687232e-002 3.77853005e-003 0. 0. 0.
    -1.54986396e-003 8.23204778e-003 0. 0. 0. 0. 0. 6.27237884e-003 0.
    0. 2.83269025e-003 0. 4.98149637e-003 0. 0. 3.12495814e-003 0.
    1.11703882e-002 0. 4.22936026e-003 0. 4.05955175e-003 0. 0. 0. 0. 0.
    0. 4.43652831e-003 0. 0. 0. 0. 0. 4.23151953e-003 4.14329115e-003 0.
    0. 0. 1.11716026e-002 0. 4.17391595e-004 3.91022628e-003 0.
    2.65697739e-003 0. 4.15484747e-003 2.15340499e-003 0.
    2.82719801e-003 0. 0. 0. 0. 0. 1.49837823e-003 0. 0.
    -5.16351211e-005 0. 0. 2.06996151e-003 0. 4.56367619e-003 0. 0.
    9.75659862e-003 0. 1.55077670e-002 0. 7.63592683e-003
    9.46621411e-003 0. 0. 3.74937896e-003 0. 9.87142697e-003 0. 0. 0.
    2.53501046e-003 0. 0. 0. 0. 0. 0. 2.10139398e-002 0. 0. 0. 0. 0. 0.
    0. 0. 9.11599677e-003 1.15198996e-002 1.85462437e-003
    7.32304389e-003 0. 0. 0. 0. 0. 1.67834815e-002 1.63137987e-002
    4.17350885e-003 0. 0. 0. 0. 0. 0. 0. 0. 1.91888362e-002 0.
    1.18290831e-003 0. 0. 0. 0. 3.65632307e-003 2.93412199e-003 0. 0. 0.
    0. 0. 0. 0. 1.49235753e-002 0. 8.13969597e-003 0. 0. 0. 0. 0. 0. 0.
    0. 0. 2.84152105e-003 1.76515698e-003 0. 0. 0. 0. 4.27041855e-003 0.
    0. 2.64199986e-003 3.84874246e-003 0. 0. 7.81047484e-003
    9.60707013e-003 0. 0. 0. 0. 6.25510188e-003 0. 9.59161320e-004 0.
    1.53073492e-002 3.22808232e-003 0. -1.42024399e-003 7.96268601e-003
    0. 0. 0. 5.50870551e-003 0. 0. 0. 0. 0. 0. 5.20335650e-003 0. 0. 0.
    0. 0. 0. 0. 0. 0. 0. 0. 2.00878382e-002 0. 3.84474336e-003 0. 0.
    1.01761119e-002 2.12730048e-003 2.57068477e-003 6.15943037e-003 0.
    0. 7.69161386e-003 0. 6.15614466e-003 -2.42251530e-003 0.
    1.73348977e-004 5.95674058e-003 -2.05156161e-003 4.29412862e-003 0.
    0. 4.63833241e-003 3.46686062e-003 2.68757762e-003 0.
    2.26071267e-003 4.83433250e-003 1.58998519e-002 0. 0. 0.
    2.03394499e-002 1.27062406e-002 0. 0. 4.34703333e-003 0. 0. 0.
    3.03372997e-003 7.62427365e-003 1.04883341e-002 0. -3.50813637e-003
    -8.92607437e-004 3.47971916e-004 0. 3.84777132e-003 0. 0.
    4.08429606e-003 0. 0. 1.05991848e-002 1.59514230e-002 0. 0.
    5.39076701e-003 3.10306787e-003 0. 0. 0. 7.54268665e-004
    9.73086897e-003 0. 0. 0. 0. 0. 7.29683135e-003 3.97546962e-003 0. 0.
    0. 0. 0. 2.11685826e-003 0. 0. 0. 0. 0. 0. 8.35549273e-003 0. 0. 0.
    -1.27139525e-003 5.50239300e-003 0. 0. -3.88405565e-003
    3.04924208e-003 0. 5.16715087e-003 0. 5.66337083e-004 0.
    9.79834516e-003 0. 0. 0. 0. 7.32476637e-003 0. 9.06058960e-003
    9.72172059e-003 -2.13309168e-003 0. 0. 1.70086231e-002 0. 0. 0. 0.
    0. 4.16659610e-003 5.44131920e-003 0. -2.38503003e-003
    6.56788051e-003 0. 2.61062942e-003 6.20563515e-004 -8.67754500e-003
    0. 0. 0. 0. 1.31007535e-002 0. 1.69689581e-002 0. 1.33550251e-002
    2.02032761e-003 0. 7.57645583e-003 0. 0. 0. 0. 0. 0. 2.23177415e-003
    0. 0. 0. 0. 0. -1.04659330e-002 0. 0. 0. 0. 0. 0. 0. 0. 0. 0.
    2.90868455e-003 0. 3.05523095e-003 0. 6.65962230e-003
    2.96956830e-004 0. 0. 1.43545205e-002 0. 0. -1.88648503e-003 0. 0.
    0. 0. 0. 0. 1.02314353e-003 0. 0. 0. 0. 0. 4.51910513e-004 0. 0. 0.
    0. 0. 0. 5.08959824e-003 9.11279116e-003 0. 5.83258830e-003 0.
    6.43836940e-003 -1.07650214e-003 8.37595202e-003 0. 7.85563421e-003
    0. 0. -1.14536693e-003 1.05865570e-002 0. 9.75164119e-003 0.
    -2.09053993e-004 1.61022285e-003 1.47138396e-003 4.58790362e-003 0.
    0. -3.50074930e-004 0. 0. 2.60754977e-003 0. 0. 0. 0.
    4.31421446e-003 0. 0. 0. 0. 0. 2.57571554e-003 0. 0. 2.49426928e-003
    1.27921933e-002 0. 0. -8.67726933e-003</data></imageDescriptor>
</opencv_storage>
