<?xml version="1.0"?>
<opencv_storage>
<imageDescriptor type_id="opencv-matrix">
  <rows>1</rows>
  <cols>500</cols>
  <dt>f</dt>
  <data>
    0. 7.82800838e-003 0. 2.48375000e-003 5.50728990e-003
    1.40608037e-002 0. 0. 4.90504457e-003 0. 0. 6.75229030e-003 0.
    1.26054825e-003 7.83617288e-005 8.15925468e-003 0. 0.
    1.82354532e-003 0. 4.89894999e-003 0. -6.45733380e-004 0.
    2.15733453e-004 0. 1.28200313e-003 8.70083272e-003 0. 0.
    3.11712641e-003 0. 7.53788883e-003 0. 1.02972635e-003
    2.88458145e-003 1.74862593e-002 0. 0. 2.03912985e-003 0. 0. 0.
    5.83822257e-004 0. 0. 1.36387185e-003 0. 0. 0. 0. 0. 1.13208331e-002
    1.25272153e-002 0. 0. 3.83158727e-003 0. 0. 7.60508981e-003 0. 0. 0.
    4.75229416e-003 3.65613014e-005 1.19960522e-002 0. 7.29560247e-003
    2.22223345e-003 1.02486527e-002 -2.73493608e-003 1.04141310e-002 0.
    0. -1.73729437e-003 0. 0. 0. 0. 2.25679833e-003 0. 0. 0.
    7.33183417e-003 1.49493001e-003 2.17803894e-003 2.71005370e-003
    1.51787989e-003 0. 0. 0. 4.05351166e-003 8.91414657e-003
    3.71297146e-003 5.49361063e-003 2.27251183e-003 0. 0.
    2.03955942e-003 0. 7.03940215e-003 5.88346459e-003 6.93316106e-003
    3.38045484e-003 0. 1.58670486e-003 7.10547576e-003 0. 0.
    1.31401466e-003 0. 0. 1.20621256e-003 0. 2.38889875e-003
    6.71243854e-003 2.26493645e-003 0. 0. 3.70787829e-003 0.
    2.92640668e-003 -2.39724922e-003 5.61394088e-004 0. 0. 0.
    -2.44300161e-003 3.59810256e-005 2.57294737e-002 3.01628024e-003 0.
    7.13442266e-003 0. 0. 0. 0. 0. 0. 3.65697243e-003 0. 0. 0.
    1.76789565e-003 1.51879212e-003 6.60349755e-003 0. 1.80846103e-003
    0. 0. 8.28842260e-003 0. 9.06553760e-004 0. 1.53232757e-002
    -1.86815101e-004 0. 0. 2.52496474e-003 2.61503155e-003 0.
    4.12690965e-003 0. 4.65857983e-003 2.63493485e-003 3.70804570e-003
    1.69370545e-003 8.16025247e-004 0. 3.10496753e-003 0. 0. 0.
    -1.96347479e-003 0. 4.79810312e-003 0. 0. 0. 2.61333585e-003
    -2.99848593e-003 0. -1.36438012e-003 6.07384089e-003 0. 0.
    -3.54905613e-004 0. 0. 0. 0. 0. 2.52797361e-002 5.69826318e-003
    2.71359016e-003 8.01857747e-003 9.69953462e-003 -5.66012401e-004
    3.88506264e-003 2.41698418e-003 3.78658273e-003 0. 0.
    5.63549157e-003 0. 0. 8.34697764e-003 0. 2.04728916e-003
    -9.46388463e-005 0. 0. -1.64204132e-004 0. 1.11008780e-002 0.
    7.94451684e-003 2.84167565e-003 0. 4.35559964e-003 2.72661820e-003
    0. 0. 0. 0. 2.63985968e-003 2.17692629e-002 9.38406098e-004 0.
    1.04632955e-002 8.00388050e-004 0. 0. 0. 0. 5.03166928e-004 0. 0. 0.
    0. 0. 3.93377244e-003 0. 0. 8.18522647e-003 0. 0. 0. 9.99536086e-003
    -2.02512764e-003 0. 0. -1.48705684e-003 0. 6.27034856e-003
    2.08514300e-003 6.27201796e-003 3.51530936e-004 0. 0.
    7.84204967e-005 0. 2.84724007e-003 1.68103795e-003 1.35015761e-002
    0. 5.88051230e-003 0. 0. 3.73829179e-003 7.30900851e-004 0.
    3.81115475e-003 0. 1.96758867e-003 0. 0. 0. 1.25390384e-003
    1.68400607e-003 0. 0. 0. 3.65317962e-003 -1.21789169e-003 0.
    4.90440568e-003 8.94834194e-003 1.94279815e-003 3.64037987e-004
    -9.09732888e-004 2.57487354e-005 1.30897025e-002 0. 0.
    3.14384396e-003 3.51799140e-003 0. 2.30047805e-003 0. 0.
    1.01782754e-003 1.29607943e-004 8.04392435e-003 0. -1.10522599e-003
    2.24828580e-003 2.68595922e-003 6.06739661e-004 0. 3.24807293e-003
    5.19142812e-003 0. 0. 0. 0. 0. 3.04565718e-003 0. 2.58458965e-003
    2.54991627e-003 0. 0. -1.91321087e-004 2.77775223e-003 0. 0.
    6.20236155e-004 0. 1.54765102e-003 0. 0. 0. 0. 5.69843920e-003 0.
    1.56644487e-003 1.29787531e-002 6.54054480e-003 0. 0. 0. 0. 0. 0. 0.
    8.07914883e-003 0. 3.17663909e-003 2.06087902e-003 -1.48403517e-003
    1.56010618e-003 3.86493606e-003 0. -1.86501734e-003 5.57837950e-004
    8.51410790e-004 0. 8.62907805e-003 5.51162940e-003 5.52346511e-003
    0. 0. 6.33429457e-003 0. 2.17177439e-003 7.69895967e-004 0. 0.
    1.06410002e-002 1.84982817e-003 3.53078335e-003 0. 0.
    2.36637518e-003 3.95500986e-003 3.36679374e-003 0. 4.54036100e-003
    0. 3.10101104e-003 0. 0. 8.81203683e-004 0. 0. 0. 0. 4.04796563e-003
    -4.35001275e-005 1.05513809e-002 0. 2.43534450e-003 3.54349962e-003
    0. 3.89223848e-003 0. 0. 0. 0. 0. 4.54128953e-003 1.20408753e-004 0.
    0. 0. 0. 1.88817980e-003 2.59835622e-003 4.80234297e-003 0. 0. 0. 0.
    0. 0. 0. 1.38424942e-002 0. 0. 9.77850147e-003 0. 0. 0.
    -1.96148106e-003 0. 1.03973867e-002 0. 1.38078141e-003 0. 0.
    3.98591021e-003 2.30718637e-003 2.71365535e-003 1.11767547e-002
    5.03515918e-003 0. 0. 4.03132336e-003 1.51031511e-003 0. 0.
    5.15206018e-003 0. 0. 4.56750393e-003 0. 0. 0. 0. 2.98881275e-003
    7.71568110e-003 0. 1.82251260e-003 1.32951979e-003 0.
    2.35165050e-003 0. 1.83307962e-003 0. 1.22599071e-002 0.
    7.69161573e-003 0. 4.99629974e-003 0. 6.87722466e-004
    -5.76528115e-003 4.34981287e-003 0. 9.27135069e-003 1.33610680e-003
    0. 5.41333715e-003 0. 0. 0. -1.64905097e-003 5.09586511e-003 0. 0.
    0. 4.12421953e-003 -1.09602508e-004 0. 5.94898406e-003 0.
    6.37533492e-004 3.85190849e-003 0. 0. 6.35606237e-003
    3.00310296e-003 0. 1.87871922e-002 0. 1.95871782e-003 0.
    4.78460174e-003 0.</data></imageDescriptor>
</opencv_storage>
