<?xml version="1.0"?>
<opencv_storage>
<imageDescriptor type_id="opencv-matrix">
  <rows>1</rows>
  <cols>500</cols>
  <dt>f</dt>
  <data>
    0. -9.70796216e-003 0. 4.71863616e-003 0. 0. 0. 0. 7.87316449e-003
    0. 0. 0. 0. 0. 0. 0. 0. 0. 0. -5.30588906e-004 7.39442301e-004
    1.23367338e-002 0. 0. 0. 0. 1.45957980e-003 3.76066775e-003 0.
    7.06730178e-003 0. 0. -7.17246393e-003 0. 6.63747033e-003 0.
    -2.12531490e-003 1.65201854e-002 0. 0. 6.14956347e-003 0.
    -3.38088302e-003 0. 0. 2.78864172e-003 7.18152244e-003
    4.53935796e-003 -1.17835094e-004 0. 0. 0. 4.38756822e-003 0.
    3.23967752e-003 8.22275225e-003 0. 0. 0. 9.44721454e-004 0. 0.
    6.19300362e-003 9.83740855e-003 0. 2.69340794e-003 0. 0. 0. 0.
    3.23706889e-003 0. 0. 0. -3.16950004e-003 0. 0. 0. 0. 0.
    5.81928156e-003 8.58443044e-003 -1.08948094e-003 8.58553592e-003
    5.93081210e-003 0. 1.27386181e-002 -6.67329365e-003 1.23597616e-002
    0. 2.88456678e-004 0. 0. 0. -1.81082275e-003 0. 0. 2.84780515e-003
    0. 2.34361715e-003 4.32745228e-003 0. 7.60173984e-003
    -1.20315480e-003 0. 0. 0. 2.55556405e-003 2.64981552e-003 0.
    1.04352860e-002 0. 2.50270553e-002 -6.81714911e-004 0.
    5.84565103e-003 3.76367662e-003 0. 0. 0. 0. 0. 0. 6.99793966e-003
    8.44390970e-003 0. 4.55885427e-003 0. 0. 0. 3.02213593e-003
    8.61309562e-003 7.09530525e-003 0. 0. 8.77975486e-003 0. 0.
    1.47182355e-002 7.93121941e-003 0. 0. 0. 0. 0. 1.79886038e-003 0. 0.
    0. 0. 4.48086811e-003 -2.49692402e-003 -9.30511378e-005 0. 0. 0.
    -2.84201442e-003 0. 2.68770196e-003 0. 0. 0. 3.08032031e-003 0.
    2.31798878e-003 0. 0. 0. 1.39841447e-002 0. 8.00337456e-003
    7.28551392e-003 0. -3.15855304e-003 0. 0. 0. 0. 0. 0. 0.
    1.34618068e-002 1.16799707e-002 4.61994251e-003 0. 0.
    1.41259823e-002 3.94107634e-003 0. 6.27187500e-003 0. 0.
    1.48383314e-002 1.03862984e-002 1.31756905e-002 0. 0. 0.
    8.87501892e-003 0. 0. 0. 5.41062281e-003 0. 5.90292364e-003
    1.15313418e-002 0. 0. 4.37521329e-003 -3.94773018e-003 0.
    9.77426767e-003 6.68080244e-003 2.84231175e-003 0. 0.
    7.50142056e-003 0. 2.82955891e-003 4.45074728e-003 0.
    -8.94206204e-003 7.39477295e-003 0. 1.51809379e-002 0. 0. 0. 0.
    -2.31519138e-004 8.97059450e-004 -7.50568695e-004 -4.46946174e-003
    0. 0. 2.21257173e-002 0. -2.57406197e-003 0. 0. 0. 0. 0.
    2.92974450e-002 0. 0. 1.22966366e-002 0. 0. -3.88669921e-003 0. 0.
    4.65069432e-003 0. 0. 0. 0. 1.85900237e-002 0. 0. 0. 0. 0.
    5.77076245e-003 1.51597022e-003 7.22293602e-003 0. 0. 0.
    2.02656630e-002 0. 4.36534593e-003 -2.20504196e-004 0. 0. 0.
    1.54545764e-002 2.71353982e-002 0. 0. 0. 4.06220462e-003
    -3.65452631e-003 0. 0. 0. 0. 2.12423503e-003 2.01664530e-004 0. 0.
    -3.20418068e-004 1.13708209e-002 0. 0. 0. 0. 1.01190843e-002
    -2.50920816e-003 1.17489381e-003 1.32503668e-002 0. 0.
    1.28465760e-002 0. 0. 0. 0. 0. 0. -5.40019991e-003 0. 0.
    1.61191274e-003 0. 7.97486678e-003 0. 0. 1.17853424e-002 0. 0. 0. 0.
    6.60742214e-003 0. 2.00202316e-003 0. 0. 0. 5.37172426e-003 0. 0. 0.
    0. -4.28150129e-003 0. -2.91344221e-003 6.65990449e-003 0. 0.
    6.10594929e-004 0. 1.13720344e-002 2.01165508e-002 0. 0. 0.
    3.63168446e-003 0. 0. -3.10985791e-003 0. 0. 0. 0. -8.94783530e-004
    1.16183897e-002 0. 0. -2.85209180e-003 0. 0. 0. 0. 0. 0. 0.
    3.40993935e-003 3.93417291e-003 1.60480551e-002 1.82657037e-002
    -2.89716991e-003 1.97300361e-003 2.06295867e-003 0. 0. 0. 0. 0. 0.
    0. 0. 0. 6.29950641e-003 0. 0. 0. 0. 0. 0. 0. 0. 0. -5.57276793e-003
    0. 0. 0. 2.23517930e-003 0. 0. 0. 1.79785844e-002 0. 1.50507772e-002
    0. 0. 0. 1.41981244e-003 0. 2.64761318e-003 1.16873356e-002 0. 0.
    2.93272901e-002 0. 0. 0. 0. 0. 0. 0. 0. 0. 0. 0. 0. 6.09975308e-003
    0. 3.39446776e-002 -1.46689898e-004 1.68761443e-002 0. 0. 0. 0.
    2.18784194e-002 0. 0. 0. 1.18212588e-003 0. 0. 0. 0. 0.
    -4.14277520e-003 0. 0. 0. 0. 0. 0. 0. 0. 1.26175275e-002
    -1.86974218e-003 0. 0. 0. 0. 2.07840395e-003 0. 0. -2.02158024e-003
    0. 6.63254736e-003 3.75453336e-003 -5.43762324e-003 0. 0. 0.
    6.86586509e-003 0. 0. 0. 0. -2.63299467e-003 4.83535603e-003 0.
    1.85541052e-004 0. 1.56159644e-004 0. 0. 0. 0. 1.03519661e-002 0. 0.
    0. 0. 0. 6.23263419e-003 0. 0. 0. -2.22038687e-003 0. 0.
    2.73926416e-003</data></imageDescriptor>
</opencv_storage>
