<?xml version="1.0"?>
<opencv_storage>
<imageDescriptor type_id="opencv-matrix">
  <rows>1</rows>
  <cols>500</cols>
  <dt>f</dt>
  <data>
    5.20208757e-003 4.47274698e-003 1.97352525e-002 2.53506051e-003 0.
    0. 0. 0. 1.98681094e-003 0. 0. 0. 0. 1.35745306e-003 7.14394497e-003
    0. 3.68830166e-003 1.75032264e-003 0. 0. 0. 0. 0. -9.85811232e-004
    0. 1.05078593e-002 1.15195811e-002 0. 8.50507058e-003
    7.97805004e-003 0. 0. 0. 1.12436265e-002 3.99177545e-004
    5.26832836e-003 5.03908552e-004 0. 0. -1.17424037e-003 0. 0.
    7.97634386e-003 3.57874227e-003 -9.74867726e-004 0. 4.18370153e-004
    1.85719356e-002 7.95843080e-003 5.46344882e-003 2.33345386e-003
    3.41347489e-003 5.09600970e-004 0. 0. 0. 3.96014750e-003
    2.27435419e-004 0. 7.28259468e-003 9.81696299e-004 6.79706864e-004
    1.01474172e-003 2.43588188e-003 3.45639326e-003 3.48026189e-003 0.
    0. 0. 0. 9.62335337e-003 1.40039611e-003 0. 2.85066606e-004
    8.58766783e-004 0. 1.63251953e-003 0. 0. 0. -1.43967231e-003
    3.23437080e-002 0. 0. 6.50922814e-003 6.81388017e-004
    1.07569341e-002 0. 3.39825219e-003 0. 2.26803799e-003 0. 0.
    2.71849660e-003 0. -3.47306282e-004 0. 0. 0. 9.25294589e-003
    2.31880113e-003 0. 5.27780317e-003 6.02198858e-003 0.
    1.10102352e-002 5.81401866e-003 0. 0. 2.15350231e-003
    3.61879310e-003 0. 0. 5.78643940e-003 0. 0. 0. 0. 9.22182295e-003
    3.39916092e-003 0. 4.86731064e-003 3.78962513e-003 1.65335182e-002
    0. 0. 8.56477302e-003 6.12052949e-003 0. 9.05764173e-004 0.
    -2.74667260e-003 0. 0. 0. 3.39419721e-003 0. 0. -7.44615821e-003
    2.37638247e-004 0. 0. 6.31039089e-004 -6.63841201e-004 0. 0. 0.
    5.08144824e-003 0. 0. -4.68136556e-003 0. 0. 1.07744976e-003
    2.15990935e-003 3.27656628e-003 0. 8.35432019e-003 1.28342886e-003
    4.07456513e-003 0. 2.42232345e-003 9.24752560e-003 7.45986728e-003
    5.68353385e-003 4.91973595e-004 0. 7.72802904e-003 0. 0. 0. 0. 0.
    -1.84745889e-003 5.99136297e-003 0. 1.51463309e-002 0.
    2.48711731e-004 0. -8.76469596e-004 3.63122975e-003 2.62012263e-003
    0. 0. -2.77287210e-003 3.61251987e-005 0. 8.93032271e-003 0.
    1.66178483e-003 -9.84846847e-004 0. 0. 0. 4.38608788e-003 0. 0.
    2.70393887e-003 0. 2.87421443e-003 4.94695548e-003 0. 0. 0.
    8.61831941e-003 -2.16713102e-004 -4.77593718e-003 0. 0. 0. 0.
    7.25718914e-003 1.51807198e-003 0. 9.33360867e-003 0.
    8.37503094e-003 4.68053063e-003 1.63384131e-003 0. 0. 0.
    -5.23788109e-003 7.45789381e-003 2.58672540e-003 0. 7.83641916e-003
    9.43292165e-004 0. 1.57854706e-002 1.81776285e-003 -6.97109906e-004
    2.08789613e-002 0. 7.42743071e-003 3.79871158e-003 5.14031714e-003
    0. 4.52043535e-003 -7.52424239e-004 4.14519943e-003 0.
    3.39904428e-003 1.28029156e-002 3.50716268e-003 8.04408547e-003 0.
    0. 0. 2.16775201e-003 0. 0. 0. 0. 7.06530735e-003 0. 3.39596369e-003
    4.94425744e-003 0. 0. 0. 0. 4.04732721e-003 0. 0. 0.
    -2.15206499e-004 0. 3.05281719e-003 0. 0. 0. 4.42952570e-003 0. 0.
    1.91664242e-003 0. 0. 4.78287926e-003 0. 0. -9.21040028e-003 0.
    3.32179666e-003 3.02504771e-003 0. 0. 8.15561507e-003 0. 0.
    4.37130313e-003 3.61801521e-003 3.86278727e-003 6.38038525e-003 0.
    2.69474927e-003 5.50341676e-004 6.10174099e-003 0. 0.
    1.25040188e-002 3.09387175e-003 0. 6.10186486e-003 0.
    3.97801865e-003 7.59244245e-003 2.29276950e-003 0. 0.
    7.88549148e-003 0. 0. 0. 7.52377277e-003 0. 2.49511702e-003 0. 0.
    4.70521534e-003 0. 1.21134128e-002 0. 0. 3.45518370e-003
    5.87043935e-004 0. 0. 0. 5.00555942e-003 0. 3.03967099e-004 0. 0. 0.
    9.86193540e-004 2.86856387e-003 3.47552006e-004 0. 2.23929016e-003
    -4.59851348e-004 4.22197813e-003 1.78055151e-003 0. 0. 0. 0.
    6.15367841e-004 0. 0. 1.62218902e-002 0. 0. 1.11609492e-002
    3.48214014e-003 0. 0. 2.29018391e-003 0. 2.04395549e-003
    7.08653033e-003 0. 0. 0. 0. 8.90431402e-004 0. 0. 4.07877704e-003 0.
    2.22383928e-003 0. 0. -5.34861931e-004 8.00697785e-003
    3.76979145e-003 2.79131415e-003 0. 4.42410912e-003 0.
    3.70318914e-004 5.02358563e-003 1.59354287e-003 8.33091559e-004 0.
    0. 0. 0. 7.35900598e-004 0. 3.40125803e-003 0. 0. 0. 4.54712100e-003
    0. 1.03017688e-003 0. 4.09906683e-003 9.50144697e-003
    2.40059793e-002 8.00905563e-003 1.58019306e-003 0. 0.
    8.49218294e-003 1.98343699e-003 0. 3.00147478e-003 0. 0. 0. 0.
    3.23788030e-003 0. 2.15851865e-003 0. 0. 3.36494157e-003
    1.19383587e-003 5.43372426e-003 0. 2.47164350e-003 -2.22599483e-003
    0. -1.33944256e-003 0. 0. 5.58153726e-003 0. 0. 0. 0.
    2.29644575e-004 0. 6.06827019e-003 1.21427942e-002 7.54156243e-003
    0. 1.63531641e-003 0. 0. 0. 0. 1.92859001e-003 0. 0. 3.75624769e-003
    0. 0. 0. 3.42344423e-003 0. 1.18253822e-003 3.86627042e-003 0. 0. 0.
    6.82676909e-004 0. 6.60233572e-003 3.83445993e-003 0. 0.
    8.26262217e-003 1.94768037e-003 0. 0. 1.20082835e-003
    2.99171638e-003 1.32053448e-002 0. 0. 0. 0. 0. -4.53195954e-003 0.
    4.11501108e-003 0. 0. 3.41533404e-003 0. 5.50305564e-003 0. 0.
    -5.30022255e-004 0. 0. 1.19057461e-003 0. 0. 0. 0. 1.04548899e-003
    5.31696132e-005 0. -8.20718647e-004 0.</data></imageDescriptor>
</opencv_storage>
