<?xml version="1.0"?>
<opencv_storage>
<imageDescriptor type_id="opencv-matrix">
  <rows>1</rows>
  <cols>500</cols>
  <dt>f</dt>
  <data>
    0. -1.87340338e-005 0. 2.47021765e-003 0. 1.19746393e-002
    6.46508113e-003 0. 0. 0. 0. 0. 0. -1.45974118e-004 0. 0. 0.
    6.25028322e-003 0. 0. 4.87475190e-003 0. 0. -2.77593639e-003 0. 0.
    0. 0. 0. 0. 0. 2.56927288e-003 0. 0. 0. 0. 0. 8.08741618e-003 0. 0.
    -7.83225580e-004 0. 0. 0. 6.80824090e-003 7.64044235e-003 0. 0. 0.
    3.21417488e-003 5.84051944e-003 0. 1.65350875e-003 0. 0.
    1.03671383e-002 4.57873289e-003 0. 0. 0. 1.78941037e-003
    -9.91338282e-004 0. 0. 0. 0. 0. 0. 0. -6.29602047e-003 0. 0.
    1.97029114e-003 0. -2.18060930e-004 -3.16193723e-003 6.73109549e-004
    0. 0. 0. -6.80439582e-004 2.08937190e-002 0. 0. 0. 0. 0.
    2.43533850e-002 0. 0. 0. 0. 6.09889533e-003 0. 0. 6.66569546e-003 0.
    0. 1.42195087e-003 0. 1.09158093e-002 2.16071657e-003
    6.65475614e-003 1.63184028e-004 0. 3.65302549e-004 1.25460443e-003
    0. 0. 6.09017117e-003 0. 4.36470006e-003 0. 3.05047026e-003 0. 0. 0.
    0. 0. 5.00559481e-003 0. 0. 2.17063110e-002 3.71183013e-003
    4.18863725e-003 0. -5.58505999e-004 7.04761222e-003 0.
    -4.57332470e-003 0. 0. 2.03133118e-003 1.11223217e-002 0. 0.
    3.37227411e-003 0. 1.09668877e-002 0. 0. 0. 0. -4.36013006e-003
    2.02418454e-002 6.01081783e-003 0. 3.06670228e-003 0. 0. 0.
    1.32366829e-002 1.93745329e-003 1.55973423e-003 0. 0.
    8.37193988e-003 0. -3.51094198e-003 1.00981286e-002 0. 0.
    1.05275831e-003 2.01724991e-002 0. 0. 7.71887088e-003 0. 0. 0.
    9.65622079e-004 0. 0. 1.00351684e-002 0. -2.66620633e-003 0. 0.
    1.10146841e-002 0. 0. 0. 3.45205981e-003 0. 0. 0. 0. 0.
    1.79720938e-003 5.06384356e-004 0. -1.17861247e-003 3.95477843e-003
    0. 0. -5.36406820e-004 0. 0. 0. 1.83564809e-003 6.79012993e-003 0.
    -3.35040531e-004 6.08916860e-003 0. 5.15213050e-003 0. 0. 0.
    1.27325645e-002 7.01068388e-003 0. 0. 0. 0. 0. 3.09436233e-003 0.
    -2.39760359e-003 0. 0. 0. 0. 0. 0. 0. 0. 0. 2.67961603e-002
    -5.51319623e-004 0. 0. 0. 0. -1.49373361e-003 0. 0. 0.
    5.75230736e-003 2.50584609e-003 1.05515663e-002 1.40122278e-002
    -3.14830523e-003 0. 0. 0. 0. 0. 0. -3.36197298e-003 0. 0.
    2.66404677e-004 0. 0. 0. 0. 0. 2.09385101e-002 0. 1.25255082e-002
    -3.15542705e-003 2.52773357e-003 9.96027421e-003 3.01272608e-003
    6.42435974e-004 4.24930174e-003 0. 0. 0. 0. 0. 0. 0. 0.
    2.43654777e-003 7.64569268e-003 1.44650182e-002 0. 0. 0.
    -2.77830812e-004 0. 1.41712360e-003 1.83546748e-002 0. 0.
    9.66488011e-003 -1.02808245e-003 0. 0. 0. 3.48157063e-003 0.
    7.43287988e-003 0. 4.92082816e-003 0. 0. 2.89696851e-003 0. 0. 0.
    4.79604583e-003 0. 0. 5.43565210e-003 0. 0. 5.54369902e-003 0.
    -4.40256204e-003 0. 0. 0. -1.79404370e-003 5.28811757e-003 0. 0.
    3.98100447e-003 0. 0. 0. -6.23076921e-005 0. 0. 0. 0. 0. 0.
    6.62460225e-003 0. 1.47203857e-004 0. 0. 6.96422206e-003 0.
    3.49464128e-003 2.00340711e-002 -1.01087568e-003 0. 0. 0. 0.
    6.07629586e-003 1.23116905e-002 0. 0. 3.28932367e-002 0.
    6.33031642e-003 0. 0. 1.72856473e-003 0. 0. 0. 1.65051427e-002
    2.72784587e-002 0. 3.61683802e-003 0. 0. 0. 0. 0. 1.11058727e-002
    4.10265382e-003 0. -5.44521352e-003 0. 0. 0. 1.08299905e-003 0. 0.
    0. 2.49536301e-004 0. 0. 4.31155153e-002 0. 0. 0. -6.07301341e-003
    7.56847719e-003 0. 8.14708602e-003 5.21562994e-003 0. 0.
    5.01986314e-003 1.89098734e-002 7.43899168e-003 0. 0.
    8.01144447e-003 0. 0. 3.17899324e-003 0. 0. 6.43278938e-004
    -1.89128204e-003 0. 0. 1.97761023e-004 0. 0. 9.30153206e-003
    -1.08782668e-002 -4.02885024e-004 0. 0. 0. 0. 1.09000376e-003
    -3.98719963e-003 0. 0. 4.41489555e-003 4.02438128e-003 0. 0. 0.
    4.53945668e-003 1.81446522e-002 8.90008081e-003 -2.56636064e-003 0.
    3.99940461e-003 1.23687610e-002 1.53234578e-003 7.39320414e-003 0.
    0. 0. -1.06416910e-003 3.06377630e-003 0. 6.87912526e-003
    9.07048211e-003 0. 1.91013061e-003 0. 0. 1.05508845e-002 0.
    2.98494264e-003 0. 0. 2.54214481e-002 4.72447183e-003 0. 0. 0.
    5.45110274e-003 0. -3.54088820e-003 0. 0. 0. 0. 0. 0.
    -4.25394205e-003 2.82211578e-003 0. 0. 0. 0. 9.32552293e-003 0.
    3.01985559e-003 0. 0. 0. 0. 6.68524811e-003 -2.36648042e-003
    2.62731174e-003 0. 7.80007197e-003 5.53992903e-003 0. 0.
    9.59039107e-003 -5.86349459e-004 -2.59954412e-003 4.48620878e-003 0.
    0. 0. 0. 0. 1.68617920e-003 -9.68940789e-004 4.52517206e-003 0. 0.</data></imageDescriptor>
</opencv_storage>
