<?xml version="1.0"?>
<opencv_storage>
<imageDescriptor type_id="opencv-matrix">
  <rows>1</rows>
  <cols>500</cols>
  <dt>f</dt>
  <data>
    -2.96449848e-003 1.04611961e-003 3.58920288e-003 0. -3.86440865e-004
    0. 0. 0. -1.68496661e-003 4.95937373e-003 6.05180627e-003
    -1.57849072e-003 0. 0. 0. 7.35069392e-004 0. -2.25031748e-003 0.
    -9.18173115e-004 1.01244682e-002 -5.89777890e-004 3.93012087e-005 0.
    0. 7.86995795e-003 -7.94290754e-005 4.06028284e-003 3.06899147e-003
    -8.52278550e-004 -1.97912916e-003 4.22683451e-003 0.
    -7.13973495e-005 -1.24047673e-003 0. -3.89237329e-003
    2.83194263e-003 0. -1.76366454e-003 0. 2.58367018e-005
    7.05317082e-003 0. 2.91748345e-003 4.90790792e-003 0. 0. 0. 0. 0.
    2.55102781e-003 0. 7.91106897e-004 0. 0. 2.51985714e-003 0.
    -2.99052714e-004 -8.67292692e-004 0. 0. 0. -3.22262553e-004 0. 0. 0.
    0. 0. -3.60350125e-003 7.61964067e-004 6.08896697e-003
    2.78204028e-003 0. 1.92156213e-003 0. 4.89201676e-003 0. 0. 0.
    4.46348637e-003 1.07817743e-002 0. 5.54965250e-003 1.13834850e-002
    0. 0. 0. 0. 0. 1.38399017e-003 0. 6.87899627e-003 9.03868990e-004
    8.46546900e-004 0. 0. 0. 0. 5.31043718e-003 0. 3.59731098e-003 0.
    3.43581568e-003 0. 3.43330583e-004 0. 0. -1.18303299e-003
    1.59125763e-003 1.15127524e-003 -1.88536244e-003 -2.45256722e-003 0.
    6.16542948e-003 -3.36567638e-004 3.71388299e-003 2.84174015e-003 0.
    1.95809803e-003 -3.00925254e-004 -1.38572673e-003 0. 0.
    1.63018964e-002 1.93870554e-004 3.45992437e-003 0. 2.63856631e-003
    -1.65446952e-003 0. 4.28800704e-004 0. 0. 6.17569592e-003
    1.97011475e-002 0. 5.14349807e-003 2.14920077e-003 -3.65935644e-004
    2.17119232e-002 0. -9.96567775e-004 0. 0. 0. 0. 0. 0.
    4.56677284e-003 3.92695703e-003 0. 2.93027144e-003 5.94795914e-003
    0. 6.52518217e-003 0. 0. 9.46075597e-004 6.46369997e-003 0. 0.
    4.29618731e-003 5.47453389e-003 0. 0. 7.56002497e-003
    3.19118379e-003 0. 0. -5.70201024e-004 0. 0. 9.15860219e-005
    3.54689616e-003 0. 2.36624721e-002 0. 0. 0. 4.88000270e-003
    -1.13402540e-003 3.54722003e-003 -7.56013556e-004 0.
    -5.40538784e-003 6.64379401e-003 5.61442552e-003 3.13279522e-003 0.
    9.00876336e-003 0. 4.43720445e-003 0. 6.95179682e-003
    4.80345404e-003 -8.25995230e-004 0. 8.20629211e-005 0.
    4.20496939e-003 0. 0. 0. 0. 0. 0. -1.53737410e-003 1.00000971e-003
    0. 4.07536048e-003 8.05621035e-004 1.23888431e-002 -5.64423855e-004
    3.38656418e-002 -2.87064724e-003 0. 1.41593337e-003 0. 0.
    1.41477287e-002 0. 0. -4.68027126e-003 2.17488850e-003
    5.87553019e-003 -2.95222620e-004 0. 0. 0. 0. 8.73048417e-003
    -4.86853486e-003 0. 5.63326012e-003 2.10275664e-003 0. 0. 0.
    3.07027716e-003 0. 0. 5.33925788e-003 -3.52612376e-004
    -2.79648462e-003 8.78211483e-003 -2.72439793e-003 2.35701853e-004 0.
    0. 1.02541074e-002 0. -6.69917325e-004 0. 0. 2.07882305e-003
    -4.96654131e-004 6.06786984e-004 0. 1.66803552e-003 0.
    2.29731183e-002 0. -3.17135896e-003 0. 0. -2.38455817e-004
    2.66549806e-003 0. 8.33182130e-003 0. -4.62012971e-003
    2.11914419e-004 -2.16746586e-003 0. 4.85509960e-003 7.15299044e-004
    6.58226258e-004 -5.11494325e-003 0. 0. 0. 3.16399103e-003
    6.91916887e-003 0. 1.20257586e-003 0. 1.06560870e-003
    1.72330218e-003 0. 2.44691828e-003 1.51258986e-002 1.62944500e-003
    6.73559727e-003 0. 7.14099559e-004 5.58340107e-004 1.96760125e-003
    9.18198004e-003 0. 0. 6.41195290e-003 -7.55289453e-004 0. 0.
    1.12112975e-002 0. 7.42375443e-004 -1.11968242e-004 1.64998882e-003
    0. 0. -3.50388908e-003 9.34496988e-003 0. 3.51406704e-003 0.
    3.00824177e-003 6.04269328e-003 3.83192278e-003 0. 5.83626190e-003
    0. 4.07851115e-003 3.71524459e-003 1.30491587e-003 0. 0. 0. 0. 0. 0.
    0. 9.82109108e-004 6.70798414e-004 0. 5.50766522e-003 0. 0. 0. 0.
    4.57630539e-003 1.55731468e-002 0. 0. 1.88085856e-003
    4.55275737e-003 0. 0. 0. 4.40539094e-003 6.50947168e-003
    3.89531167e-004 0. 3.26287025e-003 0. 0. -2.26751156e-003 0. 0. 0.
    0. -6.32027339e-004 0. -5.69811149e-004 1.83435064e-002 0.
    2.50303131e-002 0. 0. 0. 5.57427434e-003 0. 1.53493474e-003
    2.77030375e-003 0. 1.76371075e-003 2.14677863e-003 1.91903696e-003
    0. 0. 0. -2.99114967e-003 -3.26762180e-004 0. 1.28920656e-002
    1.92193165e-005 3.32358526e-003 0. 0. 0. 1.67492975e-003 0.
    1.02964658e-002 3.47736627e-002 0. 0. 5.82543155e-003
    -1.00110227e-003 3.49354744e-002 2.88713980e-003 8.91910214e-003 0.
    4.23815707e-003 2.74827406e-002 1.34409207e-003 3.73722333e-003
    9.91554931e-003 2.50094989e-003 4.41988744e-003 0. 1.55392452e-003
    0. 3.43889487e-003 0. 0. 0. 0. 0. -4.68359562e-004 -1.45796302e-003
    0. 0. 5.00053726e-003 -6.62471633e-003 1.59605127e-002
    7.09781237e-003 5.35947678e-004 0. 3.65453493e-003 0. 0.
    2.63136756e-002 2.71387189e-003 0. 6.22049533e-003 0. 0.
    -9.31209011e-004 0. 1.43841805e-003 1.21413777e-003 4.80984745e-004
    0. 2.41315970e-003 0. -3.01710184e-004 0. 0. 6.09452697e-003
    1.42050106e-002 0. 1.34319076e-002 0. 2.12388160e-003 0.
    3.20654642e-003 1.21529046e-002 0. 2.33910582e-003 0. 0. 0. 0. 0. 0.
    6.51825126e-003 1.74633798e-003 0. 1.27994884e-002 4.21310629e-004
    0. 1.88139721e-003 -4.45699086e-003 0. 0. 2.06616707e-003 0. 0.
    1.47923839e-003 5.33929933e-003 -8.32992722e-004 0. 7.02008512e-003
    5.54261776e-003 0. 0. 2.33013139e-004 0. 0. 5.15095610e-003 0.
    1.22902102e-005 0. -1.55060773e-003 0. 3.94872949e-003
    1.97322830e-003 0. 0.</data></imageDescriptor>
</opencv_storage>
