<?xml version="1.0"?>
<opencv_storage>
<imageDescriptor type_id="opencv-matrix">
  <rows>1</rows>
  <cols>500</cols>
  <dt>f</dt>
  <data>
    0. 0. 1.77325914e-003 0. 0. 6.36148686e-003 2.10606446e-003 0. 0.
    -2.55831773e-003 0. -5.61351817e-006 5.60330506e-003 0.
    1.48795394e-003 1.56970602e-003 7.22882291e-003 2.45630406e-002 0.
    0. 2.56717438e-003 6.96464255e-003 0. 2.37782742e-003 0. 0. 0.
    8.74944264e-004 0. 0. 0. 0. 0. 4.20971261e-003 0. -9.49964087e-005
    0. 0. 0. -1.68807211e-003 3.33600841e-003 3.58473347e-003
    -1.15434604e-003 0. 0. 4.85122910e-005 5.89672243e-003
    3.97613971e-003 0. -3.03117814e-003 0. -2.50861980e-003
    7.34535558e-003 3.75608652e-005 0. 0. 3.11713852e-003
    1.54114922e-003 0. 0. 4.48509213e-003 0. 4.31836117e-003
    -8.70162097e-004 0. 0. 1.44048491e-002 4.16170200e-003
    1.27943000e-003 7.86227360e-003 0. 0. 0. 6.94194809e-003
    -3.64226219e-003 0. 4.10717446e-003 0. 0. 1.17091900e-002
    3.54440446e-004 6.54678093e-004 0. 6.78451092e-004 7.93607032e-004
    3.17581221e-002 0. -1.65641177e-004 0. 0. 0. 0. 0. 0. 0.
    -1.10517698e-003 7.03833764e-003 -7.80036324e-004 0. 0.
    3.37376911e-003 1.08078169e-002 2.40156706e-003 7.73488916e-003 0.
    0. 0. 0. 0. 0. 0. 0. 0. 0. 5.98198595e-003 0. 0. 0. 0.
    -2.27100635e-003 0. 0. 3.22027924e-003 0. 0. 0. 0. 0. 0. 0. 0.
    3.39525309e-003 0. 0. 0. 4.62139072e-003 0. 5.04224235e-003 0.
    1.56532601e-002 0. 3.47771146e-003 0. 2.24864041e-003
    5.24689117e-003 2.78237904e-003 3.93593544e-003 0. 0. 0. 0.
    -4.88856749e-004 0. 0. 0. 0. 0. 0. 0. 1.14393942e-002 0. 0. 0. 0. 0.
    0. 0. 2.59630010e-003 8.33591260e-003 0. 0. 0. 1.30557148e-002
    -1.95883680e-003 0. 2.97543693e-006 0. 0. -5.43873466e-004 0. 0.
    8.23466480e-003 -4.91804443e-004 0. 0. 0. 0. 0. 0. 0. 0. 0.
    1.06699495e-002 0. 0. 1.87553037e-002 0. 3.10818967e-003 0.
    -3.88833170e-004 0. 0. 0. 5.65232383e-003 1.66792690e-003
    8.51575285e-003 -7.05556897e-003 0. 0. 1.59117859e-002
    -1.99315255e-003 0. 3.16954590e-003 0. 1.34071698e-002
    1.03522278e-003 0. 5.45283221e-003 -2.47772736e-003 1.45320804e-003
    1.88134909e-002 0. 0. 1.91743078e-003 3.32048647e-002
    -6.04201632e-004 8.12374929e-004 9.18709848e-004 0. 0.
    1.59876756e-002 0. 0. 0. 0. 4.87692002e-003 0. -3.49620212e-004 0.
    0. 0. -2.57967855e-003 0. 0. 0. 0. 8.53555277e-003 0.
    4.71330015e-003 3.11034010e-003 0. 0. 1.85046694e-003 0.
    1.99578330e-002 3.12672672e-003 0. 5.23114670e-003 4.02567326e-004
    0. 3.94414039e-003 0. 2.91751372e-003 3.71853472e-003
    6.03592908e-003 0. 0. 7.43108056e-003 6.01301086e-004
    -1.83877198e-003 0. -5.00033516e-003 5.16031124e-003
    -3.21508036e-003 0. 0. 0. 3.46545549e-003 0. 0. 1.29452934e-002 0.
    7.59943761e-003 0. 0. 3.51186958e-003 1.96080562e-003 0.
    2.62651499e-003 0. 0. 0. 2.52909772e-003 0. 0. 0. 0. 0. 0.
    -9.44024767e-004 2.73687555e-003 1.12031866e-002 0. 2.01676483e-003
    0. 0. 6.18411181e-003 0. 7.20034679e-003 1.15882130e-002
    8.51715915e-003 7.71083124e-003 0. 2.27419119e-002 0.
    9.24965460e-003 6.95672678e-003 3.55519075e-003 0. 0. 0. 0. 0.
    1.70195848e-003 1.49105741e-002 5.36194479e-004 0. 0.
    8.61543790e-003 3.67900543e-003 0. 0. 9.39268270e-004 0. 0. 0.
    6.22749655e-003 1.66612607e-003 4.32374561e-003 -3.42564017e-004
    4.08349978e-003 0. 1.41340599e-003 0. 0. 1.05797322e-002 0.
    1.80618127e-003 -2.94187310e-004 1.90380518e-003 0. 3.04480828e-003
    0. -1.75513793e-003 0. 0. 0. 0. 3.98536591e-004 3.80653189e-003
    2.21606111e-003 0. 0. 0. 1.18595427e-002 0. -3.07556242e-003 0.
    -4.05619066e-004 7.96830375e-003 0. 0. 0. 1.79750677e-002 0.
    1.00586917e-002 5.07286517e-003 4.08601621e-003 2.18859455e-003 0.
    4.57018940e-003 0. 0. -2.69576046e-003 0. 0. 1.40081504e-002 0.
    6.67326152e-003 0. 0. 0. 1.38026441e-003 0. 1.03422403e-002
    1.24172820e-003 0. 0. 0. 4.60092351e-003 0. 0. 2.27050646e-003 0.
    5.19688893e-003 -2.75672530e-003 0. 0. 1.63581886e-003
    2.37734916e-004 4.67608124e-003 0. 0. 0. 0. 0. 0. 5.39627345e-003
    1.12392416e-003 0. 3.87945748e-003 2.11794372e-003 2.18519079e-003
    1.22178276e-003 0. -9.08797141e-003 1.73033879e-003 4.72316472e-003
    0. -9.67053580e-004 5.31369075e-003 5.84715279e-003 1.30876657e-002
    0. 0. 0. 0. 5.93609642e-003 -2.56032217e-003 7.91111786e-004 0. 0.
    1.79093722e-002 0. 0. 2.00432353e-003 1.81199182e-002 0. 0.
    -6.86958665e-004 0. 0. 0. 0. 0. 0. 0. 0. 0. 0. 0. 6.55664990e-005 0.
    2.57563801e-003 0. 0. 0. 2.37846728e-002 0. 4.11341991e-003
    2.37858063e-003 5.03022084e-003 8.11561756e-003 1.10224616e-002 0.
    0. 0. 6.35695737e-003 0. 3.09149595e-003 0. 2.61599268e-003
    7.32537359e-003 0. 1.80633331e-003 0. 0. 2.81450059e-003
    -3.12686432e-003 5.39252535e-003 0. 0. 7.20246742e-003
    -6.50794318e-005 0. 5.26616676e-003 1.13905793e-004 0.
    2.19631568e-003 0.</data></imageDescriptor>
</opencv_storage>
