<?xml version="1.0"?>
<opencv_storage>
<imageDescriptor type_id="opencv-matrix">
  <rows>1</rows>
  <cols>500</cols>
  <dt>f</dt>
  <data>
    3.58076370e-003 5.10645332e-003 0. 6.46392209e-003 0.
    2.77176639e-003 2.75542843e-003 4.19274298e-003 0. 0. 0.
    2.22677714e-003 -1.83422945e-003 6.58714911e-003 7.16083276e-004 0.
    2.81538232e-003 1.10771498e-002 2.67649465e-003 0. 0.
    1.79970186e-004 2.18361430e-003 2.55282223e-003 -2.94604152e-003 0.
    0. 0. 1.01456523e-003 0. 0. 5.84991137e-003 0. 0. 0. 4.84193070e-003
    6.55949302e-003 1.06230024e-002 2.03283899e-003 6.54803414e-004
    2.79582827e-003 0. 1.26392260e-004 6.53030491e-003 2.51656584e-003
    4.13321843e-003 1.13893329e-004 0. 6.01901032e-004 -7.41871772e-004
    -2.98378291e-003 1.06865261e-003 0. 0. 0. 0. 0. -5.77407831e-004
    4.12369147e-003 2.99937255e-003 7.23836711e-003 0. 7.76318600e-003
    2.43047229e-003 0. 0. 0. 2.59455456e-003 1.08016543e-002 0.
    -5.91170916e-004 2.80378666e-003 0. 0. 6.72123162e-003
    2.50555295e-003 0. 0. 5.67447115e-003 2.14689458e-003
    5.29194903e-003 9.64256178e-004 0. 6.17783377e-003 -2.05160235e-003
    0. 0. 5.98573033e-003 0. 0. 0. 0. 4.74757468e-003 9.42195207e-003
    5.54366363e-003 0. 0. 0. 0. 3.62021965e-004 0. 6.70844829e-003 0. 0.
    7.23287417e-003 -9.72655893e-004 4.19732183e-003 4.76488285e-003
    -1.58700754e-003 1.22117996e-003 4.16019466e-004 0. 0.
    1.70632720e-003 0. 0. 1.16814142e-002 0. 5.51908836e-003
    6.83058752e-003 5.74565202e-004 3.57617158e-003 0. 0. 0. 0. 0.
    1.62779691e-003 7.92801566e-003 9.98416077e-003 1.73255242e-003
    3.18136113e-003 0. 6.79505430e-003 0. 0. 1.83621794e-003
    6.40533445e-003 -6.32532313e-003 0. 0. 0. 1.29443873e-002 0.
    1.15367053e-002 -3.84004030e-004 -2.60556024e-003 1.53034860e-002 0.
    0. -2.21800874e-003 8.25033709e-003 -6.99258817e-005 1.94560096e-003
    0. 3.61596630e-003 -3.87416058e-003 1.02881007e-002 0.
    1.86801993e-003 2.70979479e-003 0. 0. 2.00859760e-003 0.
    1.38531148e-003 1.65860504e-002 0. 0. 0. 4.39880323e-003
    -1.82904850e-003 0. 0. 0. 2.19426863e-003 0. 0. 0. 6.55902131e-003
    0. 0. -2.16946215e-003 0. 4.80834534e-003 0. 0. -2.30783178e-003 0.
    0. 5.46293892e-003 7.57687073e-003 5.74546587e-003 8.29931535e-003
    0. 0. 3.81008326e-003 3.40791489e-003 0. 0. -1.60125690e-003
    5.82266599e-003 0. 4.24757460e-003 4.15646937e-003 1.35196801e-002
    2.80647509e-004 0. 0. -4.27753292e-003 2.52395147e-003
    -3.48720164e-003 2.57782545e-003 1.38615165e-003 0. 0.
    4.89015225e-003 0. 0. 0. 0. 1.63442863e-003 0. 4.96229390e-003 0.
    -3.46560300e-005 3.44739994e-003 5.38847642e-004 3.39549826e-003
    -2.19412861e-004 1.43226748e-003 7.07215257e-003 4.11709026e-003 0.
    0. 0. 0. 0. 0. 2.16031866e-003 0. 3.76089197e-003 5.48575819e-003
    8.31631385e-003 2.98040034e-003 0. 0. 4.50893212e-003 0. 0. 0. 0. 0.
    0. 1.42341026e-003 2.93810765e-004 0. 2.33576470e-003
    1.78991724e-002 0. 0. 1.20021973e-003 4.29460034e-003
    3.10772355e-003 1.30095903e-003 0. 0. 0. 0. 4.25446825e-003 0. 0.
    2.03966605e-003 0. 4.19254089e-003 4.42517688e-003 -2.80101929e-004
    0. 1.77789479e-003 0. 0. 1.08936578e-002 0. 0. -4.32520779e-003
    -1.06447062e-003 0. 1.45405568e-002 2.28210702e-003 1.31871109e-003
    8.34977080e-004 0. 0. -4.26603045e-004 0. 4.11737943e-003 0.
    8.22910201e-003 2.78177671e-003 0. 0. 0. 2.21404713e-003
    6.99177338e-003 6.21353928e-003 1.12609495e-003 0. 0. 0.
    1.40393330e-002 0. 1.63893458e-002 3.18070088e-004 1.78501420e-002
    2.57779332e-003 8.38538446e-003 -1.96106336e-003 0. 0. 0.
    1.38661684e-003 3.49150435e-003 7.07338238e-003 0. 2.33197934e-003
    1.76736538e-003 0. 0. -8.93933873e-004 0. 3.82015319e-003
    4.35297703e-003 0. 0. 0. -7.29006657e-004 5.38337929e-003 0.
    3.05413647e-004 0. 0. 3.38443881e-003 0. 0. 0. 0. 0.
    -7.56450580e-004 4.72197309e-003 0. 0. 0. 6.54185982e-003 0.
    3.44080781e-003 0. 2.25716899e-003 8.65488686e-003 0. 0.
    -1.80114491e-003 0. 0. 0. 2.49577407e-003 0. 0. 0. 0.
    -7.77680601e-004 3.59127461e-003 0. 0. 0. 0. 0. 3.52242566e-003 0.
    0. 7.88818952e-003 1.64446910e-003 0. 3.08911246e-003 0.
    1.00792677e-003 9.40744299e-003 -3.27935838e-003 0. 2.00790260e-003
    4.71471669e-003 0. 0. 1.02036437e-002 0. -1.64761755e-003
    2.67012534e-003 5.80741698e-003 1.59392599e-002 0. 0.
    -2.83646630e-004 0. -1.85871206e-003 0. 0. -1.68478605e-003
    2.48135929e-003 1.30895590e-002 8.20165907e-004 0. 6.46629184e-003
    0. 3.83762666e-003 6.72406517e-003 0. 0. 2.25047790e-003 0. 0.
    1.23800058e-003 0. 8.15704651e-003 0. 3.14620812e-003
    4.38388763e-003 -1.14096538e-003 -1.18048526e-002 1.33863082e-002
    3.01577873e-003 1.29161626e-002 0. 6.77914498e-003 1.48457065e-002
    0. 0. 2.37637362e-003 0. 0. 0. 0. 0. 0. 2.23957980e-003 0. 0. 0.
    2.78358418e-003 0. -3.52964969e-004 0. 7.45404046e-004 0. 0.
    -1.53315035e-004 0. 0. 0. 0. 0. 5.09951496e-003 0. 0. 0.
    2.26778956e-003 0. 3.81303690e-002 1.86567940e-002 1.61059070e-002
    6.52716961e-003 0. 0. -1.70615525e-003 0. 0. 0. 0. -5.36101125e-003
    6.75380416e-003 0. 3.03275906e-003 8.76923651e-003 1.35083655e-002
    0. 0. 0. 3.28336051e-003 0. 7.79169332e-003 0. 0. 0. 2.31422600e-003
    1.83433725e-003 0. 1.62162969e-003 2.82193650e-003 0.
    5.73331583e-003 0. 0.</data></imageDescriptor>
</opencv_storage>
