<?xml version="1.0"?>
<opencv_storage>
<imageDescriptor type_id="opencv-matrix">
  <rows>1</rows>
  <cols>500</cols>
  <dt>f</dt>
  <data>
    0. 1.97658781e-003 0. 0. -3.73492308e-004 0. 2.63977679e-003 0.
    1.57329824e-003 0. 0. -4.95609501e-003 0. -1.63026445e-003 0. 0.
    5.79685764e-003 2.27448344e-003 0. 7.37007009e-003 5.18015120e-003
    0. 0. 0. 2.53892574e-003 3.64504149e-003 0. 0. 1.10421730e-002 0. 0.
    2.91125057e-003 0. 0. 0. 0. 0. 0. 0. 0. 6.70817634e-003 0.
    2.50301743e-003 -4.46100639e-005 7.28634000e-003 0. 1.16246222e-002
    4.71624127e-003 4.09955438e-003 0. 2.63895188e-003 1.01871369e-002
    0. -7.37576338e-004 0. 1.14867799e-002 1.77016144e-003 0.
    4.30888822e-003 0. 0. 4.81052371e-003 0. 1.93537760e-003
    2.05330481e-003 5.90297114e-003 0. 2.17075087e-003 7.42218632e-004
    3.88432667e-003 0. 2.42682407e-003 5.14258211e-003 3.44053376e-003
    5.96687547e-004 5.64767374e-003 0. 2.86713964e-003 0.
    2.18755938e-003 -8.84745736e-003 -5.75990241e-004 1.23805860e-002 0.
    1.70088548e-003 2.34661996e-003 0. 6.99103950e-003 0. 0.
    3.58769530e-003 0. 0. 9.34471097e-003 3.76986689e-003
    3.59931588e-003 6.94562029e-003 0. 0. 9.57279373e-003
    6.95843669e-003 0. 6.63160067e-003 2.60092784e-003 0. 0.
    5.69741351e-005 2.63480586e-003 0. -4.24411584e-004 9.53588344e-004
    0. 1.02090277e-003 8.80272314e-003 4.65582125e-003 3.75902397e-003
    0. 0. 0. 0. 0. 2.49877642e-003 0. 2.20986991e-003 2.64065270e-003
    1.83262257e-003 0. 5.71742607e-003 3.47265112e-003 -2.50952260e-004
    0. 0. 0. 0. 0. 0. 0. 3.54459113e-003 0. 5.09939389e-003 0. 0.
    4.06854087e-003 -1.39311736e-003 8.12386628e-003 9.23170883e-004 0.
    -2.51011545e-004 0. 0. 1.68970425e-003 0. 2.49872077e-003
    1.21813491e-002 3.03405710e-003 7.02631474e-003 2.52259918e-003 0.
    6.26067072e-003 0. 5.17635373e-003 6.92213420e-004 9.50135477e-003
    9.59910080e-003 -1.90624385e-003 0. 0. 7.08613498e-003
    1.12220636e-002 -3.93295102e-003 -4.46820492e-003 1.99382771e-002
    -1.18343532e-003 7.85837881e-003 1.54187530e-003 -5.36230451e-004 0.
    0. 0. 0. 0. 4.21842746e-003 1.63934205e-003 1.09355536e-003 0. 0. 0.
    0. 0. 1.95581615e-002 0. 0. 0. 5.61665103e-004 -5.40585862e-003
    -8.15217907e-004 -8.46816576e-004 0. 0. 0. 8.86549242e-003 0. 0. 0.
    0. -3.78239260e-004 1.10929529e-003 9.14444961e-003 2.14418466e-003
    -9.05605685e-003 0. 6.19838305e-004 5.74457343e-004 -1.89189177e-005
    0. 0. 4.73538414e-003 2.65040435e-004 -9.99775250e-004
    -1.15786376e-003 0. 0. 0. 2.56443769e-003 7.52630364e-003 0.
    2.27811607e-003 0. 4.62471158e-004 0. 6.38158806e-003 0. 0.
    -1.94328823e-005 0. 0. 0. 4.65267384e-003 1.76129527e-002 0.
    5.57728519e-004 -6.02904998e-004 3.62793193e-003 0. -2.39493721e-003
    0. 0. 0. 3.58727574e-003 0. 1.77426636e-003 4.20445285e-004 0. 0.
    1.00108553e-002 0. 1.60680078e-002 0. 1.59312710e-002
    -3.06879403e-003 0. 0. 0. 1.25414431e-002 8.72251205e-003
    -1.74796546e-003 0. 0. 0. 0. 0. 0. 0. 3.92971840e-003 0. 0.
    2.80213309e-003 3.22314212e-003 0. 1.77107577e-003 0. 0. 0. 0. 0. 0.
    9.68456268e-003 -6.35084463e-003 0. 2.71199178e-003 0. 0.
    3.97069426e-003 0. -1.22475356e-003 0. 1.74261513e-003
    -7.57372240e-004 3.83720105e-003 -8.57831794e-004 8.50459374e-003
    -3.73964594e-003 1.10361027e-002 0. 0. 4.55074944e-003
    7.45518692e-003 9.68552567e-003 0. 4.32939315e-003 0. 0.
    7.28017464e-003 0. 1.90395059e-003 1.15489215e-002 1.39767013e-004
    0. 0. 0. 0. 0. 1.06136482e-002 1.05714500e-002 0. 7.31682545e-003 0.
    0. -7.20201584e-004 0. 1.52238994e-003 -3.11140018e-003 0. 0.
    5.14961081e-003 0. 5.83459483e-003 5.72228990e-003 1.35127257e-003
    1.14279650e-002 -1.58471172e-003 0. 2.09746388e-004 1.07830521e-002
    6.73919404e-003 6.15997706e-003 9.77991242e-003 2.17374341e-004
    3.42683424e-003 1.22902570e-002 0. 5.57863992e-003 0.
    -2.50824075e-003 5.31317061e-003 6.02569059e-003 0. 5.16408775e-003
    1.12914154e-002 -1.98716088e-003 1.99714187e-003 1.33828167e-003 0.
    0. 2.95386743e-003 0. 0. -6.41788647e-004 1.23215960e-002 0. 0. 0.
    0. 0. 0. 7.68945785e-004 1.43044454e-003 7.24435644e-003 0. 0.
    2.11781519e-003 0. 0. 0. 2.21301313e-003 1.41019584e-003
    8.66517704e-003 1.51471701e-003 0. 1.43292183e-002 5.94815472e-003
    0. 5.13460021e-003 0. 0. 6.83477055e-003 2.15471908e-003 0.
    9.04810242e-003 0. 5.10123326e-003 0. -7.05798564e-004
    5.85816801e-003 3.17634153e-003 6.70703873e-003 0. 0.
    -1.32305513e-003 0. 3.55147896e-003 0. -3.05351219e-003
    6.65435567e-003 0. 1.40280835e-003 2.76638730e-003 0. 0.
    6.56628108e-004 1.13978162e-002 0. 0. 0. 5.56760514e-003 0.
    5.20877121e-003 0. 1.70093793e-002 6.46507367e-003 0.
    1.11475363e-002 7.62702897e-003 1.02929515e-003 3.71877546e-003 0.
    0. 0. 5.66827774e-004 0. 0. 0. 0. 0. 0. -2.55756476e-003 0. 0. 0.
    4.13926411e-003 1.36546101e-002 0. 1.60200205e-002 0. 0.
    -1.65951496e-004 2.72724917e-003 0. 0. -4.20773122e-003 0.
    -3.64066218e-003 0. 0. 0. 1.58533000e-003 0. 0. 0. 0. 0. 0. 0.
    1.41790009e-003 0. 7.40146439e-004 0. 8.50118510e-003 0.
    7.01909419e-003 0. 5.18386019e-003 0. 1.87620556e-003
    2.25724210e-003 5.23932744e-003 0. 0. 0. 2.82219262e-003 0.
    2.39070691e-003 0. 0. 1.06878448e-002 1.00499811e-003 0.
    1.50054460e-003 0. -8.50417768e-004</data></imageDescriptor>
</opencv_storage>
