<?xml version="1.0"?>
<opencv_storage>
<imageDescriptor type_id="opencv-matrix">
  <rows>1</rows>
  <cols>500</cols>
  <dt>f</dt>
  <data>
    1.06452294e-002 0. 1.55337481e-003 0. 0. 3.23968893e-003
    3.72841139e-003 0. 6.80955127e-003 1.19039440e-003 -1.79213530e-004
    0. 1.80327985e-003 1.10707870e-002 3.93832102e-003 0.
    9.35268402e-003 0. 1.58675597e-003 9.88155138e-004 0.
    4.61694365e-003 5.03449794e-003 0. 0. 3.39020696e-003 0.
    1.66310500e-002 5.92822325e-004 2.50753248e-003 0. 0.
    3.85583541e-003 9.06090077e-004 1.26240803e-002 1.24443811e-003
    7.44784484e-003 6.00879779e-003 0. -4.87412419e-003 -1.95142115e-003
    3.22466879e-003 -4.35895193e-003 0. 0. 6.07700320e-003
    2.79293570e-004 0. 0. 2.34653242e-003 2.54703430e-003 0.
    2.54070153e-003 3.60801420e-003 2.19989801e-003 6.32153312e-003
    2.17813838e-004 4.75913519e-003 0. 4.58174758e-003 6.46859827e-003
    0. 0. 4.24867263e-003 5.45458111e-004 1.24720088e-003
    1.43509998e-003 5.49147138e-003 3.17520485e-003 0. 2.90026283e-003
    0. 0. 0. 0. 2.21642968e-003 1.60262547e-002 2.17246846e-003
    9.05222958e-004 0. 4.25567012e-003 0. 0. 1.12543895e-003
    3.31840152e-003 3.97157623e-003 0. 1.95895811e-003 0. 0. 0. 0.
    1.89728767e-003 6.03903504e-003 0. 0. 2.27063987e-003 0.
    5.16218366e-003 0. 0. 9.38364305e-003 1.52419414e-003
    2.35624076e-003 0. 4.29164199e-003 3.02170031e-003 1.61700917e-003
    1.98973482e-003 4.33530658e-003 3.67570156e-003 1.28928851e-002 0.
    1.29654137e-002 1.58155023e-003 3.66042904e-003 0. 8.02560989e-003
    0. 0. 0. 2.80646933e-003 -2.13813432e-003 6.35962281e-003 0.
    7.96213746e-003 0. 0. -1.00447505e-003 -2.18685542e-004
    -2.17737723e-003 -3.41391051e-003 0. 1.74735638e-003 0.
    -1.59323437e-003 0. 0. 2.73352768e-003 3.79543379e-003
    9.76040727e-004 2.33223266e-003 0. 0. 4.93348669e-003 0.
    3.71698546e-003 1.93396362e-003 0. 0. 4.02021734e-003
    4.35628463e-003 5.31802792e-003 0. 4.03441582e-003 0. 0.
    2.22123717e-003 0. 4.78691235e-003 1.26723456e-003 -3.19598767e-004
    1.35393336e-003 0. 4.09136387e-003 4.12442081e-004 0. 0.
    1.14212278e-003 2.51153694e-003 0. 0. -3.05493828e-004 0.
    6.08907314e-003 -1.32650358e-003 6.24455418e-003 0. 0.
    1.73602789e-003 -4.60448413e-004 0. 0. -1.97390676e-003
    2.98631703e-003 1.47542811e-003 0. 7.35913112e-004 -3.52736958e-003
    1.20849302e-003 0. 7.22221518e-003 -2.59866798e-003 6.13120710e-003
    0. 0. 3.38555838e-004 -4.04107524e-003 0. 0. 7.94839754e-004
    1.88263122e-003 0. 0. 0. 2.57902802e-003 0. 9.98913893e-004 0.
    -4.38246410e-004 4.38610371e-003 1.08725706e-003 5.79237333e-003
    1.49071042e-003 0. 0. 8.99657048e-003 0. 3.54805705e-003
    6.58545457e-003 1.19964324e-003 2.85995496e-003 3.96960042e-003 0.
    1.22010300e-003 6.71934057e-003 1.61436357e-004 2.41768151e-003
    1.78110984e-003 0. 1.09711767e-003 1.08494842e-002 3.40503943e-003
    0. 5.73888246e-004 0. 7.57995062e-003 1.87011552e-003 0.
    4.19962220e-003 1.96645199e-003 0. -9.79893259e-004 4.45397012e-003
    0. 0. 3.33547432e-005 4.73626750e-003 5.03441668e-004 0.
    -8.16182073e-005 0. 1.18775293e-003 4.15927637e-003 5.22164442e-003
    2.04619369e-003 0. 1.15892868e-002 2.37896293e-003 9.27255675e-003
    5.27888583e-003 2.28339504e-003 0. 0. 3.36569315e-003 0. 0.
    4.38965764e-003 3.83917196e-003 5.30565204e-003 1.34857593e-003
    5.97158913e-003 1.81276258e-003 0. 0. 0. 0. 3.15024471e-003
    1.08167622e-003 0. 8.71345028e-003 2.46668095e-003 0. 0. 0.
    -1.16574964e-004 3.05926747e-004 0. 5.20818587e-003 0. 0. 0.
    1.24382442e-002 7.14072492e-004 2.54365383e-003 0. 4.22185007e-003
    3.37681849e-003 4.47618030e-003 0. 1.52994716e-003 5.29875467e-003
    2.32504169e-003 0. 4.70122416e-003 -7.34757705e-005 -1.49919780e-003
    2.35636719e-003 1.68768945e-003 0. 2.78618978e-003 3.51036014e-003
    2.52745836e-003 0. 0. 0. -2.34386796e-004 -2.01770291e-003
    -2.18644855e-003 2.77141156e-003 2.39839414e-004 2.76358891e-003 0.
    4.58188634e-003 0. 1.39643310e-003 9.99533222e-004 3.16859246e-003
    4.94062901e-003 1.29670429e-003 2.22572312e-003 -2.15944787e-003
    3.27159418e-003 2.52807373e-003 1.22267415e-003 4.72628931e-003
    7.29204447e-004 0. 8.15788191e-003 0. 0. 8.16856232e-003
    7.63697876e-003 0. 1.83887722e-003 4.63264622e-003 0.
    1.50359073e-003 -7.36977905e-004 -1.05580839e-003 0. 0.
    2.38116016e-003 5.82360802e-003 0. -1.36053262e-004 -1.12064808e-004
    0. 0. -1.68247265e-003 1.34719757e-003 1.56018673e-003
    2.55499175e-003 2.57877260e-003 1.20897945e-002 5.35340514e-003
    5.86280739e-003 2.73844367e-003 0. 8.99655372e-003 -2.53165164e-003
    5.51998056e-003 3.39227100e-003 6.72498625e-003 2.36545736e-003
    -2.87103467e-005 0. 8.56652739e-004 0. 9.08271037e-003 0. 0.
    1.82627526e-004 0. 1.43372687e-003 0. 1.85764639e-003
    3.44856060e-004 0. 0. 2.63263728e-003 2.20201188e-003
    2.54242891e-003 0. 0. 0. 1.79539283e-003 0. 1.00035276e-002
    -1.95701970e-004 1.07079686e-007 6.60037249e-003 7.78848166e-003
    2.48612580e-003 1.83283293e-003 -2.87814153e-004 2.83592264e-003
    1.10761554e-003 1.97314098e-003 2.11342261e-003 3.74800107e-003
    6.21379633e-003 -2.26767431e-003 0. 0. 0. 1.30490598e-003
    3.03641101e-003 1.20771758e-003 0. -2.40898086e-003 0.
    2.03645732e-002 7.58889457e-003 -1.08015432e-003 0. 0. 0. 0. 0. 0.
    8.13528430e-003 1.35302711e-002 1.25674554e-003 0. 0. 0. 0. 0.
    2.81696697e-003 5.18290186e-003 3.33885523e-003 0. 6.89375028e-003
    -1.00247283e-003 0. -6.47104636e-004 0. 0. 1.70474593e-003
    -2.59059668e-003 3.20398551e-003 -8.47070041e-005 0. 5.34069166e-003
    3.93621437e-003 0. 3.82250617e-003 2.19057337e-003 4.80086543e-004
    2.06721178e-003 2.49243574e-003 0. 0. 1.42823556e-003
    1.14138648e-002 7.72980647e-003 5.02528250e-003 0. 2.76542525e-003
    4.95443959e-003 6.23772852e-004 1.31685275e-003 3.55862547e-003
    -8.43987451e-004 2.74738437e-003 0. 8.01410712e-003 0.
    -5.29226894e-003 5.40520018e-003 5.03134029e-003 5.39402710e-003
    8.53117963e-004 5.99680049e-003 2.37837853e-003 0. 0.
    1.67402427e-003 1.55064030e-004 1.92373560e-003 4.23607824e-004 0.
    1.12411776e-003 3.24890530e-003 6.56419294e-003 8.65692552e-003
    1.99330156e-003 0. 0.</data></imageDescriptor>
</opencv_storage>
