<?xml version="1.0"?>
<opencv_storage>
<imageDescriptor type_id="opencv-matrix">
  <rows>1</rows>
  <cols>500</cols>
  <dt>f</dt>
  <data>
    1.15397689e-003 0. 0. -5.19243255e-003 0. 0. 0. 0. 8.68454389e-003
    1.46652339e-003 0. 0. 0. 0. 0. 0. 0. 0. 0. 0. 1.33485021e-002
    3.70803056e-003 0. 0. 0. 0. 1.20246252e-002 7.48201925e-003
    7.97082484e-003 1.58075034e-003 6.66780351e-003 0. -1.92735472e-003
    -2.10799873e-004 4.54444453e-005 0. -6.94498792e-003 3.85154644e-003
    3.71852517e-003 -2.37233914e-003 0. 0. 3.68542131e-003
    -5.34378807e-004 0. 7.39404233e-003 0. 0. 1.32225715e-002
    2.22101086e-003 0. 0. 0. 2.15533189e-003 0. 0. 1.19784835e-003
    1.95552688e-003 0. 0. 0. 0. 6.62911276e-004 0. -1.76094973e-003
    6.60050707e-003 0. 3.02333292e-003 0. 0. 8.14286619e-003
    6.36377744e-003 0. 0. 1.60223141e-003 0. 6.41830731e-003 0. 0. 0.
    2.11958983e-003 0. 7.05371669e-004 1.41564908e-003 3.15001095e-003
    0. 6.32534223e-003 0. 1.46639161e-002 0. 2.96016270e-003
    3.39044654e-003 0. 0. -5.50498348e-003 0. 2.15173531e-002 0.
    -3.00154934e-004 3.51345935e-003 0. 0. 0. 0. 2.42318679e-003 0. 0.
    0. -2.31378153e-003 0. 0. 0. 0. 7.90024642e-003 0. 7.06532178e-003
    0. -1.80255855e-003 6.06073358e-004 0. 5.17667737e-004 0.
    -8.40643945e-004 0. 0. 0. 6.88969251e-003 0. 0. 0. 0.
    2.10310034e-002 0. 0. 5.39313024e-003 2.88675185e-002 0.
    2.00346671e-002 0. 0. 0. 0. 0. 0. 0. 0. 0. 0. 0. 0. 7.01026525e-003
    2.44291034e-003 5.43043390e-003 0. 0. 0. -1.76268979e-003 0. 0. 0.
    0. -7.63894198e-003 0. 0. 6.12752920e-004 8.25822912e-003 0. 0.
    3.48973251e-003 0. 5.16990619e-003 6.06135232e-003 0. 0.
    6.59663044e-003 0. 1.45775452e-002 0. -3.44370306e-003 0.
    5.01785893e-004 0. 0. 0. 0. 1.22748059e-003 -8.25628266e-003
    2.34386455e-002 8.64121411e-003 0. 2.13599745e-002 0. 0. 0.
    6.77026110e-003 0. 0. 0. 5.51973586e-004 0. 0. 0. 0.
    -4.08281980e-004 0. 8.42659455e-003 -4.99769067e-003 3.27638048e-003
    -2.32824386e-004 -3.34522425e-004 0. 0. -1.28386205e-003
    1.12033616e-004 0. 0. 1.08500738e-002 0. -1.74191478e-003
    -8.79838713e-004 0. 0. -3.69706424e-004 -9.30984621e-004 0.
    3.57268825e-002 0. -9.74804396e-004 0. 0. 3.26819182e-003
    2.46529351e-003 2.06545070e-002 3.98404291e-003 2.08082236e-002
    1.19018033e-002 0. 4.54668794e-003 5.76014910e-003 0.
    7.42712291e-003 -2.41014012e-003 0. 1.13042751e-002 1.75189730e-002
    0. -1.25722715e-003 0. 1.43398764e-002 -3.58257152e-004
    2.72726696e-002 2.04124232e-003 0. 0. 0. 0. 0. 7.29029905e-003 0. 0.
    0. 0. 2.57852045e-003 2.29292531e-002 0. 0. 0. 0. 0. 2.03415900e-002
    2.67064944e-003 0. -1.38558564e-003 0. 0. 0. 0. -2.09395681e-003
    7.51603628e-003 0. 3.79105587e-003 0. 7.85300229e-003
    -2.06140405e-003 1.57516953e-002 0. 0. 1.26996846e-003 0. 0.
    9.25029255e-003 4.25657481e-002 -1.87252706e-003 0. 3.36099882e-003
    0. 0. -2.82449473e-004 0. 4.89004841e-003 1.90316339e-003
    -4.39234730e-003 1.21170888e-003 9.77975666e-004 0. 1.45069286e-002
    0. 0. -3.46421893e-003 0. 0. -4.34248196e-003 0. 0. 0. 0. 0. 0. 0.
    0. 0. 8.24993383e-003 0. 0. 0. 0. 2.72622821e-003 2.13056849e-003 0.
    3.10047879e-003 0. 0. 7.67630059e-003 2.15685158e-003 0. 0. 0. 0. 0.
    0. 0. -5.76887047e-003 4.79085511e-003 6.55431487e-003 0. 0. 0.
    -4.51738946e-003 0. 0. 7.05303205e-003 -4.74779023e-004 0.
    1.32061320e-003 0. 0. 0. 0. 0. 0. 0. 2.55930214e-003 0. 0. 0.
    1.37653071e-002 0. 0. 7.30518950e-004 -2.92884943e-004 0.
    3.17767076e-003 0. 0. 4.47864737e-003 0. 0. 0. 2.07114704e-002
    -1.21521356e-004 0. 0. 5.50812995e-003 -1.35989714e-004 0. 0. 0. 0.
    1.18947988e-002 1.57446954e-002 0. 1.32865307e-003 0.
    2.84056668e-003 0. 0. -4.51716405e-005 0. 0. 0. 7.28932722e-003
    3.82888992e-003 0. 0. 0. 2.70249881e-003 5.61885675e-003
    8.79322086e-003 0. -1.68675580e-003 0. 0. 0. 1.44986520e-002
    1.25579666e-002 0. 0. 0. 0. -3.17426282e-003 0. 0. 0.
    4.57605394e-003 1.20501430e-003 0. 0. 0. 0. 1.65240990e-003
    1.76745299e-002 0. 1.39469719e-002 0. 0. 3.81336152e-003
    6.07670564e-003 0. 5.19815309e-004 0. 0. 0. 0. 0. 0. 0. 0.
    1.39137614e-003 0. 0. 0. 1.87205803e-002 4.28093225e-003 0. 0.
    5.47201745e-003 3.88898770e-003 0. -3.38612619e-004 0.
    5.29970857e-004 0. -2.67875008e-003 0. 3.21502099e-003 0. 0.
    -3.11258249e-004 5.32630307e-004 -2.45839590e-004 2.04567285e-003 0.
    5.76000428e-003 2.77028116e-003 0. 0. 0. 5.84974326e-003
    1.17469169e-002 0. 0. 0. 4.60738735e-003 0. 0. 0. 0. 0. 0. 0.
    1.15969637e-003 1.78370462e-003 0. 0. -4.53823199e-003
    2.72640702e-003 1.70418108e-003 -2.62493943e-003 1.07491296e-003 0.</data></imageDescriptor>
</opencv_storage>
