<?xml version="1.0"?>
<opencv_storage>
<imageDescriptor type_id="opencv-matrix">
  <rows>1</rows>
  <cols>500</cols>
  <dt>f</dt>
  <data>
    4.46940120e-003 1.52072753e-003 3.63950315e-003 7.38827279e-004
    4.26540570e-003 4.84291418e-003 5.69415046e-004 0. 7.94002227e-003
    0. 2.25259596e-003 -6.31472503e-004 -1.58654177e-003 5.20705420e-004
    0. 6.68469293e-004 0. 0. 2.98388931e-003 -1.15658925e-003 0.
    1.15377537e-004 0. 1.25096040e-003 0. 0. 1.55713514e-003 0.
    9.97409225e-004 0. 9.17575322e-004 3.06282542e-003 6.13032095e-003
    1.31387741e-003 4.85773524e-003 0. 0. 1.48049335e-003
    4.97639785e-003 0. 1.20236976e-002 3.04829632e-003 3.27637815e-003
    5.19682420e-003 5.37523627e-003 5.54048456e-004 9.34170210e-004 0.
    0. 0. -4.64600604e-003 6.29107142e-003 0. 3.93067254e-003
    4.04714001e-003 6.80759840e-004 9.18434525e-004 0. 0. 0. 0.
    2.21109390e-003 0. -2.32698250e-004 0. 2.86066462e-003 0. 0. 0.
    3.46522289e-003 0. 3.41261271e-003 0. 0. 0. 6.39003981e-003
    -1.94754964e-003 0. 8.23741371e-004 0. 2.38858769e-003
    8.81673023e-003 0. 5.27079822e-003 9.10623930e-003 1.07901804e-002
    2.66710878e-003 0. 0. 1.42894033e-003 0. 0. 2.97189970e-003 0.
    2.65502115e-003 1.78942646e-004 3.81066091e-003 5.26696350e-003
    4.58975963e-004 3.64882941e-003 4.40380420e-004 3.35193286e-003
    3.81951127e-003 3.74526891e-004 7.49173993e-003 0. -9.17704820e-005
    1.73393870e-003 0. 0. 0. 6.27056090e-003 7.14353146e-003
    4.64790268e-003 0. 0. 0. 2.14090827e-003 6.45644544e-003
    4.42944700e-003 2.07526283e-003 0. 0. 1.17400847e-002
    -2.23544121e-004 0. 0. 0. 2.02195253e-003 2.96639954e-003
    3.33672576e-003 0. -2.23249721e-004 1.17369741e-002 0.
    -8.34730745e-004 0. 0. 7.13727111e-003 2.47247843e-003
    8.21934838e-004 0. 3.84444115e-003 -9.44476749e-004 2.29172967e-003
    0. 2.36687437e-003 4.10538120e-003 0. 0. 3.29595245e-003 0.
    8.89929105e-003 1.91316160e-003 0. 0. 0. -4.04032553e-003 0. 0. 0.
    0. 0. 2.71079713e-003 2.29719328e-003 0. 2.98768422e-003 0. 0.
    -3.82093224e-003 3.73463286e-003 4.30335430e-003 0. 2.74803652e-003
    0. -9.93899885e-004 1.08947149e-002 0. 0. 0. 1.22354813e-002
    2.24198261e-003 -6.77668024e-004 5.91273478e-004 3.33956094e-003 0.
    -1.00011122e-003 2.24651257e-003 7.47197249e-004 6.94644311e-003
    9.52374935e-003 2.08819751e-003 -1.67348387e-003 0. 0.
    4.11942089e-003 7.51926843e-003 -1.18528213e-003 0. 2.23454237e-002
    0. 0. 0. 0. 0. -2.21191294e-004 1.00229320e-003 3.18640191e-003
    1.63603704e-002 0. 2.33196397e-003 8.52815807e-003 -1.64673175e-003
    0. 7.92589854e-005 1.97780854e-003 0. 0. 0. 2.36900686e-003 0. 0.
    1.20877763e-002 -3.55799624e-004 0. 2.04331780e-004 0. 0.
    -9.84824495e-004 -1.87148107e-004 0. 9.06081125e-003 9.55847092e-003
    -3.00500682e-003 0. 0. 0. 3.77835450e-003 2.78455880e-003
    2.89897006e-002 5.01588872e-003 -1.47681189e-004 -2.51394487e-003
    2.32071010e-003 8.91953532e-004 0. 0. 0. 0. 3.84204928e-003
    -7.30172032e-003 0. 1.24416789e-002 0. 0. 0. 0. 1.57443003e-003
    1.21608819e-003 -3.87988781e-004 -2.54277769e-003 0. 5.96059579e-003
    7.57709728e-004 6.03028713e-003 2.53096805e-003 6.82137534e-003
    -1.61894050e-003 4.78814077e-003 0. -2.19951631e-004 0.
    -7.39587471e-004 0. 0. 0. 0. 0. 5.84657444e-003 0. 1.00199636e-002
    0. 5.55059873e-003 0. 2.20507337e-003 0. -3.12279299e-004
    -2.14749807e-003 3.80890025e-003 -1.63429789e-003 0. 0.
    2.80511030e-003 0. 0. 7.86688644e-003 6.68417197e-003 0.
    1.40422974e-002 3.78643419e-003 0. -3.69222648e-003 1.78190923e-004
    0. 7.95510598e-003 6.45396253e-003 0. 1.06310786e-003
    -3.03723995e-004 2.51168967e-003 0. 1.43678742e-003 4.98095434e-003
    3.89332185e-003 0. 0. 2.71631358e-003 -1.49737601e-003
    7.00845500e-004 4.79155872e-003 0. 0. 0. 3.22601339e-003 0. 0. 0.
    5.97671466e-003 1.14357250e-003 0. 7.65519857e-004 0.
    1.50582031e-003 5.38720423e-003 0. 0. 0. 0. 2.80880835e-003 0.
    -2.63361866e-003 2.17958190e-003 2.83718319e-003 0. 0. 0.
    -1.01462290e-004 0. 8.56324006e-003 1.92125200e-003 3.94247007e-003
    0. 7.95717165e-003 -3.87083783e-005 4.29486763e-003 0.
    6.27015135e-004 0. 9.79258679e-003 5.66742290e-003 2.42990069e-003
    7.02907704e-003 8.12069606e-003 -4.70116688e-003 4.47974168e-003
    9.38315177e-004 -1.87974307e-003 4.36239876e-003 9.02848225e-003
    -1.24990984e-004 1.53933244e-003 0. 7.53687415e-003 3.96134146e-003
    6.37881644e-003 4.33313753e-003 1.29739642e-002 8.92233290e-003 0.
    -1.29862200e-003 -1.92193140e-003 0. 8.04565474e-003 0.
    1.95098482e-003 1.55351509e-003 0. 6.78037247e-003 2.22703419e-003
    0. 1.97656732e-003 0. 6.64636306e-003 8.80082604e-003
    4.06079041e-003 4.52716555e-003 0. 1.86382153e-003 2.02540495e-003
    -1.78881339e-003 0. 4.73699905e-003 0. 3.31347669e-003
    6.07610273e-004 0. 1.69541722e-003 3.15737980e-003 0. 0.
    6.25346275e-003 0. 2.93947570e-003 0. 0. 2.72163027e-003
    6.80735661e-003 3.58224707e-003 0. 2.75140069e-003 2.53436831e-003
    6.47026347e-003 2.90342886e-003 2.57216347e-003 0. 0.
    -1.87895261e-003 -4.43678524e-004 0. 1.08112441e-002 0. 0.
    7.74276163e-003 9.99792758e-003 9.60342400e-003 0. 7.74597097e-003
    1.70938915e-003 4.28753032e-004 5.08028036e-003 1.09579973e-003 0.
    0. 0. 4.06275084e-003 1.29822723e-003 0. 0. 1.35295535e-003 0.
    4.72347625e-003 0. 9.59484000e-003 0. -4.13782807e-004 0.
    2.10189610e-003 1.31758722e-003 -1.22259150e-003 7.02885725e-003
    1.85269199e-003 3.07049323e-003 -9.02631262e-004 2.10413430e-003
    4.63458709e-003 0. 2.48144753e-003 1.56637561e-003 0. 0.
    3.02317506e-003 0. 0. 8.38161074e-003 0. 0. 0. 5.23815351e-003
    7.88412217e-005 0. 0. -4.47312021e-004 0. 3.79015994e-003
    2.26029148e-003 9.83214378e-003 -1.76049315e-003 0. -1.43274048e-003
    0. 1.60500768e-003 -3.22113250e-004 3.41669726e-003 0. 0. 0. 0.
    1.04825534e-002 0. 1.23251854e-002</data></imageDescriptor>
</opencv_storage>
