<?xml version="1.0"?>
<opencv_storage>
<imageDescriptor type_id="opencv-matrix">
  <rows>1</rows>
  <cols>500</cols>
  <dt>f</dt>
  <data>
    5.23822661e-003 0. 0. 0. 3.35287128e-004 9.81636229e-004 0. 0.
    3.80677055e-003 7.88047817e-003 0. 5.34054125e-003 0.
    -1.44046766e-003 1.08077815e-002 -1.17310300e-003 1.06174350e-002
    1.21916085e-003 0. 0. -4.67004807e-004 5.57761081e-003 0. 0. 0.
    1.82361424e-003 3.00468248e-003 1.48893322e-003 0. 0. 0.
    2.42436491e-003 2.99211452e-003 -3.85354739e-003 2.71675154e-003 0.
    4.62420098e-003 0. 0. 0. 3.24826804e-003 -4.00109275e-004
    6.58832677e-003 8.56794824e-004 -1.31536264e-003 1.47536835e-002
    8.27850029e-003 9.55669035e-004 2.64338846e-003 4.39861091e-004 0.
    1.23943267e-002 1.45916000e-003 0. 0. 0. 0. 2.82933214e-003 0.
    6.14778139e-003 4.64459322e-003 1.50259549e-003 6.18862594e-003
    6.50412636e-003 0. 8.06158991e-004 0. 1.92506444e-002
    5.81622357e-003 0. 2.27169935e-002 3.02112568e-003 0.
    2.44144513e-003 0. 0. 4.05541563e-004 0. 3.56961950e-003
    3.50321131e-003 8.63913354e-003 5.92813315e-003 0. 0.
    6.80742413e-003 4.79423860e-003 0. 0. 2.05226522e-003
    8.32273159e-003 5.91834681e-003 -1.92137086e-004 0. 3.88049730e-003
    0. 2.09582923e-003 2.02123006e-003 0. 0. 0. 8.37510172e-003 0.
    6.08503178e-004 0. 2.74623116e-003 0. 0. 0. 3.50333913e-003
    7.70094991e-003 3.68401757e-003 0. 0. 1.24888890e-003
    6.22410048e-003 6.50230609e-003 4.65358282e-003 0. 4.22274228e-003
    6.84701093e-003 0. 3.51748749e-004 0. 0. 9.42990556e-003 0. 0.
    5.47831078e-005 -8.03734642e-004 7.81730283e-003 0. 3.52629041e-003
    -3.71791795e-003 2.38314318e-003 0. -1.64325011e-003 0.
    4.94190445e-003 1.42904639e-003 2.63751624e-003 3.91401956e-003
    3.03178164e-003 6.27166824e-003 0. 0. 0. 0. 0. 0. 6.71248836e-003 0.
    0. 0. 4.11823345e-003 1.80237100e-003 0. 0. 0. 2.99442816e-003
    -1.74434052e-003 5.85777033e-003 -1.97429419e-003 1.70309981e-003
    1.03700242e-003 0. 0. 9.67651373e-004 -5.07233897e-004
    4.64942120e-003 0. -4.05535614e-003 3.70011595e-003 -1.30817469e-003
    0. 0. 0. 0. 0. 0. 2.09816196e-003 1.80020800e-003 -6.60107238e-004
    0. 0. 5.70969842e-003 0. 0. 0. 5.48325013e-004 1.75771152e-003 0.
    2.27303174e-003 9.70211579e-004 -3.85375530e-003 0. 2.49213516e-003
    2.85420846e-003 0. 0. 1.30482800e-002 5.42910490e-003
    1.56164635e-003 0. 1.35522266e-003 -6.90748449e-004 5.41477522e-004
    -4.16067708e-003 0. 1.20106408e-004 1.32128340e-003 8.76348093e-003
    0. -1.66483759e-003 0. 4.86551924e-003 0. 2.51885434e-003 0. 0.
    3.21855419e-003 0. 3.15158372e-003 0. 9.81838442e-003 0. 0.
    3.13006109e-003 1.68493961e-003 1.62943953e-003 1.07240782e-003
    6.28843613e-004 0. 8.12990777e-003 0. 0. 3.91994230e-003
    7.22475909e-003 0. 2.08137813e-003 3.96485487e-003 1.56343053e-003
    0. -1.36012665e-003 7.47825578e-003 2.34333868e-003 0. 0.
    1.38447657e-002 2.41611572e-003 0. 4.94987844e-003 0.
    6.34084805e-004 2.08784523e-003 9.29001998e-003 1.13316299e-002
    4.23958059e-003 1.93152949e-002 0. 2.32044724e-003 0. 0.
    2.41660891e-004 -3.81680846e-004 0. 0. 0. 8.03900231e-003 0.
    1.55997812e-003 3.34896496e-003 0. 2.06881552e-003 0.
    2.26953644e-002 0. 0. -4.45781834e-003 0. 0. 4.04256349e-003
    3.02678021e-003 -1.90572202e-004 0. 0. 5.25741372e-004 0. 0.
    2.96478835e-003 0. 0. -3.68563202e-003 2.35802447e-003 0.
    5.47283189e-003 9.61406622e-005 -3.26098292e-004 2.55928072e-003 0.
    0. 0. 1.79360453e-002 1.32376782e-003 6.93507073e-003
    -4.20168624e-004 0. 0. 1.04797794e-003 -2.01991526e-003
    3.96634947e-004 0. 0. -2.00532028e-003 0. 1.57332737e-002 0.
    3.74390022e-003 3.50256778e-005 6.73030782e-003 3.73532390e-003
    6.74899435e-003 5.18360734e-003 0. 5.35305357e-003 0.
    7.25193648e-003 4.73307306e-003 9.22971312e-003 -4.35133232e-003 0.
    0. 3.02203000e-003 0. 1.27593335e-003 3.50971962e-003 0.
    7.88512756e-004 0. 1.71349698e-003 4.77103284e-003 0. 0.
    1.49615249e-003 0. 0. 0. 3.24180024e-003 0. 0. 5.55117801e-003 0.
    3.51815671e-003 4.15000506e-003 -5.41094574e-004 0. 3.61800077e-003
    0. 0. 0. 2.57273880e-003 1.84229901e-003 3.69871431e-003 0.
    4.07987367e-003 1.10462271e-002 8.55837576e-003 4.47129970e-003
    2.05877674e-004 1.17748335e-003 9.65801626e-003 0. 4.50038305e-003
    3.61725688e-003 0. 5.65779814e-003 0. 0. 4.68255347e-003
    2.01488542e-003 0. 0. 1.94295647e-003 0. 5.47733903e-003 0.
    1.40197892e-002 4.25812462e-003 0. 0. 0. 0. 0. 0. -8.65792681e-004
    0. 2.31987354e-003 0. 0. 2.40570237e-003 1.85781112e-003 0.
    -2.04145256e-003 5.70563599e-003 0. 0. 2.97570531e-003
    4.53546178e-003 4.43149731e-003 1.10314705e-003 8.80021509e-003 0.
    2.80449027e-003 0. 0. 2.57836049e-003 -5.42366004e-004 0.
    1.17190171e-003 0. 0. 0. 2.99164956e-003 0. 4.24546422e-003
    4.31624148e-003 1.24419760e-003 3.02310451e-004 0. 0.
    4.85721794e-005 5.60965273e-004 2.81142839e-003 1.28870578e-002 0.
    -6.04310422e-004 2.04071216e-003 0. 0. 5.60972840e-004
    1.64884366e-002 2.74851406e-003 3.19243106e-003 7.19606364e-003 0.
    0. -1.22727652e-003 0. 1.55913571e-004 0. -3.25903180e-003
    1.76199712e-003 0. -1.99035672e-003 0. 2.61827209e-003
    1.13095539e-002 0. 0. -8.13928957e-004 5.96624473e-003
    2.43708186e-004 1.55511103e-003 0. 0. 0. 1.88436476e-003
    2.89793359e-003 2.33158097e-003 0. 5.65419160e-003 4.62283380e-003
    0. 2.86370795e-003 1.77483144e-003 0. 0. 3.27587291e-003
    2.52258545e-003 0. 1.07545424e-002 0. 4.76226350e-003
    3.94289428e-003 1.09449169e-002 3.86673119e-003 0. 0.
    2.90480326e-003 -1.63862089e-004 0. -1.39346602e-003 0. 0. 0. 0.
    1.40477344e-003 -2.19029281e-003 0. 3.40567646e-003 0.</data></imageDescriptor>
</opencv_storage>
