<?xml version="1.0"?>
<opencv_storage>
<imageDescriptor type_id="opencv-matrix">
  <rows>1</rows>
  <cols>500</cols>
  <dt>f</dt>
  <data>
    -7.04105420e-004 6.02453062e-003 5.67752076e-003 3.30204004e-003 0.
    7.99922552e-003 0. 3.89184058e-003 3.97716300e-004 0.
    -1.02116799e-004 8.04348325e-004 2.69399001e-003 -3.08645773e-004
    3.24716559e-004 3.15943197e-003 2.44451547e-003 1.39148897e-002
    3.02209146e-003 0. 7.46324193e-004 0. 2.75415659e-004
    -2.95324833e-003 2.53287121e-003 0. 2.11619958e-003 1.35025091e-003
    0. 0. -1.01011450e-004 0. 1.59047660e-003 -2.15877706e-004
    3.66603001e-003 6.71088463e-003 4.74709598e-003 0. 0. 0.
    5.90183632e-003 1.55904435e-003 0. 0. 5.15739992e-003
    4.46044141e-003 3.43328225e-003 4.69523529e-003 0. 1.25446555e-003
    1.91910635e-003 9.97682801e-004 8.50175135e-003 0. 4.27646376e-003
    0. 3.14577413e-003 0. 0. 0. 3.19317961e-003 0. 7.21742213e-003
    5.48840547e-003 0. 1.77973905e-003 3.73236113e-003 5.05027929e-005
    -1.13814625e-004 4.07585222e-003 3.07359756e-003 4.20647301e-003 0.
    0. 4.68286499e-003 1.46044139e-003 -1.03345513e-003 0.
    1.39981753e-003 -1.59266696e-004 -3.08314571e-003 -6.65884884e-003
    1.27829122e-003 5.71036571e-006 -1.57448871e-004 1.28507046e-002
    6.62856037e-004 6.29187911e-004 -1.33949483e-003 2.34848494e-003 0.
    0. 1.99048338e-003 0. 0. 3.46042891e-003 0. 8.53170548e-003
    1.05615030e-003 0. 1.69002917e-003 -4.11657275e-005 0.
    8.15493986e-003 3.78303486e-003 -1.88840274e-003 5.52088767e-003
    -4.82626871e-004 3.47625464e-003 5.82521409e-003 3.48578859e-003 0.
    2.21046736e-003 0. 4.05754335e-003 0. 5.52706467e-003 0.
    6.60345890e-003 -2.42796596e-004 0. 1.88729295e-003 7.58193387e-003
    0. 0. -7.22041841e-006 0. 0. 1.83775416e-003 -3.51439696e-004
    -7.76155735e-004 2.16582470e-004 0. 1.83041696e-003 3.71745205e-003
    2.88008363e-003 1.09121688e-002 3.13426973e-003 0. 0. 0.
    9.76719800e-003 0. 1.74745382e-003 1.86988302e-002 6.24248176e-004
    2.74228561e-003 8.24621506e-003 0. 3.30620119e-003 0. 0.
    5.11169666e-003 6.06076978e-003 4.05814033e-003 3.87165346e-004 0.
    2.73833028e-003 1.55296794e-003 2.86879973e-003 1.61637634e-003 0.
    0. 5.31769684e-003 6.22148812e-003 0. 5.32384776e-003 0.
    6.52737031e-003 4.38451255e-003 3.03045241e-003 0. 9.43242200e-003
    1.08216163e-002 0. 1.09522755e-003 0. 0. 3.76583636e-003
    2.48720939e-003 2.50021997e-003 3.05929128e-003 0. 1.51444571e-002
    0. 0. -4.92297462e-004 1.33395905e-003 4.66823904e-003
    4.72756242e-003 1.52909313e-003 3.35687329e-003 2.04053737e-004
    2.28360179e-003 1.67337363e-003 3.15125682e-003 0. 0. 0.
    2.12662527e-003 0. 1.06842665e-003 6.66123815e-003 0.
    4.70792269e-003 4.57609212e-003 -3.35294241e-003 0. 0.
    -2.44532549e-003 1.00839313e-003 0. 0. 0. 2.89687980e-003
    2.71470309e-003 0. 2.72205356e-003 -3.90494999e-004 1.78900734e-003
    0. 1.03099947e-003 4.58069611e-003 0. 2.06912253e-002 0.
    -3.06489109e-003 -4.70065192e-004 4.48474940e-003 3.43483733e-003 0.
    1.97006809e-003 0. 3.91633762e-003 0. 0. 1.35128247e-003
    2.17027124e-003 0. 0. 3.01379850e-003 -9.15347505e-003 0.
    -1.10410758e-004 6.05831447e-004 0. 0. 1.01442251e-003 0.
    7.28721963e-003 1.15319202e-003 0. 0. 7.07251020e-003 0.
    4.80230618e-003 1.24454265e-002 4.92402678e-003 5.99701935e-003
    1.74654217e-003 2.47895857e-003 0. 4.11840668e-003 2.85720476e-003
    2.53355713e-003 0. 0. 2.89079477e-003 1.52609230e-003 0.
    3.55942850e-003 1.61654007e-005 1.80724647e-003 -5.75334940e-004 0.
    0. 0. 1.12776253e-002 0. 0. 0. 6.91855501e-004 5.87189756e-003
    1.80007645e-003 5.33033349e-003 0. 3.64259025e-003 2.00637057e-003
    -1.06335769e-003 -1.72369229e-003 0. -4.33663779e-004
    2.87568662e-003 6.04331540e-003 4.72997129e-003 -2.08059628e-003
    2.14921706e-003 -1.19155319e-003 5.12247579e-003 5.53699303e-003 0.
    6.61201775e-003 1.32457877e-003 7.47886579e-003 -4.97467758e-004 0.
    7.74898427e-003 0. 8.94403900e-004 0. 3.53001524e-003
    1.02267682e-003 0. 1.35582332e-002 3.60666803e-004 1.68117490e-002
    4.74459928e-004 1.49857893e-003 0. 3.59931868e-003 3.40008107e-003
    8.43737915e-004 0. 9.53016430e-003 5.53469406e-004 0.
    -3.05906800e-003 0. 0. 7.58850388e-003 0. 4.73486027e-003
    -1.38153345e-003 0. -1.31308145e-004 5.25577413e-003 0.
    2.86435476e-003 1.83951296e-003 2.16057539e-004 1.58646365e-003
    -4.74497007e-004 0. 1.20629428e-003 1.79283775e-003 2.77053448e-003
    0. 0. 0. 1.48382678e-003 0. 4.90900129e-004 7.62200169e-003
    1.91556627e-003 2.77420995e-003 0. 1.04862929e-003 8.78342520e-003
    7.71706970e-003 1.08246412e-002 -4.91234998e-004 0. 0.
    3.32333776e-003 6.18395454e-004 4.90534212e-003 1.31073012e-003
    -3.09058960e-004 -6.53552590e-004 2.01460300e-003 0. 0.
    7.34401459e-004 -1.33430224e-003 0. 5.18781366e-003 1.76181609e-003
    0. 0. 9.68073774e-003 -8.54009064e-004 6.00815192e-003
    6.29613642e-003 6.47739333e-004 1.69730023e-003 0. 0.
    1.13435334e-003 2.26946035e-003 0. 2.32651900e-003 0.
    -2.85337190e-003 6.82117464e-003 1.63464027e-003 1.57603936e-003
    2.25889543e-003 0. 1.28894532e-003 2.24309717e-003 -6.66807173e-004
    0. 2.15371349e-003 0. -1.68701707e-004 1.83891656e-003 0.
    2.19381647e-003 3.91376764e-003 0. 0. 2.40883278e-003 0. 0.
    2.56803702e-003 0. 6.68605603e-003 4.64563537e-003 1.90527015e-003
    0. 0. 7.42963562e-003 7.20767817e-003 0. 0. 0. 0. 0. 6.20356062e-003
    0. 4.65043634e-003 3.05877533e-003 3.29368399e-003 7.89346267e-003
    1.46302476e-003 0. 1.46987382e-003 0. 2.68635713e-003
    8.87060014e-004 1.43710128e-003 0. 3.90349654e-003 0.
    9.59937868e-004 0. 3.85344587e-003 0. 0. 0. 0. 5.66671928e-003 0. 0.
    5.76956011e-003 2.46648397e-003 0. 0. 1.11646904e-003
    5.69880800e-003 0. -1.72983884e-004 0. 0. 1.37455482e-003 0.
    2.29590968e-003 6.65336568e-003 6.52061263e-003 -1.58850205e-004
    2.17099767e-003 3.11198574e-003 9.44626797e-003 -1.12468889e-003 0.
    0. 0. 0. 3.15260049e-003 2.77287606e-003 0. 1.90297980e-003
    2.01779697e-003 2.24328702e-004 1.18928794e-002 0. 0.
    1.57078099e-003 2.55627045e-003 0. 2.63170246e-003 -1.13521598e-003
    1.32789183e-002 3.69983353e-003 0. 0. 6.45889016e-003
    2.46681273e-004 0. 1.22919213e-003</data></imageDescriptor>
</opencv_storage>
