<?xml version="1.0"?>
<opencv_storage>
<imageDescriptor type_id="opencv-matrix">
  <rows>1</rows>
  <cols>500</cols>
  <dt>f</dt>
  <data>
    1.38321216e-003 -7.42042344e-003 1.66786183e-003 0. 3.96750821e-003
    1.89229357e-003 0. 1.42916932e-003 1.44291935e-005 1.30489627e-002
    1.34909863e-003 -2.31054449e-003 1.65224413e-003 2.61975755e-003
    1.93039130e-003 2.12923996e-003 3.26073053e-003 2.21401802e-003
    2.82842293e-003 3.89812631e-004 0. 1.15923798e-002 2.60181958e-004
    0. 0. 7.30863633e-003 1.08493282e-003 4.21041669e-003
    1.50108081e-003 0. 3.25280894e-003 9.80198500e-004 3.44189093e-003
    -2.07358738e-003 3.14953009e-004 0. -1.12642918e-003 0.
    -9.51224531e-004 3.02354892e-004 0. 1.00567220e-002 0. 0.
    5.42957452e-004 7.86512159e-003 8.71887314e-004 0. 0. 0. 0.
    2.53441068e-003 1.91048451e-003 0. 2.52982555e-003 0. 0.
    2.26323702e-003 0. 0. 0. 2.89723137e-003 7.71259729e-005
    5.89749427e-004 7.14950217e-003 5.01623470e-003 2.06028298e-003
    4.93700569e-003 0. 1.01449550e-004 1.81249087e-003 2.18220311e-003
    0. 6.64946809e-003 2.94754654e-003 0. 5.31930616e-003
    2.61508464e-003 3.66345141e-003 4.13865503e-003 1.82051526e-003
    1.50785483e-002 0. 0. 2.20950972e-003 -1.84281540e-004
    1.83866452e-003 0. 6.42789435e-003 0. 0. 0. 3.70345567e-003
    7.94270262e-003 2.48323684e-003 4.65255743e-003 1.11434842e-003 0.
    7.17048952e-003 4.01986949e-003 3.08322208e-003 0. 7.88969360e-003
    -1.43516774e-003 1.02232827e-003 3.07671609e-003 0. 8.97826441e-003
    3.18806944e-003 1.63132988e-003 3.70768667e-003 1.05998176e-003
    1.90337072e-003 0. 0. 2.02362100e-003 2.61294859e-004
    3.57784727e-003 0. 0. 0. 0. 3.14113544e-003 5.61459688e-003
    6.10358693e-005 1.70102494e-003 0. 1.79866899e-003 0.
    -2.12839665e-003 4.35263151e-003 1.82253448e-003 1.00307552e-004 0.
    1.30502053e-003 6.19026413e-003 0. -1.47368386e-003 0.
    3.58165661e-003 3.75759206e-003 9.19245742e-003 6.09235791e-003
    3.75383184e-003 0. 2.69663334e-003 1.81495573e-003 0. 0.
    1.56757876e-003 0. 0. 2.20776722e-003 -2.68929609e-004 0. 0.
    1.44378841e-003 0. 1.81598205e-003 0. 2.26133107e-003
    5.52026264e-004 2.35507614e-003 6.09882409e-003 0. 0. 0. 0. 0.
    4.27029910e-004 1.04980299e-003 5.67521784e-004 0. 0. 0.
    6.56808633e-003 8.06109700e-003 0. 3.16306553e-003 0.
    2.19262089e-003 0. -9.66088497e-004 0. 0. 0. -4.50746156e-003 0.
    -1.49629894e-003 3.54403630e-003 6.87092426e-004 0. 0.
    2.45729531e-003 1.41444022e-003 1.68986351e-003 4.89507755e-003
    4.55208123e-003 6.69985125e-003 1.79715338e-003 0. 6.36625849e-003
    1.37041381e-003 1.92324328e-003 1.20975194e-003 4.64093359e-003 0.
    -7.06027422e-005 0. 6.14041043e-003 1.41552940e-003 0. 0.
    1.55503672e-004 5.63292019e-003 2.99075479e-003 -2.34879251e-003
    -4.96054359e-004 -1.68194470e-003 1.00630959e-002 0.
    -9.97148571e-004 0. 1.58623385e-003 1.61859971e-002 0. 0.
    -4.82186384e-004 0. 0. 3.28545552e-003 2.48881336e-003
    1.24242378e-003 4.12867405e-003 2.00574305e-002 4.62645292e-003
    7.20345706e-004 5.16317599e-003 1.38812372e-003 2.44279695e-003
    1.38285160e-002 9.99976601e-003 0. -1.14642840e-003 7.55068567e-003
    1.89360362e-002 -6.53806084e-004 0. 0. 0. -1.30273681e-003 0.
    1.60868596e-002 0. 0. 0. 3.71449254e-003 3.89259844e-003 0.
    3.40745761e-003 1.27171772e-003 1.98325235e-003 -1.14172348e-003
    2.29601841e-003 7.77755748e-004 0. 0. 1.60944019e-003
    1.49995834e-003 6.26544189e-003 7.76067493e-004 6.81314059e-003
    2.66305381e-003 0. 2.27935123e-003 2.14239792e-003 8.57695937e-003
    5.47698652e-003 2.22773617e-003 0. 5.45573328e-003 5.81994001e-003
    1.63591860e-004 -6.46132452e-004 1.53586466e-003 -2.83486955e-003 0.
    0. -3.02426144e-003 3.65291233e-003 5.20055927e-003 7.81603332e-004
    2.35626823e-003 -4.21608100e-004 1.10131400e-002 -1.28302869e-004
    2.24602548e-003 5.65806031e-003 3.58451484e-003 1.21673308e-002
    5.82131743e-003 6.13280688e-004 1.63875066e-003 2.12318776e-003 0.
    -2.06778594e-003 0. 9.66535765e-004 0. 9.75190545e-004
    6.75833691e-003 -2.87572853e-004 -8.66129936e-004 1.29849860e-003
    6.01281738e-003 -6.33233052e-004 0. 0. 8.06656200e-003
    1.08463224e-003 5.48885856e-003 0. 4.13827412e-003 0. 0. 0. 0.
    7.50970468e-003 0. 0. 5.46990149e-003 2.59835273e-003
    4.92131384e-003 6.19411003e-003 0. 7.86234741e-004 4.73586493e-004
    3.08486866e-004 0. 1.92099265e-004 2.81687448e-004 2.71097803e-003
    -1.05868094e-003 0. 2.60752556e-003 2.32633832e-003 2.68473383e-003
    1.36731518e-003 3.55883501e-003 0. 2.54973932e-003 0.
    5.42091206e-003 3.35276360e-003 3.29610729e-003 3.85155762e-003 0.
    0. 0. 3.72520066e-003 8.77934974e-004 0. 7.95237068e-003 0.
    3.15052480e-003 3.31440708e-003 0. 8.46115686e-003 6.53028674e-003
    0. 0. 5.80316549e-003 -7.83581578e-004 6.51484763e-004 0. 0. 0.
    1.94944767e-003 0. 0. -1.66405120e-003 0. -5.27069857e-003
    9.30942688e-003 2.39695096e-003 4.55708709e-004 8.94607138e-003 0.
    -9.98443225e-004 0. 0. -7.33776105e-005 2.36203909e-004
    4.85701673e-003 1.79735594e-003 2.97246384e-003 2.53109890e-003 0.
    9.45775956e-003 0. 2.60924455e-003 5.61569445e-003 3.65547324e-003
    0. 3.32768261e-003 1.43973588e-003 7.20604137e-003 0. 0.
    4.08533309e-003 0. 0. 2.33818498e-003 0. 0. 0. 2.23247940e-003
    2.27956939e-003 0. 1.40388060e-004 0. 2.03644787e-003
    1.11246714e-003 2.40711888e-004 0. 0. 6.07220875e-003 0. 0.
    5.11225034e-003 2.23237136e-003 7.25387828e-004 0. 0. 0.
    6.40915427e-003 0. 0. 8.07264075e-003 0. 7.49390339e-003
    -2.57097563e-004 0. 2.05373554e-003 2.68233521e-003 0. 0.
    4.14604926e-003 3.39345448e-003 9.73598845e-003 0. -2.49208021e-003
    7.65538961e-003 -8.49716715e-004 4.76571760e-004 0. 4.15967265e-003
    1.96925383e-002 3.22686246e-004 8.42311943e-004 4.86715464e-003
    4.28212294e-003 1.17475132e-003 0. 5.25006745e-003 2.50534480e-003
    2.38118670e-003 1.76496198e-003 5.39412210e-003 8.79548257e-004
    3.46959825e-003 0. 9.52887756e-004 0. 3.68937035e-004
    -1.07106112e-003 2.88802199e-003 1.74559245e-003 -2.34654945e-005
    2.69979704e-004 7.41795637e-004 1.23842480e-003 1.12794398e-003 0.
    9.47114080e-004 1.56870426e-003 7.06804777e-003 0. 2.17444124e-003
    0. 0. 0. 0. -1.41730226e-004 3.32934083e-003 4.29903995e-003 0. 0.
    1.24106894e-003 7.30014453e-003</data></imageDescriptor>
</opencv_storage>
