<?xml version="1.0"?>
<opencv_storage>
<imageDescriptor type_id="opencv-matrix">
  <rows>1</rows>
  <cols>500</cols>
  <dt>f</dt>
  <data>
    7.48982513e-003 6.63625426e-004 0. 5.99976350e-003 2.38346751e-003
    -8.68501316e-004 0. 3.95007955e-004 6.24179048e-003 1.71532482e-003
    0. 3.26316175e-003 0. 0. 0. 1.37904473e-003 0. 6.41902396e-003 0. 0.
    1.44360674e-004 0. 0. -9.14755583e-005 0. 7.84355961e-003
    6.25665765e-003 6.90537598e-003 1.73032237e-003 -4.84918448e-004
    5.36109135e-003 0. 0. 2.49094842e-003 3.10794404e-003
    3.57154687e-003 7.75490841e-003 0. 1.24209479e-003 -2.92071287e-004
    -2.63780751e-003 3.06822266e-003 -2.96804938e-004 3.10968142e-003
    3.35267298e-002 1.72469653e-002 -7.09650340e-004 2.41152360e-004
    2.55471724e-003 0. 4.66572773e-003 0. 0. 0. 0. 0. 0. 0.
    5.44265052e-003 0. 0. 2.11217231e-003 4.20778786e-004
    -1.94425229e-003 0. 4.05188464e-003 0. 0. -1.02690216e-002
    3.19183664e-003 -1.60240347e-003 -5.60820976e-004 7.43766897e-004
    9.00942541e-004 0. 0. 1.09696789e-002 -8.41503381e-004 0.
    2.52432562e-003 0. -6.69806032e-003 0. 9.87690594e-003 0.
    3.15227127e-003 0. 2.31843465e-003 1.75993494e-003 0.
    3.56283999e-004 8.85523017e-003 -4.13742353e-004 -2.73920712e-004
    2.77740369e-003 9.38860525e-004 0. 4.59595211e-003 0.
    1.06701609e-002 2.69951439e-003 0. 0. 6.93338597e-003
    1.57320336e-003 1.62924058e-003 -1.17059299e-005 0. 4.31241654e-003
    3.40576586e-003 1.17748242e-003 1.04210805e-003 3.86229763e-003 0.
    2.04494293e-003 0. -2.34824256e-003 0. 1.31128507e-003
    1.66804076e-003 0. 0. -1.67843443e-003 0. 4.22396418e-003
    7.07182940e-003 4.82980686e-004 0. 9.05516965e-004 -3.12837213e-003
    -7.17041898e-004 -3.94390011e-003 0. 5.63314650e-003 1.53077058e-002
    1.63392927e-002 -1.64760480e-004 -1.13587128e-003 -6.43648207e-003
    2.78929831e-003 0. 0. 5.51065081e-004 3.83585691e-003
    2.02243403e-003 2.82952818e-003 1.12591917e-003 0. 0.
    4.29272512e-003 -6.94277696e-004 1.35198084e-003 -3.69271240e-003
    2.23282492e-003 3.82191269e-003 0. 1.03784492e-002 0.
    1.23463655e-002 8.34484771e-003 7.82235060e-004 2.21714051e-003 0.
    5.28173987e-003 0. 3.76573810e-003 2.46686209e-003 0. 0.
    1.78249858e-004 0. 3.60637670e-004 0. 2.27209460e-003
    -1.32466457e-003 3.47941276e-003 6.56656735e-003 0. 1.47575641e-003
    0. 5.16539672e-004 1.15329400e-003 1.59375704e-004 1.17384945e-004
    7.89298909e-004 1.40854594e-004 -7.26033468e-005 3.65680113e-004
    4.07310994e-003 3.13160662e-003 0. 0. 0. 1.57505728e-003 0.
    2.20223889e-003 2.29575927e-003 0. 0. 0. 0. 5.45399170e-003
    1.43922307e-003 3.67071689e-003 2.43150676e-003 1.84800802e-003 0.
    0. 0. 0. 1.45297628e-002 8.03068629e-004 1.53978309e-003 0. 0. 0.
    1.88958622e-003 4.21346311e-004 1.63227611e-003 0. 0.
    7.54025765e-004 0. -1.99961918e-003 2.17873640e-002 8.18099175e-003
    2.32369360e-003 0. 0. 4.53768903e-003 3.69602884e-003
    2.39761546e-003 2.66096648e-003 -2.58817547e-003 -3.20794526e-003
    2.86015659e-003 4.78587160e-003 6.65798038e-003 0. 5.20283997e-004
    9.76848183e-004 0. -4.91665909e-004 7.29304971e-003 3.08673875e-003
    0. 0. 6.27789879e-003 6.87966356e-003 4.94545000e-003
    2.34324252e-003 4.79438808e-003 -4.52871143e-004 0. 0. 0. 0.
    9.64017599e-005 0. 0. 5.30258240e-003 3.77651979e-003 0.
    -1.16688803e-004 0. 0. 4.49938350e-004 2.86274753e-003
    4.59761452e-003 0. 6.13193633e-003 3.25241149e-003 -2.21864815e-004
    0. 0. 0. 0. 9.78628173e-003 0. 1.83840538e-003 0. 0.
    -1.26780325e-003 8.64965841e-003 3.07983696e-003 -1.74698455e-003
    2.54107453e-003 6.31251233e-003 2.54353043e-003 2.28500296e-003 0.
    3.50947236e-003 5.99782635e-003 0. -4.53073811e-003 7.91671034e-003
    0. 0. 0. 2.64888746e-003 0. 5.85510163e-004 0. 0. 0. 1.46312185e-003
    0. 2.20931298e-003 0. 3.33072222e-003 0. 0. 1.14906868e-002 0.
    4.31350805e-003 4.38581826e-003 5.48715412e-004 3.20386793e-003
    1.67094339e-002 1.16270641e-003 0. 1.32332009e-003 0.
    1.96466828e-003 0. 0. 2.17470666e-003 3.20752594e-003
    1.74139728e-004 2.32696682e-002 7.63507909e-004 0. 0.
    2.20984500e-003 0. 0. 0. 0. 3.78497969e-003 2.40190024e-003 0.
    4.42692661e-004 4.71924944e-003 2.10550684e-003 4.19236720e-003
    5.52850659e-004 1.94589293e-003 0. 2.53658439e-003 6.38800720e-003
    2.38915207e-003 0. 0. 1.04061863e-003 1.01057813e-003 0.
    1.26324361e-002 0. 1.69188285e-003 3.70897702e-003 0. 0.
    6.69516483e-003 4.48950566e-003 0. 3.93762253e-003 0.
    3.60380672e-003 3.47937981e-004 0. 2.91202310e-003 3.74087226e-003
    0. 0. 0. 0. 0. 1.30784023e-003 1.39057990e-002 3.31955450e-003
    7.28138071e-003 0. 0. 1.96233997e-003 0. 0. 0. 1.54595578e-003
    -2.51600728e-003 1.83758349e-003 5.56107378e-004 0. 5.85003477e-003
    1.20439865e-002 8.16669839e-004 2.54762010e-003 3.20243323e-003 0.
    0. 0. 0. 0. 9.16513032e-004 -7.63747841e-004 0. 3.17275408e-003
    7.16186687e-003 1.63154572e-003 0. 8.98637925e-004 9.67562292e-003
    0. 0. 1.07331120e-003 4.77291178e-003 0. 0. 3.08113958e-004 0.
    2.91651289e-004 0. 0. 1.40521990e-003 0. 1.00315618e-003 0.
    7.02479249e-003 0. 1.07297464e-003 -1.28179148e-003 5.05893212e-003
    5.51237399e-003 1.31018152e-002 1.88036019e-003 2.50301044e-003
    4.74762963e-003 0. 0. 0. 0. 0. 8.69659416e-004 0. 3.54161300e-003
    1.46132172e-003 5.58181759e-003 1.49539602e-003 0. 6.26460696e-003
    -4.44290781e-004 0. 0. 0. 0. 3.75329354e-003 3.23528191e-003
    3.17381648e-003 0. -4.53731790e-003 0. -1.21494522e-003 0.
    1.14044407e-003 5.11599332e-003 1.12399890e-003 6.75251409e-002
    -1.02221803e-003 -1.34425331e-003 0. 5.41588152e-003 5.18858805e-003
    3.39149055e-003 1.67831581e-003 0. 0. 2.82661291e-003
    3.89462453e-004 2.35076970e-003 1.39171164e-003 0. 2.38699606e-003
    0. 1.59117661e-003 0. -1.10607035e-003 3.44059058e-003
    7.71667529e-003 0. 1.40788611e-002 -1.55329704e-004 0.
    4.94693988e-004 3.29420296e-003 0. 0. -8.84420821e-004
    6.18018443e-003 0. 0. 5.63419471e-003</data></imageDescriptor>
</opencv_storage>
