<?xml version="1.0"?>
<opencv_storage>
<imageDescriptor type_id="opencv-matrix">
  <rows>1</rows>
  <cols>500</cols>
  <dt>f</dt>
  <data>
    0. -2.33501871e-003 -7.87022349e-004 4.69700200e-003 1.23698352e-004
    0. 6.17437018e-003 5.50105795e-003 0. 0. 0. 6.11526775e-004 0.
    9.64816660e-003 3.40754795e-003 1.04029861e-003 0. 0.
    7.48749124e-003 0. 8.56463425e-003 0. 0. 5.04477648e-003 0.
    6.78790209e-004 0. 3.13883228e-003 -3.55495210e-003 -2.30743038e-003
    0. 0. 0. 5.96448267e-003 1.19360210e-003 1.04418295e-002
    -2.01185490e-003 0. 0. -7.89389422e-004 1.99837866e-003 0. 0.
    8.66926368e-003 0. 1.82320748e-003 1.22312484e-002 9.87818348e-004
    0. 0. -1.33152818e-003 -1.79082155e-004 1.25442003e-003 0.
    6.57531945e-003 -1.95543427e-004 6.39109593e-003 0. 3.04615311e-003
    0. 0. 0. 1.45806009e-002 4.88408701e-003 0. -2.19371053e-003 0.
    3.92901711e-003 2.54299352e-003 9.70692839e-003 1.11559434e-002
    -5.10070124e-004 0. 0. 4.94233370e-002 0. 0. 0. 1.54312968e-003
    2.39545247e-003 0. -2.29653175e-004 0. 2.16051936e-003 0.
    1.03399718e-004 3.69801396e-003 1.21371541e-003 4.59908415e-003
    4.48351074e-003 1.74971949e-003 -1.96055067e-003 6.00599637e-003 0.
    0. 1.39698503e-003 5.41164447e-003 -3.46057117e-003 0. 0. 0.
    -1.28511619e-003 2.12954869e-003 1.83636658e-002 0. 0.
    -2.51574209e-004 7.18299020e-003 0. 5.34323801e-004 -7.09074608e-004
    0. 0. 0. -2.25379423e-004 1.54912486e-004 0. 0. 2.59613479e-003 0.
    0. 0. 1.07373334e-002 0. 0. 0. 0. 3.67705058e-003 2.35459232e-003
    2.95388326e-003 0. 7.54556013e-003 0. 2.71660881e-003
    3.01956828e-003 0. 6.38842024e-003 0. 0. 0. 0. 0. 0. 8.87759496e-003
    1.44490842e-002 5.91452699e-004 0. -9.19507758e-004 0.
    1.52097910e-003 -1.11315190e-003 0. 3.72554222e-003 -1.44806155e-003
    4.92296508e-003 0. -3.08822095e-003 0. 2.55434355e-003
    2.91161034e-002 0. 7.85250869e-003 2.17133947e-003 3.30512924e-003
    1.22928561e-003 0. 0. 0. 3.45391198e-003 0. 6.33836770e-003
    3.82255111e-003 3.39785544e-003 4.17887792e-003 0. 0. 0. 0.
    1.33749787e-002 2.62249215e-003 0. 1.11806830e-002 0.
    1.98661312e-002 1.99876539e-002 0. 2.31380342e-003 0. 0. 0. 0. 0.
    4.70268447e-003 0. 0. 3.03906086e-003 1.03038619e-003 0. 0. 0.
    4.18862887e-003 0. 0. 0. 6.02464471e-003 3.31185176e-004
    5.31245722e-003 0. 0. -5.36724273e-003 -7.69168764e-005 0.
    -1.16977678e-003 1.40052568e-002 5.79734193e-003 0. 0. 0. 0.
    1.96917192e-003 0. -1.89379009e-003 9.91357010e-005 0.
    5.57290390e-003 0. 1.41918554e-003 6.78198878e-003 6.78384537e-003
    1.78227248e-003 0. 0. 3.26703000e-003 7.39384210e-003 0.
    2.92334706e-002 0. -2.40915013e-003 0. 0. 0. 0. 1.33947795e-003
    1.21609028e-002 0. 0. 6.75798813e-003 1.33034156e-003
    2.51497899e-004 2.31547188e-003 0. 6.76773954e-003 0.
    4.26832028e-003 3.87113844e-003 0. 0. 8.38001259e-003
    9.88405477e-003 8.33239523e-004 -1.28204958e-003 2.74108397e-003
    2.39367839e-002 1.43879270e-002 -1.99893652e-003 0. 1.46779511e-003
    -1.00908871e-003 0. 0. 0. 3.08062672e-003 0. 0. 2.97059747e-003
    3.93572031e-004 3.03181494e-003 0. 1.56789809e-003 0.
    -2.64839199e-003 1.94082642e-003 -3.57226399e-003 0. 1.88275857e-003
    0. 0. -4.65796184e-004 4.43904981e-004 0. 0. 0. 6.84616715e-003
    3.26882256e-003 0. 0. 2.64468230e-003 0. 9.23502259e-003
    1.09938299e-002 0. -2.31574499e-003 0. 3.52879841e-004 0. 0.
    2.10145619e-002 0. 1.59441074e-003 0. -6.94430200e-004
    1.37730304e-003 1.26354294e-002 1.12905726e-002 0. 8.37094989e-003
    4.43188148e-003 1.15763000e-003 0. 0. 0. 0. 0. 3.56757268e-003 0. 0.
    0. 0. 3.58817563e-003 0. -2.65513523e-003 0. 1.83952716e-003 0. 0.
    0. -8.30435427e-004 7.26926094e-003 3.58771533e-003 2.79650674e-003
    6.88193366e-003 -3.69461044e-003 0. 0. 0. 2.17973860e-003
    1.20463111e-002 6.44533196e-003 -4.75647830e-004 -1.00676296e-003 0.
    0. 0. 0. 0. 0. 0. 6.06990186e-003 4.73317970e-003 -2.56571919e-003
    4.44139168e-003 1.10353902e-003 0. 0. 3.38886079e-004 0.
    1.26421137e-003 0. -2.91946554e-003 1.77944880e-002 0.
    6.19665300e-003 9.01146140e-003 5.36036771e-003 0. 6.01327466e-003
    7.08666025e-003 0. 7.16033857e-003 4.07680683e-003 -2.70233932e-003
    -8.91440723e-004 0. -1.08724115e-002 0. 2.59721768e-003
    3.09602846e-003 0. 0. 0. 0. 0. 5.84327523e-003 0. 4.53159818e-003
    -5.49936376e-004 1.88593555e-003 2.64317542e-003 0. 0. 0.
    9.72464029e-003 -3.38212616e-004 1.70794933e-003 1.02772424e-003 0.
    -2.02510180e-003 0. 5.09633031e-003 0. 0. 0. 2.32577440e-003
    4.95005213e-003 1.00442953e-003 0. 4.42544091e-003 4.83101094e-003
    6.49459544e-004 -4.73774067e-004 -2.27709371e-003 3.18442704e-003 0.
    1.66736916e-003 0. 1.74413971e-003 -5.78941021e-004 0.
    2.12204643e-003 0. 5.02550462e-003 -4.41878708e-003 0.
    -3.04726348e-003 3.17747262e-003 1.30005963e-002 0. 7.67999445e-005
    2.53602309e-004 0. 6.28572772e-004 0. 0. 1.13716559e-003
    2.74197152e-003 0. -5.99909201e-003 0. 1.16453378e-003 0.
    4.56230296e-003 -5.44111431e-003 1.07304170e-003 0. 0. 0. 0.
    1.69259336e-004 0. -5.18209592e-004 5.94893657e-003 0. 0. 0. 0. 0.
    5.64562296e-003 0. 0. 0. -1.73336244e-003 1.21960035e-002
    3.89825343e-003 0. 1.64013635e-003 0. 0. 3.29502672e-003 0.
    1.39482378e-003 2.65439693e-003 3.13095027e-003 1.13848550e-003
    7.17546884e-003 4.23277542e-003 8.90866574e-003 0. 9.10900359e-004
    -3.90628679e-003 0. 0. 4.41653607e-003 7.89278746e-003 0.
    1.73134415e-003 6.66993379e-004 2.24830094e-003 -1.17904227e-003 0.
    0.</data></imageDescriptor>
</opencv_storage>
