<?xml version="1.0"?>
<opencv_storage>
<imageDescriptor type_id="opencv-matrix">
  <rows>1</rows>
  <cols>500</cols>
  <dt>f</dt>
  <data>
    0. 0. 0. 0. 2.47057574e-003 -4.73430191e-005 7.76479207e-003
    2.09947373e-003 -6.13902230e-004 6.34147413e-003 2.78234412e-003 0.
    0. -4.86589095e-004 0. 0. 5.32337697e-003 0. 0. 2.90333084e-003 0.
    2.34699179e-003 0. 9.29384492e-004 0. 1.53628374e-002 0.
    8.10981076e-003 1.01392041e-003 1.99834452e-004 3.45928082e-003
    1.26602035e-003 0. 9.08987306e-004 -2.11009246e-004 0.
    9.49547999e-003 0. 1.95306342e-003 0. 5.65901282e-004 0.
    1.43357192e-003 -5.79664833e-004 -1.27182191e-003 0. 0.
    1.45868969e-003 0. 0. 3.18099186e-003 4.31954954e-003 0.
    5.60195418e-003 2.66111479e-003 4.55322815e-003 9.90250055e-003
    9.63266939e-003 1.02627208e-003 0. 2.47427146e-003 3.92686343e-003
    5.66528179e-003 4.95803775e-003 2.41124199e-005 0. 0. 0. 0.
    1.57815032e-002 0. 2.86142109e-003 0. 0. -1.93059410e-003 0. 0. 0.
    0. 0. 1.85284833e-003 0. 1.05435436e-003 1.76472170e-003
    2.17598444e-003 0. 0. 3.94412456e-003 0. 0. 2.46280758e-003
    -2.51340610e-003 2.55587487e-003 0. 1.09292811e-003 0.
    7.49081699e-003 5.50032780e-003 4.83335498e-005 2.61974102e-003
    2.49096495e-003 2.73477868e-003 1.04610901e-002 6.80365920e-005
    2.77674571e-003 4.23711911e-003 1.11063814e-003 3.67250992e-003 0.
    4.54882020e-003 4.01276071e-003 5.54828066e-003 0. 2.52644485e-003
    2.17011152e-003 2.44932971e-003 -1.06130540e-003 0. 0.
    -1.65278488e-003 0. 0. 0. 4.71131084e-003 8.00494943e-003 0.
    -6.79669378e-004 0. 1.02120102e-003 0. 0. -1.08389696e-003 0.
    6.24462869e-003 0. 1.05937934e-002 0. 8.40764493e-003
    4.05152934e-003 -3.03307519e-004 0. 5.38145751e-003 0.
    1.54270732e-003 0. 3.84101272e-003 1.50687050e-003 0. 0.
    1.40804541e-003 5.12252003e-003 1.09858425e-004 2.88023078e-003 0.
    0. 0. 0. 0. 2.04688543e-003 9.07678716e-003 0. 1.49529136e-003 0.
    8.32740392e-004 0. 1.10021029e-002 0. 0. 0. -4.59584058e-004
    9.50752757e-003 9.29315720e-005 0. 1.46960141e-003 8.59098509e-003
    4.58697462e-003 1.16814272e-002 0. 0. 2.87527195e-003 0.
    9.73764248e-003 0. 0. 6.32771989e-003 1.66036584e-003 0.
    1.24439702e-003 4.62537399e-003 2.44008563e-003 0. 5.24956314e-003
    3.95695679e-003 0. 0. 2.23720749e-003 8.21461063e-003
    8.64174962e-003 1.11575669e-003 6.23377413e-003 2.71065347e-003
    6.84432685e-003 -1.43586437e-003 0. 0. 3.67297209e-003 0.
    7.05563638e-004 0. 1.25621911e-003 6.27689669e-003 0. 0.
    3.07552866e-003 7.86975585e-003 0. 7.30305328e-004 0.
    1.56429259e-003 0. 1.48237497e-003 0. 5.09057846e-003
    3.64865130e-003 0. 4.50961338e-003 2.49687070e-003 0.
    4.15575504e-003 0. -3.32617690e-003 -1.47619998e-004 0.
    -4.35665622e-003 0. 0. 7.91815575e-003 0. 9.00785439e-003
    9.01213789e-004 3.77821806e-003 2.98853405e-003 4.65501519e-003
    5.29426476e-003 6.64066896e-003 0. 1.12520577e-003 0.
    3.77190812e-003 5.14666899e-004 5.46269165e-003 1.19515592e-002
    9.38233337e-004 0. 0. 1.89046422e-003 7.33894575e-003
    4.10060352e-003 1.51904882e-004 7.27606064e-004 -4.23127407e-004
    3.43622803e-003 0. 1.52091449e-003 2.07616971e-003 0. 0.
    4.60142852e-004 1.05518172e-003 2.77906354e-003 8.16660840e-003 0.
    -1.58787851e-004 7.28972256e-004 0. 0. 2.00252817e-003
    -3.57317016e-003 1.01578003e-002 3.95678217e-003 -3.10971751e-004
    3.86567670e-003 0. 2.17774324e-003 3.17165023e-003 -1.17729837e-003
    1.27406847e-002 0. 0. 2.41868850e-003 0. -4.06192150e-003
    1.55267562e-003 4.00296086e-003 6.19648630e-003 9.97711252e-003
    4.21396224e-003 1.58499880e-003 0. 0. 0. 0. 3.97355587e-004
    7.13517889e-003 9.03295353e-003 -4.29919950e-004 0. -9.99887125e-004
    0. 4.07723215e-004 2.74065253e-003 0. 9.01035266e-004
    6.49560615e-003 0. 5.78168593e-003 0. 3.16436781e-004
    1.65466289e-003 3.32066161e-003 0. 8.62240884e-003 0.
    2.12244433e-003 1.38105266e-003 0. 4.46446426e-003 1.06478762e-002
    -2.28854333e-004 0. 1.73361925e-003 0. 0. 1.84603024e-003
    4.02255129e-004 4.59570612e-004 5.02770580e-003 5.57426829e-004
    2.01149564e-003 1.17895321e-003 5.03435126e-003 -2.86349887e-003
    6.37502735e-003 0. 0. 3.05656926e-003 -1.35752512e-003 0. 0. 0. 0.
    0. 0. -1.48374075e-003 1.68670935e-003 0. 8.19021929e-003
    -5.91615564e-004 3.38132028e-003 6.31393539e-003 9.91401263e-004 0.
    3.95695772e-003 2.81910668e-003 2.02460680e-003 0. 3.37029505e-003
    -8.62485322e-004 0. -4.31177505e-005 0. 1.57456775e-003
    -1.71329640e-003 2.01775674e-002 5.17240399e-003 9.11543891e-003 0.
    3.90742178e-004 5.42358123e-003 0. -1.54504937e-003 4.34687734e-003
    9.71658679e-004 -3.50445625e-003 0. 0. -2.15033564e-004
    8.58770125e-003 5.33492093e-005 0. 0. 2.48864118e-004
    6.07065205e-003 2.01208312e-002 4.25583916e-003 4.13895724e-003
    8.88582086e-004 2.88729486e-003 1.03669090e-003 -2.48841476e-004
    3.37595213e-003 0. 3.04778619e-003 7.24634214e-004 2.23991927e-003
    8.63849092e-003 -6.04980043e-004 7.08349980e-003 8.25155061e-003
    3.53758852e-003 5.41540887e-003 0. 4.73969430e-003 0. 0. 0.
    -5.52336511e-004 8.70005402e-004 0. -9.12192627e-005
    -1.36465882e-004 0. 0. 0. -4.16803116e-004 4.91673872e-003
    -3.07895523e-003 9.29908361e-003 3.27922287e-004 4.49573901e-003
    6.41237292e-003 1.06093928e-003 -7.33940338e-004 0. 0.
    4.82629146e-003 0. 0. -2.51722545e-003 0. 4.31509642e-003 0.
    6.14515971e-004 4.96161915e-003 1.68798666e-003 5.02802723e-005
    -2.30325805e-003 0. -5.07497985e-004 -2.10445910e-003 0. 0.
    7.34897330e-004 0. 5.55113284e-003 0. 0. 1.96668832e-003 0.
    -6.68695720e-004 0. 8.39458546e-004 1.98399019e-003 -3.67617630e-003
    0. 0. 0. 0. 2.21552164e-003 0. 6.20453106e-003 0. 1.50852073e-002
    5.29221212e-003 4.48830659e-003 -8.15785315e-005 0. -3.19610030e-004
    -3.23352317e-004 1.09880315e-002 9.31215938e-003 9.90597252e-003
    4.73221391e-003 4.08898899e-003 0. 1.32814469e-003 0. 0. 0. 0.
    3.68225784e-003 5.78390621e-003 -1.37395947e-003 0. 5.64205402e-004
    9.86726256e-004 -4.33131463e-005 0. 4.22599353e-003 5.94061567e-003</data></imageDescriptor>
</opencv_storage>
