<?xml version="1.0"?>
<opencv_storage>
<imageDescriptor type_id="opencv-matrix">
  <rows>1</rows>
  <cols>500</cols>
  <dt>f</dt>
  <data>
    9.71003436e-003 0. 0. 0. 0. 0. 8.77533387e-003 0. 0. 0.
    4.36973106e-003 0. 0. 0. 0. 0. 0. 0. 0. 0. 0. 5.89994434e-003 0.
    5.92890987e-003 0. 8.77035130e-003 0. 0. 1.41407102e-002 0.
    1.03053134e-002 0. 0. 1.40380266e-003 0. 0. 0. 2.11039092e-003
    1.04865739e-002 3.69284768e-003 0. 0. 4.78437776e-003 0.
    2.19436409e-003 4.98000486e-003 0. 2.77348212e-003 8.17395747e-003
    0. -1.29883515e-003 0. 0. 0. 0. 0. -5.16025070e-003 6.00681035e-003
    0. 0. 4.20679664e-003 7.71822268e-003 4.68412787e-003 0.
    -2.68077641e-003 1.06826623e-003 0. 1.14402862e-003 4.06985404e-003
    0. 0. 1.97723191e-002 6.33424288e-003 0. 0. -2.07880768e-003 0. 0.
    0. -3.92218586e-004 0. 0. 0. -6.30057693e-005 2.01206468e-003
    7.12380465e-003 0. 0. 0. 0. 8.59292515e-004 4.69045341e-003 0. 0. 0.
    0. 1.91666681e-004 6.20664703e-003 4.47266130e-003 7.47817243e-003
    9.06438474e-003 0. 2.20245705e-003 0. 4.82150586e-003
    -2.98254425e-003 0. 0. 1.29317329e-003 0. 2.15999712e-003 0.
    4.27397853e-003 0. 1.46192675e-002 1.02267526e-002 2.85837427e-003
    6.93076663e-003 0. 0. 4.30865400e-003 5.97341685e-003 0.
    2.34344928e-003 0. 0. 5.69667434e-003 0. 5.09906048e-003 0. 0. 0.
    5.81536861e-003 0. 0. 9.33002401e-003 0. 7.35689362e-004 0.
    1.05152614e-002 0. 0. 0. 0. 0. -1.46629184e-003 0. 5.41151874e-003
    0. 7.89277628e-003 0. 0. 1.63396057e-002 2.72128824e-003
    6.49172696e-004 0. 0. 0. 0. 0. 0. 0. 0. 0. 1.63229706e-004 0. 0.
    5.75844105e-003 -3.01589200e-004 0. 0. 0. 0. 0. 5.28366119e-003 0.
    6.62077032e-003 0. 0. 0. 0. 0. 0. 1.01286769e-002 0. 2.61509512e-003
    0. 0. 0. 0. 1.91946561e-003 0. 6.96698809e-003 8.00860953e-003 0. 0.
    0. 0. 0. 1.15957353e-002 0. 0. 0. 0. 0. 0. 0. 0. 0. 0. 0. 0.
    9.19252168e-004 0. 0. 0. 4.76662070e-003 1.22830719e-002 0. 0.
    2.53101252e-003 6.57694926e-003 8.01749807e-003 3.46817356e-003 0.
    8.56530573e-003 0. 1.19017600e-003 0. 0. 0. 0. 0. 0. 2.16686586e-003
    7.59187108e-003 9.47535317e-003 0. 1.18853385e-003 5.93453739e-003
    2.20158859e-003 6.87984610e-003 0. 0. 0. 4.46337741e-003 0. 0. 0.
    2.41609812e-002 0. 3.89193976e-003 0. -5.54700894e-003 0. 0.
    2.12108600e-003 0. 0. 0. 0. 0. 7.74037838e-003 0. 0. 3.36374552e-003
    2.97878031e-003 0. 0. 2.22125021e-003 0. 3.22288484e-003
    -3.15861311e-003 0. 0. 0. 0. 0. -6.68977271e-004 0. 1.85781308e-002
    -3.43914988e-004 2.00825743e-004 0. 9.01429262e-003 5.33451792e-003
    1.00288028e-003 0. 0. 0. 7.91813992e-003 0. 0. 1.19142688e-003
    9.01415292e-003 1.19897388e-002 0. 0. -5.93718374e-003
    1.27332909e-002 3.69002391e-003 0. 0. 1.76964607e-002
    2.84323804e-002 0. 0. 0. 0. 0. 0. 6.93245046e-003 0. 2.94450368e-003
    0. 0. 4.96640755e-003 0. 2.02214848e-002 0. 0. -1.27332998e-004
    3.06870416e-003 0. 2.84047574e-002 0. 0. 0. 0. 0. 0. 0. 0.
    2.63342615e-002 -9.62417282e-004 0. -1.75700942e-003 0. 0. 0. 0. 0.
    -3.01076705e-003 7.41571933e-003 0. 0. 1.44254381e-003 0. 0.
    1.59924058e-003 0. 1.02769071e-002 0. 0. -4.51727683e-004 0.
    2.13674852e-003 0. 0. 0. 0. 0. 6.73880335e-003 0. 0. 0. 0. 0.
    9.87897534e-003 5.53099578e-003 0. 0. 0. 2.56187860e-002 0. 0. 0. 0.
    0. 0. 0. 9.16557107e-003 5.03271027e-003 1.68912555e-003
    1.03760753e-002 0. 0. 0. 1.72389690e-002 0. 0. 1.76601449e-003 0.
    -1.82740879e-003 0. 0. 0. 1.89722590e-002 0. 4.34908929e-004
    1.01472354e-002 2.12078262e-003 1.18729025e-002 2.29132152e-003
    3.22733773e-003 0. 0. 8.79712496e-003 3.53711983e-003
    9.80866514e-003 0. 0. 0. 6.46357099e-003 9.84073896e-003 0. 0. 0. 0.
    0. 0. 0. -7.12728186e-004 0. 0. -6.15729066e-003 0. 3.81770544e-004
    0. 7.01308157e-003 0. 5.25021972e-003 0. 0. 7.50665413e-003 0. 0. 0.
    0. 0. 0. 0. 6.49516331e-003 1.11099146e-003 0. 1.58072971e-002 0. 0.
    6.36687968e-003 -4.51522088e-003 1.65343191e-003 0. 0.
    1.21468143e-003 1.15499494e-003 5.34680113e-003 -4.99877986e-003
    -5.52088139e-004 0. 0. -1.30767061e-003 0. 0. 5.94928768e-003
    6.93020970e-003 0. 4.67675598e-003 0. 0. 2.73393653e-003 0. 0. 0.
    5.73045108e-003 0. 0. 0. 1.23757182e-003 0. 4.52874973e-003 0. 0. 0.
    0. 0. 0. 1.86969666e-003 0. 0. 6.21541357e-003 -1.28835381e-003
    3.02058924e-003 0. 0. 0. -4.73569566e-003 0. 0. 0. 4.39594407e-003</data></imageDescriptor>
</opencv_storage>
