<?xml version="1.0"?>
<opencv_storage>
<imageDescriptor type_id="opencv-matrix">
  <rows>1</rows>
  <cols>500</cols>
  <dt>f</dt>
  <data>
    0. 0. 0. 0. 1.40909082e-003 8.09278246e-003 0. -1.14479240e-004
    8.89786694e-004 6.32410112e-004 2.39379285e-003 0. 3.78422299e-003
    3.43799056e-003 6.99393591e-003 0. 0. 1.75045116e-003
    8.55007023e-003 1.77261990e-003 -5.26862626e-004 6.05673157e-003 0.
    4.60845418e-003 7.24312803e-003 0. -2.02766014e-003 7.10408785e-005
    2.96627800e-003 2.53259391e-003 1.92042231e-003 0. 1.47453661e-003
    0. 3.40824015e-004 3.28526809e-003 2.18358170e-003 7.74825967e-005
    3.08383279e-003 0. 2.20656628e-003 8.73559061e-003 0.
    1.84171740e-002 0. 1.21329492e-002 0. 0. 1.76058698e-003
    5.43296197e-003 0. 0. 0. 1.56142574e-003 1.17161544e-002
    -1.42318977e-003 -4.00923600e-004 2.16576154e-003 0. 5.24646370e-003
    0. 2.76959920e-003 0. 6.52210787e-003 8.89468845e-003
    3.31177027e-003 2.69661192e-003 -2.39862798e-004 -5.37270389e-004
    2.24375539e-003 2.73840473e-004 2.39363057e-003 0. 1.48458686e-003
    6.39431644e-003 5.72053948e-004 1.76079152e-003 6.11508917e-003 0.
    1.60440069e-003 0. 1.01544603e-003 0. 0. -2.15995964e-003
    2.85151578e-003 0. 9.94188944e-004 1.12188477e-002 4.55773808e-003
    0. 0. 6.68833731e-003 7.49218510e-003 -2.29131037e-004
    1.62536441e-003 2.19739671e-003 4.97410866e-003 7.97252078e-003
    1.18402448e-002 0. 4.61737439e-003 0. 1.55342498e-003
    3.69734992e-003 4.72834101e-003 1.10248243e-003 1.37643365e-003
    1.25502876e-003 0. 3.26862163e-003 1.60282850e-003 0.
    1.17008891e-002 -1.13612949e-003 0. 3.80005687e-003 1.34270347e-003
    0. 8.74184305e-004 3.85810621e-003 5.78290271e-003 -5.41080837e-004
    0. 2.92097777e-003 2.94109783e-003 3.94257600e-004 4.56918310e-003
    0. 2.19860207e-003 0. 0. 5.88888861e-003 3.45326285e-003 0.
    2.05984013e-003 1.80237810e-004 1.48042454e-003 0. 3.46290908e-005
    1.89445203e-003 4.07491298e-003 0. 0. -3.60681280e-003 0.
    1.49959605e-003 0. 0. 4.11251839e-003 0. 0. -2.83661392e-003
    1.92001741e-003 7.25403661e-003 0. 2.76231626e-003 4.90443315e-003
    0. 9.57354810e-003 7.78520305e-004 5.70064271e-003 0.
    3.75569426e-003 2.39575421e-003 3.23436153e-003 1.71194389e-003 0.
    2.20130640e-003 3.95252719e-004 1.44400343e-003 1.41008315e-003
    3.54601559e-003 1.10205007e-003 3.93031817e-003 1.17430766e-003 0.
    0. 1.12121762e-003 2.34981859e-003 0. 1.62378175e-003 0.
    3.54960747e-003 0. 5.61886292e-004 0. 0. 0. -1.11271802e-003 0. 0.
    1.72996186e-002 2.01726751e-003 2.51546176e-003 5.68743236e-003
    1.11682562e-003 2.22622300e-003 0. 0. -1.58527726e-003
    2.05608923e-003 1.74395379e-003 -9.95888142e-004 0. -3.47513636e-003
    4.22115717e-003 0. 1.00744106e-002 -1.45394553e-003 -2.15195483e-004
    2.62864260e-003 4.06434294e-003 1.79291680e-003 1.58911070e-003
    3.65400733e-003 0. 7.28426501e-003 0. 2.87833880e-003 0.
    -2.81080883e-003 3.00646992e-003 1.46457646e-003 1.06689036e-002 0.
    1.27848668e-003 0. 0. 8.37306608e-004 0. 0. 7.66335940e-003 0.
    3.84530192e-003 7.47842574e-003 2.17605499e-003 1.76447304e-003 0.
    0. 0. 4.09501838e-003 2.81032175e-004 5.74183417e-003 0.
    7.90525752e-004 1.55853131e-003 1.50912080e-003 1.63059297e-003 0.
    3.85815464e-003 0. 2.29514111e-003 2.43892358e-003 0. 0. 0.
    -3.16045294e-003 8.46912060e-003 0. 7.78074318e-004 0. 0.
    8.28855496e-004 0. 2.84504122e-003 0. 9.68012726e-004
    3.65193607e-003 0. 0. 9.38098598e-003 -2.64228263e-004
    2.07260787e-003 0. 1.47741009e-003 5.45029575e-003 9.50149167e-003
    3.79647408e-003 6.02453109e-003 2.13059434e-003 2.16013542e-003
    1.74051989e-003 0. 1.02581019e-002 0. 0. 2.84108007e-003
    3.15732206e-003 -1.04069000e-003 0. -4.96723980e-004 1.64701021e-003
    8.32653977e-003 4.00454085e-003 -7.74094951e-004 4.14379814e-004
    2.73002242e-003 0. 9.24959034e-003 0. 0. 0. -1.39518437e-004 0. 0.
    5.28798718e-003 -5.56892599e-004 1.78725307e-003 0. 2.75631057e-004
    2.22368981e-003 6.99085556e-003 6.39354018e-003 1.48797408e-003
    1.13030756e-002 0. 0. 2.19459622e-003 7.16395350e-003
    1.43591352e-002 5.62931178e-003 1.87134347e-003 4.22631763e-003 0.
    0. 0. 0. 4.56382055e-003 1.41125801e-003 -1.68669596e-003 0.
    3.64479632e-003 0. -3.91123904e-004 0. 0. 0. 2.08222517e-003
    1.15998054e-003 0. -3.80000973e-004 -2.33228505e-003 1.70860684e-003
    0. 2.63506826e-003 0. 0. 1.43764762e-003 2.41451547e-003
    -8.84198453e-005 1.61127304e-003 0. 3.43263312e-003 0. 0.
    5.70096541e-003 0. 0. -3.16313963e-004 1.72302555e-002
    1.37384201e-003 7.49173760e-003 5.77687239e-003 8.88016447e-003
    2.59833341e-003 -1.96096068e-003 0. -2.25347723e-003 1.37498442e-004
    3.35392728e-003 -2.95333518e-003 0. 0. 0. 4.94570239e-003
    5.49593708e-003 4.94436186e-004 0. 4.38910164e-003 1.39241328e-003
    0. 0. 4.99481289e-003 3.56167136e-003 3.55501368e-004
    3.56821157e-003 3.72014660e-003 6.74586697e-003 3.48757533e-003 0.
    0. 1.40737984e-002 5.12374053e-003 1.41804386e-003 7.73007865e-004
    -1.97828608e-003 0. 0. 2.86127732e-004 0. 5.51660173e-003
    3.58181453e-004 3.45193339e-003 5.91635890e-003 -1.62161057e-004
    4.15774388e-003 3.76933510e-003 0. 2.71858473e-004 0. 0.
    -5.95871767e-004 8.54931248e-004 -2.54676212e-003 0. 5.62611269e-003
    -1.74072513e-003 0. 0. 1.18182693e-002 0. 3.59276496e-003
    3.32002272e-003 0. 2.61302557e-005 0. 1.73442019e-003
    2.53987522e-003 -1.49155641e-003 5.34205465e-003 1.53843593e-002
    1.76833812e-002 9.22377803e-004 0. 0. 0. 0. -1.07396080e-003 0.
    3.83025524e-003 0. 1.29844702e-003 0. 5.97060716e-004 0.
    2.75823730e-003 7.33571011e-004 0. 9.52430535e-003 0. 0.
    2.95606186e-003 0. 0. 0. 2.50997138e-003 0. 3.22176865e-003
    9.59037570e-004 0. -2.33796029e-003 4.84602060e-003 0. 0. 0.
    2.53307424e-003 -1.26308296e-003 0. 4.80993418e-003 3.14853946e-003
    -5.74103149e-004 9.11209453e-003 4.00285842e-003 4.62835422e-003
    2.83249770e-004 2.16890313e-003 -1.58118724e-003 2.84648687e-003
    -4.43747360e-003 2.26589874e-003 0. 5.02297841e-003 5.56871854e-003
    6.72232884e-004 2.13491777e-003 0. 7.03509504e-005 2.26604240e-003
    0. 0. 0. 5.16967336e-003 5.30443480e-003 0. 1.37307425e-003
    2.46504345e-003 1.76011689e-003 -1.96486450e-004 5.21556847e-003</data></imageDescriptor>
</opencv_storage>
