<?xml version="1.0"?>
<opencv_storage>
<imageDescriptor type_id="opencv-matrix">
  <rows>1</rows>
  <cols>500</cols>
  <dt>f</dt>
  <data>
    5.55263180e-003 2.27901479e-003 7.91074149e-003 4.39824257e-003 0.
    4.17178450e-003 0. 2.78561865e-003 0. 1.33294542e-003
    3.25595168e-003 6.75923016e-004 0. 5.03416173e-003 4.98129474e-003
    1.11415668e-003 1.05713774e-002 1.42385708e-002 0. 0.
    3.84587329e-003 2.30118702e-003 1.52859057e-003 3.73523711e-004
    2.82781338e-003 8.34489334e-003 9.34309512e-003 1.19692385e-002
    -1.48412830e-003 4.41290298e-003 0. 7.01339159e-004 3.58249410e-003
    0. 4.21909150e-003 0. 2.17573950e-003 0. 3.53009789e-003
    -1.98688614e-003 -2.62574852e-003 3.98367224e-003 0. 6.19973475e-003
    0. 5.13613783e-003 -1.34893891e-003 -5.16569533e-004
    -1.55029527e-004 1.64423091e-003 -7.29697815e-004 3.74817150e-003
    3.79756978e-003 -2.84903275e-004 -3.09071882e-004 1.00315325e-002
    1.51635462e-003 7.10907101e-004 0. 1.99324545e-003 1.90852652e-003
    2.20382866e-003 4.83611599e-003 -1.36447605e-003 1.26487738e-003
    2.55036145e-003 0. 4.55016503e-003 8.45179195e-004 -1.52665144e-003
    3.48406867e-003 4.33366792e-003 2.08482239e-003 3.91240930e-003 0.
    0. 2.71662232e-003 0. 4.61590505e-004 0. -8.97555985e-003
    -1.03270882e-004 2.57806992e-003 0. -7.09752145e-004 3.91924335e-003
    3.46436468e-003 0. 4.67226055e-004 5.18198404e-003 2.81197182e-003
    9.99859162e-003 3.57790687e-003 0. -2.07806966e-006 0. 0. 0. 0.
    4.53129411e-004 2.97718099e-003 0. 5.22611837e-004 1.37564121e-003
    1.65257964e-003 2.05365173e-003 3.67476442e-003 -3.43923857e-005
    4.03333409e-003 1.36465312e-003 7.79104745e-003 7.87296426e-003
    3.51792830e-003 -2.20663683e-003 0. -6.46930494e-005
    -3.44446249e-004 5.43239585e-004 -1.91879633e-004 -1.49974530e-003
    4.35563875e-003 0. 0. 0. 1.07747538e-003 0. 3.23801185e-003
    2.35712691e-003 2.10490194e-003 1.91565754e-003 5.32725453e-003
    9.78202559e-004 1.91139436e-004 0. 8.30916967e-003 0.
    1.77156529e-003 -2.65355478e-003 -3.97285512e-005 1.13534962e-003
    6.70256745e-003 1.17746023e-002 0. 0. 0. 2.80159898e-003
    3.88537272e-004 8.87159258e-004 0. 0. 3.51736508e-003 0.
    7.76276318e-003 2.07654899e-004 1.60736684e-002 4.24007507e-004 0.
    7.67440116e-003 3.28101707e-003 0. 3.48217110e-003 0.
    1.33410620e-003 9.64823924e-003 0. 0. 4.35671909e-003 0.
    1.91656267e-003 7.66680716e-003 2.19632685e-003 0. 1.19701680e-002
    5.81984583e-004 0. 0. 0. 0. 1.30039710e-003 2.19140871e-004 0.
    -9.29711794e-004 1.38330762e-003 -4.76509886e-004 4.31381492e-003 0.
    1.97005179e-003 2.63560354e-003 3.36141069e-003 1.51173654e-003 0.
    3.89831467e-003 -2.26419745e-003 0. 9.50618472e-004 1.59452041e-003
    0. -6.59839425e-004 0. 0. 2.54834979e-003 5.08840568e-003 0.
    2.50353990e-003 3.89307411e-003 -7.07637519e-004 1.56185625e-003
    2.08965736e-003 6.52828836e-004 6.93589682e-004 0. 2.56917696e-003
    0. 0. 0. 1.38503173e-003 2.17386871e-003 -4.94832675e-005
    1.92148681e-003 1.76242588e-003 0. 1.14527030e-003 0. 0.
    4.03137598e-003 4.14263224e-004 1.73311518e-003 1.85720960e-003 0.
    2.26527196e-003 9.32486728e-003 7.55287614e-003 0. 3.62720049e-004
    6.93727052e-003 1.04008114e-003 3.01773963e-003 6.32951083e-003
    1.47724757e-003 1.29640463e-003 -1.46396935e-003 -1.83633078e-004
    1.68460561e-003 9.65290517e-003 0. 6.30168524e-003 2.54189689e-003
    1.73031748e-003 1.73415977e-003 0. 0. 5.55128907e-004
    6.80858223e-003 3.10133956e-003 1.97647675e-003 4.91180504e-003
    1.98662486e-002 1.20764412e-003 0. 1.36671739e-003 2.75490992e-003
    8.67565442e-003 5.27100917e-003 6.81381300e-003 -3.62567516e-004
    7.69663369e-004 1.76625210e-003 4.19464521e-003 0. 0.
    1.39791417e-004 6.79625809e-005 4.26946487e-003 4.59964341e-003 0.
    1.22378313e-003 -3.98169301e-004 4.77692782e-004 0. 2.39984249e-003
    7.65612640e-004 7.83113949e-003 1.45786689e-004 1.60986860e-003
    7.93910865e-003 2.51254695e-003 0. 6.99262717e-004 -9.33327246e-004
    0. 6.77850936e-003 1.01991964e-003 1.73128862e-003 2.66258954e-004
    0. 0. 0. 1.08985533e-003 7.07844226e-003 0. 0. 1.50384876e-004
    1.80703774e-003 -9.08565416e-004 4.63129627e-003 1.47580483e-003 0.
    4.24403057e-004 5.45977615e-003 0. 0. 1.12557679e-003
    1.25568314e-003 0. 0. 6.83404738e-003 -6.73874340e-004 0.
    -7.20726850e-004 1.14532677e-003 0. -8.40993947e-004 0.
    1.51670193e-002 1.70878915e-003 1.43101194e-003 0. 7.73809757e-003
    0. 1.06906835e-002 3.30079201e-005 2.07617297e-003 3.66617081e-004
    -5.04200696e-004 -1.55357957e-005 1.03083649e-003 7.31087383e-003 0.
    3.10301053e-004 1.66104722e-003 0. -8.14473082e-004 1.14876563e-002
    3.20589170e-003 0. 4.37938096e-003 -7.11423520e-004 0.
    1.69797265e-003 1.32281042e-004 2.16843816e-003 0. -3.59188300e-004
    0. 6.20406121e-003 9.99218225e-003 6.89122244e-004 6.23940781e-004
    9.67673725e-004 4.96645737e-003 0. 2.22138618e-003 6.95444411e-004
    2.10187095e-003 1.84799905e-003 3.50543088e-003 -1.02245394e-004 0.
    1.13978761e-003 -1.70839267e-004 1.37461664e-003 -7.08611624e-004
    1.19957188e-002 0. -4.10825684e-004 6.05893365e-005 1.16159650e-003
    0. 2.35994509e-003 5.93182771e-003 0. 0. 1.57534349e-004
    7.84937292e-003 2.53630243e-003 4.69394447e-003 3.24314297e-003
    6.03487249e-003 0. 1.84662978e-003 2.17106566e-003 0.
    1.91730773e-003 2.08867784e-003 3.21648293e-003 1.10669807e-003
    4.34140116e-003 1.56624417e-003 -2.03522737e-004 2.45382963e-003 0.
    1.22869984e-004 -1.57577277e-003 0. 0. 0. 6.03604829e-003
    5.74868126e-003 0. 4.85482439e-003 0. 1.27587828e-003
    4.88997204e-003 0. 4.64325305e-003 1.91613659e-003 5.86369820e-003
    3.24818771e-003 1.68276927e-003 -8.65001697e-004 1.71992811e-003
    1.67353556e-003 0. 1.61152426e-003 0. 0. 0. 0. -5.57865889e-004 0.
    0. 4.22678748e-003 1.07755996e-002 0. 0. 0. 9.12585936e-004
    1.18803373e-003 5.50020114e-003 6.56306045e-003 2.99757021e-003 0.
    4.80975839e-004 0. 0. 3.84359108e-003 0. 2.36392114e-003
    9.65539948e-004 -7.08386244e-004 0. 0. 0. 0. 1.56684208e-003
    1.76768389e-003 3.41515569e-003 5.85619826e-003 4.87818243e-003
    2.85266712e-003 7.91977451e-004 1.64534710e-003 -1.80561969e-004
    6.12027710e-004 5.20251808e-004 6.14355877e-003 1.08330892e-002
    1.50782161e-003 9.13867448e-003 0. 2.21724296e-003 1.41162411e-004
    1.97530826e-004 8.38207826e-003 4.05134517e-004 2.99795554e-003 0.
    2.39307480e-003 0. 5.49926655e-003 3.98121122e-003 0.
    1.71871026e-004 3.06435255e-003 0. 9.80400201e-003 0.
    -3.96058953e-004 7.42619741e-004 -1.60320305e-005 0. 1.39777758e-003
    2.39494699e-003 0. 3.86489206e-003 1.80955220e-003 2.05358933e-003
    2.54001236e-003 2.65731569e-003 0.</data></imageDescriptor>
</opencv_storage>
