<?xml version="1.0"?>
<opencv_storage>
<imageDescriptor type_id="opencv-matrix">
  <rows>1</rows>
  <cols>500</cols>
  <dt>f</dt>
  <data>
    3.42287729e-003 6.55232929e-004 9.45387408e-003 0. 0.
    2.41190894e-003 -3.35164077e-004 0. 5.16966637e-003 0. 0.
    1.67230156e-003 0. 1.70036650e-003 -8.87563510e-005 3.78838857e-003
    0. 3.90705466e-003 -1.18390799e-005 4.70984960e-003 0. 0.
    2.84342386e-004 2.24162568e-003 6.39285240e-003 -8.49615841e-004 0.
    2.36069900e-003 3.56803020e-003 0. 0. 0. 4.69662104e-004
    5.70817711e-003 1.18349437e-002 4.09423048e-003 0. 0.
    4.53803828e-003 -1.76082039e-003 2.34898110e-003 0. -7.70386250e-004
    1.17688635e-002 1.06967324e-002 0. 8.86247493e-004 0.
    1.92491908e-003 0. 3.25686473e-004 4.29244339e-003 4.07074112e-003
    1.90278084e-003 1.21462869e-003 3.12385149e-003 5.81862591e-003
    -8.91423377e-004 6.40707277e-003 4.28037671e-003 -8.09580670e-004 0.
    4.39330796e-003 0. 3.08154942e-003 0. 0. 6.98147691e-004
    7.45393860e-004 7.22602895e-003 8.72363045e-004 3.43548483e-004
    5.21488115e-003 2.20275507e-003 4.09934670e-003 2.28600157e-003
    2.15488044e-003 0. -1.94384356e-003 3.79650993e-003 0. 0. 0.
    1.02183898e-003 6.13871170e-003 1.57335808e-003 0. 5.15734870e-003
    4.72462690e-003 0. 1.61009829e-003 1.21576460e-002 8.33978178e-004
    0. 0. 0. 0. -1.51434608e-004 4.77522757e-004 0. 5.55721519e-004 0.
    6.90381858e-004 -1.10531296e-003 0. 0. 2.78383330e-003
    -2.57979124e-003 1.09597214e-003 0. -1.39843067e-003 5.99226728e-003
    0. 0. 7.89106451e-003 -3.28434398e-004 0. 0. 0. 2.47017341e-003
    3.55671509e-003 2.24536681e-003 3.51022766e-003 2.98640924e-003
    -5.11955051e-003 0. 2.37854221e-003 2.97266617e-003 7.96229485e-003
    1.02156876e-002 0. 1.60465622e-003 0. 0. 5.18563483e-003
    7.99211115e-003 0. 2.74339295e-003 0. 1.14121009e-002 0. 0.
    1.14457496e-003 4.66913870e-003 0. 0. 5.42287808e-003 0. 0.
    2.92614661e-003 2.75448756e-003 3.50157381e-003 2.90935230e-003
    1.49034767e-003 0. 0. 8.68752075e-004 0. 1.98405120e-003
    1.36319184e-004 0. 4.25785035e-003 0. -1.98557344e-003
    -6.73281669e-004 0. 0. 1.64164032e-003 -1.02740806e-003
    1.40385597e-003 2.59021088e-003 0. 9.12056072e-004 5.09986375e-003
    0. 0. 4.63344017e-003 2.11824593e-003 6.30856724e-003
    1.64274219e-003 0. 5.04922867e-003 2.41025654e-003 7.22007608e-005
    0. -1.21277757e-004 -3.64954444e-003 3.18327942e-003
    -1.47401274e-003 2.96936254e-003 0. 0. 2.35081126e-004
    1.79641042e-003 0. 4.90625063e-003 8.31891410e-003 0. 0.
    2.14852369e-003 2.74202204e-003 0. 0. 0. -2.17383425e-003
    1.54929364e-003 2.24539544e-003 2.72755953e-003 0. 1.94707618e-003
    7.44227436e-004 0. 0. 4.24107304e-003 4.84642293e-003
    4.52948269e-003 4.02118918e-003 4.13565722e-004 1.41758600e-003 0.
    0. 0. 0. -1.59970950e-003 0. 2.34497059e-003 2.47636368e-003 0.
    8.08010250e-003 0. 3.25885275e-003 -2.39877452e-004 3.08966474e-003
    8.93824548e-003 -4.15907387e-004 1.11711479e-003 2.40356335e-003
    2.33097305e-003 0. 3.75337573e-003 3.63093731e-003 0. 0.
    9.10806749e-003 0. 4.37036622e-003 4.97801835e-003 0.
    1.70700531e-003 6.38964400e-003 1.96984014e-003 -3.26157012e-003
    3.44660622e-003 0. 7.94021226e-003 4.49048309e-003 1.98392454e-003
    6.47571031e-003 1.39279058e-003 0. 8.82066600e-003 2.30720849e-003
    2.37461342e-003 -9.66784311e-004 1.31366367e-003 0. 4.11748979e-003
    3.38307768e-003 0. 0. 3.82643519e-003 0. 1.94860890e-003
    4.06868849e-003 0. 0. 0. 1.49450125e-003 2.01139250e-003 0.
    8.91092233e-003 -3.77041847e-003 3.75530520e-003 0. 1.26984622e-003
    1.31920725e-002 0. 2.09639687e-003 2.85286130e-003 2.91745365e-003
    2.61875079e-003 -2.38479534e-003 1.10155041e-003 0. 0.
    1.10628456e-002 2.13918765e-003 0. 8.88164993e-003 -1.61815505e-003
    0. 8.99478234e-003 1.26012713e-002 0. 0. 0. 4.07545827e-003
    5.17648924e-003 2.64931144e-003 0. 0. 1.67781324e-003
    9.48852021e-003 8.78800917e-003 1.30262668e-003 0. 4.82849590e-003
    1.80635392e-003 4.53758100e-003 6.04985841e-003 0. 0.
    4.16434743e-003 -7.25981372e-004 0. 1.49765855e-003 5.88813983e-003
    7.80429225e-003 3.93123395e-004 1.10226031e-002 -2.84222723e-003
    3.10024153e-003 1.35293603e-003 1.37293839e-003 5.84763801e-003
    1.67970976e-003 1.25849585e-003 1.77623559e-004 5.98910870e-003
    4.87548579e-003 1.27901658e-002 0. 1.32998452e-003 0. 0. 0.
    4.29336494e-003 5.09719551e-003 3.39946570e-003 2.47887615e-003
    3.85173294e-003 5.48769999e-003 7.42359878e-003 0. 4.65055928e-003
    4.56946716e-003 4.53497469e-003 -4.97830973e-004 3.27484426e-003 0.
    4.74406080e-003 1.82024203e-003 1.06820986e-002 7.58070906e-004
    1.91458443e-003 0. 0. 0. 1.82194239e-003 0. 4.27270122e-003
    7.99934554e-004 8.52811057e-003 0. 1.67650729e-003 1.17400859e-003
    0. 1.19898445e-003 1.61747949e-003 0. 2.05885805e-003
    3.98489123e-004 0. 0. 0. 4.97139851e-003 3.94207891e-003
    7.61540513e-003 1.43468159e-003 4.06759005e-004 2.55976804e-003 0.
    0. 5.84396673e-003 -5.80691732e-004 1.58391558e-004 1.16735755e-003
    0. 0. 1.26763072e-003 0. 1.40885776e-003 0. 1.68434158e-002 0.
    6.32834481e-003 0. 8.99576524e-004 0. 4.54693008e-003
    -2.50434707e-004 5.28956624e-003 0. 0. 1.38916653e-002
    8.08521756e-004 3.72190756e-004 3.21970950e-003 9.30491090e-003 0.
    4.35998198e-003 0. 1.01561437e-003 2.51041586e-003 1.54837209e-003
    0. 0. 0. 0. 1.05161415e-002 1.49412162e-003 -2.77286139e-003 0. 0.
    2.62195850e-003 0. 1.51951425e-003 0. 1.83368684e-003 0. 0.
    1.32175337e-003 0. 4.59705433e-003 5.32403879e-004 2.90208170e-003
    -6.29003989e-005 -9.42107115e-004 6.61606900e-003 0. 0.
    -9.19450424e-004 3.21150571e-003 0. 1.38748332e-003 2.01568962e-003
    0. 0. -9.11374751e-004 3.45908315e-003 2.86035985e-003
    1.13124279e-002 0. 0. 0. 0. 5.93649875e-003 0. 0. 4.15307190e-003 0.
    0. 7.31076160e-003 2.18267902e-003 4.89121303e-003 4.55962680e-003
    3.09515209e-003 3.10616189e-004 0. 0. 2.29683425e-003
    -1.56110595e-003 0. -2.37535845e-004 0. 1.84529240e-003
    4.90820641e-003 4.35634254e-004 8.66991002e-003 0. 1.75265875e-003
    -1.07541808e-003 3.01358569e-003 1.47493044e-003 0. 0. 0. 0.
    1.58635702e-003 -4.07597795e-003</data></imageDescriptor>
</opencv_storage>
