<?xml version="1.0"?>
<opencv_storage>
<imageDescriptor type_id="opencv-matrix">
  <rows>1</rows>
  <cols>500</cols>
  <dt>f</dt>
  <data>
    0. 1.89484272e-003 9.04943387e-004 0. 0. 6.26973168e-004
    1.58286165e-003 1.03953248e-002 4.30920301e-003 0. 0.
    5.51272510e-003 8.94584134e-003 4.65629203e-003 5.09399083e-003
    -5.33182742e-007 -1.62705535e-003 0. 0. 1.61800999e-003 0.
    2.84094200e-003 4.16897424e-003 -1.76532939e-003 -1.63158705e-003
    3.13071557e-003 6.00422639e-003 5.45382733e-003 3.98772862e-003
    1.04493499e-002 0. 0. 0. 1.49850885e-003 -1.49434956e-003 0.
    1.29899243e-002 7.84360990e-003 9.28404462e-003 -5.30131976e-004
    3.58906598e-003 0. 3.75294196e-003 9.12239496e-003 0. 0.
    4.09535225e-003 3.29263811e-003 4.55187075e-003 3.15223821e-004
    -4.38400137e-004 0. 1.11370236e-002 0. 1.24123559e-004
    2.27667857e-003 4.88066440e-003 4.38308081e-004 1.06753560e-003
    4.01547831e-003 0. 0. 5.38349152e-004 2.14752252e-003
    -1.11606857e-003 0. 2.23462237e-003 4.61819785e-004 2.32120650e-003
    9.32560954e-003 3.72494920e-003 0. 0. -1.59709807e-003
    1.84489321e-003 0. 1.29096222e-003 1.03602430e-003 0.
    1.49538799e-003 0. 0. 0. -8.39546847e-004 0. 2.63442448e-003
    2.08580890e-003 0. 4.30805003e-003 0. 5.89202018e-003 0.
    4.29070648e-003 1.27699471e-003 9.08094051e-004 1.20551646e-004
    9.45458561e-003 2.62029190e-003 6.83688652e-003 0. 3.40237771e-003
    0. 0. 0. 0. 1.36925774e-002 2.43967143e-003 0. 0. 1.03298097e-003 0.
    1.98816718e-003 0. 1.60146074e-003 1.16790843e-003 7.52645591e-003
    3.53128184e-004 -1.44816341e-003 1.89567381e-003 2.80114054e-003 0.
    4.24860744e-004 1.27911731e-003 1.52387237e-003 0. 1.11662736e-003
    5.85029880e-003 -2.12507392e-003 2.35784729e-003 5.44198044e-003
    -1.26261252e-003 7.42874050e-004 -2.79322756e-003 1.74269057e-003
    2.39493861e-003 2.63819983e-003 0. 0. 0. 3.01720080e-004 0.
    4.27278504e-003 -6.72403083e-004 2.33940035e-003 0. 0. 0.
    6.96882489e-004 0. 0. 4.93066851e-003 0. 0. 6.87965774e-004
    1.85266901e-002 1.11325167e-003 6.37739012e-003 1.58948323e-003
    2.85222637e-003 1.91174436e-003 8.17399123e-004 0. 4.80918167e-003
    4.61107818e-003 2.93082464e-003 3.53320665e-003 0. 6.22316496e-003
    5.73823322e-003 7.10543653e-004 -2.73712212e-003 0. 2.99856579e-003
    3.61831277e-003 4.34739888e-003 8.86425725e-004 5.21676010e-003 0.
    3.00887413e-003 6.30888995e-003 1.53902580e-003 9.72636335e-004
    3.44870845e-003 9.53081471e-004 0. 6.01215506e-005 2.88446993e-003
    0. -2.88068459e-005 2.60760169e-003 0. 2.80827913e-003
    4.49826661e-003 3.54001438e-003 0. 7.57520273e-003 2.82114255e-003
    2.62332149e-003 0. 1.45803974e-003 4.21661389e-004 3.66776646e-003
    0. 3.21881240e-003 0. 6.02608081e-004 1.12398935e-003
    1.03977229e-003 0. 0. 6.02017296e-003 0. 1.74091698e-003
    3.88346193e-003 3.79504496e-003 4.90054395e-003 6.70028292e-003
    -6.91420224e-004 0. 2.89148442e-003 1.89563539e-003 0. 0.
    5.77268729e-005 0. -7.51677493e-004 9.14800563e-004 4.23433585e-003
    2.65858811e-003 5.41676674e-003 -4.37126146e-004 1.77096520e-002
    1.63442537e-003 3.58354906e-003 0. 5.89316478e-003 0.
    2.04878001e-004 0. 0. -2.29705847e-003 1.36769595e-004 0.
    7.08816620e-003 0. 0. 2.14972184e-003 -4.94476815e-004
    -1.58390217e-003 -7.92954001e-004 -6.76595489e-004 0.
    2.17843382e-003 0. 4.28270223e-003 0. 0. 5.75743441e-004 0. 0.
    1.26956933e-004 0. 5.55672077e-003 1.07225226e-002 1.00427575e-003
    0. 2.91955052e-003 6.91517140e-004 5.83617133e-004 0. 0. 0.
    -1.29075907e-003 4.04053880e-003 0. 5.77207142e-003 2.21380126e-003
    6.21038547e-004 2.27696239e-003 1.05872145e-003 5.16143115e-003 0.
    -8.21068184e-004 0. 1.05269011e-002 1.03292996e-002 0.
    9.25456989e-004 5.09192003e-003 0. 0. -2.84479954e-003
    -1.70319248e-003 0. 2.61704298e-003 0. 2.36693770e-003 0.
    6.06600428e-003 0. 1.71570561e-003 7.85237551e-003 2.95620784e-003
    0. 2.77639658e-004 4.21736622e-005 0. 1.69858197e-003
    -3.87682434e-004 4.57837828e-004 0. 5.00785944e-004 9.92170908e-003
    2.97153718e-003 0. 2.08761729e-003 3.41848982e-003 1.94617442e-003
    0. 2.89336243e-003 8.34846345e-004 7.74154440e-004 8.49035714e-005
    4.68577165e-003 5.07821282e-003 0. 4.83034784e-003 -5.78570878e-004
    2.41686963e-003 -2.52268463e-003 7.45926402e-004 0. 7.80817471e-004
    5.95279969e-004 4.29282989e-003 -3.84048792e-004 4.09999368e-004
    2.18487321e-003 0. 6.73669507e-004 0. 2.65490892e-003 0.
    1.76531344e-003 0. 0. 1.17194420e-003 2.81558395e-003
    1.53986097e-003 3.18010896e-003 2.17695418e-003 6.24486152e-003
    7.06597522e-004 0. 0. -1.71304133e-003 2.02780194e-003
    1.63072033e-003 5.32608619e-003 2.46832753e-003 3.14150820e-003 0.
    2.14484753e-003 0. 2.70110276e-003 6.02334505e-003 1.83384924e-003
    0. 3.19270371e-003 0. 2.98698479e-003 1.02728447e-002
    4.60304786e-003 2.88633630e-003 1.39179500e-002 0. 0.
    3.01717105e-003 -5.04356518e-004 0. 2.03095865e-003 1.79577398e-003
    2.71163695e-003 9.07769136e-004 0. 8.74497462e-004 0.
    1.27094786e-003 3.19987140e-003 3.09445988e-003 1.07016731e-002 0.
    2.36413744e-003 -1.70660438e-004 1.37781899e-003 2.25211051e-003
    8.70144181e-003 1.62297965e-003 0. 4.72152373e-003 3.50514217e-003
    9.72409733e-004 3.04995128e-003 1.26342231e-003 3.00497212e-003 0.
    0. 1.47258374e-003 1.52256666e-003 1.69113482e-004 0.
    4.71179746e-003 0. 2.12150766e-003 5.71372174e-003 0. 0.
    3.59955220e-003 0. 1.00345605e-004 7.60600436e-004 0. 0.
    1.12169585e-003 7.07621337e-004 5.61741088e-003 1.37847732e-003
    7.26795895e-003 0. 0. 0. 2.34582415e-003 1.74351502e-003
    4.25394438e-003 7.84274284e-003 1.24368472e-002 2.39407201e-003
    -1.48601783e-003 5.57889603e-003 0. 1.85919572e-002 2.63003143e-003
    5.78188058e-003 2.41503655e-003 1.06284837e-003 0. 9.13744327e-003
    4.70889127e-003 9.48010653e-004 0. 4.08883207e-003 2.66716001e-003
    5.18576824e-004 0. 3.41395219e-003 0. 0. 0. 0. 3.83507391e-003
    1.48849597e-003 3.56491469e-003 0. 4.25013248e-003 0. 0. 0.
    2.61134445e-003 0. 3.54806799e-003 2.31728982e-003 2.95281061e-004
    8.01187288e-003 3.46297445e-003 0. -4.95693879e-004 7.77493522e-004
    0. 0. 0. 1.61407725e-003 5.93051547e-003 2.93307868e-003
    1.02637894e-003 6.94969349e-005 1.36795477e-003 0. 8.98104801e-004
    6.07154192e-003 0. -1.53484041e-004 6.49220916e-003 7.69579876e-003
    7.67152989e-003 1.77778001e-003 0. -4.82321193e-004 2.87483982e-003
    2.93458486e-003 -5.18721063e-004</data></imageDescriptor>
</opencv_storage>
