<?xml version="1.0"?>
<opencv_storage>
<imageDescriptor type_id="opencv-matrix">
  <rows>1</rows>
  <cols>500</cols>
  <dt>f</dt>
  <data>
    5.74637437e-003 -1.76793011e-003 3.62875406e-003 1.68507360e-003 0.
    0. 0. 0. 2.42855726e-003 3.46910860e-003 1.88216567e-003 0. 0. 0. 0.
    0. 0. 2.14031967e-003 0. 0. 1.98198785e-003 0. 0. 0. 0. 0.
    3.83167644e-003 0. 4.21859091e-003 2.62856483e-003 0.
    3.70912184e-003 6.69594202e-003 4.45329631e-003 5.84737172e-005 0.
    3.68663459e-004 5.14225615e-003 0. 3.45934252e-003 0.
    1.83875428e-003 1.35725392e-002 0. -5.21243725e-004 0. 0.
    1.22192642e-002 8.74615740e-003 0. 0. -1.10856153e-003 0.
    -2.87245191e-003 0. 0. 1.25036174e-002 9.60561819e-003 0.
    3.56744090e-003 2.25396082e-003 2.12728395e-003 1.13708191e-002 0.
    8.16601142e-003 3.05230543e-003 6.42410945e-003 3.91075760e-003
    4.78581013e-003 0. 0. 4.25669691e-003 0. 3.43216769e-003 0. 0. 0.
    1.09931584e-002 0. 2.14251294e-003 2.80262064e-003 4.54766210e-003
    0. 2.94009270e-003 6.34122686e-003 0. 3.55024193e-003 0. 0. 0.
    3.82026745e-004 0. 0. 3.32906237e-003 3.85324965e-004 0.
    7.19481800e-003 3.70686920e-003 -1.18933257e-003 7.32097076e-003
    4.88557201e-003 2.41450546e-003 0. 9.21212020e-004 0. 0. 0. 0. 0.
    7.68236350e-004 0. 0. 2.24630744e-003 4.21295688e-003 0. 0. 0. 0. 0.
    0. 1.16581435e-003 -4.34020621e-005 7.60081981e-004 0.
    1.06742121e-002 2.31148652e-003 1.24589968e-002 1.25746685e-003
    5.07259695e-003 2.55932286e-003 -1.28072104e-003 7.05930812e-004 0.
    0. 0. 9.08501446e-004 0. 5.56982215e-003 5.09492401e-003 0.
    1.29936496e-002 0. 6.13614591e-003 0. 0. 6.63640816e-003 0. 0. 0. 0.
    4.56683431e-003 0. 4.87499917e-003 -1.24224997e-003 0.
    3.09958123e-003 0. 2.31135031e-003 -1.67762046e-003 0.
    1.02234574e-003 0. 8.23392253e-003 0. 0. 0. 0. 0. 6.28824229e-004
    4.00999468e-003 0. 0. 0. -2.24135281e-003 0. 2.22431659e-003
    9.25325043e-003 0. 0. 0. 0. 0. 0. 0. 4.45532007e-003 0. 0.
    1.83337312e-002 5.27498918e-003 6.94815163e-003 0. 0. 0.
    1.30112667e-003 0. 7.14534288e-003 4.47911210e-003 0. 0. 0. 0.
    -1.46327482e-003 0. -2.32375436e-003 0. 0. 0. 0. 0. 0.
    3.35454592e-003 0. 0. 8.45479593e-003 8.21509771e-003 0.
    3.75464349e-003 0. 8.48695054e-004 0. 0. 1.69510511e-003 0.
    -3.43354675e-003 5.42663597e-003 2.25892384e-003 0. 0. 0. 0.
    4.43440396e-003 1.10725556e-002 0. -6.86967466e-003 0.
    5.73513051e-003 0. -8.33337195e-004 1.09635748e-003 0.
    1.13288220e-002 -1.81340554e-003 0. 3.58094368e-003 0.
    1.16598234e-002 5.86503465e-003 0. 6.24533929e-003 0.
    -4.62936820e-004 0. 6.92270370e-003 0. 0. 5.33575565e-003
    3.88238393e-003 -4.48894082e-003 0. 0. 5.74265514e-003
    5.93036273e-003 -5.79167274e-004 0. 2.82053882e-003 2.64813192e-003
    1.34411920e-002 6.96501182e-003 6.08331664e-003 0. 0.
    1.91965105e-003 1.01706316e-003 0. 8.92860442e-003 0. 0. 0. 0.
    6.80453563e-003 0. 1.03678936e-002 1.65168766e-003 2.42942804e-003
    0. 0. 2.72632437e-003 1.06426701e-002 6.41964318e-004
    1.96294207e-003 0. 1.27538815e-002 0. 0. 0. 0. 7.12916860e-003
    6.23494154e-003 0. 0. 0. 1.42358406e-003 3.38398945e-003 0. 0.
    7.01888930e-003 0. 0. 0. 0. 0. 0. 1.91204273e-003 0. 0. 0. 0. 0.
    9.85495187e-003 2.15162546e-003 1.58241857e-003 1.55516271e-003
    5.90036064e-003 0. -1.14847302e-004 0. 0. -5.01933554e-003
    3.44965910e-003 0. 0. 5.95928496e-003 5.56016061e-003 0.
    5.54815726e-003 0. 1.01134302e-002 0. 2.37311283e-003
    2.11329642e-003 0. 0. -1.81519880e-003 8.02205876e-003
    6.38067629e-003 0. 0. 2.31191237e-003 0. 0. 7.51658157e-003 0. 0.
    7.78535055e-003 2.25825422e-003 2.22871569e-003 -3.81575286e-004
    2.58931215e-003 0. 0. 0. 0. 2.27034418e-003 0. 0. 0. 0. 0. 0.
    -4.27212304e-004 4.91116196e-003 1.84801705e-002 -1.74058299e-003 0.
    0. 0. 2.13845330e-003 3.04566696e-003 6.39739726e-003
    2.68409149e-005 0. 4.75944020e-003 0. 2.68951897e-003 0. 0.
    2.55588419e-003 1.73738028e-003 -3.69563769e-003 0. 0. 0. 0. 0.
    7.58949388e-003 -1.09198771e-003 0. 1.11155270e-003 3.29406094e-003
    6.78465888e-003 1.15095609e-004 3.26147862e-002 4.95333923e-003
    9.25640017e-003 0. 1.21565955e-003 6.65500201e-003 0.
    4.62028757e-003 0. 0. 4.58802795e-003 0. 4.61209519e-003 0. 0.
    1.24930693e-002 3.80781502e-003 1.23444069e-002 5.21698454e-003 0.
    2.54327198e-003 0. 1.95307145e-003 7.27513619e-003 0. 0. 0.
    5.91783505e-003 1.44010386e-003 7.25476071e-003 0. 0. 0. 0. 0. 0.
    1.61341915e-003 9.48914234e-003 -2.62365979e-003 2.65352381e-003 0.
    0. 4.14259871e-003 -4.62132302e-004 7.31556863e-003 0.
    9.57863312e-003 0. 1.70106429e-003 7.10945437e-003 0.
    2.96736346e-003 0. 1.91748259e-003 0. 0. -1.14117167e-003 0. 0. 0.
    -1.19555974e-003 0. 0. 1.33561727e-003 0. 0. 0. 0. 1.51548274e-002
    2.11484334e-003 0. 3.90144973e-003 1.20141858e-003 -2.70802877e-004
    0. 9.13954433e-003 0. 0. 1.86629221e-002 0. 0. 1.79635745e-003 0. 0.
    -2.98618797e-005 0. 0. -2.18151064e-004 0. 0. 3.70159163e-004
    1.01288268e-003 4.10866830e-003 0. 2.61539069e-004 8.30202457e-003
    2.00277846e-003 0. 0.</data></imageDescriptor>
</opencv_storage>
