<?xml version="1.0"?>
<opencv_storage>
<imageDescriptor type_id="opencv-matrix">
  <rows>1</rows>
  <cols>500</cols>
  <dt>f</dt>
  <data>
    2.02653673e-003 6.90254476e-003 1.38853339e-003 3.35462304e-004
    1.13312434e-003 -1.55137025e-003 2.29625893e-003 3.22870817e-003
    6.35281147e-004 1.42857770e-003 1.68798969e-003 8.43902410e-004 0.
    0. 0. 2.43791044e-004 7.42492732e-004 4.12831316e-003
    1.94157544e-003 1.06087350e-003 2.74166279e-003 5.14539133e-004 0.
    4.55941400e-003 5.14065102e-003 2.65039597e-003 2.66056811e-003
    4.39428911e-003 0. 2.85631698e-003 4.15792409e-003 0.
    1.30401424e-003 7.82528892e-004 2.40255520e-003 0. 9.13536735e-003
    0. 1.18725677e-003 -8.56849074e-004 -8.11079954e-005 3.76553973e-003
    -1.98902984e-004 0. -1.49589439e-003 2.68902676e-003 4.49024793e-003
    0. 0. 1.30668725e-003 1.32913794e-003 0. 2.80388421e-003
    8.68444971e-004 6.79062679e-004 5.31320460e-004 0. 0.
    -4.53488290e-004 0. 8.19101650e-003 2.28502788e-003 6.91035762e-003
    1.27438747e-003 2.67224968e-003 -1.09283184e-003 0. 3.57638276e-003
    5.45772258e-003 0. -3.27354734e-004 2.70474097e-003 0.
    8.03074217e-004 0. 5.82843437e-004 0. 4.59753675e-003 0.
    4.94035706e-003 7.40650855e-003 7.83249643e-003 1.91143621e-003
    1.54516718e-003 2.93639861e-003 3.31179326e-004 0. -2.80919857e-003
    8.33032187e-004 3.36206029e-003 2.91711942e-004 7.94666447e-003
    1.01504114e-003 1.97384902e-003 4.94488189e-003 3.95516260e-003
    9.13337062e-005 3.13412072e-003 1.72667124e-003 1.40953122e-003
    5.35030477e-003 8.07478465e-003 2.75198556e-003 -4.76871990e-003
    8.99692066e-004 6.71279151e-004 1.68055459e-003 1.04628829e-002
    1.31492654e-003 1.50917121e-003 7.86455057e-004 -1.70462459e-004
    2.35420791e-003 -3.84295243e-004 2.88336934e-003 8.04100558e-003
    1.25229207e-003 1.40501256e-003 4.71933465e-003 1.46218704e-003 0.
    1.25920994e-003 2.65090377e-003 1.86819897e-003 3.45720066e-004
    2.75422097e-003 4.92398220e-004 1.75065128e-003 3.85425607e-004
    9.62828635e-004 2.57749856e-003 -2.05581635e-003 0. 1.81755645e-003
    0. 3.02307378e-003 2.89463252e-003 0. 2.63376907e-003
    2.45673320e-004 1.75996590e-002 0. 0. 3.42461804e-004
    2.33199028e-003 2.91376840e-003 1.25946605e-003 2.55311280e-003 0.
    3.25663085e-003 0. 1.11032808e-002 3.36718163e-003 0.
    1.06096071e-004 1.69795263e-003 6.24339702e-003 1.53314751e-002
    1.62690021e-002 1.75436167e-003 2.74199247e-003 -7.58366004e-005
    1.87354116e-003 1.45786756e-003 5.83025301e-003 3.15334089e-003
    5.07329265e-003 3.60413338e-003 5.19979326e-003 4.81622340e-003
    2.86519527e-004 -2.92226963e-004 0. -1.16114004e-003 4.68867505e-003
    1.04155298e-003 2.71399994e-003 0. 0. 9.98372864e-003
    1.94730377e-003 0. 2.65995099e-004 3.06633930e-003 5.27772168e-003
    3.11583723e-003 0. 3.93987168e-003 8.47700424e-003 1.82566221e-003
    0. 6.17371267e-003 4.36605327e-003 -1.13632856e-003 0.
    -1.88561622e-004 0. 3.22508323e-003 2.11486872e-003 1.79798633e-003
    2.73144688e-003 2.77234381e-003 2.57045496e-003 2.91361264e-003
    6.56792475e-003 1.07613574e-004 1.47528597e-003 4.02731868e-003
    4.09821747e-003 -1.63111149e-003 0. 1.57864043e-003 5.66255418e-004
    2.32042046e-003 0. 3.06941778e-003 1.86456065e-003 9.08395555e-003
    1.29012752e-003 4.72800341e-004 0. 0. 1.28784287e-003
    -4.83254844e-005 2.79126856e-002 0. 3.57505563e-003 7.47100636e-003
    6.26008213e-003 1.21724163e-003 1.22214667e-003 6.29004929e-003
    5.70259755e-004 0. 4.68216604e-003 2.41865893e-003 0.
    2.20243353e-003 0. 1.77993439e-004 2.36162939e-003 1.00070040e-003
    0. 2.14181677e-003 0. 1.54413201e-003 1.21322460e-003 0.
    3.70110758e-003 3.20422626e-003 -3.98806296e-005 3.29841190e-004
    1.32633408e-003 7.96801411e-004 9.57463810e-004 9.35172779e-004
    2.07495922e-003 9.00246482e-003 8.50003026e-003 0. 0. 0.
    2.98428652e-003 2.55927048e-003 -2.88184674e-004 4.80480213e-003
    3.10934964e-003 -3.24905472e-004 4.04754933e-003 -7.22292898e-005
    9.18250706e-004 0. 0. 1.01158337e-003 1.99918915e-003
    2.87630456e-003 1.47915946e-003 3.40774399e-003 0. 1.63132721e-003
    1.26508449e-003 0. 1.47280749e-003 1.30673125e-003 0.
    -7.49159022e-004 2.55327701e-004 3.13224178e-003 1.22367244e-004
    1.49356562e-003 -5.59879118e-004 5.47702238e-003 3.37960105e-003
    4.83237859e-003 2.20288080e-003 1.01830636e-003 0. 1.84216304e-003
    1.78304501e-003 2.09158864e-002 0. 5.04548987e-003 1.62028580e-003
    2.11767666e-003 0. 1.01940730e-003 2.20240513e-003 -1.15397351e-003
    0. 2.90837255e-003 1.28503982e-003 1.04400818e-003 2.26861704e-003
    7.52627559e-004 0. 1.55874006e-002 2.84010661e-003 2.41473177e-003
    4.37381538e-003 8.05298216e-004 0. 1.57437613e-003 6.32131356e-004
    0. 0. 0. 1.34915672e-003 2.45229166e-004 2.90190626e-004 0. 0.
    1.28744298e-003 2.16259985e-004 1.06778357e-003 2.48000841e-003
    3.78298433e-003 0. 2.87788920e-003 3.80948884e-003 0.
    -3.08413804e-003 3.60797771e-004 8.36907770e-004 3.23325954e-003
    -2.38135504e-003 3.51237459e-003 6.14668196e-003 -6.30945025e-004 0.
    0. 3.06975469e-003 1.14224839e-003 1.93630741e-003 9.85514931e-003
    0. -1.08465448e-003 -8.83823377e-004 -9.85921724e-005
    1.21559354e-003 5.97888429e-004 1.55893515e-003 7.44209217e-004
    1.12443939e-002 -3.16901787e-005 4.62933490e-003 0. 0.
    2.38637975e-003 1.60175259e-003 1.04046874e-002 2.52130418e-003
    -4.50726540e-004 5.45879453e-003 0. 3.40452185e-003 0.
    1.86880969e-003 1.07333763e-003 2.46308278e-003 8.27633590e-003
    5.48132055e-004 0. 7.67160673e-004 3.88539932e-003 2.67804600e-004
    0. -6.23774715e-004 1.64588343e-003 3.47139756e-003 5.81995409e-004
    3.69559368e-003 2.14468618e-003 1.91614847e-003 -2.43824860e-003
    -9.10483766e-004 2.49020988e-003 -1.33163552e-003 -4.93879430e-004
    5.55020198e-003 -4.46331018e-004 4.07891348e-003 0. -4.68721846e-003
    -2.80738954e-004 9.96618881e-004 -3.59621539e-004 1.99743686e-003
    1.58833020e-004 1.71092746e-003 7.66798039e-004 -3.48669477e-004 0.
    2.47992645e-003 6.79925943e-005 1.67596631e-003 0. -3.35253682e-003
    1.64901535e-003 -2.83585687e-004 1.60098798e-003 2.14462008e-004
    8.51486519e-004 -7.73411186e-004 4.51432448e-003 3.11879790e-003 0.
    2.48784292e-003 1.18167838e-003 9.50045232e-003 1.00023666e-004 0.
    6.09444513e-004 7.53182266e-003 3.01459199e-003 3.84943187e-003
    9.02451167e-004 6.69082627e-003 3.71183036e-003 0. 2.38198601e-003
    0. 0. 1.05600152e-003 1.70606724e-003 0. 3.64254834e-003
    5.87595534e-003 1.90355012e-003 1.07162101e-002 1.04972161e-003
    -1.08626403e-003 0. 1.33849401e-003 8.25723051e-004 1.51519384e-003
    0. 6.00536121e-003 0. 5.18603250e-003 1.18543580e-003
    2.89158453e-003 2.38292431e-003 4.70201904e-003 4.00294492e-004
    3.81369470e-003 0. 1.86004443e-003 1.23496167e-003 0.
    1.35167083e-003 2.22588517e-003 5.44724753e-003 2.65360693e-003
    2.30869488e-003 1.09267351e-003 -8.35324987e-004 1.15668389e-003
    -2.53759965e-004 8.03573895e-003 -1.18159805e-003 0. 2.86006811e-003
    8.18647386e-004 0. 3.39538674e-003 5.37329493e-003 1.41186325e-003
    -1.06522650e-003 5.59105596e-004 3.67824733e-003 1.95275655e-003 0.
    1.90157280e-003 2.91420822e-003 0. -1.28929620e-004 2.70204130e-003
    -7.29242238e-005 1.80917827e-003 2.07392126e-003</data></imageDescriptor>
</opencv_storage>
