<?xml version="1.0"?>
<opencv_storage>
<imageDescriptor type_id="opencv-matrix">
  <rows>1</rows>
  <cols>500</cols>
  <dt>f</dt>
  <data>
    2.51051248e-003 2.41103526e-002 4.75020474e-003 0. 0. 0. 0. 0. 0. 0.
    0. 0. 0. 0. 0. 3.32604838e-003 0. 0. 0. 1.29198572e-002 0. 0.
    1.51976431e-003 1.37437982e-002 4.11477871e-003 0. 1.00934524e-002
    0. 0. 0. 0. 0. 0. 2.75440956e-003 8.02963600e-003 0. 0. 0. 0.
    1.33003537e-002 0. 0. 0. 0. 0. 0. 2.28169141e-003 9.44615633e-004 0.
    0. 1.50022830e-003 8.93663801e-003 0. 0. 1.47278002e-002 0. 0. 0. 0.
    7.25838030e-003 0. 1.68017938e-003 5.46800205e-003 0. 0.
    2.59096106e-003 0. 2.34972010e-003 -1.63518358e-003 0. 0.
    1.83336176e-002 4.41290205e-003 0. 0. 0. 0. 9.43138544e-003
    -4.72431863e-003 -8.71021301e-004 0. 3.12987305e-002 0.
    -1.29353534e-003 0. -4.63525020e-003 0. 7.13773863e-003
    5.74859651e-003 7.92589784e-003 9.20756161e-003 2.24734750e-002
    6.53065881e-003 0. 0. 1.46163236e-002 0. 0. 0. 1.03275012e-002 0. 0.
    0. 0. 0. 0. 5.23541775e-003 0. 0. 0. 0. 0. 0. -5.49104158e-003 0.
    6.28825324e-003 0. 0. 0. 5.27277682e-003 0. 0. 0. 0. 1.70687411e-003
    0. 1.05710737e-002 0. 0. 0. 5.97169902e-003 5.73191745e-003
    -1.01639386e-002 0. 0. 0. 7.48220133e-003 0. 0. 1.86286692e-003 0.
    0. 0. 0. 1.44303171e-002 0. 8.01525917e-003 0. 0. 7.69169070e-004
    8.18566699e-003 0. 0. 9.14647710e-003 1.00157550e-002 0. 0. 0.
    4.37248871e-003 5.27821388e-003 7.08482834e-003 0. 1.30862312e-003
    1.88949076e-003 0. 0. 0. 7.40384590e-003 1.04665393e-002 0. 0. 0.
    1.32475812e-002 0. 0. 0. 0. 0. 3.20382649e-003 0. 0. 0. 0. 0.
    5.82945580e-003 0. 0. 0. 0. 7.91381206e-003 0. 0. -7.69199047e-004
    9.86773614e-003 0. 0. 0. 0. 0. 0. 0. 0. 0. 0. 1.08818514e-002 0.
    1.71656404e-002 0. 0. 0. 0. 0. 3.79999308e-003 0. 0. 0.
    -2.01373757e-003 3.92587343e-003 0. 9.06451233e-003 0. 0. 0. 0.
    1.09369215e-002 8.70901719e-003 0. 0. 0. 0. 1.53758880e-002
    -3.51058762e-003 0. 2.46142112e-002 0. 0. 0. 0. 0. 0.
    -4.65889752e-004 0. 4.13143029e-003 1.66176595e-002 0. 0. 0. 0. 0.
    0. 5.71036572e-003 0. 2.89599784e-002 0. 0. 0. 0. 1.02522569e-002 0.
    0. -1.74477790e-003 0. 9.73524805e-003 2.36522197e-003 0. 0.
    -8.67649156e-004 0. 0. 7.95357767e-003 0. 0. 0. 4.33418760e-003 0.
    0. 7.59629998e-003 0. 6.17944496e-003 0. 0. 0. 2.28621787e-003
    4.86410827e-005 1.47859808e-002 0. 0. 0. 2.11351388e-003 0. 0. 0. 0.
    1.39059760e-002 0. 0. 0. 1.42575931e-002 0. 0. 0. 4.85981815e-003 0.
    0. 0. 0. -1.18481147e-003 0. 4.15711105e-003 4.46451688e-003 0.
    -6.86177658e-003 0. 5.30538242e-003 0. 0. 1.13431830e-002
    1.16522321e-002 0. 0. 0. 0. 7.09975138e-003 0. 0. 0. 0. 0. 0.
    1.08735161e-002 0. 0. 0. 0. 0. 0. 0. 0. 4.27210657e-003 0.
    5.37108164e-003 0. -2.77792476e-003 0. 0. 0. 1.45477348e-003
    -4.06879652e-003 3.27407732e-003 1.06062181e-003 5.62591618e-003 0.
    0. 0. 1.04820449e-002 1.28304749e-003 0. 0. 9.36943106e-003 0. 0. 0.
    4.13603906e-004 0. 0. 0. 0. 0. -4.28858167e-003 3.95743269e-003 0.
    0. 8.27406161e-003 0. 0. -4.75749403e-004 9.69584938e-003
    1.72526145e-003 0. 0. 0. 0. 0. -3.09523079e-004 0. 0. 0.
    3.23634665e-003 0. 0. 1.18755875e-002 0. 5.08619612e-003 0. 0. 0. 0.
    0. 0. 0. 0. 8.02009646e-003 0. 1.51089299e-002 0. 0. 0. 0. 0. 0. 0.
    1.01361061e-002 9.29835532e-003 0. 0. 0. 1.20831076e-002 0. 0. 0. 0.
    0. 0. 0. 4.88067744e-003 0. 0. 0. 0. 0. 5.12184668e-003
    -2.06119544e-003 0. 0. 1.08440965e-003 0. 5.29230433e-003 0. 0. 0.
    2.88999616e-003 1.18563967e-002 0. 0. 0. 0. 0. 1.93820372e-002
    1.02194864e-002 0. 4.55878908e-003 0. 0. 0. 0. 0. 0. 0. 0.
    2.22691358e-003 0. 1.34861993e-003 8.76267347e-003 0. 0. 0.
    1.38604483e-002 1.03825275e-002 0. 0. 0. -1.16759830e-003 0. 0. 0.
    -4.75230103e-004 1.18013867e-003 0. 0. 0. 0. 1.08347824e-002 0. 0.
    0. 0. 4.95395390e-003 -1.07563392e-003 0. 0. -2.06258008e-003
    5.22670755e-003 0. 4.30755178e-003 3.78427980e-003 1.36596337e-003
    0. 0. 0. 0.</data></imageDescriptor>
</opencv_storage>
