<?xml version="1.0"?>
<opencv_storage>
<imageDescriptor type_id="opencv-matrix">
  <rows>1</rows>
  <cols>500</cols>
  <dt>f</dt>
  <data>
    5.38761914e-003 4.95189708e-003 3.23124044e-003 1.72687694e-003
    3.61361937e-003 2.41425331e-003 0. 5.52998390e-004 1.15194940e-003
    1.31591363e-003 4.69782855e-003 0. 1.71024178e-003 5.11314999e-003
    2.58297985e-003 1.12653349e-003 1.07928168e-003 5.13614435e-003 0.
    -7.72074331e-004 8.10364820e-003 -2.04142125e-004 0.
    -1.19363784e-003 -2.71173485e-004 -2.90713069e-004 1.02864567e-003
    3.89282126e-003 5.25355525e-003 -1.33672834e-003 2.43641459e-003
    3.74517660e-003 3.78390844e-003 4.29640757e-003 1.32920686e-003
    1.00734551e-003 3.31655401e-003 2.36326107e-003 1.91598595e-003
    7.09064957e-003 0. 1.30406825e-003 2.58189486e-003 0.
    1.23849057e-003 3.37412930e-003 3.85042070e-003 0. 0.
    -2.86224438e-003 1.30290107e-003 -1.65178569e-003 8.44036788e-003
    1.25150278e-003 5.40806307e-003 4.97027475e-004 5.97226480e-003
    1.08308473e-003 5.27062872e-003 5.04969107e-003 1.80266320e-003
    6.65494648e-004 5.71166165e-003 0. 1.02505097e-002 0.
    1.91298535e-003 1.90241111e-003 0. 5.37201716e-003 6.01120619e-003
    5.66622824e-004 0. 6.65351748e-003 4.90986090e-003 1.05879863e-003
    7.52186868e-004 3.21714440e-003 9.23446554e-004 0. 2.26330780e-003
    -4.77673137e-004 0. 1.90091087e-003 0. 6.94627350e-004
    1.64664933e-003 -2.50700139e-003 8.35004263e-003 6.70134835e-003
    2.69771554e-004 2.53018783e-003 1.61349389e-003 6.64528518e-004
    -3.55664961e-005 8.85604415e-004 1.51191675e-003 5.67155331e-003
    2.69894069e-003 7.77687738e-003 2.59928475e-003 1.35651571e-004
    1.58515596e-003 1.63656473e-003 2.28655920e-003 2.18539312e-003
    4.74413577e-003 1.86995754e-003 -4.49005747e-004 5.65440045e-004
    3.73593438e-003 3.94993171e-004 0. 3.40956752e-003 0.
    3.11899488e-003 8.92442744e-003 -1.00705518e-004 0. 6.36656675e-003
    2.27512768e-003 1.84876495e-003 1.05585810e-003 5.67166833e-004
    2.09021475e-003 -4.79105365e-004 2.66183028e-003 4.90025990e-003
    9.80596640e-004 -1.40252430e-003 1.97397801e-003 5.67285344e-003
    1.30433496e-003 2.44970620e-003 5.69770997e-003 2.50897347e-003 0.
    0. 0. 1.08890969e-003 6.76415279e-004 8.83331639e-004
    1.47115218e-003 1.70282798e-003 0. 6.85361493e-003 0.
    9.24153253e-003 0. 0. -2.84787989e-003 2.68712942e-003
    3.64593673e-003 1.37193082e-003 -1.46245176e-004 0. -1.02805428e-003
    1.76831638e-003 3.63357860e-004 1.82506605e-003 0. 2.07153440e-004
    1.28062034e-003 -2.22680519e-005 2.58539780e-003 4.95722145e-003
    1.95635157e-003 5.32554137e-003 4.48422536e-004 1.22331304e-003
    2.20007636e-003 4.19755979e-003 6.11861795e-003 5.73736208e-004
    3.44596803e-003 2.84963078e-003 2.43831682e-003 0. 2.17934605e-003
    2.19863188e-003 2.50357599e-003 8.44398106e-004 3.22821829e-003
    3.37225455e-003 0. 2.05539502e-004 2.33479566e-003 2.21686601e-003
    5.60241845e-003 -4.08836262e-004 0. 3.20352241e-003 0.
    4.38039145e-003 0. 3.22727370e-003 -5.86416340e-004 1.43359217e-003
    1.36319990e-003 1.33989938e-003 1.33943162e-003 2.19810102e-003
    2.94766692e-003 5.70130884e-004 4.76638175e-004 -3.19253013e-004
    1.69221184e-003 2.90063792e-003 4.18039365e-003 1.78426330e-003
    1.90181274e-003 1.28043303e-003 1.55619066e-003 2.54002563e-003 0.
    1.20703410e-003 -1.57735325e-004 5.74834063e-004 6.30911812e-003
    4.70762746e-003 0. 6.33939635e-003 0. 1.73982838e-003
    4.39405534e-003 1.70264524e-004 1.81573478e-003 0. 1.41543942e-005
    -6.09438401e-004 6.38111887e-005 -1.36246614e-004 0. 4.84478753e-003
    5.26400376e-003 -5.50470955e-004 9.40062571e-004 7.33089546e-005
    5.46621159e-003 2.47244490e-003 1.44860195e-003 7.98692461e-003
    4.60081646e-005 -4.49240506e-005 3.78189445e-003 2.86226976e-003
    1.61827926e-003 2.01159203e-003 3.87500506e-003 1.47019164e-003
    -6.44534593e-005 0. 1.06528460e-003 0. 2.73943786e-003
    3.75571335e-003 3.77313205e-004 1.52772386e-003 0. 1.11178188e-002
    0. 0. 7.74160353e-003 2.78287730e-003 -1.78743096e-003
    -6.88297150e-004 3.84778227e-003 2.00654007e-003 1.61595060e-003
    6.20664656e-003 7.62399286e-003 1.79880336e-002 -1.86956924e-004
    1.30368711e-003 0. 1.73187105e-003 2.16331519e-003 0.
    3.54879419e-003 0. 2.92339991e-003 3.08047468e-003 2.49846070e-003
    1.39916374e-004 3.43985041e-004 0. 0. 1.37652736e-003
    6.27101585e-003 5.48018422e-003 0. 5.12484135e-003 4.61378414e-003
    0. 9.05732973e-004 2.13321042e-003 5.41844987e-004 1.78470265e-003
    2.68537668e-003 0. 4.12552254e-005 5.06054657e-003 1.40091288e-003
    4.96806437e-003 2.98254308e-003 5.93629433e-003 1.46500277e-003
    2.18471652e-003 -2.37899629e-004 8.85499525e-004 0. 1.62362948e-003
    6.20060542e-004 6.61100959e-004 2.52349372e-003 6.87822758e-004
    2.55507254e-003 1.35757626e-004 4.02703881e-003 0. 4.83578024e-003
    5.01517626e-003 0. 7.60388188e-003 3.64796870e-005 3.11569986e-003
    1.22957642e-003 3.38808773e-003 0. 9.61925776e-004 8.33933428e-003
    5.95929159e-004 0. 2.95014190e-003 1.69054023e-003 0.
    1.33786816e-004 6.82111830e-003 0. 0. 0. 4.29402106e-003
    1.44488164e-004 0. 3.00394325e-003 1.83254841e-003 0.
    5.80286002e-003 2.39786552e-003 0. 2.78171222e-003 7.32040382e-004
    1.74315367e-003 6.21138234e-003 0. 7.26986537e-003 5.59862424e-003
    6.96015358e-003 -3.21548396e-005 5.62968897e-004 1.35403394e-003 0.
    2.32716184e-003 1.55671721e-003 0. 0. 3.18762730e-003
    4.08071763e-004 -3.77241609e-004 1.58354163e-003 2.97644106e-003
    1.10146881e-003 0. 1.94198044e-003 0. 9.96173127e-004
    2.41285819e-003 1.29236805e-003 4.66153584e-003 3.07016307e-003
    -1.44627912e-003 1.08241511e-003 1.89626077e-003 3.69069958e-003 0.
    6.01605838e-003 2.60446966e-003 0. 1.36178755e-003 2.17023864e-003
    2.15793191e-003 7.08507141e-004 1.68360141e-003 4.62451391e-003 0.
    7.23921170e-004 1.72452431e-003 3.70315625e-003 0. 0.
    5.15470514e-003 3.86607484e-003 3.20938928e-003 5.50772203e-003 0.
    2.44504167e-003 8.39002081e-004 0. 0. 2.42914632e-003
    7.48404721e-003 -5.73963625e-004 3.41165788e-003 6.27838168e-003
    3.67216393e-003 0. 1.74216216e-003 1.25223363e-003 2.49719201e-003
    1.52274768e-003 -4.45904501e-004 9.61086433e-003 3.10809934e-003 0.
    -1.11856777e-003 1.42043852e-003 9.08147020e-004 1.48305402e-003
    6.84745470e-003 2.33664690e-003 0. 1.15330669e-003 0.
    7.33220018e-004 1.09938286e-004 4.68712812e-003 7.07723142e-004
    1.51744287e-003 -1.09715527e-003 1.01752393e-003 1.06223649e-003
    1.24713418e-003 5.96644543e-003 1.81253604e-003 6.38698868e-004 0.
    0. 3.44731961e-003 2.62112822e-003 -1.06063741e-003 3.74770630e-003
    -1.99620918e-004 5.78716463e-005 2.15671817e-003 1.66746776e-003 0.
    2.09369394e-003 3.95399192e-003 5.15772216e-003 3.85489751e-004
    4.22504218e-003 2.27881526e-003 3.35416384e-003 -3.03871668e-004
    3.40253534e-003 -1.08838908e-003 2.28381692e-003 6.02028973e-004 0.
    0. 0. 0. 0. 1.36216532e-003 4.72900458e-004 3.75289892e-005
    5.84639092e-005 2.97576934e-003 1.58497214e-003 5.66606782e-003
    1.08332140e-003 2.97867390e-003 8.17717460e-004 -9.05150955e-007
    1.21594733e-003 8.77242244e-004 5.54118480e-004 5.02613315e-004
    -4.98555310e-004 5.50896954e-003 6.06001448e-003 4.30829497e-003
    4.26276401e-003 5.36496809e-004 9.28249909e-004 6.86341198e-003
    -2.66829011e-004 8.32613208e-004 7.06241874e-004 -1.12449122e-003</data></imageDescriptor>
</opencv_storage>
