<?xml version="1.0"?>
<opencv_storage>
<imageDescriptor type_id="opencv-matrix">
  <rows>1</rows>
  <cols>500</cols>
  <dt>f</dt>
  <data>
    -2.88708834e-003 -2.23699980e-003 0. 0. 2.25171959e-003 0. 0.
    3.26907355e-003 -2.66071642e-004 1.51862474e-002 6.12952499e-005
    2.72377976e-003 0. 0. 0. 9.91612324e-004 1.61369867e-003 0. 0. 0.
    1.00522605e-003 1.90127688e-003 0. 0. 0. 0. 1.67819904e-003
    1.08445613e-002 2.79389834e-003 6.70693861e-003 2.68238341e-003
    3.13380547e-003 2.41321349e-003 8.26272555e-003 3.45359161e-003
    2.64031393e-003 -5.42473397e-004 6.30076928e-003 2.64047459e-003
    6.52161893e-003 0. 0. 9.02582984e-003 1.60645985e-003
    5.77032566e-003 1.05895393e-003 3.52784828e-003 0. 0.
    1.13449758e-003 0. 0. -5.37389133e-004 -5.54475375e-003 0. 0.
    2.99370708e-003 0. 0. -1.86419627e-003 2.28055380e-003
    -7.60721683e-004 3.57057527e-003 8.99042189e-003 1.58739928e-003
    6.60865102e-003 0. 8.10365425e-004 1.97891449e-003 2.65805167e-003
    0. 9.67539090e-004 1.24696374e-003 3.46307969e-003 0.
    -4.86795616e-005 1.04863860e-003 5.51602757e-003 0. 0. 0.
    -1.85999158e-003 3.27828643e-003 2.21009273e-003 1.03596942e-002 0.
    0. 0. 1.01043433e-002 4.70494619e-003 6.48646057e-003
    3.96875618e-003 0. 0. 1.05009628e-002 0. 3.17927072e-004 0.
    5.27822413e-004 2.95251491e-003 0. 0. 2.05813325e-003
    1.64902175e-003 2.78105261e-003 3.79012525e-003 6.50289076e-005
    6.98240474e-003 8.27438256e-004 -1.10467628e-003 8.28880537e-003
    2.68904422e-003 1.68090593e-002 0. 0. 1.25609082e-003
    1.72357797e-003 0. 0. 6.15398912e-003 0. 0. 0. 0. 1.02215214e-002
    2.07609916e-003 1.90270611e-003 1.41636794e-003 0. 0. 0.
    -1.25376438e-003 0. -6.95860188e-004 8.61098617e-003 7.41116144e-003
    0. 1.86834745e-002 0. 2.31842860e-003 1.85641088e-002 0. 0. 0. 0.
    -1.08411431e-003 0. 0. 0. 0. 1.50336209e-003 2.81048450e-003
    3.14731104e-003 2.15199863e-004 7.18292361e-003 1.19226926e-003 0.
    4.61228238e-003 2.83416105e-003 0. 0. 1.79763092e-003 0.
    1.96191631e-005 1.20465986e-004 5.73284877e-003 0. -2.61447811e-003
    0. 4.92346648e-004 0. 0. 1.11993693e-003 -1.25558418e-003
    1.88248395e-003 0. 1.79586485e-002 0. 0. 6.76896004e-003
    2.84668896e-003 0. 0. 2.29142536e-003 5.11346292e-003
    9.90502629e-003 6.39072480e-003 0. 0. 8.64542089e-003 0. 0. 0.
    2.99880235e-003 0. 1.96123798e-003 0. -1.31491062e-004
    1.15408027e-003 0. 0. 0. 0. 0. 0. 0. 4.36478062e-003 2.18032813e-003
    2.39530392e-003 0. 8.66460428e-003 0. 0. -1.24251575e-003 0.
    2.84381234e-003 1.49363943e-003 5.96741214e-003 6.30634488e-004 0.
    6.14690967e-003 3.98684200e-003 2.06721737e-003 6.21061260e-003
    6.83436636e-003 5.80420345e-003 -1.26222288e-003 7.48580613e-004 0.
    -1.73211470e-003 2.14310712e-003 1.35705469e-003 0. 7.25628156e-003
    5.41756570e-004 6.19687745e-003 0. 7.98590889e-004 6.05453737e-003
    -8.72246164e-004 1.90109608e-003 0. 8.18941370e-003 1.12246033e-002
    1.17744692e-003 3.86199099e-003 0. 3.04983323e-003 0.
    1.47796076e-004 3.41552636e-003 0. 0. 3.81934340e-003 0. 0.
    2.11509666e-003 7.13352533e-003 0. 1.75784493e-003 -2.05999924e-004
    0. -1.19571829e-004 -3.53387045e-003 0. 1.85811229e-003
    3.09134554e-003 7.77601870e-003 0. 5.84091060e-003 0.
    1.49498845e-003 0. 0. 0. 1.55898032e-003 6.28138101e-003
    3.82007170e-003 0. -1.91555289e-003 1.15668895e-002 0.
    6.74553274e-004 8.28909595e-003 0. 2.40270910e-003 5.32552274e-003
    0. 0. 0. -8.09003832e-004 1.12405512e-002 1.58634607e-003
    6.70602545e-004 4.80939954e-004 1.39655136e-002 2.20634486e-003 0.
    1.49272627e-003 2.90413806e-003 0. 7.80770136e-003 2.62049399e-003
    0. 8.40766472e-004 7.14518921e-003 0. 0. 0. 0. 0. 2.60044914e-003 0.
    -5.57610416e-004 0. 9.75386938e-004 0. -2.11507361e-003
    2.24566702e-002 0. 5.88005409e-004 5.22426236e-003 0.
    5.05982293e-003 0. 0. -2.34518466e-005 -2.37322366e-003 0.
    1.19659258e-003 -4.36930126e-003 6.06402615e-003 0. 3.98074836e-003
    0. 6.72175083e-004 0. -1.62097171e-003 0. 0. 9.16685164e-003 0.
    4.39531170e-003 0. 0. 0. 3.48229706e-003 2.02066731e-003
    -8.96425481e-005 2.05366779e-003 7.12347683e-003 -3.53853044e-004
    2.73438077e-003 0. 4.46259463e-003 9.70801897e-003 1.02700545e-002
    1.80748489e-003 0. 1.94767106e-003 0. 0. 1.25738271e-002 0.
    1.97659736e-003 0. 0. 5.82972483e-004 -3.16836289e-003 0. 0.
    5.36228996e-003 1.62570998e-002 0. 5.55110257e-003 0.
    -6.63757382e-004 1.15615902e-002 7.86420424e-003 0. -2.12203176e-003
    3.71941901e-003 2.41605728e-003 1.63160432e-002 2.34317384e-003
    7.08925352e-003 -1.22418418e-003 -1.77941460e-003 1.15789275e-003
    -2.43094226e-004 0. 1.64306141e-003 0. 3.01480433e-003 0. 0.
    5.02508972e-003 5.68808010e-003 9.24074836e-003 2.28653167e-004
    4.42076102e-003 6.97502447e-003 0. 1.39910821e-002 0. 0. 0.
    7.07729533e-003 0. 3.39414412e-003 0. -9.45755979e-004 0. 0.
    5.39403269e-003 0. 0. -6.61620230e-004 1.72827449e-002 0. 0. 0.
    3.16420570e-004 3.86077096e-003 6.17843005e-004 -2.06571911e-003 0.
    6.07656594e-003 0. 1.58528378e-003 0. 0. 0. 0. 4.37600166e-003
    -1.94862217e-003 4.61129006e-004 1.90933642e-003 0. 0. 0. 0. 0.
    3.12010222e-003 0. 6.91836048e-003 -1.67006615e-003 4.90574259e-003
    4.33156034e-003 -2.84754229e-003 6.06449554e-003 0. 3.41069326e-003
    0. 0. 9.26782086e-004 -9.46764951e-004 1.68903696e-003
    1.55393314e-003 0. 1.02886942e-003 4.42796008e-005 8.01153074e-004
    0. 4.96831723e-003 0. -1.94234401e-003 0. 0. -2.83918018e-003
    7.27618299e-003 0. 4.07492090e-003 0. 0. 0. -3.13247717e-003
    2.40367511e-003 7.93578743e-004 -1.31242152e-003 0. 0.
    6.64353836e-004 0. 0. 0. 5.57784596e-003 0. 0. 0. 4.15864214e-003
    -1.75592169e-004 7.09732622e-003 0. 0. 2.67398148e-003
    -1.91121176e-003 2.37578922e-003 0. 1.45517858e-002</data></imageDescriptor>
</opencv_storage>
