<?xml version="1.0"?>
<opencv_storage>
<imageDescriptor type_id="opencv-matrix">
  <rows>1</rows>
  <cols>500</cols>
  <dt>f</dt>
  <data>
    2.39143567e-003 -8.81042273e-004 2.18983367e-003 0. 5.28535852e-003
    2.25275173e-003 0. 0. 0. 0. 0. 0. 0. -6.80843892e-004
    8.45367904e-004 0. 7.31900055e-003 1.77461805e-003 0.
    2.82614795e-003 1.19832181e-003 3.69402720e-003 3.47263971e-003 0.
    0. 3.89091647e-003 -2.29274528e-003 0. 8.23354721e-003 0. 0.
    6.08651619e-003 0. 3.53836897e-003 1.51091511e-003 0.
    3.59301479e-003 0. 0. 3.54455947e-003 -2.97824573e-003 0. 0.
    4.52127820e-003 0. 0. 9.16322169e-004 4.61002160e-003
    3.72147025e-003 5.52203492e-005 -9.71131725e-004 1.16310762e-002
    9.85725899e-004 0. 0. 7.56415445e-003 3.00152134e-003
    4.79226280e-003 2.92979204e-003 -2.82629183e-003 5.25796274e-003 0.
    4.38855635e-003 -3.15769971e-003 0. 6.42459872e-006 1.42738770e-003
    8.76561925e-003 0. 1.30172027e-003 0. 0. 0. 0. 0. 0. 0. 0. 0.
    9.31608665e-004 4.66970401e-003 -4.60436149e-003 0. 1.33609326e-004
    5.12370467e-003 1.78485569e-002 4.23724204e-003 6.43256120e-003
    1.70432520e-003 4.85035963e-003 -1.95169030e-003 3.20056826e-003
    4.64394502e-003 1.67638215e-003 -6.60445483e-004 -5.19666937e-004 0.
    3.43839079e-003 1.62689667e-003 2.80499784e-003 0. 1.56945805e-003
    7.52366707e-003 3.12028211e-002 0. 0. 4.35851235e-003 0.
    -2.37186113e-003 0. 0. 2.60905107e-003 0. 8.23376980e-003
    1.32369669e-003 0. 0. 0. 4.46435530e-003 0. 1.53336732e-003
    5.52780600e-003 0. 0. 0. 0. -1.05895835e-003 4.04761778e-003
    1.37705577e-003 -7.38563656e-004 1.97892077e-003 -2.92743254e-003
    -1.17790583e-003 2.20614905e-003 4.45556128e-003 -4.17267642e-004 0.
    0. 5.18992543e-003 0. 0. 0. 0. 8.71083175e-004 0. 0. 0.
    2.78209755e-003 0. 5.86177595e-003 1.39471528e-003 2.57795025e-003
    0. 4.66745859e-003 1.03208590e-002 0. 0. 1.49614760e-003 0. 0.
    3.27097805e-004 9.45228734e-004 0. 6.49173371e-003 -1.53202552e-003
    1.03209331e-003 -1.93120295e-003 0. 0. 0. 3.62698524e-003
    2.36117980e-003 -2.61973264e-003 1.61525384e-002 0. 0. 0. 0.
    4.80247801e-003 0. 0. 0. 1.08896417e-003 2.02313885e-002
    6.81603188e-003 0. -2.75451544e-004 0. -7.27159437e-003
    9.37598175e-004 0. 0. 9.22770065e-004 0. 0. 1.39979576e-003
    -9.21028201e-004 0. 0. 1.63553213e-003 7.62923481e-003
    1.39534811e-003 0. 3.20931314e-003 0. 3.28643690e-003
    5.56083024e-003 0. 8.60227551e-003 2.23454181e-003 0.
    4.24316479e-003 4.72028914e-004 -2.20397743e-003 1.38243951e-003
    1.80707336e-003 6.92786602e-003 0. 7.92345870e-003 3.95669322e-003
    0. 3.10800038e-004 1.24830462e-004 5.74612385e-003 4.96869013e-002
    0. 0. 2.41764751e-003 -8.54890503e-004 0. 1.33861694e-003
    1.14272267e-003 -4.75698354e-004 0. 1.21623708e-003 0.
    5.10441884e-003 0. -1.87763333e-004 0. 3.50150862e-003 0.
    4.18424420e-003 0. 0. 0. 1.34920748e-002 1.00700883e-003
    4.00920771e-003 0. 2.36597331e-003 0. 6.20326912e-003
    1.51252458e-002 0. 1.23213371e-003 4.54848399e-003 1.45183774e-002
    2.93264515e-004 0. 7.47747894e-004 0. 1.30658336e-002
    1.66939516e-002 3.18305963e-003 0. -2.70020496e-003 5.59987384e-004
    0. 3.39611179e-005 3.25233745e-003 -4.50594467e-004 0. 0. 0. 0. 0.
    1.52424704e-002 1.49760547e-003 0. 0. 0. 0. 0. 4.25936608e-003
    -1.81788183e-003 5.81193063e-003 0. 2.18457819e-004 -9.05025299e-005
    0. 0. 5.69710368e-003 0. 0. 4.25558444e-003 0. 0. -1.55869988e-003
    -1.23003020e-003 7.01254280e-003 4.16299235e-003 0. -1.91667012e-003
    -6.33630669e-004 0. 1.42510179e-002 0. 1.03986771e-004 0. 0.
    2.54364614e-003 5.91923250e-003 0. 2.36787950e-003 1.80216786e-003
    -2.65715033e-004 5.11103543e-004 2.28095404e-003 0. 8.19462445e-003
    0. 2.03254120e-003 3.25685274e-003 2.07584794e-003 0.
    4.13542800e-003 0. 2.57773302e-003 4.99117095e-003 1.83562480e-003
    0. 4.73264465e-003 0. 5.23256930e-003 0. 0. 0. 1.00351311e-003
    8.86470021e-004 1.01795504e-002 3.90058965e-003 -2.99779960e-004 0.
    -2.01881072e-003 2.06540967e-003 0. -1.25717299e-004 0.
    -2.62998068e-003 3.49024357e-003 2.72006937e-003 0. 2.20893580e-003
    0. -3.68477165e-004 0. 1.25820916e-002 5.96155459e-003 0.
    1.96203031e-003 4.88825375e-004 0. 0. 1.93303674e-002 0.
    1.31107885e-002 0. 3.30557255e-003 -4.59527218e-004 3.47107579e-003
    1.15974282e-003 0. -4.05655388e-004 0. 3.60396458e-003
    5.17159048e-003 -1.02502934e-003 7.68126745e-004 0. -2.06937944e-003
    9.75874346e-003 0. 5.08017140e-003 3.66051868e-003 1.42728416e-002
    8.94717034e-003 0. 4.39989055e-003 3.02621233e-003 4.27900435e-004
    0. 4.32738190e-004 3.73802963e-003 0. 1.36273308e-003 0. 0. 0. 0. 0.
    4.08670539e-003 -1.01561763e-003 4.33296431e-003 0. 0.
    8.95728241e-004 3.40360706e-003 -2.60105753e-005 -3.39262042e-005
    3.83604947e-003 0. -7.84058240e-004 0. 4.80136223e-004
    7.75452377e-003 5.81833301e-003 6.47149631e-004 1.76995050e-003 0.
    9.55911074e-003 5.38006844e-003 0. 0. 0. 0. 4.33046976e-003 0.
    5.99500071e-003 0. 4.67155036e-003 7.88529069e-005 2.09208287e-004
    5.01359254e-003 6.76266057e-003 0. 7.48738926e-003 3.01253214e-003
    -1.11125654e-003 0. 5.61715988e-003 1.68814359e-003 0. 0.
    3.51743936e-003 0. 2.37582880e-003 4.69928561e-003 0.
    4.85218968e-003 0. -1.58674538e-003 3.30827385e-003 0.
    1.62169721e-003 0. 7.49025913e-003 0. 0. 0. 0. 0. 1.86175585e-003
    -2.57886877e-005 0. 8.24233051e-003 9.40171187e-004 0.
    1.24782254e-003 2.31776270e-003 0. 1.26060527e-002 4.36802348e-003
    2.71103531e-003 1.10020791e-003 0. 0. 0. 2.66677025e-003
    2.33210833e-003 0. 3.92856263e-003 8.31688009e-003 3.20312940e-003
    1.86988944e-003 -1.39708442e-004 8.11485050e-004 0. 0.
    -7.54497305e-005 4.78498900e-004 3.23433138e-004 1.59234286e-003
    -1.49265452e-005 0. 6.93237002e-004 4.92582051e-003 1.08049531e-003
    2.64640269e-003 0.</data></imageDescriptor>
</opencv_storage>
