<?xml version="1.0"?>
<opencv_storage>
<imageDescriptor type_id="opencv-matrix">
  <rows>1</rows>
  <cols>500</cols>
  <dt>f</dt>
  <data>
    3.82352708e-004 -1.19732833e-003 0. 0. 6.20266516e-003
    4.77208057e-003 5.35616302e-004 1.52674923e-003 1.13030588e-002
    2.20446964e-003 2.22903863e-003 0. 0. 4.34648432e-003
    4.42716200e-003 4.93745669e-004 2.02463707e-003 7.05697853e-003 0.
    -9.89708584e-004 6.62109535e-003 3.00095067e-003 9.01599531e-004 0.
    0. 0. 0. 2.07882724e-003 1.84426561e-003 -1.77481468e-003
    1.01615554e-002 2.66251015e-003 2.54394417e-003 1.56435242e-003
    -8.34888851e-005 -9.19923550e-005 8.18054564e-003 1.90209423e-003
    8.02175049e-003 0. 8.74989480e-003 -2.41136993e-003 4.51426068e-003
    5.35403518e-003 0. -6.21204614e-004 6.32907404e-003 0.
    1.37758628e-003 2.38336879e-003 1.54011406e-003 2.02569296e-003 0.
    -1.67161389e-003 0. 0. 6.39404822e-003 1.43500585e-002
    7.92742125e-004 6.08087191e-003 0. 3.62672214e-003 -9.82300728e-004
    1.76536222e-003 4.38950112e-004 2.39393557e-003 6.85834559e-003
    3.69070767e-004 0. 3.05922213e-003 5.27436670e-004 1.23449776e-003
    0. 4.28280514e-003 0. -5.85829373e-004 0. 0. 0. 6.26766589e-004 0.
    -7.86352903e-004 4.46704729e-003 1.81053975e-003 8.85497127e-003
    1.37893099e-003 0. 0. 3.70127847e-003 1.70610647e-003 0.
    3.53010208e-003 8.23062565e-003 0. 4.14019730e-003 1.00643700e-002
    9.22998734e-005 0. 8.26108642e-003 3.14473477e-003 0.
    -5.73480756e-005 1.30374217e-003 2.34615477e-003 2.18763389e-003
    3.75359342e-003 0. 3.20681068e-003 -6.73066999e-004 0.
    5.21305203e-003 4.96024673e-004 0. 0. 3.87561461e-003 0.
    7.33028306e-003 0. 2.19128281e-003 0. 0. 0. 0. 0. 9.75362491e-004 0.
    0. 0. 1.29368412e-003 3.46454140e-003 0. 5.93381375e-003 0.
    1.32166012e-003 0. 2.57841893e-003 5.12306066e-003 -4.52665263e-004
    0. 1.53043657e-003 8.44742544e-003 0. 0. 0. 1.92892214e-003
    2.13268097e-003 2.13154918e-003 5.97092928e-003 0. 3.92520917e-004
    1.92727137e-003 0. 5.76385763e-003 0. -1.54049811e-003
    3.42930574e-003 6.78931037e-003 1.38194198e-002 0. 1.32504897e-003
    4.42798948e-003 1.20094069e-003 -1.30587327e-003 1.73780089e-003 0.
    3.57163488e-003 0. 0. 0. 6.67461846e-003 9.52904578e-004
    3.15736327e-003 4.30612313e-003 2.86385557e-003 5.96486544e-003 0.
    5.61642507e-003 0. 0. -1.33509072e-003 0. 0. 0. 1.16333971e-002 0.
    5.07929316e-003 -1.46600918e-003 0. 0. 0. 0. 4.06916719e-003
    4.38524206e-004 0. 0. 4.99700941e-003 1.02643477e-004
    7.20526441e-005 0. 0. 2.92530563e-003 0. 0. 1.74018927e-003 0.
    6.73153612e-004 -1.14346567e-005 1.00361640e-002 0. 3.88351153e-003
    1.51987793e-003 7.64748314e-003 1.21589925e-003 0. 5.39587997e-003
    0. 0. 4.22957446e-003 2.24049599e-003 5.05142752e-003 0.
    2.64685671e-003 0. 3.19538172e-004 0. -2.73890095e-003
    7.22000608e-003 3.00992164e-003 1.07159303e-003 1.76141493e-003 0.
    5.30430721e-003 0. 7.41223665e-003 2.04612431e-003 2.87298276e-003
    2.99613248e-003 0. 0. 0. -3.22461623e-004 -3.11513105e-003
    4.05375939e-003 -1.05894066e-003 5.02924714e-003 5.20003960e-003 0.
    1.25892635e-003 5.52176125e-003 5.31567680e-003 5.99965733e-003 0.
    3.64217418e-003 3.45201534e-003 0. 0. 0. 5.56128379e-003
    5.70360711e-003 0. 0. 3.31924995e-003 0. 1.05262306e-002
    1.53733505e-004 0. -3.01915396e-004 2.94153782e-004 0.
    3.37232067e-003 5.10574412e-003 8.57672002e-003 7.68518003e-005
    3.61095788e-003 0. 0. 8.84220819e-004 0. 2.17307219e-003
    3.00988299e-003 0. 0. 0. 1.22041558e-003 -2.91040080e-004
    3.79055087e-003 0. -1.40563585e-003 -1.07668177e-003 0. 0.
    6.28358359e-003 1.28763290e-002 -3.94715229e-003 0. 1.22185946e-002
    0. 0. 3.65988631e-003 0. 4.47463361e-004 6.07184367e-004
    2.39461008e-003 6.69033150e-004 0. 0. 2.64142640e-003
    1.12210342e-003 0. 0. 0. -1.16981368e-003 -1.46482431e-003 0.
    8.29331402e-004 2.54096976e-003 4.01233928e-003 1.03330165e-002
    9.07164160e-003 1.79871137e-003 0. 0. 3.45125562e-003
    1.40562351e-003 -1.94744254e-003 3.01384344e-003 0. -9.34045704e-004
    0. 0. 6.51830807e-003 0. 0. 4.07682674e-004 0. 0. 4.51642880e-003
    8.63695703e-003 0. 0. 1.05495262e-003 0. -1.86223257e-003
    1.33044971e-003 0. 0. 0. 1.22187682e-003 0. -3.19682906e-004
    1.83662993e-003 0. 0. 1.54739409e-003 2.77412031e-003
    4.38824948e-003 8.74005258e-004 0. 0. 6.63748151e-003
    1.01788610e-003 0. 3.63667263e-003 0. -3.29890463e-004
    -1.25862472e-003 9.45496932e-003 3.35941790e-003 2.94013694e-003
    -8.16718384e-004 2.56691454e-003 8.38527398e-004 1.82819017e-003
    1.68291363e-003 0. 5.77577576e-003 2.95767840e-003 0.
    5.81554091e-003 7.96671584e-003 0. 0. 8.17132741e-003
    -1.53923628e-003 0. 1.74995873e-003 8.71194806e-003 0.
    6.55327039e-003 2.63518654e-003 1.68063752e-002 0. 4.54858830e-003
    8.43491126e-003 3.70572228e-003 0. 6.06693281e-003 0.
    -7.18776311e-004 2.49127019e-003 6.13849983e-003 4.92999610e-003
    6.04268769e-003 1.53455115e-003 0. -1.09644607e-003 0. 0.
    5.94789535e-003 1.45655032e-003 0. 4.79600439e-003 4.64175688e-003
    0. 0. 0. 0. 5.44561818e-003 2.17971322e-003 4.69512772e-003 0.
    3.09972861e-003 0. 2.24130368e-003 0. 5.33365039e-003 0. 0.
    -1.05899293e-003 1.71849981e-003 7.81637966e-004 5.72626851e-003
    3.36904172e-003 0. 0. 2.61834939e-003 -1.03499799e-003
    8.60927452e-004 1.45116926e-003 6.48730434e-003 3.00400588e-003
    1.89096713e-003 0. 8.96337559e-004 2.97220051e-003 2.29480769e-003
    -8.96637619e-004 2.60530156e-003 1.80761004e-003 8.43616296e-003
    6.43690350e-003 4.41860827e-003 -1.39188173e-003 0. 2.19290447e-003
    0. 6.46827556e-003 4.49793972e-003 2.87441374e-003 3.50108347e-003
    1.98053336e-003 8.89638090e-004 1.16701366e-003 7.69370841e-003
    4.58014105e-003 0. 0. -2.87470961e-004 0. 5.12893545e-003
    2.74617481e-003 1.83618406e-003 3.18747223e-003 1.26512581e-003
    9.28468420e-004 2.60649074e-004 -2.03724310e-004 -5.21911541e-004
    1.50074062e-004 -2.35165912e-003 5.06790495e-003 0. 3.70396627e-003
    9.21126455e-003 0. 0. 0. -2.30977568e-003 -1.53296289e-003 0.
    7.02170003e-003 1.87245500e-003 1.22416029e-002 3.62389069e-003 0.
    3.50717944e-003 1.09730067e-003 2.00324156e-003 1.47545442e-003
    1.50342216e-003</data></imageDescriptor>
</opencv_storage>
