<?xml version="1.0"?>
<opencv_storage>
<imageDescriptor type_id="opencv-matrix">
  <rows>1</rows>
  <cols>500</cols>
  <dt>f</dt>
  <data>
    0. 6.84939325e-003 0. 7.60857598e-004 1.81077642e-003 0. 0. 0.
    6.25359919e-003 0. 1.43526029e-003 3.33798630e-003 2.02013669e-003
    1.12183497e-003 0. 0. 7.23615568e-003 0. 1.59945921e-003
    1.28608744e-003 0. 0. 2.76942644e-003 0. 9.29117901e-004
    -9.21297411e-004 6.74702809e-004 2.55254190e-003 8.55265465e-003
    4.06440394e-003 7.35949213e-003 2.92054587e-003 7.25162588e-003
    2.54427339e-003 3.77024175e-003 2.33958033e-003 3.00660403e-003 0.
    1.34043221e-003 3.93183669e-003 0. 1.01542100e-002 -8.91239755e-003
    4.00487892e-003 4.25699772e-003 1.47991981e-002 0. 3.33550991e-003
    9.29980190e-004 1.27220189e-003 3.32487660e-004 8.04549491e-004 0.
    5.91459358e-003 0. 0. 1.30699575e-003 0. 0. -2.23846268e-003
    5.38979517e-003 0. -9.65753919e-004 -3.71990405e-004
    -4.01415513e-004 -3.97731579e-004 0. 1.53138628e-003 0.
    2.18867022e-003 0. 0. 0. 4.26106708e-004 4.06075502e-003 0. 0.
    1.74336392e-003 5.12542482e-003 3.89524328e-004 1.87074824e-003
    4.24167281e-003 0. 0. 1.02076307e-003 4.80952114e-003 0.
    2.03729793e-003 2.74509517e-003 0. 5.43274975e-004 -3.76096810e-003
    6.13201968e-003 3.09599075e-003 -1.37634881e-004 -5.37794724e-004
    6.26566494e-003 0. 2.99986918e-003 1.61252415e-003 5.15724579e-003
    0. 1.15138979e-003 3.63588380e-003 6.55005220e-003 9.84345679e-004
    2.48697284e-003 3.26140714e-003 2.95248511e-003 2.10686005e-003
    4.19539679e-003 0. 0. 1.92888884e-003 0. 1.50260516e-003 0.
    3.46066011e-003 0. 1.07026277e-002 4.46413923e-003 2.09151744e-003
    8.98152590e-004 0. 0. 3.44048650e-003 1.86777615e-003 0.
    2.60794000e-003 0. 1.39209174e-003 7.15762749e-003 0.
    1.84388889e-003 8.28880817e-003 1.09066181e-002 0. 4.38544620e-003
    0. 1.17856720e-002 3.57958605e-003 0. 9.13277268e-004 0. 0.
    1.44769496e-003 0. 1.12524547e-003 0. 3.11579462e-003
    3.82168964e-003 4.64199111e-003 6.69604997e-005 2.63741496e-003
    6.75599440e-004 0. 9.16880276e-003 2.27554166e-003 1.55320745e-002
    0. 5.23500144e-003 0. 1.15464116e-002 1.24666782e-003 0. 0.
    5.23314998e-003 1.12850796e-002 3.15250526e-003 0. -3.14050412e-004
    2.75116693e-003 0. 2.26090569e-003 -6.48944406e-004 2.36951374e-003
    2.25505838e-003 0. 0. 0. 1.16784917e-003 0. 0. 1.45203201e-002 0.
    1.85741682e-003 2.73926603e-003 0. 5.84790192e-004 1.10155321e-003
    3.28553934e-003 0. 3.48591391e-004 1.84175221e-003 1.08913938e-002
    8.52834841e-004 0. 0. 3.52894375e-003 1.81436748e-003 0.
    2.36615795e-003 -3.58511723e-004 0. -2.00972427e-003 7.15923309e-003
    2.39616507e-004 7.21298624e-004 -6.78814074e-004 2.34750728e-003 0.
    1.12153892e-003 0. 9.05270979e-004 1.12286664e-003 -8.39217275e-004
    0. 9.55104176e-003 -1.72750268e-004 1.53395673e-003 0. 0.
    9.93851805e-004 0. 1.82795711e-003 2.77412427e-003 -7.31189153e-004
    0. 0. 0. 1.13069033e-003 1.03370566e-002 -5.02013834e-004
    6.63579034e-004 1.16045009e-002 6.84955623e-003 0. 2.96132010e-003
    0. 9.31860646e-004 0. 3.29498481e-003 2.21929746e-003
    1.56435054e-002 4.98583866e-003 0. -4.69694758e-004 1.75505033e-006
    1.18905667e-003 4.88348026e-003 1.64871616e-003 9.77813452e-003
    -1.06648845e-003 3.59531958e-003 4.30284161e-003 8.53513775e-004
    4.13640123e-003 1.45723019e-002 0. 1.20518310e-003 0. 0.
    1.42825162e-002 1.06024612e-002 -2.31839833e-003 2.40619620e-003 0.
    -1.00948353e-004 2.79368972e-003 1.29274791e-004 1.52745435e-003
    5.84168034e-003 5.99574880e-004 0. 0. 0. 1.78740243e-003
    1.51900935e-003 0. 2.03500246e-003 4.66711354e-004 0.
    1.94958539e-003 2.00061608e-004 0. 0. 5.13397017e-003
    -1.95248122e-003 1.18976820e-003 0. 3.96958366e-003 6.32561557e-003
    6.92638429e-003 0. -2.10422697e-003 4.68229689e-003 0.
    2.02301936e-003 2.28272146e-003 2.14734371e-003 -1.49560545e-003
    1.03084487e-003 0. -8.16886313e-004 0. 3.90281784e-003
    4.13007848e-003 1.96227944e-003 0. 7.06842728e-003 5.31369529e-004
    0. -3.06532648e-003 8.71285563e-004 0. 0. -1.46177947e-003
    5.05009061e-003 5.97666949e-003 0. 0. 0. 3.33683938e-003
    7.38413364e-004 5.48124430e-004 3.23892361e-003 1.44192646e-003
    -4.85822929e-005 1.10302051e-003 4.83863940e-003 8.05454887e-003
    7.41053279e-003 0. 1.68558117e-003 0. 0. 0. 0. 0. -6.98747579e-004
    4.25017625e-003 1.88078510e-003 -3.53922998e-003 3.08027933e-003 0.
    0. 1.39511656e-003 3.34025593e-003 0. -1.53415930e-003
    5.12646453e-004 -3.94899165e-003 2.74949917e-003 -1.10649446e-003
    3.11536621e-003 0. 3.14446865e-003 1.79129466e-003 2.04285467e-003
    9.63427068e-004 0. 1.92068296e-003 5.24375704e-004 9.12180729e-003
    0. 8.61664396e-003 0. 1.86234538e-003 0. 3.62587930e-003
    4.47829487e-003 6.54150313e-003 1.86344294e-003 3.22950212e-003
    5.76684950e-003 5.42807684e-004 1.61065417e-003 0. 0.
    1.87368051e-003 0. 2.44052382e-003 0. 8.61944631e-003
    1.06374128e-002 1.08250249e-002 0. 1.60429080e-003 3.11286596e-004
    1.15728809e-003 0. 0. 1.71908177e-003 2.70638405e-003 0.
    8.68152070e-004 0. 2.35091476e-003 4.17201500e-003 0.
    2.93385726e-003 4.71870136e-003 2.36947718e-003 0. 0. 0.
    5.20397909e-003 7.82109983e-003 1.79811334e-003 2.52522365e-003
    1.20139972e-003 0. 0. 6.63789269e-003 1.04769215e-003 0. 0.
    1.75284978e-003 -1.23773597e-003 1.61272237e-005 5.96959610e-004 0.
    4.04158328e-003 2.37478060e-003 -3.17466678e-003 0. -1.02360593e-003
    3.49378050e-003 1.17678370e-003 2.37009535e-003 1.66625774e-003
    2.81794043e-003 1.49004906e-002 0. 0. 0. 0. 0. 0. 0. 7.27622164e-003
    -4.22958721e-004 -8.55389866e-004 0. 7.14265625e-004 0.
    6.16881705e-004 9.43514984e-003 5.67485066e-003 0. 1.57033710e-003
    0. 8.57520569e-003 4.37993463e-003 5.63483825e-003 -2.71330864e-005
    9.24344175e-003 1.34033745e-003 -9.63951286e-004 9.79455770e-004
    -2.04562442e-004 -3.09587689e-004 2.09659524e-003 0. 8.68562330e-003
    0. 8.91246740e-003 1.88326172e-003 0. 3.90679855e-003
    2.44074222e-003 0. 0. 7.60217989e-003 -4.57582755e-005
    3.37044336e-003 2.57747713e-004 4.23788792e-003 4.46499791e-004
    1.22125808e-003 0. 2.27955007e-003 0. 7.91446678e-003
    2.26006005e-003 0. -7.67668185e-004 0. 0. 5.63567644e-003
    3.06502334e-004 2.21021986e-003 -8.36324063e-004 0. 4.75117587e-004
    8.43607076e-003 4.55840584e-003 9.04090528e-004 -5.70045842e-004
    -1.46994228e-003</data></imageDescriptor>
</opencv_storage>
