<?xml version="1.0"?>
<opencv_storage>
<imageDescriptor type_id="opencv-matrix">
  <rows>1</rows>
  <cols>500</cols>
  <dt>f</dt>
  <data>
    -1.93306676e-003 3.91099398e-004 0. 0. 0. 1.57492340e-003
    1.02947478e-003 0. -2.98744184e-003 3.68271302e-003 1.27245090e-003
    0. 4.35219426e-003 -2.00566355e-004 6.85708190e-004 2.10969389e-004
    0. -2.72735233e-005 0. 0. 2.83948611e-003 -3.46673210e-003
    3.70064005e-003 3.01246555e-003 1.07244402e-002 3.61130666e-003
    5.57267223e-004 0. 0. 3.40768439e-003 1.03077327e-003
    1.74199010e-003 0. -1.80812331e-003 3.79579491e-004 2.19832276e-004
    2.21683155e-003 4.19235229e-003 0. 0. 0. 0. 2.22099316e-003
    4.91288118e-003 0. 6.80747116e-003 1.76732913e-002 7.58317672e-003
    8.02435738e-004 0. 1.07424380e-003 0. 3.19565115e-005
    8.03619530e-003 3.10868816e-003 0. 5.73701807e-004 0. 0.
    -1.49625191e-003 0. 8.26708798e-004 8.78812745e-003 0. 0.
    4.90843831e-003 6.55548275e-003 7.36205038e-005 0. 2.69241957e-003
    3.79830645e-003 9.53038596e-003 1.71122537e-003 0. 0.
    3.07870767e-004 1.13406719e-003 6.95556682e-003 2.67211255e-003
    2.84901005e-003 4.97979054e-005 1.32177640e-002 0. -6.61693281e-004
    3.46755679e-003 -2.18537566e-003 0. -4.57196984e-005 5.87440934e-003
    0. 0. 8.48683715e-003 2.35882145e-003 0. 0. 0. 1.13902404e-003 0.
    1.02686195e-003 0. 5.77105395e-003 -7.29944615e-004 1.75736984e-003
    1.07600251e-002 0. 2.67904776e-004 1.48383714e-002 0.
    2.92513333e-003 1.69775181e-003 1.24227405e-002 7.76697416e-004
    4.11760411e-004 2.56420602e-003 5.09597128e-003 2.79469974e-003
    5.34604816e-003 2.17998610e-003 3.07516963e-003 2.89921626e-003
    7.34352565e-004 3.19998316e-003 1.77964903e-004 0. 0.
    -2.10914109e-003 9.12740798e-005 0. 5.31540543e-004 -4.78619151e-003
    0. 3.49938963e-003 0. 1.93030620e-003 7.25200167e-004
    7.85063603e-005 0. 5.64497523e-003 4.63839015e-003 2.58845650e-003
    0. 2.47758743e-003 3.81371379e-003 1.51376170e-003 1.31602129e-002
    0. 0. 3.15167056e-003 0. 0. 0. 6.36648247e-003 4.64384118e-003 0.
    3.88206774e-003 0. 2.72658630e-003 0. 0. -2.31429283e-003
    -2.25982093e-003 6.07692217e-003 1.02539698e-003 1.14845997e-002
    6.74034189e-003 0. 4.50299541e-003 -5.09823440e-004 0.
    -6.98228760e-005 1.11435493e-002 7.91742816e-004 0. -1.64625258e-003
    0. 0. 7.15794275e-003 0. 0. -1.45847874e-003 1.20053662e-003 0.
    2.92916870e-004 5.36235806e-004 0. -2.33948231e-004 1.34902145e-003
    0. 4.03632689e-003 9.65326186e-003 1.33399139e-004 2.02087965e-003
    1.78431766e-003 0. 7.43862335e-003 1.66978233e-003 4.22671530e-003
    1.60309800e-003 2.50272197e-003 8.63633119e-003 1.45667442e-003 0.
    7.20411364e-004 0. 0. 0. 6.96871895e-003 0. -2.85608089e-003 0. 0.
    0. 1.00429961e-003 0. 7.04326062e-003 0. 1.22716976e-003
    1.67460414e-004 1.98021717e-003 3.49433976e-003 1.47704687e-002
    1.51869201e-003 0. 1.68037624e-003 -4.54565277e-003 8.58306594e-004
    0. 3.65962810e-003 1.49292254e-003 7.54160690e-004 5.41464949e-004
    2.55206483e-003 5.19592501e-003 0. 0. 3.11911013e-003 0. 0. 0. 0.
    -1.44990277e-003 -4.61792573e-004 0. 0. 1.80632365e-003 0.
    3.13994568e-003 2.29709316e-003 0. 1.87254511e-003 2.96099065e-003
    1.55713307e-004 0. 0. 3.82831233e-004 0. 1.75726984e-003
    1.53644001e-002 5.30019356e-003 7.20037101e-003 1.74836663e-004
    8.89715459e-003 3.10318754e-003 3.88248649e-004 7.76067656e-003 0.
    1.66439009e-003 0. 0. 2.12135841e-003 0. 0. 0. 2.82723689e-003 0. 0.
    4.50398214e-003 0. 3.57827824e-003 2.83499528e-003 0.
    -1.92902444e-004 -2.94344005e-004 -1.18691067e-004 -1.60687859e-003
    -1.27891675e-004 0. -1.47441367e-003 0. 0. -3.18101847e-005 0.
    -3.70554859e-004 4.04996052e-003 0. 0. 1.67600624e-003 0.
    5.52316662e-003 -1.55506283e-003 0. 7.18974508e-003 0.
    3.60319205e-003 6.91861473e-003 -1.01854128e-003 -4.18209657e-003
    3.42303840e-003 3.51880939e-004 3.02676368e-003 6.61777006e-003
    2.45970464e-003 2.23111529e-002 0. 0. 0. 1.04256589e-002 0.
    5.92403626e-003 0. 4.71447082e-003 7.64733041e-003 2.93762540e-004
    3.70427733e-003 5.00812614e-003 0. 2.14527803e-003 3.91151709e-003
    1.10887000e-002 2.67899595e-003 2.74943141e-003 0. 0.
    3.88846453e-003 0. 0. 0. 0. 0. 0. 0. 6.63868617e-003 7.47048995e-004
    3.80936591e-003 1.58270169e-003 4.96160053e-003 9.77590121e-003
    1.35587761e-003 0. 1.52955891e-003 1.06244278e-003 1.76351203e-003
    1.92077801e-004 2.16622222e-002 4.67145769e-003 -7.16542709e-004
    1.48354098e-003 -1.40479679e-004 -8.03448260e-004 4.57540806e-003
    -1.04969228e-003 0. 0. 0. 5.54036014e-005 0. 3.13265016e-003 0.
    1.92449931e-002 5.99712785e-003 5.34380041e-003 2.40633124e-003 0.
    3.12494347e-003 4.15174756e-003 -2.35497500e-004 3.57866450e-003 0.
    0. 3.68752494e-003 -1.58838567e-003 -7.16613897e-004 2.59270868e-003
    1.23832724e-004 1.67134078e-003 2.16659042e-003 9.06124618e-003
    3.31687857e-003 4.12559370e-003 6.83833566e-003 7.20813731e-003 0.
    2.84382910e-003 9.48995538e-003 4.54533007e-003 0. 1.15262829e-002
    0. 0. 3.88815743e-003 0. 1.79063447e-003 1.00344867e-002
    1.19513145e-003 6.41449820e-004 -1.54726312e-003 5.59734227e-003 0.
    3.12233344e-003 1.13572250e-003 3.15818167e-003 0. 0. 0.
    6.47374894e-003 0. 2.04069936e-003 7.03773461e-004 0.
    9.93543072e-004 -1.43144847e-004 0. 6.48774998e-003 3.43312812e-003
    0. -1.39275531e-003 -1.75223732e-003 9.97239957e-004 0.
    4.38524550e-003 0. 5.43300062e-003 4.33054287e-003 2.24243733e-003
    4.67828894e-003 3.98149597e-004 1.49102334e-003 -4.36347298e-004
    4.41016303e-003 1.11565902e-003 3.05637182e-003 4.06696089e-003 0.
    0. 8.73073936e-004 0. 3.64077487e-003 9.59736761e-003
    -6.40119106e-005 1.19976625e-002 0. 3.46176629e-003 0.
    -1.01433822e-003 0. 0. -6.08166563e-004 3.55274975e-003
    6.37569930e-003 0. 8.37296888e-004 0. 0. 0. 0. 9.01441555e-003
    1.68607559e-003 3.85769999e-005 5.30828838e-004 0. 0.
    4.38796217e-003 0. -2.31512677e-004 0. 0. -1.16664730e-003 0.
    2.42199656e-003 2.28190888e-003 3.12675582e-003 6.48829481e-003 0.
    -1.80931398e-004 0. 6.85217747e-005 2.14749086e-003 5.57928765e-003
    0. 5.49279200e-003 1.05527369e-003 -4.02014150e-004 0.
    5.82855137e-005 1.61031599e-003 1.06693781e-003 1.08795613e-003
    3.45514785e-003 3.77654913e-003 -5.31346130e-004</data></imageDescriptor>
</opencv_storage>
