<?xml version="1.0"?>
<opencv_storage>
<imageDescriptor type_id="opencv-matrix">
  <rows>1</rows>
  <cols>500</cols>
  <dt>f</dt>
  <data>
    0. -5.47245704e-003 0. 0. -3.99133889e-003 0. 0. 0. 8.85483157e-003
    0. 0. 0. 0. 0. 0. 0. 0. 4.53072274e-003 0. 0. 0. 0. 0. 0. 0.
    5.57361078e-003 5.06125800e-002 7.18587264e-003 0. -1.09690637e-003
    1.26005523e-002 0. 0. 0. 0. 0. 0. 0. 0. 0. 0. 0. 8.23563803e-003 0.
    0. -3.54766659e-003 0. -5.43035567e-004 9.99301672e-003 0. 0.
    3.11299739e-003 1.15433207e-003 4.42531472e-003 0. 0. 0. 0. 0.
    -4.87715146e-003 0. -1.92860980e-003 2.62895762e-003 0.
    1.87093357e-003 2.73399544e-003 0. 0. 0. 0. 0. 0. 0. 2.18688529e-002
    0. 0. 0. 3.77356936e-003 0. 0. 0. 2.96287946e-002 0. 1.36621390e-003
    0. 1.05832284e-003 0. 0. 0. 2.56660543e-002 0. 3.45452712e-003 0.
    7.38831935e-003 -1.37598359e-003 -4.49492596e-003 0. 0. 0.
    1.73850043e-003 2.67955242e-003 -3.37693794e-003 0. 3.01564652e-002
    0. 0. 0. 4.93967719e-003 8.66514444e-003 7.84366112e-003
    7.75895687e-003 2.02416629e-003 0. 5.43368421e-003 5.30823553e-003
    1.99358375e-003 3.63501930e-003 0. 0. 0. 0. 0. 0. 0. 0. 0. 0. 0. 0.
    0. 0. 3.35416757e-003 1.27067172e-003 2.50508147e-003 0.
    6.39153784e-003 0. 3.97257227e-003 0. 0. 0. 0. 3.30881740e-004 0. 0.
    -4.16211924e-003 0. 0. 0. 0. 8.41839472e-004 0. 0. 5.62389428e-003
    4.02337359e-003 0. 0. 9.38059203e-003 5.94982132e-003
    1.72163639e-003 0. 0. 2.80257184e-002 3.58710624e-003 0. 0. 0. 0.
    2.72281421e-003 0. -1.18483696e-002 0. 2.97391380e-004
    8.39965884e-003 0. 0. 7.40291877e-003 0. 0. 1.40955579e-003
    8.11938569e-003 0. 1.48740516e-003 0. 7.02362682e-004
    2.88009993e-003 -1.52055873e-002 0. 0. 0. 0. 0. 3.25982505e-003 0.
    0. 0. 0. -3.31050740e-003 9.54321702e-004 0. 0. 0. 0. 0. 0. 0. 0. 0.
    0. 0. 0. 0. 0. -2.73787038e-004 0. 0. 8.04722309e-004 0.
    -8.76957783e-004 0. 0. 1.36202853e-002 0. 0. 1.96579546e-002
    -3.19752144e-003 0. 0. 0. 2.42936658e-003 6.08522026e-003
    4.27221023e-002 0. 2.37012971e-002 6.68874243e-003 -2.52565951e-003
    0. 1.48255620e-002 0. 0. 1.51124038e-002 0. 0. -5.54293254e-003 0.
    0. 0. 0. 0. 0. 7.91625585e-003 9.91627201e-003 2.63734721e-003
    4.50448412e-003 3.31080705e-003 0. 0. 4.09359904e-003 0. 0. 0. 0. 0.
    2.90721972e-002 0. 0. 3.74919432e-003 4.42414166e-004 0.
    3.07255163e-004 0. 0. 0. -5.10432408e-004 0. 0. 0. 1.58185698e-002
    2.02730321e-003 3.00355675e-003 0. 0. 1.20131318e-002
    3.69115476e-003 6.77784067e-003 1.12506337e-002 4.23187809e-003
    2.05774340e-004 0. 0. 0. 2.49705953e-003 1.65200664e-003 0. 0.
    5.62278787e-003 0. -4.28433251e-003 0. 8.70194007e-003 0.
    -1.26470556e-003 3.04454612e-003 0. 0. 0. 0. 0. 0. 0. 0. 0. 0. 0.
    8.30704812e-003 1.34050054e-002 -1.15774712e-003 0. 0.
    9.55690350e-003 1.92025022e-004 0. 0. 3.11210286e-003 0.
    3.73785524e-003 5.38506964e-003 0. 0. 1.26232114e-002 0. 0. 0.
    1.80271792e-003 0. 0. 0. 0. 0. 0. 7.95267150e-003 0. 4.99025991e-005
    0. 9.83603066e-004 0. 0. 4.36085946e-004 6.44616410e-003 0.
    1.41181890e-002 0. 0. 1.56897958e-002 1.31591992e-003 0. 0. 0. 0. 0.
    0. -4.01148391e-005 7.21910456e-003 0. 0. 0. 0. 0. 1.93433766e-003
    0. 0. 0. 0. 0. 1.15922384e-003 0. 1.35948299e-003 0.
    -1.52342662e-003 0. -2.44748918e-003 0. 0. -6.82557328e-003
    1.69579731e-003 0. 0. 0. -4.84951353e-003 -5.68773190e-004
    1.98525959e-003 3.98737960e-004 0. 2.50372663e-003 0.
    5.29366778e-003 1.12519623e-003 0. 4.43581771e-003 0.
    3.54651771e-002 -2.37920950e-003 -2.46456126e-004 6.42306521e-004
    -1.84276118e-003 3.76766198e-003 0. 0. 1.48002021e-002
    2.28487351e-003 0. 0. 0. 0. 0. 2.96440511e-003 0. 0. 5.58004528e-003
    0. 0. 0. 0. 0. 0. 0. -4.07240586e-004 0. 0. 3.53361759e-003
    4.62260051e-003 0. 5.90856113e-002 0. 0. 0. 6.45036530e-003
    4.39062715e-003 0. 0. 5.57009410e-003 1.81070960e-003 0. 0. 0.
    5.36674401e-003 1.58097688e-002 0. 1.18911853e-002 0.
    -4.16875212e-003 0. 0. 7.75924465e-003 0. 4.34702757e-004 0.
    3.93927190e-003 0. 2.59362860e-003 0. 1.39922500e-002 0. 0. 0. 0.
    4.68489481e-003 -2.01947847e-003 0. 3.99340224e-003 0. 0.
    2.03623660e-002 0. 0. 0. 5.43599483e-003 0. 0. 0. 0. 0. 0. 0. 0. 0.
    1.12858681e-004 6.42187148e-003 3.00051249e-003 0. 0.
    3.40518053e-003 -7.97707471e-004 0. 7.88129307e-003 0.
    4.05912520e-003 0. 0. 0.</data></imageDescriptor>
</opencv_storage>
