<?xml version="1.0"?>
<opencv_storage>
<imageDescriptor type_id="opencv-matrix">
  <rows>1</rows>
  <cols>500</cols>
  <dt>f</dt>
  <data>
    9.01556574e-003 7.34886900e-003 2.53491709e-003 -3.35469283e-003 0.
    0. 4.51406324e-003 0. -9.12394316e-004 3.12586338e-003 0.
    3.29251844e-003 0. 8.36424436e-003 0. 0. 0. -2.45106756e-003
    6.90666353e-003 1.40004023e-003 3.81870638e-003 3.33423540e-003 0.
    0. 0. 6.01168722e-003 0. 0. 1.41883630e-003 9.33258422e-003 0.
    1.31615007e-003 0. 2.00185832e-003 3.16905836e-003 0. 0.
    8.66809115e-003 -2.09059706e-003 5.22437133e-003 0. 5.82420151e-004
    -2.76789814e-003 2.69119181e-002 0. 7.10345339e-003 0.
    5.54266013e-003 0. 3.45498417e-003 0. 0. 2.85140518e-003
    2.91953329e-003 7.15750689e-003 0. 0. -5.02361567e-004 0.
    2.09116261e-003 0. 1.54079625e-003 5.97721781e-004 0.
    1.79436768e-003 3.10721342e-003 0. 1.99565431e-003 -1.30234321e-003
    0. 1.66295306e-003 1.78994538e-004 1.07708538e-003 -7.89560436e-004
    6.95608277e-003 0. 2.20374158e-003 0. 1.72577973e-003
    2.57213064e-003 2.60406220e-003 2.47124303e-002 0. 2.74151471e-003
    1.08304201e-003 0. 0. 4.71610576e-003 5.50205912e-003 0. 0.
    2.76581328e-002 0. 0. 2.54085148e-003 6.54969830e-003
    2.01935368e-003 -2.64125993e-004 0. 0. 4.43969760e-003 0.
    2.24484690e-003 -1.75206897e-005 0. 0. 2.44613015e-003
    5.61441353e-004 1.75710407e-003 0. 0. 4.91812034e-003 0. 0. 0. 0.
    5.95917646e-003 3.94611154e-003 9.94273811e-004 0. 0. 0.
    7.79387774e-003 2.59911478e-003 -1.18932585e-004 2.95324670e-003
    1.60057948e-003 -2.04466842e-003 -1.30818447e-003 -1.46073929e-003
    8.99260514e-004 0. -3.73178325e-003 0. 0. 1.05948979e-002 0.
    8.31610349e-004 0. 5.14688203e-003 1.88592309e-003 0.
    7.68660707e-003 -5.85080066e-004 0. 2.88341020e-004 3.89733141e-005
    0. 0. 1.24710298e-003 0. 6.66380022e-003 3.09836306e-003
    5.10944705e-003 3.87854455e-003 0. 1.72802352e-003 0.
    -1.06208050e-003 4.83482331e-003 1.72330684e-003 -1.92910433e-003
    1.80495379e-003 4.62750765e-003 0. 0. 6.79363776e-003 0.
    1.54754715e-002 -1.35422545e-003 4.83475020e-003 0. 0.
    2.81099137e-003 1.01277757e-004 0. 3.17193056e-003 0. 0.
    6.23766100e-003 1.02572031e-002 0. -1.28350221e-003 4.44260566e-003
    1.22918235e-002 -1.31783891e-003 0. 0. 0. 1.54278358e-003 0.
    6.08647102e-003 -1.13215181e-003 3.33811808e-003 0. 4.29970751e-005
    -7.22364848e-003 0. 0. 0. 1.74799317e-003 0. 1.81088364e-003
    3.88734671e-003 0. 0. 2.74919486e-003 1.69406435e-003
    2.32859817e-003 1.93160493e-003 1.54405227e-002 0. 0.
    -5.49338711e-003 0. 4.24634479e-003 -2.91996822e-003
    -3.39790061e-003 0. 1.56423065e-003 1.31193344e-002 7.57266302e-003
    2.70886882e-003 0. 2.26894077e-002 6.64756401e-003 0.
    6.00794214e-004 0. 1.25211640e-003 1.39625568e-003 0. 0.
    9.31548188e-004 2.17217603e-003 1.44861266e-003 0. -1.57195827e-004
    0. 5.26072085e-003 4.23479639e-003 4.46729624e-004 -8.81439715e-004
    7.66373996e-004 0. 1.81394424e-002 2.46625557e-003 0.
    9.39935911e-004 5.38771600e-003 7.06238160e-003 -1.23677636e-003
    7.59325502e-003 0. -3.62954888e-004 4.27401764e-003 2.93789385e-003
    1.70806865e-003 0. 0. 3.09488532e-004 2.80390959e-003
    2.01347820e-003 5.23606036e-003 6.36667386e-003 -5.27409196e-004
    -2.35870550e-003 1.47096030e-002 0. 0. 9.43458173e-003 0.
    9.20131279e-004 0. 0. 0. 0. 5.57673746e-004 -2.05829565e-004 0.
    5.09887980e-003 0. 7.04954611e-003 0. 1.11816113e-003
    -7.13564281e-004 0. 7.29371677e-004 0. 3.40122031e-003 0. 0.
    7.12078344e-003 1.85007323e-003 2.08417675e-003 0. 0. 0. 0.
    6.12990232e-003 2.06349394e-003 1.65342214e-003 0. -2.42102658e-003
    9.73176735e-004 0. 2.60964362e-003 0. 0. 0. 3.75248003e-003
    4.42821020e-003 1.09207574e-002 0. 1.47089723e-003 1.14517007e-003
    1.55783701e-003 0. 1.32339206e-002 3.84033454e-004 5.50187760e-005
    1.32493000e-003 5.99061744e-003 1.22423274e-002 -2.43922070e-004
    1.15141517e-003 0. 0. 0. 1.25414208e-002 1.31440265e-002
    2.61141662e-003 8.19936860e-003 3.35504091e-003 0. 0. 0. 0.
    -9.44630010e-004 -1.56115124e-003 -9.62509890e-004 0.
    9.56479833e-003 0. -1.56752486e-003 1.65985641e-003 -5.38046064e-004
    0. 2.01067282e-003 -1.29061082e-004 8.52680241e-004 0. 0.
    -7.83617201e-004 0. 3.47604486e-003 -1.59531308e-003 2.25990545e-003
    0. 2.59092450e-003 0. 0. 9.28841345e-003 0. 0. 0. 2.11768597e-003 0.
    9.49793495e-003 6.68857305e-004 0. 5.16070926e-004 1.79936066e-002
    0. 0. 1.15629227e-003 3.68023897e-003 0. 0. 0. 0. 3.02251428e-003 0.
    -1.34928804e-003 4.61382838e-003 9.44520626e-003 0. 0.
    -9.00283572e-004 7.32547953e-004 0. 5.40591683e-003 0. 0. 0. 0.
    -5.03944885e-003 5.35706338e-003 -1.03211694e-003 0. 0.
    3.38671589e-003 1.72822899e-003 4.62338189e-003 -9.60501318e-004 0.
    0. 0. 0. 1.83689431e-003 1.72902399e-003 0. 0. 7.75090652e-003
    7.36706750e-003 0. 0. 4.34588175e-003 1.50520708e-002
    -2.77320330e-004 0. 0. 0. -3.73069954e-004 1.73955329e-003
    3.82032874e-003 -4.18884709e-004 0. 1.63201094e-002 0. 0.
    1.19172060e-003 0. 0. 3.04697175e-003 0. 0. 1.94353051e-003
    2.32293969e-003 0. 0. -1.28092139e-003 1.59899122e-003
    5.67450747e-003 9.47730907e-004 5.14475303e-003 2.71116197e-003
    4.67703957e-003 8.81053973e-003 4.02243482e-003 1.53829716e-003
    4.66262660e-004 1.09967245e-002 5.97291335e-004 2.76592397e-003 0.
    7.63547188e-003 -5.36650405e-005 1.61765362e-004 0. 4.07993561e-003
    0. 4.35489276e-003 0. 0. 0. 1.06311415e-003 -8.03050702e-004 0.
    4.16627852e-003 0. 0. 0. 0. 4.37710289e-004 0. 0. 0. 0. 0. 0. 0. 0.
    2.14099362e-002 0. 1.02939678e-003 1.13291703e-002 3.20633873e-003
    4.84446390e-003 0. 2.59591918e-003 8.11609847e-004 0.
    3.16629512e-003 5.31051261e-003 0. 1.96921872e-003 0. 0.
    1.27186638e-003</data></imageDescriptor>
</opencv_storage>
