<?xml version="1.0"?>
<opencv_storage>
<imageDescriptor type_id="opencv-matrix">
  <rows>1</rows>
  <cols>500</cols>
  <dt>f</dt>
  <data>
    0. 2.30600312e-003 4.11802717e-003 2.01749755e-003 2.97506945e-003
    -7.31067674e-004 -1.29158504e-003 5.23970416e-003 -4.07242798e-004
    0. 1.66442466e-003 -5.67260257e-004 0. -9.29717324e-004
    2.72872415e-003 -2.98308296e-004 0. 0. 0. -8.28502350e-004
    1.97443855e-003 1.80573715e-003 4.68073599e-003 5.36898570e-003
    -3.38400714e-004 -1.79486955e-003 5.95707097e-004 9.42448329e-004
    1.50035499e-004 3.23986431e-004 7.02976016e-003 0. 1.02896406e-003
    0. 4.68702381e-003 1.07611110e-003 1.63345169e-002 0. 0.
    1.38263814e-002 1.90854876e-003 1.25010742e-003 9.81363701e-004
    7.67858652e-003 0. 1.53087114e-003 -8.59163643e-004 4.86788619e-003
    1.90588704e-003 0. 5.60566375e-004 3.24067310e-003 7.80053320e-004
    0. 4.50196443e-003 2.52738898e-003 7.47623853e-003 4.17062500e-003
    2.89760670e-003 1.29404943e-004 -5.95856050e-004 2.10210960e-003
    1.34295877e-002 3.06206755e-003 4.94865410e-004 2.22747913e-003
    1.60591258e-003 2.04948103e-003 -9.67789267e-004 9.29367554e-004
    1.97273027e-003 5.77243697e-003 0. -1.13328826e-003 0. 0.
    3.54963890e-003 -1.27377818e-004 9.85782826e-004 1.20929326e-003 0.
    4.96854028e-003 -4.58804134e-004 1.73995877e-003 3.05755762e-003
    1.97408325e-003 3.59014887e-003 0. 3.63247283e-003 1.14953390e-003
    9.50430054e-003 0. 5.69235021e-003 1.65179081e-003 1.38163625e-003
    4.98072570e-003 0. 0. 2.12952480e-004 1.79912534e-003 0.
    8.48768163e-004 4.33476438e-004 9.81340464e-003 0. 0.
    1.91601028e-003 1.25089008e-003 4.40620584e-003 2.93828454e-003
    -4.71986103e-004 0. 6.79468620e-004 0. 3.09436629e-003
    2.13018525e-003 2.02544872e-003 5.92260761e-003 8.01999413e-004
    6.87699625e-003 0. -1.08856848e-003 3.53123760e-003 1.14753470e-002
    0. 0. 3.62753309e-003 -5.60935936e-004 4.50369576e-003
    -1.75516575e-003 -9.37128265e-004 8.74024536e-003 3.85747524e-003
    1.06940866e-002 -2.41588685e-004 0. 3.69329541e-003 -9.48752859e-005
    -6.63340848e-004 1.05603458e-002 1.74261781e-003 5.31675806e-003
    5.66357281e-003 1.87338213e-003 5.08955261e-003 2.67735776e-003
    3.20240972e-004 0. 0. 2.22225720e-003 -2.59927451e-003
    7.57181086e-004 9.58178751e-003 0. 0. 1.34544307e-003 0.
    7.14212703e-003 1.75875996e-003 9.37317777e-003 2.28493637e-003
    4.20940388e-003 0. 6.62190467e-003 8.12135264e-003 3.11860396e-003
    4.97080805e-003 1.00885786e-003 -9.14279721e-004 -2.09891633e-003
    2.04111356e-003 0. 4.60730400e-003 7.69743975e-003 0. 0.
    7.62415002e-004 0. 5.24119649e-004 0. 7.86502846e-004
    -1.76255906e-003 3.36825196e-003 5.64431679e-003 -5.91300835e-004 0.
    1.94180611e-004 3.16625391e-003 0. 9.63056867e-004 0.
    -1.56365510e-004 1.57585857e-003 0. -1.07512996e-003
    -3.75405041e-004 1.37545948e-003 0. 4.06098552e-004 2.01279717e-003
    1.57419743e-003 4.24028095e-003 0. 3.96465941e-004 4.55534784e-003
    3.04889563e-003 6.10023225e-003 3.53801996e-003 0. 6.29623095e-003
    4.04161541e-003 0. 2.68641947e-004 2.92807934e-003 2.18137610e-003
    2.70518893e-003 4.90014581e-003 1.96703104e-003 0. 7.85159937e-004
    0. 4.16730181e-004 0. 0. 0. -7.84151838e-004 1.65483425e-003
    7.12354784e-004 6.93360716e-003 4.87424619e-003 5.01315063e-003
    -2.35157102e-004 0. 8.88117217e-003 1.36792182e-003 3.81863746e-003
    2.25809612e-003 4.07779869e-003 2.34111119e-003 1.25162455e-003
    -2.48545075e-005 1.24900241e-003 -1.60241604e-003 1.36370929e-002
    1.00634899e-002 3.14464932e-003 0. 1.38688344e-003 0.
    1.10591063e-003 5.62058354e-004 4.79373761e-004 2.30389135e-003
    1.16726942e-003 1.73245359e-003 2.07876856e-003 2.02449434e-003
    1.70312868e-003 -9.19250539e-004 0. 4.52683354e-003 0.
    8.48922320e-003 9.32513457e-003 1.97184691e-003 2.53974227e-003
    1.96579937e-003 -3.77926999e-003 3.36311292e-003 2.97880149e-003
    3.90707841e-003 0. 0. 5.13336807e-003 0. 2.14148196e-003
    8.72736739e-004 -3.73707298e-004 3.22988373e-003 0. 0.
    3.64519237e-003 -6.24426291e-004 -4.37200943e-004 5.81330108e-003
    6.09579403e-003 3.49512394e-003 0. 5.16443804e-004 0.
    2.05864245e-003 3.48936720e-003 -4.71425330e-004 -1.31880573e-003 0.
    5.85418101e-003 3.61434440e-003 0. 5.55380853e-003 6.73288829e-004
    0. 2.10764096e-003 -8.26306175e-004 2.94358237e-003 0.
    3.87736643e-003 4.73897858e-003 1.70389598e-003 1.39603612e-003
    9.70549416e-004 2.95302365e-003 3.88147985e-003 9.61705809e-004
    1.19755394e-003 3.33805499e-003 0. 1.30685500e-003 3.24355252e-003
    -1.83807954e-003 3.62317380e-003 2.81445379e-003 -9.67717860e-005
    5.92505699e-003 1.49841001e-003 0. 7.37261202e-004 1.37084827e-003
    2.64476915e-003 6.05030358e-003 1.32869137e-003 6.73531601e-003 0.
    0. 0. 3.36646661e-003 0. 7.54196336e-003 -1.14114569e-004
    7.96476888e-005 4.57039248e-004 1.53910520e-003 1.17448370e-004
    1.07033597e-003 4.52226866e-003 0. 1.00626599e-003 0. 0.
    -7.52385822e-005 1.90550822e-003 0. 0. 1.51230802e-003 0.
    8.15857144e-004 3.64459702e-003 0. 5.27010940e-004 -8.92209719e-005
    0. 1.63536915e-003 0. 0. -1.02196517e-003 2.77583348e-003
    7.68691825e-004 4.56566876e-003 0. 2.24944344e-003 0. 0.
    1.92298577e-003 0. 3.21144401e-003 0. 6.17951900e-003 0. 0. 0. 0.
    -3.84207815e-005 0. 1.48175820e-003 1.02206250e-003 4.13776562e-003
    6.17138436e-003 5.05495258e-003 0. 0. 2.28580204e-003
    2.97723967e-003 -4.91927203e-004 7.19377398e-003 -1.43620171e-004
    4.49873181e-003 3.94344050e-003 2.66178022e-003 8.06000899e-004 0.
    1.52516365e-003 2.96140625e-003 1.66975260e-002 1.29617332e-003
    3.78880207e-003 4.54260176e-003 6.49683410e-003 3.25060170e-003
    -1.22349558e-003 4.13914397e-003 0. 0. -5.21158916e-004
    -7.36564631e-004 0. 0. 2.47704121e-003 1.56561742e-004 0.
    2.46756274e-004 2.78790161e-004 1.64178002e-003 2.07826984e-003
    4.16714902e-004 4.44689486e-003 1.67572673e-003 9.53836192e-004
    -6.60332094e-004 0. 5.55458898e-003 0. 9.73125978e-004
    -7.99991249e-005 8.33049323e-003 3.75891873e-003 9.58691165e-003
    -1.47582684e-003 2.07513315e-003 2.80584791e-003 5.50295878e-003 0.
    4.20884276e-003 1.97750679e-003 -4.88382124e-004 2.82077026e-003
    -1.89457973e-003 1.39304041e-003 1.67676900e-002 8.48948956e-003
    1.52607670e-003 9.63197206e-004 4.38661966e-003 0. -8.45947710e-004
    8.24229850e-004 0. 5.24687581e-003 0. 3.25648754e-004
    -5.87386545e-004 0. 1.57690817e-003 5.46367280e-003 9.86478408e-005
    1.67349784e-003 -7.89972473e-005 2.46914662e-003 0. 0.
    3.13639478e-003 0. 7.06980703e-003 8.66361801e-003 4.58795251e-003
    0. 2.62673502e-003 0. 0. 9.99997370e-004 1.36213040e-003
    -4.63276898e-004 0. 0. 0. 7.11278943e-003 1.06228108e-003
    1.99293299e-003 1.75733468e-003 -4.41691140e-004 1.08519744e-003
    5.21823810e-003 6.96170202e-004 0. -1.47467351e-003 2.00912412e-002
    0. 2.80417479e-003 6.83359511e-004 0. 0. 0.</data></imageDescriptor>
</opencv_storage>
