<?xml version="1.0"?>
<opencv_storage>
<imageDescriptor type_id="opencv-matrix">
  <rows>1</rows>
  <cols>500</cols>
  <dt>f</dt>
  <data>
    0. 2.49640871e-004 2.01132405e-003 0. 0. -6.49825146e-004
    -9.00466286e-004 2.91616726e-003 -2.02133553e-003 0. 3.39344656e-003
    3.38889891e-003 0. 3.55993368e-004 1.52821967e-003 0. 0. 0. 0. 0. 0.
    2.16484978e-003 1.29473512e-003 -1.44101528e-003 2.24286993e-003
    6.05585566e-003 -1.85448059e-003 5.61546953e-003 1.46481243e-003 0.
    1.06988531e-002 9.22739389e-004 2.03888468e-003 3.58812092e-003
    1.46418950e-003 0. 9.63173062e-003 0. 4.81635472e-003 0.
    4.38378751e-003 3.78588610e-003 4.21922328e-003 9.28168464e-003 0.
    3.99285182e-003 3.33358254e-003 3.35704000e-003 0. 2.59765075e-003
    1.21485279e-003 0. 4.27767774e-003 1.38147641e-003 4.79511637e-003
    6.92883879e-003 0. 6.76853815e-003 2.90332059e-003 0.
    -1.87802815e-003 5.58949169e-003 5.78089559e-004 -2.03540549e-003
    2.58320617e-003 0. 6.11106353e-003 2.07455899e-003 1.57770774e-004
    0. 1.59509026e-003 -6.90632500e-004 1.26446935e-003 0. 0.
    2.68335547e-003 2.19092332e-003 7.59897474e-003 0. 9.15878743e-004
    1.68564857e-003 -7.27506727e-003 0. -2.99475738e-003 5.27231721e-003
    2.44546076e-003 3.75769893e-003 0. 1.05162279e-003 0.
    -1.13643717e-003 3.36127635e-003 5.48302056e-003 0. 6.22052466e-003
    0. 0. 0. 1.08504575e-003 0. 9.46888904e-005 0. 5.46928216e-003
    2.63571627e-002 0. -1.06765365e-003 -2.13866821e-003 0.
    1.45284296e-003 2.53401086e-004 -1.29000796e-003 0. 0. 0.
    1.94219640e-003 9.41331126e-003 -1.98436785e-003 6.20345026e-003
    9.44071871e-005 7.16386829e-004 0. 3.31353000e-003 0.
    6.44401601e-003 0. 7.40962010e-003 2.66353460e-003 2.26031826e-003
    0. 1.32822766e-004 8.93023680e-004 3.56042199e-003 3.63643660e-004
    2.28338689e-003 9.80471354e-003 -1.18766108e-003 1.26726541e-003
    -1.07723509e-003 8.98224884e-004 -8.37499028e-005 7.05032703e-003
    -1.65021792e-003 8.92857555e-003 2.10553943e-003 2.10577948e-003
    -3.39942495e-003 0. 0. 0. 0. 7.60807190e-003 1.39260257e-003
    1.63552549e-003 1.50936679e-003 8.85499734e-003 3.50978575e-003
    4.50269319e-004 3.64838238e-003 0. 3.99240153e-003 9.87826195e-003
    1.32675807e-003 0. 2.85997428e-003 0. 7.17695093e-006
    8.40810593e-003 9.51546524e-003 -4.37703820e-005 1.47484581e-003
    -3.47622531e-003 4.23407346e-006 3.15553712e-004 8.92350730e-003
    2.35527754e-003 1.28393352e-003 3.63939395e-003 0. 2.86602555e-003
    5.18413773e-003 5.86079259e-004 0. -1.44079677e-004 2.96131941e-003
    3.87223507e-003 1.26545166e-003 4.90640476e-003 0. 4.06386470e-003
    3.74781201e-003 2.38152966e-003 0. 1.13759167e-003 0. 0.
    3.92281031e-003 7.02735782e-003 0. 3.96477897e-003 0.
    2.34349561e-003 1.84190273e-003 1.11192086e-004 0. 0.
    -2.01381132e-004 7.18491559e-004 0. 0. -3.03798891e-003
    6.72798883e-003 0. -3.92068396e-005 -1.32025278e-003
    -9.31271992e-004 7.76558416e-003 4.30125423e-004 7.52743520e-003
    8.25357914e-004 0. 6.20630570e-003 5.28842735e-004 0.
    -1.25593902e-003 -8.29234079e-004 2.81450059e-003 2.24209577e-003
    3.02403874e-004 0. 1.61710922e-002 0. 8.40670429e-003
    9.26215551e-004 9.12987452e-004 5.91927674e-004 3.64617771e-003 0.
    -5.05019852e-004 1.47466012e-003 0. 2.73695868e-003 2.14444794e-004
    1.38519099e-004 0. 4.66049090e-003 0. 3.56716616e-003 0.
    8.84903711e-004 4.33769589e-003 2.04645190e-003 2.42904015e-003
    5.98364556e-003 0. 6.33115997e-004 2.56223022e-003 -8.17323744e-004
    4.67535714e-003 0. 2.09625275e-003 1.30015453e-002 1.39052188e-003
    4.43857629e-003 2.66119726e-002 4.37290437e-004 0. 2.91854423e-003
    1.65522913e-003 0. 0. 1.18045311e-003 5.57857752e-003
    6.06543152e-004 2.85800314e-004 1.58523151e-003 0. 0.
    1.26327306e-003 4.86113178e-003 1.45807164e-003 0. 1.19954522e-003
    1.55089854e-003 0. 2.17618863e-003 5.88443188e-004 2.71549029e-003
    2.14677770e-003 0. 0. 1.77347800e-003 9.43943232e-005
    -9.76388517e-004 5.98342041e-004 0. 4.15920699e-003 0.
    3.40374536e-003 1.13566720e-003 -3.19249084e-004 5.11997240e-003
    2.93846568e-003 1.00207408e-005 3.01776314e-003 1.23734982e-003
    2.09879968e-003 0. 1.66379975e-003 2.67149787e-003 0.
    -3.12946760e-003 3.42104584e-003 8.13056529e-003 0. 0.
    3.80324922e-003 3.01665370e-003 0. 3.49501637e-003 4.27770056e-003
    1.54292909e-003 3.27618152e-004 7.99217203e-004 3.03785829e-003 0.
    0. -9.59605270e-004 6.61407551e-003 0. 3.05523002e-003
    5.05479006e-003 2.33715889e-003 7.07940059e-003 7.56595051e-003
    1.67769112e-003 0. -3.06151669e-005 -1.05325587e-003 3.53101961e-004
    5.98107697e-004 2.17336905e-003 3.48151400e-004 0. 1.87210925e-003
    0. 1.49524910e-003 1.77665718e-003 0. 0. 5.22812176e-003
    6.75422256e-004 -1.90905939e-005 2.29999679e-003 0. 0.
    1.65254271e-004 1.61325391e-002 1.55896228e-003 3.50594148e-003
    -3.35011631e-004 -9.27158864e-004 0. 4.01608460e-003 1.73973050e-002
    0. -2.26788368e-004 0. 0. 0. 0. 0. 7.34331625e-005 2.82833003e-003
    2.17506313e-003 0. 2.34350166e-003 0. 0. 3.13886022e-003
    8.29067503e-005 1.82567653e-003 0. 4.33503743e-003 -3.78788752e-003
    1.14237133e-003 2.22278200e-003 0. 0. -3.35126097e-004 0.
    7.22034788e-003 2.63947668e-003 7.88415782e-003 5.98402135e-003 0.
    3.03915981e-003 5.73740201e-003 0. 1.06880511e-003 1.80743914e-003
    1.35534545e-002 0. 3.74760269e-003 0. 0. 0. 5.40226931e-003
    1.51760047e-002 -8.21133435e-004 7.24392571e-003 0. 0.
    5.67036169e-003 5.23185357e-003 4.07666172e-004 3.88576672e-003
    -7.72212661e-005 1.42075017e-003 4.37673181e-003 0. 4.47637960e-003
    0. 2.38714530e-003 3.66048794e-003 -1.99348386e-003 0. 0. 0.
    7.31913699e-003 0. 1.98864494e-003 9.15323209e-004 6.73716376e-003
    8.67420249e-003 4.62853536e-003 5.75436803e-004 2.10644654e-003
    -6.37905323e-004 9.16531775e-004 4.63430537e-003 2.58788234e-003 0.
    0. 0. 2.41354108e-003 0. -2.58148042e-003 -8.58973537e-004
    2.43418152e-003 0. 3.64833837e-003 0. 1.99160865e-003
    4.77684895e-003 -9.03283188e-004 0. 2.25771451e-003 8.08666809e-004
    -9.00370942e-004 0. -1.41189760e-003 -1.30609539e-003
    1.38693955e-003 0. 0. 0. 1.30356941e-002 0. 1.07674617e-002
    1.00653805e-002 0. 3.46340332e-003 0. 3.74829769e-003 0. 0. 0. 0.
    -1.76359317e-004 1.28481281e-003 0. 0. 2.68079876e-003
    -1.95412757e-003 3.05862352e-003 8.68370757e-003 0. 0.
    3.05043720e-003 0. 7.08123762e-003 -9.60941310e-004 5.86182857e-003
    1.67843830e-002 5.68361580e-003 -1.19479439e-004 4.92899865e-003
    3.56321107e-004 2.18407391e-003 1.83057762e-003</data></imageDescriptor>
</opencv_storage>
