<?xml version="1.0"?>
<opencv_storage>
<imageDescriptor type_id="opencv-matrix">
  <rows>1</rows>
  <cols>500</cols>
  <dt>f</dt>
  <data>
    1.03598507e-002 1.78503105e-003 0. 0. 0. 0. 2.30746041e-003 0.
    -1.20022651e-002 2.22409312e-002 0. 0. 0. 0. 0. 0. 0.
    -1.31625077e-003 0. 0. 8.67069047e-003 -8.13056366e-004 0.
    6.16817619e-004 0. 0. 0. 9.40650981e-003 -2.40177149e-003 0.
    6.42808061e-003 3.10099078e-003 -2.41638557e-003 1.02443504e-003 0.
    1.22304144e-003 0. 2.41154968e-003 1.62704510e-003 0. 0.
    4.43800027e-003 5.21783764e-003 -1.49430649e-003 0. 4.93044779e-003
    0. 0. 0. 3.24582262e-003 0. 5.11105231e-004 7.61273457e-003
    5.32154040e-003 0. 0. 0. 1.02018137e-002 1.73267182e-002 0. 0. 0. 0.
    0. 0. 0. 3.74168367e-003 0. 0. 2.39544897e-003 0. 0. 6.97895279e-003
    4.33359481e-003 0. 0. 1.24199642e-002 1.56677421e-002 0.
    -5.44989998e-005 0. -2.52278987e-004 4.28522425e-003
    -2.39261263e-003 -1.78818160e-003 0. 0. 0. 9.59487911e-003
    6.80169417e-003 0. 5.28399553e-003 4.19229595e-003 0.
    1.04720686e-002 0. -2.80301180e-003 0. 0. 0. 3.85187595e-004
    2.46226112e-003 0. 8.36535008e-004 0. -2.87886971e-004 0.
    5.06894756e-003 2.77419947e-003 0. 0. 0. 6.86759874e-003 0. 0.
    4.07753838e-003 0. 7.68426014e-003 7.20953057e-003 5.76886022e-003
    6.71843207e-003 0. 0. 0. 1.38441371e-002 2.54902188e-002 0. 0.
    2.21304828e-003 0. -4.07939265e-003 1.09126614e-002 0. 0.
    1.96337607e-003 -3.36499244e-004 0. 8.92607030e-003 0.
    5.39811736e-004 1.48765242e-003 0. 0. 0. 0. 0. 3.31676635e-003
    3.56606254e-003 0. 0. -2.74181459e-003 2.80819321e-003
    4.14346345e-003 0. 0. 1.82711892e-003 1.44950803e-002 0. 0. 0.
    6.54310919e-003 0. 6.30922243e-003 0. 0. 0. 7.31376512e-003
    -2.49570725e-003 0. 0. 3.01252841e-003 0. 0. 0. 0. 0.
    2.26968154e-002 0. 0. 1.13322737e-003 2.83068372e-003
    8.19312350e-004 0. 3.00827902e-003 0. 6.73199771e-004 0.
    6.64065243e-004 7.51173077e-003 0. 2.55834893e-003 2.65747705e-003
    0. 0. 0. 0. 8.20338551e-004 0. 2.47627813e-002 0. 0. 0.
    -1.70294079e-003 0. 0. 1.68000336e-003 0. 4.99614002e-003 0.
    8.42722773e-004 0. 3.98539798e-003 0. 0. 4.91805701e-003 0.
    8.57084151e-003 0. 0. 6.25637034e-003 0. -3.41992360e-003 0.
    2.36542206e-002 4.41859895e-003 0. 0. 7.73368776e-003 0. 0. 0. 0.
    3.50680290e-004 0. 1.80570496e-004 0. 0. 4.31367243e-003 0. 0.
    4.72494494e-003 6.27278583e-003 0. 0. -8.48866592e-004
    8.13372526e-003 -4.89645079e-003 0. -3.08876787e-003 1.87641056e-003
    8.49208620e-004 2.66316533e-003 0. 0. 3.04075377e-003 0. 0. 0. 0. 0.
    0. 0. 1.42709771e-003 3.27936886e-003 -4.62570111e-004 0.
    -8.56443832e-004 0. 0. 2.18392815e-002 1.14314328e-003
    1.32251857e-003 2.29895013e-004 3.39324400e-003 0. 5.62542025e-003
    5.42106386e-003 9.72798560e-003 -2.33085849e-003 2.62294128e-003
    9.23329685e-003 0. 4.19161329e-003 4.94355569e-003 0.
    4.95689223e-003 0. -9.98780038e-003 5.91287529e-003 2.89011118e-003
    7.56361475e-003 4.46752226e-003 0. -2.71890126e-003 2.84090219e-003
    1.20789455e-002 0. 1.12803630e-003 7.16949720e-003 1.72152731e-003
    0. -4.34967317e-003 0. 7.20380014e-003 0. 7.31949182e-003 0. 0.
    6.64124917e-003 0. 3.25162872e-003 1.78086187e-003 1.03317071e-002
    0. 4.33048513e-003 2.96230405e-003 0. 4.37727384e-003
    6.88981451e-003 0. 1.06200110e-002 3.62496823e-003 0. 0. 0. 0. 0.
    1.10241864e-002 0. 1.63040380e-003 -1.88857946e-003 0. 0.
    3.32160806e-003 0. 0. 4.40862635e-003 0. 2.54693558e-004 0. 0.
    -1.45902403e-003 -5.67381561e-004 4.06781444e-003 0. 0. 0.
    8.23445339e-003 0. 0. 4.97796759e-003 6.05611177e-003 0. 0.
    2.70879734e-003 7.11903325e-004 6.23521348e-003 0. 0.
    3.73105961e-003 0. 0. 7.82050076e-004 0. -1.87437381e-005 0. 0.
    5.09329233e-003 0. 0. 0. 2.37969356e-003 2.51326361e-003
    8.94568022e-003 0. 0. 0. 0. 1.04531832e-003 3.03520472e-003 0.
    -3.02557810e-003 2.40895548e-003 -1.37069472e-003 0. 6.63483515e-003
    9.66963731e-003 0. 9.69665067e-004 0. 0. 3.91803961e-003 0.
    1.02124102e-002 4.61569894e-003 0. 0. 4.59171832e-003
    1.59496174e-003 2.83299922e-003 0. 0. 0. 4.78975970e-004
    7.29053339e-004 0. 1.11944694e-002 1.67713352e-002 3.56487161e-003
    4.43383586e-003 0. 0. 0. 1.66717079e-002 0. 0. 0. 0. 0. 0. 0.
    4.63306950e-003 7.09769595e-003 3.03502940e-003 -4.26394492e-003
    2.17349851e-003 0. 0. 0. -2.66199582e-003 2.00642496e-002 0. 0.
    3.14685842e-003 0. 3.00659332e-003 9.95120383e-004 0. 0. 0.
    -5.07569464e-004 9.83463367e-004 0. 0. 1.55889080e-003
    1.07772578e-003 0. -4.04138304e-003 9.24746413e-003 -2.51716375e-003
    2.78491317e-003 0. 1.37141964e-003 8.57114978e-003 0.
    7.97313824e-003 -7.02839403e-004 -1.45949147e-004 0. 0.
    7.06744846e-003 -6.95343455e-003 0. 0. 2.90626567e-003 0.
    5.89851756e-003 2.79323058e-003 0. 2.28055543e-003 5.57840476e-003
    0. -5.02055336e-005 8.89815483e-003 5.71691524e-003 8.51620862e-004
    0. 2.68216291e-003 2.03995802e-003 4.20626113e-003 6.78690965e-004
    1.11387856e-002 7.00773019e-003 3.72570800e-003 3.32054659e-003 0.
    2.80658668e-003 -2.99413200e-003 0. 0. 0. 4.43252036e-003 0. 0. 0.
    0. 0. 6.06153486e-003 0. 6.44154288e-003</data></imageDescriptor>
</opencv_storage>
