<?xml version="1.0"?>
<opencv_storage>
<imageDescriptor type_id="opencv-matrix">
  <rows>1</rows>
  <cols>500</cols>
  <dt>f</dt>
  <data>
    -9.30084090e-004 0. 0. 0. 0. 1.55157945e-003 2.23460607e-003 0.
    -6.62722765e-003 1.45875395e-003 3.94068746e-004 1.20368891e-003 0.
    0. 1.81017059e-003 0. 0. 0. 0. -8.11699196e-004 0. 5.64284017e-003
    0. 0. 0. 0. 0. 0. 0. 0. 1.06644761e-002 0. 2.14582793e-002 0. 0.
    1.23022415e-003 0. 0. 0. 0. 0. 2.32903962e-003 -2.96592101e-004
    7.69246556e-003 0. 0. -1.24708668e-003 0. 3.29514616e-003
    2.77878041e-003 3.86333698e-003 0. 0. -9.65495128e-004 0. 0. 0.
    4.12200624e-003 0. 0. 0. 0. 0. 0. 6.41619263e-004 -9.35779477e-004
    0. 3.54574923e-003 3.41067091e-003 0. -4.08322048e-005
    3.77147235e-002 0. 0. 3.72689613e-003 0. 1.02812506e-003 0.
    4.49657347e-003 0. 0. -1.38203055e-003 0. 0. 1.52734881e-002 0. 0.
    6.29708928e-004 0. 0. 3.41341433e-006 0. 4.11587721e-003
    3.20268475e-004 3.47256172e-003 0. 0. 4.15654434e-003 0.
    -2.60191242e-004 0. 0. 0. 0. 1.87187432e-003 4.00580605e-003
    6.40147133e-004 7.05365511e-003 0. 0. 4.02340107e-003 0.
    -9.40541562e-004 0. 0. -1.21874094e-003 6.45117089e-003 0. 0. 0. 0.
    4.76289168e-003 0. 0. 0. 3.80287180e-003 0. 0. 3.98600241e-003 0.
    3.38617107e-003 5.16138878e-003 2.42578983e-003 0. 0. 0.
    2.12833891e-003 0. 0. 1.12117233e-003 1.13482317e-002 0. 0.
    1.90522958e-004 -3.22333840e-003 0. 0. 6.40757475e-003 0. 0. 0.
    5.63721312e-003 0. 3.92090483e-003 2.09219521e-003 0. 0. 0.
    1.75096258e-003 0. 0. 0. 0. 0. 0. 0. 0. 2.51049432e-003 0. 0. 0. 0.
    1.85302424e-003 0. 0. 1.49684935e-003 2.17944458e-002 0.
    2.93261325e-003 0. 7.03245867e-003 9.00457893e-003 1.65463553e-003
    0. 3.89874028e-003 4.48750192e-003 3.42052290e-003 0. 0.
    7.67812086e-003 1.21472431e-002 4.66112513e-003 3.66887613e-003 0.
    7.22081680e-003 0. 3.49884911e-004 0. 0. 3.66830942e-003
    -4.22841450e-003 1.44162541e-003 0. 9.33192391e-003 0. 0. 0. 0. 0.
    0. 1.98203721e-003 0. 0. 5.01017598e-003 0. 2.23135110e-003 0. 0. 0.
    0. 0. 0. 7.49184517e-003 2.16612052e-002 1.18111456e-002 0. 0. 0. 0.
    -1.84048642e-003 0. 0. 0. 0. 0. 0. 0. 2.26819562e-003 0. 0.
    7.47211219e-004 0. 0. 0. 1.93578890e-003 0. 0. 3.66195571e-003
    6.61142776e-003 6.10942999e-003 1.74319316e-002 0. 6.40570559e-003
    0. 0. 0. 0. 0. 0. 2.55045737e-003 0. 0. 0. 7.85081182e-003
    1.76032283e-003 5.14152867e-004 1.70598570e-002 1.75098702e-003
    3.77664063e-003 4.98191162e-004 2.75944057e-003 0. 2.91935503e-002
    0. 4.88021038e-003 0. 0. 0. 0. 3.18528898e-003 1.89753831e-003
    6.15351694e-003 0. -2.04248726e-003 6.63993973e-003 0.
    7.64630781e-003 0. 0. 4.44420474e-003 0. 0. 0. 4.54746187e-003 0.
    9.48628690e-003 6.78326329e-003 0. 0. 4.10832139e-003 0.
    3.12960947e-005 1.06737530e-002 7.26733962e-003 0. 1.29303318e-002
    0. 4.58570383e-003 0. 0. 0. 9.56051424e-003 1.10454261e-002
    9.60783381e-003 6.20950991e-003 -3.08701536e-003 0. 0.
    1.18792001e-002 0. 8.17817287e-004 7.58877350e-003 0. 0. 0. 0.
    4.58293920e-003 5.61983045e-003 0. 0. 0. 2.06584996e-003 0.
    1.87451448e-002 0. 0. 4.50298144e-003 0. 0. 0. 2.01187283e-003 0. 0.
    -2.35850597e-003 0. 0. 0. 3.68585065e-003 2.70554074e-003
    -3.80442315e-003 0. 0. 0. 0. 0. 0. 2.12071184e-003 0. 0.
    -1.69757567e-003 2.00682450e-002 -3.94349518e-005 6.07368350e-003
    7.40199350e-003 0. 0. 0. 9.64446738e-003 6.77723577e-003
    6.05258252e-003 0. 4.15713526e-003 8.68975837e-003 0. 0.
    9.59769636e-003 0. 5.83767099e-003 4.95616207e-003 1.89835881e-003
    0. 0. 3.80846555e-003 -1.91538339e-003 7.29110464e-003 0. 0.
    5.46329073e-004 4.99926228e-003 2.48034950e-003 0. 5.72376652e-003
    3.77514656e-003 4.74004494e-003 0. 9.31928516e-004 0.
    1.69193316e-002 -2.46022013e-004 2.95195496e-003 0. 0. 0. 0. 0. 0.
    0. 0. 2.85995496e-003 4.53330064e-003 0. 5.07330196e-003 0.
    -3.78422556e-003 1.87291892e-003 0. 1.11315539e-002 0.
    -2.03629746e-003 -4.30703070e-003 0. -1.39068486e-003 0. 0. 0. 0. 0.
    0. 0. 1.70710892e-003 0. 2.39979383e-003 0. -2.72260193e-004
    4.45821555e-003 2.77826749e-003 0. 0. 0. 0. 0. 0. 0. 4.40533599e-003
    0. 0. 6.77030347e-003 0. 5.37102716e-003 0. 0. 0. 2.69197370e-003 0.
    3.05875950e-003 0. 0. 9.28861555e-003 -4.42604627e-003 0.
    2.22463962e-002 4.53949859e-003 4.46503604e-004 2.83628330e-003
    3.09211276e-002 0. 0. 0. 0. 0. 9.40589141e-003 0. 0. 0.
    4.83161630e-003 3.53556313e-003 0. 4.92476101e-004 0. 0.
    8.44426081e-003 3.14663001e-003 0. 1.92408718e-003 0.
    1.36931287e-002 5.05502196e-003 0. 0. 0. 4.02376615e-003 0.
    3.88363656e-003 0. 6.22402644e-003 0. 0. 4.10090107e-003 0.
    5.10989875e-003</data></imageDescriptor>
</opencv_storage>
