<?xml version="1.0"?>
<opencv_storage>
<imageDescriptor type_id="opencv-matrix">
  <rows>1</rows>
  <cols>500</cols>
  <dt>f</dt>
  <data>
    0. 1.20632106e-003 0. 1.01704653e-002 3.69002786e-003 0. 0.
    1.69080065e-003 2.78649456e-003 4.25103493e-003 0. 0. 0. 0.
    2.53472826e-003 2.47131707e-003 0. 0. 0. -1.43564784e-003
    1.29299925e-003 3.61474277e-003 2.05769925e-003 0. 5.33075398e-003
    4.15426074e-003 1.14655029e-002 0. 2.69147079e-003 2.01836764e-003
    0. 0. 0. 2.71473872e-003 3.94209474e-003 0. 5.15533786e-004 0. 0.
    1.30963430e-003 -1.05912169e-003 0. 0. 3.50024854e-003 0.
    7.34264357e-003 0. -4.69146715e-003 0. 2.15995382e-003
    -7.49590574e-004 0. 4.73339949e-003 -7.32029206e-004 0.
    1.32212909e-002 0. 0. 5.47326682e-003 3.75007908e-003
    3.96801718e-003 0. 1.75327938e-002 1.09406176e-003 6.12986227e-003
    4.98790573e-003 1.21991374e-002 3.55606130e-003 0. 0.
    5.39663527e-003 1.95845918e-004 0. 0. 2.11791648e-003
    2.75528152e-003 0. 2.45259929e-004 6.85387466e-004 0.
    1.37871299e-002 1.94935722e-003 0. 0. 0. 1.08854950e-003 0. 0. 0.
    4.54602763e-003 -1.81615294e-003 0. 4.89447406e-003 0.
    1.80644693e-003 1.95931853e-003 5.40319852e-005 1.29110562e-002
    6.90719346e-003 0. -2.01901630e-003 7.30135804e-003 0.
    5.68291685e-003 1.97536219e-003 4.07103682e-003 0. 0.
    8.14824086e-003 0. 4.64529311e-003 -3.56084318e-004 0.
    2.88676913e-003 0. 4.41350462e-003 4.89613879e-003 0.
    2.85593048e-003 0. 3.21221724e-003 0. 1.35006383e-003 0. 0.
    2.69292650e-004 0. -2.64239847e-003 0. 0. 1.16620380e-002 0. 0.
    2.74333142e-004 8.86921398e-003 0. 6.58180937e-003 1.58371020e-003
    1.29276356e-002 -1.86974579e-003 0. 8.47372971e-003 0. 0.
    6.05656719e-003 8.94671958e-003 0. 0. 0. 2.72572902e-003
    3.20273428e-003 1.14392480e-002 -2.83764978e-003 3.42554483e-003
    -1.44316687e-003 0. 0. 0. -4.51171864e-003 0. 2.56141019e-003
    3.35865392e-004 0. 0. 0. 8.69539659e-003 8.34331196e-003 0. 0.
    5.73245948e-003 -3.01037915e-004 6.25654031e-003 -2.06366903e-003 0.
    2.15205806e-003 1.84781977e-003 0. 0. 3.44537129e-003
    7.32573494e-003 0. 2.90193432e-003 0. 4.69790213e-003 0.
    3.62462969e-003 0. 0. 5.69146732e-003 4.30497900e-003
    9.36202519e-003 3.05855507e-003 0. 0. 0. -7.15533271e-004
    -1.23160577e-003 0. 0. 0. 9.11208242e-003 0. 1.04056089e-003
    1.13245926e-003 1.42879160e-002 2.56212521e-003 0. 0. 0. 0.
    5.23969112e-003 5.66803757e-003 6.72412803e-004 -2.31207791e-003 0.
    8.87268502e-003 1.36975618e-003 -3.76859354e-003 0. 0.
    1.46624120e-003 0. 1.94266334e-003 0. 9.49067157e-003 0.
    2.56983959e-003 0. 6.07896363e-003 -2.28692035e-004 0.
    4.36356384e-003 0. 5.30997897e-003 2.41602655e-003 0. 0.
    -2.98468326e-003 0. -2.20962008e-003 3.00545688e-003 0.
    5.89109072e-003 0. 5.76881785e-003 0. 1.32443337e-003
    9.25630797e-003 0. 0. 0. 0. 0. 7.66332308e-003 2.90914755e-002
    7.80914864e-003 -2.08775233e-003 1.42224482e-003 1.10649061e-003 0.
    4.88949707e-003 8.29257350e-003 0. -2.93674017e-003 -1.87539903e-003
    0. 0. 0. 0. 0. 2.11681495e-003 0. 5.43838600e-003 0. 6.86800061e-003
    0. -3.17259296e-003 3.34570976e-003 2.40613404e-003 4.82471747e-004
    3.62719293e-003 3.84885515e-003 0. 2.15077400e-003 -5.28157747e-004
    0. 8.01727548e-003 1.20019505e-003 3.04402946e-003 0.
    7.29927560e-003 0. 0. 3.26260924e-003 0. 0. 0. 0. 3.06569808e-003
    6.18288387e-003 0. 0. 0. 3.59531230e-004 6.87570497e-003 0.
    1.06146615e-002 4.68805712e-003 0. 2.74361833e-003 2.47361721e-003
    0. 2.41030869e-003 1.58765435e-003 0. -1.35549621e-004
    4.54608863e-003 0. 0. 3.00868443e-004 0. 0. 0. 0. 1.33145531e-003
    1.49704411e-003 9.06756986e-003 0. 1.27711205e-003 6.40367158e-004
    3.09794070e-003 5.95040794e-004 0. 6.47149980e-004 0.
    7.89361168e-003 1.32277831e-002 1.82266848e-003 0. 9.58307181e-003
    0. 2.30274978e-003 -5.19833120e-004 0. 2.91453791e-003 0. 0. 0.
    3.45700583e-003 0. 0. 0. 0. 0. 0. 1.11398827e-002 0. 3.86825763e-003
    7.13213161e-003 0. 4.51447768e-003 0. 0. 3.14293359e-003
    1.78560184e-003 1.68200152e-003 8.29849800e-004 0. 1.99223147e-003
    3.83509294e-004 0. 3.38173634e-003 4.82109515e-003 0. 0.
    8.36112723e-003 4.72930633e-003 0. 0. 1.49940606e-003
    8.92894249e-003 0. 8.58750776e-004 0. 0. 2.51493277e-003 0. 0. 0.
    7.55029125e-003 0. 3.37572186e-003 4.72462922e-003 -3.95652512e-003
    0. -8.10243946e-004 -8.65170674e-004 0. 0. 0. 0. -3.65351769e-003
    2.20209826e-003 0. 8.58346000e-003 0. 1.27807306e-003 0.
    3.81612848e-003 0. 0. 2.26966734e-003 -9.73829243e-004
    3.82792641e-004 0. 0. 0. 2.68672034e-003 1.70691742e-003
    8.69389903e-003 0. 0. -8.60048109e-004 0. 0. -4.09789803e-003
    -4.07635613e-004 7.86943268e-003 0. 0. 5.41687291e-003 0.
    4.94786492e-003 2.77113193e-003 0. 3.20054893e-003 0. 0.
    -1.31509022e-003 9.53073055e-003 0. 4.05395264e-003 0. 0.
    4.63540026e-004 0. 4.69441107e-003 8.33606906e-003 1.05937673e-002
    0. 0. 2.28197570e-003 0. 0. 4.08907561e-003 0. 9.15533490e-003 0.
    4.34101187e-003 0. 1.14152026e-004 1.66039017e-003 1.99836120e-003
    1.87702884e-003 0. 2.38914136e-002 0. 1.70911418e-003 0.
    7.21883774e-003 0. 0. 2.52699526e-003 3.44461924e-003 0. 0.
    -3.00352607e-004 -9.65053259e-005 7.30984379e-003 1.45697407e-003
    9.12349788e-004 0. 2.17203866e-003 0. 5.58477966e-003
    6.51838491e-003 1.25650289e-002 -1.80098356e-003 -2.95214425e-003
    1.63003060e-004 2.52519106e-003 1.35048502e-003 2.23881852e-005
    -7.31912674e-004 1.03981989e-002 0. 0. 1.10650649e-002 0.
    2.48998404e-003</data></imageDescriptor>
</opencv_storage>
