<?xml version="1.0"?>
<opencv_storage>
<imageDescriptor type_id="opencv-matrix">
  <rows>1</rows>
  <cols>500</cols>
  <dt>f</dt>
  <data>
    -8.44586699e-004 -1.76808564e-003 6.03965810e-003 1.28515912e-002 0.
    0. 2.05416139e-003 0. 5.88279776e-003 0. 0. 0. 0. 0. 6.68333890e-003
    1.04197639e-003 0. 0. 4.74806497e-004 2.51527410e-003 0.
    4.18866730e-005 2.05910252e-003 -2.92927097e-003 -2.63542432e-004
    -2.63022695e-004 9.16743185e-003 1.30765820e-002 3.79664503e-004
    2.71806237e-003 0. 0. 0. 4.31702612e-003 9.09443479e-004 0.
    9.81740281e-003 0. -1.17460429e-003 5.70476567e-003 2.59982049e-003
    1.01588643e-003 2.99023185e-003 8.95869546e-003 5.38805267e-003 0.
    1.47855981e-005 7.01337063e-004 7.50297541e-003 2.39730300e-003
    1.10659422e-003 3.32741300e-003 2.49355799e-003 0. 0.
    1.37121242e-004 0. 3.81712173e-003 2.38698511e-003 3.42950225e-003
    0. 5.73099649e-004 4.90904972e-003 3.67421564e-003 1.76733267e-003
    0. 6.10042783e-003 2.59315269e-003 2.40652566e-003 6.40147598e-003
    2.06542155e-003 1.01799215e-003 3.46290856e-003 8.23036709e-004
    -2.51473929e-003 7.41086761e-003 1.38863060e-003 5.17588900e-003
    -7.11453555e-004 2.51133298e-003 5.15228079e-004 1.75875202e-002
    1.95854157e-003 3.30408989e-003 5.52459154e-003 0. 7.12145178e-004
    0. 1.22404704e-002 0. 1.08835520e-003 9.25109535e-003
    2.78459070e-003 3.96995246e-003 0. 5.85238636e-003 1.75720558e-003
    -8.69898126e-004 0. 3.48812644e-003 6.94132829e-003 2.45386316e-003
    2.05374323e-003 2.93965614e-003 8.34173115e-004 0. 2.18434539e-003
    1.06960470e-002 0. 2.79446179e-003 4.01441939e-003 2.01319205e-003
    0. 0. 3.19237518e-003 -6.65427506e-005 0. 3.65142594e-003 0. 0.
    2.89112469e-003 4.33597248e-003 -1.24318746e-003 0. 0. 0. 0.
    2.46115169e-003 0. 0. 0. -5.40843979e-003 0. 3.99812451e-003
    7.35287508e-003 9.08413809e-003 2.07461230e-003 6.08901493e-003
    1.26546575e-003 -7.40931311e-004 0. 0. 1.84604467e-003
    5.50556462e-003 0. 2.74294289e-003 0. 0. 0. 0. -7.47753948e-004 0.
    1.92147470e-003 1.79077953e-003 1.72861596e-003 4.83257008e-006
    7.23521737e-003 4.91358386e-003 6.78680837e-003 0. -1.17748801e-003
    4.52850154e-003 6.71687420e-004 3.36897792e-003 0. 2.27939017e-004
    5.20108687e-003 0. 0. 1.73034205e-003 1.49439974e-003
    5.53842681e-003 2.19649286e-003 -3.95945041e-004 4.13801940e-003
    7.52753345e-004 -3.23084998e-003 0. 6.93162205e-003 1.06106279e-003
    0. 0. 0. 0. 3.50357965e-003 0. -4.49931156e-003 0. -2.19948124e-003
    1.55299960e-003 0. 1.81747472e-003 -3.45701980e-003 0.
    8.32551531e-003 6.08775439e-003 2.43671646e-004 6.18477134e-005
    1.24522997e-003 -8.73285811e-004 0. 7.80143682e-003 6.27613254e-003
    2.25871219e-003 -2.30288482e-003 5.12614148e-004 9.52546019e-004
    -4.56616748e-004 1.13532087e-003 6.23537228e-003 0. 0.
    3.09776136e-004 2.67675030e-003 4.98722820e-003 3.14309553e-004
    -1.66648329e-004 7.94144254e-003 0. 8.31577287e-004 0.
    4.69994219e-003 2.85627553e-003 -2.18324037e-003 -5.62895613e-004
    4.22587851e-003 3.91111011e-003 3.59214214e-003 4.20240732e-003 0.
    5.14012855e-003 5.56113478e-003 1.11719333e-002 9.38108016e-004
    6.32614922e-003 9.45149828e-003 0. -3.55172058e-004 0. 0.
    7.16111669e-003 -1.30566361e-003 2.02841475e-003 4.69718175e-003
    9.38587938e-004 0. 2.91860593e-003 1.20115909e-003 2.39113811e-003
    -2.70563085e-003 5.32834465e-003 -1.33058510e-003 4.12192009e-003
    2.59048236e-003 0. -4.80311428e-004 0. 1.04382243e-002 0. 0. 0. 0.
    0. 6.54836698e-003 0. 8.60712724e-004 7.74985971e-003
    6.39893860e-003 1.45751960e-003 1.51828851e-003 5.76211278e-005
    1.99744827e-004 0. 6.88359700e-003 0. 2.49486510e-003
    7.70147017e-004 4.21908271e-006 3.21973814e-003 -4.93234547e-004 0.
    2.27068504e-003 6.32391404e-003 1.60741678e-003 3.49637074e-003
    -9.33162111e-004 0. -1.50751765e-003 4.22056857e-003 1.89595576e-003
    4.71194689e-005 1.14914705e-003 4.71035065e-003 0. 7.53858313e-003
    9.75033455e-003 0. 0. 8.66165105e-003 4.56276257e-003
    2.97623081e-003 1.76149260e-004 0. 1.14254782e-003 0. 0.
    -9.67574771e-004 -1.99385872e-003 0. 0. 0. 7.98946992e-003
    7.80702510e-004 6.05997397e-003 -2.37424727e-004 0. 3.07968142e-003
    0. -1.15650822e-003 3.45727988e-003 6.24806015e-003 7.16219749e-003
    0. 3.12457647e-004 0. 6.10317686e-004 -1.06659671e-003 0.
    1.16461022e-002 3.46381217e-003 0. 1.76767688e-002 0. 0. 0. 0. 0. 0.
    0. 0. 0. 7.67773390e-003 6.49630697e-003 2.54372368e-003
    -2.34650355e-003 0. 3.57346749e-003 2.05661185e-004 0. 0.
    -1.76079816e-003 0. 7.46523775e-003 0. 0. -2.00867513e-003
    1.79022783e-003 3.07309418e-003 4.64201003e-004 -5.39140869e-003 0.
    0. 0. -2.16271752e-003 0. 0. 4.29525878e-003 3.15820659e-003 0.
    -1.37838745e-003 2.19387235e-003 0. 1.70741118e-002 4.21634363e-003
    8.07750504e-003 0. 0. 1.93213974e-003 6.92495005e-003
    2.89676641e-003 2.61452538e-003 0. 1.76289948e-004 1.78519497e-003
    0. 0. -1.20115629e-003 1.15267909e-003 3.49915330e-003
    2.43033725e-003 1.18856598e-003 1.04172146e-002 0. 1.11646168e-002
    0. 0. 1.98775204e-003 -3.08507908e-004 -3.92319076e-003 0.
    2.30558217e-003 -3.17100366e-003 -2.12782237e-004 0. 0.
    4.85324813e-003 1.31159392e-003 1.07438527e-002 7.18212686e-004
    1.99866970e-003 6.08239556e-003 4.84613265e-004 0. 1.53371890e-003
    5.09614684e-003 0. 2.79772608e-003 3.19022266e-003 4.92658280e-003
    0. 0. 1.56122865e-003 4.69266251e-003 2.31298944e-003
    4.99508157e-003 0. 1.47020626e-006 0. 2.10625841e-003
    1.11310382e-003 2.01513269e-003 3.17554269e-003 6.10361760e-003
    7.55297660e-004 3.15375655e-004 7.50646600e-003 0. 0.
    -9.98425414e-004 2.24860082e-003 0. 6.42483763e-004 0.
    3.76487244e-003 0. 0. 1.59826968e-003 -2.45034765e-003
    1.48635835e-003 6.69668196e-004 1.53518899e-003 5.25430264e-003 0.
    1.67616084e-003 2.99203000e-003 0. 1.49310636e-003 2.98881112e-003
    0. 4.30095801e-003 0. 4.38471232e-003 5.01374772e-004 0. 0. 0.
    7.42082810e-003 1.20487818e-002 0. 4.35828057e-004 7.85909407e-003
    5.96164633e-003 2.67916732e-003 3.36274388e-003 0. -5.59584470e-004
    1.45689293e-004 1.73925317e-003 -8.22426693e-004 2.20816303e-003
    3.94822704e-003 4.88294242e-003 2.91704852e-003 0. 9.76931304e-003
    6.22274028e-003 2.70088459e-003 9.80082783e-004 1.60227891e-003 0.
    -2.71879340e-004 1.80164853e-003 4.11066739e-003 8.23445618e-004
    3.60003393e-003 3.57718160e-003 -1.68595894e-003 0. 3.05003603e-003
    3.58210970e-003</data></imageDescriptor>
</opencv_storage>
