<?xml version="1.0"?>
<opencv_storage>
<imageDescriptor type_id="opencv-matrix">
  <rows>1</rows>
  <cols>500</cols>
  <dt>f</dt>
  <data>
    2.20244424e-003 9.81149031e-004 1.02497789e-003 -7.54770474e-004
    9.21783410e-003 -1.36245450e-003 3.02570476e-003 3.68192932e-003
    -6.18151564e-004 5.82440849e-003 5.53872949e-003 2.15207506e-003 0.
    7.40498770e-004 0. -6.27841791e-006 1.12822710e-003 1.24733075e-002
    1.20873016e-003 0. 2.30225385e-003 2.54877191e-003 6.08187402e-004
    -6.92133210e-004 2.28321715e-003 1.36877131e-003 1.93025020e-003
    9.06089117e-005 7.91111612e-004 0. 1.83706749e-002 -5.56837011e-004
    7.69383134e-003 4.93882829e-003 3.00794165e-003 1.50390406e-004
    9.41521488e-003 2.27042241e-003 1.98146305e-003 2.82236165e-003
    2.52721016e-003 -1.53713045e-003 -4.40854667e-004 0. 2.09562411e-003
    -1.10756839e-003 6.47540903e-004 -1.26819964e-003 4.28066496e-003
    7.92786758e-003 9.14782111e-004 1.17977671e-002 -1.58562281e-004
    2.46058241e-003 2.42254860e-003 0. 0. 6.36212435e-003
    2.88821012e-003 1.52392010e-003 9.08605196e-003 0. 1.11878710e-003
    0. 2.16538692e-003 -9.75768315e-004 3.64297931e-003 4.41650487e-003
    2.17054412e-003 4.11550421e-003 3.96354496e-003 1.47315720e-003
    2.34964024e-003 -1.43444794e-003 -1.94881484e-003 0. 6.53847994e-004
    4.00916999e-003 0. 0. 1.44381588e-003 0. 8.95701407e-004 0.
    4.28367406e-003 1.24471029e-002 2.63662729e-003 4.85909777e-003
    9.71616339e-003 6.12967135e-003 2.46787793e-003 5.26608014e-003
    2.29500886e-003 1.45341211e-003 1.54787395e-003 1.68708316e-003
    4.93236678e-003 2.98186205e-003 1.58229878e-003 -7.53390486e-004
    3.24277929e-003 1.69881643e-003 -4.58006398e-004 1.42202189e-003 0.
    1.70581718e-003 0. 8.96589924e-003 4.57829703e-003 1.31627126e-003
    6.59989368e-004 4.17247461e-003 0. -1.21075846e-003 0. 0.
    6.93735713e-003 5.15590282e-003 3.22065287e-004 4.02907794e-003 0.
    -1.04833971e-005 0. 0. 0. 1.17342803e-003 4.00339253e-003
    2.01817276e-003 4.88236127e-003 5.14677027e-003 6.89463341e-004
    4.05104738e-003 0. 3.01328022e-003 3.75145604e-003 1.73561135e-003
    0. 0. -6.10320349e-005 0. 1.85659865e-003 3.89296887e-003 0.
    3.11205303e-003 1.34941039e-003 1.87118552e-004 8.05342454e-004
    -4.10571549e-004 4.92293714e-003 2.85499915e-003 1.13323366e-003 0.
    1.72800734e-003 0. -4.77119000e-004 0. 5.34193637e-003
    6.03918638e-003 5.01338160e-003 6.15461823e-003 2.90158961e-004
    5.25575597e-004 7.52535474e-004 -6.36311190e-004 8.90321098e-004
    1.74165925e-003 0. 5.28644398e-003 0. 3.31447409e-005 0.
    1.48792111e-003 -1.44543918e-003 1.76234799e-003 7.35634891e-003 0.
    -5.87544520e-004 3.36359371e-003 2.45508435e-003 2.38597672e-003 0.
    -1.68267579e-003 3.59703740e-003 1.69711020e-002 0. -1.11425405e-004
    0. 2.67729093e-003 2.01080999e-004 3.75094765e-004 2.68151611e-003
    4.01557982e-003 7.11341272e-004 1.92476937e-003 1.89606578e-003
    -9.51692462e-004 -5.72514662e-004 1.16459485e-002 1.85301737e-003
    2.79445644e-003 2.96814879e-003 5.22739440e-003 0. 2.73439125e-003
    -9.65864223e-004 2.40246241e-004 -1.91785244e-003 2.31308187e-003 0.
    -5.54116414e-005 9.74739785e-004 0. 0. 6.64676132e-004
    5.13998233e-003 1.68710621e-003 3.29795061e-003 6.60452200e-003
    2.19239318e-003 1.07381318e-003 1.68312353e-003 0. 2.76702712e-003
    3.70893534e-003 5.42487251e-004 1.17034023e-003 -2.99883948e-004
    4.19727527e-003 0. 3.68567742e-003 -3.89800145e-004 4.88318037e-004
    2.20120163e-003 7.57417781e-003 1.04938855e-003 0. 4.69905650e-003
    0. 3.50319594e-003 3.74699314e-003 6.76566316e-003 -5.23540471e-003
    9.82772559e-004 5.94290392e-003 1.63201243e-003 -2.09233622e-004 0.
    0. 0. 5.64881368e-003 6.22963253e-003 6.31637918e-003
    2.15998711e-003 1.05888559e-003 6.46900677e-004 2.84625101e-003
    2.20849505e-003 5.39996475e-003 0. 2.84114806e-003 0. 0.
    1.91389211e-002 2.58251186e-003 2.31416710e-003 0. 0.
    1.46509963e-003 0. 6.49652816e-003 4.46080649e-003 1.27988840e-002
    2.70778290e-003 5.82785113e-004 0. 3.07188812e-003 9.10813268e-003
    1.54285532e-004 0. 0. -3.44453903e-004 4.05388884e-004
    7.42648786e-004 2.65350193e-003 2.16386910e-003 9.21816844e-003 0.
    4.37781680e-003 -3.26118570e-005 2.16588820e-003 0. 3.70632601e-003
    2.29594181e-003 7.75186764e-003 2.32547102e-003 -1.03050540e-003
    2.04887148e-003 4.83881822e-003 -3.79975972e-004 1.71503890e-003
    -1.86045957e-003 -2.31767166e-003 2.87776557e-003 1.67775084e-003 0.
    2.23430782e-003 0. 0. 3.22340894e-003 -2.90437136e-004 0.
    2.14025867e-003 0. 7.19565805e-003 3.02333711e-003 0.
    3.65009974e-003 -1.79606341e-005 0. 2.77691917e-003 0.
    5.50115295e-003 0. 3.40512418e-003 0. 0. 9.03943961e-004
    7.00524077e-003 0. 1.46535935e-003 0. 3.29993403e-004
    8.64207221e-004 4.09950409e-003 4.44037578e-004 0. 0. 0.
    1.57529488e-003 0. 0. -1.20670930e-003 0. 0. 0. 0. 2.21486157e-003
    -1.29215047e-003 0. 4.57724370e-003 0. 3.87172424e-003
    5.55906305e-003 5.43185801e-004 6.18124241e-003 0. 1.16410227e-002
    0. 0. -8.67577095e-004 0. 0. 0. 2.48343567e-003 2.76633981e-003 0.
    1.51444450e-002 7.34117348e-005 0. -9.40255821e-004 6.52831979e-003
    6.68627792e-004 1.00663574e-002 1.88600982e-003 0. 0.
    6.01955177e-003 2.62657600e-003 8.42663553e-003 7.80929637e-004
    8.19184701e-004 -1.05887908e-003 4.70093172e-003 1.55161819e-004
    2.02042423e-003 -2.02639829e-004 2.08382378e-003 1.37749920e-003
    2.79935682e-003 0. 4.64288425e-003 9.68979963e-004 0.
    3.28199402e-003 3.64872161e-003 0. 5.19235944e-003 -1.82106727e-004
    -7.59766554e-004 0. 4.49172570e-004 6.43164851e-003 4.71989345e-003
    0. 0. 2.34700856e-004 3.03220982e-003 0. 0. 0. -4.93006955e-004
    5.37606562e-003 4.33471240e-003 8.10359884e-003 0. 0.
    4.67040902e-003 0. 1.74931600e-003 3.40463244e-003 0.
    3.84206884e-003 4.01794491e-003 1.87405225e-004 2.93152314e-003
    -5.65550057e-004 0. 2.17696372e-003 -1.15903618e-003
    -6.52566960e-004 0. 0. 0. 4.51504765e-003 4.79455059e-003
    3.18439258e-003 -1.57704134e-003 0. 3.15531529e-003 1.13888826e-004
    2.16827844e-003 4.14244086e-003 4.03137598e-003 2.43560621e-003
    1.36799959e-003 2.32731365e-003 -3.51219415e-003 0. 2.71440204e-003
    -2.00046250e-003 0. 1.37737347e-003 0. 4.79032006e-003 0.
    -7.80602975e-004 5.49142435e-003 0. -5.81408443e-004 2.13643434e-004
    8.13548453e-004 -4.27390332e-004 1.94049347e-003 7.72353087e-004
    4.77109710e-003 -2.87919884e-005 1.88308768e-003 0. 0. 0.
    5.86597109e-003 1.67656702e-003 0. 1.22454902e-003 3.39640421e-003
    1.04155554e-003 2.54041608e-003 3.84206302e-003 3.22639919e-003
    7.82308355e-003 1.58985134e-003 8.60461872e-003 1.16573321e-003
    8.44165124e-003 1.17076177e-003 1.23143278e-003 -3.77137942e-004
    -7.57403555e-004 6.38389587e-003 2.17537605e-003 1.12984632e-003
    7.39112264e-004 2.11033178e-003 0. 7.90772436e-004 0. 0.
    -2.43870716e-004 0. 4.93119205e-006</data></imageDescriptor>
</opencv_storage>
