<?xml version="1.0"?>
<opencv_storage>
<imageDescriptor type_id="opencv-matrix">
  <rows>1</rows>
  <cols>500</cols>
  <dt>f</dt>
  <data>
    0. 0. 0. 9.58813063e-004 0. 0. 1.61514699e-003 3.74482898e-003
    7.83795491e-003 8.04512296e-003 5.20873349e-003 4.66275960e-003 0.
    -1.24124315e-004 1.10203073e-004 -1.18910742e-003 6.00268773e-004
    1.56215124e-003 0. 0. 5.31336246e-003 2.24896288e-003
    5.21525362e-005 -2.22097835e-004 1.92245631e-003 3.37337051e-003
    -2.82928045e-003 0. 0. -1.73757819e-003 4.00175340e-003 0. 0.
    9.63266846e-003 -3.64942389e-004 0. 0. 1.77126587e-003
    4.78059100e-003 1.23851597e-002 -1.30253425e-003 4.33061086e-003 0.
    0. 7.52691820e-004 1.45213935e-003 3.99998593e-004 5.80186816e-003
    0. -9.60582867e-004 3.95766692e-003 1.99925154e-003 1.52788663e-004
    2.72093038e-003 7.78835849e-004 1.22697174e-003 6.53614290e-003 0.
    0. 6.40414306e-004 -7.55503890e-004 -3.53831419e-005 8.90860159e-004
    0. 5.36453584e-003 1.22603553e-003 3.50287603e-003 5.29352762e-003
    4.62901872e-003 0. 0. 0. 0. 4.25905269e-003 -1.44582137e-003
    -3.48701025e-004 6.37647742e-003 0. -3.33063828e-004 2.94770696e-003
    0. -5.20203670e-004 -3.22432048e-003 2.51186057e-003 4.41019936e-003
    2.54574372e-003 1.27332169e-003 2.42168969e-003 0. -1.16774681e-004
    3.59553052e-003 1.20395012e-002 0. 0. -1.26757461e-003
    7.70070404e-003 -1.38151669e-003 2.71512428e-003 1.64833455e-003
    4.00890684e-004 8.58546793e-003 3.83626530e-003 9.17195866e-004
    5.57373092e-003 1.61180145e-003 6.97849691e-003 0. 2.61812168e-003
    1.02046644e-003 1.92305981e-003 1.59539767e-002 1.77159999e-003 0.
    3.25269648e-003 2.72595696e-003 0. -1.75846543e-003 0. 0.
    6.77419081e-003 0. 3.78493569e-003 3.73357139e-003 8.32337537e-004
    0. 0. 9.81937395e-004 0. 9.86253377e-004 8.53324309e-004 0.
    3.30771809e-003 3.17980163e-003 2.11490886e-004 -1.71742475e-004
    5.28915203e-004 7.46198930e-003 9.13407639e-005 7.35910842e-003 0.
    2.16817390e-003 1.38246175e-003 0. 4.06357925e-003 2.19362578e-003
    1.24659203e-003 0. 5.18480409e-003 1.32012705e-003 7.28614256e-003
    5.94470929e-003 0. 3.17154266e-003 6.30203169e-004 3.00904457e-003
    9.17356345e-004 -3.63064487e-003 1.29737556e-002 0. 1.14170313e-002
    1.62536395e-004 1.93982664e-003 1.02908525e-003 3.90883768e-003
    5.34490799e-004 0. 0. 2.27986928e-003 3.89740570e-003
    1.11384928e-004 1.24485581e-003 4.77906875e-003 3.72214545e-003
    -2.88954703e-003 1.10226967e-004 1.52195280e-003 2.67196505e-004 0.
    1.01914061e-002 0. 0. 0. 0. 6.00019190e-003 0. -7.25850463e-004
    4.26758733e-003 0. -8.57661013e-004 4.71739937e-003 0.
    4.15783143e-003 2.19353987e-003 2.15073838e-003 0. 5.30117098e-003
    9.86863277e-004 -1.36100873e-003 6.84564095e-003 3.52548622e-003
    1.94177241e-003 4.10528999e-004 2.06097006e-003 0. -4.97384928e-004
    -1.42965501e-003 -4.65401186e-004 1.41791883e-003 2.04899767e-003
    3.83029319e-003 1.99721893e-003 0. 0. 2.90532783e-003 0. 0.
    2.83699110e-003 5.32482052e-003 -5.87686838e-004 3.77890799e-004
    7.70521397e-003 8.83147959e-003 3.19794938e-003 0. 9.81612829e-004
    0. 0. 2.49465113e-003 5.40975889e-005 4.25525615e-003
    2.02857191e-003 -3.74380703e-004 2.07958510e-003 1.01809611e-003 0.
    9.00143385e-003 1.20422512e-003 3.83121124e-003 0. 1.33748318e-003
    4.23354702e-003 1.69571291e-003 0. 1.76931489e-002 1.87367410e-003
    2.25941162e-003 9.98985022e-004 2.47862097e-003 3.06649343e-003
    8.03136081e-003 2.61064968e-003 8.64002109e-003 0. 9.71226208e-003
    2.12611794e-003 3.56662506e-003 0. 7.77665619e-003 0.
    1.46252930e-003 1.24540611e-003 0. 0. 3.38444393e-003
    -2.32801365e-004 0. 1.38500077e-003 -1.54868443e-003 4.72185900e-003
    4.37545404e-003 1.75338774e-003 5.26308874e-003 2.43933848e-003
    3.06830299e-003 0. 5.12637384e-003 -3.34688951e-003 2.49677198e-003
    1.24572509e-003 0. 1.38235302e-003 2.95809633e-003 1.62986317e-003
    5.41175622e-003 -1.60372583e-003 4.38870920e-005 1.21771288e-003 0.
    0. 8.28341406e-004 0. 0. 4.96603269e-003 5.09991776e-003
    2.65397201e-003 5.21018635e-003 0. 1.58829230e-003 -7.34971472e-005
    2.13883771e-003 9.23056330e-004 2.38402653e-003 0. 6.44481322e-003
    1.34502549e-003 1.06111052e-003 2.55040149e-003 0. 0.
    2.62653385e-003 1.93642525e-004 1.26202230e-003 0. 1.67812046e-003
    0. 0. 5.40002016e-003 0. -2.90175376e-004 4.52383608e-003 0. 0.
    1.56127010e-003 7.11674895e-003 0. 2.20657187e-003 1.08285323e-002
    1.66023464e-003 1.38530286e-003 2.19182437e-003 2.41806614e-003
    4.72761178e-003 5.75047743e-004 6.14531571e-004 -2.39593166e-004
    8.44530296e-004 0. 0. -6.84025465e-004 -7.44902762e-004 0.
    5.20763872e-003 2.65989616e-003 5.77405980e-003 4.04946879e-003
    1.99063844e-003 0. 2.44437647e-003 2.08716351e-003 -5.31108875e-004
    2.75250175e-004 0. 0. 4.59984550e-003 -1.42418023e-003 0.
    1.81173831e-002 0. 1.63231569e-003 -6.37130579e-005 0. 0. 0. 0. 0.
    1.91730564e-003 0. 1.17619825e-003 3.22229811e-004 9.10028990e-004
    0. -1.11892528e-004 3.73610761e-003 1.08648522e-003 0. 0.
    -1.99221846e-004 3.01942206e-003 0. 8.00090085e-004 0.
    2.34970055e-003 4.55944939e-003 1.36165032e-002 0. 0.
    2.03087530e-003 2.80547747e-003 0. 9.72096459e-004 5.48142940e-003
    -1.07192108e-003 4.42378363e-003 6.02630340e-003 0. 1.83382610e-004
    -6.85312189e-005 3.22693656e-003 2.85306317e-003 0. 1.55581522e-003
    -2.40207184e-003 1.10598402e-002 2.19451007e-003 0. 0.
    1.21519295e-003 0. 2.97883409e-004 5.97753376e-003 2.07174080e-003
    3.36870365e-003 4.23246482e-003 2.89153727e-003 4.06739255e-003 0.
    1.34632410e-003 -2.31550875e-004 1.59161363e-003 2.95031304e-003 0.
    0. 0. 0. 2.88841687e-003 -9.46739397e-004 3.68866464e-003
    1.57293829e-003 1.16091324e-002 6.04430446e-003 1.07739691e-003
    8.30609351e-004 0. 0. 4.61315783e-003 0. 4.18448122e-003
    1.35621871e-003 0. 3.13438475e-003 4.65228502e-003 -1.87599842e-004
    2.73916475e-003 2.14829273e-003 1.23863551e-003 1.37952762e-003
    4.61066607e-003 4.76512732e-003 -4.69209481e-004 -3.65712476e-004 0.
    9.42937937e-003 0. 4.29446483e-003 0. 2.01642816e-003
    9.79177933e-003 3.56377126e-003 4.53382963e-003 4.35069064e-003
    3.59900948e-003 0. 0. 0. 1.06874318e-003 1.39732123e-003
    1.10502727e-003 2.90205376e-003 2.82441941e-003 1.96242612e-003 0.
    3.90903000e-003 0. 4.11994895e-003 0. 8.22281651e-003 0.
    1.46409392e-003 4.60038398e-004 -1.63123201e-004 1.41059537e-003
    -6.12728036e-005 3.71026597e-003 0. -6.96132833e-004 0. 0.
    1.32064875e-002 7.96606578e-003 0. 5.69729134e-004 -2.61115842e-003
    0. 1.04695791e-002 3.39830178e-003 1.87633361e-003 5.73072024e-003
    0. 2.96759349e-003 1.76847191e-003</data></imageDescriptor>
</opencv_storage>
