<?xml version="1.0"?>
<opencv_storage>
<imageDescriptor type_id="opencv-matrix">
  <rows>1</rows>
  <cols>500</cols>
  <dt>f</dt>
  <data>
    1.23326108e-003 -4.23365599e-003 0. 1.07585615e-003 5.73159056e-003
    3.75334034e-003 6.11449033e-003 0. 1.51939399e-004 2.47831253e-004
    0. 0. 0. 4.04087733e-003 0. 0. -6.38753336e-005 4.02097637e-003 0.
    0. 2.18355749e-003 6.84623607e-003 0. -1.58397283e-003
    6.77679782e-004 0. 1.18469708e-002 4.28407686e-003 3.70296440e-003
    1.66896847e-003 0. 0. 0. 1.88405381e-003 2.32877064e-004
    2.46292446e-003 0. 2.24417681e-003 7.04189180e-004 5.87081071e-004
    6.98299787e-004 8.83708359e-004 1.19602063e-003 8.87998659e-003
    1.72042276e-003 3.00506153e-003 4.07399470e-003 1.86635891e-003 0.
    9.54381132e-004 2.20649992e-003 0. 0. 0. 1.78158167e-003
    1.18690182e-003 0. 3.62205785e-003 9.97095369e-003 1.21492357e-003
    8.88028124e-004 3.27586220e-003 0. -3.35734524e-003 0. 0.
    3.67284869e-004 0. 2.60352041e-003 5.99764613e-003 0.
    3.51282442e-003 1.85715593e-003 4.46786266e-003 5.40496875e-003
    -4.28163185e-004 0. 2.70417106e-004 0. 5.11279330e-003 0.
    9.83923394e-003 4.39571304e-004 -4.02692996e-004 0. 6.18133228e-004
    2.85072601e-003 4.87150130e-004 4.11458779e-003 0. 5.36256796e-003
    1.44662906e-003 9.06182104e-004 0. -2.82567140e-004 4.52299719e-004
    4.78380919e-003 3.45611805e-003 1.22793179e-004 -8.60438275e-004
    5.81981754e-003 3.20844259e-003 2.26157950e-003 4.60114796e-004
    -2.53727572e-004 -3.19633604e-004 8.70021700e-004 1.40598638e-003
    4.85819532e-003 0. 4.02341317e-003 3.99065437e-003 0.
    1.34553411e-003 6.32548891e-003 4.67556994e-003 2.65147537e-004
    1.20141753e-003 4.15910501e-003 5.16774133e-003 0. 4.34179651e-003
    -8.79761530e-004 1.32162459e-004 0. 3.21760657e-003 1.64152484e-003
    5.71255945e-003 -2.58038315e-004 0. 4.64078126e-004 -4.95458778e-004
    -5.50803030e-004 1.23553153e-003 0. 3.37824109e-003 6.43546984e-004
    4.13361192e-003 -9.82401427e-004 -2.40736539e-004 0. 2.84988480e-003
    -2.30090838e-004 5.77581872e-004 1.11963309e-003 4.56929626e-003
    -9.44455314e-005 1.89673889e-003 0. 5.34584140e-003 -2.00339453e-003
    1.43849733e-003 3.10603320e-003 1.46562979e-003 1.04467319e-002
    8.34556180e-004 1.54634798e-003 1.40907289e-003 4.10858262e-003 0.
    1.26725971e-003 0. 0. 1.24135171e-003 5.21547161e-003
    7.43385684e-003 1.67585595e-003 0. 2.33080750e-003 1.60794391e-003
    -1.07920426e-003 3.60445352e-003 -5.63005684e-004 3.22663994e-003
    6.75018877e-004 1.85188104e-003 2.08016112e-003 0. 5.53200860e-003
    0. 0. -1.44183310e-003 0. 6.56651985e-003 -5.23969939e-004 0.
    4.98425448e-003 1.75742607e-003 4.30201413e-003 0. 1.18441298e-003
    0. 4.70465096e-003 3.43652465e-003 1.50232716e-003 0.
    3.44548398e-003 2.95619317e-003 3.56527371e-003 1.05039543e-002
    2.14606477e-003 6.48465613e-003 1.64835586e-003 2.39587156e-003
    -3.32881536e-005 1.63792819e-003 9.43722494e-004 4.01927950e-003
    2.26596487e-003 -4.11591405e-004 0. 1.54748748e-004 0.
    1.50702929e-003 6.13153260e-003 4.76810476e-003 0. 4.77295020e-004
    1.28973210e-002 0. 0. 4.63133212e-003 0. 0. 1.68182105e-002
    6.95691584e-003 3.32258479e-003 3.45723843e-003 1.65984139e-003 0.
    2.61485507e-003 4.51629376e-003 6.96963281e-004 9.08667804e-004
    -8.65406415e-004 0. 2.57077249e-004 -1.88787910e-003 0.
    -3.15660873e-004 6.71354705e-004 1.45210035e-003 0. 1.10373949e-003
    3.40938545e-003 0. 0. 2.70572840e-003 0. 0. 4.17501107e-003
    5.53570746e-004 0. 2.64198054e-003 4.81808820e-004 0. 0.
    -2.36350650e-004 4.43460094e-003 1.28607883e-003 0. 0.
    4.15434083e-003 1.74242854e-002 2.22397875e-003 0. 1.05423760e-003
    1.67767447e-003 1.11009227e-002 2.73527839e-004 5.22902282e-003
    1.97876408e-003 2.36438261e-003 0. 0. 1.67021388e-003
    2.12972736e-004 4.44957241e-003 -1.45982398e-004 1.82949379e-003
    1.70766469e-003 1.13062339e-003 -2.13472475e-003 1.73192180e-003
    2.15726625e-003 0. 6.97672484e-004 2.85948324e-003 2.84688314e-004
    1.40467472e-003 1.06515130e-003 3.69110936e-003 2.59336806e-003
    8.50853324e-003 2.15887022e-003 2.87522357e-002 4.21783933e-003
    8.60186701e-005 1.17742561e-003 7.19102754e-005 1.20910769e-003
    2.28373823e-003 7.04786915e-004 0. 3.15726013e-003 0.
    8.99104495e-003 1.34777278e-003 1.12306271e-002 0. 7.79404829e-004
    8.44548550e-003 5.06942626e-003 1.09378761e-003 2.59280717e-003
    -1.54755637e-003 2.04970420e-004 2.15585320e-003 1.84077001e-003
    3.13642761e-003 5.79258939e-003 2.47384771e-003 0. 0.
    1.49433652e-003 0. 0. 5.66345919e-003 2.65851896e-003
    4.33405768e-003 5.44593320e-004 2.62357964e-004 1.82437408e-003
    3.80655797e-003 1.01744285e-004 0. 8.47418618e-004 4.18186001e-003
    3.64790694e-003 1.36627804e-003 -3.26135050e-004 5.81868365e-003
    5.22389635e-003 0. 3.37693724e-004 3.21181514e-003 2.73418467e-004
    -1.02682295e-003 1.44541101e-003 5.77950571e-003 2.04737415e-003 0.
    1.28628779e-003 0. 2.54367827e-004 2.35504471e-003 1.45958401e-002
    1.88436965e-003 1.20759418e-003 0. 1.75822549e-003 1.54304213e-003
    0. 4.26220242e-003 1.10480757e-002 0. 1.19023735e-003
    2.93794391e-003 6.79952977e-003 2.13096314e-003 1.43189565e-003
    3.76358442e-003 1.99159747e-003 8.81729531e-004 0. 3.52729601e-003
    0. 0. 5.67636220e-003 5.10553306e-004 2.85215839e-003
    5.97656006e-003 0. 9.78254061e-003 3.93037125e-003 1.50697632e-003
    1.86749233e-003 0. 3.22703295e-003 0. -7.27531849e-004
    3.00673652e-003 8.06408934e-003 -8.95161927e-003 5.70492912e-003
    6.22308056e-004 5.89300133e-003 3.29816947e-003 6.63171988e-004 0.
    1.72855030e-003 1.66738057e-003 -1.29889802e-003 1.86177227e-003 0.
    1.22017664e-004 7.18311814e-004 0. 0. 0. 8.43090191e-003 0.
    1.32534874e-003 0. 1.51011802e-004 8.26618110e-004 6.98123407e-003
    0. 4.77111945e-003 0. 3.85300862e-003 7.73353456e-003
    4.13403288e-003 -8.97623177e-005 3.58694280e-003 -1.09308434e-003
    2.26631667e-003 2.87641888e-003 6.96501369e-003 0. 4.29564808e-003
    -9.55330033e-004 0. 1.70178514e-003 0. 2.00142502e-003
    7.53954938e-003 2.85277795e-003 0. 0. 0. 6.90243812e-003
    1.86521362e-003 5.08082239e-003 2.64171255e-003 2.16057454e-003 0.
    3.98390042e-003 7.29723135e-003 -2.21286714e-003 -1.77799331e-004
    4.21674317e-003 9.29245818e-003 -8.57191117e-005 0. 1.75736239e-003
    0. 0. 5.94767102e-004 6.26118062e-003 -1.03983073e-003 0.
    -7.38607370e-004 2.77427188e-003 2.53125280e-003 0. 4.56645293e-003
    0. 8.80344771e-003 0. 2.20942660e-003 6.00466679e-004 0. 0. 0.
    1.88660563e-003 1.66269275e-003 1.49445666e-003 2.33095398e-005
    -1.55714271e-003 5.96714090e-004 0. 1.28068775e-003 3.35204415e-004
    1.89935043e-003 2.39064079e-003 1.00427913e-003 0. 5.40032517e-004
    3.30166449e-003 1.23792922e-003 2.84587056e-003 1.76289817e-003
    8.06402788e-003 0. 5.50402270e-004 3.45671154e-003 1.08735566e-003
    1.12535933e-003 -3.74420983e-004</data></imageDescriptor>
</opencv_storage>
