<?xml version="1.0"?>
<opencv_storage>
<imageDescriptor type_id="opencv-matrix">
  <rows>1</rows>
  <cols>500</cols>
  <dt>f</dt>
  <data>
    2.64772214e-003 0. 1.11041917e-003 0. -9.99544864e-004
    1.64709054e-003 0. 0. -1.62091426e-004 -8.81862186e-004
    2.32562679e-003 -1.12933095e-003 1.60680676e-003 0. 3.51298857e-003
    -7.45361058e-006 0. 0. 4.06393921e-003 -7.85117329e-004
    1.93323903e-002 7.93710724e-003 0. 0. 9.25386616e-004 0. 0.
    1.00448690e-002 2.21697940e-003 0. 0. 0. 1.98203512e-002
    3.56049533e-003 -6.77510863e-004 0. 0. 0. -1.43660198e-003 0.
    5.56613551e-003 0. -9.44994390e-004 -3.05793044e-004 0. 0. 0. 0. 0.
    0. 1.90207188e-003 1.56897341e-003 0. -2.18958082e-003
    -2.43876455e-003 0. 0. 0. 2.57676328e-003 0. 1.29335746e-002 0. 0.
    0. -5.04602212e-004 1.09574264e-002 0. 9.66659805e-004 0.
    5.84520050e-004 0. 0. 0. 0. -9.77693941e-004 0. 6.82321982e-003 0.
    9.25075356e-003 3.61233018e-003 0. 1.50241761e-003 4.11863998e-003
    3.04888026e-003 1.85604440e-003 -4.53997543e-003 0. 1.14953647e-004
    1.36632880e-003 0. 0. 8.45689513e-003 3.41387629e-003 0.
    3.15967924e-003 3.72910942e-003 6.50146510e-003 1.78297516e-003
    6.76699821e-003 8.93259246e-004 1.12661801e-003 3.78750288e-003
    3.03927669e-003 0. 0. 6.43379579e-004 0. 1.45979074e-003
    1.05446670e-002 0. 2.49692495e-003 4.04880010e-003 -2.18734494e-003
    0. 6.01418177e-003 0. 5.75522846e-003 0. 0. 3.54987103e-003
    -8.65689362e-004 0. 7.06975209e-003 4.98385588e-003 8.31360347e-004
    -3.34393978e-003 4.77917492e-003 2.99316505e-003 0. 8.41764919e-003
    1.57911293e-002 2.99451360e-003 0. 0. 3.19005642e-003
    1.71698490e-003 2.49993033e-003 8.28108471e-003 0. 5.50980773e-003
    2.08242275e-002 0. 7.73262978e-003 1.87536236e-003 0.
    4.37375018e-003 7.53882993e-003 0. 0. 0. 0. 0. 0. 0. 2.03493936e-003
    6.39143260e-003 4.70726314e-004 0. 0. 4.15286096e-003
    4.03711246e-003 1.39738796e-002 0. -1.76723127e-003 1.76580762e-003
    0. 0. 0. 0. 0. 0. -7.22836412e-004 0. 7.87807256e-003
    -1.40156725e-003 6.55809476e-004 0. 0. 0. 0. 2.97706830e-003
    1.47564127e-003 -1.27463031e-003 2.88598647e-004 4.97627957e-003
    2.63140909e-003 0. 0. 0. 0. 3.16174864e-003 3.41104367e-003 0.
    2.71273195e-003 8.98535305e-004 0. 1.40239904e-002 -2.16953643e-003
    2.74424930e-003 0. 1.14853797e-003 1.28931338e-002 2.19936459e-003
    4.15110448e-003 0. 4.11578501e-003 8.08804203e-003 1.66472688e-003
    -4.32853296e-004 1.18941092e-003 7.80094136e-003 0. 0.
    4.19725711e-003 0. 5.33362804e-003 0. -1.21602738e-004 0.
    -6.32141531e-003 1.47227803e-003 8.90116114e-003 0. 0. 0.
    6.42360328e-003 9.11166519e-003 0. 0. 0. 0. 2.31982442e-003 0. 0.
    1.43562816e-003 1.04763883e-003 -9.46277694e-004 0. 0.
    -1.84850549e-004 1.20802335e-002 5.15766768e-003 0. -1.83643962e-004
    5.63268224e-003 0. 0. 4.04021656e-003 9.75845847e-003
    7.76830688e-003 0. 8.99391889e-004 0. 1.98590336e-003
    5.89753361e-003 3.86821944e-003 0. 0. 0. 0. 0. 4.58425563e-003
    4.18317039e-003 0. 7.67894043e-003 2.16487190e-003 -1.94266695e-003
    -2.62698653e-004 5.59113128e-003 1.31349696e-003 9.08452924e-003 0.
    0. 2.11661099e-003 4.60672053e-003 4.61257854e-003 1.50893372e-003
    0. 5.92316408e-003 6.04896713e-003 5.70663158e-003 7.43853208e-003
    8.39201082e-003 0. 0. 0. 0. -8.62441841e-004 6.59192074e-003 0.
    1.38764065e-002 8.07189383e-003 2.76182499e-003 0. 1.01031531e-002
    0. 0. 0. 4.58142627e-003 0. -8.86879105e-004 1.60599989e-003
    1.81200809e-003 0. 0. 5.78117510e-003 5.54036640e-004 0.
    -3.31278679e-005 0. 0. 3.02077224e-003 0. 0. 6.42275391e-003 0. 0.
    4.67320019e-003 1.77717721e-003 2.43567536e-003 -9.81124351e-004
    4.68597747e-003 0. 2.84335879e-003 4.58875875e-004 0.
    1.32328062e-003 -2.71025754e-004 0. 4.77500260e-003 3.26902862e-003
    1.00291113e-003 2.46608397e-003 2.70466530e-003 -5.27148193e-004 0.
    6.15784229e-005 0. 1.95249403e-003 -2.68902956e-003 0. 0. 0.
    4.32491186e-004 0. 0. 3.22086876e-003 2.32416089e-003
    8.21366033e-004 0. 0. 0. 7.97868334e-003 0. 0. 0. 0. 0. 0.
    4.81744343e-003 1.33675698e-003 0. 0. 3.38450144e-003 0. 0. 0.
    1.24593591e-002 1.51091081e-003 1.95482653e-003 5.12769073e-003
    4.17067623e-003 0. 0. 0. 0. 5.17741637e-003 6.86675915e-003 0.
    6.87881652e-003 4.05262830e-003 0. 1.66700082e-003 0.
    4.60747443e-003 0. -1.54550059e-003 0. 4.91170958e-003
    -1.51201279e-003 2.35394272e-003 0. 0. 0. 0. 0. 5.38144493e-003
    4.03364003e-003 5.04705450e-003 -2.48669949e-003 0. 0.
    -1.50041969e-003 0. 5.07967826e-003 0. 0. 0. 1.45389456e-002
    1.65534287e-003 4.68431623e-004 0. 0. 1.28716081e-002
    1.16866734e-002 0. 1.24281534e-004 0. 5.65075641e-003
    3.77029111e-003 0. 0. 0. 2.21546157e-003 3.84137174e-003
    1.10113155e-003 1.48281956e-003 9.19977296e-003 8.28094315e-003
    1.90177094e-003 0. 0. 0. 1.90506794e-003 0. 2.68697785e-003 0. 0.
    1.19508035e-003 0. 0. 0. 0. 0. 0. 1.19747818e-002 8.01287650e-004 0.
    5.90330036e-003 3.53696849e-003 0. 3.14399879e-003 0. 0. 0.
    2.46536685e-003 0. 0. 5.38041955e-003 0. 1.79603405e-003 0.
    2.21463153e-003 0. 1.13174738e-002 -4.45333659e-004 3.75580578e-003
    2.64843367e-003 -2.98500154e-003 0. 3.88774625e-003 0.
    2.71244883e-003 1.18661858e-002 1.11721270e-003 4.95665008e-003
    3.08432803e-003 8.90006369e-004 0. 0. 4.94978391e-003
    3.76617606e-003 0. 6.72169402e-003 9.18976218e-003 0.
    6.01018965e-003 0. 9.84994811e-004 0. 1.47450797e-003
    -1.42343080e-004 -1.81828008e-003 0. 3.58045055e-003 2.96747265e-003
    0. 3.81792756e-003 0. 3.81886307e-003</data></imageDescriptor>
</opencv_storage>
