<?xml version="1.0"?>
<opencv_storage>
<imageDescriptor type_id="opencv-matrix">
  <rows>1</rows>
  <cols>500</cols>
  <dt>f</dt>
  <data>
    7.52910832e-003 2.80398736e-003 0. 0. 4.72447183e-003 0. 0.
    -3.66321095e-004 4.35752969e-004 0. 0. 0. 0. -2.77068443e-003 0.
    4.17503109e-003 0. 0. 1.00429694e-004 0. 0. 0. 0. 0. 9.80336592e-003
    -4.18619113e-003 4.78263432e-003 -3.17789242e-003 0. 5.93160186e-003
    4.71248617e-003 0. 0. 3.74785229e-003 0. 0. 1.44791435e-002
    9.59373638e-003 5.20302821e-003 1.76859573e-002 0. 0. 0.
    4.08333680e-003 -1.01293408e-004 0. 6.14988105e-003 -9.47531022e-004
    6.19972078e-003 0. 4.10420075e-003 0. 0. 0. 0. 0. 5.47607895e-003 0.
    0. -1.99813046e-003 0. 2.44130311e-003 5.03560714e-003 0. 0.
    1.38157955e-003 0. 0. 0. 0. 7.30335712e-003 5.66520123e-003
    5.41969668e-003 0. 0. 0. 0. 5.47670340e-003 1.29544428e-002
    7.42312567e-003 8.23043659e-003 1.15404531e-004 0. 9.35186259e-003
    0. 1.12515427e-002 4.69311001e-003 1.19124744e-002 0.
    1.46438144e-002 0. 0. 0. 0. 0. 1.56122213e-003 0. 2.34044064e-003 0.
    -2.16691243e-003 0. 0. -1.18530577e-003 1.39875496e-002 0.
    7.14274962e-003 6.11086516e-003 0. 5.84111642e-003 0.
    1.02538411e-002 0. 2.06060498e-003 0. 0. 0. -4.51422157e-003 0. 0.
    1.85922440e-002 0. 4.86357789e-003 0. 6.90869009e-003 0.
    4.34616813e-003 0. 2.41123000e-003 1.88938295e-003 2.77461903e-003
    0. 1.65656097e-002 0. 4.55955463e-003 2.54730135e-003 0.
    3.67842475e-003 0. 0. 0. 0. 0. 0. 1.98816927e-003 0. 0.
    2.77412983e-005 3.25058051e-003 0. 0. 4.88297455e-003 0. 0.
    3.40135046e-003 1.83554385e-002 0. 2.72747199e-003 0.
    1.19361402e-002 7.62313930e-003 -2.77160783e-004 5.66363754e-003 0.
    2.29493482e-003 3.01349239e-004 0. 2.49057845e-003 0. 0.
    8.57180636e-003 0. 0. 0. 0. 0. 0. 0. 0. 5.48752351e-003 0. 0. 0.
    6.89208414e-003 0. 0. 2.31716316e-003 5.95775526e-003 0.
    -3.84347537e-003 0. 0. 0. 0. 0. 9.04319435e-003 2.92748702e-003
    6.40243874e-004 0. 0. 0. -2.08440164e-004 0. 0. 0. 5.44835720e-003
    0. 6.70198398e-003 0. 2.93908291e-003 0. -3.55967437e-003 0. 0. 0.
    4.43052640e-003 5.82137518e-003 1.05092423e-002 2.53803981e-003 0.
    0. 0. 0. 0. 0. 4.89276089e-003 -1.77892065e-003 -2.47160299e-003 0.
    1.64648506e-003 1.01517849e-002 7.35477777e-003 8.95152334e-003 0.
    2.76379730e-003 2.19698763e-004 1.71131343e-002 0. 0. 0. 0.
    6.25353632e-003 0. 0. -3.27053899e-003 0. 1.58890034e-003 0. 0. 0.
    8.00448935e-003 0. 0. 1.58818420e-002 0. 0. 0. 1.03709567e-002
    1.55768879e-002 0. 4.58895136e-003 1.13106391e-003 0.
    5.21112839e-003 -2.08655559e-003 0. 0. 0. 1.12047177e-002 0. 0. 0.
    0. 0. 0. 4.07179352e-003 2.86352588e-003 0. 0. 0. -2.53158738e-003
    0. 0. 0. 0. 0. -1.56538081e-004 0. 3.91607312e-003 0. 0. 0. 0.
    7.09816860e-003 0. 0. 7.47131230e-003 0. 6.36432786e-003
    3.52618378e-003 1.06153768e-002 0. 3.70616256e-003 0. 0. 0.
    1.22219068e-003 0. 0. 0. 3.85757582e-003 0. 2.83349957e-003
    5.58436709e-003 0. 0. 0. 4.91896411e-003 3.32587864e-003 0.
    1.06420054e-003 4.00353689e-003 1.94924157e-002 4.74787550e-003 0.
    0. 0. 7.76660210e-003 0. 0. 1.21167873e-003 0. 0. 1.57939841e-003
    2.61754700e-004 0. 0. 0. 2.24386412e-003 1.61338516e-003 0.
    3.30593623e-003 4.19862289e-003 0. 0. 0. 2.62554386e-003 0.
    1.09881675e-002 8.88666080e-004 1.46633980e-003 9.01076943e-003 0.
    0. 0. 0. 6.99520984e-004 1.75639498e-003 1.45660597e-003
    8.83623865e-003 0. 5.38211968e-003 6.48065144e-003 4.32752364e-004
    0. 0. 0. 4.16229479e-003 0. -1.16586674e-003 0. -1.06780254e-003
    1.60664041e-002 3.81642976e-003 0. 0. 0. 1.03715034e-002
    1.24972034e-003 2.82348227e-003 2.09453958e-003 0. 1.63623493e-003
    0. 8.97585880e-003 -8.87133356e-004 6.05526054e-003 0.
    6.04835339e-003 2.65543058e-004 7.32691213e-003 5.77998580e-003
    2.43637784e-004 0. 2.24175155e-002 0. 0. 0. 3.86099331e-003 0. 0. 0.
    2.19145156e-002 1.04275881e-003 0. 0. 0. 0. 4.84455563e-003 0. 0. 0.
    0. 0. -1.66948792e-003 5.55797154e-003 0. 3.86262313e-003 0. 0. 0.
    0. 0. 0. 1.83886557e-003 4.39135032e-003 0. -1.79379087e-004
    4.77623689e-004 0. 0. 0. 0. 0. 0. 7.66870985e-003 -1.05951319e-003
    0. 0. 0. 5.85658522e-003 0. 4.61236108e-003 0. 0. 1.85732520e-003
    4.61422978e-003 1.12323128e-002 0. 0. 0. 0. 0. -2.60719168e-003 0.
    1.13196820e-002 1.25036296e-003 2.62617902e-003 2.62531359e-003
    1.00773582e-002 7.47916056e-003 0. 1.04037954e-005 0. 0. 0. 0.
    1.35163905e-003 0. 0. -1.95649662e-003 2.52110441e-003 0. 0. 0. 0.
    4.93524270e-003 2.22245790e-003 0. 2.68492126e-003 0. 0. 0. 0.
    1.60762593e-002 -1.42259244e-003 0. 0. -6.48953952e-003
    -1.19167892e-003 0. 1.13816629e-003 -1.83551558e-004 0.
    4.38360451e-003 0. 0. 0. 0. 0. 3.38998251e-003</data></imageDescriptor>
</opencv_storage>
