<?xml version="1.0"?>
<opencv_storage>
<imageDescriptor type_id="opencv-matrix">
  <rows>1</rows>
  <cols>500</cols>
  <dt>f</dt>
  <data>
    0. 1.77333364e-003 5.21911448e-003 5.55610331e-003 2.80748284e-003
    3.21520772e-003 1.83868688e-003 1.13398582e-003 1.74398755e-003
    -3.12388060e-004 2.44379509e-003 0. 0. 2.47593224e-003
    8.99835955e-004 -4.11073765e-004 0. 1.44038806e-002 9.39273334e-004
    0. 1.49213604e-003 -1.32922432e-004 7.42018828e-003 0.
    8.65019043e-004 3.87638202e-003 2.61060242e-003 1.58856972e-004
    1.58940593e-003 1.19207343e-002 5.15392842e-003 1.74178428e-003
    2.33386946e-003 2.81596021e-003 -7.80502509e-004 8.49459728e-004
    2.23788954e-002 0. 3.24768969e-003 0. 0. 2.48644617e-003
    5.60187211e-004 4.46493691e-003 0. -3.46040964e-004 0.
    2.15164095e-004 3.90791753e-003 -8.56147963e-004 0. 2.02680752e-003
    2.42390856e-003 5.75697515e-003 0. 0. 5.83056966e-003 0. 0.
    4.04927414e-003 -7.03198835e-004 2.33014626e-003 4.39285999e-003 0.
    5.48927300e-003 2.88388692e-003 0. 2.23551318e-003 3.38062621e-003
    0. 2.01674784e-003 0. 0. -1.22524099e-004 6.16854103e-003 0.
    5.39955962e-003 0. 2.21490650e-003 1.04802102e-003 0.
    4.36593452e-003 6.45838492e-003 1.75068749e-003 6.33787457e-003
    7.40777422e-003 0. 1.25177042e-003 8.53834732e-004 7.06131058e-003
    -2.02843733e-003 3.44400667e-003 0. 3.27984570e-003 2.64275866e-003
    1.96349737e-003 2.30463222e-003 0. 8.49121774e-004 -1.40180858e-003
    0. 2.95403879e-004 4.06744052e-003 0. 3.08137387e-003
    -7.79884693e-004 2.81837373e-003 2.22280063e-003 5.00259642e-003
    9.16533289e-004 1.23966730e-003 3.89313209e-004 0. 3.30890040e-003
    0. 1.29999639e-003 2.35823425e-003 0. 2.54445337e-003 0.
    1.67315057e-003 0. 3.71364574e-003 0. 2.49000057e-003 0. 0.
    7.63260946e-003 0. -8.50451062e-004 0. -1.09500741e-003 0. 0. 0.
    1.12029277e-002 0. 1.20986383e-002 -1.02587114e-003 0. 0.
    1.12504268e-003 0. -2.59924424e-003 0. 3.87058081e-003 0. 0. 0.
    6.80403225e-003 -2.69639248e-004 4.78741742e-004 3.97915253e-003 0.
    7.09949806e-003 0. -3.37122800e-003 -8.81794025e-004 2.47138157e-003
    4.00484214e-003 4.50472487e-003 2.49668164e-003 6.07780088e-003 0.
    0. 2.70734937e-003 0. 0. 0. 7.50956649e-004 2.93069985e-003 0. 0. 0.
    4.45100712e-004 2.49084644e-003 1.21025490e-002 0. 0. 0. 0.
    4.58085240e-004 0. 0. 2.50303978e-003 2.37772614e-003 0.
    1.60531292e-003 3.21809109e-003 1.73672626e-004 0. 5.49081620e-003
    1.11643213e-003 0. -1.71793788e-003 8.77086353e-003 0.
    6.29894109e-003 1.76821416e-003 0. 0. 4.36559040e-003
    4.87082219e-003 9.09422524e-003 0. 0. -2.82129622e-003
    1.27354369e-003 0. 1.19995000e-002 1.57972355e-003 1.49249716e-003
    0. 0. 4.75191604e-003 2.19008629e-003 0. 5.10791549e-003
    9.61277075e-003 1.98472734e-003 3.32808010e-002 -5.36692154e-004
    2.22881172e-005 5.17567433e-003 3.69385397e-003 -2.76764535e-004
    -9.80508165e-004 4.77752928e-003 0. 4.88129770e-003 1.93435606e-003
    6.54054806e-003 2.97176465e-003 1.16676530e-002 1.01038092e-003
    1.69632176e-003 0. 0. 0. 0. 1.85518358e-002 -1.46986544e-003
    3.81435407e-003 -1.80302269e-003 2.63667805e-003 0. 5.38961543e-003
    5.80387656e-003 3.09507269e-003 7.77326198e-003 1.46699673e-003 0.
    6.45943079e-003 0. 0. 2.79681431e-003 0. 2.66512763e-003
    2.31374707e-003 0. -5.17789158e-004 9.83787887e-003 4.75694658e-004
    0. 3.99043411e-003 -1.10540786e-004 6.26136374e-004 1.37232838e-003
    5.86478366e-003 6.31191675e-003 0. -6.43153908e-004 0. 0. 0.
    2.30172160e-003 0. 3.44089721e-003 0. 0. 7.80853210e-004
    -8.02145951e-006 7.74791278e-003 4.97243879e-003 2.90029868e-003
    7.20404182e-003 2.59396038e-003 4.68351674e-004 0. 0.
    9.92558780e-004 3.04130418e-003 3.37959989e-003 -1.74975628e-003 0.
    6.65514357e-003 3.03250225e-003 -2.16701628e-005 8.18828214e-003
    8.74310639e-003 0. -1.63444167e-003 0. 2.65969010e-003
    3.88109079e-003 3.63418440e-005 7.19209574e-003 0. 0. 0. 0.
    3.08527378e-003 0. 4.54303063e-003 7.61213596e-004 1.28225610e-003
    1.26644538e-003 1.74714287e-003 3.53344809e-003 4.53480892e-003
    6.56254310e-003 5.23617771e-003 7.77946261e-004 4.32200590e-003 0.
    7.40759121e-003 -4.00854391e-004 3.57090915e-003 0. 4.30231681e-003
    9.58809443e-003 4.70144628e-003 -2.06915545e-003 1.93783711e-003
    -3.30562470e-004 -5.51187026e-004 3.26806121e-003 0. 2.50050239e-003
    0. 3.12685780e-003 0. 2.71089701e-003 1.24658775e-002
    2.21839081e-003 3.23320599e-003 2.24267078e-005 -8.51611549e-004
    6.70493115e-004 2.63418886e-003 6.00156793e-003 0. 0. 0. 0. 0.
    1.24883242e-002 -6.02174923e-003 0. -5.40387467e-004 1.92116038e-003
    0. 1.78289192e-003 0. 0. 0. 1.50596071e-003 0. -1.89672515e-003
    4.79981164e-003 5.75292017e-003 0. 0. -1.39722961e-003
    3.40281148e-003 0. 5.16468659e-004 1.05582457e-002 0. 0. 0.
    2.92198779e-003 0. 0. 0. 2.96270009e-003 -1.99588062e-003 0.
    2.07736320e-003 0. 0. 0. 0. 1.69246166e-003 4.55186889e-003
    1.81088177e-003 3.90431518e-003 2.46637920e-003 1.49484002e-003
    3.36378557e-003 2.45460728e-003 0. 8.69045500e-003 3.77658079e-003
    1.06193242e-003 4.84446762e-003 0. 0. 5.04611013e-003
    5.76768257e-003 4.34911763e-003 6.50398433e-004 2.89747701e-003
    5.38350828e-003 0. 0. 0. -3.19732004e-004 0. 3.12900706e-003
    2.41523026e-003 1.76675641e-003 5.24711097e-003 5.42454422e-003 0.
    1.28198729e-003 0. 0. 1.71206966e-002 2.53279461e-003
    2.45183962e-003 -1.56719144e-003 6.15740241e-003 0. 0.
    -3.86918057e-003 0. -2.21981973e-004 -1.08831935e-003
    1.49358925e-003 2.73334584e-003 5.54753747e-003 0. 6.61449367e-003
    0. 0. 5.67170046e-003 3.33541073e-003 0. 1.66581315e-003
    1.05912786e-003 0. 0. 0. 0. 0. 0. 0. 1.12605037e-003 4.63807548e-004
    4.21268446e-003 0. 0. 0. 0. 0. 8.31436249e-004 0. 0. 2.17174832e-003
    2.06510443e-003 0. 7.08002085e-003 -3.23840679e-004 3.26947542e-003
    0. 0. 1.31642008e-002 9.22540016e-003 0. 0. 0. 3.79213481e-004 0. 0.
    8.50628247e-004 0. 5.18932975e-005 0. 0. 0. -6.98195945e-004
    2.54694326e-003 0. 0. 0. 3.82515183e-003 0. 1.09779555e-003
    -5.87399234e-004</data></imageDescriptor>
</opencv_storage>
