<?xml version="1.0"?>
<opencv_storage>
<imageDescriptor type_id="opencv-matrix">
  <rows>1</rows>
  <cols>500</cols>
  <dt>f</dt>
  <data>
    0. -1.11005758e-003 3.36591038e-003 0. 7.03561294e-004 0.
    3.95108154e-003 1.40873557e-002 1.39249465e-003 4.68060886e-003 0.
    3.09240166e-003 0. 6.98689837e-003 0. 4.85420739e-003 0. 0. 0. 0.
    4.40899841e-003 -5.06523938e-004 3.52709275e-003 -4.55264980e-003
    5.16753318e-003 2.81473319e-003 5.46049513e-003 5.34657529e-003
    3.11053055e-003 3.06918961e-003 0. 0. 0. 1.05780491e-003 0.
    4.11552144e-003 3.36723914e-003 0. 0. 9.41115431e-003 0.
    -1.54828688e-003 2.27669316e-005 3.90425231e-003 2.50519882e-003 0.
    1.12293719e-003 2.87377066e-003 8.74020811e-003 4.21372708e-003
    -1.47089921e-003 0. 4.72316053e-003 0. 0. 0. 0. 1.01218338e-003 0.
    2.44410126e-004 0. 0. 9.23088845e-003 0. 7.15854694e-004
    6.91945839e-004 3.42166859e-005 5.57739707e-003 -2.50474596e-003 0.
    1.82065507e-003 2.14979541e-003 5.04220510e-003 3.28351371e-003
    1.16956304e-003 2.18204036e-003 -4.72449719e-005 0. 0.
    4.42326115e-003 -1.18355593e-003 1.62864234e-002 0. 1.95856905e-003
    1.75331230e-003 1.45485299e-003 0. 2.02126685e-003 0.
    1.99490436e-003 -4.11451911e-005 0. 0. 0. 4.16382588e-003
    -5.12046157e-004 0. 0. 1.20569486e-003 0. 9.76470881e-004
    2.59475899e-004 0. 3.32678808e-003 2.00796826e-003 2.23542633e-003
    0. 5.33939281e-004 2.99297227e-003 5.54155326e-003 6.34057494e-003
    1.71490270e-003 0. 0. 0. -1.01977878e-003 0. 0. 0. 1.58090470e-003
    0. 0. 2.80491635e-003 0. 0. 4.60944464e-003 1.13806659e-002
    2.24015582e-003 3.50966468e-004 2.94036185e-003 -1.55071018e-003
    6.96325675e-003 0. 8.53468105e-003 5.04059345e-003 0.
    2.72007892e-004 0. 2.18606336e-004 -9.72111535e-004 0.
    1.57376402e-003 2.57757981e-003 5.44160279e-003 1.95821421e-003
    -2.45382939e-003 1.99776608e-003 7.98294600e-003 0. 1.29116897e-003
    3.91286612e-003 9.47222766e-003 1.08110870e-003 0. 1.17819477e-003
    0. 2.31725350e-003 4.65352787e-003 -2.36281753e-003 5.50426869e-003
    6.26546517e-003 0. 1.28993706e-004 2.19621742e-003 1.93965458e-003
    0. 0. 2.23731739e-003 2.20700540e-003 1.02223328e-003
    -1.50653953e-003 1.00663921e-003 0. 1.44646282e-003 0. 0. 0.
    2.48600170e-003 5.44932578e-003 2.34839553e-003 0. 0.
    1.39504788e-003 0. -1.01879076e-003 8.03164032e-004 -4.05672938e-003
    0. 3.60917114e-003 5.50612947e-003 0. 2.64043314e-003
    3.68973892e-003 0. 1.10050663e-003 3.69166979e-003 2.78982054e-003
    0. 1.96735607e-003 0. 2.50688987e-003 0. 9.31612495e-003 0.
    -4.89233295e-004 5.90857468e-004 8.49806424e-003 1.03937807e-002 0.
    2.70897383e-003 4.35304781e-003 4.11284249e-003 3.49161774e-003
    2.40536034e-003 6.05844567e-003 -2.22878694e-003 8.37325864e-003
    1.30515918e-003 1.21439272e-003 1.90608867e-003 1.01615377e-002 0.
    0. 0. 1.51038300e-002 -2.42906550e-004 0. 0. 0. 5.25972992e-003
    1.36257068e-003 1.04588429e-002 0. 9.27612185e-004 8.39146320e-004
    4.46593622e-003 2.05427199e-003 4.29761270e-003 0. 3.62090394e-003
    5.17388806e-003 1.48874684e-003 1.19760912e-003 3.76664917e-003
    4.88694990e-003 0. -2.02545221e-003 4.74346481e-004 7.82774878e-004
    -2.74442602e-003 3.25860223e-003 0. 1.48733868e-003 5.89870289e-003
    -2.17515073e-004 2.66957749e-003 1.88484625e-003 1.49079245e-002
    2.15807417e-003 -1.53920104e-004 1.58951082e-003 0. -2.56995467e-004
    7.68631790e-003 0. 0. -1.14431954e-003 -2.27545766e-004
    2.27498729e-003 3.46451462e-003 3.73892626e-003 0. -1.66130587e-004
    8.87878356e-004 6.39089383e-004 0. 2.43902905e-003 -1.81803841e-003
    2.93856999e-003 2.26959563e-003 0. 0. 3.59007996e-003
    -4.41164681e-004 5.97902620e-003 3.17735574e-003 0. 0.
    6.90123392e-003 0. 0. -2.78289284e-004 0. 3.59375705e-003
    4.31006262e-003 0. 3.11578368e-003 -1.38226978e-003 7.03804474e-003
    -2.46351655e-003 2.54369201e-003 6.43256679e-003 5.44057274e-003
    -2.09434819e-003 -2.42361246e-004 5.10054687e-003 4.41854680e-003
    5.17119188e-004 1.11082662e-002 9.91823431e-003 7.12652039e-003
    4.96143126e-004 2.10686843e-003 0. 4.94909147e-003 1.28881847e-002
    4.09092288e-003 0. 2.10595806e-003 -6.91375695e-004 0.
    2.17028268e-004 4.12012869e-003 1.02295191e-003 1.70656200e-003
    2.48218561e-003 8.39218311e-003 0. 3.37708407e-005 8.03911593e-003
    6.14210451e-003 2.93737603e-003 0. 7.18800584e-004 0.
    -1.49868109e-004 1.15211192e-003 6.08863542e-004 -3.83079576e-004
    3.45123187e-003 0. 5.47060510e-003 6.05024118e-003 2.03817617e-003
    0. 1.66377798e-003 2.82701268e-003 0. 1.18411460e-003
    4.77459840e-003 0. 3.63442232e-003 2.47621024e-003 0.
    -9.98292453e-005 2.44192802e-003 5.98799484e-003 0. 2.87975487e-003
    0. 0. 2.38356250e-003 0. 2.74680858e-003 0. 0. -1.56377011e-003 0.
    0. 0. 2.12455331e-003 4.20885568e-004 2.81862402e-003
    -3.59068712e-004 5.79891400e-003 0. 8.49422906e-003 0.
    2.38080672e-003 0. 3.79838701e-003 -1.23460765e-003 1.04036054e-003
    1.47163691e-002 2.74439505e-003 3.47259641e-003 0. 0.
    1.44453510e-003 -6.43991516e-004 7.20468001e-004 5.68484748e-003
    1.95142685e-003 2.58155563e-003 9.59065463e-003 1.95179426e-003 0.
    1.93832815e-003 -3.82607919e-004 0. 1.18716387e-002 -1.00590184e-003
    -7.54046079e-004 0. 0. 0. -3.60172271e-004 1.14871450e-002 0.
    2.31418433e-003 -1.86675147e-003 0. 1.04934217e-004 0.
    -9.34742508e-004 0. 8.12368933e-003 -1.91643092e-004 9.36074182e-003
    0. 2.77091237e-003 0. 4.72514331e-003 4.82356641e-003
    2.42369669e-003 9.90557834e-004 1.59909323e-004 1.61206245e-003 0.
    0. 0. 7.13589648e-003 0. 2.01065349e-003 2.63318699e-003 0.
    1.86791585e-003 2.40542367e-003 2.83828308e-003 0. 0.
    5.47239045e-003 0. 0. -2.10382114e-003 1.44929031e-003
    -2.29708175e-003 0. 5.94892865e-003 0. 2.28313589e-003
    5.24591235e-003 0. 1.43925461e-003 0. 0. 5.47217112e-003 0.
    5.70454076e-003 7.24641781e-004 5.44651318e-003 7.64037832e-004 0.
    0. 0. 6.99133612e-003 2.46784557e-003 0. 0. 0. 0. 1.45502039e-003 0.
    0. -2.17411623e-004 4.47593909e-003 0. 4.90392791e-004
    1.26574619e-003 1.10016922e-002 1.05867127e-003 3.72537714e-003
    4.22839570e-004 1.51124957e-003 1.08525734e-002 0. 1.64179772e-003
    4.98014549e-003 1.08671337e-002 4.17557359e-003 0. 2.69415602e-003
    0. 7.42868707e-003 3.87117150e-003 3.48436966e-004 8.36327299e-003
    1.01804012e-003 -6.29381509e-004 0.</data></imageDescriptor>
</opencv_storage>
