<?xml version="1.0"?>
<opencv_storage>
<imageDescriptor type_id="opencv-matrix">
  <rows>1</rows>
  <cols>500</cols>
  <dt>f</dt>
  <data>
    1.13670924e-003 4.27064333e-005 8.58575047e-004 2.83941347e-003
    3.94929014e-003 -4.38426243e-004 0. 0. 2.82004730e-005
    9.56186652e-003 1.15897006e-003 0. 0. 7.59252394e-003
    4.16935422e-003 0. 0. 1.97674837e-002 0. 3.49663687e-003
    9.76656377e-003 0. 0. 0. 0. -1.21324451e-003 3.59841716e-003 0.
    1.00600570e-002 -2.48237886e-003 7.42512289e-004 0. 2.24608881e-003
    -3.24754370e-003 0. 1.91436848e-003 -6.83650200e-004 4.33530938e-003
    0. 1.40885515e-002 0. -3.02565377e-003 0. 0. 0. 1.48666343e-002
    4.72696353e-004 0. 2.68354174e-003 0. 9.96737275e-003 0. 0.
    -5.47640631e-003 1.51042434e-004 0. 2.66860984e-003 3.09811952e-003
    4.99245944e-003 3.83534096e-003 0. 0. 3.15453019e-003 0.
    5.30745462e-003 6.06675819e-003 5.85897965e-003 0. 1.01741208e-002
    0. 0. 9.88503220e-004 0. 1.04642054e-002 -2.68941047e-003
    2.31216778e-003 5.57190180e-003 9.64765437e-003 0. 3.41121806e-003
    0. 2.80269291e-002 6.69264887e-003 3.64945573e-003 0. 0. 0.
    1.37267809e-003 1.01567321e-002 0. 0. 5.20412857e-003 0.
    7.99458008e-004 2.11049104e-003 1.57574601e-002 0. 0.
    -3.66298622e-003 5.44815045e-003 3.49756912e-003 4.31835884e-003
    5.51558624e-004 -6.31085271e-003 0. 0. 0. 1.45597328e-002 0.
    3.23443557e-003 2.98488443e-003 3.14578624e-003 0. -2.47185118e-003
    2.00407254e-003 7.92365056e-004 0. 3.61691485e-003 0.
    2.53437349e-004 3.33658955e-003 2.83069978e-003 7.19442312e-003 0.
    0. 1.53603312e-002 4.46177134e-003 0. 0. -2.89324112e-003
    2.60070455e-003 0. 0. 2.29450315e-003 0. 0. 0. 1.00419600e-003
    -2.59858643e-004 1.90869742e-003 1.21311806e-002 8.57670791e-003
    2.78866268e-004 0. 0. 3.63535574e-003 2.46122177e-003
    3.45251686e-003 0. 0. 1.70006137e-003 1.71059370e-002
    -3.02870921e-003 5.45252394e-003 3.71129322e-003 0. 8.75748694e-003
    -1.69415399e-003 -9.02945467e-004 2.22097803e-003 1.03665132e-003 0.
    0. 2.11207382e-003 0. 5.39832097e-003 0. -1.49406341e-003 0. 0. 0.
    0. 0. 1.97026602e-004 0. 0. 0. 3.13172862e-003 0. 0. 3.82062234e-003
    1.65859784e-003 0. 1.04994862e-003 0. 4.57667187e-003
    -7.70147843e-003 0. 1.69323082e-003 0. 0. 1.13946549e-003 0.
    3.15916870e-004 0. 0. 0. 1.72104069e-003 3.14859301e-003
    9.18418635e-003 0. 0. 0. 4.44896240e-003 3.60142207e-003
    2.73754261e-003 0. 3.79018183e-003 0. 0. 1.28071662e-002 0.
    2.77230213e-003 0. 0. 0. 3.92905949e-003 1.89115549e-003 0.
    3.75344418e-003 9.13610123e-003 4.96355072e-003 0. -2.55461247e-003
    3.73210199e-003 0. 1.74318557e-004 4.52035107e-003 0.
    8.13910679e-004 7.67065352e-003 0. 4.87362873e-003 0.
    1.55367726e-003 4.46587196e-003 3.72113287e-003 1.50496587e-002 0.
    0. 0. -7.40562333e-003 -8.68551706e-006 3.43010150e-004
    6.15950022e-003 0. 1.69600465e-003 0. 0. -1.85300387e-003 0.
    7.14347884e-003 -1.95942307e-003 2.06290837e-003 0. 0. 0.
    8.17700755e-004 0. 0. 0. 1.36573035e-002 0. 0. 1.72974460e-003
    2.87461036e-004 2.11758525e-004 0. 4.89024678e-003 0. 0.
    1.29895918e-002 2.29286356e-003 0. 0. 1.25433842e-003 0.
    -6.12998148e-003 -6.08714763e-004 0. 2.87345913e-003 6.01851428e-003
    1.97602692e-003 0. 0. -5.27793716e-004 1.94404775e-003
    1.43900642e-003 7.93045736e-004 0. 1.13498690e-002 0. 0.
    4.33522463e-003 0. 0. 2.80990708e-003 0. 1.04749259e-002 0.
    4.46391944e-003 -1.34658709e-004 0. 0. 0. 0. 1.05634304e-002
    7.60229828e-004 1.38621696e-003 3.79949342e-003 0. 0. 0. 0. 0.
    1.73313834e-003 4.28133458e-003 0. 7.77942035e-003 1.57284737e-003
    2.56668660e-003 0. 0. 1.41950483e-002 6.11709431e-003 0.
    2.50996184e-003 1.89162977e-003 1.03965243e-002 0. -1.43047608e-003
    3.24189942e-003 0. 2.46003713e-003 0. 0. 0. 1.94268220e-003
    -5.98417828e-004 0. 1.20243139e-003 2.97347060e-003 0. 0. 0. 0. 0.
    0. 0. 6.08855102e-004 0. 0. 0. -3.05945356e-003 4.79054032e-003
    3.25900363e-003 0. 4.22505167e-004 4.64374479e-003 4.13584849e-003
    4.40963078e-003 1.36379141e-003 0. 0. 0. 0. 2.38971203e-004 0. 0. 0.
    0. 2.76938151e-003 0. 0. 0. 7.06737279e-004 0. 0. 1.24905119e-003
    2.77515058e-003 1.72318681e-003 0. 0. 0. 8.43790732e-003
    2.06448813e-003 3.96606792e-003 0. 2.40804185e-003 0. 0.
    -1.86671084e-003 0. 0. 1.27049498e-002 1.27990206e-003
    2.47686566e-003 5.73873799e-003 -1.11754949e-003 9.60745849e-003
    2.73616542e-003 9.00189951e-003 8.48918594e-003 0. -3.55453667e-004
    2.38478519e-002 0. 0. 2.85579381e-003 4.11117310e-003
    4.46561677e-003 4.22414253e-003 9.76763014e-003 4.82517574e-003 0.
    6.72209030e-003 0. 5.78662381e-003 0. 5.65201975e-004
    -1.21831472e-004 0. -2.02878402e-003 0. 0. -5.53856464e-003
    1.38163439e-003 0. -4.30944696e-004 0. 0. 2.24136049e-003
    1.16322292e-002 4.31735674e-003 0. 0. 1.28104966e-002 0.
    1.87373644e-005 0. 0. 4.20536147e-003 0. 2.80669029e-003 0.
    8.39945977e-004 6.96535397e-004 3.35345371e-003 0. 2.65315827e-003
    0. 8.58319178e-003 7.57588074e-003 0. 5.81500353e-003 0.
    1.23282836e-003 4.67406679e-003 2.08663289e-004 0. 1.48604682e-003
    1.01818098e-003 2.12423806e-003 1.47843675e-003 5.06642601e-003
    1.44659728e-002 2.71689636e-003 0. 0. 0. 4.85660182e-003 0. 0.
    9.41820629e-003 -3.87716130e-003 0. 0. 1.57269929e-003
    3.12230852e-003 6.76360494e-003 2.97068944e-003 0. 1.39286288e-003
    1.60796300e-003 5.79313003e-003 0. 0. 3.77232418e-003
    7.13212462e-003 0. 2.89980951e-003 -8.27784359e-004 3.66795645e-003
    0. 1.77956186e-003 0. 0. 0. 4.77955444e-003 -3.67695163e-003</data></imageDescriptor>
</opencv_storage>
