<?xml version="1.0"?>
<opencv_storage>
<imageDescriptor type_id="opencv-matrix">
  <rows>1</rows>
  <cols>500</cols>
  <dt>f</dt>
  <data>
    8.56934581e-004 -2.53760116e-003 5.18800574e-004 2.71509797e-003
    1.71555323e-003 0. 0. 0. -8.09100224e-004 3.98295885e-003
    3.23197944e-003 1.15217280e-003 0. -5.86450705e-003 0.
    7.00023258e-004 0. 6.45932136e-003 7.44771794e-004 1.88757421e-003
    2.22924689e-004 4.48003458e-003 3.73475789e-003 1.43571978e-003 0.
    5.39263478e-003 0. 0. 4.63399291e-003 -6.11416006e-004
    1.77903054e-003 2.79203593e-003 0. 2.71430798e-003 0.
    3.06547363e-003 7.53894681e-004 0. 1.25498243e-003 1.60953077e-003
    7.84436241e-003 3.86337820e-003 0. 1.52315549e-003 2.07391218e-003
    2.08062027e-002 1.54248613e-004 1.79217604e-003 2.86384253e-003
    4.18478111e-003 1.33023330e-003 5.45099331e-003 1.14726787e-003
    1.72688346e-003 -8.82651220e-005 2.88902735e-003 0. 0.
    2.58958922e-003 0. 4.25422937e-003 2.17240653e-003 5.03299339e-003
    2.24689953e-003 1.75312127e-003 1.57858490e-003 5.92805911e-004 0.
    -5.94761746e-004 0. 1.01329247e-003 4.99327155e-003 8.56941682e-004
    2.04439904e-003 -1.51363329e-003 0. -7.48536841e-004 7.82658439e-003
    0. 4.50558821e-003 2.34298385e-003 -6.66203350e-003 0.
    -1.15822081e-003 0. 2.86974106e-003 1.12433161e-003 -4.97359142e-004
    1.90115918e-003 0. 4.00972366e-003 0. 5.18384296e-003 0.
    1.61127641e-003 1.73687108e-003 8.24966119e-004 1.74628361e-003
    1.24540995e-003 -2.19603724e-004 4.81829140e-003 3.66395642e-003
    6.53996319e-003 4.65936214e-003 0. 4.53057559e-003 1.02057355e-003
    0. 2.52833171e-003 1.62155135e-003 4.51208604e-003 -2.06826284e-004
    8.39000335e-004 6.13854092e-004 4.20751108e-004 5.10563434e-004
    1.40793785e-003 2.55372934e-003 0. 5.14827017e-003 0.
    2.00317311e-003 -5.67934336e-003 0. 1.42442423e-003 -4.24307160e-004
    -5.66402625e-004 -7.73070497e-005 2.16934038e-003 1.26662082e-003 0.
    0. -8.05721036e-004 4.44100518e-003 9.32813343e-003 0.
    6.42377272e-005 3.42287472e-003 7.95749249e-004 0. 1.29483198e-003
    1.00120401e-003 0. 2.07196479e-003 -1.25711435e-003 3.99141386e-003
    5.45959047e-005 1.23027677e-003 2.54582008e-003 4.68229316e-003
    4.96578077e-003 6.02815859e-003 -3.61622823e-003 3.48052010e-004 0.
    -1.16137693e-004 -4.76679343e-005 2.43196776e-003 6.69490022e-004
    3.06372950e-003 4.07191552e-003 2.00953451e-003 2.12084292e-003
    8.41708912e-004 1.04859297e-003 0. 1.29064545e-003 0.
    5.45423571e-003 0. 8.62375717e-004 1.88969774e-003 -4.48788167e-004
    3.28995520e-004 0. -5.55203937e-004 3.93817853e-003 3.54859047e-003
    4.01463918e-003 0. -9.88370390e-004 9.08620597e-004 0.
    -9.68630702e-005 0. 0. 0. 0. 1.50603591e-003 2.46582134e-003
    5.39979618e-003 9.20761726e-004 7.60065718e-003 1.04588980e-003 0.
    4.03951295e-003 3.02087003e-003 1.45576516e-004 0. 1.56129606e-003
    3.07575217e-003 7.84754287e-004 0. 0. 2.74846191e-003
    4.78449976e-004 2.24068249e-003 3.42996884e-003 3.44811985e-003
    1.19304108e-002 4.75494424e-003 1.34953880e-003 0. 1.78277830e-003
    4.15470358e-003 9.22716339e-004 -1.08324364e-003 -2.20193862e-004
    1.66097481e-003 6.97577512e-003 4.81891260e-003 0. 1.43673038e-003
    0. 5.04827918e-003 0. 5.07224025e-003 1.09478075e-003
    5.19777462e-003 4.42603417e-003 5.07114502e-003 0. 3.31127871e-004
    -1.11405621e-003 -5.62194036e-004 7.35071953e-003 0. 4.96692373e-005
    1.26423710e-003 -3.53812356e-004 -1.99890754e-004 6.61802245e-003
    2.11738679e-003 1.20161893e-002 0. 7.00879318e-004 5.46002935e-004
    2.41075247e-003 1.01078546e-003 1.13533076e-003 1.11612794e-003 0.
    -6.74889132e-004 0. 6.63682865e-003 1.85151340e-003 6.62825583e-003
    4.85567469e-003 2.63415766e-003 -1.34148309e-003 1.67106686e-003
    -1.65815337e-003 1.42084644e-003 -1.74620433e-003 2.48545408e-003 0.
    0. 8.78647959e-004 0. 0. 2.69889878e-003 1.00508574e-002 0. 0.
    1.52290813e-004 0. 4.00311034e-003 1.19321817e-003 1.42752228e-003
    3.97698395e-003 2.70447624e-003 4.92001558e-003 0. 1.31138484e-003
    0. -2.70287297e-003 2.14421563e-003 1.33744557e-003 2.81879096e-003
    2.65300251e-003 0. 0. 4.27288748e-003 1.56538130e-003
    1.99004123e-003 9.79658798e-004 2.02670926e-003 0. -1.41353239e-005
    1.41544337e-003 1.04547467e-003 6.91974477e-004 7.39814888e-004
    4.49264934e-003 0. 1.13900157e-003 1.62489284e-002 -4.78379283e-004
    6.53891067e-004 1.58295000e-003 9.70509311e-004 1.95653085e-003
    6.09759195e-003 0. 5.04233735e-003 7.43608503e-003 9.57416429e-004
    1.87318143e-003 0. 2.00237962e-004 4.46602330e-003 0. 0.
    1.71251176e-003 2.54552555e-003 0. 7.42872339e-003 0.
    1.68078113e-003 8.76800343e-003 7.53888022e-003 0. 6.19323459e-003
    -7.24800630e-005 -3.78726108e-004 0. 5.24212082e-004 0.
    -1.43625098e-003 4.00894030e-004 3.92515725e-003 6.31434750e-003
    -4.01437894e-004 2.19734595e-003 6.53953617e-003 1.15068024e-003
    4.65593161e-003 0. 1.81724783e-004 2.38946755e-003 -2.06084712e-003
    7.51026790e-004 0. 1.34028755e-002 2.87905312e-003 6.49908977e-003
    4.53868369e-003 6.39977725e-003 0. 2.58195517e-003 7.48597970e-003
    -7.22244324e-004 5.07894401e-005 1.25741027e-003 0. 0. 0.
    3.53452237e-003 2.11850414e-003 1.88512052e-003 0. 9.17961181e-004
    0. 4.96055325e-003 3.22083011e-003 6.58326899e-005 1.49600324e-003
    -9.90153640e-004 0. 5.81837213e-003 -8.83757719e-004 7.30678858e-003
    2.95250420e-003 5.02796751e-003 5.60616516e-003 4.48126858e-003
    3.78418341e-003 0. -7.80717935e-004 3.78975202e-003 9.68339562e-004
    1.23835476e-002 5.93751378e-004 0. 3.41601693e-003 0.
    5.87183866e-004 0. 1.60346692e-003 -8.74066784e-004 0.
    2.61464948e-003 -2.27246154e-003 -6.95952796e-004 2.58614286e-003
    -1.06281531e-003 1.06284255e-002 0. 3.17835785e-003 8.74828780e-004
    -1.00191485e-003 1.22088217e-003 6.01117790e-004 1.67847099e-003
    7.54988333e-003 2.00043083e-003 1.16648676e-003 4.35100356e-003
    2.01149681e-003 2.99437856e-003 7.58600002e-003 2.88171321e-003
    4.63902066e-003 9.21895553e-004 1.59267359e-003 3.43001360e-004
    2.47464236e-002 -6.50081725e-004 2.23102402e-002 5.02009224e-003
    1.26405098e-002 1.61555596e-003 3.58608481e-003 0. 0.
    8.60169472e-004 0. 0. 8.93238001e-003 0. 2.17788387e-003
    2.35217507e-003 3.36086610e-003 0. 3.37181776e-003 1.44018035e-003
    5.39751211e-003 1.74055423e-003 4.27965913e-003 1.50284555e-003
    4.39128745e-003 1.57917421e-002 5.47430990e-003 0. -7.12462992e-004
    0. 2.83065136e-003 2.81824754e-003 1.89045840e-003 0.
    1.25554751e-003 1.10244961e-003 1.31293247e-003 0. -1.28364726e-003
    3.00984993e-003 5.20361448e-003 -1.67287688e-003 0. 2.52399803e-003
    0. 7.55532365e-003 4.61614784e-003 5.39399870e-003 4.25109081e-003
    -1.18366431e-003 6.69302477e-004 0. 3.28984286e-004 -3.09445802e-003
    0. 4.37802449e-003 4.39335685e-003 -3.21448169e-004 4.04364243e-003
    5.62306610e-004 4.93419403e-003 7.29058031e-003 1.29231438e-003 0.
    -4.77015092e-005 1.00502803e-003 6.30135764e-004 1.35428994e-003
    2.24478240e-003 0. 2.86368630e-003 2.11960124e-003 5.04130218e-003
    1.96824339e-003</data></imageDescriptor>
</opencv_storage>
