<?xml version="1.0"?>
<opencv_storage>
<imageDescriptor type_id="opencv-matrix">
  <rows>1</rows>
  <cols>500</cols>
  <dt>f</dt>
  <data>
    6.06829813e-003 3.23019316e-003 5.10558207e-003 6.75026700e-003
    -1.57081115e-004 -7.62764656e-004 3.58109036e-003 0. 2.74710939e-003
    4.42145998e-003 0. 1.58141984e-003 1.18568330e-003 3.28682736e-003
    0. 0. 0. 1.04114963e-002 0. -3.26304202e-004 1.83844252e-003
    7.15697557e-003 0. 0. 3.18517280e-003 4.07339353e-003
    3.31483106e-003 4.05741995e-003 0. -1.06390438e-003 1.12957824e-002
    1.40811235e-003 3.38690728e-003 1.08667556e-003 -2.35825405e-003
    5.66750905e-003 1.99579797e-003 4.72592097e-003 0. -2.68907665e-004
    -1.28702924e-003 0. 7.84161408e-003 -2.22324790e-003 5.92689030e-004
    5.11115929e-003 4.69488325e-003 6.46967627e-003 0. 3.24317196e-004
    0. 1.30301260e-003 3.84998810e-003 0. 3.36269964e-004
    2.34041503e-003 4.83402703e-003 7.18556996e-003 0. 2.18554866e-003
    2.44269846e-003 0. 5.30808372e-003 0. 1.32088270e-003 0. 0.
    4.93285758e-003 1.24288502e-003 1.84001552e-003 3.81176453e-003 0.
    0. 2.75328825e-003 6.00053975e-003 0. 5.30809863e-004
    3.91414185e-004 0. 0. 3.27951787e-003 8.72143637e-003 0. 0.
    1.00227527e-003 2.58245179e-003 0. -4.85834753e-005 3.30353854e-003
    0. 3.95003619e-004 -1.53787248e-003 -6.88610235e-005 0. 0.
    3.79079633e-004 1.87463011e-004 4.45219362e-003 0. 1.87287899e-003
    1.32718962e-003 1.85098324e-003 2.07506446e-003 1.37797056e-003 0.
    4.57169861e-003 -2.75731157e-003 0. 0. 0. 3.34447622e-003
    4.92884452e-003 1.17049657e-003 1.07063148e-004 5.90619538e-003 0.
    8.01963639e-003 3.06376233e-003 2.61357613e-003 0. 2.07619509e-003
    0. 4.35640244e-003 7.89653044e-004 3.36045492e-003 1.53569318e-003
    1.81899685e-003 1.63749594e-003 0. 3.32665793e-003 6.79654861e-003
    -5.23630111e-003 0. -4.78414790e-004 5.30386111e-003
    -9.18298538e-005 0. 2.51370901e-003 1.14110427e-003 0. 0.
    1.15092739e-003 3.64924013e-003 1.56074588e-004 7.76334957e-004
    -8.87633185e-004 9.35021613e-004 2.77133309e-003 0. 0.
    2.54601077e-003 3.93978087e-003 4.84755402e-003 0. 4.02481528e-003
    2.94589018e-003 6.18055137e-003 2.80133361e-004 1.63500197e-003
    -2.66100076e-004 0. 8.96781858e-004 3.76251526e-003 1.02410885e-002
    6.16501376e-004 1.58931292e-003 0. 0. 0. 0. 8.72772746e-003
    5.93921286e-004 1.89940925e-004 -9.05587513e-004 0. 4.77027148e-003
    4.38111741e-003 0. 3.09060630e-003 2.60426197e-003 9.45009850e-003
    8.96953396e-004 4.00741259e-003 -8.37845029e-004 -8.40884109e-004
    -8.08306795e-004 3.13635357e-003 0. 3.30742542e-003 3.89058818e-003
    1.78489613e-003 3.65510676e-003 4.81278263e-003 0. 0.
    3.04675754e-003 1.80166622e-003 0. -9.12858173e-004 1.12429040e-003
    6.53814001e-004 2.72511761e-003 9.60644393e-004 0. 9.10900999e-004
    0. -1.08340418e-003 0. 2.84871971e-003 -5.43997681e-004 0.
    4.88180853e-003 7.76507426e-004 2.42065173e-003 0. 0.
    1.23186712e-003 1.70576037e-003 0. 0. 1.32404780e-003
    1.38421329e-002 3.12058162e-003 0. 1.43461535e-003 1.29160719e-004
    1.45818281e-003 3.38873942e-003 1.53662788e-003 2.79968861e-003 0.
    3.05554667e-003 6.18587481e-003 -2.13449399e-004 1.34869653e-003
    1.45098511e-002 0. 1.20899715e-002 7.75396009e-004 0.
    -6.85428851e-004 -1.50556979e-003 -4.90635633e-004 8.39868002e-003
    0. 1.16884243e-003 -1.14086084e-003 4.99969302e-003 0.
    1.99378817e-003 4.67955461e-003 1.30940164e-002 1.92943355e-003 0.
    3.77562991e-003 3.28918686e-003 5.70573786e-004 8.99147987e-003 0.
    0. -8.84817506e-004 3.78849660e-003 4.91916947e-003 5.70710981e-003
    -4.99213929e-004 0. 4.51070582e-003 8.87568982e-004 1.73914270e-003
    6.17026864e-003 -1.53527607e-003 0. 3.20876250e-003 3.85658350e-004
    2.59367330e-003 0. 1.49855774e-003 -2.32356513e-004 2.56858976e-003
    2.17768786e-004 0. 6.57284120e-003 1.23220007e-003 0. 0. 0.
    4.97905130e-004 2.46387674e-003 3.69915250e-003 0. 4.91367234e-003
    0. 0. 0. 0. 8.12802091e-003 0. 1.73802557e-003 1.79152424e-003
    9.29986034e-003 0. 1.38136772e-002 3.14868195e-003 -1.40011287e-003
    0. 0. 0. 4.43956489e-003 8.14466155e-004 1.60701468e-003
    4.03160788e-003 6.00000145e-004 1.20804436e-003 2.02527875e-003 0.
    9.78681538e-003 2.35335063e-003 3.47603392e-003 -9.18376492e-004
    5.09619107e-003 3.84650612e-003 3.06273671e-003 2.60159676e-003
    8.96659258e-005 3.22241616e-003 1.68509211e-003 -1.91143400e-003
    5.10816416e-003 0. 0. -3.86329804e-004 1.02508999e-003
    1.83033373e-003 0. -1.83148823e-005 0. 2.32240092e-003 0.
    1.43832387e-003 6.08067913e-003 2.25011865e-003 5.26852906e-004
    -6.64914376e-004 0. 1.40598437e-004 2.07229098e-003 -7.17849471e-004
    7.97737576e-003 0. 0. 0. 0. 4.82987467e-004 3.53976176e-003
    9.65817424e-004 -2.82360474e-004 1.70993735e-003 3.35148303e-003 0.
    1.01750530e-003 0. 0. 2.19689286e-003 2.53180526e-002
    4.33707784e-004 2.58092047e-003 0. 8.55167955e-003 1.80684181e-003
    4.57344623e-003 0. -1.74121524e-004 3.14437691e-003 -2.57602922e-004
    0. 4.27878229e-003 0. 5.11169259e-004 1.02349918e-003 0. 0.
    2.99869501e-003 0. -2.42117699e-003 2.24627694e-003 0.
    1.38587803e-002 3.04804184e-003 1.40993891e-003 2.50640558e-003
    1.43575703e-003 0. -1.40574598e-003 -2.00978084e-003 1.79022073e-003
    7.68066267e-004 6.37781573e-003 3.34294769e-003 1.90050807e-003
    7.81981333e-004 0. 4.37633507e-003 2.88053625e-003 6.38042286e-004
    4.76398133e-003 -1.43371741e-004 1.16282899e-003 -2.46090727e-004 0.
    4.13527247e-003 6.12358376e-003 -1.11379064e-004 5.41501865e-003
    4.68799699e-004 2.70066853e-003 4.99677192e-003 0. 2.22624675e-003
    3.77989653e-003 0. 2.63096299e-003 -5.17522159e-004 0. 0.
    8.93715024e-003 4.37510572e-003 2.73559429e-003 6.99046301e-003
    1.11301942e-003 4.50201612e-003 2.85469415e-003 0. 1.23839611e-002
    9.24268272e-003 3.40563408e-003 5.73062105e-003 2.01365747e-003
    1.09965185e-004 1.75896764e-003 4.94964747e-003 0. -6.39003934e-004
    0. 1.66988280e-003 0. 0. 2.85996846e-003 0. 7.45901139e-004
    2.23887805e-002 0. -1.62316230e-003 1.90936809e-003 0.
    -4.99529182e-004 0. 4.27690754e-003 0. 7.54558016e-004 0.
    -1.41982664e-003 0. 2.26370103e-004 1.58669229e-003 2.12904881e-003
    4.14702250e-003 0. 4.52712364e-003 -6.13962402e-005 4.84245783e-003
    2.79400754e-003 0. 7.39345187e-003 0. 0. 0. -5.56472980e-004
    5.52816829e-003 3.17299768e-004 5.65620838e-003 3.90794035e-003
    7.73659558e-004 0. 1.19454646e-002 1.02274949e-002 3.14613245e-003
    0. 1.50506373e-003 2.10608868e-003 0. 0. 4.33758320e-003
    -8.40249646e-004 9.82686412e-004 1.01844850e-003 -6.95701106e-004 0.
    6.97088079e-004 0. -7.25282589e-004</data></imageDescriptor>
</opencv_storage>
