<?xml version="1.0"?>
<opencv_storage>
<imageDescriptor type_id="opencv-matrix">
  <rows>1</rows>
  <cols>500</cols>
  <dt>f</dt>
  <data>
    0. 3.66712152e-003 0. 2.33321637e-003 -1.95426820e-003 0.
    3.48620466e-003 6.12175791e-003 0. 0. -3.47090943e-004 0. 0.
    -2.11199513e-003 0. 2.63359700e-003 0. 0. 0. 5.70960343e-003
    3.98271624e-003 0. 0. 0. 4.74205194e-003 3.12830089e-003
    8.40456132e-003 4.24654456e-003 2.14641038e-002 3.99442110e-003
    1.75359997e-003 2.09157914e-003 -3.44790192e-003 0. 0. 0. 0. 0. 0.
    -1.13864068e-003 -3.18143819e-003 4.25787410e-003 0. 5.31569310e-003
    4.93785366e-004 4.47431067e-003 7.18201417e-003 -9.22150677e-004 0.
    -2.16709124e-003 2.08393857e-003 0. -2.58682040e-003 6.65271096e-003
    0. 0. 2.88012181e-003 0. -1.53378595e-003 0. 0. 6.32378645e-003
    6.47898158e-003 1.80937955e-003 0. 0. 0. 0. 1.71613449e-003
    -8.58329178e-004 5.17069362e-003 3.37145780e-003 -2.12651226e-004
    1.22978725e-003 0. 0. -1.60292038e-004 0. -1.23983540e-003 0. 0.
    6.14318578e-003 0. 1.22642657e-002 0. 3.35967354e-003
    2.47326237e-003 1.36844860e-002 0. -4.78392380e-004 0.
    9.17838980e-003 4.27756645e-003 0. 0. 1.22369369e-002
    1.06653897e-002 0. 1.13859319e-003 0. 5.67425555e-003
    3.48826149e-003 0. 5.37605397e-003 0. -9.29146190e-004
    7.23031955e-003 0. 2.04863236e-003 3.98067757e-003 1.45655521e-003
    4.86382225e-004 5.84350061e-003 0. 3.42402677e-003 3.46083497e-003
    2.25703116e-003 0. 1.41864375e-003 3.57141311e-004 0. 0. 0. 0.
    -2.02194526e-004 0. 1.09193544e-003 2.14432576e-003 3.62238567e-003
    -2.68662209e-003 -8.64654372e-004 0. 0. 0. 7.10236235e-003
    3.73333739e-003 1.27772670e-002 0. 5.85041707e-003 2.27658427e-003
    6.56914082e-004 1.43131183e-003 0. 4.14372049e-003 1.10262283e-003
    0. 0. 0. 0. 2.52266158e-003 -4.32413630e-003 2.67912820e-003
    7.65348552e-003 0. -5.40168767e-005 4.50219726e-003 1.33076042e-004
    0. 0. -9.09093127e-004 0. 0. 1.20715937e-003 5.44619001e-003
    9.47615656e-004 0. 3.35211982e-003 1.09148286e-002 0. 0.
    4.35596611e-003 8.08644225e-004 0. 0. 0. 7.95979693e-004 0. 0. 0. 0.
    4.38587973e-003 0. 0. 8.94866884e-003 0. 0. -7.08143285e-004
    1.76804001e-003 7.40208314e-004 7.39424955e-004 0. 0. 0. 0.
    9.70823411e-003 0. -2.02682544e-003 -7.76574714e-004 0.
    4.14153095e-003 0. 8.13590814e-005 1.21571345e-003 0.
    1.71754137e-003 0. -1.25569044e-004 0. 0. -1.22446734e-002 0.
    4.77966433e-003 0. 0. 8.03687982e-003 0. 1.65522601e-002
    -1.82955258e-003 6.38486352e-003 -8.48274969e-004 0. 1.35403383e-003
    0. 6.30626641e-003 0. 0. 3.46059538e-003 -4.85404488e-003
    7.37198023e-003 0. 0. -1.52434793e-003 0. 8.63252301e-003
    3.53679556e-004 1.94844685e-003 2.60519376e-003 1.28129162e-002 0.
    0. -7.79531256e-004 0. 4.34320280e-003 3.91358929e-003
    2.54869985e-004 1.02094132e-002 5.77712990e-003 6.83787838e-003 0.
    9.68220935e-004 3.79231572e-003 1.23024955e-002 0. 0.
    2.00933078e-003 0. 0. 6.80123549e-003 -1.64747261e-003 0.
    -3.16487136e-003 5.73219499e-003 3.59048066e-003 0. 0. 0. 0.
    4.47787577e-003 2.62693688e-003 3.82483471e-003 2.70828581e-003
    1.17785679e-002 0. 0. 0. 3.65282223e-003 3.69767286e-003
    -8.72800883e-004 8.12517072e-004 2.90442281e-003 1.17728091e-003 0.
    0. 0. 0. 0. 0. 0. 0. 0. 5.43507887e-003 0. 4.93201474e-003 0. 0. 0.
    3.24548874e-003 0. 7.33378902e-003 0. -2.37394415e-004
    3.59362829e-003 2.73685134e-003 1.18746632e-003 0. 5.67013724e-003
    -1.48086320e-003 0. 7.70498579e-003 3.31978686e-003 2.38156645e-003
    0. 2.15917337e-003 1.31207553e-003 0. 0. 7.55314901e-003 0.
    1.11981470e-003 3.32302763e-003 0. 0. 0. 5.42426249e-003
    7.49224145e-003 1.93015009e-003 0. 2.53344304e-003 4.33565117e-003
    2.09435038e-002 1.06242131e-002 2.09232513e-003 0. 0.
    -2.64727831e-004 0. 9.09151696e-003 -1.07233273e-003 0.
    3.65170464e-003 0. 2.95762351e-004 2.34445650e-003 7.29991123e-004
    0. 0. 6.47481391e-003 0. 0. 1.07625909e-002 0. 5.52352844e-003 0.
    -1.49587868e-003 0. -3.91555892e-004 0. 0. 0. 0. 0. 0. 0. 0. 0. 0.
    3.59228026e-004 3.40616307e-003 0. -2.76392442e-003 0. 0. 0.
    8.76685517e-005 3.50092747e-003 0. 0. 0. 5.58192749e-003 0.
    -2.21257936e-003 1.00894575e-003 0. 0. -1.30686129e-003
    8.03708099e-003 0. 4.14180243e-003 2.78805057e-003 5.59452036e-003
    1.67996180e-003 0. 0. 1.45250437e-004 9.86216241e-004 0. 0.
    3.01065343e-003 0. 3.72415711e-003 2.59719091e-003 6.36506872e-003
    -9.25419386e-004 4.67277458e-003 7.00092351e-004 1.27138365e-002
    1.35966856e-003 0. 1.94738258e-003 7.88478646e-003 4.74691251e-003
    0. 6.03081146e-003 9.64482222e-003 4.34166519e-003 0. 0. 0. 0.
    6.22748956e-003 0. 0. 3.83171486e-003 0. 8.24175403e-003
    2.14912416e-003 4.92761284e-003 0. 2.68684179e-002 3.93842533e-003
    0. 6.99923234e-003 5.85244130e-003 5.04340045e-003 4.34042234e-003
    0. 0. 0. 0. 0. 0. 1.27950041e-002 4.97024506e-003 0.
    -4.17610368e-004 2.98450980e-003 2.48311856e-003 2.59117875e-003
    -3.75052844e-003 -1.32394908e-003 -1.24928087e-003 1.99021073e-003
    -1.00540696e-003 0. 2.04010704e-003 4.60581342e-003 0.
    -1.42971438e-003 4.54687653e-003 6.97411504e-003 -5.90896176e-004
    -2.91568087e-003 2.14252388e-003 0. 0. 3.30757089e-002 0.
    -1.77429465e-005 0. 3.29741230e-003 0. 7.20831379e-003
    -8.40694411e-004 3.26104276e-003 2.22271727e-003 0. 1.10880192e-003
    0. 2.52976944e-003 1.52258696e-002 0. 2.83219246e-003
    3.56827420e-003 1.56967472e-002 0. 0. 4.53659240e-003
    2.60012317e-003 6.82143401e-003 5.41121373e-003 2.16828103e-005
    4.38366830e-003 -4.19673044e-004 9.79726668e-003 0. 0. 0. 0. 0.
    6.75180275e-003</data></imageDescriptor>
</opencv_storage>
