<?xml version="1.0"?>
<opencv_storage>
<imageDescriptor type_id="opencv-matrix">
  <rows>1</rows>
  <cols>500</cols>
  <dt>f</dt>
  <data>
    2.12888885e-003 1.24162668e-003 1.64396944e-003 4.51503647e-003
    3.65204411e-003 0. 6.61111117e-005 0. 0. 7.14234775e-003
    5.01756277e-003 0. 2.28887540e-003 1.95487984e-003 3.25700920e-003
    0. 4.18579439e-003 4.23171883e-003 0. 0. 2.10276037e-003
    5.60534326e-003 -1.45192666e-004 3.52166826e-003 -7.68576956e-006 0.
    5.66879800e-003 8.44056718e-003 1.42627361e-003 0. 0.
    1.98043906e-003 -3.16799793e-004 1.95077865e-003 4.02878597e-003
    3.25074710e-004 -1.06342987e-003 -3.12029239e-004 1.80150475e-003
    -2.05090837e-004 0. 0. 5.11243194e-003 0. 1.11958024e-003
    -6.08966860e-004 -1.26756076e-003 4.44159750e-003 3.54945823e-003
    3.25395697e-004 -1.08025945e-003 0. 9.95513401e-004 -5.79763262e-004
    3.01777432e-003 1.63387787e-002 0. 4.66054352e-003 1.37303770e-003
    2.80480878e-003 0. 0. 0. 7.54179666e-004 0. 0. 4.71022388e-004
    2.13443395e-003 3.26587120e-003 2.14885268e-003 3.58674070e-003
    1.76761334e-003 7.74219749e-004 1.04830740e-003 1.93526241e-004
    4.06586420e-004 3.60886147e-003 0. 8.60364176e-004 0.
    3.77976894e-003 2.17164797e-003 1.29377760e-003 0. 0.
    1.59619201e-003 2.20479025e-003 0. 9.05788317e-003 0. 0.
    6.64560171e-003 1.61908392e-003 5.67128183e-004 6.33125054e-003
    3.94700840e-003 2.49606383e-004 4.67690593e-003 1.50818948e-003 0.
    1.90783991e-003 -5.38530934e-004 1.00637646e-003 1.95630826e-003
    3.95099912e-003 2.33886763e-003 2.21596751e-003 1.26364967e-003 0.
    0. 0. 1.83303535e-004 0. 2.00656592e-003 5.41685522e-003
    5.59035048e-004 -2.12053390e-004 0. 6.26570033e-003 1.76678831e-003
    6.38799160e-004 0. 3.99761321e-003 1.72636821e-003 0. 0.
    2.62496853e-003 0. 2.38818480e-004 1.68603880e-003 1.78681512e-003
    3.73983197e-003 1.61099527e-002 2.80162715e-003 4.18146141e-003
    6.40884694e-003 1.20000006e-003 -6.39651727e-004 1.71094376e-003
    2.17156042e-003 1.54554863e-002 3.90958926e-003 6.42868737e-003
    6.01076335e-003 3.08826193e-003 1.60961645e-003 0. 0. 0.
    7.93626532e-004 -3.82909621e-003 0. 4.67319135e-003 0.
    -9.29386937e-004 9.28939029e-004 3.24243237e-003 -4.19834105e-004
    7.70958024e-004 1.99916936e-003 4.13711910e-004 4.14196023e-004
    1.06408850e-004 4.24221717e-003 -7.73214037e-004 0. 0.
    5.00863418e-004 -4.21042409e-004 9.76333162e-004 1.48967942e-002
    8.25481117e-003 0. 4.02867707e-004 2.90789711e-003 2.63290922e-003
    3.64185683e-003 0. 0. 5.55594172e-003 4.87277238e-003
    3.37997219e-003 4.46467893e-003 4.91085555e-003 -1.09355955e-003 0.
    0. 0. 8.20862304e-004 0. 0. 1.88727467e-003 6.98560523e-003
    1.98778044e-003 2.22371076e-003 -4.58235299e-004 3.44454427e-003
    5.21449232e-003 1.31481781e-003 3.28732701e-003 0. 3.28484527e-003
    4.23063408e-004 0. 1.19693461e-003 2.56568170e-003 3.96837061e-003
    -1.32912979e-003 0. 2.24004360e-003 1.88029595e-002 1.10243950e-002
    -7.97795423e-004 0. 7.70751212e-004 7.53839780e-003 -9.56413569e-004
    -4.35396010e-004 -6.09225419e-004 -6.85264895e-005 3.41896061e-003
    9.97170061e-003 4.83624637e-003 -7.75494045e-005 0. 6.70981361e-004
    4.09203954e-003 5.03774360e-003 0. 1.23266759e-003 1.75600837e-003
    7.81743322e-003 4.64908220e-003 9.68675874e-003 0. -6.77733042e-005
    0. 3.71824979e-004 0. 0. 0. 3.08940397e-003 2.09653983e-003
    7.11411180e-004 -5.08555022e-005 1.31814764e-003 8.64464440e-004
    2.55633309e-003 0. 2.87067145e-003 3.08418297e-003 1.04576710e-003
    4.94752266e-003 2.46252678e-003 3.81967681e-003 7.06324959e-003
    1.32898905e-003 3.82122421e-003 1.59742303e-005 1.43324456e-003 0.
    1.51786036e-004 7.72464136e-003 6.39625825e-003 -1.89527101e-003 0.
    7.23138044e-004 -7.59052637e-005 0. 4.94199293e-003 -2.06541130e-003
    1.02788571e-003 1.30657647e-002 6.38108002e-004 0. 0.
    1.23241486e-003 -1.75630103e-003 0. 7.63108037e-005 -4.34561050e-004
    -5.69855329e-004 1.98371196e-003 3.50348139e-003 0. -1.22227683e-003
    6.65772532e-004 2.58214958e-003 3.11944098e-003 -5.49485558e-004
    2.57963641e-003 1.03147991e-003 8.51044373e-004 3.98973515e-003
    2.54269969e-003 4.75881808e-003 3.42090556e-004 5.01665566e-003
    -1.51246786e-005 0. 5.33270463e-003 -1.91463984e-003 0.
    -1.48292480e-003 0. 3.70501215e-003 1.71276261e-004 2.26230710e-003
    0. 2.80080852e-003 3.50521854e-003 8.15111329e-004 2.27742174e-004
    4.06169100e-003 -6.54325006e-004 8.43757356e-004 6.26923502e-005
    2.79930158e-004 1.33505813e-003 1.06243603e-003 1.98283838e-003
    1.92619860e-003 1.33633101e-003 9.54242889e-004 1.15476558e-002
    2.89352168e-003 6.08379627e-003 2.68808892e-003 3.48060858e-004
    6.67202426e-003 1.97140616e-003 6.96644769e-004 2.18295655e-003 0.
    -4.19328688e-003 0. 8.99454462e-004 1.51155738e-003 1.73621913e-004
    1.23532349e-003 3.45794531e-003 5.36059553e-004 -1.06262160e-003
    5.33408346e-003 1.82460202e-003 0. 2.86562950e-003 3.66073218e-003
    -1.88630496e-004 4.93981550e-003 -1.00703246e-003 3.62533866e-003
    8.57290288e-004 0. 1.75606157e-003 1.26450427e-003 5.78026380e-003
    2.15695240e-003 3.22781806e-003 -1.09329179e-003 0. 9.69270011e-004
    1.63020426e-003 6.38402393e-003 1.99738730e-004 8.52261262e-004
    7.27684749e-003 0. 4.18537902e-003 4.36853524e-003 1.36187207e-003
    3.39178788e-003 8.50806385e-003 1.57830422e-003 8.81872023e-004
    1.17802089e-002 0. 0. 0. 0. -1.02046656e-003 0. 1.59972813e-003
    -2.23985850e-003 0. 0. 1.38534687e-003 1.00614585e-003 0.
    2.30378774e-003 -7.08022097e-004 3.32156545e-003 0. -8.75270125e-005
    0. 6.14384795e-003 2.88783968e-003 0. 4.78530396e-003
    1.13367464e-003 2.84131081e-003 0. 4.16670489e-004 0.
    9.89524997e-004 3.66271148e-003 9.24912863e-004 9.72424808e-004
    6.52970746e-003 1.64396374e-003 2.14084564e-003 1.66171626e-003
    3.11341230e-003 0. 3.04316636e-003 3.54981725e-003 1.51553622e-003
    3.79447802e-003 0. 1.33812439e-003 7.03290920e-004 8.81778356e-003
    -5.78254054e-004 0. 0. -1.59714243e-003 8.84893932e-004
    1.54073618e-003 1.60912257e-002 -7.31690205e-004 2.87772017e-003
    2.05233763e-003 2.68326607e-003 0. 6.94657955e-003 2.31346861e-003
    2.70409998e-003 0. 1.38722616e-003 3.29695846e-004 0. 0.
    1.77925418e-003 0. 0. 0. -2.58104177e-003 0. 2.60662101e-003
    -8.59156062e-005 2.65408447e-003 -2.12317464e-004 1.00276130e-003 0.
    6.20954111e-003 -9.53542825e-004 3.13817523e-003 0. 1.77454134e-003
    0. 0. -7.56834866e-004 8.65528174e-003 -3.04170331e-004
    6.79719960e-003 0. 6.68573135e-004 1.11001600e-002 8.00202508e-003
    1.39067345e-003 0. 1.07524367e-002 9.92130022e-003 5.40100504e-003
    5.78738330e-003 4.50494140e-003 2.07574503e-003 2.46775826e-003 0.
    1.80817232e-003 1.48543960e-003 4.76303184e-003 0. 6.38556725e-004
    1.34997489e-002 3.77606717e-003 0. 1.61095953e-003 6.95688650e-004
    0. 8.59290769e-004 4.46124468e-003 8.78928229e-003 2.22069910e-003
    0. 2.06784764e-003 4.58195485e-004 3.67324031e-003 -3.59518250e-004
    0.</data></imageDescriptor>
</opencv_storage>
