<?xml version="1.0"?>
<opencv_storage>
<imageDescriptor type_id="opencv-matrix">
  <rows>1</rows>
  <cols>500</cols>
  <dt>f</dt>
  <data>
    3.57284909e-004 2.46960064e-003 0. 0. 1.05672376e-002 0.
    7.75064400e-004 0. 3.29016778e-003 1.60652475e-004 -1.05780258e-003
    0. 0. 1.69378123e-003 3.27753299e-003 1.46137772e-003
    1.35654525e-003 0. 6.98494446e-003 0. -1.90569623e-003
    3.68866808e-004 0. 0. 0. 5.12992032e-003 0. 3.76652664e-004
    1.25209836e-003 -6.78197248e-004 1.59212830e-003 0. -2.07321276e-003
    5.09535428e-003 0. 2.24724784e-002 0. 0. -5.21976501e-004
    -3.58646712e-003 3.19755613e-003 0. 0. 0. -2.67536874e-004
    3.72949871e-003 9.29007132e-004 2.05885517e-004 2.00129673e-003
    1.55578123e-003 0. 5.44401119e-004 2.03938805e-003 7.47429905e-004
    0. 1.32826273e-003 -2.98336963e-003 1.19246240e-003 5.12201106e-004
    6.08250499e-003 4.50938242e-003 0. 9.72842317e-005 2.59388424e-003
    -3.36736254e-003 0. 2.93380744e-003 0. 6.72061509e-003
    2.33369111e-003 0. 0. 0. 8.03477073e-004 4.96695330e-003
    4.35360381e-003 0. 2.56201881e-003 3.18301562e-003 1.08504258e-002
    0. 1.66843028e-003 0. 2.45257164e-003 0. -2.91803066e-004 0.
    1.22512775e-002 1.48735680e-002 0. 0. 0. -2.98420691e-005 0.
    3.65415681e-003 1.14086978e-002 3.61354137e-003 1.70527282e-003
    5.63028269e-003 0. 2.01232196e-003 1.17628276e-003 0.
    2.60276310e-002 0. 0. 0. 0. 1.08222070e-003 0. 0. -2.78911175e-004
    5.53018181e-003 2.34951323e-004 2.50632828e-003 0. 0. 0. 0.
    -2.89599039e-003 0. 0. 1.78247280e-002 0. -3.92840989e-003
    -8.28360440e-004 6.24477072e-003 0. 0. 1.44129330e-002 0.
    5.31415129e-003 1.66748371e-003 0. 2.92412518e-003 0. 0. 0.
    3.03869206e-003 0. 0. 0. 2.08286699e-004 5.32143889e-003
    2.13855738e-003 1.44997553e-004 4.32049111e-003 1.71677757e-003 0.
    1.73783698e-003 0. 8.75023846e-003 4.14426718e-003 0.
    5.86045487e-003 0. 8.31004791e-003 -3.39647289e-004 5.02125185e-004
    2.31586793e-003 7.51857040e-003 -3.28962342e-004 -2.24622223e-003
    4.58566379e-003 8.31305794e-003 2.94072030e-004 0. 0.
    9.30722978e-004 -3.70757407e-005 1.01026716e-002 0. 0.
    1.75746882e-005 0. 2.76634260e-003 2.89688003e-003 0. 0. 0. 0.
    7.42548471e-003 2.98170676e-003 0. 0. 0. 0. 0. -1.33040978e-003
    1.62713099e-002 0. 0. 1.67547131e-003 4.61986940e-003 0.
    1.16921170e-003 -2.22673686e-003 3.25699989e-003 3.92038142e-003 0.
    0. 9.01029352e-003 0. 0. 1.20407145e-003 5.71546331e-003 0.
    1.19762146e-003 0. 2.15914007e-002 -1.56072993e-003 0. 0.
    -8.43565853e-004 -2.12675403e-003 3.94828944e-003 4.07528318e-003
    5.84234716e-003 0. 3.18980473e-003 2.40972824e-003 2.60586478e-003
    5.76848304e-003 0. 2.52843536e-002 0. 0. 0. 0. 7.56810838e-003
    2.92775384e-003 3.15315998e-003 0. 4.36045788e-003 1.06114550e-002
    1.47182168e-002 0. 0. 0. -2.49118457e-004 -5.76105194e-005 0. 0.
    1.07380031e-002 2.05584313e-003 0. -2.10975087e-003 0.
    -6.47131004e-004 2.80194357e-003 0. 0. 4.81466483e-003
    5.85175771e-003 3.03102192e-003 2.09741015e-003 0. 7.54847191e-003
    3.87095427e-003 0. 0. 2.51306547e-003 3.75201693e-003
    1.33988811e-002 5.74345468e-003 0. 2.70178518e-003 -1.67752805e-004
    0. 5.27511537e-003 2.35962425e-003 0. 0. 0. 2.56706006e-003
    5.04870526e-003 9.45876818e-003 2.22997321e-003 0. 1.66643714e-003
    0. 0. 0. 3.07888445e-003 8.83653353e-004 5.03568561e-004 0.
    5.67035517e-003 1.35573733e-004 0. 0. -2.75710045e-004
    8.97067506e-003 0. 4.34955861e-003 5.52361412e-003 -1.69473758e-003
    0. 1.88732680e-004 3.22009483e-003 0. -1.30620052e-003
    3.06093902e-003 0. 0. 0. 6.11404469e-003 0. 9.55618161e-004 0.
    4.13794164e-003 0. 1.14316698e-002 2.22303043e-003 6.52741757e-004
    8.04583542e-003 0. 3.64942185e-004 3.34414328e-003 4.62046685e-003
    0. 4.93367016e-003 0. 2.13754494e-004 0. -1.25782652e-004 0. 0.
    1.48688909e-003 2.61146412e-003 -4.32354119e-003 0. 0.
    7.73314270e-004 0. 3.98208946e-003 -1.49613980e-003 3.21022631e-003
    6.47081062e-003 7.90426275e-004 2.34578227e-004 6.28136285e-003
    2.97074672e-003 2.11708993e-003 0. 0. 0. 0. 2.06188462e-003
    -1.51843895e-004 2.77977693e-003 0. 1.43044745e-003 0.
    1.69957220e-003 -1.15073554e-003 0. -5.00068185e-004 0. 0.
    4.29423247e-003 0. 7.77860172e-003 2.49043456e-003 4.00200393e-003
    0. 0. 3.43055907e-003 6.64135767e-003 -1.25673192e-003
    7.16215232e-004 4.02238133e-004 0. 4.80641553e-004 0.
    1.10434415e-003 4.57560597e-003 0. 0. 1.12025384e-002
    1.86601132e-002 9.48191155e-003 1.11363828e-003 -1.27520296e-004 0.
    1.03887515e-002 0. 0. 2.22276966e-003 0. 3.15567083e-003 0. 0.
    1.06335734e-003 2.29886640e-003 0. -3.77551798e-004 0.
    1.97364902e-003 2.87161232e-003 5.21774963e-003 7.10322196e-003
    5.16412081e-003 -4.65483638e-004 0. 0. 0. 0. 1.38776237e-002
    7.03230826e-003 -8.32194812e-004 -4.75985813e-004 9.06981714e-003
    8.71577795e-005 3.75749078e-004 -2.55578809e-004 -1.17830560e-003 0.
    2.17776243e-002 0. 2.05312739e-003 0. 2.19909917e-003 0. 0.
    4.23047371e-004 -1.18665025e-003 0. -3.07923439e-003 0. 0.
    1.09055720e-003 0. 0. 0. 0. 2.76529486e-003 5.42995892e-003
    5.99915488e-003 0. 1.85513007e-003 8.36649124e-005 0.
    1.24538457e-003 9.03874263e-003 3.33910412e-003 2.13841931e-003
    -1.98620115e-003 5.85656986e-003 3.10626609e-004 4.32278437e-004
    4.06805379e-003 0. 0. 0. 0. 6.51646499e-003 0. -1.76601380e-003 0.
    8.80188891e-004 0. -2.24695425e-003 -1.44629611e-003 0.
    2.55158782e-004 1.63883511e-002 3.09511018e-003 0. 0.
    6.51056459e-003 0. 0. 4.71655047e-003 0. 1.54948793e-003 0. 0. 0. 0.
    6.78315526e-003 0. 2.95650819e-003 3.57355108e-003 1.41380238e-004
    9.75773577e-003 8.70295614e-003 2.98609817e-003 -1.76598900e-003
    -9.02247499e-004 0. 1.05429231e-003 4.73287608e-003 1.40166131e-003
    -1.31984867e-004 0. -1.04709913e-003 0. 1.51792588e-003
    2.25761672e-003</data></imageDescriptor>
</opencv_storage>
