<?xml version="1.0"?>
<opencv_storage>
<imageDescriptor type_id="opencv-matrix">
  <rows>1</rows>
  <cols>500</cols>
  <dt>f</dt>
  <data>
    1.79514475e-002 -2.14887410e-003 -2.58663320e-004 4.57515987e-003 0.
    0. 1.28674526e-002 0. 4.36723977e-003 0. 3.90310725e-003 0. 0.
    -6.58482220e-003 3.11891735e-003 0. 0. -7.27590756e-004
    1.97977945e-003 1.15207769e-003 0. 0. 2.11156392e-003
    5.49904071e-003 0. 0. 0. 9.00085643e-003 2.96220789e-003 0.
    2.95027308e-002 0. 0. -2.28187954e-003 0. 2.10295850e-003
    -4.45942511e-004 0. 6.67835493e-003 3.37002240e-003 3.01821623e-003
    2.38451175e-003 1.06874411e-003 3.76140848e-002 0. 0.
    1.46363396e-002 3.03110713e-003 6.74967840e-003 0. 3.60448204e-004
    0. -1.68595056e-004 -4.26153129e-004 -3.43945212e-005
    7.08536524e-003 5.96018089e-003 0. 2.87990808e-003 1.47566129e-003
    0. 0. 4.06880397e-003 0. 8.85751360e-005 0. 0. -1.07197520e-004
    7.89769343e-004 0. 1.73144450e-003 5.31091308e-003 0. 0.
    2.85899732e-003 -5.00937575e-004 0. 9.38045036e-004 0. 0.
    1.09716458e-002 0. 0. 0. 5.38462773e-003 8.03949032e-003
    3.73835186e-003 -1.12807786e-003 5.72813675e-003 2.94507435e-003
    2.57121073e-003 0. 0. 4.44163103e-003 0. 3.72231845e-003 0. 0.
    7.19958683e-004 0. 0. 0. 0. 9.61779431e-003 2.24536075e-003
    1.61404721e-002 0. 2.53999024e-003 1.95328612e-003 0.
    4.22895048e-003 5.32748923e-003 0. 0. 0. 0. 1.08234920e-002
    1.60528067e-003 0. 7.63483346e-004 0. 0. 0. 1.17369799e-003 0.
    4.54640947e-003 -2.50292942e-004 8.20947811e-003 0. -1.58368726e-003
    0. 1.63328052e-002 -1.48169958e-004 8.04123934e-004 0.
    4.63404832e-003 0. 1.18663516e-002 0. 5.36122313e-003
    4.20768745e-003 3.40469042e-003 4.19473648e-003 1.33947772e-003 0.
    0. 0. 0. 0. 1.26722958e-002 1.32677524e-004 0. 0. 0. 1.35160494e-003
    0. 4.71468037e-003 8.21163319e-003 3.09479004e-003 0.
    4.58218157e-003 4.00562910e-003 0. 0. -4.85288026e-003 0.
    3.65239382e-003 0. 1.23278368e-002 -3.60625493e-003 0. 0. 0. 0.
    4.52419370e-003 7.49949104e-005 4.20305133e-003 0. 0. 0. 0.
    6.13422506e-003 8.58069211e-003 0. 0. 2.17988156e-003
    -5.16964402e-003 0. 4.35203593e-003 1.72408740e-003 0. 0. 0. 0. 0.
    -1.70311134e-003 -2.86160479e-003 -2.16209446e-003 0. 0.
    6.01351634e-003 0. 0. 0. -1.64308818e-003 8.39716569e-003
    2.15143990e-003 5.63973468e-003 0. 2.98802811e-003 1.68428035e-003
    1.76156336e-003 1.80452270e-003 1.46252173e-003 0. 0.
    6.38416968e-003 0. 0. -1.98848755e-003 9.86423437e-003
    2.23861029e-003 1.63303397e-003 5.54043241e-003 2.00861623e-003
    1.11255958e-003 0. 3.05757811e-003 0. 0. -3.43506504e-003
    2.54631042e-003 -1.53570645e-003 1.75775192e-003 0. 0. 0. 0. 0. 0.
    7.07326550e-003 -2.61062698e-004 0. 2.36814679e-003 1.65212788e-002
    0. 0. 0. 0. 7.49104074e-004 0. 5.07493876e-003 6.82359142e-003 0. 0.
    0. -2.19004171e-004 4.25542193e-003 0. 0. 1.28600998e-002
    3.73139861e-003 4.10260633e-003 1.77697965e-003 -3.64774163e-003 0.
    5.15294913e-003 0. 0. 5.72856283e-003 0. 0. 0. 0. 0. 3.10684601e-003
    2.37535289e-003 0. 0. 0. 6.80850772e-003 3.15485988e-003 0.
    3.50265903e-003 -1.83858897e-003 0. 0. -3.66598787e-003
    -2.72288235e-005 0. 4.95419721e-004 6.96446840e-003 0.
    5.10413758e-003 0. 4.39685956e-003 -2.83023546e-005 -1.76236266e-003
    -4.36173170e-004 1.27737429e-002 4.01796354e-003 -4.93435829e-004
    1.10615408e-002 2.90949224e-003 4.57645115e-003 -1.00306910e-003 0.
    0. 0. 0. 0. 0. 2.46555731e-002 1.06909079e-003 0. 1.17753376e-003
    2.54852086e-004 2.60691228e-003 -4.05588280e-003 8.12186580e-003 0.
    2.85876263e-003 0. -2.32970994e-003 -1.16893393e-003 0. 0.
    3.54381092e-003 0. 0. 5.34427539e-003 1.00333765e-002
    3.02376080e-004 3.84557946e-003 3.91539652e-003 1.87980849e-003
    6.78092521e-003 0. 0. -3.88249382e-003 0. 6.09628437e-003 0.
    5.23759704e-003 0. 1.81788160e-003 0. 3.38372169e-003
    1.60176377e-003 5.59958071e-003 -1.17577391e-003 0. -2.70076096e-003
    0. 1.09444773e-002 1.17708798e-002 3.34794493e-003 0.
    1.53542217e-003 2.02552811e-003 0. 0. 3.40176141e-003
    5.64046344e-003 0. 0. 8.00333451e-003 0. 0. 1.01814959e-002 0. 0. 0.
    0. 0. 1.18924594e-002 0. 0. 1.65215216e-003 0. 3.27108311e-003
    4.36708424e-003 0. 1.43378216e-003 2.48668459e-003 1.63711347e-002
    0. 0. 3.62226320e-003 3.23548121e-003 5.42197702e-003 0.
    2.58924766e-003 3.84669052e-003 7.63225555e-003 0. 3.04556190e-004
    1.32399355e-003 2.44661141e-003 0. 2.41375435e-003 0.
    2.80463230e-003 0. 3.51194805e-003 0. 0. 3.05512245e-003 0. 0.
    9.49697010e-003 0. -1.10742508e-003 6.16691401e-003 5.64968865e-003
    1.52576691e-003 5.30751795e-003 2.90649384e-003 9.09254421e-003 0.
    -2.27800384e-003 0. 0. 0. -1.23218997e-004 8.87892907e-004 0. 0.
    3.77858500e-003 -2.73985951e-003 0. 2.71514594e-003 0.
    4.69089439e-003 2.02722028e-002 -6.64914376e-004 3.07927560e-003
    2.46350234e-003 4.02817316e-003 -1.30730681e-003 0. 0.
    7.36589660e-004 0. 0. 0. 2.18427228e-003 3.44874221e-003
    -4.32613364e-004 0. 1.90142705e-003 -9.90457833e-004 6.28001755e-003
    0. 0. 0. 0. 0. -5.03683835e-003 5.74684702e-003 1.38060423e-003 0.
    6.45901635e-003 3.15001141e-003 0. 0. 0. 0. 0. 6.92700222e-003
    4.77650575e-003 0. 2.18623364e-003 0. 0. 1.59285351e-004 0. 0.
    -8.33935686e-004 5.02891559e-003 0. 8.22085142e-003 4.91305487e-003
    9.13956086e-004 0. 7.76506902e-004 0. 1.36271189e-003
    6.34519150e-003 0. 0. 0. 0. 0. 1.86359789e-003 7.18088355e-004
    8.51126853e-004 -1.30786886e-003 1.03688694e-003 6.37392048e-003</data></imageDescriptor>
</opencv_storage>
