<?xml version="1.0"?>
<opencv_storage>
<imageDescriptor type_id="opencv-matrix">
  <rows>1</rows>
  <cols>500</cols>
  <dt>f</dt>
  <data>
    -7.61990726e-004 0. 0. 0. 3.90646281e-003 3.98993725e-003 0. 0.
    1.04810828e-002 2.01086933e-003 2.01057456e-003 0. 0. 0. 0.
    -9.41864855e-004 0. 0. 0. 0. 3.48735857e-003 4.79973480e-003
    2.34562438e-003 5.92866098e-004 4.10283217e-003 0. 4.67989547e-003
    6.35053031e-004 3.01964465e-003 2.05513579e-003 0. 4.24377061e-003
    6.41918415e-003 1.28191372e-003 5.18884510e-003 1.92557438e-003
    4.21161670e-003 0. 5.62988874e-003 2.50742864e-003 2.51194811e-003
    2.02188082e-003 -1.16026064e-003 0. -1.28111942e-003 0.
    1.57110393e-003 8.18701636e-004 4.74831043e-003 -3.68837820e-004
    7.48257432e-003 5.13697229e-003 1.33309988e-002 3.63349775e-003
    4.65029944e-003 1.90674711e-003 3.31767020e-003 0. 0.
    -1.26072831e-004 7.74319377e-003 -1.41936485e-004 -4.84939374e-004
    4.26704733e-004 0. 3.64314904e-003 0. 1.47575565e-005
    7.26376846e-003 0. 4.78869770e-003 8.70046578e-003 0. 0.
    1.02703022e-002 0. 0. 0. 0. 5.92301087e-003 7.65304267e-003
    7.68504152e-003 1.15417398e-003 1.90034031e-003 -5.76387811e-003
    9.83457826e-003 1.13862585e-002 4.32210788e-003 4.59679635e-003 0.
    1.84099562e-003 3.08491944e-005 2.35427776e-003 0. 3.43794003e-003
    3.83031392e-003 2.83959485e-003 0. 1.72331149e-003 -9.95203969e-004
    8.12953431e-003 3.79614416e-003 1.35149655e-003 -6.93647424e-004 0.
    4.15265374e-003 1.30543055e-003 0. 0. 4.27628355e-003 0.
    -7.79418217e-004 0. 3.88170034e-003 1.11747775e-002 0.
    4.24744422e-003 0. 0. 1.20090670e-003 1.72781292e-004 0.
    7.16972165e-003 3.42170475e-003 4.26073233e-003 0. 0. 0.
    8.17804597e-003 1.78174989e-003 2.35595345e-003 6.04932196e-003 0.
    0. 0. 4.44046175e-003 0. 0. 1.45867944e-003 6.83972798e-003
    -1.16817374e-003 0. 0. 1.08262670e-004 9.05156787e-003
    -4.90534701e-004 -2.17387383e-003 0. 0. 2.29746755e-003
    1.69162615e-003 0. 0. 0. 2.86076963e-003 0. 4.03100066e-003 0.
    -6.09112962e-004 -1.49120321e-003 2.21759733e-003 0. 0. 0.
    -1.22604004e-004 -6.45920401e-004 8.17593827e-004 4.00797697e-003
    1.49269635e-002 -1.09624793e-003 1.11209147e-003 5.66286966e-003
    -5.34058272e-005 7.97722209e-003 5.09432005e-003 -5.48961863e-004
    1.51769421e-003 2.28403043e-003 3.94793879e-003 2.61627277e-003
    1.37939909e-003 7.49408558e-004 0. 0. 2.62494152e-003
    3.58178723e-003 0. 0. 0. 4.43687849e-003 0. 3.77612701e-003
    3.69492592e-003 0. 0. -1.09080854e-003 0. 1.91948982e-003
    1.24671715e-005 0. 3.28915985e-003 2.77647236e-003 1.14054349e-003
    0. 1.92837761e-004 0. -1.23565609e-003 2.23719352e-003
    2.31264834e-003 3.36054293e-003 -4.84535209e-004 3.95376887e-003
    1.88330200e-003 0. 2.02486152e-003 1.46569486e-003 0.
    5.21788886e-003 0. -1.74240244e-003 2.89439992e-003 7.44752260e-003
    4.53865342e-003 0. -3.90710309e-003 0. -4.90376609e-004
    6.24641031e-003 6.03058981e-003 -1.83577824e-003 0. 0.
    5.08577982e-003 3.78969521e-003 0. 2.18348042e-003 2.21644412e-004
    3.33243283e-003 0. 1.19323051e-003 6.31491945e-004 1.29379344e-003
    0. 2.13949336e-003 1.54664251e-003 1.34888082e-003 7.37500086e-004
    1.67632825e-003 3.11742246e-004 9.89871565e-003 1.20524643e-002
    2.68788659e-003 0. 7.26781320e-004 6.03360636e-003 1.38022867e-003
    0. -3.16530396e-003 1.67040788e-002 0. 0. 8.82587582e-003 0.
    7.95358606e-003 0. 3.96410935e-004 4.50532709e-004 0.
    1.95185456e-003 0. 2.54921569e-003 5.67891868e-003 5.06995665e-003
    7.42677413e-003 5.34010644e-004 7.37476535e-003 0. 7.41919223e-003
    5.97025175e-003 1.19764998e-003 0. 7.23922579e-003 2.48921249e-004
    1.32445164e-003 -1.64119503e-003 0. 6.12899428e-003 -1.18079968e-003
    4.06872714e-003 3.20757902e-003 0. 4.68125101e-003 0.
    2.05822318e-004 2.19508074e-003 -7.89616141e-004 0. 0.
    -1.30070723e-003 0. 0. 5.16232627e-004 1.05000788e-003 0.
    2.57682055e-003 0. 1.69492967e-003 0. 3.02279834e-003 0.
    3.78017896e-003 2.78672931e-004 4.48694499e-003 2.37776712e-003 0.
    -5.09168094e-005 3.53183161e-004 6.01510610e-003 0. 4.22630692e-003
    4.52929788e-004 0. 0. 1.25122373e-003 6.55682432e-003
    5.54680082e-005 7.34518468e-003 3.56967072e-003 1.72206014e-003
    3.76413856e-003 0. 2.87750363e-003 6.22630527e-004 -5.43470320e-004
    7.48731801e-003 0. 1.32321802e-004 6.62874710e-003 1.55784539e-003
    -7.85785494e-004 0. 4.59693110e-004 1.27309607e-003 0. 0.
    4.20611119e-004 0. 1.52208353e-003 3.29738203e-003 4.48228233e-003
    -2.32707756e-003 0. 0. 1.41315791e-003 5.36977826e-003
    2.17867922e-003 1.35975583e-002 5.61449816e-003 5.56616069e-005 0.
    2.90273433e-003 1.09106919e-003 1.18807284e-003 5.38271095e-004 0.
    1.69290323e-002 1.13606900e-002 0. 0. -3.26935225e-003
    2.62221089e-003 2.04229821e-003 0. 8.69025383e-003 1.85149629e-003
    0. 1.21928500e-002 0. 2.83028954e-003 0. 4.47398575e-004 0.
    4.04866878e-004 0. 0. 8.04407900e-005 2.96907383e-003
    -1.57135271e-003 3.44140828e-003 1.86364795e-003 8.09649937e-003
    1.78101251e-003 0. 1.57046408e-004 1.28568884e-003 9.85156628e-004
    1.71670318e-003 4.54044109e-003 0. 3.06370249e-003 2.37076753e-003
    3.73786525e-003 -1.42662684e-004 -4.14365582e-004 0.
    -3.51002353e-004 0. 6.92988746e-003 3.26061435e-003 7.22790230e-003
    0. 4.35607834e-003 1.47851894e-003 3.87573568e-003 7.37018418e-003
    0. 3.42592224e-003 2.00413447e-003 1.28752394e-002 2.95852358e-003
    1.19361596e-003 0. 0. 0. -1.21688703e-003 -2.75313645e-003 0.
    7.63766654e-003 2.86785839e-003 1.72866834e-003 4.14214155e-004
    3.34642082e-003 8.62107985e-003 4.70842933e-003 4.11021896e-003
    5.72230015e-003 0. 1.96933467e-003 -5.64825779e-004 0.
    -4.72671323e-004 0. 9.05896071e-003 2.27018772e-003 4.13757144e-003
    0. 2.09438056e-003 1.12454721e-003 2.45286012e-003 1.36841059e-004
    1.97556172e-003 5.60667785e-003 0. 5.66738052e-003 0. 0. 0.
    1.52529334e-003 0. 1.67320122e-003 2.63147056e-003 3.48490500e-003
    1.89714180e-003 6.29612012e-004 1.34296843e-003 1.44757633e-003
    -2.00487510e-003 -3.32856289e-004 0. 4.80329338e-003 9.89485648e-004
    0. 5.82309067e-003 2.29704287e-003 4.43772273e-003 -7.43883196e-004
    0. 0. 5.68111567e-003 0. 1.63023127e-003 2.43074447e-003 0. 0.
    -2.51723133e-004 4.76989755e-003 0. 5.05778356e-004 6.17365702e-004
    0. 5.65452559e-004 2.37598876e-003 2.91836890e-003 0. 0.
    1.46771455e-003 -3.89316498e-004 2.97733513e-003 0. 0.</data></imageDescriptor>
</opencv_storage>
