<?xml version="1.0"?>
<opencv_storage>
<imageDescriptor type_id="opencv-matrix">
  <rows>1</rows>
  <cols>500</cols>
  <dt>f</dt>
  <data>
    1.99119351e-003 1.08035849e-004 0. 7.65586598e-003 1.55966508e-003
    -3.23391729e-003 0. 0. 7.91229028e-003 -1.55545713e-003 0. 0. 0. 0.
    2.14113388e-003 2.12660199e-003 4.23395587e-003 -1.83436627e-004
    2.14204704e-003 -4.04184675e-006 0. 6.42690575e-004 0. 0.
    -7.28606246e-004 0. 1.86062197e-003 4.41327784e-003 6.37908047e-003
    -1.33174355e-003 -1.90210903e-005 0. 2.23802263e-003 2.04937556e-003
    0. 0. 3.08950944e-003 0. 3.49196629e-003 0. 1.08265399e-003
    -2.13443724e-004 1.29542872e-003 9.25809518e-003 1.37996767e-002
    5.05849195e-004 2.83831777e-003 1.66281208e-003 0. 0.
    2.61278823e-003 0. 2.19691405e-003 2.68581277e-003 0. 0.
    -1.74759160e-004 4.47434746e-003 1.47933536e-003 5.07267425e-003 0.
    0. 1.21954801e-002 9.51794721e-003 0. 4.65960568e-003 0. 0.
    1.42639247e-003 2.07097712e-003 1.98914553e-003 5.40840067e-003 0.
    0. 0. -3.72775423e-004 0. 8.46299808e-004 0. -2.63703428e-003 0. 0.
    0. -1.09933829e-003 1.10197840e-002 2.20326334e-003 5.89391100e-004
    0. 0. 4.86849481e-003 0. 0. 0. 3.32220527e-003 -2.23630967e-004
    2.07314407e-003 1.51167170e-003 2.22929753e-003 -8.20360379e-004
    8.65718070e-003 1.42435753e-003 0. 0. 1.97027181e-003
    2.54910695e-003 5.84383588e-003 0. 0. 0. 3.17012216e-003
    4.31601424e-003 7.09559442e-003 0. 3.65007203e-003 9.78068542e-003
    4.44058515e-003 1.02378987e-003 4.96832421e-003 0. 1.37218484e-003
    0. 0. 1.50488806e-004 0. 0. 6.02334226e-003 1.46658672e-003 0. 0.
    3.33279325e-003 1.53290504e-003 6.77719188e-004 0. 5.74917533e-003
    3.48802051e-003 0. 0. 1.87124661e-003 0. 5.57003962e-003 0.
    2.78465194e-003 3.98876844e-003 0. 1.06456084e-002 4.54298873e-003
    5.78014785e-003 0. 0. 0. -6.62458828e-004 1.68138486e-003 0. 0.
    3.21826036e-003 3.66438646e-003 0. 0. 5.38972858e-003
    2.31818864e-004 0. 2.04556528e-003 -1.31625228e-003 9.90939327e-004
    -1.56193075e-003 -6.70094742e-005 0. -4.90896311e-003 0.
    -4.11195622e-004 2.71275523e-003 -4.12201116e-005 0. 2.58265436e-003
    1.47774741e-002 1.78551732e-003 4.35929134e-004 0. 0. 0.
    2.12833798e-003 5.12852706e-003 0. 0. 8.56426824e-003 0.
    1.26380157e-002 -1.42917782e-003 0. 0. 4.54868423e-003 0.
    4.37242161e-005 -9.04628308e-004 3.44710005e-003 -4.31721041e-004 0.
    0. 0. 4.62207710e-003 1.77888258e-003 -2.72608915e-004 0. 0.
    5.87873801e-004 1.74644066e-003 -3.43719241e-003 3.79688106e-003
    2.45018629e-003 2.57246103e-003 1.32313548e-002 0. 0.
    -1.17830653e-003 0. -2.81912088e-003 2.29782518e-003 5.06793242e-003
    0. 0. 0. 1.15094781e-002 0. 2.95339315e-003 8.18323810e-003
    1.05486182e-003 2.22470351e-002 1.37111812e-003 1.16305035e-002 0.
    7.34818820e-003 0. 0. 0. 1.18036650e-003 0. 0. -1.66667521e-003
    1.93990686e-003 0. 0. 0. 0. 4.10045218e-003 2.34171120e-003 0. 0. 0.
    3.65341490e-004 0. 5.74468984e-004 0. 7.11948518e-003 0. 0.
    6.05644798e-003 0. 1.04665374e-002 1.42691249e-003 0.
    9.16337688e-003 2.11394182e-003 5.04209613e-003 1.17277936e-003
    1.12883537e-003 -1.55581126e-003 1.13895573e-002 0. 7.92331353e-004
    4.77615930e-003 -2.73647805e-004 0. 2.47558928e-004 1.37381337e-003
    0. 8.62276461e-003 1.48243841e-003 2.85641896e-003 1.05602189e-003
    0. 4.94629436e-004 0. 5.33218076e-003 0. 5.11499634e-003
    1.36188325e-003 0. 4.43197787e-003 1.72662875e-003 3.31231882e-003
    0. 5.04582468e-003 2.10185070e-003 0. 3.57572036e-003
    2.51721079e-003 2.56886962e-003 -1.09459115e-005 2.33938708e-003
    3.66623164e-003 9.06653423e-003 2.30204035e-003 1.93715387e-003
    -5.72506222e-004 0. 4.87905554e-003 0. 8.49328469e-004 0. 0.
    -7.40027754e-003 1.72544480e-003 0. -1.37225445e-003 9.28009953e-003
    8.30448419e-003 0. 2.41764635e-003 0. 0. 9.54224728e-004 0. 0.
    1.05897170e-002 0. 0. 0. 2.23950390e-003 6.67045591e-003
    6.59105275e-003 -1.55652233e-004 0. 0. 0. 0. 0. -5.92837692e-004
    3.10917455e-003 0. -4.24114987e-003 3.46550834e-003 0. 0.
    6.74378360e-003 1.19381456e-003 0. 0. 6.77154446e-003 0. 0. 0.
    1.03903087e-002 0. 2.97872652e-003 1.16462028e-003 -1.16330129e-003
    4.41643037e-003 0. 8.77837374e-005 0. 0. 0. 0. 9.14179534e-003
    6.72790920e-003 0. 6.62707863e-003 0. 3.17243650e-003 0.
    -4.55077388e-004 1.21706992e-003 0. 0. 9.82256141e-003
    1.30262948e-003 0. 0. 2.96178786e-003 0. -1.29800243e-003 0.
    -3.79060308e-004 3.45575926e-003 0. 0. 1.08078597e-002 0. 0. 0. 0.
    4.90945857e-003 9.93086025e-003 1.13001037e-002 0. 0. 0.
    2.41897372e-003 0. 0. 7.54323369e-003 7.45021552e-003 0. 0. 0.
    4.00214503e-003 0. 1.90420391e-003 0. 9.01646726e-003
    -2.97987081e-005 0. 1.29801477e-003 5.00699319e-003 1.81816313e-002
    0. 0. 0. 1.30200188e-003 0. 0. 9.14285891e-003 0. 0. 1.97604112e-003
    -1.50465383e-003 2.58630235e-003 3.97527637e-003 7.44142756e-003
    6.45838864e-003 6.18870882e-003 0. 2.47628381e-003 0.
    5.99423982e-003 1.71640627e-002 1.72490848e-003 0. 1.52450055e-004
    2.67490093e-003 0. 0. 0. 0. 1.02190056e-003 0. -4.67347121e-003
    5.02125174e-003 2.56529660e-003 6.08880026e-003 3.35798110e-003 0.
    3.51504376e-003 1.47521624e-003 5.53350954e-004 8.92986823e-003 0.
    0. 4.47979569e-003 1.27660134e-003 0. 1.52353034e-003
    3.44674499e-003 0. 1.23665119e-002 1.50886975e-004 2.16342020e-003
    -5.73949190e-003 0. 6.37324480e-003 1.92586740e-003 0.
    2.06038146e-003 0. 0. 1.14375371e-002 0. 1.09884208e-002
    -6.76389609e-004 -3.91271757e-003 0. 7.75280036e-003 0.
    3.91239580e-003 8.00159946e-003 2.93471687e-003 0. 0.
    1.52482733e-003 4.75403341e-003 1.36900193e-003 0. 1.33713568e-002
    4.15407633e-003 1.34906394e-003 6.66240137e-003 8.24420527e-003
    -3.58526922e-005 1.76891556e-003 0.</data></imageDescriptor>
</opencv_storage>
