<?xml version="1.0"?>
<opencv_storage>
<imageDescriptor type_id="opencv-matrix">
  <rows>1</rows>
  <cols>500</cols>
  <dt>f</dt>
  <data>
    4.06132825e-003 8.57394189e-005 0. 0. 0. 0. 0. 0. 4.98895347e-003
    9.67047294e-004 0. 0. 0. 0. 0. 3.04674031e-003 4.94822813e-003
    3.55149806e-003 0. 8.45134258e-004 -7.56800175e-004 0. 0.
    7.37393042e-003 6.76012877e-003 4.74249758e-003 9.50040948e-003
    2.14692578e-003 1.00249052e-003 1.71308313e-003 0. 0.
    -3.34965356e-004 -8.31432641e-004 1.65998843e-003 2.43592961e-003
    9.63792205e-003 0. 0. 9.76348668e-003 0. 0. 1.70428853e-003
    2.93877302e-003 4.02102806e-003 0. 8.40008538e-003 0.
    2.80341390e-003 3.21298838e-003 6.24864711e-004 0. 0. 0. 0. 0.
    4.89418162e-003 1.00921188e-002 0. 1.05308592e-002 -1.65628130e-003
    0. 5.46766818e-003 2.76575121e-003 5.99749095e-004 2.71767331e-003
    0. 2.85722315e-003 0. 0. 3.33250663e-003 8.14958662e-003 0. 0.
    1.90739217e-003 0. 0. 5.91139123e-003 0. 1.86882063e-003 0.
    1.34662818e-002 -3.44215514e-004 2.49936408e-003 2.70205457e-003
    -5.60410903e-004 7.45892851e-003 0. -5.88815368e-004 3.82110616e-003
    1.58833805e-003 0. 0. 0. 1.64250936e-002 0. 0. 0. 2.32123816e-003
    6.46877475e-003 0. 0. 1.83639396e-003 6.94153458e-003 0. 0. 0.
    1.75541523e-003 2.77611241e-003 -6.93363472e-005 -3.48724239e-003
    2.39557819e-003 0. 0. 0. 0. 0. 0. 0. -1.16933906e-003 0. 0.
    2.75422877e-004 5.38791995e-003 0. 0. 1.35744959e-002 0. 0.
    1.30976420e-002 0. -3.50941415e-003 0. 1.65591703e-003
    4.58187563e-003 0. 4.79925144e-003 1.06043629e-002 0.
    2.21996428e-003 0. 1.48048857e-003 6.58034487e-003 0.
    2.49021081e-003 -1.92152220e-003 7.48399412e-004 5.31003904e-003 0.
    2.28211377e-003 6.61760103e-003 0. 3.54783214e-003 0.
    -4.47623839e-004 0. 1.06450822e-003 5.36448974e-003 0.
    -2.10648915e-003 4.11857851e-003 0. 3.35825374e-003 5.72996726e-003
    0. 0. 0. -1.25325198e-004 0. 1.39665033e-003 -2.93239427e-004 0. 0.
    1.72212929e-003 0. 0. 1.67357351e-003 0. 0. 0. 3.78219481e-003 0. 0.
    1.67344660e-002 0. 5.13868919e-003 -3.02813947e-003 0. 0.
    5.44616906e-003 0. 0. 0. 0. -6.28651353e-004 2.48433230e-003 0. 0.
    2.02810904e-003 0. 3.57515085e-003 0. -1.80058274e-003
    1.14266900e-003 0. 6.46148910e-005 1.55699961e-002 2.17364775e-003
    -5.03761636e-004 3.61178303e-003 0. 0. 0. 5.17335162e-003 0.
    9.11600771e-004 0. 5.86993620e-003 0. 0. 0. 1.45519776e-002
    4.91879601e-003 4.07058001e-003 -2.36371974e-003 3.56285786e-003 0.
    3.20634479e-003 0. 0. 5.77231450e-003 8.41392949e-003 0.
    3.99185810e-003 0. 2.62126530e-004 4.72802436e-003 1.66904356e-003
    0. 2.37606023e-003 0. 0. 8.22226424e-003 5.02856448e-003
    1.25650235e-003 0. 7.28076091e-003 0. -1.19736837e-003 0.
    -7.50992476e-005 0. 0. 0. 0. 7.02644698e-004 0. 1.81391125e-003 0.
    0. -1.21587189e-003 0. 7.02304859e-003 8.88042094e-004
    -7.90204358e-005 5.09278267e-004 2.55879480e-003 0. 0. 0. 0. 0. 0.
    0. 0. 0. 0. 4.91280574e-003 7.31286826e-004 7.36349204e-004
    1.09363077e-002 -5.00662019e-004 1.54898483e-002 0. 7.38322176e-003
    -4.90914681e-004 0. 0. -6.11699303e-004 0. -1.12374604e-003
    9.94348433e-003 1.47058014e-002 0. -1.52962122e-004 1.82189874e-003
    0. 8.53212550e-003 1.24379722e-002 8.04963708e-003 0.
    2.32483130e-002 0. -2.41040462e-003 0. 2.52836850e-003
    -1.55576121e-003 3.59050976e-003 0. -1.01119548e-003 0.
    -1.16059976e-003 4.21604002e-003 1.89485203e-003 0. 7.14875897e-003
    1.21478178e-003 0. 5.78865130e-003 0. 3.99720995e-003 0.
    4.51676641e-003 5.18243108e-003 3.11220437e-003 0. 0.
    4.50029410e-003 2.74969032e-003 0. 3.33559699e-003 2.79159227e-004
    0. 1.79833069e-003 0. 1.81750581e-003 0. 0. 5.84663823e-003 0.
    1.38303395e-002 0. 4.83001024e-003 6.60082977e-003 0. 0. 0.
    -1.26145117e-003 0. 2.82672211e-003 0. 1.11066527e-003
    7.66892172e-003 0. 1.56086846e-003 0. 0. 2.47190660e-003 0.
    1.79131213e-003 0. 2.47542467e-003 4.61239321e-003 2.09438498e-003
    0. 0. 4.04891651e-003 0. 1.43557396e-002 0. 0. 1.48322154e-002 0.
    -6.28443551e-004 0. 0. 0. 0. 2.28671031e-003 3.68091720e-003 0.
    7.32163480e-003 0. 1.38086593e-002 1.69281542e-004 -2.89962394e-004
    -1.51202444e-003 0. 0. 1.48613472e-003 5.22277132e-003 0.
    1.12952897e-003 0. 2.03411025e-003 0. 2.95720599e-003 0. 0. 0.
    6.03623828e-003 7.75996177e-003 2.29926268e-003 -1.25532434e-003 0.
    0. 0. 4.18840628e-003 0. 1.03756832e-003 0. 0. 0. 0. 3.67957371e-004
    0. -7.41873402e-004 0. 0. 0. 0. 2.43804464e-003 5.11646410e-003
    2.03934917e-003 2.17824127e-003 1.00960885e-003 0. 1.05633512e-002
    1.74044110e-002 3.60718928e-004 0. 1.69237964e-002 6.23448100e-003
    2.38741166e-003 0. 1.27160829e-002 4.75587975e-003 1.84070633e-003
    3.23362346e-003 4.02841112e-003 0. 1.14290565e-002 0. 0. 0.
    5.38576953e-003 8.20677914e-003 0. 0. 0. 0. 6.31799572e-004 0. 0. 0.
    3.84001504e-003 1.04417680e-002 0. 8.78931396e-003 0.
    4.24117688e-003 1.01732323e-002 0. 0. 0. 0. 7.89929356e-004
    1.44303706e-003 0. 2.08735559e-003 0. 0. 0. 0. 0. 0. 0. 0.
    6.39111130e-003 0. 0. 7.90740177e-003 3.38761788e-003
    6.12979010e-003 0. 0. 0. 7.06527149e-003 9.42354964e-005 0. 0.
    1.64166174e-003 0. 0. 0. 0. 8.46647937e-003 0. 0. 0.</data></imageDescriptor>
</opencv_storage>
