<?xml version="1.0"?>
<opencv_storage>
<imageDescriptor type_id="opencv-matrix">
  <rows>1</rows>
  <cols>500</cols>
  <dt>f</dt>
  <data>
    0. -1.97243597e-003 0. 0. 0. 0. 0. 5.23994630e-003 3.70438443e-003
    2.25029280e-003 -6.01560576e-003 0. 0. 0. 0. 1.70243985e-003 0.
    1.45982308e-002 1.72861095e-003 3.45222652e-003 7.48355687e-003 0.
    0. -4.13430855e-003 4.94500296e-003 1.35059347e-002 9.42139595e-004
    0. 7.65581033e-004 0. 2.59785121e-003 0. 0. 0. 7.96482060e-003
    7.94860069e-003 0. 0. 3.34283221e-003 2.54350272e-003 0.
    7.35340035e-003 0. 8.60279333e-003 0. 1.33347064e-002 0. 0. 0. 0.
    6.70714537e-003 5.52589167e-003 0. 0. 0. 8.23857263e-003 0. 0.
    -1.74044538e-003 1.60283491e-003 0. 5.29824616e-003 0. 0.
    2.03458616e-003 -4.05821577e-003 0. 0. 0. -1.60288735e-004 0.
    4.90135746e-003 0. 0. 0. 0. 0. 1.08073317e-002 7.67890690e-003
    3.69797088e-003 0. 2.73214672e-002 0. 1.05061000e-002 0.
    -4.70218773e-004 0. 0. 2.31252378e-003 1.01074027e-002
    4.74290020e-004 0. 0. 0. 1.16672518e-003 7.85066187e-003
    2.70884624e-003 0. 2.67037423e-003 0. -1.33954419e-003
    2.60054157e-003 0. 5.12053352e-003 0. 0. -1.62311376e-003
    8.04067962e-003 -7.72638668e-005 2.33077421e-003 0. 0. 0.
    -2.68535176e-003 0. 0. 0. 0. 0. 3.46020632e-003 -5.08142228e-004 0.
    2.05129688e-003 0. 0. 6.75401464e-003 0. 0. 0. -1.08320464e-003
    3.34414479e-004 0. 0. 1.96022284e-003 0. 0. 4.84759919e-003 0.
    -2.70062592e-004 0. 0. 0. 5.78310713e-003 0. 4.78066504e-003 0. 0.
    6.45565242e-003 0. 3.42811970e-003 0. 5.34289470e-003
    -1.76060316e-003 0. 2.28229798e-002 0. 0. 0. 0. -1.90151809e-003
    1.41414593e-003 0. 0. 1.82360392e-002 -4.46241908e-003 0. 0.
    8.26955424e-004 0. 5.58844348e-003 0. 8.20009969e-003 0.
    3.66823189e-002 0. 0. 0. 0. -1.26655767e-004 1.54061122e-002
    2.94639496e-003 0. 0. 0. 8.43704864e-003 0. 2.03364971e-003 0. 0.
    1.19189394e-003 0. 0. 2.84957350e-003 6.41776074e-004 0. 0.
    -3.41785909e-003 0. 0. 9.71357059e-003 -1.63447170e-003 0. 0. 0.
    2.01276271e-003 5.46673266e-003 8.09467770e-003 2.41624168e-003
    2.44581047e-003 3.71017726e-003 5.73193468e-003 3.63215618e-003 0.
    3.44771123e-003 6.95978990e-003 4.84884111e-003 0. 6.56178081e-003
    -1.86321151e-003 1.45719768e-002 0. 0. 0. 0. 5.93666919e-003 0. 0.
    4.81058937e-003 7.60798808e-003 4.37934091e-003 0. 4.66397917e-003
    4.95110312e-003 0. 0. 5.51047444e-004 0. 0. 0. 0. 6.79656351e-003
    -4.35055979e-003 0. 0. 1.96546828e-003 6.49829861e-003 0. 0. 0.
    -1.19678356e-004 0. 0. 4.68679005e-003 0. 1.12517597e-002 0. 0. 0.
    1.08841667e-002 0. 2.35377043e-003 0. 0. 0. 2.68579368e-003
    3.45293229e-004 -2.10480066e-003 1.06100217e-002 0. 0.
    5.69199398e-003 1.29549215e-002 -4.57028247e-004 -1.69450685e-003 0.
    3.76198837e-003 1.11891720e-002 0. 0. 0. 6.75533433e-003
    3.96338757e-003 3.68486485e-003 1.16976630e-003 1.47311958e-002
    -5.50101930e-003 4.01219912e-003 0. -4.34587663e-003 0.
    4.20911005e-003 0. 4.19180887e-003 0. 0. 6.58535864e-003
    7.26646651e-003 -1.26856135e-003 1.56509189e-003 0. 1.43858115e-003
    0. 1.59048790e-003 5.52650657e-004 0. 0. 3.04528233e-003
    2.94706086e-003 0. 8.95660650e-003 8.97120219e-003 -8.08808953e-004
    1.05524175e-002 0. 0. 0. 1.17109818e-002 0. 3.08763282e-003 0. 0. 0.
    1.02196087e-003 4.77100397e-003 0. 1.33526474e-002 3.56231607e-003
    0. 2.22240691e-003 3.33321164e-003 0. 0. 0. -4.68906714e-004
    8.53518117e-003 -6.34415681e-003 0. 3.16626905e-003 2.27185781e-003
    4.31548152e-003 1.02645950e-003 6.54719351e-003 0. 0. 0.
    8.56361166e-003 0. 0. 5.47615113e-003 1.05348388e-002
    3.48747382e-003 0. 0. 1.06895007e-002 0. 4.39773314e-003 0. 0.
    5.30793611e-003 0. 0. 2.86793942e-003 0. 3.55893141e-003
    1.29796157e-003 0. 0. 0. -2.07470628e-004 3.93728912e-003 0.
    2.42349249e-003 3.46159632e-003 -1.82502918e-004 0. 0.
    1.09459898e-002 0. 1.82225520e-003 0. 0. 0. -7.59988267e-004 0.
    1.42737606e-003 0. 9.10294428e-003 0. 0. 0. 3.12813628e-003 0.
    7.90369115e-004 9.59850033e-004 1.12952443e-003 0. -2.59360444e-004
    6.04578876e-004 0. 0. 4.15593898e-003 0. 5.48047246e-004 0.
    1.81971933e-003 0. 1.16214054e-002 0. 0. 0. 0. 5.23873186e-003
    8.80050473e-003 4.46846755e-003 1.55655611e-002 1.15620205e-002
    3.46612628e-003 0. 0. 2.81498162e-003 2.75876140e-003 0. 0. 0. 0. 0.
    4.16596467e-003 0. 2.90326425e-003 -2.13186024e-003 0. 0. 0.
    4.30233544e-003 1.23638697e-002 0. 0. 0. -1.01954991e-003 0. 0.
    1.64026441e-003 0. 0. 6.12711580e-003 0. 3.98184033e-003
    2.76986440e-003 4.81488369e-003 6.80441910e-004 0. 0.
    -3.60390055e-003 2.71208608e-003 0. 5.00288035e-004 9.58134478e-004
    3.82600469e-003 4.60479455e-003 4.37239837e-003 1.05990586e-003
    4.07872954e-003 0. 0. 0. 0. 0. 3.42075666e-003 0. 0. 5.27303433e-003
    9.40548070e-003 0. 0. 0. -1.09194522e-003 0. 0. 0. -4.94312588e-003
    0. 1.87623012e-003 0. 1.33061968e-002 0. 0. 2.57355138e-003
    -5.07989246e-003 0. 0. 4.78871074e-003 0. 0. 3.48880095e-003 0.
    2.60289246e-003 0. 2.13230471e-003 0. 9.09190811e-003</data></imageDescriptor>
</opencv_storage>
