<?xml version="1.0"?>
<opencv_storage>
<imageDescriptor type_id="opencv-matrix">
  <rows>1</rows>
  <cols>500</cols>
  <dt>f</dt>
  <data>
    2.00796990e-006 0. 0. 4.08480549e-003 0. -2.80101388e-003
    2.74069584e-003 0. 3.16231791e-003 0. 0. 0. 1.16194142e-002
    5.48776193e-003 -1.10584474e-003 1.36779249e-003 0. 9.48220585e-003
    0. 1.28317962e-003 1.08215474e-002 5.71445154e-004 -5.73968515e-004
    3.73533415e-003 4.23253095e-003 4.88870870e-003 0. 0.
    4.03395295e-003 -3.44852917e-003 4.70685679e-003 -1.55351940e-004 0.
    9.03526973e-003 -4.95145097e-003 1.33817689e-003 4.83907014e-003 0.
    6.05587661e-003 2.28229538e-003 0. 1.41878147e-002 0.
    6.04821090e-003 0. 6.83228439e-003 1.51028822e-003 2.21875077e-003
    0. -2.44581373e-003 0. 0. 5.06809819e-003 0. 0. 0. 0. 0. 0.
    2.65488354e-003 1.72330800e-003 1.72259912e-004 1.24134903e-003
    4.84110147e-004 0. 3.19254166e-003 3.28848674e-003 0.
    1.04346743e-003 0. -1.80580281e-003 1.06220809e-003 2.66859075e-003
    5.87708969e-003 3.52658704e-003 0. 0. 0. 7.61224981e-003
    1.60239986e-003 0. -1.39038742e-003 0. -3.35151004e-003
    2.66165636e-003 2.90321046e-003 2.36891955e-003 0. 3.81935760e-003
    0. 5.46514615e-003 9.90316272e-003 1.89967721e-003 -2.93550477e-003
    7.45873945e-003 0. 2.11551014e-004 0. -1.24087068e-003
    -2.07085963e-004 0. 0. 0. -1.06936530e-003 0. 0. 0. 0.
    3.49730789e-003 6.90929638e-003 0. 6.04550762e-004 0.
    2.98881531e-003 3.00466688e-003 0. 0. 1.45132933e-003 0. 0. 0.
    8.04195472e-004 8.99518002e-003 0. 0. 0. 0. 1.22904880e-002
    3.99118848e-003 -1.34760235e-003 0. 0. 0. 2.31017708e-003 0.
    4.01058095e-003 3.50686227e-004 7.97946751e-003 -2.31537898e-003
    -1.75328366e-003 0. 4.32484876e-003 1.10623124e-003 2.78478232e-003
    0. 0. 0. 3.22884275e-003 0. 0. 8.25720653e-003 9.01473453e-004
    1.28261698e-003 0. 7.40860775e-003 9.88258887e-003 1.87025100e-004
    -5.34779567e-004 -4.59711999e-004 8.44173599e-003 -1.24270539e-003
    0. 3.50172142e-003 7.80128688e-003 0. 1.03918444e-002
    1.16448745e-003 5.92458155e-003 0. 0. 2.12027505e-003 0. 0.
    7.71355443e-003 -1.40508404e-003 2.46543088e-003 0. 0. 0. 0.
    3.97950131e-003 0. 2.68603140e-003 0. 7.05520669e-003
    6.31874520e-003 0. 0. 7.57388829e-004 0. 0. 0. 0. 0. 2.22594175e-003
    4.73431032e-003 9.57404915e-003 3.39071709e-003 0. 1.07875923e-002
    -2.03731295e-004 0. 2.26403703e-003 0. 2.85471883e-003
    4.95652203e-003 0. 0. 0. 5.14030736e-003 1.16286445e-002 0.
    -1.12354313e-003 0. 2.92521738e-003 4.33268445e-003 -1.07193470e-003
    1.20728025e-002 7.42200064e-003 7.89244100e-003 2.35185842e-003 0.
    1.97135378e-003 0. 5.39706694e-003 0. 0. 0. 0. 1.90678111e-003 0.
    3.13807395e-003 1.57430246e-002 -4.20641358e-004 1.48890922e-002
    5.02973935e-003 8.68261908e-004 -4.28405183e-004 0. 0.
    1.76469993e-003 -2.01665610e-003 0. 0. 0. 2.04378460e-003
    8.97346763e-004 4.39207535e-003 0. 0. 3.46381357e-003
    -1.53118675e-003 6.96261553e-003 0. 0. 0. 7.44136109e-004 0. 0. 0.
    0. 0. 2.91391020e-003 4.34478605e-003 1.11367193e-003 0.
    2.23093270e-003 5.92198689e-004 6.36773137e-003 0. 2.50678137e-003
    -1.50686991e-003 -1.63392935e-004 1.79837516e-003 3.13880574e-003 0.
    2.22075451e-003 0. 0. 0. 0. 0. 3.92612955e-003 0. 6.08390616e-003
    2.80197430e-003 0. 2.70032254e-003 -4.79092560e-004 0.
    1.60006224e-003 4.58758650e-003 0. 2.32960214e-003 0.
    2.20069941e-003 4.45765583e-003 0. 4.97191353e-003 4.77859331e-003
    3.72866378e-003 0. 6.67964714e-003 4.17534076e-003 0.
    5.27884811e-003 0. 5.51510323e-003 -2.35975301e-003 -4.14457725e-004
    7.86242483e-004 2.21568067e-003 4.25155880e-003 0. 0.
    1.17832876e-003 5.52486908e-003 1.07168350e-002 7.05032656e-003 0.
    0. 0. 4.15715340e-006 0. 0. 0. 0. 0. 8.77330778e-004 4.25023027e-003
    1.86049775e-003 1.52858882e-003 0. -9.15668788e-004 0.
    1.87851617e-003 6.83062803e-003 0. 2.59531802e-003 -1.22038973e-003
    0. 1.38842985e-002 -2.16473313e-003 2.49998947e-003 1.02446845e-003
    0. 3.16400197e-003 0. 2.32478417e-003 0. 0. 1.58113036e-002
    3.32272751e-003 1.31401764e-002 0. 7.69997342e-003 1.50288257e-003
    1.56659086e-003 0. 0. 7.23778550e-003 0. 0. 0. 4.12626145e-003
    4.82251169e-003 0. 0. -3.95172712e-004 2.77104322e-003 0.
    2.09461432e-003 1.39135988e-002 0. 3.16493399e-003 0. 0.
    1.19170221e-003 1.39347641e-002 9.41136014e-003 0. 0. 0.
    -2.72895209e-003 1.08561129e-003 0. 5.80923865e-003 0.
    7.71929044e-003 5.16249985e-003 7.55222142e-003 0. 1.43724466e-002
    2.81772786e-003 0. 1.63215015e-003 -1.39974826e-003 0.
    -1.26259925e-004 5.28133125e-004 2.06695497e-003 -9.31547314e-004
    1.13694398e-002 -2.09989608e-003 -5.85113419e-004 0. 7.39035988e-003
    0. 2.30285455e-003 0. 6.68958435e-003 1.70022994e-002
    2.98435939e-003 1.98946669e-004 0. 0. -2.02552648e-003 0.
    -2.58157292e-004 0. 2.62516877e-003 7.04283314e-003 0.
    4.57356567e-004 -8.26356758e-004 -1.50858704e-003 1.17958966e-003
    8.40769056e-003 -3.08206794e-003 4.69150138e-004 0. -3.30719311e-004
    0. -4.22458077e-004 0. 0. 2.73298402e-003 6.88409712e-003
    -3.83533305e-004 0. 6.56958949e-003 0. 1.54535277e-002
    3.01226997e-003 2.65428727e-003 1.12055452e-003 -2.67172302e-003
    2.29693600e-003 1.21930055e-002 2.17989646e-003 2.63410085e-003
    -4.08858294e-003 0. 1.46013591e-003 5.47162071e-003 0. 0.
    3.20542580e-003 -3.60465143e-004 0. 1.93254382e-003 0. 0.
    4.94001852e-003 0. 6.00072090e-003 2.72127218e-003 0.
    5.81461878e-004 -1.18344137e-003 0. 5.15460549e-003 0.
    2.27499101e-003 2.49348534e-003 0. -4.04272665e-004 1.27636571e-003
    2.02535233e-003 9.08543298e-004 3.85463587e-003 1.09514138e-002 0.
    1.04136567e-003 0. 1.01706141e-003 7.44854193e-003 0.
    5.33243921e-003 2.90906918e-003 4.06200951e-003 0. 0.
    -8.41453439e-004 8.90142098e-003 0. 4.27310867e-003 1.34259718e-003
    2.13475875e-003 5.83214744e-004</data></imageDescriptor>
</opencv_storage>
