<?xml version="1.0"?>
<opencv_storage>
<imageDescriptor type_id="opencv-matrix">
  <rows>1</rows>
  <cols>500</cols>
  <dt>f</dt>
  <data>
    0. -2.58384994e-003 0. 0. 4.63947468e-003 -6.96800475e-004
    1.54220313e-002 1.45132770e-003 1.54599478e-003 4.33805445e-003
    1.42787769e-003 2.46298872e-003 0. -1.03477982e-003 -4.25921782e-004
    0. 1.57612679e-003 1.01567367e-002 9.35196178e-004 0. 0.
    7.56125897e-003 1.22500141e-003 5.80455177e-003 0. 8.84455070e-003
    0. 6.06419425e-003 0. 1.06088461e-004 2.27020052e-003
    8.20876099e-004 -1.05480613e-004 -1.16082483e-004 -1.22811552e-003
    2.83241621e-003 6.27835887e-003 0. 1.60059601e-003 7.37629714e-004
    7.85295945e-003 0. -5.07646182e-004 5.21158194e-003 -8.47126823e-004
    2.97385757e-003 4.29759687e-003 0. 4.56435746e-003 1.57566008e-003
    -1.22344922e-004 3.11797112e-003 0. 3.66123696e-003 1.74510200e-003
    3.37228761e-003 8.86092335e-003 1.52863306e-003 6.66858105e-004 0.
    1.72590627e-003 2.30901688e-003 4.71238513e-003 9.53334011e-003
    3.47381050e-004 0. 0. 3.47296405e-003 0. 1.45480139e-002 0.
    1.75492943e-003 0. 0. 4.75474587e-003 0. 0. 0. -1.84513687e-004
    -7.19383534e-004 -3.84423649e-003 1.62130059e-003 0. 6.73820556e-004
    -2.57999254e-005 -4.27445816e-003 0. 4.79444512e-004 0. 0.
    2.16019084e-003 -1.68823067e-003 7.87973031e-003 0. 7.27155362e-004
    0. 5.12546580e-003 1.69744005e-003 4.08256456e-004 1.68869912e-003
    3.01745767e-003 3.48881423e-003 6.90564048e-003 7.70371454e-003
    1.00261811e-003 2.77442019e-003 -1.48786232e-003 2.41081370e-003 0.
    2.98178988e-003 2.70364643e-003 4.07180469e-003 1.86000066e-003
    1.63382362e-003 1.16181569e-002 1.61609857e-003 -7.02303019e-004 0.
    1.19780649e-004 1.02171977e-003 0. 0. 8.62489745e-004
    2.69084494e-003 7.37657910e-003 0. -4.79509908e-004 0.
    6.81991631e-004 9.96863702e-004 0. 8.98404513e-004 0.
    3.48769152e-003 4.50787833e-003 7.98770785e-003 0. 5.52228466e-003
    2.67778290e-003 -6.76882977e-004 0. 5.58332447e-003 0. 0. 0.
    2.38266122e-003 2.98741367e-003 1.08429976e-003 0. 2.19012448e-003
    1.72543351e-003 5.99634914e-005 2.46258662e-003 0. 1.98397832e-003
    4.33367270e-004 0. 0. 1.31772656e-003 5.72666898e-003
    2.61670677e-003 9.69945162e-004 1.20866799e-003 5.46144228e-003 0.
    6.82894234e-003 0. 0. 0. -3.07604030e-004 1.91841796e-002
    6.00827443e-005 1.61949068e-003 5.80034393e-004 4.31461027e-003
    3.68487253e-003 8.72027501e-003 0. 0. 1.86267390e-003 0.
    2.64720456e-003 -4.99206362e-004 9.50828753e-003 5.02280891e-003
    2.25321832e-003 0. 8.11947335e-004 7.23510981e-003 2.94057594e-004
    0. 3.48587823e-003 6.63022324e-003 0. 3.88415734e-004
    4.78876382e-003 7.68694375e-003 5.71324024e-003 7.37136288e-004
    4.09611268e-003 4.29173280e-003 4.47577750e-003 -9.46464017e-004 0.
    0. 2.17452087e-003 6.68753218e-003 4.44141187e-004 0.
    1.26596622e-003 2.09891354e-003 3.40663712e-003 0. 2.02175765e-003
    5.14950510e-003 1.07473473e-003 0. 2.43352121e-003 1.01746211e-003
    0. 1.68280455e-003 0. 6.05947105e-003 5.15187997e-003 0.
    3.47859459e-003 1.44819834e-003 0. 3.19971843e-003 0. 0.
    2.96988734e-003 0. -2.41406169e-003 0. 6.72553142e-004 0. 0.
    5.89558715e-003 5.82426030e-004 4.37360723e-004 -2.76289391e-003
    3.67919146e-003 3.46009480e-003 4.36289329e-003 0. -7.97610148e-004
    0. 3.28031485e-003 3.63769359e-004 3.42363329e-003 7.81674311e-003
    2.23837304e-003 0. 0. 2.90448568e-003 7.04840198e-003
    8.21558107e-003 0. 4.96376539e-004 3.90994392e-004 5.20322705e-003
    4.82457131e-003 3.30562284e-003 8.67095485e-004 0. 0.
    1.70749892e-003 1.69088482e-003 1.68486161e-003 4.27153660e-003
    3.01307719e-003 0. 3.60693061e-003 0. 0. 1.17424561e-003
    3.59431561e-003 6.66624913e-003 2.40722671e-003 0. 7.00697815e-003
    -6.35775723e-005 1.43256143e-003 7.67230580e-004 -1.69892563e-003
    1.64749417e-002 0. 1.02489686e-003 7.77018522e-006 1.50090456e-003
    -2.56417086e-003 8.46470648e-004 4.88613546e-003 4.05030325e-003
    2.27468961e-004 4.98388289e-003 1.03507494e-003 4.01636679e-003 0.
    -5.20705711e-004 2.10985006e-003 3.69174610e-004 4.35471721e-003
    5.95690031e-003 -2.72047706e-004 0. 1.56188128e-003 0.
    2.66864692e-004 1.78719079e-003 2.09469791e-003 2.52563797e-004
    1.10979890e-002 0. 1.06069334e-002 0. -2.56162548e-005
    2.19126139e-003 2.29395437e-003 1.35176012e-003 4.74353647e-003 0.
    1.21053355e-003 2.40309886e-003 3.86181819e-005 7.84451887e-003
    6.23798370e-003 1.11002359e-003 0. 3.66793852e-003 0.
    -2.87281728e-005 0. 2.48873344e-004 3.03743815e-004 3.71706928e-003
    3.06490459e-004 2.82780640e-003 2.66577327e-003 2.14717467e-003
    -2.47467821e-003 1.93856249e-003 0. 7.74475338e-004 2.05675000e-003
    -8.21948750e-004 0. 0. -6.50359871e-005 5.60354500e-004 0. 0.
    4.10425849e-003 1.11062126e-003 0. 5.33075770e-003 -2.35418556e-003
    3.77359614e-003 5.71741676e-003 0. 0. 9.14419536e-004
    1.88750064e-003 2.81479326e-003 3.29673872e-003 2.41761212e-003
    3.92524729e-004 1.01205520e-003 0. 0. 1.15374138e-003
    -1.09728007e-003 1.01207271e-002 3.31254466e-003 3.35629773e-003 0.
    3.74507246e-004 3.55063612e-003 1.02852267e-004 9.00023617e-004
    3.34622129e-003 0. -5.01187169e-004 0. 1.32718460e-005
    2.80021154e-003 4.08410700e-003 3.30815528e-005 0. 0.
    1.67342194e-004 2.72171688e-003 1.44420518e-002 2.77243531e-003
    7.50053115e-003 5.83595480e-004 1.90916471e-003 5.06517361e-004
    4.19231318e-003 2.10902328e-003 6.51349127e-003 3.09130992e-003
    5.84603928e-004 1.47127046e-003 9.09218658e-003 -3.70103051e-004
    4.65045171e-003 7.99195375e-003 2.26361444e-003 3.16033047e-003 0.
    3.61359422e-003 0. 2.15023779e-003 0. -7.29840889e-004
    1.68586243e-003 0. -9.14124612e-005 1.72040157e-003 0.
    2.81903963e-003 0. -6.66012871e-004 3.23984819e-003 -3.88151407e-003
    5.86027373e-003 5.12577873e-003 3.00480984e-003 3.35365674e-003
    1.70726469e-003 1.06543005e-002 2.55034608e-003 -1.23963249e-003
    2.43638060e-003 0. 0. 3.70932207e-003 0. 5.59459068e-003 0.
    6.91130932e-004 5.21722483e-003 9.91480774e-004 1.29998589e-004
    -1.48444355e-003 0. -7.85025535e-004 6.94783230e-004 0. 0.
    9.25646746e-004 0. 3.74230673e-003 1.49621395e-003 0.
    1.36810460e-003 0. -5.69084485e-004 1.27822557e-003 4.00821707e-004
    5.03193866e-003 1.46657671e-003 0. 1.14017352e-003 0.
    3.74369090e-003 3.90289846e-004 1.95465167e-003 3.86751583e-003 0.
    1.11360708e-002 8.31506588e-003 2.34670681e-003 -2.17822730e-003 0.
    5.25546912e-003 -1.13601901e-003 8.69226735e-003 1.02603082e-002
    9.14610829e-003 4.39584535e-003 2.32353294e-003 4.33628773e-003
    8.65785812e-004 0. 0. 0. 0. 1.91013259e-003 3.93597083e-003
    8.67827795e-004 0. 0. 6.59863348e-004 -1.40526063e-005 0. 0.
    3.96516453e-003</data></imageDescriptor>
</opencv_storage>
