<?xml version="1.0"?>
<opencv_storage>
<imageDescriptor type_id="opencv-matrix">
  <rows>1</rows>
  <cols>500</cols>
  <dt>f</dt>
  <data>
    0. 1.75982667e-003 0. 0. 0. 1.05986129e-002 -1.66678755e-003
    5.17992256e-003 0. 6.37009321e-003 0. 0. -5.74004604e-004 0. 0. 0.
    0. 0. 0. 4.35553584e-003 0. 0. 3.46103241e-003 7.51213497e-003
    6.50131516e-003 0. 4.54043067e-004 0. 3.95750720e-003 0. 0. 0. 0. 0.
    1.86830834e-002 0. 0. 0. 0. 4.89053829e-003 1.13344369e-002 0.
    7.49805057e-003 1.00941928e-002 0. 1.57291535e-002 5.94775146e-003
    0. 0. 0. 4.92854230e-003 0. 3.70467687e-003 0. 0. 0. 4.76641254e-003
    0. 0. 0. 0. 0. 1.20890196e-002 -2.01930292e-003 0. 0. 0.
    4.20742435e-003 0. 1.26616880e-002 0. 0. 0. 0. -7.86142237e-003 0.
    1.17174338e-003 0. 0. -2.43236870e-003 0. -1.52997428e-003 0.
    1.21876169e-002 0. 2.07705377e-003 0. -8.78416991e-004
    -6.35757810e-004 1.49279414e-003 0. 1.26964999e-002 7.67401606e-003
    1.54410210e-002 0. 0. 0. 0. 0. 0. 9.47460067e-003 0. 3.42268450e-003
    5.43333702e-002 0. 0. 0. -3.10166564e-004 0. -1.49571931e-003
    3.59325815e-004 0. 0. -7.65157957e-003 0. 0. 0. 0. 0.
    -1.21245522e-003 0. 0. -3.69643723e-003 5.64675033e-003 0.
    3.52507705e-005 0. 2.17016041e-003 0. 0. 0. 1.36858050e-003 0. 0. 0.
    0. -3.69154266e-004 7.77083961e-003 5.74514456e-003 0. 0. 0. 0.
    7.01321103e-003 1.71704963e-002 0. -5.89508004e-003 4.57775313e-003
    0. 4.63927630e-003 0. 6.79943804e-003 0. 4.12642909e-003
    2.84037506e-003 0. 0. 0. 4.65477322e-004 3.10397969e-004 0.
    -3.61598027e-003 0. 0. 0. 0. 0. 0. 0. 1.19906233e-003
    -5.09760750e-004 0. 3.09288898e-003 0. 0. 0. 9.95747745e-004 0.
    2.01517693e-003 5.43420017e-003 0. 4.96047258e-004 0.
    1.26268277e-002 0. 4.77114553e-003 5.24306530e-003 0.
    5.33265248e-003 0. 2.33887509e-003 0. 1.95319764e-003 0. 0.
    1.54798348e-002 6.89993333e-003 0. 0. 1.10908393e-002 0. 0. 0.
    4.78020590e-003 1.48106795e-002 0. 0. 0. 0. 7.82718882e-003
    4.15145187e-003 0. 0. 4.15670173e-003 2.85622734e-003 0.
    3.08146724e-003 0. 0. 0. 0. 0. 0. 0. 2.72641368e-002 0. 0. 0.
    4.70652618e-003 2.65100226e-003 0. 0. 0. 0. 6.63772551e-003
    1.28728012e-002 0. 0. 0. 0. -9.37764300e-004 0. 0. 0.
    3.73895513e-003 0. 6.63459999e-003 0. 0. 0. 0. 6.29840884e-004
    1.06685739e-002 0. 0. 0. 0. 1.72861163e-002 6.53649075e-003
    5.29201841e-003 -6.53619366e-003 3.47739435e-003 0. 1.72316115e-002
    0. -2.90828873e-004 0. 5.33103663e-003 0. 0. 0. 0. 0. 0. 0.
    1.75996008e-003 7.19106430e-003 0. 0. 0. 0. 0. 0. 2.22382303e-002
    2.41371896e-002 3.64419795e-003 0. 0. 0. 0. 0. 0. 1.35416184e-002 0.
    0. 0. 0. 0. 0. 1.10747898e-002 0. -2.98983941e-004 1.27141513e-002
    0. 0. 6.98365131e-003 1.19369384e-003 0. 0. 9.61778034e-003
    1.22983884e-002 -3.70417465e-003 3.35720973e-003 0. -3.73596849e-004
    -3.91650153e-003 4.04735375e-003 1.25117402e-003 0. 0.
    5.26980590e-003 0. 0. 0. 0. 0. 2.43466650e-003 0. 1.07252726e-003
    1.89513806e-003 0. 0. -4.03611688e-003 0. 0. 0. 0. 0. 0. 0.
    4.67278733e-004 1.10586723e-002 0. 0. 0. 0. 0. 0. 0.
    -3.13258439e-004 0. 0. 0. 0. 2.75930273e-003 1.23354595e-003 0. 0.
    0. 8.14379752e-003 0. 4.69380897e-003 0. 9.91806109e-003
    1.58249363e-002 0. -3.05675180e-003 0. 7.25853769e-003 0. 0.
    2.40673986e-003 6.49004418e-004 5.22828288e-003 5.99017694e-005 0.
    7.92705081e-003 -1.06047926e-004 2.53272854e-004 9.71980917e-004
    -9.30430181e-003 0. 0. 4.96638706e-004 -1.61982875e-003 0.
    -7.53804110e-004 0. 0. 1.79877952e-002 0. 0. 2.88697379e-003 0. 0.
    2.39911233e-003 -5.18464658e-004 0. 3.94587358e-003 2.17168545e-003
    0. -4.30631824e-003 7.03773741e-003 0. 0. 0. 6.83372258e-004
    8.11429322e-003 0. 0. 0. 0. 1.45531558e-002 0. 0. 0. 4.27413266e-003
    0. 0. 0. 0. 6.44961046e-003 1.14521512e-003 0. 7.04009843e-004
    1.27608674e-002 -1.37626810e-003 0. 9.39840637e-003 -1.32876128e-004
    0. 0. 5.60527248e-003 -2.71660974e-003 0. 0. 0. 0. -2.42192269e-004
    7.23305158e-003 0. 0. 0. 0. 2.42054160e-003 0. 1.12636350e-002
    4.32641571e-003 7.52337370e-003 -2.85655167e-003 0. 2.71997489e-002
    5.12452563e-004 0. 1.10617280e-002 0. 0. 0. 0. 7.97853863e-004 0. 0.
    0. 0. 0. 2.80944929e-002 0. 4.31747222e-003 4.50301636e-003
    -9.53250390e-004 0. 8.14841222e-003 0. 0. 0. 6.37128323e-005 0. 0.
    0. 0. 2.27913423e-003 1.96398841e-003 0. -7.34172936e-004 0. 0. 0.
    0. 4.88018896e-003 3.55432020e-003 8.67360551e-003 0.
    6.33451017e-003 1.41283940e-003 2.65067932e-003 0. 2.89054541e-003
    -5.14710438e-004 0. 5.36971120e-003</data></imageDescriptor>
</opencv_storage>
