<?xml version="1.0"?>
<opencv_storage>
<imageDescriptor type_id="opencv-matrix">
  <rows>1</rows>
  <cols>500</cols>
  <dt>f</dt>
  <data>
    0. 8.20339099e-003 0. 6.68059615e-003 1.41447745e-002
    -1.90495676e-003 0. 5.07207704e-004 1.16448868e-002 0. 0. 0.
    1.17928314e-003 0. 1.71763008e-003 0. 0. 2.07382273e-002 0. 0.
    1.95590258e-002 -4.16611641e-004 0. -2.17601517e-003
    -8.66185059e-004 3.46349692e-003 9.05405544e-003 1.01731601e-003
    3.65546532e-003 6.94572553e-003 5.30400826e-003 1.92239066e-003
    1.49505970e-003 0. 4.43128636e-003 9.32957628e-004 -6.49397407e-005
    2.86515732e-003 3.64653277e-003 -2.92182015e-003 5.63596142e-004
    3.46962176e-003 -1.17199752e-003 0. 5.65085793e-004 3.97119904e-003
    2.40484299e-003 3.61876213e-003 4.05814312e-003 1.25830076e-004 0.
    7.97516434e-004 0. 0. 0. 3.65448906e-003 4.15414665e-003
    6.35383744e-003 -2.49065645e-003 8.32463615e-004 1.16856443e-003
    -8.68681294e-004 7.25882407e-003 5.50638943e-004 8.45759269e-003
    3.19305435e-003 1.46147022e-002 3.21447640e-003 7.13502173e-004 0.
    5.31977415e-003 0. 0. 3.79759166e-003 -2.26427149e-003
    2.53963377e-003 1.32842141e-003 0. 0. 6.18020957e-003 0.
    1.45167196e-002 -3.84773687e-003 0. 4.86280257e-003 0.
    1.39184482e-003 1.71656196e-003 2.79847928e-003 4.70059551e-003
    -5.32924198e-004 3.62225459e-003 4.97783360e-004 6.74667489e-003
    4.72782506e-003 2.09763902e-003 3.85328080e-003 -1.01599505e-003
    -2.10705772e-003 0. 6.14566321e-004 1.15444115e-003 9.27657168e-003
    9.15498065e-004 0. 3.85540631e-003 0. 7.04519870e-003
    -6.58399891e-004 4.36771475e-003 1.26228167e-003 2.40461063e-003
    1.43104489e-003 0. 0. -9.11056413e-004 2.97166524e-004
    -9.58141463e-004 0. 2.94088852e-003 0. 2.14233762e-003
    4.56121052e-003 2.59297527e-003 1.88178162e-003 0. 0. 0. 0.
    8.59546999e-004 1.90677401e-003 1.25406077e-003 2.36943807e-003 0.
    7.58926477e-003 3.02661746e-003 4.44228016e-003 0. 2.97529809e-003
    0. 2.71773711e-003 1.72371231e-003 3.90718378e-005 -5.02819545e-004
    6.42330328e-004 0. -3.71520757e-004 0. 0. 0. 1.21733255e-003
    1.15926343e-003 1.49757415e-003 3.22727091e-003 8.02037492e-003
    1.34204596e-003 0. 0. 2.62184325e-003 0. -1.10588351e-003
    1.71437615e-003 7.48848030e-003 0. -6.22734136e-004 0.
    -1.66227488e-004 0. 9.36071097e-004 -1.47733581e-003
    -1.43905228e-004 0. -1.26837217e-003 0. 0. 1.59810088e-003
    1.47568230e-002 0. 0. 1.06207922e-003 1.27386756e-003
    1.01827579e-002 0. 0. 0. 2.97510950e-003 -7.06799794e-004 0.
    5.33984683e-004 8.62670131e-003 2.05662511e-002 0. 9.40514077e-003
    0. -1.20158638e-005 1.20507611e-003 0. 0. 0. 0. 0. 7.54509703e-004
    1.52522908e-003 0. 4.31678910e-003 1.83020427e-003 6.87304477e-004
    6.49587484e-004 0. 1.58259943e-002 0. 7.94212334e-003
    -1.82178477e-003 1.87340879e-003 1.20484149e-002 5.68042416e-003 0.
    0. 0. -6.49764854e-003 9.70671605e-003 0. 0. 3.99219943e-003
    1.57720526e-003 -1.30245730e-003 1.38303149e-003 0. 6.46363362e-004
    0. 0. 1.25190159e-002 6.45052269e-003 8.62276275e-003
    1.83262222e-003 -4.23785648e-004 0. -1.94771565e-003 1.47233310e-003
    2.25985399e-003 5.37896482e-003 4.10290901e-003 5.61756082e-004
    -1.84217480e-003 0. 2.91395676e-003 0. 1.54463970e-003
    4.95429290e-003 0. -1.72194093e-003 3.69514542e-004 0. 0.
    8.16061720e-003 3.48289171e-003 0. 1.07282223e-002 0. 0.
    1.76575326e-003 7.42425816e-003 0. 3.91218392e-003 0.
    -2.22111208e-004 8.88575148e-003 3.34981945e-003 4.09867702e-004
    8.54258775e-004 0. 3.03531718e-002 0. 0. 0. 2.54820497e-003
    9.91752255e-004 0. 7.60074798e-003 0. 3.33191594e-003
    5.71711734e-003 8.16751388e-004 0. 2.31938530e-003 0.
    3.18200747e-003 0. 8.23851116e-003 0. 0. 0. 2.22776248e-003 0.
    4.20610746e-003 6.10980298e-003 0. 1.35003333e-003 1.58159691e-003
    2.41550431e-003 3.63830855e-004 1.19953034e-002 0. 5.55587793e-003
    8.79900763e-004 3.40359425e-003 1.55845191e-003 2.47539557e-003 0.
    2.11220747e-003 -1.79108127e-003 1.20902061e-003 0. 5.20568853e-003
    7.20783183e-003 4.88799904e-003 -1.20120740e-003 -6.92893460e-004
    2.04645167e-003 5.20531042e-003 0. 2.78993743e-003 4.86994162e-003
    4.45669662e-004 -8.99482868e-004 1.73085416e-003 1.44251680e-003 0.
    5.01988456e-003 0. 0. 0. 0. 5.92247641e-004 1.78704958e-003 0. 0. 0.
    1.58633653e-003 0. 1.54989620e-003 0. 1.48638932e-003
    1.44754341e-002 0. 5.63272682e-004 6.06691185e-003 -8.21711204e-004
    1.24435639e-003 5.36714215e-003 1.16584171e-003 0. 1.65134808e-003
    0. 0. 0. 9.73440823e-004 -4.51163249e-003 5.05043659e-003
    6.55924855e-003 1.65883806e-002 0. 9.42717586e-003 3.94702237e-003
    0. 8.07508361e-004 0. 0. 9.46004409e-003 0. 0. 0. -4.02448978e-003
    4.77133133e-003 0. 1.27992302e-003 0. 0. 0. 5.78572322e-003
    -1.47965865e-003 0. -1.89229962e-003 1.19798072e-003 9.08229407e-003
    0. 0. 0. 1.89104199e-003 0. 0. -9.47424793e-004 0. 3.03981174e-003
    7.17038242e-003 0. 2.47534178e-003 0. 0. 0. 0. 3.58226174e-003
    3.08990758e-003 1.47271319e-003 -1.14732451e-004 6.35002786e-003 0.
    0. 0. 0. 5.54136932e-003 4.89736861e-003 4.42810496e-003 0. 0. 0.
    -1.64209981e-003 8.06524418e-004 0. 1.45231013e-003 2.11904920e-003
    4.20892502e-005 4.09050845e-003 9.74421622e-004 2.08249292e-003
    -1.14878605e-003 2.26862612e-003 4.06018784e-003 -6.83666999e-003
    2.18865136e-003 1.54184550e-003 3.48561257e-003 1.26604475e-002
    6.67857006e-004 4.73555550e-003 3.31635098e-003 1.39543170e-003
    3.35523277e-003 -1.39530923e-003 0. 0. 0. 2.23937786e-005
    9.73384071e-004 0. 1.42380001e-003 0. 0. 3.65052465e-003 0. 0.
    -1.70645560e-003 0. 0. 1.84420228e-003 0. -2.86962662e-004 0.
    -2.33569671e-003 5.02437004e-004 1.00787645e-002 0. 1.90111005e-003
    7.32233422e-003 0. 6.67655026e-004 2.43169512e-003 -2.10277247e-003
    1.19002152e-003 9.83557012e-003 0. 0. 0. 7.02224486e-003
    1.41008396e-003 0. 1.54906968e-002 9.03826440e-004 4.65814397e-003
    2.19504652e-003 1.19394832e-003 -5.42030670e-004 5.20216906e-003 0.
    0. -3.95358569e-004 -1.87389305e-004 1.51716988e-003
    -1.95483910e-003 3.16181895e-003 2.88463547e-003 2.71240482e-003
    1.34944916e-003 0. 0. 3.25726205e-003 0. 0. 0. 6.75445003e-003</data></imageDescriptor>
</opencv_storage>
