<?xml version="1.0"?>
<opencv_storage>
<imageDescriptor type_id="opencv-matrix">
  <rows>1</rows>
  <cols>500</cols>
  <dt>f</dt>
  <data>
    1.05610453e-002 6.99043553e-003 0. 1.28751891e-002 -1.75624678e-003
    2.46980111e-003 0. 0. 2.11133109e-003 1.46940118e-002 0.
    6.71934220e-004 0. 0. -1.09770102e-003 4.96898917e-003 0.
    1.29411155e-002 3.12213274e-003 1.79182680e-003 3.45173012e-003
    -1.78892887e-003 0. 2.53124163e-004 0. 1.20137294e-003 0. 0. 0.
    5.29224193e-003 0. 2.31135543e-003 0. 0. 0. 0. -1.25642505e-003 0.
    6.39992952e-003 4.44260938e-003 4.74877330e-003 2.52332422e-003
    3.30446195e-003 2.75241188e-003 -3.91215639e-004 2.57124542e-003
    5.13012754e-003 1.93695305e-003 0. 5.47572086e-003 0.
    1.10277580e-003 0. 0. 2.36914353e-003 1.20212114e-003
    1.90908869e-003 8.76661390e-003 0. 2.13230914e-003 0.
    1.77341909e-003 0. 2.37241713e-003 0. -1.83488568e-003 0. 0.
    1.57788090e-004 3.36806639e-003 4.11858410e-003 0. 0.
    6.29421615e-004 1.75737299e-003 4.27244836e-003 3.48695577e-003 0.
    4.55267169e-003 0. 0. 3.57816298e-003 4.81972471e-004
    6.47400180e-003 0. 4.70532523e-003 0. 0. -7.32547021e-004 0.
    -3.93447204e-004 2.18731642e-004 -2.22185103e-004 7.44752260e-003 0.
    0. 6.20753551e-003 1.07433787e-003 3.39467218e-003 -6.81222824e-004
    -4.25319333e-004 3.41947284e-003 0. 1.20757017e-002 0.
    2.37128348e-003 0. 0. 0. 1.11555378e-003 1.12333510e-003 0. 0.
    4.03314689e-003 4.32267925e-003 0. 0. 0. 3.78034497e-003 0. 0. 0.
    1.92444632e-003 1.33886992e-003 1.05895498e-003 0. 0. 0.
    2.15080311e-003 6.93877053e-004 0. 0. 0. 0. 8.15739448e-004
    1.84968603e-003 -1.65018602e-003 1.97736789e-002 -4.23932361e-004
    1.20040458e-002 0. 2.68203989e-002 2.07313313e-003 0. 0.
    1.56962476e-003 -1.05494412e-003 0. 0. 0. 3.56874103e-003 0. 0.
    3.97851970e-003 4.43560211e-003 1.03991730e-002 3.97324516e-003
    2.39249272e-003 2.20469874e-003 1.49859407e-004 1.05821644e-003 0.
    2.31325324e-003 1.17446552e-003 1.31065305e-003 0. 0.
    4.42296639e-003 0. 4.07548249e-003 7.87925441e-003 -7.13018002e-004
    4.42018034e-003 5.54665551e-003 0. 4.04030923e-003 2.78976397e-003
    0. 4.59909625e-003 0. 0. 1.01616997e-002 6.03569020e-003
    1.04131168e-002 0. -2.47294386e-003 3.06162238e-003 0. 0.
    1.13042258e-002 0. 2.02001794e-003 -3.78002902e-003 -1.69152301e-003
    0. 7.33390078e-003 -5.56205574e-004 0. 0. 2.55473843e-003 0.
    7.83648458e-004 0. 0. 4.62657074e-003 0. 4.89169732e-003 0. 0.
    9.74768540e-004 2.69830553e-003 0. 1.54975289e-003 1.13423166e-005
    -1.87502883e-003 0. 0. -1.03462383e-003 0. -1.45715626e-003 0. 0. 0.
    7.58244330e-003 1.34373643e-003 -1.90478563e-003 5.23422495e-004 0.
    0. 4.29450767e-003 0. 8.84068478e-003 1.38064323e-003
    3.25366645e-003 3.79487686e-003 2.70000030e-003 0. 0. 0.
    7.46321457e-004 2.06643320e-003 3.58847738e-003 0. 0.
    5.82619524e-003 -8.35426035e-004 -3.33524332e-003 0. 3.02044046e-003
    -9.93872760e-004 0. 0. 0. 0. 0. -1.32070750e-003 0. 2.03596172e-003
    1.75009808e-003 1.24313971e-002 0. 0. -3.48814210e-004
    1.13197966e-002 3.26921552e-004 4.45015589e-003 2.20373622e-003 0.
    2.95404665e-004 1.15161110e-002 2.58476211e-005 1.43693788e-002
    1.21894036e-003 0. 0. 9.62617516e-004 0. 5.09467733e-004 0. 0.
    7.19223135e-006 0. 0. 8.72707518e-004 3.98709904e-003 0. 0. 0. 0. 0.
    -6.58788835e-004 -7.93446263e-004 0. 2.36244267e-003 0.
    -5.40403789e-003 3.49695073e-003 9.41588357e-003 4.46894625e-003
    7.70510780e-003 -6.70319190e-004 -1.06371415e-004 4.14421130e-003
    6.92057470e-003 -1.92538559e-004 0. 0. 3.16286669e-003 0. 0. 0.
    7.21783945e-005 -4.74855187e-004 2.27779360e-003 1.76371029e-003
    2.36177890e-004 -4.32244764e-004 6.12778170e-003 0. 0. 0. 0.
    7.11052632e-003 2.21840478e-002 0. 0. 8.30935387e-005
    8.69945623e-003 1.77987048e-003 0. 6.22470572e-004 7.20299594e-003
    0. 0. 0. 1.86465005e-003 3.40410974e-003 0. 0. 0. 0. 0.
    -2.26748758e-003 9.83862672e-004 1.57946744e-003 0. 0.
    -1.17869559e-003 4.25938843e-003 2.63196905e-003 0. 0. 0.
    3.46225710e-003 0. 3.75716924e-003 0. 0. 0. 3.49283777e-003
    3.87172610e-003 6.16429560e-003 1.83162782e-002 5.47026703e-003
    6.58543454e-003 0. 3.43209878e-003 4.70325444e-003 0. 0.
    6.32543722e-003 5.78864897e-003 1.13396347e-003 0. 1.21670077e-003
    1.05369864e-002 1.26353549e-002 6.61411369e-003 1.38438278e-004
    2.71886401e-003 0. 3.60294222e-003 3.03273997e-003 5.57355350e-003
    5.01873961e-004 5.66837611e-003 3.52352438e-003 1.23452372e-003
    -5.27381490e-004 0. 5.49919484e-003 -5.49211923e-004 0.
    -7.61243748e-004 0. -2.85889674e-003 0. 4.24513780e-003
    -2.56094470e-004 -3.49848857e-003 4.98553319e-003 2.03161477e-003
    2.21067225e-003 0. 0. 0. 0. 8.37107748e-003 0. 7.53575657e-003
    1.13383532e-002 0. 2.57433415e-003 0. 0. 0. 2.46213702e-003
    -8.20152578e-004 9.00076982e-003 4.46017075e-004 0. 2.30736611e-003
    0. 0. 3.55487969e-003 0. 1.00572594e-002 0. 0. 4.30977030e-004
    1.71226053e-003 1.76500482e-003 2.51058526e-002 0. 8.65554903e-003
    1.13144645e-003 0. 0. -2.98421737e-003 0. 2.66848737e-003 0. 0.
    5.60961897e-003 0. 4.24029259e-003 2.35788967e-003 1.00801606e-002
    0. 8.05111323e-003 1.84298889e-003 -3.35372461e-004 -7.98079465e-003
    3.11730168e-004 0. 0. 5.46721322e-003 0. 4.19711927e-003
    8.95902282e-004 -7.46024656e-004 0. 5.27722342e-003 0.
    3.76045448e-003 -4.79420967e-004 -1.91220141e-003 5.20065520e-003
    1.35485642e-002 8.77012499e-004 2.22648797e-003 1.13817619e-003 0.
    1.49502764e-002 0. -1.98741094e-003 -2.10369984e-003 0.
    1.97751867e-003 1.03770001e-002 3.19704995e-003 2.04993342e-003
    4.36671637e-003 1.02186287e-002 8.34590290e-003 5.26265055e-003 0.
    7.11523229e-004 0. 0. 0. 3.46539193e-003 0. -4.58888011e-003 0. 0.
    8.64136557e-004 0. 7.03732297e-003 3.27844941e-003</data></imageDescriptor>
</opencv_storage>
