<?xml version="1.0"?>
<opencv_storage>
<imageDescriptor type_id="opencv-matrix">
  <rows>1</rows>
  <cols>500</cols>
  <dt>f</dt>
  <data>
    0. 6.94025494e-003 0. 3.31961503e-003 1.59774395e-003 0.
    2.78700539e-003 0. 1.11982571e-002 4.03450616e-003 2.40409910e-003
    2.46327929e-003 0. 1.74689514e-003 0. 0. 0. 1.02935145e-002
    -1.62606745e-003 0. 6.28192071e-003 1.44655574e-002 0.
    4.65452438e-003 5.99501887e-003 4.41812817e-003 3.50019312e-003
    4.76088841e-003 2.68287072e-003 0. 0. 0. 4.78406623e-003
    6.12441171e-003 3.12455755e-004 1.91381387e-003 0. 2.20958027e-003
    -8.90304145e-005 0. 0. 3.50187463e-003 4.63673938e-003
    5.87138347e-003 -8.83061555e-004 0. 0. 4.94868075e-003
    4.66160802e-003 2.26866826e-003 0. 4.48823348e-003 1.78247131e-003
    0. 0. 0. 1.78192439e-003 2.37904140e-003 1.69208320e-003
    2.75176764e-003 0. 5.54723898e-003 7.04909500e-004 0.
    1.54086715e-003 -1.51741100e-004 0. 0. 1.04530086e-003
    -7.53809058e-004 4.48723137e-003 5.68759441e-003 0. 0.
    4.35864786e-003 5.96921006e-003 2.61209533e-003 2.12009787e-003
    -1.75737776e-003 5.86730661e-003 -4.61440487e-003 1.87488068e-002 0.
    -1.26005220e-003 0. -1.52876857e-003 1.46451220e-003 0.
    6.16332190e-003 7.14863185e-003 2.26006960e-003 6.11555576e-003
    1.35041191e-003 1.10903895e-003 0. 7.05549167e-003 4.20350721e-003
    6.58631232e-003 -1.40823886e-005 0. 0. 2.62206001e-003
    3.56493844e-003 -6.99700695e-003 1.87964027e-003 2.96109472e-004
    2.37829750e-003 0. 0. 0. 2.87666451e-003 6.09776750e-003
    3.85457370e-003 0. 1.87357271e-003 7.60139897e-003 2.87350360e-003
    3.60161089e-003 0. 0. 1.42629200e-004 1.66721045e-004
    7.22804014e-003 0. 0. 0. -4.29228705e-004 0. 0. 4.68009879e-004
    -2.32716047e-004 -1.36280851e-003 2.46816198e-003 0. 1.67648715e-003
    0. 7.19127571e-003 3.55913234e-003 0. 0. 2.09115003e-003
    2.47733342e-003 2.78144900e-004 4.09823889e-003 -8.20388610e-004
    3.58740380e-003 1.94063073e-003 7.61873322e-003 0. 1.36194890e-002
    0. 0. 0. 4.70150670e-004 7.86938705e-003 3.64547176e-003
    1.43839950e-002 9.22212377e-003 7.75348069e-003 2.93788081e-003
    5.11244498e-003 1.77640037e-003 4.24276019e-004 3.53454566e-003
    6.39894744e-003 4.81334282e-003 0. 5.31635713e-004 1.51854297e-002
    4.29171463e-003 1.62917504e-003 0. 5.44205401e-003 9.22631752e-003
    1.79660413e-003 -4.39044368e-003 0. 0. 8.99847224e-003 0. 0.
    -7.31820182e-004 2.53756833e-003 0. 2.70901644e-003 2.63026613e-003
    2.71189632e-003 0. 0. 0. 0. 0. 3.96418292e-003 -1.35123578e-003 0.
    0. 2.93070218e-003 0. 0. 1.59187708e-003 5.18609677e-003
    8.70008580e-003 -2.64020055e-004 0. 0. 5.09161968e-004
    5.75911254e-003 2.12353398e-003 1.92502677e-003 8.70273635e-003 0.
    1.63415459e-003 0. -4.43709578e-004 0. 0. 9.56321787e-003
    -5.13982784e-004 2.21375911e-003 -2.94295279e-003 2.22370122e-003
    3.56834917e-003 5.39737334e-003 0. 1.87223544e-003 0. 0.
    1.73077208e-003 2.18307468e-004 3.32093943e-004 0. 0.
    2.56525842e-003 0. 0. 2.09911726e-003 0. 1.29108212e-003
    1.67216302e-003 1.68754382e-003 6.46466296e-003 -7.37955514e-003
    5.52252866e-003 6.79702451e-003 2.17603846e-003 0. 0. 0.
    1.81120908e-004 1.61262527e-002 0. 4.50663792e-004 0. 0. 0. 0.
    8.50169454e-003 2.41087331e-003 0. 0. 0. 0. 6.18293229e-003 0.
    4.12192103e-003 2.59237131e-003 2.35752668e-003 0. 1.06552066e-002
    3.72165302e-003 0. 6.64072623e-003 2.80563766e-003 1.04904221e-003
    0. 0. 0. 3.19704576e-003 0. 1.50482752e-004 2.90203979e-003 0.
    2.23649869e-004 6.47069002e-003 0. 1.10229454e-003 0.
    2.06250604e-003 2.23360839e-003 9.35211219e-003 0. 0.
    2.26045522e-004 2.03529769e-003 0. 1.56162921e-002 4.27210890e-003
    -5.50929573e-004 3.02281114e-003 0. 5.13390731e-003 1.77543343e-003
    2.68507027e-003 1.68572180e-003 3.21831950e-003 0. 1.53006483e-002
    1.45754966e-004 1.57126656e-003 0. 9.17973113e-004 0.
    1.05052805e-002 2.73698336e-003 0. 0. 0. 0. 1.01313498e-002
    9.89119289e-004 1.45363470e-003 5.16687334e-003 3.16647044e-003
    4.34636604e-003 0. 0. 0. 4.36893944e-003 0. -1.21762091e-003
    -2.52417929e-004 0. 0. 0. -1.52634841e-003 0. 0. 0. 7.35843601e-003
    6.93064881e-004 0. 0. -8.59284075e-004 0. 0. 0. 7.90198028e-005 0.
    0. 0. 0. 7.72322016e-003 6.28442457e-003 1.70563732e-003
    1.15602487e-003 6.09672721e-003 2.23890226e-003 2.42299819e-003
    3.19249975e-003 0. 0. 0. 2.39106105e-003 2.69877329e-003
    2.65766343e-004 4.67973482e-003 0. 6.70788577e-003 0.
    7.03541387e-004 0. -3.73189198e-003 0. 3.49119073e-003
    9.90939792e-004 4.55592992e-003 5.25792316e-003 5.40677598e-003 0.
    3.62748443e-003 -1.17140717e-003 0. 2.71509518e-003 3.03493405e-004
    4.23721410e-003 9.29309579e-004 7.35682156e-003 -7.25408609e-004
    -5.40207280e-003 0. 6.25719503e-003 0. 7.98629364e-004
    -6.54534670e-003 0. -7.90279708e-004 3.84648074e-003 4.73708846e-003
    0. 0. 1.91414228e-003 4.54518339e-003 -9.85455117e-004 0. 0.
    1.98957743e-004 0. 0. 3.04958946e-003 2.95606046e-003 0.
    7.39178248e-003 0. -3.74003575e-004 1.53364139e-002 0. 0. 0.
    7.96081871e-003 0. 0. 0. 6.20683935e-003 1.80703984e-003 0. 0. 0.
    1.81442441e-003 1.91769227e-002 6.75035990e-004 0. 3.96139733e-003
    0. 8.73530190e-003 1.96174672e-003 2.82752328e-003 2.80877016e-003
    0. 1.22104899e-003 0. 8.18633940e-003 0. 0. 0. 1.59048964e-003 0. 0.
    1.33924298e-002 0. 5.00688655e-003 1.95603934e-003 5.63916517e-003
    2.96897837e-004 0. 1.35422475e-003 1.17570651e-003 2.25059479e-003
    4.67189675e-004 -8.12804385e-004 7.39480602e-003 0. -7.80615082e-004
    0. 4.11410816e-003 0. 0. 5.71090030e-003 -2.01528147e-003 0. 0.
    2.73343152e-003 0. 0. 3.44247697e-003 1.37566926e-003
    5.70330862e-003 0. 6.30791183e-004 0. -3.29093426e-003
    2.19853385e-003 3.81205144e-004 3.12264101e-003 3.05207958e-003 0.
    0. 8.80385342e-004 4.52974200e-004 -1.57778835e-004 0.
    2.01282455e-005 0. 5.13169495e-003 0. 1.67920056e-003
    5.11401566e-004 -1.91941636e-003 0. 0. 5.98839438e-003</data></imageDescriptor>
</opencv_storage>
