<?xml version="1.0"?>
<opencv_storage>
<imageDescriptor type_id="opencv-matrix">
  <rows>1</rows>
  <cols>500</cols>
  <dt>f</dt>
  <data>
    2.88721127e-003 1.54292386e-003 8.44285125e-004 1.62086124e-003
    3.25398124e-003 1.95892015e-003 4.23464109e-004 3.22460057e-003
    1.95932016e-003 3.18261888e-003 0. 0. 3.02370405e-003
    1.46278762e-003 2.36381730e-003 1.64703780e-003 6.44911954e-004
    1.66464671e-002 4.71317349e-003 7.36064569e-004 9.45399690e-004
    1.85723591e-003 7.68704806e-003 2.61394214e-003 1.00515094e-002
    6.75476901e-003 4.62864200e-003 3.63530545e-003 2.23573460e-003
    -3.23160319e-003 0. 1.77547312e-003 0. -1.86213152e-003 0.
    4.75632172e-004 -3.11222015e-004 0. -1.27176158e-004 2.62934854e-003
    9.85487946e-004 -1.01271807e-003 0. 6.70644594e-003 1.49647892e-003
    2.27970397e-003 3.60870105e-003 7.48179446e-004 9.87917418e-004
    5.05857076e-003 -1.88019825e-004 0. 0. 0. 4.78561589e-004
    1.44638284e-003 1.66126247e-003 1.01278943e-003 4.46469570e-003
    1.36017869e-003 2.78484588e-003 -6.03745924e-004 -9.34061653e-004 0.
    0. 1.52440625e-003 7.84142688e-003 7.15088239e-003 3.86477332e-003
    -4.58142167e-005 -1.33795256e-003 2.80458364e-003 0. 6.75003976e-003
    3.39699024e-003 3.83288879e-003 3.23088578e-004 1.55622524e-003
    1.04828202e-003 3.74491722e-003 6.45178556e-003 5.16345073e-003 0.
    0. 9.63544881e-004 4.87017818e-003 -3.99702112e-005 0.
    5.27807837e-003 0. 0. 1.94585897e-004 7.49125192e-003
    1.07577513e-003 1.59375276e-003 3.35207675e-003 4.27705143e-003
    4.79451288e-003 9.91018955e-004 1.07672717e-003 0. 2.56067957e-003
    3.17726226e-004 -2.52333586e-004 0. 2.09538941e-003 7.75470631e-003
    0. 3.80551838e-003 3.99954431e-003 7.37531902e-003 6.43254071e-003
    0. -1.08484342e-003 1.83954218e-003 7.74491695e-004 1.09005417e-003
    7.86149292e-004 4.44678869e-003 3.44651728e-003 6.37899677e-004
    3.60946264e-003 2.38898094e-003 1.25395588e-003 2.10727798e-003 0.
    2.13709078e-003 1.86880294e-003 2.68167397e-003 2.03364252e-004
    5.43352403e-003 8.67666770e-003 0. 1.70057989e-003 2.28239945e-003
    0. 0. 9.86832660e-004 4.34789713e-003 2.78645894e-003 0.
    2.66571227e-003 4.50510561e-004 6.76185638e-003 5.76846441e-003 0.
    7.35109148e-004 5.49130084e-004 1.19949318e-003 3.43341357e-003
    -1.93701254e-003 0. 5.18276775e-003 0. 3.25306994e-003 0.
    4.62023541e-003 2.65587517e-003 0. 7.20772473e-003 5.88314189e-003
    3.97322048e-003 0. 1.09479344e-002 2.28600809e-003 2.44409917e-003
    1.87325315e-003 -9.80425393e-005 1.50078267e-003 -1.32738694e-003
    1.50257349e-003 9.24015604e-003 1.61250273e-003 1.63446728e-003 0.
    -2.13052798e-003 0. 0. 3.80342174e-003 2.49450491e-003
    1.49818417e-003 2.18172162e-003 5.30859875e-003 3.40835261e-003
    6.60505611e-004 0. 0. 0. -9.69823159e-004 3.34880035e-003
    8.39018030e-004 1.17686344e-003 6.43110415e-003 2.46788515e-003
    1.26534828e-003 1.16387079e-003 1.03679043e-003 0. 0. 0. 0.
    5.09172023e-005 -3.42799234e-004 0. 1.27442565e-003 3.23229772e-003
    7.17075728e-003 3.49920173e-003 -1.97185771e-004 -1.55429146e-003
    6.34316821e-003 1.90203276e-003 1.43813857e-004 0. 3.15150665e-003
    1.17305026e-003 -1.60156866e-003 7.46638793e-003 1.49587449e-003
    4.07755980e-003 0. 0. 3.13726184e-003 1.58998568e-003
    8.28418415e-003 1.48741528e-003 0. 1.27319829e-004 -4.64787794e-004
    -1.55934936e-003 8.18855967e-003 1.92610675e-003 -4.83058502e-005
    1.61240380e-002 3.08325002e-003 0. 1.90419005e-003 1.73839461e-003
    0. 2.84242473e-004 -2.53711507e-004 1.27682241e-003 5.01448102e-003
    3.09641822e-003 9.19425162e-004 2.19541573e-004 0. -6.21271902e-004
    7.74774235e-004 3.12802498e-003 6.38561742e-003 1.68037415e-003
    4.48092731e-004 5.29531669e-003 1.53310120e-003 5.28343662e-004
    -1.85944067e-004 0. 1.15348550e-003 3.41046508e-003 3.52391787e-003
    -9.30346287e-005 6.28456706e-003 4.57098847e-003 -1.20132428e-003 0.
    -1.24860485e-003 2.20607943e-003 0. 4.71097510e-003 5.11791382e-004
    1.17741963e-002 1.54769782e-003 7.27389194e-003 0. 7.27324805e-004
    3.56670236e-003 4.18121635e-004 5.76044386e-003 2.41032452e-003
    -1.95903413e-004 1.73550929e-004 -1.46880673e-004 0. 6.42220071e-003
    -2.67734192e-003 1.41409028e-003 0. 1.71004352e-003 0.
    1.70649693e-003 5.83282846e-004 2.20856210e-003 -2.49010138e-003 0.
    5.94026642e-003 0. 0. 3.31224804e-003 2.28733825e-003
    8.15124903e-003 2.21169181e-003 3.10759526e-003 1.96343125e-003 0.
    3.60931014e-003 6.14795508e-003 2.54978030e-003 1.99338538e-003
    4.23413329e-003 -6.53365860e-005 2.45565269e-003 3.91697045e-004
    6.99995318e-003 8.70368967e-004 3.32154590e-003 4.18495853e-004 0.
    1.84575096e-003 1.38249472e-002 0. 1.68717129e-003 1.13596953e-003
    2.54328665e-003 -4.95667686e-004 1.31779001e-003 8.19823705e-004
    2.06923299e-003 0. 8.05258693e-004 2.82723084e-003 3.58566246e-003
    4.39825177e-004 0. 5.92917087e-004 0. 1.32646164e-004
    1.61262101e-003 0. 3.79101443e-003 1.13914651e-003 3.01496615e-003
    -7.15400267e-004 3.23619461e-004 0. 1.39319210e-003 1.72132684e-003
    0. 1.28206052e-003 1.92410673e-003 0. 0. 4.31080535e-003 0.
    2.92651658e-003 4.81691258e-003 1.45021197e-003 2.73920153e-003
    8.74963123e-003 4.18617716e-003 4.74673510e-003 0. 4.33231331e-003
    -6.27058471e-005 0. 2.35812971e-003 0. 1.54643215e-003
    7.53355736e-004 3.48188588e-003 2.87056714e-003 -7.47917584e-005
    1.23969757e-003 4.06504748e-003 1.02658372e-003 1.31196470e-003 0.
    7.49449828e-004 0. 0. 1.40858663e-003 2.14231247e-003
    1.93701626e-003 -2.66459771e-003 0. 1.04188584e-002 4.66255657e-003
    -2.00108727e-004 4.02476732e-003 1.08662108e-003 8.97846476e-004
    1.58353581e-003 6.63438719e-003 -7.27948674e-004 3.71018075e-003 0.
    2.75114411e-003 8.08486599e-004 -1.89648347e-003 3.61771230e-003
    2.67756241e-003 3.80120170e-003 4.33774013e-003 1.21044426e-003
    2.46831216e-003 0. -6.89681838e-005 7.48475036e-003 2.56508728e-003
    1.13861216e-003 0. 1.02647603e-003 1.90763234e-003 8.33617378e-005
    2.51174369e-003 0. 3.03776213e-003 1.23949174e-003 0.
    -3.12318269e-004 -1.16724009e-003 3.52437817e-003 5.57747902e-003
    6.14646170e-003 3.39265214e-004 4.06115688e-003 0. 7.90265296e-003
    5.50782029e-003 4.60084673e-004 1.55230123e-003 8.89712130e-004
    8.67639086e-004 2.74979859e-003 6.11005211e-003 7.14332424e-003
    2.17809109e-003 0. -2.97322811e-004 -5.91716089e-004 0.
    4.98519838e-003 0. 1.90265581e-003 2.25741928e-003 3.82762752e-003
    1.09677352e-002 3.10813542e-004 0. 0. 2.55805068e-003
    1.50415988e-004 6.44574966e-003 0. 3.15081445e-004 -1.56252994e-004
    4.91139432e-003 0. 7.87455298e-004 1.40422559e-003 2.24829628e-003
    -4.05309460e-004 4.60163457e-004 0. 2.02356512e-003 -1.92478765e-004
    3.10677174e-003 0. 3.83143034e-003 5.10760769e-003 0.
    -2.01554431e-005 0. 6.67880708e-003 3.93655093e-004 0.
    6.60534541e-004 -3.02222994e-004 4.67274431e-003 1.25754753e-003
    5.33841969e-003 4.59683780e-003 1.73530169e-003 -8.25714611e-004
    7.89271493e-004 1.80403213e-003 0. 3.62440874e-003 2.67712213e-003
    0. 0. 0. 0. 1.27376523e-003 1.48364098e-003 2.20784088e-004
    7.59161869e-003 0. 6.13925280e-003 0.</data></imageDescriptor>
</opencv_storage>
