<?xml version="1.0"?>
<opencv_storage>
<imageDescriptor type_id="opencv-matrix">
  <rows>1</rows>
  <cols>500</cols>
  <dt>f</dt>
  <data>
    -2.68492755e-003 1.99782266e-003 8.97836499e-003 1.29616656e-003
    -9.01195046e-004 4.68478026e-003 3.69345001e-003 0. 0.
    1.18931243e-003 0. 2.45656911e-003 2.35973508e-003 -6.05349953e-004
    0. 5.94640151e-004 0. 5.89861302e-003 5.86429611e-004 0.
    7.74271088e-003 0. 4.24180878e-003 3.35921999e-003 4.85044392e-003
    -3.04720481e-004 4.39950358e-003 2.06755521e-003 2.87700514e-003
    -2.25799601e-003 0. 0. 0. 4.88041760e-003 0. 9.41273663e-003
    5.23471972e-003 0. 0. 9.91679169e-003 9.35752352e-004 0. 0.
    1.37659740e-002 0. -7.15450663e-003 -8.52858298e-004 2.81041692e-004
    4.31023631e-003 4.18968406e-003 0. 0. 3.69246537e-003
    8.04029498e-003 1.27267395e-003 2.36589322e-003 1.25532810e-004
    2.11156346e-003 3.59436497e-003 -2.32577513e-005 1.84146482e-002 0.
    4.14266251e-003 1.21319672e-005 -3.68926630e-005 0. 4.64076758e-004
    -1.35123369e-003 2.79188063e-003 1.57058134e-003 5.80089726e-003
    3.98829998e-003 1.68591132e-003 3.92353581e-003 4.39326605e-003
    1.22155789e-002 0. 3.56376241e-003 0. 2.62230751e-003
    5.01927047e-004 0. 0. 2.75534787e-003 -4.64409357e-004
    6.31503342e-003 1.15182046e-002 -1.32789533e-003 4.68093378e-004 0.
    4.27744148e-004 3.68786207e-003 2.47545569e-004 0. 0.
    8.41113180e-003 2.58037308e-003 8.28980061e-004 1.35740254e-003
    5.58994012e-003 2.56960490e-003 0. 0. 0. 3.89659172e-003
    2.42233812e-003 3.02050053e-003 3.92857520e-003 1.80025538e-003 0.
    0. 6.76616654e-003 4.00289719e-004 1.14794704e-003 1.92395889e-003
    5.75944502e-003 1.54796161e-003 1.25621690e-003 1.83186308e-002
    2.32462626e-004 1.09406619e-003 7.33948895e-004 -1.61568751e-003
    -1.01946772e-003 6.62864279e-003 0. 6.41783234e-003 0.
    3.66360904e-003 2.18493060e-005 0. -2.93183327e-003 1.46478647e-003
    6.31329080e-004 5.57111250e-003 0. 0. 1.03956624e-003
    -1.49684062e-003 -2.00787326e-003 9.86066833e-003 3.11331102e-003
    3.27141886e-003 2.16796761e-003 2.40692054e-003 9.37558885e-004 0.
    2.13633175e-003 0. 3.18286358e-004 0. 0. 1.33298931e-003 0. 0.
    -5.70704404e-004 0. 3.71191069e-004 1.86394004e-003 0.
    8.83405621e-004 2.85676308e-003 -5.54968756e-005 1.79099117e-003
    2.71292520e-003 5.17962268e-003 5.07165445e-004 3.56904976e-003
    3.37410579e-003 0. 4.36474429e-003 1.01988045e-002 0.
    1.06790417e-003 3.97414295e-003 2.90538138e-003 0. 0.
    8.89631640e-003 2.64157169e-003 1.75204745e-003 -9.24167616e-005
    3.65487253e-003 3.02412687e-003 6.10310119e-003 7.45154731e-003 0.
    2.47940933e-003 3.14777397e-004 9.61092883e-004 2.99229682e-003
    3.67409154e-003 5.79557056e-003 1.83289847e-003 0. 1.71958690e-003
    3.89433443e-003 5.01093862e-004 1.28840294e-003 4.79897764e-003
    1.59449293e-003 5.54242684e-003 0. 0. 3.83745210e-004
    -3.61494516e-004 8.35279375e-003 0. -1.55401079e-003 3.38326860e-003
    4.92947083e-003 -1.09732115e-004 0. 6.18604070e-004 2.52504623e-003
    2.13000574e-003 0. 1.83167625e-002 1.18527096e-003 -3.98138305e-003
    0. 1.87371043e-003 8.09291028e-004 0. 5.42313466e-003
    5.62338484e-003 4.67229262e-003 0. -2.15092418e-003 2.03300710e-003
    0. 1.95320987e-004 0. 2.43513403e-003 0. 2.34886701e-003
    3.95670393e-003 -3.55410203e-003 0. 0. 0. -1.94937766e-005
    -1.47550856e-003 -2.40443926e-003 3.57932365e-003 7.15110102e-004 0.
    3.61569109e-003 8.66584305e-004 0. 3.65403155e-003 0.
    3.10702781e-005 8.74712714e-005 0. -1.29583859e-004 0.
    -4.60351701e-004 3.92335327e-003 0. 0. 8.25764553e-004 0. 0.
    1.16004888e-003 0. 2.39134068e-003 1.91023084e-003 0. 0.
    9.93606914e-003 1.20449560e-002 -8.60078144e-004 2.97104265e-003 0.
    2.27756542e-003 0. 1.23418933e-002 3.14574456e-003 1.71962683e-003
    0. 2.31366348e-003 1.53572799e-003 0. 1.01700216e-003 0. 0.
    1.63295621e-003 5.46458689e-003 4.43668338e-003 2.25514104e-003
    2.39527831e-003 1.43163847e-002 4.99069458e-003 0. 0.
    9.20738676e-004 0. 1.52850011e-003 0. -1.88650284e-003
    3.49914050e-003 0. 4.99665132e-003 2.36177165e-003 8.25113675e-004
    1.00163845e-002 9.76650277e-004 0. 0. 6.18205359e-003
    2.20181886e-003 2.30002217e-003 2.85671302e-003 6.63143117e-004
    1.51324668e-003 0. -1.32311706e-003 2.59240181e-003 0.
    4.85955970e-003 0. 0. 1.39013864e-002 0. 4.55011334e-003 0.
    1.32451381e-003 5.60825504e-003 7.05602753e-004 1.33408280e-002 0.
    8.61377979e-004 0. 0. 1.91895699e-003 4.94751963e-004
    1.32344058e-003 0. -1.08564396e-004 0. 0. 1.06469182e-004 0.
    2.78647686e-003 0. -4.15599876e-004 0. 5.04123629e-004 0.
    1.33519608e-003 6.44952990e-003 2.20116088e-003 1.03585841e-002 0.
    1.46996681e-004 0. 1.83925309e-004 -9.76515585e-004 2.13826098e-003
    3.15576629e-003 0. -1.14657183e-003 3.27570853e-003 7.75527488e-003
    2.44602212e-003 1.03145384e-003 0. 0. 1.80597149e-003
    5.30198915e-004 -1.37550663e-003 2.53643701e-003 3.82616017e-005 0.
    2.97062052e-003 0. 0. 4.16775607e-003 -3.46011133e-004
    8.81178025e-003 4.82829288e-003 6.18274498e-004 2.02289666e-003
    7.54876807e-003 4.14716685e-003 6.74456311e-003 0. 4.29021165e-004
    1.07798306e-002 6.54624542e-003 -5.73828234e-004 1.06864236e-002 0.
    3.49667063e-003 1.84290705e-003 3.93347349e-003 0. 3.27030825e-003
    0. 4.70832223e-004 2.51380657e-003 -2.32564914e-003 -1.88936072e-003
    3.31554469e-003 -3.53083410e-003 0. 1.70197338e-003 0.
    1.09803816e-003 0. 0. 1.72081846e-003 0. -6.45922846e-005
    1.32051036e-002 0. 2.06857314e-003 5.75901382e-003 0.
    1.48757976e-002 3.08074476e-003 0. 2.38500885e-003 3.72646609e-003
    3.52737872e-004 0. 2.34383275e-003 3.78897227e-003 0. 0.
    1.70207943e-003 3.99434334e-003 5.51526574e-003 1.46364991e-003
    -5.62783971e-004 8.54653493e-003 0. 8.09946470e-003 1.54181418e-003
    0. 0. 3.66616668e-003 1.65942509e-003 5.95106604e-003 0.
    4.44990699e-004 3.92584130e-003 0. 9.35839082e-004 -2.34273248e-004
    6.68481924e-003 -1.92826090e-003 0. 0. 2.43167998e-003
    2.72090081e-003 0. 0. 0. 0. 0. 2.89426441e-003 -3.54199205e-004
    1.01915339e-003 -1.97565387e-004 0. -5.01980481e-004 8.07439815e-003
    1.28599862e-003 0. 2.58633564e-003 0. 5.24068251e-003
    7.62141449e-003 2.24212417e-003 5.04252268e-003 -3.76204378e-004
    1.32265544e-004 2.63406243e-003 0. -1.50099775e-004 6.89313805e-004
    4.38688975e-003 0. 2.56639416e-003 9.04518762e-004 2.85089016e-003
    6.29375409e-003 1.34933670e-003 -5.39181812e-004 0. 0.
    1.40435528e-003 3.90277652e-004 1.79229130e-003 -3.31779767e-004
    4.38456936e-003 0. 3.75418761e-003</data></imageDescriptor>
</opencv_storage>
