<?xml version="1.0"?>
<opencv_storage>
<imageDescriptor type_id="opencv-matrix">
  <rows>1</rows>
  <cols>500</cols>
  <dt>f</dt>
  <data>
    1.03333686e-003 2.85611162e-003 0. 1.35627226e-003 0.
    3.34132439e-003 3.32402787e-003 3.74149019e-003 -4.11702925e-003
    7.71746971e-004 1.05665950e-003 3.59809771e-003 1.02433003e-003
    -4.49824473e-003 9.41408891e-003 -1.12216803e-003 0. 0.
    9.60600283e-003 1.64915196e-004 5.53407241e-003 -2.79164728e-004
    1.15053924e-002 0. 1.72153069e-003 1.70396036e-003 1.30255409e-002
    1.70209690e-003 4.02524555e-003 1.11713940e-002 0. 0.
    -1.09475543e-004 1.87915677e-004 1.65150559e-003 1.26373244e-003
    1.78724015e-003 0. 0. 4.82180435e-003 0. 0. 0. 0. -1.99615955e-003
    0. 3.91892251e-003 1.92781922e-003 -1.68073783e-003 2.19535665e-003
    -2.24187458e-003 1.95711982e-004 0. 0. 3.41243314e-004 0. 0. 0.
    4.76843817e-003 6.22508582e-003 -1.04471634e-003 0. 4.24871873e-003
    0. 0. 0. 5.81954652e-003 5.88088809e-003 1.24229887e-003
    2.95699947e-003 6.02110103e-003 7.27742724e-003 0. 8.89666285e-003
    1.31276324e-002 0. 0. 0. 3.50617990e-003 1.27726723e-003 0.
    3.89720430e-003 4.76371218e-003 0. 0. 3.72964772e-003 0. 0.
    4.47557680e-003 2.74503930e-003 0. 0. 2.58673448e-003
    -2.78465706e-003 -1.45381666e-003 4.38084640e-003 0. 0.
    6.95430092e-004 0. 7.31443695e-004 2.76051508e-003 2.94901477e-003
    2.69847848e-002 0. 0. -5.02966926e-004 9.11002047e-003 0.
    1.27051127e-004 0. -4.21169971e-004 0. 1.77378161e-003 0.
    -5.53959981e-004 0. 6.45615393e-003 3.24190099e-004 -1.26537657e-003
    1.19325868e-003 0. -1.88125460e-003 2.42550508e-003 -3.49468878e-003
    3.98585713e-003 4.47521405e-003 0. 2.73693632e-003 -7.38224364e-004
    1.56650541e-003 -3.43310204e-003 6.69707137e-004 0. 0.
    2.29341863e-003 0. 3.45770386e-004 0. 4.38507181e-003 0. 0.
    2.21649464e-003 7.97171844e-004 4.14437754e-003 3.36724985e-003 0.
    5.53136645e-003 0. 0. 4.97423299e-003 1.73957960e-003 0.
    2.49616196e-003 2.57888646e-003 0. 0. 4.80190292e-003
    8.54239520e-003 1.17468107e-002 1.16869365e-003 -2.05716095e-003
    1.48923835e-003 2.75898539e-003 -4.07266998e-005 0. 4.24253894e-003
    8.05563235e-004 2.20032223e-003 1.42844941e-003 -5.44053596e-003
    4.09376901e-003 0. 6.25898829e-003 0. 3.02502979e-003
    1.22003527e-002 0. -6.00313256e-003 0. 0. 0. 6.35915156e-003
    1.69555133e-003 0. -2.67137098e-003 -1.35989234e-004 2.86330027e-003
    0. 4.76476736e-003 4.37554810e-003 1.44164404e-003 0.
    -1.40160887e-006 1.24010794e-005 4.96165827e-003 -1.22995116e-004
    5.25151892e-003 1.01159094e-003 0. 3.02985171e-003 0.
    4.05294728e-003 0. 2.61806231e-003 0. 0. -1.18586014e-003 0.
    -1.44724199e-003 6.95194630e-003 2.39949557e-003 0. 0. 0. 0. 0.
    1.48670413e-002 0. 1.04600505e-003 0. 0. 0. 9.32252873e-003
    2.64203222e-003 1.85778923e-003 1.85752776e-003 3.22427880e-003
    1.02117679e-004 6.29581918e-004 3.27710784e-003 6.95796125e-003
    3.37862037e-003 0. 0. 5.58475405e-003 0. -2.76627368e-004
    5.73914312e-003 1.87169469e-003 0. 2.31600506e-003 1.04441261e-003
    1.31226163e-002 1.36967201e-003 1.82595837e-003 0. 0. 0. 0.
    2.22422794e-004 1.41153345e-003 2.42091250e-003 0. 0. 0.
    5.33090206e-003 -1.04428094e-003 5.88744460e-003 4.61464981e-003
    5.72186848e-003 7.18170835e-004 3.39510705e-004 2.32938919e-002
    -5.76563471e-004 0. 0. 3.65899829e-003 3.86238541e-003 0.
    4.65763762e-004 0. 0. 0. 1.00098550e-004 0. 4.18162579e-003 0. 0. 0.
    3.93137056e-003 1.39841111e-003 3.90494778e-003 2.46495125e-003
    4.44374513e-003 5.57651557e-003 2.65848561e-004 2.42546131e-003
    3.62560479e-003 0. 3.37147270e-003 3.23837064e-003 4.60061990e-003
    -1.00460614e-003 2.45361682e-003 8.95905122e-003 0. 0.
    4.77329828e-003 4.00508754e-003 1.57938770e-003 8.73131119e-003
    3.56003235e-004 0. 0. 0. 9.04014148e-003 3.89892189e-003
    2.98382016e-003 0. 0. -8.15023493e-004 3.06328363e-003 0.
    9.09540802e-003 0. 0. 0. 9.71079629e-004 3.36889620e-003 0. 0.
    3.14133312e-003 8.07334576e-003 0. 2.42354954e-003 1.58176268e-003
    1.51638780e-003 1.94001035e-003 7.64234969e-003 9.68914595e-004
    9.08680540e-003 1.30162202e-002 4.88675945e-003 0. 0.
    5.95195044e-004 3.98815377e-003 2.14400410e-004 5.85696148e-003 0.
    0. 0. 7.78040616e-003 1.71852834e-003 1.57027901e-003
    2.95637571e-003 2.61839246e-003 0. 4.22807736e-003 3.34603828e-003
    2.61544454e-004 1.88966386e-003 0. 0. -1.21066289e-003 0.
    7.32761109e-003 1.83075026e-003 1.11946659e-002 1.88822998e-003 0.
    1.18539622e-003 0. 0. 0. 3.69935343e-003 0. 2.56629195e-003 0.
    1.01897195e-002 9.51268652e-004 6.21564686e-003 0. 1.01356544e-002
    2.00442690e-003 6.73606584e-004 0. 1.29118084e-003 0. 0. 0.
    7.43328687e-003 -6.09663839e-005 0. 1.46135269e-002 0.
    -7.48816092e-005 0. 6.55132625e-003 1.05727250e-002 1.81525364e-003
    7.52914743e-003 -1.76170561e-003 0. 2.30075093e-003 0.
    3.35889170e-003 -2.05460638e-005 2.61830236e-003 4.49182000e-003 0.
    8.10091477e-003 6.76316442e-003 0. 0. 0. 9.71025508e-003 0.
    7.50629511e-003 0. 4.10600333e-003 -7.34745001e-004 1.62527070e-003
    8.54022149e-003 0. 1.37687707e-003 0. 0. 0. 0. 0. 0. 9.60433111e-003
    -3.10822367e-003 1.49659420e-004 1.04390213e-003 0. 4.25762642e-004
    -2.62162019e-003 1.79040118e-003 4.80770366e-003 7.95859937e-003
    -1.25867152e-003 1.26833515e-003 2.34711310e-003 3.62300244e-003 0.
    0. 0. 0. 5.90644078e-004 0. 0. 2.64344714e-003 1.13976328e-003
    9.34249605e-004 0. 2.51659984e-003 0. 2.90419767e-003
    1.19417412e-002 2.16641068e-003 6.59660948e-003 7.16569321e-003
    -1.78146956e-003 0. 7.50432257e-003 0. 0. 5.51723992e-004
    1.46950653e-003 2.19873711e-003 0. 0. 0. 3.91686475e-003 0. 0. 0. 0.
    5.09310514e-003 1.91828492e-003 0. 0. 2.39253370e-003
    -2.86140922e-003 1.58796960e-003 3.34789045e-003 0. 3.38049000e-003
    0. 0. 5.46063855e-003 0. 1.21214765e-003 0. 1.43324956e-003
    -4.39147436e-004 2.11358443e-003 2.40947376e-003 3.88337212e-004
    4.11559362e-003 4.22916841e-003 2.09880294e-003 2.96025828e-004 0.
    6.25611865e-004 6.17086561e-003 3.96840653e-004</data></imageDescriptor>
</opencv_storage>
