<?xml version="1.0"?>
<opencv_storage>
<imageDescriptor type_id="opencv-matrix">
  <rows>1</rows>
  <cols>500</cols>
  <dt>f</dt>
  <data>
    0. -2.76212045e-003 0. 1.39674376e-004 4.37689014e-003
    9.87037644e-003 0. 3.37113882e-003 4.08332702e-003 0.
    5.92526654e-003 0. 0. 1.33713373e-004 2.35367939e-003 0.
    1.30106304e-002 0. -3.02821398e-004 -1.52547623e-003 1.19200535e-002
    7.49875209e-004 0. 4.55936097e-004 0. 4.04516561e-003
    6.68950146e-004 2.29155901e-003 9.55318194e-003 5.59527101e-003 0.
    1.38279190e-003 0. -4.71628178e-003 0. 0. 8.72235466e-003 0. 0.
    2.56382721e-003 0. 0. 0. 6.69454085e-003 0. 0. 6.67169783e-003
    1.13433599e-002 5.75109478e-003 0. 0. 0. 7.50821317e-003 0. 0. 0.
    3.75534245e-003 5.84439700e-003 8.86943843e-003 6.75525330e-003
    9.23911284e-004 0. 2.75668665e-003 1.69205538e-004 1.76418549e-003
    6.57530222e-003 0. 9.19472019e-004 0. 0. -7.41162570e-004 0.
    1.18831797e-002 5.86036174e-003 0. 0. 3.59700265e-004 0.
    7.58313760e-003 0. 2.02355031e-002 3.39307524e-002 5.59973391e-003
    0. 2.17508088e-004 1.42082479e-002 0. 0. -7.32778804e-004 0.
    -8.18531727e-004 0. 1.82722427e-003 0. 5.11068478e-003
    7.81412004e-004 0. 5.40634966e-004 0. 0. 1.21368316e-003 0.
    4.27021738e-003 -3.88723961e-003 0. 0. 1.84114964e-003 0. 0. 0.
    9.97913722e-003 2.86928122e-003 0. 0. 0. 5.42192394e-003 0. 0. 0. 0.
    0. 0. 0. 0. 1.53209106e-003 0. -1.14551664e-003 0. 0.
    4.99639602e-004 0. 1.31404342e-003 0. 0. 1.62255093e-002 0. 0. 0. 0.
    1.28985825e-003 0. 0. 0. 0. 2.78921635e-003 0. 0. 0. 0. 0.
    -1.92031221e-004 1.83004560e-003 4.23343736e-004 0. 4.23337985e-003
    1.32073497e-003 4.30841418e-003 0. 0. 0. 1.49906904e-004
    1.54694915e-002 9.26453900e-003 1.09586809e-002 9.15814470e-003 0.
    0. 3.04901763e-003 5.31701231e-003 0. 2.57828692e-003 0. 0.
    1.58515247e-003 4.43074666e-003 1.14175631e-003 0. 0. 0. 0. 0.
    -1.80704764e-003 0. 9.21316165e-003 0. 9.89163062e-004
    -4.09707241e-003 1.77257415e-003 -2.10596086e-003 0. 0. 0. 0.
    -1.90112484e-003 0. 4.73959604e-004 0. 1.42290685e-002
    4.26164083e-003 0. 8.72715656e-003 0. -2.28543184e-003
    8.12027417e-003 3.47082713e-003 0. -5.63000608e-003 0. 0. 0. 0. 0.
    0. 5.74056525e-003 2.94481497e-003 0. 0. -2.54620129e-004
    -1.28474052e-003 -4.02969448e-003 0. 1.01398025e-002 0.
    -2.78425199e-004 1.14587015e-002 3.73555045e-003 0. -1.79685408e-003
    0. 0. 5.33892447e-003 -1.80955068e-003 0. 1.87564939e-002 0.
    1.90981235e-002 0. 1.09426081e-002 0. 4.05620225e-003
    3.31603544e-004 0. 2.66951323e-003 1.07739335e-002 4.87382757e-003
    -1.20655762e-003 1.86263514e-003 0. 1.16719666e-003 7.06168357e-004
    0. 0. 0. 0. 7.31992349e-003 0. 5.17518912e-003 1.37418304e-002 0.
    5.32090431e-003 6.99672056e-003 0. 6.13366067e-003 1.09712956e-002
    -3.88943264e-003 0. 2.53483858e-002 3.84593289e-003 2.35321140e-003
    1.18920458e-002 0. 0. 0. 0. 0. 0. 0. -1.72865274e-003 0.
    -1.60278997e-003 0. 0. 1.26618461e-003 0. 5.24521433e-003 0. 0.
    -4.83706407e-003 0. 0. 0. 7.72922859e-003 2.44062003e-002 0. 0.
    1.43155208e-004 0. 1.04556149e-002 -4.59878647e-004 1.71057472e-004
    0. 5.00702625e-003 0. 0. 0. 4.94108070e-003 0. 0. 2.72997119e-003 0.
    0. -8.05684738e-003 2.14141770e-003 0. 0. 2.79859221e-003
    -1.34809955e-003 2.78720702e-003 7.02632405e-003 0. 6.19290979e-004
    0. 7.78299116e-004 1.38153241e-003 2.61527789e-003 0.
    1.77720212e-003 0. 0. 0. 3.50451516e-003 0. 0. 0. 0. 0. 0. 0. 0.
    -1.05776743e-003 5.22367842e-003 9.21753515e-003 0. 0. 0.
    8.71370081e-003 0. 6.74280012e-003 4.64856625e-003 -1.94763229e-003
    0. 4.89736954e-003 1.80457369e-003 0. 0. 0. 0. 3.92398564e-003
    3.04110651e-003 0. 5.12102852e-004 0. -1.14801154e-003 0. 0.
    1.71690830e-003 1.12153878e-002 -8.31627520e-004 0. 0.
    7.02326186e-003 1.30109284e-002 6.67637261e-003 0. 0.
    2.33819056e-003 7.98982917e-004 3.72051541e-003 3.20956879e-003 0.
    0. 1.12671899e-002 5.98356128e-003 -2.24480173e-003 2.36882083e-003
    2.42208876e-003 0. 0. 2.47310172e-003 -4.61536169e-004
    1.25216274e-002 0. -3.20234080e-003 1.53508233e-002 0. 0. 0. 0. 0.
    0. 5.10862214e-004 -5.37448237e-003 0. 6.46828767e-003 0. 0. 0. 0.
    0. 7.44845625e-003 1.31173839e-003 0. 0. 0. 2.75270790e-002 0. 0.
    -2.82724830e-003 0. 0. 0. 2.48965668e-003 0. 0. 0. 0.
    -1.97996572e-003 0. 0. 0. 8.23336840e-003 0. 4.79722023e-003
    -9.97044146e-004 -2.28517456e-003 1.40300859e-002 0. 0. 0. 0.
    6.31243875e-003 0. 1.14333034e-002 0. -3.75272502e-004
    6.30126474e-003 5.22441557e-003 9.00743436e-003 0. 0.
    2.35036854e-003 0. -1.31439359e-003 0. 0. 8.52732046e-004 0. 0. 0.
    0. 2.45562987e-003 0. 0. 1.11054594e-003 0. 0. 7.52713438e-003 0. 0.
    1.26412744e-003 0. 0. 3.40085174e-003 0. 0. 0. 0. 0. 6.89396344e-004
    0. 0. 0. 4.02975641e-003 7.60104926e-003 0. 0. 2.18346994e-003 0.
    1.24838483e-003 0. 2.87522073e-003 -6.48146612e-004 1.37752006e-002
    0. 0. 9.98345902e-004 1.38609558e-002 0. 1.48937060e-002
    -1.70219725e-003</data></imageDescriptor>
</opencv_storage>
