<?xml version="1.0"?>
<opencv_storage>
<imageDescriptor type_id="opencv-matrix">
  <rows>1</rows>
  <cols>500</cols>
  <dt>f</dt>
  <data>
    2.88287294e-003 1.51462387e-003 0. 2.71331146e-003 2.78594973e-003
    3.32654396e-004 0. -2.51082325e-004 -8.22295959e-004 3.44731845e-003
    7.98794441e-003 3.32775828e-003 7.84698932e-004 2.42338821e-004
    9.61812271e-004 0. -3.58589954e-004 3.67633882e-003 0.
    4.25633276e-003 0. 1.34234177e-003 0. 2.07859394e-003 0. 0.
    6.60130056e-003 4.35193209e-003 1.19522610e-003 2.41671521e-002
    1.11648673e-003 3.73781682e-003 5.75894909e-003 3.28127807e-003 0.
    0. 1.45826042e-002 1.62847561e-003 -3.27366986e-004 1.72119052e-003
    0. 0. 4.82103368e-003 1.61012430e-002 3.00001586e-003
    2.47717462e-003 1.03782024e-003 1.97454030e-003 1.68574434e-002
    1.50278187e-003 0. 2.90234922e-003 5.80927357e-003 3.23328539e-003
    7.01533165e-004 0. 0. 0. -1.69862888e-005 2.07300182e-003
    3.43515933e-003 6.14713877e-003 8.41227546e-003 1.86329952e-003
    1.29247631e-003 3.53900809e-003 -4.77653492e-004 -1.62519433e-003
    -2.12732572e-004 0. 5.52002480e-003 4.50943969e-003 4.73532593e-003
    -5.29635930e-003 0. 0. 0. 2.46675592e-003 -1.11795275e-003 0.
    -4.54364461e-004 1.02635389e-002 5.70535369e-004 1.35883922e-003
    1.64977927e-003 7.16176210e-003 6.32894877e-003 1.41283078e-003 0.
    1.53065729e-003 -6.43318228e-004 2.17679422e-003 0. 6.77651376e-004
    6.93219341e-003 0. 0. -3.48505884e-004 0. 2.82184267e-003
    3.02115479e-003 0. 2.67503597e-003 1.40143721e-003 -2.48289114e-004
    0. 0. 4.46813367e-003 6.71513891e-003 0. 9.04690381e-003
    2.29531038e-003 0. 2.06051324e-003 1.29510798e-002 3.15060315e-005
    1.07924826e-002 0. 0. 0. 0. -7.89391866e-004 0. 4.46048612e-003
    2.18215701e-003 4.51415870e-003 8.47048406e-003 0. 2.32713716e-003
    -1.22954824e-003 4.87479242e-003 1.85408094e-003 0. 1.72361406e-003
    0. 4.79825633e-003 0. 3.17922560e-003 0. 2.82538217e-003
    4.20611352e-003 2.18431116e-003 0. 0. 2.25688773e-003
    1.96632766e-003 3.13415565e-003 2.48806761e-003 0. -1.43693018e-004
    1.03343837e-003 -6.82451006e-004 1.28928071e-003 1.79150735e-003 0.
    0. 6.72134431e-003 1.78147550e-003 -7.79255934e-004 0.
    8.06154590e-003 4.13724082e-003 6.27238071e-003 0. 1.90143276e-003
    1.05700514e-003 2.62381276e-003 1.50417187e-003 0. 1.32111344e-003
    0. 7.28894118e-003 -2.08408426e-004 0. 2.15274980e-003 0.
    1.41216395e-003 3.04658129e-003 0. 0. 2.37313891e-003 0. 0.
    -4.89684613e-003 2.53232219e-003 8.32932815e-003 3.21871950e-003 0.
    -3.51347204e-004 5.17793233e-003 4.93419217e-003 4.99403756e-003
    1.96413347e-003 3.83332837e-003 3.95493989e-004 0. 1.70642612e-004
    2.98989518e-003 0. 0. 3.46252415e-003 0. 0. 0. 3.59417940e-003 0.
    2.40198290e-003 -2.67073559e-003 0. 1.64451171e-003 0. 0.
    2.71722581e-003 7.04190228e-003 0. 0. 1.97183574e-003
    3.15726083e-003 3.05669801e-003 0. 0. 4.00940608e-003 0.
    1.51058903e-003 -5.06164599e-003 5.84152387e-003 0. 2.78819585e-003
    -1.46567915e-003 0. 6.01940148e-004 5.80991525e-003 5.52218547e-003
    2.27327761e-003 6.24353392e-003 -1.39998575e-003 -1.12792419e-003
    2.44101929e-003 8.69930489e-004 2.03346484e-003 -8.98757076e-004
    -1.03474304e-003 -4.82468575e-004 -9.00801097e-004 9.33504850e-003
    0. 2.80224741e-003 0. 2.44176178e-003 0. 3.11543746e-003
    1.80797291e-003 0. 0. 2.07080343e-003 -2.46950047e-004
    1.73511694e-003 5.60698938e-003 0. 1.89654331e-003 0. 0.
    9.28485394e-003 3.79926001e-004 -1.82288291e-004 4.73569147e-003
    6.52590068e-003 0. 0. 0. 5.86604653e-003 0. 9.33979114e-004
    3.06394207e-003 1.53270981e-003 0. 0. 7.44824391e-003
    3.53514776e-003 0. 7.77253183e-003 2.53642350e-003 6.00283151e-004
    6.52209064e-003 -1.20156782e-003 3.95997008e-003 0. -9.35780990e-004
    2.18273932e-003 0. 5.01099821e-005 5.42057911e-003 3.09371529e-003
    -2.77123356e-004 1.44827145e-003 1.79651333e-003 0. 6.99728355e-003
    1.68748312e-002 1.63828321e-002 -1.27608934e-003 6.37341943e-003
    1.04894233e-003 3.47280921e-003 0. -1.07430632e-003 0.
    3.42883379e-003 5.50042000e-003 0. 0. 0. 1.97557081e-002
    1.15788647e-003 0. 2.82545714e-003 0. 7.00132514e-004
    1.38381068e-002 0. 0. 3.59383575e-003 0. 1.44395896e-003 0. 0. 0.
    9.84839862e-004 0. 0. 3.26192495e-003 2.10037292e-003
    6.78311195e-003 8.14282708e-003 8.45106202e-004 1.80551631e-003
    2.86851719e-004 0. 0. -1.46587045e-004 5.11598028e-003 0.
    -1.60340173e-003 6.07357454e-003 2.17301818e-003 5.23483846e-003
    4.00986942e-003 -7.75965571e-004 0. 2.41159485e-003 -1.75124937e-004
    8.38946435e-004 6.41178433e-003 8.38460925e-004 3.22780758e-003 0.
    3.71841481e-003 0. 0. -6.32427167e-004 1.86894799e-003
    6.40688930e-004 2.89126765e-003 0. -1.01706991e-003 2.59461836e-003
    6.81479555e-003 1.67316373e-003 3.25762574e-003 -5.58329630e-004 0.
    5.11011668e-003 2.42964248e-003 0. 5.99004747e-003 0.
    3.29329981e-003 5.97707788e-003 4.74044215e-003 1.34222012e-003
    3.70523683e-003 4.38593328e-003 2.07633385e-003 3.10836476e-003
    1.97249930e-003 7.05560902e-003 4.74334043e-003 6.80439966e-003
    5.52510377e-003 0. 0. -1.65180918e-005 -3.04887071e-004 0.
    1.72167784e-003 0. 0. 0. 4.83345328e-004 0. 1.42305205e-002
    -1.18602722e-004 0. 1.81342324e-003 0. 1.31613982e-003
    1.82851159e-003 7.11963279e-003 7.93512270e-004 3.47510609e-003 0.
    2.12806067e-003 0. 4.12605563e-003 3.98602849e-003 2.52487510e-003
    1.16398488e-003 -9.02134401e-004 6.12104591e-003 1.74597939e-004
    -1.11086818e-004 0. 2.11163796e-003 3.07125016e-003 1.75083335e-003
    0. 0. 0. 0. 9.57649609e-004 0. 0. -1.42991613e-003 1.08482258e-003
    6.68665161e-004 -4.17079427e-004 1.00892363e-003 0. 0. 0. 0. 0.
    6.78325712e-004 9.14477976e-004 0. 3.77934100e-003 0.
    -3.37349076e-004 0. 6.18056487e-003 7.73385074e-003 9.02285159e-004
    2.59414245e-003 5.18422155e-003 1.05031731e-003 3.30530875e-003
    4.27203020e-003 8.89506831e-004 2.65946961e-003 2.00753496e-003
    1.52658077e-003 -3.65305867e-004 9.69017297e-003 6.77130127e-004
    -6.81488882e-006 0. 0. 1.46300578e-003 1.89469988e-003
    2.53589381e-003 3.98963131e-003 1.46172894e-003 8.60241067e-004
    7.43020501e-004 2.91885086e-003 0. 0. 2.94638542e-003 0.
    5.07627788e-004 0. 0. 0. 1.93782430e-003 0. 9.15868732e-004
    -3.70388210e-004 1.31514797e-003 1.31466775e-003 0. 1.56185459e-004
    -8.65123060e-004 3.46117100e-004 0. 6.28972775e-004 7.44050555e-003
    1.47066591e-003 0. -2.45528994e-004 4.22199443e-003</data></imageDescriptor>
</opencv_storage>
