<?xml version="1.0"?>
<opencv_storage>
<imageDescriptor type_id="opencv-matrix">
  <rows>1</rows>
  <cols>500</cols>
  <dt>f</dt>
  <data>
    1.67414173e-003 1.55276351e-003 1.37902598e-003 6.12832839e-004
    9.45208501e-003 4.80392373e-006 -1.74240282e-004 0. 0.
    1.50662730e-003 0. -5.28133300e-004 0. 9.97048453e-004
    -5.61298046e-004 8.54157261e-004 2.45142588e-003 2.77378056e-002
    5.26540680e-003 0. 2.97038956e-003 3.62119428e-003 5.80393430e-003
    2.83130398e-003 1.22189634e-002 1.36163586e-003 -4.47395578e-004
    3.64229199e-003 0. 1.42830359e-002 0. 0. 0. 1.97296008e-003
    1.23659894e-003 1.23211718e-003 3.51592287e-004 0. 0.
    2.01622443e-003 -8.66050774e-004 -1.62624905e-003 0. 1.11176260e-003
    0. 4.51271608e-003 3.74113955e-003 6.24593394e-003 2.61094933e-003
    0. 1.56728574e-003 1.18716294e-003 6.50530541e-003 1.54527626e-003
    0. 0. 0. 4.21700766e-003 7.51221436e-004 8.37478903e-004
    4.20014039e-005 1.35818508e-003 1.37784402e-003 7.20535964e-003
    1.48297567e-003 1.12797378e-003 2.91921920e-003 4.22195205e-003
    3.89828812e-004 1.97000103e-003 5.92372555e-004 4.25982755e-003 0.
    -2.59260042e-003 9.86360107e-003 4.66786837e-003 3.54588311e-003 0.
    5.75014669e-003 -2.18945628e-004 -4.60501201e-003 0. 1.48596242e-004
    2.71520508e-003 5.71039086e-003 -1.34349437e-004 5.98303508e-003 0.
    1.08442875e-003 6.10616873e-004 4.50358202e-004 1.51673285e-003
    6.36637257e-003 8.75182566e-004 1.34277577e-003 8.22437927e-003
    3.79173027e-004 -1.51790038e-003 5.90712472e-004 1.56098465e-003
    6.46934984e-003 2.01516668e-003 0. -1.68823951e-003 0. 0.
    -1.16421981e-003 2.03626405e-004 0. 4.87731164e-003 0.
    4.17408955e-005 0. 1.82234813e-004 7.82155059e-003 0. 0. 0. 0.
    1.34898769e-002 0. 3.16961529e-003 2.80717481e-003 9.25084390e-003
    0. 0. 0. 9.58220847e-003 6.27445197e-003 4.74274019e-003
    1.33854011e-003 5.31504847e-005 0. 6.65183691e-003 1.01981042e-002
    0. 7.95689970e-003 -9.80684301e-004 4.64947615e-003 3.15514347e-003
    0. 4.53795819e-003 6.44129561e-003 3.79656930e-003 2.63712532e-003
    2.41577579e-003 6.74773473e-004 1.09568692e-003 0. 0. 0. 0.
    1.55796937e-003 0. 2.21791002e-003 1.39308046e-003 1.07938668e-003
    5.97834447e-003 -3.23400891e-004 9.33754491e-004 2.69638188e-003
    5.81781613e-004 2.18625995e-003 5.13917301e-003 1.06894306e-003
    -1.42037636e-004 2.96063698e-003 1.23579463e-003 1.97695196e-003
    5.54512208e-003 5.18946210e-003 6.63310988e-003 1.90446479e-003
    3.04020685e-003 4.29022731e-003 -1.00584031e-004 -2.48588971e-004 0.
    1.82045088e-003 0. 2.41039554e-003 4.65930067e-003 2.47866195e-003
    9.61680710e-003 2.34347023e-003 0. 2.56936299e-003 0.
    -6.95525203e-004 1.86639081e-003 0. 9.40769818e-003 2.10736471e-004
    0. 4.60578641e-003 2.03084317e-003 2.60498561e-003 5.95525664e-004
    -3.72760151e-005 3.18470434e-003 6.71768968e-004 6.48694579e-004
    -2.54519764e-005 8.53951031e-004 5.70227019e-003 5.04493527e-003
    1.24894374e-003 0. 9.03957291e-004 -2.28647911e-003 6.19447033e-004
    0. 4.07334138e-003 2.07760953e-003 1.73885142e-004 6.59747573e-004
    1.26818684e-003 9.18182952e-004 4.02941462e-003 1.91997242e-004
    6.46489020e-003 3.31692584e-003 2.90908432e-003 0. 5.68510091e-004
    3.01210763e-004 0. 4.61921998e-004 6.35381555e-003 7.49994209e-003
    2.31129583e-003 0. -1.33135892e-003 8.68393690e-004 0.
    5.15675824e-003 0. 0. 0. 0. 6.24816818e-003 -3.79505963e-003 0. 0.
    0. -3.38839740e-003 5.04772970e-003 1.43702270e-003 0.
    1.45638094e-003 4.81100334e-003 0. 0. 0. 1.33998040e-003
    5.48253255e-003 5.87072177e-003 3.17473779e-003 1.11774011e-002
    1.12050993e-003 0. 0. 3.38524440e-003 8.72919708e-003
    5.14989300e-003 0. 5.61240944e-004 3.53293959e-003 4.05384926e-003
    5.65690920e-003 0. 1.16532110e-002 1.76176440e-003 3.61074205e-003
    1.45775499e-004 3.22878687e-003 -1.87559554e-003 6.54523214e-003
    3.40807834e-003 0. 0. 0. 4.91521030e-004 0. -1.34126036e-004
    2.15269183e-003 0. 0. 5.69965784e-003 3.61920887e-004 0. 0.
    5.36368834e-003 0. 0. 8.46339564e-004 0. 0. 0. 0. 1.31245854e-003
    4.05870407e-004 0. 1.75133429e-003 1.88573054e-003 2.22697761e-003
    1.12247439e-002 2.60936376e-003 0. -5.68329240e-004 2.53275502e-003
    -2.75770808e-003 2.03173421e-003 1.73735514e-003 1.14429987e-003
    3.51403328e-003 4.94826119e-003 0. 3.61224462e-004 3.35894758e-003
    3.92758148e-003 0. 2.22809799e-003 -5.44247101e-004 0.
    1.35207607e-003 -2.78531178e-003 -7.95285800e-004 -3.29984068e-005
    8.73948156e-004 0. 0. -1.15352741e-004 0. 0. 0. 6.68686815e-004
    4.50725714e-003 8.59863777e-003 2.18439824e-003 -5.59506043e-005
    5.40822046e-004 -1.26653758e-003 5.42515051e-003 1.50267652e-003
    3.42620746e-003 3.34737683e-003 -5.65155293e-004 2.74664396e-003
    5.20119816e-003 0. 4.27262438e-003 8.35143495e-004 3.19835730e-003
    9.04869754e-004 -2.16873406e-004 0. 2.25879881e-003 1.18232878e-004
    0. 3.38091608e-003 3.57435900e-003 0. 2.90250219e-003
    -1.66531780e-003 4.54422086e-003 1.97285321e-003 0. 1.72352570e-003
    1.05528347e-003 -6.33003423e-004 4.33621230e-003 1.31608476e-003
    -3.48132773e-004 3.76395328e-004 0. 5.32766245e-003 0.
    1.52028049e-003 1.59512309e-003 3.64690367e-003 2.03182036e-003
    2.13219132e-003 1.36963371e-003 2.53545446e-003 0. 8.53859726e-003
    0. -1.14877720e-003 5.49717154e-003 7.35206483e-003 5.29858808e-004
    5.88352443e-004 -6.96136791e-004 3.87258315e-003 0. 1.21809903e-003
    5.25405922e-004 0. 4.66290483e-004 1.81602850e-003 4.40860121e-003
    8.97942111e-004 3.32652288e-003 1.27778656e-003 -5.20163776e-005
    -1.45836920e-003 3.43265524e-003 -1.25202327e-003 8.26560310e-004
    8.25706520e-004 3.70827434e-003 0. 0. 1.85009441e-003 0.
    3.57549201e-004 5.08671161e-004 8.64628819e-004 2.11322121e-003
    1.14230753e-003 1.04684976e-003 5.12808852e-004 6.45182881e-005
    -1.23937149e-003 2.36460141e-006 3.02366843e-003 1.51235226e-003
    1.25568854e-002 3.64408689e-003 2.42617866e-003 -1.53891649e-003
    1.04473308e-002 2.43942137e-004 1.71301868e-002 1.55599543e-003 0.
    2.70134560e-003 3.95699916e-003 1.37235434e-003 5.70344797e-004 0.
    9.56920069e-003 0. 4.53122659e-003 1.58877263e-003 7.33612850e-003
    1.15237536e-003 8.52201716e-004 2.18277089e-002 0. 3.47664626e-003
    0. -2.11371647e-004 4.61359229e-003 6.67939708e-003 0. 0. 0.
    8.77352257e-004 0. 5.43162692e-003 1.72894320e-003 -1.13907654e-003
    0. -1.27459876e-003 0. 3.49250017e-003 3.67083913e-003
    4.08290513e-003 0. 8.18544067e-003 9.61469766e-003 1.05717161e-003
    2.71979137e-003 0. 1.08494023e-004 -2.52113416e-004 0.
    -3.87301040e-003 5.17141772e-003 2.49283016e-003 1.90261484e-003
    7.51055020e-004 4.51411726e-003 0. 0. 1.43383432e-003
    4.10806062e-003 2.60250969e-003 0. -2.00736080e-003 1.85400655e-003
    8.00196547e-003 3.16444179e-003 1.68311130e-003 2.24060472e-003
    1.49846193e-003 -7.97848508e-004 0.</data></imageDescriptor>
</opencv_storage>
