<?xml version="1.0"?>
<opencv_storage>
<imageDescriptor type_id="opencv-matrix">
  <rows>1</rows>
  <cols>500</cols>
  <dt>f</dt>
  <data>
    0. -3.52330797e-004 0. 8.78652383e-004 0. -2.01888708e-003
    1.13359524e-003 7.08412565e-003 9.34411772e-004 0. 0.
    4.42344183e-003 0. -2.22423766e-003 6.34209858e-003 0.
    5.87839261e-003 0. 0. 0. 1.63587537e-002 0. 0. 1.83998654e-003 0. 0.
    1.51940929e-002 0. 7.88461696e-003 5.10068983e-003 0.
    7.52222200e-004 1.29084731e-003 7.26201292e-003 1.30539807e-003
    2.04356271e-003 2.64763273e-003 -8.37257830e-005 0. 1.36899902e-003
    7.57279224e-004 -2.48772558e-003 -6.69653644e-004 3.09725106e-003
    7.73188984e-003 4.52602282e-003 3.13427718e-003 4.04127594e-003 0.
    0. 2.18999968e-003 0. -9.05464811e-004 4.11535008e-003
    1.30298175e-003 0. 0. 2.19932036e-003 7.89263565e-003 0.
    1.14664680e-003 1.11467009e-002 1.63868966e-003 3.71726649e-003 0.
    0. 0. 0. 0. 7.59189483e-003 9.48738307e-003 0. 7.06036668e-003 0. 0.
    4.51967493e-003 0. 0. 0. 1.00741838e-003 -4.54478059e-003
    7.54987821e-003 2.21534795e-003 5.04897535e-003 4.62085518e-005
    -9.21902596e-004 3.49544478e-003 0. 5.90489293e-003 6.19667536e-003
    -3.45509441e-004 5.01157390e-003 0. 0. 8.97736847e-003 0. 0.
    1.57306611e-003 7.40449270e-003 5.89009980e-003 7.70961819e-003 0.
    2.76898150e-003 -1.82848074e-003 3.36273829e-003 0. 4.54502646e-003
    4.91077127e-003 3.00885900e-003 6.51757140e-003 -2.69351149e-004
    7.69092841e-003 0. 2.59273662e-003 0. -1.67534465e-003 0. 0. 0.
    1.60817537e-004 4.09904448e-003 6.11686334e-003 3.81285814e-003
    -3.67087458e-004 -5.60508110e-003 0. 0. 6.93739566e-004
    2.46949657e-003 5.70824323e-003 -4.68296290e-004 2.22573685e-003 0.
    0. 4.08872543e-003 7.11149769e-003 5.82636241e-003 -4.78649104e-004
    0. 1.72356144e-003 0. 0. 2.29101931e-003 1.13377152e-002
    9.68316628e-004 0. 4.25977458e-004 0. 0. 0. 2.67489674e-003 0.
    3.97398649e-003 8.58794712e-003 3.33344517e-003 6.20786159e-004 0.
    0. -7.56403722e-004 0. 0. 0. 0. 4.33311518e-003 -2.05848413e-003
    2.21373676e-003 -7.25246937e-005 2.51108292e-003 0. 1.60298892e-004
    -4.39798459e-003 4.78224317e-003 2.70058430e-004 1.31357545e-002 0.
    -5.05100936e-004 1.09394472e-002 0. 4.79912478e-003 2.68850499e-003
    0. -1.19882217e-003 0. 0. 5.55939972e-003 6.15045335e-003
    -1.82814745e-003 0. -3.58159770e-004 0. 0. 0. 0. 0. 5.89327049e-003
    0. 0. 0. 0. 0. 4.39855596e-003 0. 3.94193456e-003 3.09211272e-003
    1.86290813e-003 0. 6.33633742e-003 2.61084712e-003 2.39667061e-005
    0. 5.63890021e-003 0. 0. 0. 8.48720595e-003 -1.08905940e-003 0.
    6.55122055e-003 2.69161421e-003 -4.44975682e-003 0. 0. 0.
    2.53737584e-004 1.43800154e-002 -2.96887447e-004 5.04611619e-003
    1.62475137e-003 1.46966300e-003 0. 2.39051017e-003 6.78059179e-003
    2.26527872e-003 2.08409652e-002 0. 8.88574775e-003 -8.87356407e-004
    3.40430671e-003 0. 0. -1.48508279e-003 0. 0. 7.46354926e-003
    3.82416369e-003 -4.46733815e-004 0. 0. 0. 0. -1.46982295e-003
    3.95216607e-003 0. 0. 4.68262564e-003 0. 5.73358452e-003
    1.28258681e-002 -3.16175446e-003 0. 3.17131984e-003 2.16476154e-003
    8.13103281e-004 -5.25831187e-004 -1.57790619e-003 5.97864157e-003
    -8.70171294e-004 -2.84182141e-004 0. 0. 0. 7.20052049e-003 0. 0. 0.
    5.05344942e-004 1.02017634e-002 0. 3.61287617e-003 1.62423088e-003
    0. 1.06816867e-003 -1.95833156e-003 0. 2.86320294e-003
    1.72637030e-003 2.75501376e-003 4.15881816e-003 1.70145684e-003 0.
    2.94929068e-003 1.01112411e-003 5.78833045e-003 4.44728386e-004
    5.31834608e-004 5.67777595e-003 1.92370755e-003 1.17831808e-002
    -1.71082676e-003 -1.80714426e-003 0. 1.06105162e-002 0.
    1.50679832e-003 -6.23425527e-004 3.63741675e-003 3.94463027e-003 0.
    6.37346506e-003 0. 0. 3.85101978e-003 -8.24486138e-004 0. 0.
    6.56567561e-003 2.81382748e-003 6.34882459e-003 8.12772568e-003
    3.29405791e-003 1.35980942e-003 3.76778794e-003 1.49765108e-002
    -2.45978497e-003 0. 2.97688763e-003 0. 3.06388340e-003
    9.33553651e-003 2.99234904e-004 4.73396340e-003 1.72633643e-003
    9.80739133e-004 2.03361060e-003 5.16215572e-003 0. 0.
    2.03967304e-003 -2.24543852e-003 1.41611369e-002 2.14857937e-004
    8.29312578e-003 0. 4.29867156e-004 6.40728604e-003 0. 0.
    4.39280382e-004 0. 3.03852279e-003 -9.70663095e-004 1.38658956e-002
    4.53955523e-004 1.24663608e-002 0. 3.93118011e-003 0. 0.
    5.38512832e-003 0. 0. 0. 9.34749562e-003 4.21131466e-004
    -1.40869117e-003 0. 3.72502720e-003 2.74727726e-003 6.87990058e-003
    0. 3.79253505e-003 3.16036353e-003 1.07956794e-003 2.17084540e-003
    4.90620639e-003 -4.32189525e-004 0. 2.52925674e-003 8.34748615e-004
    0. -1.33039884e-003 4.89484007e-003 -6.15075871e-004 0.
    2.20740424e-003 5.97238541e-003 -6.71821064e-004 1.34321954e-002
    2.82922317e-003 1.68285205e-003 0. 0. 6.38942141e-003
    2.59397319e-004 0. 0. -1.64445501e-003 0. -7.29532854e-004
    2.02541123e-003 -6.28257330e-005 1.13550399e-003 1.01878296e-003
    5.78046404e-003 0. -1.66054931e-003 1.07698259e-003 4.44720127e-003
    0. 0. 0. -1.16458011e-003 0. 0. 0. 3.41250678e-003 2.52841576e-003
    0. 0. -6.75570511e-004 0. 6.50897436e-003 7.35375751e-003 0.
    2.58427649e-003 0. -3.63721722e-003 1.97048043e-003 0.
    2.95243645e-003 0. 4.90359031e-003 2.91374745e-003 1.00037446e-002
    0. 8.69303942e-003 0. 0. 0. 7.09171349e-004 0. 0. 0. 0. 0.
    3.61579098e-003 0. 0. 5.75123960e-003 2.68347468e-003
    7.05906283e-003 6.66868361e-003 -1.39392714e-003 -1.47127706e-004
    3.73973278e-003 -1.15770136e-003 7.86794699e-004 4.47113113e-003
    3.14777397e-004 8.82288965e-004 -2.90527218e-003 3.00956494e-003
    4.28326857e-005 7.16438750e-003 -5.99260966e-004 4.77096438e-003
    -2.78290681e-004 0. 0. 1.60661014e-003 -3.64279083e-004
    1.03257075e-002 4.21780674e-003 3.30436858e-003 0. 0.
    4.06882539e-003 1.68420072e-003 4.17940738e-003 -5.24415309e-003
    4.40435437e-003 3.54014500e-003 0. 1.11990655e-003 3.38537758e-003
    3.80218844e-003 1.28779921e-003 0. 1.08165387e-003 1.82778435e-003
    2.50894879e-003 -1.26012368e-003 0. 1.19844655e-004 6.85066392e-004
    1.27811835e-003 1.05521176e-003 0. 3.12653580e-003 2.23058835e-003</data></imageDescriptor>
</opencv_storage>
