<?xml version="1.0"?>
<opencv_storage>
<imageDescriptor type_id="opencv-matrix">
  <rows>1</rows>
  <cols>500</cols>
  <dt>f</dt>
  <data>
    0. -2.22433941e-003 0. 0. 1.65231212e-003 9.59298748e-004 0. 0. 0.
    4.01072379e-004 3.91524099e-003 4.46859602e-004 1.10089045e-003
    3.41574159e-005 1.06940861e-004 1.04351388e-003 0. 0.
    4.65024309e-003 1.64165359e-003 -1.13887712e-003 1.48571527e-003
    -3.19799699e-004 1.71676118e-004 0. 1.08452374e-003 3.28610791e-003
    0. 7.37054413e-003 2.33216793e-004 4.14319988e-003 1.72688928e-003
    0. 1.98443700e-003 3.74849560e-003 1.86537544e-003 2.38989247e-003
    3.46476072e-003 1.92324937e-004 2.39529391e-003 1.81651360e-003
    4.62259777e-004 5.05990908e-003 2.36227661e-002 -1.84088596e-003
    2.84527754e-003 1.05192401e-002 2.26274016e-003 0. 9.08979040e-004
    0. 3.77647171e-004 2.15138681e-003 1.13135157e-003 0.
    -2.19266294e-004 3.85723892e-003 9.46561573e-004 3.67511762e-003
    5.09748235e-003 -1.07704860e-003 4.76499740e-003 6.48816675e-003
    1.48780562e-003 1.58694957e-003 0. 1.15918415e-003 0.
    1.87857833e-003 0. 8.58404581e-003 7.41353910e-003 4.19416046e-003
    3.46575631e-003 7.47254235e-004 4.51349886e-003 6.60893647e-003 0.
    4.51428816e-003 8.69169540e-004 1.44866388e-003 4.23633819e-003
    9.63333878e-004 0. 9.39767109e-004 -2.84605450e-003 0.
    7.91877173e-005 1.16861926e-003 7.44822435e-004 2.22848053e-003 0.
    0. 2.94000516e-003 1.29613525e-003 4.10526758e-003 3.29352100e-003
    1.37862586e-003 2.28524348e-003 -4.69540973e-004 0. 0.
    1.41767930e-004 3.36927245e-003 2.18588556e-003 -4.69968014e-004
    1.85024110e-003 1.93438085e-004 0. 2.89417128e-003 2.06683716e-003
    2.43629585e-003 -7.62585492e-004 1.02053024e-003 0. 6.19400339e-003
    1.42856836e-002 0. 5.30782994e-003 -1.17446331e-003 7.03388068e-004
    3.02719680e-004 -1.00987102e-003 1.47316069e-003 0. 1.88579736e-003
    1.14123267e-003 2.31224360e-004 0. -1.09459774e-003 2.15959153e-003
    1.10460185e-002 7.05229817e-003 5.90804638e-003 1.08199110e-002 0.
    2.58704904e-003 0. 2.82273395e-003 1.70814584e-003 0. 0.
    4.27683350e-003 -2.85114889e-004 2.54301121e-003 3.55260185e-004 0.
    0. 0. 2.28457106e-003 4.67673223e-003 1.09136279e-003
    2.61543412e-003 3.33235716e-004 4.35885554e-003 0. 8.16334225e-003
    2.30872212e-003 4.91972407e-003 0. 2.01356743e-004 1.76286255e-003
    -1.72397587e-004 1.74533657e-003 -3.48368951e-004 0. 4.05955175e-003
    2.69322633e-003 1.10446569e-002 2.19608634e-003 1.25527440e-003 0.
    -1.35443639e-004 -1.02287019e-003 1.53443462e-003 0. 0. 0.
    2.87924754e-003 2.05459981e-003 6.18249271e-003 4.11815615e-003
    1.93720707e-003 1.14025800e-002 0. 0. 8.92901502e-004
    1.85052282e-003 0. 3.67060537e-003 3.11773829e-003 2.32092408e-003
    3.03311564e-004 -3.02923564e-003 0. 1.16790841e-004 -5.03125739e-005
    0. 2.71992083e-003 0. 9.21171857e-004 1.52346489e-004
    4.95159620e-005 5.18167391e-004 0. -8.56705010e-004 2.84271990e-003
    6.73281786e-004 -7.99691246e-004 2.96910230e-006 2.93263188e-003 0.
    2.97376944e-004 4.89990832e-003 4.90480708e-003 0. 2.73254374e-003
    2.99190637e-003 0. 2.65746098e-003 0. 2.60187848e-003
    1.46579987e-003 3.23710986e-003 1.29571359e-003 3.57849849e-003
    9.05558001e-004 1.07890100e-003 0. 0. 5.60526643e-003
    7.38534657e-003 2.50313524e-003 1.18112855e-003 1.68072828e-003
    8.89768545e-003 -9.57310840e-004 0. 0. 4.33569215e-003 0. 0.
    7.82123581e-003 5.27362712e-003 2.01961212e-003 0. 2.74149980e-003
    -5.26454824e-004 1.24456012e-003 1.05090868e-002 0. 1.98216178e-003
    6.60290767e-004 0. 6.52963575e-003 0. 2.66366382e-003
    7.48825306e-003 0. 1.06343161e-002 4.00405517e-003 1.19081908e-003
    -2.26257346e-003 1.75330485e-003 -2.53909058e-003 2.57693144e-004
    2.85607181e-003 -3.51311173e-003 2.56117154e-003 4.69228812e-003 0.
    0. 1.49428309e-003 0. 1.71908550e-003 0. 2.16614036e-003 0.
    1.84279424e-003 -2.20701774e-003 0. 1.71628175e-003 4.02489863e-003
    2.98088486e-003 1.62139273e-004 1.78643269e-003 0. 2.26059603e-003
    -8.87678179e-004 3.86587868e-004 0. 6.15069643e-004 7.48630753e-003
    0. 1.94859058e-002 2.63200607e-003 0. 1.32193940e-003
    1.03707658e-003 6.44922256e-003 4.99589927e-003 -2.56525027e-003
    5.34318213e-004 -1.97043037e-003 4.19411168e-004 1.09090342e-003
    -9.08482412e-004 1.47246500e-003 1.36113667e-003 1.26486947e-003
    2.81534181e-003 2.58858345e-004 1.02050544e-003 3.63904377e-003
    -1.00156164e-003 3.56826070e-003 5.72572369e-003 0. 5.27720386e-003
    0. 0. -1.05619722e-003 8.22445471e-003 1.51330810e-002 0. 0. 0. 0.
    0. 1.37684797e-003 1.45258922e-002 0. 3.27378116e-003
    1.10142641e-002 1.21857994e-003 2.78311502e-003 -2.50926154e-004
    4.33245907e-003 0. -9.51160910e-004 4.64490708e-003 2.04353663e-003
    -2.70126009e-004 1.19793776e-003 0. 2.08919263e-003 2.52647582e-003
    7.76449684e-004 2.23843181e-005 1.03738531e-002 -2.21165619e-003 0.
    1.30004983e-003 1.30940117e-002 1.33227662e-003 4.74505685e-003
    6.99082110e-003 4.70787100e-003 8.26832897e-004 3.52357718e-004
    4.06535546e-004 0. 0. 4.66814451e-003 3.18628227e-005 0.
    2.29246798e-003 5.00469469e-004 1.29776297e-003 3.77484900e-003 0.
    9.12236329e-003 4.79340460e-003 -7.69529026e-004 3.87396722e-004
    3.10443062e-003 1.85915199e-003 3.19614541e-003 0. 0.
    -2.52885453e-004 6.67688716e-003 0. 2.64092651e-003 0.
    8.99782311e-003 -4.10866865e-004 3.91678233e-003 2.57674663e-004 0.
    9.71652754e-003 -2.68014090e-004 3.45218112e-003 6.71594217e-003
    2.83751450e-003 0. 1.32022391e-003 4.41267504e-004 6.83909748e-004
    8.12754326e-004 3.92109947e-003 9.40883346e-003 -2.19190813e-004 0.
    0. 3.47341178e-003 4.76505281e-003 1.92395353e-003 0.
    8.05649674e-004 1.46458554e-003 4.76381416e-003 0. 7.60018965e-003
    4.83988551e-003 3.17297457e-003 0. 5.97990947e-005 1.26935856e-003
    9.09562502e-003 7.46940542e-003 1.41433510e-003 6.18219841e-003
    4.43782890e-003 -1.84253894e-003 1.37079449e-003 -8.30337056e-004 0.
    4.79064044e-003 2.12805578e-003 0. 2.62772478e-003 0.
    9.55236668e-004 4.66577662e-003 -2.78021651e-003 0. 3.48789649e-006
    3.94180970e-004 4.38895216e-003 0. 0. 2.51386873e-003
    2.00602296e-003 2.56170449e-003 9.27665445e-004 0. 2.36918870e-003
    3.02478275e-003 1.64004248e-002 0. 1.11434341e-003 4.19637654e-003
    0. 0. 0. 6.52984623e-003 0. -3.41119524e-003 8.23726971e-003
    2.03831005e-003 -2.15850960e-004 -6.71071175e-004 1.56482949e-003
    3.41640576e-003 1.92352454e-003 1.97826745e-003 4.16370202e-003 0.
    0. 0. 7.23552704e-003 0. 7.94834108e-004 0. -7.77464447e-005 0.
    2.84889038e-003 4.09756787e-003 -7.83428026e-004 0. 0. 0.
    1.13202659e-002 0. 0. 0. 7.98486290e-004 0. 1.63504295e-003
    7.56679196e-003 -2.34381238e-004 -4.28437081e-004 3.76264448e-003 0.
    3.49015743e-003 2.17997073e-003 1.82109489e-003 0. 2.28783954e-003</data></imageDescriptor>
</opencv_storage>
