<?xml version="1.0"?>
<opencv_storage>
<imageDescriptor type_id="opencv-matrix">
  <rows>1</rows>
  <cols>500</cols>
  <dt>f</dt>
  <data>
    0. -1.90071831e-003 2.61952751e-003 2.38118321e-003 3.61975655e-003
    3.47160548e-003 4.62741824e-003 3.01578455e-003 4.51065926e-003
    1.11039565e-003 0. 0. 1.49196864e-003 -1.03059679e-003
    2.51490017e-003 -1.70673411e-005 2.41017574e-003 1.67120565e-002
    3.83039471e-003 9.24580614e-004 3.27256299e-003 8.56265775e-004 0.
    1.91037857e-003 2.73520336e-003 -1.50674267e-003 8.36015306e-003
    4.01735678e-003 4.43088094e-004 1.96595048e-003 7.43470504e-004
    2.37891078e-003 3.50819179e-003 3.81657085e-003 -8.11942329e-004
    1.89085107e-003 5.39933098e-003 0. 1.73478169e-004 3.57520510e-003
    8.35999963e-004 -3.55847739e-003 -4.18315455e-003 0. 5.64525020e-004
    3.90799902e-003 2.04384280e-003 2.41619907e-003 6.71505579e-004
    1.30604510e-003 0. 3.27149965e-003 0. 0. 5.75074367e-003
    3.78064532e-003 6.40298531e-004 1.85852626e-003 2.76111416e-003
    3.59207392e-004 9.42151455e-005 0. 2.50843423e-003 5.96942054e-003
    1.12900753e-002 0. 0. 1.10384647e-003 3.79394158e-003
    1.22461049e-003 -1.90451532e-003 0. 5.14265208e-004 4.92500560e-003
    4.38978430e-003 1.41786155e-003 0. 0. 0. -3.28588765e-004
    -2.02105381e-003 -4.61315853e-004 6.54572330e-004 3.57031007e-003
    1.11292563e-002 -9.33864445e-004 2.75635836e-003 1.49757776e-003
    5.34286199e-004 1.72864122e-003 4.45397527e-005 0. 5.40424371e-003
    4.74251574e-003 0. 1.88066182e-003 1.25010416e-003 4.65070130e-003
    4.68695816e-003 0. 0. 1.95483794e-003 0. 1.05867917e-002
    8.97457241e-004 0. 0. 3.01828375e-003 1.57344167e-003
    9.74044087e-005 2.42981198e-003 1.50458468e-003 3.41263367e-004
    -1.56048301e-003 1.09005312e-003 1.45191944e-003 3.67831253e-003 0.
    3.50265647e-003 2.55993544e-003 6.70932408e-004 1.28367078e-003
    -3.25494155e-004 -3.61243146e-005 4.44801198e-003 -2.48573342e-005
    1.06880581e-003 1.38469390e-003 -2.19109686e-004 4.24784515e-003
    2.04803655e-003 1.06142147e-003 9.17173177e-003 1.86609570e-003
    1.03823813e-002 1.08980425e-002 1.55741209e-003 2.30462640e-003
    1.08326823e-002 9.60757490e-004 0. 1.61460531e-003 3.40860290e-003
    2.12406437e-003 6.19664090e-003 1.42117741e-003 1.54210301e-003
    1.71495450e-003 0. 9.23386891e-004 3.04907490e-003 2.23694067e-003
    1.37720664e-003 7.83798809e-004 0. 1.30768388e-003 1.32335897e-003
    6.46812376e-003 4.36248491e-003 5.50899468e-003 0. 7.35333422e-004
    8.80222593e-004 0. 0. 9.62696504e-004 8.72397271e-004 0.
    1.25652921e-004 0. 1.10524846e-002 5.19790733e-003 1.29796521e-004
    3.00706387e-003 0. 1.95285748e-003 -4.66132624e-004 0.
    5.22285514e-003 0. 3.68476519e-003 2.18709628e-003 2.19786586e-003
    1.79975387e-003 1.13926432e-003 2.09819176e-003 1.10612868e-003
    5.90982195e-003 4.45299735e-003 4.01785225e-003 1.32299331e-003
    2.33971118e-003 1.83777395e-003 2.09160638e-003 -1.83797081e-003 0.
    1.05991249e-003 -7.59721326e-004 0. -5.68956675e-005 2.62262230e-003
    1.70383439e-003 0. 2.43702624e-003 1.08618138e-003 6.32933015e-003
    8.15241877e-003 -6.59322308e-004 4.63944580e-003 5.93812764e-003
    2.42521334e-003 1.41191832e-003 3.28465132e-003 8.07702658e-004
    6.00805180e-003 7.06835510e-003 6.41369727e-003 9.64759209e-004
    4.29276348e-004 -4.31242259e-003 4.27174615e-004 5.58700005e-004
    1.01450365e-003 4.22690035e-004 0. 0. 4.64031333e-003
    9.56626493e-004 3.69183370e-003 -4.01995843e-004 3.57174361e-003
    2.29680049e-003 5.20587806e-003 -7.96594133e-004 2.70638522e-003
    1.76526257e-003 0. 3.26781929e-003 8.26981093e-004 4.24938044e-003
    9.17268568e-004 -1.77009683e-003 -7.62019597e-004 -1.73790773e-004
    5.70087368e-003 3.11724003e-003 2.20129755e-003 4.03168891e-003
    2.41183862e-003 3.86482599e-004 0. 0. -9.67066735e-004
    2.29474297e-003 -5.14364103e-004 1.96497631e-003 5.73503785e-003
    1.27401175e-002 1.21618807e-003 -1.55483882e-004 -6.46989327e-004 0.
    -1.54803402e-003 1.80115402e-002 1.02749851e-003 2.03939015e-003
    -1.49885600e-003 5.91443153e-004 1.25503063e-003 6.04178337e-003 0.
    2.59925611e-002 -7.88872945e-004 2.17616325e-003 2.35542376e-003
    3.76141630e-004 5.75893500e-004 1.57005701e-003 2.64088064e-003
    -1.11864565e-003 2.52330443e-003 3.32639145e-004 -1.30746735e-003
    3.33659258e-003 1.83861644e-003 0. 5.58139836e-005 4.35199705e-004
    2.16831570e-003 2.55398359e-003 2.57378002e-003 -3.48110334e-004
    1.37022953e-003 4.42517703e-005 2.70954333e-003 -9.85707506e-004
    2.15630932e-003 0. 1.23431662e-003 2.03180220e-003 4.33576206e-004
    2.82630790e-003 -1.18811894e-003 5.43740299e-003 2.23294436e-003
    3.00933095e-003 -2.34877676e-004 1.53640821e-003 -9.72919152e-005 0.
    0. 2.34511076e-003 9.78533717e-005 1.18017709e-003 7.45473022e-004
    6.20537903e-003 -8.52345489e-004 -7.85946613e-004 4.27387701e-003
    2.50943791e-004 4.02784254e-003 1.01078348e-003 0. 1.37692038e-003
    0. 1.59172143e-003 -4.56238427e-004 0. 0. 1.20809092e-003
    6.23787800e-003 6.42995874e-004 4.76621877e-004 1.50707620e-003
    1.54305506e-003 1.93236140e-003 2.06395937e-003 2.81303190e-003
    5.22400346e-003 7.17710005e-003 2.04545120e-003 -4.98218287e-004
    5.23004215e-004 6.40659593e-003 5.11353556e-003 0. 5.43582300e-003
    -9.42044193e-004 4.35562152e-003 0. 1.45558827e-003 2.12656625e-004
    0. 6.23405585e-003 5.62467496e-004 1.42530026e-003 2.45521241e-003
    8.53970778e-005 8.22150847e-004 9.47569089e-004 2.26678862e-003 0.
    -5.49088640e-004 0. 1.07772360e-002 3.61207477e-003 3.93471587e-003
    0. 0. 1.22202502e-003 2.73161568e-003 5.15775569e-003
    1.65929634e-003 6.32883236e-003 0. 2.25951965e-003 2.44350522e-003
    0. 1.57495192e-003 1.24182529e-003 4.42885887e-003 0.
    -1.07405439e-003 5.71240234e-005 1.09732978e-003 9.06057283e-003
    3.57460137e-003 0. 4.82931128e-003 3.70986992e-003 1.61804422e-003
    1.07986492e-003 5.36987092e-004 0. 3.54123977e-003 0.
    1.31879444e-003 0. 0. -2.42188486e-004 2.99213640e-003
    8.59570317e-003 1.58465991e-003 3.88203980e-003 1.19256496e-003
    2.12969421e-003 1.65270874e-003 2.00545322e-003 1.41723349e-003
    2.79385550e-003 -1.90665480e-003 0. 1.00626927e-002 4.35898226e-004
    0. 9.55180032e-004 6.40888372e-003 2.54903431e-003 0.
    3.04301875e-003 8.71076807e-003 2.10057222e-003 1.98629103e-003
    6.40892237e-003 3.12662778e-005 1.66978827e-003 4.45256272e-004 0.
    -1.85819133e-003 2.54497072e-003 2.17283960e-003 0. 2.25839601e-003
    0. 1.18727738e-003 4.06652456e-003 3.67376627e-003 -1.11183221e-003
    -3.48515285e-004 5.63867809e-003 0. 0. 5.43243159e-003 0.
    1.20766950e-003 -9.29819013e-004 4.53883363e-003 1.11345097e-003
    1.11520477e-003 1.64220680e-003 1.13560387e-003 5.30167192e-004
    -8.74574835e-005 2.36777123e-003 8.25480442e-004 3.66689335e-003
    8.33676942e-003 5.40526025e-003 4.31997702e-003 9.01269144e-004
    5.37137559e-004 6.12680626e-004 2.15657987e-003 8.32235091e-004 0.
    1.01156877e-002 0. 4.04985109e-003 9.34892334e-004 3.20139050e-004
    0. 1.72409182e-003 2.39673187e-003 0. 2.82570114e-003
    2.68168771e-003 2.16444535e-003 0. 3.76857189e-003 -8.40528926e-004
    2.58354819e-003 3.65525880e-003 6.69480301e-004 0. 2.13609659e-003
    1.71353342e-003 2.87902285e-003 1.47228187e-004 1.70775654e-003 0.
    1.11237564e-003 3.19211191e-004 3.47798737e-003 1.34505611e-003
    3.77467950e-003 -3.23833869e-004 7.79603329e-003 4.03771549e-003
    3.32530169e-003 4.63992590e-003</data></imageDescriptor>
</opencv_storage>
