<?xml version="1.0"?>
<opencv_storage>
<imageDescriptor type_id="opencv-matrix">
  <rows>1</rows>
  <cols>500</cols>
  <dt>f</dt>
  <data>
    -4.21052054e-003 -5.67512168e-003 0. 0. 0. -4.18473640e-003
    3.28349299e-003 0. 2.65130471e-003 0. 3.26920045e-003 0.
    1.76902895e-003 0. 1.26039016e-003 -2.31996435e-003 4.29218588e-003
    1.71042681e-002 6.91997353e-004 0. 0. 9.88569111e-004
    6.40893960e-003 1.07204244e-002 0. 1.46681694e-002 8.21047928e-003
    1.38765364e-003 1.97430747e-003 1.45630883e-002 0. 0. 0.
    4.79853759e-003 0. 0. -6.97061652e-003 0. 0. -3.09681706e-003 0.
    7.24472280e-004 9.35645716e-004 1.32974088e-002 0. 1.46858860e-002
    3.91116273e-003 -1.40125363e-003 0. 0. -3.77914077e-003
    4.90426668e-004 4.10827855e-003 0. -3.05355439e-004 0. 0. 0.
    8.86857603e-003 4.16286523e-003 0. 0. 3.99929006e-003
    1.78454760e-002 0. 4.67772689e-003 0. 0. 0. 0. 8.41144193e-003
    1.63212453e-003 0. -3.31422756e-003 0. 0. 6.42916828e-004
    2.80017569e-003 9.95188020e-004 -1.97298056e-003 9.13872907e-004
    2.37360802e-002 1.99818588e-003 1.01950602e-003 1.82549525e-002
    1.08517036e-002 2.20837444e-003 0. 1.67332659e-003 0.
    4.94827796e-003 0. 1.61133837e-002 6.38336036e-003 0. 0. 0. 0. 0.
    3.31197563e-003 6.22694055e-003 0. 2.48550461e-003 6.69713458e-003
    0. 8.23954493e-003 0. 2.31731241e-003 0. 0. 4.06654039e-003
    1.01678842e-003 0. 0. 0. 0. 0. 0. 0. 0. 0. 0. -1.10582006e-003 0.
    5.48950816e-003 0. 2.86864745e-003 5.12209090e-006 0.
    -4.25185682e-003 0. 5.22362534e-003 0. 0. 2.45441310e-003
    1.86941610e-003 0. 3.21093644e-003 0. 2.87407939e-003 0. 0.
    1.11896219e-002 -9.48720495e-004 2.57593393e-003 0. -2.34147906e-003
    0. 0. 0. 7.13945657e-004 4.60092817e-003 9.04252753e-004
    1.36463583e-004 0. 0. 4.11542039e-003 0. 0. 7.67214689e-003 0. 0.
    2.72875209e-003 0. 3.86523549e-004 2.51618028e-003 2.18603876e-003
    0. 0. 3.75698763e-003 0. 2.05002329e-003 1.87802594e-003
    2.70317681e-003 0. 0. 0. 0. 2.34017428e-003 3.01532261e-003 0.
    4.57494333e-003 1.05091243e-003 7.44546903e-003 6.80215750e-003 0.
    1.23822549e-003 0. 3.95365758e-003 1.31336376e-002 0. 0.
    -5.14309667e-003 0. 1.90551835e-003 5.10741142e-004 0.
    1.75684039e-003 -9.44037805e-004 2.24024635e-002 0. 1.05221476e-003
    0. 2.45907693e-003 0. 8.85767024e-003 0. 0. 1.24068034e-003 0. 0.
    4.94754128e-003 6.00763224e-003 1.68954907e-003 3.18908319e-003 0.
    -2.66702176e-004 0. 0. -5.02577517e-003 4.99029877e-003
    1.01218689e-002 0. 0. 4.06228006e-003 7.79204769e-003 0. 0. 0.
    6.57174131e-003 0. 4.58277948e-003 0. -5.22271323e-004 0.
    1.61989760e-002 0. 0. 0. 0. 3.00665013e-003 -3.79776792e-003 0.
    6.68239081e-003 0. -5.15275053e-004 0. 1.24331079e-002
    -5.14700310e-004 9.53285024e-003 1.01423830e-005 0. 3.08946194e-003
    0. -1.13450503e-003 0. 0. 7.14748807e-004 -1.35016977e-003
    3.68167437e-003 4.33432031e-003 8.17408040e-003 6.73714420e-003
    5.45000145e-003 1.46524003e-003 0. 1.03089828e-002 -3.40807112e-003
    0. 0. 0. 2.79687569e-002 0. 0. 0. 6.85490016e-003 3.14217247e-003
    8.79909727e-004 0. 0. 0. 0. -3.98993352e-003 0. 1.73885224e-003
    -3.74864112e-003 0. -2.15461967e-003 0. 0. 0. -8.13327846e-004
    2.47094780e-004 0. 0. 1.18179470e-002 0. 1.53396430e-003
    2.99183209e-003 3.16513842e-003 2.25363881e-003 3.92424583e-004 0.
    1.26416143e-003 0. 0. 0. 3.89272347e-003 1.91929727e-003
    -2.12528906e-003 1.87467248e-003 2.60391971e-003 0. 0. 0.
    8.15884490e-003 4.29783948e-003 -6.65803067e-003 3.93046439e-003
    1.08126318e-002 1.61891375e-002 0. 0. 0. 0. 0. 0. 0. 7.19565898e-003
    4.89114830e-003 0. 8.93999997e-004 3.37887392e-003 0.
    -1.16559328e-003 0. 0. 0. 0. 3.77061055e-003 0. 0. 2.78746593e-003
    0. 2.35496508e-003 0. 0. 0. 0. 4.93664155e-003 2.80155591e-003 0.
    1.57649145e-002 0. 0. 1.04771368e-002 6.63294108e-004
    -4.67380229e-003 0. -6.12540683e-003 0. 0. 0. -3.55300750e-003 0.
    -3.23673012e-003 0. 0. 1.50804443e-003 0. 0. 5.22135466e-004
    1.94333680e-002 0. 2.85306340e-003 0. 0. -2.23954255e-003 0.
    1.49901991e-003 0. 2.52246787e-003 3.14206537e-003 1.71489676e-003
    0. 0. 0. 1.80962496e-002 0. 3.15079535e-003 7.80711416e-003
    7.83792883e-003 6.72026863e-003 0. 0. 0. 4.50490043e-003
    1.62407104e-002 1.00858286e-002 0. 3.82177532e-003 5.50095877e-003
    0. -4.42231889e-004 1.93270913e-003 0. 0. 3.63666844e-003 0. 0. 0.
    0. 0. 1.17233768e-002 5.68078365e-003 0. 4.59259463e-004 0. 0. 0. 0.
    8.33577476e-003 0. 5.94999874e-003 3.74859921e-003 -2.97797821e-003
    0. 0. -2.21120822e-003 2.76830443e-003 1.85817126e-002 0.
    3.29898577e-003 1.32697038e-002 7.02880602e-003 2.41937339e-002 0.
    1.67143953e-004 3.10636614e-003 0. 3.35167977e-003 0.
    1.29904728e-002 0. 0. 1.66553352e-003 0. 2.32834369e-003
    4.23654972e-004 0. 4.08212561e-003 5.39150648e-003 4.99917381e-003
    2.78119300e-003 9.37580969e-003 3.83950281e-003 -4.29839238e-005
    3.27658118e-003 0. 0. 0. 0. 1.01083645e-003 -1.26190577e-003
    4.98252863e-004 0. 9.21345409e-003 7.41806254e-003 0. 0. 0.
    8.43876158e-004 0. 6.82712300e-003 0. 0. -2.24524250e-004 0.
    5.41473646e-003 0. 0. 0. 0. 1.39391783e-003 0. 0. 0. 0. 0. 0.
    5.60550531e-003 -2.33294419e-003 -1.58946402e-003 3.29546374e-003
    5.23582894e-005 -2.66031479e-004 -5.86883805e-004 0. 1.38901838e-003
    -1.55553105e-003</data></imageDescriptor>
</opencv_storage>
