<?xml version="1.0"?>
<opencv_storage>
<imageDescriptor type_id="opencv-matrix">
  <rows>1</rows>
  <cols>500</cols>
  <dt>f</dt>
  <data>
    9.49036505e-004 -4.80278442e-003 1.28882774e-003 1.27527630e-004 0.
    5.52970497e-003 3.28561408e-003 1.07320328e-003 -6.46631350e-004 0.
    0. 0. 0. 7.79863680e-004 2.61377892e-003 5.02175884e-003 0.
    2.34753080e-003 6.76810450e-004 -5.57481661e-004 1.48182712e-003
    -6.94963208e-004 1.19159592e-003 2.95888376e-003 1.04822470e-002 0.
    2.82778335e-003 0. 4.29529930e-003 0. 0. 0. 0. -1.35943177e-003
    8.68386764e-004 8.07941891e-003 2.04225024e-003 0. 0.
    -1.97328045e-003 5.68723190e-005 0. -1.66786741e-003 1.60435680e-003
    0. 0. 2.48907809e-003 2.30447692e-003 4.82734665e-003
    -7.76206027e-004 2.98960484e-003 1.42106961e-003 9.57978598e-004 0.
    -3.07672453e-005 7.79544818e-004 4.31281980e-003 1.29274221e-003
    6.95641618e-003 2.13198736e-003 0. 0. 6.46681059e-003
    4.78173140e-003 1.66087842e-003 2.60876113e-004 3.22234537e-003
    -2.15880456e-003 3.49142763e-004 1.73407292e-003 3.39436578e-003
    2.15638545e-003 7.64762238e-003 1.24841218e-003 -2.64610187e-003
    2.57075531e-003 8.18459783e-004 4.09335690e-003 2.78544147e-003
    5.18658711e-003 3.78092052e-004 1.49544161e-002 1.68048742e-003
    7.83887692e-003 6.86999224e-003 1.23293570e-003 0. 2.92949821e-003
    1.99972955e-003 1.29016655e-004 -5.32880193e-004 1.07989693e-003
    6.05002558e-003 -5.39118599e-004 0. 9.87153873e-003 1.33677840e-003
    0. 9.27377958e-004 1.73126871e-004 0. 6.68066368e-003 0.
    2.17642896e-002 0. 8.42710666e-004 3.33072222e-003 0. 0.
    4.01506200e-003 4.28460166e-003 2.05305964e-003 0. 1.06822373e-003
    0. 0. 0. 0. 0. -1.46871246e-003 2.13606237e-003 9.29728430e-003
    1.21951401e-002 2.90934602e-003 0. 7.97840767e-003 0.
    1.45886675e-003 3.51032498e-003 3.55640514e-004 9.41653634e-005
    3.40491155e-004 0. 2.01770454e-003 -2.85094080e-004 9.16543975e-003
    7.71224312e-003 0. 1.06958649e-003 3.68304638e-004 0.
    1.72396831e-003 9.91751067e-003 8.99491645e-003 6.79781660e-004
    3.19137871e-005 1.22693449e-003 3.18563380e-003 0. 9.99997836e-003
    -9.60689038e-004 1.09202252e-003 0. 1.22048752e-003 4.00389638e-003
    1.11433881e-004 1.09740032e-003 2.72508734e-003 0. -1.95036782e-003
    4.54275962e-003 1.32565806e-002 3.81199946e-003 1.63641665e-003
    1.40760571e-003 0. 0. 0. -2.15466964e-004 -1.35141905e-004 0.
    1.78177538e-003 3.06669064e-003 8.42890120e-004 0. 0. 0. 0.
    3.78107931e-003 1.35413185e-003 0. 2.14529317e-003 5.89383300e-003
    0. 3.35308397e-003 2.78725079e-003 -2.64911680e-004 0.
    -9.01653140e-004 1.43198820e-003 2.65913969e-003 0. 3.88954184e-003
    1.51486509e-003 -1.80545682e-003 1.50230143e-003 2.09019938e-003 0.
    -9.06848945e-005 3.78534012e-003 -1.57845998e-003 1.43546471e-003
    5.78884967e-003 0. 3.90403555e-003 -1.51378184e-003 1.19655242e-003
    0. 2.08068476e-003 0. 1.30695729e-002 1.76893780e-003 0.
    4.13890975e-003 0. 6.50555536e-004 1.01243460e-003 0.
    2.49348371e-003 0. 9.66931507e-003 1.87530799e-003 3.07972869e-003
    1.67778009e-004 5.86458202e-003 -1.05091394e-003 0. 0.
    1.01374520e-003 7.90317263e-003 5.53967571e-003 8.54667276e-003 0.
    6.24486385e-003 0. 1.47565706e-002 0. -8.29613855e-005
    2.85545620e-003 0. 2.59936065e-003 3.60284210e-003 -1.85496884e-003
    4.35486436e-003 0. 0. 6.25331234e-003 1.26963889e-003
    -4.41156502e-004 3.35023133e-003 0. 0. 1.83788280e-003 0.
    2.19659018e-003 -2.05765222e-003 1.09394221e-002 7.66769843e-003
    1.46627426e-003 2.68046418e-003 2.52711354e-003 8.06674175e-003 0.
    -9.84057551e-004 0. 0. 1.32988120e-004 3.65705695e-003 0.
    1.00977905e-002 0. 0. 0. 0. 0. 1.48357265e-003 9.92149813e-004
    5.11769997e-003 1.09315268e-003 0. 0. 2.18296831e-004
    -1.43502766e-004 1.33907492e-003 0. 4.78473445e-003 2.84080947e-004
    -3.01728491e-004 1.66261816e-004 2.04335060e-003 0. 0.
    1.12502335e-003 6.27197907e-004 3.59261036e-003 2.73523247e-003
    2.17365241e-003 1.25260535e-003 0. 0. 1.97340455e-003
    1.08030380e-003 0. 0. 8.69553405e-005 1.71334425e-003
    3.25941388e-003 0. -7.59508344e-004 1.27428146e-002 7.26930425e-003
    0. 4.74482309e-003 1.48672913e-003 8.43584712e-004 5.69437922e-004
    1.33474069e-002 -1.09633846e-004 1.65833785e-006 -6.61376747e-004
    8.30716360e-003 0. 5.38792089e-003 2.19652615e-003 0. 0.
    -1.55439228e-003 0. 8.44591297e-004 7.86075275e-003 8.95073730e-003
    0. 1.96554605e-003 0. 0. -2.95075530e-004 0. 3.00015695e-003
    8.61902162e-003 1.07620261e-003 6.44354802e-003 3.84515780e-003
    3.04527581e-003 7.58217229e-003 0. 1.72286422e-003 4.48223436e-004
    0. 9.70721769e-004 1.02657801e-003 -2.91185715e-004 3.95314721e-003
    0. -7.68651662e-004 -1.51621865e-003 3.75310658e-004 1.66378368e-003
    -5.95313788e-004 5.36248367e-003 0. 0. 2.53777136e-003
    2.43508164e-003 9.31088172e-004 1.94710621e-003 2.25855596e-003 0.
    0. -1.58818148e-003 5.57624007e-005 0. 0. 0. 4.48596291e-003
    -7.30805215e-004 8.32486432e-003 4.20659315e-003 6.70419121e-003 0.
    4.29334212e-003 -1.10851986e-004 0. 2.10181065e-003 1.30274100e-003
    7.03420443e-003 2.94798939e-003 1.54150836e-003 1.58204918e-003
    5.33694983e-004 6.72647543e-003 2.92466395e-003 3.14381905e-003
    1.34588801e-003 0. 0. 0. 1.18556534e-004 -5.68870855e-005 0.
    3.35826818e-003 -1.42449234e-003 9.85047128e-003 8.47512973e-004
    2.00806226e-005 1.99963432e-003 0. 0. 1.25306821e-003
    -7.63172458e-004 9.44742176e-004 3.73247149e-003 1.46196526e-003 0.
    1.11849944e-003 4.06003528e-004 0. 6.31635427e-004 2.45709997e-003
    0. -7.29634776e-004 6.24937890e-003 5.35207056e-003 1.35006336e-003
    9.04962141e-003 5.78604359e-003 -5.20405127e-004 -1.19133631e-003
    4.86520771e-003 1.20778289e-003 4.82274313e-003 0. 1.91254681e-003
    2.74834433e-003 2.80355965e-003 1.48224710e-002 0. -1.94981258e-004
    6.33294135e-003 -3.00434971e-004 0. 2.41398299e-003 2.18133652e-003
    0. 0. 2.55156029e-003 2.43737060e-003 2.64744135e-003
    2.45896331e-003 0. -6.42090628e-004 2.08960986e-003 4.67595505e-003
    0. 2.31939042e-003 4.93626483e-003 2.73071462e-003 8.83184082e-004
    9.28190537e-004 0. 1.17730768e-003 0. 2.47833948e-003
    2.06647650e-003 0. 0. 0. 4.49576089e-003 0. -7.52386055e-004
    1.59882859e-003 0. 9.93236154e-003 1.28317613e-003 0. 0.
    -1.69752951e-004 0. 0. -4.57104179e-004 1.27442125e-002
    3.24161770e-003 6.97914185e-003 0. 8.44613707e-004 1.97540666e-003
    0. 0. 1.89897381e-002 2.30690092e-003 1.10878621e-003
    3.66029749e-003 0. -2.99666444e-005 9.00363084e-003 8.67161248e-003
    0. 3.47546348e-003 3.09435488e-003 0. 1.81645900e-003</data></imageDescriptor>
</opencv_storage>
