<?xml version="1.0"?>
<opencv_storage>
<imageDescriptor type_id="opencv-matrix">
  <rows>1</rows>
  <cols>500</cols>
  <dt>f</dt>
  <data>
    -1.73744746e-003 3.31687718e-003 0. 1.17576832e-003 1.43807298e-002
    0. 2.61942716e-003 5.08525828e-003 3.05787747e-004 3.81407607e-003
    0. 4.17060079e-003 0. -7.09173619e-004 0. 0. 4.99968836e-003
    4.98502469e-003 0. 4.06449893e-003 4.61998442e-003 3.31614376e-003
    -1.60428160e-003 8.51511210e-003 -7.42286444e-004 9.34037101e-003
    1.21531298e-003 0. 0. 0. -9.11095762e-004 0. 0. 8.82370304e-003
    1.67382648e-003 -4.47941595e-004 0. 0. 0. 5.98981837e-003
    2.63404916e-003 7.33748078e-004 -3.98263423e-004 3.98735283e-003
    -4.59824037e-003 1.75385538e-003 0. 5.88138960e-003 1.19864952e-003
    3.28878290e-003 -1.95744867e-003 0. 1.78809278e-003 0. 0.
    9.12132114e-003 2.37843930e-003 0. 1.20987592e-003 -3.02243629e-004
    1.37785533e-002 0. 6.63677417e-003 6.38884446e-003 2.60949996e-003
    0. 0. 0. -1.39450794e-003 0. -7.69696664e-004 -1.63218370e-004
    4.24431590e-003 0. 1.21520031e-002 7.25782569e-003 7.96107668e-003
    0. -7.93015293e-004 1.09597566e-002 0. -7.41427392e-003
    2.32174573e-003 0. -1.23263127e-003 1.07544931e-002 0.
    4.82254662e-003 3.21640493e-003 0. 0. 0. 4.60528448e-004
    2.71033798e-003 1.90070525e-004 3.92884249e-003 1.40161463e-003 0.
    9.74776282e-004 0. 2.84279371e-003 5.62553701e-004 0.
    2.48815883e-002 0. 0. -1.93278200e-003 0. 0. 0. 0. 0.
    1.84056500e-003 5.55551657e-003 4.44589974e-003 -3.33193369e-004
    2.80567445e-003 0. 5.41340932e-003 3.17846332e-003 0. 0.
    -1.23019726e-003 0. -2.56256550e-004 0. 0. 0. 1.13177975e-003
    1.49422931e-003 0. 0. 3.90844280e-003 1.20035070e-003
    6.16067927e-003 0. 0. 0. -1.32401602e-003 8.98358505e-003 0.
    1.74884190e-005 3.21052969e-003 0. 7.35492271e-004 0. 0.
    4.82230494e-003 1.53118733e-003 2.70393532e-004 2.30265874e-003
    6.72933180e-003 2.93720750e-005 2.30851234e-003 9.96697508e-003 0.
    4.17119870e-003 1.65223759e-002 1.50834322e-002 0. 0. 0.
    1.00397633e-003 0. 0. 2.21251696e-003 0. 0. 3.72444955e-003
    2.99240492e-004 -3.49758589e-003 4.15181695e-003 0. 0.
    2.78300885e-003 0. 0. 4.34206479e-004 -5.77376806e-004
    -2.12780578e-005 3.29382718e-003 0. 1.67477317e-003 0.
    1.55730557e-003 0. 0. 0. 9.15708661e-004 2.51473370e-003 0.
    -8.89514849e-005 6.81540091e-003 0. 0. 1.44284812e-003
    2.70440802e-003 0. 0. 1.63268938e-003 7.33097084e-004 0. 0. 0.
    1.18834677e-003 -2.89952179e-004 -4.33537830e-003 3.15920403e-003 0.
    7.10449554e-003 0. 2.40317429e-003 3.37649579e-003 0. 0.
    2.99041462e-003 0. 3.64635070e-003 0. 5.92162274e-003
    3.72871337e-003 1.79679506e-003 0. 0. 2.93777648e-005
    2.61234026e-003 0. 3.96820856e-003 2.03581341e-003 -1.22684473e-003
    0. 3.52373137e-003 1.04967691e-002 0. 0. 4.57600830e-003 0.
    3.10638594e-003 2.41473480e-003 8.27894779e-004 0. -1.56290270e-003
    4.63945884e-003 -8.45628150e-004 0. 2.68843677e-003 2.45387573e-003
    -8.36156105e-005 0. 1.13622763e-003 1.29085535e-003 0.
    6.20206678e-003 3.33831203e-003 1.69059102e-004 5.43313799e-003
    6.30198559e-003 1.09734642e-003 7.37872673e-003 0. 0. 0.
    8.13732203e-003 2.85116304e-002 -3.50436952e-004 0. 2.68104882e-003
    3.18832300e-003 0. 0. 1.39679073e-003 8.21137987e-003
    8.75107537e-004 6.63427822e-003 3.45185376e-003 1.16650471e-002
    -3.04116198e-004 1.52487576e-003 0. -2.29693670e-003 0.
    2.40487582e-003 0. 2.84296810e-003 8.92562326e-003 -2.47747172e-003
    0. 0. 0. 7.37001770e-004 0. 1.30105310e-003 9.81328078e-004
    9.13954456e-004 4.70068818e-003 1.44936820e-003 0. 7.44668359e-004
    0. 0. 0. -3.42591200e-003 0. 0. 3.82548361e-003 3.16112000e-003
    1.82721037e-002 -9.11605021e-004 6.81189471e-004 -5.17589680e-004 0.
    1.01214659e-003 2.87796371e-003 0. 0. 8.37445818e-003
    1.08818291e-003 0. 4.72528627e-003 0. 1.55037967e-003 0. 0. 0.
    -2.25439057e-004 -1.96469389e-003 8.95664503e-004 1.90040714e-003
    1.37651630e-003 0. 0. 1.06355280e-003 0. 0. 0. 2.41524819e-003 0.
    1.74693402e-003 8.02897289e-003 2.85586994e-003 3.88281187e-003
    2.49243947e-003 6.12295233e-003 0. 3.10380780e-003 0. 0. 0.
    1.28448138e-003 2.60816072e-003 -1.51220965e-003 0. 3.17880744e-003
    1.82725154e-002 2.10453197e-003 0. 0. 4.80395090e-003 0.
    -9.56749136e-005 1.79729855e-003 0. 0. 8.15945491e-003
    9.94936656e-003 4.48763138e-003 -4.62390482e-004 -1.22705789e-003
    3.41249886e-003 5.65243792e-003 0. 0. 4.36389865e-003
    2.92076985e-003 0. 0. 0. 0. 0. 0. -3.28331895e-004 1.62575319e-002
    2.26946874e-003 4.51540388e-003 1.09943468e-003 3.89892515e-003
    6.00528391e-003 0. 1.63022592e-003 -4.25628969e-004 8.42958398e-004
    0. -9.55208205e-004 -5.78910462e-004 2.39229877e-003 2.28505745e-003
    0. 0. 6.03770558e-003 7.58583483e-004 3.44372587e-003
    2.96783424e-003 -1.69694498e-002 0. 0. 1.55397533e-002
    2.69334903e-003 0. 2.80479784e-003 1.48854230e-003 1.59865525e-002
    0. 8.73240363e-003 0. 0. 5.53751737e-003 7.16926588e-004 0. 0.
    -7.74068816e-004 0. 1.43372209e-003 1.36965793e-002 1.14126196e-002
    3.38179129e-003 2.32085949e-004 1.01875886e-003 1.15002291e-002
    9.66958608e-003 0. 0. 3.67572368e-003 1.42176552e-002
    9.36971791e-003 0. 9.05474089e-003 3.65447649e-003 4.39602556e-003
    3.09773698e-003 0. 3.28422943e-003 -1.05688476e-003 0.
    1.88173610e-003 1.77164399e-003 0. 0. 0. 0. -1.91382584e-004
    3.93665582e-003 6.21356908e-003 0. 0. 2.25246605e-003
    3.49863712e-003 0. 1.35460950e-003 2.56713945e-003 0.
    -6.04053093e-005 0. 5.63620531e-004 0. 0. 1.36242555e-002
    7.35099078e-004 7.51860440e-004 0. 0. 0. 0. 0. 6.95109833e-003
    4.55275225e-003 0. 0. 1.63724340e-004 1.85456243e-003
    4.24655300e-004 8.72227480e-004 1.72519719e-003 -1.62414368e-003
    4.97707305e-003 9.60366894e-003 0. 0. 1.62151828e-003
    -1.86585414e-003 -2.21875752e-003 5.33532002e-004 0.
    -1.46797474e-003 4.67779953e-003 1.02757234e-002 1.60434737e-003
    7.88170844e-003 -2.15875814e-004 0. 3.49212275e-003</data></imageDescriptor>
</opencv_storage>
