<?xml version="1.0"?>
<opencv_storage>
<imageDescriptor type_id="opencv-matrix">
  <rows>1</rows>
  <cols>500</cols>
  <dt>f</dt>
  <data>
    3.61911580e-003 1.12087082e-003 0. 1.74634834e-003 3.29782430e-004
    0. 0. 6.74069813e-003 -6.85863488e-004 8.90469877e-004
    7.91814469e-004 -2.75430456e-003 1.12950883e-003 -2.57442240e-003 0.
    6.03268435e-003 9.36940429e-004 0. 3.63078463e-004 7.75057415e-004
    0. 1.13462470e-003 -3.12399655e-003 0. 2.47321045e-003
    4.05683997e-004 1.34890638e-002 2.40649423e-003 0. 6.61573885e-003
    0. 3.62793286e-003 3.85370175e-003 -4.12507961e-003 3.77493538e-003
    0. 2.11527850e-003 1.08110637e-003 1.63265481e-003 1.11629087e-002
    1.44677784e-003 0. 2.13280250e-003 -8.75667552e-004 1.82831788e-003
    3.28791235e-003 -1.66504167e-003 1.52252975e-003 0. 0.
    -2.77011958e-003 1.23634040e-002 2.72406382e-004 1.80104899e-003
    1.06896495e-003 -1.92062207e-003 6.81714062e-003 9.64634062e-004
    2.54903990e-003 3.65893100e-003 3.53759388e-003 4.42961056e-004
    2.43210476e-002 0. 4.59212624e-003 6.05649315e-003 9.38442361e-004
    0. 0. 0. 0. 9.38218727e-005 7.86990207e-003 4.53989813e-003
    -5.03035309e-003 5.97542676e-004 6.53605489e-003 7.33309938e-003
    -3.09158931e-003 2.18875590e-003 0. 1.34502957e-002 0.
    7.85023673e-004 1.93810370e-003 1.68789495e-002 0. 0.
    1.94025680e-003 3.84583953e-003 -1.91011652e-003 1.23372790e-003 0.
    0. 3.55148176e-003 3.68627347e-003 0. 1.94290746e-003
    6.97554788e-004 2.91212113e-003 0. 2.15575681e-003 -6.84340252e-004
    1.59929208e-002 1.35325477e-003 -6.55667274e-004 0. 0.
    1.58964831e-003 0. -7.27018225e-004 -2.65649077e-003
    -7.35452748e-004 0. 0. -9.18622827e-005 1.09693722e-003 0. 0.
    7.23451318e-004 0. 1.28287717e-003 3.47061479e-003 3.06461239e-003
    6.08814741e-003 0. 6.53969822e-003 3.58138094e-003 0.
    -1.75037683e-004 2.28901015e-004 1.46354660e-002 -1.31733657e-003
    4.65980731e-003 0. -7.08313484e-004 6.30032970e-003 0. 0.
    2.07858370e-003 1.56583090e-003 0. 1.17528057e-002 -8.02618568e-004
    -2.16047003e-004 7.81821611e-004 0. 7.86700984e-004 0.
    9.03249625e-003 7.30804866e-003 7.38689676e-003 0. 1.74540805e-003
    0. 0. 0. 0. 1.56161236e-003 -7.09224259e-005 0. 6.39369304e-004
    1.03134965e-003 0. 0. 1.71894277e-003 2.96122907e-003
    1.28234713e-003 2.01583002e-003 3.95711511e-003 0. 1.52685295e-003
    -2.77983025e-004 -4.40601399e-003 0. 0. -5.44649956e-004 0. 0. 0. 0.
    0. 2.78145482e-004 -3.51453433e-004 0. 2.79545877e-003
    1.23384492e-002 -2.33145850e-003 1.25292270e-003 1.01781208e-002 0.
    5.47989085e-003 0. 1.01057254e-002 0. 0. 1.13295927e-003
    -1.04062771e-003 1.96316090e-004 1.04279211e-002 6.07064366e-003
    2.43733777e-003 0. 9.65476502e-003 0. 5.92347234e-004
    1.79090304e-004 1.33028149e-003 0. 4.75488277e-003 8.19888432e-003
    0. 4.10520379e-003 8.02613609e-003 7.74541311e-003 3.91846709e-003
    4.65621706e-003 6.52721617e-004 1.89547380e-003 0. 1.07095046e-002
    0. 0. 1.12081598e-002 5.50872600e-003 9.07050818e-003
    -1.60255341e-003 1.77942752e-003 3.61463870e-003 6.90018991e-003
    1.44718506e-003 9.96706076e-003 0. -1.43547857e-006 -5.74080390e-004
    -1.24448692e-004 3.03356885e-003 -3.79457651e-003 8.73624289e-004 0.
    4.34166798e-003 0. 7.63335545e-003 2.18108445e-002 -1.86584995e-003
    6.94522541e-003 0. 5.33116143e-003 3.04952613e-003 0.
    1.37525238e-003 0. 0. 6.88241271e-004 3.33071989e-003
    9.38058714e-004 1.55224814e-003 5.31569915e-003 0. 1.65275973e-003
    0. 0. 3.79336718e-003 3.41132772e-003 0. 6.43990206e-005
    1.78602082e-003 0. 0. 2.90100626e-003 6.02311315e-003
    -2.12705112e-003 -3.60307284e-004 8.98467202e-004 0. 2.34149164e-003
    1.84967543e-003 0. 1.49357587e-003 6.69096503e-003 8.93803593e-003
    6.29301835e-003 -3.22939572e-003 2.70647556e-003 -5.74018282e-004
    -6.42870553e-004 2.18174676e-003 6.28641501e-005 0. 0. 0. 0.
    3.67861404e-003 0. 1.02553016e-003 7.92465929e-004 0.
    4.11791075e-003 3.24747339e-003 3.82521469e-003 2.64595007e-003
    1.49006303e-003 4.79403278e-003 0. 0. 8.75508413e-004
    1.26099202e-003 1.51514052e-003 -1.55591857e-004 0. -6.41168852e-004
    0. -3.40724154e-003 0. -3.55434924e-004 1.84168795e-003 0. 0.
    5.33029856e-003 0. 1.00426562e-003 0. 1.96478423e-003
    1.00295562e-002 -1.63245853e-003 3.45512433e-003 -2.90776510e-003
    3.44503974e-003 0. 3.88405379e-003 3.66703398e-003 4.40298114e-003
    0. 1.17169898e-002 5.91157423e-003 9.11552925e-004 -1.43823214e-003
    0. 0. 1.14693982e-003 5.97974891e-003 1.71074294e-003 0.
    6.13844488e-004 5.13269915e-004 6.37109671e-003 0. 2.07565469e-003
    6.44932326e-004 7.26256811e-004 6.32856041e-003 4.30684583e-003
    1.13745406e-003 0. 2.19628215e-003 3.75413988e-003 0. 0. 0.
    1.12167303e-003 0. 1.53896511e-002 -2.68524326e-003 0.
    -5.69626107e-004 0. 0. 1.49821164e-003 9.20371525e-003 0.
    1.16981054e-003 7.79096456e-003 8.00620764e-003 0. 9.50339623e-003
    1.67835955e-004 4.12345957e-003 0. 0. 1.43530255e-004
    -9.17101806e-006 0. 0. 9.52160545e-003 1.62072876e-003
    1.70168821e-002 0. 2.29736255e-003 4.33128700e-003 -1.05592061e-003
    0. 1.60922185e-002 0. 5.42142196e-003 0. 4.25556209e-003 0.
    3.88842309e-003 -7.33438879e-004 7.05452112e-004 4.91160480e-003
    1.45728653e-002 2.26350431e-003 2.32252083e-003 3.20290076e-003
    3.29532963e-003 0. 1.25923846e-002 0. 0. 1.92720036e-003 0. 0.
    1.58576819e-003 0. 0. 0. 0. 3.97967733e-003 0. 0. 3.27243106e-005
    1.73103437e-003 0. -1.73535268e-003 1.66762015e-003 -3.54427670e-004
    3.59851494e-003 -4.55865782e-004 -3.81273945e-004 0. 2.42871093e-003
    5.46005846e-004 1.93143613e-003 1.37670664e-003 0. 0.
    2.81640864e-003 0. -6.86136773e-004 -1.89299215e-004 0. 0. 0.
    1.49935263e-003 3.15460871e-004 8.91599688e-004 1.68880471e-003 0.
    0. 4.75283014e-003 6.21434255e-003 1.30183378e-003 3.63532943e-003
    3.63570498e-003 9.40834230e-004 -7.34337664e-004 0. -2.27458659e-003
    1.47758285e-003 8.77437554e-003 -2.26107822e-003 3.45700973e-004 0.
    0. -6.42910891e-005 1.39956211e-003 0. 2.22374895e-003 0. 0.
    2.16705166e-003 0. -7.25888996e-004 -1.12099340e-003 4.14033281e-003
    5.68375282e-004 0. 0. 1.28821516e-003 0. 1.99103309e-003
    3.68802482e-003 1.74596943e-002 7.38597009e-003 0. 0.
    3.15319863e-003 6.61962258e-004 0. 4.04807786e-003 8.28702992e-004
    2.57449644e-003 2.64778268e-004 5.91328135e-003 -7.79134512e-004 0.
    4.80118068e-003 -1.08688662e-003 7.54694501e-003</data></imageDescriptor>
</opencv_storage>
