<?xml version="1.0"?>
<opencv_storage>
<imageDescriptor type_id="opencv-matrix">
  <rows>1</rows>
  <cols>500</cols>
  <dt>f</dt>
  <data>
    0. 1.86643610e-003 0. 0. 0. 0. 0. 0. 3.59210582e-003 6.14701305e-004
    0. 2.34917551e-003 0. 2.23639212e-003 2.13353103e-003
    -4.45237150e-004 4.30862739e-004 1.71407498e-003 4.31414181e-003 0.
    0. 4.47826739e-003 0. 0. -1.25524658e-003 1.35508114e-002 0.
    2.74559413e-003 6.93550939e-003 3.62563529e-003 5.75438561e-003
    2.40663136e-003 4.39269841e-003 3.10907001e-003 1.87650061e-004 0.
    5.14728948e-003 0. 2.51191063e-003 6.78940723e-003 4.61998442e-003
    0. 8.17246921e-003 6.68389769e-003 1.42590422e-003 1.65796734e-003
    4.90012998e-003 2.42481285e-004 0. -4.08191961e-004 4.02462174e-004
    2.01757299e-003 0. 5.30695682e-003 -9.88651809e-005 0. 0. 0.
    1.34743261e-003 9.81987547e-003 3.34127084e-003 0. 0. 0.
    2.54582195e-003 4.55448870e-003 1.08658196e-003 2.57782359e-003 0.
    0. -2.68939161e-003 4.37024515e-003 3.79841705e-003 -2.91427605e-005
    0. 2.70378171e-003 5.09392517e-003 4.43446310e-003 0. 0.
    1.71818805e-003 -1.08818652e-003 2.27820943e-003 4.54255566e-003
    -6.95787094e-005 1.94839772e-003 0. -2.00844923e-004 4.93488507e-003
    4.71204985e-003 7.54671055e-004 7.42209260e-004 0. 0.
    2.21299357e-003 1.23268610e-003 0. 1.26825797e-003 0.
    2.22027465e-003 0. 1.65998202e-003 4.63193486e-004 1.26933372e-002
    2.06747034e-004 2.81846267e-003 1.53937159e-004 1.81924633e-003 0.
    0. 7.96867360e-004 0. 1.13960681e-003 7.75643624e-003 0.
    1.24860590e-003 1.12907391e-003 0. 1.38289132e-003 4.46189474e-003
    3.60335899e-003 5.79639478e-003 1.20711955e-003 0. 5.26867388e-003
    0. 1.51873222e-002 0. 0. -2.45011062e-003 5.67736058e-003
    -3.28088878e-003 -9.03257096e-005 0. 1.94399862e-003 5.00606955e-004
    3.11973784e-003 6.38004916e-004 -1.93270005e-003 1.67396746e-003
    3.10953474e-003 1.38932571e-003 0. 0. 0. 9.36551578e-003
    1.07637909e-003 0. 0. 0. -3.98556748e-003 4.74757561e-003 0.
    2.99152243e-003 4.89206053e-003 0. 2.40778504e-003 1.03351725e-002
    3.60299367e-004 2.51142564e-003 -1.94176086e-004 5.43993106e-003
    1.00922240e-002 7.46138114e-003 5.74959395e-003 3.18721007e-003 0.
    3.82195273e-003 4.94573452e-003 4.47036140e-003 1.07856619e-003
    1.87680603e-003 -4.36964881e-004 6.56493590e-004 3.92680202e-004
    1.69126329e-003 1.90921070e-003 0. 3.81114171e-003 8.45514820e-004
    1.20013691e-002 3.09822150e-003 0. 1.81247592e-002 4.34833160e-003
    4.58851410e-003 0. 0. 2.17458582e-003 0. 0. 0. 1.14231301e-003 0.
    1.25011452e-003 4.98839701e-003 0. 1.98296481e-003 1.70752511e-003
    0. 6.47784153e-004 0. 0. 1.82725536e-003 3.67706642e-003 0.
    2.99843191e-003 0. 6.99640159e-003 7.99441914e-005 1.41220295e-003
    0. 3.20230681e-003 0. 0. 2.75053759e-003 -1.16626418e-003
    2.98520108e-003 5.97978942e-003 1.22625486e-003 0. 0.
    1.14528527e-002 7.50511559e-003 -1.33504381e-003 5.80975600e-003
    -4.62725329e-005 3.79494880e-003 0. 6.57633739e-003 2.74673686e-003
    1.62131479e-003 1.19455289e-002 7.00057251e-003 1.39698375e-003
    5.54126641e-003 4.66371421e-004 -1.45525415e-003 2.80656130e-003
    2.42876913e-003 -1.02667848e-003 0. -6.52924180e-004 7.56804785e-003
    -1.25140767e-004 0. 4.81503503e-003 0. 3.27702123e-003
    1.33219466e-003 0. 3.28984438e-003 2.12661293e-003 0.
    1.17846858e-003 0. -1.14912889e-003 9.08882730e-003 5.91109740e-003
    0. 1.04012317e-003 0. 2.30473410e-002 1.68754708e-003
    -9.73969290e-004 0. 0. 1.83166633e-003 0. 0. -5.89769857e-004
    1.43433688e-004 0. 1.41913502e-003 0. 4.50306479e-003 0.
    1.97718060e-003 6.23062486e-003 2.58191372e-003 6.53587747e-003 0.
    3.72299663e-004 2.83943885e-003 5.37452695e-004 1.76282146e-003
    -2.25711934e-004 3.33522970e-004 0. 1.01726211e-003 9.50415968e-004
    1.40351225e-002 5.78640774e-003 0. 3.63751175e-003 2.83696270e-003
    0. 9.99254989e-004 2.93874717e-003 4.98849433e-003 1.42247637e-003
    0. 5.30286925e-004 0. 6.36817515e-003 8.87796842e-003
    2.09227996e-003 7.61623308e-003 -2.99586536e-004 0. -1.36831077e-004
    1.28436880e-003 1.27320539e-003 2.18400056e-003 0. 2.22669728e-003
    0. 2.01930059e-003 3.76107614e-003 0. 4.06236341e-003
    9.99583630e-004 0. 1.84065215e-002 0. 1.69535330e-003
    1.30859937e-003 2.67881644e-003 1.34577486e-003 1.00562247e-002
    3.19864508e-003 4.83387895e-003 1.17856136e-003 1.03252882e-003
    -1.66746158e-005 -1.56348001e-003 0. 6.09825598e-004 0.
    2.23956513e-003 4.83506499e-003 -1.75607472e-003 -1.38834410e-003
    1.52532361e-003 4.02933173e-003 0. 1.77988678e-003 2.49126554e-003
    6.52520161e-004 7.53270870e-004 -1.45071605e-003 1.07814604e-003
    6.30283356e-003 0. 0. 1.83530606e-003 0. 0. 3.22225213e-004 0. 0.
    1.43742363e-003 6.77573320e-004 3.63282068e-003 -2.02670883e-004 0.
    1.93588412e-003 0. -1.56943526e-004 -1.79071329e-003 0.
    4.39862395e-003 0. 1.12106325e-003 1.02587119e-002 1.22327926e-002
    0. 0. 7.34160421e-003 5.84770634e-004 1.32864877e-003
    6.26673049e-004 -5.17999986e-004 1.63089298e-002 5.21494588e-003
    7.01050414e-003 2.42154603e-003 0. 3.87906865e-003 5.75008709e-003
    8.06285907e-003 0. 1.02428347e-003 2.44132214e-004 0.
    -6.02954999e-004 2.36093323e-003 0. 0. 0. 1.42375194e-003
    3.16403015e-003 -3.32787121e-003 1.82407734e-003 7.91751372e-004 0.
    1.24714966e-003 6.98668929e-003 1.39420852e-003 0. 0. 0. 0. 0.
    1.62952219e-003 5.28984587e-004 0. 0. 7.40980962e-004 0.
    1.30531576e-003 1.62231282e-003 -1.08357542e-003 0. 1.68505032e-003
    0. 5.16160449e-004 0. 2.00886335e-002 -2.29087472e-003
    8.67310073e-003 2.17671343e-003 6.60383189e-003 0. 3.84582439e-003
    8.11336562e-003 -3.80680314e-003 1.14034663e-003 0. 4.32645483e-003
    6.47175824e-004 0. 7.07456609e-004 5.70983067e-003 -1.16625603e-003
    -5.98870800e-004 2.46339332e-004 -6.41781298e-005 9.85747855e-003 0.
    3.11075989e-003 0. 3.47885443e-003 0. 1.96597990e-004
    7.17758201e-004 1.86588999e-003 3.37829650e-003 -9.02603613e-004
    5.06283424e-004 1.37921271e-003 3.48705496e-003 8.26785516e-004
    1.65061920e-003 0. 5.41294599e-003 1.40860444e-003 -2.57817633e-003
    2.05784873e-003 3.82794417e-003 6.56392658e-004 4.82948823e-003 0.
    7.50227692e-003 3.13626905e-003 2.40062713e-003 2.41592317e-003
    3.17847618e-004 0. 0. 6.47451496e-004 3.00218497e-004
    2.85543874e-003 -3.55111260e-004 2.14045472e-003 0. 0.
    -2.79995264e-003 1.61003275e-003 0. 2.04447759e-004 0.
    3.12430365e-003 -2.17457011e-004 -2.23809853e-003 1.26807671e-002 0.
    0. 4.05849190e-004 0.</data></imageDescriptor>
</opencv_storage>
