<?xml version="1.0"?>
<opencv_storage>
<imageDescriptor type_id="opencv-matrix">
  <rows>1</rows>
  <cols>500</cols>
  <dt>f</dt>
  <data>
    -5.48839918e-004 1.53149886e-003 1.62608176e-003 1.44524698e-003
    3.43966461e-003 -1.17262662e-003 1.12205837e-003 0. 2.08228081e-003
    0. 9.73700266e-003 8.02782550e-003 0. 0. 4.16562520e-003
    1.87525770e-003 0. 2.42226035e-003 7.97559414e-003 2.18298240e-003
    3.12169106e-003 6.34903368e-003 2.02078978e-003 -1.86794042e-003 0.
    0. -1.76033250e-003 0. 6.68511167e-003 2.51437747e-003 0.
    1.09263533e-003 3.68775870e-003 2.60630623e-003 2.54826969e-003 0.
    1.73698552e-003 4.37563844e-003 2.96023209e-003 0. -2.51931697e-003
    -2.22266722e-003 -1.59322692e-004 -6.70745852e-004 -9.72390175e-004
    4.94116964e-003 2.15494330e-003 5.43597946e-003 2.84084864e-003
    1.18980394e-003 1.93478691e-003 3.87778552e-003 -5.83980291e-004 0.
    3.39363632e-003 0. -5.42831440e-005 0. 0. 3.63780931e-003
    2.37910193e-003 0. 1.06957182e-002 -2.39200215e-003 0.
    3.02887376e-004 2.09539011e-003 3.42597254e-003 2.25044438e-003 0.
    1.65682076e-003 1.49849418e-003 0. 0. 0. 0. -2.11825885e-004 0.
    8.80440115e-004 1.86401082e-003 6.65938016e-004 0. 1.18867746e-002
    1.09550206e-003 0. 0. 3.03070596e-003 4.60645446e-004
    8.06647353e-003 0. 1.49505003e-003 2.09173770e-003 5.89832896e-004
    2.07799207e-003 6.16072817e-003 0. 0. 0. 2.94886559e-004 0.
    1.77469244e-003 1.27623347e-003 0. 2.85514374e-003 1.90919312e-003
    6.07264577e-004 2.27005826e-003 -3.78964265e-004 2.18594819e-003 0.
    -3.98845557e-004 2.54014507e-004 1.29809463e-003 7.24758999e-003 0.
    2.09651794e-003 5.71130170e-003 2.71457573e-003 0. 0. 0.
    9.49645182e-004 0. 2.17346987e-003 0. 6.60332432e-003
    1.29410811e-003 6.08764449e-003 6.43378217e-003 -1.55839822e-004
    5.63585636e-005 2.60439294e-004 0. 5.02249459e-003 4.38722258e-004
    6.15429087e-003 2.62129214e-003 5.62286295e-004 -3.05470591e-003
    1.64096034e-003 0. 1.92989293e-003 0. -2.60604080e-003 0.
    6.67137792e-003 0. 7.76646938e-003 0. 0. 5.00348024e-003
    2.04749522e-003 1.63836917e-003 7.39996275e-003 1.50949665e-004
    -1.23482954e-004 6.23830501e-003 -4.64569130e-005 1.11426953e-002 0.
    6.48256755e-005 -4.34107234e-004 5.06433949e-004 4.76396224e-003
    3.70179163e-003 1.67490821e-003 6.00686669e-003 0. 0. 0.
    1.42923801e-003 0. 7.02721591e-004 2.13143369e-003 3.11545515e-003
    4.11275961e-003 1.09717797e-003 0. 2.51739356e-003 -1.90981058e-003
    0. 3.93490400e-003 2.46076868e-003 1.06261466e-002 0. 0.
    3.54418135e-003 0. 0. 4.32865880e-003 0. 7.21593294e-003 0.
    5.70734218e-003 4.68103355e-003 3.73914198e-004 8.32104997e-004
    -2.64606345e-003 6.46975008e-004 0. -7.10313907e-005 0.
    -2.56497809e-003 2.16481276e-003 -2.34689214e-003 0. 5.64788841e-003
    4.83759260e-003 2.81577872e-004 0. 0. 5.26209781e-003
    9.56436154e-003 5.71065955e-003 2.27387110e-003 3.22724762e-003
    5.13241719e-003 2.09596939e-003 2.50655878e-003 4.96406294e-003 0.
    1.62696745e-002 1.85726304e-003 0. 0. 5.57845412e-003
    -8.98573257e-004 -5.95252728e-004 1.00089307e-003 2.24323780e-003
    -2.63281836e-005 0. 0. 9.06733854e-004 0. 1.09228527e-003 0.
    1.76508515e-003 0. 0. 0. -5.43887028e-004 -2.32159323e-003
    3.29452264e-003 3.15708923e-003 2.71613081e-003 0. -1.76801943e-004
    2.37577688e-003 3.60524049e-003 0. 0. 2.02410901e-003 0.
    1.53880392e-004 0. 0. 1.70330482e-003 0. 3.72227700e-003
    4.52532573e-003 0. 5.24015538e-003 1.01867074e-003 -1.78476330e-005
    -1.55793282e-003 3.63914500e-004 7.58352748e-004 0. 0.
    1.72321312e-003 2.07840167e-002 0. -6.34329801e-004 0. 0.
    3.25450767e-003 0. 6.70090644e-003 3.32021853e-003 1.25539803e-003
    0. 1.16446556e-003 -7.98640904e-005 1.78554724e-003 7.93516578e-004
    0. 2.32603122e-003 0. 1.34823378e-003 0. -2.18816125e-003 0. 0. 0.
    6.39008032e-003 4.44255630e-003 0. 3.28812189e-003 3.77380219e-003
    0. 3.05594993e-003 0. 8.11557379e-003 0. 1.29607390e-003
    2.12567206e-003 4.21570195e-003 0. 0. 0. 7.31764175e-003
    -2.49973289e-003 2.16717785e-003 2.44824798e-003 0. 1.32691255e-003
    8.33390653e-003 6.91148033e-003 0. 6.78761024e-003 1.13566564e-002
    4.67784842e-003 1.79569397e-005 7.60091702e-004 3.54626938e-003
    -9.20188730e-004 0. 0. 5.51164988e-003 1.25120161e-002
    2.14301748e-003 1.75339449e-003 0. 1.90438077e-004 4.22226079e-003
    0. 6.42780913e-003 -3.04118521e-006 3.30443983e-003 7.88249308e-004
    1.89175783e-003 0. 1.44219364e-003 8.36389232e-003 0.
    1.22108182e-003 1.03839708e-003 0. 0. 7.33193374e-005 0.
    3.85459443e-003 2.99926568e-003 -1.18371667e-004 8.19444750e-003
    1.11134620e-002 0. -5.36134408e-004 8.01112782e-003 2.79077538e-003
    4.41733189e-003 1.53363694e-003 1.33306428e-003 1.90547074e-003
    4.03199298e-003 5.59262175e-004 4.17047087e-003 5.22177061e-003
    -2.80834711e-003 -1.18341320e-003 2.76198634e-003 0. 1.94132060e-003
    0. 1.70641881e-003 3.53319547e-003 0. 7.01403245e-003 0.
    1.29950553e-004 0. 3.82586266e-003 -4.19297256e-003 2.90838140e-003
    4.10215650e-003 1.07695570e-003 0. 3.89578962e-003 3.49641126e-003
    -1.17417250e-003 1.84652011e-003 8.23549088e-003 -5.56132873e-004
    1.70546956e-003 1.57722807e-003 7.04972167e-003 6.98290998e-004
    5.66384103e-003 8.78525246e-003 0. 2.83991685e-003 1.01751415e-003
    2.33858032e-003 0. 2.94136791e-003 0. 1.35966367e-003
    -5.07986988e-004 0. 7.20671494e-004 3.39738256e-003 6.02199812e-004
    1.53338560e-003 0. -6.59964979e-004 0. -4.15265327e-004
    3.08616622e-003 3.27970856e-003 0. 1.06239680e-003 8.49637855e-003
    7.12733075e-004 2.73484155e-004 2.68524187e-003 1.27457001e-003
    5.70322573e-003 0. 8.98315478e-003 2.81161955e-003 0.
    2.48206127e-003 5.35299955e-003 6.78555982e-004 9.97617841e-003
    2.95115844e-003 0. 4.45283810e-003 4.85027023e-003 4.48202202e-003
    0. 5.99384867e-003 0. 0. 0. 0. 3.33780888e-003 4.38235048e-003
    4.05625859e-003 0. 0. 1.05570757e-003 1.90787052e-003
    2.03771610e-003 7.50766369e-004 1.73540344e-003 4.10342298e-004
    -2.05188268e-003 0. 2.15107016e-003 1.24438049e-003 1.83295086e-003
    0. 1.81729638e-003 1.59838703e-002 4.32789698e-003 0.
    5.22306329e-003 1.05431816e-003 2.57892604e-003 1.11978594e-002 0.
    8.16982996e-004 1.97820854e-003 1.64658891e-003 1.83515344e-003
    1.57349301e-003 8.75229668e-003 5.92806377e-004 3.71979922e-003
    2.72202166e-003 6.04307186e-003 6.68001175e-003 6.22277847e-003 0.
    0. -1.41532175e-004 -5.73866011e-004 0. 9.12155025e-003
    4.55455901e-003 0. 2.67782970e-003 4.21614992e-003 2.79930723e-003
    1.65035354e-003 5.24107320e-003 3.79022025e-003 0.</data></imageDescriptor>
</opencv_storage>
