<?xml version="1.0"?>
<opencv_storage>
<imageDescriptor type_id="opencv-matrix">
  <rows>1</rows>
  <cols>500</cols>
  <dt>f</dt>
  <data>
    4.15643724e-003 1.00121330e-002 3.68733867e-003 0. 0.
    3.98336269e-004 0. 0. 2.22891965e-003 0. 0. 4.64175548e-003
    2.90210010e-003 -3.82968457e-004 6.85629761e-003 3.18613346e-003 0.
    0. 0. 0. 2.95503554e-003 5.42027969e-003 -1.32487516e-003 0. 0. 0.
    8.72946158e-003 3.27908085e-003 -1.91581406e-004 9.04714223e-003
    4.26273886e-003 0. 0. 3.73639143e-003 0. 0. 9.32206283e-004 0.
    1.72058714e-003 0. 9.97891068e-004 0. 0. 0. -2.06997385e-003 0.
    1.95380789e-003 1.09025394e-003 1.46907708e-003 -3.66483873e-004
    1.45604729e-003 -1.31075643e-003 0. 0. 7.34787947e-003
    2.63670483e-003 2.55561108e-003 0. 0. 5.08799776e-003
    4.47527971e-003 8.46816460e-004 2.98331003e-003 2.11205659e-003
    3.99675919e-003 7.60342879e-003 5.92594361e-003 1.06015354e-002 0.
    0. -9.76313720e-004 3.51806451e-003 6.00479357e-003 2.14730576e-003
    -5.91058109e-004 4.98567102e-003 6.52548717e-003 9.20739770e-003 0.
    0. 0. 5.36304293e-003 8.10001325e-003 -5.84429537e-004
    1.24533230e-003 1.41916366e-003 0. 2.05293391e-003 5.77958720e-003
    1.59681011e-002 3.30760260e-003 7.35937478e-003 3.42731853e-003
    -3.15897958e-003 -8.50477008e-005 6.05346588e-003 1.77209475e-003 0.
    -7.24669197e-004 0. 0. 2.99516553e-003 6.88501215e-003
    -4.73299675e-004 0. 0. 1.24680065e-002 0. 2.23540468e-003
    1.29913269e-002 0. 5.30544389e-003 0. 0. 0. 2.50080880e-003
    -1.89183431e-003 0. 0. 8.59691482e-003 0. 2.26502144e-003
    1.93107338e-003 0. -7.49844503e-006 0. 5.22572191e-005
    3.59429349e-003 0. 1.74847548e-003 -3.26441787e-003 5.61605021e-003
    6.14136737e-003 1.13103753e-002 0. 2.85043009e-003 0.
    1.80104049e-003 1.27455406e-003 -2.23460421e-003 0. 0.
    -1.84893841e-004 0. 6.45731855e-003 1.57666684e-003 -7.75797409e-004
    1.77398638e-003 0. 2.65330356e-003 0. 5.26567595e-003
    3.16371268e-004 0. 6.08671131e-003 -2.05193472e-004 3.59015702e-003
    3.18111549e-003 4.74169571e-003 3.32480459e-003 0. -9.40141181e-005
    8.52273661e-004 4.38920362e-003 -2.93429941e-004 7.70199928e-004
    3.05574224e-003 3.45211313e-003 5.88561734e-003 -1.07001595e-003 0.
    0. 6.04990497e-003 1.90143064e-002 0. 5.66941639e-003 0. 0.
    2.47839675e-003 1.32878870e-002 1.65883685e-003 1.63056608e-002 0.
    5.59270149e-003 2.21686554e-003 7.01441139e-004 -2.27435166e-003 0.
    -4.67331614e-003 8.05790536e-003 5.01705427e-003 0. 8.80053034e-004
    0. 0. 0. 0. 0. 2.94362754e-003 1.51052710e-003 0. 3.73394648e-003 0.
    0. 0. 0. 0. 0. 3.99772573e-004 8.68622679e-003 -9.83472215e-004
    6.96098059e-003 3.34851840e-003 0. 6.85402891e-003 0.
    -2.37594522e-003 -4.34950896e-004 8.85428302e-003 3.18403565e-003 0.
    -6.62999984e-004 5.67072362e-004 1.96458015e-004 0. 0.
    1.41005468e-004 0. 0. 0. 2.19317875e-003 5.25581604e-003 0. 0.
    2.09602970e-003 1.32258749e-002 4.41499660e-003 2.22515920e-003 0.
    9.57768410e-003 0. 1.29433093e-003 4.81492747e-003 0.
    8.00001668e-004 0. 5.46491891e-003 0. 5.25772222e-004
    6.18082006e-003 3.85049894e-003 0. 0. 2.19655223e-003
    5.15687047e-003 0. 0. 0. -7.36581627e-004 4.91585582e-003 0.
    2.00488092e-003 2.69641099e-003 2.61078193e-003 -8.31968151e-004
    9.67564620e-003 -2.38648383e-003 0. 2.75844266e-003 3.10075865e-003
    0. 3.07640713e-003 2.29932694e-003 4.07087151e-003 -1.67797855e-003
    1.07576733e-003 5.85759291e-003 0. 0. 0. 0. -4.10417502e-004
    -2.33201683e-003 5.01797185e-004 0. 0. 4.90817707e-004 0.
    3.49198148e-004 0. 5.81159396e-003 1.78017491e-003 -2.19826354e-004
    0. 0. 5.74147329e-003 2.66734418e-003 -2.69781938e-003
    5.81147941e-003 -2.96637090e-003 0. 0. 0. 9.84471384e-003 0. 0.
    1.26657693e-003 4.75591561e-003 7.34850473e-004 3.06402537e-004
    4.15173266e-003 2.75971321e-003 7.17384508e-003 0. 8.11985508e-003
    0. 1.03843260e-004 4.49582236e-003 2.11462807e-002 0.
    2.19859043e-003 1.75480475e-003 0. 1.63718383e-003 0.
    1.82500196e-004 3.04519804e-003 0. 0. 1.41810309e-002
    -1.06990640e-003 0. 5.98853105e-004 3.84061900e-003 4.25274344e-003
    0. 0. 1.04441317e-002 0. 0. 0. 6.86846534e-003 2.43176799e-003
    5.40472940e-003 0. 2.28513381e-003 0. 0. 4.54016449e-003
    -8.30171455e-004 -4.39168914e-004 2.16826866e-003 6.92339195e-003 0.
    0. 2.41193408e-003 7.17149395e-003 4.10351809e-003 0. 0.
    9.59338341e-003 2.92825629e-003 8.66563711e-003 -2.74363119e-004
    8.32948659e-004 2.42510019e-003 4.05601691e-003 0. 1.27984106e-003
    2.37142481e-003 0. 0. 0. 0. 5.78755094e-003 0. 2.84933252e-003
    5.90526266e-003 2.53191148e-003 0. -2.04262207e-003 -1.47839088e-003
    -8.63346868e-005 4.19257022e-003 4.92305961e-003 1.24600064e-003 0.
    -3.25034373e-004 1.61058374e-003 5.61924046e-003 -5.93215460e-004
    1.31492771e-003 -1.45784067e-003 0. 0. 2.03374634e-003
    1.78781245e-003 0. 3.09660914e-003 0. 5.23596755e-005
    -4.27548168e-003 -1.53889367e-003 3.32301436e-003 1.30531844e-003 0.
    0. 5.10997418e-003 1.88403134e-003 5.31863980e-003 0.
    5.91875566e-003 3.39432107e-003 6.88303728e-004 1.82890566e-003
    1.71564566e-003 0. 3.89458821e-003 0. 0. 0. 8.92799441e-003 0.
    3.99785861e-003 4.69415775e-003 0. -1.75877858e-003 4.02604090e-003
    -1.15332729e-003 6.42999541e-003 0. -9.76500567e-004 3.14643700e-003
    7.59362988e-003 0. 2.06494681e-003 6.83599431e-003 0.
    -6.15571626e-004 0. 0. 0. 7.56520918e-003 5.84204029e-003
    -1.37930561e-003 0. 2.51528603e-004 9.12805181e-003 7.91017246e-003
    0. 5.16599277e-003 2.08482292e-004 0. 7.18673691e-004 0. 0.
    9.35914181e-003 0. -2.64064618e-003 2.04464886e-003 5.58298081e-003
    -2.90571316e-003 0. 6.86335843e-004 0. 4.61714063e-003
    6.88429130e-003 0. 4.44018980e-004 4.12125047e-003 0. 0. 0. 0.
    2.08324194e-003 1.06668929e-002 4.91594477e-003 0. 0. 0.
    1.50221796e-003 -1.87640358e-003 2.42080376e-003 0. 3.69187957e-003
    0. 2.69798865e-003 6.10160700e-004 1.05323177e-002 0. 0.
    -1.62929262e-003 0. 0. 0. 3.34932050e-003 2.66464939e-003
    -7.88659207e-004 -2.64211465e-003 1.86313730e-004</data></imageDescriptor>
</opencv_storage>
