<?xml version="1.0"?>
<opencv_storage>
<imageDescriptor type_id="opencv-matrix">
  <rows>1</rows>
  <cols>500</cols>
  <dt>f</dt>
  <data>
    1.15783466e-003 -5.23463311e-003 0. 1.08478721e-002 0. 0. 0.
    2.63306312e-003 -3.66617832e-003 2.70615960e-003 6.08375808e-003 0.
    0. -3.79382749e-004 -4.74148808e-004 2.03847396e-003 3.61171272e-003
    2.02270481e-003 1.59074075e-003 0. 2.02255603e-003 2.40472937e-003
    2.51855422e-003 0. 1.74954545e-003 -5.24903415e-004 9.53443162e-003
    5.60034160e-003 4.72539198e-003 5.87383797e-003 1.38887987e-002
    1.08254678e-003 2.15140125e-003 -3.09341517e-003 8.20010342e-003
    4.75586392e-003 1.47330447e-003 1.45030281e-004 4.21849871e-003
    3.95390857e-003 0. 1.05369301e-003 -1.40708929e-003 3.35212843e-003
    2.24586134e-003 5.33693470e-003 1.06222660e-003 6.68444112e-003
    -1.96679495e-003 1.17273489e-003 5.08812116e-003 2.47052708e-003
    6.22232968e-004 7.39445502e-004 0. -7.83574535e-004 2.02897849e-004
    1.36563357e-003 1.51436077e-003 6.90424861e-003 0. 2.17831321e-003
    2.34826677e-003 0. 1.02732505e-003 0. 1.36539957e-003
    6.50679087e-003 -7.62668555e-004 0. 4.24088445e-003 3.37751000e-003
    1.10171968e-002 -2.00131049e-004 -8.77296261e-004 2.34328443e-003
    2.85047828e-003 1.59175799e-003 -1.68607058e-003 1.82544498e-003 0.
    1.21359983e-002 1.74517976e-003 0. 0. 8.33023805e-003
    5.91721013e-003 1.29098131e-003 3.51091498e-003 -1.46647304e-004
    2.17301049e-003 -1.17369019e-003 2.21639857e-004 2.41753692e-003 0.
    1.33099675e-003 5.58126392e-003 6.99578202e-004 3.32944444e-004
    2.08394090e-003 0. 0. 2.15454702e-003 7.91284814e-003 0.
    1.83079508e-003 0. 1.14429230e-003 0. 1.34030625e-003
    2.33021900e-002 0. 9.62331425e-004 0. 0. 5.26168291e-003
    3.25782294e-003 5.88074606e-003 0. 0. 1.08932750e-003
    1.00359053e-003 0. 6.07131631e-004 0. 7.63649005e-004
    3.40008433e-003 0. 2.69527873e-003 3.80481966e-003 5.61739597e-003
    7.03322422e-003 0. 0. 0. 7.14581041e-003 0. -8.79065832e-004 0.
    7.81810610e-004 0. 0. 2.79406318e-003 0. 0. 0. 0. 0. 0.
    1.83514471e-003 5.47298044e-003 7.36876100e-004 0. 5.53039275e-003
    8.90157185e-004 2.46047392e-003 1.58485118e-003 0. -4.95649583e-004
    0. 2.81141885e-003 7.40689971e-003 4.25811345e-003 0.
    3.55478656e-003 0. 0. 9.32773855e-003 0. 1.64545386e-003 0.
    2.02413998e-003 -1.87930767e-003 -9.19065438e-004 1.87288225e-003
    1.26512162e-003 1.08228559e-002 0. 0. 0. 7.03300699e-004
    3.60865099e-003 0. -2.85596587e-003 1.06297387e-003 -1.96699915e-003
    2.74671800e-003 -4.39130527e-004 0. 6.49611047e-003 0.
    1.41921092e-003 0. 1.72547903e-003 3.63881025e-003 0.
    5.36009786e-004 1.06763067e-002 2.45525688e-003 1.51488639e-003
    3.12255207e-003 3.04457708e-003 4.28470410e-003 4.02282691e-003 0.
    0. 2.23234924e-003 0. 0. 4.25642915e-003 1.97512074e-003
    3.22922203e-003 5.81311807e-003 -8.25531548e-004 7.33632420e-004 0.
    3.99067719e-003 1.30814845e-002 0. 1.42090069e-003 0.
    6.68966584e-003 0. 5.80391847e-003 1.89232128e-003 1.28082652e-003
    0. 0. 0. 3.35105316e-004 3.40420962e-003 7.79175851e-003
    4.63022478e-003 3.23058246e-003 2.87034316e-003 2.55518802e-003 0.
    0. 5.27207181e-003 1.83240999e-003 4.83096996e-003 -5.66985516e-004
    -6.45493623e-004 6.84286235e-003 5.97052230e-003 2.88790278e-003
    -6.28150083e-005 2.60046194e-003 1.90429448e-003 5.80764841e-004
    1.57903833e-003 6.81118900e-003 2.29254318e-003 0. 3.83796380e-003
    1.01972825e-003 0. 1.04852058e-002 0. 0. 0. 3.83077352e-003
    3.29010608e-003 8.75226036e-003 2.73267389e-003 4.16443730e-003
    1.50021922e-003 0. 0. 9.15396027e-003 1.26875623e-003
    3.29244719e-003 9.95171256e-004 0. 1.89446914e-003 0.
    6.74229348e-003 0. 2.94090388e-003 0. 0. 1.42527802e-003
    -3.57081532e-003 3.02884798e-003 0. 0. 1.91473204e-003 0.
    2.17843408e-004 -4.75757930e-004 3.12729320e-003 7.16793409e-004 0.
    3.61339748e-003 0. -1.88786234e-003 1.44791126e-003 3.83020542e-003
    6.99381158e-003 3.72424070e-003 4.35040705e-003 6.48804102e-003 0.
    1.66490464e-003 0. 1.07087742e-003 0. 2.21306575e-003 0.
    2.23682704e-003 0. 1.06027885e-003 -1.01702090e-003 6.90798275e-004
    3.73045355e-003 0. 0. -5.01328032e-004 1.50810450e-003
    2.10553943e-003 2.96150474e-003 0. 0. 2.55398196e-003 0.
    5.05209155e-003 -1.43356889e-003 9.08637792e-003 2.74851569e-003 0.
    5.73422574e-003 1.30570000e-002 3.44706955e-003 3.62410443e-003
    6.49167196e-005 8.12188489e-004 -3.65900953e-004 0. 0. 0. 0.
    1.36733137e-003 0. 5.77945914e-003 1.98688474e-003 0.
    1.47970940e-003 1.44306652e-003 1.00328948e-003 0. -1.99318747e-003
    6.29683631e-003 0. -1.75699440e-003 1.22877769e-003 3.27516836e-003
    2.16536000e-002 -2.09350348e-003 1.46726728e-003 1.89630105e-003
    2.16764980e-003 0. 1.50277987e-002 0. 1.50995282e-003
    -7.14584137e-004 -4.36892267e-004 3.97975557e-003 0.
    -1.35703653e-003 6.72229333e-003 5.88909024e-003 1.29683567e-002 0.
    -1.11374096e-003 2.41757859e-003 9.32700373e-003 -2.01336946e-003
    1.38363789e-003 9.73400776e-004 0. 9.54842940e-003 -5.51860488e-004
    3.09586455e-003 0. -2.64213631e-005 3.06034717e-003 5.36072673e-003
    -2.41633388e-003 0. 6.77037693e-004 0. 2.81691784e-004
    -2.14125006e-003 0. 3.41952569e-003 1.97737874e-003 0.
    -3.72041686e-004 0. 5.73504530e-003 6.01150049e-003 0.
    4.33743885e-003 0. 8.45776347e-004 4.98554390e-003 5.83887193e-003
    4.03214805e-003 1.40431663e-003 1.62418955e-003 1.18668964e-002
    7.66079407e-004 3.87629867e-003 1.93652464e-003 0. 0.
    1.39334181e-003 9.17334761e-003 1.83117168e-004 0. 4.34730388e-003
    0. 0. -2.86178058e-003 0. 0. 0. 8.86536669e-004 3.54970270e-003
    4.04660637e-003 0. 0. 3.52958054e-003 1.12502452e-003
    1.48286301e-004 0. 1.05741981e-003 0. 0. 2.96428613e-003
    -1.28313419e-004 0. 0. 7.56793143e-003 0. 0. 0. 0. 0.
    3.31849838e-003 5.55301027e-004 2.30148295e-003 0. 2.60089547e-003
    7.23727630e-004 2.36224034e-003 4.62829322e-003 5.00663882e-004
    -3.21632426e-004 1.51837221e-003 0. 3.84498085e-003 0.
    6.49280660e-003 0. 8.38462356e-003 4.95636184e-003 0.
    9.31982795e-005 8.28646589e-003 0. 9.49446054e-004 1.23315363e-003
    2.39822106e-003 2.00069416e-003 1.80500140e-003 2.22127768e-003
    3.70096328e-004 0. -1.47137296e-004 1.62717712e-003 0.
    5.06657828e-003 0. 0. 1.20021449e-003 1.31135643e-003
    1.31394365e-003 0. 1.99298235e-003 0. 4.05855058e-003
    1.24504487e-003 1.03275536e-003 -3.47740162e-004 3.45599977e-003
    4.83654090e-004 3.45454644e-003 1.18534844e-002</data></imageDescriptor>
</opencv_storage>
