<?xml version="1.0"?>
<opencv_storage>
<imageDescriptor type_id="opencv-matrix">
  <rows>1</rows>
  <cols>500</cols>
  <dt>f</dt>
  <data>
    1.31314911e-003 -2.16322500e-004 2.34218198e-003 2.46510352e-003
    1.68424810e-003 4.23581048e-004 0. 0. 1.14737952e-003 0. 0.
    -2.54974351e-003 0. -8.50821554e-004 0. 8.95740639e-004
    2.92317057e-003 1.25262758e-003 1.87769928e-003 2.75568641e-003 0.
    7.50628591e-004 2.02864362e-003 3.11042764e-003 3.54956910e-006
    4.22031013e-003 4.58693743e-004 0. 8.26150086e-003 1.05584774e-003
    2.75020744e-003 9.29464819e-004 0. 4.66263271e-004 0. 0.
    2.68345379e-004 0. 3.56467383e-004 7.88718835e-003 0.
    9.77898380e-005 3.27178114e-003 4.31705936e-004 0. 1.96439843e-003
    -3.41553503e-004 3.28027905e-004 0. 0. 0. 0. 1.29323930e-003
    -1.80463394e-004 6.05945592e-004 3.06753209e-004 1.25647965e-003
    6.04101631e-004 3.07571911e-003 5.26248384e-003 3.29946238e-003 0.
    1.14063220e-002 2.68171745e-004 5.54444594e-003 3.49588250e-003
    5.28510381e-003 1.53006427e-003 0. 4.31672437e-003 4.29947395e-003
    2.72069988e-003 2.10400159e-003 2.20788433e-003 0. 0. 0.
    4.61690919e-003 -7.65857636e-004 4.42646258e-003 0. 9.87251103e-003
    0. 3.48490477e-003 9.66792461e-003 -2.24474561e-003 0.
    -4.60879237e-004 2.34870706e-003 2.98607117e-003 2.69600959e-003 0.
    3.00956354e-003 0. 2.94711121e-004 5.14112413e-003 0.
    3.23647936e-003 7.30099331e-004 1.82143133e-003 2.23518326e-003
    8.46650364e-005 0. -5.14296175e-004 2.81531503e-003 4.59167641e-003
    -4.62880620e-004 0. 0. 2.79599871e-003 5.66948438e-003
    3.24673508e-003 0. -7.91634156e-005 9.48892813e-003 1.03545096e-002
    8.26078281e-003 3.46623687e-003 0. 2.90030916e-003 1.75701466e-003
    2.24140962e-003 1.67634827e-003 1.77553401e-003 1.06060598e-002
    1.01071708e-002 3.26861278e-003 2.04735412e-003 1.05835963e-003
    9.21285420e-004 -4.60707874e-004 3.61853954e-003 1.25887792e-003 0.
    1.46262732e-003 0. 8.06687213e-003 3.50113236e-003 5.55117289e-003
    3.53667210e-003 4.05545253e-003 0. 0. -1.46781723e-003
    5.34917647e-003 3.97591619e-003 0. 3.02119227e-003 2.62439135e-003
    2.41802004e-003 1.07054105e-002 0. 5.08799730e-003 1.41126674e-003
    7.08339643e-003 0. 0. 3.06916214e-003 0. 2.58620409e-003
    1.71187229e-003 8.45979841e-004 2.66654533e-004 3.50894104e-003
    5.83906844e-003 3.53606232e-003 4.30970220e-003 7.18113501e-004
    3.59300431e-003 0. 6.36800611e-003 0. 7.63536058e-003
    6.77129021e-003 1.08194037e-003 1.07450399e-003 0. 8.67311261e-004
    1.92138692e-003 3.56734823e-003 0. 1.26855937e-003 3.54985357e-003
    1.72670335e-002 2.82073068e-003 0. -8.88989365e-004 2.66333693e-004
    1.85131212e-003 9.77182877e-004 7.13991048e-003 2.72458349e-003
    2.36385595e-003 2.54572276e-003 0. 4.64414014e-003 2.65397481e-003
    0. 2.70980201e-003 7.78440619e-004 1.48528710e-003 1.45624613e-003
    -2.52173771e-003 9.61991027e-004 2.38871505e-003 4.19191667e-004
    6.57724030e-003 0. 5.17677097e-003 0. 1.73479656e-003 0.
    7.24521291e-004 1.03476713e-003 5.86106209e-003 4.24431497e-003
    1.65659271e-003 2.99666729e-003 0. 4.08813066e-004 0. 0.
    9.28743801e-004 2.07562093e-003 0. 2.88960966e-003 1.78772758e-003
    5.28664794e-003 0. 2.46005878e-003 0. -2.07341695e-003
    1.90642965e-003 -8.19166598e-004 -7.16118084e-004 8.11540056e-003
    9.71561065e-004 1.06457928e-002 3.26557318e-003 1.33282423e-003 0.
    2.72705249e-004 -2.24282756e-003 7.62115605e-003 0. 1.63179319e-002
    0. 1.39837409e-003 8.35305953e-004 2.90859607e-003 -1.67517946e-003
    0. 0. 9.52388044e-004 0. 2.13721138e-003 0. 1.98659953e-003
    3.39766196e-003 6.39325567e-003 3.00758565e-003 0. 4.78031067e-003
    -1.87145045e-003 -2.24654819e-003 -5.79449523e-004 3.07339069e-004
    8.04959238e-003 0. 1.85030838e-003 3.44224903e-003 4.26944252e-003
    0. 4.69041942e-003 0. 4.21084557e-003 1.27444789e-003
    1.32929184e-003 9.10903420e-003 0. 7.97670148e-003 2.60533229e-003
    1.41094101e-003 3.62015236e-003 0. -1.48298836e-003 6.70857914e-003
    -1.43512880e-004 5.96298184e-003 9.91676236e-004 5.41847805e-003
    1.50246231e-003 2.46992242e-002 1.13049150e-002 0. 2.39195582e-003
    4.09507053e-003 0. 2.38287859e-004 6.78667706e-003 0.
    2.33862014e-003 2.46310048e-003 9.99624899e-005 0. 0. 0. 0.
    4.43438906e-003 6.71854767e-004 3.35260271e-003 1.97270489e-003
    2.68536061e-003 0. 8.19478373e-005 0. 6.21870672e-003 0. 0.
    4.28642565e-003 8.08840431e-003 0. -6.66347623e-004 4.42671822e-003
    0. 2.71307630e-003 -3.85210966e-004 1.62385067e-003 2.14176369e-003
    1.47382717e-003 3.13659897e-003 0. 1.21966680e-003 0.
    2.57626595e-003 0. 0. 1.30552845e-003 4.39158920e-003
    2.23357650e-003 0. 0. 1.31788710e-003 0. 1.34566348e-004 0. 0. 0.
    -1.67118886e-003 -6.05315843e-004 2.75073224e-003 3.37900128e-003
    1.59612403e-003 3.20600090e-003 3.35844909e-003 2.33554374e-003
    -4.92509680e-005 2.38484866e-003 4.94772755e-003 0. 0.
    2.53203162e-003 -6.71982940e-004 2.68533197e-003 7.40581425e-004 0.
    4.80151766e-006 0. 6.00995903e-004 -9.25718981e-004 0.
    2.33444362e-003 3.27064353e-003 -1.85588855e-004 0. -3.46590823e-004
    4.05087462e-003 0. 0. 7.37207616e-003 -8.33607861e-004
    5.39586321e-003 0. 1.44486106e-003 4.37907688e-003 7.39336666e-003
    1.99354626e-003 2.49105529e-003 4.91909683e-004 6.64534699e-003
    -2.35392043e-004 1.33873982e-004 1.09015033e-002 1.17139390e-003 0.
    1.73037581e-003 -1.25911704e-003 -5.21845708e-004 0. 0.
    3.46860895e-003 7.45929917e-003 3.17606726e-003 5.75894082e-004 0.
    2.69293872e-004 5.94808720e-003 3.98177840e-003 0. 1.05658837e-003
    1.06538390e-003 -1.53071026e-003 4.10977053e-003 2.58834381e-003
    2.51175882e-003 0. 1.97474682e-003 5.41356718e-003 1.52686285e-003
    0. 0. 0. 0. 1.34224782e-003 -1.69538066e-003 1.49181069e-004
    1.94225204e-003 0. 1.31113688e-003 0. 3.92492162e-003
    -1.17365178e-003 7.38702109e-003 9.21775214e-003 0. 8.04537907e-003
    1.22693542e-003 1.29931851e-003 0. 5.92872780e-003 2.72408128e-003
    1.05692039e-003 0. 4.41475539e-003 1.87249752e-004 6.55141135e-004
    2.37783394e-003 0. 0. 1.14586437e-002 0. 2.23389175e-003
    3.49596638e-004 0. -6.78983226e-004 0. 6.89180475e-003
    -4.33846231e-004 2.45786388e-004 1.42101652e-003 1.68034085e-003
    -7.76297937e-004 8.53492238e-005 2.20109662e-003 0. 4.73013194e-003
    -1.48949004e-003 2.09374237e-003 1.17797812e-003 0. 1.75547600e-003
    3.19031952e-003 0. 2.05363357e-003 2.97612441e-003 0.
    2.12090462e-003 0. -1.42731617e-004 -3.07807908e-003
    -1.29976703e-004 0. 2.02304334e-003 1.22351116e-002 1.17402186e-003
    6.52599847e-004 0. -1.34326599e-003 5.49357571e-003 0.
    1.32873596e-003 1.58096652e-003 6.74120430e-003 0. 3.05542490e-003
    0. 5.55179687e-003 -2.20297254e-004 3.04668490e-003 1.01266010e-003</data></imageDescriptor>
</opencv_storage>
