<?xml version="1.0"?>
<opencv_storage>
<imageDescriptor type_id="opencv-matrix">
  <rows>1</rows>
  <cols>500</cols>
  <dt>f</dt>
  <data>
    2.06868863e-003 -2.98644416e-003 2.87496508e-003 0. 0.
    1.50975666e-003 3.78060155e-003 2.16174079e-003 0. 6.84829149e-003
    3.01347114e-003 2.41039647e-003 -1.28871307e-003 -7.01896672e-004
    1.87102065e-003 1.07690739e-003 4.41092020e-003 6.42316695e-003
    1.32863328e-003 2.99088284e-003 3.04920576e-003 9.47173778e-003 0.
    8.27661541e-004 0. 4.02501272e-003 3.40753724e-003 3.50666029e-004
    8.88221839e-005 2.67067715e-003 0. 0. 2.85020215e-003 0.
    -3.80358339e-004 0. 2.71218130e-003 0. 1.09956285e-003
    7.89458398e-003 3.24662216e-003 3.28940107e-003 1.41425151e-002
    6.87996764e-003 1.64192228e-003 5.14773140e-003 1.14414422e-002
    2.93583004e-003 3.24019976e-003 0. 1.45700306e-003 0. 0.
    -3.18324746e-004 0. 1.63045863e-003 0. 3.60427378e-003 0.
    3.99815850e-003 2.21016887e-003 4.14584996e-003 3.75692919e-003
    3.21803126e-003 3.57965985e-003 2.57347431e-003 6.94926083e-003
    5.08471252e-003 0. 7.25210819e-004 2.45168048e-004 0.
    8.01280956e-004 3.31094419e-003 6.19959785e-004 9.68428853e-004 0.
    1.58896693e-003 1.95927592e-003 -1.18680800e-004 -2.87911296e-003
    3.58981779e-004 -1.02693230e-004 1.67282473e-003 9.37692821e-003
    3.72467935e-003 2.43218523e-003 6.99473254e-004 6.01350842e-003 0.
    0. -1.46073398e-005 0. 0. 1.10109244e-003 3.32977227e-003
    1.81026396e-003 0. 1.31337077e-003 2.62080505e-003 0. 0. 0.
    3.11650801e-002 1.46813283e-003 -5.00011491e-004 0. 4.13854746e-003
    0. 3.20673524e-003 2.82181916e-003 -3.07903998e-003 -4.40115575e-004
    2.83323205e-003 0. 0. 3.01926374e-003 -2.91067758e-004 0. 0.
    5.34341496e-004 9.69897606e-004 0. -5.03738760e-004 0. 0.
    1.78260671e-003 3.95014975e-003 5.48876496e-003 -1.57172923e-004
    2.02835305e-003 0. -6.91771929e-005 4.41671489e-003 0.
    2.23347382e-003 2.03508255e-003 3.17024533e-003 -3.70825874e-003
    -4.97538364e-004 1.15162740e-002 0. 1.67222356e-003 0.
    3.49841267e-003 7.91275350e-004 0. 0. 0. 6.89259614e-004
    6.60606567e-003 2.09456263e-003 0. 0. 5.19889640e-003
    9.00415413e-004 1.35086197e-002 1.06442980e-002 4.56437096e-003
    1.72950933e-003 -5.36462059e-004 -3.00104293e-004 5.57731744e-003 0.
    2.84649897e-003 1.23819076e-002 6.14425400e-003 0. 0. 0. 0.
    2.86202732e-004 0. 4.46050806e-004 9.00036376e-003 7.21868500e-003
    0. 0. 5.46821253e-003 4.10551857e-003 1.29821047e-003
    1.58277561e-003 1.45810959e-003 7.24604540e-003 4.92835976e-003 0.
    1.14311548e-002 0. 0. 0. 0. 1.33692496e-003 5.04100602e-003
    1.25598803e-003 0. 7.86827935e-004 4.16898547e-004 0.
    6.51849248e-003 2.54183030e-003 0. 5.37346862e-003 0.
    2.65016663e-003 4.12896601e-003 -1.46695087e-003 0. 9.90136061e-004
    0. 2.95151374e-003 8.74938723e-003 -2.22749848e-004 1.75799232e-003
    0. 3.27669038e-003 0. 4.80402401e-003 2.28636386e-003 0.
    2.16198666e-003 0. -6.34498429e-004 -2.65272305e-004 5.64421527e-004
    5.30518917e-003 9.50447563e-003 1.00103510e-003 4.50441195e-003 0.
    -2.03810225e-004 -2.79663317e-003 4.94486652e-003 6.05336949e-003
    -5.04694122e-004 -5.42363676e-004 4.18526167e-003 2.76277284e-003
    -3.08969151e-003 2.72059580e-003 4.50853695e-004 0. 7.72602652e-005
    -1.86354062e-003 1.50510762e-003 3.04365507e-003 1.15283299e-003
    9.59028490e-004 4.75198543e-003 1.93239853e-003 0. 0.
    -1.84054195e-004 1.69351569e-003 1.81843003e-003 4.70426725e-003
    2.82107829e-003 5.91488788e-003 7.24885752e-003 2.87199812e-003
    2.37095845e-003 4.83780488e-004 0. 1.81377376e-003 9.98144131e-003
    1.66988536e-003 1.45292049e-003 0. 3.36948922e-003 3.36598116e-003
    4.89246706e-003 -1.28179626e-003 8.78835376e-003 0. 0. 0. 0.
    -5.74119680e-004 -9.30558192e-004 3.85137182e-003 0. 0.
    3.90970940e-003 5.92124590e-004 2.37708609e-003 7.26668164e-003
    3.97795206e-003 4.72375378e-003 -4.05539153e-003 4.00258275e-003 0.
    7.80731672e-003 8.47334787e-003 4.04926948e-003 0. 0.
    2.17111292e-003 0. 4.31597745e-003 4.51614475e-003 1.74332847e-004
    1.60407159e-003 3.06013855e-004 0. 5.96829224e-003 6.55984797e-004
    2.52984161e-003 5.14071761e-003 3.95285757e-003 0. 2.03423807e-003
    0. 2.04536901e-003 6.09353138e-003 0. 0. 2.86386139e-003
    2.07427904e-004 0. 5.75220212e-003 0. -6.73705305e-004
    9.77467466e-003 0. 3.66150448e-003 0. 4.40123549e-004 0.
    2.54831626e-003 8.12299142e-004 0. 1.20637910e-002 0. 0.
    3.30131012e-003 4.00246447e-003 -8.17693799e-005 0. 1.07042503e-003
    0. -2.13333275e-004 1.07443547e-002 1.05521991e-003 3.82309780e-003
    2.23464868e-003 0. 0. 0. 0. -1.70046731e-003 -1.58430578e-003
    -1.11793657e-003 0. 0. 8.58831627e-004 3.09068407e-003
    1.89914391e-003 5.51317306e-003 0. 0. -7.37046939e-004 0.
    1.37873145e-003 0. 1.68785313e-003 3.69746704e-003 1.31592632e-003
    1.08710416e-002 2.12484016e-003 -3.01195751e-003 5.36143780e-004
    2.44389707e-003 0. 5.37297409e-003 0. 0. 1.00858351e-002
    4.14233841e-003 0. 3.25297588e-003 3.06020607e-003 -2.11066986e-003
    2.70329090e-003 2.49903020e-003 -6.18882244e-003 0. 9.86170117e-003
    -6.30431517e-004 0. 0. 0. 0. 1.91452936e-003 7.20878597e-003
    3.22764885e-004 4.93617821e-003 1.56570692e-003 1.65457895e-003 0.
    1.14617602e-003 -1.67763745e-003 1.20308930e-002 2.48403405e-003
    -2.62620207e-003 8.72590987e-004 1.61270797e-003 0. 3.38777155e-003
    0. 0. 5.55396918e-003 2.61542341e-003 6.50806105e-005
    1.73810381e-003 3.32448073e-003 2.58020521e-003 1.84645387e-003
    6.35016069e-004 1.65146834e-003 0. 0. 1.31448766e-003 0. 0.
    5.44979097e-003 1.70952426e-005 0. -7.68184487e-004 0.
    -1.15029143e-004 3.99674522e-003 0. -2.72269710e-003 1.39717176e-003
    3.33270407e-004 0. 3.91024677e-003 2.40048929e-003 0. 0. 0.
    3.57599836e-003 0. 1.27960928e-003 0. 0. 4.65657533e-004
    -4.16837353e-003 9.95490607e-003 5.84371155e-003 7.69184576e-003
    2.67503812e-004 0. -1.45571982e-003 4.27538017e-003 1.76729588e-003
    4.95423144e-003 2.09143222e-003 1.05445192e-003 3.31671047e-003
    2.67865066e-003 0. 2.45524407e-003 3.14013450e-003 0.
    3.90303461e-003 2.06847191e-002 3.23671103e-003 3.34366993e-003
    5.83318248e-003 0. 2.41222116e-003 0. 0. 7.13949092e-003
    5.03669912e-003 1.95922889e-003 4.79173288e-003 0. 0.
    3.73602903e-004 0. 0. 0. 7.15642283e-003 8.52878485e-003
    1.44704490e-003 0. 1.88690994e-003 -1.73324801e-003 -2.65696959e-004
    -4.97612287e-004 7.52603752e-004 1.85246987e-003 0. 0.
    4.69044811e-004 9.12054849e-004 2.76067201e-003 3.14913760e-003 0.</data></imageDescriptor>
</opencv_storage>
