<?xml version="1.0"?>
<opencv_storage>
<imageDescriptor type_id="opencv-matrix">
  <rows>1</rows>
  <cols>500</cols>
  <dt>f</dt>
  <data>
    4.02907329e-003 1.40868069e-003 4.22648806e-003 0. 3.63417872e-004
    0. 2.37628724e-003 0. 4.50140890e-003 5.82248205e-004
    5.52925095e-003 0. 1.39700063e-003 -1.39340246e-003 2.63818540e-003
    0. 2.31971848e-003 5.51178446e-003 0. 5.90307172e-003
    1.12892743e-002 8.39561876e-003 3.42219323e-003 2.02855910e-003 0.
    5.69376815e-003 7.15210382e-003 0. 2.14559957e-003 -5.96727361e-004
    8.83561908e-004 2.49454798e-003 5.50939585e-004 6.84152357e-004
    2.18635146e-003 2.86247814e-003 0. 1.01840552e-002 2.35255668e-003
    -2.93854857e-004 5.32390736e-003 -1.22959015e-003 0. 2.63033994e-003
    0. 3.44834360e-003 1.94764300e-003 -9.89619177e-004 0.
    1.51240348e-003 5.95937367e-004 1.57312653e-003 0. 7.60727969e-004
    2.01074500e-003 4.21780348e-003 3.12653101e-005 2.51547573e-003
    1.24334227e-002 5.94815414e-004 1.49923749e-003 2.53076525e-003
    -1.91409999e-004 3.20650899e-004 3.82589363e-003 1.62903732e-003 0.
    2.31649447e-003 1.54989201e-003 1.95488741e-004 0. 2.00242549e-003
    3.66095337e-004 1.84541405e-003 9.13726911e-003 3.42373911e-004
    3.85972927e-003 2.08028313e-003 0. -6.96022063e-004 1.08590670e-004
    -3.47444415e-003 -4.45097627e-004 2.33774539e-003 3.73559124e-005 0.
    5.18316124e-003 5.61269652e-003 2.79505923e-003 0. 0.
    1.42028963e-003 3.07378406e-003 -4.90372942e-004 2.14385055e-003
    -8.21379945e-004 3.73695139e-003 0. 1.20187382e-004 0.
    1.57232187e-003 1.56488072e-003 -7.70748302e-004 2.41380185e-002
    -3.97194526e-004 4.14693123e-003 1.00372468e-004 2.87589245e-003
    5.07207913e-003 3.32488166e-003 1.41551788e-003 4.14094655e-004 0.
    0. 7.23830541e-004 2.33074487e-003 5.38876420e-003 -3.65623448e-004
    1.78419822e-003 1.91258645e-004 0. 1.83267461e-003 -2.61129229e-003
    3.79971322e-003 3.34303826e-003 4.85432288e-003 1.94608350e-003
    7.82833085e-004 6.36409409e-003 -1.06909242e-003 5.00326511e-003
    1.49531604e-003 1.80687197e-003 0. 6.34315144e-003 0. 0.
    1.11553213e-003 7.39482566e-005 0. 0. 1.66038796e-003
    1.74939912e-003 1.22724904e-003 3.19187809e-003 0. 4.98935860e-003
    5.63555723e-003 1.33027812e-003 1.84313708e-003 1.45433773e-003
    4.66056261e-003 5.23829414e-003 1.43549405e-003 2.29388592e-003
    1.48525718e-003 2.40098708e-003 2.17787165e-004 0. 0.
    4.11635078e-003 1.57064712e-003 -1.07116633e-004 2.08548550e-003
    -8.06613461e-005 7.63965363e-005 2.73830083e-004 7.41269148e-004 0.
    4.19939123e-003 2.63385882e-004 0. 1.02137390e-004 2.15613283e-003
    0. 5.41902892e-003 0. 0. 1.59848703e-003 -7.75941007e-005 0. 0.
    1.23645249e-003 2.70260614e-004 5.03788237e-003 0. -3.31629853e-004
    0. 2.98109185e-003 3.54562490e-003 -3.50605696e-004 5.96086960e-004
    4.51679993e-003 5.02017466e-003 0. 2.16351647e-004 1.12611451e-003
    0. 3.13515449e-003 0. 3.44535150e-003 0. 0. 3.61126004e-004
    1.42791285e-003 -1.57749653e-003 0. 1.28410175e-003 6.15377649e-005
    1.19792921e-005 0. 1.03287434e-003 1.45403948e-003 -8.37940461e-005
    7.24765984e-003 6.49171052e-005 1.90910837e-003 0. -2.91972421e-004
    1.76056416e-003 4.17783624e-003 -3.34170269e-004 1.63572677e-003
    6.55045005e-005 1.26398052e-003 -1.98893948e-004 2.07142904e-004
    2.34716665e-003 7.07196211e-003 -9.14879260e-004 6.77308347e-003
    4.40623984e-003 2.47756764e-003 8.44054576e-003 4.50166728e-004
    -2.29682238e-003 0. 1.00664585e-003 0. 3.16088041e-003
    3.18974350e-003 4.90791351e-003 1.28745032e-003 0. 2.40212400e-003
    9.75816697e-003 4.33177222e-003 6.67849556e-004 0. 2.75907735e-003
    0. 0. 4.78341989e-003 3.77606368e-003 8.71637312e-004 0.
    2.25100876e-003 3.53763974e-003 -2.31470531e-005 5.25315292e-003
    -3.82868457e-005 -4.67186095e-004 8.18424858e-003 3.37879732e-002
    6.52536098e-003 3.66257562e-004 1.48479175e-003 5.17231971e-003 0.
    2.76280800e-003 0. 1.56443305e-002 3.36471654e-004 3.70365754e-003
    1.18846656e-003 0. 7.55230477e-003 0. -1.42878480e-003 0.
    6.46939501e-003 0. 0. 3.67276138e-003 2.18515564e-003
    -4.55589092e-004 2.41327565e-003 3.12310341e-003 1.04063209e-002 0.
    2.14712648e-003 0. 3.94462608e-003 3.68171255e-003 2.29022559e-003
    4.91309119e-003 0. 0. 3.40864435e-003 0. 3.13263386e-003
    3.24096810e-003 -3.59958707e-004 4.04147198e-003 0. 1.50550506e-003
    1.09052910e-002 0. 0. 7.16625655e-004 0. -2.63017230e-003
    1.01771746e-002 1.87880953e-003 0. 6.71699760e-004 -7.16214010e-004
    2.33703572e-003 3.69915063e-003 6.61763246e-004 7.06853159e-003 0.
    5.68911014e-003 6.50017103e-003 2.68415618e-003 0. 1.29909790e-003
    0. 2.80451588e-003 6.88997505e-004 2.68442230e-003 -2.10542748e-005
    2.45599123e-003 1.19424835e-002 1.91585321e-004 8.27557291e-004
    -1.27368723e-003 2.24677380e-003 8.95511068e-004 1.36837584e-003 0.
    1.21583859e-003 9.83184436e-004 1.94621773e-003 -1.28737651e-004 0.
    0. 0. 0. 1.59640599e-003 1.60495125e-004 3.51036317e-003
    4.47856635e-003 1.40395318e-003 0. 1.41745247e-003 5.85466810e-003
    9.07569937e-003 2.79670721e-003 0. 1.81821024e-003 0.
    2.03362480e-003 9.73801711e-004 -6.71006565e-005 6.32694643e-003
    1.68717204e-004 0. 0. 1.24591263e-003 1.52826100e-003 0. 0.
    8.67690134e-004 3.86929139e-003 1.69768301e-003 0. 0.
    7.13617308e-004 1.23890652e-003 1.24899228e-003 6.90776762e-003
    4.58866311e-003 -6.46357331e-003 2.47675506e-003 2.58069998e-003
    5.80979511e-003 0. 5.44646755e-003 6.59182621e-003 0. 0.
    8.40289751e-004 9.21623223e-003 3.08061438e-003 8.07766046e-004
    3.87069723e-003 0. 2.95930222e-004 -6.35759323e-004 2.28110957e-003
    8.32824968e-003 5.64040849e-004 1.58413290e-003 2.34113028e-003
    -6.65100699e-004 1.72501151e-003 4.47936181e-004 4.59121168e-003
    3.18793743e-003 1.28690735e-003 -6.20224047e-004 0. 8.78496654e-003
    0. 1.21911371e-003 2.88111949e-003 -6.16238860e-004 2.87424470e-003
    -4.04398044e-004 1.16800447e-003 0. 2.91402731e-003 1.51490746e-003
    -1.48493552e-003 1.29879010e-003 -2.98234145e-003 0. 7.58553296e-003
    0. 1.63787347e-003 9.06958128e-004 7.56847393e-003 2.11528642e-003
    0. 0. 0. 6.99634384e-003 4.66478895e-003 1.55651418e-003
    1.80654810e-003 1.55047397e-003 2.89422664e-004 7.90265622e-004
    8.09331890e-003 1.38023286e-003 0. 3.70570342e-003 9.49059497e-004
    1.20494002e-003 1.84987090e-003 -1.80401374e-003 2.89249746e-003 0.
    1.00939837e-003 -4.56282170e-004 6.47995807e-003 1.37738371e-003
    9.31386463e-003 -1.06757354e-004 4.65068314e-003 1.81112016e-004
    1.28855614e-003 0. 0. 1.12277046e-002 4.82585561e-003
    -4.16510273e-004 3.04124318e-003 9.85642197e-004 -4.10492416e-004 0.
    3.44667770e-003 0. 1.56701612e-003 0. 4.78147762e-003
    1.57089182e-003 0. 1.82493590e-004 0. 4.69324552e-003
    2.18673493e-003 7.86641962e-004 1.03933299e-002 0. 4.23783157e-003
    1.48830051e-003 6.74854312e-003 2.88393814e-003 0. 9.56669450e-004
    4.79467679e-004 0. 0. 1.38479553e-003 1.69873331e-003
    2.38365657e-003 6.52451348e-003 -1.52449473e-003</data></imageDescriptor>
</opencv_storage>
