<?xml version="1.0"?>
<opencv_storage>
<imageDescriptor type_id="opencv-matrix">
  <rows>1</rows>
  <cols>500</cols>
  <dt>f</dt>
  <data>
    4.28943755e-003 0. 0. 0. 0. 0. 0. -3.28166847e-004 -4.15222021e-003
    3.22594540e-003 0. 9.06841364e-003 0. -6.89893588e-003
    6.35034230e-004 0. 0. 0. 0. 0. 1.29796262e-003 2.39705970e-003 0.
    -6.53078241e-005 3.09747877e-003 0. 9.57481656e-003 0. 0.
    7.20714685e-004 0. 6.03841909e-004 -1.29996799e-003 0.
    1.10527617e-003 9.61408019e-004 1.23000517e-002 0. 3.12707480e-003
    0. 0. 1.61196589e-002 -1.52178656e-003 1.15095731e-002
    7.88612291e-003 -5.23887757e-005 -1.89968094e-003 0. 4.31344844e-003
    4.01284266e-003 2.68550380e-003 8.60110484e-003 3.53093469e-003 0.
    2.85228621e-003 0. 0. 0. -6.65942265e-004 2.99186702e-003
    1.98065629e-003 0. 0. 9.56265628e-003 0. 0. 4.89653368e-003 0.
    -2.22479575e-003 0. 1.05387182e-003 5.99475764e-003 0.
    5.02291694e-003 0. 0. 1.14247599e-003 0. 0. 2.97459168e-003 0.
    1.20106805e-003 0. 0. 3.17089772e-003 0. 0. 0. 3.01558268e-003 0. 0.
    6.01647375e-003 3.49038141e-003 2.89823045e-003 4.09146352e-003 0.
    0. 0. 0. 0. 0. 0. 0. 2.80557782e-003 4.53650253e-003 5.59598580e-003
    1.57178205e-003 0. 9.73096956e-003 0. 5.16166445e-003 0.
    6.23560650e-003 0. 1.19688120e-002 6.78367401e-003 0.
    1.18339900e-003 6.97021652e-003 9.34704964e-004 0. 5.47167961e-004
    0. 0. 3.48923318e-002 0. 6.39135018e-003 0. 3.63570685e-003
    4.94182436e-003 0. 0. 0. 0. 1.08771892e-002 1.05963461e-002
    3.31134489e-003 2.63705128e-003 8.11308343e-003 2.64523900e-003 0.
    0. 0. 3.15475394e-003 0. 2.03210022e-003 -7.50744715e-004 0. 0. 0.
    1.02193961e-004 0. 0. 0. 2.17136531e-003 -1.40674098e-003
    3.61974607e-003 0. 4.02520830e-003 0. -1.29535189e-003 0. 0.
    6.18541427e-003 -7.93422386e-003 7.17675500e-003 -2.56610248e-004
    5.89708053e-003 0. 0. 0. -1.04205581e-004 -1.93403859e-003
    -1.36280153e-003 3.20903421e-003 4.46783146e-003 1.01327356e-002 0.
    0. 2.93532992e-003 1.40957604e-003 8.57389998e-004 0.
    3.26283672e-003 0. 2.59845634e-003 -1.57290988e-003 0. 0. 0.
    1.07109463e-002 3.16987722e-003 -4.05512238e-003 0. -4.73969942e-003
    -1.00508553e-003 0. 0. 1.75666777e-004 0. 3.66599811e-003 0. 0. 0.
    6.91840053e-003 0. 0. 0. 1.53609202e-003 0. 0. -2.13611405e-004
    6.62474602e-004 1.93844095e-003 2.38618022e-003 0. 0.
    2.50047236e-003 0. 2.13607121e-003 3.15717817e-003 1.32914167e-002
    7.42804864e-003 1.51269743e-002 0. 2.83993664e-003 6.53603487e-003
    2.33405712e-003 0. 0. 4.16958658e-003 1.22315045e-002
    1.01773152e-002 2.55767093e-003 0. 1.09469099e-002 5.28053474e-003
    0. 1.61642842e-002 -7.69998005e-005 0. 0. 0. 1.47090554e-002
    5.97219449e-003 1.52662648e-002 0. 0. 2.32192819e-004
    1.47077255e-002 1.56421412e-003 0. 0. 0. 0. 0. 0. 0. 0.
    -4.02957574e-003 4.26815124e-003 -5.66701288e-004 2.50434666e-003
    -5.34659997e-003 0. 0. -2.51342170e-003 1.68369222e-003 0. 0.
    4.26420011e-003 4.92315914e-004 2.78272037e-003 0. 0. 0.
    5.47485100e-003 1.43030134e-003 0. 7.59206247e-003 0. 0.
    -6.07516849e-003 0. 0. 0. 0. 5.54515515e-003 0. 1.27820368e-003
    3.65353888e-003 1.04652876e-002 0. 0. 4.31584567e-003 0.
    4.01231227e-003 0. 2.39485502e-003 0. 2.21473770e-003
    1.82652369e-003 0. 8.78555886e-003 0. 0. 0. 0. 4.95793205e-003 0. 0.
    0. 8.79451074e-003 -1.72992947e-003 5.29006310e-003 0. 0.
    3.47051932e-003 4.40340862e-003 0. 1.55077712e-003 5.49611729e-003
    0. 3.16949072e-003 -2.43006297e-003 1.71867129e-003 6.24027289e-003
    1.90494221e-003 0. 2.13731802e-003 0. 4.68817074e-003 0.
    1.07993861e-003 2.99599161e-003 0. 1.66271313e-003 -1.04425952e-003
    3.53456615e-003 0. 0. 0. 2.05049454e-003 9.57119837e-003 0.
    1.59539038e-003 3.95950628e-003 1.22742739e-003 0. 1.39195053e-003
    2.63862638e-003 6.17541233e-003 3.38244345e-003 2.81604333e-003
    5.57633908e-003 6.06184872e-003 3.66574619e-003 0. 0. 0. 0. 0.
    -5.76056493e-003 3.95218376e-003 2.61813449e-003 2.62555364e-003 0.
    -5.49044111e-004 0. 2.79657147e-003 0. -2.76902760e-003 0. 0. 0.
    1.08995929e-003 0. 0. 0. 0. 3.06074577e-003 1.69063937e-002
    2.26832577e-003 6.65729819e-003 0. 2.11245404e-003 1.04107037e-002
    3.82813555e-003 0. 0. -2.16941908e-003 0. 0. 0. 3.86547326e-004
    3.48456157e-003 0. 6.11120788e-003 0. -1.54771889e-003
    -1.30436220e-003 -1.86236866e-003 2.05168524e-003 5.84478374e-004 0.
    -5.91013487e-003 1.07911462e-003 9.62737948e-004 0. 0.
    4.24964260e-003 7.71838427e-003 0. -1.78791094e-003 4.58223978e-003
    1.12766130e-002 0. 4.96118097e-003 9.22170840e-003 0. 0. 0. 0. 0. 0.
    3.84312076e-003 0. 1.08470879e-002 0. -3.69659672e-003
    8.02807603e-003 0. 7.26209208e-003 0. 3.14575545e-002 0.
    1.12667249e-003 0. 2.84676347e-003 4.37819446e-003 0. 0. 0.
    4.98485006e-003 0. 6.72602467e-003 0. 3.82625731e-003 0.
    1.44784683e-002 4.26524319e-003 0. 1.94979236e-002 0.
    5.67404553e-003 0. 1.55030994e-003 7.79298926e-003 0. 0.
    2.32893741e-003 0. 4.91048303e-003 0. -1.35039154e-003 0.
    1.21071935e-002 1.19888801e-002 2.13040458e-003 4.18254687e-003 0.
    0. 0. 4.92296182e-003 0. 0. 0. 2.46019452e-003 2.05077883e-003
    -4.45633288e-003 4.10130760e-003 0. 0. -5.17499540e-003
    1.29519599e-002 5.28574674e-005 0. 0. 0. 0. 1.06510217e-003 0.
    2.67110905e-003 1.90026141e-004 0. 2.90421012e-004 0. 0.
    4.38173674e-003 4.11085412e-003</data></imageDescriptor>
</opencv_storage>
