<?xml version="1.0"?>
<opencv_storage>
<imageDescriptor type_id="opencv-matrix">
  <rows>1</rows>
  <cols>500</cols>
  <dt>f</dt>
  <data>
    9.23878688e-004 2.27527949e-003 1.17613021e-002 0. 0.
    2.19891057e-003 0. 2.69364775e-003 0. 9.72653623e-004
    3.02775367e-003 7.96967465e-003 7.06147030e-003 0. -9.35812306e-004
    2.60162074e-003 2.66711204e-003 2.12324411e-002 1.60725997e-003
    1.12824310e-002 -7.21142453e-004 -3.23452958e-004 1.77792725e-004 0.
    0. 0. 1.26923749e-003 0. 3.18795280e-003 7.71614444e-003
    8.65100417e-003 5.26670553e-003 0. 0. 1.55604933e-003
    6.16146193e-004 1.80907045e-002 2.49838410e-003 8.95228889e-003 0.
    0. 1.00664841e-002 1.81030277e-002 0. 6.97527453e-003
    1.22404220e-002 0. 0. 1.23764540e-003 0. 1.85451482e-003
    3.01992800e-003 0. -2.37224833e-003 0. 0. 0. 0. 2.19592871e-003
    1.32248108e-003 2.84013199e-003 1.58437213e-003 1.49154300e-002 0.
    3.22836079e-003 0. 0. 1.81823585e-003 0. 0. 4.46807884e-004
    -2.47913267e-005 0. 1.82680762e-003 1.10224460e-003 2.78074294e-003
    0. 0. 1.06654665e-003 0. 0. -1.04331912e-003 1.24246441e-003 0. 0.
    -1.88567978e-003 0. 1.01554819e-004 2.57152878e-003 0.
    -7.22238969e-004 1.88910984e-004 0. -2.25916228e-004 1.32780604e-003
    0. 0. 3.80136282e-003 4.30294173e-003 0. 3.05237295e-003
    5.52867958e-003 6.59524696e-003 1.89457946e-002 3.90822859e-003
    6.81642070e-003 3.73053190e-004 1.47553699e-004 1.80253631e-003
    -1.67015218e-003 1.02058901e-002 0. 0. 0. 0. 3.62367835e-003
    -1.31305482e-003 -7.24491198e-004 0. 0. -5.35294297e-004 0. 0.
    1.76793581e-003 5.10862051e-003 0. 0. 4.04433260e-004 0. 0. 0.
    -1.29493617e-003 0. 0. 5.24045527e-003 1.13400805e-003 0.
    1.01732686e-002 4.34537855e-004 3.20435036e-003 9.94323636e-004 0.
    0. 0. 0. 3.73218022e-003 0. 0. 0. 1.70270636e-004 -2.28248141e-003
    5.51309297e-003 1.77406287e-003 0. 0. 0. 3.47755337e-003
    4.94598364e-003 2.53228354e-003 0. 0. 2.16120412e-003
    1.30925665e-003 1.00614049e-003 0. 4.44887951e-003 4.40623099e-003
    0. 2.16883863e-003 0. -2.29349316e-004 1.75012799e-003 0.
    1.18502567e-003 -8.63505411e-004 -2.17833277e-003 0. 0.
    1.60368031e-003 0. 3.50479758e-003 1.25555927e-003 0.
    3.86574422e-003 0. 7.97028560e-003 0. 0. 0. 0. 2.75386125e-003 0.
    1.12819374e-002 1.14066126e-002 3.61862103e-003 1.47379498e-004
    5.29143680e-003 4.25480912e-003 0. 4.57976293e-003 0.
    1.00316107e-003 -5.73928446e-006 0. 7.20592099e-004 0.
    4.93669836e-003 0. 4.18026606e-003 4.13085008e-003 0.
    1.14975066e-003 3.57800373e-003 0. 3.55496537e-003 3.29428981e-003
    6.88820472e-003 3.92735237e-003 0. -2.78193649e-004 0. 0. 0.
    1.88864686e-003 1.40027339e-002 0. -4.21433506e-004 1.99444592e-003
    0. 0. 1.97983906e-003 -7.48241204e-004 1.20077403e-002
    7.17851147e-003 5.05598076e-003 4.05645557e-003 9.69419023e-004 0.
    9.02064517e-003 -6.22115273e-004 5.48868300e-003 -4.55744937e-003
    2.20361399e-003 2.26324564e-003 1.40755065e-003 1.65507905e-002 0.
    0. 4.67163324e-003 1.15717109e-003 0. 2.71827914e-003
    2.84286961e-003 3.14421166e-004 -2.55269883e-003 0. 0.
    3.02057993e-003 0. 0. 2.05220468e-003 4.09227127e-004
    4.24417993e-003 1.87206157e-002 0. 4.32148343e-003 3.57978279e-003
    -3.39884777e-004 0. -3.46219058e-005 0. 1.86135750e-002 0. 0.
    5.51347854e-003 0. 0. 1.49740586e-002 0. 0. 1.05964905e-003
    2.97501800e-003 4.00264980e-003 0. 0. 0. 0. 0. -1.45073899e-003
    4.18484630e-003 0. 3.30173085e-003 7.25706620e-003 0.
    -1.28040765e-003 5.66171017e-004 0. 0. 1.88719458e-003
    2.09527370e-002 0. 1.50046330e-002 0. 2.49690562e-003
    5.37552917e-003 0. 0. 0. 5.93935765e-005 1.41816214e-004 0.
    2.17204588e-003 0. 1.84752198e-003 2.26181373e-003 4.69082966e-003
    1.31374062e-003 0. 7.36664375e-003 0. 3.73413949e-003 0.
    2.60415650e-003 0. 0. 3.66586121e-003 0. 5.39616309e-003 0.
    6.47168723e-004 0. 3.55843059e-003 4.74542670e-004 0.
    3.18548363e-003 0. 8.75799102e-004 0. -7.33950874e-004 0.
    1.00772250e-002 0. 9.64056817e-004 1.88869226e-003 4.58486751e-003
    0. 1.31878229e-002 0. 0. 6.37709303e-003 2.55532563e-003 0. 0.
    2.62403842e-002 0. 0. 1.17506282e-002 1.45449850e-003
    3.07983905e-003 7.08009675e-003 -9.85756167e-004 0. 4.07036673e-003
    0. 0. 0. 1.47620235e-002 -6.57246637e-005 -1.89588615e-003
    3.95056605e-003 8.87316477e-004 -4.41081706e-004 6.21338258e-004
    2.53779883e-003 0. 0. 0. 3.59353377e-004 3.07003874e-003
    -9.81846242e-004 0. 2.96603609e-003 2.10158271e-003 -2.25351006e-003
    9.98179428e-004 0. 1.11936824e-003 4.03795671e-003 9.18891188e-003
    0. 4.10897704e-003 2.27181963e-003 0. 1.08828058e-003
    4.59376303e-003 0. 0. 6.22780202e-003 6.07692776e-003 0.
    -4.86027362e-004 5.85784763e-003 -2.70554260e-003 9.44385864e-003 0.
    0. 4.44633374e-003 2.29264400e-003 0. 0. 1.03906612e-003
    2.40117987e-003 1.94396148e-003 0. 0. 0. 3.85241490e-003 0. 0.
    -9.99084223e-005 0. 0. 1.46955834e-003 7.66336126e-003
    1.74471340e-003 4.88474034e-004 0. 1.86063128e-003 2.49974732e-003
    -1.04388446e-002 5.38642099e-003 6.62483973e-003 6.33569667e-003
    2.76989187e-003 0. 3.32440180e-003 0. 1.60914403e-003
    3.30672599e-003 2.66117090e-003 7.26008229e-003 4.94300527e-003 0.
    0. 1.04272482e-003 2.79296772e-004 0. 1.22441375e-003
    -2.53866383e-005 4.79577808e-003 5.96026937e-003 0. 0. 0.
    4.63983789e-003 1.75728789e-003 1.18419784e-003 7.51086278e-003 0.
    2.40309673e-004 0. 4.64087026e-003 0. 0. 0. 0. 4.54846863e-003
    -1.00935716e-003 0. 0. 1.94678130e-003 0. 0. 4.00819816e-003 0.
    1.94433820e-003 2.91740987e-003 -8.56403727e-004 0. -1.06883347e-002
    0. 0. 2.42117979e-003 0. 0. 0. 0. 0. 0. 0. -8.53969017e-004
    5.47019253e-003 0. 0. 0. -5.87182993e-004 2.75476440e-003
    -3.11147684e-004 0. -1.37616112e-003</data></imageDescriptor>
</opencv_storage>
