<?xml version="1.0"?>
<opencv_storage>
<imageDescriptor type_id="opencv-matrix">
  <rows>1</rows>
  <cols>500</cols>
  <dt>f</dt>
  <data>
    1.98542350e-003 2.91230716e-003 0. 1.22398860e-003 0.
    8.76281993e-004 2.11610910e-004 3.63260042e-003 9.85501334e-004
    1.23250633e-002 1.70492698e-004 0. 6.94681285e-003 -3.55092972e-003
    1.78381114e-003 1.27957435e-003 0. 1.19433589e-002 0.
    1.34932147e-002 3.54118436e-003 2.02053087e-003 0. 5.23189362e-003
    3.85992578e-003 -6.76884883e-005 2.12368192e-004 0. 3.71341361e-003
    3.36353871e-004 0. 2.79396866e-003 0. 4.52286564e-003
    3.30899400e-003 0. 0. 3.17564630e-003 -1.71985186e-003
    9.20060370e-003 0. 1.21668470e-003 4.68315929e-003 9.38221067e-003
    0. 7.97332206e-004 4.02586022e-003 -8.87887378e-004 0. 0.
    2.99134478e-003 0. 0. 0. -7.28773521e-005 9.05143842e-003
    5.02393767e-003 -7.21465389e-004 9.67159867e-005 3.27283342e-004 0.
    0. 0. 1.62778969e-003 -3.66109161e-004 0. 0. 2.23048520e-003 0.
    4.65890253e-003 0. 7.18664704e-003 5.67727117e-003 0. 0.
    1.63464167e-003 5.14924619e-003 0. 0. 1.33104331e-003 0.
    7.71694910e-003 0. 3.33849760e-003 0. 6.78949757e-003 0.
    9.84330475e-003 9.17208439e-004 0. 0. 0. 4.19496931e-003
    4.12424124e-004 4.24169097e-003 -9.63038707e-004 4.27079760e-003 0.
    -1.30204635e-005 0. 3.68300383e-003 0. 0. 4.07349803e-002 0. 0. 0.
    0. 0. 0. 0. 0. 0. -5.81569620e-004 3.84004135e-003 5.62144816e-003
    0. 9.62003320e-003 0. 3.88216740e-003 1.76411890e-003
    2.41309498e-003 3.66238691e-003 2.97065312e-003 0. 0.
    -1.69300052e-004 1.20962819e-003 3.37653095e-004 8.28243850e-004 0.
    0. 0. 0. 3.67378909e-003 0. 0. 1.32150250e-002 8.11418612e-003 0. 0.
    0. 2.51650233e-002 0. 9.49049927e-003 1.20386411e-003
    -1.51402992e-003 0. 0. 0. 7.58059928e-003 -3.54155083e-003
    4.70426911e-003 0. 4.39062854e-003 0. 5.29197603e-003 0. 0.
    5.01477116e-005 1.06460931e-004 0. 3.22990958e-003 6.00395259e-003
    4.45927773e-003 4.81145270e-003 0. 2.29056343e-003 1.87505246e-003
    1.85373006e-003 -7.68606242e-006 6.26403233e-003 0. 6.82144333e-003
    1.06477248e-003 0. 2.12172745e-003 0. 0. 1.33011108e-002 0. 0.
    4.87788487e-003 5.46613755e-003 0. 2.24930583e-003 0. 0. 0.
    4.74241748e-003 8.75677541e-003 0. 3.28347809e-003 0. 0.
    4.07345622e-004 2.28044065e-003 4.99116071e-003 0. 1.01832729e-002
    0. 2.82930327e-003 0. 5.17923338e-003 0. 1.76675653e-003
    -1.23315572e-003 1.82197755e-003 2.56353547e-003 5.73129300e-003 0.
    -2.60098197e-004 2.58773263e-003 0. 8.17006547e-003 0. 0.
    3.97851598e-003 0. 6.22913847e-003 0. 3.59985395e-003
    3.88306187e-004 -6.91837922e-004 7.63653358e-003 6.65589096e-003 0.
    1.31618779e-003 0. 1.34826815e-002 1.30809529e-003 0.
    2.38468149e-003 1.10427290e-003 9.92071931e-004 7.81532377e-003
    3.34717426e-003 1.35883153e-003 0. 0. 0. 1.93650066e-003
    -2.63300259e-004 0. 0. 4.56686015e-004 0. 0. 1.22606487e-003 0. 0.
    0. -7.83252937e-004 3.29256640e-003 1.14871899e-003 0. 0.
    -6.93561800e-004 0. 1.79323880e-003 0. 0. 2.76258378e-003
    3.44775547e-003 2.95422389e-003 4.58698673e-003 3.94713506e-003 0.
    0. 0. 0. 1.00540565e-002 0. 0. 3.46175220e-004 1.65128207e-003
    -3.42006155e-004 -2.70820368e-004 4.85711033e-004 0. 0. 0. 0. 0.
    -1.26405247e-003 2.11587432e-003 2.92213191e-003 -1.67561101e-003 0.
    0. 4.68983548e-003 0. 9.91670974e-003 0. 0. 1.32961115e-002
    3.10460175e-003 8.84170586e-004 0. 5.29466802e-003 4.67905728e-003
    4.12924448e-003 0. 3.66119575e-003 0. 0. 1.64212903e-003
    8.31663888e-003 6.16732147e-003 4.11718013e-003 -1.88119535e-003 0.
    0. 0. 3.04846512e-003 4.28359397e-003 3.92572442e-003
    2.76924856e-003 3.38219968e-003 6.08221302e-003 1.93481264e-003 0.
    0. -1.02333375e-003 4.17112932e-003 -3.30554845e-004 0.
    2.14555371e-003 4.39457456e-003 3.60540464e-003 3.55314207e-003
    5.31196548e-003 1.94330103e-004 0. 6.10444555e-003 7.59551884e-004
    -7.23088568e-004 1.09097837e-002 4.62926412e-003 9.49271198e-005 0.
    0. 4.31800494e-003 0. 3.06849834e-003 7.91438913e-004 0.
    1.81509601e-003 2.07498553e-003 8.35274439e-003 0. 0.
    3.63299856e-003 7.31834956e-003 0. -1.87950645e-004 0.
    1.54734892e-003 0. 0. 0. 1.23190111e-003 0. 0. 2.38857279e-003
    2.20316477e-004 0. 2.03144504e-003 0. 3.80892452e-004 0.
    -4.87294164e-004 0. 6.27366547e-003 0. 0. 0. 0. 1.62455032e-003
    9.34453774e-003 1.14352221e-003 5.76496962e-003 4.68287757e-003
    -6.75340299e-004 6.79363636e-003 4.59536677e-003 -5.45090670e-003
    4.09392500e-003 -5.68953656e-005 0. 0. 4.98917792e-003 0. 0.
    8.36657826e-003 2.63088918e-003 6.90482464e-003 0. 6.20097504e-004
    3.37559474e-003 3.57975764e-003 2.69222469e-003 4.64430917e-003
    2.62218784e-003 2.86067347e-003 -1.58070039e-003 0. -2.19145222e-004
    2.58118031e-003 -5.33842307e-004 3.86210880e-003 0. 1.33076422e-002
    3.06545524e-003 4.03678697e-003 4.37574927e-003 1.11707682e-002
    2.22421670e-003 0. 7.99153117e-004 5.01337787e-003 0.
    4.15319204e-003 5.23414882e-003 5.19306120e-003 6.58034813e-004
    -8.18841334e-004 0. -6.59909146e-003 6.21652417e-003 1.21442869e-003
    6.45769574e-003 0. 0. -7.12112174e-004 0. 0. 3.99860227e-003
    4.05665347e-003 0. 0. 0. 1.69450941e-003 3.03319097e-003
    1.83271233e-003 1.79026858e-003 0. 0. 5.53281186e-003
    4.23580967e-003 5.15704229e-003 0. -3.17428057e-004 0.
    -8.10265599e-004 0. 8.29575758e-004 0. 0. 0. 8.69859141e-005
    2.61342642e-003 0. 0. -4.93677217e-004 4.39285440e-003
    2.27784316e-004 0. 0. 5.38073946e-003 0. 0. 4.52041114e-003
    -1.44687147e-004 0. 3.10669653e-003 0. 0. 0. -1.16413808e-003
    8.36073479e-004 7.79858837e-003 1.55197445e-003 1.21910562e-004
    2.31499225e-003 0. 0. 0. 9.15924902e-004 5.74669149e-003
    -1.07078013e-004 3.79668525e-003 3.27450619e-003 2.70530768e-003 0.
    0. 1.73325150e-003 -1.74523055e-004 0. 2.55273096e-003</data></imageDescriptor>
</opencv_storage>
