<?xml version="1.0"?>
<opencv_storage>
<imageDescriptor type_id="opencv-matrix">
  <rows>1</rows>
  <cols>500</cols>
  <dt>f</dt>
  <data>
    9.46492609e-003 3.04450328e-003 4.13606223e-003 0. 0. 0. 0. 0.
    5.35560492e-003 1.54411644e-002 0. -3.24788707e-004 2.24608535e-004
    6.44427165e-003 1.38799252e-003 0. 1.62480702e-003 1.25447903e-002
    4.17721970e-003 -8.06275057e-004 3.01106856e-003 8.11691862e-003 0.
    0. -2.67453119e-003 2.65684584e-003 9.97390016e-004 7.86237139e-003
    0. 4.86862101e-003 5.10015478e-003 5.71222836e-003 0.
    1.43928276e-002 0. 2.47646053e-003 5.04802633e-003 0.
    1.86806254e-003 7.63819495e-004 2.27582734e-003 2.51673884e-003
    4.25881613e-003 0. 0. 3.00833560e-003 0. 8.13617837e-003
    5.26618911e-003 5.41531900e-003 -3.78325094e-005 -1.19277582e-004 0.
    -7.18691677e-004 -5.40300854e-004 2.22642469e-004 0. 0. 0.
    -6.06756890e-004 -3.55394703e-004 1.64368167e-003 3.03770159e-003
    1.09988628e-002 0. 0. 0. 3.43799451e-003 -8.30982055e-004 0.
    2.59022316e-004 0. 0. 0. 0. 0. -4.96031207e-005 0. 0. 0.
    8.95446399e-004 1.73307752e-004 0. 1.83516787e-003 6.13789540e-003
    0. 1.24009056e-002 -4.18118574e-003 0. 0. -2.41222186e-003
    6.63687475e-004 1.81940303e-003 6.13902870e-004 4.73727752e-003 0.
    -5.76369464e-004 -2.47222255e-003 0. 0. 5.94733516e-003
    1.57700983e-004 0. 4.87340661e-003 1.11867012e-002 -4.10186796e-004
    8.74234946e-004 7.86864106e-003 0. 4.87107551e-003 1.37916382e-003
    1.68813195e-003 7.68978498e-004 0. 0. 3.10530094e-003
    -8.52632977e-004 9.10274277e-004 1.75826729e-003 0. 0.
    3.29670473e-003 0. 0. 9.55219613e-004 0. 6.46279007e-003
    1.93780346e-003 0. 0. 3.28062964e-003 4.17783950e-003
    -1.39103225e-003 0. 0. 1.23454994e-002 0. 0. 2.52748781e-004
    4.90618311e-003 2.63531343e-003 7.42720021e-003 0. 0. 0.
    1.70491438e-003 1.27854547e-003 0. 0. 0. 1.90329831e-003
    1.03161102e-002 0. 8.30300897e-003 0. 0. -1.93366210e-003 0. 0.
    -4.21153527e-004 1.96045544e-003 0. 1.07045483e-003 0. 0.
    4.52354783e-003 0. -2.13984074e-003 2.67815962e-003 0.
    -1.73394894e-003 0. 1.21446233e-003 0. -2.23491015e-003
    3.85844009e-003 1.85221841e-003 0. 0. -1.57031172e-004 0.
    5.46676398e-004 0. 0. 0. 5.85707079e-004 -3.93169932e-003 0.
    4.26192855e-004 0. 9.57355462e-003 0. 0. 1.90657540e-003
    -4.40834934e-004 5.88398380e-003 0. 0. 2.61366577e-003 0. 0. 0.
    3.44438688e-003 0. 0. -1.13234029e-003 1.31495087e-003
    1.34042022e-003 4.36143205e-003 2.15831259e-003 1.44198746e-003 0.
    3.08852457e-003 -3.81573732e-003 2.83699320e-003 4.73361788e-003 0.
    5.05977636e-003 0. -2.97226943e-005 0. 2.06590840e-003
    1.56724162e-003 1.35132931e-002 -2.57397012e-004 2.09441432e-003
    4.29623481e-003 0. 0. 0. 0. 3.50725744e-003 9.63269174e-003
    7.99822155e-003 2.59334617e-003 1.70058769e-003 2.76296079e-004 0.
    5.56848338e-003 0. 1.40931709e-002 -3.62599618e-003 0.
    9.54642240e-003 3.04191397e-003 1.44265145e-002 -5.11051738e-004 0.
    4.12846962e-003 4.41576540e-003 -1.43758414e-004 3.72200273e-003
    1.61545409e-003 2.08756607e-003 0. 0. 4.53241123e-003
    1.13680335e-002 0. 0. 2.87132664e-003 1.11555599e-003 0.
    5.22019248e-003 0. 3.61730461e-003 9.74930008e-004 7.28895376e-003
    1.23788009e-003 8.78542138e-004 4.63666441e-003 1.32619543e-002
    -5.75935177e-004 0. 0. 1.88166415e-003 3.36489757e-003
    2.08420120e-003 4.39760182e-003 3.75634292e-003 1.50965119e-003 0.
    1.15731964e-002 1.62031944e-003 1.94656942e-003 -9.12365271e-004
    8.65026203e-004 -3.75694805e-003 0. 1.01559870e-002 0.
    2.32560909e-003 8.13103002e-003 1.69648114e-003 0. 4.30078059e-003
    5.00891171e-003 2.65000621e-003 4.50261543e-003 3.53951892e-003
    3.83292814e-003 1.97119475e-003 1.12267649e-002 2.27069104e-004
    2.21722783e-003 1.58301480e-002 0. 4.62192390e-003 1.34115899e-003
    0. 3.92496772e-003 1.23599393e-003 0. 4.54374729e-003
    1.18705910e-002 6.32393919e-003 0. 1.23648485e-003 -6.71694230e-004
    2.44692387e-003 0. -5.26250980e-004 0. 0. 6.07589912e-003
    2.33064662e-003 4.87022847e-003 1.74267904e-003 0. 7.48585502e-004
    3.70237976e-004 0. 0. 0. 0. 2.50765285e-003 0. 0. 0. 0.
    7.37659540e-003 2.40585674e-003 1.82026718e-003 3.38874850e-003
    9.88754630e-003 0. 5.07858908e-003 -1.19618047e-003 -3.19113096e-005
    0. 1.61971822e-002 1.05846794e-002 4.67434572e-003 5.38997957e-003
    4.06799838e-003 -1.07335020e-003 1.93049368e-002 1.91033410e-003 0.
    -2.03409535e-003 7.49112165e-004 0. 8.80815147e-004 0.
    -1.46073580e-003 1.17804157e-003 1.89072208e-003 0. -3.62840039e-003
    3.46263452e-003 0. 4.61703958e-003 0. 3.39341257e-003
    8.30542948e-003 9.60086938e-004 0. -9.26862878e-004 2.96318997e-003
    2.06598299e-004 8.04538373e-004 3.57797416e-003 6.74269721e-003
    2.36322079e-003 1.36283168e-003 0. 0. 1.60260510e-003
    3.75764188e-003 0. 0. 0. 0. -3.06006474e-003 0. 0. -1.62511584e-004
    5.15731703e-003 0. 0. 5.56530338e-003 -3.32985073e-004
    2.86574801e-003 1.73835258e-003 0. 1.24470820e-003 1.23285567e-002
    3.63027747e-003 0. 2.34220852e-003 8.39384738e-003 5.76369883e-003
    5.56793457e-005 1.74032263e-002 0. 0. 0. 0. 6.04249537e-003
    7.16356095e-004 6.18758320e-004 1.21729786e-003 1.01065589e-002
    1.03109621e-003 3.28129530e-003 -2.31587142e-003 1.86737010e-003 0.
    0. 5.51940920e-003 7.24506797e-003 3.12578888e-003 0. 0. 0.
    5.61773451e-003 4.71924385e-003 6.32271345e-004 0. 0.
    3.15923127e-003 0. -1.45011814e-003 1.35065499e-003 0.
    1.72722153e-003 2.98684085e-004 2.30063405e-003 -4.30171564e-003
    2.07513501e-003 1.82513962e-003 0. 0. 7.27364022e-005
    4.61449241e-003 3.94896138e-003 3.82944429e-003 4.55208262e-003
    -2.25011655e-003 -2.44531361e-003 0. 8.94319848e-004
    -1.37614144e-003 1.04748399e-003 3.39996116e-003 2.93169077e-003
    7.84610398e-003 0. -4.58145863e-004 2.44233245e-003 5.65044768e-003
    0. 0. 1.38331437e-002 0. 2.38966220e-003 0. 0. 1.34648604e-003 0. 0.
    2.87434738e-003 9.99200973e-004 0. 0. 0. 0. 3.07559920e-003 0.
    -7.23127741e-004 1.93923817e-003 0. 0. 4.19001328e-004 0.
    -1.86621022e-004 5.58511820e-003 0. 0. 4.93797893e-003</data></imageDescriptor>
</opencv_storage>
