<?xml version="1.0"?>
<opencv_storage>
<imageDescriptor type_id="opencv-matrix">
  <rows>1</rows>
  <cols>500</cols>
  <dt>f</dt>
  <data>
    2.35642847e-002 -8.93755569e-005 0. 0. 0. -1.25655741e-003 0.
    4.15107096e-003 0. 8.03596864e-004 9.79021098e-003 9.17861995e-004
    3.23532848e-004 1.32797379e-003 4.78242617e-003 2.54063401e-004
    9.11129406e-004 1.70460120e-002 1.42182072e-003 3.04993126e-003
    2.49372981e-002 -4.99814400e-004 0. 2.13921699e-003 2.82254699e-003
    2.12848163e-003 2.70985952e-003 1.24165695e-003 2.12557893e-003
    1.72808126e-003 0. 0. 2.33041681e-003 8.22067820e-003 0. 0.
    2.24123709e-003 5.72873931e-003 -1.44770881e-003 6.17765076e-003 0.
    0. 3.72706004e-003 2.25706585e-003 0. 3.21352645e-003
    -4.54516121e-004 6.89581328e-004 5.03722718e-003 4.33393288e-003
    -2.75069469e-004 0. 0. -4.46782866e-003 8.93179607e-003
    7.85191916e-003 2.26118509e-003 0. 2.65502301e-003 0.
    1.24182925e-002 1.90038572e-003 1.25988256e-002 2.82371440e-003
    2.09471025e-003 0. 0. 0. 0. -1.53564033e-003 2.35916767e-003 0.
    1.21728582e-002 0. 6.39615394e-003 2.42956984e-003 4.30783490e-003
    1.87383068e-003 0. 9.98642482e-003 -4.36050759e-005 0.
    4.37490828e-003 0. 9.49020789e-004 0. 0. 0. 0. 2.56752619e-003
    1.50879426e-003 0. -6.07179536e-004 9.97032621e-004 4.20021079e-003
    0. 0. -2.84566835e-004 0. 4.81320196e-004 2.12735776e-003 0. 0.
    2.44168681e-003 3.06169526e-003 2.06118729e-003 1.46308786e-003
    6.48232317e-003 3.81071167e-003 0. 1.42383011e-004 2.03622761e-003
    0. 4.98216716e-004 0. 3.51015269e-003 2.16603721e-003
    1.06678077e-003 4.95220302e-003 0. 0. 4.74418979e-003 0.
    3.13293189e-003 -1.05573959e-003 2.44174991e-003 0. 1.50126370e-003
    -8.91387230e-004 2.08698958e-003 -5.27371885e-004 3.16665135e-003 0.
    0. 3.38251330e-003 9.49334539e-003 0. 1.39199337e-003
    2.15733703e-003 7.75242364e-003 6.79772161e-003 0. 4.62158071e-003
    2.01045279e-003 0. 2.67747301e-003 1.11443093e-002 1.96788413e-003
    0. 0. 1.05313538e-003 0. 5.03674196e-003 5.76609280e-003
    1.49793120e-003 0. -3.67850007e-004 0. 0. 4.16191947e-003 0. 0.
    4.83959820e-003 1.71050697e-003 -2.11734232e-003 1.64679799e-003 0.
    4.40406753e-003 1.04933861e-003 8.29679600e-004 0. 0.
    1.97870517e-003 0. -4.64714576e-005 1.50347769e-003 6.24779845e-003
    0. 1.11677861e-002 1.89109065e-004 0. 0. 1.09596578e-002
    -1.08660269e-003 5.87111758e-003 8.87149107e-003 6.13820739e-004
    2.17753230e-003 0. 1.76713022e-003 0. 0. 7.54658482e-004
    -7.39154581e-004 8.76239594e-003 -1.01038790e-003 5.39097702e-003 0.
    2.80252105e-004 0. 9.44101892e-004 2.22823513e-003 4.29825066e-003
    0. 0. 5.44611737e-003 6.67842710e-003 9.56477784e-003
    -1.18841964e-003 0. 0. 1.53635372e-003 4.21349518e-003
    1.42356299e-003 1.31555013e-002 1.38241053e-003 4.13461728e-003
    1.33748935e-003 6.94499770e-003 -8.10508616e-003 9.26779676e-003
    2.48933863e-003 -8.92570708e-004 -1.73421751e-003 4.31783032e-003
    -1.80300418e-003 2.45285174e-003 0. 0. 0. 0. 1.37721188e-002
    8.92550591e-003 -4.04355209e-003 -2.52771570e-004 7.24338647e-003 0.
    6.92450325e-004 0. 6.98542164e-004 5.37410891e-003 -5.86135639e-003
    4.72539617e-003 9.68381576e-003 6.39707036e-003 9.69984196e-003
    1.59194856e-003 2.14308896e-003 2.16066744e-003 5.17954957e-003
    5.37314313e-003 0. 5.15748188e-003 0. 5.22852060e-004 0.
    2.14492972e-003 1.95165619e-003 -3.77478835e-004 7.58380443e-003
    8.38879962e-003 2.61186459e-003 6.19599305e-004 -2.40350040e-004
    -1.72180892e-003 0. 0. -2.50439953e-005 0. 1.23555819e-002 0.
    2.99471477e-003 8.54017926e-005 5.29514719e-003 0. 0.
    -9.06855625e-004 2.98015843e-003 8.87061353e-004 0. 2.04395759e-003
    0. -1.29535177e-003 5.54504804e-003 0. 2.36902828e-003 0.
    -3.35606717e-004 -1.83577347e-003 -9.44861386e-004 8.83048680e-003
    0. 5.20818774e-003 0. 3.55354114e-003 2.64221075e-004
    1.17165665e-003 1.41804316e-003 2.79191037e-004 0. 2.37515313e-004
    1.36323972e-003 0. 0. 0. 0. 6.82373066e-003 -1.36555545e-003
    1.88642438e-003 -4.17025003e-004 0. 0. 9.23479069e-003
    4.07672161e-003 2.97353574e-004 -8.88398441e-004 0. 1.95040694e-003
    -7.48600531e-003 -2.99610256e-004 1.06983595e-002 1.07460946e-003 0.
    2.41511595e-003 0. 0. 0. 0. 3.46428016e-003 7.40495801e-004
    1.95223500e-003 1.76464324e-003 0. 2.80443439e-003 -3.81670217e-003
    0. 0. 1.13474973e-003 2.54581613e-003 9.57988435e-004
    2.70865014e-004 2.10964680e-003 8.05897545e-003 -2.09290744e-003
    4.45703696e-003 2.53869849e-003 0. 3.97272035e-003 0.
    1.35259435e-003 3.40531184e-003 1.64561588e-002 9.07557458e-003
    1.84183661e-002 1.02321338e-003 1.29777729e-003 1.21124862e-002
    1.00985328e-002 8.63098423e-004 -2.33809609e-004 4.55447519e-003
    4.84414306e-003 8.77995603e-003 0. 1.16167392e-003 5.49726421e-003
    8.43711849e-003 0. 0. 0. 5.19488053e-003 2.16265698e-003 0. 0.
    6.87276886e-004 2.15176237e-003 0. -1.23540265e-003 0.
    5.56129590e-003 5.50648896e-003 6.25360757e-003 2.54053879e-003
    4.65533230e-003 0. 0. 0. 1.06308972e-002 1.97818648e-004
    -2.58344249e-003 7.52376951e-003 1.08560408e-003 1.13821756e-002
    5.37178887e-004 8.66511278e-003 0. 5.00485348e-003 5.32276975e-003
    6.57289568e-003 2.06572047e-004 -4.88638238e-004 2.23533064e-003
    -2.36051157e-003 3.17040994e-003 3.03814333e-004 -2.06048164e-004
    1.19113247e-003 6.88074483e-003 -7.26640865e-004 0. 5.65476308e-004
    0. 0. 0. 9.27730929e-003 0. 1.69388729e-003 5.26298396e-003 0. 0.
    2.22012820e-003 0. 1.26469124e-003 4.94994177e-003 3.53060244e-003
    -1.09788589e-003 0. 2.69624940e-003 0. 2.21242639e-003 0. 0. 0.
    2.39359727e-003 -3.74733470e-004 0. 0. -1.35250168e-003
    -1.59069127e-003 0. 1.54910062e-003 0. 4.79228329e-004
    1.41262903e-003 2.68623279e-003 0. 0. 1.46684179e-003
    3.83735984e-003 -5.34166407e-004 3.63371731e-003 -4.06429078e-003
    4.92316671e-003 0. 3.89585434e-003 1.47236255e-003 2.35500676e-003
    0. 0. 6.26189110e-004 0. -9.82500846e-004 5.85886277e-003 0.
    -1.14420033e-003 1.73111318e-003 -1.06835498e-004 0. 4.80237009e-004
    1.33023551e-003 1.96183697e-004 0. 1.38037989e-003 0.
    7.46527629e-004 0. 6.58403325e-004 2.45834724e-003 -7.77431007e-004
    -3.43648694e-003 0. 0. 0. 8.36883148e-004 0. 0. 0. 7.23636651e-004
    0. 0. 5.16514247e-003 0. 0. 0. 0. -4.96772875e-004 0. 0.
    -1.12981528e-004 0.</data></imageDescriptor>
</opencv_storage>
