<?xml version="1.0"?>
<opencv_storage>
<imageDescriptor type_id="opencv-matrix">
  <rows>1</rows>
  <cols>500</cols>
  <dt>f</dt>
  <data>
    0. 1.18168583e-002 0. 0. 1.16668278e-002 3.66246933e-003 0. 0.
    6.86669303e-003 0. 0. 3.66763590e-004 0. 0. 0. 0. 0. 8.01130477e-003
    2.30488158e-003 0. 6.51415624e-003 3.44706979e-003 2.30196258e-003
    0. 3.78083641e-004 7.37856282e-003 4.01451951e-003 0. 0.
    1.52205555e-002 3.39453779e-002 9.38293524e-003 0. 5.56368614e-004
    0. 1.27404614e-003 -2.21323641e-003 0. 0. 8.68869014e-003
    3.03984270e-003 2.98665278e-002 0. 0. 3.60834203e-003
    2.25263461e-002 2.22111074e-003 0. 0. 0. 3.09804478e-003
    2.47061951e-003 -1.09271996e-003 0. 0. 0. 0. 7.25718495e-003
    1.06189807e-003 0. 4.40199533e-003 0. 6.10081665e-003 0.
    1.00824505e-003 7.51725258e-003 5.10220940e-004 0. 0. 0.
    3.19714236e-005 0. 0. 2.02466245e-003 0. 0. 0. 0. 0. 0.
    3.84296267e-003 -7.36350994e-005 0. 0. 5.30125014e-003
    2.33520614e-003 5.61565999e-003 7.31719006e-003 3.87950731e-003 0.
    6.32956019e-003 0. 0. 0. 2.06804345e-003 0. 0. 1.58405839e-003
    4.03953204e-003 7.31433835e-003 2.12299265e-003 2.59106932e-003 0.
    1.46398367e-002 0. 0. -1.28683518e-003 2.86820577e-003 0.
    7.92969484e-003 4.78951959e-003 4.94211726e-003 2.58567720e-003
    6.24256907e-003 2.68406514e-003 2.99858232e-003 0. 3.74196121e-003
    0. 0. 0. 0. 0. 0. 6.51788572e-003 0. 1.08486612e-003 0.
    4.42442996e-003 0. 3.53674055e-003 -1.99824944e-003 2.70554679e-003
    2.84177251e-003 4.08355379e-003 0. 7.55034480e-003 3.10944300e-003
    0. 0. 0. 0. 3.16055072e-003 0. 0. 1.27879821e-003 -5.95751568e-004
    2.49812473e-003 0. 7.09856069e-003 -3.97276180e-003 8.48345633e-004
    1.82182319e-003 0. 5.65421674e-003 0. 3.68988118e-003
    -2.81310547e-003 -3.24950833e-003 0. 1.05853379e-002 1.31193390e-002
    0. 3.86866299e-003 0. 5.73923392e-003 1.62653241e-003 0.
    9.45434324e-004 -1.66305702e-003 3.12248420e-004 0. 0.
    6.50080573e-003 0. -1.20772421e-003 0. 0. 0. 0. 4.30468144e-003
    6.05589710e-003 6.45325053e-003 3.62358056e-003 9.48381238e-003 0.
    -2.00509559e-003 2.11622799e-004 0. 0. 0. -2.42497469e-003 0.
    6.64852886e-003 0. 0. 4.67040436e-003 0. 4.94801207e-003 0. 0.
    1.97872915e-003 6.70513080e-004 4.71364195e-003 2.52498139e-004 0.
    2.20837930e-004 0. 1.84107863e-003 -3.31021543e-003 5.23026986e-003
    0. 0. 0. 0. 0. 0. 2.43144715e-003 0. 0. 0. 6.23204978e-003
    1.29105174e-003 0. 4.01678495e-003 0. 0. 0. 0. 0. 0. 4.29140357e-003
    0. 6.12010434e-003 7.12935813e-003 -2.42289784e-003 1.18386827e-003
    6.90504350e-003 0. 1.19935803e-003 0. 0. 2.15031710e-002
    7.39199668e-003 5.98389842e-003 9.03794821e-003 9.78793134e-004 0.
    0. 1.15862070e-002 0. 0. 0. 0. 1.56770542e-003 1.33425072e-002 0.
    -4.78994567e-003 0. 0. 3.03795538e-003 5.47711737e-003
    6.93303486e-003 -1.86651212e-003 9.33267921e-003 3.44018615e-003
    2.70533212e-003 0. 0. -2.48354656e-004 0. -4.81497869e-003 0. 0. 0.
    0. 0. 0. 0. 1.84830967e-002 3.13780108e-003 2.00044364e-003 0.
    5.81834698e-004 2.82231625e-003 -4.91630344e-004 0. 1.42632145e-003
    4.94867656e-003 0. 0. -2.86983629e-003 9.03299544e-004 0.
    5.89389540e-003 3.22488253e-003 0. 0. 0. 7.96950422e-003 0.
    1.40889697e-002 1.00994995e-003 2.83384207e-003 0. 1.62881654e-004
    0. 0. 2.99080944e-004 0. 4.40821331e-003 -2.38999701e-003
    1.61541197e-002 3.81671661e-003 0. -9.00025363e-004 2.38746032e-003
    0. 8.91352259e-003 2.92435871e-003 -1.52700843e-004 0. 0.
    5.76859165e-004 0. 0. 2.21914612e-003 1.48183014e-003 0. 0.
    -3.76325147e-003 0. 3.15818493e-003 4.25915979e-003 4.53300262e-003
    0. 0. 0. 0. 3.92005313e-003 0. 0. -6.72661653e-003 1.04385279e-002
    0. 0. 0. -4.90004022e-004 0. 7.18105212e-003 3.82184144e-003
    1.04456989e-003 4.05935803e-003 -5.71591372e-004 0. 3.74090904e-003
    2.97809229e-003 -1.69512967e-003 0. 0. 0. 0. 8.02352559e-003
    1.19250314e-003 0. 0. 0. 6.93279027e-004 1.54679921e-003 0. 0.
    6.10306859e-003 1.25732401e-003 3.03674489e-003 0. 7.59015733e-004
    1.41004175e-002 0. 1.87808368e-003 8.70881416e-003 -6.53202180e-004
    -1.30956178e-003 3.43234628e-003 0. -2.33345479e-003 2.74745887e-003
    0. 0. -1.01659847e-002 7.33402930e-003 0. 0. 5.13921957e-003
    4.45418060e-003 4.37061861e-003 0. 0. 0. 1.45563961e-003 0.
    1.25855329e-002 8.69250484e-003 0. -1.33568153e-003 0. 0.
    1.50984924e-004 0. 3.25312396e-003 0. -2.92028463e-003 0.
    1.25395192e-003 0. 0. 0. 5.31091774e-003 1.43555430e-004 0.
    1.22870004e-003 2.75461585e-003 1.56176364e-004 1.06422650e-002 0.
    9.87471314e-004 0. 0. 1.16831309e-003 0. -3.58318095e-004 0. 0. 0.
    -2.54254788e-003 7.97851942e-003 8.68609734e-003 1.66105926e-002 0.
    0. 2.86127237e-004 0. 0. 6.67794701e-003 1.12311477e-002
    2.44996231e-003 1.09246913e-002 -3.80051424e-005 0. 6.25493797e-003
    0. 0. 0. 0. 0. 2.00349008e-004 2.57252040e-003 0. 4.26227367e-003
    -2.42740149e-003 0. 4.93832445e-003 0. -3.71371885e-003
    -4.08006628e-004 0. 0. 0. 0. 0. 1.62357818e-002 0. 0. 0.
    8.30427185e-003 1.33588607e-003 0. 2.77213217e-003 0.
    2.81633902e-003 0. 0. 0. 0. 3.17018270e-003 0. 6.66156597e-003 0.
    1.29885762e-003 0. 3.62317846e-003 0. 0. 4.55656741e-003 0.
    -8.19217297e-004 2.87966267e-003 5.92699368e-003 0. 9.76164732e-003
    1.00857450e-003</data></imageDescriptor>
</opencv_storage>
