<?xml version="1.0"?>
<opencv_storage>
<imageDescriptor type_id="opencv-matrix">
  <rows>1</rows>
  <cols>500</cols>
  <dt>f</dt>
  <data>
    4.59637167e-003 1.85611669e-003 0. 8.65983311e-004 5.16697625e-003
    4.06933296e-003 -5.92946773e-004 -3.97447846e-004 1.02449651e-003
    2.05610530e-003 1.15124823e-003 0. 0. -7.02169782e-004 0.
    3.45132058e-003 3.64090549e-004 8.96014646e-003 2.06751470e-003 0.
    5.86244045e-003 0. 3.13451490e-003 1.06340805e-002 4.78775386e-004
    7.80575164e-003 1.45457583e-002 0. 3.83100612e-003 -4.42728342e-004
    0. 1.38092344e-003 0. 6.67952874e-004 4.75671346e-004 0.
    4.59148223e-003 0. -9.58696473e-005 3.01893312e-003 0. 0. 0.
    -2.08336904e-004 2.20030150e-003 0. 4.45268676e-003 -2.97260995e-004
    1.39908993e-003 0. 0. 3.82621214e-003 7.42376922e-003
    1.23468286e-003 0. 2.33359472e-003 0. 9.18328110e-003
    7.32822297e-003 1.37057633e-003 -4.25785438e-005 0. 4.20720177e-003
    0. 2.84725189e-004 3.63787194e-003 8.38801556e-004 2.58463039e-003
    0. 3.85611597e-003 8.12808610e-003 0. 0. 0. 0. 0. 3.92230786e-003 0.
    0. 7.61713658e-004 3.73762188e-004 3.25875380e-003 0.
    2.60862871e-003 4.30129701e-003 -1.22878328e-003 6.38966588e-003
    2.18211813e-003 1.24819216e-003 1.09243637e-003 1.39778480e-003 0.
    8.41032772e-004 3.83842504e-003 3.92778544e-003 0. 4.54477267e-003
    0. 2.36681988e-003 6.17796695e-003 -9.44715226e-004 2.21679639e-003
    3.23148211e-003 1.56230265e-002 -5.35913801e-004 0. 0. 0.
    -7.53599161e-004 0. 0. 6.61699567e-003 0. -1.81475807e-005
    8.96787364e-003 2.46582855e-003 3.05081205e-003 0. 7.52162712e-004
    4.59475472e-004 6.38219644e-004 6.98603969e-003 0. 1.57471246e-003
    7.01117446e-004 1.89304200e-003 2.99296877e-003 -3.01176060e-005
    5.99277625e-003 2.19820463e-003 0. -1.85014482e-003 1.11660908e-003
    4.39532101e-003 0. 0. 0. 3.97876743e-003 0. 5.50765684e-003 0.
    1.82964874e-003 2.89183785e-003 3.54134594e-004 3.22119729e-003
    1.25786755e-003 9.06859408e-004 0. 0. 4.25932929e-003
    2.74066697e-003 5.26112644e-003 6.01796340e-003 0. 1.37248461e-003
    0. 9.09363758e-003 1.65033259e-003 -1.93921049e-004 4.43646172e-003
    7.17090268e-004 0. 0. 8.27619690e-004 -1.79629470e-003
    3.31267901e-003 0. 5.36115840e-004 0. 1.74123864e-003
    1.06342603e-003 0. -2.04971828e-003 2.24081893e-003 0.
    9.90947708e-004 0. 0. 0. 4.64196876e-003 1.25645357e-003
    5.17347781e-003 1.99462217e-003 6.54392410e-003 0. 7.34247093e-004
    3.79581493e-003 3.47598176e-003 5.57695981e-003 7.21338950e-003 0.
    0. -1.40772120e-003 0. 0. 3.41343111e-003 5.42431930e-003
    -2.40248628e-003 4.04129084e-003 1.55256549e-003 2.59152800e-003
    -2.69001757e-005 0. 9.55244526e-003 3.14544444e-003 -1.39426964e-004
    3.67474440e-003 4.73439490e-004 -6.75499032e-004 -6.59612415e-004
    -1.33454232e-004 9.12531465e-003 0. 0. 0. 1.51774718e-003
    6.99242298e-003 3.19583225e-003 8.50455370e-003 -8.30669072e-004
    2.81076855e-003 8.56511202e-003 7.74415908e-003 0. 4.23458265e-003
    1.57443772e-003 3.56185396e-004 0. 0. 1.10040959e-002
    5.26063889e-003 1.04921581e-002 0. 1.10520786e-002 -2.89568299e-004
    2.57299189e-002 2.87692994e-003 3.06503521e-003 0. 8.32388178e-004
    5.44539944e-004 1.44586572e-003 3.96203576e-003 1.18153412e-002
    1.67460312e-004 0. 2.64198217e-003 2.35216599e-003 0.
    -8.80631153e-004 1.71941228e-003 0. 4.10030596e-003 3.73092643e-003
    0. 0. 1.12674152e-003 3.16235027e-003 0. 2.74708029e-003
    2.22333838e-004 0. 3.94168403e-003 1.47184245e-002 -3.44080548e-003
    1.13915026e-004 1.03542570e-003 2.25091027e-003 0. -3.53605050e-004
    4.63574834e-004 0. 2.04935507e-003 0. 3.01976711e-003
    4.27081902e-003 0. 9.23460349e-003 5.97529300e-003 5.20483172e-003
    7.26370781e-004 2.37976993e-003 -4.81496751e-003 1.61588902e-003
    3.01501504e-003 -5.46713127e-004 0. -1.41320250e-003 2.15919153e-003
    -1.07151503e-003 1.68412691e-003 0. 1.02271643e-002 1.54068391e-003
    2.33531045e-003 2.62591825e-003 2.22133496e-003 7.44865835e-003
    1.69047737e-003 4.33343602e-003 5.77552849e-003 9.30377841e-003
    2.11230293e-003 3.08209495e-003 1.38026336e-003 7.78810401e-003
    9.47500230e-004 2.34265602e-003 -2.12136903e-004 0. -3.92985414e-004
    8.26715666e-004 5.09728724e-003 0. 0. 5.10777719e-003
    4.19505080e-003 0. 1.52860375e-004 1.44350412e-003 1.16969300e-002
    0. 3.20017803e-003 4.76290565e-003 2.46135378e-003 4.80354065e-004
    1.90664211e-003 9.94328409e-004 0. 4.82073193e-003 1.06848506e-002
    0. 0. 0. 2.30818265e-003 0. 0. 8.17170017e-004 1.51947164e-003
    3.05455970e-003 2.33158795e-003 2.33795843e-003 0. 9.07862326e-004
    1.25379337e-003 -4.49255109e-004 0. 0. 1.38345908e-003
    -2.29003461e-004 -2.46813783e-004 1.24928891e-003 3.70324985e-003
    -6.78984681e-003 1.46447867e-003 4.30776505e-003 5.03547955e-003 0.
    0. 0. 2.07854644e-003 0. 3.14208097e-004 5.51465712e-003
    -3.89271742e-003 6.91057707e-004 -1.51761124e-004 -2.72219331e-004
    1.01635756e-003 -1.53093413e-003 2.71771103e-003 -2.95881438e-003 0.
    4.86248638e-003 2.41430639e-003 0. 3.41488211e-003 0. 0. 0.
    -2.93402467e-004 7.55791785e-003 0. -1.97901321e-003 2.22096639e-003
    1.06573207e-002 4.22712415e-003 0. 2.45823897e-003 2.10614176e-003
    1.07108048e-004 -1.05590501e-004 2.16799579e-003 0. 0. 0.
    3.78603488e-003 0. 0. 3.19999945e-003 9.61357635e-003
    9.73828137e-003 5.85290371e-003 2.98126019e-003 0. -1.32685923e-003
    0. 1.62991963e-003 8.86784575e-004 0. 0. 0. 2.29642307e-003
    1.41521834e-003 3.01233842e-003 8.94180499e-003 4.15332506e-005 0.
    0. 4.12974361e-004 3.19617940e-003 5.41468197e-003 1.35829719e-003
    0. -5.72045567e-003 1.81611907e-003 2.59587727e-003 3.94466246e-004
    -1.88893813e-003 0. 1.99371832e-003 0. 1.64466782e-003
    3.58055695e-003 1.09163197e-002 3.76501144e-003 8.54797778e-004
    -1.26199113e-004 -2.33199284e-003 2.24966044e-003 2.68381438e-003
    1.80384773e-003 3.56922299e-003 1.59471680e-003 2.00897153e-003
    1.76705560e-003 3.28732748e-003 0. 1.72027131e-003 1.98522229e-002
    2.28812895e-003 0. -3.53164412e-003 8.06848751e-004 7.34354137e-003
    0. 0. 0. 1.18601497e-003 4.89720027e-004 2.74403370e-003
    3.03642795e-004 1.67115743e-003 5.12333354e-004 0. 0.
    3.12609598e-003 0. -1.65991543e-003 4.64538252e-003 0.
    2.68559391e-003 3.20744934e-003 0. 2.29891553e-003 -6.48929636e-005
    0. 8.13898072e-003 6.61246886e-004 -2.50950747e-004 0.
    6.10255462e-004 0. 1.47834662e-002 2.36375933e-003 1.54909119e-003
    1.72619661e-003 1.21418934e-003 1.23583549e-003 1.47750252e-003 0.
    0. 3.17397201e-003 0. 3.91906884e-004 4.37160116e-003
    6.00734539e-003 1.54238089e-003 -5.96718397e-004 -1.82252971e-003</data></imageDescriptor>
</opencv_storage>
