<?xml version="1.0"?>
<opencv_storage>
<imageDescriptor type_id="opencv-matrix">
  <rows>1</rows>
  <cols>500</cols>
  <dt>f</dt>
  <data>
    0. 2.65054125e-003 0. 1.27550366e-003 0. -3.59905092e-003
    5.99980587e-004 1.31306623e-003 7.80916249e-004 3.94103955e-003
    2.30932562e-003 -2.39134926e-004 -8.89846240e-004 -2.51484988e-003
    6.16674253e-004 -1.77540281e-003 0. 4.40312875e-003 -5.16733970e-004
    0. 4.20141761e-004 4.09087446e-003 6.79582497e-003 1.41327060e-003
    7.51356827e-003 2.38513458e-003 9.73934866e-003 1.35212317e-002
    7.14172795e-003 4.51281480e-003 0. 3.84832406e-003 0.
    -3.28101858e-004 -4.04011225e-004 0. 2.44253175e-003 0. 0.
    1.29775787e-002 0. 1.81872468e-003 -1.27303269e-004 1.62571482e-002
    0. 8.22044723e-003 2.43312516e-003 1.62000826e-003 1.35722966e-003
    2.17008172e-003 0. 9.66534298e-003 -1.80861360e-004 0.
    8.56604092e-005 1.31216744e-004 4.55468241e-003 0. 4.10213182e-003
    6.11567753e-004 0. 0. 1.25301182e-002 -3.13821784e-003
    3.74804647e-003 1.02905848e-003 2.11874465e-003 2.09746137e-003
    5.45720151e-003 0. 1.70460102e-004 0. 0. 1.69759081e-003
    1.09368926e-002 0. 0. 1.17561105e-003 -1.40357052e-003 0.
    8.63762834e-005 3.46756680e-003 0. -3.78177129e-003 2.09293328e-003
    1.33747086e-002 0. -1.17400556e-003 2.46154866e-003 0. 0. 0. 0.
    9.12187714e-003 1.84581988e-003 -2.17716675e-003 1.13724801e-003
    1.99210714e-003 2.17620819e-003 5.09866339e-004 0. 1.11194898e-003
    0. 2.09358474e-003 4.71755117e-003 4.64276504e-003 2.18501594e-003
    0. 0. 0. 2.56155338e-003 -1.18969800e-003 6.46245666e-003 0. 0.
    -2.53320963e-004 3.79421283e-003 0. 0. 0. 0. 2.64996989e-003
    -4.78193350e-003 1.43362500e-003 2.21172371e-003 2.89725675e-003
    8.27607512e-003 0. 2.58888234e-004 -3.30381154e-004 0.
    1.77716778e-003 0. 0. 1.02407839e-002 0. 0. -2.86892406e-003
    1.29287655e-003 2.08336092e-003 3.45110265e-003 0. 0.
    1.97366322e-003 6.69918815e-003 2.98669271e-004 0. 0. 0.
    2.04665330e-003 7.65356119e-004 5.24755614e-003 6.11052010e-003
    -8.65402864e-004 1.35435979e-003 0. 0. 3.43097514e-003
    1.22406927e-003 0. 5.04394528e-003 1.06755679e-003 1.14287939e-002
    5.02837123e-003 2.06640735e-003 0. 1.57008262e-003 8.91107880e-003
    5.78241888e-004 1.99043483e-004 1.25529408e-003 2.44857697e-003
    -1.22806686e-003 8.81237909e-003 0. 2.27790023e-003 2.91818450e-003
    0. 8.65087422e-005 0. 0. 4.15156101e-004 -7.14482041e-004
    5.32731460e-003 0. 2.18973053e-003 4.29939758e-003 1.47304195e-003
    8.38592357e-004 0. 1.22139906e-003 0. 0. 1.06953213e-003 0.
    3.00195301e-004 3.65929474e-004 1.25936844e-004 -7.82492396e-004
    2.86220689e-003 -2.24484410e-003 2.88603333e-004 0. 0.
    2.78214342e-003 1.20563433e-004 1.82544743e-003 0. 0.
    3.23069771e-003 1.41916296e-003 0. -1.55917543e-004 1.24684479e-002
    3.02041392e-003 -7.53574859e-005 0. 6.49819989e-003 1.66139728e-003
    2.84668664e-003 0. 5.52243879e-003 0. 0. 6.19385671e-003
    4.68865910e-004 1.55210306e-004 0. 0. 5.54314675e-003
    1.49895449e-003 6.08319184e-003 4.10867436e-003 3.53822805e-004 0.
    8.76457989e-003 0. -7.20577838e-004 2.05691112e-003 7.88245536e-003
    0. -3.49810557e-003 3.50510562e-003 3.80494702e-003 1.67934282e-003
    4.75305971e-003 3.07564111e-003 5.21198206e-004 -1.34429902e-005 0.
    1.28699932e-003 0. 1.91849703e-003 0. 4.47856449e-003 0.
    5.49714686e-003 -1.79997424e-003 3.40520800e-003 1.90477085e-003
    4.18106560e-003 0. 2.98313261e-003 1.68130640e-003 2.31801346e-003
    1.38371903e-003 0. 4.01423080e-003 8.44289782e-004 -4.62005206e-004
    0. 4.46993718e-003 0. 0. 3.55524686e-003 2.77140155e-003
    4.86787379e-004 3.19206063e-003 7.17288058e-004 2.64183991e-003 0.
    0. 1.42554427e-003 0. 7.49721471e-003 8.38354346e-004 0. 0. 0. 0.
    -1.80179568e-003 0. -3.25906614e-004 0. 3.27275513e-004
    1.14570325e-003 1.27612404e-003 7.06595834e-003 1.49492398e-002
    3.27599607e-003 1.41420972e-003 2.55000824e-003 2.51362636e-003
    2.16361368e-003 7.68013531e-004 -9.87200299e-004 1.53081166e-002
    1.54461339e-003 -1.35517644e-003 0. 0. -2.52136495e-003
    -1.51326065e-003 1.44217291e-003 1.26440614e-003 1.63117107e-002
    1.20166000e-002 0. 0. 0. -7.83321739e-004 0. 4.37102560e-003
    3.00432381e-004 0. 1.58540835e-003 0. 0. -1.10807118e-003 0.
    7.76332803e-003 0. 9.59926005e-003 1.44762394e-003 4.62802709e-004
    1.63634098e-003 0. 0. 2.56741792e-003 4.78138262e-003
    4.89685498e-003 3.50686419e-003 0. 2.07304535e-003 0.
    2.59850570e-003 1.32618914e-003 -3.07158078e-003 0. 0.
    2.59551976e-004 1.37564715e-003 0. -1.87774887e-003 0.
    -5.54736471e-005 0. 6.93061040e-004 0. 0. 0. 0. 6.79707737e-004
    2.47270032e-003 3.20225395e-003 3.07441573e-003 4.47328296e-003
    -1.17600721e-003 8.41568224e-004 0. 1.14770327e-003 8.78645387e-003
    0. 0. 8.32738820e-003 2.61860783e-004 8.48231651e-003
    1.60852307e-003 4.77615139e-003 0. 0. 1.42739071e-002
    1.89932191e-003 2.54869810e-003 1.52068445e-003 2.13735811e-002
    1.13036148e-002 0. 0. 1.05517777e-003 2.65732072e-002
    2.72206194e-003 1.32493367e-002 -7.96974287e-004 2.23869155e-003 0.
    0. 7.02146790e-004 0. 0. -5.16950495e-005 8.47949740e-003
    4.85426892e-004 -7.62319483e-004 0. 0. 3.23517970e-003
    2.82111485e-003 2.19421601e-003 0. 4.83312440e-004 3.42318817e-004
    0. 0. 1.99350272e-003 0. 0. -5.57461826e-005 3.25089414e-003 0.
    5.75970626e-003 1.41322950e-003 0. -1.31862133e-003 -1.11408613e-003
    0. -7.05682090e-004 0. 2.97258375e-003 2.03437312e-003 0.
    -2.32853508e-003 0. 2.37635826e-003 1.90721788e-002 9.26881656e-003
    0. 4.28704591e-003 0. 5.69459423e-003 4.58771072e-004 0. 0. 0.
    -7.43245881e-004 2.16150586e-003 5.13287634e-003 9.32531245e-003 0.
    2.32710075e-002 1.42636178e-002 1.24706160e-002 3.68341710e-003
    2.42746249e-003 0. 1.78270624e-003 6.21330342e-004 0.
    7.48023111e-003 8.86056339e-004 0. 1.14423165e-003 8.11260601e-004
    0. 0. 0. 3.06105684e-003 0. 6.44017616e-003 0. 3.93792288e-003
    4.22471715e-003 7.17205054e-004 0. 0. 0. 3.33471363e-003
    1.03979476e-003 2.63150292e-003 -7.07133068e-003 3.24894470e-004
    3.67120327e-003 0. 2.41430067e-002 2.17131252e-004 0. 0.
    -1.39112445e-003 6.31285133e-003 0. 0. 0. 0. 5.18700061e-003
    5.55358303e-004 -9.82849378e-005 2.22922163e-003 0. 3.32447205e-004
    2.58080731e-003</data></imageDescriptor>
</opencv_storage>
