<?xml version="1.0"?>
<opencv_storage>
<imageDescriptor type_id="opencv-matrix">
  <rows>1</rows>
  <cols>500</cols>
  <dt>f</dt>
  <data>
    0. 1.90495979e-003 5.58897341e-003 -1.51819945e-003 -5.76042861e-004
    -1.73660781e-004 9.28287118e-005 1.91649573e-003 -3.40077048e-003 0.
    0. 0. 0. 1.71807327e-003 0. -8.74843856e-004 0. -3.84252984e-003
    -6.42888364e-004 0. 0. 9.04042099e-004 0. 5.27502038e-003 0.
    2.09179416e-004 1.45009370e-003 0. 9.16733930e-004 -5.78349875e-003
    0. 0. 3.11193429e-003 3.90199060e-003 0. 2.68629380e-003 0. 0. 0.
    1.06014600e-002 1.02448440e-003 0. 0. 7.47020775e-003 0.
    2.45402800e-003 -4.40149521e-003 -4.71182633e-003 7.97690265e-003
    1.15753571e-003 0. 2.08281563e-003 0. 1.91009254e-003 0.
    5.14993386e-004 0. 1.23648206e-003 0. 5.77544468e-003
    -1.50299375e-003 7.27782259e-003 2.34647398e-003 3.09963524e-003 0.
    0. 1.98971131e-003 2.23424728e-003 9.96248983e-003 4.15225979e-003
    2.02390342e-003 0. 0. 0. 7.18219951e-003 9.13683034e-005
    7.13102752e-004 1.64457317e-003 0. 2.37441878e-003 5.90983033e-003
    1.32156827e-003 4.26321710e-003 4.61058691e-003 3.76380095e-003
    8.74678046e-003 6.03911234e-003 1.88943348e-003 9.42102866e-004
    1.06428226e-003 2.30613002e-003 0. 4.03825659e-003 0.
    7.69397523e-003 6.07839739e-003 2.14629294e-003 7.00051431e-004
    4.05128952e-003 1.52624003e-003 4.30248864e-003 -7.62300973e-004 0.
    3.05194277e-002 0. 0. 1.46085850e-003 0. -2.07902831e-005
    2.10031774e-003 6.34606346e-004 0. 0. 0. 0. 0. 0. 0. 1.24248874e-003
    0. 1.37295318e-003 0. -1.26251602e-003 8.91072850e-004 0. 0.
    7.74525059e-003 0. 0. 6.54723262e-003 0. 4.03831160e-004 0.
    7.95633625e-003 2.94994004e-003 0. 0. 0. 6.62387873e-004 0. 0. 0. 0.
    1.46965671e-003 0. 1.52318273e-003 0. 0. 0. 0. 7.30545726e-003 0.
    7.62276817e-003 3.72771081e-003 5.87160373e-003 0. 1.43471942e-003
    0. 0. -1.18600525e-004 0. 0. 0. 4.48150653e-003 5.01722610e-003 0.
    3.25428438e-004 1.02404654e-002 -7.68930709e-004 -1.00042264e-003
    -5.42142428e-003 6.01954898e-003 -1.00698916e-003 4.09199018e-003 0.
    4.83525591e-003 4.92141442e-003 0. 5.50237624e-003 0. 0.
    1.02734566e-003 2.59993272e-003 8.47557560e-003 0. -8.74548394e-004
    -1.41700578e-003 0. 6.16373960e-004 0. 0. 3.26749380e-003
    4.58736671e-003 3.55704105e-003 2.10640626e-003 4.85559367e-003 0.
    1.57755218e-003 1.10447034e-003 0. 5.88176493e-003 0. 0. 0.
    2.72496766e-003 0. -2.22792197e-003 0. 0. -2.52791261e-003
    6.60380162e-003 1.06451870e-003 -3.22741726e-005 8.09950405e-004
    1.83159125e-003 -9.86094354e-004 7.56723166e-005 2.57712603e-003 0.
    0. 0. 0. 1.73486210e-003 5.21761656e-004 5.02738822e-003
    3.96084180e-003 -6.23357715e-004 0. 8.62509850e-003 2.16153683e-003
    0. 5.08643416e-006 0. -2.60165287e-003 1.38791441e-003
    3.95034999e-002 0. 1.69403804e-003 0. 2.07147095e-003 0.
    -5.00653041e-005 7.39555806e-003 4.02732864e-002 4.74127661e-003 0.
    0. 0. 0. 8.92965868e-003 0. 0. 0. 2.89240212e-004 2.18468579e-003
    5.47637930e-003 4.43296833e-003 7.43329339e-003 1.63036399e-002 0.
    0. -3.87637224e-003 1.34497527e-002 -3.83907603e-003 2.97849649e-003
    0. 4.41763131e-003 3.84456082e-003 0. 4.22767876e-003
    1.49010785e-003 -3.63681931e-003 1.54099101e-003 0. 0.
    2.45531998e-003 3.40615027e-003 -1.49840896e-003 1.03855494e-003 0.
    0. 0. 0. 0. -3.87267605e-003 9.59702127e-004 0. 3.53381457e-003
    3.83631652e-003 0. 0. 2.62984238e-003 5.86538692e-004 0. 0. 0. 0.
    -1.34520538e-004 0. -2.42128922e-003 -1.91089217e-004
    -3.51503928e-004 0. 2.37647933e-003 5.66914026e-003 1.70234113e-003
    2.57053063e-003 0. 0. 3.03912489e-003 2.07484514e-003
    7.01274024e-003 -5.59582666e-004 0. 0. 9.96346213e-003
    4.23928211e-003 -5.23632989e-005 0. 3.60495271e-003 0. 0.
    2.94823386e-003 7.06838071e-003 0. 0. 3.13818193e-004 0.
    -3.61192710e-004 0. 7.54572044e-004 3.92336864e-003 0. 0.
    -4.57405928e-004 0. 2.82779662e-003 6.43741991e-003 1.00013614e-002
    6.97322655e-003 3.63252405e-003 3.94646637e-003 0. 4.90210811e-003
    0. 0. 0. 1.62904884e-003 -7.31674896e-004 6.25361502e-003 0.
    6.95766229e-003 6.32674666e-003 0. 0. 1.18328230e-002 0.
    6.39426848e-003 6.76380843e-003 -3.91777867e-004 8.20667134e-004
    -5.20623638e-004 0. 0. 0. 3.96633521e-003 6.15374651e-003 0.
    2.17547198e-003 -1.86776189e-004 2.77394452e-003 -6.59620576e-003
    4.89073526e-003 6.31421804e-003 4.59167827e-003 1.97738106e-003
    1.17872292e-002 0. 0. 9.85540822e-003 -1.52962864e-003
    9.38916299e-003 1.99027266e-003 7.45455781e-003 0. 1.03492374e-002
    0. 4.48375102e-003 0. -2.86214141e-004 7.58412154e-003 0.
    2.92395521e-003 0. -9.17504134e-004 7.83301308e-004 7.09678221e-004
    2.64018984e-003 1.30691275e-003 0. 0. 9.76841524e-003 0.
    3.34880315e-004 0. 1.85130443e-003 0. 5.98011538e-003
    2.41366797e-003 0. 0. 2.57956213e-003 2.45659309e-003
    2.92514823e-003 1.57875370e-003 3.41088104e-004 2.42811907e-003
    2.01053475e-003 0. 9.19228594e-004 -6.27005589e-004 0. 0.
    6.37213758e-004 -2.19415152e-003 2.44128262e-003 -2.63091177e-004 0.
    4.73743677e-002 1.41396991e-003 8.61977518e-004 4.94901277e-003
    1.52229071e-002 4.39480151e-004 2.02426463e-002 0. 6.60225778e-005
    6.63633575e-004 8.83265585e-003 -3.02644883e-004 4.06593503e-003 0.
    0. 0. 0. 0. 1.17730978e-003 -3.41053994e-004 0. 0. 0.
    1.32561075e-002 9.32989269e-003 0. 0. 2.70073605e-003 0.
    1.73330400e-003 0. -9.61607439e-004 -2.00793426e-003 1.35223541e-004
    4.46513668e-003 4.94863605e-004 0. 0. 1.82530901e-003
    3.58181214e-003 0. 8.98071274e-004 5.17732371e-003 1.28665883e-002
    0. 2.07809662e-003 4.36900603e-003 0. 1.19625882e-003
    3.04993521e-003 0. 0. 0. 4.14813776e-003 1.17605180e-003
    -9.57301934e-004 1.66529801e-003 1.11461151e-003 0. 5.40918008e-005
    8.22311733e-004 3.98094580e-003 0. 0. 6.05442934e-003
    5.50332852e-003 2.41932715e-003 -3.25607113e-003 9.72615089e-003 0.
    4.57237678e-004 0.</data></imageDescriptor>
</opencv_storage>
