<?xml version="1.0"?>
<opencv_storage>
<imageDescriptor type_id="opencv-matrix">
  <rows>1</rows>
  <cols>500</cols>
  <dt>f</dt>
  <data>
    5.88429568e-004 -7.79029870e-005 3.40009388e-003 3.13176238e-003
    1.01558527e-003 0. -1.36947028e-005 0. 2.03785440e-003
    2.52594682e-003 2.53243512e-003 1.60469010e-003 0. 3.74034536e-003
    2.47119460e-003 2.39791488e-003 0. 7.63347431e-004 2.92514078e-003
    1.29051798e-003 2.37819925e-003 5.26723638e-003 3.95510811e-003
    8.85542482e-003 4.95152408e-003 3.60721210e-003 3.82358819e-004 0.
    3.16454284e-003 0. 2.91221426e-003 0. 1.50837179e-003 0.
    -6.00321400e-005 1.66726904e-003 1.37744378e-003 1.87900371e-003 0.
    0. 5.98168280e-003 2.05550506e-003 3.75725026e-003 2.26362818e-003
    0. 0. 2.04283581e-003 5.91658941e-003 0. 1.95055548e-003
    6.34602839e-005 0. 8.26154312e-004 -9.93826427e-004 4.71526850e-003
    0. -5.19361238e-005 2.77815782e-003 3.19848215e-004 1.73020246e-003
    0. 2.96645658e-003 3.26766656e-003 2.32990971e-003 0.
    3.94294597e-003 1.39213284e-003 1.57765346e-003 3.40504781e-003
    7.36043323e-004 0. 2.46084272e-003 6.57944381e-003 0.
    4.45324229e-003 2.28330749e-003 3.28088179e-003 0. -1.53022830e-003
    2.29896232e-003 9.67349159e-004 -1.06369553e-003 -1.07057323e-003
    1.75343594e-003 9.59384779e-004 -2.99212552e-004 8.67609633e-004 0.
    2.19626143e-003 1.37819370e-004 3.57209612e-003 0. -1.48098078e-003
    0. 3.04419803e-003 1.81826693e-003 2.62020295e-003 8.85080590e-005
    0. 1.58320216e-003 1.16533251e-003 -1.75903481e-003 2.49709864e-003
    5.58009371e-003 4.44473978e-003 2.66996794e-003 -8.30184959e-004
    4.54953348e-004 4.52223746e-003 0. 7.69230537e-004 0. 0.
    1.18309213e-003 0. 5.58993174e-003 2.72482797e-003 0. 0.
    1.69586478e-004 0. 5.05579961e-003 1.76769425e-003 0.
    6.92874053e-003 0. 6.16974547e-004 -6.51718408e-004 2.78889178e-003
    -1.55021157e-003 3.43785435e-003 -9.53323150e-004 -6.75360134e-005
    1.52246759e-003 4.46423469e-003 3.36554204e-003 1.79347710e-003
    1.78084336e-003 2.96633178e-003 3.74278496e-003 4.29487089e-003
    3.30332015e-003 3.85666406e-003 5.60290506e-003 2.47987831e-004 0.
    2.19609728e-003 0. 0. 2.07102951e-003 7.29759689e-004
    6.64019026e-003 3.42898886e-003 -3.20661842e-004 4.81284223e-003 0.
    9.86529607e-003 2.23871716e-003 8.32455524e-004 0. 0.
    5.94465062e-003 2.13400414e-003 1.33574558e-002 0. 0.
    1.52249984e-003 0. 1.64571265e-003 -1.35081739e-003 -4.07388667e-004
    9.03227192e-005 1.27044157e-003 4.36433591e-003 6.71386137e-004 0.
    0. 0. 1.28416286e-003 7.02823093e-003 0. 1.90794899e-003
    1.72040891e-002 0. 0. 6.65163388e-004 1.29291788e-004
    1.29749719e-003 1.21248467e-003 1.08862284e-003 0. 1.58584176e-003
    1.29813456e-003 1.95355574e-003 -1.65576406e-004 0. 3.64893978e-003
    1.13504624e-003 0. 1.42167090e-002 2.63277860e-003 1.21727248e-003
    1.18784374e-004 2.72386032e-003 0. 4.22234833e-003 7.20297266e-003
    1.63820235e-003 3.92992701e-003 1.27312925e-003 6.17145153e-004
    1.10447663e-003 2.33770092e-003 0. 0. 0. 8.69182963e-003
    -6.06778893e-004 3.38974532e-005 6.50661881e-004 5.69506641e-003
    3.98878846e-003 0. 4.75930702e-003 1.33711414e-003 3.79726756e-003
    1.17313827e-003 2.15763506e-003 1.53099943e-003 2.48830649e-003 0.
    0. 0. 0. 2.05419399e-003 9.70435329e-004 0. 0. -3.33140633e-005
    2.45360029e-003 3.25777661e-003 3.01400432e-003 1.37665644e-004 0.
    1.12405908e-003 -1.76149420e-003 -1.54675276e-003 0. 0.
    2.10692268e-003 5.27074235e-003 1.45918864e-003 5.02503058e-003
    4.29394282e-003 4.50446969e-003 9.61519952e-004 2.30378076e-003
    5.95155125e-003 5.40334126e-003 6.20593783e-003 0. 9.23081010e-004
    3.11738648e-003 4.85755038e-003 2.51822849e-003 1.41441543e-003 0.
    6.12188829e-003 0. 3.66658298e-003 2.54263333e-003 2.56919488e-003
    0. 2.71185371e-003 0. 3.10570188e-003 1.54467154e-004 0.
    5.95794385e-003 1.73446271e-004 -1.64348996e-004 1.78693503e-003
    1.44293369e-003 2.38382979e-003 6.58991840e-003 5.43024391e-003
    6.55770628e-003 1.06700475e-003 3.35760158e-003 0. 1.80917792e-002
    0. 0. -1.55960559e-004 1.37131719e-003 0. 4.93919523e-003
    4.78371093e-003 2.16692104e-003 3.77187226e-003 0. 6.67401450e-003
    0. 2.17089313e-003 3.68004874e-003 3.46391113e-003 4.03124839e-003
    0. -5.15615335e-004 3.31732957e-003 2.21783039e-003 6.14555611e-004
    1.77856931e-003 1.54437136e-003 2.92603881e-003 1.06139996e-005
    -5.57494583e-004 2.00397521e-003 5.82612411e-004 2.75971345e-003 0.
    0. 9.02709900e-004 4.61249409e-004 5.96609607e-004 0.
    6.00715820e-003 0. -5.86542476e-004 1.99173391e-003 0. 0.
    2.21844343e-003 1.23297551e-003 4.77853790e-003 0. 0.
    1.31875928e-003 1.60593225e-003 1.99925271e-003 1.31993799e-003
    8.43395945e-003 6.35515759e-003 5.95999090e-003 2.57428037e-003 0.
    9.54706396e-004 1.26237760e-003 8.17974447e-004 1.14647963e-003
    4.00143303e-003 0. 8.68718419e-003 1.86746870e-003 5.44575602e-003
    5.00872312e-003 7.19770742e-006 1.72877125e-003 1.39393751e-002
    9.07340902e-004 4.19582520e-003 2.08651487e-004 2.45383917e-003
    7.94368517e-003 0. 0. 1.14577939e-003 3.67947132e-003
    -2.21437728e-003 2.72084470e-003 6.99948636e-004 0. 0.
    3.44651775e-003 3.20795370e-004 3.56756942e-003 2.90017924e-003
    1.05387927e-003 1.73075870e-003 0. 3.77577380e-003 -2.18363231e-004
    2.69092456e-003 3.76723427e-003 0. 8.89511500e-003 1.86980862e-004
    1.17114815e-003 2.54678261e-003 1.21402007e-003 2.69479468e-003
    1.90229458e-003 0. -1.14491652e-003 -1.40255399e-003 0.
    1.02872327e-002 8.64207221e-004 1.96466237e-004 6.66395109e-003 0.
    -1.21688342e-003 0. 1.78462057e-003 4.93472163e-003 1.60018133e-003
    1.45524903e-003 -3.09652387e-005 4.51838039e-003 0. 2.01688218e-003
    0. 2.79308041e-003 -3.02297645e-004 1.98715786e-003 4.75802599e-003
    1.70012086e-003 3.12831486e-003 0. 3.90692707e-003 4.00113920e-003
    1.38474617e-003 4.54833236e-004 8.15209653e-003 3.80509603e-003
    2.88299634e-004 -2.57920148e-003 0. 0. -2.13893174e-004
    8.26389762e-004 3.20523162e-003 1.80969574e-003 5.98080037e-003
    2.97518191e-003 1.35092787e-003 0. 4.78952006e-003 0. 0.
    1.04240980e-003 6.87686354e-003 2.51965108e-003 0. -2.60801811e-004
    3.10475030e-003 1.72791502e-003 4.39184165e-004 1.06578134e-003
    1.55560346e-003 3.92109621e-003 -2.28146600e-004 6.12472533e-004
    3.58261308e-003 1.40325737e-003 3.69208353e-003 0. 0.
    7.07780709e-003 1.42888268e-004 4.96159121e-003 1.07689353e-003
    3.43942549e-004 1.60482698e-004 8.94020544e-004 2.41880845e-002
    2.30995356e-004 2.74336641e-003 -1.39049953e-003 1.72950997e-004
    2.16256012e-003 1.21911906e-003 2.76069995e-003 2.40996946e-003
    8.32688622e-003 5.17607760e-003 0. 3.87498731e-004 0.
    3.71346623e-003 4.11404716e-003 5.40495943e-003 0. 3.88364331e-003
    4.07786714e-003 1.46200613e-003 1.70825829e-003 5.92347060e-004
    1.63612398e-003 1.08306594e-004 0. 1.09671266e-003 1.94118431e-004
    1.07814698e-002 -8.48644471e-004 3.63365375e-003 0. 1.98177551e-003
    3.77442176e-003 -7.95448024e-004</data></imageDescriptor>
</opencv_storage>
