<?xml version="1.0"?>
<opencv_storage>
<imageDescriptor type_id="opencv-matrix">
  <rows>1</rows>
  <cols>500</cols>
  <dt>f</dt>
  <data>
    1.06028877e-002 0. 5.41864848e-003 0. 0. 0. 1.26498484e-003
    8.60719848e-003 6.86640525e-003 1.38607556e-002 1.88578479e-003
    2.44883238e-004 0. -1.91479921e-005 0. 0. 0. 1.91266381e-003 0. 0.
    4.29954380e-003 4.67101764e-003 0. 2.79038912e-003 0.
    2.56112404e-003 0. 0. 3.01994476e-003 1.31671201e-003
    2.14734487e-002 9.88858752e-003 0. 1.86536030e-003 0. 0.
    9.14647477e-004 0. -5.91148797e-004 0. 5.28898835e-003
    6.71648886e-003 -4.31945169e-004 3.91248148e-003 0. 6.44982979e-003
    0. 0. 4.37641190e-003 9.17872123e-004 4.31728753e-004
    1.32821570e-003 -6.87945867e-005 -8.27949867e-003 3.12709389e-003
    2.46316171e-003 0. 0. 2.05056556e-002 0. 0. 0. 9.77413636e-003
    -1.88662577e-003 5.76525927e-005 1.01542491e-002 0. 0. 0. 0.
    4.59634030e-004 2.55607464e-003 0. 0. 1.95803191e-003 0.
    4.62445803e-003 0. 3.43942462e-004 0. 3.64844128e-003
    -4.36007371e-003 -9.80560799e-006 0. 2.90608266e-003 2.62140343e-003
    0. 1.34968769e-003 8.79663881e-003 3.09790671e-003 2.91801756e-003
    -1.20954413e-003 0. 2.60011712e-003 0. 0. 1.51047180e-003
    6.60850853e-003 4.65684524e-003 -2.62058107e-004 0. 1.05538219e-003
    0. 0. 2.49504554e-003 1.54731597e-003 0. 0. -4.44668636e-004
    4.19242820e-003 -1.47031061e-003 0. 3.81236081e-003 0.
    5.55690611e-003 -1.49814610e-003 -6.26204594e-004 4.18001646e-003
    4.66039451e-003 0. 0. 3.99413140e-004 1.57724321e-003 0.
    8.54557194e-003 1.45940448e-003 0. 3.89708602e-003 4.48309304e-003
    7.80447270e-004 6.16793870e-004 -8.88403098e-004 0. 0. 0.
    1.63609290e-003 2.40786537e-003 4.56056092e-004 2.71377550e-003 0.
    1.27409194e-002 0. 2.79356167e-003 0. 8.69246665e-003
    2.64978921e-003 0. 0. 0. 2.67402688e-003 0. 4.85624932e-003 0.
    2.60220375e-003 0. 0. 1.57564913e-003 0. 0. 0. 0. 0. 7.19127618e-003
    3.91663704e-003 1.36770902e-003 0. 0. 0. 3.82049335e-003 0. 0.
    4.27145790e-003 5.75749483e-003 0. 4.07754909e-003 0.
    1.25137605e-002 0. 0. 0. 0. 4.01866110e-003 0. 0. 0. 1.19257753e-003
    0. 0. 3.94126913e-003 3.14050866e-003 1.18280444e-002
    7.21962703e-003 0. 0. 0. -1.07201435e-004 8.73984676e-003 0.
    1.87520054e-003 5.23006450e-003 -1.95274959e-004 0. 0. 0.
    1.29170611e-003 0. 0. 0. 0. 0. 4.11177287e-003 1.93847052e-003
    1.63438951e-003 0. 1.02221770e-002 0. 1.89159822e-004
    2.00184397e-002 0. 0. 0. -1.58633641e-003 0. 3.90776293e-003
    2.15273313e-002 0. 0. 0. 0. 0. 3.74216761e-004 0. 1.10708112e-002 0.
    9.14953067e-004 1.26990722e-003 5.93214901e-003 3.33264703e-004
    1.50630774e-003 0. 3.03003559e-004 -9.92448651e-004 0. 0.
    -1.70958857e-003 1.25030929e-003 -9.19808808e-005 0. 0.
    2.69221305e-003 1.19200666e-002 3.24948505e-003 3.67080118e-003 0.
    0. 0. 1.24978763e-003 0. 0. 0. 0. 4.37454227e-003 3.28310532e-003
    4.54701809e-003 2.10698781e-004 4.98249894e-003 -8.97023070e-004
    6.72907196e-003 2.58305250e-003 0. 6.03834400e-004 -7.85619268e-005
    -3.72638024e-004 5.16417390e-003 0. 0. 3.23968218e-003 0.
    3.62574984e-003 -3.49237644e-006 8.98137037e-003 0. 0.
    4.20370791e-003 -1.19676371e-003 1.29809557e-003 0. -4.09618765e-003
    0. 6.04431704e-003 2.05326788e-002 1.24083813e-002 0.
    4.58747987e-003 3.11342091e-003 -2.42788857e-003 0. -1.61328795e-003
    9.38542467e-003 3.07199266e-002 -5.19517623e-003 5.19020529e-003
    3.08584864e-003 0. 0. 1.02684358e-002 0. 6.09528320e-003
    5.44630049e-004 0. 2.25413824e-003 1.98157853e-004 1.73191577e-002
    0. 8.08564830e-004 0. 5.79086319e-003 0. 1.29471989e-002
    3.21355255e-005 1.65809505e-002 2.77352496e-003 0. 0.
    -1.81623007e-004 -3.63116706e-004 0. -8.98510567e-004
    8.73282726e-004 0. -9.95648443e-004 0. 0. 2.72021425e-004
    8.23299051e-004 0. 0. 8.54610000e-003 0. -5.99916093e-004
    1.25532579e-002 0. -5.30645077e-004 0. 0. 0. 9.32600908e-003 0.
    1.13193905e-002 0. 1.35841849e-003 4.50199377e-003 2.75526326e-002
    3.91019136e-003 0. 3.06229130e-003 1.64186880e-002 2.17111572e-003
    0. 0. 0. 0. 4.59226128e-003 -4.39260853e-003 8.59791972e-003
    3.69837321e-003 0. 0. -1.33699682e-002 2.10601371e-003 0. 0. 0.
    4.60238487e-004 2.59009357e-005 -1.77352945e-003 3.81478900e-003
    4.84306226e-003 2.10872153e-003 3.10952985e-003 0. 8.77278578e-003
    2.43012491e-003 -1.08079519e-003 0. 1.72518159e-003 2.87542329e-003
    0. 2.00732308e-003 0. 0. 0. 4.22692625e-003 0. 1.08392714e-002
    1.20006793e-003 0. 0. 0. -2.82452465e-003 0. 0. 0. 2.05366313e-003
    0. 6.17752783e-003 1.32125337e-002 7.75969215e-003 0. 0. 0. 0.
    6.80514332e-003 5.91486879e-003 2.79696984e-003 0. 4.63243196e-004
    3.86257260e-003 0. 0. 3.19968886e-003 0. 0. 2.87201023e-003
    8.44201539e-004 6.15937228e-004 0. 6.49650907e-003 0.
    1.08338175e-002 0. 0. 0. 1.31833440e-004 0. 7.22726749e-004 0. 0. 0.
    0. 0. 0. 2.61322875e-003 2.28743022e-003 3.66493514e-005 0.
    3.92433209e-003 0. 0. -5.41225949e-004 0. 0. 0. 0. 0.
    4.66639875e-003 3.67148640e-003 0. -6.20147446e-004 1.10436196e-003
    1.77159836e-003 0. 0. 0. 5.56923961e-003 0. 0. 8.37712432e-004
    -2.84200464e-003 8.41270084e-004 5.19562932e-003 0. 0.
    1.09595535e-002 1.78944436e-003 7.48754386e-003 0. 0.
    -2.28504208e-003 -2.04547239e-003 0. 0. 0. 0. 0. 3.18138232e-003
    1.77164492e-003 0. 2.85117747e-003 0. 0. 0. 2.10448913e-003
    6.39802916e-003 0. 0. 0. 5.73505647e-003 3.02038877e-003
    5.38064865e-003</data></imageDescriptor>
</opencv_storage>
