<?xml version="1.0"?>
<opencv_storage>
<imageDescriptor type_id="opencv-matrix">
  <rows>1</rows>
  <cols>500</cols>
  <dt>f</dt>
  <data>
    1.12867216e-002 0. 4.76157584e-004 0. 3.93951312e-003
    -4.38108662e-004 5.17012831e-003 0. 4.00827220e-003 3.74480337e-003
    4.92054177e-003 7.40370771e-004 1.77427125e-003 3.31280142e-004 0.
    3.72299273e-003 0. 1.45243062e-003 4.74070618e-003 1.21981790e-003
    9.41267516e-003 0. 2.11689388e-003 2.42364523e-003 1.47702987e-003
    9.57166951e-004 5.61184774e-004 2.35093059e-003 6.45707780e-003
    1.75954669e-003 -1.19568504e-004 2.63460120e-003 1.92027190e-003
    1.03191426e-002 2.41981726e-003 3.56770959e-003 2.87568057e-003 0.
    -1.62001506e-005 3.75077850e-003 2.19270168e-003 0. 0.
    1.26479976e-002 5.71394246e-003 7.20745465e-003 2.73009966e-004
    1.07758644e-003 3.28859012e-003 6.39398023e-003 -5.42990689e-004
    6.45970693e-003 -6.20139821e-004 4.13459074e-003 2.23254040e-003
    6.14037272e-003 0. 1.65189838e-003 4.43360215e-004 -1.86961392e-004
    0. 3.07028554e-003 0. -2.82672537e-003 1.27214217e-003
    1.43712526e-003 4.17026551e-003 5.63082140e-005 -1.27989054e-003
    4.03633527e-003 7.37991941e-005 0. 6.71787071e-004 0.
    5.02413046e-003 -1.95391965e-003 0. 4.72719595e-003 5.13621781e-004
    -1.08794391e-003 8.39889224e-004 -1.55038666e-004 2.50805053e-003
    5.68605086e-004 6.55432558e-003 1.03688240e-003 0. -9.19493468e-005
    4.86685522e-003 0. 2.44214293e-003 0. 3.77369206e-003
    4.94976586e-004 0. -9.70760477e-004 3.16330232e-003 1.03792483e-002
    7.20094657e-004 0. 2.34324089e-003 2.38901586e-003 0.
    2.24570860e-003 8.21414404e-003 0. 8.12989846e-003 8.16427078e-003
    6.29696436e-003 1.30389549e-003 0. 5.02809230e-003 2.94341962e-003
    3.62749374e-003 9.31376219e-003 4.46593110e-003 8.25172232e-004 0.
    6.63609128e-004 6.33769319e-004 4.88361251e-003 -9.63280545e-005
    -1.99759426e-003 8.45421571e-003 -2.34336054e-004 7.16599403e-004
    -1.34665504e-004 3.69472167e-004 4.40629525e-003 5.59660431e-004
    5.15771611e-003 -1.24819600e-003 0. 0. 0. -4.42511693e-004
    3.39701213e-003 2.66965386e-003 6.09694561e-003 0. 0.
    2.24381778e-003 1.39305741e-003 0. 8.93530250e-003 0.
    8.61459819e-004 0. 0. 1.52187806e-003 0. 0. -8.48850235e-004 0.
    2.01662211e-003 2.93782883e-004 1.54601672e-004 3.98322154e-004
    -7.12565015e-005 8.17747600e-003 4.71004331e-003 1.54504797e-003
    1.17053255e-003 1.42629805e-003 -9.35896765e-004 6.21516630e-003 0.
    -3.61384824e-004 2.91362940e-003 5.42489765e-003 2.03414261e-003
    2.44578230e-003 -8.31489917e-004 1.45063607e-003 -1.59508386e-003
    1.32610067e-003 -7.15901668e-004 2.03596149e-003 1.31539376e-002
    1.81788695e-003 2.87493411e-003 2.50032800e-003 -2.04951642e-003
    1.09982211e-003 8.55299004e-004 3.06265545e-003 2.15962250e-003
    2.68474524e-003 1.01960055e-003 1.69106165e-003 0. 0.
    5.32153482e-003 3.23253684e-003 9.89978760e-003 0. 3.80455167e-003
    -3.10980686e-004 3.83238960e-003 1.68838387e-003 1.40919152e-003
    1.29007548e-003 6.49202091e-004 1.11755787e-003 1.66811899e-003
    -2.35705520e-004 1.07214544e-002 1.00692746e-003 -1.32424384e-003
    7.75971392e-004 4.03702771e-003 0. 2.41306075e-003 0.
    2.63513532e-003 1.76671182e-003 8.30808003e-003 1.13598015e-002
    1.86360150e-003 0. 0. 1.41422066e-003 0. 3.79628240e-004
    4.23042569e-003 -4.36607370e-004 8.88667710e-004 0. 5.01885824e-003
    1.51956244e-003 -1.19260838e-003 2.44452292e-003 2.52979505e-003 0.
    3.90477967e-003 6.64052262e-004 4.25335532e-003 1.22199161e-003
    1.10844725e-004 0. 2.63439375e-003 4.67129610e-003 2.37366228e-004
    0. 0. -1.12378970e-003 0. 1.95886451e-003 3.95895913e-003
    4.33707517e-003 8.06571217e-004 0. 3.89306282e-004 1.56620052e-004
    4.72531829e-004 2.76937312e-003 0. 1.56618888e-003 -4.50460328e-004
    0. 1.55235350e-003 0. -1.33086622e-004 7.34417280e-003
    4.16922197e-003 1.33282901e-003 0. 6.41374150e-003 2.81941565e-003
    0. 1.51201000e-003 0. 2.34120851e-003 1.16099964e-003
    8.70050048e-004 9.63385869e-003 -2.26781282e-004 3.79200582e-003
    6.62625628e-003 0. 4.56814468e-003 0. 5.25981770e-004
    -3.43320775e-004 -3.05728056e-003 0. 4.62211017e-003 1.22753973e-003
    0. 0. 5.97080868e-003 0. 1.22090918e-003 3.09864432e-003
    -1.38943375e-003 -2.49764812e-003 1.19258766e-003 -1.05643958e-004
    2.33850023e-003 -4.84746037e-004 0. 2.69038050e-004 0. 0. 0. 0.
    1.46247782e-002 2.56002485e-003 3.10293632e-003 1.36125635e-003
    3.01113143e-003 9.05818865e-003 1.27982479e-002 2.53415434e-003
    5.54485107e-003 0. 3.43686482e-003 7.44046643e-003 -2.40341970e-003
    4.39048652e-003 2.77998205e-003 0. 0. 5.68708032e-003
    5.42255724e-003 1.48366683e-003 0. 8.56334518e-004 2.41804030e-003
    4.18469170e-003 -7.45122263e-004 3.70361889e-003 3.10795102e-003
    2.81415787e-003 2.27247458e-003 1.25255412e-003 -6.92962378e-004
    2.81312875e-003 1.55913935e-003 -1.93447899e-003 0. 9.92921181e-003
    9.08036833e-004 -2.22438015e-003 2.63529806e-003 4.63838340e-004 0.
    -3.42397993e-006 2.67640688e-003 3.39787593e-003 -1.42108707e-003
    3.23981466e-003 2.41530524e-003 -1.58987811e-003 7.51574815e-004
    2.72660935e-003 4.17790934e-003 6.67324464e-004 -6.45149266e-004
    -1.86828698e-003 5.43230772e-003 4.38942137e-004 -2.09559663e-003
    3.29235173e-003 5.59769711e-003 1.03219564e-003 0. 6.67990558e-003
    -1.78814094e-004 0. 2.45396816e-003 6.54755626e-004 4.65432974e-003
    3.29326419e-003 1.35532185e-003 6.30580867e-003 0. 1.14078145e-003
    0. 1.10755826e-003 1.19962075e-004 1.24808196e-002 0.
    -1.65703197e-004 0. 5.77425631e-003 5.15762903e-003 0. 0.
    2.77108001e-003 -9.31929681e-004 0. 6.29572058e-003 -4.70707397e-004
    4.48128115e-003 0. 6.46988535e-003 0. 5.06960729e-004
    5.45142405e-003 0. 7.79495691e-004 1.70844246e-003 4.48369794e-003
    5.05739730e-003 -2.72244704e-003 5.27079497e-003 0. 0.
    1.20543630e-003 1.99045637e-003 3.16342339e-003 1.50794559e-003
    1.91393180e-003 5.09813754e-003 4.29509534e-003 4.68100235e-003 0.
    1.89662009e-004 1.70540099e-003 7.80588435e-003 0. 0.
    1.45787117e-003 0. 4.49418178e-004 6.84562791e-003 3.47360596e-003
    1.97023945e-003 9.19257756e-003 0. -2.03518081e-003 0.
    3.85060976e-003 1.50258176e-003 6.51223760e-004 0. 0.
    4.45261970e-003 7.94139458e-004 0. 4.93467133e-003 1.44989009e-003
    7.04948884e-003 4.57969401e-003 0. -1.28200115e-003 4.10756934e-003
    3.07023525e-003 1.59963686e-003 1.89292920e-003 4.28271201e-003
    -1.82567840e-003 5.07362979e-003 0. 1.14509335e-003 4.35967697e-003
    3.01695685e-003 1.82409107e-003 1.37706473e-003 2.03861762e-003
    2.17069499e-003 3.43918940e-003 0. 4.66330023e-003 3.12074251e-003
    8.23195907e-004 -6.47654524e-004 8.70990567e-003 7.91091225e-005
    6.56287093e-003 0. 0. -7.02785546e-005 0. 2.69344513e-004
    4.34368063e-004 3.94040439e-003 1.54046586e-003 3.91230499e-003 0.
    0. 2.67262408e-003 7.14361377e-004 2.19393129e-004 4.18703025e-003
    1.15119375e-003 1.66651269e-004 1.00279716e-003 6.92854449e-003 0.
    6.38496131e-004 0. 0. 0. 0. 0. 1.12517714e-003 2.54495349e-003 0.</data></imageDescriptor>
</opencv_storage>
