<?xml version="1.0"?>
<opencv_storage>
<imageDescriptor type_id="opencv-matrix">
  <rows>1</rows>
  <cols>500</cols>
  <dt>f</dt>
  <data>
    -2.36301636e-003 4.51762276e-003 1.25689141e-003 0. 6.20274013e-003
    1.13205251e-003 1.03333592e-003 1.41934282e-003 0. 3.68145411e-003
    0. 2.13853037e-003 0. 0. 1.51527789e-003 -2.60658329e-003
    6.04544301e-003 0. 1.09779183e-003 0. 0. 3.23698769e-004
    5.88928442e-003 3.01089138e-003 0. 8.31914507e-003 7.91315921e-003
    8.62690911e-004 1.29725074e-003 1.02136228e-002 0. 6.60524517e-003
    5.05855726e-003 8.32262542e-003 -1.99066562e-004 0. 1.09820962e-002
    0. 5.31584956e-003 6.42952509e-004 0. 0. 1.22739235e-003
    3.97810433e-003 0. 3.49079608e-003 4.65935329e-003 1.18275359e-002
    0. 0. 0. 4.73960955e-003 0. 0. 6.42794417e-003 3.22328968e-004
    5.31680835e-003 2.66232807e-003 6.87667681e-003 6.34791842e-003 0.
    -9.98970718e-005 5.12746582e-003 1.11697626e-003 0. 0. 0.
    4.62260516e-003 1.31357484e-003 2.10654247e-003 1.79938204e-003
    2.35248241e-003 2.41804798e-003 2.40736944e-003 0. 0. 0.
    1.18138683e-004 3.75090190e-003 1.89648801e-003 0. 1.46734631e-002
    1.52649614e-003 0. 8.44538561e-004 5.63199632e-003 4.87832306e-003
    3.09188268e-003 8.38644337e-004 1.16195260e-002 -3.81896971e-005 0.
    9.68616863e-004 1.53076067e-003 1.79272739e-003 2.58591818e-003
    1.76902185e-003 0. 8.79339594e-003 9.98875010e-004 1.17574132e-003
    0. 0. 6.83614798e-003 4.61015501e-004 4.56621265e-003
    4.14334657e-003 0. 2.74392572e-004 0. -5.05342789e-004
    6.87422557e-003 -1.71171012e-003 4.07688785e-003 1.82796794e-003
    1.47131225e-002 0. 0. 0. 4.94244555e-003 6.90477784e-004
    3.59503529e-003 0. 1.02948060e-003 8.90534837e-003 6.25968911e-004
    1.59273180e-003 0. 1.32285975e-004 4.42702929e-003 -3.15623055e-003
    2.01089936e-003 0. 6.52177259e-004 1.14891518e-004 0.
    1.14404503e-003 2.32580258e-003 1.18437085e-004 -1.44066405e-003 0.
    0. 2.76343967e-003 4.11978504e-003 2.24268180e-003 4.81227273e-003
    1.94015866e-003 2.30707927e-003 0. 0. 4.28638514e-003 0.
    2.97933328e-003 2.00745068e-003 3.87245277e-003 0. 2.77922070e-003
    4.75843903e-003 0. 1.08468265e-003 1.96398771e-003 1.76355278e-003
    9.12114978e-003 0. 0. 3.20196548e-003 5.83251845e-003
    -5.09289850e-004 1.09747984e-003 0. 1.17662856e-002 0.
    1.38204789e-003 4.01688879e-003 -2.82569708e-005 5.29541215e-003
    2.15848815e-003 0. 3.30977561e-003 0. 5.57329273e-003
    3.24566208e-004 8.68968572e-003 1.60168111e-003 0. 1.12673712e-004
    -1.75353314e-003 2.76545598e-003 2.97910441e-003 4.60873265e-003
    3.33506591e-003 1.57915580e-003 0. 0. 0. 8.05313885e-003 0.
    3.60530452e-003 3.55019234e-003 2.62771803e-003 7.44236913e-003
    2.01498438e-003 -9.51430469e-004 0. 6.38503057e-004 4.95531317e-003
    1.79545116e-003 3.00723058e-003 1.32157877e-002 7.96137727e-004
    6.14537438e-003 2.33329670e-003 1.62298302e-003 -2.15286505e-003 0.
    3.05195828e-003 3.56737827e-003 7.25598680e-003 1.72756042e-003 0.
    0. 2.07490590e-003 0. 2.35070288e-003 3.17260600e-003
    5.26266731e-003 -1.38119864e-003 0. 0. 1.98736065e-003
    1.42038567e-003 1.02821533e-002 6.98482106e-003 1.33692548e-002
    9.64206702e-004 7.98540830e-004 2.25170422e-003 8.48733913e-003
    8.47247837e-004 2.31298176e-003 4.99732373e-003 0. -1.26587343e-003
    1.51748629e-003 2.86183297e-003 7.99323991e-003 2.03792471e-003 0.
    2.86679785e-003 0. -2.93692894e-004 0. -2.61041941e-003 0.
    6.01021020e-005 3.49070644e-003 0. 2.37309397e-003 1.86783657e-003
    5.13618533e-003 8.55920091e-003 9.74350236e-003 2.22498016e-003
    1.27763278e-003 -7.90105085e-004 2.10864958e-003 2.30136467e-003
    3.93200852e-003 0. 0. 0. 0. 0. 1.27677154e-002 2.43716710e-003
    5.46746142e-003 4.61019372e-004 1.00140525e-002 1.01054052e-003 0.
    1.03679695e-003 2.86959019e-003 0. -3.21361367e-005 6.56047650e-003
    -1.53453136e-003 0. -5.26363787e-004 2.82756169e-003 0. 0.
    4.33162088e-003 5.54934423e-003 2.95771426e-003 2.72238767e-003
    2.31853989e-003 0. 7.51761196e-004 1.41293136e-002 0.
    -3.85049207e-004 2.34962115e-003 9.03050695e-003 0. 2.40462995e-003
    -1.45275216e-003 5.74716320e-003 2.69173644e-003 1.72651417e-004 0.
    0. -2.82020308e-003 3.84554244e-003 5.00434660e-004 4.26358893e-004
    0. 2.30510253e-003 0. 3.97606753e-003 2.29836255e-003 0. 0. 0.
    1.46236375e-003 -2.15407388e-004 2.35555787e-003 1.12281798e-003
    4.69429360e-004 1.30706781e-003 4.15468169e-003 -9.60781006e-004 0.
    7.79232301e-004 0. 0. 3.55938799e-003 5.72432252e-003
    7.42077653e-004 0. -1.27940171e-003 2.12164293e-003 0. 0.
    3.38172866e-003 0. 1.55162602e-003 1.56150002e-003 3.94346192e-003
    1.41118770e-003 4.27743699e-003 5.21441782e-003 2.39452766e-003
    5.15353959e-003 5.80762466e-003 0. 0. 4.99007874e-004
    -8.18819506e-004 5.84369525e-003 2.86860135e-003 -9.21258004e-004 0.
    -3.55149223e-003 2.81338952e-003 5.44773508e-003 0. 1.00982768e-004
    1.95869734e-003 0. 2.82786018e-003 0. 4.27046744e-003 0. 0. 0.
    2.54478608e-003 0. 4.59595397e-003 4.09416272e-004 2.89041083e-003
    1.49869255e-003 2.92745512e-003 0. 3.72144883e-003 4.18790523e-003
    -6.48610701e-004 -3.87627538e-003 3.07548931e-003 4.67881095e-003
    4.51651076e-003 1.15657998e-002 0. 3.43517144e-003 3.46538448e-003
    7.66846165e-003 1.24976516e-003 9.76123498e-004 1.03864900e-003 0.
    0. 7.17871124e-004 -2.74954550e-003 8.14376283e-004 1.57461017e-002
    -7.20930286e-004 5.16260858e-004 -2.80680647e-003 3.68418149e-003 0.
    4.04392229e-003 0. 0. 3.16572050e-006 -2.10209913e-003
    4.32213536e-003 -4.55410145e-006 5.22341486e-003 3.32437502e-003 0.
    8.36772379e-004 -1.07986911e-003 0. 5.05307829e-003 2.85937614e-003
    -2.74801021e-003 0. 2.58555985e-003 0. 0. 2.67306692e-003 0.
    5.23660216e-004 2.00083270e-003 3.46268178e-003 1.31523272e-003
    4.22693696e-003 0. 0. 0. 0. 8.77365586e-004 0. 8.81484989e-003
    5.37033053e-003 0. 3.84749053e-003 -1.68104132e-003 6.51021162e-003
    2.60912417e-003 7.03571597e-004 5.56860957e-003 0. 1.56659330e-003
    0. 5.34179970e-004 2.32674065e-003 0. 0. 0. -3.55947670e-003
    1.31860515e-003 0. 5.31092694e-004 3.11235385e-003 -2.73443293e-004
    0. 2.28243857e-003 0. 3.18837073e-003 0. 8.53835227e-005
    -2.29875994e-004 0. 0. 6.90569216e-003 0. 0. 0. 1.39688968e-003
    2.31573079e-003 0. 1.86498847e-003 3.05843237e-003 0. 0. 0. 0.
    3.00800474e-003 -1.16040243e-003 0. 0. 0. 7.25658517e-003
    2.48306873e-003 -7.48170074e-004 0. -3.51251662e-003 0. 0.
    2.99352035e-003</data></imageDescriptor>
</opencv_storage>
