<?xml version="1.0"?>
<opencv_storage>
<imageDescriptor type_id="opencv-matrix">
  <rows>1</rows>
  <cols>500</cols>
  <dt>f</dt>
  <data>
    1.95070810e-003 1.08179427e-003 1.55597623e-003 3.48113268e-003
    1.11414609e-003 -4.72132175e-004 2.38380206e-004 2.54485570e-003
    -1.36934617e-003 7.97594490e-004 0. 3.30442144e-003 1.36818970e-003
    -3.93347960e-004 1.47718517e-003 5.19585609e-003 0. 4.45578666e-003
    7.34982686e-003 0. 1.72585051e-003 6.11201278e-004 4.20093397e-003
    2.23904778e-003 3.11501441e-003 9.52014525e-004 -1.82406907e-003 0.
    0. 1.36950077e-003 0. 1.32674188e-003 0. 7.64217039e-005
    -7.79046444e-004 2.43585394e-003 0. 0. -8.65098031e-004
    -9.34357085e-005 1.19798034e-002 -5.82785906e-005 0. 1.54260662e-003
    0. 0. 5.54682314e-003 5.03606535e-003 2.46812124e-003
    3.24378535e-003 -1.64636484e-004 3.34874378e-003 -7.26116123e-004
    9.92148533e-004 8.75271566e-004 5.69381658e-003 5.89255302e-004
    2.81326985e-003 8.17327946e-003 5.53318125e-004 1.73543731e-003
    8.46199575e-004 4.60302504e-003 0. 3.40383174e-003 4.26551420e-003
    0. 2.91659986e-003 2.96084769e-003 2.55660224e-003 2.83954456e-003
    2.24428624e-003 0. 9.19310551e-004 3.82418279e-003 2.79680407e-003
    -3.95073672e-004 5.29892137e-003 6.93265442e-003 1.14910025e-003 0.
    5.06512029e-003 3.26768029e-003 2.40973104e-003 1.63963810e-003
    2.24762689e-003 4.43701353e-003 0. 1.41960953e-003 1.45734427e-003
    1.82200503e-003 0. 8.28952878e-004 0. 6.19656267e-003
    2.88120052e-003 5.29434066e-004 1.04616198e-003 1.76354195e-003
    5.56508894e-004 3.16519546e-003 5.31047641e-004 1.15612673e-003
    1.12631014e-002 1.70381609e-004 -1.12603093e-003 1.25410128e-003
    2.96113943e-003 5.73199289e-003 -1.66067190e-003 4.15893923e-003
    4.27527912e-003 2.25197291e-003 -1.39160175e-003 4.10921173e-003
    6.14333374e-004 0. 3.13461968e-003 9.13414930e-004 2.39836215e-003
    0. 0. 2.44303094e-003 4.97249840e-003 1.77760248e-003 0.
    2.72663106e-004 -5.60136803e-004 3.32755293e-003 4.10128431e-003
    8.85009009e-004 7.71735329e-004 0. 2.78621264e-005 2.97309179e-003
    -1.40409786e-004 1.44260628e-002 -6.70960988e-004 0. 0.
    -3.81758320e-004 0. 1.08648906e-003 1.59229687e-003 3.67042678e-003
    0. 1.12916331e-003 8.17586668e-003 0. 0. 0. 0. 2.40643087e-004
    1.34858710e-003 6.14806637e-003 0. 1.67278212e-003 0. 0.
    1.10416654e-002 1.39564066e-003 2.82499194e-003 2.85412045e-003
    1.22370047e-003 -1.66855904e-003 4.41524293e-003 4.33150912e-003 0.
    6.50814036e-004 -5.80904307e-004 6.65478688e-003 5.41279092e-003
    3.20734642e-003 2.75902473e-003 0. 2.69710133e-003 2.85850884e-003
    0. 2.43774688e-004 3.95227643e-003 2.30058772e-003 9.55088399e-005
    1.85160572e-003 1.07073477e-002 3.49544978e-004 4.90995124e-004
    4.55080811e-003 0. 4.01667831e-003 7.84923695e-003 0.
    6.16435381e-003 0. -5.77142870e-004 1.67011120e-003 5.51150460e-003
    3.87407071e-003 0. 1.71390863e-003 5.49098849e-003 2.91651301e-003
    0. 2.96992413e-003 -7.43985700e-004 9.19131003e-003 1.78566872e-004
    7.17206765e-003 6.10044133e-003 7.39384617e-004 2.84935674e-003
    8.91883019e-003 0. 5.75241051e-004 3.28714610e-003 4.14455513e-004
    2.65704375e-003 0. -4.33330308e-004 5.01244655e-003 0.
    2.07205536e-003 1.92287064e-003 1.06249924e-003 1.33302214e-003
    8.51741992e-003 1.69398103e-004 -1.77058449e-004 4.25833423e-004
    2.54169718e-004 7.15211325e-004 2.97430228e-003 7.71034230e-003
    1.07381623e-002 -1.64362590e-003 0. 1.76605582e-002 1.07171554e-002
    6.22980343e-003 0. 0. 2.86401412e-003 -1.57493516e-003
    3.54699697e-003 2.22361227e-003 0. 1.98215037e-003 4.44614282e-003
    3.86748416e-003 0. 4.29619657e-004 1.10846979e-003 0.
    3.44663247e-004 2.66182749e-003 2.72687851e-003 3.24767525e-003 0.
    2.70459964e-003 4.16579377e-003 2.37614010e-003 1.37013558e-003 0.
    0. 1.93782104e-003 1.71839306e-003 0. 1.11537811e-003
    8.29108292e-004 0. 4.06532874e-003 1.34464970e-003 0.
    -3.81432983e-005 1.11121347e-003 1.23345293e-003 1.48374168e-003
    -3.78735538e-004 1.84138678e-003 3.00754537e-003 0. 4.42719692e-003
    2.26226286e-004 7.36577262e-004 0. 2.37108674e-003 4.40112827e-003
    0. -1.21622747e-004 6.26725052e-003 0. 5.57461940e-003 0.
    7.82318413e-003 3.91721493e-003 1.87148782e-003 0. 0.
    4.16886015e-003 1.79008779e-003 1.41262531e-003 0. 6.21150155e-003
    0. 2.31694616e-003 9.63461134e-005 0. 0. 9.43126390e-004
    2.64955522e-003 6.90642465e-003 8.32681078e-003 2.50363862e-003
    1.38366094e-003 2.52889167e-003 7.74671498e-004 1.10119663e-003
    6.35844888e-004 0. 1.60719047e-003 0. 4.55227389e-004
    2.15499266e-003 1.11883832e-002 1.41844442e-002 1.24595733e-003
    -1.36239000e-003 2.42213253e-003 1.24406582e-003 1.07596439e-004 0.
    -5.64154936e-004 0. 5.73012512e-004 2.77147745e-003 0.
    9.99907963e-004 2.10244604e-003 5.53287752e-003 2.02838751e-003 0.
    8.14247970e-003 4.91755491e-004 5.98766143e-004 4.59068287e-005 0.
    2.34362949e-003 0. -4.57352944e-005 5.11193695e-003 5.08617668e-004
    1.07046415e-003 1.82660506e-003 8.26108921e-003 -3.02760070e-003
    3.39365541e-003 4.72599611e-004 2.39278749e-003 2.48525501e-003
    1.42385764e-003 2.67512724e-003 0. 6.39504113e-004 5.33359882e-004
    3.51936440e-003 3.88766802e-003 2.50222837e-003 4.23472282e-003 0.
    -2.78055468e-005 -6.74242445e-004 3.13104596e-003 1.04857073e-003 0.
    0. 0. 1.27777713e-003 3.80511815e-003 9.06636880e-004
    3.91710876e-003 1.75053743e-003 5.24254004e-003 0. 0.
    -2.79623060e-003 4.72150696e-003 0. 8.48703925e-003 1.95408429e-004
    1.57156284e-003 3.20541393e-003 3.20261624e-003 -1.06425607e-003
    3.26092122e-003 0. -2.54786373e-005 2.60920206e-004 3.23608797e-003
    8.46989453e-004 1.07921474e-003 -8.98992119e-004 3.91739700e-003
    9.97533323e-004 1.32591545e-003 -2.97214137e-004 1.27242843e-003
    1.56815129e-003 -3.05330032e-005 1.61095959e-004 0. 5.44577697e-003
    0. 1.83539628e-003 0. 3.53474665e-004 1.22533571e-002
    3.07778385e-003 1.64244464e-003 -9.62089282e-004 0. 3.59214400e-003
    1.25755358e-003 4.98830632e-004 -1.95676391e-003 4.60566068e-003
    2.08495907e-003 1.68025494e-003 -1.64594164e-003 9.26542678e-004 0.
    9.32959956e-004 5.82209462e-003 5.38575463e-003 7.80052331e-004
    7.21344491e-004 1.06418394e-002 1.47150224e-003 0. -9.35059623e-004
    -1.56113959e-003 3.58315650e-003 0. 1.16114821e-002 0. 0.
    -1.35913747e-003 2.45125010e-003 1.06019825e-002 1.23373326e-003 0.
    5.79409674e-003 6.32574665e-005 4.75337816e-004 0. 3.37060285e-003
    -3.55459924e-004 -2.37527584e-005 1.01553730e-003 2.35229218e-003
    -3.90848727e-004 1.04064231e-004 7.73593900e-004 1.47082645e-003
    2.46623997e-003 0. 4.28432424e-004 3.11902142e-003 1.89743808e-003
    1.10573419e-004 1.98127772e-003 2.42127385e-003 0. 7.45317759e-003
    0. 5.67721575e-003 2.49389233e-003 5.53091010e-003 2.43919087e-003
    7.75575347e-004 8.95212404e-004 -4.02860995e-003 2.02676398e-003
    1.53425150e-003 0. 1.58407807e-003 4.11761831e-003 3.39557184e-003
    5.07622818e-003 8.17902200e-003 4.12809430e-003 0. 0. 0.
    1.42479152e-003 1.08902121e-003 2.73918989e-003 3.40953865e-003
    3.96521296e-003 6.82063226e-004 2.72073667e-003 3.21791857e-003</data></imageDescriptor>
</opencv_storage>
