<?xml version="1.0"?>
<opencv_storage>
<imageDescriptor type_id="opencv-matrix">
  <rows>1</rows>
  <cols>500</cols>
  <dt>f</dt>
  <data>
    6.23107841e-003 7.79638439e-003 3.37992026e-003 0. 1.38533965e-003
    3.03494162e-003 0. 2.41726008e-003 1.00629125e-002 9.77747422e-003
    5.17013110e-003 0. 0. 2.10478436e-003 0. 2.25358480e-003 0. 0. 0. 0.
    1.02645913e-002 1.73381753e-002 1.04192179e-003 8.27925920e-004 0.
    4.24787914e-003 4.64940444e-003 4.56241332e-003 3.00004933e-004
    6.96772804e-006 1.54829966e-002 3.14300135e-003 4.99179307e-003 0.
    0. 0. 0. 0. 2.95814616e-003 6.71858620e-003 2.36352812e-003
    3.21492739e-003 -8.35103157e-004 1.48985814e-003 0. 0. 0.
    2.25492101e-003 1.40544903e-002 1.19524347e-002 7.27484585e-004 0.
    -7.43829820e-004 2.52359221e-003 0. 2.81934417e-003 0.
    2.35010637e-003 9.36980883e-004 0. 1.59086101e-002 8.13467952e-004
    0. 4.43389639e-003 6.37221849e-003 2.54848390e-003 1.80268346e-003
    3.42457206e-003 0. 1.23865099e-003 0. 0. 1.23364653e-003
    3.48569592e-003 0. 2.02997914e-003 0. 0. 0. 4.56257863e-003
    6.10080431e-004 1.00726588e-002 0. 9.71787842e-004 0.
    6.60294842e-004 1.54259370e-003 7.48803897e-004 1.17605785e-003 0.
    0. 3.88742075e-003 3.64832650e-003 1.14432376e-004 -3.31473374e-003
    0. 0. 4.49230103e-003 0. 6.61855191e-003 4.84535191e-003 0.
    5.06669749e-003 7.35313259e-003 0. 2.19674478e-003 -1.77235913e-003
    0. 3.00512137e-003 0. -3.14321462e-003 4.90695424e-003 0. 0.
    2.43260362e-003 0. 5.93458186e-004 7.20900856e-003 0.
    3.79949529e-003 0. 0. 0. 1.83380977e-003 9.07495525e-003 0.
    2.97900452e-003 3.39511270e-003 2.47736298e-003 -3.12408712e-003 0.
    0. 0. 8.20136815e-003 5.35874208e-003 0. 0. 0. -2.09438731e-003 0.
    1.91748841e-003 0. 0. 4.31762682e-003 0. 1.27330387e-003
    5.49570099e-003 0. 0. 0. 6.64671068e-004 0. 3.11317993e-003
    3.53960227e-003 2.93795252e-003 0. 2.43910565e-003 3.36524285e-003
    0. 2.52401712e-003 0. 1.29847589e-003 0. 4.67070984e-003
    1.78224349e-003 0. -1.80350442e-003 -4.18826519e-003 4.17755358e-003
    0. 0. 0. 2.78618908e-003 9.07688751e-004 0. 1.66242986e-004
    5.19851048e-004 0. 0. 9.40602622e-004 5.40581439e-003
    4.35168436e-003 1.74366136e-003 -1.45734439e-003 1.66023690e-002
    2.10543847e-004 0. 0. 4.39279713e-003 1.04222335e-002 0. 0. 0.
    4.95543762e-004 -2.10830336e-003 2.90847471e-004 0. 6.86363725e-004
    2.37947237e-003 2.86714849e-003 0. 1.53298408e-003 4.13780595e-004
    4.58421186e-003 0. -1.91853294e-004 -3.28010111e-003 0. 0. 0. 0. 0.
    0. 0. 3.40407551e-003 -1.17851398e-003 0. 7.11328909e-003 0. 0. 0.
    2.01897626e-003 0. 0. 5.05036255e-003 4.21179272e-003
    4.08924243e-005 1.15915705e-002 0. 7.17011001e-003 6.47270062e-004
    1.43231926e-002 0. 8.44565220e-004 2.99011450e-003 5.64893754e-003
    2.05116649e-003 2.72093923e-003 0. 8.47624522e-003 2.84966989e-003
    0. 8.05506570e-005 4.50473418e-003 3.03585199e-003 1.30734418e-003
    0. -5.24701842e-004 5.66259609e-004 1.04084145e-002 7.25072995e-003
    2.69709877e-003 3.03527783e-003 1.59154425e-003 0. -1.78720235e-004
    9.89998411e-003 2.48305267e-003 3.65926535e-003 8.44692637e-004
    2.51166499e-003 4.05236380e-003 0. 0. 0. 7.14113005e-003
    -4.05425625e-003 -1.03049248e-003 0. 0. 6.83247345e-004 0. 0. 0.
    2.57231761e-004 0. -2.25765374e-003 0. -5.28287725e-004
    5.50832599e-004 0. 0. -8.00465496e-005 3.01934034e-003
    2.44190538e-004 -2.98426766e-003 0. -2.55522871e-004 1.46382302e-003
    0. 1.45328289e-003 1.61858350e-002 9.71125998e-003 0.
    5.09285042e-003 1.28867226e-002 -9.66315449e-004 0. 6.53894246e-003
    -1.02390950e-004 6.26237085e-003 2.93990335e-004 0. 0. 0. 0.
    4.11665021e-003 1.38129042e-002 5.25241904e-003 0. -9.77639458e-004
    2.99022114e-003 3.74589534e-003 0. 9.25795117e-004 1.50541411e-004
    0. 0. 8.71753320e-003 -1.64997135e-003 1.91145414e-003
    3.12707014e-003 2.41303630e-003 5.56752272e-003 2.75027705e-003 0.
    0. 6.31970121e-003 0. 0. 2.05435697e-003 1.53241344e-002
    3.67996190e-003 7.46295904e-004 1.38092891e-003 -5.36807813e-004
    1.48371153e-003 2.16209795e-003 -7.71977066e-005 0. 0. 0.
    7.97144417e-003 -3.58076039e-004 5.09459013e-003 0. 3.15535022e-003
    6.07458293e-004 0. 9.47812223e-004 5.14868507e-003 7.28719868e-003
    4.28086147e-003 0. 7.02298887e-004 2.04795916e-002 2.78611016e-003
    5.19324653e-003 0. 0. 0. 0. 1.05553726e-003 2.59659509e-003
    4.44312021e-003 0. 2.58498313e-003 3.71973729e-003 -1.72883552e-003
    0. 4.79174405e-003 1.81292207e-003 0. -2.17555818e-004
    1.26149077e-002 2.19905842e-003 0. 0. 0. 1.64421648e-003
    -1.54364668e-003 -2.94615602e-004 0. 9.42597724e-003 2.98971194e-003
    0. 0. 1.00303092e-003 2.41136248e-003 4.10245731e-003 0.
    9.49673355e-004 0. -5.68657834e-003 3.09913419e-003 -1.58267489e-004
    4.01321845e-003 0. -2.03844998e-003 0. 3.33547266e-003
    1.41397875e-003 -9.45532753e-004 -9.82123776e-004 0. 0. 0. 0. 0. 0.
    3.91390547e-003 0. 0. 1.71030755e-004 3.83487879e-003
    1.81595294e-003 4.61085374e-003 4.18653945e-003 0. 0. 0.
    6.80775801e-003 1.90007954e-003 3.44460225e-003 0. 8.45401548e-003
    9.95353423e-003 -2.12302967e-003 0. 2.85833096e-003 0. 0.
    5.45603503e-003 9.74444207e-003 6.77555241e-003 4.01457219e-004
    5.84418094e-003 5.28917089e-003 5.45118062e-004 0. 0.
    5.00038825e-003 0. 1.71249709e-003 -1.21982652e-003 7.32899643e-003
    3.94254504e-003 5.68294246e-003 1.99816725e-003 0. 6.22099871e-003
    0. 6.13504276e-003 0. 0. 0. 5.31729683e-003 0. -2.71004695e-003 0.
    1.53058546e-003 0. 1.77888840e-004 -2.14397834e-004 0.
    9.30638425e-003 8.91658943e-003 0. 1.76252390e-003 0.
    4.92378650e-003 2.84699025e-004 0. 5.67523937e-004 2.15438940e-003
    4.79414826e-003 9.61980876e-003 0. 0. -1.03095267e-003 0. 0. 0. 0.
    0. 2.66657979e-003 2.78532715e-003 -5.48291078e-004 -1.24259619e-003
    0. 1.33235566e-003 0. 2.58319522e-003 3.24318209e-003 0.
    1.85427221e-003 -7.70839863e-004 7.55849294e-003 -1.40428485e-003
    4.70977742e-003</data></imageDescriptor>
</opencv_storage>
