<?xml version="1.0"?>
<opencv_storage>
<imageDescriptor type_id="opencv-matrix">
  <rows>1</rows>
  <cols>500</cols>
  <dt>f</dt>
  <data>
    4.12002578e-003 2.82845879e-003 1.39253295e-003 0. 0.
    1.20341331e-002 0. 0. -3.23039189e-004 1.85278011e-003
    -1.71587992e-004 0. 0. 0. 0. 2.78038136e-003 0. 8.38641264e-003
    2.04143487e-003 1.49091822e-003 2.98903137e-003 0. 0. 0.
    -9.63458500e-004 0. 1.66732166e-002 1.42894848e-003 0.
    2.42694258e-003 0. 0. 0. 1.16200128e-003 8.92318727e-004 0. 0. 0. 0.
    1.17927336e-003 1.20672192e-002 -2.33108713e-003 1.65734557e-003
    -3.24363145e-003 0. 0. 3.72335967e-003 0. 1.90854969e-003
    4.24752571e-003 3.85852251e-003 1.65101874e-003 0. -1.22359057e-003
    0. 1.78809986e-002 1.03710347e-003 0. 0. 1.06742012e-003
    2.59205117e-003 2.30073184e-003 3.99348419e-003 1.18676329e-003 0.
    9.19391029e-003 0. 0. -5.68144431e-004 3.08936462e-003
    -9.84612780e-005 0. 3.42613179e-003 5.18444926e-003 0.
    -2.21592770e-003 0. 0. 0. 1.66591059e-003 1.45707862e-003
    -6.31060125e-003 4.08320688e-003 9.99654760e-004 7.35059613e-003
    7.63897458e-003 1.63956382e-003 4.79750894e-003 -1.79426419e-003
    3.71913682e-003 1.52565958e-002 1.15254967e-004 9.04791959e-005 0.
    1.05545518e-003 2.53401173e-004 6.06777146e-003 0. 0.
    -3.91346496e-003 0. 0. 4.73571330e-004 2.57066172e-002 0. 0.
    -5.86084207e-004 -1.28614862e-004 0. 4.04541427e-003 1.12835213e-003
    1.12014208e-002 8.43779009e-004 2.45021749e-003 2.03621499e-002
    2.18939967e-003 0. 0. 6.85195578e-003 4.28773416e-003 0. 0.
    2.53989594e-003 0. 0. 0. 4.76195652e-004 0. 0. 8.27026379e-004 0.
    1.15952017e-002 0. 9.28818714e-003 0. 6.72863272e-004
    7.17370166e-003 8.68369266e-003 4.79372032e-003 3.45525844e-003 0.
    3.68862390e-003 0. 0. 0. 6.64568739e-003 0. 3.57134826e-003 0. 0.
    3.50211142e-003 4.78561828e-003 4.60983673e-003 0. 3.81336524e-003
    0. 6.16673008e-003 -2.42480566e-003 2.24695378e-003 0. 0.
    7.48715174e-005 8.09195265e-003 4.62475512e-003 1.36579305e-003
    -4.97101981e-004 1.65796129e-003 -1.64699275e-003 0. 0.
    2.47123139e-003 6.21658110e-004 -2.28067604e-003 9.90365283e-004
    8.26733303e-004 3.47884395e-003 -3.95295850e-004 0. 0.
    2.94745364e-003 0. 5.68556739e-003 0. 1.26367982e-003
    2.89779925e-003 4.81110578e-003 6.15158491e-003 0. 0.
    4.99200961e-003 0. 3.17004439e-003 0. 0. 3.33031802e-003
    1.58038817e-003 0. -2.29732235e-004 4.24622232e-003 2.03934801e-003
    6.47935143e-004 0. -2.93563027e-003 0. 5.05295163e-003
    1.09043112e-003 1.14825903e-003 4.17323364e-003 5.95143810e-003
    4.79346234e-003 0. 6.09123800e-003 0. 0. 0. 3.36770015e-003
    1.53602334e-003 -2.53250380e-003 4.06937720e-003 9.05321853e-004 0.
    9.53502022e-003 1.38547982e-003 2.34385673e-003 3.18317302e-003
    1.67795899e-003 -6.36595869e-005 1.90259377e-003 7.93274771e-003
    5.79721434e-003 1.36161945e-003 5.63037395e-003 0. 3.85601772e-003
    0. 1.35693494e-002 0. -1.79714509e-004 4.98805195e-003
    -1.00009271e-003 7.70883216e-003 3.34355980e-004 9.55313351e-003
    5.01022954e-003 0. 3.62677057e-003 2.02033692e-003 1.93116919e-003
    -1.64647901e-003 1.92393421e-003 3.98229482e-003 2.15632329e-003
    8.98610521e-003 -1.18922500e-003 0. 0. 0. 1.35335419e-002
    -6.82182319e-004 0. -6.80086305e-005 2.48440541e-003 0.
    1.38502428e-002 0. 1.19066546e-002 -4.87686973e-003 0.
    5.68207446e-003 0. 0. 7.39865052e-003 1.77936302e-003
    5.96834114e-004 1.39903452e-003 2.14365311e-003 -1.29446620e-003
    1.88636256e-003 0. 7.13934540e-004 2.91220332e-003 -1.13532308e-003
    3.10805044e-003 1.55998766e-003 4.77938447e-003 3.11104977e-003
    1.90040708e-004 6.20000530e-004 0. 1.24684186e-003 3.77123384e-003
    6.10342901e-003 5.22243790e-003 0. 4.10568714e-003 0.
    6.17047213e-003 -5.96493424e-004 3.87124275e-003 0. 4.17404110e-003
    1.22160213e-002 7.63145857e-004 3.28234979e-003 0. 0.
    1.31838571e-003 0. 0. 1.71248994e-005 0. -1.83651224e-004
    1.50545116e-003 0. 0. 3.75357317e-003 0. 0. 8.30939412e-003 0. 0.
    5.99359581e-003 0. 8.36170651e-003 -9.55663505e-004 -3.24485707e-004
    0. 0. 3.53582948e-003 5.46067394e-003 4.59221704e-003
    4.74110898e-003 4.17107437e-003 0. 6.76029921e-003 3.30491085e-003
    1.21835654e-003 1.70990508e-002 1.61087338e-003 -1.48302515e-003
    5.57459891e-003 2.79193441e-003 -1.62788748e-003 4.16936353e-004
    1.32350047e-004 2.00260873e-003 1.84727449e-003 0. 0. 0. 0.
    2.34428188e-003 1.00375211e-003 -3.06482450e-003 0. 2.01183767e-003
    0. 0. 2.23914813e-003 1.67211192e-003 0. 4.12732037e-003 0.
    1.34696374e-002 6.13907352e-004 5.68832597e-003 8.98536108e-003 0.
    4.40044329e-003 -9.90451153e-005 -1.39430782e-003 -1.00149564e-003
    -9.86832893e-004 1.60297297e-003 2.00916757e-003 0. -3.84441286e-004
    0. 0. 0. -9.29123664e-004 1.01135252e-003 0. -3.58314230e-003 0.
    1.34288319e-004 4.96140076e-003 0. 1.08108122e-003 3.48107680e-003
    0. 0. -1.41347060e-004 0. 0. 1.01545989e-003 2.02078442e-003
    1.11565937e-003 2.31258036e-003 0. 3.49080889e-003 1.14005078e-002
    4.15468123e-003 5.56767965e-003 0. -3.63739184e-003 1.63972646e-003
    4.51873243e-003 0. 0. -2.90752924e-003 0. 5.76294400e-003
    9.19247337e-004 1.81623429e-004 4.34648013e-003 0. 0.
    3.86924995e-003 2.93721119e-003 2.52026250e-003 -2.94998725e-004
    1.93015002e-002 0. 0. -8.21355847e-004 4.53211414e-003
    9.79848392e-003 -1.95091750e-004 -7.15468777e-004 4.31079837e-003
    6.61992189e-003 0. -2.86324357e-004 9.07113485e-004 1.74007821e-003
    3.19829094e-003 5.74122323e-003 -1.37897197e-003 2.39488995e-003
    8.19250883e-004 2.34916667e-003 0. 1.45037309e-003 0. 0. 0.
    1.99126522e-003 3.88544472e-003 3.75726889e-003 0. 0. 0. 0. 0. 0. 0.
    2.59523746e-003 0. 0. 4.85382834e-003 0. 0. 3.96002969e-003 0.
    1.14872456e-002 -2.57204054e-004 2.35971040e-003 0. 1.96720310e-003
    2.68168375e-003 0. 2.29130825e-003 0. 3.04665230e-003
    4.87610046e-003 5.32345846e-003 3.83736519e-003 1.26865270e-004
    3.84890940e-003 2.98296392e-004 -3.16278107e-004 0. 9.69891436e-004
    -2.07800389e-004 4.78211138e-003 0. 0. 0. 1.01449657e-002 0. 0. 0.
    3.79742851e-004 5.40188234e-003 0. 0. 0. 0. 4.26487008e-004</data></imageDescriptor>
</opencv_storage>
