<?xml version="1.0"?>
<opencv_storage>
<imageDescriptor type_id="opencv-matrix">
  <rows>1</rows>
  <cols>500</cols>
  <dt>f</dt>
  <data>
    4.28444846e-003 -5.45800489e-004 0. 2.16253015e-004 1.16256624e-003
    0. 1.36528374e-003 3.16788239e-004 2.46551866e-003 2.59425578e-004
    -1.26320228e-003 0. 0. -6.98210020e-003 9.19660495e-004 0. 0.
    1.45874955e-002 8.54832178e-004 0. 8.93211085e-003 3.08980909e-003
    0. 5.47559583e-004 3.63509054e-004 5.47661120e-003 3.98971606e-003
    6.31632097e-003 1.38435951e-002 3.30951693e-003 7.36798439e-003
    6.50390983e-004 4.71058907e-003 9.11853369e-003 1.50771241e-003 0.
    1.23336609e-003 -2.62141897e-004 -1.33150897e-003 6.29136863e-004 0.
    1.05759548e-003 1.46318832e-003 1.88046508e-002 -2.98718252e-004
    1.68796256e-003 1.04387188e-002 1.51773100e-003 2.85184779e-003
    2.60478188e-003 0. 5.04940050e-003 8.25563038e-005 0.
    -1.20136654e-003 -1.15827331e-003 2.46026600e-003 9.91202192e-004
    -1.17842479e-004 5.10256318e-003 1.83507893e-003 1.85438897e-003
    4.74786526e-003 -2.14963523e-003 3.09271818e-005 3.57627822e-003
    3.83729348e-004 -3.73617630e-004 1.53757946e-003 3.38022225e-003
    5.64547954e-004 1.94255076e-003 6.75245514e-003 1.69874355e-003
    -2.94139871e-004 0. 0. 0. -1.87256292e-003 2.72898906e-004
    5.48534887e-003 1.76580697e-002 1.55169086e-003 1.45158672e-003
    2.19838787e-003 7.97571801e-003 3.60537251e-003 0. 2.39239703e-003
    2.53525469e-003 -1.40969525e-004 2.46595195e-003 3.22225760e-003 0.
    1.02918909e-003 4.34902823e-003 1.04397454e-003 0. 6.81499718e-004
    1.53579807e-003 6.09801093e-004 0. 9.05415160e-004 2.07377272e-003
    3.91309429e-003 3.93297669e-004 2.70884950e-003 6.96658064e-003
    2.05813165e-004 2.89083761e-003 1.39048637e-003 1.46860734e-003
    1.79690681e-003 3.63248313e-004 0. 0. 1.84987823e-003
    5.08025289e-003 7.41273980e-004 2.24276702e-003 3.26875394e-004
    3.89531394e-003 -2.20610862e-004 3.32342950e-003 2.02185148e-003 0.
    -4.49789717e-004 8.93948309e-004 0. 5.27349184e-005 0.
    3.38987052e-003 2.09655380e-003 0. 6.53937552e-003 0.
    6.66580489e-003 -1.46829640e-003 -7.20636337e-004 4.05242108e-003 0.
    0. 1.26412744e-003 2.99189147e-003 1.21299038e-003 4.51293029e-003
    3.34955024e-004 0. 0. 0. 7.47440150e-003 -2.51825550e-004
    6.51168055e-004 5.26814582e-003 7.12984242e-003 0. 5.53131243e-003
    0. 2.00600456e-003 1.62548071e-003 0. 2.47755134e-003
    1.16706896e-003 6.73260773e-004 4.73923748e-003 2.52504228e-003
    2.43146904e-003 4.05103387e-003 2.20203167e-003 7.08719250e-004 0.
    1.06000225e-003 -2.71036080e-003 7.05764815e-003 2.17009638e-003
    -1.93036080e-003 4.59402800e-003 0. 1.91488434e-004 0.
    1.51572353e-003 -9.49142268e-005 1.90913514e-003 9.41450708e-004
    4.05346183e-003 5.30756637e-003 3.26044136e-003 0. 1.33680610e-003
    1.86495241e-002 6.12771418e-003 8.54876824e-004 -9.27671441e-004 0.
    0. -4.78919275e-004 -1.51525927e-003 -1.36611040e-003
    1.34268764e-003 2.20922148e-003 0. 0. 2.55248137e-003 0.
    5.44777978e-003 2.06929957e-003 1.17867952e-002 1.65969692e-003
    4.72164480e-003 0. -1.54144678e-003 1.50210736e-003 2.71657645e-003
    3.38424719e-003 4.24816459e-003 2.09848513e-003 0. 9.70630161e-003
    4.88341413e-003 -1.76133195e-004 0. 8.85738991e-003 0.
    1.38103543e-003 2.05276161e-003 1.90978742e-003 4.56670532e-003 0.
    6.81749021e-004 4.40655416e-003 1.02879689e-003 -1.11823145e-003
    4.97563090e-003 6.41271658e-003 0. 1.34127205e-002 0.
    2.81680049e-003 9.98079428e-004 7.62326177e-004 6.05205831e-004
    -3.51130683e-003 0. 5.98632032e-003 4.75769443e-003 -6.23007538e-004
    0. 0. -1.18023250e-003 1.89957238e-004 1.82739389e-003
    2.20385027e-005 1.78896217e-003 9.53574199e-004 0. 3.67727363e-003
    2.20942125e-003 7.90842157e-003 0. 1.10636139e-003 1.99377583e-003
    4.01418144e-003 4.70646005e-003 7.32068671e-004 -3.05970781e-004 0.
    7.97742326e-003 2.10313592e-003 2.81283935e-003 3.10640875e-003
    5.08246070e-004 1.05825933e-002 2.57648574e-003 -4.05966130e-004 0.
    6.68123830e-004 4.43533715e-003 -7.70797487e-004 1.73147453e-003
    -9.28044727e-004 -4.66667087e-004 8.87045637e-004 -5.84985653e-004
    1.27584697e-003 6.22020382e-003 -1.37236412e-003 2.63851346e-003
    4.63494129e-004 0. 1.95821351e-003 1.73319585e-003 0.
    2.11549643e-003 0. 1.01809402e-003 4.41665156e-003 2.42997846e-003
    5.98801160e-003 1.99193158e-003 -3.06148024e-004 9.75606454e-005
    5.41501446e-004 2.03099963e-003 3.30007030e-003 0. 4.64957161e-003
    2.08962034e-003 0. -3.19281389e-004 1.82488491e-003 3.69432056e-003
    -2.69279443e-003 1.68281980e-002 3.57805588e-003 0. -6.76483673e-004
    2.61093886e-003 1.03994375e-002 1.98205491e-003 -1.09720847e-003
    -1.68773299e-003 2.26419317e-004 8.78855353e-004 2.93778442e-003
    8.62870598e-004 3.09419958e-003 0. -2.97550025e-004 0.
    1.32959452e-003 5.41311875e-003 0. 0. 6.74220093e-004
    2.53820000e-003 1.47102366e-003 0. 1.24579517e-003 8.76403472e-004
    -7.91117083e-004 -2.36978615e-003 -3.96502175e-004 3.46133718e-004
    1.56567758e-003 1.26205245e-003 1.48997118e-004 0. 0.
    1.02262164e-003 1.03402196e-003 4.06589679e-004 6.94243936e-003
    2.03784672e-004 0. 1.06891722e-003 -2.30003770e-005 1.94284529e-003
    3.53640853e-003 2.67289812e-003 -1.98773528e-003 0. 1.46301987e-003
    2.13102158e-003 3.19197658e-003 3.93468188e-003 2.36779451e-003
    2.87530478e-003 0. 1.00745605e-002 1.29127142e-003 2.39034626e-003
    3.14267189e-003 3.29085370e-003 -2.17068999e-004 8.75349971e-004
    -9.12329240e-004 2.22103181e-003 0. 8.47807992e-003 0.
    -2.88578495e-003 1.65030919e-002 6.70904806e-003 2.05357140e-003 0.
    7.75868585e-003 8.48136935e-003 2.65022303e-004 4.01443243e-003
    6.01836992e-003 1.74790178e-003 2.50433804e-003 3.66008119e-003
    2.78383098e-003 1.50154566e-003 -6.58607052e-004 5.06883813e-003
    1.15206488e-003 3.86696169e-003 4.62290554e-005 1.60308008e-003
    -3.20770149e-003 1.69125793e-003 1.03402894e-003 3.30891972e-003
    2.10437854e-003 0. -2.13248582e-004 0. 0. 0. 5.82002150e-003
    2.56454991e-003 1.49954297e-003 3.54008307e-003 1.90911966e-003 0.
    6.58337609e-004 1.08552575e-002 1.43798708e-003 2.02597072e-003 0.
    2.06856080e-003 8.45382514e-004 5.15049417e-003 0. 2.33966066e-003
    1.04437734e-003 -1.32383965e-003 9.31989867e-003 0. 8.25910422e-004
    2.99314386e-004 0. 3.72565677e-003 1.54067145e-003 0.
    4.03554831e-003 4.58170846e-003 0. 4.34122141e-003 4.04628227e-005
    0. 4.45587881e-004 1.00176102e-002 0. 1.06571903e-002
    5.49424789e-004 0. 1.60632585e-003 -7.22215045e-004 1.14148259e-002
    -9.68345557e-004 4.67058679e-004 7.74157816e-004 0. -9.73429924e-005
    1.32287922e-003 2.12874869e-003 5.37735363e-003 6.27007987e-003
    2.20242818e-003 2.69700517e-003 3.39102512e-003 1.31234527e-003 0.
    1.01579039e-003 -6.56498712e-004 5.38976456e-004 0. 5.83762024e-003
    0. 4.23314609e-003 1.08537020e-003 0. -1.90212415e-003
    1.16299593e-003 1.42595603e-003 -7.57739181e-004 -7.17257499e-004
    1.15151936e-003 3.03767109e-003 7.76425411e-004 6.76752627e-003
    3.21203307e-003 2.52127927e-003 0. 1.79991859e-003 4.78545297e-003
    0. -3.99909841e-005 2.02648505e-003 2.71059386e-003 0.
    4.20941884e-004 1.08698010e-003 6.14771107e-003 5.26170619e-003 0.
    -9.74211725e-004</data></imageDescriptor>
</opencv_storage>
