<?xml version="1.0"?>
<opencv_storage>
<imageDescriptor type_id="opencv-matrix">
  <rows>1</rows>
  <cols>500</cols>
  <dt>f</dt>
  <data>
    -3.64787338e-005 -4.29490535e-003 0. 0. 1.95572618e-003 0. 0. 0.
    -2.79046973e-004 1.26656238e-003 -3.50982213e-004 0. 3.90965259e-003
    0. 9.09410976e-003 0. 0. 7.88791012e-003 4.81339433e-004 0.
    1.42410873e-002 1.42342551e-003 0. 0. 0. 1.33910775e-002
    9.50351357e-003 0. 0. 2.74544675e-002 4.34843600e-002
    -4.49343212e-003 0. -5.77533327e-004 0. 0. 5.91986114e-003
    5.90637745e-003 -2.00656336e-003 7.65922293e-003 0. 8.51559173e-003
    8.04038811e-003 0. 0. 0. -8.53834033e-004 3.95013904e-003
    1.42167034e-002 0. 0. 3.43310181e-003 1.84331520e-003
    -1.27275020e-003 0. 1.57793041e-003 0. 0. 0. 1.26049966e-002
    3.67314625e-003 1.61995296e-004 0. 5.84657653e-004 9.96152055e-004
    0. -2.09207041e-003 0. 0. 0. 2.58380268e-003 -4.84440650e-004
    3.17243184e-003 -5.21250442e-003 0. 0. 0. 8.32364149e-003 0.
    2.86093261e-003 3.39580490e-003 9.54315416e-004 0. 0. 0.
    1.26888929e-003 3.66547471e-003 9.88701009e-004 0. 0.
    4.77582589e-003 0. 2.45356397e-003 -2.47111748e-004 0. 0. 0. 0. 0.
    2.52708141e-003 0. 0. 7.28996284e-003 1.66360866e-002 0.
    4.80257208e-003 0. 1.36156622e-002 0. 0. 3.47927003e-003
    1.62800297e-003 -4.81563591e-004 0. 0. -1.23563898e-003 0. 0. 0. 0.
    1.00413314e-003 1.04283663e-002 0. 8.17123707e-003 3.28451768e-003
    0. 6.15186943e-003 0. -1.12016429e-003 2.62042694e-003 0. 0.
    1.21105192e-002 0. 0. 1.29745314e-002 0. 1.16911195e-002
    5.36086131e-003 1.04419738e-002 5.02666738e-003 0. 0. 0. 0. 0.
    3.87256825e-003 4.08575265e-003 0. 0. -5.34209143e-003 0. 0.
    8.90073925e-003 0. 0. -5.63840498e-004 0. 2.57498422e-003 0.
    8.26180726e-003 0. 1.22924075e-002 0. -2.01995746e-004 0.
    4.34744218e-003 0. 3.21001338e-004 0. 0. 0. 0. 0. 0. 0.
    1.31278094e-002 0. 0. 5.79777546e-003 -3.69426503e-004 0. 0.
    -2.74816732e-004 0. 6.07421680e-004 -3.58780357e-003 0. 0. 0. 0. 0.
    0. 0. 1.43767952e-003 2.37232610e-003 0. 0. 0. 2.23682821e-003
    2.28833780e-003 0. 0. 0. 0. 3.84015846e-003 0. 0. 6.14149123e-003 0.
    0. 0. 0. 0. 1.23231392e-003 0. 0. 0. 0. 4.04870324e-003 0. 0.
    2.44666520e-003 6.77998271e-003 1.15821566e-002 2.16806065e-002
    2.23214552e-003 6.03596214e-003 0. 3.24607617e-003 4.88905655e-003
    -1.11607404e-003 4.74180887e-003 3.58617515e-003 -1.08622783e-003
    7.94956088e-003 0. 8.54761340e-003 2.09195428e-002 0.
    2.38867733e-003 0. 2.55104527e-003 0. 2.04540789e-002 0. 0. 0. 0.
    8.89265537e-003 -4.17972961e-003 4.35559824e-003 4.77224775e-003 0.
    0. 0. 4.58414340e-003 4.24921187e-003 0. 0. 1.92193751e-004
    1.01374593e-002 0. -2.39478052e-003 0. 3.38885398e-003
    -9.79595468e-004 0. 0. 5.96036902e-003 0. 3.26483999e-003 0. 0.
    1.79686013e-003 -2.94783065e-004 0. 0. 0. 4.87751653e-003
    3.28706205e-003 0. 7.12322711e-004 0. 0. 3.90438145e-005 0.
    -4.14762122e-004 2.37990869e-003 9.14846722e-004 2.66554835e-003
    4.21028864e-003 7.51765538e-003 0. 6.05852227e-004 -2.42285081e-003
    0. 4.10307338e-003 9.23628267e-003 -2.72883778e-003 0.
    -4.02004924e-003 1.20339554e-003 3.44258756e-003 0. 2.33628228e-003
    -4.48100443e-004 0. 0. 0. 0. 0. 0. 0. 0. 8.88033397e-003 0.
    5.25873946e-003 2.54534301e-003 0. 6.30590925e-003 4.26768791e-003
    1.25987350e-003 2.14239373e-003 0. 4.24960582e-003 0. 0. 0.
    -7.76654124e-005 0. 0. 0. 5.50395716e-003 0. 0. 4.87084128e-003 0.
    0. 0. 4.03067237e-003 1.70533289e-003 -2.36960244e-003 0. 0. 0. 0.
    0. 0. 2.77373032e-003 0. 2.36421591e-003 0. 0. 4.18479409e-004
    -1.51401199e-003 -2.11326333e-004 2.76985690e-002 0. 0. 0. 0.
    5.20161632e-003 0. 0. 0. 2.28841440e-003 0. -7.56668567e-004
    5.42082544e-003 0. 7.30230426e-003 0. 0. 7.13451253e-003
    1.19575195e-003 2.35492433e-003 2.17895163e-003 0. 0.
    3.95958731e-003 3.71117122e-003 3.53399990e-003 6.26638439e-003
    5.68578951e-003 0. 1.00911013e-003 2.71081971e-003 1.37214512e-002
    -1.07150339e-003 1.29695795e-002 2.33593467e-003 5.97866764e-003
    9.09463316e-003 3.39630321e-002 0. 3.09781078e-003 5.01900539e-003
    0. 0. 0. 1.66080368e-003 5.78812510e-003 2.53137457e-003 0. 0.
    2.35447031e-003 0. 0. 0. 3.99943022e-003 2.44513783e-003 0. 0. 0. 0.
    0. 4.87320637e-003 0. 0. -5.06731262e-003 0. 4.18825820e-003
    2.03429605e-003 6.17072871e-003 0. 0. 0. 0. -8.77593295e-004
    2.62440764e-003 0. 0. 0. 0. 8.25861562e-003 0. 0. -2.25609238e-003
    0. 0. 0. 0. 1.15270808e-003 0. 4.64331219e-003 0. 0. 0. 0. 0. 0.
    1.97226787e-003 4.11308790e-003 4.70944634e-003 6.51672250e-003
    7.35357450e-003 0. -4.75899503e-003 0. 3.63874063e-003
    1.77103491e-003 5.11902384e-003 0. 0. 0. 0. 0. 0. 0.
    -2.61465016e-006 -3.82512505e-003 0. 5.01134153e-003 0. 0.
    -6.58851350e-004 0. 0. 1.15372613e-003 1.27023004e-003 0.
    5.69022866e-003 0. 0. 0. 0. 0. 0. 0. 1.24062160e-002 0. 0.
    2.55429489e-003 4.71469294e-003 2.55560153e-003 9.00880806e-003
    2.15671211e-003 0. 1.02517037e-002</data></imageDescriptor>
</opencv_storage>
