<?xml version="1.0"?>
<opencv_storage>
<imageDescriptor type_id="opencv-matrix">
  <rows>1</rows>
  <cols>500</cols>
  <dt>f</dt>
  <data>
    9.42371786e-004 7.88083125e-004 2.75555206e-003 4.27874597e-003
    2.22162204e-003 5.39581757e-003 0. 9.07730963e-003 0. 0. 0. 0. 0. 0.
    0. 0. 8.61186627e-003 7.85765424e-003 2.97555258e-003
    -1.51432166e-003 1.70328431e-002 8.59863823e-004 0. -1.15156152e-004
    1.22083700e-003 4.41407226e-003 1.11655351e-002 3.50661250e-003
    2.68488028e-003 9.61782783e-003 1.26303835e-002 0. 0.
    2.98121688e-003 0. 2.66413996e-003 6.19060686e-003 0. 0. 0.
    -7.50867533e-004 3.03209410e-003 1.45641170e-004 0. -2.28088745e-003
    1.92425586e-003 5.30989724e-004 1.70144602e-003 1.21971092e-003 0.
    3.93843092e-003 1.49170076e-003 0. 0. 1.27959286e-003
    4.29747999e-003 6.27838017e-004 0. 0. 0. 2.96654459e-003
    8.47085146e-004 1.55664410e-003 -2.28133239e-003 -3.33955657e-004
    3.25001031e-003 1.90411881e-003 1.65941819e-004 0. 0. 0.
    2.77091656e-003 0. 4.51694848e-003 5.84294926e-003 2.30162172e-003
    -1.73550693e-003 5.36782108e-003 4.93244035e-004 3.80383641e-003 0.
    2.53922492e-002 0. 1.52406283e-002 7.77040096e-003 0.
    2.22817506e-003 1.03083830e-002 0. 1.10205151e-002 0.
    -9.63145867e-004 1.32831233e-003 4.08465508e-003 5.22023346e-003
    8.65878188e-004 0. 0. 3.20428982e-003 7.97995832e-003 0.
    7.63066253e-003 0. 1.14242202e-002 0. 0. 0. 5.01739373e-003 0.
    1.35910017e-002 0. 0. 0. -3.99631390e-004 0. 5.00863534e-004
    9.94337350e-003 3.58244195e-003 2.91478145e-003 3.54428281e-004
    1.32276339e-003 8.84668622e-003 0. 1.82964187e-003 2.63477373e-003
    -9.85702383e-004 0. 0. 0. 0. 2.18092394e-003 2.09872820e-003 0. 0.
    1.80796180e-002 0. 1.93433766e-003 0. -1.49901060e-003 0. 0. 0. 0.
    0. 2.51088175e-004 0. 6.93679380e-004 5.04637090e-003 0.
    3.96827469e-003 -2.29362748e-003 1.76735094e-003 0. 0.
    8.89317784e-003 -8.82416556e-004 6.90467749e-003 2.98803585e-004
    1.15115009e-002 7.80729437e-003 8.17921711e-004 2.77911010e-003
    9.60854068e-003 -4.04967868e-004 -6.01489213e-004 2.46069138e-003
    2.25652964e-003 1.86771533e-004 2.46125110e-003 -3.45265702e-003
    2.22068396e-003 9.55966127e-004 0. -9.64264545e-005 -2.76838802e-003
    0. 1.32197049e-003 0. 0. 3.53482552e-003 0. 3.39829270e-003 0.
    3.22083104e-003 0. 1.02230348e-002 1.25419698e-003 4.15455550e-003
    6.12813234e-003 4.14049346e-003 6.20628102e-003 2.41302699e-003 0.
    0. 0. 4.46470192e-004 0. 5.19668963e-003 0. 0. 0. 2.27222010e-003
    2.43161689e-003 2.06653797e-003 6.30455208e-004 7.46217149e-004
    3.86580738e-004 8.71657208e-003 1.71770123e-004 -3.01160500e-004
    -1.55939627e-003 8.11545085e-003 8.02207156e-004 0. 3.91534064e-003
    5.85156400e-003 0. 0. 1.68329186e-003 1.63015246e-003 0. 0. 0. 0.
    3.28865298e-003 4.08417173e-003 -1.16092071e-003 2.12294818e-003 0.
    5.14254672e-003 0. 9.41855460e-003 0. 7.34972628e-003 0.
    1.70980813e-003 -5.47966774e-005 9.41577135e-004 0. 0. 0.
    5.26908610e-004 0. -4.25028120e-004 6.06792094e-003 2.22370028e-003
    -1.67596200e-003 -8.12137383e-004 0. 2.11279001e-003 2.19259644e-003
    5.36218612e-003 5.55385835e-004 1.42595207e-003 0. 2.98369210e-003
    5.83244069e-003 0. -3.26690904e-004 0. 0. 1.09623082e-003 0.
    1.08798137e-002 0. 1.82377361e-003 2.31070258e-003 2.04535713e-003
    0. 0. 1.61988311e-003 2.19739799e-004 3.99225112e-003 0.
    1.57487008e-003 9.96288378e-003 1.95802329e-003 0. -3.56109464e-004
    2.17179488e-003 2.16644560e-003 3.91167076e-003 3.80168622e-003 0.
    4.27524559e-003 9.32789815e-004 1.88253180e-003 -4.52985987e-003
    1.01022795e-003 4.18761931e-003 2.56380718e-003 0. -4.67552076e-004
    1.01707540e-002 -4.24617698e-004 -1.05195120e-003 0.
    -2.59838020e-003 0. 7.55938515e-003 2.61195283e-003 -1.76142625e-004
    -5.18635672e-004 1.87939312e-003 4.40779026e-004 0. 3.38457827e-003
    6.99790660e-003 -1.65186147e-003 2.36968836e-003 0. 2.59506120e-003
    5.50151453e-004 0. 6.67609784e-005 3.30379908e-003 3.29216477e-003
    4.61932877e-003 3.73555673e-003 5.36685158e-003 0. 1.27452298e-003
    0. 0. -1.27145916e-003 0. -2.41008960e-003 0. 1.35823735e-003
    5.41875314e-004 0. 3.80601548e-003 0. 3.41351936e-003
    -8.22406728e-004 0. -1.15644454e-003 1.69349741e-003 6.59200537e-004
    0. 7.87755940e-003 8.74297600e-003 -1.99717892e-004 3.24566336e-003
    3.89899542e-005 1.32094463e-003 0. 6.50548376e-004 6.50772639e-003
    0. -7.96148088e-004 0. 0. 1.27055710e-002 1.06561871e-003
    3.10912961e-003 0. 0. 0. 2.17938144e-003 0. 0. 1.44723244e-003
    1.49196573e-003 5.44855790e-003 3.30594834e-003 0. 0.
    -5.09295287e-003 -1.07951346e-003 4.12948523e-003 0. 1.90266862e-003
    -4.01065592e-003 0. 0. 0. 0. 3.30679212e-003 0. 6.17295504e-003
    3.33415461e-003 7.15764938e-003 1.23503702e-002 5.02077816e-003
    -4.10310749e-004 2.18468346e-003 7.53647764e-005 3.29738366e-003
    9.03261884e-004 3.42605566e-003 4.72059660e-003 4.24414547e-003
    -8.68681411e-004 1.08317123e-003 5.12980577e-003 2.58213095e-003
    5.24325203e-003 3.45561188e-004 4.79887519e-003 9.23006143e-003
    7.07531068e-003 0. 5.63393766e-003 0. 1.61462568e-003
    1.11250803e-002 0. 0. 0. 8.84954538e-003 3.75803793e-003
    3.68284807e-003 4.39495500e-003 6.94951043e-003 0. 2.47107842e-003
    2.96852726e-004 3.11576063e-004 2.26217601e-003 2.44529429e-003
    -1.19414348e-004 8.88013560e-003 0. 0. 2.53533223e-003
    -2.75437417e-003 2.23615207e-003 7.38682039e-003 4.42875735e-003
    3.60246049e-003 3.37912957e-003 0. 3.94931342e-003 0. 0. 0. 0.
    6.76517515e-003 0. 4.38451767e-003 7.71337049e-003 0.
    3.68137239e-003 0. -3.35784978e-004 6.55735051e-003 3.78882256e-003
    0. 4.06978652e-004 1.69335422e-003 0. 7.49331492e-004
    -1.62909346e-005 0. 5.90543437e-004 8.46349692e-004 -1.34135800e-004
    -4.13558679e-003 1.64707936e-003 -1.95694083e-004 2.83266604e-003
    2.60163960e-003 2.04288843e-003 0. 8.66293069e-003 9.51285381e-003
    1.01109319e-004 0. 1.98353897e-003 0. 1.88015739e-003 0.
    3.30336392e-003 0. 0. 2.45504174e-003 0. 0. 6.40016922e-004 0.
    -2.42584315e-003 2.10661292e-005 0. 3.84295802e-003 0. 0.
    -4.00153222e-003 9.13986377e-003 0. 0. 1.60935533e-003
    2.29794160e-003 3.78856598e-003 1.20338774e-003 5.53117832e-004 0.
    9.16441204e-004 -4.59793984e-004 3.13955219e-003</data></imageDescriptor>
</opencv_storage>
