<?xml version="1.0"?>
<opencv_storage>
<imageDescriptor type_id="opencv-matrix">
  <rows>1</rows>
  <cols>500</cols>
  <dt>f</dt>
  <data>
    8.55154544e-003 3.39030568e-003 0. 0. 0. 4.98796173e-004
    3.92991072e-003 0. 0. 3.14001879e-003 9.12182149e-004 0.
    -2.28581531e-003 5.32190269e-003 3.70764197e-003 0. 0.
    1.72354141e-003 7.79611664e-003 0. 3.01841996e-004 5.61136333e-003
    0. 2.47317739e-003 2.45303102e-003 4.53783839e-004 4.67826985e-003
    9.85849532e-004 1.15429133e-003 -3.87106533e-003 0. 0.
    -7.76467496e-004 4.69113793e-003 3.66947125e-003 3.84813198e-003
    7.61307031e-003 2.07475154e-003 0. 4.57565440e-003 1.54508594e-002
    0. 0. 3.54502257e-003 0. 0. -2.45561101e-003 7.41204759e-003
    8.02726950e-003 -6.23378844e-004 0. 3.13377264e-003 -2.43154494e-003
    0. 0. 1.30852833e-002 7.10681197e-005 -1.24086160e-004
    5.39255841e-003 -3.44894303e-004 2.75036669e-003 3.20037291e-003
    8.88271444e-003 0. -8.35984363e-004 0. 2.45977356e-003 0.
    3.81875411e-003 -1.70426897e-003 4.66539728e-004 0. 0. 0. 0. 0.
    -5.70109871e-004 0. 0. 0. 0. -1.28690409e-003 0. -4.70694795e-004
    5.17715048e-003 0. 0. 0. 6.74877316e-003 0. 5.23457769e-003 0.
    2.24692118e-003 1.32467346e-002 0. 1.18464546e-003 0. 0. 0.
    8.40888650e-004 -1.37742748e-003 3.10695753e-003 1.15995039e-003
    1.25380969e-002 2.18469999e-003 0. 0. -5.57944819e-004 0.
    1.41245802e-003 0. -2.10374186e-004 4.77922661e-003 1.13888355e-002
    8.87076464e-003 0. -4.23839223e-003 0. 4.02083248e-003
    5.57503896e-003 0. 0. 7.44250417e-003 2.03333725e-003 0. 0. 0.
    4.19080490e-003 1.84155989e-003 -1.58355071e-003 0. -4.14895779e-003
    0. 9.63377021e-003 6.47828402e-003 0. 0. 0. 9.64200299e-004
    4.30468051e-003 3.15571204e-003 3.56507814e-003 4.54635825e-003
    -2.82902666e-003 8.72933026e-003 0. 0. 7.22387759e-003 0. 0.
    2.99981469e-003 0. 0. 0. 3.28234583e-003 0. 1.22557338e-002
    -9.59910540e-005 0. 4.33057256e-004 2.53170123e-003 4.86843241e-003
    5.18497545e-003 5.80920186e-003 4.37224144e-003 -4.90413164e-004 0.
    0. 0. -1.87096361e-003 6.05670316e-003 0. 1.27124891e-003
    1.64523278e-003 4.57651354e-003 5.01671061e-003 0. 0.
    -6.86614250e-004 0. 1.92513433e-003 0. 1.87358790e-004
    7.38201290e-003 1.79765048e-003 0. 1.53134950e-003 0.
    -1.91706780e-003 1.96426790e-002 1.16405089e-003 4.64779371e-003 0.
    0. 2.40404229e-003 0. 2.30375328e-003 4.76073520e-003
    -8.54062848e-004 9.19816829e-003 4.57823323e-003 0. 2.70957476e-003
    0. 0. 0. -5.50216937e-004 3.89480870e-003 6.31415704e-003 0.
    -1.60059379e-003 2.37342319e-003 7.55637977e-003 4.54166392e-003
    3.11490207e-004 -9.34125914e-004 0. 9.21215210e-003 4.45176102e-003
    0. 0. 7.25358399e-003 3.82567616e-003 6.43975241e-003
    6.06094161e-003 -1.57341233e-003 -1.43046270e-003 -7.36594939e-006
    6.84525212e-003 1.94148312e-003 7.95997505e-004 0. 7.15504913e-003
    0. 0. 2.29773447e-002 8.21837131e-003 -9.86873638e-004 0.
    2.16886471e-003 0. 2.27349624e-003 1.19368695e-002 3.16678546e-004
    2.74091610e-003 2.61567626e-003 0. -5.59203792e-004 0.
    -2.50274898e-003 3.83449695e-003 0. 5.84817142e-004 3.91107518e-003
    0. -2.27337098e-003 0. 8.18487781e-004 7.77095929e-003 0.
    2.64033792e-003 0. -2.18302198e-003 1.44247357e-002 -4.25801333e-003
    1.14573855e-002 -2.44881987e-004 3.92881397e-004 0. 0. 0.
    2.72419234e-003 0. 0. 0. 0. 1.04001803e-004 2.45299423e-003
    2.62330123e-003 4.61438484e-003 0. -6.70041540e-004 5.45216911e-003
    0. 7.47857150e-003 0. 0. 1.88947399e-003 1.29371168e-004 0. 0. 0.
    8.12020712e-003 -5.02482895e-003 6.64467458e-003 -2.35693296e-004
    6.50729868e-004 1.72566809e-003 1.52192439e-003 0. 5.18162851e-004
    1.44293336e-002 1.99287641e-003 9.32876894e-004 0. -2.16766930e-004
    -1.05015926e-004 3.16111068e-003 8.37286585e-004 -4.35110065e-004
    1.22767035e-003 2.65519833e-003 2.91866192e-004 0. -2.36096256e-003
    1.27273262e-003 1.75125361e-003 2.31459015e-003 1.11364601e-002
    3.28037073e-003 2.81227194e-003 0. 3.73626011e-003 6.88045518e-004
    1.16697350e-003 3.35178315e-003 1.17975369e-003 6.64582476e-003
    -4.39945329e-003 0. 3.50485556e-004 0. 1.63277856e-003
    3.82850948e-003 2.92720203e-003 2.18038331e-003 0. 5.32122143e-003
    5.46866981e-003 0. -1.46800815e-003 -1.86330028e-004
    -2.68231030e-003 0. 1.62659213e-003 3.97988036e-003 0.
    1.38859707e-003 8.07890296e-003 5.25757018e-003 1.08102290e-003 0.
    0. -4.35709953e-003 0. 5.34395967e-003 1.50489807e-002 0.
    7.08974898e-003 7.52703007e-003 1.44018873e-003 0. 2.17193807e-003
    0. 4.23465669e-003 3.70829343e-003 4.12307912e-003 5.03750751e-004
    3.95706110e-003 -4.72075568e-004 1.56609528e-003 0. 2.14334950e-003
    6.10254519e-003 0. 4.64172335e-003 3.04501713e-003 6.01144321e-003
    0. 0. 7.87050405e-004 0. 4.80488129e-003 -3.75405047e-003 0.
    5.20820078e-003 1.74237285e-002 0. 6.07305337e-005 0. 0. 0.
    1.48034515e-003 0. 0. 0. 5.39005222e-003 0. 3.16438149e-003
    2.18372047e-003 5.22210961e-004 -2.67432118e-003 6.95927301e-003
    -2.41942052e-003 0. -1.00147037e-003 5.48794540e-003 0. 0.
    -9.59457466e-005 2.60710530e-003 3.25412070e-003 1.38222892e-002
    -1.21901359e-003 0. 3.71840579e-005 0. 3.83937568e-003 0. 0. 0.
    2.70904810e-003 1.98219484e-003 0. -2.20819889e-003 6.02774648e-003
    3.74561059e-003 0. 2.31882208e-003 0. 0. 1.16775010e-003
    -1.30712893e-003 0. 1.12201134e-002 0. 0. 7.27178482e-003
    5.48767450e-004 1.10074761e-003 0. 9.78087424e-004 0.
    2.54511391e-003 3.44098848e-003 9.54341609e-003 1.60604473e-002
    4.66831174e-004 0. 1.35052372e-002 0. 4.67381869e-005
    9.89994733e-004 0. 2.66940589e-003 0. 7.90829025e-003
    9.76617797e-004 0. 2.02144217e-003 9.69416276e-003 5.79744764e-003
    9.78420489e-004 6.81939488e-003 3.10017588e-003 1.01299519e-002
    4.74450324e-004 0. 1.40754471e-003 0. 9.29942261e-003
    1.46678998e-003 2.83540040e-003 0. 9.52593517e-004 -8.61052889e-004
    0. 0. 0. -4.13572270e-004 0. 1.58704852e-003 1.02722166e-004
    2.91715912e-003 0. 2.66932463e-003 0. 4.29997966e-003
    -3.85358348e-003 1.96358794e-003 3.07083805e-003 0. 3.32937459e-003
    -8.94405821e-005 0. 3.29541974e-003 0. 2.55815778e-003 0.
    -5.73709654e-003</data></imageDescriptor>
</opencv_storage>
