<?xml version="1.0"?>
<opencv_storage>
<imageDescriptor type_id="opencv-matrix">
  <rows>1</rows>
  <cols>500</cols>
  <dt>f</dt>
  <data>
    3.14955716e-004 1.46070065e-003 4.96742548e-003 0. 4.04236745e-003
    0. 0. 0. 5.18902251e-003 -6.28031325e-004 4.34428826e-003
    2.10329425e-003 2.45652022e-003 1.60328497e-003 1.68519618e-004
    9.96012473e-004 0. 0. 0. 1.02071660e-002 3.00099235e-003
    4.81177075e-003 0. 1.27023179e-003 0. 0. 1.38967030e-003
    2.50564120e-003 2.30026641e-003 -2.44724075e-003 1.10828532e-002
    3.97420907e-003 0. 3.04239406e-003 -6.34590833e-005 0.
    3.32106324e-003 2.02952139e-003 3.14816716e-004 7.18775764e-003
    1.31340674e-003 0. 3.60890175e-003 0. 1.29530393e-003
    2.28428771e-003 -3.03956214e-004 2.65723933e-003 0. 4.48193867e-003
    2.09771548e-004 2.97421147e-003 0. 7.16680335e-003 3.93289188e-003
    8.98353942e-003 3.80604318e-003 9.89559223e-004 2.66190548e-003
    2.18810840e-003 9.16506723e-003 1.21026642e-004 4.95001627e-003
    1.27406092e-004 0. 1.34110879e-002 4.64449078e-003 1.49270578e-003
    4.07537492e-003 2.38550245e-003 1.26291066e-003 2.80880975e-003
    2.60253041e-003 8.30324087e-003 7.22499914e-004 2.43965653e-003
    8.88159906e-004 2.35715602e-003 0. 1.66914985e-003 6.69856276e-003
    1.41053140e-004 0. 1.19928422e-003 3.51374783e-003 0.
    2.31556711e-003 3.59866209e-003 6.85423799e-003 8.24803021e-003
    2.49783765e-003 0. 0. 0. 0. 3.78112105e-004 0. 3.15491064e-003
    9.72156646e-004 0. 2.99579580e-003 0. 1.35328877e-003
    5.44533553e-003 0. -1.20920793e-003 0. 0. 0. 0. 1.46270578e-003 0.
    0. 1.61152027e-004 2.01060134e-003 -8.12278595e-004 -1.64744258e-003
    0. 0. -7.30456260e-004 0. 7.11710379e-003 2.94754747e-003
    5.69126010e-003 6.67430600e-003 4.23372770e-003 9.77502321e-004 0.
    4.36588889e-003 2.05424521e-003 3.14115034e-003 1.22425772e-005
    8.69048177e-004 -4.38925577e-004 4.27290006e-003 -2.78855732e-004 0.
    1.06655306e-003 4.03725222e-004 3.63066420e-003 9.44996439e-003 0.
    2.63229827e-004 2.43548024e-003 7.93917454e-004 0. -8.12417595e-004
    -1.03732210e-003 0. 4.76520834e-003 2.70090019e-003 0.
    2.91560381e-003 0. 7.69206882e-003 0. 5.29252517e-004
    1.63841248e-003 0. 0. 6.91387523e-003 3.21452157e-004
    3.63791548e-003 0. 0. 0. 5.33334271e-004 2.49252864e-003 0. 0.
    5.07617428e-004 1.30411214e-003 1.78107957e-003 5.19193755e-003 0.
    0. 2.16801278e-003 0. 4.51622903e-003 9.12769418e-003
    1.24131399e-003 4.40007105e-004 0. 2.16147234e-003 1.38728332e-003
    1.89715601e-003 0. 0. 1.70088676e-003 1.31330797e-002 0.
    7.63661275e-003 0. 2.46356986e-003 0. 3.09863826e-003 0.
    7.89751124e-004 -4.28344210e-004 3.41737503e-003 0. 0. 0.
    3.69285932e-003 0. 0. 1.69528788e-003 0. 0. 0. 0. 0. 6.25157868e-003
    4.25931625e-003 0. 1.51439174e-003 4.09507286e-003 1.77135435e-003
    3.92808055e-004 1.93416292e-003 0. 4.03347611e-003 0.
    4.40567452e-003 8.21599970e-004 1.18980911e-002 0. 1.44959949e-002
    0. 2.73784087e-003 1.57706975e-003 -4.87752346e-004 3.10178497e-003
    2.29727733e-003 -4.51461179e-004 4.61617857e-003 6.57407893e-003 0.
    0. 9.46202409e-003 -2.32622214e-003 1.42496766e-003 3.44754732e-003
    5.67262340e-003 4.60790563e-003 0. 6.21831371e-003 3.05061229e-003
    1.70773210e-003 2.54948484e-003 0. 0. 0. 5.51298773e-003
    1.69444818e-003 0. 7.01325713e-004 1.50347617e-003 0.
    5.67684788e-003 0. 0. 1.86580792e-003 2.75995280e-003 0. 0.
    -3.26430518e-003 5.00087813e-003 0. 7.66292401e-003 2.41447194e-003
    5.53132687e-003 0. 1.48664054e-003 4.08807886e-004 0.
    -5.19231136e-004 4.78429347e-003 -1.31928513e-003 1.41164253e-003
    2.29461724e-003 4.05769609e-003 7.85066630e-004 1.76912465e-003
    -1.29898207e-003 2.13814154e-003 0. 0. 0. 0. 1.38468668e-002
    8.40922818e-003 0. 0. 0. -3.78898066e-003 0. 1.02425436e-003
    2.55060405e-003 1.96948973e-003 1.40927255e-003 9.09675844e-003 0.
    2.72712158e-003 1.53425091e-003 0. 6.04709378e-004 1.11682934e-003
    2.33901618e-003 0. 0. 0. 0. 1.44211587e-003 5.92703233e-004
    5.14108047e-004 0. 0. 0. 0. 6.37580641e-003 3.67007731e-003 0.
    2.35187355e-004 0. 6.40887592e-004 0. 2.64635496e-003 0.
    3.99145437e-003 0. 0. 8.43112823e-004 0. 9.17472597e-003
    8.94369616e-004 3.08810221e-003 0. 0. 3.61970440e-003 0. 0.
    3.44640762e-003 0. 0. 4.17381944e-003 0. 1.60258182e-003 0.
    2.41071009e-003 -7.67614227e-004 0. 0. 2.89040385e-004
    2.37851986e-003 2.10213405e-003 5.61185591e-002 2.44681793e-003
    5.50330733e-004 3.91854160e-003 3.62970866e-003 0. 0. 0.
    6.16259174e-003 1.04003982e-003 0. 0. 1.60600943e-003
    1.63289858e-003 -6.22669526e-004 -7.58834707e-004 0. 0. 0.
    2.42076558e-003 -2.21258658e-003 7.74734712e-004 3.88646801e-003 0.
    -1.04995200e-003 -1.38282811e-003 6.05771644e-003 1.84983504e-003
    7.87110254e-003 0. 4.20041149e-003 3.23417829e-003 -3.72075988e-003
    2.50214594e-003 3.61781707e-003 2.80042388e-003 0. 1.12894280e-002
    0. 6.21494092e-003 7.07442639e-003 5.62401209e-003 0.
    5.87218301e-003 5.64407511e-003 1.08393403e-002 -1.35017303e-003
    6.20001787e-003 0. 0. 0. 6.00572862e-003 0. 0. 0. 2.96828663e-003
    6.11777650e-003 0. 0. 0. -4.51563596e-004 0. 0. 0. 0. 0. 0.
    2.24051080e-004 1.52094532e-002 0. 5.00369398e-003 0.
    5.64156857e-004 5.36307693e-003 2.14605848e-003 1.14762480e-003
    3.27659142e-003 1.49357086e-003 0. -1.34838989e-003 2.84915115e-003
    0. -2.53942155e-004 -3.75207688e-004 0. 0. 5.29375626e-003
    6.02531293e-003 2.90028192e-003 2.02080198e-002 0. 1.74842123e-003
    2.45448248e-003 1.65004109e-003 0. -3.43170628e-004 7.29824591e-004
    9.74176146e-005 4.82513290e-003 2.87759397e-003 3.80377891e-003
    2.48976587e-003 -1.80881936e-003 -2.00620736e-004 2.20180722e-003
    3.71688209e-003 -7.64724507e-004 2.51684454e-004 0. 5.29463263e-003
    3.56430141e-003 0. 1.21187221e-003 0. 1.06301457e-002 0.
    9.18118656e-003 2.24389113e-003 0. 0. 2.29858211e-003
    5.04981144e-004 1.36877468e-003 0. 3.15645384e-003 3.27831996e-003
    0. 1.26302394e-003 0. 3.36087076e-003 0. 8.58364219e-004
    3.76549177e-003 0. 4.53336455e-004 0. 0. 0. 7.19804142e-004
    2.69164168e-003 5.85935917e-003 3.17884586e-003 0. 0.</data></imageDescriptor>
</opencv_storage>
