<?xml version="1.0"?>
<opencv_storage>
<imageDescriptor type_id="opencv-matrix">
  <rows>1</rows>
  <cols>500</cols>
  <dt>f</dt>
  <data>
    0. 8.56781029e-004 4.33003576e-003 5.02291648e-003 0.
    6.69022265e-004 -7.21909164e-005 2.50791293e-003 3.57521395e-003
    2.75335298e-003 0. -1.44726399e-003 0. -3.01730237e-003
    4.81762085e-003 2.24249577e-003 0. 4.53649461e-002 -5.03645279e-005
    0. 5.27701341e-003 0. 3.11851827e-003 7.99162686e-003 0.
    2.86711054e-003 0. 0. 1.50841812e-003 -1.60918466e-003 0. 0. 0. 0.
    0. 4.65411926e-003 0. 6.34605007e-004 0. 4.85961838e-003
    6.64782419e-005 0. 0. 1.09727802e-002 0. 2.63499958e-003
    3.79944546e-003 4.85919882e-003 0. -2.23119114e-005 0.
    5.71806589e-003 1.77089369e-003 0. 0. 0. -6.75123418e-004 0. 0.
    6.41954318e-003 -1.00152497e-003 7.72185717e-003 2.56702257e-003
    2.42979708e-003 2.79388414e-003 9.62603558e-003 0. 0.
    -1.17251475e-003 4.09870554e-005 0. 4.22846153e-003 0. 0.
    8.60454806e-004 0. 0. -2.15334957e-003 0. 0. 0. -1.59849524e-002
    1.51663763e-003 3.53893894e-003 1.88600423e-003 4.03557555e-004
    7.61584553e-004 2.19695480e-003 4.51483158e-003 6.98507717e-003
    2.44997838e-003 7.39182869e-004 0. 2.62054661e-003 3.58014368e-003
    5.56382863e-003 8.97006365e-004 0. 2.16974222e-004 2.46455264e-003
    0. 2.10263161e-003 3.96317057e-003 4.28268388e-002 0. 0.
    3.89414188e-003 6.99993316e-003 0. 5.84847014e-003 -1.24634488e-003
    -2.04949570e-003 3.20587936e-003 0. 0. 2.27172186e-005 0. 0.
    6.11149566e-003 0. 0. -2.22248869e-004 3.81031481e-004
    9.03429836e-003 0. 0. 0. 6.39038102e-004 -4.56748996e-003
    3.51531943e-003 0. 0. 0. 0. 4.61192289e-003 0. 3.45101301e-003 0.
    4.73181671e-003 2.01692712e-003 0. 0. 0. 1.53175574e-002 0.
    6.71562133e-003 3.45544354e-003 8.85946304e-003 0. 4.73010959e-003
    0. 5.81292610e-004 2.73007294e-003 3.37775890e-003 3.33827920e-003
    8.59343854e-004 0. 1.69029483e-003 0. -4.46671795e-004
    1.61000283e-003 0. 6.68806082e-004 1.03368135e-002 6.48953079e-004
    1.75249632e-004 0. 3.41614150e-003 3.86290438e-003 -3.04131652e-003
    0. 0. 4.45883209e-003 1.62276160e-003 0. 0. 2.49053980e-003 0.
    1.29781058e-002 0. 0. 9.34944022e-003 1.64216850e-003
    1.08174840e-002 0. 0. -1.46173034e-003 0. 4.26004035e-003
    2.38747778e-003 0. 0. 0. 7.52420805e-004 2.05553696e-003 0.
    -5.60984015e-004 0. 3.82553809e-003 9.42230225e-004 1.33672291e-002
    0. 0. 1.90021726e-003 5.49366185e-003 -2.60395044e-003
    2.79755611e-003 7.75853917e-003 0. 0. 1.93385291e-003
    2.57670367e-003 2.54919147e-003 1.35802792e-003 0. -3.97014403e-004
    0. 7.09626265e-003 0. 0. 0. -6.29590359e-004 -4.50274645e-004
    -2.60021170e-005 0. 1.39375252e-003 4.08818705e-005 7.25894189e-003
    3.98176024e-003 3.42582678e-003 3.18582426e-003 5.95537573e-003 0.
    2.75221566e-004 0. 1.59655791e-003 0. 8.42115027e-004 0. 0. 0.
    2.29870231e-004 -1.25613331e-003 9.31522716e-003 2.91012437e-003
    -2.04749405e-004 2.43923254e-003 0. 0. 0. 0. 3.78530752e-003
    4.91539948e-003 0. 4.33509424e-003 0. 2.26643961e-003
    4.70470497e-003 2.54414952e-003 0. 4.63494100e-003 7.53933704e-003
    0. -3.07400781e-003 -2.67931609e-003 0. 0. -7.99908128e-004 0.
    6.24277396e-003 0. 0. -6.44601358e-004 1.38615526e-003
    2.86270236e-003 4.99708438e-003 -1.62501913e-003 0. 0. 0.
    1.03059213e-003 0. 0. 0. 1.67628296e-003 2.69660843e-003 0. 0.
    -1.66514202e-003 0. 0. 0. 1.22869015e-002 0. 0. 9.05789377e-004 0.
    2.58727279e-003 5.47276298e-003 3.91097507e-003 8.39039031e-003 0.
    7.51810288e-003 0. 5.97207632e-004 0. 3.07401689e-003 0. 0.
    1.26625400e-003 0. 6.89026713e-003 8.03824980e-003 0.
    1.39636640e-003 2.92395148e-003 6.04442786e-003 3.07794078e-003 0.
    3.81749519e-003 1.17483723e-003 0. 5.15279826e-003 1.86965871e-003
    0. 5.40461252e-003 0. 1.71432691e-003 1.69239172e-006 0.
    1.28036216e-002 0. 1.30525487e-003 1.13037042e-003 0. 0.
    2.05749599e-003 1.21960463e-002 4.40599537e-003 4.14698152e-003 0.
    0. 1.97720854e-003 0. 3.54692177e-003 0. 0. 4.23348602e-003
    8.21673498e-003 2.23182375e-003 0. 4.76539321e-003 2.41140695e-003
    0. 3.61830462e-003 0. 0. 7.24178134e-003 6.26221579e-003
    1.18965749e-003 9.30147618e-003 0. 0. 0. 0. 1.15153007e-003
    5.68447541e-003 -8.87964343e-005 3.21969739e-003 -9.27767469e-005
    4.42401459e-003 -6.16411562e-004 -6.91646943e-004 0. 0.
    3.55363335e-003 1.61926076e-002 -4.82678988e-005 0. 7.42786471e-003
    4.68850508e-003 2.93097808e-003 0. -3.17292823e-003 2.02261331e-003
    4.95854346e-003 0. 5.21488953e-003 2.20970414e-003 -5.98639715e-004
    1.61949284e-002 0. 6.31771982e-004 0. 2.09829137e-002
    -2.17906549e-003 5.05919848e-003 0. 7.91419111e-003 1.73505058e-003
    3.59922717e-003 7.91532546e-003 1.61221076e-003 0. 0.
    2.56000669e-003 2.18468776e-004 0. 0. 3.99892824e-003
    2.28604604e-003 0. 2.22383952e-003 0. 0. 0. 6.21418608e-003
    6.38120435e-003 0. 0. 9.71432310e-003 8.00230261e-003 0. 0.
    8.59230408e-004 0. -1.79152226e-003 0. -5.88352734e-004
    5.19427983e-003 0. 5.52677549e-003 0. 0. 1.66208856e-002 0.
    2.76353024e-003 0. -5.12896851e-003 3.83295992e-004 0.
    3.13819642e-003 5.29185683e-003 0. 0. 2.05313275e-003 0.
    5.91949653e-003 0. 0. 0. 3.65191116e-003 2.10950407e-003 0. 0.
    2.82048923e-003 0. 0. -2.52147228e-003 2.71388656e-003
    3.73447663e-003 7.99519010e-003 7.41786510e-003 2.53913715e-003
    3.06460005e-003 4.53677215e-003 7.31787458e-003 0. 0. 0. 0.
    3.09111085e-003 0. -6.05643727e-004 0. 0. 3.50535405e-003
    -5.37727261e-004 1.12032739e-003 -3.28336784e-004 0. 2.23081489e-003
    0. 6.55259797e-003 0. 1.12180470e-003 0. 3.40394722e-003
    -3.47401039e-003 1.91181654e-003 6.72750990e-004 2.41359440e-003
    4.75776521e-003 2.70247809e-003 5.76260360e-003 -1.56825315e-003 0.
    0. 0. 0.</data></imageDescriptor>
</opencv_storage>
