<?xml version="1.0"?>
<opencv_storage>
<imageDescriptor type_id="opencv-matrix">
  <rows>1</rows>
  <cols>500</cols>
  <dt>f</dt>
  <data>
    1.37940771e-003 1.29656412e-003 7.06036994e-003 3.33101419e-003
    -4.38921124e-004 3.67871509e-003 0. 1.13580618e-002 -1.99376838e-003
    4.80712997e-003 5.13560139e-003 0. 2.41438439e-003 1.98456761e-003
    0. 2.44794483e-003 0. 5.09509398e-003 0. 0. 7.31387641e-004 0.
    -1.08966441e-003 0. 6.12149527e-003 0. 1.19539984e-002
    3.73918982e-003 7.20699644e-003 -3.34892306e-003 -9.12174699e-004 0.
    0. 5.92319435e-003 1.12642103e-003 0. 3.14120902e-004
    1.25481084e-003 3.78192239e-003 0. 5.53739141e-004 -6.89394888e-004
    0. -4.41054115e-003 0. 0. -3.25409492e-004 -5.19763620e-004
    4.62474488e-003 0. 4.44723619e-003 0. 0. -6.37049321e-004 0.
    5.90877316e-004 1.10771013e-002 2.76622153e-003 9.17682610e-003
    1.35922397e-003 0. 0. 0. -2.19691498e-003 0. 0. 4.31231223e-003
    9.84333269e-003 5.30226855e-003 4.79640160e-003 0. 2.97248038e-003
    3.69326142e-003 9.00955591e-003 9.36665945e-003 0. 8.62773694e-003
    3.06593440e-003 1.86348171e-003 0. 0. 0. 1.31707208e-003
    -3.21068830e-004 0. 6.27780426e-003 0. 0. 1.52702015e-002 0.
    -1.83455111e-003 2.46437024e-002 0. 2.13551498e-003 8.24922696e-003
    2.00383924e-003 1.58147782e-003 1.32449269e-002 1.46781618e-003 0.
    0. 1.54579850e-003 0. 5.22542652e-003 0. -1.16174255e-004
    9.65765864e-003 2.21235142e-003 6.66866498e-003 2.42964574e-003 0.
    0. 0. 0. 1.16492249e-002 0. -1.93427841e-003 5.11248643e-003 0.
    4.14489442e-003 0. 0. -4.76869149e-003 0. 0. 7.63957796e-004
    5.57437446e-003 3.76517582e-003 0. 3.74920852e-003 0.
    2.84752250e-003 0. 0. 2.49544997e-003 0. 2.06798175e-003
    5.48170414e-004 -1.07621020e-002 5.23610855e-004 3.75918415e-003 0.
    7.71268446e-004 2.28627049e-003 5.02101192e-003 0. 0. 0. 0.
    1.21719728e-003 9.13132913e-003 4.05562780e-004 0. 0. 0. 0.
    -1.80318102e-003 1.00164197e-003 3.07632121e-003 3.13413749e-003
    4.18068236e-003 -2.34030467e-003 -1.05664600e-003 0. 2.46790377e-003
    1.63915905e-003 0. 2.56508263e-003 0. 0. 4.27161762e-003
    3.02332616e-003 0. 6.24778122e-003 0. 0. 4.43312014e-003 0.
    7.74244778e-004 0. 0. 0. 0. 5.44579525e-004 2.60219211e-003
    8.66960455e-003 0. 0. -9.23763262e-004 0. 0. 1.16773986e-003
    2.83049955e-003 0. 0. 0. 0. 5.52473648e-004 -3.97308636e-003 0.
    2.65594269e-003 7.10179284e-003 -5.46774885e-004 0. 4.78051428e-004
    1.97636918e-003 2.54562381e-003 0. 4.37327987e-003 8.89782701e-003
    -1.34868271e-004 2.45088269e-003 0. 0. 4.02200385e-004
    -9.06410933e-005 1.20105711e-003 0. -7.44165038e-004 5.37823944e-004
    0. 2.38302685e-002 0. 4.94289736e-004 3.11311265e-003 0. 0.
    1.80504809e-004 8.89806324e-006 2.73971143e-003 6.07416825e-003 0.
    -1.53997171e-004 -8.00216454e-004 0. 0. 2.94673676e-003
    -2.17697071e-003 1.62256323e-003 0. 1.76507304e-003 0. 0. 0. 0.
    -1.70283864e-004 0. 0. 5.21554332e-003 -5.18257439e-004
    1.66770420e-003 1.67661570e-002 4.06254409e-003 2.23991391e-003 0.
    3.17704794e-003 3.06235533e-003 -5.45609335e-004 4.19958774e-003 0.
    0. 0. 1.09766610e-002 -9.19055194e-004 -3.57361021e-003 0. 0.
    -3.87643668e-004 0. 2.73570814e-003 0. 1.44919148e-002
    -2.84661655e-003 0. 1.42385042e-003 0. 9.53914411e-003
    1.09899398e-002 3.27733648e-003 0. 9.05750878e-003 0.
    2.61199777e-003 0. 3.67399002e-003 0. 0. 2.98840646e-003 0.
    -1.95437737e-004 -7.68596423e-004 1.54941145e-003 1.98671734e-003
    2.49772915e-003 0. -1.43099786e-003 5.01415692e-003 0.
    1.55029033e-004 -3.16510268e-004 0. 6.87203649e-003 0.
    2.02237768e-003 6.54670526e-004 1.10894931e-003 2.01511420e-002 0.
    2.94380076e-003 0. -2.35754554e-003 -2.02658499e-004 0. 0. 0. 0.
    -3.48411530e-004 6.92909397e-003 8.71124864e-003 1.35352963e-003 0.
    1.04419608e-002 0. 7.14080699e-004 3.56587162e-003 0.
    1.34051219e-003 2.22527958e-003 3.13760509e-004 3.78001505e-003
    2.41062604e-003 2.99876323e-003 0. 1.01504091e-003 0. 0.
    2.28322856e-003 0. 0. 4.95539105e-004 6.75127888e-003
    6.16863463e-003 -8.99405451e-004 0. 4.97262226e-003 0.
    5.90785965e-003 1.89136725e-003 8.17740802e-004 1.69971737e-003
    1.36188394e-003 3.82730691e-003 0. -2.96501489e-003 0.
    -2.50729057e-003 2.20365748e-002 2.59925006e-003 1.91108580e-003
    1.88462972e-003 0. 4.20116237e-004 0. 0. -1.37600221e-003
    5.16329473e-003 0. 0. 4.30058269e-003 0. 0. -3.33295582e-004
    1.89348813e-002 0. 8.29182751e-003 6.43414771e-003 0. 0. 0. 0.
    6.00711722e-003 1.09077804e-003 0. 5.42092323e-003 0.
    3.43823968e-003 3.51950317e-003 0. 2.33886484e-003 1.12191669e-003
    -1.57382898e-003 0. 0. 6.18365069e-004 1.01168198e-003 0.
    1.72137923e-003 -1.27541483e-003 0. -2.68141972e-004 1.06659078e-003
    0. 0. 0. 6.99120946e-003 -6.35638949e-004 3.89114656e-002
    4.41255653e-003 0. 0. 0. 0. 0. 1.43288309e-002 4.35213652e-003 0. 0.
    0. 1.73736224e-003 0. 1.41264149e-003 0. 1.12079103e-002
    2.92590051e-003 -2.21655820e-003 3.22553766e-004 2.49289884e-003 0.
    -5.58054307e-003 -7.01461395e-004 0. -2.13168259e-003
    1.10561447e-002 0. 2.36190809e-003 1.03294058e-002 4.28166194e-003
    2.37693908e-004 2.77767889e-003 1.07788318e-003 8.60347878e-004
    3.12170945e-003 0. 0. -6.55606796e-004 0. 9.01921093e-003
    8.66361149e-003 6.36639912e-003 1.06411017e-002 0. 1.57581605e-002
    0. 1.71531888e-003 4.71999263e-003 9.44233732e-004 0. 0.
    2.17901566e-003 0. 0. -1.92497286e-003 6.42591715e-003 0. 0.
    6.38453709e-003 5.87359630e-003 4.51533217e-003 1.21013029e-002
    5.30181242e-005 -7.55832007e-004 0. 0. 6.10745465e-003
    5.89299574e-003 0. 2.05689413e-003 0. 0. -3.32862465e-003
    -6.85921754e-004 0. 1.89729594e-003 0. 0. -1.01329875e-003
    1.22280803e-003 0. 1.25645124e-003 0. 0. 5.46338176e-003
    7.00541353e-003 2.19693198e-003 0. 0. 3.55379586e-003
    4.06684959e-003 3.70603474e-003 5.10969851e-003</data></imageDescriptor>
</opencv_storage>
