<?xml version="1.0"?>
<opencv_storage>
<imageDescriptor type_id="opencv-matrix">
  <rows>1</rows>
  <cols>500</cols>
  <dt>f</dt>
  <data>
    1.96110317e-003 6.40091859e-003 0. 7.40927237e-004 0. 0.
    2.58808583e-003 2.59783049e-003 3.24518071e-003 8.95147794e-004 0.
    -1.67349947e-003 1.09027885e-003 -1.56836305e-003 6.35036919e-003
    -3.71715214e-005 2.04336341e-003 0. 1.05654206e-002 2.36629066e-003
    0. 2.54748645e-003 0. 0. -4.40518052e-004 1.69528667e-002
    6.96446300e-002 0. 1.57225784e-003 7.50543782e-003 0.
    7.53523433e-004 0. 4.31342237e-003 0. 1.14000794e-002 0. 0. 0.
    1.05294893e-002 0. 0. 7.55983265e-003 1.55254956e-002 0. 0.
    -6.68072607e-004 7.81168928e-004 6.02838758e-004 1.39446274e-004
    -9.46655171e-004 3.08800559e-003 8.82106461e-003 -4.29296866e-003 0.
    0. 0. 5.86854666e-003 2.69183563e-003 1.29728427e-003 0. 0.
    -2.22298014e-003 -5.33173513e-003 0. 3.80072091e-003 0.
    7.15828966e-004 0. 0. 0. 1.65206252e-003 0. 1.95358298e-003
    -7.85741082e-004 0. 7.97799788e-004 0. 0. 0. 0. -2.47014547e-003
    4.11655055e-003 8.43540882e-004 1.29143707e-003 1.45774931e-002 0.
    2.88064359e-003 0. 6.12574583e-003 -7.57984468e-004 2.97819870e-003
    -6.84865867e-004 1.06272241e-002 -1.04424672e-003 0. 0. 0. 0.
    3.09460773e-003 5.71283337e-004 0. 0. 1.46754375e-002
    1.10224020e-002 0. -2.88237003e-003 0. 0. 0. 0. 1.37241685e-003 0.
    0. 0. -7.35685928e-004 0. 0. 3.58913792e-004 0. 1.37671537e-003
    4.64007584e-003 0. -2.64060358e-003 1.70872342e-002 0. 0.
    5.30551048e-003 1.80721388e-003 0. 0. 8.17353465e-003 0. 0.
    4.39511193e-003 2.88897310e-003 0. 5.22275339e-004 3.12691159e-003
    3.72733804e-003 1.38836363e-002 4.03539231e-003 0. 1.51542516e-003
    3.04369279e-003 1.94684326e-005 1.31572678e-003 2.59876251e-003 0.
    1.96473347e-003 -9.37019940e-003 0. 1.76960579e-003 1.59848214e-003
    0. 9.39569494e-004 8.23004346e-004 0. 2.66991393e-003 0.
    6.43764099e-004 0. 0. 0. -1.43796916e-003 0. 5.70264040e-003
    3.58419609e-003 -5.32096194e-004 5.55196824e-003 4.15417505e-003
    4.99073137e-003 1.45480887e-003 1.12484000e-003 0. 0. 0. 0.
    2.22213287e-003 0. 0. -2.75298808e-004 0. 1.95992202e-003
    7.34210917e-005 3.95779777e-003 -4.48875502e-003 2.18916265e-003
    2.89210840e-003 7.89516256e-004 4.09942539e-003 0. 0. 0.
    5.01676695e-003 0. 8.91222327e-004 0. 0. 4.08474542e-003
    1.68115238e-003 1.45709235e-003 0. 0. 1.64323486e-003 0.
    -1.99343916e-003 2.54229060e-003 3.15320358e-004 0. 3.06704664e-003
    1.79933233e-003 3.37482034e-003 0. 8.92075768e-004 6.59918739e-003
    1.13568478e-003 5.43957925e-004 1.43378228e-003 3.29619413e-003 0.
    5.63617004e-003 0. 1.42512436e-003 0. -3.86917149e-004 0. 0.
    5.84956957e-004 2.68459669e-003 4.24681639e-004 3.03359497e-002
    -1.14850886e-003 4.50305566e-002 0. 7.48472661e-003 0.
    1.93789869e-003 4.01342101e-003 3.69230099e-003 9.73896775e-003
    2.30929186e-003 1.43787719e-003 -2.53741373e-003 2.11979426e-003
    6.49990980e-003 8.43162765e-004 0. 0. 0. 5.32982452e-003 0.
    1.93836947e-003 2.11553113e-003 0. 0. 9.20891296e-004
    1.39670381e-002 1.65809703e-003 -1.34674762e-003 0. 1.29515482e-002
    2.27936776e-003 9.30881314e-003 2.49543646e-003 1.42102980e-003
    6.38882630e-004 1.44673989e-003 0. 1.85694167e-004 -2.33730258e-004
    0. 1.22739933e-003 -9.32868425e-005 0. 0. -9.54686257e-005
    1.54709048e-003 1.18362997e-002 0. 0. 1.75685610e-003
    -5.15362341e-003 5.24750678e-004 -2.46791774e-003 1.19131966e-003 0.
    0. 6.10417034e-003 0. 7.94389751e-004 2.27428434e-004
    5.45592001e-003 0. 0. -4.91070887e-003 0. 3.44934152e-003
    6.28056517e-003 3.16615624e-004 1.15734444e-003 -5.31459227e-003 0.
    4.73027676e-003 1.27699669e-003 5.00370096e-003 -5.55348932e-004
    8.21603276e-003 -1.20704446e-003 1.47957145e-003 4.16043261e-003
    -6.30383845e-004 1.06973136e-002 0. 5.59396856e-003 -2.15540268e-003
    2.69974163e-003 5.27982647e-003 1.67577490e-002 0. -1.61052763e-003
    0. 0. 0. 1.79172307e-003 0. 9.00493562e-003 0. 0. 0. 4.12994437e-003
    1.09253940e-003 0. 0. 0. 2.01088586e-003 0. 0. 0. -7.01773388e-005
    0. -2.75482773e-004 1.97997829e-003 0. 0. 0. 0. 2.36318936e-003
    1.64263984e-004 7.05818366e-003 1.80906805e-004 6.77401014e-003 0.
    0. 3.71785508e-003 3.10936803e-003 0. 1.45243900e-003
    3.33250209e-004 0. 6.12304837e-004 0. 7.28860614e-004
    2.81125843e-003 8.37087072e-003 0. 0. 4.70975821e-004 0. 0. 0. 0.
    1.30282843e-003 0. 8.28560814e-003 8.13252875e-004 0. 0. 0.
    3.67742218e-003 0. 7.07332836e-003 4.67286631e-003 -5.12681261e-004
    4.21506679e-003 3.77166038e-003 3.50000313e-003 4.35440568e-003
    1.74202758e-003 6.17598509e-003 8.63894634e-003 1.91090372e-003
    1.98586565e-003 5.86289680e-003 9.20154899e-003 -2.44303286e-004 0.
    1.43983605e-004 2.87766173e-003 0. 7.65255373e-003 -8.50822660e-004
    0. -4.43606079e-003 0. 0. 0. 2.23887432e-002 3.23730777e-003 0.
    1.10419653e-003 0. 0. 0. 3.36392527e-003 2.43021036e-003
    3.49583308e-004 1.61003333e-003 0. 5.02048153e-003 -1.88008929e-003
    4.55747265e-003 1.51529652e-003 8.05244129e-003 -4.13052784e-003 0.
    3.23788519e-003 0. 0. -2.00841646e-003 5.07107005e-003
    5.36097772e-003 0. 0. 1.41298538e-002 0. 0. 0. 0. 0. 4.42273542e-003
    0. 3.47562484e-003 2.19517085e-003 -9.44692409e-004 6.91975560e-003
    0. 0. -2.08489085e-003 2.10788008e-003 3.55693628e-003
    4.52430919e-003 -2.48439587e-003 0. 6.88296370e-003 3.59867560e-003
    1.47919764e-003 7.80351367e-003 0. 0. 3.08399624e-003
    3.96718504e-003 0. 2.36968929e-003 0. 0. 4.67224419e-003 0.
    3.77203547e-003 6.16232399e-003 2.56023998e-003 3.08807450e-003 0.
    0. 0. -1.97238405e-003 1.04653987e-003 3.03604454e-003 0. 0.
    1.28718792e-003 0. 0. 2.18390790e-003 7.80672883e-004 0. 0.
    1.78568787e-003 0. 0. 2.83649261e-003 0. 0. 2.72324146e-003 0.
    2.97567202e-003 6.40516728e-003 2.13141157e-003 0. 6.83315052e-003</data></imageDescriptor>
</opencv_storage>
