<?xml version="1.0"?>
<opencv_storage>
<imageDescriptor type_id="opencv-matrix">
  <rows>1</rows>
  <cols>500</cols>
  <dt>f</dt>
  <data>
    2.25287309e-004 5.02270367e-003 0. 5.27564087e-004 0. 0.
    3.77283967e-003 0. 1.32004386e-002 0. 0. 0. 0. -5.48251811e-003
    3.88599513e-003 0. 1.06510697e-002 1.06252322e-003 0. 0. 0.
    1.03693167e-002 4.63524321e-003 2.90333526e-003 1.01506384e-002
    5.67560259e-004 3.36767407e-003 1.32802567e-002 0. 1.63361430e-003
    8.52545816e-003 0. 0. -4.52324143e-003 3.23526282e-003 0.
    -3.73090780e-003 1.20278529e-003 3.57602374e-003 5.57090528e-003
    6.11083815e-004 0. 7.78933195e-003 1.72775500e-002 0.
    -6.61356316e-004 3.65656125e-003 1.78151075e-002 4.37136600e-003 0.
    0. 0. -6.85225386e-005 -4.11576452e-003 4.78773238e-003 0.
    2.49741483e-003 0. 0. 4.15677158e-003 0. 0. 0. 2.48607830e-003
    -4.52749868e-004 7.25134567e-004 7.00558722e-003 2.07041763e-003 0.
    6.78833481e-003 3.96256708e-003 3.56141274e-004 5.84892789e-003
    2.89699063e-004 2.08876780e-004 0. 0. 9.03040450e-003 0.
    2.37267674e-003 5.16583119e-003 2.52232785e-005 0. 4.87831514e-003
    0. 1.69756617e-002 0. 0. 3.19346436e-003 6.05673343e-003 0. 0. 0. 0.
    0. 5.92023134e-005 0. 0. 0. 2.50768894e-003 1.06678931e-002 0. 0.
    6.15451997e-003 0. 0. -2.52770144e-003 0. 2.97216582e-004 0.
    8.09399970e-003 -3.69170750e-003 0. 0. 0. 0. 0. 2.09276355e-003
    2.43702065e-003 0. 0. 0. 2.14574696e-003 0. 0. 0. -2.06128554e-003
    0. 0. 4.29707207e-003 3.96949938e-003 2.51751253e-003 0. 0.
    5.37827704e-003 1.95917627e-003 0. 2.09077797e-003 0.
    9.17250104e-003 9.63826478e-003 0. 5.12516871e-003 1.44597758e-002
    2.90753390e-003 -9.14322503e-004 0. 0. 0. 0. -4.11655009e-003 0.
    5.32831904e-003 0. 7.24767277e-004 0. 0. 3.06443707e-003 0.
    -3.50101967e-004 2.20048684e-003 7.35077588e-003 1.82816735e-003
    2.42778892e-003 -1.73736880e-005 0. 4.75865696e-003 1.22841797e-003
    2.93079880e-003 -1.90814561e-003 4.12389496e-003 0. -1.17142219e-003
    1.16832620e-002 3.89882736e-003 0. 2.16851681e-002 0.
    9.28611401e-003 -1.15490249e-004 0. 0. 0. 5.59356622e-003 0. 0.
    2.05202238e-003 0. -1.58530823e-003 1.56222994e-003 0. 0.
    1.52374455e-003 0. 5.49774664e-003 1.24388805e-003 -1.09744724e-003
    5.10456320e-003 -2.43740529e-003 0. -1.24870462e-003 0.
    9.78645054e-004 0. 6.22616790e-005 4.28793114e-003 -1.49756507e-003
    2.54271226e-003 0. 5.93905710e-003 9.23210848e-003 0. 0. 0. 0. 0.
    3.34762409e-003 8.40663258e-003 1.01272687e-002 1.24327117e-003 0.
    7.70065794e-003 -1.22317416e-003 1.48228304e-002 4.36586142e-003
    -1.54530525e-003 1.99854933e-003 0. 4.11739014e-003 2.11653911e-004
    0. 5.62041393e-003 0. 1.96890370e-003 8.00713338e-003
    6.00569788e-003 0. 1.56143960e-003 0. 0. 4.27971222e-003
    -1.01342157e-004 2.87966337e-003 1.37506519e-003 3.95519566e-003 0.
    0. 9.24834330e-003 0. 2.75408645e-004 -9.63591598e-003 0. 0. 0. 0.
    0. 2.77856621e-003 1.10930614e-002 0. 0. 7.89489411e-003
    1.91013434e-003 3.54556483e-003 6.44622277e-003 -4.62640281e-004
    1.37713493e-003 6.91512134e-003 -8.46936076e-004 0. -1.96291352e-004
    4.98207379e-003 2.68071308e-003 0. -2.36532139e-003 0.
    5.24865324e-003 0. 8.76352843e-003 4.98883985e-003 0.
    2.81127263e-003 9.82596539e-003 5.68366470e-003 0. -3.07953497e-003
    1.09901987e-002 0. 0. 5.35345776e-003 0. 8.27023061e-004 0. 0. 0. 0.
    -2.98153423e-003 0. 0. 0. 9.02575254e-003 0. -1.22023521e-004 0.
    2.52987375e-003 0. 0. 0. 0. 3.91306030e-003 0. 2.51844549e-003 0.
    5.72712766e-003 0. 0. 2.92734080e-003 4.03641723e-003
    7.64340861e-004 3.29016417e-004 3.66342999e-003 2.26307213e-002
    1.22032223e-004 4.65549238e-004 9.96828452e-003 0. 0. 0. 0. 0.
    7.85906520e-003 1.54407183e-002 3.61414650e-003 -1.22651792e-004
    1.11580524e-003 0. 3.62895569e-003 0. 9.87245236e-003 0.
    1.54783914e-003 3.05255380e-004 0. 0. 9.36759543e-003 0.
    3.29764537e-003 0. 2.12382339e-003 2.60315090e-003 0.
    3.44277639e-003 5.66863688e-003 0. 0. 1.35104510e-003
    8.39980599e-003 0. 0. 4.27513663e-003 0. 2.06237938e-003 0. 0. 0. 0.
    0. 2.60970439e-003 0. 0. 0. -3.65902699e-004 0. 0. 0. 0. 0. 0. 0.
    7.19780428e-003 4.88766353e-004 -4.10822500e-003 0. 1.14144350e-003
    2.34194612e-003 0. 0. 0. 0. 0. 8.66145920e-003 1.24080610e-002
    8.11501313e-003 0. 1.98557377e-002 2.33010016e-003 0.
    8.65682669e-004 0. 0. 1.70386932e-003 3.61677376e-003
    -1.78546645e-003 0. 2.12955964e-003 0. 0. 0. 7.17129977e-003 0.
    1.59394392e-003 0. 5.97824343e-003 0. 0. 0. 0. 3.08392476e-003 0.
    5.12383832e-003 0. 2.17596143e-002 0. 0. 4.31064796e-003
    8.11226608e-004 -2.50587286e-003 8.28612503e-003 0. 1.07259862e-002
    -4.30143718e-003 0. 7.01317622e-004 2.96698255e-003 0.
    -1.58836925e-003 0. 4.05364577e-003 0. 0. 0. 5.33445971e-003 0. 0.
    0. 4.14748583e-003 0. -2.21561128e-003 4.64284967e-004 0. 0. 0.
    1.41850777e-003 2.67997617e-003 0. 0. 0. 0. 0. -4.50797379e-003 0.
    -6.25165703e-004 0. 0. 0. 0. 0. 6.82795001e-003 4.09307983e-003 0.
    0. 0. 1.13039440e-003 7.41683133e-003 1.24062016e-003
    3.87174496e-003 0. 4.75402223e-003 0. 2.91275722e-003 0.
    1.24699611e-003 0. 0. 7.51194824e-003 0. 0. 4.92121466e-003
    -6.06769649e-003 3.06496071e-003 0. 0. 3.99154052e-003
    3.41816060e-003 4.31856466e-003 -3.07598547e-003 2.83776433e-003
    1.45399570e-002 0. 5.07128099e-003 1.82448849e-002</data></imageDescriptor>
</opencv_storage>
