<?xml version="1.0"?>
<opencv_storage>
<imageDescriptor type_id="opencv-matrix">
  <rows>1</rows>
  <cols>500</cols>
  <dt>f</dt>
  <data>
    0. 4.33659327e-004 0. 0. 1.31030974e-003 4.83361888e-004
    2.76196655e-003 2.41096597e-003 1.49457122e-003 1.69745623e-003
    3.63233429e-003 0. 7.77144218e-003 0. 3.39947641e-004
    -5.90712240e-004 0. 5.04217204e-003 1.60580012e-003 3.72108142e-003
    0. 8.32995574e-004 0. 3.03410157e-003 2.02296488e-003
    4.62459109e-004 1.07889539e-002 0. 5.55816665e-003 7.85999559e-003
    3.08352086e-004 0. 0. 2.94706016e-003 -4.32765024e-004
    1.34641596e-003 1.53948029e-003 0. 0. 0. 1.33707689e-003
    1.90855458e-003 0. -6.31753122e-004 0. 5.69250295e-003
    1.04718301e-002 4.33359202e-003 0. 1.97269255e-003 -1.03960431e-003
    0. 2.06923834e-003 -2.09449744e-003 4.68462100e-003 9.50613618e-003
    2.86850217e-003 2.75049522e-003 5.93332900e-003 2.08649761e-003 0.
    0. 6.69766392e-004 0. 0. 9.92358848e-003 3.05677298e-004
    5.82163315e-003 -1.20660919e-003 3.69367655e-003 3.44416680e-004 0.
    4.77410154e-003 -3.27745988e-003 -2.05555162e-003 3.33976513e-003
    -2.58951884e-004 0. 1.89247041e-003 0. 1.35062227e-003
    1.84474606e-002 2.26879446e-003 0. 7.35921029e-004 2.87709590e-002
    7.49715371e-003 -4.34988120e-004 4.26959665e-003 0. 0. 0. 0.
    4.58260858e-003 -1.26195583e-003 0. 0. 2.94773630e-003
    5.24220197e-003 3.03191785e-003 2.93181301e-003 0. 0.
    1.48726944e-002 0. 4.96494831e-005 1.98036339e-003 2.83442583e-004
    2.60295952e-003 4.74978471e-003 9.40021419e-004 2.02633627e-003 0.
    5.76968584e-003 5.20108687e-003 3.09505500e-003 4.26404132e-003
    3.40471568e-004 0. 1.42409734e-003 1.45612913e-003 6.35645073e-003
    4.89204843e-003 0. 5.84302563e-003 0. 0. 0. -1.96941290e-003
    -3.78222414e-003 3.26522789e-003 0. 0. 0. 4.72580083e-003 0. 0. 0.
    -9.22691775e-004 -4.42043442e-004 5.33562806e-003 4.28426266e-003
    8.73948075e-003 7.44925113e-004 2.86420761e-003 2.14940216e-003
    2.42777751e-003 3.19569372e-003 0. 3.28615983e-003 -1.55056629e-003
    5.60910767e-003 6.94270898e-003 3.05603142e-003 5.19362278e-003 0.
    1.60959573e-003 -4.03565238e-004 3.70187964e-003 5.92085591e-004
    1.97323458e-003 4.26010462e-004 -1.01533129e-004 7.89892301e-003
    8.56637082e-004 0. 0. 0. 7.89485290e-004 1.38524186e-003
    1.98416994e-003 5.32132166e-004 1.90620695e-003 -2.04122462e-003 0.
    -1.68145215e-003 0. 0. 7.09213037e-003 3.27214645e-003
    7.41211406e-004 1.26274332e-004 2.58880807e-003 6.56548282e-003
    1.11335982e-003 0. 3.81134963e-003 0. 2.28743558e-003 0. 0.
    2.16421857e-003 0. 3.24392272e-003 0. 7.88696203e-003
    -1.18377284e-004 3.57178564e-004 -1.76982407e-003 1.12321582e-002
    1.09371706e-003 2.31797993e-003 0. 0. 0. 1.99450855e-003
    -4.25769901e-003 0. 1.95710990e-003 6.11981377e-003 0.
    4.80098170e-005 0. -9.45899010e-005 9.20599326e-003 1.45820074e-003
    0. 1.63539294e-002 5.58844581e-003 8.98007117e-003 0.
    4.54149861e-003 0. 2.40219152e-003 -6.69130590e-003 0.
    4.76612756e-003 1.13533286e-003 2.81268451e-003 0. 3.99713358e-003
    -5.11834281e-004 0. 1.14423539e-002 0. 5.65562490e-003 0.
    -4.75400244e-004 0. 2.51110760e-003 2.29735905e-003 2.78623169e-003
    3.43131542e-004 -1.05960597e-003 0. -1.75205886e-003 1.39141514e-003
    0. 0. -8.19221023e-005 1.68759620e-003 0. 1.21605711e-003
    3.99329094e-003 0. 0. 7.79377716e-003 8.31328146e-003
    3.56358360e-003 4.75019636e-003 -1.07181352e-003 0. 1.74106774e-003
    1.24629186e-002 -7.74989091e-003 5.86080307e-004 1.82727783e-003 0.
    0. 0. 7.94416002e-004 8.20537284e-003 0. 5.07608149e-003
    -5.36743086e-004 5.63376257e-003 2.09788047e-003 6.19523367e-003
    1.62457488e-003 0. 0. -6.18038292e-004 -5.74153382e-003
    1.85372354e-003 8.29939637e-003 -2.89499178e-004 0. -2.44343595e-004
    5.94459008e-004 0. 4.43924277e-004 1.54270767e-003 2.67713126e-002
    9.38059879e-004 0. 3.75796319e-003 -2.30396821e-004 0.
    2.99129752e-003 5.74270729e-004 0. 9.54681018e-004 0.
    8.05320451e-004 3.34374676e-003 0. 0. 1.37870805e-003 0.
    4.07141820e-003 3.86152836e-003 1.15032005e-003 0. 9.08830948e-003
    0. 5.29425871e-003 7.81080278e-004 1.16704684e-003 1.22107111e-003
    -1.67807986e-004 0. 0. 0. 5.80727961e-003 0. 1.04964362e-003
    2.65910709e-003 0. 5.50414855e-003 0. 0. 0. 3.56442784e-003
    1.66581629e-003 1.50187279e-003 8.95180553e-003 3.89108853e-003
    5.38708828e-003 0. 8.35026847e-004 8.21090594e-004 1.03258656e-003
    5.52439364e-004 0. 7.36851618e-003 5.80217270e-003 2.06269557e-003
    1.77784613e-003 1.47810602e-003 2.39035697e-003 -7.89221784e-004
    3.16150044e-003 0. 6.38251705e-003 0. 0. 0. -1.97540759e-003 0. 0.
    3.84400249e-003 0. 1.25438452e-003 7.52088241e-003 2.84110825e-003
    1.27451320e-003 -3.00569489e-004 0. 7.94153661e-003 5.20023145e-003
    0. 6.51196344e-004 2.84216553e-003 5.38783986e-003 2.83354055e-003
    1.97412283e-003 1.46252650e-003 0. 0. 5.72128221e-003
    -1.71501364e-003 3.70127824e-003 -2.09674290e-005 -3.50887794e-003
    5.60916262e-003 4.74495860e-003 8.20761174e-003 0. 9.69509420e-004
    1.34200708e-003 2.68185814e-003 0. 0. 2.46270356e-004
    2.81234831e-003 9.70998313e-003 3.61386978e-004 0. 2.98390351e-003
    3.04115517e-003 5.16241742e-003 2.49503623e-003 3.27942311e-003
    -3.32339550e-003 0. 2.28187139e-003 -6.60425285e-004 1.90629216e-003
    0. 3.46648530e-003 2.25369749e-003 -3.07688373e-004 5.88359684e-003
    2.24898919e-003 5.12069790e-003 0. 0. 1.22145936e-003 0. 0. 0.
    6.32710662e-003 5.35737164e-003 7.02051027e-003 1.37952482e-003
    -2.18971923e-004 6.99904421e-003 1.23872643e-003 4.88891732e-003 0.
    0. 0. 1.25549501e-003 7.08760228e-003 5.71456179e-003 0.
    1.67687219e-002 2.20231176e-003 4.38030763e-003 9.30949929e-004 0.
    3.54657113e-003 4.25700424e-003 1.93299027e-003 7.98210967e-005
    3.39973322e-003 0. 2.75029172e-003 2.18532747e-003 -6.97229581e-004
    -5.62855683e-004 3.29801627e-003 0. -1.09889335e-003 4.11147298e-003
    0. 0. 0. 2.72030919e-003 0. 2.46297510e-004 0. 0. -8.31942481e-004
    0. 1.13130836e-002 -3.01390573e-005 0. 0. 1.05085468e-003 0. 0. 0.
    1.08484947e-003 0. 2.03205016e-003 0. 2.74376385e-003 0.
    8.23145546e-003 0. -1.37213990e-003 0. 5.49163157e-003
    7.40378164e-003 0. 0. 1.78843224e-003 -1.76424976e-003
    -3.07842129e-004 0. 0. 1.13389790e-002 5.07542351e-003 0.
    4.21673851e-003 5.21932030e-003 7.45306665e-004 0. 3.56997200e-003</data></imageDescriptor>
</opencv_storage>
