<?xml version="1.0"?>
<opencv_storage>
<imageDescriptor type_id="opencv-matrix">
  <rows>1</rows>
  <cols>500</cols>
  <dt>f</dt>
  <data>
    0. 6.34761454e-005 1.58112182e-003 -4.10494686e-004 2.10051588e-003
    0. 3.79122631e-003 0. -3.02752247e-004 1.14322342e-002
    5.20644290e-003 0. 0. 0. 0. -2.53532809e-004 0. 3.74115631e-003
    1.47198490e-003 0. -1.72396866e-003 1.15857495e-003 2.27989964e-004
    3.21545126e-003 1.29171170e-003 6.88811485e-003 2.37973337e-003
    2.30271183e-003 2.95879727e-004 -1.31097777e-005 0. 8.45442817e-004
    0. 0. 0. 7.81917770e-004 4.24681557e-003 1.20563451e-002
    8.85134621e-004 3.99901939e-004 8.11799662e-004 2.55329651e-003 0.
    7.46014155e-003 4.55814617e-004 2.76698521e-003 -1.74847501e-003 0.
    3.65121732e-003 1.68960856e-003 0. -8.13669118e-004 4.98440582e-004
    6.49974635e-003 1.44166406e-003 3.74140684e-003 3.58593836e-003
    8.06498434e-003 4.19207988e-003 8.86675343e-003 5.40547352e-003 0.
    3.16580595e-003 0. 2.58832658e-003 1.63344771e-003 1.50831835e-003
    -6.34103781e-004 0. 0. 2.96063896e-004 5.65342954e-004 0. 0.
    5.56460628e-003 8.64402740e-004 2.87043070e-003 -9.68225708e-004
    1.91981997e-003 2.38432689e-003 -2.29033199e-003 6.57988153e-003 0.
    3.38286918e-004 5.28839696e-003 3.39462934e-003 0. -2.35116947e-003
    2.35853530e-003 9.35496762e-003 1.11274188e-003 0. 6.46693539e-003
    0. -7.61385718e-006 3.26504605e-003 1.04750053e-003 7.32581737e-003
    6.87438122e-004 -2.36544976e-004 5.27726486e-003 2.51697842e-003 0.
    1.65474229e-002 4.55353269e-003 0. -2.18481012e-003 1.47149095e-003
    9.71197034e-004 0. -1.10986177e-003 4.33865143e-003 0.
    3.77035583e-003 3.19033721e-003 4.85147210e-003 0. 4.02660249e-003
    0. 0. 0. 3.31037701e-003 -2.15536170e-003 1.99925015e-003
    9.42006055e-003 0. -2.24926916e-004 8.49645119e-003 3.50367976e-004
    -1.98052241e-003 1.21291832e-003 1.44478679e-003 -1.06788822e-003 0.
    -6.22001942e-004 0. 0. 2.35866266e-003 1.67535408e-003 0.
    -8.64177651e-004 0. 1.68735569e-003 0. 0. 6.69814530e-004
    5.52904885e-003 9.53210704e-003 0. 7.98190245e-004 4.15987452e-004
    5.58938645e-003 5.60812885e-003 0. 8.72104953e-004 0.
    1.31182969e-002 8.13182050e-005 0. 0. 1.72771583e-003
    3.52908671e-003 0. 0. 4.63002268e-003 6.06480474e-003
    3.05216014e-003 5.11165243e-003 6.52651209e-003 0. 5.40361332e-004
    2.63690948e-003 4.93141450e-003 -1.80713844e-003 -9.17884987e-004
    1.56260631e-003 0. 0. 0. 6.54165226e-004 5.44425740e-004
    3.69651639e-003 -7.65935765e-005 1.82436332e-002 4.80690459e-003
    3.36967129e-003 5.88401407e-003 5.87411970e-003 8.56894068e-003
    2.11524125e-003 1.24616479e-003 2.97343917e-003 0. 0. 0. 0. 0.
    4.68135513e-005 3.96112353e-003 4.01465315e-003 5.40460926e-004
    3.54122114e-003 8.65202630e-004 7.79745576e-004 0. -2.42625669e-004
    -3.71060451e-003 0. 2.10420476e-004 1.64391263e-003 0.
    3.93331225e-004 3.97789339e-003 6.96943258e-004 9.45125893e-003
    1.70022901e-003 1.86988886e-003 0. 0. 8.35710147e-004 0.
    2.97722546e-003 0. 0. 5.08910837e-003 2.54462357e-003
    -1.12728907e-004 5.92671800e-003 0. 0. 0. 5.61168836e-003
    1.92949933e-003 -1.00806961e-003 0. -1.46936835e-003 3.36495880e-003
    4.92772413e-003 0. 7.59795774e-004 1.70984166e-003 1.19332457e-003
    7.26805860e-003 2.65963469e-003 5.94850804e-004 3.59972566e-003
    -1.12682011e-003 1.30320515e-003 -3.59778496e-004 -2.50613200e-003
    2.37044692e-003 0. 2.31608108e-004 9.17640515e-003 0. 0.
    1.16421320e-002 4.93455399e-003 0. 1.10077707e-003 4.24127840e-003
    2.67427531e-004 1.99681185e-002 -7.37605966e-004 -6.89985510e-003
    1.15894305e-003 9.98155959e-003 0. 1.76518189e-003 0.
    2.49484670e-003 2.32243468e-003 0. 5.83524164e-003 0.
    9.80508397e-004 0. 3.08550848e-003 3.45574867e-004 2.96062673e-003
    1.14080298e-003 6.55187666e-003 1.42271700e-003 0. 2.18035374e-003
    -3.04292468e-003 0. -3.04066669e-003 -1.53425720e-003 0. 0.
    3.62093886e-003 2.45471648e-003 0. 6.32332463e-004 0.
    3.43662291e-003 -1.26682548e-003 2.42489669e-003 8.34590103e-003
    -3.02306027e-004 1.08449522e-003 9.23919215e-005 2.07115081e-003
    6.52869791e-003 4.61154478e-003 1.40769756e-003 7.51609332e-004 0.
    1.79054146e-003 0. 1.13223481e-003 6.50456175e-003 2.76649185e-003
    9.69617190e-007 6.19797094e-004 0. 1.54332770e-003 4.03703004e-003
    -6.32975716e-004 0. 4.85049887e-003 0. 1.25516634e-002 0.
    -2.12810002e-003 -1.09641673e-003 6.22496242e-003 5.12578059e-004 0.
    1.93947889e-002 0. 2.53968267e-003 6.68186089e-003 4.38483059e-003
    0. 1.09237432e-003 -6.13100128e-004 0. 5.52118942e-003
    4.92699444e-003 1.12837204e-003 7.25926459e-003 1.59938645e-003
    7.76614062e-003 0. 3.18084471e-003 2.20862962e-003 1.59500734e-004
    0. 1.83327473e-003 -2.23683513e-004 0. 2.11907811e-002
    1.43313257e-003 4.71142540e-003 0. 3.40936636e-003 0. 0.
    2.17327150e-003 0. 3.47195310e-003 2.72558490e-003 5.97116479e-004
    0. 8.85723252e-003 0. -2.84550944e-003 1.46895903e-003 0.
    1.30405431e-004 0. 4.18988429e-003 -1.24943355e-004 4.38277097e-003
    0. 0. 0. -2.09668142e-004 6.78067841e-003 1.73922721e-003 0.
    -4.77047451e-003 1.00487249e-003 -1.28824008e-003 1.28758568e-002 0.
    2.22330302e-004 0. 0. 2.25159898e-003 2.32962659e-003 0.
    7.75464857e-003 -5.61490015e-004 1.66479964e-004 2.22353404e-003 0.
    3.71784111e-003 9.21606843e-004 8.62403866e-003 -1.90911407e-003
    2.93544400e-003 1.26547110e-003 3.23592755e-003 4.15755250e-003 0.
    7.57751579e-004 1.71874126e-003 2.08907248e-003 1.04730413e-003
    -2.03876803e-003 1.01114251e-002 5.85598173e-003 1.37476493e-002
    1.56986155e-003 3.18783312e-003 2.52890796e-003 6.72179041e-003
    -1.68590702e-003 2.93362327e-003 0. 6.28900621e-003 0.
    -7.62994459e-004 -8.73943325e-004 4.86554764e-003 7.30366679e-003 0.
    0. 3.17771011e-003 0. 7.91259762e-003 3.11818963e-004
    5.03601367e-003 7.49359885e-003 -1.79508829e-003 3.66224733e-004 0.
    2.16340646e-003 0. 1.02412177e-003 0. 4.25335346e-003
    2.85484781e-003 0. 4.19546664e-003 6.65930429e-006 1.31210806e-002
    0. 9.71250876e-004 0. 5.91414049e-003 5.74323395e-003 0.
    1.12997200e-002 4.42425907e-003 8.12126324e-003 -2.85491417e-003
    1.71294506e-003 0. 0. 9.43199382e-004 2.63679028e-003
    4.80915740e-004 0. 0. 0. 0. 2.08319398e-003 2.05733883e-003 0. 0.
    1.91094342e-003 3.50482808e-003 0. 0. 6.92889676e-004
    -2.71553337e-003 0. 0. 3.94757278e-003 5.49302553e-004 0.
    3.41907819e-003 0. 3.47863446e-004 1.49543886e-003 4.72931517e-003
    0. 1.30482612e-003 4.94280504e-003 3.28967487e-003 1.45596045e-003
    -6.27256406e-004 0. 3.12924827e-003 0. 2.75363005e-003</data></imageDescriptor>
</opencv_storage>
