<?xml version="1.0"?>
<opencv_storage>
<imageDescriptor type_id="opencv-matrix">
  <rows>1</rows>
  <cols>500</cols>
  <dt>f</dt>
  <data>
    1.46088889e-003 0. 1.92438811e-003 0. 7.60657946e-004 0. 0. 0. 0.
    8.19434598e-003 0. 4.30240342e-003 0. 8.69859196e-003 0. 0.
    2.80185719e-003 0. 4.01844922e-003 4.13218979e-003 3.26964655e-003
    3.37505760e-003 0. 0. 0. 3.59785487e-003 0. 0. 6.45689107e-003
    4.53286851e-003 0. 0. 4.77326708e-003 -8.31995567e-004
    2.04086839e-003 8.82675580e-004 0. 7.47383246e-003 0.
    3.18852277e-003 1.11688697e-003 4.44388104e-004 0. 1.14950154e-003
    9.79938731e-003 1.55355199e-003 0. 0. 0. 0. 9.23359580e-003
    3.05395899e-003 0. -1.77133619e-003 0. 1.51797086e-002
    4.28052945e-003 1.57997129e-003 0. -1.83224081e-004 0.
    -1.61369436e-003 0. 5.99555345e-003 2.72481213e-003 0.
    8.78638308e-003 0. 0. 1.41636131e-003 0. 4.32376191e-003
    4.44979640e-003 0. 5.47533529e-003 2.16387003e-003 0.
    7.02759065e-003 0. 0. 0. 0. 0. 3.70891474e-004 5.04109543e-003
    7.53585622e-003 0. -2.07097898e-003 0. 0. 7.34072644e-004 0. 0. 0.
    0. 0. -3.80977348e-004 1.48066366e-002 -1.04752963e-003
    6.65888423e-004 2.98284634e-004 1.72655284e-003 0. 4.62574390e-004
    0. -1.61592779e-003 0. 0. 0. 1.20539928e-003 6.94152713e-003
    3.16099799e-003 0. 4.55874857e-003 4.17027669e-003 6.61691045e-003
    1.93057873e-003 0. 1.74333365e-003 -1.11227948e-003 0.
    2.91626173e-004 2.35055064e-004 0. 6.63174270e-003 -3.05291702e-004
    8.97797942e-003 0. -1.34841050e-003 0. 0. 0. 0. 1.00423461e-002
    2.09824694e-003 1.05766754e-003 3.59936175e-003 1.70981907e-003
    1.37728807e-002 -1.40702387e-003 7.00627686e-003 0. 0. 0. 0. 0. 0.
    0. 0. 0. 3.52574559e-003 0. 2.42171367e-003 0. 5.63310133e-003 0. 0.
    0. 2.05606199e-003 0. -9.21963830e-004 1.70256488e-003 0.
    1.31143455e-003 0. 4.08074446e-003 3.12884641e-003 0. 0.
    -1.70935655e-003 1.16746349e-003 0. 0. -1.47501896e-005
    3.33411805e-003 0. 0. 0. 2.40904605e-003 0. 2.93298252e-003 0. 0.
    8.22841749e-003 6.52282592e-003 0. -2.12917003e-004 0.
    2.53453571e-003 7.96044990e-003 -5.88810071e-004 9.87973623e-003
    4.24553733e-003 0. 0. 0. 2.82086665e-004 0. 1.33046962e-003
    8.11499357e-003 1.50828110e-002 0. 0. 0. 0. 0. 1.58262718e-003 0.
    -4.13471571e-004 6.27895724e-003 6.29359158e-003 0. 3.66163696e-003
    0. 4.90344968e-003 2.97392579e-003 -3.06312903e-003 4.09358600e-003
    0. 0. 0. 0. 0. 0. 0. 1.01513346e-003 1.00397482e-003 3.90875433e-003
    1.12207234e-003 0. 0. 0. 4.90965741e-003 0. 0. 2.57461355e-003 0. 0.
    0. 0. 0. 0. -1.66693574e-003 0. 0. 1.61902942e-002 0. 0. 0. 0. 0. 0.
    3.74832563e-003 3.15898308e-003 8.80489126e-003 9.49295331e-003
    5.40270424e-003 5.62982913e-003 4.58236132e-003 6.69662282e-003
    3.57688265e-003 0. 3.70290875e-003 1.55965369e-002 0.
    2.26293597e-003 6.20287261e-004 8.07786710e-005 0. 3.90776014e-003
    1.27468631e-002 4.16205311e-003 5.36822993e-003 1.43948128e-003 0.
    0. 1.37045598e-002 1.11305546e-002 7.75915431e-003 6.62668515e-003
    7.74660334e-003 3.69764492e-003 -1.40312267e-003 3.24298977e-003
    4.08675615e-003 0. 0. 0. 0. 6.84399274e-004 9.34564567e-004
    1.89357181e-003 4.57522878e-003 0. 0. 1.30251646e-002 0. 0.
    3.97078140e-004 0. 0. 0. 0. 2.33813887e-003 0. 0. 0. 6.38842490e-003
    3.37877823e-003 0. 0. -1.67056965e-003 1.38229178e-003
    2.11455650e-003 0. 0. 0. 2.37704278e-003 1.27003714e-002 0. 0.
    3.53865768e-003 2.29611620e-003 0. 0. -9.63311351e-004
    -3.06040654e-003 -2.05349154e-003 2.86518503e-003 0. 8.01873300e-003
    0. 2.83891459e-005 0. 8.05420510e-004 9.29097738e-003 0. 0.
    3.37418960e-003 3.24265612e-003 0. 3.91515484e-003 -2.52116937e-003
    4.20532236e-003 3.63204419e-003 0. 0. -4.46917984e-004 0. 0. 0.
    1.00095132e-002 7.59690069e-003 1.57761306e-003 0. -7.55169822e-005
    1.67039055e-002 0. 2.04765075e-003 0. 0. 3.98077117e-003
    6.59340108e-003 1.40329765e-003 1.26092136e-003 3.97868082e-003 0.
    -1.01450912e-003 0. 3.63809988e-003 0. -5.64295624e-004 0. 0. 0.
    7.79140508e-004 0. 0. 1.46966559e-004 0. 1.44616198e-002
    1.03398254e-002 1.03232381e-003 -7.28887646e-003 2.51381006e-003
    8.33718851e-003 7.10058433e-004 0. 0. 1.17379485e-003 0.
    6.70486735e-003 -8.02945986e-004 -1.57332013e-003 0.
    -2.00021686e-003 2.51301401e-003 6.00399775e-003 5.33729605e-003
    7.03328056e-004 2.52886489e-003 1.37206109e-004 -1.08294038e-003
    1.32564444e-003 2.10549263e-003 1.70597173e-002 2.89063063e-003
    1.09615466e-002 2.05380772e-003 5.17688645e-003 0. 1.69311394e-003
    3.06035345e-003 0. 2.01934204e-003 0. 3.09156161e-003
    1.80450291e-003 0. 0. 0. 0. 1.45204912e-003 0. 0. 0. 2.41630315e-003
    0. 3.18301166e-003 7.44085526e-004 3.94909875e-003 4.60514886e-004
    0. 3.73567309e-004 0. 0. 9.00283549e-003 0. 4.07618890e-003
    9.68840206e-004 3.34365061e-003 0. 4.36016219e-003 1.98215572e-003
    3.03203636e-003 0. 0. 4.60115541e-003 1.80332770e-003 0.
    6.44772174e-003 3.70178814e-003 -1.08747673e-003 0. 2.56883772e-003
    0. 5.30908303e-003 -6.18556573e-004 4.15806833e-004 0. 0.
    -9.81092686e-004 0. 0. -1.36987155e-003 8.86234269e-003
    -3.09897936e-003 -1.97849283e-003 2.34464766e-003 1.44219594e-002 0.
    0. 0. 1.16054639e-002 7.36730080e-003 0. -3.47314519e-004
    2.79760407e-003 0. -1.22834113e-004 0. 0. 5.50896116e-003
    1.07900389e-002 1.69628039e-002 4.10209643e-004 0. 0.
    -1.07456559e-004 -1.11572561e-003 7.67504389e-004 1.01068877e-002
    2.56149471e-003 0. 0. 6.30840473e-003 6.80573238e-003
    3.75895016e-003 -1.68615009e-003 1.24767544e-002</data></imageDescriptor>
</opencv_storage>
