<?xml version="1.0"?>
<opencv_storage>
<imageDescriptor type_id="opencv-matrix">
  <rows>1</rows>
  <cols>500</cols>
  <dt>f</dt>
  <data>
    0. 1.08815555e-003 1.31607684e-003 3.99118755e-004 0.
    -4.36982187e-003 5.69791486e-003 1.05284550e-003 1.05145213e-003
    -3.54025187e-003 7.72630097e-003 2.42546061e-003 -1.69772102e-004
    -1.13629460e-004 3.41161783e-003 -6.69792003e-004 2.82757916e-003
    -9.00980958e-004 0. 1.66465784e-003 4.44075512e-003 0. 0.
    3.42919421e-003 4.93088923e-003 5.25755750e-004 0. 0.
    4.64183278e-003 3.28082102e-003 5.39988466e-003 1.04147410e-002
    4.90942621e-004 -2.05297209e-003 1.63101789e-003 0. -1.93711300e-003
    2.77379341e-003 1.74000592e-003 0. -1.22710888e-003 0.
    1.94394682e-003 1.43382829e-002 6.97481388e-004 1.17915068e-002
    2.56570103e-003 2.70149158e-003 6.80206576e-003 0. -6.23429878e-005
    2.42782058e-003 7.55670539e-004 2.01742630e-003 3.64088453e-003
    3.69984703e-003 2.86641007e-004 5.30332001e-003 -1.19461166e-003
    6.57900423e-003 2.27226689e-003 0. 1.12078991e-002 7.68120808e-004
    1.87091203e-003 4.37926676e-004 4.08537826e-003 6.90181041e-003
    3.13124317e-003 0. 3.88983078e-003 3.17200972e-003 1.43434526e-003
    3.69146373e-003 -2.13373150e-003 3.73976538e-003 0. 0.
    -2.36811233e-004 6.89125666e-003 4.44390997e-003 2.08680425e-002
    4.47885972e-003 1.90927926e-003 1.10870823e-002 -5.50161058e-004
    8.02946975e-004 -3.07406671e-003 0. 0. -1.41102588e-004
    2.10963190e-003 3.81354080e-003 2.63252552e-003 2.14987597e-003 0.
    0. 1.09711116e-004 0. 8.14074418e-004 0. 2.07951549e-003
    2.44200183e-003 1.90480845e-003 3.82825988e-003 0. 2.49034469e-003
    4.41378867e-003 0. 3.05240334e-004 0. 1.34967063e-002 0.
    2.06613122e-003 0. 2.90258229e-003 0. 7.14125927e-004
    6.69462001e-003 5.52778831e-004 0. 0. 0. 1.57417450e-003
    2.76641198e-003 0. 0. 3.16535053e-003 0. 2.58238032e-003 0.
    4.53073328e-004 -1.43128287e-004 1.71482749e-003 8.84401205e-004
    2.51002703e-003 7.11623440e-003 2.48567387e-003 0. 1.48768770e-003
    0. 0. 0. 6.18303102e-003 8.18413682e-003 -3.07752378e-003
    4.68486542e-004 0. 0. 0. 3.87037150e-003 4.03674599e-003
    2.77377223e-003 0. 5.58863860e-003 2.81920959e-003 -2.46752927e-004
    0. 2.06349907e-003 2.92897993e-003 3.36552947e-003 0.
    2.53780186e-003 3.64484731e-003 0. 0. 3.89397726e-003
    6.70659635e-003 -8.04722775e-004 1.53543183e-003 1.88778667e-003
    3.65946721e-003 2.56255060e-003 3.92487179e-003 8.95879290e-004
    5.50319673e-003 5.48731012e-004 0. 5.88960852e-003 3.68093490e-004
    8.01575952e-004 8.23944435e-003 3.93639877e-003 4.61519649e-003
    8.60746857e-003 1.07037025e-002 9.03833285e-003 0. 6.78467564e-004
    4.97791079e-005 1.75614581e-002 0. 0. 6.23558834e-003
    3.94610222e-003 6.54073339e-003 -2.11299537e-003 2.85649044e-003
    3.60791804e-003 2.48887367e-003 3.14909313e-003 4.24128445e-003
    6.68838574e-003 1.36114866e-003 0. 0. 5.49644697e-003
    1.24401308e-003 1.61217386e-003 1.39314600e-003 9.24426422e-004 0.
    0. 1.98859768e-003 0. 1.05852366e-003 0. 2.86834803e-003 0. 0.
    2.03745323e-003 5.56624262e-003 0. 0. 2.40997877e-003 0. 0.
    -1.96386268e-003 1.52520637e-003 2.51550041e-003 1.40389719e-003
    -1.23930420e-003 0. 6.04354963e-003 0. 1.76363485e-003
    2.22183764e-003 -4.50633699e-003 1.75474654e-003 5.76879689e-003 0.
    5.93520061e-004 0. 3.62077821e-003 7.24234106e-003 3.45314294e-003
    0. 0. 0. 1.42165052e-003 4.24109923e-004 0. 3.55349877e-003 0. 0. 0.
    4.28466825e-003 2.94398107e-002 2.85158912e-003 2.25200187e-004 0.
    0. 0. -2.02173227e-003 1.71326194e-003 2.77087186e-003
    7.14182854e-003 2.13249004e-004 0. 0. 7.52203166e-004 0.
    -1.58148701e-003 0. 0. 1.60307542e-003 0. 0. 2.70666974e-003
    9.66504449e-004 0. 1.05768070e-003 7.78360153e-003 0.
    1.29519496e-003 9.51774977e-003 5.88095607e-003 3.00753769e-003 0.
    4.81491588e-004 0. 2.29744567e-003 1.18145451e-003 2.50770501e-003
    2.85814446e-003 -7.32656103e-004 1.12500282e-004 5.45618415e-004
    4.43578325e-003 1.79891777e-003 6.22123154e-003 1.47032330e-003
    2.45069317e-003 1.52821979e-003 0. 4.31339163e-003 0. 0. 0. 0.
    5.60534606e-003 1.61179283e-003 6.37782039e-003 0. 0.
    2.08041421e-003 0. 8.04626476e-003 1.77358350e-004 3.54661420e-003
    -8.33089944e-005 0. 2.61910120e-003 -5.26065123e-004 0. 0.
    1.76097546e-003 9.66168288e-003 1.46885077e-003 1.95522048e-003
    -3.39659280e-003 2.58636335e-003 2.47170310e-003 0. 8.10037018e-005
    0. 0. 2.61485041e-003 0. -1.64784596e-003 2.76665692e-003 0.
    1.85335055e-003 3.12270131e-005 7.24500138e-003 0. 3.14749917e-003
    0. 0. 0. 4.98893460e-005 1.48484926e-003 0. 3.22081638e-003
    1.20306690e-003 1.12514978e-003 1.33913913e-004 0. 3.68364854e-003
    7.27033766e-004 1.98490941e-003 2.32470222e-003 1.57502515e-003
    2.78282358e-004 -2.95777339e-003 1.47893699e-003 9.22392309e-003 0.
    -1.92210136e-004 0. 3.76751623e-003 1.80846043e-002 2.81188404e-004
    -9.71382367e-004 0. 0. 0. 5.46621578e-003 4.11916664e-003
    3.64112970e-003 7.00816279e-004 3.73751856e-003 5.76638995e-005
    1.25443218e-002 3.04110697e-003 5.59032662e-003 9.33685713e-003 0.
    4.29628126e-004 0. 1.91386894e-003 1.66444050e-003 0. 0.
    1.57594017e-003 -1.97215631e-005 0. 1.87798796e-004 7.53613003e-003
    -1.52862794e-003 2.19816179e-003 -4.21295816e-004 0.
    -1.45940331e-003 0. 4.43702610e-003 -9.76979849e-004
    -4.08870605e-004 3.58501123e-003 0. 0. 0. 0. 0. 1.58569519e-003 0.
    2.92630168e-004 5.00869798e-003 1.64154975e-004 2.30973493e-003
    1.76898774e-003 9.69912624e-004 2.03829841e-003 4.93319239e-003
    2.59397645e-003 2.68251286e-004 2.67628045e-003 0. 0.
    1.50185209e-002 1.20125932e-003 0. 4.76724096e-003 2.09358078e-003
    3.68820131e-003 8.00974900e-004 0. 7.93619361e-003 4.86914720e-003
    0. 3.55949556e-003 0. 7.58851471e-004 0. 1.36447186e-003
    4.03134944e-003 5.69959520e-004 5.73669188e-003 0. 2.58148480e-002
    4.04941710e-003 1.86154142e-003 -2.13435898e-003 6.60189660e-003
    2.50547705e-003 2.08168034e-003 0. 2.68460950e-003 -1.85526861e-003
    0. 0. 0. 1.52401999e-003 0. 2.38131941e-003 4.17963834e-003
    4.13359562e-003 0. 0. 0. 0. 4.50845668e-003 0. 4.80796583e-003 0. 0.
    2.74873921e-003 0. -2.37614790e-004 -1.79182203e-003 0. 0.
    1.01877528e-003 1.02924779e-002 0. 5.77191589e-004 0.
    2.97676976e-004 1.24853151e-003 4.14339686e-003 0. 2.67778779e-003
    -1.19861681e-003 -2.72253325e-004 0. 1.53983783e-004
    -1.15099421e-003 2.72371480e-003 6.14801934e-003 0.</data></imageDescriptor>
</opencv_storage>
