<?xml version="1.0"?>
<opencv_storage>
<imageDescriptor type_id="opencv-matrix">
  <rows>1</rows>
  <cols>500</cols>
  <dt>f</dt>
  <data>
    4.83015599e-003 0. 0. 0. 0. 4.79783956e-003 1.93239667e-003 0.
    6.15835236e-003 0. 1.01740449e-003 4.34351014e-003 0.
    3.48235737e-003 0. -5.65403570e-005 3.70210758e-003 0. 0.
    1.76124577e-003 0. 6.03083847e-003 1.96822570e-003 0.
    1.14283117e-003 0. 1.00347232e-002 1.66317075e-002 0.
    -2.99118087e-003 9.92184691e-003 0. 4.64773551e-003 0. 0. 0.
    1.89766251e-002 9.63217765e-003 4.33904864e-003 -5.95050456e-004 0.
    8.33431317e-004 5.91060286e-003 0. 0. -3.48218047e-004 0.
    2.48338236e-003 0. 0. 0. 0. 0. 0. 9.19930288e-004 0. 4.68128128e-003
    1.25439679e-002 0. 7.45337317e-003 0. 4.66736237e-004
    3.08491779e-003 8.55302264e-004 6.61990605e-004 2.94224033e-003
    2.98338803e-003 1.23954064e-003 0. 0. 3.08091124e-003
    7.80979870e-003 0. 1.29132001e-002 0. 0. 2.33251462e-003
    1.62961558e-002 0. 0. 0. 0. 0. 2.09064502e-003 3.93106230e-003 0.
    -7.95615430e-004 0. 5.33037027e-003 4.70679626e-003 3.42262606e-003
    -8.24632775e-003 2.20129779e-003 0. 4.39962745e-003 0.
    5.85512631e-003 0. 1.37575367e-003 8.06543045e-004 0. 0.
    8.35324056e-004 0. -1.03698473e-003 2.27402290e-003 0.
    1.36573249e-002 7.34310318e-003 0. 2.02338141e-003 6.41088979e-003
    7.82780629e-003 0. 0. 7.68984435e-003 4.42144787e-003
    -2.80436390e-004 9.05310735e-004 0. 8.74492060e-003 4.21318319e-003
    0. 0. 5.40449424e-003 0. 3.68880713e-003 3.79753276e-003
    1.16115331e-003 0. 0. -8.37916881e-003 1.29243708e-003 0. 0.
    1.84619110e-002 0. 3.66621395e-003 0. 1.26066133e-002
    1.15265138e-003 0. 3.41523113e-003 0. 3.63373221e-003 0. 0.
    3.69450689e-004 2.28495128e-003 0. 6.97857374e-003 0.
    4.01458610e-003 0. 0. 1.61153392e-003 -2.38983950e-004 0. 0. 0.
    9.71531845e-005 2.21872190e-003 1.07104480e-002 1.27505930e-003
    7.69574847e-003 1.85429323e-002 7.09008100e-003 4.22307570e-003
    -1.35591358e-003 0. 0. 4.80106147e-003 0. 2.22423463e-004 0. 0.
    5.15344832e-003 2.85715284e-003 1.88414205e-003 -4.09809407e-004 0.
    3.33018112e-003 1.49304681e-002 9.63260233e-003 0. 7.56953098e-003
    5.41311689e-003 0. 0. 0. 1.77477091e-003 6.48183118e-007 0.
    1.25885643e-002 0. 3.55218421e-003 1.64251158e-003 1.19344052e-003
    3.86760314e-003 0. 1.10215961e-003 4.80140734e-004 0. 0. 0. 0. 0.
    6.39132923e-003 9.79912234e-004 0. 3.18139233e-003 0.
    -5.64316462e-004 6.53061364e-003 5.24643762e-003 2.26380117e-003
    -4.75560641e-003 0. 0. 5.33784786e-003 1.67231411e-002
    4.01216187e-003 0. -2.19322625e-003 0. 4.54502506e-003 0. 0.
    -6.95085211e-004 2.42183171e-003 0. 1.01996418e-002 0.
    1.21586199e-003 1.46446228e-002 1.97279733e-003 0. -1.74633774e-003
    1.04251795e-003 0. 1.09480247e-002 0. 6.32514199e-003
    2.22478993e-003 4.85866144e-003 0. 0. 8.03388248e-005
    5.02733234e-003 1.17712412e-002 0. 3.68932597e-002 -1.58166850e-003
    0. 0. 0. 0. 1.05447974e-003 0. 0. 0. 1.76790415e-003 0. 0.
    -2.38524470e-003 7.45446468e-003 0. -1.66422920e-003 1.30923092e-003
    1.67191809e-003 9.54322703e-003 0. -2.67781503e-003 8.90533347e-003
    -8.08960525e-004 4.95739421e-003 4.36092773e-003 5.75695001e-003
    6.50464790e-003 -1.49859535e-003 2.31226068e-002 -1.26197387e-003
    3.10607976e-003 2.52198312e-003 1.04921439e-003 1.93629309e-003 0.
    3.54787614e-003 0. 1.33797689e-003 3.43466923e-003 -4.00205050e-003
    4.65370854e-003 -2.32044167e-005 8.82987026e-003 0. 5.09583252e-003
    0. 2.24786205e-003 0. 2.69825757e-003 3.87814548e-003
    3.15667503e-003 0. 0. 1.81064606e-002 0. 0. 0. 3.36851669e-003 0.
    4.23482415e-004 2.85203545e-003 0. -4.02654801e-003 0. 0.
    3.59918340e-003 4.33606969e-004 0. 0. 2.56680418e-003 0. 0. 0. 0. 0.
    1.65253039e-003 0. 2.09633331e-003 -2.70433142e-003 1.57116819e-003
    0. 6.19315216e-003 1.18162669e-003 0. 0. 0. 0. 0. 0. 0.
    -9.23261046e-004 0. 0. 0. 1.00067712e-003 7.64126307e-004 0. 0.
    8.71113595e-003 0. 3.53454310e-003 0. 0. 6.36378489e-003 0. 0. 0.
    -3.96433519e-003 0. 0. 0. 5.32316603e-003 0. 4.24884446e-003
    5.57037012e-004 1.44782546e-003 0. 0. 4.69566695e-003
    1.88202795e-003 3.35641298e-003 0. 2.30540149e-003 1.31274783e-003
    0. 2.99375434e-003 3.75389727e-003 2.57196170e-005 0.
    3.82384821e-003 2.07355991e-003 0. 3.42001859e-003 0. 0.
    2.08720478e-004 -4.12297668e-003 4.05545579e-003 8.11606087e-003
    -3.62192368e-005 2.36984110e-004 -8.47618736e-004 0. 3.05134547e-003
    1.32225454e-002 4.48022550e-003 0. 0. 2.69646663e-003 0.
    4.05016821e-003 0. 7.54130233e-005 0. 0. 2.57351436e-003
    -1.09988544e-003 0. 0. 0. 0. 1.10657569e-002 -6.12056232e-004 0. 0.
    0. 0. 0. 0. 2.92720203e-003 5.01167681e-003 6.41951943e-003
    1.81832598e-004 -5.88502828e-003 0. 0. 0. -1.22210535e-003 0. 0. 0.
    3.04389349e-003 4.61782422e-003 6.73185289e-003 8.32994655e-003 0.
    0. 0. 2.88584665e-003 -5.30202407e-004 4.05561383e-004 0. 0. 0. 0.
    0. -4.97333100e-003 0. 0. 0. 2.38849898e-003 3.90278385e-003
    -1.45780866e-003 3.85287846e-003 1.29209450e-002 0. -6.73939532e-004
    0. -7.52051128e-004 2.48194812e-003 3.32819764e-003 0.
    6.28678547e-003 0. -7.61557894e-004 0. 0. 1.02495970e-002 0.
    -2.41086306e-003 8.89643934e-003 0. 4.49342467e-003 0.
    -3.74972541e-003 6.23497297e-004 0. 0. 0. 0. 0. 2.22050608e-003 0.
    8.29954073e-003 5.42431604e-003 0. 0. 3.65857175e-003
    4.68815444e-003 1.96202775e-003 3.00007261e-004 5.26335672e-004
    4.55333589e-004 5.38672833e-003 -2.46777711e-003 0. 0. 0.</data></imageDescriptor>
</opencv_storage>
