<?xml version="1.0"?>
<opencv_storage>
<imageDescriptor type_id="opencv-matrix">
  <rows>1</rows>
  <cols>500</cols>
  <dt>f</dt>
  <data>
    4.54015826e-004 0. 3.76541611e-005 -1.94519627e-004 2.88143335e-003
    -7.51027430e-004 2.41860794e-003 0. 1.43472548e-003 7.85803597e-004
    3.99965188e-003 1.46190764e-003 0. 2.52519385e-003 0. 0.
    2.48848507e-003 1.18269986e-002 0. 0. 1.27158931e-003
    6.22621691e-003 -2.05600954e-004 8.69121432e-005 1.52306061e-003 0.
    6.66416134e-004 0. 4.47850022e-003 2.62895296e-003 0.
    3.83003778e-003 -2.18758755e-003 7.04256410e-004 3.23624513e-003 0.
    0. -1.16552878e-003 1.32177747e-003 8.52799974e-004 2.91350204e-003
    6.95746066e-003 2.55439593e-003 9.51745640e-003 4.84537653e-004
    2.26160884e-003 6.75548508e-004 0. 0. 1.43271557e-003
    6.10850286e-003 0. 5.71085420e-003 2.75183097e-003 3.88183584e-003
    3.14303557e-003 2.08534114e-003 1.74364448e-003 7.25603546e-004
    1.63413095e-003 6.20075269e-003 0. 3.29659740e-003 2.45578121e-003
    1.90820021e-003 1.22566950e-002 3.24758072e-003 6.45889761e-003 0.
    1.08175119e-002 0. 2.20740191e-003 3.34475306e-003 7.32963788e-004
    6.22239080e-004 9.93506401e-004 2.95093260e-003 -2.20535113e-003 0.
    1.20299250e-004 1.73949031e-003 0. -7.64300814e-004 4.43470571e-003
    0. -4.80861549e-004 8.51808290e-004 -5.42224385e-003 6.67131506e-003
    6.00213325e-003 0. 1.22466951e-003 7.38820853e-003 2.71986210e-004
    1.94315100e-003 5.58411935e-004 2.39731162e-003 1.59267557e-003
    6.09385688e-003 1.57161232e-003 1.04910403e-003 4.79334127e-003
    5.42505085e-003 -8.00873095e-004 0. 3.49984766e-004 3.52686533e-004
    -1.30186987e-003 0. 5.29243960e-004 4.77728760e-003 0.
    1.03779566e-002 2.16007303e-003 7.30863493e-003 0. 3.46497074e-003
    2.40052165e-003 3.31470766e-003 0. 0. -7.48842896e-004
    1.76227430e-003 3.62837780e-003 7.04052218e-004 2.33143033e-003 0.
    0. 0. -5.52603102e-004 1.95146352e-003 0. 1.87997252e-003
    2.45796680e-003 6.87895983e-004 1.85191107e-003 0. 2.23830761e-003
    3.01253493e-003 6.81040518e-004 -2.35912646e-003 0. 1.04375905e-003
    0. 7.06286728e-003 6.84770930e-004 8.80485692e-004 0. 0. 0.
    -1.12160295e-003 1.66122196e-003 2.83495663e-003 0. 1.67742290e-003
    0. 2.94580520e-003 2.22225534e-003 -5.38065739e-004 0. 0.
    1.22740318e-003 1.06676435e-003 1.48215925e-003 -3.23404354e-004 0.
    1.83841912e-003 0. 6.34526135e-003 2.60958285e-003 4.53011459e-003
    2.07643490e-003 0. 5.83925052e-004 1.44010270e-003 6.15717494e-004
    0. 0. 1.96395977e-003 1.11163326e-003 7.06119055e-004
    -1.19487813e-003 1.92905162e-002 9.87235224e-004 8.27022083e-003
    1.53523101e-003 1.50409073e-003 0. 5.91163244e-003 0. 0.
    4.76134475e-003 0. 2.33286805e-003 6.65100757e-004 0.
    -2.56573618e-003 3.21202038e-004 5.61207416e-004 2.42996588e-003
    4.27062903e-003 0. 4.94624069e-003 -1.25459768e-003 8.98051425e-004
    2.03688559e-003 8.16319138e-003 4.99650929e-003 -6.41321414e-004
    4.34978196e-004 0. 3.16213886e-003 2.43291771e-003 0.
    2.10231007e-003 6.32114825e-004 9.36923490e-004 1.10735616e-003
    6.39522495e-003 5.66239655e-003 0. 3.00462660e-003 0.
    1.47615676e-003 5.73559257e-004 0. 3.02566856e-004 5.58383297e-003
    1.80877774e-004 3.29815503e-003 2.88516720e-004 3.42703261e-003
    2.95066601e-003 1.19279721e-003 3.27548222e-003 0. 3.96243297e-003
    6.24272646e-003 4.91919462e-003 6.95692655e-003 4.37456928e-003
    1.47933140e-003 0. 2.89640832e-003 4.75684647e-004 6.89787325e-003
    1.29866926e-002 1.44795806e-003 0. 7.17745442e-003 3.05431313e-003
    0. 0. 2.65137525e-003 2.61511304e-003 2.99482257e-003
    5.03358804e-003 0. 0. 3.92440427e-003 0. 0. 6.07976271e-003
    -1.11099530e-003 -1.27177907e-003 3.35282553e-003 2.60008406e-003
    2.36443849e-003 1.62975711e-003 3.97551368e-004 0. 6.69668778e-004
    0. 3.67716711e-004 -1.23781664e-003 8.22131056e-004 7.87333644e-004
    5.69399912e-003 4.98823356e-003 3.90164182e-003 0. 6.14460092e-003
    5.19803539e-003 3.59451887e-003 4.89362516e-003 0. 0.
    -2.23756605e-003 1.37104013e-003 1.31411396e-003 7.11250305e-003 0.
    0. 1.92123884e-003 3.35621624e-003 0. 4.45498200e-003 0.
    6.82629980e-005 5.55725489e-003 2.22844840e-003 1.45691482e-003
    5.63095557e-004 3.06815258e-003 3.13033024e-003 1.38804573e-003
    2.98445276e-003 3.78537108e-003 1.29312812e-003 8.64315429e-004
    1.34022336e-003 9.10968892e-003 3.68170353e-004 4.44952305e-003
    5.40490309e-003 5.07672259e-004 4.68687341e-003 9.94198839e-004
    2.21138285e-003 1.22406508e-003 3.69986543e-003 1.27915468e-003
    7.84799736e-003 0. 4.68684506e-004 0. 2.45527527e-003
    1.56520202e-003 8.13250139e-004 8.19521490e-003 1.51610503e-003
    3.57189984e-003 9.91425943e-004 0. 2.83909170e-003 0.
    3.38872895e-004 -1.49991014e-004 4.20564134e-003 8.28752934e-004 0.
    8.70755583e-004 4.44221543e-003 9.75742878e-004 -4.30462678e-004
    4.05528629e-003 1.89317821e-003 -3.46979476e-004 1.81774748e-003
    1.07192015e-003 -1.46138866e-003 0. -1.05225874e-004
    -9.17044235e-004 1.05087296e-003 0. 4.56535257e-003 3.52052506e-003
    2.23590294e-003 4.66838293e-003 4.67912387e-003 2.43027788e-003
    1.64236804e-003 5.58911962e-003 4.85241041e-003 4.67098318e-003
    3.14930757e-003 3.86523851e-003 6.39036647e-004 1.80613808e-003 0.
    0. 2.76331417e-003 6.20899256e-003 1.95486029e-003 3.16426554e-003
    -1.08985219e-003 0. 3.61778424e-003 8.27220455e-003 -2.32103723e-003
    5.57924504e-004 1.52351847e-003 -3.26554466e-004 1.48819657e-002
    2.71509914e-003 4.46699560e-003 3.35804373e-003 2.07499624e-003
    8.21914990e-003 6.20281417e-003 0. 7.62504479e-003 -7.20615324e-004
    0. 4.26023128e-003 3.99034144e-003 0. 3.17242602e-003 0.
    7.90389371e-004 0. -6.37590638e-005 2.17237370e-003 3.25645786e-003
    4.19494463e-003 2.89969612e-003 1.51973963e-003 4.63063503e-003
    1.82119315e-003 2.65245186e-003 2.28056731e-003 8.92377738e-003
    5.11845807e-003 2.11905409e-003 0. 1.93086488e-003 1.83831761e-003
    8.33450351e-004 3.19410325e-003 6.92387670e-003 1.51945942e-003
    -3.26709356e-003 0. 2.49835989e-003 0. 4.60765138e-003 0.
    7.83727097e-004 2.04232312e-003 0. -7.27552761e-005 0.
    3.19978921e-003 3.75571824e-003 1.55370368e-003 1.61892606e-003
    1.61899882e-003 2.92216602e-004 4.67280485e-003 0. 1.75610313e-003
    0. 1.35780196e-003 9.06613073e-004 1.22402434e-003 1.26428634e-003
    4.20433236e-003 -4.43386263e-004 -4.85129189e-003 -5.78644045e-004
    0. 0. 2.27469532e-003 1.96275162e-003 1.09945191e-003
    4.00367333e-003 2.85267713e-003 6.53878524e-005 4.36938088e-003
    1.59165019e-003 6.09722687e-003 0. 0. 1.19222247e-003
    5.37584769e-003 2.60152225e-003 6.79699332e-003 0. 9.93452966e-003
    8.63818394e-004 6.97821146e-004 5.15950006e-003 0. 1.61259098e-003
    2.27966331e-004 0. -4.97135450e-004 0. 1.44903110e-002 0.
    1.27704884e-003 2.42281909e-004 0. 1.88635325e-003 5.46072563e-003
    2.92799156e-003 -1.11329695e-003 2.28503544e-004 3.65644903e-003
    -4.96652094e-004 5.12511062e-004 1.80047448e-003 3.55232297e-003
    9.96547984e-004 0. 1.82795455e-003 -7.19466829e-004 1.64232810e-003
    9.39009478e-004</data></imageDescriptor>
</opencv_storage>
