<?xml version="1.0"?>
<opencv_storage>
<imageDescriptor type_id="opencv-matrix">
  <rows>1</rows>
  <cols>500</cols>
  <dt>f</dt>
  <data>
    0. 0. 0. -2.28726445e-003 0. -2.24051811e-003 2.34290562e-003 0.
    7.97079876e-003 1.72605936e-003 0. -2.92060478e-003 0. 0.
    1.96337095e-003 0. 0. 8.10929399e-004 0. 0. 5.52162202e-003
    -4.36698407e-004 6.57164142e-004 1.33055374e-002 0. 1.38241472e-003
    5.66666201e-003 8.58603220e-004 1.07409700e-003 0. 4.57059629e-002
    0. -1.59760856e-003 1.49004930e-003 -3.60371690e-004 0.
    3.65891587e-003 5.23982849e-003 1.22427167e-002 2.49060825e-003 0.
    5.10994019e-003 2.04291381e-003 0. 0. 2.29929760e-002 0.
    6.87127293e-004 2.47619092e-003 0. 0. 0. 3.44859646e-003
    5.76611841e-004 2.45142169e-003 0. 0. 0. 0. 0. 7.74683384e-003 0.
    -1.08797138e-003 -3.25585110e-003 2.84949259e-004 7.39204139e-003
    3.94902471e-003 4.47927741e-003 0. 3.72665422e-003 1.16331421e-003
    2.71005672e-003 0. -8.43805843e-004 6.00700639e-003 0. 0.
    5.59243548e-004 3.98344966e-003 5.60659869e-003 2.22313125e-003
    1.84754631e-003 0. -8.64210539e-004 5.54685760e-003 0. 0. 0.
    8.89093708e-003 3.54966498e-004 3.31174489e-003 0. 3.90168070e-003
    0. 9.42162331e-003 -3.81239632e-004 0. -2.90485611e-003 0.
    3.21876421e-003 4.82598599e-003 3.16754985e-003 0. -1.17211952e-003
    0. 0. 0. 2.40605255e-003 1.79165753e-003 0. 8.48578662e-003 0. 0.
    1.71382201e-003 0. 0. 0. 1.37221382e-003 0. 0. 1.59021572e-003 0.
    -4.17813280e-004 3.05162510e-003 0. 2.75276788e-003 4.17057332e-003
    -1.41875597e-003 2.94356048e-003 1.19995780e-003 0. 0.
    4.19471553e-003 0. 0. 7.33655086e-003 6.55640615e-003
    1.30466034e-003 0. 3.94473504e-003 1.97611540e-003 0.
    1.49455667e-003 0. 1.02354810e-002 7.07257888e-004 0. 0. 0. 0.
    5.25244337e-004 2.88337190e-003 0. 0. 1.20117259e-003 0.
    8.64236616e-003 0. 0. 2.90632294e-003 1.05843907e-002
    -1.21694966e-005 0. 0. 1.60955446e-004 0. 1.16668432e-003
    -3.00253648e-003 5.25054638e-004 1.28303678e-003 0. 0.
    7.87941366e-003 0. 3.77642363e-003 0. 1.70474648e-002 0.
    9.85074136e-003 0. 0. 0. 1.83512010e-002 1.10847910e-003
    6.11577928e-003 -2.30829304e-004 6.86539710e-003 1.03960605e-002 0.
    0. 0. 5.53526590e-003 0. 0. 1.55279851e-002 6.60494808e-003
    2.77718529e-003 2.84188893e-003 -1.44875306e-003 0. 1.05374714e-003
    0. 1.90536492e-003 0. 0. 2.19416968e-003 -4.59592044e-003
    1.08944112e-003 0. 1.95857626e-003 1.08254119e-003 2.26333877e-003
    -2.51689157e-003 0. 4.25385125e-003 0. 1.54855661e-003
    1.97827909e-003 0. 1.36097032e-003 8.69312417e-003 -1.73383229e-003
    2.89987447e-003 8.07253644e-003 2.80058687e-003 0. 6.97086146e-003
    1.66661316e-003 5.50266914e-003 1.30068848e-003 4.83201444e-003
    8.77125189e-003 1.83179416e-002 1.44779049e-002 5.30799106e-003
    3.26005020e-003 0. -1.01468642e-003 0. 1.71755080e-003
    8.57473537e-003 9.37601365e-003 1.65922020e-003 6.13675546e-003
    6.20267761e-004 0. 4.94150119e-003 0. 0. 3.85458092e-003
    -4.15023795e-004 2.28138152e-003 0. 4.54981485e-003 0.
    7.43350131e-004 1.26592827e-003 1.88904372e-003 0. 4.30667959e-003
    3.32608563e-003 6.43039297e-004 0. 0. 5.49954642e-003 0. 0. 0.
    2.22553755e-003 2.13054754e-003 -8.06756085e-004 1.48097973e-003 0.
    7.12059112e-003 6.02575717e-003 0. 5.50981611e-003 2.46630888e-003
    8.07652948e-004 0. 2.04953575e-003 0. 4.01267287e-004 0. 0.
    3.55229434e-003 1.37650024e-003 6.40238402e-003 0. 0.
    2.32494273e-003 -3.91824811e-004 2.14556442e-003 -1.04771741e-003 0.
    4.11049277e-003 0. 0. 3.19838081e-003 -2.14279699e-003
    -2.64425413e-003 4.33718367e-003 0. -2.65205133e-004 0.
    2.87724729e-003 1.54708233e-002 0. 0. 1.74588338e-003
    3.64516466e-003 0. 4.46336716e-003 1.17349788e-003 0.
    2.80204369e-003 0. 1.36978924e-002 0. 1.21638747e-002
    3.75425164e-003 3.34833656e-003 0. 7.49357464e-003 0. 0. 0.
    7.65252626e-003 0. 0. 3.71334190e-003 3.96992220e-003 0.
    9.60818958e-004 1.58114545e-003 3.63584375e-003 3.92224081e-003 0.
    -3.50045419e-004 -2.28088582e-003 1.97073445e-003 0. 0.
    -1.16362527e-003 0. 0. 3.21465917e-003 -2.29395437e-003 0.
    -6.02799118e-004 4.78409417e-003 9.07657109e-003 0. -2.75332946e-003
    1.36655569e-003 5.67679433e-003 4.42440948e-003 4.18605190e-003 0.
    1.04266859e-003 1.09420596e-002 0. 0. 0. -3.42751271e-003 0.
    3.02521209e-003 0. -1.22234295e-003 3.11583583e-003 1.17029753e-002
    -1.32651336e-003 0. 1.61226012e-003 0. 9.47352091e-004
    5.66808274e-003 0. 0. 0. -1.86278266e-004 1.92019308e-003
    4.86332166e-004 0. 0. 0. -1.13882939e-003 0. 1.31253223e-003 0.
    1.22486276e-003 -1.32566656e-003 1.12170295e-003 -7.05193816e-005 0.
    0. -1.00953644e-003 0. 1.21710298e-003 0. 2.60399119e-003 0. 0.
    2.67669745e-003 3.12915561e-003 1.58750755e-003 5.04916115e-003
    4.72351210e-003 2.00801482e-003 3.31382058e-003 0. 0. 0.
    -1.53256429e-003 1.33174043e-002 0. 2.49194331e-003 1.48974429e-003
    0. 0. 0. 0. 0. -5.05568460e-004 1.58209179e-003 1.38063892e-003
    5.71650034e-003 0. 0. 5.86554222e-003 4.68273647e-003
    -1.06427027e-003 4.51279618e-003 5.74871374e-004 9.59983736e-004
    2.30055600e-002 0. -4.85644559e-004 2.99627986e-003 0. 0.
    3.73350689e-003 1.21952477e-003 2.53857765e-003 0. 0.
    1.78876251e-003 9.11477581e-003 1.19975663e-003 1.79707427e-002
    8.76062899e-004 1.25602698e-002 2.56753364e-003 0. 1.88185682e-003
    0. 0. 0. -6.94104703e-003 0. 4.19243658e-003 0. 5.69155393e-003 0.
    8.64124764e-003 0. 1.14527596e-002 2.21819663e-003 0.
    7.40849227e-003 -1.73631372e-004 0. 4.16405220e-003 0. 0. 0. 0. 0.
    0. -3.38795735e-003 0. 5.79817127e-003 0. 6.85531762e-004 0. 0. 0.
    4.68914863e-003 -6.42423925e-004 1.26095221e-003 0. 3.17168626e-004
    1.52160972e-003 0. 0. 0. 1.86379976e-003 -1.56731682e-003
    4.14232709e-005 -1.87856320e-003</data></imageDescriptor>
</opencv_storage>
