<?xml version="1.0"?>
<opencv_storage>
<imageDescriptor type_id="opencv-matrix">
  <rows>1</rows>
  <cols>500</cols>
  <dt>f</dt>
  <data>
    0. -2.96860293e-004 9.55561118e-004 7.08870962e-003 0.
    5.57510881e-004 0. 0. 5.09007368e-003 2.02774140e-003
    2.52891867e-003 1.48456567e-003 2.70809815e-003 -3.61102610e-003
    -4.78753755e-005 -9.20073828e-004 -5.40655055e-005 0. 0. 0.
    3.78157361e-003 5.78838459e-004 4.71319119e-003 -1.54690025e-003
    2.52662133e-003 6.91915920e-004 1.14385197e-002 1.82180684e-002
    2.18829443e-003 3.51597811e-003 -7.03359395e-003 0. -4.56391172e-005
    5.47999237e-003 0. 2.16578762e-003 0. 0. 0. 1.26704562e-003 0.
    3.90940346e-003 3.06645548e-003 3.38125206e-003 5.58968028e-003
    7.59948930e-003 0. -2.30372162e-003 3.58127663e-003 6.60289894e-004
    -6.72361406e-004 1.55594165e-003 1.80163688e-003 0. 2.00413447e-003
    0. 0. 0. 2.25239201e-003 1.93892804e-003 3.19853518e-003
    -1.24183251e-003 0. 3.04556964e-003 0. 0. 8.83083092e-004
    2.23383820e-003 5.25698299e-003 0. 0. 0. 1.01693617e-002
    4.50866297e-003 2.86087999e-003 0. 0. 1.00768255e-002
    3.56449955e-003 0. 2.54095090e-003 1.01033994e-003 1.64290366e-004
    1.11530760e-004 0. -4.67773713e-003 3.73370387e-003 0.
    -2.00328929e-003 5.27952937e-003 -1.05382886e-003 6.00148551e-003
    2.76582339e-003 -4.78957721e-004 1.17721141e-003 1.09080188e-002
    2.59801908e-003 0. 0. 6.27027405e-003 3.86914611e-003 0. 0.
    7.15319358e-004 0. 6.90514175e-003 1.02165221e-004 0. 0.
    -6.41066435e-005 6.24928763e-003 0. -7.99071204e-005 0. 0.
    7.83926155e-003 -7.04416831e-004 6.27026334e-003 1.71209883e-003 0.
    0. 3.79907200e-003 -7.62105361e-003 1.50617305e-003 0.
    1.93763757e-003 4.48975060e-003 5.28417062e-004 4.07011760e-003
    -6.60007773e-003 -9.55452677e-004 -3.06048756e-003 -2.95130233e-003
    3.99766373e-004 0. 0. 1.72406025e-002 4.26177401e-003
    4.61239280e-004 4.34422540e-003 1.36484578e-003 0. 0. 0. 0. 0. 0.
    -3.12157033e-004 0. 1.06405490e-003 -1.74998585e-003 0. 0.
    3.17969522e-003 3.59902950e-003 0. 4.59581148e-003 1.54946698e-003
    6.62331004e-004 3.33152898e-003 1.70544290e-003 0. 5.06111793e-003
    1.54702747e-002 0. 0. 0. 6.65557059e-003 7.33471662e-003
    9.80862969e-005 0. 0. 6.62377197e-003 0. 0. 1.31111254e-003 0. 0.
    -1.83151278e-003 3.65910307e-003 1.25825254e-003 0. 1.34301989e-003
    1.65783020e-003 -5.71966579e-004 0. 8.16134270e-003 0. 0. 0. 0. 0.
    1.10926444e-003 -2.47432181e-004 0. 1.87102682e-003 -1.29231857e-003
    -2.53721257e-003 0. 0. 1.08680436e-002 0. 8.04197334e-004 0.
    9.94673278e-003 -3.40731785e-004 1.70818958e-002 0. 2.89983326e-003
    -1.42392318e-003 5.36567159e-003 0. 1.27285207e-003 1.27946329e-003
    1.31015750e-002 0. 0. 0. 0. 3.16849747e-003 0. 8.70518573e-003 0. 0.
    2.18299427e-003 1.83804554e-003 0. 3.35467723e-003 0.
    1.76859628e-002 2.63379817e-003 7.30083324e-003 1.97825255e-003
    1.21736950e-004 1.84617378e-003 -7.22438272e-004 2.44055223e-003
    1.09501090e-002 0. 3.18997307e-003 0. 0. 5.59666147e-003
    6.71136891e-003 2.38532573e-003 0. -2.86464929e-004 3.91051453e-003
    0. 3.36650270e-003 0. 0. 1.86470069e-003 6.32436597e-004 0. 0. 0.
    1.36030593e-003 0. 7.37989554e-003 0. 7.59587856e-003 0.
    1.38845632e-003 3.04986979e-003 3.14405683e-004 1.87764410e-003
    4.83619369e-004 0. 0. 0. 3.07881681e-004 0. 3.28158331e-003 0.
    1.14809745e-003 0. 4.45826724e-003 -8.30550562e-004 0. 0.
    2.86902394e-003 3.10677243e-003 4.71632276e-003 4.84868605e-003
    9.48860601e-004 0. -7.45583000e-003 3.78408888e-003 0. 0.
    3.15178698e-003 0. 0. -1.97113398e-003 1.99559540e-003
    1.74422970e-003 2.80041946e-003 1.81303325e-003 1.15857469e-002
    1.42432598e-003 0. 5.65373199e-003 0. 6.07477454e-003
    3.11787170e-003 2.11835150e-002 2.01304466e-003 1.60928490e-003
    6.26522908e-003 4.42304695e-003 3.27968923e-003 2.06013955e-003 0.
    0. 1.20703399e-003 1.03819599e-004 4.66025714e-003 -1.78639835e-003
    2.76324386e-003 2.30658730e-003 0. 2.52536009e-003 -5.00716036e-004
    0. 0. 8.89182149e-004 0. 1.41098385e-003 7.37818656e-003
    1.09626655e-003 -2.29664089e-004 1.89963740e-003 0. 7.38553237e-003
    0. 0. 1.81200262e-003 2.92828050e-003 1.29297860e-002 0. 0.
    1.99247058e-003 9.85638238e-003 -4.71355068e-003 5.30017912e-003
    1.55113954e-002 0. 5.17336943e-004 0. 3.90313659e-003
    3.12493835e-003 0. 0. 0. 3.33291828e-003 9.58190672e-003
    2.39491207e-003 1.06800720e-003 0. 0. 0. 0. 0. 0. 1.70533545e-003
    4.31893207e-003 3.89733026e-003 1.52406993e-003 4.42452123e-003
    5.96883707e-003 -6.01726235e-004 5.76714287e-003 0. 0.
    1.17595494e-003 0. 0. 4.10564849e-003 1.07680950e-002 0.
    8.21467396e-003 2.95413221e-004 5.40054077e-003 0. 0.
    -2.03024829e-004 7.30856904e-004 0. 7.11708143e-003 8.44998099e-003
    -1.47147267e-003 4.48953127e-003 -5.60220797e-004 1.74001288e-002 0.
    6.69511547e-003 1.94224697e-002 0. 2.07539508e-003 9.78546333e-004
    3.58987111e-003 2.35770852e-003 8.03483557e-003 0. 1.52860885e-003
    9.63128451e-003 8.41148570e-003 0. 0. 0. 1.10855903e-002 0.
    5.25770616e-003 -2.18859850e-003 9.99969314e-004 6.53959904e-003 0.
    2.22265982e-004 -1.21507514e-003 8.77676811e-003 0. 0. 0.
    2.79901607e-004 0. 0. 1.19474262e-003 2.65883002e-003
    2.42031156e-003 1.04562950e-003 -3.47358990e-003 -9.11110765e-005
    5.99651504e-003 2.01645261e-003 5.27866883e-004 0. 0.
    3.06902826e-003 0. 1.22583925e-003 6.09125197e-003 0.
    1.86239276e-003 2.44673807e-003 0. 1.10794452e-003 -3.53841489e-004
    0. 0. 3.49019375e-003 3.83383557e-002 2.30962085e-003 0.
    -2.00129161e-003 3.28269112e-003 0. 2.76691536e-003 -3.66911246e-003
    6.51662052e-003 2.94746645e-003 7.12232757e-003 0. 0. 0. 0.
    -1.12467585e-003 4.89339791e-003 0. 2.41991118e-004 0.
    2.01618555e-003 2.87514436e-003 2.20674998e-003 -1.26507611e-003
    -1.19198323e-003 1.35340402e-003 0. 6.22464577e-004 0. 0.
    8.92878696e-003 3.19892773e-003 0. 0. 0. 0. -1.71910709e-004
    -1.24931335e-004 0. 0. 5.05238771e-003 0. 3.96640226e-003
    4.72206040e-004 4.30562906e-003 0. 0. 0. 6.76869415e-003</data></imageDescriptor>
</opencv_storage>
