<?xml version="1.0"?>
<opencv_storage>
<imageDescriptor type_id="opencv-matrix">
  <rows>1</rows>
  <cols>500</cols>
  <dt>f</dt>
  <data>
    7.95099884e-004 -9.75286297e-004 0. 0. 4.10712295e-004
    -1.03369239e-003 1.13073352e-003 -4.16749477e-004 6.98417565e-003
    3.44296242e-003 2.88064446e-004 5.76030347e-004 0. 0.
    -2.33496353e-003 0. 0. 9.97649785e-003 0. 7.70444283e-003
    2.52597518e-002 9.05814953e-003 0. 2.13827193e-003 0. 0.
    3.10499761e-002 -5.12241328e-004 0. -2.98188184e-003 8.41978472e-003
    2.42883596e-003 0. 0. 0. 0. 0. 0. 4.81081515e-004 7.78445462e-003 0.
    0. 0. 1.81344210e-003 0. 0. 0. 0. 5.96074096e-004 0. 0.
    2.17991392e-003 1.65745523e-003 -1.88443891e-003 0. 0. 0. 0.
    -2.63858656e-003 1.01219444e-002 -1.51735253e-003 0. 3.48043232e-003
    4.68811858e-003 0. 0. 7.34323729e-003 0. 0. 0. 4.69572609e-003
    -2.75077717e-003 -9.64733597e-004 3.55881616e-003 -1.20030891e-003
    0. 5.36947278e-003 0. 0. 4.90604807e-003 0. -4.12706425e-003 0. 0.
    2.85725342e-003 5.52432192e-003 0. 0. 0. 0. 0. 0. 0. 5.95822372e-003
    5.98542672e-003 0. 0. 0. 0. 0. 1.20750275e-002 3.63005954e-003
    3.82998702e-003 3.13220103e-003 4.88569913e-003 1.06875328e-002 0.
    1.25892507e-002 1.10871461e-003 0. 1.89608266e-003 0. 0.
    3.73574789e-003 0. 0. 2.99370452e-003 0. 0. 1.40736112e-003 0. 0. 0.
    0. 3.05470894e-003 0. 1.19215464e-002 0. 0. 0. 1.46308437e-003
    2.10885592e-002 3.55272314e-005 0. 0. 0. 0. 4.63535776e-003
    5.60894783e-004 1.03787733e-002 2.33997293e-002 0. 5.01330663e-003
    0. 2.35500210e-003 0. 3.58139398e-003 0. 0. 0. -6.55326480e-003 0.
    3.11080297e-003 5.31473989e-003 0. 0. 1.13392295e-002 0. 0.
    4.40300629e-003 0. 0. -4.36470757e-004 0. 0. 6.82205940e-003
    5.42187039e-003 0. -1.58410205e-003 0. 0. 0. 7.04282022e-004 0.
    3.45157017e-003 2.91459099e-003 1.40978640e-003 0. 9.40925628e-003
    0. 0. 0. 7.42229095e-005 4.68070572e-003 1.97140165e-002
    8.43049586e-003 7.58334575e-003 0. 4.49221488e-003 0.
    4.14051907e-003 0. 0. 9.57892369e-003 0. 2.44654249e-003 0. 0.
    3.72503325e-003 0. 0. 2.96606286e-003 0. 6.26756111e-003 0. 0. 0.
    3.44859180e-003 0. 0. 0. 0. -1.56293681e-003 0. 4.07951558e-003
    1.54159975e-003 0. 0. 0. -7.25310808e-003 0. 3.87411914e-003 0.
    5.74642851e-004 3.20445304e-003 5.91352861e-003 -5.31532278e-004 0.
    0. 0. 0. 1.86528303e-002 2.35989224e-003 3.39990162e-004 0.
    1.64186989e-003 0. -1.11433100e-002 0. 8.51816591e-003
    1.25136347e-002 -2.68505700e-003 8.13742261e-003 4.72041266e-003
    -1.58085511e-003 6.45354111e-003 1.12652103e-003 0. -9.05209861e-004
    -3.58784548e-003 3.98371689e-004 0. 2.94799884e-005 2.36615608e-003
    3.23933293e-003 0. 0. 1.31509698e-003 0. 2.38814182e-003 0. 0.
    -1.81432592e-003 5.83122950e-004 4.15847171e-003 7.54839694e-003
    -1.77921390e-003 0. 0. 8.82453378e-003 0. 3.48824798e-003 0.
    8.69897660e-003 1.68670143e-003 0. 0. 1.51868339e-003 0. 0. 0. 0.
    -1.06918800e-003 0. 0. 0. 0. -1.52304675e-003 0. 6.67535979e-003
    2.28060456e-003 3.07831867e-003 8.20553768e-003 4.55575791e-005 0.
    7.86683243e-003 0. 9.82202962e-003 3.82400164e-003 9.62824677e-004
    0. -5.41722262e-003 1.17093569e-003 3.36791947e-003 0. 0.
    4.08909190e-003 1.34979812e-002 4.50702570e-003 0. -3.62042268e-003
    0. 0. 0. 0. 1.11870142e-002 4.28958470e-003 8.38565268e-003
    1.99303385e-002 0. 1.77075423e-003 4.30890312e-003 0.
    2.16841768e-003 0. 3.38966888e-003 4.93390812e-003 0. 0. 0.
    4.83192317e-003 0. 7.51437386e-004 -1.78381021e-003 7.80244637e-003
    0. 2.57441704e-003 0. 4.70779976e-003 -8.59135005e-004
    7.72469956e-003 0. 1.99040258e-003 3.77609557e-003 0. 0. 0. 0. 0.
    -3.38211283e-003 2.26494856e-003 0. 0. 0. 0. 0. 8.80591478e-003
    2.99724587e-003 4.21043066e-003 -4.55234200e-003 0. 0. 0. 0. 0.
    2.25027534e-003 0. 6.62143296e-003 0. -1.73637574e-003
    6.70319051e-003 4.31833370e-003 8.11968371e-003 0. 0. 0. 0.
    1.25792646e-003 7.67266750e-003 7.56677985e-003 0. 7.17917085e-003
    5.55581274e-003 3.95746389e-003 0. 0. 2.76241265e-003
    6.81493897e-003 -2.00474588e-003 3.38483858e-003 5.57399541e-003
    3.97975137e-003 2.29032687e-003 -3.79845616e-003 1.62938517e-002 0.
    4.68709087e-003 4.12623817e-003 5.04308892e-003 0. 5.48945880e-003
    1.12162651e-002 0. 4.15442232e-003 0. 0. 1.45985037e-002 0.
    1.64970511e-003 0. 0. 0. 2.35194713e-003 1.80168508e-003 0. 0.
    8.71192606e-004 0. 0. 0. -1.45397091e-003 0. 0. -1.23084767e-003
    -2.82983319e-003 0. 1.13887889e-002 0. 0. 8.05975345e-004 0. 0. 0.
    0. 4.32138564e-003 1.44915655e-002 0. 0. 1.56383391e-003
    2.23623007e-003 0. 0. 7.41751632e-003 1.80829747e-003
    3.27129033e-003 0. 0. 0. -3.89524060e-003 0. 2.56006769e-003
    3.91257182e-003 0. 1.37191983e-002 9.44785308e-003 3.93635826e-003
    2.65001366e-003 1.15107289e-002 2.00154190e-003 0. 8.36730655e-003
    0. 2.01336294e-003 0. 0. 0. 7.66385347e-003 0. 7.74529716e-003
    4.41332301e-003 8.75129073e-004 -1.66722038e-003 1.79397836e-002 0.
    0. 0. -9.50648624e-004 0. 1.23987542e-004 0. 0. 0. 0.
    4.97441692e-003 0. 2.93640047e-003 1.59361644e-003 0. 0. 0.
    6.55454537e-003 7.95855944e-004 0. 3.51869850e-003 0.
    -1.08296436e-003 -6.39059872e-004 0. 1.33524439e-003 0.</data></imageDescriptor>
</opencv_storage>
