<?xml version="1.0"?>
<opencv_storage>
<imageDescriptor type_id="opencv-matrix">
  <rows>1</rows>
  <cols>500</cols>
  <dt>f</dt>
  <data>
    6.70718495e-003 -3.52630508e-003 0. 1.85615954e-003 0. 0.
    8.43120925e-003 0. 0. 0. 0. 5.92806842e-004 0. -2.72149174e-003 0.
    3.94690607e-004 3.49537749e-003 0. 1.22936834e-002 0. 0.
    8.83755507e-004 7.29852403e-003 0. 1.89560489e-003 6.16000616e-004
    0. 5.39314700e-003 3.01737245e-003 0. 5.51196141e-003 0.
    3.22416727e-003 0. 6.88285753e-003 -1.05595984e-003 9.54869029e-005
    2.28338852e-003 -6.08008813e-005 1.48823275e-003 1.43785833e-003 0.
    0. 3.53786978e-003 0. 0. 1.20063941e-003 0. 0. -3.30387009e-003
    1.88611855e-003 7.91507121e-003 -3.83268460e-004 0. -3.65867326e-003
    6.99598051e-004 2.52844678e-004 0. 0. 4.36427584e-003
    3.58105730e-003 1.01345908e-002 0. 0. 0. 7.93673936e-003
    3.62525345e-003 -5.81735861e-004 3.71982809e-003 2.42967764e-003
    3.55670811e-003 0. 0. 0. 2.26943870e-003 6.86798664e-003 0.
    1.04611190e-002 0. 8.88758339e-004 0. 2.82915705e-003 0. 0.
    1.36800809e-003 3.62500409e-003 2.52057076e-003 0. 0.
    8.93624732e-004 4.08305088e-003 0. 3.78336175e-003 6.01738971e-003
    -3.13597615e-003 0. 0. 0. -1.46760058e-003 0. 1.24778803e-002
    2.96705309e-003 9.24570207e-003 6.21545454e-003 2.52210442e-003 0.
    3.76862963e-003 0. 2.58903252e-004 7.86561577e-004 0.
    1.12958290e-002 2.06161887e-004 0. 0. 0. 6.38043229e-003 0.
    1.50436617e-003 3.08977487e-003 0. -2.12679664e-003 0.
    -8.11733655e-004 4.85593267e-003 0. 0. 0. -2.17664463e-004 0. 0. 0.
    1.98218809e-003 3.90836503e-003 0. 4.83114086e-003 0. 0.
    3.18582891e-003 0. 1.86206563e-003 0. 0. 0. 0. 6.28940947e-003 0.
    1.26006559e-003 0. 1.62091979e-003 -2.11549620e-003 0. 0.
    3.12531809e-003 0. 0. 0. 0. 6.57581771e-003 0. -8.51512246e-004 0.
    1.48472181e-002 0. 0. 3.03449482e-003 4.41881828e-003
    9.66530945e-003 4.44097444e-003 2.61060847e-003 -6.01092324e-005 0.
    -1.93749357e-003 4.21133637e-003 0. 0. 7.54302193e-004 0. 0. 0.
    2.74003739e-003 0. 1.44027192e-002 0. 1.80969411e-003
    5.63590927e-003 0. 0. 0. 3.18528502e-003 0. 0. 0. -1.15217781e-003
    -1.90033310e-003 0. 6.30882219e-004 0. 0. 0. 0. 1.31471059e-003 0.
    0. 2.11270479e-003 0. 7.68527156e-003 8.84793419e-003
    7.16277352e-003 0. 5.31486142e-003 7.95536092e-004 3.90077895e-003
    0. 0. 0. 0. 0. 4.03450802e-003 0. 0. 4.49929008e-004 0. 0.
    1.51593862e-002 0. 6.28468161e-003 6.95397332e-003 1.09649019e-003
    7.97480159e-003 1.45721920e-002 0. 0. 0. 0. 0. 8.22950155e-003 0.
    1.10057956e-002 2.60809995e-003 2.88879918e-003 4.33953758e-003
    -2.21018470e-003 0. 0. 0. 3.38089350e-003 0. -3.56214259e-005
    -2.50585988e-004 0. 5.88905392e-003 4.00772458e-003 0. 0.
    4.69025830e-003 1.32236967e-003 0. -3.67645960e-004 0. 0. 0. 0.
    2.59500463e-003 -5.99287776e-003 2.34067999e-003 8.64211563e-003 0.
    -7.00401870e-005 5.96253900e-003 3.63020576e-003 0. 0.
    1.08344085e-003 7.93801900e-003 1.31185094e-004 8.57307052e-004
    -1.66314433e-003 0. 4.56999382e-003 -1.18874293e-003 0.
    2.31650053e-003 7.03163038e-004 1.50575116e-003 5.23179024e-003
    2.85099493e-003 5.32270130e-003 0. 0. 0. 0. 0. 0. 6.37938734e-003 0.
    3.31462501e-003 2.15566880e-003 0. -3.59152723e-003 0. 0.
    4.45646048e-003 0. 5.69970673e-003 1.16757676e-003 0.
    4.00392478e-003 0. 0. 2.89130607e-003 0. -2.22669682e-003 0. 0. 0.
    6.56033354e-003 0. -4.14949981e-003 0. 3.15629807e-003
    6.10529585e-003 0. 2.56602815e-003 7.06771342e-003 2.43618176e-003
    0. 0. 0. 3.52293882e-003 6.58706529e-004 5.64207323e-003 0. 0.
    1.80336356e-003 1.03739696e-002 1.48633984e-003 0. 4.49764455e-004
    0. 0. 0. 1.24821614e-003 0. 6.57945219e-003 5.64098312e-003
    6.59077987e-003 0. 0. 3.13935429e-003 4.07593744e-003
    2.95176008e-003 6.44682813e-003 0. 9.05866548e-003 0.
    2.72559933e-003 3.08005838e-003 2.04630406e-003 -2.87881610e-003
    5.06374892e-003 0. 1.38275065e-002 0. 0. 3.85578698e-003 0.
    1.00060962e-002 4.62992939e-005 1.93925702e-003 1.50405173e-003 0.
    0. 0. 0. -3.33328010e-003 2.28012409e-002 6.24875957e-003 0.
    6.78409776e-003 0. 6.74992800e-003 0. 1.85975246e-003
    3.76704964e-003 1.14074787e-002 4.22999728e-003 2.20402633e-003
    5.44292200e-003 0. 5.92141971e-003 7.85620231e-003 1.25259231e-003
    -1.41155045e-003 0. 3.87655152e-003 -8.70071177e-004 2.82159122e-003
    1.40612070e-002 0. 0. 0. 3.16788233e-003 3.86293279e-003
    2.46952777e-003 6.04541786e-003 4.06657672e-003 4.83228266e-003 0.
    3.90913151e-003 8.93519260e-004 -2.07230521e-004 5.67157054e-003 0.
    -1.13490445e-003 0. 3.25077749e-003 0. 1.14428010e-002
    9.10093659e-004 0. 8.57431628e-003 7.43641704e-003 0.
    2.78066495e-003 0. 1.87941417e-002 7.81584624e-003 0. 0. 0. 0. 0.
    4.56523336e-003 7.04743853e-003 0. 0. 1.87813793e-003 0. 0.
    5.58896805e-004 0. 0. 3.56564182e-003 0. 9.81500256e-004 0.
    6.51060278e-003 -6.84887054e-004 0. 1.33335469e-002 0.
    1.03263394e-003 0. 6.65706629e-003 1.41358073e-003 0.
    1.73852220e-003 8.27574928e-004 1.48492702e-003 -1.32644048e-003
    -1.16791646e-003 0. 3.69583047e-003 9.89769585e-004 6.53877528e-003
    1.12935472e-002 0. 0. -1.50153786e-003 3.38154635e-003
    2.35990458e-003 0. 6.48899237e-003 0. 1.17343962e-002 0. 0. 0. 0. 0.
    6.01393776e-003 0. 0. 0. 5.56728709e-003 1.52408788e-002
    5.31017641e-003 0. 2.00217729e-003 3.83668998e-003 5.34390286e-003
    0. 2.35836953e-003 0. 5.35934418e-003 0. 0. 0. -1.26634631e-003</data></imageDescriptor>
</opencv_storage>
