<?xml version="1.0"?>
<opencv_storage>
<imageDescriptor type_id="opencv-matrix">
  <rows>1</rows>
  <cols>500</cols>
  <dt>f</dt>
  <data>
    -2.48154812e-003 5.95993781e-003 0. 4.50582197e-003 0. 0.
    2.23852741e-003 2.98256008e-003 0. -2.72942707e-004 1.62630398e-002
    1.06018465e-002 0. 1.01683254e-003 0. 0. 0. 0. 0. 0. 6.44526538e-003
    0. 0. 0. 0. 0. 1.36894546e-003 0. 6.79251738e-003 0. 0.
    2.52382690e-003 0. -1.23418600e-003 3.12462170e-003 0. 0. 0. 0.
    8.03298969e-003 0. 0. 1.63629018e-002 0. 0. 5.87106450e-003
    8.34630243e-003 0. 0. 0. 0. -3.08627845e-003 0. 0. 0. 0. 0. 0. 0. 0.
    0. 0. 0. 1.48184188e-002 2.56855087e-003 2.35316600e-003 0.
    2.44022510e-003 0. 7.39031238e-003 0. 3.34502081e-003
    2.01017736e-003 0. 0. 0. 0. 1.00503899e-002 1.79739352e-002 0.
    2.43536197e-003 4.64236597e-003 0. -4.73259995e-003 5.63940732e-003
    0. 0. 0. 0. 0. 6.79960148e-003 0. -1.95301589e-004 0.
    1.73525477e-003 0. -3.36395600e-003 3.22995009e-003 3.39160836e-003
    0. 0. 0. 0. 5.55729028e-003 3.09322984e-003 0. 0. 3.08386562e-003
    3.04185320e-002 0. 8.61391425e-003 7.25278724e-003 0.
    1.26976408e-002 0. 1.21215805e-002 0. 0. 0. 0. 4.79431031e-003 0.
    6.87179528e-003 0. 0. 0. 0. 0. 0. 0. 0. 0. 0. 0. 0. 1.66790211e-003
    -1.76715257e-003 0. 0. -3.06662894e-003 7.50946580e-003 0. 0. 0. 0.
    7.16623152e-003 0. 0. 0. 0. 1.34503422e-002 0. 2.81707197e-003 0.
    3.06919264e-003 0. 0. 1.89031335e-003 0. 0. 7.51360226e-003
    3.31114954e-003 0. 0. 0. 0. 0. 0. 0. 1.06863175e-002 4.51859116e-004
    0. 4.28370433e-003 0. 1.64182950e-002 1.98207563e-003 0. 0. 0.
    4.59850067e-003 9.02080163e-003 0. 0. 0. 3.12463869e-003 0.
    2.30049365e-003 0. 1.81806814e-002 0. 0. 5.41052921e-003 0. 0. 0. 0.
    0. 0. 1.00486502e-002 0. 0. 2.61455844e-003 0. 0. 0. 0. 0.
    8.31723493e-003 0. 0. 3.87503533e-003 1.16340015e-002 0. 0. 0.
    2.07562023e-003 8.25068634e-003 1.44782979e-002 4.93712956e-003
    1.31209726e-002 0. 0. 1.79483453e-004 8.38557072e-003
    1.09559931e-002 2.60710865e-002 0. 0. 0. 0. 0. 0. 1.85319083e-003
    -2.16634991e-003 0. 0. 8.27609748e-003 6.14641421e-003 0. 0.
    -7.18020834e-003 0. 0. -1.15072983e-003 6.05775137e-003
    -2.03339243e-003 3.00475559e-003 0. 0. 0. 6.66990178e-003
    7.53325084e-003 0. 0. 0. 0. 0. 0. 0. 0. 0. 5.09884581e-003 0.
    7.21787382e-003 0. 3.74565553e-003 0. 0. 0. 0. 0. 0.
    -1.66020321e-003 0. 0. 0. 0. 1.01704989e-002 0. 3.25647602e-003
    8.74286797e-003 -1.60520058e-003 9.67522094e-004 9.98321455e-003 0.
    0. 0. 0. 4.16046847e-003 1.43024893e-002 0. 7.48559926e-003 0. 0.
    4.69299499e-003 0. 0. 1.30991507e-002 1.03136329e-002 0.
    9.20023303e-003 2.76182056e-003 0. 0. 0. 7.09225470e-003 0.
    8.20789207e-003 0. 0. 5.03679784e-003 0. 0. 0. 0. 2.52858293e-003 0.
    4.39289928e-004 1.42445415e-003 0. 0. 0. 0. 0. 0. 0. 0.
    3.21203814e-004 1.21655809e-002 6.99379365e-004 0. 0.
    6.72818022e-003 0. 3.05090362e-004 0. 0. 2.15347769e-004 0. 0.
    -3.83486098e-004 5.54844830e-003 4.20858292e-003 0. 4.99966601e-003
    0. 2.42826412e-003 4.65487130e-003 0. 3.28489975e-003 0. 0. 0.
    3.31948861e-003 3.22076608e-003 0. 0. 4.66691284e-003 0.
    2.93813483e-003 0. 0. 0. 0. 0. 1.14188530e-003 7.48315034e-003
    1.22600049e-002 7.56054744e-003 -1.31747429e-003 3.16063710e-003 0.
    -3.45849781e-004 -1.27307780e-003 0. 0. 0. 0. 5.16501768e-003
    -3.52652906e-003 3.54043877e-004 0. 1.27954537e-003 0. 0. 0. 0.
    4.82274778e-003 0. 0. 0. 0. 0. -2.27276047e-004 1.07973982e-002 0.
    0. 0. 1.34316897e-002 3.92341195e-003 5.01700863e-003 0. 0. 0. 0. 0.
    2.29653693e-003 0. 0. 0. 0. 6.59106113e-003 -1.92960817e-003 0. 0.
    3.71806533e-003 0. 0. 0. -4.13823029e-004 0. 2.05739215e-003
    2.41345949e-002 -9.78166237e-004 4.00572503e-003 0. -3.45506077e-003
    0. 0. -6.90464024e-003 0. 5.08870836e-003 0. 0. 0. -3.58052156e-003
    6.76402543e-003 0. 0. 0. 0. 0. 0. 1.67496223e-002 0. 0. 0.
    1.41112572e-002 7.95229990e-003 9.36606806e-003 0. 0. 0. 0. 0. 0. 0.
    0. 0. 2.78626662e-003 1.21755316e-003 3.74171603e-003 0. 0.
    1.07915117e-003 1.19058159e-003 2.75628604e-002 0. -1.82161992e-003
    0. 1.18589960e-002 0. 0. 0. 0. 9.11239255e-003 1.62645616e-002
    9.41286143e-003 0. -6.40846416e-003 0. 1.58920940e-002 0. 0. 0.
    5.22918766e-003 0. 0. 0. 2.57804221e-003 0. 4.65279538e-003 0.
    1.28309130e-005 0. 0. 0. 0. 0. 0.</data></imageDescriptor>
</opencv_storage>
