<?xml version="1.0"?>
<opencv_storage>
<imageDescriptor type_id="opencv-matrix">
  <rows>1</rows>
  <cols>500</cols>
  <dt>f</dt>
  <data>
    1.08207846e-002 5.62836789e-003 0. 0. 0. 0. 0. 0. 0. 0. 0.
    1.58859871e-003 2.67016748e-003 6.20788615e-003 9.55202524e-003 0.
    4.69016051e-003 2.38477904e-002 0. -2.14565708e-003 7.71833304e-003
    0. -2.67732772e-003 0. 0. 0. 4.76788729e-002 0. 0. 4.07592067e-003
    2.80009154e-002 0. -5.36793424e-003 -5.71498938e-004 8.55067745e-003
    0. -2.65324162e-003 1.07835298e-002 -3.08030029e-003 5.73710958e-003
    4.29578032e-003 -9.59454279e-004 1.17256809e-002 0. 0.
    4.18198528e-003 0. -2.92704394e-003 1.31063070e-002 0.
    1.06369518e-002 8.62269662e-003 1.58699672e-003 -8.24514031e-003 0.
    6.04152819e-003 1.04313972e-003 0. 0. 7.00278382e-004 0. 0.
    4.74843197e-003 0. 0. -5.08231285e-004 0. 0. -2.37297942e-003 0.
    2.55725812e-003 8.62363901e-004 0. 0. 1.35393115e-002 0. 0. 0. 0. 0.
    1.44907204e-003 0. 9.71643068e-003 -4.37344098e-003 4.22528852e-003
    0. 0. -9.08686314e-004 0. 0. -8.71242606e-004 -1.97321083e-003
    3.69020458e-003 2.84950202e-003 -1.19467673e-003 0. 0. 0. 0.
    -2.57787248e-003 0. 8.22592899e-003 1.54936721e-003 0. 0.
    2.01078248e-003 0. 4.84613143e-003 1.90577109e-003 0. 0. 0.
    1.72601137e-002 3.21945967e-003 -7.98393041e-004 0. 0.
    4.95542772e-003 0. 0. 0. 0. 5.85315609e-003 0. 5.05245104e-003 0. 0.
    0. 0. 0. 0. 0. 0. 0. 0. 1.45335412e-002 0. 0. 6.53665978e-004
    -2.80857738e-003 2.88416129e-002 2.38656183e-003 0. 0. 0.
    2.15445133e-003 1.86459278e-003 1.30544300e-003 0. 0.
    3.29883816e-003 -1.54582071e-004 -2.32968028e-004 5.08692348e-003
    6.92759757e-004 0. 0. -1.20580650e-003 1.76311634e-003 0. 0. 0.
    4.90550976e-003 0. 0. 0. 0. 5.23129059e-003 8.86660162e-003 0. 0. 0.
    6.25174306e-003 0. 2.92068487e-003 7.63121620e-003 1.48075784e-003
    0. 4.94472042e-004 4.04063845e-003 0. 6.13654545e-003 0. 0.
    5.35312854e-003 1.26655512e-002 -6.00915123e-003 0. 0. 0. 0.
    7.70622108e-004 3.00447457e-003 0. 6.49369904e-004 0. 0. 0. 0.
    1.66660489e-003 2.27333559e-003 1.95905101e-003 0. 0.
    1.01833348e-003 0. 0. 1.77075318e-003 0. -1.58489298e-003 0. 0.
    8.33175145e-003 -1.35446768e-004 0. 0. 8.79473111e-004 0.
    3.13790143e-003 -4.31368500e-003 0. 0. 0. -5.01299370e-003
    3.19844345e-003 -3.13278870e-003 2.98479898e-003 0. 1.09872206e-004
    1.22885592e-002 8.65811110e-003 1.15352953e-002 4.98506147e-003
    3.32012363e-002 0. 2.73655797e-003 0. 1.18062869e-002
    1.25019001e-002 7.88662524e-004 -1.03177479e-003 -4.08200594e-003 0.
    5.33472514e-003 0. 4.07460658e-003 0. 4.52316413e-003 0. 0. 0.
    4.18375945e-003 2.47875368e-003 1.94899738e-003 0. 0.
    1.06653897e-002 1.97525183e-003 -1.28094782e-003 0. 0.
    8.64939019e-003 0. 0. 0. 2.50013061e-002 8.83565843e-003 0.
    1.14464639e-002 0. 0. 0. 0. 4.33756458e-003 0. 0. 0. 9.41353443e-004
    0. 0. 2.29700934e-003 0. -6.39855256e-003 0. 9.12293792e-004
    3.14295781e-003 0. 0. 0. 0. -1.60567847e-003 0. 0. 0.
    1.69809663e-003 0. 6.24561915e-003 -2.25879354e-004 0.
    1.97580797e-004 0. 1.45510875e-003 0. 1.78273278e-003 0.
    4.30315780e-003 0. 0. 0. 0. -1.00290531e-003 0. 0. 0.
    9.88231041e-003 1.12542668e-002 0. 2.66882172e-003 -2.90672935e-004
    0. 0. 0. 1.77662901e-003 1.26431405e-003 4.34040325e-003 0. 0.
    -2.65579321e-003 -4.25301492e-004 7.92780425e-003 0. 1.87715534e-002
    0. 0. 0. 0. 0. 4.17861063e-003 -7.94821477e-004 0. 1.51968934e-002
    0. -6.76411844e-004 1.50504184e-003 0. 0. 0. 7.86056276e-003 0. 0.
    1.11270109e-002 0. 0. -7.39601674e-004 1.86536275e-003
    2.35737138e-003 5.70932869e-003 1.89766439e-003 0. 0.
    3.67648108e-003 7.87738897e-003 2.01514196e-002 0. 3.53126810e-003
    0. 0. 3.05171823e-003 -1.19475706e-003 1.21945255e-002 0.
    9.68230190e-004 0. 0. 0. 0. 0. 2.27296678e-003 9.69266612e-003 0.
    1.43477795e-004 0. 2.58478289e-003 0. 6.47299166e-004 0.
    4.55448497e-003 -3.95449635e-004 -1.02597021e-003 3.51477857e-003 0.
    -3.87116172e-003 0. 0. 8.13732669e-003 0. 0. 7.26955384e-003
    4.49042302e-004 2.53051659e-003 -2.12535448e-003 1.55332436e-005 0.
    -2.66404968e-004 0. 1.67879760e-002 0. 2.69464776e-003
    -3.26805515e-004 0. 0. 8.13639443e-003 9.75950249e-003 0. 0. 0. 0.
    0. 9.96427424e-003 0. -1.38484407e-003 6.14145631e-003 0.
    1.15589204e-003 1.28187973e-003 1.30716490e-003 0. 0. 0.
    -3.61596630e-003 0. 0. 0. 0. 0. 8.47658794e-003 1.12152072e-002 0.
    -1.61473220e-003 0. 4.64936777e-004 4.52146772e-003 7.36991735e-003
    0. 0. 0. 0. 4.56535583e-003 0. 1.21629378e-003 7.47674424e-003
    -1.31409397e-004 0. 8.80561944e-004 0. 0. 0. 2.66120210e-003
    -1.34371244e-003 0. 1.85526372e-003 3.28750652e-003 0.
    -3.17354267e-003 0. 9.93878348e-004 2.34004064e-003 0. 0. 0. 0. 0.
    0. 0. 0. 3.67779355e-003 0. 0. 0. 3.59928794e-003 5.26073528e-003 0.
    2.03393050e-003 0. 0. 1.03194150e-003 8.49185232e-003 0. 0.
    4.89525869e-003 7.07107596e-004 1.58372261e-002 0. 2.97625922e-003
    0. 8.94976780e-003 2.72741308e-003 0. -2.87940749e-003
    2.25109849e-002</data></imageDescriptor>
</opencv_storage>
