<?xml version="1.0"?>
<opencv_storage>
<imageDescriptor type_id="opencv-matrix">
  <rows>1</rows>
  <cols>500</cols>
  <dt>f</dt>
  <data>
    1.90380277e-004 1.36712578e-003 0. 0. 4.85704327e-003
    2.79794214e-003 2.22949265e-003 0. -1.18868204e-003 1.08125350e-002
    2.30779545e-003 0. 0. 3.21444031e-003 5.76631445e-003 0.
    4.07386944e-003 5.07259089e-003 0. 8.86563305e-003 4.42316942e-003
    -7.66110199e-004 4.10157070e-003 0. 0. 2.75134621e-003
    6.50406443e-003 6.70150574e-003 2.27575051e-003 9.31528956e-003
    2.64132340e-002 4.71823197e-003 0. 8.89973715e-003 2.80983420e-003
    0. 2.92728422e-004 1.73189025e-003 5.48956497e-003 -9.52705857e-004
    3.56909679e-003 1.41822430e-003 -2.71109922e-004 0. 2.43828190e-003
    6.74415566e-003 1.04676106e-003 0. 0. 0. 0. 4.85570543e-003
    3.85172409e-003 -3.50068673e-003 0. 0. 1.74622482e-003
    1.78536831e-003 2.65306095e-003 1.87439111e-003 -1.30630273e-004 0.
    2.39900756e-003 0. 5.55371633e-004 2.87840283e-003 0.
    6.56747445e-003 -2.88646645e-003 5.75906783e-003 0. 0. 0.
    -4.85523517e-004 0. 0. -2.28537305e-004 0. 0. 0. -1.07968354e-003
    -6.01275126e-003 -2.61684414e-003 0. 2.20302511e-002 0.
    1.32111832e-002 0. 9.89020802e-004 0. 2.50645098e-003 0.
    7.15431338e-003 9.96917952e-004 2.87272362e-003 0. 0.
    -1.61164126e-003 5.09930262e-003 -1.73964232e-004 0. 4.98140347e-004
    6.20369287e-003 9.07552242e-003 0. 5.90544194e-004 1.36190734e-003
    3.73123400e-003 0. 0. 3.35270492e-003 0. 0. 1.25457195e-003 0. 0.
    -2.83517805e-003 0. 0. 0. 0. 3.00394418e-003 0. -4.39271069e-004
    2.61226902e-004 0. 7.65592977e-003 2.39568972e-003 1.79640809e-003
    1.36836562e-002 0. 8.32968485e-003 0. 0. 0. 8.77228472e-003
    7.08608364e-004 8.91552307e-003 0. 8.13756138e-003 1.37090543e-002
    0. 0. 2.04930734e-003 0. 0. 2.01004511e-003 0. 0. 2.72264564e-003
    1.31705939e-003 3.72306048e-003 0. 2.75808782e-003 1.82105717e-003
    0. 2.95378082e-003 1.54697616e-002 -9.52322443e-004 3.61007871e-003
    0. 0. 8.28811340e-003 8.10264796e-003 6.32971711e-003 0. 0.
    1.24765676e-003 3.75532894e-003 -2.74382037e-004 3.33223329e-003
    -7.99627393e-004 0. 0. 4.05621249e-003 0. 8.18944070e-003 0.
    2.80154659e-003 0. -2.14928732e-004 -8.76733102e-004 4.65159392e-004
    8.51738639e-003 6.88651437e-003 8.86555761e-004 -2.94626155e-003
    2.53471127e-003 0. 0. 0. 0. 1.34893379e-003 0. 0. 4.57371492e-003
    2.42336211e-003 6.93747355e-003 9.27135628e-003 1.34891004e-003
    1.04925465e-002 3.60514829e-003 0. 1.79325778e-003 2.42854655e-003
    0. 3.52146919e-003 1.20670476e-003 -6.95077179e-004 0. 0.
    8.41356639e-004 0. 1.18121982e-003 0. 1.22020440e-003
    4.62077186e-003 2.11701728e-003 2.48254254e-003 1.81576691e-003
    1.08521897e-002 0. -1.53309561e-003 1.06983993e-003 7.13898474e-003
    6.81529287e-003 0. 0. 1.88283029e-003 0. 1.36481307e-003
    1.64207991e-003 0. 7.08217220e-003 1.27011130e-003 2.54292786e-003
    7.93346111e-003 4.89843870e-003 0. 0. 4.47041634e-003
    1.60144141e-003 0. 2.11496390e-002 1.28016016e-003 3.31049017e-003
    -1.04819378e-003 0. -5.38280047e-003 1.94169203e-004
    -2.13610037e-005 5.29308291e-003 0. 5.57038607e-003 0. 0.
    7.38073932e-003 -4.14343085e-003 0. 0. 0. 3.10057774e-003
    7.56351929e-003 -2.36348086e-003 1.90145511e-004 9.95549024e-004 0.
    3.04395356e-003 2.33392627e-003 1.12048478e-003 0. 5.32485219e-003
    -2.43963339e-004 0. 0. 0. 7.94182066e-003 3.83621803e-003 0. 0.
    7.01350276e-004 1.02199579e-003 -4.70242900e-004 0. 0.
    1.64408225e-003 0. 0. 0. 0. 2.67043361e-003 1.25013560e-003
    1.60667824e-003 0. 0. 1.71239879e-002 0. 6.91399619e-004
    1.09100691e-003 -8.67240655e-004 0. 6.03538565e-003 4.08926932e-003
    0. 0. 6.14867778e-003 0. 2.78143189e-003 8.61507747e-003 0. 0.
    2.22336897e-003 6.43065013e-003 0. 1.54663424e-003 0. 0.
    1.33487221e-003 1.29693712e-003 4.51748352e-003 1.44872651e-003
    6.12296630e-004 0. 0. 0. 0. 0. 2.31537526e-003 0. 0. 0. 0.
    1.67710450e-003 4.17654123e-003 1.67452823e-003 0. 0. 0.
    1.35351205e-003 1.07613776e-003 0. 0. 9.46018088e-004 0.
    -1.66865892e-003 0. 0. 1.02795113e-003 5.18112174e-005
    2.71382206e-003 5.70698455e-003 -3.50594026e-004 4.31989878e-003 0.
    6.04789238e-003 -1.23790116e-003 1.38267698e-002 5.74982318e-004
    6.74145820e-004 -1.38562731e-003 0. 1.28407609e-002 8.57062824e-003
    2.87786173e-003 0. -2.95091234e-003 3.31169367e-003 0. 0. 0. 0.
    2.52570491e-003 9.87626263e-004 0. 7.65695609e-003 2.90028122e-003
    0. 2.11609062e-003 4.03020484e-003 3.20098305e-004 0.
    6.05441164e-003 -6.36729645e-004 8.39500688e-003 0. 0.
    9.75915929e-004 0. 1.12235071e-002 2.27741199e-003 0. 0.
    -1.53294939e-003 4.96250531e-003 0. 0. 0. 0. 0. 4.07094136e-003
    6.40859501e-003 7.38527859e-003 4.28192131e-003 2.84113525e-003 0.
    0. 1.66756054e-003 3.73778073e-003 0. 6.00565283e-004
    -1.84381870e-003 -2.57206673e-004 3.42685962e-003 3.28284968e-003
    6.29566237e-003 0. -8.10473866e-004 0. 1.79293938e-003
    1.54394563e-003 -1.29851943e-003 1.83300336e-003 0. 0.
    1.90162158e-003 0. 2.04720981e-002 1.68590806e-003 0.
    2.26025400e-003 5.61143924e-003 5.01943333e-003 1.03067060e-003
    -1.86429056e-003 6.86548883e-003 4.58369497e-003 4.03739372e-003
    3.58851301e-003 2.57595233e-003 0. 7.39186024e-003 0.
    8.50456941e-004 2.79956148e-003 1.33667083e-003 0. 1.51101768e-003
    0. 0. 8.81830789e-003 -5.49031283e-005 0. 0. 1.97745650e-003
    4.17687465e-003 0. 0. 3.82100785e-004 6.06552698e-003
    -8.76817649e-005 1.11772062e-003 0. 1.45007647e-003 0.
    -1.26415456e-003 1.63497578e-003 1.67186023e-003 0. 0.
    2.92732147e-003 1.22791212e-002 0. 3.45666893e-003 8.74454062e-003
    2.32022116e-003 4.96108609e-004 4.45903186e-003 0. 0.
    -8.35388433e-003 3.02688708e-003 3.43837799e-003 2.43781507e-003
    1.99968787e-003 0. 1.15316629e-003 1.09675084e-003 0.
    4.32248041e-003 0. 0. 2.59542861e-003 2.29343236e-003
    3.03877494e-003 0. 1.91711297e-003 2.47373548e-003 0. 0.
    3.99999059e-004</data></imageDescriptor>
</opencv_storage>
