<?xml version="1.0"?>
<opencv_storage>
<imageDescriptor type_id="opencv-matrix">
  <rows>1</rows>
  <cols>500</cols>
  <dt>f</dt>
  <data>
    3.22278851e-004 2.29590270e-003 2.45739520e-003 3.74076236e-003
    8.58174171e-003 1.38539029e-003 2.40522623e-003 7.46306207e-004
    -1.69317715e-003 3.50003527e-003 0. 0. -3.96214600e-005
    -1.42047764e-003 -1.89756756e-004 0. 0. 4.17860271e-003
    -8.49956414e-004 1.15632611e-005 0. 2.76058144e-003 1.32272462e-003
    2.81190290e-003 1.79816852e-003 1.05784996e-003 2.95697129e-003 0.
    4.29221708e-003 3.92924109e-003 5.70159173e-003 2.50958861e-003
    -1.09798263e-003 8.07339419e-003 6.09178515e-003 5.16360207e-003
    5.14778588e-003 0. 3.29069968e-004 1.29124627e-003 2.36436463e-004
    2.51788483e-003 0. 1.40716333e-003 2.10156757e-003 0.
    -2.71453476e-003 0. 2.00546673e-003 -1.65880101e-005 6.62086392e-003
    6.28841203e-003 0. -9.27382207e-004 -3.15416692e-004 0.
    2.93393992e-003 4.95131919e-003 3.35858250e-003 0. -3.25538771e-004
    1.39123562e-003 6.44465629e-003 9.59826808e-004 1.30946792e-004
    5.66743920e-003 0. 3.33209150e-003 -1.48680515e-003 -2.62669419e-005
    4.29126248e-003 0. 1.40377798e-003 -3.66923661e-004 3.26793437e-004
    0. 1.78578965e-004 1.96800777e-003 2.12106248e-003 5.69641218e-003
    1.39888632e-003 -3.99470422e-003 0. 2.52239034e-003 1.02493900e-003
    8.01290106e-003 0. 2.16772268e-003 3.31989559e-003 0.
    9.97981479e-005 1.00336957e-003 1.72412274e-005 1.02111036e-002
    1.42222922e-003 4.40654717e-003 1.59190793e-003 2.10305140e-003
    3.41514871e-003 4.60267672e-003 0. 1.56801671e-003 3.89092136e-003
    1.67586841e-003 0. 2.16884213e-003 4.36065625e-003 0.
    4.05776576e-004 1.78366259e-003 5.59736618e-005 3.24157625e-003 0.
    0. 0. 0. 3.08552687e-003 4.65267990e-003 1.44463102e-003 0.
    4.50092775e-004 0. 2.07498739e-003 4.01369389e-003 1.04720506e-003
    2.24097818e-003 -4.27893829e-004 0. 9.71921836e-004 2.52346252e-003
    6.64218608e-003 0. 1.35824003e-003 0. 1.51915022e-003 0.
    5.15072001e-003 2.54305196e-004 -4.68022714e-004 0. 4.86705219e-003
    0. 1.64613081e-003 0. -1.68270955e-004 1.93425186e-003 0. 0. 0. 0.
    -4.52624029e-003 1.42242410e-003 3.95094603e-003 1.19757555e-004
    2.97045638e-003 9.16155404e-004 2.95013771e-003 9.22668900e-004
    3.17412685e-003 5.79348707e-004 4.68231086e-003 4.51572763e-004
    7.41797092e-004 3.79181537e-003 -1.12908310e-003 2.31296103e-003
    1.79443427e-003 1.60530698e-003 3.12719285e-003 0. 2.74170074e-003
    3.38165642e-004 -1.34877593e-003 5.55845210e-003 1.00246724e-003
    2.06578500e-003 2.16713385e-003 0. 6.34060474e-003 6.05966989e-003
    0. 7.63797070e-005 0. 2.34687678e-003 3.28917126e-003 0.
    4.10157867e-004 2.79548112e-003 7.92152539e-004 4.75648232e-003
    2.10908335e-003 8.93789250e-003 -1.74406823e-003 2.09048670e-003
    1.53035612e-003 2.39112834e-003 6.95905089e-003 1.47346430e-003
    7.82783434e-004 0. 2.32751551e-003 -2.73022056e-003 7.83255731e-004
    -5.92417666e-004 -4.15212678e-004 3.20337503e-003 5.02676517e-003
    2.31848052e-003 0. -1.61094510e-003 4.31278162e-003 1.00410997e-003
    6.65439002e-004 -1.32426724e-003 5.86304674e-003 -2.38603225e-005
    4.15131263e-003 5.58088813e-003 3.77899356e-004 -2.20738491e-003
    2.73272325e-003 6.30523020e-004 1.62834779e-003 3.59795033e-003
    2.51604971e-002 2.88953772e-003 1.08536624e-003 4.33439884e-004
    4.49110288e-003 3.69007955e-003 2.50219600e-003 1.82190770e-003
    1.34431897e-003 3.52850184e-003 2.33137025e-003 1.32144068e-003
    4.44750302e-003 3.57108610e-003 0. 4.99632955e-003 2.49061617e-003
    -1.82677247e-003 3.05723445e-003 2.54059909e-003 3.75554524e-003 0.
    9.06862842e-004 3.92694911e-003 0. 0. 0. 0. 3.23049724e-003
    1.25418103e-003 1.09753991e-003 3.53123900e-003 -7.96948807e-005
    2.84357928e-003 4.11923649e-003 0. 3.53962393e-003 1.88837782e-003
    4.88412008e-003 8.59532133e-003 2.07839790e-003 1.01099533e-004
    5.86800394e-004 2.20761693e-004 1.93966331e-003 5.07490942e-003
    -7.71423569e-004 9.58818535e-004 1.66046608e-003 0. 1.08892126e-002
    0. 3.64997378e-003 2.24183477e-003 1.34341477e-003 8.54226586e-004
    0. 1.72922306e-003 2.51856516e-004 1.07324659e-003 3.34104570e-003
    2.56277458e-003 2.70943763e-003 7.44012184e-004 5.44588594e-003
    -2.18422661e-004 4.06402210e-003 1.49859686e-003 3.66033008e-003
    1.28744170e-003 7.16251379e-004 3.37240472e-003 1.93882280e-003
    8.00454174e-004 2.16877335e-004 5.25406795e-003 5.76884835e-004
    -6.45849272e-004 1.19411976e-004 2.90508545e-003 0. 2.46189861e-003
    4.17789863e-003 3.60488566e-003 6.31850073e-003 0. -1.41475946e-004
    1.21769565e-003 -4.18652111e-004 1.67385524e-003 9.33677983e-003
    3.03831045e-003 3.53357894e-003 1.29615841e-003 2.12864089e-003
    7.17928750e-004 3.73408431e-003 0. 8.44159443e-003 2.81529297e-004
    1.61348737e-003 3.43634427e-004 0. 1.48833881e-003 1.52307423e-003
    2.77524861e-003 5.66673884e-003 0. 6.55986229e-003 2.20378302e-003
    9.96067841e-003 0. 1.46326551e-003 1.77918689e-003 2.14711385e-004
    3.55073367e-003 -1.20665925e-003 2.43395846e-003 -4.86532837e-004
    7.43116625e-003 3.43017490e-003 0. 0. 7.24991085e-004
    2.66478583e-003 0. 4.09924099e-003 6.29223359e-004 4.36138967e-003
    -1.02880190e-003 2.16358178e-003 0. 5.53109590e-003 3.11095826e-003
    6.18131552e-003 0. 6.13244064e-003 6.13534590e-004 0.
    1.05358579e-003 0. 2.57234741e-003 1.03683979e-003 0.
    3.75161367e-003 5.95252821e-003 8.06936063e-004 6.87570020e-004 0.
    3.13349956e-005 0. 2.43106415e-003 2.31809262e-003 1.86778256e-003
    4.71524196e-003 1.17016863e-003 9.15625656e-004 6.50965143e-003
    1.66724948e-003 -2.74305278e-003 1.35357387e-003 8.78222752e-003 0.
    1.14090950e-003 4.27127071e-003 7.54744001e-003 2.67012650e-003
    6.12388225e-003 6.94973953e-003 3.07446392e-003 1.88940996e-003 0.
    -5.24767616e-004 0. 0. 5.52736875e-003 1.84380182e-003
    -4.17404925e-004 9.69690795e-004 2.46926537e-003 1.67952385e-003 0.
    2.04945821e-003 0. 7.46219070e-004 2.30320240e-003 4.42878838e-004
    1.98511826e-003 0. 0. 3.31810955e-003 0. 6.39855047e-004
    4.25083563e-004 3.19377473e-003 0. 3.08396085e-003 3.92741896e-003
    2.26506055e-003 6.55227387e-003 3.43410554e-003 4.89190966e-003
    7.27313897e-003 1.58065255e-003 8.89428798e-003 1.39733369e-004
    1.27199350e-003 -1.90171751e-003 1.04398197e-002 0. 7.18872389e-003
    2.34001176e-003 0. 5.93946408e-003 9.38451907e-004 9.76029783e-004
    1.63429847e-003 0. 2.73206341e-003 -3.04521782e-005 4.24439320e-003
    4.77826130e-003 7.20749609e-004 -1.96098743e-004 1.76484289e-003 0.
    3.45755089e-003 1.23670348e-003 4.94332286e-003 0. 0.
    3.07595416e-004 1.94985198e-003 7.87949772e-004 -1.36236295e-005
    1.21780206e-003 1.96547783e-003 1.69150636e-003 1.62298977e-003
    5.56918653e-003 -2.44347553e-004 9.71217081e-003 7.21686892e-003
    2.70520058e-003 0. -1.16535150e-004 2.35788175e-003 4.74834815e-003
    3.50450375e-003 0. 0. 9.15884099e-004 0. 0. 7.05754734e-004 0.
    1.12887507e-003 1.38951256e-003 1.80688326e-003 3.47645255e-003
    5.43326372e-004 0. 2.48210668e-003 0. 3.05142417e-003
    2.69390293e-003 3.49382125e-003 9.09257121e-003 3.67148267e-003
    2.75757397e-003 5.57452731e-004 3.50613636e-003 1.07968622e-003
    1.25944968e-002 9.09347727e-004 -1.58875308e-003</data></imageDescriptor>
</opencv_storage>
