<?xml version="1.0"?>
<opencv_storage>
<imageDescriptor type_id="opencv-matrix">
  <rows>1</rows>
  <cols>500</cols>
  <dt>f</dt>
  <data>
    0. -6.53927727e-003 2.61559128e-003 0. 0. -3.83223826e-003 0. 0.
    4.40155389e-003 0. 0. -3.18303908e-004 0. 0. 3.99456406e-003 0. 0.
    0. 8.24897829e-003 2.66991160e-003 0. 0. 0. 0. 7.30372500e-004
    1.47701511e-002 1.77609944e-003 2.71272450e-003 3.25207156e-003
    2.24434701e-003 0. 9.64279380e-003 1.04388623e-002 3.15330015e-003
    0. 0. 0. 2.69060652e-003 0. -4.09261702e-004 1.06668705e-002 0.
    8.57271533e-003 -4.31471830e-003 0. 2.60864757e-003 1.32151609e-002
    3.15118907e-003 4.23251092e-003 1.32845051e-003 0. 1.52396075e-002
    0. 0. 0. 6.24762941e-003 0. 0. 2.51695118e-003 6.85974257e-004
    4.06647706e-003 0. 0. 2.26056273e-003 5.62877068e-003 0.
    4.41844296e-003 3.96482734e-004 -1.53875432e-003 6.82882126e-003
    5.87508781e-003 1.67501625e-003 0. 5.72061446e-003 -1.15357677e-003
    4.20311559e-003 0. -9.66222433e-004 5.38727967e-003 0.
    -1.11677439e-003 2.69098412e-002 0. 5.19389519e-003 7.75279012e-003
    5.96706662e-003 0. 0. 3.27192782e-003 0. -2.80768611e-003 0.
    3.75736709e-004 7.01941724e-004 1.68339780e-003 7.89721217e-003
    8.23366456e-003 7.40879867e-003 1.27283018e-003 1.32360647e-003
    2.87074782e-003 3.20576667e-003 1.80847524e-003 2.00480856e-002
    2.30222172e-003 0. 2.26114201e-003 -5.22568298e-005 0.
    2.32967504e-004 0. 3.20376176e-003 5.88215515e-003 2.26592086e-003
    0. 3.23311688e-005 0. 1.38460926e-003 8.37714470e-004 0.
    -2.63720728e-003 3.08266561e-003 4.98527079e-004 0. 1.29786255e-002
    0. 1.89734576e-003 3.88987036e-003 0. -1.55840078e-002 0. 0. 0. 0.
    0. 3.47078982e-004 3.51256318e-003 0. 4.89545567e-003
    3.95270297e-003 0. 0. -4.23682010e-004 0. 1.32962791e-002
    -9.78693948e-004 4.64185933e-003 1.69285911e-003 0. 0.
    1.57007165e-002 0. 3.76835582e-004 0. 9.65622533e-003 0.
    3.09435953e-003 0. 5.70918759e-003 9.20757838e-003 3.89296119e-003
    0. 6.77305134e-003 2.67772693e-002 5.07623889e-003 0. 0.
    -5.05979289e-004 0. 0. 0. 0. 7.74229132e-003 -8.65464006e-003 0.
    1.89034245e-003 0. 0. 1.51834954e-002 0. 0. 6.94291992e-003
    1.66803896e-002 1.30103645e-003 0. 0. -3.61898070e-004 0.
    6.63929572e-003 0. 9.70199145e-003 0. 0. 0. 4.99333395e-003
    7.64668686e-003 5.78359235e-003 0. -2.21425551e-003 7.19058735e-004
    -4.24524024e-003 1.58180331e-003 0. 2.72381259e-003 2.88243697e-004
    0. 2.23253528e-003 1.22519361e-003 -1.48092746e-003 -4.19981079e-003
    -1.31665176e-004 5.31888474e-003 0. -4.25931532e-003 0.
    -2.68383278e-003 1.91684332e-004 6.72274455e-003 0. -1.39309239e-004
    0. 3.80173093e-003 5.40058548e-003 1.48055679e-003 7.73083325e-003
    0. 0. 2.30280333e-003 5.81161538e-003 0. 1.53325417e-003 0. 0.
    -6.59436104e-004 0. 8.98683071e-003 0. 1.56060737e-002
    1.00883832e-002 8.58722371e-004 0. 0. 1.25937513e-003 0. 0. 0.
    -2.42931000e-003 0. -6.58144709e-004 3.83408880e-003
    -3.78085277e-003 0. 1.17693460e-004 5.75685990e-004 2.21391348e-003
    0. 6.25352655e-003 2.97705410e-003 6.53983094e-003 0.
    1.39847820e-004 0. 6.34001847e-003 1.33199253e-004 -4.96102381e-004
    0. -1.93758577e-003 1.07125496e-003 0. 0. 3.08954809e-003 0.
    1.73536770e-003 3.08152125e-003 5.47015574e-003 0. 0.
    3.64921964e-003 2.65565235e-003 -2.54023052e-003 9.37246485e-004 0.
    0. -4.45763202e-004 2.87724007e-002 -4.85539157e-003 0. 0. 0.
    6.56514475e-003 0. 0. 6.68000011e-003 0. 0. -4.56390640e-004
    4.57397662e-003 2.31956970e-003 0. 0. 0. 0. 0. 0. 5.77756623e-003 0.
    5.77954855e-003 5.35283878e-004 0. 0. 5.39638451e-004
    -8.95406958e-003 1.08003654e-002 0. 7.04905065e-003 0. 0. 0. 0. 0.
    1.78176013e-003 0. 8.60121660e-003 2.34200042e-002 0. 0. 0. 0.
    7.46277743e-004 1.89277204e-003 -1.59012183e-004 5.60245058e-003 0.
    -2.77457759e-004 -2.16703280e-004 -1.97255576e-004 2.30108388e-003
    2.98049022e-003 -1.37985020e-003 6.89870329e-004 6.79480471e-003
    3.06973699e-003 0. 0. 0. 0. 0. 0. 0. -1.43068621e-003 0. 0. 0. 0. 0.
    0. 0. -3.08545452e-004 0. -2.15202337e-003 1.33744488e-002
    5.44410292e-003 -3.22333327e-003 0. 0. 2.04173420e-002
    2.61206273e-003 5.00772055e-003 7.72476196e-004 3.13603948e-003 0.
    2.84660817e-003 -9.02230036e-004 2.69038207e-003 0. 0.
    1.51016668e-003 2.16691010e-003 0. 0. -4.29106085e-003
    -9.61053243e-004 0. 7.08274683e-003 0. -3.79292382e-004 0.
    9.43322107e-003 0. 3.27640609e-003 9.01495479e-003 0.
    3.38602811e-002 0. 0. 0. 0. 0. 1.50149520e-002 3.57390428e-003
    1.05046518e-002 1.50510650e-002 3.81454267e-003 1.05947943e-003
    2.28760974e-003 0. 0. -1.20575284e-003 0. 2.04083836e-003 0.
    5.48150577e-003 3.94585589e-003 2.12615123e-003 1.81366634e-002 0.
    0. 0. 7.49774231e-003 1.27237930e-003 2.91174254e-003 0.
    2.81825964e-003 3.17085825e-004 1.36635077e-004 0. 3.70288244e-003
    0. 7.14140944e-003 -1.72221242e-003 0. -4.51573776e-003 0.
    1.53077068e-004 1.14376396e-002 1.19177438e-003 5.51321823e-003
    -1.52839639e-004 6.72033289e-003 -1.29979220e-003 5.85992541e-003 0.
    0. 0. 0. 3.30170291e-003 6.12538401e-003 1.31108593e-002 0. 0.
    3.30192014e-003 1.38930816e-004 0. 0. 0. 1.40816637e-003 0. 0.
    2.26120721e-003 0. -1.17292890e-004 0. 0. 3.29950853e-005
    5.22695249e-004 2.98097730e-003 -1.34665426e-003 0. 0. 0.
    1.41657819e-003 -1.83031615e-003 0. 0. 1.71952194e-003
    8.79210362e-004 0. -2.44574482e-003 3.87426792e-003 0.
    1.33325078e-003 7.63762218e-004 1.16680062e-003 0. 0.
    3.37362639e-003 0. -1.24927057e-004 -2.75737519e-004 7.60421203e-003
    0. 0. 0. 0. 0. 0. 0. 0. 0. 0.</data></imageDescriptor>
</opencv_storage>
