<?xml version="1.0"?>
<opencv_storage>
<imageDescriptor type_id="opencv-matrix">
  <rows>1</rows>
  <cols>500</cols>
  <dt>f</dt>
  <data>
    1.85228754e-002 6.75099844e-004 6.30926155e-003 0. 5.01906150e-004
    -2.26472679e-004 2.06940947e-003 6.08478487e-003 5.65453805e-003
    4.23511694e-004 0. 6.56160177e-004 1.57753660e-004 2.76105688e-003
    0. 0. 2.46972218e-003 0. 0. 0. 5.05836215e-003 0. 0. 0. 0. 0.
    3.01202247e-003 1.67192158e-003 -6.04022120e-004 -7.45797995e-004
    -2.17788527e-003 3.67700774e-003 3.24510364e-003 -2.75489961e-004
    5.12490747e-003 -2.56181782e-004 5.44138951e-003 3.62012838e-003 0.
    8.91315658e-003 7.28817843e-003 0. 1.73168164e-003 6.34318974e-004
    5.32418548e-004 1.96624035e-003 0. 0. 2.21267715e-003
    5.44096925e-004 1.43842259e-003 0. 2.39761709e-003 0.
    -7.36470858e-004 9.85126849e-003 4.56644967e-003 0. 9.81758581e-004
    0. 3.95862106e-003 -2.82398355e-003 1.35367666e-003 2.76675797e-003
    0. -3.87667934e-003 3.21929250e-003 3.35796969e-003 2.73435423e-003
    -7.24968966e-004 0. 7.76341837e-003 0. 0. -3.63124156e-004
    5.55347325e-003 9.21662059e-003 3.48558254e-003 2.15739873e-003 0.
    1.63581735e-003 1.12270117e-002 0. 0. 6.07382972e-003
    1.11866533e-003 0. -5.29069034e-003 1.08452595e-003 0. 0. 0.
    -5.83840359e-004 0. 5.34386374e-004 3.40650760e-004 5.08436817e-004
    3.67345894e-003 2.64668954e-003 0. 2.36236677e-003 1.24939391e-003
    0. 7.10778404e-004 -2.70339660e-004 0. 0. 0. 3.91035806e-003 0. 0.
    0. 2.95334961e-003 0. 9.04843677e-003 1.66022428e-003 0. 0.
    1.15471352e-002 -2.49164761e-004 0. 0. 2.32739304e-003
    4.67805937e-003 1.43609487e-003 0. -5.10417973e-004 -5.64360339e-003
    0. 5.82436100e-003 0. 9.30692628e-003 0. 0. 2.48414464e-003
    4.78273863e-003 2.31045089e-003 0. 7.74234068e-004 0. 0. 0.
    4.08218103e-003 0. 6.46481523e-003 -2.78902648e-004 -2.24958276e-004
    3.31510347e-003 0. 0. 1.34310074e-004 8.65785964e-003
    5.97021217e-003 0. 0. 0. 2.61247368e-003 0. 5.77633269e-003 0.
    4.11045458e-003 5.55204926e-003 2.88367365e-003 5.92802605e-003
    1.55448518e-003 4.16415138e-003 8.72547040e-004 0. -1.96040468e-003
    0. 3.07318615e-003 3.41492426e-003 5.01258299e-003 -4.39270819e-003
    4.75559058e-003 2.38294387e-003 -2.92275380e-003 0. 0.
    4.35932726e-003 1.99897471e-003 2.09854869e-003 0. 3.69955739e-003
    3.09240795e-003 0. -3.22491466e-003 5.63088479e-003 -4.81177558e-004
    6.01062365e-003 5.00053866e-003 5.51212672e-003 9.48364567e-003
    -5.56593062e-004 0. 5.35105728e-003 0. 0. 0. 2.67011230e-003
    4.61115362e-003 0. 0. 6.64015673e-003 1.98472175e-003
    -7.60667026e-005 1.63726998e-003 0. 3.82202026e-003 1.20086353e-002
    0. 4.95967863e-004 2.73533072e-003 0. 0. -1.15673826e-003 0.
    7.09899468e-003 0. 1.15853436e-002 0. 2.49123666e-003
    2.03813985e-003 0. 0. 1.60949444e-003 -1.08945032e-003
    7.29290023e-003 -2.86622875e-004 0. 0. 8.76051025e-004
    9.83965292e-005 6.74102409e-003 8.27329233e-003 9.64886695e-003
    1.52592038e-005 0. 0. 6.39673148e-004 1.18135312e-003 0.
    3.97230452e-003 -1.65222073e-003 6.25033397e-003 0. 7.19022471e-003
    2.60551996e-003 3.84589215e-003 9.16160829e-003 3.16137145e-003 0.
    2.01011403e-006 0. 9.16010793e-003 3.67124588e-003 0. 0.
    -7.42842036e-004 0. 4.39928798e-003 5.85268438e-003 1.02549661e-002
    5.51566714e-003 -1.15258293e-003 0. 1.01082306e-003 0. 0. 0.
    2.67605670e-003 5.11812000e-003 0. 9.10257571e-004 9.16380028e-004
    2.86207511e-003 0. 8.36845860e-003 0. 9.54504299e-004 0.
    2.17520609e-003 1.01731520e-003 0. 7.71211751e-004 0. 0. 0.
    1.54377171e-003 0. 0. 0. 6.41267700e-003 0. 0. -3.95529263e-004 0.
    0. 6.52673189e-003 1.03792211e-003 -4.40692151e-004 7.24623736e-004
    -1.31341105e-003 4.42562718e-003 0. 1.04990853e-002 3.29740648e-003
    0. 2.69630412e-003 0. 0. 2.86010583e-003 2.01284792e-003
    1.44215778e-003 8.17487016e-003 5.05014230e-003 5.96205145e-003
    1.23329256e-002 -1.65565580e-003 0. 4.11004759e-003 0.
    1.39517325e-003 6.89069135e-003 -3.50534357e-003 1.16147194e-003 0.
    0. 2.34007346e-003 0. 0. 9.65463929e-003 5.91967488e-003 0. 0. 0. 0.
    8.17248784e-003 1.69051974e-003 0. 0. 3.35118361e-003
    7.16297829e-004 4.77331830e-003 2.50101159e-003 0. 0.
    1.68169779e-003 4.94005438e-003 -7.16437818e-004 0. 7.34920101e-003
    0. 0. 0. 5.78881067e-004 0. 4.49007098e-003 -1.83401059e-003
    -4.98656044e-003 6.77231373e-003 0. 3.28031718e-003 0.
    1.84407190e-003 1.50959846e-003 0. 0. 1.80059846e-003
    9.66593064e-003 1.35319615e-002 1.35958311e-003 8.62560235e-003
    3.77604295e-003 5.83412300e-004 0. 7.64141884e-003 0.
    1.63919642e-003 3.47908912e-003 6.86766859e-003 5.03465114e-003
    2.48112995e-003 8.14151019e-003 0. 4.43672732e-004 0.
    2.19164463e-003 2.62570498e-003 3.71058052e-003 0. 0.
    5.00354872e-005 0. 1.98784051e-003 0. 1.78352662e-003 0.
    6.53274823e-003 0. 0. -2.74935664e-005 2.77072773e-003 0. 0.
    8.46290612e-004 -1.35303155e-004 7.61928875e-003 0. 2.51467712e-003
    0. 1.24491402e-004 0. 1.95805519e-003 0. -6.95437950e-004
    5.77927334e-003 -7.21646356e-004 1.25531517e-002 4.46858146e-004
    8.89408868e-003 9.78337415e-003 5.74522093e-003 0. -8.02665891e-004
    4.38967813e-003 1.01487862e-003 0. 1.62107926e-002 0.
    1.07252123e-002 2.75186636e-003 1.28576567e-003 0. 0. 0. 0.
    3.28076305e-003 3.64069990e-003 1.03652328e-002 4.05495241e-003 0.
    9.01308656e-003 1.15246163e-003 -2.75973557e-003 3.79769318e-003 0.
    0. 1.45837083e-003 0. 0. 0. 0. 0. 2.76053848e-004 3.41771496e-003 0.
    0. 0. 0. 5.30150114e-003 -1.24208420e-003 -5.27393073e-004
    3.93916434e-003 0. 0. 0. 8.86528846e-003 0. 1.04932429e-003 0.
    3.54642118e-003 3.32247932e-003 6.06482616e-003 1.19866366e-002 0.
    -7.24347075e-004 6.15858007e-003 0. 4.09887824e-003 3.28898989e-003
    0. 4.02830960e-003 0. 2.47500464e-003 2.07661651e-003
    -1.79212412e-003 0. 2.03624438e-003 5.06138522e-003 0.
    -1.00890547e-003 2.02883151e-003 0. 0. 0. 0. 1.13217591e-003
    5.30684972e-003 6.18213508e-003</data></imageDescriptor>
</opencv_storage>
