<?xml version="1.0"?>
<opencv_storage>
<imageDescriptor type_id="opencv-matrix">
  <rows>1</rows>
  <cols>500</cols>
  <dt>f</dt>
  <data>
    1.18110506e-002 4.79186965e-005 6.48900773e-003 0. 3.57523630e-003
    0. 0. 5.73454425e-004 2.05933745e-003 8.71012546e-003
    1.40093789e-002 3.03976145e-003 0. -3.15003563e-004 1.55324140e-003
    9.13109351e-003 0. 5.70747943e-004 0. -1.24525206e-004
    4.44681663e-003 0. 0. 1.97600573e-003 0. 0. -1.11812947e-003
    5.22866566e-003 2.66189501e-003 -2.74552469e-004 2.11009639e-003 0.
    2.75346218e-003 8.14766157e-004 2.65884632e-003 4.32815542e-003 0.
    1.19524298e-003 1.37033791e-003 1.31720793e-003 0. 1.55660566e-002
    1.86805637e-003 0. 8.60568602e-003 2.09087390e-003 9.67380009e-004
    2.65803491e-003 8.44603963e-003 1.14037062e-003 2.51618284e-003
    4.03634273e-003 0. 0. 0. 2.05546967e-003 1.22013397e-003 0. 0.
    8.32630415e-003 0. 3.23583023e-003 -1.01593067e-003 8.57676147e-004
    1.85914675e-003 -2.13684817e-003 -1.66250844e-004 2.02743639e-003
    2.24608812e-003 2.75689480e-003 0. -1.87352591e-003 0. 0. 0. 0. 0.
    0. 0. 0. 2.68076290e-003 1.18873827e-002 2.31513893e-003
    4.62829572e-004 7.11464835e-003 2.17286800e-003 0. -9.07427398e-004
    2.46610073e-003 1.89810910e-003 2.87954998e-003 3.58287827e-003 0.
    0. 2.09109508e-003 -1.34022994e-004 0. 0. 5.09503903e-003
    9.11586161e-004 3.01017053e-003 1.03835193e-002 9.10645758e-004
    2.75001046e-003 5.58142830e-003 -1.27951894e-003 0. 0.
    1.20056393e-002 0. 6.58839568e-003 -6.32445444e-005 1.33886002e-002
    -4.15625167e-004 3.13996361e-003 4.14035190e-003 5.45061799e-003 0.
    0. 0. 0. 0. 2.82517076e-003 0. 3.49958194e-003 0. 8.45657103e-003
    1.33056170e-003 0. 0. 0. -1.84224788e-004 4.05701314e-004 0.
    2.55863694e-003 1.76393744e-002 0. 1.03605213e-002 1.64477539e-003
    3.85358720e-003 3.78362695e-003 0. 0. 4.14717033e-005 0.
    7.97974691e-003 4.23868513e-003 -7.86833334e-005 0. 0.
    2.85117398e-003 2.61724414e-003 3.92867671e-003 0. 3.38149280e-003
    0. 0. 0. 1.99400540e-002 0. 5.13861096e-003 4.69876919e-003 0. 0.
    1.61837251e-003 1.36969909e-002 1.50991324e-003 2.80411448e-003
    5.77379670e-003 5.90526406e-003 0. 4.01699590e-003 1.31505937e-003
    9.05889273e-003 -3.06965085e-004 8.39376706e-004 1.64679077e-003 0.
    0. 6.59381156e-004 1.78031763e-003 -9.71057045e-004 0.
    5.59050962e-003 0. 6.31307205e-003 0. 3.14026745e-003
    2.15146784e-003 0. 0. 0. 0. 9.76074138e-004 2.52944464e-003
    2.34481436e-003 0. 3.13184899e-003 2.88890139e-003 0.
    1.85929966e-004 0. 1.44051388e-003 8.62363633e-003 -3.47243366e-003
    4.37690178e-004 0. 4.52262722e-003 0. 0. 0. 0. 6.34228811e-003
    1.38041610e-003 5.49649168e-003 5.65930177e-003 -7.95128697e-004
    1.20230124e-003 1.84236327e-003 0. 2.38510547e-003 0.
    1.83874078e-003 3.70081165e-003 4.19985969e-003 -1.09063571e-004 0.
    0. 0. 0. 2.69031757e-003 0. 4.72769374e-003 1.88258686e-003 0.
    6.59540622e-003 4.55690408e-003 1.24436151e-002 1.12943137e-002
    2.75959284e-003 8.86909664e-003 2.01969477e-003 8.67397338e-003 0.
    0. 1.56735685e-002 -2.50664423e-003 0. 7.52390781e-003
    -4.35410650e-004 -1.29661919e-003 1.55926717e-003 0. 4.11163969e-003
    0. 1.50941534e-003 3.77651956e-003 0. 0. 0. 0. 0. 1.35331962e-003
    9.26047750e-003 -1.11241918e-003 0. -7.21520919e-004 0.
    3.09824268e-003 2.49989767e-004 7.62921874e-004 -5.19774202e-003 0.
    0. 0. 8.23728915e-004 6.21321378e-003 0. 2.54540076e-003
    3.40891187e-003 8.62258393e-003 3.27013107e-003 0. 6.79088105e-003
    3.64840752e-003 -1.06810476e-003 0. 0. -4.23983030e-004
    -5.14775631e-004 0. 4.65614581e-003 2.72290362e-003 0.
    -1.25638884e-003 5.30166738e-003 0. 0. 6.78215036e-003
    -3.63251638e-006 4.39560477e-004 0. 0. -9.34312877e-004 0. 0.
    5.52122248e-003 -4.00654186e-004 6.39877690e-005 0. 0.
    -1.74048741e-003 0. 0. 8.53513484e-004 0. 0. 3.87022831e-003
    5.99239487e-003 0. 0. 1.36882579e-002 0. 0. 2.13652290e-003 0. 0.
    9.51935537e-003 0. 0. 1.47072016e-003 3.40651791e-003
    2.48298096e-003 2.80895131e-003 3.45939957e-003 3.86178552e-004 0.
    0. 0. 0. 0. -4.32005705e-004 2.00497732e-003 4.22326755e-003
    6.57683518e-003 0. 2.53225584e-003 0. 0. 8.27745814e-003 0. 0. 0. 0.
    5.41688316e-003 4.53900499e-003 2.43877713e-003 0. 0. 0. 0. 0.
    1.44318445e-004 0. 2.31923279e-003 0. 5.68769127e-003
    2.07067060e-004 9.06738173e-003 -2.59180483e-003 0. 0.
    2.60837469e-003 0. 0. 7.79812504e-003 6.23775646e-003 0. 0.
    -8.93465185e-004 2.38963912e-004 1.65437430e-003 2.65323534e-003
    4.51349653e-003 1.29985549e-002 0. -3.91917041e-004 1.93302066e-003
    3.43107997e-004 1.08825732e-002 0. 0. 0. 6.46934332e-003
    1.91219139e-003 1.02746265e-003 4.79195267e-003 1.75729685e-003
    7.30681093e-003 7.14308524e-004 1.19424481e-002 8.33461620e-003 0.
    1.03663886e-003 0. 0. 6.02986058e-003 0. 0. 0. -6.75348390e-004
    1.29845003e-002 0. 1.97147997e-003 0. 0. 3.79910390e-003 0.
    7.75053725e-003 0. 5.00006927e-003 0. -1.04520214e-003
    1.68690737e-003 7.14777084e-003 0. -1.00891385e-003 0. 0.
    1.87789235e-004 0. 5.28519857e-004 0. 0. 0. 2.89075513e-004 0. 0.
    -2.67074909e-004 6.83203945e-003 0. 0. 0. 7.33906683e-003
    6.30966853e-004 0. 0. 9.30493348e-004 1.36205205e-003
    -1.00752688e-003 0. 0. 0. 0. 4.77901474e-003 3.78738018e-003
    3.62649281e-003 1.61673606e-003 1.21508809e-002 5.48943877e-003
    1.30453997e-003 1.37786870e-003 -3.34188400e-004 0. 2.34432193e-003
    0. 8.29137396e-003 0. 0. 0. 5.11569669e-003 0. 0. 3.01230862e-003
    1.78747403e-003 0. 4.95020207e-003 0. 4.04938636e-003
    -1.67026953e-003 0. 1.24846702e-003 0. -7.96306049e-005
    5.71973296e-003 2.19514221e-003 0. 0. 0. 0. 2.82772677e-003 0.
    3.15315207e-003 0. -2.66361609e-003 4.99606598e-003 0. 0.
    1.46152172e-003 1.84955052e-003</data></imageDescriptor>
</opencv_storage>
