<?xml version="1.0"?>
<opencv_storage>
<imageDescriptor type_id="opencv-matrix">
  <rows>1</rows>
  <cols>500</cols>
  <dt>f</dt>
  <data>
    1.44989509e-003 -6.13809156e-004 0. 4.23799444e-004 2.92693358e-003
    -3.08348797e-004 0. 0. 5.55554347e-004 1.23153152e-002
    6.45355438e-004 7.49232015e-004 4.45015635e-003 -4.62493720e-003
    5.96973021e-003 4.80887720e-005 0. 1.12415720e-002 0.
    1.57637510e-003 2.03003976e-002 0. 4.40533913e-004 9.02875152e-004
    0. 0. 1.22669630e-003 0. 0. 1.44455966e-003 4.03134944e-003
    6.93732547e-003 1.18098725e-002 1.85764907e-003 5.17267967e-003
    1.60569954e-003 1.32173263e-002 3.58433649e-003 2.98296404e-003
    -5.30856708e-003 2.90738931e-003 -1.07272202e-003 0. 0.
    5.63197723e-003 7.08619319e-003 0. 3.08894226e-003 0.
    -5.13807696e-004 0. 6.06697612e-003 0. 3.31733539e-003
    2.53588194e-003 0. 0. 0. 0. 0. 1.67076208e-003 0. -1.27453881e-003
    4.23529185e-003 3.74845462e-003 0. 0. 0. 0. 0. 1.73448510e-002
    3.33421584e-003 0. 0. 0. 0. 0. 0. 6.70068245e-003 -1.52619684e-003
    -4.24161553e-003 1.51818502e-003 -4.86149499e-003 7.36430404e-004
    1.31735234e-002 0. 0. 0. 0. 7.26884650e-003 2.47873645e-003
    6.46615808e-004 -6.55331241e-004 2.95271049e-003 0. 0. 0.
    3.68017564e-003 0. 8.17514770e-003 -6.25698420e-004 6.48607919e-003
    0. -3.67823709e-003 2.45257746e-003 1.71079626e-003 1.36302365e-003
    9.69313737e-003 3.49136040e-004 0. 3.37268854e-003 0.
    -2.33186205e-004 0. -2.64161034e-003 1.33197214e-002 0. 0. 0. 0. 0.
    0. 0. 0. 4.38176794e-003 6.85247267e-003 1.96042215e-003
    -5.79252327e-003 3.59911428e-005 0. 0. -7.41948490e-004
    -1.04403554e-003 -7.92897714e-004 0. 1.79532438e-003 1.93489657e-003
    7.02174334e-003 1.67966602e-004 3.10986675e-003 0. 0.
    -8.80292500e-004 -3.98478471e-003 0. 0. 1.86600513e-003
    5.33027155e-003 0. 0. 8.30697245e-004 5.12606092e-003
    -2.78503518e-003 3.49777611e-003 0. 0. 7.54083646e-003
    2.41584564e-003 4.38862108e-003 0. 0. 2.92744517e-004
    3.32284509e-003 0. 0. 2.78822705e-003 0. 3.22037213e-003 0. 0. 0. 0.
    3.92444525e-003 0. 1.07757864e-003 1.92803319e-003 5.64027345e-003
    0. 0. 0. 3.65112233e-003 0. 0. 8.10694939e-004 0. 2.37881043e-003
    5.30163851e-003 2.82926904e-003 0. 2.67579732e-003 0.
    1.24563109e-002 1.10891205e-003 5.86781767e-004 -4.25696489e-004
    2.24197080e-004 -4.26861411e-003 0. 9.00063198e-003 0. 0. 0.
    -4.37226985e-003 2.54183784e-002 -8.95470497e-004 0. 0.
    -2.64498929e-004 0. 5.98513614e-003 0. 2.60565430e-003
    1.50167663e-003 1.98823377e-003 2.24215351e-002 0. 0. 0. 0.
    9.76682547e-003 0. 3.97255924e-003 5.97557519e-003 0.
    1.03172986e-003 1.40664931e-002 2.59034405e-003 0. 2.05451204e-003
    0. 2.14605127e-003 6.10293122e-003 9.83385183e-003 0.
    2.83270981e-003 1.81355071e-003 1.52910855e-002 0. 2.10187119e-003
    -9.46401269e-004 6.03994867e-003 -3.30314483e-003 8.41048174e-003
    5.52584464e-003 2.22220609e-004 6.49531651e-003 -3.54005676e-003
    5.93274878e-003 2.04124255e-003 2.53405492e-003 -3.85156646e-003
    2.05159886e-003 -1.76044274e-003 1.03380205e-003 0. 0.
    3.51771852e-003 0. 8.80298018e-003 8.18323810e-004 2.51258654e-003
    2.22710259e-002 0. 0. 0. 7.26916129e-003 -1.62562646e-003 0.
    2.46616965e-003 0. 1.83758777e-004 1.20198950e-002 0.
    2.25116918e-003 2.93182163e-003 0. 0. 5.97852888e-003
    2.13410053e-003 0. 0. 2.24563642e-003 6.37047458e-003
    2.84893322e-003 1.90617866e-004 2.63625733e-003 1.19372252e-002
    -2.31518297e-005 0. 0. 3.22360918e-003 -6.03871595e-004
    -8.99175473e-004 -5.63330599e-004 9.19313112e-004 1.04489934e-003
    1.39526445e-002 2.07005790e-003 9.40714683e-003 1.20515609e-002
    8.52504512e-004 1.17296795e-003 1.00840291e-004 -5.05748345e-003 0.
    1.09772210e-003 0. 2.80029140e-003 0. 0. 0. 2.90737581e-003 0. 0. 0.
    2.09497977e-002 2.80106277e-003 0. 1.03592966e-002 0.
    -1.78228936e-003 0. 0. 5.71353594e-003 0. 0. 1.35205872e-003
    1.54527905e-003 8.85814195e-004 2.28583254e-003 1.38121471e-003
    3.47115961e-003 4.49146377e-003 3.02816485e-003 0. 8.24953802e-003
    2.18037306e-003 0. 0. 0. 0. 0. 1.55955916e-002 1.52446367e-002 0. 0.
    0. 0. 0. 0. 2.81505357e-003 0. 0. -5.59097134e-005 3.47540784e-003
    3.21165519e-003 2.53793364e-003 3.12795141e-003 0. -2.22154224e-004
    1.27134600e-003 1.40636892e-003 -8.77047249e-004 0. 4.01593978e-003
    3.59198358e-003 5.36774565e-003 3.12775420e-003 0. 1.82828691e-003
    1.08756742e-003 -5.05424687e-004 5.03886316e-004 0. 5.58115367e-004
    0. 0. 2.50639184e-003 0. 0. 0. 2.90621910e-003 4.95154876e-003 0.
    1.69656670e-003 7.76946545e-003 -1.59008964e-003 1.66265829e-003
    -1.98888942e-003 0. 0. 3.80804855e-003 0. 2.60284776e-003
    1.09332278e-002 2.79087247e-003 0. 8.40495620e-003 6.03147689e-003
    0. 0. 5.11602731e-003 7.45076279e-004 0. 0. 2.08853446e-002
    -1.83161593e-003 6.11394597e-003 0. 0. 2.87374551e-003
    1.39969168e-003 0. 6.24872977e-003 0. 0. 0. 0. 1.01591535e-002 0.
    1.98076013e-003 1.27509783e-003 0. 3.09396256e-003 -1.38043761e-004
    0. 0. 0. -4.43777861e-003 8.14747903e-003 0. 0. 6.37371093e-003 0.
    0. 7.23698759e-004 0. 0. -2.77943240e-004 0. 1.32732943e-003
    1.33388781e-003 1.24295289e-003 3.32631799e-003 -6.77216519e-003 0.
    -1.99180096e-003 0. 1.50483905e-003 4.77198279e-003 4.47226083e-003
    0. -2.73310026e-004 0. 6.62967004e-003 0. 6.31790282e-003
    2.38683424e-003 7.37764814e-004 -2.26984243e-003 4.95584914e-003
    3.76237114e-003 2.77703232e-003 0. 8.63508321e-003 0.
    8.76556966e-004 7.42081553e-004 0. -2.12655679e-004 0.
    3.81944049e-003 8.64200701e-004 0. 0. 9.70628113e-004
    4.76297922e-003 0. 9.67815146e-003 9.55448195e-004 3.62372113e-004
    4.94522043e-003 0. 6.75511407e-003 0. 1.88416045e-003
    4.51648980e-003 0. 1.17633995e-002 0. 6.45102607e-003
    -3.32586904e-004 7.74268527e-004 0. 0. -8.80817999e-004
    5.30152721e-003 9.49069043e-004 4.40254982e-004 2.22489165e-004</data></imageDescriptor>
</opencv_storage>
