<?xml version="1.0"?>
<opencv_storage>
<imageDescriptor type_id="opencv-matrix">
  <rows>1</rows>
  <cols>500</cols>
  <dt>f</dt>
  <data>
    9.51146765e-004 0. 0. 5.72676770e-003 7.52182677e-004
    -2.53712782e-003 4.08965489e-003 0. 7.05374824e-003 -6.95849230e-005
    1.16803870e-002 5.30461501e-003 0. 0. 0. 0. 6.03941642e-003
    2.97859922e-004 -4.03408863e-004 6.66529872e-003 5.40980836e-003
    4.21677250e-003 0. 0. 0. 1.39555130e-002 4.33251588e-003
    6.64885156e-003 5.36072208e-003 0. 4.27054567e-003 0.
    1.52100332e-003 -3.10590694e-005 3.02124326e-003 0. 5.78370504e-003
    4.66401828e-003 9.73425619e-003 -1.80609850e-003 2.19742232e-003 0.
    1.45363330e-003 2.03446974e-003 1.49437517e-003 1.51199277e-003
    7.62186828e-004 3.52226605e-004 0. 1.43535063e-003 9.86903906e-004
    5.82753797e-004 -2.05746968e-003 0. 9.46904358e-004 1.92709314e-003
    0. 7.94359308e-004 0. 2.42156489e-003 2.20525661e-003 0. 0.
    2.04717298e-003 2.64925463e-003 1.48337311e-003 1.83790748e-003 0.
    2.17546313e-003 0. -7.37490074e-004 1.62719353e-003 0. 0.
    -1.55077130e-003 0. 0. 1.50408559e-002 9.78714088e-004
    6.65806991e-004 0. 0. 2.77740555e-003 1.21060802e-004
    1.31602185e-002 1.19308068e-004 2.64630071e-003 0. 3.98526527e-003
    8.43990315e-003 -1.23870865e-004 8.28482807e-005 0. 0.
    -3.24433378e-004 4.08373401e-003 0. 2.31813756e-003 0.
    8.07302445e-003 0. 0. 0. 5.10029728e-003 1.86136412e-003 0.
    4.17063537e-004 0. 4.77222353e-003 5.60092798e-004 1.87001284e-002
    2.05020625e-002 0. 3.84799147e-004 0. 4.64379881e-003 0.
    1.90121226e-003 0. -4.31760796e-004 -1.99378980e-003 0.
    2.59954063e-003 2.75595463e-003 2.88146618e-003 0. 6.45302050e-003
    -2.47889594e-003 0. -5.85000915e-003 0. -1.10340165e-003
    5.82332211e-003 1.45347917e-003 0. 1.98834315e-002 0.
    2.86118081e-003 9.93899070e-003 1.37027595e-002 6.06233208e-003 0.
    0. 0. 3.46817588e-003 0. -9.58149438e-004 4.27125348e-003 0. 0.
    3.80235468e-003 1.75217912e-003 0. 7.08214287e-003 4.58713667e-003
    0. 2.69470620e-003 4.53098910e-003 1.31491590e-002 0.
    -1.24911289e-003 0. 0. 7.06158066e-003 2.62913038e-003
    2.11871252e-003 8.03139340e-003 4.13170969e-003 0. 3.21865687e-003
    0. 0. -1.67888356e-003 -2.45322194e-003 -8.37953878e-004
    1.97780086e-003 2.35929582e-002 0. 6.04951521e-003 0.
    3.11056199e-003 0. 7.64169451e-003 1.25425085e-002 6.44249795e-003
    5.54520590e-003 -9.64584236e-004 0. 0. 0. 0. 1.16548897e-003 0.
    5.36821922e-003 0. 2.31840601e-003 0. 0. 6.30604103e-003 0.
    1.88994280e-003 0. 4.99895075e-003 4.32811957e-003 -1.57910201e-003
    4.86653391e-003 1.68621587e-003 0. -3.78508383e-004 0.
    1.34865055e-003 0. -1.54678058e-003 0. 1.43011305e-002
    5.84662799e-003 7.31406454e-003 5.03085135e-003 2.23363307e-003
    3.39203794e-003 0. 1.30221166e-003 0. 1.26512794e-004 0.
    2.85900128e-003 1.15585933e-003 0. 0. 0. 0. 5.22686692e-004
    1.04838135e-002 8.79248045e-003 2.42500426e-003 0. 2.08439515e-003
    1.67575758e-002 0. 6.08152652e-004 9.14135110e-003 -1.01558748e-003
    6.07489259e-004 3.05967359e-003 2.59855995e-003 0. 0.
    1.39834650e-003 1.29558612e-003 5.30136004e-003 -4.25015623e-003
    3.88912600e-003 6.79075427e-004 3.66524793e-003 3.56823136e-003 0.
    0. -1.30527595e-003 2.35449453e-003 0. 7.25967763e-003
    8.15226231e-004 1.84081309e-003 0. -2.55339011e-003 1.31884089e-003
    1.54204026e-003 1.48737722e-003 0. -2.61355983e-003 -1.84970355e-004
    3.72814509e-004 2.63374735e-004 6.90167944e-004 0. 3.61179910e-003
    5.73689910e-003 1.66544074e-003 0. 0. 8.92195571e-003 0.
    3.64894466e-003 3.30311572e-003 0. -1.83504540e-003 0.
    7.11366162e-003 1.08859292e-003 0. 0. 8.76910519e-003
    5.55317616e-003 4.78922436e-003 6.76589902e-004 1.95166707e-004
    1.17451779e-003 0. 1.84637855e-003 2.58666882e-003 5.01822738e-004
    0. 1.83867884e-003 5.32734627e-003 0. 4.80572367e-003
    6.89956313e-003 1.84028712e-003 2.93275760e-003 4.80164215e-003
    2.38137509e-004 3.25660477e-003 5.87631902e-003 2.23584147e-003
    9.82082542e-003 0. 0. 1.92042161e-003 0. 5.73450816e-004 0.
    9.75175388e-003 7.60233903e-004 1.43428314e-002 0. 0.
    3.52285081e-003 1.78419501e-002 1.79040374e-003 6.47602975e-003
    -8.61228630e-003 1.29199796e-003 0. 9.58738476e-003 -6.71848143e-003
    0. -1.20666262e-003 4.16074554e-003 8.32492299e-003 -2.37673335e-003
    0. -2.07943446e-003 6.55164069e-004 0. 0. 4.56581498e-003 0.
    4.91292821e-003 0. 1.11410889e-004 5.10262966e-004 2.22783303e-003
    1.48183864e-003 0. -3.89860850e-003 7.36172730e-003 2.22327071e-003
    0. 0. 0. 0. 0. 0. 5.13352687e-003 8.75039678e-003 -1.39433425e-003
    6.27969252e-003 -7.36467191e-005 0. 2.42232741e-003 -3.26092093e-004
    4.12223069e-003 2.76664738e-003 0. 0. 0. 1.03651464e-003 0.
    1.65564269e-002 0. 4.94147884e-003 0. -3.74597171e-003
    -5.99396788e-003 1.90854596e-003 2.07178923e-003 1.45650608e-003
    7.39340624e-003 1.32235116e-003 0. 1.47044164e-004 0.
    2.87667639e-003 1.09190773e-003 7.93714356e-003 2.77289539e-003
    5.60788205e-003 9.64116771e-003 9.03975032e-003 0. 1.56593695e-003
    0. -9.92526184e-004 2.90650176e-003 0. 1.14222162e-003 0.
    1.70055090e-003 0. 1.67565222e-003 0. 6.44782092e-003 0.
    2.96945148e-003 3.89004522e-003 0. 0. 0. 0. 5.19825332e-003
    -7.16199342e-004 0. 0. 0. 9.83134191e-003 0. 0. 0. 0.
    9.88342613e-003 0. 0. 0. 3.92027572e-003 0. 1.70059921e-003
    7.54995830e-003 0. 0. 0. -5.22126909e-004 0. 0. 0. 9.10377596e-004
    1.38177036e-003 2.37739435e-003 1.51149870e-003 0. 2.53548147e-003
    3.83759895e-003 -3.53017915e-003 3.88082769e-003 -7.16523675e-004 0.
    3.59969516e-003 1.95148680e-003 0. 1.32722338e-003 0. 0.
    -4.20479104e-003 4.91102575e-004 0. 2.77846213e-003 -2.67502153e-003
    3.51847080e-003 0. 5.52758900e-003 0. -9.06846544e-004 0. 0. 0. 0.
    1.03445575e-002 3.23422049e-004 0. 0. -3.22776847e-003 0. 0. 0.
    5.52254077e-003 5.04902471e-003 0. 1.07450862e-004 -4.15364542e-004
    -1.71083375e-003 0. 1.05106225e-003 5.53424354e-004 0.
    1.19904405e-003 0. 0. 1.53684663e-003 -4.94169944e-004 0.
    2.76376610e-003</data></imageDescriptor>
</opencv_storage>
