<?xml version="1.0"?>
<opencv_storage>
<imageDescriptor type_id="opencv-matrix">
  <rows>1</rows>
  <cols>500</cols>
  <dt>f</dt>
  <data>
    3.32337851e-003 4.21125814e-003 0. 5.08296164e-003 0. 0.
    1.86295633e-003 0. 0. 7.15438742e-004 0. -1.80449642e-004 0.
    7.28864968e-003 5.73596917e-003 0. 6.69495901e-003 0. 0.
    7.19151273e-003 -2.90990178e-003 0. 3.50642786e-003 0. 0.
    6.80703484e-003 5.59963007e-003 5.60234673e-003 -1.19482388e-003
    2.33282638e-003 5.92490099e-003 0. 7.95422401e-003 5.45871072e-003
    0. 0. 1.47199584e-003 0. 0. 0. -1.59150141e-003 9.60489269e-003
    -8.46563373e-003 0. 1.55866854e-002 4.12279693e-003 9.80052818e-003
    6.73400657e-003 2.21763388e-003 8.63477413e-004 0. 1.82196393e-003
    1.14204573e-004 0. 0. 0. 0. 0. 2.92231474e-004 -1.40599604e-003 0.
    0. 2.67606741e-003 1.00757098e-002 0. 0. 0. -3.91514366e-003
    5.21886908e-003 0. 0. 4.92876722e-003 0. 5.41387126e-003
    3.79400002e-003 0. 0. 0. -1.03126769e-003 0. 3.94181395e-003
    5.01653319e-003 2.23036669e-003 0. 2.92677544e-002 1.69873461e-002
    2.09312560e-003 1.57176331e-003 0. 0. -5.25261462e-003 0. 0. 0.
    2.74110083e-002 0. 0. 0. 0. -6.18472870e-004 1.93267013e-004
    -1.14266040e-004 6.36318466e-004 1.60003733e-003 0. -4.44984995e-003
    5.16811945e-003 9.85319959e-004 0. -1.47929793e-004 5.43205068e-003
    0. 4.75591235e-003 0. 8.07446428e-003 5.51536912e-003 0. 0.
    2.21797987e-003 0. 0. 3.24969040e-003 0. 6.70407619e-003
    4.46674367e-003 0. 1.35344388e-002 0. 0. 0. 0. -9.22365300e-003 0.
    0. 1.61138678e-003 2.04221159e-002 1.08413231e-002 5.80973458e-003
    0. 1.28467903e-002 0. 0. 3.38271121e-003 0. 0. -3.30686150e-003 0.
    0. 0. 0. 0. 0. -1.91607524e-003 0. 0. 2.01451452e-003
    1.80572271e-003 0. -6.46797521e-003 0. 0. 0. 1.82207823e-002 0. 0.
    0. 0. 0. 0. 0. 0. 0. 0. 0. 0. 0. 2.61712424e-003 0. -4.85279190e-004
    0. 0. 0. 1.83404656e-003 1.75369941e-002 1.93829043e-003
    2.10129167e-003 -1.33181585e-003 -4.19186908e-005 0. 0.
    7.13274255e-003 2.67322711e-003 3.06188990e-003 0. 1.32900532e-002
    5.92012191e-004 0. 0. 3.68860806e-003 0. 0. 0. -2.29483936e-003 0.
    1.04012005e-002 0. -3.07382341e-003 8.29698984e-004 0. 0. 0. 0.
    4.80323005e-003 0. 0. 0. 5.56016155e-003 3.06492159e-003 0.
    2.30589276e-003 0. 0. 2.34373123e-003 1.57454540e-003
    9.14633553e-003 2.02657632e-003 8.05701129e-003 0. 0. 0.
    1.17699457e-002 3.43375723e-003 9.14055621e-004 1.54904393e-003 0.
    1.50556332e-002 0. -2.59454572e-003 7.29303434e-003 0.
    -2.21590209e-003 2.19252915e-003 5.67714509e-004 8.71258555e-004
    5.13418810e-003 4.66653932e-004 0. 0. 0. 7.51748029e-003
    -4.71503334e-003 -1.83569186e-003 0. 3.73071874e-003
    -1.31246436e-003 -1.60181487e-003 1.01515977e-002 4.45781788e-003 0.
    0. 0. 4.09328099e-003 1.71913486e-002 0. 8.13825335e-003
    1.26241585e-002 -3.00726679e-004 0. 0. 0. 0. 0. 0. 3.68275284e-003
    4.94495453e-003 0. 0. 9.16858262e-004 0. 4.99021169e-003 0.
    1.46110822e-003 6.18991628e-003 7.73256691e-003 0. -4.08926513e-003
    0. -4.88012424e-003 0. 0. 0. 0. 4.79163078e-004 0. -2.15021311e-003
    -6.85316802e-004 7.31253624e-003 1.02613606e-002 1.55946622e-002
    2.92825350e-003 8.80951411e-004 2.24427739e-003 5.19513665e-003
    -3.00459471e-003 -1.40825671e-003 1.60851283e-003 0. 1.56937318e-003
    0. 1.58730336e-003 0. 1.66018819e-003 0. 5.73118404e-003
    6.96299039e-003 1.27089461e-002 0. 0. 1.01243136e-002 0. 0. 0.
    2.31651426e-003 0. 0. 2.49385647e-003 0. 2.96505867e-003 0.
    -1.22404611e-003 0. 5.09174960e-003 4.20900201e-003 0. 0.
    4.60487697e-003 9.51993454e-004 0. -8.77864368e-005 4.89060720e-003
    4.54972312e-003 0. 5.49130328e-003 2.00329325e-003 0. 0. 0. 0. 0. 0.
    0. 1.16720079e-002 0. 8.58418550e-003 1.08862747e-004
    1.57940353e-003 0. 0. 0. 0. 9.63706640e-004 0. 3.74823250e-003 0.
    -6.06935530e-004 -2.67531746e-003 0. 8.74550827e-003 2.43909098e-003
    0. 0. 0. 0. 0. 4.04475402e-004 0. 0. 5.12610702e-003 1.67331763e-003
    0. 0. -1.41855527e-003 2.52626208e-003 7.55268242e-003
    1.93984364e-003 2.87889410e-003 1.09761069e-002 2.83438992e-003
    6.60135970e-003 6.65738713e-003 0. 0. 0. 3.62571771e-003 0. 0. 0. 0.
    5.94108738e-003 0. 0. 1.59089128e-003 5.04223350e-003
    8.00905004e-003 0. 1.96405617e-003 -1.32019015e-003 3.76503263e-003
    0. 0. 4.30462277e-003 2.47414061e-003 0. 2.03893203e-002 0. 0. 0. 0.
    9.27367806e-003 2.70991959e-003 0. 0. -2.07341043e-003 0.
    -1.01577293e-003 0. 3.52826668e-003 0. 3.60252126e-003
    1.51803344e-002 7.81835639e-004 5.98345604e-003 6.37251465e-003 0.
    0. 6.17744913e-003 0. 0. 0. 1.06198853e-002 3.30239814e-003 0. 0. 0.
    0. 9.21812549e-004 0. 1.24576567e-002 1.31529914e-002
    1.25603387e-002 0. 0. 0. 0. -1.34261535e-003 0. 1.11837843e-002 0.
    -1.26724102e-004 0. 0. 1.91162305e-003 2.03320873e-003 0.
    2.86683004e-004 0. 5.33859897e-003 -6.97670272e-004 -1.39724172e-003
    1.34570971e-002 7.53238681e-004 0. 3.77412234e-003 6.28726848e-004
    -1.30950927e-003 0. -1.11956317e-004 2.09756684e-003 0. 0. 0. 0.
    3.87070747e-003 -6.44412183e-004 0. 1.12018101e-002 0. 0. 0. 0.
    1.62905417e-002 1.28650363e-003 1.02346123e-004 0. 1.93230156e-003
    -7.08992084e-005 1.33816001e-003 0. 0. 0.</data></imageDescriptor>
</opencv_storage>
