<?xml version="1.0"?>
<opencv_storage>
<imageDescriptor type_id="opencv-matrix">
  <rows>1</rows>
  <cols>500</cols>
  <dt>f</dt>
  <data>
    1.41070748e-003 9.97424778e-003 1.98478205e-003 1.54229521e-003
    -1.96617373e-004 -2.56431049e-005 0. 4.35867085e-004 3.60713527e-003
    1.07706990e-003 4.48082061e-003 6.44503487e-003 9.53994808e-004
    4.46857838e-003 5.71535609e-004 2.45590438e-003 0. 2.03397428e-003
    6.96180272e-004 3.35771171e-003 1.83344283e-003 0. 5.49114775e-004
    2.36220937e-003 5.34587167e-003 3.81423975e-003 0. 0. 0.
    5.08695282e-003 1.00681381e-002 1.09272369e-003 6.90067047e-003
    -7.34172063e-004 7.26673240e-003 0. 0. 3.60323931e-003 0.
    3.12869716e-003 4.18138225e-004 -5.98281680e-004 2.93848291e-003
    1.10394356e-003 3.38378875e-003 6.89312909e-003 -4.64008102e-004
    6.49739930e-004 1.36366487e-003 1.87808799e-003 -8.32003250e-004
    8.62219371e-004 1.09428004e-003 0. 1.29045511e-003 1.79721357e-003
    1.37602212e-003 7.04442756e-003 2.94965599e-003 1.92862155e-003
    5.84212551e-003 5.76154888e-003 1.13171781e-003 0. -1.18085911e-004
    1.43531454e-003 5.21066412e-003 2.46823556e-003 2.43915129e-003
    4.50563338e-003 2.44728266e-003 9.59323836e-004 4.26375633e-003
    1.48852554e-003 9.91651975e-003 2.58981739e-003 0. 5.44631202e-003
    7.90356472e-003 4.59734903e-004 -7.84879434e-004 1.07085682e-004
    2.06255354e-003 4.55907453e-003 -3.16221849e-004 5.65411383e-003
    5.98082552e-003 2.34318618e-003 7.84684205e-004 2.12193071e-003
    7.82163464e-004 -2.43886898e-004 1.64239388e-003 2.44974578e-003
    2.06981995e-003 5.37507643e-004 2.52923253e-003 8.42818641e-004
    3.38975294e-003 6.90208981e-004 9.80309211e-004 2.08168058e-003 0.
    1.75403792e-003 3.78127047e-003 9.06603294e-004 -4.02736041e-004
    2.36831116e-003 1.16345752e-003 4.55335900e-003 0. 6.33417908e-003
    0. 4.90711257e-003 0. 1.82537851e-003 3.87802720e-006
    -6.53873256e-004 1.18698680e-003 4.66472702e-003 6.31021176e-005
    -8.40127119e-004 -4.90165129e-003 8.28225806e-004 8.72980629e-004 0.
    0. 7.21863005e-004 6.26118993e-003 8.02214548e-004 2.97139562e-003
    0. 1.68240687e-003 2.98393657e-003 0. 0. 1.69401930e-003
    -9.74423834e-004 7.41894497e-003 2.14375043e-003 0. 0. 0. 0.
    5.26273623e-003 3.13016959e-003 0. 1.52685330e-003 0.
    6.05854765e-003 -2.61799106e-003 0. 2.36862432e-003 5.24001429e-003
    -7.45918718e-004 0. 2.08157091e-003 8.22181441e-003 2.44159298e-003
    6.96500880e-004 6.39956910e-004 2.60770018e-003 2.45891907e-003
    1.35749322e-003 2.59263557e-003 -8.51966033e-004 3.86064174e-003
    3.43636857e-005 1.88349548e-003 1.01227895e-003 0. 4.21016896e-003
    3.66416294e-003 1.29595661e-004 1.88367080e-003 3.84627818e-003 0.
    0. 7.49286730e-003 7.17379944e-003 1.08758535e-003 3.43626575e-003
    7.80989183e-004 0. 2.38652830e-003 0. 1.15051738e-003
    4.19105636e-003 2.19889591e-003 -1.05720805e-003 1.15276314e-003
    9.51633847e-004 3.79397999e-003 -8.28653108e-004 2.11204239e-003
    5.06561995e-003 8.77536426e-004 3.21256020e-003 0. 2.52338056e-003
    2.95736315e-003 3.03749624e-003 1.36658689e-003 1.53329759e-003
    4.44138236e-003 0. -6.19014958e-004 5.00358874e-003 0.
    9.57036018e-003 1.65762065e-003 3.85572133e-003 -4.95559420e-004
    3.42693483e-003 3.55781172e-003 4.72749956e-003 5.65954810e-003 0.
    1.44051283e-003 5.89564815e-003 0. -4.34978923e-004 4.31796128e-004
    0. 3.36826872e-003 1.29372929e-003 6.32500090e-003 0.
    -5.61594265e-004 0. 5.04047563e-003 5.23900380e-004 2.16489611e-003
    1.06115465e-003 6.12249225e-003 7.74651882e-004 3.83647834e-003 0.
    0. 7.41928176e-004 4.51203808e-003 1.53731927e-003 -6.59469515e-004
    -4.35558613e-004 5.90440759e-004 7.41356378e-003 1.56037894e-003
    6.48052606e-004 1.51426636e-003 2.18129694e-003 1.22511352e-003 0.
    3.86263384e-003 2.38694204e-003 3.69365909e-003 0. 1.95128075e-003
    1.74264133e-003 1.29520055e-003 1.72168319e-003 -9.89742839e-005
    2.89046206e-003 0. 2.23281537e-003 1.11739873e-003 -7.16507566e-005
    6.38776983e-004 5.19844354e-004 8.03052739e-004 0. 2.05244985e-003
    1.17967939e-002 6.99729368e-004 3.54378042e-003 1.29197456e-003
    1.66945625e-003 5.93336124e-004 2.60497932e-003 7.51883083e-004
    3.42353247e-003 5.57811756e-004 3.77589744e-003 4.40575415e-003
    5.07152763e-005 3.11523350e-003 1.81855203e-003 0. 0.
    2.11147033e-003 3.00067361e-003 0. 0. 2.09602388e-003
    2.80978251e-003 5.06716548e-003 -1.64608005e-003 4.85515641e-003
    3.11140274e-003 0. -1.33139356e-005 2.93323724e-003 1.01753080e-003
    4.84494667e-004 0. 3.47918016e-004 1.48222409e-003 1.33620892e-002
    4.62515093e-003 8.58068117e-004 0. 2.34241271e-003 4.42242192e-004
    0. 3.93343187e-004 0. 3.44352378e-003 0. 0. 0. 2.99487856e-005
    3.27527174e-003 2.58233421e-003 1.35572639e-003 0. 1.83124910e-003
    2.89438386e-003 2.06272211e-003 0. 0. 2.53329403e-003
    5.28488774e-003 2.91137211e-003 5.32877212e-003 1.87184790e-003
    4.43498418e-003 2.74243508e-003 0. 1.34318438e-003 0.
    2.68822629e-003 0. 1.90788810e-003 5.38041582e-003 2.70125311e-004
    2.68857623e-003 7.69774895e-004 5.01434784e-003 9.36080993e-004
    1.30145799e-003 3.51614365e-003 2.06747977e-003 0. 0.
    2.62720673e-003 8.52823909e-003 0. 4.45695315e-003 1.86883064e-003
    4.50590532e-003 6.93831965e-003 1.23613595e-003 2.68191379e-003
    2.79425923e-003 2.67802132e-003 2.15237821e-003 4.08094889e-003
    3.16001917e-003 4.65713721e-003 5.72783453e-003 1.01560878e-003
    2.33437563e-003 2.78537092e-003 1.76297873e-003 0. 0.
    2.78757350e-003 2.20693694e-003 0. 4.43182839e-003 6.74247090e-003
    7.23982594e-005 9.26760476e-005 3.15380690e-004 -4.27606254e-004
    4.34290385e-003 0. 1.24984817e-003 1.99693511e-003 2.67829560e-003
    4.03421652e-003 6.60322187e-003 0. 3.75321601e-003 -1.07105632e-004
    2.31753406e-003 2.62313802e-003 -3.30052717e-004 2.50322977e-004
    1.29697972e-003 1.03977090e-003 0. 4.04853700e-003 2.48900824e-003
    3.45060253e-003 1.92746904e-003 7.65604142e-004 1.35140168e-002
    -4.52476306e-005 0. 1.71333842e-003 2.97710998e-003 7.20536802e-004
    2.68013246e-004 2.81596673e-003 2.28767027e-003 5.85833704e-003
    5.50795393e-003 1.45605416e-003 -4.21244331e-004 6.38848217e-003
    -1.13426693e-004 1.49385189e-003 3.04050697e-003 2.02902686e-003
    7.65277888e-004 8.04097726e-005 4.71943087e-004 2.92282668e-003
    -9.10863397e-004 1.83972158e-003 1.11208600e-003 1.66176120e-003
    4.35767649e-003 0. 8.59019172e-004 1.33924390e-004 4.43917094e-003
    0. 1.89839033e-004 3.57484492e-003 4.36502887e-004 0.
    1.29010540e-003 2.95986189e-003 1.85492774e-003 2.42023525e-004
    1.23675470e-003 1.11052417e-003 1.99545152e-003 -1.43959827e-003 0.
    8.53427593e-003 2.21253349e-003 8.67736584e-004 3.85203050e-003
    5.42108016e-003 1.16958097e-003 2.36877962e-003 -1.77361863e-003
    3.98302125e-003 3.12963850e-003 0. 2.28347606e-003 1.57713331e-003
    2.33694469e-003 1.50037678e-002 5.02922805e-003 4.41257050e-003 0.
    3.28145362e-003 1.29342545e-003 0. 1.02293721e-004 -4.79597627e-004
    4.84211370e-003 -1.57166354e-003 1.17348938e-003 1.85357829e-004
    6.03020308e-004 1.32302556e-003 -4.65706486e-004 5.10930689e-003
    2.37716967e-003 0. 1.36689097e-003 7.31125183e-004 3.81578313e-004
    -3.17954728e-005 -1.62983360e-003 4.24590195e-003 4.74558532e-004
    2.16652895e-003 -1.72805379e-003 1.67943852e-003 1.15831813e-003
    1.75115326e-003 3.72326351e-003 3.17405001e-003 3.44348652e-003
    -1.08652830e-003</data></imageDescriptor>
</opencv_storage>
