<?xml version="1.0"?>
<opencv_storage>
<imageDescriptor type_id="opencv-matrix">
  <rows>1</rows>
  <cols>500</cols>
  <dt>f</dt>
  <data>
    0. 0. 2.88488320e-003 0. 7.55691063e-003 5.29146404e-004 0.
    7.43724685e-003 9.19440668e-003 1.44561904e-003 1.11540314e-002 0.
    3.43340542e-003 4.55404283e-004 0. 0. 1.73417304e-003
    1.52035588e-002 -3.01747839e-003 9.06825624e-003 7.19953515e-003
    6.00251777e-004 1.58609636e-003 -9.50855028e-005 0. 0.
    5.03013376e-003 0. 0. -8.75727332e-004 0. 5.06981742e-003
    2.44437275e-003 2.84868758e-003 0. 1.73107046e-003 2.61549954e-003
    0. 2.16062996e-003 0. 6.46384433e-003 2.25661881e-003
    3.25557962e-003 3.60991620e-003 0. 1.08623086e-002 -2.09149974e-003
    -1.22717884e-003 8.00359342e-003 2.94717541e-003 -7.90506601e-006
    5.63330716e-003 0. 2.35988852e-003 0. 4.85394942e-003
    1.54391711e-003 2.44872109e-003 0. 8.62518733e-004 1.54079339e-002
    -7.12504785e-004 3.06210859e-004 3.62264924e-003 2.71748099e-003
    -2.85511138e-003 0. 0. 9.93941445e-004 -7.49043364e-004 0. 0.
    1.55605339e-002 2.88672396e-003 5.78549807e-004 1.28838420e-003
    3.14536272e-003 1.36024563e-003 0. 0. 8.80469661e-003
    7.09331362e-003 0. 2.70153116e-003 8.04061256e-003 2.46916153e-003
    0. 3.56785161e-003 3.10335052e-003 0. 3.59915430e-003
    1.37477077e-003 -3.27812217e-004 2.36955308e-003 0. 2.78636089e-005
    -6.60012825e-004 1.52663048e-003 0. 1.58566609e-003 5.57179505e-004
    1.33123808e-003 6.49807230e-003 3.94741190e-004 -8.25896394e-004 0.
    1.86587684e-003 -3.86449712e-004 0. 1.91219151e-003 2.82352063e-004
    -1.74733752e-003 6.01096917e-003 0. 6.58620242e-003 1.79923605e-003
    0. 0. 3.49351880e-003 7.22452998e-004 -6.23502056e-005 0.
    -2.82386155e-003 3.71016818e-003 4.82071331e-003 0. 0.
    5.27370861e-003 1.12808740e-003 -2.89216958e-004 3.52740783e-004
    2.77963147e-004 3.42332851e-003 0. 0. 4.23586089e-003 0.
    4.89974720e-003 0. 9.06290777e-004 2.45525572e-003 1.70493417e-003
    0. 0. 6.20846078e-003 1.60937593e-003 -9.53960480e-005
    2.32617231e-003 0. 2.81449710e-003 5.08574412e-005 0.
    5.80076920e-003 0. 7.92971253e-003 0. 3.51232919e-003
    -2.29243748e-003 0. 7.03748828e-003 1.13801165e-002 -1.76778703e-003
    5.12493914e-003 4.46900306e-003 0. 0. 0. 0. 3.40368657e-004 0. 0.
    1.04742928e-003 3.19641759e-003 1.71938550e-003 3.42161045e-003
    1.58712571e-003 -3.85495066e-003 0. 8.27679993e-004 0.
    2.00425135e-003 1.92804879e-003 0. 0. 5.18440176e-003
    1.20397238e-003 5.93188626e-004 7.76756043e-003 7.65516539e-004 0.
    2.32084654e-003 6.49675960e-004 1.36122312e-002 -6.87507098e-004
    -9.39261226e-004 5.53110987e-003 3.06567363e-003 0. 8.54660058e-004
    1.34486041e-003 9.86698898e-004 2.85670767e-003 0. 1.17196282e-003
    0. -3.80389654e-004 1.58929953e-003 8.75243917e-003 -4.56304188e-005
    4.45665792e-003 -3.80484806e-003 2.87156290e-004 3.35588888e-003
    -3.05772061e-004 3.86202871e-003 0. 0. 2.21651653e-003
    2.20129942e-003 -1.49128214e-003 0. 3.46201239e-003 7.79595808e-004
    1.59695628e-003 4.20034723e-003 1.16479292e-003 0. 0.
    4.96559590e-003 2.15883041e-003 4.50619869e-003 1.18122548e-002
    1.45351153e-003 1.88754566e-004 4.56525199e-003 3.50219710e-003
    3.89671442e-003 2.10297736e-003 7.92611577e-003 0. 1.40147086e-003
    -2.70543271e-003 0. 1.02154044e-002 5.81525406e-003 1.38314636e-002
    0. 0. 0. 1.55743759e-003 1.60411454e-003 0. 1.89358590e-003
    1.40667055e-002 2.80702813e-003 0. -1.04315067e-003 0.
    1.24893675e-003 0. 6.71018939e-003 5.48710697e-004 2.47986265e-003
    2.43353075e-003 3.68597568e-004 2.77746539e-003 1.23697356e-003 0.
    5.07530011e-003 0. 2.17577093e-003 9.61756799e-003 4.13227314e-003
    1.55227003e-003 6.39573392e-003 2.79420172e-003 0. -3.54692311e-004
    8.62336345e-003 2.27564201e-003 9.21843946e-003 9.82471975e-004
    -7.86501158e-004 3.73224355e-003 0. 8.80707870e-004 2.61113653e-003
    7.86368095e-004 7.97663699e-004 0. 1.79476873e-003 2.76591373e-003
    0. 0. 0. -1.51186471e-003 2.07232637e-003 2.55621766e-004
    1.32019608e-003 6.19944790e-003 7.47149903e-003 0. 7.40684755e-003
    -1.11175654e-003 6.72740571e-004 -1.00497750e-003 0. 0.
    1.04092271e-003 3.01591214e-003 -1.76417921e-003 0. 1.53226564e-002
    4.89289546e-003 -1.00384284e-004 2.12977710e-003 1.31301209e-003
    8.06890707e-003 3.98723595e-003 0. 2.78932787e-003 2.52239872e-003
    0. 3.17070819e-003 0. 1.67365232e-003 0. 4.33260435e-003
    3.42409383e-003 0. 4.34598234e-003 0. 2.21122266e-003
    2.84449477e-003 2.50072521e-003 0. 0. 0. 0. 1.74717081e-003
    8.33209837e-004 5.80512872e-003 2.20857095e-003 6.56521227e-003 0.
    0. 4.54219989e-003 4.35058540e-003 0. -6.09393115e-004
    -1.90196279e-003 0. 1.44501077e-003 2.69471295e-003 -7.41266995e-004
    7.32710934e-004 0. 1.37471512e-003 0. 6.11868734e-003
    3.56894149e-003 2.48196279e-003 -7.81063107e-004 1.45150814e-003
    2.82979454e-003 0. -3.66099586e-004 -2.35095248e-003 9.34771914e-003
    2.82056094e-003 4.77159396e-003 1.06572499e-002 4.50122490e-004
    1.77975546e-003 0. 0. 1.98335424e-002 0. 5.81187487e-004
    6.36440818e-004 4.26926976e-003 0. 8.82138615e-004 2.40785396e-003
    -5.89893200e-004 2.32125953e-004 6.90155244e-003 1.70160190e-003
    -1.55951816e-003 1.87715795e-003 6.56579295e-003 0. 5.38051175e-003
    6.89382944e-003 2.05047987e-003 0. 3.96584533e-003 0. 0. 0.
    5.99591178e-004 0. 2.58505694e-003 2.95634754e-003 0.
    -1.44542288e-003 0. 0. 0. 0. 0. 0. -5.52741624e-003 0.
    4.57126694e-003 6.59339083e-003 1.91700878e-003 0. 1.70709111e-003
    0. 0. 3.78191913e-003 2.72583240e-003 0. 7.03054108e-003
    1.50074542e-003 6.49492862e-003 0. 6.69777533e-003 1.04091018e-002
    0. 0. -2.80627236e-003 0. -4.77090798e-004 1.37642224e-003 0.
    3.24255717e-003 -1.72143779e-003 8.24804476e-004 6.34456193e-003 0.
    0. 9.15548357e-004 1.00479601e-003 0. 1.01222061e-002
    -1.40239298e-003 7.50274863e-003 -7.13870453e-004 1.16622937e-003
    1.30439037e-002 2.09547448e-004 0. 0. 6.79733697e-004 0.
    3.72155220e-004 2.91628554e-003 0. 4.13905131e-003 3.89764813e-004
    3.12365359e-003 8.10670725e-004 0. -6.15220168e-004 0.
    3.64026963e-003 0. 3.48190544e-003 1.87913445e-003 0. 0. 0. 0. 0. 0.
    0. 4.21241857e-003 0. 1.55197643e-003 0. 0. 4.99908486e-003
    6.71949005e-003 1.53157837e-003 6.62420550e-003 6.55770884e-004
    5.01948921e-003 5.44380117e-003 0. 0. 2.15541339e-003 0.
    2.95395404e-003 2.69847224e-003 0. -1.41000934e-003 6.29491173e-004
    4.12027381e-004</data></imageDescriptor>
</opencv_storage>
