<?xml version="1.0"?>
<opencv_storage>
<imageDescriptor type_id="opencv-matrix">
  <rows>1</rows>
  <cols>500</cols>
  <dt>f</dt>
  <data>
    0. 4.66418313e-003 0. 3.58478189e-003 1.77612272e-003
    -4.85646771e-004 8.78393126e-004 0. 1.43861631e-003 6.63862377e-003
    6.65640691e-004 4.82401461e-004 3.50859528e-003 4.00506239e-003
    3.19053093e-003 0. 7.60355638e-003 0. 3.91275296e-003 0.
    7.76602235e-003 2.75034574e-003 0. 2.95536156e-004 3.45194107e-003
    2.72431737e-003 0. 1.86755380e-003 3.05399299e-003 3.70697305e-003
    0. 0. 0. 5.46873407e-003 9.72996745e-003 0. 1.67695805e-002
    3.96363530e-003 -2.44359579e-003 -3.53276450e-003 -3.73645395e-004
    1.02218231e-002 0. 9.80169978e-003 -2.75007309e-003 0.
    6.39895617e-004 0. 0. 2.61065923e-003 0. 6.54023793e-003 0.
    3.51459417e-003 3.84912430e-003 1.03352563e-002 0. 0.
    6.87405979e-003 -1.38371461e-003 -6.98458052e-006 0. 1.60817653e-002
    0. 0. 1.52173347e-003 0. 0. 7.87122117e-004 2.68951221e-003
    1.25556160e-003 3.57195688e-003 2.01199576e-003 0. 3.82893323e-003
    6.56000897e-003 7.55183632e-004 5.74478763e-004 3.64083773e-003
    5.41163515e-003 0. -1.15490309e-003 1.95365655e-003 3.11728357e-003
    0. 0. 0. 2.32652854e-003 5.20626549e-004 0. -1.03945634e-003 0.
    3.74912145e-003 7.51574524e-003 6.58960640e-003 0. 1.31884718e-003
    -9.50806483e-004 4.59989253e-003 -5.00455673e-004 3.46797542e-003 0.
    9.54522192e-003 1.14552313e-002 0. -5.96208905e-004 0. 0. 0.
    3.45970388e-003 1.28828629e-004 0. 0. 0. 0. 0. 2.30018981e-003 0.
    9.64231044e-003 7.23924721e-004 7.38521398e-004 4.22290061e-003 0.
    3.92726343e-003 1.00820012e-004 0. 0. 0. 3.24860960e-003
    -1.85308873e-003 -5.39349567e-004 0. 0. 0. 0. 0. 3.14063765e-003
    1.27743115e-003 0. 1.16734952e-003 4.36064461e-003 0.
    7.24769756e-003 0. 2.38976683e-002 -1.51008146e-003 1.01675640e-003
    0. 2.50971504e-003 3.76655930e-003 -6.70629379e-004 0. 0.
    7.10904074e-004 1.13181798e-002 0. -1.16700877e-003 0.
    3.23271775e-003 0. 2.91704293e-003 8.37003626e-003 6.77710632e-003
    0. 6.54017972e-003 0. 0. 6.26234571e-003 5.82784275e-003 0.
    1.95089914e-002 0. 1.49428882e-002 -1.78596587e-003 5.46899857e-004
    0. -1.54811729e-004 0. 1.16507355e-002 1.00813084e-003 0.
    3.64458025e-003 4.13518026e-003 6.91501889e-003 0. 5.30828442e-003
    0. 7.91720394e-003 6.32845610e-003 0. 0. -3.76943412e-004 0.
    2.13068979e-005 0. 9.04890709e-004 3.52562602e-005 3.87061248e-003
    0. 2.26320955e-003 6.64546294e-003 0. 0. -4.24338086e-003
    3.46547458e-003 0. -2.02061050e-003 0. 2.26420234e-003
    5.04216994e-004 0. -7.96445587e-004 0. -1.49108400e-003
    1.44042820e-003 -1.84727984e-003 1.00897171e-003 1.19271064e-002
    2.56418530e-003 -1.15970720e-003 0. -1.97031535e-003 0. 0.
    -1.65381981e-003 0. 3.52539960e-003 5.64649934e-003 0.
    4.19268152e-003 4.54580877e-003 7.49408640e-003 0. 4.10290016e-003
    0. 6.87069865e-003 3.96560086e-003 0. 0. 0. -7.88731151e-004
    6.45941414e-004 0. 1.42843947e-002 2.39999662e-003 1.25729560e-003
    -9.45395615e-004 0. 7.43087672e-004 1.20923687e-002 0.
    -3.89564520e-004 0. 0. 0. 7.39336247e-003 0. 8.26150831e-003
    3.00469948e-003 0. 0. -2.82829371e-003 5.60464989e-003
    -3.47417197e-003 4.57829610e-003 1.41178202e-002 3.75725026e-003
    2.06951960e-003 0. 3.75411916e-003 0. 2.14871950e-003 0. 0. 0. 0.
    5.05128829e-003 0. 6.27396256e-003 0. 0. 0. -2.37258704e-004 0.
    -8.88221606e-004 3.11442045e-003 4.31378139e-003 6.12569088e-003
    4.67034616e-003 -1.67978508e-003 0. 8.92648997e-004 -2.04638229e-003
    0. 3.69334314e-003 3.08849872e-003 8.87819938e-003 0.
    6.15153788e-003 0. 1.28410954e-003 5.76050428e-004 0.
    1.02801027e-003 0. 0. -1.94442854e-003 0. 0. 0. 6.94009336e-003 0.
    0. 0. 1.96880009e-003 1.06079206e-002 0. 0. 4.03471617e-003 0.
    5.96720679e-003 7.01778056e-003 0. 4.43223311e-004 0. 0.
    5.42552676e-003 4.05692123e-003 0. -1.66949525e-004 0. 0.
    6.20115781e-003 3.79180070e-004 -6.63475017e-004 0. -1.01788831e-003
    6.69854879e-003 0. 0. 0. -5.29794139e-004 2.36459961e-003
    2.10121833e-003 0. 0. 0. 8.93280783e-004 0. 0. 4.28171363e-003 0. 0.
    0. -9.02114087e-004 -1.46196061e-003 6.88895071e-003 8.31272826e-003
    0. 0. -1.10523973e-003 0. 0. 1.38946471e-003 0. 2.66570831e-003
    -2.18544668e-003 0. 0. 0. 3.93239781e-003 4.83548560e-004
    4.14178567e-003 2.27375748e-003 1.69130473e-003 7.28023984e-003 0.
    5.58930403e-003 0. 1.20509358e-003 5.02034789e-003 7.76529632e-005
    -1.26769446e-004 6.10825000e-003 0. 0. 0. 0. 3.73837957e-003
    6.52319752e-003 4.17120615e-003 0. 7.37185474e-004 2.64256936e-003
    0. 6.36421004e-003 5.10159926e-003 0. 2.06241035e-003 0.
    1.15165729e-002 7.30648683e-003 0. 8.47847317e-004 0.
    2.50748242e-003 0. -1.39327603e-003 0. 5.56118973e-003 0.
    1.61406712e-003 0. 0. 6.88389828e-003 9.93477297e-004 0.
    -8.83585948e-004 7.56522454e-003 2.13915925e-003 2.11488223e-003
    1.21401611e-003 3.14495759e-003 6.29758975e-003 1.36546297e-002 0.
    3.20666865e-003 2.27739126e-003 3.71867092e-003 0. 6.31288113e-003
    1.02699595e-003 0. 3.57989012e-003 3.55497538e-003 3.02813412e-003
    8.09504883e-004 1.14504166e-003 3.42193292e-003 2.17731320e-003
    9.81099904e-003 0. 0. 0. 2.39097932e-003 1.89885462e-003 0.
    7.12925941e-003 1.35660330e-002 0. 7.10122404e-004 -4.28666500e-003
    4.92641842e-003 0. 8.63602385e-003 -4.00390767e-004 0.
    1.73245405e-003 -9.43979248e-004 4.01702244e-003 -1.91580807e-003
    1.63309195e-003 0. -1.80919748e-003 0. -9.00971500e-005 0. 0.
    2.57288315e-003 1.72289542e-003 0. 5.65241976e-003 8.38111527e-003
    0. 3.35014571e-004 4.87617543e-003 2.04479578e-003 4.30471823e-003
    1.86352280e-003 0. 0. 1.96992676e-003 0. -1.41598796e-003 0.
    1.68496184e-003 0. 0. 2.35240906e-003 0. 2.10986036e-004
    -1.51552854e-003 1.04052043e-002 3.63016175e-003 1.96278631e-003
    -2.05883849e-003 6.17673900e-003 -2.80641858e-003 6.96849916e-003 0.</data></imageDescriptor>
</opencv_storage>
