<?xml version="1.0"?>
<opencv_storage>
<imageDescriptor type_id="opencv-matrix">
  <rows>1</rows>
  <cols>500</cols>
  <dt>f</dt>
  <data>
    0. 2.92306347e-003 0. 0. -2.81559862e-003 5.86706912e-003
    1.00741012e-003 1.55033241e-003 1.52650359e-003 0. 0.
    7.13902060e-003 0. 0. 0. -7.22316909e-004 0. 0. 0. 2.81408755e-003
    0. 7.35591538e-003 3.77132930e-003 -1.22351316e-003 6.16861274e-003
    1.61607172e-002 0. -3.80249787e-003 0. -1.04280945e-003 0. 0.
    3.11020645e-004 0. 8.64539109e-003 9.71954409e-003 5.89845469e-003
    0. 0. 1.60827755e-003 -5.62162430e-004 3.30826128e-003
    7.51459083e-005 0. 0. 0. 2.61369091e-003 1.84338782e-002 0.
    3.11261346e-003 8.21931940e-003 0. 0. 0. 0. 0. 0. 0.
    -3.01172398e-003 0. 0. 8.16878106e-004 4.24496736e-003 0. 0.
    1.45879399e-003 3.62700224e-003 1.00070471e-002 0. 3.25785507e-003
    5.57867996e-003 0. 0. 0. 0. 0. 0. 0. 0. 0. 0. 3.81633244e-003 0.
    6.20990200e-003 0. 9.70447809e-003 6.69865462e-004 7.99334235e-003
    0. 0. 0. 1.52288200e-002 0. 0. 0. 0. 0. 2.93041533e-003 0.
    8.19401257e-003 6.28927769e-003 5.32133644e-003 1.18567161e-002
    1.50730899e-002 0. 0. 4.50929673e-003 0. 3.83340707e-003 0. 0. 0. 0.
    0. 0. 5.39912982e-003 0. 2.71160179e-003 0. 6.58597192e-003 0. 0. 0.
    0. 8.37181136e-003 0. 7.16603361e-003 6.90655410e-003
    3.47615220e-003 3.23114218e-005 0. 1.23974755e-002 0. 0. 0.
    -2.95399828e-003 0. 0. 0. 1.79168209e-003 0. 0. 0. 0.
    1.01889307e-002 0. 3.30579886e-003 9.83390026e-003 0.
    2.61530257e-003 0. -1.52845925e-003 0. 0. 7.03496672e-003 0.
    1.03065220e-003 1.18860742e-002 0. 0. 0. 2.44806733e-006
    1.04870116e-002 9.84336995e-003 -3.72951763e-004 0. 0. 0. 0.
    -1.44593403e-004 8.16644635e-003 0. 0. 1.15571413e-002 0. 0.
    7.24727754e-003 0. 0. 0. 0. 5.05420053e-003 5.21302177e-003
    7.04140449e-003 1.79495662e-002 0. -8.60532280e-004 0.
    -1.98105443e-003 3.52101447e-003 1.22217704e-002 4.95424261e-003
    -2.84508395e-004 3.38505208e-003 0. 7.43871275e-003 3.18429270e-003
    3.39180301e-003 0. 2.75614485e-003 3.20221321e-003 0. 0. 0. 0. 0.
    -9.57298442e-004 7.47761515e-004 0. 7.65861850e-003 0.
    3.78135242e-003 4.11741482e-003 0. 2.43508280e-003 4.65180073e-003
    0. 7.67213642e-004 7.69650191e-003 0. 0. 0. 0. 1.67705193e-002 0. 0.
    2.34438587e-004 0. 0. -1.71355042e-003 -4.43252757e-005
    1.02305142e-002 0. 9.93915740e-003 0. 5.12233190e-003 0.
    -8.73547862e-004 6.27799332e-003 0. 4.02603624e-003 0. 0.
    3.60601372e-003 0. 0. 5.27613331e-003 2.96625099e-003 0. 0.
    -3.43680586e-004 1.20922492e-003 0. 1.19176386e-002 1.86989247e-003
    4.70518274e-003 0. 2.84762867e-003 -8.04655370e-004 0. 0. 0. 0.
    5.88395912e-003 0. 1.50746526e-003 0. 6.94090151e-004
    4.57334984e-003 7.17370494e-005 0. 6.46431756e-004 0.
    7.19941733e-003 0. 0. 0. 0. 9.58062895e-003 0. 1.73571298e-003 0. 0.
    7.10664224e-003 9.85069200e-003 6.26529800e-004 0. 0. 0.
    4.33172425e-003 0. 0. 1.07521340e-002 0. 0. 0. 0. 0. 1.56200922e-003
    0. -1.96996698e-005 -9.00468149e-004 4.24074987e-003 0. 0. 0.
    -6.44587417e-005 0. -2.50436878e-003 7.33212475e-003 0.
    2.98584602e-003 6.61825622e-003 5.18260058e-003 0. 0.
    1.40198646e-002 0. 0. 0. 3.03089782e-003 0. 3.17708054e-003
    6.05198275e-003 0. 2.89130374e-003 1.03020910e-002 0. 0.
    9.62717831e-003 0. 5.04186051e-003 -2.04893411e-003 3.55429109e-003
    0. 0. 2.64025293e-003 2.64168736e-002 0. 3.46787320e-003 0. 0.
    1.11004873e-003 0. 0. 0. 1.50076207e-002 0. 2.39818846e-003 0.
    -9.86779225e-004 0. 1.68236636e-003 0. -1.51034437e-005 0. 0. 0.
    6.12598192e-003 0. -8.97761551e-004 0. 1.16277581e-004 0. 0.
    4.49260091e-003 1.34400954e-003 1.11890025e-002 0. 0.
    2.60618981e-003 0. 0. 0. 0. 0. 3.60314734e-003 0. 5.32243913e-003 0.
    3.10208695e-003 0. 1.05814170e-002 -2.56386842e-003 0. 0. 0. 0. 0.
    5.51656028e-003 3.25047970e-003 0. 4.23764531e-003 0. 0.
    2.73344060e-003 1.34954900e-002 0. -1.61710137e-003 7.14311493e-004
    0. -7.93033279e-003 -4.71660495e-003 0. 4.60690306e-003 0. 0. 0.
    3.13059287e-003 0. -4.61827876e-004 0. 8.90007708e-003 0. 0.
    -9.65127663e-004 0. 0. 0. 0. 0. 0. 0. 0. 5.70936734e-003 0.
    9.17400233e-003 0. -1.93743291e-003 -2.38045686e-006 0.
    -1.79614371e-003 0. 4.05642344e-003 8.93424917e-003 5.26641030e-003
    -8.84722031e-005 0. 0. 0. 6.48705196e-003 3.16960900e-003
    1.51346810e-002 0. 0. 1.48243399e-003 0. 6.34467322e-003
    3.38491541e-003 0. 0. 0. 0. 0. 5.85628208e-003 0. 0. 8.23074777e-004
    0. 0. 6.95334515e-003 4.39825747e-003 1.40411928e-002 0.
    6.98992889e-003 0. 3.59623600e-003 5.48313977e-003 0.
    4.90418961e-003 3.51818372e-003 8.76446068e-003 4.31781402e-003
    7.22514698e-003 0. -3.35775246e-003 0. 0. 0. 0. 1.79821497e-003 0.
    0. 6.17474830e-003 5.10680536e-003 -2.35305191e-003 0.
    -2.30143289e-003 0. 0. 0. 0. 0. -6.83938095e-004 2.18707393e-003
    1.55195093e-003 0. 0. 0. 8.39504972e-003</data></imageDescriptor>
</opencv_storage>
