<?xml version="1.0"?>
<opencv_storage>
<imageDescriptor type_id="opencv-matrix">
  <rows>1</rows>
  <cols>500</cols>
  <dt>f</dt>
  <data>
    1.83643575e-003 3.88128264e-003 4.96476609e-003 9.03406180e-004
    2.85070203e-003 3.47721600e-003 5.76955685e-003 4.80229472e-004
    -2.69511802e-004 6.31173002e-003 9.13345779e-004 2.47244164e-003
    1.93793373e-003 8.74008401e-004 1.22031895e-003 5.26437815e-003
    6.69381407e-004 6.64549181e-003 4.22839122e-003 4.09528788e-004
    3.80485691e-003 4.08548675e-003 -9.55466239e-004 5.19680930e-003 0.
    2.97844817e-004 0. 0. 0. 0. 0. 1.60514843e-003 -4.05185885e-004
    1.06023671e-003 8.27327895e-004 1.01817376e-003 0. 0.
    2.84391362e-003 7.25165766e-004 6.63722586e-003 7.03851134e-003 0.
    1.05698896e-003 5.16349124e-003 3.07286205e-003 0. 0.
    1.06466433e-003 1.23947777e-003 3.38641950e-003 6.58430625e-003
    6.20080298e-003 8.40595178e-003 7.45055405e-003 7.75492098e-003 0.
    3.65296984e-003 -1.22138916e-003 1.39830937e-003 0. 1.61026698e-003
    7.98741472e-004 5.34514757e-003 1.57302408e-003 0. 0.
    2.14540880e-004 0. 1.01719843e-003 1.04091875e-003 2.36792327e-003
    4.44280775e-003 2.62616342e-003 1.57673378e-003 1.09886902e-003
    1.22341944e-003 0. -1.86282268e-004 4.14744718e-003 4.01322730e-003
    8.43604468e-003 1.44779461e-003 9.87141859e-004 7.06400303e-003
    3.68870562e-003 1.71576091e-003 -1.47764396e-003 0. 0.
    8.44639901e-004 -2.14773550e-004 1.97836827e-003 5.37024718e-003
    -1.39397423e-004 8.93167628e-004 1.80349755e-003 8.27734731e-003 0.
    2.86215590e-003 1.09989499e-003 3.94114386e-003 1.83566345e-003
    6.78010751e-003 -1.93744963e-005 8.22764914e-003 2.83663534e-003
    1.88307685e-003 8.14652187e-004 2.35582888e-003 2.43285089e-003 0.
    6.83138520e-003 -1.08550314e-003 6.74455485e-004 2.40010256e-003
    -1.48881751e-004 3.70859378e-003 3.95406131e-003 2.14143354e-003
    4.60158056e-003 3.86226526e-003 0. 3.93272331e-003 5.95213939e-003
    -2.04197568e-004 0. 0. 0. 1.60107389e-004 0. 1.05409604e-003
    1.54837000e-003 3.15226847e-003 1.74560049e-003 0. 1.12885633e-003
    7.71676190e-003 1.41922769e-003 1.16862811e-003 2.40210816e-003 0.
    5.50209312e-004 5.08823665e-003 2.35931203e-003 3.46226362e-003
    1.18472183e-003 2.18719291e-003 0. 2.35308241e-003 -2.63932208e-003
    3.55257536e-003 3.68719629e-004 7.22463417e-004 4.58876137e-003 0.
    4.57929214e-003 -9.89825348e-004 1.41755573e-003 0. 0. 0.
    7.64991716e-003 6.30751159e-003 1.94383203e-003 3.40510602e-003 0.
    -6.53248338e-004 0. 1.95376272e-003 -1.65778573e-003 0.
    7.16485141e-004 5.01128845e-003 2.88377795e-003 3.46555887e-003 0.
    0. 1.68579223e-003 0. 6.72896393e-004 3.33533832e-003
    3.23761348e-003 -8.60837317e-005 8.29762779e-003 3.93229537e-003
    1.38281879e-003 1.32915832e-003 0. 9.99567285e-003 0.
    1.94867584e-003 3.73474392e-003 2.02405325e-004 3.37732537e-003
    -2.49130953e-005 0. -1.17487703e-004 5.38302073e-003 2.71526072e-003
    1.00751186e-003 0. 4.26956045e-004 1.37419891e-004 0.
    1.13637350e-003 -1.66999875e-004 4.55404399e-004 2.31831148e-003 0.
    2.72540585e-003 -4.70810104e-004 0. 0. 1.45490689e-003
    -3.67627246e-004 3.39125487e-004 8.79048777e-004 3.94305261e-003
    5.75913396e-003 0. 1.82097405e-003 5.28446224e-004 0.
    5.42110531e-003 0. 8.31819663e-004 -7.12156645e-004 4.27572476e-003
    0. 9.73460439e-004 4.11482481e-003 0. 2.11185729e-003
    4.65086458e-004 7.62440590e-003 1.97278778e-003 3.50964801e-005
    -1.68814862e-004 2.30288855e-003 6.94493204e-003 2.69875838e-003
    2.51593650e-003 -1.01237383e-003 1.10392249e-003 1.20582636e-002 0.
    0. 0. 4.47112798e-005 3.58716422e-003 1.56735734e-003 0.
    6.77130045e-003 2.47939519e-004 2.86780135e-003 -1.08022173e-003
    1.05303302e-002 4.67138877e-003 0. 0. 0. 4.50266525e-003
    7.15758372e-003 3.20632971e-004 4.24434664e-003 1.36518795e-002 0.
    0. 0. -7.99372792e-005 9.19081620e-004 2.69414415e-003
    4.37921006e-003 2.67969095e-003 1.90108432e-004 0. 6.36257743e-003
    1.29933970e-003 1.80284400e-003 7.01797311e-004 -6.09153940e-004 0.
    5.15830063e-004 8.18932138e-004 9.45483334e-004 1.06120494e-003
    4.48513863e-004 7.20738375e-004 0. 1.02098216e-003 4.70324885e-004
    4.73967474e-003 0. 0. 1.55226490e-003 3.41932056e-003
    1.43938710e-003 1.44991989e-003 0. 1.72578485e-003 4.87973401e-003
    1.64551113e-003 5.48478216e-003 3.55396117e-003 6.55176991e-004
    2.84777442e-003 3.94289615e-003 2.76286970e-003 5.32619841e-003 0.
    4.83009592e-003 1.10682379e-003 5.44513250e-003 5.54609299e-003
    4.70242044e-003 0. 0. 2.26498488e-003 1.26363221e-003 0.
    1.07122434e-003 9.50284023e-003 3.29310051e-003 3.21954559e-003
    2.69513763e-003 3.18418001e-003 -1.38889183e-003 1.42931880e-003
    4.19544568e-003 -1.54286053e-003 1.36519794e-003 2.08979053e-003
    1.30130316e-003 2.06411467e-003 8.87386152e-004 1.48265890e-003
    1.65651878e-003 1.55132409e-004 -4.13831840e-005 5.97792910e-004
    1.77655555e-003 2.33100588e-003 3.64601240e-003 1.04088429e-003 0.
    1.09551079e-003 0. 3.24462424e-003 1.26024522e-003 8.94179975e-004
    2.81037949e-003 1.20328332e-003 0. 9.02184285e-004 0.
    1.27696421e-003 6.13626617e-004 9.61512700e-003 3.32541461e-003
    5.44754649e-003 0. 1.82943081e-003 1.68289384e-003 0.
    2.81035318e-003 0. -3.25239933e-004 1.56804465e-003 4.24534827e-003
    2.26150686e-003 1.30711135e-003 1.07311853e-003 0. 4.00926918e-003
    0. 2.19767494e-003 0. 1.79263880e-003 1.84469426e-003
    2.44225329e-003 0. 1.77889713e-003 1.36933487e-003 0.
    5.69880847e-003 4.48952051e-005 -9.89663415e-004 -1.16075086e-003
    6.67133543e-004 4.53747855e-003 1.03726285e-003 1.10826753e-002
    3.90627480e-004 2.29464169e-003 2.60791252e-003 5.13990584e-004
    2.27642502e-003 3.16843949e-003 2.05290760e-003 0. 3.80935002e-004
    -9.13236290e-004 -5.21368755e-004 1.01221187e-004 6.00777334e-003 0.
    1.01760216e-003 1.52515911e-003 1.29958591e-003 0. 0.
    7.00883521e-003 1.21408782e-003 0. 0. 3.81484791e-003
    1.97214400e-003 0. 2.47366005e-003 0. 1.57019706e-003
    5.53061254e-003 4.54472098e-003 7.06837513e-004 -7.42425545e-005
    6.79470226e-003 8.92794132e-003 0. 4.34176996e-003 2.43186695e-003
    2.08949600e-003 4.80366684e-003 0. -5.24791540e-004 2.40307488e-003
    1.70822013e-002 9.69549699e-004 2.16622814e-003 9.24765971e-003
    2.32252246e-003 3.84419388e-003 0. 0. 1.33163948e-003
    4.40460024e-003 5.43503811e-005 4.35461407e-004 0. 0.
    4.52738779e-004 0. 3.60929547e-003 0. 9.51638853e-004
    1.46072893e-003 1.59943919e-003 7.30151217e-003 0. 8.76230712e-004
    0. 4.05363925e-003 7.92633160e-004 6.15935680e-003 0.
    -1.55905681e-003 5.05687995e-003 2.78487592e-003 2.61904136e-003
    2.35519116e-003 1.52781606e-003 0. 5.12602227e-003 1.05465320e-003
    1.99974491e-003 6.50091097e-003 6.71450805e-004 0. 6.21894957e-004
    6.46344095e-004 3.27969645e-003 2.94117117e-003 3.11613362e-003 0.
    1.04339424e-005 2.27413629e-003 1.84422266e-003 3.69108573e-004
    3.45268706e-003 2.98481900e-004 0. 1.43574143e-003 2.90842983e-003
    0. 0. 0. 1.30615453e-003 3.97216249e-003 4.77305474e-003
    3.86695727e-003</data></imageDescriptor>
</opencv_storage>
