<?xml version="1.0"?>
<opencv_storage>
<imageDescriptor type_id="opencv-matrix">
  <rows>1</rows>
  <cols>500</cols>
  <dt>f</dt>
  <data>
    0. 1.83508378e-002 1.02005703e-002 2.19037617e-003 0.
    1.50170550e-003 2.65351799e-003 9.14237741e-003 1.35135488e-003
    5.29103680e-004 0. 0. 4.68891143e-004 -2.40632729e-003
    3.06023355e-003 4.33412875e-004 4.11280431e-003 9.63836443e-003
    -4.91503160e-004 -2.89652031e-003 1.21145956e-002 1.31983147e-003
    2.41066632e-003 1.28557766e-003 1.31883635e-003 0. 2.71085999e-003
    1.53173937e-003 1.52702397e-002 -2.75592064e-003 8.09338689e-003
    1.87229423e-003 1.28705637e-003 4.79974551e-003 0. 0.
    4.07446874e-003 0. 0. 4.42153728e-003 3.13277310e-003
    6.01102551e-003 1.30922080e-003 5.80787007e-003 3.44201131e-003
    1.02941389e-003 0. 0. 2.46764254e-003 2.41047516e-003
    -2.49687978e-003 2.27853842e-003 0. -9.00471874e-004 1.37844437e-003
    2.67128972e-003 8.10977537e-003 0. 4.04752558e-003 0. 0.
    -1.14979566e-005 4.00344282e-003 5.77101531e-003 5.56111308e-006
    1.28919724e-003 0. 6.34536846e-004 1.83231954e-003 1.85182039e-003
    1.75663270e-003 5.99427754e-003 0. 1.31751494e-002 0.
    1.49090774e-003 1.90387294e-003 0. 4.65165125e-004 0.
    -5.86569193e-004 -2.40214774e-003 -2.16990247e-005 0.
    -4.95990040e-004 2.74987216e-003 3.76868807e-003 -1.61600136e-003
    4.64880001e-003 2.65384093e-003 0. 0. 0. 1.21005974e-003 0.
    2.86783464e-003 4.50625038e-003 5.15907630e-003 1.49925915e-003 0.
    8.14088341e-003 1.97727373e-003 8.18325114e-003 7.18235783e-003
    3.33836768e-003 0. -4.94997483e-004 6.14562538e-004 0. 0.
    7.37950346e-003 0. 0. 4.94583836e-003 5.43507747e-004 0.
    6.10782253e-003 0. 5.73768513e-003 0. 2.78147729e-003 0.
    -4.66346042e-003 7.05707120e-003 -5.55340230e-005 6.68060617e-004
    3.31074419e-003 0. 0. -4.66245729e-005 0. 1.99903897e-003
    4.03126283e-003 -2.55550229e-004 0. 4.97151539e-003 -1.08181885e-004
    5.15270559e-003 0. 0. 0. 0. 1.32634817e-003 1.38007675e-003
    1.17096142e-003 2.59617530e-003 1.28407578e-003 4.13673231e-003 0.
    3.58297280e-003 2.32800073e-003 0. 0. 0. 0. 0. 0. 3.68828536e-003
    1.56128616e-003 0. 0. 2.29084297e-004 1.54376682e-003 0.
    2.90175388e-003 1.27917249e-003 0. 3.16967792e-003 4.24096687e-003
    0. 1.46210543e-003 9.57383029e-003 2.72285799e-003 1.44492704e-002
    -3.34219716e-004 0. 3.00321053e-003 0. 0. 0. 7.14430644e-004
    -1.40669604e-003 4.89464076e-003 4.18396806e-003 7.04014488e-003
    7.72423518e-004 2.34717829e-003 1.28675892e-003 1.23796018e-003
    4.01661405e-003 1.93128071e-003 9.96344909e-003 5.21844951e-003
    1.33549585e-003 1.36900620e-004 2.62642163e-003 2.46016332e-003 0.
    7.05590611e-003 0. 2.23506917e-003 4.69541381e-004 0.
    2.45907763e-003 -6.11236756e-005 -4.18564712e-004 1.65928602e-002
    4.98593645e-003 -1.89829618e-003 1.45311723e-003 0. 2.28470634e-003
    2.84691062e-003 1.41780137e-003 0. 3.20072111e-004 0.
    5.01690852e-003 9.08282935e-004 -5.73141826e-003 0. -2.43684743e-003
    0. -2.64207087e-003 0. -9.32602270e-004 5.82868978e-003
    2.23063282e-003 5.53490361e-003 2.51138379e-004 1.94467104e-003
    1.28683038e-002 0. -3.94264178e-004 8.60475644e-004 1.71391192e-004
    0. 5.02765924e-003 3.47455451e-003 8.43457598e-003 2.74357456e-003
    -3.62820877e-003 -5.39026747e-004 -4.07161860e-004 1.79833104e-003
    0. 4.94130400e-005 4.17675730e-003 -1.16742845e-003 3.92771512e-003
    8.02642852e-003 0. -5.57460589e-004 0. 7.29756197e-004
    1.76566443e-003 8.84511275e-004 9.14035272e-003 0. 1.35875389e-003
    1.78070134e-003 8.16003513e-003 5.13145747e-003 2.08424381e-003
    2.82599800e-003 0. 1.16400525e-003 0. 0. 8.15612543e-003
    1.48801995e-003 8.35519284e-004 -5.94831014e-004 0. 7.26910448e-003
    0. 0. 1.35071424e-003 4.76519577e-003 0. 4.35236236e-003
    6.43966161e-003 1.74312841e-003 3.49472882e-003 3.50979483e-003 0.
    4.71933139e-003 -2.09594634e-003 -2.84504116e-004 0. 7.99838081e-003
    6.57199940e-004 3.46076093e-003 1.70491869e-004 0. 0.
    2.83461460e-003 1.99024659e-003 -1.40148005e-003 -1.84252951e-003
    -6.41507271e-004 7.28078978e-003 4.65970777e-004 -1.14683382e-004
    3.92456306e-003 0. 3.16441664e-003 0. 0. 0. 0. 3.21840774e-003
    7.57939881e-003 8.65344482e-004 3.93629353e-003 1.23029388e-002 0.
    5.77128446e-003 5.97451674e-003 1.52565190e-003 3.34752747e-003 0.
    0. 6.75068179e-004 1.39539083e-003 0. 0. 1.29310100e-003 0. 0. 0. 0.
    2.95394263e-003 7.00540375e-003 -1.91468128e-003 6.13194378e-003
    1.31674344e-003 4.32438171e-003 2.79215141e-003 5.11960732e-003 0.
    3.05300415e-003 6.21199608e-004 7.01777032e-003 0. 0. 0. 0.
    8.14712257e-004 2.89406884e-003 1.93323020e-003 8.22146772e-004 0.
    1.30128860e-002 -1.90491695e-003 2.59837182e-003 1.84121542e-003
    -3.93711543e-003 2.31250958e-003 0. 8.23171064e-003 1.90307188e-003
    4.18041553e-003 3.88281653e-003 0. 0. 8.47738178e-004 0.
    -8.21097638e-004 0. 7.82205490e-004 -5.65544993e-004 5.34450868e-003
    0. 9.07654430e-006 3.32098175e-003 1.32792047e-003 3.24913929e-003
    2.16955296e-003 7.88980979e-004 5.67798084e-003 5.23198396e-003 0.
    -1.61497446e-003 8.83769430e-003 4.47704224e-003 3.15509574e-003
    3.03045055e-003 1.49336644e-003 9.16471123e-004 0. 2.41898233e-003
    1.49180717e-003 -1.84432103e-003 8.85963812e-003 0. 0.
    4.34985245e-003 1.86996523e-003 1.50559586e-003 -1.90589624e-003
    3.35399900e-003 1.26585236e-003 0. 0. 1.50482485e-003
    4.59005032e-003 0. 3.98767227e-003 -7.69543811e-004 0.
    3.25459661e-003 -1.06077190e-004 0. 8.49263091e-003 3.40152183e-003
    4.61987453e-003 -2.69914774e-004 5.41658001e-003 9.39316954e-003
    6.90696854e-003 8.97227135e-003 3.10145551e-003 1.56270180e-004 0.
    1.07854465e-003 5.06390212e-003 0. 0. 9.09056235e-003
    4.70346073e-003 1.50184873e-002 0. -1.30809160e-004 0.
    5.54504478e-003 0. 0. 4.99609392e-003 0. 1.99102960e-003
    -1.02182195e-004 0. 1.72476540e-003 2.83457711e-003 5.09290199e-004
    0. 1.91264087e-003 0. 4.40112455e-003 0. 5.21151582e-003
    2.35597370e-003 6.01231493e-003 0. 7.93052837e-003 1.76454036e-004
    1.16862392e-003 -4.58228227e-004 -2.56602559e-003 1.09652465e-003 0.
    2.64219195e-003 -2.58625689e-004 1.57378742e-003 1.02154783e-003
    1.29577909e-002 -1.21824758e-003 -1.72166969e-003 -1.18502416e-003
    2.85707274e-003 0. 2.12891772e-003 -6.70648355e-004 3.83286830e-003
    -1.49925787e-003 1.59810064e-003 1.11617392e-003 1.64110935e-003
    -6.99414080e-003 0. 6.27965108e-003 1.09658996e-003 0.
    2.74633849e-003 5.34394756e-004 0. 1.28169399e-004 0. 0. 0.
    9.72174690e-004 1.62103167e-003 0. 3.60229029e-003 4.55032568e-004
    4.31232416e-004 5.28283278e-003 4.22060397e-003 -9.77475895e-004</data></imageDescriptor>
</opencv_storage>
