<?xml version="1.0"?>
<opencv_storage>
<imageDescriptor type_id="opencv-matrix">
  <rows>1</rows>
  <cols>500</cols>
  <dt>f</dt>
  <data>
    7.85533746e-004 3.61843966e-003 3.42103210e-003 3.45118111e-003
    3.78658623e-003 3.37510905e-003 4.68555745e-003 0. -2.49902578e-003
    5.25397155e-003 1.56888133e-003 3.51406564e-003 0. 0.
    2.24816473e-003 0. 8.61850753e-003 3.37048504e-003 0. 0.
    1.95224141e-003 3.67303588e-003 -1.15313625e-004 3.15224938e-003 0.
    0. 5.85416274e-004 1.96292391e-003 4.67537902e-003 -1.14260428e-003
    1.46513421e-003 2.07383139e-003 0. 0. 0. 1.83951866e-003
    1.55199421e-004 0. 2.64124176e-003 1.76835374e-003 0.
    3.25370161e-003 1.10045522e-002 -2.21840339e-003 6.41738297e-004
    8.67644907e-004 0. 0. 0. 2.58301292e-003 3.07382015e-003
    1.39192134e-005 5.19036548e-003 0. 3.41185019e-003 0.
    2.99003557e-003 4.02567396e-003 0. -1.95202578e-004 4.92098881e-003
    4.74966830e-003 1.87836972e-003 8.17703316e-004 1.19436008e-003
    2.99913553e-003 0. -9.04126966e-004 0. 0. 1.89214188e-004
    1.19497092e-003 0. 1.35567775e-002 0. 0. 0. 0. 1.79339986e-004 0.
    8.16245936e-003 7.55584391e-004 0. 0. 1.37433903e-002
    -1.44267909e-003 2.96348613e-003 5.86758321e-003 0. 0.
    1.82162120e-003 3.73640633e-003 0. 1.12494966e-003 1.49227679e-003
    8.76673148e-004 3.29751172e-003 6.25622040e-003 4.73337481e-003
    6.66304538e-003 0. 7.11346650e-003 2.73183640e-003 3.41829797e-003
    1.33253692e-003 3.40474304e-003 0. 4.92829224e-003 2.70828442e-003
    0. 4.00536833e-003 0. 0. 9.03516891e-004 3.35191167e-003 0. 0.
    2.24513249e-004 0. 0. 2.45263963e-003 1.13710330e-003 0. 0.
    1.41446898e-003 0. 2.79318681e-003 3.80445999e-004 4.46913968e-004
    -1.16989540e-004 -2.06695666e-004 0. -3.02873831e-003
    -7.33326669e-005 0. 1.47479000e-002 0. 4.95521259e-003
    2.37531676e-005 4.68776654e-003 0. 2.29598349e-003 0. 0. 0.
    3.20548029e-003 0. 0. 0. 0. 7.33374432e-003 5.43835666e-003 0.
    3.53202363e-003 0. 0. 2.97943223e-003 1.62527882e-004
    -1.55603560e-003 0. 0. 0. 0. 0. 5.80845808e-004 5.54085616e-003
    7.32794870e-003 8.52561323e-004 8.89692921e-003 0. 6.01436337e-003
    2.14912072e-002 2.28102459e-003 4.57919063e-003 7.23573146e-004 0.
    8.11741315e-003 0. 0. 1.42951403e-003 0. 5.76474145e-003 0.
    -2.85713468e-004 1.10163912e-003 7.06536957e-006 5.98904095e-004
    5.73161989e-003 8.67120281e-004 4.13519610e-003 0. 3.81468283e-003
    1.69761304e-003 9.08156508e-004 2.61565298e-003 -1.09742174e-003
    -1.84049038e-003 5.75600541e-004 1.55022903e-003 5.74836181e-003
    7.13722734e-003 3.54290917e-003 1.21735025e-003 -2.54803803e-003 0.
    0. 6.84586633e-003 0. 1.90247095e-003 -9.98536125e-004 0.
    1.23579847e-003 1.90056826e-003 3.44335544e-003 0. 0. 0.
    2.08772253e-003 0. -3.94800649e-004 0. 1.49137911e-003
    5.66814002e-003 8.46939569e-004 5.51527017e-004 0. 3.63003951e-003
    0. -2.91134859e-003 0. -6.89873938e-004 3.18860589e-003
    1.09411112e-003 8.42926849e-004 2.38825916e-003 5.53169334e-003
    6.21573941e-004 -4.53016255e-004 3.85238673e-003 8.25911853e-003
    -1.14705304e-004 9.46488988e-004 -8.86587251e-004 1.10022984e-002
    6.49896218e-004 1.01557719e-002 0. 2.94490746e-004 8.31733458e-004
    -1.14696322e-003 3.22311395e-003 0. 1.22655544e-003 0.
    2.44256575e-003 0. 9.37208906e-003 1.83937373e-003 7.88213627e-004
    7.37702940e-004 9.61669255e-004 4.07549832e-003 -3.67613684e-004
    -3.76521668e-004 0. 0. 2.68775225e-003 0. 0. 9.14334378e-004
    7.35545624e-003 1.92355644e-003 3.01626325e-003 0. 8.71151593e-003
    0. 0. 2.08500051e-003 6.80260418e-004 0. 8.05191230e-003
    5.40454593e-003 2.59840651e-003 2.11636841e-004 4.98036854e-003 0.
    3.78634129e-003 2.98197381e-004 9.58570527e-005 1.74937572e-003
    4.37611714e-003 2.91876891e-003 1.06765787e-004 6.56786608e-003
    1.02265785e-003 7.55291025e-004 0. 4.70004423e-004 -3.42403800e-004
    3.99128068e-003 0. 4.24543349e-003 2.66880332e-003 1.71532971e-003
    7.60854105e-004 1.16856145e-002 0. 0. 3.92374932e-004
    -1.89374143e-003 0. -1.19029624e-004 0. 7.62579148e-004
    4.79545072e-003 -9.28750960e-004 0. 1.09587796e-002 3.01968912e-003
    0. 0. 6.02775346e-003 1.04949798e-003 7.11881835e-003
    6.51119696e-003 0. 0. 1.92448718e-003 -2.03258870e-003
    8.46349634e-004 0. 1.96932629e-003 0. 1.61358819e-003
    2.25799950e-003 0. 0. 0. 0. 0. 3.60356225e-003 0. 2.12583831e-003
    1.72153057e-006 2.80090119e-003 0. -8.58339597e-004 2.12146024e-005
    1.26052275e-003 0. 2.45567120e-004 0. 0. 2.93788835e-002 0.
    4.34419606e-003 3.71777453e-003 0. 0. 9.53726994e-004
    3.89663363e-003 0. 4.43179189e-004 0. 3.18291131e-003
    2.94183410e-004 0. 0. 1.66590244e-003 3.16364993e-003
    8.07885639e-003 4.18146839e-003 0. 2.46114493e-003 3.75836622e-003
    0. 0. 4.76283859e-003 4.59526153e-003 0. -2.39273370e-003
    2.74273544e-003 1.34051632e-004 -1.12054159e-003 -1.58522138e-003
    9.73446202e-003 2.47367192e-004 1.86932716e-003 4.37960541e-003 0.
    0. 0. 0. 7.18152523e-003 0. 1.93295593e-003 1.12884166e-003
    5.39084850e-003 2.00539757e-003 4.82930773e-004 7.21637392e-003 0.
    -2.61788629e-003 4.19862772e-005 6.34076947e-004 3.33944266e-003
    2.17104238e-003 6.20898150e-004 9.02815780e-004 1.20777567e-003
    3.83276748e-003 3.63038853e-003 0. 0. -7.94305291e-004
    7.08018255e-004 2.66835955e-003 0. 8.67012609e-003 0. 0.
    5.08840615e-003 9.66075901e-003 0. -4.90746170e-004 2.46047333e-004
    2.71237013e-003 8.50253645e-003 0. 8.16845428e-003 4.50033927e-003
    1.55567273e-003 3.83754564e-003 -7.41387834e-004 0. 2.68805283e-003
    3.52378213e-003 0. 1.06382649e-003 -1.70884444e-003 6.24914188e-003
    0. 0. 2.64389301e-003 0. 2.28104182e-005 0. 1.18214183e-003 0.
    2.46091988e-002 7.95195997e-003 0. 7.13992584e-003 1.44656876e-003
    -2.11633320e-004 5.46860415e-003 4.43287194e-003 -1.99192134e-003 0.
    1.12107955e-002 4.80830017e-003 5.42306714e-003 8.45927687e-004
    3.39611666e-003 6.64340239e-003 -3.14630015e-004 9.64616425e-003
    4.17884579e-003 1.85034209e-004 5.78642031e-003 4.03070264e-003 0.
    4.16039629e-003 1.59710646e-004 7.01269694e-003 3.42455739e-003
    6.18161168e-003 3.28842853e-003 0. -8.29830114e-003 1.81647984e-003
    3.87075637e-003 -3.21643056e-005 8.34990479e-003 8.31475423e-004
    8.21203808e-004 7.78743764e-004 0. 1.69667555e-003 0.
    3.40116047e-003 -1.46700337e-003 4.20717197e-003 0. 2.87488871e-003
    5.64095285e-003 4.69086319e-003 2.91509018e-003 9.21975588e-004 0.</data></imageDescriptor>
</opencv_storage>
