<?xml version="1.0"?>
<opencv_storage>
<imageDescriptor type_id="opencv-matrix">
  <rows>1</rows>
  <cols>500</cols>
  <dt>f</dt>
  <data>
    4.38493071e-003 -1.55274780e-003 3.62206926e-003 0. 5.82034281e-003
    0. 0. 0. -2.96487915e-003 -4.26044455e-003 0. 7.76549941e-003
    1.14270042e-004 1.45533457e-002 1.56132795e-003 1.84000842e-003
    2.02981289e-003 0. 0. 0. 0. 3.60999652e-003 0. 0. 6.17332663e-003 0.
    6.69579196e-004 0. 1.97130209e-003 1.06743937e-002 0. 0.
    3.36899445e-003 3.74746672e-003 4.10044333e-003 0. 1.72072183e-002
    0. 7.55666383e-003 4.28914139e-003 1.00356294e-003 2.52159708e-003
    0. 0. 2.81618326e-003 3.38449492e-003 0. 1.59439966e-002
    1.86450104e-003 3.27060116e-003 0. -4.30268794e-003 0. 0.
    5.01255225e-003 0. 8.90719704e-003 7.95459561e-003 7.68471323e-003
    3.69762024e-003 9.85852815e-003 0. 3.96099221e-003 5.30624064e-003
    -4.17001219e-003 0. 1.22166099e-003 2.10004649e-003 0.
    3.57440952e-003 3.98891559e-003 0. 1.00024939e-002 3.87849112e-004
    -6.46927569e-004 0. 0. 0. 1.40308766e-002 3.28315143e-003
    2.46976898e-003 2.38989703e-002 0. -1.50630029e-003 8.85963440e-003
    0. 0. 0. 4.98493609e-004 0. 1.19535448e-002 0. -1.31485320e-003
    1.00602079e-002 1.39892548e-002 -1.51604973e-003 7.69939553e-003 0.
    1.63295621e-003 0. -3.16766615e-004 0. 0. 1.88827270e-003
    3.52510158e-003 5.34790661e-003 0. 0. 0. -9.44859057e-004
    -2.71883444e-003 4.72590653e-003 0. 1.12603167e-002 0.
    2.95411242e-004 4.78693750e-003 0. 0. 5.30601665e-003 0. 0.
    4.24359983e-004 0. 0. 1.02602225e-003 0. 0. 4.12249193e-003 0.
    2.00610794e-003 2.53476365e-003 -2.11205543e-003 -1.80893007e-003 0.
    3.74249765e-003 -4.67539445e-004 6.87468890e-003 6.72547612e-003
    6.40765531e-004 0. 6.28831971e-004 4.34981612e-003 7.16306444e-004
    0. 3.26125021e-003 0. 0. 0. 8.74933088e-004 4.73634712e-003 0.
    1.29718822e-003 -1.70776318e-003 2.19036336e-003 1.72890653e-003
    5.97662851e-003 5.45968814e-003 8.67385790e-003 0. 8.93038046e-003
    0. 0. 0. 9.59662814e-003 3.99330677e-003 0. 0. 3.99394706e-003 0.
    -6.15927577e-003 0. 1.49097042e-002 4.37710714e-003 1.15027395e-003
    -1.65496441e-003 1.66238714e-002 0. 0. 2.39346549e-003
    -3.76750831e-003 0. 2.67076050e-003 0. 0. 2.63072876e-003
    7.69388117e-003 0. 0. 0. 1.30304438e-003 0. 5.90223819e-003
    1.39174005e-003 0. -2.01588566e-003 0. 0. 0. 0. 3.21490550e-003 0.
    0. 0. -3.71295784e-004 -2.09045340e-003 4.54817340e-003 0. 0. 0.
    3.99244856e-003 0. 1.59522716e-003 7.79480627e-003 8.81601311e-003
    0. 3.15876142e-003 1.87531894e-003 0. 6.30916841e-003
    1.04343956e-002 0. -4.86489502e-004 2.73173582e-003 0.
    5.36389276e-003 5.51248377e-004 3.80658894e-003 0. 1.24213099e-002
    0. 5.23856841e-003 0. -1.52712245e-003 0. -2.82431976e-003
    -9.60634439e-004 3.72092449e-003 0. 5.14877262e-003 0.
    -2.60629808e-004 1.14816467e-004 0. 3.48728197e-003 0. 0. 0.
    1.49233139e-003 -1.05437788e-003 1.10055357e-002 0. 0.
    1.88527908e-002 0. 0. 0. -1.59727794e-003 0. 0. 0. 4.94286139e-003
    4.84412955e-003 1.12709375e-002 0. 3.06883175e-003 1.79109164e-003
    5.48537588e-003 0. 5.56898536e-003 2.15100401e-004 3.28493807e-005
    -5.48977288e-004 2.32037273e-003 7.12606078e-003 3.17333988e-003
    1.47180362e-002 -1.36812532e-003 1.29851978e-003 0. 0.
    -1.50593685e-003 -3.30835674e-003 4.56712535e-003 0. 2.09705299e-003
    0. 0. 0. 0. 0. 6.12252392e-003 6.58489531e-003 1.07924407e-003
    4.28264169e-003 1.89363363e-003 0. 0. -5.63849043e-003
    3.27756559e-003 1.91785293e-004 2.49260396e-004 1.54016947e-003 0.
    -5.89452358e-003 0. 0. 5.15037449e-004 7.45364057e-004
    -6.59282436e-004 0. 0. 0. 0. 0. 0. 1.00772399e-002 2.98570609e-003
    0. 4.64406516e-003 0. 0. 0. 1.65933371e-003 -3.11651645e-004
    7.45853037e-003 0. 6.34132838e-003 0. 3.86200403e-003
    1.20055687e-003 1.22022228e-002 0. 1.51345450e-002 0.
    5.03762043e-004 0. 0. 0. 0. 0. 0. -1.73424475e-003 0. 0. 0.
    8.00816901e-003 0. 1.08336005e-002 1.55164092e-003 1.23392195e-002
    0. 0. -8.19157995e-003 8.60129856e-003 3.82804498e-003
    2.91941408e-003 -5.55242412e-004 3.41577479e-003 0. 0. 0. 0. 0.
    2.54209852e-003 2.80052633e-003 9.44715180e-003 3.35567980e-003
    -5.31144964e-004 -1.52942829e-003 1.37198274e-003 -1.22246239e-003
    0. 0. 3.23528470e-003 3.28144361e-003 0. 4.97153960e-003
    2.07084254e-003 6.95506204e-003 0. 3.92404676e-004 -1.08127890e-003
    1.36597063e-002 0. 1.28905836e-003 0. 0. -2.62654037e-003 0. 0.
    3.54886899e-004 0. 8.91850516e-003 3.91472084e-003 1.24019559e-003
    3.64430831e-003 1.73764990e-003 -5.11027314e-003 2.54229642e-003
    1.40969334e-002 0. 0. 2.22757831e-003 1.39896816e-004 0.
    1.14602763e-002 0. 0. 2.05833954e-003 0. 0. -1.64798147e-003
    1.14118634e-003 0. 0. 1.21705083e-003 3.09684034e-003 0.
    -1.05252641e-003 3.02904192e-003 0. 0. 1.58217438e-002
    6.73945621e-003 -4.03723476e-004 7.92272296e-003 1.77189219e-003 0.
    4.43271408e-003 0. 0. 1.10877194e-002 0. 1.58611292e-004
    5.54810371e-003 8.89933854e-003 0. 0. 0. 4.00364195e-004 0. 0. 0.
    9.70164328e-005 2.46103131e-003 1.02418743e-003 0. 0.
    1.40245501e-002 0. 3.23503162e-003 0. 0. 7.38568418e-003 0. 0.
    3.84557038e-003 0. 2.77443044e-003 -7.25253834e-004 3.88857024e-003
    0. 0. 0. 4.82885196e-004 -2.02477840e-003 1.22932740e-003 0.
    2.31900834e-003 0. 6.69500791e-004 0. 0. 8.23291764e-003
    3.17077781e-003 0. 0. 0. 0. 0. -1.57964299e-004 0. 0. 0.
    2.58168345e-003 3.29803629e-003 -4.52463893e-004 6.00435212e-003 0.
    0. 8.07107892e-003 5.79641294e-003 0. 0. 0. 8.66724411e-004 0. 0.
    2.09854404e-003</data></imageDescriptor>
</opencv_storage>
