<?xml version="1.0"?>
<opencv_storage>
<imageDescriptor type_id="opencv-matrix">
  <rows>1</rows>
  <cols>500</cols>
  <dt>f</dt>
  <data>
    0. 6.12729974e-003 0. 0. 0. 2.76607554e-003 0. 0. 0.
    -1.80441319e-004 0. 1.07340096e-002 0. 0. -1.23793056e-004
    5.84742753e-004 0. 0. 3.44417267e-003 1.49602874e-003 0.
    9.89587046e-004 2.98087276e-003 1.46462326e-003 3.61818471e-003 0.
    -5.10387530e-004 -1.15382893e-003 2.99734133e-003 5.06937096e-004 0.
    -5.67820243e-005 1.46566553e-003 -2.11770879e-003 4.16155951e-003
    3.13869212e-003 0. 0. 0. 4.37120302e-003 9.01158340e-003 0.
    3.10749537e-003 0. 0. 3.80936870e-003 1.71205793e-002
    9.05436557e-003 0. 1.67387794e-003 3.66884191e-003 8.71189579e-004
    0. 0. 2.13158317e-003 8.33859295e-003 3.85962427e-003
    2.51806644e-003 0. 6.54496020e-004 4.77220677e-003 1.00127207e-002
    0. 2.46780133e-003 0. 1.39452855e-003 0. 2.02912907e-003
    1.59163505e-003 -7.58932380e-004 8.53803009e-003 0. 2.96666939e-003
    3.07330233e-003 1.48991216e-002 5.59418136e-003 -7.49775092e-004 0.
    0. 6.41783094e-003 0. 0. 3.46300658e-006 0. 1.34113971e-002 0.
    3.92596563e-003 -2.21434655e-003 0. 0. 0. 2.87308916e-003 0.
    -7.21603166e-004 2.61630594e-005 7.63226941e-004 9.61394422e-003
    3.11695528e-003 0. 1.54119274e-002 0. 0. 0. -7.87822995e-004
    3.34815960e-003 0. 0. 1.62477943e-003 6.35975448e-004
    -2.95290112e-004 0. 4.22549993e-003 0. 2.49431352e-003 0.
    2.72963522e-003 0. 1.89341535e-003 4.82602185e-003 1.08528733e-002
    5.15598292e-003 0. -1.51187356e-003 0. 0. 4.76488611e-004
    2.85673072e-003 9.13841277e-003 0. 4.16610419e-004 0. 0. 0.
    1.26493461e-002 9.51813054e-005 5.69718715e-004 4.08919016e-003 0.
    -1.23768090e-003 0. 0. 0. 3.81113612e-003 1.45380367e-002
    1.39448391e-002 1.52854633e-003 1.58019748e-003 1.72266632e-003 0.
    3.66905960e-003 4.44256654e-003 1.13659212e-003 4.18608636e-003
    -1.08528649e-003 -8.89870455e-004 0. 0. 1.53305370e-003 0.
    5.89826098e-003 0. 0. 4.42340737e-003 5.30320127e-003
    2.14488804e-003 0. 3.77090252e-003 0. 7.21294666e-003
    3.22436285e-003 4.21140715e-003 0. 9.06806532e-003 1.78645528e-003
    -3.86654778e-004 6.15306292e-003 0. 0. 4.20326367e-003 0.
    5.29698422e-003 -1.07736571e-003 0. 1.13617734e-003 7.32017914e-003
    0. 4.02549980e-003 0. 3.35980905e-003 4.24488354e-003
    5.00280922e-003 0. 3.14660836e-003 2.09273957e-003 -7.94956170e-004
    -1.20881503e-003 0. 0. 5.41271968e-003 2.32612318e-003
    1.31578604e-003 2.63820915e-003 -4.00879653e-003 3.32176988e-003
    1.55229308e-003 -3.76026510e-005 8.02553317e-004 0. 6.53045624e-003
    6.19054481e-005 1.22829443e-002 0. -2.27254553e-004 3.35560716e-003
    2.65275082e-003 0. 0. 3.47395800e-003 1.32605212e-003
    -3.06921359e-003 0. 0. 1.11321162e-003 1.10565498e-002
    8.07838608e-003 2.99580069e-003 0. -2.33180705e-003 1.11359823e-002
    0. 5.63024636e-003 0. 0. 3.87297920e-003 0. 5.00743790e-003 0.
    -5.07814169e-004 8.14774167e-003 1.04709656e-003 6.31704577e-004 0.
    1.56947807e-003 6.55674655e-003 0. 0. 1.02229463e-003 0. 0. 0.
    7.83250481e-003 0. 0. 0. 0. 0. 0. 2.15595611e-003 9.79463104e-003 0.
    0. 0. 8.73530377e-003 8.89032707e-003 4.00134455e-003
    2.74380506e-003 0. 0. 0. 1.62649550e-003 0. 0. 1.97043968e-003
    4.75360779e-003 1.10810269e-002 0. -1.61214033e-003 2.56824982e-003
    2.73726485e-003 0. 3.06554278e-003 5.06395660e-003 7.30858083e-005
    0. 1.86667149e-003 0. 1.62088638e-003 0. -5.84878959e-004
    1.16957221e-004 0. 1.71183690e-003 0. 1.27483206e-003 0. 0. 0.
    1.09472894e-003 0. 1.20362092e-003 0. 2.92492937e-003 0.
    1.94245938e-003 1.34738372e-003 0. 1.12539539e-002 0.
    -1.90411729e-003 -7.07582221e-004 0. 2.84505106e-004 0.
    2.60894955e-003 0. 2.35069846e-003 6.58165882e-005 0. 0.
    -2.60337419e-003 0. 1.20747406e-002 1.81408378e-003 0. 0.
    4.46021836e-003 1.46503048e-003 3.37811979e-003 -6.34467462e-004
    1.68054756e-002 0. 1.67493639e-003 8.79353975e-005 0. 0.
    -9.29259579e-004 4.49442101e-004 6.43584505e-003 1.52570731e-003 0.
    2.31415106e-004 0. -9.26013454e-005 5.18472726e-003 2.69418117e-003
    6.32908195e-004 6.25831774e-004 5.72528830e-003 6.45373622e-003
    2.78540212e-003 0. 0. 0. 0. 2.24966765e-003 0. 0. 0. 7.68048083e-003
    3.46722174e-003 0. 1.78490102e-003 2.74211494e-003 2.69326102e-003
    3.87201039e-003 8.32709763e-003 2.81220127e-004 2.58610863e-003
    5.63062308e-003 0. 0. 0. 4.85230144e-003 0. 0. 0. 0. 5.98371867e-003
    0. -1.02963485e-003 1.57595389e-002 0. 0. -7.31549086e-003 0.
    1.25190616e-003 0. 0. 0. 5.55744953e-003 -8.74577090e-004 0.
    7.80142145e-004 1.67994970e-003 0. 2.27821001e-005 2.57673790e-003
    7.31325592e-004 5.01858490e-003 0. 7.15946837e-004 8.71620979e-003
    1.29583199e-003 0. 0. 0. 0. 0. 0. 0. 7.44952541e-003 1.37082422e-002
    3.46202007e-003 0. 3.76877305e-003 0. 1.10341553e-002 0.
    1.53084111e-004 0. 1.96078420e-003 2.21879664e-003 3.03825783e-003
    -5.96813275e-004 1.31805264e-003 0. -1.81306619e-003 0.
    1.82670564e-003 -2.20257533e-003 0. 0. 0. 3.98409925e-003
    2.70753470e-003 -3.41506791e-003 0. 0. 5.26897423e-003 0.
    3.87520122e-004 1.58130117e-002 0. 4.75437567e-003 0.
    1.79532415e-003 -1.52159552e-003 4.69431747e-003 0. 4.38757986e-003
    0. 9.01327934e-003 0. 0. 6.07302936e-004 -1.30817876e-003
    8.76286591e-004 0. 0. 3.08220391e-004 4.70382255e-003
    -9.91841196e-004 5.13042137e-003 0. 4.62236954e-003 9.29280650e-003
    8.05481430e-003 0. 2.80921254e-003 1.19381922e-003 9.81314387e-003
    -9.80003271e-004 0. 0. 0. 1.60835299e-003 5.80959953e-003 0.
    1.13609107e-002 -1.43893121e-003 1.62119616e-003 0. 0. 0.
    4.73587681e-003 3.74305737e-003 4.74713510e-003 0. 1.30144894e-004
    1.01147350e-002 0. 5.83230378e-003 0. 4.52145748e-003 0.
    8.62841308e-003 5.75537188e-003 -2.72364792e-004 4.89935372e-003 0.</data></imageDescriptor>
</opencv_storage>
