<?xml version="1.0"?>
<opencv_storage>
<imageDescriptor type_id="opencv-matrix">
  <rows>1</rows>
  <cols>500</cols>
  <dt>f</dt>
  <data>
    4.59090900e-003 5.77253103e-003 6.07060688e-003 0. 4.52428171e-003
    -6.19086204e-004 5.02664503e-003 4.87280311e-003 -1.73090630e-005 0.
    4.24375944e-003 0. 0. -2.05660937e-003 1.85703710e-002 0.
    5.16544981e-003 2.66102981e-002 1.01210352e-003 -8.21861788e-004
    8.37150868e-003 5.81736560e-004 -6.91319641e-004 0. 2.27018900e-004
    0. 2.59388401e-003 3.35944491e-003 7.27043813e-003 0.
    5.30221919e-003 1.02092873e-003 -5.64055610e-003 1.04986923e-003 0.
    0. 7.38659268e-003 0. 0. 0. 1.99159398e-003 1.05258496e-002 0.
    2.52364809e-003 -1.20148913e-003 4.98425402e-003 -4.48441692e-003
    1.75652874e-003 5.42095350e-003 8.42186250e-003 1.49811443e-003 0.
    0. 5.22152986e-004 4.41424083e-003 6.98949117e-003 3.98321165e-004
    3.72741092e-003 6.86240988e-003 0. 3.98356747e-003 0.
    3.47481156e-003 3.33216903e-003 8.42833018e-004 0. 0.
    3.77501943e-003 0. 0. 9.36916284e-003 0. 0. 0. 0. 0. 0. 0.
    2.36344826e-003 1.95177784e-003 1.91924151e-003 1.16065086e-003
    3.23833269e-003 0. 0. 2.64737522e-003 0. 2.35224050e-003 0. 0. 0.
    -1.62467267e-003 0. 0. 0. 2.75700586e-003 5.80839440e-003 0.
    9.33722185e-005 0. 2.64157401e-003 2.10133987e-003 0.
    2.99165747e-003 0. 1.04702567e-003 5.71912527e-003 0. 0.
    -3.31550051e-004 0. 1.78605113e-002 1.50145963e-003 0.
    1.53322704e-002 1.34747487e-003 1.61677483e-004 -3.19297309e-004
    -8.91713426e-004 6.55613514e-003 -2.03590404e-004 9.75435600e-004 0.
    1.13761853e-002 6.04552100e-004 0. -3.19006713e-003 -1.41972140e-003
    2.95023294e-003 -3.55353579e-004 0. -3.55653209e-003 0. 0.
    3.88817559e-003 0. 0. 4.29248001e-004 1.18506197e-002 0. 0.
    2.37291795e-003 0. 0. 0. 1.10439013e-003 1.18624361e-003 0. 0. 0. 0.
    8.32811347e-004 1.51143220e-004 0. 0. 5.32440608e-003
    6.45395415e-003 4.71182773e-003 3.82463122e-003 0. 2.14344077e-003
    4.08517802e-003 0. 0. 0. 0. 1.05085261e-002 0. 0. 0. 8.30580387e-003
    7.17587594e-004 2.70573702e-003 0. 5.62277064e-003 0. 0. 0. 0. 0.
    3.15083470e-003 1.83433562e-003 0. 0. 1.58484057e-002 0. 0. 0.
    1.17659289e-003 0. 0. 5.75313251e-003 2.38947407e-003
    2.06703832e-003 1.42158766e-003 -1.59631809e-003 1.92768220e-003
    2.29479535e-003 0. 0. -7.84808013e-004 4.42921510e-003 0.
    5.85125480e-003 0. 1.12822447e-002 0. 0. 1.20601361e-003
    -2.24306458e-003 0. 0. 0. -4.93078958e-004 5.51948464e-003 0.
    3.32767842e-003 2.55883392e-003 0. 0. 0. 0. 5.61541598e-003 0.
    9.36009514e-004 0. -4.04703489e-004 1.06544897e-003 0. 0.
    4.99030430e-005 0. 9.66429725e-005 0. -2.30370671e-003 0.
    8.23873444e-004 -2.19670031e-003 4.97434288e-003 1.38378458e-003 0.
    -3.81584186e-003 7.33671617e-003 -5.22697461e-004 0. 0.
    2.59634363e-003 1.66883587e-003 7.43531063e-003 6.25721819e-004 0.
    3.21639958e-003 8.71251058e-003 0. 0. 4.32193367e-004
    4.70547751e-003 3.12074763e-003 2.32631364e-003 0. 4.32240637e-003
    2.86214892e-002 2.95673776e-003 3.59722180e-003 1.23458134e-003 0.
    8.46564188e-004 -4.63381090e-004 7.97526632e-003 0. 5.50870667e-004
    5.12552261e-003 0. 0. 6.08080998e-004 8.24146718e-003 0.
    1.32535007e-002 0. 5.81176113e-003 0. 0. 0. 0. 0. 0. 9.11151641e-004
    1.03888735e-002 2.24064710e-003 3.00339423e-003 0. 2.16663326e-003
    0. 0. 0. 0. 4.67890128e-003 0. 0. 4.07194864e-004 0. 5.45424223e-003
    0. 3.68590496e-004 0. 0. 0. 1.63587043e-003 -2.54476792e-004 0. 0.
    9.47535562e-004 0. 0. -6.33197997e-005 6.56974083e-003
    3.92195107e-005 8.35463754e-004 2.25854991e-003 -2.92079145e-004
    6.05470687e-003 8.29793105e-004 0. 4.21812991e-003 2.39879754e-003
    0. 0. 2.05685064e-004 2.48076348e-003 0. -1.15673582e-003 0.
    3.87101551e-003 9.98167880e-003 0. 0. 6.79773744e-004 0. 0.
    2.94700870e-003 1.44772045e-002 0. 0. 7.52883125e-003
    3.42225912e-003 0. 1.31829195e-002 0. 0. 0. 1.67549658e-003 0. 0.
    4.25520539e-003 0. 0. -5.17777924e-004 -9.71439481e-003 0. 0. 0. 0.
    4.24728775e-003 3.86269297e-003 2.00824048e-002 0. 1.66915660e-003
    0. 6.24926249e-003 1.30451228e-002 0. -1.70293939e-003 0.
    2.21562944e-003 0. 1.02646963e-003 0. 0. 0. 3.33968946e-003
    9.20122396e-003 -1.33225461e-003 8.21026042e-004 8.66117654e-004
    1.44305383e-003 0. 5.49145183e-003 0. 5.58621762e-003
    1.18423556e-003 0. 0. 0. 6.97858352e-003 1.56669621e-003
    3.06345697e-004 0. 0. 0. 0. 0. 0. 0. 0. 0. 9.13180970e-003
    1.72371436e-002 0. 2.53990735e-003 0. 2.57751858e-003
    -3.39626509e-004 4.44911560e-003 0. 0. 3.28136352e-003
    3.42597743e-003 7.32954033e-003 0. 5.91879897e-003 3.56472400e-003
    1.64842838e-003 1.47582893e-003 0. 0. 0. -1.29767996e-003 0.
    2.39942167e-002 7.60733907e-004 0. 0. 3.18726897e-003 0.
    3.65013233e-003 8.64472240e-003 7.33429473e-003 1.99290924e-003
    4.95167682e-003 4.07753652e-003 4.01492277e-003 6.81160425e-004 0.
    1.78838503e-002 2.53933039e-003 1.07363518e-003 0. 0. 0.
    -1.02988733e-002 3.66395200e-003 0. -1.59334450e-004 8.43017548e-003
    0. 0. 4.54813568e-003 7.39713246e-003 -1.45011567e-004 0. 0. 0.
    5.27304364e-003 1.40230241e-003 0. 1.47011553e-004 -7.48577586e-004
    -4.11799556e-004 1.22907595e-003 0. -1.08980597e-003 0.
    1.08521674e-002 0. 1.57406915e-003 0. 0. 1.80571584e-003 0.
    6.93004299e-003 3.98906134e-003 0. 1.00930203e-002 1.10614831e-002
    4.79101669e-003 0. 1.92348957e-002 1.59547594e-003 5.43624337e-004
    3.65450815e-003 0. 0. 7.46563356e-003 0. 0. 0. 0. 0. 5.00634219e-003
    0.</data></imageDescriptor>
</opencv_storage>
