<?xml version="1.0"?>
<opencv_storage>
<imageDescriptor type_id="opencv-matrix">
  <rows>1</rows>
  <cols>500</cols>
  <dt>f</dt>
  <data>
    4.41554323e-004 8.71312991e-003 0. 7.45806552e-004 0.
    -2.80313613e-003 0. 3.67073296e-003 0. 4.51445626e-003
    1.25167344e-003 0. 1.48337381e-002 0. -5.79174084e-004
    1.34305260e-003 1.76110037e-003 0. 0. -2.37310247e-004
    7.40606943e-003 3.06473649e-003 1.61487621e-003 0. 0.
    5.38807502e-003 1.69122231e-003 -4.62183438e-004 5.73111291e-004
    4.27190168e-003 0. -4.42464417e-003 1.46603966e-002 3.34750093e-003
    0. 2.09365925e-003 1.07921204e-002 0. -9.00688319e-005
    -3.90726514e-003 0. 4.00069728e-003 3.46304872e-003 2.08337908e-003
    0. 0. 0. 4.45580669e-003 0. 0. 1.28186482e-003 2.47517950e-003 0.
    -1.26473198e-003 0. 0. 0. 2.39750417e-003 0. 2.12625624e-003
    9.83587280e-003 1.00163268e-002 1.93846934e-002 3.15267971e-004
    4.61495388e-003 2.08579644e-004 5.98988775e-003 0. 0. 0.
    1.56936934e-003 0. 1.38863118e-003 1.88777165e-003 0.
    2.14197859e-003 0. 1.49070972e-003 0. 0. 4.23650257e-004
    1.10012963e-002 3.02501954e-003 0. -1.48512307e-003 0. 0.
    2.65079690e-003 0. 6.00368762e-003 6.25419850e-003 9.09601152e-003
    0. 1.74321001e-003 0. 0. 1.01155986e-003 0. -5.07610966e-004
    7.13471835e-003 0. 0. 4.78264131e-003 3.82716814e-003
    2.20628036e-003 5.34124300e-003 0. 1.34118134e-002 2.73969118e-003
    0. -7.42153497e-004 0. 6.46999246e-003 0. 0. 0. -3.03937914e-003
    3.45179345e-003 0. 0. 0. 3.90571251e-004 0. 0. 2.37892289e-003 0. 0.
    -4.62735828e-004 9.48839996e-004 0. 0. 1.45176984e-002 0.
    8.89204093e-004 0. 1.08225308e-002 0. 2.95650377e-003
    -1.88270147e-004 1.54611459e-002 6.43803366e-003 0. 0. 0.
    1.08924322e-002 4.03982634e-003 0. 0. 0. 0. -2.29339302e-003 0. 0.
    5.45625249e-003 0. 0. 0. 1.80542760e-004 4.42744093e-003 0.
    1.24522101e-003 4.61391918e-003 8.37932900e-003 0. 0. 0.
    1.42276473e-003 6.29562372e-003 -1.07062733e-004 0. 0. 0.
    6.07260410e-003 -4.04946884e-004 1.38964842e-003 2.55875057e-003
    6.63777627e-003 0. 0. 0. 0. 3.44827212e-003 0. 0. -8.66748858e-004
    8.79689527e-004 9.57772043e-003 1.38128353e-002 0. 1.62378338e-003
    8.99640843e-003 0. 2.82495026e-003 0. 4.89283539e-003
    7.17679085e-003 3.43289983e-004 -5.51657053e-004 0. 0.
    9.06310452e-004 3.00684152e-003 2.67767580e-003 0. 0.
    4.57152986e-004 0. 9.05801449e-003 0. 0. 0. 0. 6.13250129e-004
    2.12897756e-003 7.94195943e-003 0. 0. -6.46499277e-004 0. 0. 0. 0.
    0. -3.11913667e-004 7.08535605e-004 4.76649031e-003 -1.27205544e-003
    0. 0. 0. 3.98922758e-003 1.65215544e-002 1.06367590e-002
    4.22862032e-003 0. 2.62667355e-003 0. 7.09898723e-003 0. 0.
    3.07062990e-003 0. 0. 8.31316970e-003 9.21283010e-003
    2.77755503e-003 0. 0. 0. 0. 5.47120580e-003 6.48286799e-003
    9.85535234e-003 0. -7.83677504e-004 5.81804477e-003 1.91198708e-003
    3.24143050e-003 0. -4.73118649e-004 7.34565954e-004 9.10228956e-003
    1.65295638e-002 -2.34087463e-003 0. 1.03549985e-003 9.75164039e-006
    -3.59387574e-004 0. 0. 2.99333618e-003 1.04465534e-003 0. 0.
    2.99988966e-003 0. 0. 8.08396097e-003 5.92657225e-003
    4.22106450e-003 -1.02069380e-003 0. 3.08517856e-003 -3.12300399e-004
    0. 1.61645864e-003 0. -1.50166656e-004 0. 1.06737530e-003
    3.44654499e-003 3.82420199e-004 6.96784956e-003 0. 0.
    -6.71137823e-004 9.64604726e-004 5.31318085e-003 6.67557400e-003
    1.23103112e-002 3.95799056e-003 -3.31728719e-003 -1.52287632e-003
    -3.45334085e-003 0. 1.48169845e-002 -1.04345010e-004 0.
    -3.60640377e-004 0. -2.31196312e-003 -1.26853387e-003
    3.22226505e-003 0. 9.69567895e-003 -1.45439501e-003 1.82423962e-003
    0. 1.15923118e-002 0. 0. 0. 0. 2.74208444e-003 0. 1.63483655e-003 0.
    1.03253413e-004 0. 0. 0. 1.74108776e-003 -1.45308324e-003
    1.34502212e-003 0. -1.24228420e-004 0. 0. 0. -3.47653497e-003
    8.01878888e-003 0. 3.58606712e-003 1.07517466e-002 0. 0. 0.
    3.00474768e-003 0. 0. -2.49686098e-004 0. 1.37186889e-003 0.
    2.23053456e-003 0. 2.09204387e-003 1.08258929e-002 0.
    -2.16373173e-003 9.46405437e-003 -1.82272703e-003 5.24944533e-003
    3.01354309e-003 2.71206885e-003 5.69762802e-003 0. 0.
    -1.14065793e-003 3.14482977e-003 3.94605519e-003 7.60223856e-003
    4.93148249e-003 0. 0. 2.35022721e-003 2.76724854e-003
    1.99191831e-003 5.82031673e-003 4.56848415e-003 -6.79248711e-004
    -7.27483537e-004 -3.87898018e-003 1.19999824e-002 3.40115442e-003
    -3.55711702e-004 4.22469713e-003 2.93813809e-003 5.83572686e-003 0.
    8.94441269e-003 3.58903827e-003 0. 5.76309953e-003 1.80077497e-002
    0. 0. 0. 4.69059078e-003 0. 0. 7.98534323e-003 -3.02385452e-004
    3.22855986e-003 0. 0. 3.22494423e-003 -1.72458042e-003 0. 0.
    5.83232474e-003 7.34068453e-003 1.01800263e-003 5.41017437e-003 0.
    0. 0. 0. 0. 3.78666649e-004 -1.28454773e-003 0. -8.35637737e-004
    5.06795623e-005 -7.61161864e-005 0. -5.57017233e-003 0. 0.
    8.77696183e-003 7.31371716e-003 0. 0. 0. -4.24537779e-004
    1.43494979e-002 2.72557838e-003 1.95540581e-003 -1.14592584e-003
    4.91916575e-003 1.52156761e-004 0. 0. 0. 4.73510008e-004 0. 0.
    5.94999082e-003 -6.71230664e-004 4.73242579e-003 9.21833981e-003 0.
    5.18884836e-003 6.39862963e-004 8.01632553e-003 4.32860712e-003
    8.76474567e-003 7.50237750e-003 0. 3.38575966e-003 0.
    1.20240217e-003 1.58921781e-003 0. -9.55813390e-004 1.02694901e-002
    9.36219655e-003 0. 0. 7.62728835e-003 0. -1.23273220e-003
    7.50620617e-003 0. 0. 0. 1.03486590e-002 0. 0. -4.95914416e-003 0.
    0. 0. 0. 0. 1.48944312e-003 0. 0. 0. 0. 9.29780188e-004
    7.14010035e-004 0. 0. 0. 2.64253258e-003 -8.23524606e-004
    -5.06314682e-004 5.47575764e-003 0.</data></imageDescriptor>
</opencv_storage>
