<?xml version="1.0"?>
<opencv_storage>
<imageDescriptor type_id="opencv-matrix">
  <rows>1</rows>
  <cols>500</cols>
  <dt>f</dt>
  <data>
    2.51849252e-003 -4.76614950e-005 2.95129325e-003 1.63887430e-003
    1.08129457e-002 0. 1.62594893e-003 3.84002400e-004 -2.79071042e-004
    0. 8.98146885e-004 1.04974245e-003 2.25678645e-003 2.05841800e-003
    6.84799801e-004 2.00956152e-003 8.29942408e-004 0. 0.
    5.79806510e-004 2.59551010e-003 3.89613071e-003 1.32290632e-004
    -1.29944226e-003 1.01552217e-003 1.22622773e-003 -1.12498172e-004
    1.30482111e-003 2.33995658e-003 2.89648864e-003 0. 3.67513183e-003
    1.15824712e-003 2.86777387e-003 2.80898181e-003 2.42441660e-003
    -6.87816879e-004 4.15461604e-003 -1.28918182e-005 3.60642327e-003
    -6.04499874e-005 1.40491815e-003 2.33681570e-003 1.70317176e-003
    1.47902186e-003 1.61310402e-003 4.30232874e-004 1.22004980e-003
    2.97175185e-003 6.23869419e-004 1.17912295e-003 0. 2.35995580e-003
    1.14717393e-003 2.20383983e-003 4.56746761e-003 -2.27723267e-005
    1.55731733e-003 1.23529267e-002 1.67361824e-004 1.92804044e-004
    1.20389846e-003 6.69584610e-004 1.97388604e-003 2.81003839e-003
    1.97701808e-003 0. 1.66225771e-003 1.06857158e-003 -2.53742823e-004
    -5.48099961e-005 1.22399197e-003 6.38865400e-004 -2.34954743e-004
    9.64391220e-004 2.53351335e-003 -7.79960712e-004 2.62062484e-003
    2.61786627e-004 9.48075298e-003 8.08913435e-004 -2.30570650e-003 0.
    -1.51958119e-003 1.77511509e-004 8.59761087e-004 1.75904401e-003
    -1.11910200e-003 8.84943584e-004 1.82811497e-003 7.16691895e-004 0.
    8.25766381e-003 2.81437044e-003 2.24028016e-003 3.47857276e-004
    1.66377320e-003 7.46565987e-004 4.86491714e-003 0. 1.98264187e-003
    2.83966493e-003 1.17034628e-003 2.37534451e-003 4.05657385e-003
    1.11428020e-003 3.36845336e-003 8.40067223e-004 9.84991551e-004
    1.05809316e-003 1.24484510e-003 3.55722406e-003 7.38083618e-004
    2.56420788e-003 0. 7.47130427e-004 2.06899387e-003 4.79162904e-003
    -4.08134772e-004 1.20085909e-003 4.83939046e-004 9.12521209e-004
    -1.69070641e-004 2.31443159e-003 2.47297547e-004 8.57292325e-004
    4.40171134e-004 5.82956523e-003 7.81049486e-004 1.33918913e-003
    3.66495014e-003 2.12525745e-004 6.67268750e-006 2.48459680e-003
    5.79708070e-003 6.53859926e-004 0. 0. 2.76430801e-004 0.
    3.41699342e-004 3.72803863e-003 2.46812939e-004 2.98404018e-004
    1.95863354e-003 2.10844353e-003 8.57505831e-004 3.31547344e-004
    8.30562785e-002 -8.61736044e-005 6.17709593e-004 2.70923600e-003
    2.10638810e-003 8.41589412e-004 5.45180542e-003 0. 1.00185571e-003
    8.00502603e-004 1.75895693e-003 0. 3.08678322e-003 5.60465502e-003
    2.61847419e-003 0. 2.54471786e-003 2.82494235e-003 1.34292140e-003
    4.50136024e-004 4.67493344e-004 1.15968601e-003 -1.35119760e-003 0.
    0. 2.94868066e-003 1.71243004e-003 1.46028842e-003 0.
    8.69157463e-002 1.01354346e-003 1.64886715e-003 1.67949439e-003 0.
    1.98017829e-003 1.37997980e-004 0. 0. 3.13236611e-004
    6.59761298e-003 8.26764561e-004 3.17078619e-003 4.29183757e-003
    2.37989915e-003 2.77697039e-003 2.81629013e-003 1.87612395e-003
    1.08662411e-003 1.09361055e-004 3.19825485e-003 2.34133983e-003
    4.90545435e-003 2.21609633e-004 4.75893170e-003 3.25699314e-003
    -1.88342910e-005 0. 3.18207254e-004 -7.55119137e-004 2.30205432e-003
    3.84945609e-003 6.63170940e-004 9.47434281e-004 8.32460634e-003
    1.95869966e-003 2.13273009e-003 9.52458102e-003 2.55534076e-003
    3.59003711e-003 2.31029917e-004 7.21632596e-003 3.03583511e-004
    2.24753661e-004 2.93613947e-003 4.84243181e-004 6.54610107e-004
    -1.49495283e-003 0. 2.03228649e-003 1.21504429e-003 7.17115880e-004
    4.22143936e-003 -8.41411529e-004 1.50015415e-003 0. 1.06246735e-003
    3.84900998e-003 -1.42636080e-003 1.06738042e-003 1.48430944e-003
    1.64867169e-003 2.32826965e-003 1.92445109e-003 -1.13452792e-004
    8.96775397e-004 1.10230281e-003 1.35075243e-003 2.31773709e-003 0.
    1.52381929e-003 1.01787283e-003 2.46712030e-003 1.34645076e-003
    1.34947011e-003 4.04597173e-004 4.73712990e-003 1.37323316e-003
    -1.54366266e-004 2.90130789e-004 3.33600584e-003 -1.62400829e-003
    3.20137991e-003 1.58959988e-003 1.20743841e-003 1.04053615e-004
    -5.09418198e-004 1.39612972e-003 -9.20364328e-005 1.69644726e-003
    6.31442585e-004 3.21453460e-003 1.04917353e-003 4.53202927e-004
    -5.37403219e-004 1.31343515e-003 -5.63382055e-004 3.71494476e-004
    6.68324577e-003 5.10071870e-003 1.27830647e-003 2.08308245e-003
    3.62533424e-003 2.11371016e-003 2.12398125e-003 2.40665255e-003
    7.33928580e-004 8.51909106e-004 2.87172594e-003 1.06381648e-003
    1.28249743e-003 1.13092014e-003 0. 5.31874655e-004 3.72208329e-003
    1.83999282e-003 2.67971661e-002 0. 2.86970241e-003 1.78338925e-003
    0. 3.47947096e-003 1.64530112e-003 0. 1.08129333e-003
    3.21541738e-004 2.00903206e-003 -4.00126941e-004 2.77195987e-003
    1.69733691e-003 1.86400232e-003 -1.00590254e-003 3.47818295e-003
    2.14158045e-003 1.37503725e-003 8.83437577e-004 1.28982810e-003
    9.06747999e-004 0. 1.13450864e-003 1.11925101e-003 -2.58776709e-005
    4.44796402e-003 1.61120947e-002 5.86306036e-004 0. 1.84147141e-003
    5.06998831e-003 3.41536570e-003 1.58120785e-003 -1.12744805e-003
    -4.30760992e-004 2.92966724e-003 2.19509428e-004 1.09689636e-003
    2.21806858e-003 1.78765703e-003 3.05208401e-003 -8.52925761e-004
    9.26648034e-004 2.18230858e-003 6.16279489e-004 1.29839103e-003 0.
    0. 9.14744218e-004 2.21486087e-004 1.17864937e-003 6.98387797e-004
    1.33365719e-003 -6.75632793e-004 5.01864182e-004 -2.35283253e-004
    7.54950976e-004 1.56353496e-003 9.06981621e-003 8.30097182e-004
    4.46442934e-003 8.58542859e-004 1.01345812e-003 1.95885869e-003 0.
    3.30491603e-004 1.81678007e-003 5.54496073e-004 0. 3.02079343e-003
    0. 0. 0. 5.48121578e-004 4.15547099e-003 0. 0. 1.37329160e-004
    2.08386988e-003 1.23627950e-003 1.60014408e-003 7.11314240e-003
    6.18156279e-004 2.97452207e-003 3.62256775e-004 1.35040842e-003 0.
    2.64041219e-003 1.70283043e-003 1.10473554e-003 3.89182451e-003 0.
    1.57028320e-003 2.98754778e-004 1.92578381e-003 6.92830828e-004 0.
    2.19764328e-003 6.31590607e-004 2.31607165e-003 1.92606414e-003 0.
    1.19987689e-003 2.16682791e-003 1.33419747e-003 -2.96182872e-004
    4.91559878e-003 -7.45736586e-004 -7.00274031e-005 0. 2.80027138e-003
    2.85246242e-005 2.24913307e-003 9.21061146e-005 4.29308368e-003
    4.04457515e-003 1.72781793e-003 0. -5.56869665e-004 6.09015813e-003
    3.96280596e-003 1.02897193e-002 -1.47155230e-003 1.39196543e-003
    5.68273463e-005 3.48152290e-003 2.37700343e-003 9.34683310e-004
    1.52436143e-003 2.30352604e-003 2.56826356e-003 3.54229915e-003
    3.96317756e-003 1.49581023e-003 3.26469017e-004 -2.30778867e-004
    2.92351469e-004 6.46385131e-004 6.32635131e-003 -1.29195425e-004
    2.23183096e-003 4.30542743e-003 2.84564355e-003 8.40027002e-004 0.
    9.71031957e-004 9.33154544e-004 1.37745636e-002 1.42936956e-003
    7.05370493e-003 8.81494209e-003 2.22951570e-003 0. 0.
    8.00691370e-004 0. 5.02835494e-003 1.60001696e-003 2.17405311e-003
    3.74608254e-003 -2.86900013e-005 8.06964992e-004 0. 5.79354819e-004
    6.84881175e-004 1.04660029e-003 8.41939298e-004 1.20060064e-003
    3.68896662e-003 9.05037683e-004 1.07283681e-003 -1.57920399e-003
    1.97188579e-003 -1.36019124e-004 0. 1.86329521e-003 3.60190519e-004
    0. 1.61385571e-004 3.89312464e-003 1.34062255e-003 3.73824430e-003
    1.87824341e-003 2.62111193e-003 -1.38538633e-003 3.71569389e-004
    2.97786173e-004 9.81859397e-004 6.53558597e-003 0. 0.
    1.13196520e-003 3.07299255e-004 -6.16237661e-003 5.24307322e-003 0.
    6.38426980e-003 2.54515326e-004 5.93402470e-003 5.73531375e-004
    9.27761663e-003 7.69186299e-004 1.19513727e-003 2.45124474e-003
    5.11045335e-004 -9.62007616e-004</data></imageDescriptor>
</opencv_storage>
