<?xml version="1.0"?>
<opencv_storage>
<imageDescriptor type_id="opencv-matrix">
  <rows>1</rows>
  <cols>500</cols>
  <dt>f</dt>
  <data>
    9.09188949e-003 2.22467678e-003 0. 4.96223057e-003 1.11044652e-003
    1.01442179e-002 7.09378393e-003 0. 5.89303812e-003 0.
    1.75917207e-003 1.04743326e-002 7.98152294e-004 0. 4.68824944e-003
    0. 0. 2.72767851e-003 0. 0. 0. 3.13705392e-003 0. -1.64830577e-004
    0. 0. 0. 0. 3.32813198e-003 3.14937643e-004 5.54162730e-003 0.
    7.95683882e-004 0. 6.52934331e-003 0. 2.93004187e-003
    5.44740912e-003 0. -1.77753135e-003 9.60283354e-003 2.54902989e-003
    0. 8.83771945e-003 0. 6.13877084e-003 0. 0. 3.60184466e-003
    -5.92124590e-004 1.10245391e-003 -4.10076376e-004 6.82760589e-003
    4.96803876e-003 9.89386160e-003 8.30626767e-003 1.51468359e-003 0.
    2.55962834e-003 3.44899250e-003 1.42951971e-002 0. 8.62582494e-003
    0. 0. -7.07170839e-005 0. 0. 0. 0. 7.86784291e-003 2.70128204e-003
    0. 1.38110705e-002 0. 1.20038900e-003 0. 0. 2.58868630e-003
    2.03167088e-003 2.50367611e-003 5.48639707e-003 7.53850956e-003 0.
    2.77836178e-003 -1.09612418e-003 0. 2.28304276e-003 0. 0.
    2.75628571e-003 0. 0. 1.11676136e-003 0. 6.32391777e-004
    3.62855871e-003 3.32927518e-003 1.16790843e-003 0. 2.50848429e-003
    0. 4.98000206e-003 3.86259775e-003 2.06016400e-003 1.22783575e-002
    6.11344306e-003 0. 1.01798563e-003 -1.42760211e-004 0.
    -1.35375326e-003 0. 6.37345668e-003 0. 0. 0. 0. 3.45995231e-003
    1.40666403e-003 0. 0. 0. 2.55808863e-003 6.00692304e-003 0.
    1.53161632e-003 5.77113125e-003 6.53782906e-003 0. 0.
    1.03408250e-003 6.21287967e-004 9.93684400e-003 1.19263120e-003
    2.89925933e-003 -8.23064067e-004 8.05976859e-004 7.68329133e-004
    1.55916391e-003 -3.41171864e-004 0. 5.11475082e-004 1.84555433e-003
    7.92237557e-003 3.26339086e-003 0. 8.67757108e-003 0. 0.
    2.90065538e-003 4.40197904e-003 -2.25349795e-003 -1.89591793e-003
    2.67258554e-004 0. -1.55585783e-003 9.51246358e-003 0. 0. 0. 0.
    6.60345191e-003 2.24149600e-003 9.87491687e-004 0. 3.54356272e-003
    0. 2.31351866e-003 0. 2.87370197e-003 0. 4.35077073e-003
    -6.83297287e-004 3.04649142e-003 4.02036961e-003 -1.45731901e-003 0.
    0. 0. 2.53058062e-003 6.53120549e-003 2.25556474e-002 0.
    8.96381866e-003 0. 0. 3.27878608e-003 0. 0. 0. 5.85116679e-003 0.
    -6.41282357e-004 6.96652941e-003 2.50241277e-003 0. 4.41267435e-003
    3.63002624e-003 1.16001011e-003 0. 0. 7.61245657e-003
    -4.28293512e-004 0. 1.54868816e-003 -1.38210098e-003 0.
    5.74688567e-003 -1.18333159e-003 4.68298653e-003 1.78560324e-003
    4.20426577e-003 0. 0. 2.03483528e-003 1.26332289e-003
    2.62090797e-003 4.98479977e-003 -1.49195883e-004 0. 3.99564486e-003
    1.29311555e-003 1.64022762e-003 1.18612312e-002 3.88502958e-004 0.
    3.07016354e-003 -1.63014384e-003 0. 0. 3.35563743e-003
    7.48424279e-003 2.52468023e-003 1.19674171e-003 2.88624107e-003 0.
    -8.35666317e-004 0. 7.53331883e-003 2.20185262e-003 1.06698251e-003
    4.16961033e-003 5.75344265e-003 1.57788442e-003 0. -8.43628135e-004
    1.25344722e-002 2.62679509e-003 0. 4.56268433e-003 0.
    3.18150315e-003 9.47509706e-003 1.53234676e-002 1.69823179e-003 0.
    6.94089010e-003 3.31111671e-003 6.25053979e-003 0. 0. 0.
    -6.18064310e-004 -1.19834207e-003 0. 7.03892531e-003 2.13397807e-003
    1.84509275e-003 5.12872310e-003 2.83469679e-003 0. 7.77409365e-003
    3.75352625e-004 6.51058415e-003 0. 7.26956036e-003 1.80086736e-002
    2.96483492e-003 0. 6.52589044e-003 1.71939889e-003 0.
    1.85207056e-003 7.08343694e-003 0. 5.03480667e-003 -2.69564334e-003
    0. 1.76017580e-003 6.73788454e-005 5.30877151e-003 7.97146873e-004
    0. 0. 3.56264389e-003 2.29769084e-003 1.48270989e-003
    -1.34596275e-003 3.36481933e-003 1.55130925e-003 -5.87630726e-004 0.
    0. 8.30647442e-003 5.28194150e-003 0. 1.89164747e-003 0.
    1.41762965e-003 0. 0. 0. 0. 1.44034503e-002 1.99319031e-002
    -1.21527084e-003 0. 1.00404117e-002 0. -1.25149952e-003 0.
    2.31003622e-003 0. 0. 2.02336442e-003 0. 1.43796473e-003 0. 0. 0. 0.
    0. 0. 2.17952137e-003 2.39329762e-003 3.99496639e-003 0.
    5.56295691e-003 0. 3.94626171e-004 -3.91938398e-003 -1.08782947e-003
    0. 0. 8.22755974e-004 1.49395806e-003 0. 1.29493535e-003
    -5.39244502e-004 0. 0. 0. 0. 0. 5.02257049e-003 0. 1.13633585e-004
    0. -5.99927909e-004 5.29123843e-003 0. -8.10770201e-004
    4.19953634e-004 0. 2.60552717e-003 1.08385002e-002 9.21339670e-004
    1.88688771e-003 0. -2.83961475e-004 0. 0. 2.64633889e-003
    2.24886276e-003 0. 1.60765601e-003 4.13082819e-003 5.02047455e-003
    0. 4.85090743e-004 8.06224183e-004 1.86550815e-003 3.39568220e-003
    0. 5.40715596e-003 0. -1.46939574e-005 1.22080520e-002 0. 0.
    -7.87216231e-006 7.53902073e-004 -7.88889069e-004 2.79400824e-003
    1.33903779e-003 0. 3.57072306e-004 0. 0. 0. 3.39804776e-003
    -2.28946167e-003 1.29355909e-002 0. -1.64637237e-003 0. 0. 0.
    2.41235248e-003 0. 0. 4.13883757e-003 7.45384349e-003
    5.47507219e-003 0. -2.12455378e-003 0. 0. 2.75573257e-004 0.
    3.04586557e-003 0. 7.92677142e-003 -8.68555857e-004 0.
    1.53443161e-002 1.29925006e-003 5.04691573e-003 -1.84330577e-003
    3.03702545e-003 2.46456056e-003 -1.82277942e-003 0. 0. 0. 0. 0.
    4.41754283e-003 0. 4.97624883e-003 8.19485460e-004 4.63401945e-003
    0. 5.11654979e-003 -3.22800898e-003 0. 5.29824640e-004
    3.61093669e-003 0. 0. 3.01568507e-004 -4.32610279e-003 0. 0.
    4.91127325e-003 0. 1.31092081e-003 -1.24191097e-003 -1.77321781e-003
    0. 0. 4.01316956e-003 0. 1.39269410e-004 2.02309596e-003
    1.27090607e-002 0. 0. 0. 0. 8.35702696e-004 0. 3.43698193e-003 0.
    5.61477710e-003 0. 1.39182224e-003 0. 0. 0. 3.74906859e-003 0.
    3.87168955e-003 3.59957945e-003 0. 0. 0. 4.90741571e-003
    6.97152410e-003 0. 4.55666828e-004 1.63864961e-003 0.
    1.75255013e-003 3.80209880e-003 1.81230926e-003 0. 0.
    -1.43271894e-003</data></imageDescriptor>
</opencv_storage>
