<?xml version="1.0"?>
<opencv_storage>
<imageDescriptor type_id="opencv-matrix">
  <rows>1</rows>
  <cols>500</cols>
  <dt>f</dt>
  <data>
    3.38977133e-003 1.38139795e-003 0. 6.71567954e-003 0. 0. 0.
    -3.16638965e-004 3.80052417e-003 1.03789836e-003 3.75103817e-004
    7.12896138e-003 0. 1.36005983e-003 1.51990133e-003 7.17581483e-003
    0. 0. 0. 3.19318334e-003 1.88260200e-003 1.12994364e-003 0.
    2.33521941e-003 8.02501512e-004 0. 7.43326079e-003 6.08679652e-003
    1.11760087e-002 1.28027110e-003 5.63372951e-003 7.10619963e-004
    4.19193035e-004 -2.26316275e-003 -2.24422291e-003 0. 4.51943744e-003
    0. 0. 0. -2.27636215e-003 8.43918824e-004 0. 1.67730101e-003
    6.91629294e-003 3.53500992e-003 0. 9.01470520e-003 2.67775613e-003
    0. -2.23885709e-003 1.59739726e-003 -4.01840406e-003 0. 0.
    1.22729866e-002 0. 0. 0. -8.12543440e-004 4.11067810e-003
    1.51475612e-003 1.47946076e-002 2.52726721e-003 -1.13024586e-003
    1.01499318e-003 1.96849415e-003 0. 1.12171145e-002 3.98928672e-003
    9.90152545e-003 0. 3.80769954e-003 9.39216092e-003 1.00089367e-002
    5.86716924e-003 0. 0. 0. -6.29225164e-004 -3.95333208e-003
    6.34927815e-003 3.09868739e-003 0. 8.77255201e-003 0. 0. 0. 0.
    5.50565403e-003 0. 5.29434625e-003 3.50292097e-003 4.39533469e-004
    7.51025509e-003 5.11160819e-003 1.95067038e-003 1.86374737e-003 0.
    0. 6.32977346e-004 1.09002721e-002 1.12115890e-002 1.35678491e-002
    0. 0. -1.32560404e-003 1.34807639e-002 8.50298326e-004
    4.65608726e-004 -6.59047102e-004 3.00208165e-004 -1.01647037e-003
    7.15053361e-003 4.71649598e-003 0. 1.65340642e-003 2.48470390e-003
    2.70748721e-003 -1.48110895e-003 0. 0. 2.35444121e-003
    3.58369062e-003 1.35980425e-002 0. 3.18145636e-003 1.95960365e-005
    0. 0. 2.26690411e-003 -6.48228626e-004 7.49509502e-003 0. 0.
    1.24742964e-003 0. 3.32908967e-004 6.93508098e-003 1.81054138e-003
    0. 2.07318505e-003 0. 8.73983139e-004 1.33813359e-002 0.
    1.25997979e-003 0. 0. 0. -5.94555261e-003 2.81852135e-003 0.
    3.51095828e-003 0. 0. 4.84705018e-003 -1.93052494e-003
    9.38404817e-003 -7.14748108e-004 0. 4.77894908e-004 2.76891934e-003
    0. 0. 5.72444685e-003 7.64988712e-004 0. 0. 0. 6.57295063e-003 0.
    7.02550169e-004 -7.28475687e-004 -1.11482244e-004 2.32383818e-003
    -2.63521122e-003 0. 1.06342603e-002 2.54173507e-003 0.
    2.59706378e-003 0. 0. 1.54778045e-002 0. -1.24435150e-003 0. 0.
    1.65735709e-003 0. 1.49484584e-003 1.41780369e-003 0.
    1.11368895e-002 9.38959245e-004 0. -1.27597747e-003 0. 0.
    8.14259693e-004 0. 4.30917973e-003 1.24717917e-004 -1.60031347e-003
    0. 0. 4.43289801e-003 2.11064448e-003 3.04143759e-003
    3.37607297e-003 1.36320968e-003 8.67196266e-003 0. 0. 0. 0.
    9.15299388e-005 6.40067679e-004 0. 8.64283461e-003 0. 0. 0.
    3.21681146e-003 -7.05315790e-004 5.72789402e-004 0. 0.
    2.49493844e-003 1.51633087e-003 3.01276501e-002 8.80946987e-004
    -4.43692261e-004 5.22735482e-003 -1.07257639e-003 0.
    -1.41218805e-003 8.39410350e-003 0. 1.31687196e-003 1.21178431e-003
    -9.34222480e-004 5.67749084e-004 0. 0. 0. 0. 0. 0. 8.21883208e-004
    0. 3.42769152e-003 0. 1.80845009e-003 0. 1.54758664e-002
    1.71595421e-002 3.41348909e-003 -5.61586290e-004 0. 4.82453965e-004
    0. 9.62501741e-004 2.59347237e-003 1.95717742e-003 3.75976367e-003
    0. 0. 1.57509148e-002 0. 0. 4.07539279e-004 0. 0. 3.84921068e-003
    1.66697917e-003 1.64141611e-003 0. 1.44850081e-002 3.07457126e-003
    0. 5.41232293e-004 1.00923572e-002 0. 0. 0. 0. 5.56908140e-004 0. 0.
    3.81508120e-003 -4.07711137e-003 6.41888822e-004 9.78879631e-003
    -2.10278522e-004 0. 6.54669898e-003 -7.66224402e-005 6.09900057e-003
    0. 5.03153075e-004 0. 6.69540884e-003 2.75223330e-003
    5.07769349e-004 1.84575431e-002 -5.68124815e-005 0. 0. 0. 0. 0.
    2.32995744e-003 1.37255900e-003 0. 1.38627517e-003 0.
    1.67332105e-002 0. 0. 1.93676050e-003 0. 5.47651434e-003 0.
    4.50077932e-005 0. 4.10462526e-004 2.01586029e-003 3.26284859e-003
    0. 7.85338134e-003 0. 0. 1.81914133e-003 0. 0. 0. 0. 0.
    6.52764924e-003 0. -2.42815353e-003 3.61093367e-003 0.
    1.23831944e-003 5.87304472e-004 2.62297527e-003 0. 2.92230491e-003
    -1.15547911e-003 0. 0. 0. 2.44445284e-003 0. 5.86321170e-004
    1.31416693e-003 0. 3.81382438e-003 8.90522206e-004 6.07491180e-004
    5.45120914e-004 0. 2.79875845e-003 1.63117833e-002 8.38569645e-003
    1.96585990e-002 3.44832847e-003 -7.25341728e-004 0. 7.63530331e-003
    4.14538663e-003 2.31037103e-003 0. 0. 0. 3.06376303e-003
    1.64396560e-003 0. -4.21642791e-003 3.29764630e-003 2.30200589e-003
    6.06113626e-003 0. 0. 0. 1.01214671e-003 5.32233808e-003 0. 0.
    4.36434383e-003 0. 7.04156177e-004 0. 2.31697923e-003
    6.53425406e-004 4.21420578e-003 4.28384915e-003 0. 8.22453294e-005
    1.41754001e-002 0. -4.26667649e-003 0. -1.44689018e-003 0.
    1.30722672e-003 -7.11306639e-004 0. 4.94515896e-003 0.
    2.39561358e-003 -2.51498132e-005 0. 4.03213874e-003 0. 0. 0. 0. 0.
    4.99583827e-003 0. 1.23598520e-003 0. -2.10312894e-003
    9.75691155e-003 0. 7.91265443e-003 0. 8.36657733e-003
    -7.77657609e-003 4.93889861e-003 0. 2.73202336e-003 4.14318871e-004
    1.05499011e-002 0. 0. 3.26402532e-003 1.00135873e-003 0. 0.
    3.76524753e-003 0. 6.04670541e-003 1.11817650e-003 1.45682553e-003
    3.44280223e-003 -1.80805451e-003 0. -5.75109385e-004 1.37828558e-003
    1.65787991e-003 5.07174991e-003 1.89935660e-003 1.09867528e-002 0.
    -1.06008619e-003 -2.95619684e-004 0. -1.36380069e-004 0.
    2.84928130e-004 -3.19668674e-004 1.79251377e-002 1.30326245e-002
    -4.94023261e-004 1.40713376e-003 8.86201952e-003 0. 8.53795034e-004
    2.66422168e-003 0. 1.15706376e-003 0. -8.86237074e-004
    2.93893763e-003 0. 3.44725256e-003 0. 2.96323351e-003 0. 0.
    3.04755103e-003 0. 6.01743488e-003 0. -2.06093863e-003
    1.31443376e-003 9.92405112e-004 -2.40606008e-004 0. 0. 0.
    2.87327799e-003 0. 0. 1.60614646e-003 -2.87094340e-003</data></imageDescriptor>
</opencv_storage>
