<?xml version="1.0"?>
<opencv_storage>
<imageDescriptor type_id="opencv-matrix">
  <rows>1</rows>
  <cols>500</cols>
  <dt>f</dt>
  <data>
    1.54708524e-003 -6.18308666e-004 -2.54628918e-004 4.65862511e-004
    -1.87657934e-004 1.39158956e-005 0. 0. 3.52450064e-003
    -2.27099954e-004 1.03818374e-002 2.48952699e-003 0. 1.91493973e-003
    0. 3.18609970e-003 4.16138163e-003 0. 1.54331233e-003 0.
    5.03046205e-004 8.19272362e-003 -2.87817651e-003 0. 0.
    6.17854297e-003 1.38008548e-002 1.35022518e-003 -7.09627056e-004
    -2.51669018e-003 1.43264579e-002 1.70591590e-003 5.63161913e-004
    1.88122934e-003 2.83681948e-005 5.87076042e-003 3.69147677e-003
    1.64556056e-002 6.96464255e-003 1.55849976e-003 0. 6.54811272e-003
    8.78348388e-003 -2.73655402e-003 3.66368593e-004 2.39609275e-003
    2.00454728e-003 8.03633500e-003 7.51107791e-003 7.11008720e-003
    -8.44113354e-004 0. 7.03792786e-004 1.46688160e-003 0.
    2.09660851e-003 0. 1.26717901e-002 4.96032787e-003 4.66782087e-003
    1.84577203e-003 1.84997014e-004 0. 2.41515273e-003 3.59832216e-003
    1.25853272e-004 0. 9.91950074e-005 0. 1.04546524e-003
    -2.38765753e-003 1.04025600e-003 2.20338185e-003 2.64179357e-003
    1.06495188e-003 7.30588101e-004 0. 0. 0. 3.22723971e-003 0.
    2.16861442e-003 3.89323803e-004 -1.78435829e-003 1.00992760e-003 0.
    4.66116093e-004 -3.65487230e-003 2.95367732e-004 0. 1.93429843e-003
    -1.38680695e-003 2.55519967e-003 0. -4.18152718e-004 2.12396713e-004
    5.86272508e-004 7.02214456e-005 -6.41341961e-004 2.36600102e-003
    4.19940008e-003 0. 0. 2.15346296e-003 3.65443574e-003
    7.62038771e-003 1.72481130e-004 3.28824925e-003 7.82187004e-003 0.
    -2.00875150e-003 1.20708544e-003 3.92616261e-004 6.00013230e-003 0.
    -2.08047288e-003 3.93635826e-004 5.47848642e-003 0. 3.00279027e-003
    5.11841197e-003 1.07015879e-003 0. 5.48749138e-003 0.
    4.43272572e-003 2.76088458e-003 4.33608983e-003 0. 0.
    2.19353638e-003 6.11157017e-003 6.68723509e-003 1.87688111e-003
    3.21122305e-003 1.16840340e-002 1.98654272e-003 -4.94013424e-004
    -1.10530869e-004 6.31807186e-003 6.05557067e-003 0. 0. 0.
    -1.09851162e-003 6.84052648e-004 2.84935487e-003 -4.88750113e-004 0.
    0. -3.90618737e-003 0. 2.23474484e-003 0. 0. 1.99377234e-003
    1.48590666e-003 0. 4.17098682e-003 0. 0. 0. 4.09403909e-003 0. 0.
    1.70259108e-003 3.28443223e-003 2.09548906e-003 2.12633610e-003 0.
    1.58914190e-003 5.99855499e-004 -6.10946299e-005 1.49680686e-003
    7.15742679e-003 1.23164011e-003 4.81718453e-003 0. 3.89494468e-003
    0. 4.73265769e-003 4.42622043e-003 1.73450878e-003 2.83380644e-003
    7.71150319e-003 3.15691857e-003 3.20748938e-003 3.58454324e-003
    2.83769099e-003 2.43777246e-003 7.54936412e-003 5.44410781e-004
    -1.15906075e-003 0. 1.35918916e-003 9.49534588e-004 -1.20844983e-003
    2.79311999e-003 3.48585704e-003 3.41499620e-003 0. -3.70016845e-004
    4.09494108e-003 0. 4.19010781e-003 1.02578320e-004 1.06968713e-004
    3.54685239e-004 7.10044755e-003 0. 0. 0. 3.55544221e-003
    1.17330626e-003 3.34540405e-003 -2.32870720e-004 4.44433652e-003
    4.92514297e-003 5.08557679e-003 -1.16196217e-003 -2.30839965e-003
    7.06811249e-003 2.66826130e-003 6.74905081e-004 9.97515395e-004
    7.91232742e-004 5.95115533e-004 3.72690236e-004 0. 3.73815093e-003
    7.57842266e-004 -1.65133597e-003 6.42583054e-003 1.58105639e-003
    3.93811241e-003 4.79906611e-003 0. 6.66484656e-003 0.
    9.31216963e-003 5.05347084e-003 0. 0. 0. 1.34332094e-003
    4.01806831e-003 1.83637370e-003 0. -1.35514315e-003 4.68191085e-003
    2.95653730e-003 4.07385593e-003 2.93227567e-005 0. 4.66830796e-003
    5.43440459e-004 0. -1.35224909e-004 0. 1.34534957e-002
    4.97549598e-004 3.07099638e-003 0. 4.06575343e-003 0.
    4.14297311e-003 3.23460181e-003 0. 0. -9.41703562e-004
    -3.02952103e-004 -5.95425809e-005 1.28459651e-003 1.26667470e-002
    1.24662453e-002 4.24705679e-003 3.36807454e-003 5.28890360e-003
    1.07752243e-002 1.82052271e-003 1.04695437e-002 -2.82300287e-004
    1.08973484e-003 0. 5.27708745e-003 -2.60316441e-003 3.59110115e-003
    -1.61650672e-003 1.08595798e-003 7.40888994e-003 0. 5.50568430e-003
    3.66982049e-003 3.80058470e-003 4.58144629e-003 9.48273082e-005
    9.67641012e-004 3.95801989e-003 4.73777624e-003 1.05617130e-002
    8.86652968e-004 -5.04899304e-003 3.22888326e-003 1.90887193e-003 0.
    4.02034912e-003 4.42160963e-004 3.35631962e-003 4.65324661e-003
    1.14561443e-003 0. 1.20778999e-003 0. 0. 0. -8.40037246e-004 0.
    1.16293808e-003 3.09690065e-003 4.32491209e-003 -8.53866630e-004
    1.35169635e-002 0. 3.06997169e-003 1.51280419e-003 -3.70536174e-004
    0. 9.74708702e-003 0. 3.56072257e-003 0. 1.21018314e-003 0.
    4.32986440e-003 -6.06458518e-004 0. 0. 1.76227783e-004 0.
    2.09870376e-003 4.97907866e-003 1.38106791e-003 3.10673844e-003
    6.54747104e-003 3.26640857e-003 0. 1.64792547e-003 -1.17643818e-003
    0. -1.36852628e-004 3.40334111e-004 3.33009358e-003 1.28155230e-002
    -1.29114161e-003 0. 0. 1.12386036e-003 1.81485969e-003 0.
    4.02782258e-004 0. 4.38254094e-003 0. -9.98737669e-005
    1.56156733e-004 3.47505230e-003 6.66485028e-003 4.97402810e-003
    3.23423347e-003 1.50972912e-002 -7.22899058e-005 -4.28760366e-004
    9.22891835e-004 -1.80861578e-004 2.19584187e-003 6.83957915e-005
    8.39146203e-004 8.92997894e-004 1.74858719e-002 0. 1.43046561e-003
    0. -6.73793198e-004 1.73114997e-003 0. -9.69176937e-004 0.
    2.10277410e-003 3.34775832e-004 -2.07757737e-004 1.45217939e-003
    2.66096252e-003 1.22113945e-003 3.76863428e-003 0. 0. 0.
    3.58798797e-003 7.87624624e-003 0. -5.73762984e-004 2.23272922e-003
    -1.29294908e-003 0. 7.71243707e-004 0. 1.17741274e-002
    2.67152069e-003 2.30767485e-003 0. 5.56180859e-003 -1.79602604e-004
    0. 5.88623201e-003 0. 0. -1.35650614e-003 0. 7.77788321e-003
    -1.99253249e-004 0. 0. 4.83028358e-003 0. 0. 8.07612576e-003
    -1.37772365e-003 -5.23228489e-004 0. 4.96626319e-003 2.79957335e-003
    3.14920000e-003 4.80445987e-003 0. 0. 1.94094027e-003 0.
    -6.28481968e-004 1.06609368e-003 2.14829482e-003 5.09040430e-003 0.
    3.51730292e-003 9.36763594e-004 8.94575496e-004 -3.83365521e-004 0.
    0. 1.09661007e-004 0. 7.86656141e-003 4.23516380e-004
    -4.57882788e-003 0. 1.65816440e-004 6.02989967e-005 4.16486477e-003
    0. -5.24571748e-004 0. 6.90295885e-004 -3.84742569e-004
    2.80399341e-003 0. 7.27752922e-003 0. 3.08746658e-003
    4.44245432e-003 0. 9.20807070e-004 3.05491849e-004 0. 0.
    2.06883298e-003 3.06608016e-003 0. 1.13257486e-003 0.
    -4.56506124e-004 1.64749334e-003 2.96487589e-003 0. 0.
    9.66047682e-003 3.57635599e-003 0. 7.87591096e-003 -1.52202020e-003
    1.56471191e-003 0. 1.14900887e-003 4.58258903e-003 3.07614962e-003
    0. 2.93391920e-003 2.51616444e-003 7.38642598e-003 4.80522029e-003
    2.67572876e-004 3.92105849e-003</data></imageDescriptor>
</opencv_storage>
