<?xml version="1.0"?>
<opencv_storage>
<imageDescriptor type_id="opencv-matrix">
  <rows>1</rows>
  <cols>500</cols>
  <dt>f</dt>
  <data>
    5.07025328e-003 4.35542455e-003 0. 5.49871847e-003 0.
    -1.17182406e-003 1.47376524e-003 1.54581014e-003 2.96826684e-003
    4.24826052e-003 2.16251309e-003 0. 0. 4.68936691e-004 0.
    2.31034379e-003 0. 9.01539437e-003 1.89817906e-003 0.
    7.40071759e-003 -1.89354154e-003 -6.08785951e-004 0. 0. 0.
    8.62928573e-003 5.78851299e-003 0. 1.00211473e-003 -1.35700859e-003
    0. 5.59702283e-003 -2.89797987e-004 8.19986628e-004 0.
    -2.20705196e-003 0. 3.94744304e-004 6.24474604e-003 3.06251715e-003
    0. 0. 0. 1.52931893e-002 1.06779309e-002 -1.42005691e-003
    1.37626159e-003 0. 2.84829782e-003 1.38807067e-004 0.
    -1.02926360e-003 2.07026512e-003 0. 3.10819829e-003 7.41583703e-004
    0. 5.99786500e-003 0. 0. 0. 1.78329356e-003 1.33353902e-003 0.
    -1.14011625e-003 0. 1.07234623e-003 -2.82491907e-004 6.28684927e-003
    9.48372111e-003 2.64002546e-003 0. 0. 7.21212663e-003
    3.94245517e-003 0. 0. 0. 0. -4.98546101e-003 1.19256079e-002
    -1.07304263e-003 1.17454107e-003 6.01909636e-003 3.68336076e-003
    1.22312491e-003 -1.94145611e-003 0. 9.33387876e-003 0.
    4.28789156e-003 0. 1.85124448e-003 -2.23071733e-003 -5.25018619e-003
    1.78403061e-004 3.67668457e-003 0. -1.53101247e-003 3.06578400e-003
    2.60307756e-003 0. 1.18689528e-002 0. -5.78177627e-004
    -1.83995091e-003 2.78812856e-003 1.85910799e-003 -2.19946320e-004
    8.31623003e-003 0. 0. 2.55210721e-003 0. 0. 8.29854794e-003 0.
    7.92163983e-003 3.21101490e-003 1.74714590e-003 0. 1.55798497e-003
    0. -5.05283824e-004 8.85945847e-005 0. 0. 2.37495243e-003
    -3.50471190e-003 7.20393239e-003 -1.08092453e-003 -4.13800403e-003
    0. 7.29716336e-003 9.24475957e-003 0. 0. 1.42934767e-003
    6.58096466e-003 2.37019151e-003 1.60181208e-003 0. 7.38456321e-004
    0. 0. -4.07518470e-004 2.55181640e-003 0. 0. -6.83061639e-003
    3.86314676e-003 5.52576222e-003 0. 1.59421971e-003 3.24077182e-003
    -1.36658212e-003 8.61792505e-005 5.11612603e-003 1.32461858e-003 0.
    1.75761338e-003 7.66164449e-004 3.23254219e-003 -6.32004347e-004 0.
    0. 0. 9.83935874e-003 9.51649097e-004 0. 0. 0. 6.51047425e-003 0.
    -7.43665907e-004 1.00483978e-003 0. 7.80290808e-004 2.26764474e-003
    0. 2.02756748e-003 2.01792773e-002 9.70123243e-003 3.18138972e-002
    1.26558496e-003 -4.15017409e-003 7.70771969e-003 4.48218733e-003
    4.51420387e-003 1.58743765e-002 5.64093376e-003 1.06319529e-003
    -1.87641406e-003 0. 0. -4.96827299e-004 8.37860070e-003
    1.22711368e-004 0. 5.05543314e-003 0. 2.73010135e-003
    -1.05864066e-003 -6.34098891e-004 -2.53273265e-005 1.35021459e-003
    1.85848901e-003 1.81903725e-003 1.00248854e-003 0. 6.31925068e-005
    7.55447894e-004 -1.45047426e-003 6.43077539e-003 0. 0. 0.
    5.67319524e-003 0. 0. 0. 1.75147201e-003 -4.49581724e-003
    1.17858620e-002 2.78125936e-003 0. 5.59715647e-003 -5.22915107e-005
    1.79455627e-003 2.96093081e-003 6.08587265e-003 4.93679708e-003
    7.41540873e-003 -8.79645464e-004 4.13371576e-003 2.53122300e-003
    2.99763121e-003 0. 3.18827759e-003 6.85261097e-003 -2.36091809e-003
    0. 0. 0. 3.93242901e-003 -5.33047889e-004 0. -1.87078398e-003
    1.14129297e-002 0. 8.70576128e-004 -2.05120025e-003 2.01226082e-002
    -1.68071024e-003 0. 1.61172040e-002 8.19722563e-003 5.56584680e-003
    0. 4.08628816e-003 2.21537845e-003 2.15280204e-004 1.96504407e-003
    -2.07644724e-003 9.69067030e-003 6.25288673e-003 4.01483325e-004 0.
    5.95441600e-003 0. 3.72212660e-003 -2.59670243e-003 1.63221883e-003
    0. 0. 0. 0. 4.22776537e-003 -9.70388704e-004 1.07594056e-003
    5.16652362e-004 3.31332046e-003 0. 6.03331428e-004 2.94869591e-004
    5.58810495e-003 0. 1.41574303e-003 0. 1.85894535e-003 0.
    5.82952611e-003 8.74979654e-004 -3.83042439e-004 7.58470967e-004
    2.60395114e-003 0. 0. 8.18264147e-004 0. -1.74249336e-003
    -3.07701831e-003 9.02106753e-004 1.42908387e-003 0. 1.19958334e-002
    2.39012227e-003 -1.21679324e-004 0. 0. 1.35490987e-002
    -1.57538871e-003 0. 0. 0. 7.04025943e-003 3.27462354e-003
    3.16836801e-003 6.49828564e-007 0. 0. 0. 9.67038330e-003 0.
    2.12205132e-003 5.03768772e-003 -4.14453825e-004 0. 4.82334290e-003
    5.01574483e-003 -3.49230424e-004 0. 1.30970066e-003 7.35911634e-003
    4.48741717e-003 7.30956788e-004 0. 2.54900660e-003 0.
    5.34315303e-004 1.03013227e-002 0. 7.54189072e-003 0. 0.
    1.14728650e-003 0. 0. 1.57493318e-003 8.75084940e-003 0.
    1.57454063e-003 1.71115156e-003 1.65333645e-003 0. -1.71560736e-003
    2.80587748e-003 6.67086709e-003 1.52856449e-003 2.65817437e-003 0.
    0. 7.02097127e-003 3.40134185e-003 0. 0. 0. 7.00528873e-003 0.
    -3.06251692e-004 0. 6.58297678e-004 4.14581643e-003 0. 0. 0.
    -5.36398438e-005 -6.05020265e-004 0. 1.23190391e-003 0.
    4.32587182e-003 5.86606283e-003 1.15106869e-002 0. 0. 0.
    8.65999144e-004 0. 4.48606163e-003 0. 7.34983245e-003
    5.36961574e-003 2.30271555e-003 1.14997535e-003 0. 5.03804581e-003
    1.23495897e-002 1.79941673e-003 4.86575207e-003 1.59342377e-003
    3.14972567e-004 6.29297830e-003 0. 7.88161880e-004 1.14524029e-002
    0. 0. 3.95344617e-003 0. 0. 5.28497854e-004 8.82294669e-004
    5.29529154e-003 7.74933724e-003 1.00450452e-004 8.84532579e-004
    2.78928573e-003 1.11133058e-003 7.61577208e-003 0. 0. 0.
    1.06868072e-004 0. 1.64747387e-002 1.54888467e-003 -2.46130308e-004
    -2.63632101e-004 6.00482523e-003 1.85223203e-003 0. 1.53027766e-003
    0. 2.71254987e-003 2.53209900e-002 0. 0. 1.42516487e-003
    -5.82328299e-004 4.65117767e-003 1.15009351e-003 4.47262748e-004
    -1.67079619e-003 3.85480002e-004 0. 0. 0. -4.44923528e-004
    2.34313821e-003 5.74792596e-003 5.19252010e-003 0. 0. 0.
    2.83640414e-003 3.05919838e-003 1.03255436e-004 1.01758400e-002
    2.86079152e-003 3.10516474e-003 0. 0. -3.86522501e-004
    5.54378494e-004 2.79103965e-003 8.10792949e-003 9.47299122e-004 0.
    3.95324873e-003 5.21234516e-003 0. 5.16632944e-003 8.28389078e-004
    0. -4.11264227e-005 -2.44109557e-004 0. 9.28287845e-005
    7.54221692e-004 0. 6.89075270e-004 0. -1.35220168e-003 0. 0.
    -1.07383227e-003 0. 0. 5.66084113e-004 -9.06649730e-005 0.
    1.99762778e-003 0. 0. 1.23525213e-003 4.18318523e-004
    7.43348966e-004 4.85629821e-003</data></imageDescriptor>
</opencv_storage>
