<?xml version="1.0"?>
<opencv_storage>
<imageDescriptor type_id="opencv-matrix">
  <rows>1</rows>
  <cols>500</cols>
  <dt>f</dt>
  <data>
    6.38810918e-004 -6.10906747e-004 -2.72594101e-004 0.
    -2.15576401e-005 1.69348823e-005 0. 0. 3.01783741e-003
    1.76343150e-004 1.29592828e-002 9.14917502e-004 -1.47568178e-003
    1.55377435e-003 0. 3.48777161e-003 4.90619335e-003 0.
    1.27734756e-003 0. 7.61795440e-004 7.36592105e-003 -1.39928027e-003
    0. 0. 6.78280601e-003 1.67853832e-002 1.12384115e-003
    -1.74062687e-003 -2.63416115e-003 1.10022323e-002 0. 6.67716959e-004
    -6.79971185e-004 1.23660313e-004 5.00687445e-003 0. 1.89593565e-002
    7.23589025e-003 -3.85938038e-004 0. 8.23837612e-003 9.45958029e-003
    0. 5.25874668e-004 6.95634692e-004 1.25970354e-003 8.56798794e-003
    9.01603233e-003 8.57082102e-003 2.19337860e-004 0. 0.
    1.56681600e-003 0. 2.30266363e-003 0. 1.66351888e-002
    6.14947220e-003 8.78341962e-003 7.02548819e-003 2.09023332e-004 0.
    2.26560072e-003 3.75526492e-003 0. 0. 2.02877587e-003 0.
    7.02857389e-004 0. 2.06476357e-003 2.46822485e-003 2.55358196e-003
    0. 1.16994360e-003 0. 0. 0. 3.26773617e-003 -1.31720954e-004
    2.33075954e-003 2.22009505e-004 -1.23556401e-003 1.04399724e-003 0.
    1.39628327e-003 -3.84569634e-003 -9.90455272e-004 0. 1.14711479e-003
    -1.68855302e-003 2.53817439e-003 0. 0. 2.40110880e-004 0. 0. 0.
    4.04985901e-003 4.43881936e-003 0. 0. 2.31705629e-003
    4.10087034e-003 1.45786079e-002 9.16240155e-004 3.16973520e-003
    6.29992876e-003 0. -2.03017902e-004 1.24529563e-003 4.32972534e-004
    6.29717391e-003 0. -1.51057343e-003 -1.88094180e-003 5.56787010e-003
    0. 2.66622938e-003 0. 1.65203796e-003 0. 7.58119998e-003 0.
    3.06424708e-003 2.11519771e-003 4.16848250e-003 0. 0.
    2.92831683e-004 5.79286274e-003 9.46549699e-003 2.22773897e-003
    3.63963423e-003 1.37374913e-002 2.05994700e-003 -2.72570556e-004
    -1.31530920e-004 4.37935349e-003 2.36759381e-003 0. 0. 0.
    1.30893488e-003 7.21407414e-004 2.21763575e-003 -7.47673737e-004 0.
    0. -5.97741874e-003 0. 2.32025539e-003 0. 0. 2.09682435e-003 0. 0.
    1.89799827e-003 0. 0. 0. 4.11956152e-003 0. 0. 1.97687699e-003 0.
    3.46547598e-003 3.43617518e-003 0. 5.97207295e-003 0.
    2.88218027e-003 0. 5.77589683e-003 1.36073609e-003 3.15597514e-003
    0. -3.51445429e-004 8.21323018e-004 2.32776720e-003 4.70301555e-003
    3.27638793e-003 3.14629124e-003 8.47178698e-003 3.36039648e-003
    8.09002481e-003 3.36069451e-003 2.97834189e-003 3.44020454e-003
    7.83779752e-003 3.90839676e-004 -1.33029022e-003 2.52905520e-005
    1.08244352e-003 1.20711129e-003 -5.58112981e-004 5.87724848e-003
    4.27053077e-003 0. 0. 1.82251679e-003 4.91688028e-003 0.
    4.80931113e-003 1.21262914e-004 6.27720321e-004 6.44216721e-004
    7.54197827e-003 3.51950200e-003 0. 1.90374174e-003 6.66305248e-004
    1.20615354e-003 5.03797419e-005 0. 1.96727971e-003 1.48739654e-003
    2.35450780e-003 -4.26922226e-003 -2.40713311e-003 1.61738729e-003
    2.80301319e-003 7.98675348e-004 9.21863830e-004 4.46000090e-003
    1.23874890e-003 4.03766840e-004 0. 4.34758561e-003 0.
    2.56137736e-003 6.67292392e-003 5.65964589e-003 4.30817250e-003
    3.96361481e-003 0. 5.39344503e-003 0. 8.41832813e-003
    -4.24701866e-005 -3.98861041e-004 2.23523122e-003 0. 1.46113324e-003
    4.18745447e-003 1.77162967e-003 0. -1.43628276e-003 5.08523127e-003
    1.36280351e-003 2.68688286e-003 -1.14214068e-004 0. 4.00105584e-003
    -3.10616102e-004 0. -1.13145783e-004 0. 7.83480238e-003
    7.38595380e-004 3.12173576e-003 0. 4.15762886e-003 0.
    4.39723767e-003 -1.17798417e-003 0. 0. 2.40993701e-004
    -3.21389787e-004 -4.96729044e-004 1.36362878e-003 1.38223125e-002
    1.90987494e-002 4.42764210e-003 6.69734878e-003 5.61699970e-003
    1.14616370e-002 5.25008375e-003 1.11449799e-002 -1.37128017e-003
    9.44697182e-004 0. 6.72236900e-004 -3.60008213e-003 3.82443075e-003
    -1.08046678e-003 6.64747087e-004 7.85705727e-003 0. 1.42294413e-003
    3.83555866e-003 3.56919714e-003 4.89412108e-003 1.07400573e-003
    1.14745589e-003 4.70537180e-003 6.74484065e-003 9.70498472e-003
    3.12891044e-003 -5.09824790e-003 7.91541068e-004 1.16265577e-003 0.
    1.35864026e-003 5.38986351e-004 3.60368169e-003 2.66869902e-003
    2.41735205e-003 1.53530703e-003 -1.05094118e-003 0. -8.41367466e-004
    0. -8.88712879e-004 0. 1.24164682e-003 3.50346672e-003
    4.64883819e-003 0. 1.42690204e-002 0. 3.33110802e-003
    1.39090233e-003 -5.68822958e-004 0. 9.31159686e-003 0.
    2.88515142e-003 0. 4.46275854e-003 0. 7.49529293e-003
    -3.76465521e-003 0. 0. 5.02382987e-004 0. 0. 5.13152825e-003
    1.15929043e-003 1.85921323e-004 6.88099954e-003 1.72928930e-003 0.
    1.72522047e-003 -1.15806062e-003 0. 1.73117372e-003 -2.87124584e-003
    0. 1.36354594e-002 -1.38048804e-003 0. -6.94028102e-004
    2.46234471e-003 0. 0. 3.36481462e-004 2.97852978e-003
    4.61733574e-003 0. 6.86767744e-004 2.55121297e-004 3.69016454e-003
    9.52803902e-003 5.26167080e-003 3.15967156e-003 1.60161722e-002
    -5.03457741e-005 -3.73682327e-004 9.78105469e-004 -3.16128891e-004
    -2.86996037e-005 -6.82416576e-005 7.00147997e-004 9.53435723e-004
    1.48348203e-002 0. 2.30657193e-003 0. -1.21209514e-003
    5.71824727e-004 0. 0. 0. 4.14136099e-003 2.32062163e-003
    -8.20605128e-005 1.55210902e-003 2.83344579e-003 1.26453058e-003
    -5.66400529e-004 0. -5.02451265e-004 0. 6.11573597e-003
    7.16529042e-003 0. -3.82408005e-004 2.16329657e-003 -2.82168970e-003
    0. 0. 0. 1.26772011e-002 3.38554877e-004 2.45785620e-003
    1.18371879e-003 5.81509154e-003 -9.55892974e-005 0. 5.37604233e-003
    0. 0. -1.83382770e-003 0. 8.25196598e-003 0. 0. 0. 7.13004870e-003
    1.75877067e-003 -1.12081482e-003 7.81856198e-003 -5.43375500e-004
    -5.80540975e-004 0. 4.30873781e-003 3.20532476e-004 4.91898041e-003
    9.36233439e-003 0. 0. 2.21283617e-003 0. 2.65813054e-004
    1.15820020e-003 5.14841871e-003 6.70240540e-003 0. 3.89864412e-003
    9.95640527e-004 -1.37181091e-003 -3.94386007e-004 0. 0.
    1.30239001e-004 0. 1.04171624e-002 0. -2.59742164e-003
    1.84888346e-003 1.55384143e-004 8.49255084e-005 4.20690887e-003
    2.06534099e-003 -1.90467562e-003 0. -2.88572483e-004 0.
    1.35964292e-004 2.24911040e-004 8.63066502e-003 0. 3.38762999e-003
    4.80748480e-003 0. 8.94706522e-004 5.48560813e-004 0. 0. 0.
    3.61065613e-003 0. 4.30066226e-004 9.44991247e-004 -3.64566687e-004
    0. 3.41126975e-003 0. 0. 4.83728573e-003 4.34621982e-003
    -8.94949946e-004 5.85411792e-004 -1.80682109e-003 1.62752124e-003 0.
    1.24397429e-005 6.62386417e-003 2.16547190e-003 0. 0.
    2.62169517e-003 7.91523419e-003 3.53334472e-003 3.32960160e-004
    4.15558787e-003</data></imageDescriptor>
</opencv_storage>
