<?xml version="1.0"?>
<opencv_storage>
<imageDescriptor type_id="opencv-matrix">
  <rows>1</rows>
  <cols>500</cols>
  <dt>f</dt>
  <data>
    1.46664225e-003 9.78765660e-004 3.88414046e-004 6.06836635e-004 0.
    5.16903773e-003 5.56429243e-003 5.84813626e-003 2.27550883e-003
    2.59443000e-003 2.27653538e-003 -2.21006898e-003 0. 0.
    1.46596716e-003 1.66794503e-004 0. 0. 0. 1.65518199e-003
    1.24638027e-003 3.77176213e-004 3.25997756e-003 7.34760019e-004 0.
    -1.68110681e-004 8.48834589e-003 6.85407082e-003 1.28464645e-003
    4.15642839e-003 2.69065029e-003 1.41720672e-003 1.29408800e-004
    1.67893956e-003 3.24334274e-003 2.45556096e-003 6.60589430e-003 0.
    3.75468354e-003 5.84449759e-003 4.44261078e-003 5.14792278e-004 0.
    5.56930783e-004 0. 0. 0. 1.45387556e-003 2.37750378e-003
    -6.63042010e-005 -1.91807875e-003 7.22008524e-003 1.46490836e-003 0.
    2.65317713e-003 4.48848167e-003 -4.00258759e-005 6.13526767e-003
    8.44081456e-004 3.12572299e-003 1.39621668e-003 -2.90190359e-003
    5.26708225e-003 1.80429558e-003 3.62413866e-003 0. 3.92921176e-003
    -1.75099354e-003 -8.10287951e-004 9.31119267e-003 -1.02819526e-003
    1.28897314e-003 7.04349586e-005 4.36030189e-003 4.32113046e-003
    4.95970435e-003 2.49235402e-003 0. 3.23986984e-003 0.
    2.24939641e-003 -2.78370408e-003 2.44834041e-003 2.98490701e-003
    3.22715263e-003 1.59992103e-003 2.79092672e-003 2.67469441e-004
    -4.24031750e-004 6.09315559e-003 8.06184369e-004 7.81530223e-004
    5.35784522e-004 2.10626447e-003 2.11839494e-003 0. 2.90008099e-003
    3.78933991e-003 6.83887221e-004 1.80993427e-003 -3.72545095e-004
    2.86692783e-004 1.24720030e-003 2.03957278e-002 9.58556950e-004
    3.94456461e-003 1.68843823e-003 1.74593367e-003 2.14840588e-003
    1.55595760e-003 0. 5.00740018e-003 0. 2.33000540e-003
    8.30928038e-004 0. -3.12985794e-004 1.86520210e-003 0.
    -2.95700418e-004 4.46192571e-005 3.57664842e-003 3.35946563e-004
    1.78852619e-003 8.62232293e-004 0. 6.94497954e-004 7.53585342e-003
    1.42826594e-003 0. 2.09258683e-003 -3.13037512e-004 5.22633549e-003
    0. 1.73478766e-004 0. 3.40648391e-003 0. -3.29468050e-003
    1.59572414e-003 0. 6.26857998e-003 0. 0. 2.77889287e-003
    4.82179836e-004 6.70876529e-004 6.02834299e-003 0. 5.62814879e-004
    5.26007637e-003 0. 4.63628070e-003 1.02018863e-002 3.31149832e-003
    7.36113824e-003 2.62555690e-003 1.11952284e-003 -5.22925402e-004
    6.00512046e-003 0. 2.51010177e-003 8.04462004e-003 1.71527395e-003
    3.86703032e-004 -7.26476661e-004 5.04286401e-003 -2.37448630e-003
    2.36372510e-003 1.58376657e-004 4.60459152e-003 1.02386030e-003
    -2.63498933e-003 1.92455051e-003 6.03726134e-003 1.64690008e-003
    -4.85478959e-004 1.29491393e-003 -2.63853115e-003 -7.25666934e-004
    2.09657056e-003 0. 1.08695338e-002 0. 1.78671477e-003
    7.36602873e-004 2.77183508e-003 0. -1.28493353e-003 8.52888823e-003
    2.89685722e-003 2.35177903e-003 -1.41680264e-003 3.31527321e-003
    -1.47887171e-004 1.08495103e-002 3.01778130e-003 1.83257530e-003
    2.44827848e-003 3.21039953e-003 7.12224049e-004 2.18361709e-003
    1.14335259e-003 0. 5.86381461e-003 7.44923425e-004 1.20175129e-003
    5.16018225e-003 1.48893683e-003 -1.50455991e-004 5.19743282e-003
    2.08034995e-003 0. 9.94433183e-004 0. 2.50654342e-003 0.
    5.92624070e-003 8.41347093e-004 3.29884840e-003 -1.80670386e-003
    1.82869646e-003 0. 0. 2.08963803e-003 2.02405779e-003
    -6.97504031e-004 2.08694208e-003 -5.56890329e-004 3.37793957e-003
    3.67111270e-003 1.23768076e-002 1.61741942e-003 -6.23420929e-004 0.
    0. 1.13547035e-003 8.28882586e-003 2.64441548e-003 0.
    3.27653647e-003 1.58745295e-003 2.43595312e-003 2.25531170e-003
    7.58794369e-004 0. 0. 1.01682599e-004 2.81082350e-003
    4.47260914e-003 1.94555288e-003 2.70633330e-003 4.21712315e-003
    2.91130436e-003 0. 4.23624879e-004 -2.84007147e-005 5.79287298e-003
    0. 3.56770772e-003 4.72373469e-003 -8.46230425e-004 4.97844396e-003
    6.03467785e-003 -1.07296347e-003 7.52445252e-004 1.96293113e-003
    1.79750437e-003 2.36215652e-003 2.12453725e-003 9.20642284e-004 0.
    5.78664709e-004 1.98391126e-003 4.79494629e-005 0. 2.99850549e-003
    6.11897232e-003 0. 8.53366393e-004 1.06658065e-003 7.16204464e-004
    -7.65846693e-004 4.98254260e-004 1.83240103e-003 2.86054565e-003
    -5.43688948e-004 8.16308078e-004 0. 6.25403249e-004 -6.24750508e-004
    2.37089396e-003 -3.24383902e-004 2.29755184e-003 0. 4.27230122e-003
    3.00158805e-004 -4.94109408e-005 1.37510721e-003 1.56079861e-003
    8.49657925e-004 4.06695949e-003 -2.47130491e-004 2.95610330e-003
    8.35006183e-004 2.34409305e-003 2.59299739e-003 2.82183383e-003
    2.25514383e-003 1.85333251e-003 1.34500547e-003 1.25537731e-003
    5.34123974e-003 4.66472062e-004 9.67002590e-004 5.05995564e-003
    1.55130553e-003 4.03576950e-003 1.68381131e-003 4.44155885e-003
    1.16776291e-003 8.31784680e-003 0. 5.95590682e-004 -8.58483545e-004
    2.61821784e-004 3.44013912e-003 1.36917958e-003 0. 3.75958532e-003
    0. 1.89754069e-002 -8.68134317e-004 0. 8.49944714e-004 0.
    4.01928817e-004 1.16856641e-003 1.13141141e-003 -3.36274563e-004
    -1.46985811e-003 1.34137925e-003 1.72839896e-003 8.81152134e-003
    3.54087306e-003 0. 1.47313729e-003 4.60133096e-003 1.72666227e-003
    2.17885687e-003 -4.77452733e-004 3.36711202e-003 2.47234409e-003 0.
    2.03064410e-003 0. 4.87046968e-003 3.69906053e-003 9.30895284e-003
    2.60999106e-004 2.21998175e-003 4.00488917e-003 2.20177253e-003
    5.05492790e-004 0. 3.25526460e-003 1.65458943e-003 1.85665282e-004
    5.05909929e-003 7.23397359e-004 3.14470800e-003 3.91906360e-003
    2.03229114e-003 1.65212539e-003 0. 3.53001291e-003 0.
    3.67586245e-003 2.92822416e-003 3.28716123e-003 1.36519375e-003
    2.73451256e-003 1.99936656e-003 5.88112418e-003 1.58546155e-003
    6.89478358e-004 0. 3.93622722e-005 -4.94013366e-004 2.18087342e-003
    3.51646636e-003 1.93605898e-003 3.34126271e-005 2.21162359e-003 0.
    -4.73054795e-004 2.57549435e-003 1.19857152e-003 6.25713635e-003
    7.64081581e-003 9.11706709e-004 2.07019597e-003 2.91364314e-003
    6.72407961e-003 2.17515249e-002 2.54852721e-003 0. 0.
    2.98171211e-003 5.70881413e-004 8.10241501e-004 2.19106814e-003
    5.49714221e-003 4.67137666e-003 1.65871473e-003 5.06291725e-003
    7.56453676e-003 8.17151833e-003 4.32293303e-003 4.77730483e-003
    1.58043473e-003 4.09309636e-004 4.43657569e-004 3.24369920e-003
    2.66168476e-003 -6.47865585e-004 -2.18259008e-003 0. 0.
    4.32068220e-004 1.10949192e-003 5.34710288e-003 6.83750957e-003
    2.14926619e-003 1.29946508e-003 1.46669056e-003 6.55994401e-004 0.
    3.52064939e-003 0. 2.03261603e-004 1.26169994e-003 8.57674284e-004
    8.97146587e-004 0. 0. 1.22604228e-003 0. 5.73468162e-003 0.
    1.47690228e-003 0. 0. 1.44582242e-003 0. 1.40189135e-003
    7.55884126e-003 5.81551343e-004 0. 3.01762740e-003 4.95979749e-003
    1.65124075e-003 3.01670609e-003 1.57117262e-003 6.10970380e-003
    1.69532280e-002 4.51803859e-003 1.25296018e-003 4.31184610e-003
    1.62760075e-003 2.88668380e-004 0. 2.31084460e-003 -4.08963329e-004
    0. -2.06950237e-003 2.06944905e-003 0. 0. 0. 2.54977401e-003
    8.35463684e-003 1.34900329e-003 0. 0. 0. 5.79172280e-004
    2.78965035e-003 2.52676057e-003 1.37355260e-003 7.66916433e-004
    8.98631042e-005 3.36759211e-003 3.99732729e-004 4.71845764e-004
    -7.72290805e-004 2.94310879e-003 0. -3.76838667e-004 4.61993768e-004</data></imageDescriptor>
</opencv_storage>
