<?xml version="1.0"?>
<opencv_storage>
<imageDescriptor type_id="opencv-matrix">
  <rows>1</rows>
  <cols>500</cols>
  <dt>f</dt>
  <data>
    5.27996756e-003 5.44699980e-003 0. 0. 0. 0. 7.40201038e-004
    6.56143902e-003 -1.87933329e-003 3.69083765e-003 2.45997636e-003
    -2.49493401e-004 0. 0. 1.09485360e-002 -1.76833058e-003
    7.09055969e-003 0. 0. 4.38119238e-003 0. 0. 2.06282362e-003 0. 0. 0.
    1.01919882e-002 5.26193157e-003 6.36284612e-003 1.39904581e-003
    1.74515061e-002 9.52925254e-003 8.28619394e-003 -4.59868461e-003
    4.40210383e-003 0. 9.47093964e-003 0. 0. 0. 1.56744197e-002
    5.83318109e-003 7.08254939e-003 0. 1.57160033e-002 1.09694442e-002
    7.43706105e-003 -1.51557964e-003 5.10861818e-003 -1.65497721e-003 0.
    3.76878376e-003 -2.36918125e-003 0. 0. 8.59781820e-003 0. 0. 0.
    5.92623092e-003 0. 3.68734309e-003 1.26061914e-002 8.60578567e-003
    0. 0. 0. 0. 2.93755234e-004 3.37093580e-003 -3.15148965e-004
    6.38284069e-003 0. 5.36525343e-003 0. 7.36879610e-006
    1.46366411e-003 0. -4.73749038e-004 7.62318354e-003 1.00468947e-002
    1.82781443e-002 0. 0. 2.16767360e-002 -1.81508774e-003
    1.18881301e-003 1.49703231e-002 0. 0. 0. 0. -1.92620361e-003
    -2.21619892e-004 1.83030069e-002 0. 2.23099929e-003 0.
    1.48402283e-003 -3.91049281e-004 2.71707744e-004 1.96874491e-003 0.
    -2.77379854e-003 0. -2.27583596e-003 5.30047389e-003 0. 0.
    -3.42053594e-004 5.64764207e-003 0. 7.03867525e-003 0.
    2.14436464e-003 0. 2.00353167e-003 0. 3.49039538e-003 0.
    -3.22774774e-003 0. 0. 0. 8.90630484e-003 0. 7.48223159e-003
    3.65972053e-004 2.46851938e-003 -4.36994387e-003 0. 6.22598780e-003
    1.49584864e-003 0. 3.47011210e-003 1.10839168e-002 4.54749726e-003
    1.20339794e-002 0. 8.32423940e-003 4.30536410e-003 0. 0. 0. 0.
    2.97803618e-003 9.59868717e-004 0. 0. 0. 7.58513203e-003
    -3.56597290e-003 -4.06915974e-003 4.56019072e-003 0. 1.75686646e-003
    3.08378227e-003 0. -3.49493185e-003 0. 0. 0. 6.46261149e-004 0. 0.
    1.45677908e-003 0. 0. 0. 0. 5.09691471e-003 0. 0. -1.86954462e-003
    0. 3.42062465e-003 8.13350547e-003 0. 0. 0. 0. 0. 5.71225025e-003
    -7.39618787e-004 1.69041893e-003 6.39715092e-003 -5.31257363e-004
    3.86947510e-003 0. 0. 0. 3.39276856e-003 0. 2.69544940e-003
    8.61077476e-003 0. 0. 0. 4.02310956e-003 9.90480068e-004 0. 0. 0. 0.
    3.38114984e-003 0. 0. 1.16088905e-003 5.24834380e-004 0. 0.
    1.73135730e-003 0. 0. 0. 2.30300683e-003 1.29916100e-002 0. 0.
    -2.71544326e-003 0. 0. 0. 7.00294832e-003 4.56747832e-003
    7.72867235e-004 5.06462483e-003 0. 3.02174152e-003 0.
    2.28821160e-003 7.72082759e-003 1.44337153e-003 5.71776042e-003
    5.92473568e-003 1.58187710e-002 0. -3.40071437e-003 1.70760620e-002
    0. -2.17904383e-003 3.18517303e-003 0. 2.86631077e-003 0.
    3.14896251e-003 0. 0. 0. 8.65527149e-003 -3.70124285e-003
    -2.68578087e-003 0. 0. -1.79080188e-003 2.87018763e-003
    -1.06116699e-004 1.22991689e-002 0. 7.33535038e-003 0.
    3.46080703e-003 1.96812674e-002 -4.40523447e-003 -2.49412702e-003
    1.40524292e-002 2.16551227e-004 0. 0. 0. 0. 0. 0. 6.20146887e-003
    5.42409299e-003 0. 0. 0. 0. -2.19595945e-003 0. 3.33925430e-003
    9.05457884e-003 0. 3.48904706e-003 0. 0. -5.66275837e-003 0. 0. 0.
    3.78818507e-003 0. 0. 0. 0. 8.64550285e-003 0. 4.69920784e-003
    -2.12734914e-003 3.82381142e-003 1.44325488e-003 4.78236331e-003
    2.04768381e-003 1.76321506e-003 2.03033839e-003 0. 2.51431018e-003
    0. 3.69500555e-003 0. 1.52329076e-003 0. 0. 7.71304732e-003
    8.69345944e-003 0. 0. 1.28285168e-002 0. 0. 0. 0. 1.50264613e-002 0.
    9.69173852e-004 0. 2.99120555e-003 9.05253459e-003 2.49265181e-003
    0. 0. 3.69596714e-003 0. 0. 4.43651108e-003 4.42299386e-003 0. 0. 0.
    6.16715057e-003 0. 6.07898971e-003 1.63206877e-003 0. 0. 0. 0. 0. 0.
    3.22355330e-003 1.53260818e-002 0. -1.94844743e-003 0. 0. 0. 0. 0.
    0. 0. 0. 1.32179400e-003 0. 1.34683924e-003 -3.01763299e-003
    1.82956835e-004 5.32011641e-003 1.40695518e-003 1.73702242e-003 0.
    0. 0. 5.03485603e-003 -3.55878402e-003 0. 0. 2.29690108e-003 0. 0.
    0. 1.16079545e-003 0. 1.18390545e-002 0. -1.74891052e-003 0. 0.
    3.58752464e-003 -1.51626518e-004 0. 5.90020837e-003 0.
    7.78748747e-003 0. 0. 0. 1.39449630e-003 0. 6.27123285e-004
    1.42547046e-003 4.10233717e-003 0. 4.61490406e-003 3.59797641e-003
    -2.30740261e-005 0. 4.77069616e-003 0. 4.55598021e-003
    3.80740687e-003 3.59535217e-003 0. 1.19380429e-002 0.
    2.27792691e-002 0. 0. 0. 3.32778227e-003 0. 0. 3.13005387e-003 0.
    2.02121399e-003 0. -2.76839547e-003 0. 0. -3.25968635e-004
    2.82623569e-005 0. 0. 0. 0. -3.72909172e-003 0. 0. 0.
    1.60867916e-004 5.61218895e-003 0. 2.62954482e-003 0. 0. 0. 0.
    3.07991868e-003 1.57377012e-002 1.13008311e-002 0. 0.
    8.90608691e-003 0. -2.39305454e-003 0. 3.52002261e-003 0.
    -1.70568225e-003 0. 0. 1.05994951e-003 0. 0. 0. 0. 6.07320620e-003
    0. 0. 9.41332988e-003 0. 0. -1.53194158e-003 3.57402489e-003
    1.07736816e-003 -3.57852527e-003 0. 1.79632206e-003 0. 0.
    5.69390552e-003 0. 0. 0. 0. 0. 0. 0. 0. 0. 1.17219836e-002
    -1.39554439e-004 3.36174713e-003 0. 0. 5.25795342e-003
    1.38255972e-002 0. 0. -1.56961579e-003</data></imageDescriptor>
</opencv_storage>
