<?xml version="1.0"?>
<opencv_storage>
<imageDescriptor type_id="opencv-matrix">
  <rows>1</rows>
  <cols>500</cols>
  <dt>f</dt>
  <data>
    0. 1.18421037e-002 0. 2.42463336e-003 0. 0. 1.79442461e-004 0. 0.
    -1.70944969e-003 5.07357391e-003 0. 0. -3.88950715e-003
    8.67216755e-003 2.89641303e-005 0. 6.02148566e-003 0. 0.
    2.73898535e-004 0. 0. 1.56219103e-004 0. 1.19540119e-003
    2.82953084e-002 0. 0. 3.07866428e-002 3.26563604e-002 0. 0.
    3.17089120e-003 0. 0. 0. 0. 0. 3.01971193e-003 0. 1.73050468e-003 0.
    3.99465533e-003 -1.04001304e-003 2.17014384e-002 -3.70146288e-003
    -8.45378847e-004 4.13783942e-004 5.59330685e-003 0. 2.53604650e-002
    0. 0. 6.91787573e-003 8.18511471e-003 5.75561915e-003 0. 0.
    1.00468064e-003 5.00223320e-003 0. 0. 0. 2.51806388e-003 0. 0.
    7.66864337e-004 0. 5.60427725e-005 0. 0. 0. -9.21737403e-003
    8.45255272e-004 5.31893037e-003 0. 5.90039091e-003 0. 0.
    7.91143160e-003 1.54140014e-002 0. 1.69677555e-003 7.90922064e-003
    2.89050722e-003 1.13214506e-003 -5.26943756e-003 0. 8.08503479e-003
    -2.56172172e-003 0. 0. 1.67078990e-003 0. 2.66128080e-003 0.
    8.76545324e-004 0. 1.43369325e-002 0. 7.74268946e-003 0.
    5.08966623e-003 0. 0. 0. 0. 0. 7.34806817e-005 2.16525723e-003 0.
    -3.09495581e-003 0. 2.47421372e-003 0. 0. 0. 0. 0. 0. 0.
    5.66287618e-003 0. 5.09081874e-003 0. 1.33471412e-003
    6.64209062e-003 0. -1.09323123e-002 6.11272966e-003 -2.52064579e-004
    2.07124627e-004 0. 0. 0. 0. 0. -2.82077468e-003 0. 0. 0. 0. 0.
    8.70208628e-003 0. -2.82758800e-003 0. 0. 3.25166923e-003 0.
    8.75253510e-003 6.27776328e-003 0. 0. 0. 3.09984735e-003
    2.02379096e-003 0. 6.21105079e-003 -2.42773071e-003 8.43428914e-003
    3.24337889e-004 2.00314559e-002 0. 0. 0. 1.36941355e-002 0.
    4.02441667e-003 -1.70682120e-004 0. -2.81763216e-003 9.36378725e-003
    0. -1.19918142e-003 -1.20091363e-005 0. 2.04782141e-003 0.
    1.75571069e-003 0. 1.36556802e-002 4.05126764e-003 0. 0.
    -1.36639900e-003 -1.80759071e-003 0. 0. 0. 4.01324825e-003 0. 0.
    6.64367690e-004 0. 1.56489958e-003 0. 3.95799708e-003 0. 0. 0. 0.
    9.87604260e-003 0. 5.25418902e-004 9.68461391e-003 0. 0. 0.
    1.13713229e-002 0. -3.06037930e-003 0. 1.91666167e-002
    4.69046505e-003 0. -2.13910383e-003 0. 1.00878654e-002 0.
    2.62979046e-003 0. 0. 1.47922123e-002 0. 0. 0. 4.19080630e-003 0.
    1.11669023e-002 1.04136579e-002 1.97596643e-002 -3.46468622e-003 0.
    1.14446981e-002 4.66746558e-003 -1.16960809e-003 1.83941592e-002
    -3.42438184e-003 0. -4.30465536e-003 6.61702827e-003 2.88067851e-002
    0. 1.64555118e-003 0. 0. 0. 0. 1.33104762e-003 0. 6.01736689e-003 0.
    0. 0. 0. 1.92981139e-002 7.86812379e-005 0. 0. 2.65284255e-002
    6.06459891e-003 3.24122212e-003 3.74691066e-004 -2.33465480e-003
    1.16027065e-003 0. 0. 0. 0. 1.77568309e-002 0. 0. 0. 0. 0.
    1.45675298e-002 0. 1.71747862e-003 0. 0. -3.97458021e-003 0.
    4.53887414e-003 0. 0. 0. 0. 0. 0. 0. -3.64973326e-003
    3.64176836e-003 7.07035651e-003 0. 0. 0. 2.20216904e-003
    1.99696491e-003 0. 0. 0. 0. 0. 0. -1.14244164e-003 0. 0. 0. 0.
    8.32271576e-003 6.93388935e-003 0. 4.34219139e-003 7.50334514e-003
    0. 0. 4.30683047e-003 3.86341824e-003 0. 0. 0. 5.74924657e-003 0. 0.
    0. 0. 1.92308275e-003 0. -1.22235261e-003 0. -6.65838539e-004 0.
    7.12502340e-004 0. 0. 0. 0. -2.95673055e-003 1.22871399e-002 0.
    1.38899821e-004 2.33584195e-002 -7.88855925e-003 0. 0. 0.
    2.86644587e-004 0. -2.96972226e-003 0. 0. 6.34896709e-003 0. 0. 0.
    -1.04589080e-002 2.88744504e-003 0. 0. 2.40821484e-003
    -1.55792339e-003 0. 0. 0. -4.41891607e-003 -2.01145723e-003
    4.11784882e-003 -2.47942959e-003 0. -1.90933514e-003 0.
    1.10718915e-002 0. 6.14615506e-004 0. 0. 0. 0. 6.29015313e-003
    1.00404546e-002 0. 0. 0. 1.39227072e-002 4.63359291e-003
    3.78425443e-003 -7.44872727e-003 0. 0. 0. 0. 2.83493567e-003
    1.53694684e-002 2.47727078e-003 0. 0. 0. 0. 0. -7.23056030e-003
    -8.22722432e-005 1.57498624e-002 0. 4.35426692e-003 1.56316683e-002
    4.46975324e-003 0. 0. 1.30660636e-002 1.11213005e-004 0. 0.
    -1.47159712e-003 0. 4.64107616e-005 2.59395363e-003 2.82153115e-003
    0. -1.09151052e-003 0. 6.17710873e-003 0. -2.58208206e-003 0.
    1.13860089e-002 0. 1.41705677e-004 0. 0. -4.71644802e-004 0. 0.
    1.17195174e-002 0. 0. 4.86841705e-003 6.89366506e-003
    -1.80449826e-003 0. 0. 0. 3.46640870e-003 -2.56861863e-003
    8.16234015e-003 6.68676617e-003 1.68278720e-003 0. 2.03150022e-003
    0. 1.59824565e-002 -2.77184090e-003 0. 5.32771973e-003 0.
    2.27245409e-003 0. -2.86910823e-003 0. 0. 0. 3.05189169e-004 0. 0.
    1.64261251e-003 1.65348556e-002 0. 0. 0. 0. 0. 0. 0. 0. 0. 0. 0. 0.
    0. 0. 0. 2.19617202e-003 1.41936941e-002 0. 0. 0. 0. 1.98311685e-003
    2.69349176e-003 0. 7.10060867e-003 0. 0. 0. 0. 5.70064643e-003 0.
    4.53498261e-003 1.03809731e-003</data></imageDescriptor>
</opencv_storage>
