<?xml version="1.0"?>
<opencv_storage>
<imageDescriptor type_id="opencv-matrix">
  <rows>1</rows>
  <cols>500</cols>
  <dt>f</dt>
  <data>
    4.25676955e-003 0. 6.69621024e-003 0. 2.09700479e-003
    5.53192047e-004 0. 0. 1.43289159e-003 8.07486940e-003
    1.33358622e-002 3.76798096e-004 1.06086617e-003 1.27088325e-003
    4.52250382e-003 -2.73107318e-004 0. 7.03079021e-003 1.86371710e-003
    0. 0. -1.84141030e-003 3.19222058e-003 -2.49528443e-003
    2.90074124e-004 3.08067608e-003 0. 5.88411279e-003 -1.53518596e-003
    0. 1.42485555e-003 5.33869839e-004 1.27905281e-003 3.87354032e-003
    1.18763291e-003 3.97743611e-003 0. 1.66839978e-003 1.13386638e-003
    -1.35714025e-003 9.76143347e-004 0. 1.65570248e-003 2.06900924e-003
    9.34964418e-003 -2.43391795e-003 6.20659068e-003 -4.61153593e-003 0.
    6.49046910e-004 0. 5.17770881e-003 0. -2.39785458e-003
    2.44324142e-003 -2.45974989e-005 0. 3.17756855e-003 8.21276102e-004
    0. 0. 7.31160049e-004 3.90451774e-003 1.23039223e-002
    7.64966186e-004 0. 0. 0. 2.29334124e-004 9.27586295e-003
    2.74216477e-003 1.86979561e-003 0. 0. 1.24653720e-003
    1.87458482e-003 3.75374104e-004 0. 0. 5.40721975e-003 0. 0. 0. 0.
    7.12566217e-003 2.59874039e-003 0. 0. 2.57088733e-003 0. 0.
    9.55869444e-003 5.03619621e-003 0. 7.28498120e-003 0. 0. 0. 0. 0. 0.
    7.44704856e-003 2.05450738e-003 -6.23600837e-003 1.46000516e-002
    1.21591089e-003 0. -1.68701727e-003 6.15759753e-003 7.02447491e-003
    3.96846747e-003 4.25781938e-004 2.53171101e-003 -2.93501100e-004 0.
    9.84774809e-003 3.22718848e-003 0. 5.82123548e-003 1.34537311e-003
    -1.94520064e-004 0. 0. -1.60551266e-004 2.15588510e-003 0.
    5.28940419e-003 0. 5.16276015e-003 4.18625679e-003 0.
    3.41561669e-003 0. -2.78491585e-004 5.33495191e-003 7.56338146e-003
    0. 1.81452502e-002 -1.80458429e-003 6.33307674e-004 8.34568962e-003
    3.83333117e-003 0. 2.11843709e-003 0. 3.23437416e-004
    2.74456479e-003 1.70202367e-003 0. 4.47495288e-004 9.75553971e-003
    4.76123160e-003 0. 0. -6.66649663e-004 6.15112158e-003 0.
    6.58729114e-003 2.88582931e-004 0. 0. 0. 0. 5.23034530e-003
    2.17998330e-003 0. 8.86913296e-003 0. 2.81421142e-003
    3.51509918e-003 4.91650961e-003 2.64381920e-003 0. 1.13574020e-003
    7.62635842e-003 1.22685758e-002 7.82200508e-003 0. 3.05968197e-003
    1.22248381e-003 4.91409237e-003 2.52315495e-003 0. 8.84075463e-003
    4.86993790e-003 3.83540778e-003 0. 1.08954497e-003 2.90338176e-005
    9.82017163e-003 0. 0. 3.03900073e-004 1.62119570e-003
    5.21941762e-003 3.31130717e-003 0. 4.94079606e-004 1.66755961e-003
    7.02683860e-003 2.86335475e-003 2.03604388e-004 0. 3.00438842e-003
    0. 0. 2.65701604e-003 4.14140616e-003 4.67883004e-003
    1.41768821e-003 0. 4.16883966e-003 6.64747227e-003 0. 0. 0. 0.
    3.99313081e-004 0. 0. 0. 0. 2.29660724e-003 3.50304600e-003
    4.74542426e-003 1.59060792e-003 0. 1.40271417e-003 0. 0. 0. 0.
    3.92796053e-003 0. 0. 2.37266142e-002 2.27126922e-003
    1.21072622e-003 5.99162374e-003 7.42102682e-004 7.51870219e-004
    4.71750063e-005 6.19232003e-003 4.59477212e-003 0. -2.40651798e-003
    1.19509147e-002 0. 1.76227523e-003 4.25184425e-003 -2.45065219e-003
    -4.30996111e-003 0. 0. 0. 2.40424043e-003 6.72575668e-004
    1.07109582e-003 0. 0. 0. 0. -1.28801458e-003 5.66037418e-003
    3.34488717e-003 2.09095306e-003 6.21910789e-004 -2.81551434e-003 0.
    1.26521643e-002 4.73014032e-003 0. -3.25295143e-003 2.99316645e-003
    2.18120101e-003 2.94361310e-003 1.37973530e-002 8.06415081e-003
    1.95497856e-003 -1.29465549e-003 6.92777708e-003 1.10364314e-002
    -1.86970297e-004 1.08163711e-003 4.69776429e-003 0. -3.45737394e-003
    2.28708447e-003 4.92512062e-003 -6.55743061e-004 8.74352828e-003
    2.12807837e-003 0. 2.76486459e-003 1.68639887e-003 6.81172404e-003
    5.16198808e-003 0. 2.48478330e-003 1.19261393e-004 5.20227663e-003
    1.84963434e-003 0. 2.85166712e-003 0. 6.01804117e-003
    3.10107978e-004 8.96662357e-004 1.20229209e-002 4.12573572e-003
    -3.99430702e-003 1.98879442e-003 0. 0. 0. 5.55556035e-003 0. 0.
    -8.99419712e-004 0. 7.07570696e-004 5.81076415e-003 1.03980757e-003
    0. 3.66730848e-003 2.22644582e-003 5.63525781e-003 -1.21223333e-003
    0. 0. 8.99409468e-004 0. 4.88167256e-003 4.83551528e-003
    1.22655858e-003 2.50136456e-003 0. 0. 0. 0. 9.54404939e-004
    5.79476915e-003 1.43134838e-003 1.11889071e-003 0. 3.12382448e-003
    1.14870898e-003 -1.23022241e-003 0. 0. 1.10152988e-002 0.
    4.38086223e-004 3.20551824e-003 0. 0. 8.44710914e-004 0.
    1.41487597e-003 3.57010006e-003 2.65275198e-003 0. 0.
    1.00209075e-003 4.09411360e-003 3.68270930e-003 1.10663683e-003
    2.28849804e-005 7.26817548e-003 2.99986219e-003 2.73942365e-003 0.
    0. 0. 3.07359197e-003 0. 0. 1.00368971e-003 2.68738950e-003
    1.59309036e-003 2.67385249e-003 -1.37974927e-003 0. 1.32600069e-002
    0. 0. -4.15710150e-004 7.83104741e-004 0. 0. 2.31432146e-003 0.
    2.95244670e-003 5.19888848e-003 7.60444021e-003 -1.69654074e-003
    -6.35579287e-004 0. 5.11416560e-003 0. 3.87539645e-003
    -8.58699996e-003 3.57385492e-003 1.06243929e-003 0. 0.
    4.48540086e-003 1.40176120e-003 5.41571341e-003 0. 1.38192333e-003
    0. 0. 0. 0. 1.62040722e-002 0. 1.30888855e-003 0. 1.83087133e-003 0.
    0. 2.37179385e-003 5.78202307e-004 -1.33456441e-003 0.
    2.46497034e-003 1.10399472e-002 0. 7.48561881e-003 0.
    2.46469839e-003 0. 0. 3.75916803e-004 0. 3.67766502e-003 0. 0. 0. 0.
    2.96322117e-003 8.20297981e-004 3.41547723e-003 -1.35299459e-003 0.
    0. 0. 1.20308297e-003 3.85923637e-003 5.65196096e-004
    2.91387527e-003 1.31641375e-003 0. 0. 2.26853532e-003
    4.15872363e-003 0. 0. 0. 4.00612270e-003 0. 1.82541960e-003
    5.17578330e-003 0. 1.05741555e-002 -2.24067341e-003 4.68264974e-004
    -1.70906179e-003 8.57619941e-003 8.39758851e-003 0. 0.
    1.94551714e-003 6.43248553e-004 4.21235338e-003 1.98435900e-003 0.
    0. -2.24650162e-003 1.22548770e-002 2.22241529e-003 4.83874604e-003
    0. 1.99200143e-003 3.41624208e-003 0. 1.59410993e-003
    3.71282338e-004 0. 0. 0. 0. 1.05387969e-002 0. 4.23486065e-003
    4.19661123e-003 0. 0. 1.06218399e-003</data></imageDescriptor>
</opencv_storage>
