<?xml version="1.0"?>
<opencv_storage>
<imageDescriptor type_id="opencv-matrix">
  <rows>1</rows>
  <cols>500</cols>
  <dt>f</dt>
  <data>
    6.59708027e-003 1.41370445e-004 3.19762435e-003 1.30584126e-003
    5.67863695e-003 3.28647462e-003 3.96515522e-003 0. 4.41951491e-003
    2.33260356e-003 5.03252679e-003 1.52048806e-003 3.85531783e-003 0.
    8.24582204e-003 0. 0. 4.91279829e-003 1.20889861e-003
    6.57692039e-003 5.26183052e-003 2.50636619e-002 1.34491851e-003
    -5.29166544e-004 7.74239015e-004 0. -3.29507398e-004 0.
    1.17117008e-002 0. 1.23613616e-004 0. 0. 5.49669145e-004 0.
    2.42622383e-003 2.32000556e-003 2.08186707e-003 -4.56901471e-004
    1.01415515e-002 0. 9.79504455e-003 3.09170550e-003 -1.22073432e-003
    3.29503859e-003 1.71894659e-004 0. 3.87134333e-003 0.
    3.91580071e-003 0. 2.56192288e-003 0. 0. 0. -1.32067408e-003 0. 0.
    0. 0. 0. 0. 2.90211313e-003 0. 7.12189265e-003 0. -2.69433076e-004
    0. -6.00924890e-004 6.61603501e-003 0. 0. 7.35288672e-003 0.
    6.75791362e-003 0. 0. 0. -2.71334720e-005 2.79606576e-003
    2.56178435e-003 -1.45396090e-003 1.26528263e-003 9.41407168e-004
    8.56526429e-004 3.28990514e-003 0. 8.02528113e-003 5.21166995e-003
    3.64029524e-003 0. 1.67190342e-003 0. 1.27194379e-003 0.
    -3.65253683e-004 0. 2.92422972e-003 2.55940290e-006 0. 0.
    1.75908953e-003 0. 6.07074820e-004 5.81990695e-004 1.13572851e-002
    4.56550252e-003 3.90311307e-003 6.53626281e-004 -7.40373915e-004
    4.27844096e-003 1.36638386e-003 0. 5.59987617e-004 0. 0. 0. 0. 0.
    1.01973191e-002 0. 4.29935800e-003 0. 5.93457022e-004
    3.32589913e-003 2.30553513e-003 3.95558961e-003 4.68278723e-003 0.
    1.23018818e-003 0. 0. 0. 1.12429343e-003 0. 0. 7.85373244e-003
    1.00475159e-002 5.11315127e-004 0. 0. 2.21021730e-003 0. 0.
    4.26037936e-003 0. -1.18964165e-003 0. 0. 2.92807142e-003
    -1.47386431e-003 7.27151579e-004 2.85062531e-004 2.58542132e-004 0.
    0. 1.19115133e-003 0. 0. 0. 2.89694383e-003 6.37578918e-003 0. 0. 0.
    0. 2.71328352e-003 0. 0. 0. 3.29134334e-003 0. 1.28302081e-002
    6.68435544e-003 0. 8.95454921e-003 1.63806937e-004 2.57761613e-003
    2.12812261e-003 3.02604050e-004 0. 0. 0. 4.62738564e-003 0. 0.
    3.94614134e-003 0. -1.72138389e-003 8.23211682e-004 7.29603553e-003
    0. 3.01792589e-003 2.33435701e-003 1.31160188e-002 8.76525417e-003
    1.58263394e-003 0. -2.32936974e-004 0. 7.48962455e-004
    5.99971157e-004 4.63392178e-004 3.01192072e-003 3.89851816e-003 0.
    1.36873149e-003 0. 0. 5.02414582e-003 4.88950126e-003
    -1.00085359e-004 0. 4.65498277e-004 4.92009195e-003 0.
    5.91583597e-003 2.61524483e-003 2.69795931e-003 -3.08970967e-003 0.
    7.69959064e-003 0. 2.28516688e-003 3.48516216e-004 3.30122118e-003
    0. 0. -2.04094709e-003 5.25161857e-003 3.41374194e-003 0.
    6.35686656e-003 0. 9.89063736e-003 2.97179632e-003 0. 0.
    6.70407247e-003 4.55357693e-003 9.70696565e-003 9.83474962e-003
    2.93576531e-003 -1.83609361e-003 0. 3.63807613e-003 0. 0.
    1.86992867e-003 5.17118815e-003 0. 9.55588277e-003 1.85001490e-003
    3.34612606e-003 0. 2.68301531e-003 7.42321461e-003 3.18958890e-003
    0. 5.01111336e-003 -3.24185169e-003 5.69028175e-003 0.
    1.32807251e-003 1.06739858e-003 1.11836346e-003 9.01744002e-004
    1.08117296e-003 2.16207103e-004 7.17721321e-003 1.29268924e-003
    6.94093760e-003 -9.68604218e-005 0. 9.50404257e-003 6.91498956e-003
    4.04346385e-004 6.32402394e-003 0. 4.74899076e-003 6.70531113e-003
    -8.54420359e-005 7.89228175e-003 0. 0. 0. 0. -6.22712716e-004
    3.85746313e-003 0. 3.09695955e-003 3.93660692e-003 8.71910714e-003
    2.67238327e-004 1.26334361e-003 -3.17736180e-003 6.48670038e-003 0.
    6.18023518e-003 0. 0. 0. 0. 8.40466004e-003 0. 3.49999173e-003
    4.88687493e-003 0. 0. -1.71571574e-003 1.16325705e-003 0.
    1.11591509e-002 0. 0. 9.62475606e-004 0. 4.04135184e-003
    1.29919907e-003 0. 4.04884340e-003 -5.69935481e-004 2.53006327e-003
    -1.21718753e-004 0. 4.76666726e-004 0. 5.03038429e-003 0.
    3.15623917e-003 -1.29683118e-003 4.27161157e-003 3.39171151e-003
    1.64445490e-003 0. 5.70448255e-003 -1.15702314e-004 5.61545976e-003
    1.14750594e-003 -1.63314387e-003 0. 5.71974600e-003 4.19928832e-003
    -2.46395636e-003 3.70271271e-003 2.86355440e-004 4.87413118e-003
    6.74313214e-003 0. 5.91866905e-004 0. 0. 0. 8.40043591e-004
    -5.23397874e-004 0. 1.51224341e-003 8.76995921e-003 4.58276877e-003
    3.25033418e-003 5.45567134e-004 0. 0. 0. -3.44570988e-004 0.
    1.47611916e-003 1.88376987e-003 0. 2.91602849e-003 0.
    4.74212604e-004 6.57416601e-003 0. 2.10042088e-003 1.32611608e-002
    0. 4.38629359e-004 0. 0. -4.56555834e-004 1.35006744e-003
    4.94867424e-003 1.12986844e-003 1.76070142e-003 3.21502774e-003
    1.30162863e-002 9.50163975e-003 -2.80253612e-003 6.87941269e-004
    1.12701603e-003 3.04005062e-003 -1.16457220e-003 3.20806378e-003 0.
    0. 4.72886441e-003 0. -4.46150923e-004 0. 2.47284281e-003
    3.74621688e-003 0. 0. 0. 1.38595191e-004 0. 0. 0. 6.56491937e-003
    3.83010274e-003 5.77886775e-003 7.64032314e-003 5.76720480e-003 0.
    0. 2.40487442e-003 1.34769070e-003 6.14871988e-006 4.75688372e-003
    0. 6.54832134e-003 0. -1.64036217e-004 0. 0. 0. 4.14611911e-003
    3.61628155e-003 8.30882636e-004 2.06788629e-003 0. 0. 0. 0.
    5.47681775e-005 0. 2.09657755e-003 2.13296246e-003 2.26081800e-004
    4.13013063e-003 2.05615489e-003 1.61342707e-003 0. -3.86731536e-003
    0. 0. 0. 4.76340903e-003 1.50849465e-002 5.07624412e-004
    3.08441231e-003 0. -2.09360573e-004 4.00217483e-003 0.
    4.76371089e-004 -3.64326057e-004 7.80857226e-004 0. 6.82100095e-003
    0. 0. 0. 0. 5.13661606e-003 9.11740307e-003 -1.01582590e-003 0. 0.
    4.54989262e-003 0. 1.13928253e-002 0. 0. 8.80510639e-003
    -6.59209909e-004 1.29638063e-002 0. -1.54847221e-004 2.11964900e-004
    -1.04469736e-003 2.54320190e-003 0. 0. -2.17131994e-004
    4.17547813e-003 2.48779706e-005 0. 5.60424151e-003 2.16350076e-003
    -1.04527327e-003 1.94358930e-004 0. 0. 2.26747897e-003
    -4.45994781e-004 7.21865508e-004 0. 1.40424585e-002</data></imageDescriptor>
</opencv_storage>
