<?xml version="1.0"?>
<opencv_storage>
<imageDescriptor type_id="opencv-matrix">
  <rows>1</rows>
  <cols>500</cols>
  <dt>f</dt>
  <data>
    2.99887499e-003 8.41180515e-003 2.65746703e-003 2.33443198e-003
    8.44478491e-005 2.96855439e-003 1.57290895e-003 1.01768551e-002
    -1.82177604e-003 -4.10234090e-004 0. 0. 3.85220075e-004
    -4.07630811e-003 3.20176804e-003 2.47743260e-003 5.49433241e-003
    1.68309864e-002 0. -2.62122904e-003 1.23170931e-002 0.
    2.33940035e-003 2.36227084e-003 0. 4.97096244e-006 3.03317048e-003
    2.60639433e-002 5.30754635e-003 -2.27716658e-003 5.78551041e-003
    4.61904565e-004 0. 6.98342593e-003 1.22485828e-004 0.
    3.46029038e-003 0. -2.99373455e-003 3.23911896e-003 -2.14294367e-003
    0. 0. 7.43609667e-003 0. 1.81337651e-002 4.07139584e-003 0.
    1.48360513e-003 0. -2.97021400e-003 9.37925279e-003 1.99542544e-003
    -1.39105006e-003 1.91512250e-003 0. 1.27304613e-003 7.61737407e-004
    9.60813276e-003 0. 0. -1.16130337e-003 1.82065163e-002
    1.08758092e-003 -1.38180261e-003 7.33482791e-003 0. 1.35097501e-003
    0. 1.03225932e-003 8.49247538e-003 8.34359974e-003 0.
    4.81820246e-003 2.60064960e-003 1.21940637e-003 1.81167584e-003 0.
    -5.20205242e-004 0. 6.61560846e-003 -1.21471856e-003 7.85932425e-005
    0. -1.98690221e-003 4.92091244e-003 5.16508357e-004 -2.24612537e-003
    4.08719154e-003 0. 0. 0. 0. 3.94383632e-003 0. 0. 3.00646585e-004
    7.13040028e-003 2.02750228e-003 0. 1.33776087e-002 0.
    6.16679620e-003 3.31039599e-004 0. 1.89653621e-003 0.
    9.87798092e-004 -9.73145361e-004 0. 4.92138648e-003 0. 0.
    5.51878195e-003 0. -1.53274368e-003 0. 0. 8.10609665e-003 0.
    -2.56037863e-004 0. -5.09764114e-003 1.45675782e-002
    -3.60964514e-005 9.43020626e-004 3.09631438e-003 0. 0. 0. 0.
    2.62298272e-004 4.56299167e-003 -6.99597120e-004 0. 5.90313831e-003
    0. 1.09734237e-002 0. 0. 0. 0. 1.75234524e-003 1.26579334e-003
    2.46878411e-003 2.47346563e-003 -2.23442190e-003 5.54835005e-003 0.
    3.53557197e-003 7.61568372e-004 4.99496656e-003 -3.06105521e-003 0.
    0. 0. 0. 1.98270846e-003 2.47228541e-003 0. 0. -2.45097151e-004
    4.35914798e-003 0. 8.32671858e-003 0. 0. 3.94087378e-003
    5.00766886e-003 0. -1.95172592e-003 7.92402215e-003 7.39066571e-004
    1.32085541e-002 3.22651188e-003 0. 1.00636249e-002 0.
    4.03278042e-003 0. 0. 0. 3.65116191e-003 6.86874241e-003
    2.25518993e-003 -2.56015756e-003 1.40845019e-003 0. 0.
    2.28707073e-003 2.22365698e-003 4.96277632e-003 3.99923883e-003
    5.66579401e-003 1.96744711e-003 3.31709418e-003 2.45243195e-004
    1.61502662e-003 7.99155794e-003 0. 5.65895345e-003 6.82383589e-003
    0. 3.04671517e-003 3.80799617e-003 3.92341637e-004 1.87110696e-002
    1.33986063e-002 0. 2.30107238e-004 0. 0. 2.96802446e-003
    3.83007061e-003 0. -8.38530308e-004 0. 3.91212013e-003
    1.19053270e-003 -1.16662821e-003 0. -2.87763844e-003 4.83429944e-003
    2.48395093e-003 5.51345758e-003 -6.71104295e-004 6.34916266e-003
    3.01586487e-003 8.95685982e-003 0. -1.86474959e-003 5.66449575e-003
    2.26352247e-003 3.34063964e-003 8.63578543e-003 2.95860250e-003 0.
    6.48156600e-003 0. 5.86480042e-003 0. -5.88842621e-003 0.
    -1.75654329e-003 2.69441836e-004 0. -4.06733830e-004 4.86481329e-003
    -3.64520121e-003 3.52404267e-003 3.59510584e-003 0. 3.92377580e-004
    0. 0. 2.19137315e-003 1.29894901e-003 6.78244280e-003
    6.68631680e-003 0. -2.29311554e-004 9.94435605e-003 7.36384466e-003
    9.01568867e-003 6.56523276e-004 0. -2.77238087e-005 0. 0.
    2.24373257e-003 1.25992767e-004 -5.51460325e-005 -6.27795467e-004 0.
    9.22800042e-003 0. 0. -3.97664437e-004 0. 0. 2.47547845e-003
    6.39283098e-003 2.20589992e-003 5.87549759e-004 2.79009785e-003 0.
    3.67263169e-003 -2.77455640e-003 1.68070837e-003 0. 8.07689968e-003
    8.22750945e-003 4.03985940e-003 2.17432342e-003 0. 3.68033210e-003
    1.44833711e-003 6.04852103e-004 1.38848322e-004 6.08533295e-003
    -1.27299887e-003 -4.00840683e-004 1.62047916e-003 -1.40741910e-003
    5.28231170e-003 0. 2.10030377e-003 0. 6.48690271e-004 0. 0.
    1.47700775e-003 6.08163187e-003 9.53427225e-004 3.54167516e-003
    7.34093832e-003 0. 0. 1.33088572e-004 0. 6.42228825e-003
    8.14844295e-003 0. 1.46229158e-003 0. 0. 0. 0. 0. 0. 0. 0.
    3.86076979e-003 8.35773535e-003 -1.02500338e-003 6.99380692e-003
    3.20107373e-003 5.18489908e-003 3.36076948e-003 -8.73455079e-004
    7.86504149e-003 3.25378473e-003 6.70269772e-004 0. 5.70582517e-004
    0. 0. 0. 0. 0. 8.31017329e-004 0. 0. -4.18518297e-003
    -4.85699112e-003 1.95572735e-003 0. 2.17414461e-003 2.60223006e-003
    0. 0. 2.49872683e-003 2.65183020e-003 0. 1.06679788e-003
    1.68861472e-003 9.64773993e-004 0. -4.96253790e-003 -1.19013689e-003
    1.55848800e-003 0. 5.16870711e-003 0. 8.08147062e-003
    4.36363835e-003 -3.61576822e-004 1.84536446e-003 2.60537141e-003
    4.42677923e-003 3.50554520e-003 1.49176980e-003 0. -1.90346944e-003
    1.53868124e-002 8.40939023e-003 4.89816209e-003 3.90254636e-003
    -6.18425955e-004 0. 0. 0. 0. 4.29512514e-003 0. 0. 0.
    5.32340724e-003 2.21162150e-003 -2.24898191e-004 -6.47135428e-004
    2.15572957e-003 0. 0. 0. 0. 2.19218414e-002 0. 0. 0. 3.33072804e-003
    0. -6.22373045e-005 0. 9.58989433e-004 0. 3.10994522e-003
    8.46198527e-004 9.66766849e-004 5.50780073e-003 5.45218261e-003
    7.89434370e-003 0. 8.43249611e-004 1.63118960e-003 4.47612628e-003
    4.90295980e-003 0. 3.93742463e-003 -4.27619042e-003 5.67375543e-003
    5.10840211e-003 7.16012903e-003 -2.48086399e-005 1.06997890e-002
    -6.47457491e-004 0. 0. 6.32257853e-003 0. 2.90665682e-003
    7.78442423e-004 0. 1.10270211e-003 3.68014374e-003 6.92929432e-004
    0. 9.83154285e-004 0. 0. 0. 1.47058396e-003 2.68238201e-003
    6.07863162e-003 0. 6.39874861e-003 2.97295093e-003 -2.20671747e-004
    -1.08038855e-003 -9.79282311e-004 -1.13612262e-003 0.
    1.17115281e-003 -4.66902799e-004 1.87255512e-003 5.31432335e-004
    5.17955283e-003 3.53810331e-003 -1.92633510e-004 0. 4.49873181e-003
    -2.12615868e-003 0. 0. 9.38847545e-004 0. 1.61027024e-003
    1.32356700e-003 0. -1.15941570e-003 4.05430887e-003 0. 0. 0. 0.
    1.43211789e-003 -2.87774281e-004 0. 0. 0. 0. 1.08039810e-003 0. 0.
    4.33913944e-003 -9.94928996e-004 8.63830152e-004 1.13543011e-002
    4.19884035e-003 1.59319118e-003</data></imageDescriptor>
</opencv_storage>
