<?xml version="1.0"?>
<opencv_storage>
<imageDescriptor type_id="opencv-matrix">
  <rows>1</rows>
  <cols>500</cols>
  <dt>f</dt>
  <data>
    -2.42078654e-003 1.46015044e-002 0. 0. 8.87755828e-004 0. 0. 0.
    2.64380104e-003 0. 1.07161812e-002 4.46066540e-003 0. 0.
    1.52915027e-002 0. 7.24908838e-004 4.78099007e-003 0.
    1.07083274e-002 0. 0. 0. 0. 0. 0. 3.72740370e-003 1.37011735e-002 0.
    -1.74605206e-003 0. 0. 0. 0. 7.19787925e-003 0. 1.35897659e-002
    3.48448427e-003 -2.13656318e-003 -6.45308616e-003 1.98269449e-003
    1.27082551e-002 2.01765243e-002 0. -3.82111321e-004 1.63532107e-003
    0. -2.11347314e-003 0. 0. 0. 0. 5.97411068e-003 7.07246875e-003 0.
    0. 1.08789383e-002 0. 0. 0. 0. 0. -4.20944672e-003 1.78031661e-002
    6.84684282e-003 0. 0. 0. 0. 0. 0. 1.08897528e-002 0. 0. 0. 0.
    5.15728397e-003 0. 0. 0. 1.00609539e-002 0. 0. 4.22077719e-004
    1.04518561e-002 0. 0. 0. 0. 0. 2.40919157e-003 0. 0. 0. 0. 0. 0.
    7.32347649e-003 0. 0. 2.94050272e-003 0. 0. 0. 0. 0. 2.70210090e-003
    2.33585830e-004 -4.74300643e-004 0. 6.00761455e-003 3.73064028e-003
    0. 0. 4.91034519e-003 0. 8.75990558e-003 0. 6.32298598e-003
    1.79038476e-003 0. 0. 0. 1.76349916e-002 0. 0. 0. 0.
    -2.58184271e-003 -7.43029825e-003 0. 0. 0. 0. 0. 1.39009729e-002
    3.27481329e-003 1.52290193e-002 0. -6.68884162e-003 0. 0. 0. 0. 0.
    0. 6.70518400e-003 0. 0. 0. 0. 2.63958494e-003 3.76122026e-003
    -1.86353980e-003 0. 0. 0. 9.16651264e-003 1.26802623e-002
    -5.59215492e-004 0. 0. 0. 0. 0. 0. 0. 1.04531152e-002 0.
    7.41001917e-003 0. 0. 8.63187201e-003 0. 0. 0. -4.78294306e-003 0.
    0. 0. 0. 2.16530752e-003 0. 0. -3.10031988e-004 0. 6.23493455e-003
    0. 9.29396134e-003 0. 0. 0. 0. 0. 0. 2.32780469e-003 0. 0.
    1.02442782e-002 0. 0. 0. 1.50798506e-003 0. -5.14688576e-003
    9.33619402e-003 0. 5.77233220e-003 0. 0. 0. 0. 0. 3.80108762e-003 0.
    0. -4.02939087e-003 0. 4.01734421e-003 1.44805424e-002 0. 0.
    6.59032864e-003 3.88055714e-003 1.77968889e-002 1.61966216e-002
    4.81448398e-004 0. 1.01875905e-002 0. 0. -5.24568185e-003
    4.44710720e-003 8.79189372e-003 1.45145785e-002 2.88269781e-002 0.
    1.44075686e-002 0. 0. 2.10116222e-003 0. 0. 1.22983446e-002
    -2.37141456e-003 0. -1.09339878e-003 0. -4.48426651e-003 0.
    6.56486535e-003 8.63180496e-003 3.87488073e-003 0. 0. 0. 0. 0. 0. 0.
    0. -7.08887354e-004 0. 0. 0. 0. -8.06456525e-003 1.02847966e-003 0.
    1.04164481e-002 0. 6.26095152e-003 8.25253036e-003 0.
    5.08465944e-003 0. 0. 4.95253131e-003 0. 0. 3.75246699e-003 0.
    1.27731198e-002 2.51574069e-003 0. 0. 2.78212200e-003 0. 0. 0. 0. 0.
    0. 0. 0. 0. 0. 0. 0. -2.41916068e-003 0. 0. -7.61859678e-003
    -3.94693390e-003 0. 5.54466806e-002 0. 3.39172897e-003 0. 0. 0. 0.
    0. 0. 0. 1.95022812e-003 0. 0. 2.54741162e-002 0. 0. 2.12156102e-002
    0. 0. 0. 0. 0. 0. 0. 0. 0. 0. 0. 3.67116299e-003 0. 0. 0. 0. 0. 0.
    0. 3.60590331e-002 8.71190510e-004 7.76531687e-003 0. 0.
    5.67126879e-003 -7.28658575e-004 0. 0. 0. 0. 0. 0. 0.
    2.60565570e-003 0. 0. 0. 7.26170978e-003 8.52110889e-003 0. 0. 0.
    4.04851232e-003 6.76708762e-003 0. 0. -1.38789229e-003
    7.72359635e-006 -7.22378492e-004 -7.74435513e-003 0.
    -7.21826684e-004 1.67709868e-002 0. 0. 0. 0. 0. 0. 0. 0. 0. 0. 0.
    7.99491361e-004 0. 0. 0. 0. -3.17614037e-003 0. 0. 3.29678766e-002
    0. 6.58696424e-003 0. 5.27031836e-004 0. 2.33791812e-004 0. 0.
    -8.73451572e-005 0. 0. 2.36145370e-002 0. 0. 5.60018979e-003
    4.01470298e-003 4.31968598e-003 0. 0. 0. 0. 0. 0. 0. 0. 0. 0.
    1.01652043e-002 5.40758658e-004 4.08458244e-003 0. -1.62897370e-004
    0. 0. -3.56766721e-003 0. 0. 0. 0. 0. 0. 0. 0. 1.22049972e-002 0. 0.
    0. 0. 0. 1.27775185e-002 0. 1.26450798e-002 0. 1.11454204e-002 0. 0.
    0. 0. 0. 1.00447163e-002 0. 8.67402926e-003 0. 1.98383071e-003 0. 0.
    3.15212645e-003 -2.82696891e-003 0. 0. 0. 0. 7.19665270e-003 0.
    1.66755170e-003 -1.60507020e-003 0. 0. 0. 0. 0. 8.07056017e-003 0.
    7.42957555e-003 0. 0. 8.79139232e-004 6.15780568e-003 0. 0. 0. 0. 0.
    -4.63665742e-003 0. 4.96285548e-003 0. 0. 0. 2.22904584e-003 0.
    6.83071464e-003 0. 1.69883836e-002 6.86732028e-003</data></imageDescriptor>
</opencv_storage>
