<?xml version="1.0"?>
<opencv_storage>
<imageDescriptor type_id="opencv-matrix">
  <rows>1</rows>
  <cols>500</cols>
  <dt>f</dt>
  <data>
    -3.99236940e-003 2.13079201e-003 0. 0. 0. 0. 2.41298438e-003
    4.08365345e-003 0. 0. 0. 2.98088160e-003 0. 8.99945572e-003
    6.16722973e-003 0. 0. 0. 0. -1.73706294e-003 1.50982700e-002
    1.10735314e-003 0. 0. 0. 3.61663708e-003 -4.50609718e-003 0.
    3.88674322e-003 0. 1.61699811e-003 -4.00772132e-003 1.38650043e-003
    5.70801739e-003 2.30748137e-003 0. 1.11273509e-002 7.04283174e-003
    6.25628512e-003 0. 2.45707022e-004 7.00907363e-003 1.65705848e-002
    0. 0. -1.53171236e-003 0. 0. 3.17052985e-003 0. -1.93595572e-003
    -1.07212248e-003 0. 0. 0. 3.19638290e-003 0. 3.94926732e-003
    2.64587183e-003 -2.68063881e-003 1.00613211e-003 1.00507857e-002
    1.04659228e-002 8.38911626e-003 3.52036720e-003 0. 0. 0. 0.
    5.24678826e-003 -8.31231195e-003 0. 0. 0. -2.55796709e-003
    8.89326213e-004 0. 0. -5.46441952e-005 0. -3.75991315e-003
    -1.46777055e-003 5.50971739e-003 0. 1.26756104e-002 0.
    1.16561679e-002 3.88081698e-003 0. 0. 0. 4.92161373e-003 0.
    2.75779422e-003 -3.29693034e-003 0. 0. 8.84787529e-004 0.
    4.45947866e-004 0. 0. 2.44278274e-003 5.72388479e-003
    -2.52344180e-003 0. -2.27720896e-003 0. 0. 0. 1.62805791e-005 0.
    2.66784709e-003 -3.94379348e-003 0. 8.63008201e-003 0.
    -7.41652504e-004 8.44737142e-003 0. 0. 0. 0. 0. 3.40539739e-002 0.
    0. 0. 0. 0. 0. 0. 0. 2.00118916e-003 0. 2.79954746e-002 0.
    1.17803914e-002 0. 2.95764796e-004 0. 0. 0. 0. 0. 6.17437530e-003 0.
    3.65393166e-003 0. 0. -7.05936132e-003 3.34887486e-003 0.
    1.73001457e-002 0. 0. 0. 6.87607750e-003 0. 0. 0. 0. 1.39894476e-002
    2.41094083e-003 0. -2.10579229e-003 2.89087277e-002 3.13207973e-003
    -1.93791499e-003 0. 0. 0. 6.46336609e-003 0. 4.23468836e-003
    1.71322108e-003 0. 0. -3.10627418e-003 0. 0. 5.32264402e-003 0. 0.
    0. 2.84028868e-003 5.42919291e-003 9.97186359e-003 0. 0.
    -3.61619471e-003 0. 2.53671757e-003 1.47354987e-003 0.
    -1.15544644e-004 0. 0. 2.83055892e-003 0. 5.50747477e-003 0. 0. 0.
    0. 0. 0. 9.52923298e-003 2.80366442e-003 4.98787547e-003 0.
    4.16989997e-003 1.74173322e-002 0. 0. 0. 0. 0. 0. 0. 0. 0. 0.
    -9.99043044e-003 0. 2.81170588e-002 9.96927149e-004 0. 0. 0.
    2.79870955e-003 -1.04708420e-002 -1.15476293e-003 -5.08642988e-004
    0. -4.85250290e-004 0. 0. 1.37081183e-003 1.73093714e-002
    8.28203280e-003 0. 1.58431311e-003 1.61297657e-002 1.90446265e-002
    2.14514676e-002 0. 0. 0. 1.37640294e-004 -3.64881451e-003 0. 0.
    2.84065101e-002 0. 0. 2.98083597e-003 9.95458197e-003 0. 0. 0.
    8.61529075e-003 -4.04068327e-004 0. 1.20896439e-003 2.72054505e-002
    1.19123254e-002 0. 0. 1.53844315e-003 2.35606246e-002
    -7.85924867e-003 0. 0. 1.80373888e-003 0. 0. 0. -3.04886798e-005 0.
    0. 0. -1.64750812e-003 0. 1.45574370e-002 0. 0. -9.33763105e-003 0.
    0. -1.48362748e-003 3.42434645e-002 1.78252149e-003 0. 0.
    3.89891071e-003 0. 0. 0. 1.45704718e-003 0. 0. 9.99901793e-004
    -1.54716952e-003 -3.90407583e-003 1.69973560e-002 0. 0. 0. 0. 0.
    -2.68562464e-003 2.66920659e-004 1.02225237e-003 0. 0. 0.
    1.34845066e-003 1.38951268e-003 0. 0. 0. 0. 0. 0. 1.64275765e-002 0.
    3.96567339e-005 0. 0. 0. 0. 0. 1.53716188e-003 0. 0.
    -1.74165738e-003 0. 0. 0. 0. 0. 6.06653932e-003 0. 0.
    2.10758043e-003 -6.00548112e-004 0. 0. 0. 0. 0. 0. 0.
    -3.22849699e-003 0. 0. 1.03737153e-002 0. 0. 2.03683879e-003 0.
    8.28058179e-003 0. 0. 1.96670853e-002 0. 1.00658205e-003 0.
    4.35826834e-004 0. 7.46675115e-003 1.49824261e-003 -1.21838681e-003
    8.40517785e-003 0. 0. 6.80604065e-003 2.65345559e-003 0.
    2.41968664e-003 6.12786133e-003 0. 0. 0. 0. 0. 2.90493341e-003
    -3.17347981e-003 0. 0. 0. 6.21281890e-003 9.73577204e-004 0.
    1.21581739e-004 0. 1.46192284e-002 0. 0. 6.01175427e-003
    1.79022388e-003 0. -6.45370595e-003 0. 0. 0. 0. 0. 0.
    5.64133236e-003 1.03288274e-002 7.96486903e-003 1.49151087e-002 0.
    1.23116020e-002 0. 0. 6.55370811e-003 0. 0. 1.20215374e-003
    9.36696958e-003 6.21179293e-004 0. 0. 1.20129753e-002 0.
    9.40368697e-003 -3.84542136e-003 0. 0. 0. 0. 0. 1.22587699e-002
    2.62819678e-002 0. 0. 2.34579458e-003 -4.47451835e-003 0. 0.
    8.21557641e-003 -1.68076565e-003 2.87273014e-003 0. 0. 0. 0. 0. 0.
    3.84220257e-005 0. 3.85128660e-003 6.80663204e-003 -9.49248904e-004
    5.69771649e-003 0. 0. 0. 0. 0. 3.28855100e-003 0. -2.70590477e-004
    8.99875816e-003 0. 0. 0. 0. 0. 0. 0. 1.97953684e-003 0.
    9.14779212e-003 9.37286578e-003 0. 0. 0. 0. 0. 0. 0. 3.56591539e-003
    -1.64163322e-003 0. 0. 5.62778255e-003 4.79018502e-003 0. 0. 0.
    -2.16205139e-003 0. -4.11832356e-004 0. 0. 1.94255039e-002</data></imageDescriptor>
</opencv_storage>
