<?xml version="1.0"?>
<opencv_storage>
<imageDescriptor type_id="opencv-matrix">
  <rows>1</rows>
  <cols>500</cols>
  <dt>f</dt>
  <data>
    4.80247103e-003 1.61757763e-003 1.15570740e-003 0. 1.55795505e-003
    0. 0. 5.32163947e-004 2.23834300e-003 2.55382247e-003 0. 0. 0.
    6.82960264e-004 2.46077403e-003 -2.43874709e-003 1.62582076e-003
    7.34322239e-004 2.47642095e-003 0. 4.30562766e-003 1.23890117e-002
    1.15457596e-002 5.01734496e-004 0. 8.53697211e-003 4.39143414e-003
    2.45656027e-003 1.10703185e-002 1.00905652e-006 3.67685966e-002 0.
    -5.27773984e-004 5.28246351e-003 0. 1.08976837e-003 -1.02326809e-003
    0. 2.53612641e-003 0. 0. -2.60348461e-004 3.83254886e-003
    1.19340711e-003 0. -1.28289696e-003 1.23624015e-003 -3.11463751e-004
    1.97389652e-003 2.11608806e-003 6.30647584e-004 9.83505044e-003 0.
    -1.09319470e-003 0. 0. 5.39255142e-003 2.67950562e-003
    4.19116142e-004 0. 1.10179733e-003 0. 2.99889292e-003
    9.58936848e-003 2.53497646e-003 0. 0. 1.33094389e-003
    1.76677553e-004 2.69288756e-003 7.85790570e-003 2.39391564e-004
    1.15991116e-003 0. 0. 1.73656456e-003 0. 8.10163212e-004
    1.20105559e-003 0. 9.33463685e-003 0. 2.43435218e-003 0.
    1.30384357e-003 6.26468612e-003 6.78309146e-003 -1.19713694e-003
    1.95947150e-003 0. 0. 2.35558604e-003 2.81153270e-003
    7.51265208e-004 3.68025713e-003 0. 1.11783222e-004 2.12272469e-004
    7.79878302e-003 0. 3.97488847e-003 0. 0. -1.43464102e-004
    -1.17441942e-003 4.38093301e-003 2.08349619e-003 0. 5.03133982e-004
    -1.34136317e-005 3.17414384e-003 6.71939459e-003 6.77653262e-003
    5.62137086e-003 9.00703075e-004 0. -9.55613970e-004 6.91588642e-003
    0. 0. 6.74235052e-004 1.48178462e-003 5.22167946e-004 0. 0. 0.
    -1.91714300e-003 5.62394969e-003 7.16690766e-003 -1.32753211e-003 0.
    1.29326514e-003 0. 0. 1.43296213e-003 -7.34393019e-004 0.
    1.21039199e-002 7.14743685e-004 3.40397959e-003 1.95507589e-003
    5.13787032e-004 0. 7.66143727e-004 0. -1.21902704e-004 0. 0. 0.
    5.68967080e-004 2.12005456e-003 9.84942354e-003 6.93799928e-003 0.
    5.14357304e-003 0. 3.83596169e-003 4.87709389e-004 0. 0. 0.
    6.53644791e-003 0. 5.65402070e-003 -8.46229610e-004 7.86517980e-004
    3.26312776e-003 0. 0. -1.66349555e-003 6.52832817e-003 0.
    9.22241248e-003 3.84078803e-003 2.60491413e-003 0. 1.29567580e-002
    0. 0. 0. 0. 0. 0. 6.07542740e-003 0. 1.95668382e-003 5.90365287e-003
    0. 4.08865773e-004 0. 6.11815311e-004 0. 0. 8.48117459e-004
    -3.29249306e-004 8.91785196e-004 0. 9.04084300e-004 0.
    1.05496254e-002 4.67656646e-003 2.24429369e-003 0. 0.
    6.86503074e-004 2.31759320e-003 -1.12482370e-003 0. 0.
    -1.67051319e-003 0. 5.59702807e-004 0. -1.13787661e-004
    2.51541310e-003 7.21428357e-003 1.08714506e-003 9.26489884e-004 0.
    1.52213604e-003 0. 0. 4.01730475e-004 1.06496206e-002
    -1.02067424e-003 0. 4.18685796e-003 2.20831204e-003 0. 0.
    7.01910583e-004 0. 0. 0. 1.46894343e-003 4.40901006e-003
    3.31636937e-003 0. 4.77962010e-003 2.20232387e-003 1.01686763e-002
    5.15467674e-003 1.37628196e-002 0. 0. 1.49393445e-002
    2.62403325e-003 0. 4.15547664e-004 5.55176381e-003 1.66735204e-003
    9.78753087e-004 1.55548201e-004 0. 0. 6.59595383e-003
    5.77931758e-004 0. 0. 0. 3.66932922e-003 0. 3.30553646e-003
    1.07444404e-003 8.07342771e-003 0. -9.33858217e-004 2.35250522e-003
    0. 3.79857467e-003 2.01259996e-003 1.84557308e-002 4.22581378e-003
    3.82247497e-003 0. 1.72027689e-003 1.91850157e-003 1.05493963e-002
    3.57319810e-003 5.29920589e-003 6.03955891e-003 -1.12134716e-004
    1.24153774e-003 -4.02942533e-004 0. -4.41546179e-003 5.46414079e-003
    0. 0. 2.47990387e-003 8.04151408e-003 0. 2.36550905e-003 0.
    1.67343393e-003 1.00847492e-002 1.39907969e-003 0. 5.50345611e-003
    6.01631030e-003 0. 2.30356422e-003 -1.01720868e-003 3.72969662e-003
    0. 4.81096702e-003 0. 1.20204419e-003 3.23511590e-003 0. 0.
    3.49294161e-003 -2.45005800e-003 1.27236992e-002 -7.89824189e-005
    1.33361137e-002 0. 9.62357211e-004 1.81034708e-003 0. 0.
    6.14288822e-003 1.11346168e-003 1.05489825e-003 5.65933576e-003 0.
    5.78937493e-003 0. 0. 0. 2.98332563e-003 5.55381924e-003
    3.41139780e-003 0. 4.15324327e-003 0. -7.21471966e-004
    -9.53781127e-004 5.95526444e-003 -1.17122116e-004 2.32437882e-003 0.
    2.48573464e-003 0. 2.67345138e-004 0. 0. -1.70850765e-003 0. 0. 0.
    0. 3.00049013e-003 9.94759426e-003 2.17204704e-003 1.68250955e-003
    1.85445100e-002 6.76524499e-003 0. 0. 0. 0. 6.47434441e-004
    3.59051465e-003 4.96855995e-004 0. 7.21390499e-003 -7.87980040e-004
    7.02860067e-003 4.45472263e-003 3.45327007e-003 -5.03099582e-004
    2.32730163e-004 1.98886986e-003 0. 3.11593455e-003 3.24631925e-003
    0. 2.44702795e-003 0. 2.29209871e-003 0. 7.45401136e-004
    1.06273603e-003 0. -1.77894463e-003 5.27704833e-003 1.65511773e-003
    -5.70345297e-003 0. 0. 9.05384892e-004 -8.48759228e-005
    -4.55633271e-003 2.04846915e-003 -1.15265058e-004 0. 5.26123727e-003
    -6.25671004e-004 4.76816017e-003 2.06296379e-003 0. 0. 0.
    -1.92760699e-003 1.77757989e-003 -3.16220219e-003 1.27498864e-003
    5.55856479e-003 7.74198165e-003 1.82080723e-003 3.22172185e-003
    -1.86642283e-003 0. 3.06555303e-003 0. 0. 4.09214641e-004
    6.45215344e-003 3.37746320e-003 5.23880764e-004 0. 3.89735447e-003
    3.00732488e-003 -1.48713356e-003 -2.14682706e-003 0. 0.
    4.52163024e-003 2.09587696e-003 3.61596420e-003 3.93695571e-003
    7.28964293e-003 7.27684190e-003 8.10100976e-003 3.57029564e-003 0.
    6.53565722e-003 0. 0. 1.14881829e-003 0. 0. 1.91809924e-003
    2.82786018e-003 0. 0. 4.48963046e-003 3.73298215e-004 0.
    6.65579597e-003 0. 1.00384559e-003 0. 1.14157796e-003 0.
    1.30072155e-003 -2.29619583e-003 3.53102083e-003 0. 3.64886364e-003
    0. 0. 2.63351738e-003 0. 0. 2.16131913e-003 6.03400730e-003
    2.85276049e-003 6.39443111e-004 1.83734566e-003 1.84068503e-003
    1.54346107e-002 0. 1.16413618e-002 0. 1.37925800e-003 0.
    1.52763794e-003 1.62929296e-003 1.87398319e-003 0. 7.46614765e-003
    0. 1.32076954e-003 2.12056329e-003 0. 0. 0. 0. 0. 0. 4.16121399e-003
    0. 0. 1.02264225e-003 1.07808560e-002 0. 0. 1.29436865e-003</data></imageDescriptor>
</opencv_storage>
