<?xml version="1.0"?>
<opencv_storage>
<imageDescriptor type_id="opencv-matrix">
  <rows>1</rows>
  <cols>500</cols>
  <dt>f</dt>
  <data>
    -1.46262119e-005 0. 6.99500088e-003 4.62674955e-003 0. 0. 0. 0.
    1.41465897e-003 4.97960765e-003 2.44043092e-003 0. 0. 0. 0. 0.
    1.51037209e-004 2.28391262e-004 0. 4.42718063e-003 0.
    -1.89896009e-003 0. 6.83869049e-003 0. 0. 6.70754293e-004
    1.87601638e-003 0. 0. 5.82252629e-003 2.25754944e-003 0. 0. 0.
    7.38058612e-003 4.31479560e-003 0. 2.06133630e-003 -5.15707477e-004
    -8.24733172e-004 -1.33794476e-003 2.64216540e-003 0. 4.59048524e-003
    3.10589396e-003 2.82326131e-003 0. 0. -6.35844562e-003
    1.67715398e-003 0. 0. 2.02706177e-003 7.20799481e-003
    8.94748978e-003 9.23846441e-004 3.15735233e-003 1.12116011e-003 0.
    6.60119904e-003 2.62614992e-003 4.53843083e-003 3.92354839e-003 0.
    1.11054629e-003 0. 0. 1.10115740e-003 0. 1.96128176e-003
    4.15720139e-003 4.51748772e-003 1.63577404e-003 1.81485922e-003 0.
    4.03548125e-003 1.87641941e-003 0. 0. 6.50978880e-004
    3.46577680e-003 3.22940806e-003 7.73886917e-004 -1.62652240e-003
    3.06938472e-003 0. 8.93011969e-003 3.66191473e-003 0. 0. 0. 0.
    2.69955694e-004 -1.69397879e-003 1.14851585e-003 0. 1.18790288e-003
    1.53842114e-003 -1.24063028e-003 0. 0. 0. 5.11730369e-003
    2.70156795e-003 7.94868974e-004 1.44190795e-004 2.92609818e-003
    9.92052956e-004 -2.06201267e-003 4.08355426e-003 0. 0.
    -8.29563534e-004 9.10270261e-004 2.75147543e-003 1.06404163e-003 0.
    1.62579492e-002 -2.49224831e-003 4.87592863e-003 0. -1.41580903e-003
    0. 0. 0. 0. 0. 0. 0. 0. 4.99517052e-003 -2.63717491e-004
    2.36848416e-003 0. -1.29218434e-003 8.90060444e-004 7.68955739e-004
    2.13682838e-003 3.03909485e-003 1.87478948e-003 0. -2.22406699e-003
    0. 8.59203865e-005 1.82511040e-003 8.83425528e-004 -4.03908052e-004
    0. 0. 1.90063380e-003 6.57713227e-003 -2.28945093e-004
    2.97064753e-003 -1.44432939e-003 0. 3.27575067e-003 -4.66961879e-003
    3.95409251e-003 4.04036371e-003 0. 0. 0. 0. 3.19667719e-003
    9.56658553e-003 2.49381666e-003 0. 4.66159964e-003 3.73188435e-004
    3.06169130e-003 0. 0. 1.45421554e-005 1.09316944e-003
    2.29538465e-003 4.24819067e-003 0. 3.35747539e-003 0. 0.
    3.47490935e-003 2.01818207e-003 0. 2.88574286e-002 2.07333523e-003
    1.93920254e-003 0. -1.82821054e-003 8.49432196e-004 0.
    7.44396879e-004 0. 3.38286860e-003 0. 3.36931273e-003 0. 0. 0.
    1.51659194e-002 3.71551956e-004 1.15924585e-003 2.67454656e-003 0.
    3.70763778e-003 0. 0. 8.45389150e-004 -5.33050811e-003
    7.80212879e-003 4.71117534e-003 -3.30328301e-004 2.71285349e-003 0.
    7.13812001e-003 2.99961562e-003 4.03273525e-003 0. 7.67469732e-003
    0. 0. 2.21371860e-003 0. -1.62737991e-003 1.23295211e-003
    3.25191114e-003 1.50196126e-003 0. 0. 1.30448665e-003
    3.64090054e-004 6.99824793e-003 0. -1.05021324e-003 6.88651856e-003
    4.48061945e-003 3.51531839e-004 1.09235728e-002 0. 1.39592178e-002
    3.90140642e-003 3.47463065e-003 8.59718013e-004 0. 9.73863120e-004
    1.77369453e-003 3.15111037e-003 0. 3.01927840e-003 -5.59700362e-004
    8.26630648e-003 0. 0. 3.76853049e-002 2.15068553e-003
    -2.32565822e-003 0. 0. 5.08714374e-003 0. 0. 0. 3.03030387e-003
    1.46950374e-003 0. 4.08574659e-003 2.61203037e-003 0. 0. 0.
    3.89523280e-004 3.09259369e-004 -3.13022383e-003 1.61924958e-003 0.
    0. 6.60286658e-003 0. 1.26658170e-003 0. 9.40975826e-003
    3.66612826e-003 -2.46862089e-003 2.98041990e-003 0. 1.15373428e-003
    0. -2.61095515e-003 8.26449774e-004 3.83849675e-003 0.
    9.25030850e-004 3.42511432e-003 0. 0. 8.97794776e-003
    1.05611468e-003 0. 1.75955531e-003 3.03857424e-003 0.
    2.46027578e-003 2.17101653e-003 -1.67992234e-003 -1.73160085e-003
    5.59075037e-004 -5.11404614e-005 7.97373522e-003 0. 1.39417753e-004
    9.10712872e-004 -6.50159142e-004 0. 0. 3.21098394e-003
    -3.86559812e-004 0. 4.56748437e-003 1.07848309e-002 9.30864271e-003
    0. 0. 8.70991964e-003 0. 0. 3.65751982e-003 7.73247052e-003 0.
    -6.52171439e-004 0. 1.72278495e-003 0. 2.84242048e-003
    7.41384784e-003 3.26895970e-004 1.81151670e-003 0. 2.04570428e-003
    1.46886129e-002 0. 0. 8.07345007e-003 6.51837327e-003
    3.68602807e-003 2.69329612e-004 2.45099445e-003 3.51840019e-004
    -5.23277558e-004 0. 2.56691268e-003 9.90348589e-003 0. 0. 0.
    2.28872499e-003 5.20201772e-003 1.57519057e-002 0. 0. 0.
    2.64246995e-003 4.23529011e-004 1.63115449e-002 0. 1.91054330e-003
    4.12802445e-003 0. 0. 5.04227215e-003 2.97634094e-003 0. 0. 0.
    -1.10207009e-003 3.74982646e-003 4.27808799e-003 0. 0.
    3.27891298e-003 0. 3.97176156e-003 1.41699251e-003 0.
    4.65750135e-003 0. 0. 0. 0. -3.46598704e-003 0. 0. -5.08033954e-005
    7.61708384e-003 1.71874091e-002 0. 0. 0. 1.38171660e-002 0. 0.
    7.08508596e-004 -1.59946771e-003 0. 2.42222147e-003 0.
    9.11733077e-004 3.86748347e-003 0. 5.19316085e-003 0.
    1.84891804e-003 0. 4.44615958e-003 3.35347839e-003 6.03359833e-004
    2.50063813e-003 -2.14120117e-003 0. 3.15788714e-003 -1.37643641e-004
    0. 7.01208925e-003 1.44774411e-002 0. 0. 0. 8.71608034e-003 0.
    3.31698470e-002 1.02051701e-002 2.77525658e-004 6.52243150e-003 0.
    -7.64120523e-006 1.49196922e-003 -6.21723651e-004 2.69642845e-002 0.
    0. 4.52025561e-003 6.41855830e-003 0. 3.47222853e-003
    3.37705319e-003 -3.38143390e-003 0. -9.05668479e-004 2.42892862e-003
    0. 0. 0. 0. 1.32850499e-003 0. 2.45337118e-003 0. 5.52169140e-003 0.
    1.84445642e-003 2.09279032e-003 6.45322539e-003 3.89533117e-003
    9.98299103e-004 -4.34422720e-004 0. 8.54714680e-003 1.86377112e-003
    -7.00750388e-005 1.06067018e-004 1.41195208e-003 1.33922580e-003 0.
    0. 0. 1.78650804e-002 4.84786183e-003 0. -2.80877546e-004
    3.60863027e-003 -8.36276100e-004 0. 0. 2.98858993e-003
    3.52047267e-003 3.79263633e-003 7.98495952e-003 -1.02861773e-003 0.
    3.12502449e-003 5.22392802e-003 0. 5.37206000e-003 0. 0. 0.
    -5.05942153e-004 0. 1.72803830e-003 -1.21567363e-003 3.00708483e-003</data></imageDescriptor>
</opencv_storage>
