<?xml version="1.0"?>
<opencv_storage>
<imageDescriptor type_id="opencv-matrix">
  <rows>1</rows>
  <cols>500</cols>
  <dt>f</dt>
  <data>
    1.12285586e-002 1.13382190e-002 0. 0. 0. 0. 0. 8.45193572e-004 0.
    3.60113080e-003 0. 2.15271651e-003 0. 1.26248749e-003
    2.32088682e-003 0. 0. 1.73798185e-002 1.02652120e-003
    1.17836613e-002 0. 0. 0. 0. 2.18299218e-003 -2.61724286e-004
    8.30949564e-003 1.15902796e-002 0. 1.08119650e-002 -6.32917462e-003
    -4.29636240e-003 -1.02240662e-003 0. 0. 0. 5.74629405e-004 0.
    5.07715344e-003 0. 6.07714581e-004 1.39619168e-002 2.57860357e-003
    0. 4.51090094e-003 6.29623281e-003 0. 0. 2.78402236e-003 0. 0.
    9.82389878e-003 0. 0. 0. 3.47997900e-003 0. 0. 0. -1.25318975e-003
    0. 1.62123807e-003 1.28280213e-002 0. 0. 7.71858438e-004 0.
    2.09197938e-003 0. 0. 4.21379879e-003 3.72270844e-003 0.
    2.09345203e-003 0. 2.58867699e-003 0. 9.77118383e-004 0. 0.
    7.29746744e-003 8.48758686e-003 5.32766455e-004 -1.73998089e-003
    8.04222841e-003 1.48314750e-003 0. 3.35696270e-003 0. 0.
    -3.28813237e-003 3.54196294e-004 0. -1.12553698e-003 3.85327335e-003
    0. 9.75945406e-003 0. -6.49944050e-005 4.49474016e-003
    3.37077095e-003 0. 5.04282536e-003 1.80765595e-002 1.08042092e-003
    0. -5.53520280e-004 3.89965437e-003 4.66882251e-003 0.
    1.95036933e-003 1.50768296e-003 6.74981391e-003 -6.72493712e-004
    1.75582357e-002 5.26845781e-003 0. 0. 3.78430681e-003 0.
    1.44689623e-003 0. 0. -1.17601408e-003 2.56709270e-002 0. 0.
    3.94489936e-004 0. 5.59607754e-004 0. 8.34681746e-003
    2.06459244e-003 0. -4.13077389e-004 6.15340145e-003 0.
    5.82173048e-003 1.02695394e-002 0. 0. 0. -4.82617790e-004
    1.08050904e-003 0. -1.07547443e-003 2.73979432e-003 0. 0.
    -7.87275724e-007 2.69287894e-003 1.13847377e-002 7.46134343e-003
    2.14665383e-003 0. 6.01858879e-003 0. 1.32274989e-003
    -1.73859263e-003 0. -9.75868024e-004 0. 5.78279654e-003 0. 0. 0. 0.
    0. 2.66297837e-003 0. 4.18880285e-004 0. -1.76027464e-003 0. 0. 0.
    1.85309863e-003 0. 0. -1.12918322e-003 0. 0. 2.81888805e-002
    1.13944160e-002 1.45880375e-002 1.58679520e-003 -9.70276073e-004 0.
    -2.99610361e-003 2.09996831e-002 0. 0. 1.16494745e-002
    3.13512073e-003 0. 0. -1.99893388e-004 -6.22126681e-004
    4.15741559e-003 0. 0. 2.04958441e-003 0. 0. 0. 0. 0.
    -1.31708526e-004 -3.69401358e-004 2.72335997e-003 0. 2.12716428e-003
    1.44142553e-003 2.45930697e-003 0. 0. 0. 1.38242263e-003 0.
    2.51250155e-003 0. 0. 0. -1.97464507e-003 8.70652962e-003
    3.25914193e-003 2.13167677e-003 0. 1.58032961e-003 8.72007012e-003
    3.12158628e-003 0. 0. 0. 0. 2.33735587e-003 0. 5.25612524e-003
    2.46733800e-002 -1.16175157e-004 1.29143929e-003 -5.65027399e-003 0.
    1.70046370e-003 0. 2.55190348e-003 5.04154386e-003 0.
    6.54697465e-003 0. 3.86086316e-003 0. 4.70344763e-004 0. 0.
    1.42112339e-003 3.51775973e-003 1.00356457e-003 0. 2.40724953e-003
    0. 2.72619160e-004 4.84982226e-003 1.46417401e-003 3.55407456e-003
    0. -1.06486992e-003 0. 0. 1.50188233e-003 -7.78262620e-004
    3.29537923e-003 0. 0. 0. 0. 0. 1.20686581e-002 0. 7.06092548e-003 0.
    0. 1.65629259e-003 0. 0. 0. 0. 0. 0. -9.84417275e-004
    4.81365743e-004 3.15942918e-003 9.76024079e-004 0. -2.52227508e-003
    4.56444174e-003 0. 4.34677349e-003 1.16141397e-003 7.86541495e-003
    1.98798790e-003 7.92833790e-003 5.31708077e-003 5.58368769e-003 0.
    0. 0. 0. 1.67336292e-003 0. 2.46947072e-003 0. 0. 0. 6.81435550e-003
    3.44164716e-003 1.01642602e-003 2.29672785e-003 2.28283145e-002
    8.31323734e-004 0. -1.02214550e-003 0. 0. 0. 0. 3.36282398e-003
    8.67850438e-004 -6.97897922e-004 0. 0. 9.61012207e-003 0. 0.
    5.77350287e-003 2.22943467e-003 0. 0. 0. 0. 1.81450439e-003 0.
    1.16834575e-002 -4.58115572e-003 6.33215299e-003 0. 1.65429467e-003
    1.24172063e-003 0. 0. 0. 0. 0. 4.59321681e-003 0. 0. 0. 0. 0. 0. 0.
    8.76709539e-003 1.73480809e-002 -3.14874895e-004 2.13099690e-003 0.
    2.32216367e-003 1.81395514e-003 1.83215470e-003 0. 2.32150633e-004
    2.15536752e-003 -3.74111813e-004 2.70307390e-003 2.67403433e-003 0.
    3.48467613e-004 1.68498792e-002 2.50808778e-003 0. 0. 0.
    5.18499175e-004 7.32610897e-006 -7.12824869e-004 0. -3.17494923e-005
    -1.85717689e-003 3.92721081e-003 0. 0. 0. 0. 1.48346107e-002
    4.26596915e-003 0. 5.05303591e-003 0. -1.54494902e-003 0. 0.
    1.13524972e-002 0. 3.46428924e-003 7.55366776e-003 2.50818152e-002
    0. 1.57607591e-003 -3.89693101e-004 0. 1.28801996e-002 0.
    2.03593797e-003 0. 0. 0. 3.10395332e-003 0. 1.07805701e-002 0. 0. 0.
    -2.46118545e-003 0. 1.93800859e-003 0. 1.55002754e-002 0.
    5.68012707e-003 7.08611566e-004 0. 0. 3.32697947e-003 0. 0. 0.
    2.01905728e-003 0. 2.65418377e-004 0. 1.98574876e-003 0. 0. 0. 0.
    1.16796722e-003 0. 1.08780907e-002 -1.71497453e-003 -2.32435390e-003
    0. 0. 0. 2.86765140e-003 1.08600256e-003 1.12961736e-002
    3.92356713e-004 -5.57620195e-004 3.43913282e-003 0. -2.89430245e-005
    0. 5.21849561e-003 0. 2.11279094e-003 2.91627203e-003
    1.21573824e-002 -4.07470530e-003 0. 7.51541043e-003 -2.15057191e-003
    0. 2.72808340e-003 0. 0. 0. 0. 2.17743521e-003 0. 0. 0. 0.
    7.73673491e-006 0. 0. 0. 0. 8.21481808e-004 1.38692360e-003 0.
    9.56235453e-004 0. 2.96064280e-003 0. 0. 1.41018012e-003
    3.79234506e-003 4.72042384e-003 0. 1.80481281e-002</data></imageDescriptor>
</opencv_storage>
