<?xml version="1.0"?>
<opencv_storage>
<imageDescriptor type_id="opencv-matrix">
  <rows>1</rows>
  <cols>500</cols>
  <dt>f</dt>
  <data>
    1.14292139e-003 6.46088552e-003 0. 0. 1.47405954e-003
    7.87170418e-003 0. 0. -5.19635901e-003 0. 2.43994663e-003
    5.37308306e-003 2.58323248e-003 0. 0. -2.26862103e-004
    6.37239357e-003 0. 2.03782879e-003 2.57448901e-005 2.06534122e-003
    0. 2.23079976e-003 0. 2.14356882e-003 1.53868611e-003
    -3.41042760e-003 8.57147155e-004 4.53207409e-003 6.82331901e-003
    1.14929779e-002 8.94203968e-003 7.17038056e-003 3.61272343e-003
    1.59753754e-003 1.48145587e-003 6.93758111e-003 0. 6.09929161e-003
    7.43510248e-003 1.85392378e-003 0. 4.71313624e-003 1.19107263e-002
    7.31531531e-003 6.20349660e-004 0. 1.19273588e-002 0.
    2.51769018e-003 0. 2.92237732e-003 4.65509528e-003 8.15935060e-003
    -3.98583739e-004 6.00645260e-004 3.58042307e-004 0. 0.
    1.20126945e-003 0. 4.22782497e-003 -5.74203115e-003 5.49686700e-003
    0. 2.15950469e-003 0. -1.47227815e-003 4.28988738e-003 0.
    6.91412622e-003 3.76560311e-005 0. 5.97859849e-004 -2.94578262e-004
    0. 0. 0. 3.52666760e-003 0. -1.03242230e-003 -2.60640355e-003
    2.45477539e-003 0. 4.57489979e-004 5.02941525e-003 6.21902384e-003
    -1.90692328e-004 0. 0. 2.10729777e-003 1.78911636e-004 0.
    5.71383396e-004 2.35326821e-003 0. 7.11155636e-003 1.97025860e-004
    2.77172105e-004 -4.33962373e-003 6.44679740e-003 0. 4.09829197e-003
    0. 7.44160218e-003 4.44065919e-003 0. 0. 8.74227751e-003
    6.73628552e-003 1.87919044e-003 -8.27588432e-004 5.98086603e-003
    -2.75268423e-004 0. 5.84282540e-003 3.32957809e-003 1.80488732e-003
    -6.40132872e-004 0. 4.02614329e-004 -1.51687523e-003 1.68023934e-003
    0. 1.14279462e-003 0. 3.96927400e-003 3.99993174e-003
    1.23867579e-003 -2.72232178e-003 3.40693607e-003 0. 7.57707981e-003
    0. 0. 7.26560713e-004 7.83146068e-004 -7.90284466e-005
    6.08978327e-004 9.33522917e-003 1.11418392e-003 0. -1.74116739e-003
    -1.39432005e-003 0. 3.89853655e-003 3.78852896e-003 0. 0. 0.
    2.04090815e-004 7.31476722e-003 1.25501100e-002 3.35255032e-003 0.
    2.05832301e-003 9.25555360e-003 0. -3.82085284e-003 3.39814345e-003
    0. 0. 4.35051601e-003 0. 7.43852183e-003 3.62414424e-003
    2.36233766e-003 2.27339473e-003 3.47758876e-003 0. 1.74000091e-003
    5.04460232e-003 0. -3.13278404e-003 2.44093989e-003 -1.82150397e-003
    1.18986471e-002 0. 1.07820227e-003 0. 0. 2.40631122e-003
    1.51356049e-002 0. 0. 2.86136800e-003 1.73830264e-003
    6.11034874e-003 4.92692692e-004 2.12132232e-003 3.65497055e-003
    4.62718774e-004 9.58651304e-004 0. 3.25825787e-003 0.
    -1.13544738e-004 5.43114636e-003 2.23501120e-003 0. 0. 0.
    1.78141333e-003 7.56543037e-003 1.52629951e-003 0. 0.
    5.13697555e-003 0. 1.77553913e-003 7.36128190e-004 0.
    2.23165471e-003 -1.37484225e-004 0. -1.97446044e-003 6.66833250e-004
    0. 0. 1.82134367e-003 3.24901775e-003 7.94611406e-003 0.
    6.96891965e-003 0. 1.02721872e-002 -2.66175228e-003 0.
    1.62882381e-003 1.80342270e-003 0. 4.08871798e-003 9.74601973e-003
    -1.20079576e-003 5.94586309e-004 9.20990482e-003 0. 0.
    4.96544596e-003 4.29152511e-003 4.11371700e-003 1.75932341e-003
    3.18841659e-004 -1.19835674e-003 1.54618528e-002 2.17705546e-003
    2.74654524e-003 0. 4.56352020e-003 4.38467599e-003 2.92262412e-003
    5.39655238e-003 5.93414949e-003 0. 0. 5.49595477e-003
    4.39931871e-003 -4.91314102e-004 1.24895787e-002 1.85328769e-003
    2.03625113e-003 6.86756056e-003 4.91027255e-003 0. 2.14614882e-003
    1.62118524e-002 3.90734465e-004 2.59389379e-003 3.22298752e-003 0.
    4.63287346e-003 0. 9.06426087e-003 -2.24871514e-003 0. 0. 0.
    1.73131950e-004 0. 2.03535499e-004 3.40868579e-003 2.07441300e-003
    5.69785386e-003 1.35438633e-003 3.08765261e-003 2.71502673e-003
    4.82823001e-003 2.75971228e-003 0. 0. 2.22542556e-003
    3.04663996e-003 2.51361425e-003 2.02354509e-003 2.88673304e-003
    3.70174926e-003 1.95970386e-003 3.99199082e-003 -4.73290740e-004
    5.68212802e-003 1.01246301e-003 0. -4.77475522e-004 -8.63828463e-004
    0. 9.68145393e-003 0. -1.98116410e-003 0. 0. 1.35539973e-003
    2.18341829e-005 1.17765386e-002 0. -2.86525610e-004 8.64265836e-004
    0. 1.11946091e-002 -6.78573851e-005 0. -2.70358380e-003 0. 0.
    7.34267710e-003 0. 2.76001543e-003 0. 2.47499160e-003
    1.29421102e-003 0. 3.00666108e-003 0. 0. 7.45202322e-003
    1.78306131e-003 7.93447159e-003 1.28326553e-003 4.69081383e-003
    8.38293170e-004 -1.33572076e-003 0. 0. 4.25153412e-003
    -4.22266254e-004 1.11701468e-003 3.78881674e-003 0. 0. 0. 0.
    3.11204675e-003 0. 0. 0. 2.39186687e-003 0. 5.95902838e-003
    -4.15831665e-003 0. -5.31250203e-004 0. 0. 1.69287075e-003 0.
    -1.08293432e-003 1.72400549e-002 0. 4.12848312e-003 0. 0. 0.
    6.08682912e-003 1.28218031e-003 0. 0. 0. 3.50585021e-003 0.
    8.80240928e-003 0. 6.42424566e-004 2.52407324e-003 3.93911352e-004
    -2.67547765e-003 0. -9.39593941e-004 0. 0. -7.16679904e-004
    8.39311280e-004 0. 3.93153448e-003 2.61635426e-003 2.09331978e-003
    9.45979962e-004 0. 1.82590808e-003 2.67711561e-003 3.78031936e-003
    1.77799109e-002 1.31390546e-003 6.23299554e-003 0. 1.00845820e-003
    8.87798425e-003 1.49569078e-003 0. 4.50749090e-003 -9.63871134e-004
    0. 0. 0. 0. 1.29720219e-003 0. -1.70240251e-004 -4.35990514e-004 0.
    7.63241528e-003 2.16029977e-004 2.11727503e-003 5.03748772e-004
    1.64313160e-003 0. -1.02713682e-004 -4.79302462e-003 0. 0.
    3.07412772e-003 6.26479601e-003 0. 1.31764216e-003 0.
    1.31318008e-003 2.93933717e-003 5.30213024e-003 3.35625513e-003 0.
    5.73090510e-004 -5.87366696e-004 0. 0. 2.51676259e-003 0.
    2.40588258e-003 1.29565451e-004 0. 0. 2.29198881e-003 0.
    5.40004438e-003 0. -1.89172011e-003 0. 6.82569621e-003
    1.80437916e-003 0. 7.02437107e-003 1.36536546e-003 3.88030312e-004
    0. 0. -6.70015288e-004 0. 2.26247031e-003 4.52549336e-003
    -1.91393483e-004 0. 0. 2.40821671e-003 0. 1.91987061e-003
    8.82837747e-004 -1.34301954e-003 3.10752890e-003 0. 0.
    1.68442749e-003 1.56107778e-003 0. 5.65695984e-004 1.42048253e-003
    2.16110749e-003 5.12666581e-003 0. 5.69419004e-003 1.54766731e-003
    0. 0. 0. 2.51931641e-002 -2.02683918e-003 1.68766417e-002
    9.84999700e-004 2.03791587e-003 4.32050368e-003 0. 2.93519488e-003
    -7.03137484e-004 3.68827838e-003</data></imageDescriptor>
</opencv_storage>
