<?xml version="1.0"?>
<opencv_storage>
<imageDescriptor type_id="opencv-matrix">
  <rows>1</rows>
  <cols>500</cols>
  <dt>f</dt>
  <data>
    0. 1.85653381e-003 0. 0. 0. 0. 0. 1.73160399e-003 0. 3.46072204e-003
    0. 0. 0. 4.03659797e-004 2.21460182e-002 0. 0. 1.29521573e-002 0. 0.
    6.41332753e-003 0. -4.69808420e-003 0. -2.58676801e-003 0. 0.
    4.86377254e-003 0. -4.85654688e-003 0. 4.09862678e-003 0. 0.
    1.66922528e-002 0. 0. 0. 0. 2.03599129e-003 0. 0. 1.22055821e-002 0.
    0. 8.26972257e-003 0. 6.62056310e-003 1.07675372e-002 0.
    1.34755392e-002 3.24857724e-003 0. 3.66260204e-003 0. 0. 0. 0. 0. 0.
    0. 0. 0. 1.19175874e-002 0. 0. 0. 0. -7.65461428e-003
    1.44485934e-002 0. -1.11273420e-003 0. 3.26570570e-002
    1.07789561e-002 0. 0. 1.67895593e-002 1.07735051e-002 0.
    -9.79224779e-003 1.52722402e-002 0. 5.12705231e-003 0.
    6.54963311e-003 0. 0. 2.41070660e-003 7.04585947e-003 0.
    2.25428352e-003 0. 0. 0. 1.60828338e-003 1.26680557e-003 0. 0. 0.
    9.52178985e-003 0. 1.22105947e-003 9.08535323e-004 0. 0.
    -6.00231288e-004 -1.91946025e-003 2.46613584e-002 0. 0. 0. 0. 0.
    9.16045345e-003 0. 0. 0. 4.66648815e-003 1.24554208e-003 0.
    7.10747857e-003 5.30937966e-003 0. 0. 5.66693081e-004 0. 0.
    -3.76932463e-003 0. 1.33428238e-002 0. 0. 0. 0. 3.61781940e-003
    -6.99910161e-005 -5.37704873e-005 0. 0. 6.16327347e-003 0. 0. 0. 0.
    -1.89361454e-003 0. 0. 0. 0. 0. 0. 1.46736903e-003 4.11649980e-003
    0. 0. 6.63610129e-003 0. 6.32054778e-003 0. 3.73981590e-003 0.
    -4.55295900e-004 0. 0. 0. 3.84696061e-003 0. 8.87604523e-003 0.
    3.93838296e-003 0. -2.75124935e-003 0. 0. 6.93263253e-003
    4.66221152e-003 0. 0. 1.80913578e-003 0. 0. 0. 0. 3.52046010e-003 0.
    0. 0. -6.78113755e-003 0. 0. 2.10964680e-003 0. 2.92049255e-003 0.
    0. 0. 0. 0. 0. -3.30786034e-003 0. 2.99738697e-003 0. 0. 0. 0. 0. 0.
    7.45887344e-004 3.31059797e-003 9.65277106e-003 0. 0. 0.
    -8.61619483e-004 0. 1.02100763e-002 -1.84273324e-003 6.30035705e-004
    0. 0. 0. -3.71726783e-004 1.49507606e-002 6.60488615e-003 0. 0. 0.
    -9.40362515e-004 1.27349580e-002 1.79656106e-003 3.28031718e-003 0.
    -1.00750139e-003 0. 6.20874198e-005 0. 6.40798407e-003 0.
    3.72297899e-003 0. 0. 3.03005800e-003 1.01502500e-002
    2.30642576e-002 1.73359141e-002 0. 0. 0. 0. 5.18224528e-003
    9.02008731e-003 0. -8.61352717e-004 1.86490659e-002 3.31448764e-002
    0. 0. 0. 0. 1.76702272e-002 0. 0. 0. 0. 0. 2.33371436e-004 0. 0. 0.
    1.10614542e-002 0. 7.98222981e-003 0. 0. 0. 2.87118629e-002 0. 0.
    3.37046036e-003 0. 1.37092883e-003 0. 0. 0. 0. 0. 0. 0. 0. 0. 0. 0.
    0. 0. 0. 0. 0. 0. 0. 0. 0. 0. 0. 1.98830757e-002 0. 0. 0.
    1.91687397e-003 3.05900723e-003 0. 0. 0. 9.76592302e-003
    9.64612234e-003 5.25523257e-003 0. 2.17847107e-003 0. 0. 0. 0. 0. 0.
    4.64405539e-003 0. 0. 6.71412237e-003 6.12521172e-003
    1.41332461e-003 0. 3.86398449e-003 1.80854613e-003 2.07057441e-004
    0. 0. -1.86827383e-003 0. 0. 0. 2.66211876e-003 0. 0. 0.
    2.16622613e-002 0. 0. 0. -2.96804332e-003 0. 0. 3.55083775e-003
    3.23795713e-002 8.60616216e-004 0. 0. 8.74276366e-003 0. 0.
    2.39354745e-003 0. 7.68461265e-003 5.56159718e-003 0.
    -9.86406300e-003 0. 0. 0. -3.14097357e-004 0. -1.71584089e-003 0. 0.
    0. 0. 0. -1.38611276e-005 6.10664301e-003 0. 0. 0. 0. 0. 0. 0. 0.
    1.63492877e-002 3.16717755e-003 0. 9.11021046e-003 0. 0. 0.
    2.01017540e-002 0. 9.85146035e-003 0. 0. 0. 5.56932157e-003 0. 0.
    2.02696957e-003 0. -3.63582326e-003 1.18633946e-002 0. 0.
    8.82462482e-004 0. 0. 0. 0. 0. 0. 0. 4.50333999e-003 1.44242700e-002
    -8.47231422e-004 -1.09888264e-003 3.69308400e-003 1.01992628e-002
    7.98068754e-003 0. 0. 0. 0. -4.20312257e-003 -1.59409049e-003 0.
    1.69694442e-002 0. 0. 0. 0. 0. 0. -2.20516929e-003 1.21143125e-002
    0. 0. 0. 0. 0. 0. 4.14697593e-003 0. 0. -6.46667928e-003 0.
    2.07222463e-003 0. 0. 6.41675619e-003 0. 0. -3.03027220e-003 0. 0.
    8.62078648e-003 0. 8.74232594e-003 0. 0. 0. 0. 0. 0. 1.74366385e-002
    0. 0. 5.07385144e-003 0. 1.18929902e-002 1.60459988e-002
    1.25627816e-002 0. 0. -1.19438060e-002 0. 0. 0. 0. 0.
    1.82806212e-003 0. 2.34666700e-003 0. 0. 0. 8.56688619e-003 0. 0. 0.
    2.64412432e-004 0. -2.23039533e-003 0. 0.</data></imageDescriptor>
</opencv_storage>
