<?xml version="1.0"?>
<opencv_storage>
<imageDescriptor type_id="opencv-matrix">
  <rows>1</rows>
  <cols>500</cols>
  <dt>f</dt>
  <data>
    2.54195090e-003 4.62738099e-003 5.17245429e-003 -1.65058638e-003
    4.39918600e-003 -4.31337999e-003 0. 0. 6.31352246e-004
    7.30103953e-003 0. 2.12495984e-003 0. 0. 0. 0. 5.76322898e-003
    1.17320605e-002 8.65338487e-004 0. 2.95581040e-003 -3.13403259e-004
    0. 5.36695728e-003 6.51374925e-003 0. 3.50269838e-003 0. 0.
    -3.94451525e-003 8.66122486e-004 0. -4.28809581e-004
    -2.62107374e-003 -5.60421438e-004 1.54017750e-003 2.14979751e-003 0.
    0. -1.59371016e-003 4.11836291e-003 0. 3.50293494e-003 0. 0.
    6.78115012e-003 0. 2.32102070e-003 0. 0. 0. 5.82009787e-003
    1.39163702e-003 1.16594054e-003 9.02656175e-004 1.00655397e-002
    3.10691702e-003 2.57472973e-003 0. 0. 2.13893596e-003
    -4.13224509e-004 0. -1.56896911e-003 0. 7.14365451e-004
    1.58883107e-003 2.05283868e-003 6.11655228e-003 -4.31772351e-004 0.
    5.55711938e-003 5.10624005e-003 0. -1.01718893e-002 3.50060128e-003
    1.41070748e-003 6.62925234e-003 -1.37785880e-003 1.57711178e-003
    5.75393438e-003 -1.82466887e-004 0. 1.10817018e-004 -1.80182362e-003
    2.22829659e-003 -1.71821890e-003 5.31848473e-003 2.77290680e-003 0.
    0. 5.18156681e-003 1.67232892e-003 0. 5.08140866e-003
    4.59729228e-003 1.67119631e-003 7.48893572e-003 6.93011004e-003
    2.76654470e-003 3.62754147e-003 1.90211763e-003 0. 0. 0.
    3.14998231e-003 2.14953069e-003 1.42980687e-004 0. 0. 0. 0.
    7.27847079e-003 5.11428388e-003 0. 0. 4.00323886e-003 0.
    8.30737408e-003 0. 0. 0. 6.49608159e-003 4.76236921e-003
    4.79952054e-004 0. 8.25381721e-004 0. 3.30655649e-003
    -1.67649437e-003 1.61017210e-003 0. 0. 0. 0. 2.79707112e-003
    4.23562573e-003 0. -5.35225496e-003 5.75343054e-003 0. 0.
    2.52868002e-003 1.01025286e-003 0. -2.55426476e-005 0.
    4.59370157e-003 0. 0. -3.89040029e-003 8.22650327e-004
    4.55398904e-003 1.37176353e-003 0. 0. 2.77175382e-003 0. 0.
    2.73805158e-003 1.20904774e-003 7.38638965e-003 0. 1.03377979e-002
    -2.98125157e-003 1.37756509e-003 0. 0. 0. -1.47243706e-003
    -4.70426137e-004 0. -1.71877956e-003 0. 2.23185518e-003 0. 0. 0.
    7.06292177e-003 0. 0. 0. -7.66388330e-005 0. 0. 4.08745697e-003
    -2.66636163e-003 8.47648247e-004 3.55446781e-003 8.11180286e-003
    2.85239378e-003 0. 2.29815277e-003 0. 0. 0. 8.46999418e-003
    5.68084326e-003 0. 0. -4.80390416e-004 0. 0. 4.24105441e-003 0.
    1.91818643e-003 0. 0. 0. 1.42790629e-002 0. 0. 2.63946899e-003
    4.45231143e-003 6.33498607e-003 3.08909686e-003 0. 4.56219958e-003
    0. 0. 0. 0. 2.88173673e-004 0. 0. 0. 4.19788156e-003 1.19945426e-002
    7.20127020e-003 1.56836479e-003 0. -2.89259991e-003 2.49639223e-003
    1.47466771e-002 5.53793786e-003 1.28972775e-003 3.73642636e-003
    6.13147486e-003 0. 7.17194984e-003 -5.00526978e-004 -2.10062508e-003
    0. 9.09170788e-003 0. 4.21426306e-003 4.26549884e-003 0. 0. 0.
    2.23279651e-003 0. 4.30148374e-003 0. 1.36661436e-003
    3.42708605e-004 0. 9.06717149e-004 0. 0. 0. 2.47549196e-003
    2.17416952e-003 0. 0. 1.82148977e-003 2.63277744e-003 0.
    6.25061290e-003 1.40947318e-002 1.48904705e-002 0. 2.84773041e-003
    4.13298979e-003 0. 4.25894000e-003 0. 1.57168729e-003 0.
    3.60466260e-003 -1.71337475e-003 0. 1.33716443e-003 0.
    1.18148811e-002 0. 0. 0. 0. 2.93502762e-005 0. 4.02495079e-003
    2.14762916e-003 -4.03492991e-003 0. 0. 4.59333975e-003 0. 0. 0. 0.
    5.53856604e-003 0. 0. 0. 0. 9.91509948e-003 0. -1.99587339e-005 0.
    0. 2.30394863e-003 2.39622896e-003 1.07413707e-002 8.48159753e-003
    0. 0. 0. 0. 8.44675303e-003 0. 1.97769841e-003 6.42992929e-003 0. 0.
    0. 8.07833578e-003 6.47839531e-003 7.06743170e-003 0. 0.
    3.62356566e-003 7.79407891e-003 3.12491390e-003 0. 0. 0. 0. 0. 0.
    9.89854056e-003 0. 0. 0. 0. 1.56086509e-003 0. 0. 0. 6.49426715e-004
    0. 2.93210940e-003 1.06682433e-002 0. 0. 0. 3.31725203e-003
    5.23965526e-003 0. 0. 0. 3.90863279e-003 4.99613071e-003
    6.49225141e-004 0. 1.22621423e-002 0. 2.57962709e-003
    -6.08046772e-003 1.18768318e-002 0. 2.02775165e-003 9.98974685e-003
    9.53912362e-003 0. 0. 8.29078536e-003 0. 0. -9.24940570e-004
    3.10298521e-003 0. 0. 5.02053823e-004 3.60384095e-003 0. 0. 0.
    1.16885519e-002 0. 7.07194302e-003 0. 8.33981950e-003
    -1.05985766e-003 5.88120520e-003 0. 0. 0. 0. 0. -4.12768219e-003
    8.66907183e-003 6.30791206e-003 5.08580916e-003 0. 3.56178824e-003
    1.03780413e-002 3.13190906e-003 0. 0. 0. 0. 0. 0. 6.41162694e-003
    6.16339082e-003 7.12659152e-004 1.40270946e-004 0. 3.87960137e-003
    2.64103845e-004 7.30435504e-003 0. 0. 3.30330711e-003
    -1.03268489e-004 9.56928357e-003 0. 3.02861398e-003 0.
    4.49132128e-003 6.36250619e-003 0. 1.33447684e-002 2.72869645e-003
    4.84337006e-003 6.01855200e-003 0. 0. 1.45089859e-002
    -1.29673886e-003 -5.68012583e-005 5.34893107e-003 4.58551245e-003
    -2.47435900e-003 3.72364977e-003 0. 0. 0. -3.31010378e-004 0.
    2.71413531e-002 0. 0. 0. 0. 0. 0. 0. 0. 0. 1.60560332e-004
    1.96492067e-003 0. 1.58719369e-003 1.00301467e-002 1.59241946e-003
    2.01868471e-002 0. 0. 0. 0. 0. 0. 4.63895034e-003 0. 0.
    1.54644938e-003 0. 0. 0. 3.57324001e-003 2.14727875e-003 0.
    2.91033834e-003 0. 9.60672833e-003 8.71441793e-004 3.53812752e-003
    0. 0. 1.35116780e-003 1.04158639e-003 1.39080733e-002
    5.02956391e-004 8.75520799e-003 1.18137691e-002 1.26140332e-003
    -1.82640634e-003 7.55903544e-003</data></imageDescriptor>
</opencv_storage>
